v1
530
69
426
248
76
227
214
21
15
124
39
9
4
126
138
257
90
314
289
6
19
0
37
7
0
15
17
11
118
159
259
124
165
229
33
78
412
297
295
89
70
132
30
223
109
355
212
228
80
26
155
39
22
81
204
144
41
136
32
220
235
43
61
71
63
562
15
31
35
190
277
109
115
33
44
112
27
79
194
63
47
89
232
85
46
111
228
62
125
303
88
187
431
113
9
272
100
363
25
54
59
0
67
203
10
47
22
88
483
536
186
180
329
95
94
119
68
28
93
235
277
132
341
60
275
16
6
87
283
173
0
181
175
242
8
279
118
7
181
4
23
29
51
32
25
0
2:15
7
8
2:17
54
5
14
55
78
1
60
58
73
9
4
70
9
36
14
64
8
27
30
38
19
38
17
82
45
0
118
105
342
78
95
435
81
24
329
144
160
10
33
6
116
284
106
69
141
186
41
198
58
154
267
15
129
27
118
130
6
17
14
299
15
18
15
83
70
229
41
423
58
35
187
50
258
0
404
96
301
42
41
10
176
136
55
5
51
111
24
250
5
67
22
75
18
32
36
289
473
163
19
37
221
12
113
132
8
133
0
75
19
38
69
7
8
147
40
94
207
39
53
339
270
2
36
45
20
184
415
37
34
141
16
4
171
8
43
61
13
12
299
29
38
100
54
47
2
0
29
22
8
127
18
2:2
86
153
59
25
3
99
2:5
89
33
224
194
105
14
40
45
47
63
98
57
8
26
67
31423
3
5
22
9
59
145
4
28
1
43
10
44
37
48
88
4
32
48
21
91
36
8
22
1043
65
2:22
68
111
71
184
47
9
3301
2211
2
326
1519
34
5140
6258
2420
2138
5449
0
6956
793
9128
438
487
872
1267
1385
2
8089
2
4666
7600
18
10
1433
106829
13098
1
3543
1
7716
25
26
47
9417
32418
3
4
14
0
4
33
174
61
12
1
19
53
19
17
5
11015
25036
19327
159
157
7
2
38
7
77
33
93
16
27
21
2:2
11
32
21
704
60
84
46
6
29084
5151
0
3251
4729
1060
1183
539
334
88
101
1101
489
43
2
3
4
1
6
20
22
54
4
36
47
8
31
9
31
91
4
6
30302
10004
64
176
100
98
628
379
150
119
67
16
142
11
73
41
103
830
36
0
15
80
14970
11712
1
147
17
53
-487185
514
2933
3841
10417
1574
530
4114
2487
925
1078
727
3681
32211
21
99
13904
7910
25999
12054
50
133654
53386
56085
157
916
27870
19340
43665
26976
1412583000
499:0
1
29:0
6
-2
30
-33
8
-9
13
40
-43
6
48
-62
17
-19
1
1505
-1477
-27
6491
-6433
0
479
-534
2:0
28
135
-129
-32
-1
5
36
-46
7
-7
15
-16
151
-149
152
-46
-105
-2
148
7
-154
-1
2
-2
-1
100
-91
0
4
-13
12
-10
-1
146
-146
0
1
-1
13
-5
-3
16
-16
95
115
-132
-78
15
-17
-3
1
58
-24
2:-18
61
-50
-8
0
3
-5
283
-283
741
-741
29
11
-37
-1
20
-19
6
55
-57
2
5
-9
-6
66
-63
2:9
-20
8
4
2
-10
7
-11
5
7
4
-16
1
0
1
2
101
-90
-11
-4
3
2
5
3
-6
66
-72
26
-26
5
3
25
-25
-6
7
-3
72
-75
0
1
-5
31
35
-65
0
10
-11
26
62
7071
-7124
32
-31
-22
130
-141
59
-61
2
-3
8
5
-11
41
-40
12
-4
12
-23
4
0
4
-4
4
-9
1
-1
2
31
57
-48
-37
128103
-127966
2903
-2933
-106
-5
25
125
-149
178
-74
-105
5
-5
241
-237
-2
-3
2
2:0
232
-216
-17
6
93
-89
-10
22
247
-266
-4
22
-15
-1
-3
-1
51
11
-26
-36
-1
28
-19
1
-8
-3
12
586
-572
-22
-3
6
1408
-192
-1222
36
-37
4
2:-2
56
-48
17
-24
-1
3
-2
2
-2
588
-572
-15
38
-27
8
29227
-29248
1
0
202
102
-301
6
-9
7
4
10
1498
-1437
46
-128
43
-38
-5
13
830
-842
-2
17
10
-13
20
-6
57
10827
-10881
-29
2:0
-2
813
-810
9
21
-25
112
-109
10086
-10094
290
-289
11
-11
23
-21
1
-5
2
-4
1
42
4040
-4079
-4
4
12
919
-931
-3
0
3086
-3082
48
-51
5
-5
1
3
-5
6
123
-126
16
43
-62
4
-5
0
20
693
-707
69
-75
2
15
-14
15
-13
-4
8
-3
32
81
107
-222
359
-356
106
-71
-39
0
621
-619
0
169
-94
26
-106
1
613
-608
15
160
-180
-1
93
-91
1
16274
-16234
0
-43
1
21
8
-21
266
-272
3
5344
-5347
24
118
-140
0
442
-446
1
-1
685
-560
-97
-24
7
16
1907
-1904
-29
1
14
434
-450
4
-5
24
-9
-15
1
29
-8
-22
8
67
-68
-6
2
-2
56
-57
17
-13
7
2
1
-13
2
3
0
9
-14
2
-3
26
-20
2
38
-46
2
4
6
-12
28
-28
0
6
-6
2
31
-31
24
23
868
-577
-334
24
347
2476
-2809
-43
916
-905
-10
0
64
-60
14
-1
594
-605
264
-261
-6
0
-4
0
5
129
-55
259
1545
-1882
-2
29:0
1
0
2
-2
1
-1
2:0
1
-1
4
-4
3:0
32
-31
-1
10
-10
0
5
-4
2:0
-1
2
-2
2:0
8
-6
-2
2:0
1
-1
5
-5
2
-2
2:0
1
-1
1
-1
3:0
1
-1
0
2
-2
5:0
2
-2
4:0
1
-1
9
0
-8
-1
2
-2
2:0
12
-10
1
-3
8:0
2
-2
1
2:0
-1
5:0
2
1
-3
0
3
-3
2
-2
5:0
2
-2
0
2
-2
5:0
15
-14
-1
8:0
19
-19
0
2:1
-2
0
1
0
13
-14
6:0
1
9
-10
2
-2
2:3
-6
8
-7
18
-19
2
-2
0
2
-2
2:0
2
-2
4
-4
5
-5
1
3:0
-1
5:0
20
-19
1
673
-674
42
-34
-8
-1
2
0
2:-1
2:0
1
-1
12
-11
0
-1
2:0
2:1
6
-8
0
18
-18
1
-1
12
-12
0
2
-1
0
-1
0
3
2:1
-5
0
3
-3
1
-1
0
4
1
-5
3:0
126
-87
-38
1
-2
1
-1
3:0
4
-4
5:0
45
-39
-6
5
0
-5
160
-159
-1
2:0
19
-19
1
-1
0
1
3
63
-65
10
-12
3
-3
2:0
38
-38
0
2:1
-2
12
-11
15
155
-163
-8
3:0
38
-38
0
1
-1
5
-3
138
-140
21
-21
3
-3
5
-4
1
-1
0
-1
0
5
1
-4
-2
2:0
51
-51
2:0
61
-60
3
-4
2
-2
3:0
2
15
-17
2
15
-17
3:0
5
69
-73
5
-6
3:0
1
0
-1
1
-1
3
-2
16
-17
9
-9
9
-6
-3
0
29
-29
0
7
-5
4
-6
2
2:0
2
40
-43
2
-1
-2
0
84
-82
2:-1
0
1
7
-7
-1
0
1
417
-418
4:0
12
-12
1
-1
2
-2
5
-4
0
3
83
-86
-1
2:1
8
-10
2
-2
12
-12
2:0
11
-10
-1
0
2
0
-2
4:0
2
2:-1
1
0
-1
0
1
3
-4
1
-1
0
1
-1
0
2
-2
0
1
-1
2
0
-2
0
2
-2
0
4
-4
1
2:3
66
-73
1
0
88
-86
-3
12
-10
-2
0
1
2
-1
4
93
-98
44
-40
-2
0
-3
2:0
8
-7
-1
18
-18
4:0
1
-1
4:0
1
-1
8:0
3
-3
8:0
end
