v1
788
636
593
854
14
367
122
21
28
113
664
823
946
69
110
260
984
578
346
162
183
591
212
225
277
104
66
54
33
262
194
63
127
424
59
45
948
431
494
442
126
213
69
564
870
39
826
235
55
161
200
394
291
549
70
640
607
171
254
9
81
9
192
70
38
201
118
85
362
173
120
225
414
110
314
39
116
338
121
141
227
256
552
325
299
10
38
83
340
516
19
976
384
542
2
24
344
75
50
945
100
226
186
46
208
19
107
7
155
433
712
184
627
199
406
51
36
102
54
47
61
388
59
25
3
349
419
384
31498
22
9
290
44
173
76
66
90
30
1043
109
388
46
5568
328
6693
10816
12405
10846
2139
1387
11799
8568
18
5
108257
16643
7716
25
9490
32443
268
32
89
5
55452
242
111
189
13
10
2:1
14
945
34240
7980
575
4197
168
7
2
47
49
171
1
43
51
6
40546
100
622
483
494
84
144
90
740
104
14997
11712
1
-487606
571
0
126
139
14
29
0
5
237
31
82
146
170
13
250
295
19
59
28
118
415
127
77
88
62
262
142
275
11
592
159
32
334
312
147
135
22
12
67
76
152
322
285
178
32
93
270
235
260
28
365
0
162
82
146
28
291
53
47
163
31
12
393
142
196
93
124
262
59
135
380
104
258
205
203
793
70
68
153
253
120
795
128
7
123
298
30
339
213
30
66
81
781
182
369
109
657
30
81
10
276
8
109
25
451
42
14
51
32
18
7
37
16
3
79
0
3
14
134
104
14
94
62
45
2:14
32
18
68
54
38
17
519
152
99
7
593
668
87
0
214
10
138
401
101
131
169
58
93
267
15
129
275
23
359
155
229
569
127
760
397
93
312
111
135
213
264
953
48
31
198
152
82
58
53
90
179
187
283
63
33
353
108
200
142
334
188
37
90
155
121
51
66
20
52
314
254
135
18
2
88
346
87
5
41
216
149
202
47
27
0
20
63
0
155
31527
15
64
95
70
29
182
69
103
112
44
1353
71
138
5616
1879
5134
23230
790
2041
4086
4798
2652
16
8068
52
4623
1533
6085
1443
119927
1
11261
20
77
41886
46
135
72
1
55501
32
0
91
191
2
27
18
5
53
161
39
9
15
757
177
13
20940
4271
19253
0
454
85
523
665
436
245
290
7
40
60
58
3
28
39
131
30312
10313
947
694
114
235
642
92
-460828
1578
684
70
701
65
281
376
923
553
335
361
10
194
266
362
1351
924
1197
4
1259
792
111
583
201
110
206
1148
505
508
1031
498
343
287
59
241
126
66
8
43
13
1
33
1517
3074
79
455
124
890
2154
541
569
176
6
37
455
23
35
855
656
2
2618
157
107
213
408
115
31707
187
223
1080
175
26455
2788
13453
20632
7
2459
5163
5
25210
149407
355
11
9619
46316
81
726
43
42
43333
1268
2749
66
40478
362
1317
313
27904
149
-488319
276
253
321
39
131
314
560
0
85
755
535
180
0
107
690
0
305
95
589
255
85
380
311
63
307
0
920
579
314
0
19
275
418
329
11
885
769
363
340
880
492
0
91
4
218
242
974
354
376
1679
248
340
440
24
285
282
73
35
17
97
128
313
37
305
603
4
611
423
39
234
311
13
142
140
935
341
561
38
99
193
500
87
0
330
0
258
0
537
335
5
384
5
538
346
440
63
185
530
48
14
578
0
229
1010
10
311
593
70
1086
186
35
44
170
112
15
0
32
45
105
54
268
168
31492
34
215
92
29
356
1436
62
132
0
7704
7293
22380
7065
6
408
13359
2
21
0
2791
14
1840
3451
1025
3153
5486
119417
7796
23
38185
3649
18
46
311
46
54642
731
0
62
301
117
97
50
966
12
15142
3498
24388
448
985
870
1827
22
9
116
49
6
40692
264
0
462
234
1729
26909
1412206800
199:0
1
299:0
1
99:0
1
187:0
19
141
2568
-2702
-4
4
-9
11
2232
-2229
-10
-3
19
-18
233
-83
-150
0
-4
452
-84
-150
-95
200
-198
-122
9
7
191
-187
-8
-11
-2
8
-6
2364
-1836
-524
125
-120
231
-242
263
-249
703
-701
-16
3
-4
971
-620
-340
3269
-3276
-1
181
-178
7
-13
1580
-1038
-529
282
-297
2
197
-199
13
-5
155
-150
-11
552
87109
-81074
-6429
-149
2:-5
153
3188
-3319
-19
166
-156
162
-164
363
-361
276
170
-454
5
283
-271
9889
-8579
-1319
4858
-4610
-249
-5
-2
1488
-1481
241
-245
26886
-26404
175
852
-1186
3487
1548
-3344
-601
-1023
24710
-24922
5540
-5726
6563
-6560
313
-132
-167
2034
1445
-3485
2:-3
359
-203
-143
1
1269
-915
-366
-6
22
-7
373
1056
-1261
3308
-1912
-1581
125
690
-807
-8
1631
-1615
106
18
-133
348
11157
-8851
-2659
157
-149
6124
4894
-10831
-178
-7
-4
13
-2
144
-19
-136
1
-2
124
-127
640
-642
5
-7
14
-10
1112
-1096
967
240
33356
-34400
-180
198
119
4181
-2985
-1513
2:3
846
-592
-40
-233
3
0
43
-39
-4
2:0
52
-53
-1
1
6
-6
2:0
91
-4
-85
69
-71
6
-2
-4
72
31
-66
-36
0
32
34
24
-90
6
-2
-6
74
-65
-6
44
-44
2
66
3
-12
-23
-38
46
-46
6
-8
2
1
4
-7
5
124
-58
-70
2
56
-58
1
32
39
-66
43
-48
7
-8
1
6
-8
2
0
3
-3
-2
0
8
107
-105
-9
1
39
-37
-1
117
-120
2
1
70
-71
1
-1
59
-60
3
37
16
-24
-33
46
-44
6
-8
0
51
-47
59
-61
108
-108
0
5
-4
0
37
13
0
-51
70
-66
54
-58
33
-33
-2
96
-90
2
-2
54
-59
6
-3
-4
2
3
-2
0
58
0
-3
64
-73
-44
76
13
-86
-5
37
-40
2
70
-68
4
106
-112
4
-4
65
-62
-3
2
29
-23
-10
1
66
-66
72
-69
-4
0
9
0
65
-69
5
-10
5
0
-1
-3
-1
8
-7
125
-120
71
-30
-8
-38
51
-48
34
-34
-4
93
25
-78
-34
97
-9
-91
-2
-1
2
35
-34
0
7
-7
0
-3
7
-6
7
-3
97
-94
-4
2:-2
79
-71
85
-46
-13
-34
85
-34
-47
81
-76
-3
2
-1
-6
5
2:-3
4
1
39
-42
4
-4
41
-38
-4
0
-1
43
78
-82
-36
-1
0
-1
1
51
39
-91
0
61
-58
-2
100
-68
-27
28
0
-32
0
1
62
-13
-11
-37
-2
4
-3
1
-3
-1
6
1
-2
51
28
-77
-7
1
90
-46
-45
80
-19
-63
5:0
1
-2
1
2:0
1
-2
0
2
-1
3:0
-1
2
0
-2
0
2:1
-1
1
-1
3:0
1
-1
7:0
1
-1
1
-1
5:0
-1
1
4:0
-1
2:1
-1
0
-1
1
0
-1
1
2:0
1
2:-1
1
0
-1
1
-1
0
1
-1
1
2:0
-1
1
-1
2:1
-2
1
2:0
-1
1
-1
1
0
1
2:-1
1
-3
0
2
-2
0
2
0
-1
3:0
-1
1
0
-1
1
0
1
-1
0
-1
1
0
1
-1
2:0
-1
1
7:0
-1
1
-1
2
-2
1
3:0
1
2:-1
3:0
2
-2
2
-2
0
1
-1
2:1
2:-1
2:1
0
-2
2:0
2:1
-2
2
-1
1
-2
7:0
1
6:0
-1
0
2
2:-1
2
2:-1
0
2:1
-1
2:0
1
-1
3:0
1
-2
2:0
2
-2
0
1
2:0
-1
2:0
1
-1
2:0
1
-1
0
1
0
1
0
-1
0
-1
2
2:-1
2
-2
1
2:0
-1
0
2
-2
2:1
2:-1
1
-1
0
2:1
2:-1
2
0
-1
3:0
1
-2
2
-2
0
1
0
1
-1
1
2:-1
2
-2
1
-1
1
3:0
-1
0
2
0
1
6
68
-74
1
-1
1
2
10
-13
3
-3
0
3
-3
2:0
2
-2
19
-18
3
2:7
-16
-1
0
3
22
-24
5
-5
-2
1
2
13
-9
-5
5
-7
11
-9
-2
3
3:-1
2:0
10
20
-27
5
-8
2:2
16
-20
0
3
31
-34
13
-11
0
8
-10
4
-3
4
2:-2
51
1353
-1307
-79
-17
1
-1
-2
1
-1
3
10
-8
37
-42
9
-8
0
13
-11
1
0
-2
374
-317
-54
-3
-2
4
-4
4
49
-47
22
-21
214
-189
-22
128
-130
99
-100
19
-26
33
368
-396
112
-115
308
-306
30
-32
0
165
-23
-139
4
-4
17
10
-29
1
127
-115
-16
1
-1
3
25
-6
-10
90
-82
-12
-3
163
-165
-2
44
-44
2:7
-15
2
1023
-1009
-14
7
-4
166
-170
22
-6
-11
7
-10
2
4
-9
0
6
-2
-3
-1
2
0
-2
4
-3
6
-5
-1
37
209
167
-410
-3
10
-1
344
-174
-180
10
-10
2
12
-5
-9
2:0
5
-5
3:0
8
-8
2
-2
2
-2
2:0
12
-12
3
-2
-1
0
11
-11
4
-4
2:0
1
2:2
-4
2:0
-1
0
2
-1
0
1
-1
1
0
8
-10
2:0
3
-3
2
-2
5:0
11
-11
0
1
3
-4
0
2
2:0
1
-3
12:0
3
-3
2:0
4
-4
3
-2
-1
1
-1
4:0
6
-5
-1
0
3
-3
0
30
-30
0
2
-1
3
-1
22
-25
2
0
-1
1
2:0
1
0
8
-11
11
-11
4
-4
4
-4
0
4
-3
2
-1
8
-10
0
2
0
-2
3
-3
2:0
1
6
-5
1
-3
16
-16
1
-1
11
-10
0
3
-4
6
0
-4
-1
0
9
-9
-1
2:1
0
-2
3
-2
-1
4
-4
0
1
4
-4
3
-2
2
-3
-1
1
-1
3:0
1
11
-11
2
-2
7
-8
6
-6
3
-2
-1
0
4
-3
-1
2
3
-5
1
-1
0
8
-8
0
2
-1
2:0
1
-2
3
-3
2
-2
2:1
3
15
-19
6
-2
-5
0
17
-17
2:2
-4
1
2
8
-10
0
-1
3:0
2
1
-3
2:0
1
-1
2:1
-2
3
-3
3:0
1
3
-3
34
-35
0
30
-30
1
4
-2
-3
2
4
-5
2
0
-3
7
-5
2:-1
7:0
3
7
5
-14
-1
1
8
-6
-3
0
12
-12
13:0
4
-4
3:0
1
2:0
-1
16:0
1
-1
1
-1
2
-1
1
-2
6:0
1
-1
2:0
1
0
-1
8:0
2
2:-1
3:0
1
-1
0
2
-2
1
-1
4:0
1
0
2
-1
-2
1
-1
1
-1
4:0
1
0
-1
14:0
1
0
-1
18:0
1
-1
41:0
1
-1
5:0
2
0
-2
9:0
1
-1
11:0
2
-2
6:0
1
-1
13:0
1
-1
3:0
2:1
-2
0
1
-1
6:0
1
-1
4:0
1
-1
9:0
1
-1
7:0
2
-2
8:0
1
end
