v1
914
207
2:45
20
30
237
110
456
79
52
115
24
48
2:26
78
87
177
76
26
35
7
77
140
48
0
126
113
119
6
0
38
13
6
56
7
15
65
81
374
168
165
262
62
186
102
5
135
17
280
89
206
159
32
104
26
80
252
169
26
160
111
22
79
137
187
10
212
4
118
33
85
49
27
133
48
298
67
70
8
17
88
95
122
31
0
64
54
339
6
21
135
31
225
277
104
46
20
87
20
24
43
175
194
63
79
57
139
178
98
104
99
67
44
6
29
125
197
75
31
275
121
27
144
139
494
442
59
40
135
105
69
55
2
36
471
185
117
106
69
59
7
47
294
80
91
111
5
67
308
68
28
93
189
46
77
339
271
17
106
275
171
2
98
248
46
145
86
81
10
276
8
59
50
0
170
125
72
109
27
29
45
6
19
13
18
7
12
3
22
25
24
1
0
46
2
3
14
7
126
1
48
12
58
73
9
12
62
59
14
50
8
27
30
3
35
3
71
82
45
89
29
154
293
78
95
120
0
72
22
117
14
122
73
31
55
133
110
304
10
39
116
216
68
54
121
141
85
101
41
87
111
58
3
146
5
97
185
116
13
275
6
17
14
10
289
10
5
33
66
3
14
299
41
52
405
59
5
232
0
662
96
15
184
102
71
22
223
29
139
32
109
2
23
1
42
6
165
131
75
18
32
6
380
53
64
217
78
119
44
19
11
247
33
176
48
2:8
72
128
19
38
69
7
8
147
40
48
235
110
339
270
2
2:36
9
20
184
227
188
37
175
70
63
58
8
2:43
23
8
12
277
23
28
38
100
54
47
31
22
8
145
2:2
86
153
59
5
20
3
104
92
2
151
106
194
61
143
8
39
21
42
22
16
151
67
31159
267
5
10
12
9
43
46
62
0
53
33
53
13
31
37
136
76
8
58
54
8
28
30
1043
7
17
13
72
68
40
43
28
71
105
79
47
9
0
290
3011
2211
2
326
1553
3073
2067
6258
1322
1094
2142
5452
4490
2463
3
790
6127
2185
816
925
872
1267
1385
2
4
10
8064
4
26
2809
882
958
2453
13
474
509
4161
2:8
2
5
1
1427
4053
102776
13099
3543
1
2718
5019
4
31
42
9417
32421
18
4
26
46
135
51
22
20
53
19
17
2:5
9630
1380
44312
84
126
157
7
2
45
51
6
20
126
16
27
11
2:1
11
1
11
2
0
1
30
718
6
14
16
95
19
46
20940
3093
1178
17010
575
238
1430
539
334
88
101
0
40
625
436
532
2
1
2:2
3
1
5
0
11
31
39
5
14
83
2:4
31
6
25
3
6
12
32
0
47
4
6
30302
9721
0
283
64
176
100
138
484
104
190
189
150
186
66
92
11
31
33
9
41
32
71
113
661
56
36
15065
11712
1
164
-488299
468
0
46
163
27
14
0
2:49
0
43
441
0
121
71
189
179
796
364
3
0
59
342
224
149
111
0
364
55
0
277
0
438
135
163
116
120
4
628
87
0
65
261
198
13
94
53
291
131
86
288
0
59
0
45
55
477
18
168
42
0
70
316
102
0
68
192
169
170
437
0
42
30
0
125
295
0
57
178
121
106
197
180
267
134
0
151
9
96
176
0
312
0
151
25
472
0
74
349
0
28
57
314
98
48
141
122
256
638
116
74
126
299
189
129
182
0
478
885
0
573
0
193
22
0
151
8
1
8
0
5
10
0
8
216
137
92
102
5
31
0
29
68
214
232
11
88
101
894
349
133
186
306
17
13
0
280
392
31
189
138
0
431
118
114
0
329
0
186
0
132
599
0
86
744
0
735
406
0
149
114
61
250
11
118
0
160
61
346
285
469
12
37
101
0
71
119
13
273
424
790
85
0
172
105
400
219
12
168
95
12
153
158
0
61
72
0
358
0
331
0
143
90
3
83
179
0
9
1
97
0
37
93
0
168
31475
21
149
38
0
112
0
38
88
4
0
47
1626
53
18
0
121
10522
9649
1
22137
4352
1301
10234
77
2
4673
2449
995
0
1039
3110
0
17
0
7
1424
1055
14429
115709
40919
1158
56
92
113
36073
0
19327
404
173
60
0
750
29
53
16
120
7827
34385
1996
2951
3
0
8
19
21
0
71
65
185
0
40807
1297
198
215
0
15667
12084
1412479200
599:0
1
313:0
55
-50
7
16
196
-213
6
1
143
-111
-39
-5
40
106
-146
2
11
-12
1
-1
1
-3
4179
-4179
5
0
16
-16
-2
2
0
2:2
48
4458
-4252
-210
-47
-2
3
339
-339
-7
4
-4
5
-6
625
-621
-2
-1
108
1175
-1282
117
-118
-1
215
-212
450
-407
20
-66
6
66
-71
33
-33
5
29
-32
3
33
-19
-20
4
15
301
-268
31
23
-105
59
-60
6
0
36
-39
186
-176
288
-275
0
-5
384
-404
8
-2
18
-21
-2
50
58
-102
10
27
-45
24
-22
18
4
-19
-4
2
13
97
-76
-28
-8
10
530
-540
23
0
98
-109
155
-168
0
9
52
-56
14
39
-55
1
46
-46
2:-1
1498
-1479
-21
3
1
-3
5
-5
4
-5
33
632
-646
-3
15
-27
12006
-12006
1
358
-121
-233
-5
0
53
50
-105
40
-24
-12
-2
85
-83
33
0
-37
59
-57
1
9
74
-77
6
10
215
14301
-14521
-21
-1
4
-4
2
3
1
14
-9
133
-133
-9
278
-213
-67
5
87
-88
259
-264
32
174
-92
-104
-6
13
109
-124
17
5
51
-70
21
1
231
-257
42
-31
-1
147
0
-135
-5
-12
10
-11
13
-17
18
-4
465
9757
64379
-69706
-4672
-221
15
16
-13
162
-191
5
287
-292
2
7
51
-56
-1
4
297
-302
11
-7
-11
2
100
-47
101
-124
1592
-1376
-223
3
-12
260
-11
-264
6
1
-8
7
-1
-2
158
-159
7
53
-60
33
35
-69
11
47
-26
691
-725
10
6
31
-42
12946
-11946
-1003
24
-18
-9
1
3
10
-3
54
-59
84
-87
95
-89
-7
2
16
-19
1
1519
-1477
-21
193
-138
-43
14620
-14654
108
-80
363
-377
48
-19
-17
39
-65
26
2055
-2066
-10
245
-165
1124
-1209
8
9198
-9156
-46
-3
0
58
-45
-11
257
312
-380
15186
-15352
-25
-2
2829
-2825
146
-137
188
-184
4339
-4355
35
1225
-1259
16
0
-11
-1
-2
9
7
-16
1806
-1807
-2
5
-3
2556
-2557
1
1499
14
-1515
142
-82
-52
-7
5
0
-4
9
12
43
429
-493
184
-171
-6
31
13
-49
1232
-1114
-88
-34
0
11
7
-8
27
-37
36
-25
70
-24
-47
-7
14
2
90
167
-276
1059
-914
-144
167
61
-230
3
2394
-2392
3
198
-205
2
0
16
-5
2
52
147
-211
1707
-1710
0
4
77
-81
5
6
62
-69
6
-8
3
13
-18
6
23289
-23284
-3
31
-28
108
-101
-15
268
188
-453
377
-380
13
15545
-15537
534
468
-1024
68
-70
0
36
752
-783
-6
116
3061
-3148
-24
-3
10
-11
82
228
-299
5
64
-79
12
-13
1
31
-1
-7
-13
3
-3
12
145
-153
0
-3
14
-21
56
-2
299
-357
2:0
33
13
-44
2
787
-792
14
1439
-1450
11
23
4
-25
21
25
-28
31
-65
8
-6
8
2
-6
2:0
189
-113
-75
-2
14
-9
-3
48
-52
51
-46
7
70
-47
0
678
-27
1125
-1814
6
0
6
51
9082
-9072
-73
17
1568
-1558
19
-36
15
-23
493
-479
-9
51
2855
-2880
-31
700
-536
-134
35
31
1
37
34
6453
-6626
0
2:1
-2
0
1
4:0
-1
2:0
-1
3
-3
3
-2
0
1
0
1
-2
1
3:0
-2
1
3:0
-1
3:0
3
-1
1
-2
-1
2
-1
0
1
2:-1
2
0
-2
4:0
1
2:0
-1
3
-3
0
2
-1
2:0
2
-1
1
0
-1
2:0
-1
0
2
-2
0
2:1
-3
0
3
-2
-1
1
0
1
2:-1
2:0
2
2:0
-1
2:0
-1
2
0
-2
2:0
3
-2
2:1
-3
1
2:0
-1
0
2
1
-1
0
1
-1
0
-1
2:0
1
2:0
-1
1
2:0
-2
1
2:0
-1
0
3
-3
3
-2
0
2
0
-2
-1
2:0
2
0
2:-1
1
-1
1
2:0
-1
0
3
-2
2:0
2
-3
1
0
-1
4:0
2
0
-2
2:0
2:1
0
-2
3
-3
0
1
2:0
2
0
-3
2
0
-2
2
2:0
-1
2
-3
2:0
2
-1
0
2:1
-1
0
-2
2:0
2
-2
2
0
-1
1
0
-2
0
2
2:0
1
-3
2
-2
2:0
2:1
0
-1
3:0
1
-1
1
-2
0
2
0
-2
3
-2
0
-1
3
0
-1
0
1
-3
3
-3
3
-1
2:0
-2
1
-1
0
2
0
1
-3
0
2
0
-1
2
-3
1
2
2:0
-3
0
3
-1
0
-2
2
-2
2
2:0
1
-2
0
2
0
2:-1
0
1
-1
2
-3
1
0
-1
3
-2
0
2:1
-2
2:0
1
-2
3
-2
1
-1
4:0
10
-2
-7
1
2
-2
2:-1
3:0
1
-1
0
91
-91
1
0
2
-3
0
1
0
-1
0
10
8
-15
8
-10
0
-1
27
-25
-2
1
-1
3
-2
1
-1
0
-1
6
-5
-1
1
-1
3:0
4
-4
3
-3
1
2:0
2
-2
-1
2
-2
0
7
-7
2:0
2
1
-3
3:0
11
-11
2:0
1
0
2
0
-3
4
-1
0
17
-20
0
3
1
-3
1
0
13
-14
0
3
-4
5
-3
-1
1
-1
0
-1
2:0
1
-1
0
3
21
-24
0
2
9
-8
4
-7
2:0
13
-11
2:-1
4:0
1
-1
7
-6
-1
1
0
-1
2:0
3
-3
6
-6
1
-1
3
-2
10
-10
-1
46
-39
-6
-1
2:0
7
-7
0
4
-4
0
40
-40
3
0
-3
6
-6
2:1
4
-5
2
-1
42
-35
-6
-3
0
1
-1
2
1
0
22
-23
5
-6
0
6
8
-15
0
22
-20
28
-30
5
4
-9
1
-1
1
9
-9
2
-2
15
-16
8
-8
11
-11
6
-5
-1
5
0
-5
1
-1
4
-4
5
-5
2:1
53
-50
1622
-1529
-75
-23
5
0
7
-9
-2
3
-3
-1
2
1
10
-9
-2
1
16
-18
8
-8
2:0
5
-6
30
-21
-7
59
-60
-1
1
8
2
-11
0
1
-1
2
2:0
18
-20
3
10
-11
1
-3
0
1
3
1
10
-15
4
-4
2:0
483
-439
-43
5
-5
-1
3:0
2:1
0
4
-6
9
-7
0
-1
2
-3
3
73
-69
-4
17
-11
-7
217
-215
-3
3
42
-43
0
2
-4
-1
0
5
121
-126
0
17
0
1
-18
3
105
-98
-7
-3
1
7
1
-9
28
-21
36
398
-433
-7
1
110
-112
3
-3
10
-6
341
-344
2
57
-58
-2
4
-1
1
-3
0
1
-1
5
-4
0
-2
0
265
-265
2:0
147
-147
12
-9
0
-3
2:0
3
-2
4
-5
28
-27
38
-36
0
1
17
-18
162
-155
-9
-1
0
2:1
2:-1
0
6
1
-7
7
-4
-2
1
-2
6
60
-65
31
-15
-16
8
-7
-2
1
85
-86
1
13
-11
2:-1
0
-1
11
-2
-5
5
215
-221
-3
0
7
-7
3:1
-2
6
-6
2:0
-1
5
157
-162
1
6
-6
9
-6
-1
37
-40
3:0
5
1286
-1289
2
17
-21
0
1
-1
5
3
-7
2
6
159
-166
-1
2:0
-1
27
-2
-21
9
47
-60
7
-7
1
29
-27
1
-3
9
-10
9
-2
-5
0
-2
2
-2
5
0
-5
2:0
2:3
-1
-5
4
-3
-1
3
6
-8
-1
3
0
-3
5
1
3
-9
0
2
-2
4
-4
3:0
4
-2
1
-3
4
-4
1
10
-11
0
1
5
-5
2
1
20
5
255
-284
2
0
-2
0
229
-222
-7
1
20
-18
5
-7
0
-1
9
-3
-6
1
196
-193
-4
137
-137
1
6
13
-11
3
-9
41
-44
16:0
1
0
-1
5:0
1
-1
12:0
1
-1
0
2
-2
2:0
3
-3
21:0
1
-1
35:0
1
-1
21:0
2
0
-2
10:0
1
-1
19:0
2
-2
7:0
1
0
-1
10:0
1
0
1
-2
0
1
-1
31:0
2
2:-1
7:0
1
0
-1
22:0
1
-1
0
3
-3
17:0
3
-3
3:0
1
-1
13:0
2
-2
12:0
end
