v1
903
121
114
5
57
242
193
11
297
1
40
105
43
52
15
124
48
78
369
23
26
119
33
519
38
2:19
37
7
15
17
11
37
81
421
71
50
62
103
59
3
262
55
220
13
32
72
36
17
280
143
0
86
66
159
242
98
154
30
139
15
123
159
22
47
32
5
223
80
16
10
131
63
22
0
19
67
32
19
35
92
21
143
217
75
66
5
67
0
95
183
61
71
63
22
146
228
19
6
21
13
20
102
31
197
0
32
273
109
115
33
20
0
24
13
172
33
194
63
79
48
9
139
93
85
98
59
45
166
44
35
41
84
193
79
31
150
40
50
35
87
210
134
90
45
66
293
442
59
67
213
69
57
113
63
633
64
177
134
232
85
214
125
94
69
60
58
2
26
737
7
8
190
102
94
106
169
16
549
48
264
44
56
186
8
59
0
17
33
26
269
170
1
10
27
29
45
6
31
1
18
7
18
12
7
50
46
2
3
14
134
2
3
113
64
18
12
14
48
45
2:14
45
5
35
30
3
35
19
55
82
45
47
71
85
2
360
78
0
7
88
120
225
160
35
86
133
110
28
276
10
33
6
116
104
42
138
54
121
141
85
142
87
3
166
3
146
5
67
200
15
116
13
27
52
196
0
37
10
100
189
10
28
8
2
66
17
70
229
41
309
114
105
52
133
798
17
182
0
102
93
67
156
200
66
43
2
24
42
302
8
67
50
720
78
163
19
29
229
31
36
58
84
50
6
8
72
99
29
19
107
7
8
3
103
41
88
20
215
57
18
35
563
46
2
36
45
20
77
105
2
36
191
188
37
175
70
121
8
43
86
214
114
38
100
54
47
3
28
22
6
2
127
20
88
153
59
5
23
104
89
3
2
24
127
63
43
102
153
143
8
21
2:9
63
21
134
34
92
31401
5
6
16
9
12
31
39
56
17
49
4
29
22
28
3
44
173
76
8
58
54
36
8
16
6
14
1138
68
92
19
114
8
115
18
47
9
272
3029
2211
325
3
1553
5140
6258
1322
3236
9942
0
2463
3
790
830
5297
3001
925
872
1267
1385
2
4
8075
3
8
2827
1825
15
1533
920
487
1523
13
3134
18
1433
15471
91358
13099
3543
1
1735
5981
25
26
47
9417
31396
0
916
99
7
3
20
2
26
0
16
30
95
101
12
20
53
36
5
54647
890
157
9
27
18
23
34
1
45
53
51
12
38
0
2:1
10
2
11
2
31
724
17046
4084
3093
10208
3251
4729
1885
358
539
288
134
101
665
436
532
2
3
5
17
27
2:1
2
44
14
28
10
45
8
2:31
3:3
1
43
47
4
5
1
30302
10004
64
176
69
31
622
104
87
246
46
15
92
229
16
0
111
31
11
45
28
41
103
318
512
36
15
13
15037
11712
2:1
163
12
-487827
45
196
406
179
159
218
79
89
8
254
99
86
0
40
147
63
27
128
529
814
277
285
693
106
45
0
23
281
112
24
169
335
40
99
42
14
2
329
0
201
153
0
122
66
21
120
114
0
711
163
112
29
389
68
98
54
781
206
69
0
478
1
29
176
324
60
11
348
484
97
101
67
0
192
4
7
406
99
59
15
270
107
13
0
275
351
26
377
25
120
82
72
497
279
115
80
166
200
99
212
218
60
27
256
974
64
0
326
30
10
28
58
83
8
6
19
0
191
30
0
326
11
29
68
0
306
171
38
11
272
20
71
100
205
12
422
135
787
179
387
239
718
186
17
35
255
38
937
35
97
0
7
90
3
40
263
687
180
389
5
45
354
42
0
250
292
12
392
185
578
141
37
80
0
286
73
0
44
0
277
511
117
165
140
217
231
274
152
3
28
35
3
136
115
229
116
4
97
255
7
325
24
373
164
40
72
41
5
22
36
77
0
31582
297
21
78
38
0
23
84
70
3
114
1122
359
51
130
7774
6579
703
8764
15290
0
3200
0
426
0
2182
1744
11602
10
2
1
42
2779
0
886
3424
983
0
2
1039
3110
10
24
132717
41792
32
28
15
81
77
12
26
146
23
11033
25036
19360
68
476
39
46
718
85
71
63
18644
24152
238
247
2056
133
1725
26
90
92
35
102
31813
8531
33
236
839
26
0
178
243
880
15521
11972
79
1412990400
599:0
1
302:0
2
1
11
3
-15
19
-13
-5
12
-12
-1
13
42
-54
13
209
-209
1
5
-10
1613
-1623
21
-13
398
-145
14819
-15072
17
-6
-9
-3
11
17
-35
23
2:12
-46
2:4
-4
-5
73
-16
-56
600
-594
-7
16
0
-15
91
-72
-19
-1
258
-240
-7
20
-31
67
-63
9
7
-16
-4
0
9
46
-55
41
-25
0
2:-8
8
-2
-6
1
242
-237
1
-7
4
2
38
0
-32
2
-10
1
-5
41
-41
43
38
-75
114
-115
-1
2
0
2
4
-1
287
-293
-1
14
-13
4
11
-20
1
123
-123
33
-28
83
-65
-17
14
66
-69
17
-27
48
-50
113
-96
-6
-13
1
20
-8
-13
-4
827
-765
286
-324
-9
-15
7
18
79
-96
48
122
-155
11
-34
17
-11
0
82
-8
-75
10
-15
41
6
-47
15
-10
5
1196
-1202
143
-137
-9
-1
1792
-1788
110
-101
122
-131
-4
0
12
-8
62
-50
0
-7
14
-15
-3
4
-9
4
28
-18
14
-13
-14
141
-125
19
225
-261
12
173
-166
102
-55
38
-56
-41
8
129
-137
233
-217
57
-54
-18
32
40
-46
9
-42
110
-96
2
23
8
-41
-2
-5
168
-167
3
38
-34
0
5
0
300
-266
4
5
-56
10
322
-322
-5
79826
-79819
5302
-5039
-268
14
8
-10
20
137
-29
5
-148
2
-5
91
-87
14
120
-139
121
-74
136
-171
-12
8
0
6
2:-7
72
257
-319
337
-80
-230
31
-54
50
805
-863
8
-13
82
-83
169
-168
7
1
53
-38
-23
97
-81
-13
428
-63
-319
-40
16510
-16507
956
-936
90
-123
442
-436
7
55
-64
-4
1
8
2
3
-9
6
-10
1119
-1072
760
-771
451
-488
6
34256
-34257
-4
6
53
-60
306
-302
13
-7
-3
72
76
-155
11
1106
-1116
17
-18
171
-66
546
-622
2759
-2739
42
-82
505
-454
298
33145
-33441
-45
60
-73
-4
5039
-5038
35
395
-400
10352
-7113
-2795
-470
-4
64
8377
-8441
-1
1
19
-8
-3
9
-5
-12
-1
30
-18
-12
35
2038
-2073
16
4135
-4150
64
31
-48
-32
14
-30
20
16
-31
-1
1
20
-6
336
-177
-157
148
-107
369
396
-721
67
43
-216
57
-49
32
325
-364
0
142
-103
-29
238
-219
635
-455
-210
1333
-737
-501
0
-78
4319
-4328
0
767
-767
55
-53
-5
32
-31
-1
27
3
1522
-1546
-11
59
5
-58
-5
91
-80
-11
36
-32
-5
4
15771
-15687
-80
118
-126
14
211
-219
0
459
-452
8
7081
-7095
1
-7
-1
0
5
-5
381
-373
0
-4
7
0
8
1056
-861
-210
198
4593
-4783
43
63
-109
90
-89
0
15
-20
-1
0
-4
45
-37
5
45
123
-139
39
-6
-67
-1
3
1115
-968
-145
-3
-8
124
-101
30
16
143
-212
59
-42
2391
-2291
10
-111
-16
0
4
3
25
844
-877
8
746
-748
5
4
105
-90
-30
1
55
-50
-2
224
-113
-108
910
-903
124
27773
-27464
-447
135
-101
2404
-1467
-971
26
-26
0
13
-5
-1
22
261
-275
-6
3981
-3854
165
-270
-18
45
-12
-36
10
92
96
-37
3487
-3649
-9
2:-1
2
-2
4
-4
2:0
1
-1
5
-4
0
4
-4
-1
1
-1
5
-1
0
-3
2
2:-1
0
-1
2:1
2:-1
4
2:-2
4
-3
1
-1
0
3
-3
0
1
4
-6
1
0
1
2
-3
3
-4
0
4
2:0
-1
-2
-1
2:0
1
0
2
-3
1
4
0
-1
0
-4
1
0
4
-4
3
-3
4
0
-4
3
1
-4
0
4
-2
1
0
1
-1
1
-2
2
-4
-1
3:0
1
4
-4
3
0
2:-2
1
0
4
-1
-3
4
-1
0
-4
3
-2
0
-1
1
0
-1
1
3:0
-1
1
-1
4
-1
-2
0
-1
4
1
-4
0
-1
5
-1
-2
-1
4
-4
-1
0
4
-3
5:0
1
-2
4
-3
-1
4
2:0
-4
0
1
-1
6
-5
4
-3
-2
5
-1
-3
0
3
-4
0
1
0
-1
2:0
6
-5
4
-5
2:0
1
3
-4
4
-4
3
1
-3
1
3
-4
4
-4
0
-1
4
-3
2
-3
0
3
2:-1
0
-1
6
-6
5
-4
0
4
-4
-1
1
-1
1
2:0
-1
3
-3
1
-1
1
5:0
3
-4
2
-2
5
-1
-3
2:0
3
-4
1
3:0
-1
5
2:-2
4
-3
0
3
-4
3
1
-5
5
-4
-1
3:0
2:2
-3
3
0
-3
-1
1
0
4
-5
1
3:0
2:2
0
-5
5
-3
-2
2
-1
2:0
-1
4
0
-4
0
5
1
5:0
1
-1
2:0
1
4
2
-6
4
11
-16
0
1
3
80
-84
1
0
16
-16
14
-15
5
-5
2:0
2
-2
0
27
-26
7
-8
0
1
-1
0
5
-5
0
6
-5
0
-1
2:0
6
-4
-2
1
-1
2:0
1
-1
11
-11
0
4
-4
1
-1
1
2
-3
2
2:0
-2
0
2
-2
2:0
13
-13
4:0
6
0
-5
9
-9
2
-3
1
-1
1
0
-1
1
-1
1
0
2
-2
0
-1
15
-15
1
4
-5
1
-1
2:0
16
-16
4
-4
1
0
-1
3
1
2:-1
0
-1
0
-1
0
4
-4
0
4
-3
-1
0
11
-11
0
3
-3
2:0
5
2
-6
-1
9
-3
-5
-1
0
1
0
4
-5
1
-1
0
3
-3
2:0
1
-1
0
1
13
-14
2:0
50
-50
17
-15
1
-3
3:0
2
40
-39
0
-3
2
-2
4
-4
0
4
2
-1
-4
0
-1
38
-38
3
38
-41
0
23
-9
-13
6
-4
6
-9
0
30
-30
36
-35
-1
4
-3
3
-4
0
11
-11
13
-10
-1
1
9
-12
1
-1
11
-10
0
7
-7
3:0
5
-1
-3
0
-2
1
66
-67
3
1684
-1684
105
-74
-33
-1
5
-1
3
-3
13
-17
0
4
-4
22
-19
0
-3
0
10
-8
3
-4
-1
2:0
3
-2
-1
22
-18
-4
2
56
-54
-4
6
1
11
6
-21
-1
-2
0
19
-19
1
0
11
-8
-4
0
5
-5
9
5
-9
-2
523
-524
40
-39
-3
0
18
-18
0
5
-5
2:0
1
-1
3
-3
3
-3
55
-45
17
-19
-5
-3
0
198
-197
-1
2
-2
0
30
-30
1
-1
1
0
8
-8
-1
100
-100
0
2
16
-7
-1
-7
118
-116
0
-5
25
-22
41
441
-472
-13
1
0
-1
130
-129
3
13
-12
329
-263
-30
-40
-1
1
6
-7
2:0
7
-6
0
4
-3
-2
0
6
2:-3
2
291
-292
1
136
-138
9
-1
-7
2
-1
-2
3
0
-2
0
-1
0
4
22
20
-45
0
11
28
136
-170
-6
25
-25
5
-3
-1
13
-14
0
2:3
-4
1
-2
12
30
-42
25
4
-23
-7
1
66
-66
0
37
-36
0
-2
0
2
-1
1
0
18
158
-175
-3
6
0
-4
-1
2
-1
-2
2:1
-2
1
164
-158
-7
13
-12
4
20
-24
-1
0
7
-1
1067
-1072
0
-1
2:0
1
-1
21
-19
0
-2
2:1
-1
2:3
-5
5
160
-167
21
-3
-7
-10
13
-14
13
-13
2:0
1
25
-25
0
10
-4
-3
3
6
-12
-1
3
-3
19
-17
0
-1
5
-6
11
-4
-7
0
5
3
-3
3
-3
-4
-1
1
-1
1
0
9
-10
0
12
-12
4
-1
15
-18
2:0
13
-11
-1
18
-6
-11
213
-213
0
252
-172
-82
9
-8
292
-270
-23
5
-5
2:0
5
0
-5
12
-8
-3
247
-243
74
-79
4
11
-14
3
1
5
-2
-7
33
-32
-2
1
-1
1
-1
19:0
1
-1
2:0
1
-1
8:0
2
0
-2
10:0
3
-2
-1
1
-1
1
-1
9:0
1
-1
13:0
1
-1
2:0
1
-1
0
1
-1
17:0
3
-3
0
1
-1
3
-3
4:0
1
0
-1
13:0
2
-2
2:0
1
2
-1
-2
2
-2
2:0
2
-2
10:0
3
-2
-1
1
-1
1
-1
1
-1
1
-1
0
1
-1
2:0
2
-1
0
-1
6:0
1
-1
3:0
1
-1
1
-1
2
2:-1
3:0
1
-1
1
-1
3:0
1
-1
1
-1
8:0
1
-1
4:0
6
-6
3:0
1
-1
10:0
4
-4
3:0
1
-1
5:0
1
-1
3:0
1
0
-1
3:0
2
-2
1
-1
2:0
1
-1
3:0
1
0
-1
5:0
2
-2
1
0
1
-2
1
-1
11:0
end
