v1
875
317
255
12
159
237
53
155
41
52
139
48
130
0
138
21
207
119
14
174
6
358
57
56
7
15
28
277
62
194
127
165
354
258
140
17
575
8
151
136
26
332
15
180
271
101
137
91
96
10
83
53
58
65
38
204
87
16
75
395
94
184
10
51
71
85
333
66
21
357
15
19
277
109
115
33
7
37
43
81
8
86
194
63
79
57
139
49
44
242
45
101
115
347
110
275
431
90
32
79
249
8
36
207
26
155
54
59
66
194
20
69
57
472
0
337
106
69
66
104
82
35
78
122
91
153
379
27
121
218
17
141
73
202
271
17
12
94
275
0
109
283
173
212
49
51
44
250
255
149
40
32
105
30
1
29
12
71
25
56
31
46
2
3
14
0
124
10
118
82
66
8
59
14
45
5
2
63
3
35
3
16
38
17
127
118
85
296
66
85
88
120
94
122
9
160
35
14
205
110
314
39
116
104
32
148
54
121
114
27
85
101
131
169
146
5
282
129
275
37
10
261
28
10
38
66
0
87
229
41
477
31
20
225
12
650
96
192
7
102
71
12
10
529
3
2
24
295
49
75
50
30
625
143
119
44
19
143
115
63
194
2:8
72
128
19
38
69
7
8
106
41
40
283
18
92
234
375
2
81
20
82
102
8
30
377
37
175
70
121
8
42
1
46
40
62
215
51
38
100
54
47
3
50
8
145
2:2
86
153
59
5
20
3
104
92
2
33
0
343
138
56
85
8
39
63
155
34
67
31426
5
1
21
9
43
39
56
61
38
53
2
40
2
37
52
84
76
8
58
54
8
28
8
22
18
1035
27
72
68
111
255
3357
2211
328
381
1172
3073
691
12192
12405
793
830
8298
925
2139
1385
2
8082
9
2826
882
943
15
2466
983
4167
12
5
1
1427
4053
102776
16642
1
7716
21
4
73
9417
32421
22
26
7
9
30
95
87
14
12
20
1
88
5
54647
859
24
7
157
7
2
11
16
18
57
53
93
16
27
13
11
1
11
2
31
724
14
113
21003
3093
1178
2613
9668
4729
575
238
247
1102
81
539
334
189
40
1061
245
121
166
2
1
2
4
1
47
1
44
3
11
83
8
31
40
31
13
47
4
6
30302
1513
8491
64
176
100
0
622
104
379
241
111
142
11
2
71
41
103
830
36
15
14828
11934
2:1
163
-488293
179
57
8
263
191
391
754
11
99
32
20
68
37
89
137
2
274
162
542
54
213
38
154
2
57
68
0
49
150
20
633
0
39
304
23
214
1
0
115
53
0
164
297
238
234
110
2:63
248
7
178
169
199
8
123
484
0
315
17
2
193
18
70
29
252
303
25
67
15
209
34
55
251
77
128
76
12
32
78
49
252
67
401
174
0
187
12
0
305
150
97
4
526
599
0
116
0
288
131
41
0
4
34
761
33
167
85
20
224
189
49
80
86
45
444
171
77
15
677
34
9
719
106
42
68
208
28
19
26
5
470
6
42
59
6
19
68
129
0
110
16
14
173
5
4
119
5
20
12
96
90
135
73
121
27
69
60
322
46
484
113
78
10
0
96
4
35
126
276
107
192
97
263
861
320
118
443
38
18
345
516
58
35
1338
227
76
103
12
56
69
108
115
56
42
182
38
30
129
110
50
178
129
11
287
123
4
214
176
83
11
37
58
69
174
0
162
7
149
184
4
386
108
0
200
151
162
181
10
59
46
52
237
118
113
32
37
61
149
95
17
34
64
50
91
71
0
129
473
50
174
106
122
22
50
103
43
0
13
72
177
228
31375
225
0
90
10
54
0
6
32
92
0
15
1196
2
118
262
90
231
9789
10333
1
5124
772
1542
8205
2831
3663
1764
844
2613
432
842
1384
10
8075
3
20
2791
4308
486
4669
8
1
16914
104456
11312
4
12125
26563
2168
983
60
15
14
67
9
31
149
11
80
38
10999
44363
0
140
245
7
180
5
9
7
34
1
0
11
790
124
27
19
6
3445
30790
2004
9091
89
766
979
0
25
74
23
19
27
16
8
52
14
8
53
30
16
40427
320
502
141
0
175
0
339
119
542
15846
11859
1412536800
499:0
1
374:0
9
19
853
-858
38
-55
21
-13
9
-18
24
-10
0
-12
-1
57
4351
-4400
7
-16
1
523
10138
-10638
-4
153
-173
782
1212
-1966
-21
5
96
-54
-32
178
-190
66
10
-76
269
-259
-11
74
-34
24
-73
21
4
-22
-2
15
-16
86
-30
-45
19
-30
16
-16
13
0
13
-26
27
-27
9
95
238
-331
964
-760
306
-521
268
-267
72
-72
4
5
307
-306
12
33
-51
6
10
-7
-10
10
5
-12
-7
226
-23
-188
35
-46
15
-18
82
-47
-34
9
-8
280
-281
35
-34
453
-432
495
-515
0
-4
20
-17
0
-3
28
79
-83
-23
5
2:-3
8
188
-175
-20
138
-127
15972
-15966
-2
991
-592
-371
-3
-22
-12
41
-31
-11
5
-9
278
-245
-27
-7
-1
27
18
-40
178
1542
-1450
-274
46
155
-185
-12
-5
14
0
98
-45
-15
158
1878
-2017
-43
-16
-7
105
-102
327
-335
349
-339
654
-649
446
-450
87
-65
-28
7
-9
137
108
-246
-1
52
-53
20
-8
-3
339
149518
-101538
-48142
-183
30
-4
19
10
-55
2
126
-60
-69
117
-90
-7
28
39
-86
23
180
-206
223
-208
433
-443
-1
22
-1
2123
-2041
-98
1
-10
29
-22
210
-214
6
75
-84
1
87
-85
436
223
-627
-33
91690
-88570
-2908
9688
-9897
-4
2
-2
17
-7
81
-89
61
-56
-6
5
2418
-1545
-849
124
-148
38
-45
79489
-79469
0
-13
343
-315
-32
9
-10
43
-27
2339
-2333
-23
0
233
-153
297
-340
1844
-1878
6
-10
18
6
9
1118
-1130
201
62946
-63007
-161
0
8442
-8408
38
-66
640
-619
37475
-37502
22
2189
-2210
6
46
-35
-6
-7
-2
-3
7
-7
43
195
-73
3292
-3453
6
23398
-23295
-65
218
216
-478
29
-31
4
22
47
-68
417
-422
23
134
-5
-147
254
26
-287
1236
-1194
263
-304
2
49
74
-116
135
-123
144
46
3845
-4046
3792
-3790
70
4876
-4227
-548
-174
971
-981
123
-94
2575
-2566
-33
14
-19
8
31
2
-36
-5
79512
-79496
-6
184
1559
-1636
-112
219
-140
-53
281
-252
7370
-7409
380
-379
-15
105
-107
1
60
-63
8
94
-103
63
3968
-3997
89
-114
82
359
-449
53
537
-532
9
-59
-2
87
-38
-45
412
-421
141
-62
-71
159
-151
16
-30
65
-45
-14
-8
0
5
-3
-4
3
1
33
1475
-1513
47
-48
1
13
-9
585
-571
-7
-2
-10
16
24
8
-38
-2
274
-280
17
83
-41
-31
-27
64
139
361
-557
-10
13
404
3045
-3256
-1
-198
804
-758
14
-27
35
36
-67
8418
-8458
724
-702
2669
-2689
19
620
-281
-316
3194
-3246
3
3:-1
2:1
-2
2
-2
1
2:-1
2
-1
3
-3
0
2
-1
-2
1
-1
3
0
-2
2
0
1
-3
-1
3
2:0
-2
1
-1
1
0
-2
3
2:0
-3
3
-2
2:0
3
-2
2:-1
1
2:0
2:1
0
-2
2:1
0
-3
2:0
1
0
-1
2
-1
3
-4
1
2:0
-1
0
5
-2
1
-4
3
-1
3:0
-2
2
0
3
-4
0
2
0
-1
0
1
0
-2
2:1
0
-1
0
-1
0
3
-4
1
3:0
-1
4
-1
1
0
-2
0
2
-2
2
-3
1
-1
0
1
2
-3
1
3
-2
0
1
2:0
1
-4
3
-2
1
-2
2
-2
-1
2:2
0
-1
0
-2
2
-3
3
-3
1
-1
5
-3
2:-1
0
2:1
0
-2
1
0
-1
3
2:-1
1
0
-2
2:0
2
0
2
-2
-1
1
0
2:-1
0
1
-1
1
-1
2
0
-2
2:1
2
-4
2
0
1
-2
1
-2
0
2
-2
2
1
-2
2
-2
1
-2
3
2:0
3:-1
3
1
2:-1
0
-2
0
3
0
-1
3:0
3
-3
2
-3
3
2:-2
4
-2
-1
2
-2
1
0
2
-3
1
0
3
-4
3
1
-5
3
0
-3
2:0
2
-1
2
0
2:-1
1
2:0
-1
2
4:0
1
-4
2:1
-2
2
-2
4
-1
-2
3
-1
2:0
-2
1
2
-4
2
-1
3
-4
1
-1
2:1
-1
1
-2
3:0
2:2
-4
1
0
-1
1
-1
0
2:1
2:0
-2
4
-2
1
0
-3
1
-1
1
-1
1
-1
2
1
-1
2
-3
3
-3
4
-2
-3
2
0
-2
2
-1
1
0
-1
1
-1
6:0
3
-4
2
1
3:-1
3
4:0
1
-3
-1
1
1
2
13
-12
-3
2:0
4
-1
1
2:-2
0
3
-3
7
92
-98
-1
0
1
13
5
-16
8
-10
-1
0
1
21
-21
-1
13
-4
-6
11
-14
0
1
-1
0
1
-1
1
2:0
2
0
2
-5
0
2
-2
1
8
-9
2:0
1
-1
7
-6
0
2:1
-3
1
4
-4
-1
20
-5
-15
0
29
-29
2
-2
0
4
15
-19
5
-3
-1
1
-2
1
0
1
-2
2:0
2
13
-8
-3
-4
3:0
7
-7
1
-1
14
-13
-1
0
15
-9
-1
-5
2:0
6
-6
2:0
3
1
-4
2
-2
2:0
3
-2
-1
2
-2
0
7
-7
3
-3
54
-47
0
-6
-1
1
-1
2
2:-1
68
-68
1
-1
2:0
2:1
4
-5
40
-40
12
-8
22
-26
4:0
21
-6
23
-38
7
-1
-6
0
5
-6
18
-18
6
-6
3
2
2:-2
11
-10
-2
2
-2
7
-4
0
-3
7
-6
4
-5
2
65
1814
-1793
-60
-24
-4
9
2:-1
-7
2
5
-2
-1
22
-21
-1
9
-9
-3
5
-6
0
14
-8
29
-33
0
16
-12
7
-13
3
10
-13
0
1
24
-25
1
12
-12
-1
6
-6
3
4
-3
-2
527
-425
-97
-3
-4
0
1
-1
3
-3
7
-7
3:0
3
73
-35
-40
26
-24
-2
-1
398
-389
-1
-8
38
-38
3
0
1
0
-4
124
-121
-3
0
24
-5
-15
-1
147
-150
4
-4
6
-6
5
21
-25
24
673
-669
-29
2
102
-103
5
-5
9
-5
539
-542
6
61
-64
-4
5
-6
0
2
-2
0
6
-6
4
2
-4
302
-304
2
178
-179
9
8
-14
-3
0
-1
2
8
-10
0
29
-28
-1
47
-40
-3
15
10
-28
240
-236
23
-28
2:0
13
-10
6
-6
2
37
-14
-28
42
-41
7
76
-64
-16
-3
13
-9
5
7
191
-204
7
-7
-3
2
-2
2
-2
0
166
-167
3
8
-11
9
-6
29
-29
-3
1
9
998
-1008
8
-3
-1
-3
-1
2
-2
1
3
1
-5
8
220
-225
-3
0
47
-9
-35
13
-16
0
37
-24
-7
-3
30
-31
15
-17
19
-13
-5
6
-3
2
-3
5
-7
2
-3
3
-1
-2
2:1
-2
10
-5
-1
3
-7
1
-1
1
5
-6
2
0
-2
7
-5
2
-1
-3
0
3
-1
19
-6
-15
2
4
7
121
-132
-2
0
5
259
-253
0
-9
17
-13
-6
18
-11
-1
-6
576
-576
163
-149
4
-17
0
31
-22
-9
38
-39
7:0
1
-1
1
-1
3:0
1
-1
14:0
1
0
-1
1
-1
8:0
1
-1
2:0
2:1
-2
10:0
1
-1
16:0
3
-3
27:0
1
-1
4:0
1
-1
1
-1
17:0
2
2:-1
3:0
2:1
-2
4:0
3
0
-3
7:0
1
-1
2:0
1
-1
5:0
3
-3
7:0
1
-1
9:0
1
-1
1
-1
7:0
3
-3
5:0
1
0
-1
17:0
1
0
-1
1
-1
6:0
1
-1
7:0
1
-1
0
2
2:-1
0
2
-2
7:0
2
0
-2
5:0
1
0
-1
0
1
0
-1
3
-3
6:0
2
-2
2
-2
0
1
-1
1
2:0
2
-2
-1
1
-1
18:0
1
-1
15:0
3
-3
2
-2
3
-1
-2
4:0
1
-1
0
2
-2
4:0
1
-1
10:0
1
0
-1
3:0
2
end
