v1
514
69
426
248
76
403
7
31
21
15
124
39
9
4
264
228
119
314
295
19
37
7
15
0
17
11
118
159
383
165
229
33
92
398
99
193
2
0
127
171
89
70
132
30
223
109
355
111
101
308
220
103
348
41
136
0
32
220
278
61
71
63
0
22
420
120
46
225
140
137
109
115
33
44
112
106
194
63
47
89
317
46
339
62
125
303
88
167
20
259
172
113
281
100
363
25
113
67
203
0
10
47
17
5
88
483
536
186
180
55
274
95
213
25
43
121
235
0
277
132
341
60
275
16
376
237
117
175
242
8
279
102
1
15
7
0
181
4
23
29
51
19
13
25
15
22
8
11
23
0
54
5
0
14
55
78
1
60
58
73
9
4
70
40
5
0
14
6
58
8
10
47
41
16
38
17
82
45
565
78
95
120
396
24
329
144
160
10
33
6
116
284
54
52
69
141
186
41
87
3
108
61
151
267
0
15
116
13
27
0
52
0
66
130
6
0
17
14
299
15
18
15
83
70
0
44
61
124
41
423
93
12
175
0
50
258
404
96
301
42
41
10
176
136
55
5
45
6
109
2
24
250
5
89
75
18
32
36
289
636
19
258
12
113
132
8
133
0
37
38
19
38
69
7
8
147
134
246
53
334
0
5
270
83
20
184
415
37
34
141
20
120
51
8
43
61
13
12
204
73
22
29
38
100
54
47
61
127
18
2:2
86
153
59
25
3
99
2:5
0
89
257
299
99
47
63
155
8
26
31490
3
5
22
9
59
145
4
28
1
53
44
85
88
4
0
32
69
91
36
8
22
932
111
0
65
2:22
68
111
0
71
0
184
47
9
3301
2211
328
1553
4811
329
6258
1323
3235
5449
6956
3
790
5704
3424
925
0
872
1267
0
1385
2
8041
48
2
4666
2456
5162
10
1433
106829
13098
0
3544
1
7715
1
25
26
47
9417
32418
7
18
167
0
101
12
1
19
53
19
17
5
11015
25036
19327
0
159
157
7
2
0
45
57
20
33
92
1
16
27
12
1
8
0
2:2
11
2
30
21
764
75
9
46
6
3445
0
4382
19991
0
1266
5151
3251
4729
1060
1183
539
334
88
45
1157
489
45
3
0
4
1
6
20
22
54
0
87
8
31
9
31
91
4
6
30302
10004
64
176
69
31
98
628
648
67
16
142
11
73
144
318
500
12
36
15
80
14748
222
1977
9735
1
147
3
14
1412584200
513:0
7
-3
10
-14
0
53
-52
7
45
-43
4
2:-5
-4
5
1472
-1452
5394
-5372
175
-220
3
-1
27
172
-173
-23
8
19
-32
6
-6
15
-16
-1
2:0
1
179
-178
170
-61
-107
-3
131
26
-155
-1
0
108
-101
-9
9
-8
1
-1
296
-295
2
-3
12
0
-5
-8
10
17
91
-118
218
-131
-81
8
-12
0
51
-15
-21
-17
78
-70
-6
0
115
-116
741
-741
1
4
-6
33
-29
23
-20
10
49
-57
-5
-4
0
72
-69
-2
12
6
-17
6
9
-2
-14
3
5
-3
-6
2
1
-2
0
3:1
101
-86
-13
3
-8
9
70
-78
27
-27
3
-3
6
5
-1
28
-32
-2
9
-8
-5
37
-33
1
23
40
-70
2
7
5
-12
-1
29
61
6729
-6780
27
-44
-22
147
-145
60
-57
-2
2:0
-3
11
-1
3
34
-46
14
-1
-8
-3
0
2
-6
0
1
2
35
79
-55
-57
185392
-185244
2593
-2674
-66
2
-7
20
120
-141
173
-171
1
83
-77
-4
-3
-1
224
-188
-32
-5
0
1
-1
0
3
-2
0
-1
232
-214
-18
7
85
-80
-8
1
-5
3
39
235
-272
17
-18
0
-1
2
-3
53
-26
6
-33
-1
73
-62
0
-7
-5
2:1
-1
609
-573
-32
-3
1233
40
-1272
31
-34
3
0
52
-40
-14
-1
3
-2
2:0
1
572
-557
-15
43
-33
20
35518
-35549
210
-91
-120
0
4
5
10
5
1409
-1376
60
-116
37
-37
1
17
701
-719
-1
18
7
-23
-2
13
22
-21
78
9433
-9506
862
-879
8
19
-24
112
-109
10122
-10126
319
-317
4
-6
0
30
-29
-3
40
-9
-29
-3
9
761
-770
12
2245
-2249
44
-51
6
-5
0
4
-7
145
-128
16
-32
0
5
-6
19
615
-629
72
-77
2:0
3
12
-13
13
-11
0
-3
0
11
-6
20
94
88
142
-255
-95
54
-45
-8
690
-685
169
-175
84
-82
87
-89
0
572
-572
0
19
185
-204
1
0
83
-80
-1
9018
-9008
19
-32
0
28
21
-49
8
258
-263
4
5416
-5420
139
244
-386
2:0
664
-548
47
-163
3
22
1867
-1863
-27
2
0
2
393
-398
3
1
27
-32
17
-17
1
0
18
0
-12
8
-11
1
6
79
-81
-9
1
2
57
-60
0
16
-11
-5
1
-1
2:0
8
6
-12
13
-14
6
9
-14
0
-1
23
-18
29
-34
2:0
5
7
-13
30
-30
2:0
2
7
-6
20
16
882
-596
-324
37
111
2789
-2936
54
-56
530
-528
61
-56
24
-10
598
-315
-287
-17
12
-6
-4
-1
0
11
-12
103
-30
256
-329
1719
1
0
2
-2
0
3
-3
2:0
1
-1
1
-1
0
1
32
-33
10
-10
5
-4
2:0
-1
2
-2
0
9
-7
-2
2:0
1
-1
4:0
5
-5
2
-2
5:0
1
-1
1
-1
6:0
1
-1
3:0
1
-1
0
1
9
-10
9
-8
-1
2
-2
0
14
-12
1
-3
0
1
-1
3:0
2
-2
0
1
-1
1
0
-1
3:0
2
-2
2:0
3
-3
0
1
-1
6:0
1
-1
2:0
1
-1
4:0
16
-15
-1
5:0
17
-17
3:0
2
-1
1
-2
1
0
-1
0
15
-15
4:0
2:1
6
-7
0
1
-2
2
5
-7
6
-5
21
-22
2
2:-1
0
2
-2
3:0
3
-3
2
-1
1
-2
7:0
24
-23
0
634
-634
40
-34
-7
1
-1
3
-1
-2
4:0
2
0
-2
0
13
-13
1
-1
8:0
2
3
-5
0
19
-19
1
0
-1
2:0
10
-10
2
-2
1
2:0
-1
3
0
3
-6
0
3
-3
1
-1
2:0
1
-1
4
-4
0
1
122
-83
-38
0
-2
1
-1
0
2
-2
6:0
40
-36
-3
5
0
-5
146
-147
0
17
-17
2:0
1
-1
4
68
-71
9
-10
3
-3
0
2
35
-37
0
2:1
2:-1
0
8
-8
19
157
-172
36
-40
0
1
-1
5
-4
136
-137
18
-18
2
-2
0
4
-4
1
4
-1
2:-2
0
46
-46
1
64
-64
4
-5
2
-2
3:0
14
-12
17
-19
3:0
6
61
-67
5
-5
5:0
2:1
0
-2
0
2
-2
3
-2
12
-2
-1
-10
3
-3
0
30
-30
7
-7
2
-2
7
-5
2:0
-2
0
3
42
-45
3
-1
1
-3
0
92
-91
-1
2:0
1
9
-10
1
-1
0
1
358
-359
0
13
-13
2:0
1
-1
4
-4
1
3
85
-88
-1
1
2:0
5
-6
4
-1
9
-12
4:0
8
-7
-1
3
-3
0
2:2
-3
-1
5:0
1
0
-1
5:0
2
-2
2:0
6
-6
1
-1
0
1
-1
1
-1
4:0
2
2:-1
3:0
2
-2
2
1
4
58
-65
1
-1
91
-91
3
-3
8
-8
0
3
-1
5
90
-48
-49
0
2:3
-6
2:0
1
-1
7
-5
-2
0
18
end
