v1
842
69
515
159
16
296
174
52
15
124
48
52
78
162
204
119
88
161
65
2
65
170
1
0
57
56
7
15
17
129
421
71
215
58
1
203
62
186
0
102
140
7
285
5
295
74
85
32
28
76
358
15
154
26
160
111
22
79
76
258
194
18
4
86
32
13
154
177
258
71
6
61
183
95
61
134
8
14
45
60
288
6
21
33
102
31
51
42
98
15
19
171
106
67
169
21
20
242
194
63
79
12
26
0
10
9
29
110
31
62
85
46
0
322
75
0
4
125
160
37
0
42
64
150
98
19
8
319
112
18
72
23
9
169
103
100
355
33
54
59
102
158
7
13
36
11
22
10
47
376
316
181
42
127
1
7
186
35
78
122
228
141
154
100
27
28
93
50
185
77
339
300
94
106
169
16
43
51
403
122
131
26
34
51
286
8
59
50
170
118
7
181
27
29
45
6
19
13
18
7
45
0
2:17
8
46
2
3
14
7
119
7
1
118
82
74
40
5
14
64
35
26
4
3
35
3
16
38
17
91
36
118
105
276
59
6
1
78
95
22
98
94
131
195
213
6
110
28
274
2
10
33
6
16
100
104
42
138
54
121
141
85
101
41
36
54
116
53
146
5
67
215
129
27
285
110
30
159
10
5
18
13
2
66
87
177
52
41
423
43
50
12
175
10
1
701
96
199
102
46
25
5
17
219
93
55
56
109
2
24
322
22
75
50
325
913
33
30
194
2
6
44
36
90
38
19
38
58
11
7
8
147
30
10
178
105
57
6
47
339
108
162
2
36
45
20
82
4
98
8
30
138
0
138
46
92
49
126
17
53
121
8
2:43
37
6
27
35
69
197
38
140
14
47
59
2
6
49
90
2
88
212
5
20
3
93
11
89
5
402
60
50
42
16
40
45
47
26
37
189
31491
2
5
22
9
43
16
23
122
4
11
18
53
2
12
30
24
130
19
69
7
8
1
32
25
54
36
8
22
1043
37
50
22
68
92
19
71
184
47
9
290
3011
2211
328
1553
2387
686
2067
7580
1092
2144
12405
3
790
2504
3623
1341
2585
2139
1385
2
4
10
8068
8
2
20
3687
958
1533
920
5157
7
11
5
1
1427
4053
102775
1
13099
3544
1735
5973
8
25
73
9417
31396
1025
18
4
26
46
182
26
12
8
76
13
5
16
55334
180
7
157
7
2
45
57
0
1
18
131
12
27
12
1
3
1
4
2:2
11
3
30
724
14
27
19
65
2
17
46
1
20939
3093
18188
575
1668
539
334
1
87
101
665
436
532
2
3
4
1
6
42
44
52
49
4
31
1
39
1
11
19
13
22
25
4
6
30302
1513
7115
1261
57
58
64
176
100
726
122
199
2
56
269
83
15
127
11
73
41
103
98
220
348
164
36
15065
11712
2:1
163
-488057
208
189
430
255
0
115
421
881
2
660
56
125
469
92
1225
0
32
9
26
19
171
205
68
460
174
172
127
93
782
231
11
139
279
0
229
263
126
0
246
115
0
129
0
87
991
99
59
58
127
40
180
365
142
139
186
266
236
544
818
294
289
35
424
1570
0
642
539
177
34
2:177
170
0
301
61
128
3
19
16
0
3
7
0
1
66
146
201
148
29
79
0
141
68
0
612
274
332
70
445
17
0
222
363
869
426
420
307
600
203
351
1235
304
78
399
37
5
0
857
0
89
248
29
0
8
346
94
52
127
113
254
7
0
334
0
10
588
384
42
215
160
839
299
157
0
668
0
103
32
312
82
0
212
57
157
31376
115
38
0
209
223
18
1128
135
41
1679
4692
1207
313
0
2406
701
693
0
8957
4742
1154
16241
6495
9469
2
4651
22
2459
985
4175
124906
40476
9291
75
186
0
19
0
27
11010
43632
731
11
381
62
26
0
92
1
20
0
61
64
0
662
225
18640
571
0
9873
0
2717
2434
8996
2233
1692
8
25
90
52
21
114
47
0
40757
0
508
172
36
26
82
739
0
995
26971
63
1412650200
599:0
1
241:0
25
-22
54
-9
-45
261
-241
35
-42
70
-82
2
-3
22
3011
-2986
-46
14
3966
-3978
3
-1
0
398
1530
-558
-1371
14
-17
6
727
-728
0
-5
0
169
-158
0
3
-3
-10
3
0
94
-93
0
1
-6
2
213
-211
5
8
20
180
-218
7
-4
8
13
-19
17
-20
22
25
-34
-12
21
3
-27
279
-271
337
-344
-1
0
22
-22
0
5
17
-16
159
-162
106
-109
2
9
1062
-1041
-31
336
-330
4
220
-223
51
-56
76
-71
-8
5
0
-5
15
-13
5
-3
79
-74
-4
0
-2
9
0
58
-37
-23
135
0
-145
227
-210
42
-53
100
-100
342
-346
-2
5
-4
7
-7
154
-151
-2
34
-29
-2
-3
0
90
-85
277
-271
-5
-7
52
-10
-33
12
43
-57
56
-59
-4
1
-2
6
78
-78
1
7
766
-767
74
-68
21
-16
-13
717
-726
119
-91
-23
-5
-2
1
-1
4
-3
9
-4
105
85
-170
-16
4
2
-5
12
-8
-13
20
-21
148
-145
5
3
0
-8
-1
46
-36
-5
57
-55
3
-13
189
-135
66
168
-277
-9
1
33
-7
-20
9
39
-55
12
-14
596
-593
37
-37
4
107
-85
-10
-19
6
27
-31
18
-17
89
-79
37
1
-28
-10
161
-172
0
2
69588
-69578
4398
-4411
469
-470
0
14
23
-4
61
-12
-81
184
-180
8
-13
56
-52
12
-10
88
-91
7
3
-12
-1
45
-35
0
313
-29
-13
-276
9
-13
115
52
483
-645
2:0
-3
0
-2
10
36
-41
38
-42
-2
4
-2
6
-6
3
14
796
-295
-476
-39
8244
-7361
-853
-33
65
-64
-2
371
-370
1
-1
0
2
1223
-1195
-26
-6
65
-45
343
15698
-16046
1394
-1403
18
152
-176
358
-325
-25
-4
49
-50
22
996
-1017
7
1937
-1947
6
-2
0
-4
2
67
-65
50
-43
477
-469
7028
-7019
-15
-14
32
-32
7
14
2862
-2810
-67
13160
-13073
-3
3761
-3837
16
1
74
200
9192
-9475
451
1002
-1430
-44
97
-41
-56
21
-8
-14
12
4
13
3
-25
-1
3000
-3005
449
2354
-2687
-26
-78
-13
1
7
-5
-2
0
10
45
-46
533
-543
11
154
-164
24
-20
-5
6
17
92
1513
-1621
181
-181
4
-11
18
2
-19
243
-231
2
10
-20
14
54
166
631
-781
-85
0
44
-22
135
3595
-3346
-409
2
2:-1
6
-6
83
-56
966
-993
10377
-10368
305
-309
-4
27
38
-64
-2
-1
0
24428
-24387
-40
53
-54
0
183
-180
294
-295
-1
3
387
-340
8113
-8162
29
-18
1065
-1074
-3
1
39
-41
263
-261
17
1431
-1422
-8
-15
18
185
-204
465
-418
-43
-4
-1
0
7
35
-12
-26
4
-11
0
2
22
-5
41
-55
-3
7
14
-23
24
-23
0
6
13
-18
7
40
-44
9
12
33
-58
-1
2
17
-13
-1
51
-16
-39
19
-16
1
3
-8
4
-3
0
72
-73
19
596
-560
-53
7
28
144
702
-91
-779
-9
4
0
-1
149
48805
-43996
-4883
4151
-4213
-20
4
34
-33
8
-10
256
-238
5610
-5613
920
-936
44
18
-59
71
-75
313
-101
-171
5658
-5701
-1
0
1
-1
0
-1
1
3:0
1
3:0
-1
0
1
0
2:-1
3
-3
2
-2
1
-1
3
-3
2
1
-3
1
-1
0
2
2:-1
0
3
2:-1
0
1
-1
1
3:0
1
-1
-2
2
-1
1
-1
2
-2
2:0
-1
2
-1
0
1
-1
2:1
-3
2
2:0
-2
0
1
2
2:0
2:-1
2:0
-1
0
2
0
-1
0
-1
3:0
2
-2
0
2:1
-2
2:1
-2
0
1
2:0
2
-1
-2
3:1
-2
0
-1
2
2:-1
3:0
1
-1
2:0
2:1
2:0
-1
2
2:-1
0
-1
2:0
2:1
-1
0
1
2:-1
5:0
2
-2
2:0
2:1
3:0
-2
0
2
0
-1
1
-1
0
1
-1
1
0
2:-1
0
2
2:-1
2
2:-1
2
2:0
1
-2
1
-2
2
1
0
-1
0
-1
1
-2
0
2
-2
2
-1
1
2:-1
2:0
2
-2
2:0
2
-1
1
-2
2
-2
1
3:0
1
-1
0
1
-1
0
-1
2:1
2:0
-2
0
1
2:0
-1
1
4:0
1
-2
1
1
0
1
-1
0
8
-1
-6
1
7
-9
2:0
6
70
-76
5:0
2
0
12
8
-20
2
-4
2:0
2:1
-2
2:0
3
-1
0
1
-1
-2
0
1
5
-6
2:1
2:-1
3:0
2
-2
7
-6
1
-2
1
0
-1
3
-3
2
-2
2
-2
1
0
-1
5
-5
6
-6
2:0
2:1
-2
1
4
-5
2:0
6
-6
0
1
-1
6
-6
14
-14
0
9
-8
17
-18
4
-3
-1
1
0
-1
1
-1
2
-2
1
0
-1
5:0
1
-1
3:0
3
-3
1
-1
11
-11
4
-4
0
1
-1
0
1
6
-7
0
4
2:-2
2:0
6
-6
1
0
-1
0
2
-2
2
2:-1
1
2
-3
4:0
6
-6
0
3
-3
2:0
4
-2
5
-7
35
-35
4
-2
5
-7
7:0
54
-52
1
-2
-1
1
0
3
0
-3
4
-5
27
-27
1
2
0
-3
1
7
-1
-5
11
-10
-3
0
1
8
5
13
-24
-3
1
4
1
-3
-2
3
-3
-1
0
5
-5
5
-5
2
7
-9
1
-1
0
3
-2
1
-2
3
-2
2
-2
-1
2
48
-50
0
4
1468
-1472
88
-88
24
-24
0
8
-5
4
3:-2
-1
1
2
-3
9
-9
1
-1
16
-13
1
-1
-3
0
16
-14
0
-2
0
55
-54
7
-7
10
1
-9
-3
2
0
-2
2:0
2
9
-10
10
-11
1
0
-1
2:0
2
1
-1
10
-8
-4
335
-301
-31
0
2
-5
0
3
-3
3
-3
2:1
56
-50
-5
-3
19
-15
-3
209
-210
6
-6
2
-2
1
32
-28
-4
2:2
-5
2
7
-8
-1
127
-126
0
-1
3:0
19
-19
5
-4
15
-13
93
-87
-7
-2
4
-4
2:0
22
-20
-2
374
-343
-30
126
-127
2:0
8
1
374
-379
0
30
-34
2:1
4
-5
0
2
-3
2:1
3
2
-7
2
176
-178
2
138
-129
-6
-3
-2
2
3
-5
2:0
2
2:-1
36
-36
3
32
-35
4
2:-2
0
2
15
112
-126
7
-9
-1
0
6
0
-6
11
-6
2:-2
-1
0
1
32
-3
-20
-10
0
9
-8
-1
67
-48
-17
-2
3:0
9
-6
15
133
-149
6
-8
0
2
-2
3
-1
-2
3:0
142
-141
0
8
-9
0
9
-5
29
-32
-1
1
-1
11
1038
-1046
-3
2
16
-18
0
1
2
-3
6
-6
7
145
-152
2:0
14
4
-11
0
29
-28
0
-8
2:0
25
-22
-1
4
-6
1
-1
1
4
5
-9
-1
1
4
-5
3:0
2
-2
0
3
0
2:-1
4
-3
2:-1
0
6
-3
-2
3
1
-4
1
2:-1
3
-3
2:0
2
12
-14
6
-6
0
1
-1
1
7
12
209
-228
1
-2
2:0
4
243
-85
-158
40
-44
2:0
6
-6
9
-9
10
-6
148
-149
87
-89
-1
1
6
14
-18
5
-6
0
40
-41
-1
5:0
1
-1
1
11
-12
2:0
2
-2
5:0
1
-1
5:0
1
-1
22:0
1
-1
7:0
2
-2
12:0
1
0
-1
2
-2
8:0
1
-1
3:0
1
-1
3:0
1
-1
3:0
1
-1
15:0
1
-1
15:0
1
-1
14:0
1
-1
6:0
1
-1
16:0
2:1
-2
0
1
-1
1
0
-1
2:0
1
4:0
-1
5:0
1
0
-1
3:0
1
-1
4:0
1
0
-1
7:0
2
-2
1
-1
15:0
end
