v1
833
207
45
491
443
2
41
52
139
48
615
14
300
67
171
57
56
22
28
825
612
140
17
575
89
125
439
15
340
111
22
79
417
133
285
210
641
195
22
374
212
225
277
104
153
20
24
132
86
194
63
79
57
232
183
59
993
297
58
76
90
353
51
442
126
213
999
504
39
85
339
281
28
93
235
216
200
394
275
16
549
312
294
109
288
182
6
56
45
6
19
13
25
87
46
5
14
134
101
17
73
9
74
59
57
2
5
61
4
112
127
118
447
85
208
225
414
110
314
39
116
284
175
141
85
401
151
282
116
325
299
10
38
153
229
41
423
93
12
983
0
301
83
377
167
24
344
75
50
1238
33
232
208
19
107
7
8
147
433
611
81
20
184
227
225
175
70
121
8
43
86
277
51
36
2
100
54
47
61
147
2
86
212
25
3
106
92
257
398
47
252
31498
10
12
9
43
165
29
97
85
88
76
66
54
36
30
1043
109
179
71
43
95
46
56
3301
2211
328
1553
0
2387
2753
10816
12405
793
10925
2654
8082
3717
958
7626
2
5
1428
106829
16643
1735
6006
73
9417
32411
28
4
72
207
1
20
89
5
55350
102
78
7
157
54
57
146
16
27
13
10
0
2:1
11
757
190
20940
3093
10208
7980
575
1668
539
1624
532
2
7
2
47
110
31
39
84
47
4
6
40546
100
1105
336
158
11
73
144
90
684
56
36
15065
11712
1
-487980
87
287
457
24
90
210
98
13
229
259
35
1
48
21
65
37
1
338
34
211
91
0
5
65
221
0
194
28
111
65
82
65
170
95
16
304
494
54
311
32
130
72
36
51
45
72
225
15
363
0
96
152
96
10
334
203
267
57
191
22
95
140
254
405
156
13
53
539
37
5
56
54
40
56
24
96
270
182
1
10
126
22
20
11
147
39
163
42
168
39
37
84
110
87
106
104
158
902
469
68
247
0
80
22
10
47
120
55
229
127
384
135
123
39
259
30
20
152
380
41
136
291
11
22
255
44
48
1
109
115
55
12
428
50
574
83
181
216
103
9
2:15
1
247
22
208
11
4
96
13
31
3
1
15
8
11
22
23
19
15
4
20
123
3
140
175
5
20
8
32
86
35
19
38
0
6
227
116
339
99
95
0
181
262
97
16
660
4
40
182
97
198
3
384
128
3
166
149
102
170
144
27
52
196
23
124
112
92
31
1
733
199
204
2
34
962
155
40
423
109
25
158
56
207
57
635
337
467
50
86
171
85
200
128
155
96
15
446
162
16
22
142
352
10
153
65
69
393
47
272
321
45
18
40
32
261
64
132
84
2:19
118
83
322
14
38
74
83
55
142
115
31370
125
115
86
42
49
44
63
88
15
14
142
1174
68
0
413
0
7713
2762
9647
5897
1541
1247
9790
3663
423
1768
414
3
1741
3524
8093
17
26
4608
22
1526
1407
4669
1
7
1
16
1414
23796
96144
1
3543
1736
6032
41
40819
1022
69
119
0
6
38
61
25
0
60
0
19
38
9619
45012
731
132
191
2
15
9
3
13
115
46
47
13
7
34
1
9
2:17
14
20
718
14
149
18659
18846
5542
165
907
1231
189
665
681
288
0
4
11
1
10
28
52
3
44
93
31
1
30402
9800
455
58
451
202
294
131
521
24
82
50
984
53
14997
11714
-488014
326
270
98
259
21
204
165
216
179
1160
215
349
1872
440
385
379
173
93
201
153
193
161
467
199
339
488
1840
236
279
1027
306
350
126
464
641
92
237
354
686
187
835
2059
49
190
137
5
225
1
96
209
53
550
4
0
2
609
0
70
11
0
342
1853
1049
2595
0
256
0
272
85
357
330
262
92
0
354
310
285
358
455
871
0
554
713
581
341
673
31524
16
35
292
155
319
0
9691
6939
3426
17334
14373
8085
0
2814
14
5291
1039
8625
11417
0
115717
42288
36115
19336
24
0
29
330
36
227
938
43488
904
2776
33
0
157
32001
8769
149
723
402
432
18104
0
1412212200
299:0
1
399:0
1
132:0
42
-25
-2
71
-42
100
-117
-4
36
2242
-2276
199
-205
4
63
2445
-2509
32
22
-38
220
-224
46
94
-150
213
-174
-41
372
-373
1887
-1666
-135
-24
-44
341
572
-936
402
-196
-171
364
-397
154
-120
-36
-1
49
-16
-13
8
-13
13
18
-27
159
-157
-5
561
-566
85
-22
52
-115
145
-5
-141
719
-728
-1
14
1
10
-21
-3
2002
-1623
-331
5
4528
-4435
-49
-97
6
-6
26
9
-31
-5
149
-109
78
-103
-10
21
-23
38
-31
32
-12
444
-447
2
514
-539
76
-68
139
-76
-67
91
-79
7
128
-153
1157
-690
71650
-66622
-5310
-159
17
35
-22
-18
7
0
-39
25
134
-161
219
-220
42
41
-7
-65
-10
101
-8
-39
-51
72
206
-238
15012
-14253
-801
72
-76
-2
955
-938
331
-327
-4
16889
-16581
-289
-34
41
1286
-1320
100
-56
4015
-4022
6539
-6504
-53
21
2326
-1346
-995
344
16897
-17013
7818
-7970
-110
170
5495
-5649
596
-609
40
-37
3
-3
2366
-316
-2056
58
-48
0
656
-632
239
-261
105
-105
1
35
1278
-924
-386
-15
3
64
-66
8
3
56
-18
261
971
-1176
-4
-28
155
2066
-745
-1496
-45
1862
-1854
-15
12
3
13682
-13668
31
13
61
-138
381
-350
9903
-9929
2415
6023
-8442
32
-18
146
-145
5035
-5051
10675
-10104
-549
255
-182
-87
-7
38
-20
-4
4
2
4
128
-46
-100
17
117
-134
-4
14
-17
26
41
-42
44
12
-65
-14
51
-43
1
19
-8
409
682
1022
34353
-36345
26
-75
58
-69
3986
-2889
-938
-164
-77
54
-49
253
-122
-150
8
-1
-7
0
8
1
-2
-8
7
-2
-3
-1
2
-2
3
-4
2
0
-1
5
-4
0
1
-2
1
0
-1
4
-3
7
-7
-1
0
4
-1
2:-2
2
4
2:-2
2
-3
2
7
-7
5
-4
-2
0
1
2
-1
2
-4
9
-8
7
-10
12
2:-4
-2
1
7
-4
0
4
-7
4
0
-1
-2
2:0
3:-1
7
2
-3
4
-8
0
4
-3
6
-9
2
3
2
-5
-2
-1
6
2:1
-8
3
-1
2:0
2
8
-8
5
4
-11
-1
0
8
1
-5
-1
1
8
-7
-1
2
-3
7
-5
6
-7
-3
4
-5
0
5
0
-2
-1
2
-4
7
2
-8
1
-1
2
6
2
-6
-5
0
10
-6
-2
1
3
-3
-4
1
0
2
1
-3
8
-4
6
-11
6
0
-3
9
-6
5
-8
6
-5
-1
5
4
-10
0
2
0
-3
7
-4
-2
0
1
-3
6
-2
8
-10
5
-5
5
-3
-2
2
4
-1
-3
2:-1
6
-8
6
-5
2
-2
2:0
4
6
-7
-4
3
2:0
-2
3:0
2
10
-12
1
10
-9
0
1
-3
2
-3
7
-5
5
-6
1
2
6
-8
5
-2
-1
-3
3
-3
2
-2
-1
5
0
4
-8
7
-1
-2
2
-4
8
-9
8
-2
-7
4
0
-4
0
2:1
-2
3
-3
2
5
-1
-6
1
10
-10
0
-1
7
-7
3
2
-4
11
-12
1
-2
2
4
-4
0
4
-5
0
7
2:2
-12
3
6
1
2
-11
-1
12
-7
-1
-2
3
-3
11
-6
2
-7
-1
1
-2
4
-1
10
0
-8
-3
-1
2:3
-6
0
3
5
-7
3:0
-1
2
-2
8
1
-10
7
-1
-2
0
6
-8
7
-4
8
-9
-3
4
7
-10
9
-8
-2
4
0
-4
1
-2
12
-9
0
7
-7
10
-10
9
-10
0
1
3
-5
3
8
-4
-7
5
-2
4
-5
-2
3
1
2:-2
12
-3
-7
0
2
-1
6
-9
0
11
-4
-8
4:0
-1
1
0
-1
1
3:0
-1
3:0
1
3:0
-1
0
1
-1
1
2:0
-1
1
4:0
-1
1
2:0
-1
1
0
-1
1
0
-1
1
6:0
-1
5:0
1
-1
0
1
-1
5:0
1
2:0
-1
1
-1
0
1
3:0
-1
3:0
1
2:0
-1
1
3:0
-1
3:0
1
2:0
-1
3:0
1
-1
1
0
-1
0
1
3:0
-1
0
1
2:0
-1
0
1
2:0
-1
0
1
5:0
-1
2:0
1
0
2
-2
0
4
3
-3
-1
67
-70
6
-5
2
2:6
2:-7
4
2:-2
0
4
-5
1
-1
2:0
4
-2
2
-4
1
7
-8
16
-16
2
-1
2:4
14
-23
7
-4
-3
0
11
-10
2
1
-4
3
-2
1
17
-19
0
11
-10
-1
4
5
-8
6
-5
0
1
-3
2:1
-1
2
-3
0
11
36
-39
-6
5
-5
54
-55
-1
1
3
1
-1
0
-2
14
-13
1
10
-11
2:2
-7
11
-8
30
-26
0
-7
0
4
-4
13
-3
-4
2:0
-2
3
-7
2
40
1405
-1350
-65
-23
2
-8
3
1
-6
22
-22
3
15
-16
71
-68
4
0
2:-4
2
12
-1
-5
-8
1
4
1
380
-330
-56
6
-4
-1
61
-56
20
-21
-7
193
-160
-27
-5
8
119
-128
14
-8
1
-6
96
-89
-1
1
21
-29
3
34
368
-367
77
-107
-8
7
348
-350
33
-38
8
-2
1
-6
223
-89
-135
9
-1
-2
-5
2
25
-27
23
-23
4
10
155
-152
-18
2:2
5
-9
0
3
-2
7
26
-11
-4
-1
-18
16
73
-66
-22
1
187
-186
2:-1
0
143
-143
5
8
1
-15
2
8
1195
-1205
3
10
-9
-4
5
7
-7
165
-170
0
1
19
11
4
-26
-8
33
-28
6
-7
0
-1
4
-2
-1
0
-1
-3
1
4
-5
6
3
-6
2:-1
0
-2
3
-3
5
4
-6
20
16
273
111
-421
16
-18
16
-6
230
-70
-166
-4
11
3
-13
15
-9
-7
2
-2
5:0
1
-1
2
-2
8:0
1
-1
2:0
1
2:0
-1
2:0
1
-1
7:0
1
-1
0
2
-2
7:0
1
0
-1
4:0
1
-1
1
-1
2:0
2:1
-2
2:0
1
0
-1
1
-1
0
2
-2
2:0
1
0
-1
2
-2
0
3
-3
3
-3
1
0
-1
3:0
2
-1
0
-1
5:0
4
-4
1
-1
4:0
2
-2
0
2
-2
2:0
2:1
-2
1
-1
1
-1
7:0
1
0
-1
2:0
1
-1
1
-1
1
-1
4:0
1
-1
10:0
3
-3
1
-1
2
-2
2
2:-1
1
-1
0
3
1
-3
2:0
-1
2:0
1
-1
3:0
2
-2
7:0
2
-2
1
0
-1
3:0
1
-1
4:0
2
-2
9:0
2
0
-2
0
2
-2
0
4
-4
4
-3
-1
0
2:1
-2
2
2:-1
0
2
-2
6:0
1
-1
2:0
1
-1
3:0
2
-1
0
-1
0
2
-2
2:0
3
-3
0
1
-1
0
1
-1
0
2:2
-4
2:0
2
-2
1
-1
2
0
-2
9:0
1
2:0
-1
2:1
6
-1
-5
-2
0
1
-1
0
1
2:0
-1
5:0
1
3
-4
5:0
1
0
-1
3
-2
-1
0
1
0
3
-4
0
1
0
-1
2
3
-5
0
1
-1
2
-2
1
-1
2:0
1
-1
1
-1
1
-1
4
-4
2:0
2:1
-2
2:0
2
-2
3:0
1
0
-1
0
1
0
-1
1
-1
4
2:-2
1
-1
2:0
1
-1
7:0
2
0
-2
17:0
2
-2
22:0
1
-1
4:0
1
-1
8:0
1
-1
8:0
1
-1
8:0
1
-1
6:0
1
-1
7:0
1
-1
1
-1
3:0
1
-1
4:0
1
-1
5:0
1
-1
5:0
2
0
-2
1
-1
6:0
end
