v1
514
743
486
31
160
39
9
8
284
204
119
274
40
67
0
228
56
7
15
0
28
118
61
354
292
340
170
67
35
58
82
592
159
55
5
434
62
404
22
155
258
68
433
160
25
340
48
278
61
530
25
0
156
31
225
277
109
61
87
20
242
257
113
23
170
62
85
447
318
110
87
180
8
297
22
506
100
442
59
67
198
15
69
57
376
539
128
373
140
565
339
426
7
8
292
94
30
76
169
7
9
155
0
394
181
80
51
10
34
242
8
59
196
19
123
188
27
15
14
51
19
13
35
12
15
0
8
11
30
0
1
46
2
3
131
11
5
1
81
22
15
2
80
74
59
6
50
8
35
30
3
35
19
300
85
362
78
92
3
120
82
360
307
314
12
21
6
116
338
121
141
85
101
41
59
31
108
61
151
282
116
13
281
31
299
15
33
153
229
41
309
944
168
90
301
93
312
55
56
109
2
24
62
95
165
22
75
18
32
798
219
221
33
92
134
6
27
2:53
75
19
107
7
113
1
41
40
94
189
32
25
53
339
308
249
415
37
175
70
121
8
2:43
37
6
23
181
124
38
100
54
47
2
59
147
2
86
192
20
5
23
109
89
655
47
63
155
34
77
31416
5
31
55
100
82
97
154
19
76
66
54
36
8
22
932
148
28
44
108
2:71
181
3
43
4
5521
328
1553
5140
6258
1322
3236
12405
3
790
830
8298
4449
2
8020
70
4667
2466
983
4169
10
1
5
1427
106829
16642
1
7716
21
4
73
9417
32421
18
4
207
61
12
20
53
36
2:5
11010
44363
132
27
157
9
90
12
162
39
1
0
11
1
11
771
176
24033
4413
14350
1590
78
454
608
1101
532
2
7
48
1
180
7
33
44
47
4
6
30302
10004
64
176
100
726
87
103
96
35
58
269
83
142
11
73
41
103
98
732
36
46
26731
1
164
12
-488126
12
567
161
301
455
1722
924
10
277
489
28
174
151
315
669
318
168
684
30
1069
77
41
782
841
753
209
537
97
1692
0
750
359
165
416
436
2607
0
398
165
633
0
1510
135
0
1799
443
118
443
975
28
19
0
220
5
0
1142
186
2963
1250
377
59
689
909
0
422
217
367
228
31496
64
167
301
1245
575
3301
4078
18631
16241
423
3926
2146
0
9428
41
0
2
6199
0
127455
1
11311
32708
9241
179
0
33
55888
203
0
807
29
196
17452
24924
4787
26
132
52
24
31
85
40634
2752
1412757600
399:0
1
113:0
12
68
-75
418
-421
25
-22
2
-5
1637
-1422
-214
1
0
703
-518
-186
10
-5
20
19
-38
36
-4
-39
1
-1
18
-15
188
-69
-122
44
-39
153
-157
9
2:-5
0
215
-200
-12
5
-9
286
-251
63
-53
-43
1
-3
22
48
66
-130
6105
-6080
104
-106
-24
-3
4
-1
-2
3
173
-177
29
-28
-3
39
-38
4
41
-25
11
-25
22
-29
126
-116
5
-8
-4
0
117
-119
29
3
44
-48
-13
-14
76
-78
1
16
-16
2
2:0
-2
8
120
-78
-50
59
-56
27
88
-119
1
4
63
-61
-6
3
-3
4
172
-172
247
-249
0
43
-46
3
1
14
-12
-5
307
-307
6
-7
49
-44
-4
32
-32
146
-123
-16
-6
0
5
-5
27
-23
-6
14
59
-72
1
-2
5
-2
30
27
-53
69
58654
-58716
189
4249
-4349
-95
0
133
-137
-3
716
-716
1
10
-8
2
142
-144
2
0
-5
14
1
38
-52
10
359
-340
-26
-4
70
-24
8
-54
4
37
-41
36
7
-43
6
-3
2640
-1219
-1423
29
-30
25
-7
-16
1
3
-4
2
-4
0
1104
-1080
38
-59
-2
0
30205
-30206
-1
2
-1
242
20
-252
18
666
-683
93
-72
-28
1
875
-869
-12
4
-2
173
-166
68
-53
28
8759
-8790
-16
4178
-4164
-16
41
59
10942
-10645
-164
-235
24
12
-31
-4
-1
601
-601
0
1577
-1517
-56
-3
5
77
-78
50
-49
-6
43
760
-780
33
-50
-6
0
5
-5
6
7
19
-24
2
-7
75
197
-220
64
-114
1
3795
-3652
-112
26
-54
11
-17
247
-246
297
-87
-210
34
-38
25992
-25991
-1
32
-28
3
83
-84
9
265
-248
7128
-7089
-70
1272
-1270
2
-4
13
-7
261
2577
-2844
2
1
-2
1
25
-28
49
-48
9
34
-35
-1
-8
27
-10
-17
4
1
-4
3
1
3
-8
16
-13
3
29
-35
22
79
-70
-31
41
-27
4
23
150
-189
8
9429
-8044
-1381
1146
-1015
-145
12
17
-25
1
15
-6
-8
891
-868
163
-190
-2
14
-9
186
-169
1194
-1208
-10
1
-1
1
0
-1
1
2:0
-1
0
1
-1
1
2:0
-1
1
-1
1
0
-1
1
-1
1
-1
1
-1
1
-1
4:0
1
0
-1
2:0
1
-1
0
1
-1
0
1
-1
0
1
2:0
-1
4:0
1
0
-1
0
1
0
-1
3:0
1
-1
4:0
1
4:0
-1
0
1
0
-1
4:0
1
-1
0
1
0
-1
1
-1
7:0
1
-1
1
-1
0
1
-1
1
0
-1
1
0
-1
2
1
-2
2
-2
3
-3
0
1
43
-44
1
-1
0
9
-4
-5
2
0
-1
0
-1
0
2
-2
0
1
4
-5
2
3
-5
0
1
0
-1
0
1
2:0
-1
2
-1
0
-1
1
3
-3
-1
0
1
-1
1
9
-2
-8
4
-3
-1
14
-12
-2
3:0
2
-2
0
1
-1
0
5
-5
2:0
1
2
-3
1
-1
3
3:-1
1
-1
1
-1
2
-2
0
1
-1
0
16
-16
0
3
-3
3:0
1
-1
0
1
-1
2:0
22
-21
-1
2:0
3
-1
-2
1
-1
0
10
-9
-1
1
0
-1
4:0
8
-8
4
-4
2:0
14
-14
0
5
-5
14
-12
4
-5
-1
1
0
3
-4
2:0
7
-7
4:0
4
-4
0
25
691
-716
0
47
-38
-8
-1
0
3
-1
-2
3:0
1
-1
9
-9
2
2:-1
5
-4
10
-10
1
7
8
-17
0
11
2:-4
-3
3
-1
-2
3
0
-3
2:0
125
-70
-55
2
2:-1
2
-2
1
-1
4:0
51
-50
11
-9
-3
0
164
-160
-4
2
-2
0
20
-20
0
61
-60
3
-1
-3
0
47
-47
5:0
7
-4
5
181
-185
-4
42
-41
-1
6
-6
159
-124
-25
-10
3
0
-2
-1
0
56
-55
-1
29
-27
-2
0
2
10
-11
13
-13
-1
10
37
-44
2
-5
2:0
2
-2
2
2:-1
1
-1
0
7
2:0
-4
-3
1
22
-18
-4
3
-4
5
-3
38
-40
5
-4
-1
2:0
101
-101
0
5
-3
0
6
-8
2:0
5
389
-390
-3
7
-8
0
2
0
-2
4
82
-86
1
-1
0
4
0
-3
-1
2
5
-4
3
-1
-5
8
-8
0
1
-1
3:0
1
-1
2:0
1
-1
0
1
4
1
-6
7
-6
1
5
25
-31
-1
139
-76
-62
111
-101
-11
1
-1
1
-1
3
-1
-2
83
-81
34
-36
3
2
-5
5
-1
9
-11
-2
5:0
4
-4
37:0
1
-1
10:0
1
-1
21:0
2
-2
4:0
3
-3
0
1
-1
6:0
3
-3
7:0
2
-2
6:0
end
