v1
835
743
30
456
52
89
50
48
481
134
546
63
56
50
277
337
57
766
140
592
295
358
195
136
89
46
101
137
391
140
13
154
160
413
278
217
555
31
172
53
277
114
143
262
336
472
59
146
109
246
492
431
494
442
306
33
69
57
1050
221
481
88
213
189
50
185
416
8
82
304
275
392
173
312
44
250
45
352
244
51
32
112
46
5
14
124
9
1
118
82
74
59
57
7
65
57
38
17
245
85
362
293
94
131
524
304
10
39
116
284
54
121
141
85
101
41
259
151
282
404
122
214
15
18
15
83
70
229
41
528
1284
83
377
167
368
75
50
30
295
913
33
276
164
19
107
15
147
323
110
692
20
184
314
138
0
175
70
121
8
11
32
86
131
146
51
38
100
54
47
61
145
2
88
153
59
5
20
3
196
2
512
143
299
67
31431
22
9
290
44
85
69
19
76
66
54
36
8
22
1152
68
92
19
255
56
3301
2211
2
326
1553
2387
2753
10816
12405
793
830
5310
2988
3064
1387
14
8068
8
2
3707
958
1533
1407
4660
9
19
1433
15471
91358
16643
2718
4998
21
4
73
9417
32411
28
4
26
181
61
12
20
89
5
55537
157
9
15
30
219
27
13
10
2
11
3
30
851
21003
3093
10208
7980
575
2122
608
665
436
534
9
2:47
70
63
31
9
44
0
47
4
6
40306
240
100
726
379
494
11
73
144
866
26777
2:1
130
33
-488248
191
287
421
227
265
27
212
228
29
141
13
0
15
9
103
37
86
81
129
28
76
44
15
135
11
374
168
11
45
109
55
3
4
448
206
53
19
175
86
454
0
32
23
34
73
118
60
45
171
293
133
79
65
11
105
47
106
50
86
74
427
185
114
373
175
418
12
75
0
142
203
27
405
61
0
54
84
468
127
9
139
93
124
163
99
117
264
28
55
110
12
56
82
105
107
1226
113
66
93
185
15
45
14
164
8
192
28
14
19
478
128
19
0
409
30
0
244
58
134
184
28
45
74
77
209
108
349
182
25
216
11
863
180
349
0
5
172
123
86
94
1
0
26
1
41
33
56
17
11
2
2:7
19
6
17
56
134
30
133
26
147
60
13
55
18
35
3
198
115
108
71
27
322
99
475
26
35
31
55
106
27
12
126
319
226
42
39
678
17
6
31
116
51
68
44
36
102
39
131
144
0
27
52
66
136
31
276
33
277
91
65
80
425
4
54
177
299
404
285
10
195
312
111
109
26
42
213
97
123
714
78
163
0
19
338
10
119
50
1
5
8
38
34
90
34
46
15
56
20
114
81
187
90
119
13
494
89
12
0
36
147
100
247
10
231
157
230
105
547
50
43
92
452
2
87
38
0
118
106
119
64
11
26
93
19
74
39
26
95
40
57
20
22
59
25
31401
15
64
194
64
57
153
32
48
1221
37
0
283
39
108
123
287
5559
4629
3515
6132
1
1109
695
1841
1097
1154
9747
6494
423
3
2179
1744
3524
6
8038
0
47
2
0
2812
14
0
4306
1997
3147
7
0
16
0
1
5480
115874
3544
7718
50
51
38185
3646
58
11
123
232
54642
731
33
99
191
0
12
14
78
20
63
76
41
1
5
21
39
687
29
14
19
43
68
46
1
7830
10815
571
1151
4843
17988
1804
334
606
1050
166
5
2
3
17
12
15
2
1
45
14
77
6
2:4
37
69
47
30321
0
1513
8191
17
347
214
978
339
389
7
4
69
22
0
137
4
248
522
0
15101
11846
17
-485629
44
1161
423
876
41
270
582
144
25
460
1747
1027
935
491
152
1626
1111
133
126
10
337
976
130
388
440
1098
1451
1
254
178
148
126
35
1575
96
115
1354
162
58
421
147
76
1426
93
237
263
867
793
976
581
8
163
26
51
409
90
149
119
1050
2
446
157
318
1201
917
117
106
31808
221
189
1096
345
57
11289
56189
3163
4
132721
41980
37
192
55428
481
87
9
4464
38767
816
2436
1696
3
92
145
113
40398
427
581
903
839
1412375400
299:0
1
434:0
1
99:0
120
-94
8
12
877
-903
115
-73
3170
-3173
1654
1548
-2844
-382
31
-47
46
148
-54
-75
201
-259
172
589
-718
-50
62
-41
50
-59
490
-409
91
-110
14
-76
-11
8
162
252
-398
-23
105
-79
-20
25
-11
-17
29
706
-735
-2
138
-121
352
-358
-7
52
53
24
-131
10
26
8
4
56
-73
1013
-724
-177
3154
-3205
-73
42
23
1384
-1454
221
-235
62
-64
26
164
-187
103
-51
21
46
157
-254
248
182
-398
301
-207
-151
55
42
-91
-5
218
-149
-26
311
-247
79972
-73035
-6448
-594
25
-13
31
13
-52
2218
-1652
-575
29
-28
5
65
247
-318
51
-25
-21
79
364
-385
283
-341
444
605
12199
-10830
-2414
92
181
-255
-25
14
1496
-1450
246
-293
21007
-21015
145
252
-388
3850
-3853
155
0
8458
-8625
17
1578
-696
-836
-59
139
-74
389
-82
-127
43895
-44029
3606
-3649
-53
203
-218
11157
-11018
-142
553
-483
9
150
-147
4048
-4132
4376
-4361
91
438
243
-764
10
152
-174
43
37
1498
-1587
330
-305
-25
6
87
-85
0
242
285
-487
971
-768
-253
434
3671
-3668
-388
-37
930
-489
-307
520
-653
12
99
-117
4
38
-29
-6
-3
574
40298
-40824
-22
59
24346
-23884
-557
8
314
-238
8071
-8151
-2
845
-813
46
-59
1396
-1271
345
4461
-4901
184
-236
3
44
16
-57
33
-30
84
-37
-32
76
19
-89
10
-22
-18
242
-145
-5
-76
-13
0
-1
239
-24
-184
42
10662
-10664
-41
0
57
358
5
-344
9610
-9567
149
-222
267
-329
10623
-9502
-1103
145
-123
-14
1358
12853
-14265
-6
2
7
-9
2:5
-12
4
-2
9
-2
1
-7
1
-3
2
-1
1
5
7
-14
2
1
-2
5
-5
17
0
-7
1
-7
0
1
-1
-4
13
-13
4
-2
4
1
0
-2
-7
10
-8
1
-3
9
-5
-3
18
-18
15
-14
4
-2
2
2:-1
-2
1
2
-4
3
0
-2
2
1
-5
2
14
-10
-1
0
10
2
0
-5
-9
6
8
-16
13
-4
-6
8
-12
3
12
-9
-3
12
-12
-1
9
-7
3
-5
4
-3
9
-9
11
-11
0
-1
10
-11
10
-10
10
-5
-2
1
0
-2
3
-4
0
-2
8
-6
-2
5
-3
1
0
11
-12
-2
3
-3
5
0
10
-13
2
-4
12
6
-11
-1
13
-3
-7
6
-14
2:1
-3
2
13
-7
-2
11
-14
-2
5
-2
2:3
-6
0
-3
2:1
14
-10
-4
-3
2
4
-3
0
9
-4
-8
2
-2
18
-16
10
-9
2:1
-3
-1
10
-9
15
-15
2:0
1
7
-3
-5
-2
9
0
-5
2:-2
0
13
-10
9
0
-10
-2
6
-4
0
6
-3
-2
0
6
-4
1
0
7
2:-2
-5
2
-4
6
-6
6
1
0
1
-2
-6
13
-10
-5
6
-3
-2
9
-7
5
-5
2:4
-4
-7
15
-15
2:1
14
-9
2:-1
2
-1
9
-12
-1
2
-3
0
2:2
-3
1
-1
1
-3
8
-3
3
-4
2:3
-8
2:0
6
11
-1
-10
8
-13
-3
0
8
-8
3
13
-16
18
-16
9
-7
2
-2
2:-1
9
-7
2
-1
-2
2
-4
4
-1
-2
17
-15
0
-4
10
9
-15
-1
2:0
6
-3
-4
2
-1
14
-10
-2
0
-2
2
1
-4
7
0
1
-10
12
-7
0
4
0
3
-4
-2
-3
3
-3
-2
12
-12
3
4
-6
0
14
-9
-5
-1
11
2:-4
-1
9
-7
-5
2
5
-4
7
-10
3
-3
18
-12
-4
1
11
-10
13
-13
5
3
-10
10
-8
5
-5
-2
7
-6
0
-3
0
4
-2
8
-6
0
-3
12
-10
2:0
7
2
-3
-9
10
-1
-7
4
-2
0
2
-3
4
-7
4
-2
2
5
0
-8
10
-9
7
0
8
-15
6
-7
3:0
-1
1
12:0
-1
1
3:0
-1
1
-1
1
4:0
-1
1
2:0
-1
1
3:0
-1
1
3:0
-1
1
-1
1
2:0
-1
1
2:0
-1
1
6:0
-1
3:0
1
-1
1
2:0
-1
1
-1
0
1
9:0
-1
1
0
-1
2:0
1
0
-1
1
2:0
-1
0
3
-2
4
0
-4
5
4
-9
80
-80
17
1
-16
-2
1
0
10
-6
5
-10
4:0
9
-4
-5
1
2
-3
7
-6
-1
11
-6
-4
0
-1
11
4
-15
1
24
-25
0
2
2:0
-2
12
-7
-1
5
-9
16
-11
-4
3
-1
-3
5
-4
0
-1
5
6
-10
-1
43
-34
-6
6
-5
-3
41
-42
2
7
-1
17
-19
17
-18
0
-5
1
19
-4
15
-26
1
-6
1
13
-8
-5
7
-1
-6
2
5
-5
5
55
-60
1790
-1670
-94
-25
6
-4
-5
5
-1
-4
20
-19
9
-9
-2
24
-24
1
17
-18
16
-7
13
-14
6
-13
3
16
490
-404
-102
-4
1
2
3
-6
68
-55
12
-23
317
-312
23
-25
1
119
-125
14
0
2
-15
2
152
-155
8
-2
-6
1
23
-19
23
607
-628
102
-107
-2
14
-8
402
-407
5
37
-41
7
-6
3
289
-295
174
-170
2:3
19
-27
2
47
-45
3
17
147
-170
28
-26
-4
-1
9
-2
-5
6
37
-44
29
-3
-27
25
41
-48
-15
-1
-2
4
2
191
-193
-1
-3
1
3
-4
1
0
-1
1
216
-206
-10
6
15
-22
2
-2
2
8
1035
-1045
0
13
-10
-2
1
4
-2
0
226
-199
-1
-17
-12
39
-12
-25
16
-18
9
-4
-6
3
4
1
-2
-1
-2
1
-4
7
-3
-2
1
-3
2
2:-1
20
-18
2:1
0
5
6
183
-198
289
-282
-6
14
-9
8
531
-381
-147
2
-14
-3
-2
78
-78
1
-1
2:0
1
0
-1
12:0
1
-1
1
4
-5
1
-1
14
-13
-1
1
-1
1
-1
1
-1
2
-2
2:0
1
2:0
-1
5:0
1
-1
0
5
-5
2
-2
12:0
2
0
-2
0
1
0
-1
3:0
3
-3
1
2
-2
-1
2
-1
2:0
-1
0
5
-5
0
1
0
-1
6:0
1
-1
6:0
2
-2
4
0
-3
-1
4:0
2
-2
3:0
2
2:-1
8:0
2
-2
3:0
2
0
-2
3
-3
2:0
1
-1
3:0
4
-4
0
3
-1
-2
2:0
1
-1
2:0
1
-1
2:1
-2
3:0
1
-1
0
3
-1
-2
4:0
1
-1
6:0
2
-2
3:0
2:1
-2
0
4
0
-4
1
-1
3
0
-3
2
2:-1
7:0
1
2:0
1
-2
4
-2
0
-2
1
-1
1
-1
1
3
1
-4
-1
0
3
-3
0
5
-5
1
4
-4
-1
0
1
-1
3
-3
3
-3
5:0
1
0
-1
2:0
1
-1
4:0
1
0
-1
4:0
3
0
-2
3
-4
3:0
3
-3
0
2
-2
2:0
1
-1
2:0
2:1
-2
4
-4
4:0
3
-3
1
0
-1
5
-5
1
-1
0
1
0
-1
1
-1
4:0
2
1
-3
2:0
3
8
-10
2:0
2:1
0
-3
2
2:0
-2
1
2:0
-1
0
2
-2
2
2:-1
1
0
-1
0
1
-1
0
1
-1
2
-2
0
3
0
-3
0
9
-9
2:0
1
-1
1
-1
0
1
4
-3
-2
0
2:2
-4
0
1
0
-1
2
-2
3:0
1
-1
3:0
1
-1
0
2:1
-2
2:0
1
3:0
-1
0
1
0
-1
0
1
-1
0
2
2:-1
8:0
10
0
-8
-2
3
-3
1
-1
28:0
1
0
-1
8:0
1
-1
0
1
-1
7:0
1
-1
14:0
1
-1
6:0
1
-1
0
2
-2
0
1
-1
14:0
end
