v1
669
120
132
491
48
242
248
139
48
26
365
189
35
14
37
137
0
40
86
67
170
1
57
19
37
22
28
6
333
297
24
165
59
553
432
300
159
234
106
30
124
355
111
250
185
334
167
160
346
67
95
183
39
22
156
28
26
251
88
6
21
135
23
8
88
91
12
34
277
170
87
20
156
0
86
50
144
63
79
44
78
670
351
106
87
17
163
8
100
197
134
1
371
22
100
388
54
147
172
20
69
57
404
469
42
135
186
7
28
7
11
182
369
254
383
55
130
389
236
257
18
49
60
27
256
157
16
97
43
172
49
172
73
59
345
116
65
27
13
16
12
0
39
32
18
25
12
15
11
3
27
1
46
19
134
96
7
15
73
9
62
12
10
29
1
19
6
0
8
45
5
65
3
35
19
38
17
14
113
118
85
289
65
8
61
112
120
225
195
219
110
30
274
10
39
116
104
42
138
54
121
7
40
94
85
101
41
59
95
102
3
146
5
282
156
254
41
152
137
15
33
153
229
41
309
207
19
125
93
8
750
301
71
22
83
229
55
50
6
109
2
66
43
128
37
94
8
67
50
325
3
74
48
205
143
154
9
19
258
257
8
80
53
37
38
19
38
69
7
155
198
125
57
53
339
308
65
82
100
2
255
136
21
3
37
175
70
121
8
43
18
68
204
73
22
29
38
100
54
47
55
4
2
55
40
50
2
88
153
59
5
20
3
193
5
33
418
103
15
1
132
63
22
167
31493
5
2
20
9
43
194
14
39
44
173
76
8
58
54
8
28
8
22
932
0
148
50
22
68
97
14
71
15
28
138
3
47
9
3301
6
2205
328
1553
3764
1376
7580
3236
5448
6957
3
790
5704
2608
816
4449
2
14
8076
3709
943
15
1533
920
2010
27
3119
1
18
5
1
1427
106829
16642
1
7716
1
24
73
9417
32421
0
20
2
11
22
59
61
54
61
32
89
5
87
54560
863
20
7
45
112
7
2
27
18
34
23
53
46
47
16
27
11
2:1
10
2
11
2
1
754
20
36
140
20934
3093
10208
8555
1668
873
189
665
968
2
1
13
11
29
2
58
62
21
4
12
23
31
9
44
38
13
6
30302
10004
64
176
69
31
269
331
22
104
87
103
65
124
150
186
158
84
41
103
98
495
237
51
13
14815
11934
2:1
146
17
12
-488069
287
189
232
36
110
813
495
0
176
120
1427
18
192
217
0
376
353
732
425
35
185
18
0
576
553
50
403
337
189
777
5
146
312
74
252
1096
25
442
719
70
399
745
529
111
519
945
75
87
102
11
205
83
140
1733
415
23
3
22
10
361
199
31
0
115
428
219
147
85
418
448
38
1443
106
628
79
66
153
1292
20
0
237
246
692
185
7
0
186
14
368
157
280
68
607
628
0
92
0
388
682
1310
3
349
176
262
100
270
0
66
0
292
229
103
24
224
353
268
33
31776
0
33
9
173
69
27
16892
5462
4780
3129
9010
0
12753
8056
29
7134
5151
9
121362
1
53239
259
73
128
10928
44889
65
2
787
43
62
114
19217
26253
0
1725
163
42
3
132
40522
1139
307
249
42
45
246
122
0
15633
1412869200
499:0
1
168:0
2
55
-34
650
-662
-9
5
-4
4
-5
5
5017
-5018
9
-6
-1
-3
31
313
-321
-27
598
-595
409
-387
198
-38
-153
-31
30
5
-36
83
-82
148
244
-390
1
-3
239
-221
39
-39
106
-50
-44
-27
80
-79
-1
4
-8
3
10
-10
2
-3
1
-2
300
6594
-6782
-109
0
-2
3
325
-172
-131
-26
258
-253
2
87
-45
-44
7
-11
12
-13
11
-9
28
-30
9
15
145
-167
-1
0
14
-2
28
342
-365
244
-186
-76
264
-253
109
-50
-70
17
-2
-6
-9
7
17
6
-29
2:1
-3
3
5
1
447
-456
58
-56
14
-16
20
-16
108
-111
5
4
-9
1509
-1405
-104
-1
20
-18
-1
0
33
-27
2:-1
44
-48
204
-204
-1
31
-29
4
65
-58
-10
35
106
-123
-7
41
264
-98
-174
-47
1
56
-56
6
0
1
-7
2
869
-873
13
-1
7
-8
49
-56
11
-11
75
-78
51
-40
95
81
-177
-6
-4
276
-276
4
78696
-71853
-6709
-120
-2
-7
19
8
-35
22
14
-12
56
-81
11
-8
-3
6
-6
2
34
-34
-1
2:0
68
-69
104
-70
-28
693
-630
-69
2
-1
14
43
118
-57
-96
61
-84
12
-12
3
-3
48
-24
25
-44
2
-7
8021
-8011
3384
-3386
-3
-4
-1
2
-1
22
-23
14
9
6
-19
-6
4
-8
4
1858
-1809
-45
142
-127
158108
-158131
4
65
102
-141
5
49
-46
-37
903
-891
1
-12
-3
57
33
-84
5
2857
-2576
-286
-2
6
-1
-8
342
-327
70
17757
-17825
-16
0
2600
-2601
4
23
37
14
-63
15621
-14897
-732
396
-403
41
-41
0
13
14
-26
42
-43
3
1379
-1382
2315
-2314
30
52
-70
-14
5
-3
146
-26
-29
-92
49
106
-155
924
-913
929
-933
0
86
-70
16
-26
-13
42
697
-734
47
-50
20
17
-38
121
-118
203
4
60
-262
451
-460
944
-537
-160
-38
-158
-50
-1
354
-343
8524
-8535
431
-411
-11
133
-108
-16
-18
0
2:1
26050
-26018
-27
75
-13
-66
1263
-1266
0
270
-209
7400
-7361
-21
-78
310
-309
-2
288
-286
-1
1
8
58
2861
-2930
13
-11
4
50
-52
1296
-1295
2
62
-67
-1
16
-16
-1
2
53
-17
-36
38
161
-198
78
249
-264
-57
-2
60
-65
18
-17
14
-7
2
48
-58
62
-61
18
11
-29
3
28
-27
15
10
170
-202
2:1
24
-21
79
-57
-9
49
235
-295
118
5613
-3009
-2728
14
-2
-12
15
835
-526
-322
6
7
-12
25
22
11405
-11389
262
-326
-2
3
-1
29
-31
243
-190
-40
29
598
-634
-7
-1
10:0
1
-1
2:0
1
-1
1
0
-1
3:0
1
-1
1
0
-1
1
-1
1
3:0
-1
1
0
-1
1
-1
1
0
-1
1
4:0
-1
1
0
-1
1
2:0
-1
2:0
1
-1
1
-1
0
1
0
-1
1
6:0
-1
1
-1
1
-1
2:0
1
-1
1
-1
2:0
1
3:0
-1
5:0
1
-1
0
1
2:0
-1
1
0
-1
3:0
1
3:0
-1
0
1
-1
2:0
1
-1
1
-1
1
-1
1
-1
1
0
-1
0
1
0
-1
1
-1
1
-1
1
-1
1
3:0
-1
1
-1
1
-1
1
0
-1
1
-1
1
8:0
-1
1
-1
2:0
1
3:0
1
0
1
2:-1
2:0
57
-57
5:0
3
-3
0
9
-8
5
4
-6
-4
1
-1
15
-11
-4
10
-10
8
-5
-2
-1
2:0
1
3
-4
5
-5
4
-4
3:0
6
-6
0
2
-2
3:0
1
0
2
-2
-1
2
-2
0
12
-3
-9
2:0
1
0
10
-11
1
0
-1
4:0
3
3:-1
13
-13
1
-1
3:0
5
-5
13
-13
0
6
-3
2
-5
0
1
0
-1
3:0
2
-1
0
-1
2:0
1
-1
19
-19
4
-4
1
-1
4
-4
2
-2
2:1
2:-1
25
-25
1
-1
2
-2
0
3
-3
2:0
11
-11
4
-3
-1
4
-4
1
12
2
-15
14
-14
1
7
-6
20
-22
5
-5
0
1
-1
7
0
-7
2:0
13
-13
2:0
1
-1
2:0
2
2:-1
0
7
-7
6
-1
-4
1
-1
54
-55
1
1444
-1349
-81
-15
0
3
1
-1
-3
0
1
19
-14
-6
3:0
3
-3
2
6
-7
-1
1
-1
9
-8
16
2
-17
20
22
-44
2:0
2
-2
11
3
-9
6
-11
0
1
-1
0
2
1
-3
0
2
-2
258
-258
112
-111
-1
6:0
4
-4
3
-3
1
-1
2:0
61
-56
-3
7
2
288
-299
3
-3
27
-26
2:0
-1
2
35
-34
-3
1
0
6
0
-7
0
77
-70
-7
1
-1
2
-2
11
-10
13
387
-399
-2
0
56
-56
2:0
3
5
-5
272
-251
-22
23
-24
3
-4
4:0
2
2:-1
115
-115
94
-94
8
0
2:-4
0
3
14
9
-22
-3
2
14
-17
122
-119
16
-19
0
1
-1
4
2:-2
8
0
-8
0
2
0
2:-1
2
-2
18
-3
21
-33
5
-8
36
-36
9
-4
-2
-3
0
13
0
64
-76
8
-7
-1
6
-5
2:-1
0
1
-1
174
-174
3
2
0
-1
17
-21
2:0
11
517
-525
-1
-2
16
-15
0
-1
1
2
-1
-2
5
146
-151
3:0
28
-28
11
-9
5
-7
4
-3
8
-8
-1
0
24
-21
-3
5
10
-13
11
-9
-3
-1
1
-1
0
2
-2
3
-1
0
5
-4
1
-4
3
-3
0
2:1
-2
2
-2
4:0
4
-4
18
-16
-2
9
46
-55
4
189
-124
-69
2
-2
2:1
124
-108
-16
-2
3
-3
0
3
338
-339
69
-71
0
4
-4
4
-4
15
-9
-6
0
11
-10
-1
76:0
1
-1
1
0
-1
18:0
1
-1
25:0
1
-1
4:0
1
-1
1
-1
10:0
1
0
-1
4:0
2
-2
13:0
end
