v1
741
1229
52
139
48
52
444
84
35
51
500
58
56
7
161
542
489
4
284
157
575
159
136
358
195
271
435
814
538
217
420
391
277
109
148
176
86
50
286
48
148
178
301
59
199
99
217
275
297
134
494
388
54
126
213
126
809
241
506
117
22
239
967
280
106
275
16
93
129
683
250
397
178
66
83
43
27
42
51
14
7
110
13
4
118
73
9
74
123
65
112
14
231
49
195
203
78
95
120
420
329
314
39
116
146
138
316
227
410
282
717
23
46
0
2
153
270
423
85
20
132
43
808
301
448
12
56
105
4
2
24
322
22
75
80
295
193
280
163
536
6
170
38
19
38
69
15
147
323
96
14
450
262
184
38
414
34
141
191
8
43
74
12
204
73
51
138
0
54
47
61
35
60
52
88
212
5
20
3
193
38
669
63
189
31493
5
22
9
43
194
97
85
88
76
66
54
36
8
22
1043
37
251
71
231
281
3029
2211
328
1553
311
3453
1376
10816
12405
793
830
8298
1797
2652
2
8090
1
3708
943
15
1533
933
5162
1433
106829
13098
3545
7716
25
73
9417
32421
18
4
26
7
39
186
131
5
16
55412
109
45
112
54
219
27
12
11
2
11
2
769
27
86
50
13
42221
575
1668
873
189
665
970
56
220
44
42
9
5
1
40370
176
100
584
38
104
87
292
150
186
16
142
11
2
71
144
646
184
36
26777
2:1
163
12
-488189
75
477
14
237
454
164
138
310
147
81
361
134
1
367
153
41
292
340
412
294
3
143
160
121
310
105
0
120
195
294
67
76
152
42
258
41
121
145
73
57
6
49
69
319
117
118
104
60
11
418
60
1
5
156
31
35
729
0
15
163
273
63
368
453
64
11
172
150
4
27
183
151
467
97
4
5
259
262
3
211
138
120
140
84
5
10
45
0
406
13
43
306
107
42
128
19
45
27
20
92
43
88
39
55
30
339
243
66
16
29
48
288
24
137
63
26
14
99
271
17
554
313
27
36
274
54
117
236
45
5
25
451
27
15
26
33
6
0
19
0
31
17
5
3
12
7
19
23
7
47
2
150
104
36
139
36
5
2:14
3
1
28
13
3
37
33
35
57
6
0
2
107
29
203
58
76
101
196
16
433
51
109
11
255
0
402
503
121
35
191
101
74
54
3
108
61
30
116
73
29
301
13
145
130
6
31
314
991
213
5
12
0
237
40
30
343
95
385
10
83
229
105
66
232
0
56
256
36
0
292
147
168
89
112
108
17
5
264
33
92
0
132
16
72
53
203
5
195
283
35
409
275
2
36
147
357
59
0
94
4
3
229
53
252
51
53
33
0
168
67
254
6
60
31
299
39
147
0
26
71
153
106
102
92
119
0
19
21
208
0
45
26
31
111
0
46
31381
37
70
56
1
0
60
5
59
24
3
2
12
60
17
15
92
103
21
99
7
63
920
118
102
68
225
62
79
5893
384
5990
2786
0
11013
2357
7390
6494
2605
0
3
1741
1304
835
7
1394
8075
2814
14
4780
509
1014
3146
0
9
15
25211
96145
11311
40860
914
124
101
61
68
47
2:12
8
72
4
23
82
9548
1380
44363
0
323
2
55
12
0
35
63
83
4
27
25
751
29
32
164
3445
0
15193
0
573
4816
1178
12281
4890
2082
1102
1427
166
2:5
1
5
20
0
18
2
182
6
31
0
4
51
0
14
25
30312
9704
78
222
309
169
462
172
144
96
100
210
61
0
341
192
9
220
508
168
14937
11863
1412704200
299:0
1
440:0
69
-60
-3
60
-18
-39
0
3930
-3931
33
222
1559
-1650
-166
39
-37
-2
62
-62
262
-262
64
155
-178
200
-217
-23
262
-124
-79
354
-279
135
-234
-31
382
-335
-48
17
1
-22
2
2:0
89
-24
-1
-66
23
1571
-1467
87
-111
102
-28
-173
-3
161
-159
-2
27
0
-23
121
-63
-62
33
-32
27
136
-165
1
470
-394
-72
-2
66
-67
19
52
324
-394
45
43
7
369
-393
-18
187
-197
69
-93
-21
79
-43
-37
153
82
-235
255
145699
-139822
-5897
-206
-25
43
-45
28
50
-80
21
75
4
65
-75
1275
-1363
1
-3
31
-31
253
-204
42
-90
-1
51
-51
912
-910
448
11545
-3787
-8204
2:-1
28
-31
1
89
-87
1755
-1702
-55
171
-127
87520
-87559
-2
164
-163
27
1517
-1523
266
-291
73
-43
2782
-2775
-37
22
1
5
591
-518
-1
68035
-67975
4633
-4729
-63
711
-600
22437
-21813
-734
1263
-1053
205
6473
-6889
1837
-1838
3513
-3467
213
-257
-1
196
-165
113
-145
113
-58
1635
-1690
121
-118
-3
30
57
-55
-30
-1
5352
-3572
-1559
-222
36
200
6498
-6369
-263
-39
569
-585
-25
2065
-1822
-261
34
-38
30
26
-55
23805
-23750
85
-138
105
-106
244
-206
8254
-8081
-212
827
-766
-59
2:-1
76
4537
-4612
63
-4
-57
61
-63
29
-29
68
-66
114
-90
-27
30
-29
55
-54
1
-2
0
19
-18
22
-25
50
1
12
-9
-50
1363
-1344
290
30703
-26779
-4131
-105
81
2765
-1517
-1288
-40
26
-25
288
-214
-76
17829
-16584
-1246
63
-37
1581
-1513
-94
1519
-1515
2
-10
-1
11
-8
22
-22
-4
3:1
0
23
-2
1
-11
-9
9
-9
11
-16
0
5
-5
0
2
-1
0
1
-2
3
2:-1
3
-2
3
-5
1
19
-20
1
3
-2
0
11
-13
3
21
-21
-3
1
2
-3
12
-10
16
-13
-2
0
-2
1
17
2
-18
-3
1
17
-17
4
-5
5
2:-2
1
-1
0
2:1
-3
2:0
26
-26
2:0
15
-11
-2
2:-1
1
0
-1
1
15
-11
-4
3
1
-2
11
-1
-13
2
3
0
-2
2
-4
1
0
10
6
-17
1
-2
2
-2
17
4
-10
-8
2
-3
3
8
9
-17
-2
2:0
-2
1
-2
0
2
13
-14
0
2
0
14
-17
23
-12
-11
0
15
-13
2
14
-18
12
-9
11
-14
2
1
11
3
-16
-1
4
3:0
-3
0
15
-15
0
-1
3
9
11
-23
4
-3
4
-5
4
2:-2
1
2:0
-1
25
-12
-11
17
-1
-16
-1
3
0
19
-23
3
-2
2
8
-6
-5
4
-1
20
-18
9
-13
17
-17
0
3
0
-4
17
-17
4
22
-25
20
-19
0
1
0
-2
14
-14
0
17
-14
0
-4
0
1
3
1
14
-6
-10
0
-2
12
-1
-8
16
-7
-9
8
-11
-1
2
-2
2
11
-8
-2
0
-3
2
13
-12
9
-11
4
-5
3
0
-3
17
-16
0
-1
4
15
-19
1
0
1
-2
2
-2
0
4
2:-1
-2
0
2
2:-1
0
12
-11
1
2
-3
16
-15
-2
0
2
0
-2
2
0
24
-12
-11
-1
-2
2:1
3
-5
5
-4
0
-1
3
18
-3
-16
0
15
-16
22
-20
2:0
-2
0
1
-2
1
0
4
0
-5
5
-3
0
-2
0
5
7
-12
2
-1
1
3
21
-24
3
-3
-2
0
4
10
-13
0
24
1
-26
18
-17
3
1
-5
2
-2
1
0
15
-1
-13
1
0
17
-19
-1
2
0
14
-15
4
-3
21
-22
1
-1
0
-1
13
-8
-3
-2
27
-24
2:9
-19
2
1
9
-13
0
18
-15
15
-16
2:0
10
-12
2:0
21
-10
-8
-4
25
-21
-4
2
-2
24
-4
-19
-1
3
0
1
-2
2
2:-2
2
-2
0
3
2
-3
4
-5
2
-2
59
-58
-1
10
0
-10
0
18
-18
0
8
-7
7
-8
3
-3
1
4
-1
-4
9
-6
-2
16
-13
-3
2
-3
14
-14
2
-2
2:1
-2
3:0
3
5
-8
3
-1
-2
14
-14
14
-8
-6
2
-2
1
-1
3:0
29
-18
-10
2
-3
0
43
-43
0
4
21
-25
0
4
-1
-2
-1
1
-1
12
9
-20
22
-16
1
4
2:-6
3
-3
0
7
-7
3
2
-3
52
1580
-1540
-69
-25
3
0
-3
2
5
-5
7
-8
0
30
-19
6
-18
2
2:-1
0
14
0
-14
2
2:-1
2
6
-7
0
334
-201
-134
1
-1
3
-2
-1
2
0
67
-60
-8
10
-9
353
-350
-2
35
-38
7
59
-66
18
-18
13
-11
113
-107
-8
4
-4
2
14
10
0
524
-528
77
-99
1
2
7
337
-316
-28
27
-28
-2
5
-4
150
-150
127
-122
4
-8
-1
14
-14
41
-42
6
22
146
-172
14
-16
0
6
2
-5
-2
1
40
-18
9
-32
0
6
49
-41
-10
-3
7
-8
14
119
-129
2
-5
-1
0
6
-3
208
-209
5
-7
18
-18
-1
6
142
-141
-7
13
-11
2:-1
0
6
182
-187
-1
40
-40
12
2
5
-19
6
-4
12
-11
-3
1
0
-1
0
4
-1
-3
4
-1
2
-5
0
3
9
2:-6
11
-11
92
355
-328
-114
-5
1
255
-230
-16
-8
-1
1
4
-1
-5
509
-381
-128
11
10
0
-17
-2
16
-16
-2
2:0
2
-2
2:0
1
-1
4:0
6
-5
-1
0
1
0
1
-2
12:0
2
-2
3:0
4
-4
4:0
3
-3
9:0
3
-3
1
0
-1
0
1
2
-2
0
-1
1
-1
4:0
2
-2
4:0
1
-1
5:0
2
-2
7:0
2
-1
0
-1
6:0
1
-1
6:0
1
-1
4:0
3
-3
3:0
1
-1
0
1
-1
4:0
1
-1
2:0
2
-2
3:0
1
-1
1
-1
1
-1
4
-4
0
11
-11
1
-1
4:0
3
-3
1
-1
2
-2
0
1
-1
0
2
-2
4:0
1
-1
4:0
1
-1
5:0
4
-3
0
3
2
-6
0
1
-1
3
-3
1
-1
0
1
3
-4
0
2
4
-2
-4
0
2
-2
7:0
3
-3
3
-3
4:0
2
-2
0
1
-1
6:0
2
0
-2
2:0
2
5
-7
1
5
-3
3
-6
10:0
1
-1
1
-1
5:0
2
-2
3:0
2
-2
7:0
1
2:0
-1
0
2
0
-2
0
1
2:0
-1
10:0
10
-9
-1
4:0
5
-5
1
-1
3:0
2
2:-1
0
1
-1
6:0
1
-1
5:0
2
-2
0
2
-2
1
-1
5:0
1
-1
1
-1
3:0
1
-1
0
3
0
-3
2
-1
2:0
-1
4:0
3
16
-19
1
0
10
-11
3:0
11
-9
-2
0
4
-2
0
-2
2:0
1
-1
2:0
4
-4
6:0
2
0
-2
0
6
-6
6:0
1
0
-1
0
2:1
2:-1
0
2
2:-1
5:0
1
-1
4:0
end
