v1
641
55
152
2:45
749
183
52
187
8
122
6
0
101
213
46
119
51
37
1
52
410
1
57
56
7
15
0
146
415
3
124
106
59
229
88
7
16
272
157
575
159
32
28
76
96
2
260
15
420
15
16
22
12
47
20
324
10
216
118
33
93
41
144
41
25
93
270
78
17
183
132
0
139
345
156
31
191
34
277
14
58
32
29
37
54
33
20
168
74
194
63
79
48
9
0
128
11
93
85
98
104
245
125
303
169
21
85
108
189
25
109
13
100
9
0
372
433
9
126
213
47
22
10
47
31
480
404
128
7
117
104
200
30
90
154
95
87
77
117
28
93
50
8
18
27
0
209
232
107
271
17
106
275
392
173
59
11
22
514
109
273
22
208
29
12
71
18
20
24
2:8
34
46
2
3
14
7
48
78
1
118
82
26
48
40
19
46
13
5
65
3
0
38
16
55
53
6
157
29
439
8
78
95
120
225
171
24
37
182
110
304
10
33
6
116
104
180
54
262
227
59
31
166
0
3
90
56
0
102
185
129
312
0
299
10
5
0
33
83
299
0
41
457
71
0
725
258
301
83
10
312
55
56
111
24
42
171
37
72
22
75
50
187
545
245
261
33
119
57
50
6
80
128
19
38
63
6
7
8
147
30
293
96
14
206
133
0
224
46
2
36
65
82
102
38
207
170
37
1
38
136
17
0
53
121
8
43
86
6
39
86
146
51
38
100
54
47
31
30
145
2:2
86
153
59
25
3
109
84
5
257
119
136
12
46
81
4
47
116
102
34
31493
5
22
9
43
161
4
0
82
44
85
69
19
2:38
8
58
54
15
21
8
0
22
1043
109
68
111
71
181
1
2
47
3310
2211
2
326
1553
5140
6258
4558
12405
3
790
5704
0
3424
1797
1267
1387
4
8087
3708
958
2453
996
1041
3120
16
2
6
1427
106829
13098
3544
7717
25
26
47
9417
32421
18
4
26
181
47
26
20
89
5
54647
731
0
159
157
36
18
2
55
146
16
27
11
2:1
10
2:1
11
2
31
738
16
166
18640
2294
13301
8555
1668
539
523
665
802
166
2:1
3
2
3
6
42
44
50
2
45
8
31
41
14
29
47
4
6
40370
176
69
31
269
331
22
104
190
189
269
225
11
2
71
41
103
444
330
56
36
15065
11712
1
131
16
3
-487152
167
139
81
161
398
266
369
565
731
310
913
223
85
379
312
128
192
149
118
107
226
33
266
22
302
32
27
201
45
147
839
502
268
228
476
663
1373
789
373
578
691
455
349
185
112
770
34
641
109
463
221
306
107
143
310
10
199
20
12
107
99
6
361
950
70
11
926
80
602
548
595
444
87
11
716
246
45
53
1819
348
866
59
402
167
309
200
959
328
340
746
495
131
325
33
171
586
251
25
186
31744
66
423
1068
426
414
10188
9647
17264
9223
3
14426
14
1825
24547
104457
53472
118
55723
2
155
228
672
29
41
155
42212
816
1884
421
1856
167
9
35
62
31885
8555
2022
525
131
15134
1412230800
499:0
1
140:0
15
41
-52
0
3
142
-128
56
-72
11
-12
0
28
-30
0
2590
-2590
11
0
-9
-2
3
33
509
-536
-3
0
1478
-1483
-1
27
-26
45
-43
100
-86
-15
2
-4
146
-118
-26
-2
7
-7
27
143
-62
-107
1
32
-27
2:-3
0
13
-9
572
-566
-10
0
16
-15
-2
18
-15
9
-11
109
-89
-19
0
36
41
-67
30
89
-71
266
-322
7
-2
-8
7
3
19
48
-78
56
-56
26
-21
-1
69
0
-67
11
-6
-9
15
-16
49
-46
21
-24
27
124
-82
-63
-6
43
-34
-10
2
0
169
-171
47
55
-3
-98
9
-8
2
-4
73
-67
-5
81
-82
2:1
4
-1
-4
14
-12
19
-20
757
-674
-22
-62
2
-1
0
7
-4
503
-507
5169
-5045
-118
9
3236
-3245
-6
-1
49
-44
-5
2
11
45
-56
46
-45
-2
46
-46
0
10
0
-8
38
-17
-22
9
6
33
1
82
-132
24
-25
34
-33
0
10
46
-55
0
9
-4
23
-23
-7
3
108
-110
22
-21
-2
16
-6
-10
11
-11
9
194
-203
46387
-46379
4560
-4411
-157
22
3
186
-47
-162
3
12
-12
-2
64
-65
0
-2
98
-97
19
-2
20
-37
2:1
234
-232
67
2
35
-109
2
0
-2
55
12
121
-176
309
-212
-74
-25
3
-13
2
9
3
7648
-6708
-804
-146
-3
122
-99
226
-236
-12
9
11
-6
706
-714
-5
71
42
-106
140
43237
-43362
-20
-4
92
-89
-2
0
2
1
-4
1
48
-41
1226
-1232
-3
6
48
-53
-1
85
-83
0
53
-49
544
-548
12
-11
9
45
-53
311
-266
78
13512
-13547
-45
2028
-2059
26
-36
29
-28
4312
-4315
151
-153
118
32
-102
-50
5
2
4
-9
52
-10
-41
2
862
-841
1733
-1748
14
36
-57
14
0
-14
164
-149
98
8
-124
2
5
11
30
-44
334
-337
0
80
-49
-28
2
45
388
-421
-17
6
5
80
-20
-72
634
-534
-28
-68
3344
-2615
-733
2
3
0
30
-27
55
305
-355
-13
32
38
-60
29
-39
2:6
25688
-25694
27
39
-71
3196
-3195
339
-330
46
8179
-8205
-24
8087
-8094
0
-1
563
-277
-232
4462
-4508
-2
0
6
213
-213
45
-41
-13
7
19
-25
-3
4
9
-8
36
-34
163
-170
0
7
35
-42
8
22
-28
68
-59
8
-14
11
12
-12
-15
43
-45
4
-3
-1
5
0
-2
3
30
-30
16
-22
5
0
530
769
-830
-474
6309
-6308
74
-74
1
7
293
-37
-201
-64
62
-29
-25
921
-917
635
-647
0
9
60
123
-32
-153
-4
4
11
-18
-1
0
1
-2
2
3:0
-2
0
2
-2
1
2:0
-1
1
3:0
1
2:-1
1
2:0
-1
1
3:0
1
0
2:-1
0
2
2:-1
0
2
-2
1
2:0
-1
2:1
0
-1
0
-1
1
-1
1
-1
1
-1
0
1
0
-1
1
-1
2:1
0
-2
0
2
-2
1
2:0
1
2:-1
2
2:-1
0
1
-1
2:1
2:-1
1
-1
1
2:0
-1
2:0
1
-1
1
-1
1
2:0
-1
0
2
2:-1
1
-1
1
-1
0
1
-1
2:1
-2
1
3:0
-1
1
6:0
-1
1
0
-1
2:0
1
-1
2
-2
0
2:1
-1
2:0
6
-5
7
-8
5:0
1
58
-59
0
1
-1
2:0
9
-1
-5
2:0
-1
-2
0
1
0
1
-2
0
1
-1
1
-1
7
-6
-1
8:0
2
-2
2
-2
1
2:0
2
-2
-1
2
1
-3
3:0
1
-1
2
10
-12
2:0
2
-2
6
-6
6
4
-10
5:0
2
0
-2
14
-14
3
-3
2
-1
0
-1
2
2:-1
4:0
3
-3
0
15
-15
2:0
3
-3
1
-1
3:0
6
-3
6
-9
2
-2
2
-2
0
1
-1
5
-5
0
1
-1
2:0
1
-1
0
2:1
2:-1
6:0
6
-6
3
12
-11
-3
8
-9
2:0
29
-29
3:0
5
-5
6
-6
0
4
-4
0
2:6
-12
3
-2
-1
0
3
3:4
-15
3
-3
5
-5
1
-1
9
-8
0
-1
3
5
-8
2:0
4
-4
4
-3
-1
2:1
-2
3:0
30
-30
1051
-1051
69
-56
-13
1
0
4
-5
0
1
2
3:-1
1
0
-1
12
-12
2
0
18
-19
-1
0
40
-40
2
0
13
-15
1
0
-1
10
1
-10
4
-1
-2
0
3
-3
-2
1
0
-1
156
-117
-35
-4
1
-1
1
0
-1
1
2:0
2
54
-54
-2
-1
14
-9
-4
145
-146
2
-2
21
-21
3:0
2:1
-2
4
-4
87
-87
0
3
2
-4
-1
6
-6
0
5
-3
58
-60
3
-3
3:0
12
-6
19
207
-222
-10
61
-61
4
-4
6
-4
190
-191
10
-11
2
5
-5
-2
1
-1
2
-2
8
-5
-3
2
60
-62
85
-83
2
-3
0
-1
0
1
15
-15
0
20
-21
2:0
3
5
-8
69
-68
0
3
-4
2:1
4
2:-3
0
2
-1
1
19
-21
14
-7
-2
-5
59
-45
-14
5:0
2
59
-60
0
4
-1
-4
3:0
1
99
-97
1
-1
-3
3
-3
1
-1
8
664
-671
1
11
-13
1
-1
13
-2
-9
122
-123
2:0
4
9
-14
22
-22
5
-3
13
-14
-1
2
6
-7
0
2:1
-3
0
3
-3
2:0
4
-3
2
2:0
-1
1
-3
1
-1
2
-2
3:0
2
-2
1
-1
1
-1
6
-6
0
1
7
24
122
-154
215
-215
3
-3
2
1
-3
1
10
-11
6
1
-7
102
-100
89
-91
0
2
9
-7
7
-10
-1
2
0
-2
19:0
2
-2
6:0
1
-1
28:0
1
-1
0
2
-2
8:0
1
-1
36:0
1
-1
9:0
1
-1
8:0
2
-2
3:0
2
-2
4:0
end
