v1
860
240
57
72
215
159
27
3
357
99
52
115
24
48
268
33
141
54
50
34
35
51
2:37
63
336
27
1
38
13
6
19
37
7
15
17
0
188
18
82
78
103
34
47
75
46
62
103
58
266
16
142
95
35
140
7
10
275
5
295
159
32
23
51
30
77
29
28
224
66
103
26
136
135
101
76
0
152
96
10
194
16
124
167
144
16
50
150
75
138
51
43
173
11
61
134
22
393
6
21
33
102
31
35
53
137
277
72
32
10
19
0
112
56
218
72
0
122
63
79
48
9
139
93
7
78
98
104
158
8
44
83
77
193
110
104
60
111
292
5
0
25
109
1
60
3
26
23
9
250
122
132
0
216
0
7
8
25
40
14
59
67
173
2:20
36
0
33
10
47
31
373
51
0
237
117
64
1
23
18
135
104
117
106
185
183
119
70
119
68
28
81
12
288
163
193
7
8
263
29
94
106
169
16
43
50
404
24
98
286
56
17
169
8
59
45
5
172
116
178
9
5
23
29
51
6
2:13
18
22
3
12
7
8
17
25
6
40
2
3
14
133
1
118
73
9
12
14
40
8
40
5
4
10
6
8
45
5
35
26
4
3
35
19
38
17
127
118
426
21
78
7
88
103
17
0
27
67
131
160
35
31
34
154
110
28
70
0
49
157
10
33
6
116
185
99
54
16
105
7
134
85
101
41
90
166
3
146
102
170
15
116
13
27
248
6
17
14
19
91
166
23
10
5
18
13
2
66
17
70
229
41
309
114
85
8
12
175
9
41
48
614
96
189
112
93
367
56
111
24
213
131
8
67
50
30
185
110
473
163
277
33
30
0
8
9
129
10
38
8
27
11
42
90
0
38
19
38
69
7
8
147
323
57
53
206
128
5
171
99
0
2
0
36
45
20
182
0
2
360
48
7
37
34
141
0
70
63
58
8
43
80
2:6
17
3
251
51
38
100
40
14
47
2
57
2
6
36
85
18
2
88
112
41
59
5
20
3
104
89
0
3
2
33
118
0
106
194
119
40
45
47
21
42
37
76
42
34
82
10
31401
5
2
6
14
9
12
0
31
112
49
33
14
8
20
0
4
7
42
2
47
38
69
19
2:4
68
0
8
58
54
8
7
21
8
22
944
99
37
28
44
68
111
71
181
3
47
9
3301
2211
328
1553
3073
2067
667
6914
1804
1431
1500
1161
7709
2035
3
1620
4874
423
3001
925
0
872
1267
1385
2
14
8068
7
1
22
2805
0
882
0
943
15
1533
920
3
10
474
1523
3147
6
2
8
2
5
1428
1042
3011
102776
13099
3543
1
1735
5981
25
26
47
9417
846
31572
21
4
72
81
115
12
20
53
36
5
6682
4333
43632
160
571
9
150
157
7
2
27
18
57
99
63
27
12
1
0
4
6
2
11
2
17
709
7
22
14
16
114
46
6
20934
3093
10208
7977
3
575
0
1586
82
326
213
334
189
665
436
330
202
2
1
2
4
0
2
5
38
2:1
2
47
11
38
17
28
39
6
34
1
43
22
16
9
4
5
1
30302
0
8628
1261
115
64
150
26
100
725
1
75
12
199
47
46
336
16
82
60
11
45
28
41
103
308
23
272
63
164
36
15
13
14801
0
236
11712
2:1
139
24
12
60
-486951
19
10
411
482
312
369
59
1039
329
745
38
178
338
343
8
340
382
104
592
91
341
55
164
260
168
82
59
80
567
82
89
911
42
501
91
102
291
889
118
414
1462
12
7
287
774
19
335
77
1118
455
865
320
6
199
21
30
73
140
47
290
1
48
29
191
237
48
20
542
175
354
70
145
701
360
111
258
374
556
1418
313
732
357
52
850
183
0
916
28
37
40
294
12
370
20
286
905
277
421
104
349
176
57
60
26
439
50
1247
84
153
242
31659
263
92
1207
53
396
47
16897
19782
8309
1747
11614
37510
96144
0
11290
32730
5528
3639
65
339
36073
19884
0
20
60
71
742
92
2
42
7
7837
20615
9046
5707
2909
1087
21
146
72
89
17
40913
331
0
1114
211
0
1412907000
699:0
1
159:0
15
1
-14
25
-2
-23
14
1
76
-78
-7
21
9
-36
2:0
8
-8
6
2194
-2198
43
-8
-37
15
-13
8
2:-4
152
-145
2796
-2782
6
-28
0
3
0
58
-60
-1
4
0
57
-15
-2
54
-98
7
-8
1
2
34
171
-206
9
0
11
164
-126
-54
8
-14
34
-34
2
-2
245
-236
-5
15
257
-194
134
-215
0
8
411
-401
78
-97
22
115
-137
3
38
-29
5
65
-81
4
-3
13
193
-204
15
-18
81
92
58
-222
43
-50
-3
262
135
-390
-4
1
-3
2:0
7
73
-80
0
4
17
-12
-6
22
-8
250
-267
1
47
-48
-1
5
-5
8
29
-27
19
3
21
102
-149
-5
0
47
-44
2
479
-483
30
-30
3
-3
126
-120
-2
-5
0
1
-2
6
2
44
-48
-1
1
-3
228
-228
0
28
-17
22
-33
-1
1
0
60
-4
-55
19
-11
24
-22
-10
10
5
-13
4
70
-76
-2
10
866
-871
9
-10
-4
3
50
-23
-30
0
306
-302
153
-107
-48
-2
14
47
-61
7
9
-13
-2
137
-134
-2
15
-15
9
-5
706
-712
8
377
-375
-4
-6
160
-133
-25
636
-638
48
-42
-3
204
-207
19
-6
15
106
-132
51
47
-100
415
-407
58
-62
47
-38
3
-15
4
-5
2
-2
46
239
-265
57
-76
5
35
-24
91
-96
99
-110
24
-2
-21
21
-22
169
1
-117
-52
37
-39
2
4
-3
7
246
-253
-2
0
-1
5
94185
-94070
6340
-4619
-1836
21
16
-39
4812
-4812
149
-32
-109
174
-180
-3
43
-40
-3
32
15
-43
0
-4
2
-4
0
10
15
-23
-2
576
-564
59
-63
288
-6
-261
3
-9
23
108
-114
-34
3
-7
0
2:4
-3
-5
3
305
-303
18
10
172
-200
68
-31
-44
10082
-10078
938
-888
-48
2
4
-10
3
57
-29
11
0
-41
-3
4
8
5
-8
-7
50
-40
-11
0
1339
-1303
-35
287
-260
-25
80250
-80219
130
30
-192
-3
37
-21
-12
11
1
-1
-12
33
1
-30
1
1871
-1877
0
52
35
-75
33
-2
211
-253
7
3331
-3315
-24
3
-1
-4
30
-23
2878
-2466
308
-637
14590
-14496
-184
668
4552
-5212
104
-109
6
41
1148
-1083
-101
8075
-5744
-2307
276
-304
-9
0
-1
114
-113
2:0
25
-22
6
-8
20
67
-89
0
1
-1
3
7022
-7021
9
936
576
-1525
3
79
-24
-57
0
1
16
-3
74
-86
2:-1
0
200
-178
-17
509
-514
3
504
-341
-163
-4
190
-32
-155
25
187
-209
-5
940
-923
55
-64
2
9
-15
73
-66
64
-63
19
-13
-6
-7
138
105
717
-818
-145
128
-131
9
-5
1491
-1491
1
0
466
-471
10
-10
5
21
-15
-6
19
-11
7
796
-795
19
-40
263
-260
4
1
8
-2
-12
49
-49
1
4
-6
1896
-1896
27
532
-560
2
16258
-16252
46
-45
3
142
-150
23
143
-158
-3
335
-294
-2
6388
-6429
1
6
565
-574
-5
6
11
74
-88
1444
202
-1642
-2
-1
8
-7
-5
35
182
-214
7
112
-113
2
-6
96
-76
17
-32
-3
5152
-5127
29
338
-378
-17
-1
0
-3
16
293
-304
-5
0
27
37
-52
-12
3
-2
0
-1
27
-22
438
-438
203
-190
19
-31
60
8
-72
17
-12
0
-1
-5
2:6
36
-6
-5
-36
1
3
1
72
-79
223
950
-1167
2:-3
86
281
-363
877
-874
0
-1
-3
246
22461
-22489
1145
-1319
50
2666
-2763
200
-194
-6
11
-6
5
-7
204
-205
6
1494
-1444
366
-424
0
2
50
-23
-16
-11
1
-2
2:0
66
40
-57
171
4128
-4346
-3
-2
0
1
-1
1
2:0
-1
0
1
-1
1
0
-1
0
1
2:0
-1
0
1
-1
1
0
-1
1
-1
0
1
3:0
-1
1
3:0
-1
0
1
2:0
-1
1
5:0
-1
1
0
-1
2:0
1
0
-1
1
3:0
-1
0
1
0
-1
0
1
0
-1
1
0
-1
3:0
1
-1
0
1
-1
1
2:0
-1
0
1
3:0
-1
1
3:0
-1
1
7:0
-1
1
-1
2:0
1
4:0
-1
2:0
1
4:0
-1
2:0
1
0
-1
0
1
-1
1
-1
2:0
1
-1
0
1
-1
0
1
3:0
-1
1
3:0
-1
1
2:0
-1
0
1
-1
0
1
2:0
2
0
-2
2:0
4
-1
-3
2:3
-6
2:0
1
-1
0
103
-102
-1
2:0
1
-1
0
1
-1
18
-16
21
-19
2
-6
3:0
1
-1
4:0
19
-19
7
-7
2
-2
0
1
4
-3
-1
3:0
3
-3
-1
2:0
1
-1
5:0
2
-2
3
-1
-2
0
3
-1
0
-2
0
3
9
-12
3:0
1
6
-7
2:0
7
-5
-2
2
-2
1
-1
0
1
0
-1
3
7
9
-19
5:0
1
15
-16
0
1
3
-3
2
-2
1
2:-1
1
-1
2:0
1
-1
0
1
-1
6
-4
-2
10
-10
2:0
2:1
-2
2:0
2
-2
1
-1
5
-5
7:0
3
-3
3:0
8
-8
0
8
-8
2
-2
3:0
2
0
2:-1
1
2
0
-2
0
-1
2:1
-2
1
-1
6
-5
-1
3:0
1
5
-5
-1
0
55
-55
7
-6
-1
0
1
-1
0
1
-1
2:0
67
-67
7:0
3
6
-5
-4
0
39
-38
0
69
-69
1
-2
0
22
-22
14
-11
4
-5
-1
8
13
-22
27
-27
2:0
4
-3
2
-3
4
-3
-1
0
10
-9
-1
7
-7
0
3
-2
11
-7
8
-13
6
-3
0
-1
-2
8
0
-8
2
1
-2
-1
2:0
2
39
-41
1
0
-1
1
1571
-1570
94
-68
-27
5
-1
-5
10
-10
3
32
-31
-4
3
-2
7
2:-4
1
11
-11
3
-4
1
-1
0
3
-3
2:0
13
-11
1
-1
-2
96
-94
-1
9
-4
6
33
-43
-1
2:0
-1
1
0
-1
1
14
-15
8
-5
-2
0
9
-4
-6
373
-373
46
-42
-4
0
3
-3
0
2
0
-2
3:0
3
-2
-1
1
-1
0
8
-7
0
70
-62
-8
19
-11
-7
171
-170
-3
28
-28
0
6
-6
2
0
-1
2:0
1
5
-2
1
107
-113
0
2
11
-13
8
2:0
-8
2
99
-93
-8
2
2:-1
0
5
22
-23
36
-39
413
-374
-40
2
100
-102
3:0
6
11
-17
7
394
-312
-82
27
-33
-1
2:0
12
-10
-2
0
3
-2
0
-1
1
5
-6
1
-1
0
1
227
-228
2:0
126
-126
0
10
2:-5
0
2
-2
5
-2
-3
4:0
3
-2
26
-27
2
1
30
-32
-1
5
0
-4
3
30
-33
-1
163
-163
8
-8
2
-2
2
6
-6
9
-5
-3
2:0
-3
4
34
-5
-23
-10
10
-10
2
-2
64
-64
2:0
23
-22
-1
2:0
3
2
-1
-3
-1
10
176
-184
0
-1
7
-8
2
3:0
-1
1
-2
2:0
2
0
-2
4
-4
0
2
151
-153
5
-4
-1
19
-16
0
15
-18
2:0
2
11
994
-1007
1
2
24
-27
2:0
2
5
-7
7
142
-148
1
-2
2:0
1
17
8
-23
3
-5
8
-3
-5
24
-19
-1
1
0
-6
7
2
3
-10
-2
2
-2
0
2
-2
1
0
-1
8
-5
2:-1
0
-1
2:0
6
-6
5
-2
3:1
-5
2:2
-4
1
-1
0
-1
0
1
-1
5
1
-6
3:0
5
12
-17
15
-14
1
-2
0
12
-4
-8
221
-220
0
-1
2:0
347
-347
110
-105
-5
248
-248
22
-21
-1
1
-1
8
-8
10
-10
0
186
-183
62
-64
-1
2:0
7
2
-9
2
-2
2:0
7
-1
2:-3
25
-23
-2
18:0
4
-4
32:0
1
-1
0
1
-1
4:0
1
-1
8:0
1
-1
9:0
1
-1
11:0
1
-1
25:0
3
-3
11:0
1
-1
8:0
1
-1
0
2
-2
3:0
1
-1
5:0
end
