v1
729
187
556
407
270
48
496
84
0
35
14
174
193
228
56
7
43
195
419
46
165
612
732
159
117
19
76
282
195
160
111
101
334
194
41
24
75
126
41
160
166
27
498
132
85
54
251
94
21
135
31
88
137
277
72
37
148
176
86
50
144
63
79
48
170
71
85
202
216
120
337
104
163
8
269
162
494
442
147
192
69
0
57
809
106
69
252
53
273
278
637
55
361
271
34
89
275
16
93
283
157
156
118
54
294
59
45
416
65
27
29
12
71
25
0
18
38
31
46
5
142
6
13
83
7
43
45
9
20
6
48
40
19
0
14
50
61
4
38
3
16
38
17
14
113
167
325
73
173
120
225
160
35
329
314
33
6
116
284
54
121
47
94
85
101
41
59
200
146
5
282
441
299
48
153
229
41
309
199
20
7
218
758
275
26
71
22
176
136
220
2
0
368
75
50
325
3
470
163
13
35
229
257
8
80
128
19
38
69
7
8
147
323
110
339
308
65
82
102
391
61
175
70
121
8
11
32
290
73
51
38
100
54
47
59
2
95
50
2
88
153
59
5
20
3
104
89
5
554
15
86
47
63
189
31493
5
22
9
43
46
66
135
44
85
88
4
72
66
54
36
8
22
1130
22
68
111
71
166
15
3
0
56
3301
6
2205
328
1553
3764
1376
7580
3236
5448
6957
3
790
8309
819
3064
1385
0
2
8090
3709
943
15
1533
920
5175
6
1427
123471
1
7741
73
4
9413
32421
22
92
158
30
20
53
36
5
55378
152
7
45
112
7
2
15
12
18
57
162
27
12
1
12
11
2
1
897
47
3451
13405
4084
3093
10208
7980
575
238
1430
873
189
665
802
166
2
8
17
31
44
14
62
28
32
40
82
9
4
6
30302
10004
64
176
69
31
622
104
87
644
0
142
11
73
41
103
90
740
36
15
13
26749
2:1
146
17
12
-488345
28
161
30
199
0
602
219
21
115
38
60
242
0
17
418
226
62
252
1422
26
3
213
29
205
487
9
0
255
106
60
3
353
381
152
115
207
43
94
0
221
0
500
339
718
141
80
567
82
96
5
667
215
205
65
204
110
87
193
37
470
128
365
69
432
373
177
82
291
288
181
0
177
57
47
89
430
531
159
330
164
241
83
40
100
72
218
129
50
595
106
65
0
286
172
123
223
152
7
42
7
49
24
328
118
20
51
42
33
0
200
112
42
85
2
18
0
98
90
88
45
13
86
651
70
133
12
273
129
1146
135
60
68
90
21
280
13
0
27
52
66
130
1
22
24
299
5
99
873
0
144
43
459
541
87
85
13
7
93
169
115
5
45
6
135
42
171
139
0
85
68
539
68
89
248
291
92
6
78
10
52
127
71
44
259
29
73
85
221
623
83
202
10
56
191
157
3
497
3
55
16
268
51
219
1
50
63
68
362
0
94
127
30
27
61
96
10
121
73
119
0
12
224
225
14
0
32
31465
79
66
42
118
124
85
18
1110
0
111
0
7
30
240
143
47
102
21
3634
4090
2065
0
15458
0
17013
2605
3
2613
432
2236
8040
6
31
22
7110
474
4669
17
121362
11261
102
41792
75
15
0
98
29
14
40
74
11
0
80
11037
0
44755
2
132
47
4
14
46
2
741
43
104
0
9
19280
5994
18070
2189
11
1697
17
18
51
0
2:47
16
5
21
5
9
20
47
56
31816
8969
22
424
238
94
96
93
1271
71
15089
120
2079
1412875800
399:0
1
328:0
610
-601
0
7
109
-116
2
0
4164
-4152
-13
-3
586
-73
-506
378
-383
7
57
-21
60
47
236
-294
-87
3
197
-204
14
61
-72
114
-121
0
-1
51
-48
410
-409
8
-8
44
-43
9
-9
-3
71
222
6208
-6498
-3
199
42
-239
442
-419
-26
187
-153
-27
12
-14
-3
88
-51
-33
0
4
-8
10
14
-8
53
-68
11
302
914
-1150
251
-326
0
117
-121
7
44
-11
-13
-27
-1
3
-1
5
-6
24
111
-91
-22
6
-7
-21
3
-4
38
130
-158
-8
20
-22
17
414
-422
38
-42
0
1230
-1231
201
-190
0
53
-7
-54
141
-119
-28
108
319
-422
32
8
-38
-2
-1
9
16
-24
1050
-1050
-5
-2
10
63
-14
-47
-11
86
-41
77
186
-304
7
-5
178
90621
-90805
5842
-5589
-253
28
-14
20
-27
4
14
-25
10
-9
6
-5
29
-18
38
7
148
-175
550
-562
17
-37
5
44
57
-86
54
-61
32
4
-37
40
85
0
13787
-3400
-10516
-1
-6
35
177
-204
21
0
-22
76
-72
1598
-1555
167
63
-260
5
173131
-173159
187
-168
22
68
-75
1349
-1378
44
-37
8
-1
19961
-13475
-6464
-29
-12
962
-946
224
79451
-79650
-39
3663
-3664
7
50
-11
-33
27563
-26722
-818
498
-535
0
12
-7
21
-18
-5
-1
1361
-1309
2780
-2760
220
-289
-3
5
-8
255
-224
38
-68
131
-103
86
1249
-1360
189
-176
2:-2
94
-84
-12
44
-50
1
-6
491
-490
405
-24
-128
-248
344
-326
2183
-1424
-426
-166
3
-195
853
-851
24
0
7741
-7569
-151
-45
69
-61
3
18763
-18774
105
-104
1229
-980
-194
-58
5900
-5833
192
399
-656
52
-26
-23
41
3691
-3736
3
59
-58
1072
-1067
0
-7
102
-104
3
47
-23
66
-67
77
136
-222
-6
-9
-2
10
468
-187
-291
4
2
-4
2:67
-133
77
-79
-1
32
-30
-1
1
1158
-1141
228
-49
-173
10
507
-532
5938
-5863
237
-319
94
10725
-8766
-2053
-3
2
1007
-575
-429
0
19
-16
20673
-20649
1052
-941
897
-1015
-20
0
257
-82
-154
-12
569
-581
-6
0
2
-2
-1
0
-1
1
4
-5
4
0
-3
0
1
3
-4
1
0
-2
1
3
-1
-3
2:1
-1
0
3
2:-2
0
1
4
-3
-2
0
5
-4
0
1
-1
3
0
-2
2:1
-2
1
3:-1
1
-1
0
3
-1
2
0
-1
-3
4
-1
-2
4
-3
2:-1
2:2
-3
0
3
-3
3
2:-1
1
-1
1
2
-2
-3
2:1
2
0
-3
-1
5
-4
2:0
4
-4
3
-3
-1
2
1
2
-5
0
5
-4
2:0
2:1
0
1
-3
2
-3
4
-3
0
3
-4
0
2
3
-3
-2
0
2
2:0
3
-5
1
0
1
0
-1
2
-2
0
-1
1
-1
1
4
-5
2:2
-1
-3
1
0
2
-3
1
0
1
0
3
-2
2:-1
1
2
-1
2:0
1
-4
1
0
-1
0
2
0
-2
2:1
-2
4
-4
0
3
1
-4
1
2:0
-1
1
3
-2
-1
2:1
-1
-2
3
0
-2
-1
3
1
-4
3
0
-1
-2
3
-2
2:0
3
0
-3
-1
4
-1
1
-3
1
0
1
-3
0
1
3:0
-1
2
1
-1
0
-2
0
2
-1
3:0
2
-2
2
-2
-1
3
-2
2:1
-2
3:0
2:2
-5
2
0
-1
1
-2
2:2
-4
5
-2
-1
2:0
2
-4
2
-1
0
3
-2
1
-3
1
2:0
-1
1
0
1
-2
1
2:0
-1
2
1
-3
2
-1
0
1
-2
2
2:1
-2
2
-2
2
-3
0
-1
3
-1
2
-2
-1
0
-1
4
-4
2:0
4
-1
-2
3
-4
1
0
-1
3
-3
0
1
2
-2
3
2
-3
-1
0
62
-63
0
1
12
0
-13
5
-5
0
21
-18
8
-5
-2
-4
4:0
1
0
-1
3
-3
4:0
5
-5
1
-1
11
-10
1
-2
0
1
-1
1
2:0
17
-2
-16
1
0
-1
23
-23
1
2
-2
0
-1
1
4
-4
-1
0
1
0
-1
8
-8
2:3
9
-15
10
-7
0
2
-5
2
-2
2:1
-2
0
2
-2
3
-3
0
31
-24
-6
2
-3
0
1
-1
2
55
-55
-2
0
4
-2
4
-6
17
-17
0
38
-34
15
-1
-16
-2
16
-15
-1
2:0
1
28
-29
0
7
-6
2
0
-3
3
-3
13
-11
-2
1
0
4
-5
1
-1
0
6
1
-2
-5
3
1
41
1567
-1612
99
-80
-15
-1
1
-4
2
19
-13
-8
1
2
-1
2
0
-1
8
12
-5
-16
20
32
-52
0
-2
1
10
-11
14
-9
0
-3
-1
4
-1
0
317
-184
-136
2:0
-1
6
-5
0
3
-3
2
3
50
-50
-4
11
2:-6
323
-317
26
-33
1
0
-1
51
-51
14
-6
-5
0
102
-105
6
-6
1
19
-19
22
455
-464
-13
76
-77
0
3
5
-7
421
-354
-67
28
-28
1
0
-2
2:1
0
2
147
-149
110
-97
0
-9
-6
0
5
17
-21
23
-23
2
1
12
118
-132
25
-27
4
-2
3
1
-4
-2
1
0
-1
3
-3
27
-10
13
-29
3
-4
40
-40
10
-8
4
-5
10
-11
17
1
67
-76
-6
-2
1
-1
0
201
-200
6
-6
18
-20
12
-12
624
-620
12
-16
0
3
-2
2
3
161
-166
-1
32
-32
14
-12
8
-10
0
9
-4
25
-27
5
-1
9
-11
-4
-1
0
2:1
-2
0
1
0
1
-2
1
9
-9
3
-1
-3
1
-1
1
-1
2
-2
3:0
8
11
-19
3
6
71
-79
1
231
-156
-75
-1
0
151
-128
-22
0
-1
1
405
-405
73
-75
5
0
-5
2
22
-18
-5
-1
11
-8
-3
7:0
1
-1
1
3:0
-1
3:0
1
0
-1
0
1
-1
0
1
-1
2:0
1
-1
3:0
1
-1
22:0
1
-1
0
1
-1
5:0
1
-1
2:0
1
-1
2:0
1
-1
17:0
1
-1
2:0
2
2:-1
3:0
1
-1
0
2
0
-2
0
2
-2
8:0
1
-1
4:0
1
-1
1
-1
3:0
1
-1
8:0
1
-1
3:0
1
-1
4:0
1
0
-1
0
2
-2
0
1
-1
9:0
2:1
-2
4:0
1
-1
5:0
1
2:0
-1
2:0
1
-1
1
-1
2:0
1
-1
2:0
1
-1
1
-1
2:0
2:1
-2
0
1
2:0
-1
2
-1
0
-1
0
1
-1
4:0
1
-1
3:0
1
2:0
-1
14:0
1
0
-1
1
2:0
-1
0
1
0
1
-2
1
-1
2
-2
3:0
1
0
-1
0
1
-1
1
-1
11:0
1
2
-3
2:0
4
-4
2:0
1
-1
2:1
2:-1
2:0
1
-1
1
-1
2:0
1
0
-1
1
-1
3:0
1
-1
2:0
1
0
-1
0
end
