v1
714
63
124
110
238
4
97
96
11
381
27
78
0
52
139
48
26
53
315
102
119
14
7
0
167
193
143
28
38
2:19
37
7
15
28
533
81
19
27
0
165
74
250
215
73
140
7
10
211
212
152
159
55
81
26
172
51
109
195
11
0
133
127
34
39
5
3
20
76
24
128
25
81
212
23
144
122
326
175
5
67
95
140
32
11
10
122
63
22
152
242
5
21
166
191
6
28
277
72
177
28
14
53
89
51
2
33
72
185
79
48
179
18
129
33
65
59
45
0
383
226
64
68
0
36
54
26
91
148
111
38
134
16
74
291
113
132
101
124
85
59
67
124
22
47
20
69
14
43
31
345
28
168
237
88
18
6
122
64
0
47
62
20
35
18
127
55
91
111
20
52
95
24
189
41
27
28
157
171
77
64
162
0
113
205
189
275
16
93
62
378
197
31
100
52
234
8
59
0
45
5
0
170
125
159
7
15
26
1
29
12
33
6
19
13
35
8
27
11
6
25
46
5
21
117
6
4
103
15
73
9
12
14
48
9
31
5
14
6
58
65
3
38
16
38
17
14
113
118
74
11
2
58
229
52
0
21
78
95
120
94
131
51
83
0
13
0
13
35
271
58
220
94
33
6
116
104
42
138
54
121
47
0
94
85
101
41
59
28
3
169
146
12
260
15
129
27
0
52
202
17
14
85
191
23
10
35
3
153
212
17
41
309
114
85
8
12
7
125
43
50
662
96
192
7
102
71
22
312
105
0
6
69
36
4
2
24
42
115
0
56
42
89
75
18
32
36
292
589
44
48
8
221
33
92
146
74
0
53
37
38
19
38
69
2
5
8
70
77
113
0
85
94
31
110
206
133
308
41
24
82
16
84
2
8
174
230
3
0
37
34
141
17
53
121
8
43
0
74
12
6
9
189
73
22
23
6
36
2
100
54
44
3
61
95
32
20
88
115
38
39
20
5
20
3
193
5
33
19
0
205
102
92
11
57
37
10
3
1
19
52
9
5
47
21
42
38
117
34
91
1
31
31375
22
9
43
9
0
86
17
0
49
4
29
24
29
44
30
17
22
16
69
0
19
76
1
7
0
58
54
8
28
8
22
1080
28
44
68
92
19
71
135
46
3
47
5207
314
328
1553
3766
1374
2464
1768
1012
5572
12405
3
790
5704
3424
925
2139
1385
2
8082
7
2:1
22
2804
882
943
15
1533
917
16
474
509
1041
3119
1
0
18
2
3
1
1414
13
3566
487
102776
16642
1
7716
25
73
4
9413
2665
26107
2806
727
74
42
20
2
11
0
15
18
163
61
12
20
89
2:5
0
11010
44312
51
50
102
7
60
97
7
2
27
18
0
34
23
53
93
13
3
27
12
1
10
2
11
2
1
30
0
695
49
56
108
6
3451
13405
4084
3093
1178
3878
5152
7980
575
403
82
1101
82
539
334
133
56
625
40
925
43
0
2
1
2
5
17
29
2:1
43
15
28
10
49
3
1
13
18
2:3
25
6
3
1
9
2
2:6
7
0
13
38
0
9
4
6
30302
1513
8491
64
176
69
31
269
331
22
104
87
9
94
96
17
76
336
16
142
11
65
8
41
22
81
24
36
14
24
147
86
535
15
13
14815
11934
2:1
149
14
12
-475531
7228
4145
3424
881
50720
233975
163
102502
1831
286
42630
171
86
1412959800
699:0
1
13:0
4
506
-506
4
2:-2
2
1
4
-11
1
0
6
15
6212
-6228
-3
1
-1
2112
-2085
-29
0
27
-21
-5
22
-16
1421
-1427
535
-512
9
-4
360
-378
-10
1
0
52
35
-61
-25
258
-255
164
-155
-11
59
118
452
-633
17
-17
-1
1
257
-249
-8
2:0
244
-243
-1
15
-14
14
-14
-2
2
18
32
-46
2
-7
85
-78
-4
77
-42
-30
-9
0
9
-9
2
3
8
-12
-1
15
335
-341
-4
2
220
-63
-157
-3
2
11
-14
-2
2
20
75
-97
23
-10
-12
2
22
-22
14
27
-45
1
0
6
-2
2:-1
0
21
-23
0
211
-156
-40
-9
3
-8
9
-10
85
-77
-8
1
206
-202
-4
-1
1
0
299
-284
-12
220
-212
-13
2
7
0
-2
2
-7
-1
2
0
23
-20
9
-13
22
-18
6
-10
2
-3
0
6
-3
-2
4
-3
88
-87
1
0
-3
1
0
384
-384
1598
-1430
-162
-7
5
2
20
-29
8
-6
-2
129
-126
0
-2
2
0
1
2
3
11
-18
31
-33
513
-408
-99
2:-1
48
-52
281
-278
31
-11
55
-53
811
-835
-1
1
74
-51
25
-26
584
-593
43
-24
-23
7
-16
34
-31
8
775
-786
6
-7
20
-3
12
-23
10
-16
9
-9
0
2578
-2567
0
24
-31
35
55
-90
2
-4
-1
3:0
3
7
-7
263
-260
110057
-110054
12368
-12147
-228
28
-18
25
-18
-17
0
9
10
23
-40
16
628
-645
46
-46
1
31
-18
-16
1
0
2
1
-4
17
-15
-4
60
559
-470
-16
-109
4
-1
1739
-1748
-16
45
-41
56
-52
-7
4
5
-4
150
-154
-3
35
215
-206
-26
9
0
-17
-11
4
45
1199
-1244
35
-34
0
-5
1
12350
-6815
-5532
33
-37
7
-7
170
-160
-8
36
-37
1
2
-1
0
-1
6
1189
-1136
-56
122
-127
35
-3
-32
139305
-139304
0
8
-8
6
189
-194
14
49
-63
544
-534
-10
-1
1465
-1464
-2
3
2:0
47
-48
60
-60
13
5
15380
-15371
-1
-21
2
-7
25
-19
-7
4
-3
277
-279
19
215
51612
-51845
46
3443
-3484
-4
22
70
2001
-2078
-16
16925
-16471
-443
393
-398
2:-3
4
0
-1
-2
5
4
-9
-1
1
-2
2:0
105
-105
11
6
-17
17
-13
0
1603
-1605
-1
1
2059
-2003
49
-95
-11
2:0
4
0
-5
18
-16
2
11
181
-196
2:0
7
-6
0
157
122
-185
-86
2
104
111
-220
960
-945
515
-519
-8
33
-22
-17
29
742
-774
5
16
36
-55
80
225
-123
-184
34
-33
-1
4
4432
-4078
-350
232
-240
195
-189
4
43
2528
-2568
-12
380
-381
1
3
44
-42
103
-73
-30
3
-5
2:2
-8
3
0
17861
-17861
25
-17
-11
122
-122
19
92
-103
73
-72
315
-283
-41
11548
-11475
-70
0
-2
4
94
-93
226
-227
0
13
-18
0
8
12
32
-49
3037
-3035
0
-2
28
-29
10
-10
180
-179
232
-231
11
155
-165
0
-2
18
-16
-3
0
136
77
-131
116
-193
46
47
-10
-81
-6
0
-2
1
-1
0
2:3
549
-529
607
-624
114
-121
2:0
-3
4
-2
86
-88
9
-4
60
-57
1
4
15
0
7
-34
13
-14
4
-4
0
798
-796
1238
-1165
-71
-3
3
5
-7
30
-30
10
-12
2
180
-168
-11
-3
0
1
2:0
23
-21
0
125
89
81
-295
-2
32
4252
-3431
-846
65
-71
4
61
1405
-720
-748
11
-13
-1
21
1727
-1725
31
-40
867
12244
-13119
-5
146
-136
-8
-4
2
-2
0
19
-10
4
-12
218
-32
-124
-56
402
-407
-2
13:0
1
3:0
1
-1
0
1
-1
0
1
2:0
4
1
-6
2:0
2
79
-81
2:0
1
-1
3:0
19
-18
6
-6
8
-8
-1
1
-1
14
0
-12
-2
2:0
13
-11
-2
2:0
1
12
-12
-1
2
-2
7:0
4
-4
3:0
1
-1
3:0
3
-2
-1
0
6
-6
2:0
7
-7
1
-1
5
-5
2:0
1
-1
2:0
3
-2
0
-1
15
-8
-7
7:0
20
-20
5
-5
0
1
-1
2
-2
4:0
1
-1
1
-1
4:0
8
-8
0
1
2
-3
4:0
1
-1
16
-16
4:0
10
-7
-3
5
-4
-1
2:0
1
-1
2
-2
4:0
1
-1
0
1
0
1
-2
1
-1
4:0
1
0
1
-2
1
-1
0
1
0
2
-3
23
-18
-5
5:0
1
-1
0
45
-45
2:0
1
0
-1
1
-1
0
1
-1
0
2
0
-2
2:0
19
-19
53
-53
6
-5
12
6
-16
-3
2:0
14
-14
12
-8
22
-25
-1
2
-2
2
-2
4
-1
1
2
-6
0
2:1
3
-5
2:2
-4
3:0
1
-1
0
5
-5
6
-2
-4
7:0
3
-3
57
-57
1591
-1591
95
-78
-16
-1
3
2
-2
-3
0
1
12
-6
-7
1
-1
0
11
-10
-1
1
6
-7
1
0
2:1
-3
3
-3
0
7
-6
-1
23
-7
-16
4
10
26
-40
1
-1
3
-2
-1
0
1
2
11
-13
-1
15
-12
6
-7
-1
0
1
-2
0
4
9
-12
1
-1
0
-1
0
355
-204
-151
2
-2
0
1
24
-25
0
4
-3
-1
0
1
0
-1
0
63
-54
-9
11
-11
11
-10
-1
307
-307
0
1
-1
6
22
-28
0
1
-1
4
-4
2:0
77
-77
0
1
-1
0
7
-6
8
-9
0
2
111
-106
0
-5
0
-2
1
-1
0
3
-3
14
-14
2
20
422
-443
6
72
-79
0
1
16
-17
4
-4
315
-258
-54
22
-24
2:0
-1
0
2
-2
5
-5
4:0
2
-2
2:0
4
-1
-3
3
-3
1
177
-178
0
2
98
-89
4
-12
-3
2:0
1
0
-1
0
1
-1
6
17
-23
2:0
1
-1
0
23
-18
-3
-1
0
9
22
-31
132
-128
11
-16
0
4
2
-6
5
3
-8
1
2
-1
-2
2:12
4
-28
9
-9
2:0
46
-31
-12
4
-7
7
-6
3
14
93
-110
-1
8
-5
-3
2
3
-5
4
2:-2
2
-2
3:0
1
0
194
-195
2:1
-2
5
-5
0
10
-7
7
-8
-2
8
-8
637
-637
4:0
4
-4
6
-6
0
1
-1
0
1
2
1
-2
141
-140
0
-1
-2
3:0
35
-35
12
-11
9
-10
13
0
-13
5
-5
2:0
25
-23
1
11
-12
8
2
-10
-1
2:0
-1
4:0
2
-2
8
-4
-3
-1
1
0
-1
0
1
-1
10
-10
2:1
2
-4
1
-1
2:0
2
-2
5:0
2
-2
1
0
-1
2:0
2
-2
7
-6
0
-1
0
17
-17
6:0
1
-1
0
6
0
79
-84
-1
1
199
-128
-71
3
-4
2
-1
180
-161
-20
1
-1
0
6
-4
3
-2
1
-4
437
-437
0
69
-69
5:0
7
-6
2
-2
14
-7
-8
0
15
-13
-2
0
1
-1
1
-1
8:0
end
