v1
813
1229
819
35
125
484
56
50
277
337
963
592
191
104
358
331
135
425
226
285
210
702
134
398
23
54
133
225
277
72
32
415
625
183
777
275
259
262
404
442
339
126
809
64
504
487
690
339
394
275
173
392
606
641
51
32
43
69
199
118
82
74
40
83
35
30
112
245
620
120
28
66
131
524
314
39
116
136
650
41
259
248
925
15
31
2
153
229
41
1511
301
625
2
368
75
56
1497
208
126
15
147
433
896
415
37
175
191
8
457
38
100
54
47
59
2
42
105
88
212
5
23
198
702
252
31498
74
112
49
130
173
76
120
36
8
22
1080
72
179
71
181
59
3301
2211
328
1553
5140
10816
12405
793
2041
11536
2
8082
8
2
12293
1433
106829
13098
3545
7741
73
9417
32443
280
20
94
55378
159
157
36
237
27
12
13
11
21887
23524
454
608
1431
202
2
236
40
1
43
47
4
6
40306
64
176
826
87
786
84
144
27643
1
164
-488234
1
119
57
20
178
80
9
159
10
20
268
240
0
139
14
13
21
330
112
0
28
26
133
37
28
31
207
15
92
128
76
44
15
146
162
75
23
114
141
27
165
59
3
167
64
31
158
28
67
35
92
55
10
39
236
0
422
17
20
55
158
57
0
70
338
11
332
8
108
152
80
3
23
9
0
74
0
46
65
18
36
0
86
33
93
201
0
58
85
10
122
71
67
95
172
11
217
305
40
48
1
0
161
7
2
99
11
411
0
17
95
115
33
44
132
53
227
63
36
43
48
38
88
0
22
270
2
21
245
0
52
6
70
170
1
106
4
27
183
140
11
7
444
1
15
97
9
720
7
33
113
0
67
0
282
10
223
200
28
51
100
181
0
161
18
128
7
12
0
131
78
145
55
30
20
41
29
82
167
87
144
23
27
28
6
87
26
192
17
141
283
76
0
74
75
55
212
278
86
0
33
0
215
106
197
32
143
56
186
67
50
66
20
84
103
22
171
10
27
15
59
12
13
51
0
17
13
2
11
0
30
47
2
3
14
113
34
199
54
8
45
7
13
40
13
7
59
42
19
38
31
113
203
2
287
72
1
85
290
113
152
0
38
35
86
133
122
135
142
15
43
226
42
39
99
54
61
60
141
20
65
44
102
86
39
276
5
0
282
129
27
52
66
136
17
14
10
266
56
81
17
649
56
101
42
0
8
12
59
73
43
50
41
0
217
151
91
162
468
12
10
252
0
115
56
31
104
0
42
6
109
56
37
0
102
0
117
36
289
3
2:202
220
9
13
6
29
8
221
33
30
62
84
4
6
38
2
12
21
2:53
94
2:114
364
96
139
209
0
5
224
48
10
26
65
53
24
74
31
62
195
59
383
63
7
102
74
0
12
15
116
168
1
78
220
36
49
34
232
67
84
96
6
5
89
14
0
15
9
8
110
106
21
98
2
73
61
58
85
73
37
98
57
101
24
31402
6
2:21
70
0
155
22
0
2
29
81
10
38
40
29
67
21
15
58
62
1101
177
243
47
74
2
47
14315
4485
1322
1
344
1460
11373
428
2038
1620
4874
423
2182
3
816
925
3
0
869
2658
8038
47
2
43
2783
882
958
1533
923
10
1997
3147
7
1
16
121355
3543
7717
51
28
23
0
10259
1819
26107
3607
32
7
51
141
40
10
27
15
9
85
19
17
10
82
10928
0
24702
18930
680
81
102
20
67
151
23
1
33
32
21
93
4
9
38
3
2
0
8
2
15
755
14
113
63
6
3445
0
15195
571
4816
1178
3877
5153
3251
4726
3
575
2207
289
274
377
0
248
436
537
5
1
6
19
7
12
3
47
11
83
2:4
8
29
0
3
0
22
75
32
5
31813
8191
210
430
10
612
60
90
0
56
184
93
336
16
135
18
45
69
22
155
756
36
28
40
14895
11816
175
60
1412898000
199:0
1
612:0
195
721
1805
-2658
-4
2942
-2869
-77
50
-21
54
-83
-8
222
-23
-157
596
17
-472
-185
151
-122
-11
32
-25
-17
417
339
-291
-392
-23
140
-171
-26
157
-90
76
6
-128
229
-211
-31
177
-119
-61
12
257
-19
-247
17
-26
17
290
-270
43
331
-215
-184
62
156
-233
6
81
16
100
-133
-67
-3
195
-182
5
-9
96
87978
-83526
-2550
-1991
200
-146
-44
-24
140
-102
155
96
-279
45
314
-238
-104
22
-48
13600
-12152
-1419
101
744
-699
488
125115
-125559
1559
-1755
2
177
-190
9985
-8581
-1410
1314
15901
-17192
-7
3191
-3200
17
32
24840
-24351
16924
-17387
-58
2270
-289
-1907
-102
2655
-2042
1084
-1699
297
454
-735
126
-123
24
-40
3
51
-18
94
-116
870
-793
-95
1383
-979
-371
-34
5
714
-712
96
-56
31484
-31505
111
-137
223
45
-269
9016
-8507
-460
-44
3890
-3799
-92
178
-94
-54
-16
28
110
-4
-144
18
-12
2
4982
-4967
-8
103
-58
977
-949
182
134
579
-830
21232
-19622
103
-674
-803
3274
-3290
-376
76
1457
-1567
-12
10
2
-1
-3
-8
0
37
-28
17
-25
15
12
-20
-6
-3
41
-40
2:0
24
-23
29
-28
-1
1
-1
-2
5
-2
1
7
14
-21
-4
0
11
-7
0
32
-1
-29
0
2:-2
6
-5
1
-2
7
-9
8
6
-9
3
0
-7
6
24
-16
-13
2
0
-3
12
-8
-5
2:0
4
-3
15
2:-8
0
1
0
4
16
-21
2:0
19
-14
2:-2
0
2:2
-1
0
-1
25
-9
-16
32
-16
-17
-1
1
-2
0
10
-10
4
-2
0
-2
0
5
1
-3
15
-17
5
4
17
-7
-17
22
-19
-6
1
0
5
-4
2:-1
2:0
11
-9
19
-21
1
5
17
-22
15
-16
0
4
30
-22
0
-11
4
3
-5
-1
6
0
-8
0
28
-19
4
2
-15
2
21
-22
0
1
8
-5
23
-27
0
4
-1
8
-9
21
-22
1
-3
1
28
-25
-4
15
-12
25
-13
7
-17
-5
14
-11
23
-25
0
6
-6
7
-4
-2
-1
3:0
-1
10
-4
0
-4
19
13
-20
0
-11
-2
1
-1
3
4
9
-2
-12
12
-9
-4
-1
0
6
-6
-1
1
0
2
26
-6
7
-14
-7
-9
21
-21
40
-33
6
-13
4
2:-2
14
19
-2
-9
-16
-4
3:0
16
-1
3
-18
1
5
0
7
-8
-5
26
-19
-8
4
-3
7
-9
39
-33
29
-6
-23
12
2
-18
36
-36
1
2
1
-4
-1
0
26
-22
5
-9
-1
7
-4
13
-14
0
3
-5
17
11
-25
1
-3
0
6
0
4
-10
9
-7
-2
0
-1
2
1
-2
18
-13
14
-19
0
7
4
-11
7
0
-8
2
2:0
2
0
-4
0
36
-36
10
-9
1
2
30
-16
-9
-2
-3
3
34
-23
-6
-11
11
7
-1
-13
-1
-3
6
2
-6
31
-16
-8
4
-13
5
-4
-2
17
-16
28
2:-14
20
-18
1
15
-13
-5
1
-1
38
-37
4
32
-37
0
27
-26
2:-1
6
-4
3
7
-7
-4
9
6
9
-21
-4
3
0
-2
0
3
-3
3
10
-1
-4
-8
1
6
-4
5
27
-30
0
-4
4
2
-7
21
-21
23
-18
-5
0
6
-3
0
-1
19
-16
-6
14
1
-6
-9
2
4
20
-12
-10
7
-9
-2
6
30
-27
-7
18
-18
5
-6
1
-2
8
-4
0
-3
32
-32
10
25
-25
-10
0
21
-18
2:-1
-2
3
6
27
-15
-13
-3
-2
-3
22
-22
3
1
-4
2
10
-11
1
2
2:0
-2
-1
2
7
-2
30
-36
3
12
-15
1
4
-3
-4
31
-24
-7
1
2:0
-1
11
-6
-3
10
-8
3
-5
2
6
0
-8
2:-1
4
-4
4
14
-6
-5
18
-18
10
-5
-10
29
-25
-5
0
-1
0
20
-12
-8
22
-22
0
22
-13
-1
-6
0
3
-1
11
-12
25
-23
19
-21
-3
1
5
6
-10
2
3
-6
10
-8
5
0
-7
0
2
-1
3
-4
2:1
4
6
-11
31
-28
-3
5
-6
37
-15
-11
1
-7
2
5
21
-31
-3
7
23
-18
20
-32
9
8
-16
4
-2
80
-81
10
2
-11
-1
2:3
2
-7
1
-2
0
3
-1
-2
11
-11
1
-1
0
3
-3
3
2:6
-15
1
19
-17
-2
4
3
-8
0
7
-1
9
-14
1
2:-1
0
3
5
29
-30
-4
-2
34
-28
-4
28
23
-30
-16
9
6
-18
-4
6
-5
10
-6
2:-2
3
-5
4
1
38
1368
-1328
-57
-26
2
-2
17
-16
12
-6
-7
38
-30
1
9
4
-7
-11
4
407
-353
-62
5
46
-32
-16
164
-134
74
-103
12
-4
-6
97
-89
-10
33
426
-454
-7
119
-121
4
19
289
-235
-36
-33
-5
227
-104
-123
-2
0
23
7
-28
23
113
-137
18
-20
12
-5
1
-1
-4
0
26
-6
-9
-5
57
-46
-17
-3
19
149
-164
6
-10
171
-166
6
-5
16
-21
4
862
-850
-13
0
148
-152
19
-1
-16
16
-12
6
-4
1
-2
6
-13
3
-2
5
-5
11
6
-14
-1
11
-4
201
-209
325
-226
127
-207
-11
242
-167
-72
-3
17
-27
2:0
1
-1
3:0
1
-1
2:0
5
1
-4
-2
0
6
-6
2:0
1
-1
0
1
-1
4:0
2:1
-2
5
-5
5:0
20
-18
2:-1
2:0
1
-1
2:0
1
-1
2
-2
6:0
1
-1
1
0
-1
1
-1
0
1
-1
1
-1
0
2
-2
8:0
1
0
2
-3
6:0
1
-1
0
7
-4
-3
8:0
2
-2
2:0
1
-1
2
2:-1
3:1
-3
0
1
-1
2:0
1
-1
4:0
1
-1
4:0
1
-1
4:0
4
-4
2
-2
1
-1
2:0
1
3:0
6
-7
0
2
2:-1
4:0
1
-1
3
-3
3:0
1
-1
1
-1
3:0
2
-2
2:0
3
-2
-1
3:0
2
-2
18:0
2
-2
1
-1
3:0
2
-2
2
3
-5
5:0
1
-1
0
1
2:0
20
-18
3:-1
0
1
-1
5
-3
-2
0
1
-1
0
1
2
2:0
-3
5:0
1
-1
4:0
1
0
-1
3
-3
3:0
1
-1
2:0
2
1
-3
3
0
-3
24
-24
3:0
1
-1
0
8
2:-4
2:0
4
-3
3
-4
4:0
48
-48
4:0
3
-3
0
1
0
-1
3:0
2
-2
4
-3
2
-3
0
3
-2
-1
1
0
-1
3:0
2
0
-2
0
2
-2
1
0
-1
2
-2
2
-2
1
-1
0
4
-3
0
-1
3
-3
0
1
-1
2:0
5
-5
6
2:-3
2
-2
3:0
5
-5
1
-1
0
3
-3
2:0
3
-3
2:0
1
-1
0
6
-6
0
5
-5
4:0
1
0
-1
2:0
4
1
-5
0
1
-1
5:0
2:2
-4
2:0
1
-1
2
0
-2
3
-3
2
-2
0
1
-1
5
-5
6:0
3
-3
0
1
-1
3
-3
1
0
4
-5
2:1
-2
2:0
5
-5
0
1
-1
5:0
3
-2
2:0
-1
0
4
2
-6
4:0
2
2:-1
4
2
-5
-1
0
1
-1
2
-2
0
1
0
1
2:-1
9:0
2
-2
2
-2
2:0
1
0
-1
7
-6
-1
6:0
1
0
-1
7
-7
0
3
-3
3:0
1
-1
0
10
0
-8
0
-2
3
-3
0
1
-1
4:0
3
-3
0
7
-7
0
4
-3
-1
4:0
6
-5
3
-2
0
-1
1
-2
0
2
-2
0
3
-3
2
-2
1
0
-1
5:0
2
-2
0
3
-3
1
-1
1
0
-1
4
1
-5
5
-5
1
-1
3:0
6
10
-11
-5
2:0
1
-1
end
