v1
890
584
396
301
139
178
366
119
609
56
50
37
302
194
292
612
140
592
8
151
136
26
332
195
271
101
137
280
129
85
204
87
764
10
606
349
29
15
19
277
109
148
44
218
336
196
93
503
457
275
889
269
209
319
20
69
57
587
463
12
209
291
513
46
121
376
73
202
300
94
275
392
173
212
100
214
80
404
181
26
30
12
33
6
19
13
25
56
31
48
151
118
82
74
52
7
14
45
5
65
38
19
55
127
118
85
296
239
120
225
160
254
110
314
39
116
104
42
192
121
327
300
433
129
322
299
38
66
357
477
31
135
772
96
199
102
93
423
106
3
2
368
75
50
30
298
589
44
277
257
8
208
19
38
69
2
5
8
147
40
283
18
92
611
77
24
184
415
37
175
70
129
191
266
138
54
47
61
147
2
86
153
59
25
3
196
2
451
503
31498
1
21
9
43
95
99
55
40
2
37
136
76
66
54
36
8
22
1080
72
179
3612
2211
328
381
1172
981
2783
1376
10816
12405
793
9128
4449
2
10917
1825
2481
5151
11
6
1427
4053
102776
16643
1735
5981
21
4
73
9417
32443
42
30
182
14
32
89
5
55506
31
10
147
20
16
18
110
109
27
12
1
10
2
11
2
31
21854
3093
13459
5304
2730
1467
166
5
52
1
44
3
133
40
44
47
4
6
30302
10068
176
100
622
104
379
241
253
11
73
41
103
866
15065
11712
1
164
-488299
513
4
171
290
155
41
239
268
179
99
32
51
65
9
100
6
120
238
120
15
65
542
81
378
176
380
462
304
238
239
93
61
162
74
238
152
96
10
136
58
410
57
18
395
70
24
1
244
142
14
59
274
41
0
17
2
27
135
31
88
29
555
54
0
38
2
80
89
280
63
136
188
19
32
0
127
108
0
45
99
271
385
0
5
175
0
5
439
16
74
27
0
5
79
249
44
149
58
181
113
363
288
131
41
4
34
17
337
106
69
232
20
113
122
30
339
213
41
100
112
154
17
53
108
55
116
289
66
17
221
219
767
95
242
117
146
26
0
163
168
15
152
7
42
54
19
117
7
6
17
301
25
12
17
10
21
66
72
20
115
73
455
66
85
424
204
96
100
437
0
107
194
148
289
27
0
85
232
315
5
686
37
157
114
5
23
15
18
12
156
177
52
464
0
93
12
225
12
352
586
87
93
0
12
262
171
135
295
142
38
159
160
330
143
132
50
143
148
176
50
14
19
2:53
0
37
76
4
102
0
186
46
298
494
152
10
38
45
97
5
110
237
522
0
51
50
1
43
3
40
55
149
73
39
0
34
16
204
0
50
135
0
18
307
0
127
71
18
262
144
111
2
56
27
58
8
39
26
37
113
42
101
31426
118
117
5
86
4
10
54
6
17
42
65
0
103
196
912
2
118
3
167
64
118
0
184
47
10475
25291
2831
8012
872
1267
1391
10
8068
7
2
21
3687
958
2454
486
509
4161
23
121355
0
3544
1736
6036
12125
26107
3649
33
15
141
113
21
109
54631
731
323
2
102
79
67
13
41
1
12
769
14
113
17
0
46
25211
2613
6417
2004
5976
813
247
1183
539
467
56
665
436
245
289
7
1
26
74
89
2
6
70
32
51
16
31818
0
8208
283
438
502
0
141
514
119
83
155
1045
51
26764
130
-488300
1455
428
162
68
126
139
0
217
300
728
251
267
20
999
5
23
186
97
19
653
506
311
0
185
169
0
199
0
8
593
244
297
18
351
205
123
325
511
76
122
49
177
904
4
0
137
0
234
38
39
112
1692
220
763
134
152
72
0
238
211
692
0
15
711
463
253
12
106
42
0
379
263
182
191
138
126
390
0
283
194
27
69
504
187
221
191
145
126
0
935
0
840
0
21
320
118
629
789
1779
12
125
108
171
0
42
174
76
607
414
648
174
169
64
1089
29
412
46
589
17
193
210
814
0
115
205
254
53
492
31833
177
1508
20444
1804
3320
772
6451
4916
4874
1764
841
3
3887
0
9465
7
2811
4308
2009
3155
8
16906
115768
41903
29
76
180
11128
44495
8
245
187
0
65
34
22
687
49
151
0
25
7825
11378
26127
1922
34
46
24
0
9
57
0
41564
0
108
1034
15586
226
11859
0
1412538600
299:0
1
399:0
1
189:0
877
-805
-23
-35
0
-2
4346
-3873
10797
-11092
-181
847
1219
-2059
75
-33
152
-200
70
20
-83
272
-274
96
-37
7
-71
4
58
-14
-45
-2
7
-6
2
352
-353
589
-372
229
57
-442
231
-50
-241
0
-4
250
-2
-178
-68
275
-277
596
-596
521
-521
2
93
44
-139
0
3
163
-30
-129
18506
-17613
-78
-773
-45
43
-42
0
-5
208
-205
37
-1
147
-181
2
-8
1
2727
-2638
-42
167
-212
62
-8
242
-224
38
-21
-89
-1
114
142
71
268
-129
-462
90
-51
-45
142
115
-187
-68
2
305
161869
-112527
-49486
-107
-49
37
-1
40
27
-72
63
53
-148
421
-428
2852
-2735
-117
6
-2
226
-228
78
2
-83
3
418
252
117110
-115199
-2382
9887
-10086
2:-1
65
-14
-46
2535
-1466
-1019
154
-204
2
37
91514
-91516
-34
-8
233
-229
1
37
2559
-2600
268
-191
300
1506
-1877
1128
-925
80450
-80516
4347
-4419
-67
632
-633
35194
-35191
1979
-1984
40
-40
3383
18746
-22027
-63
230
198
-404
-57
54
-60
422
-424
185
-48
97
34
763
-988
278
-268
52
44
-41
2158
1475
-3734
3739
-3747
41
151
4770
-4313
-475
662
-827
2235
-2240
-2
39
-40
87057
-87049
200
1562
-1650
128
-249
85
-42
242
-235
7088
-6617
-411
-104
64
-66
98
-55
3950
-3892
-4
-60
375
172
-525
4
-63
55
-57
-2
437
-436
181
-98
-83
179
-102
212
-288
-2
41
-34
1485
-1484
1
47
-51
-4
108
-58
-50
94
88
366
-542
367
3796
-3959
-210
1017
-958
85
-29
24
8739
-8878
810
-763
-39
629
-295
3015
-3365
0
33
-6
-24
31
-28
23
-29
5
-5
0
29
-25
-4
19
-16
-1
4
22
3
-24
-5
41
-41
-1
23
-22
-2
0
28
-27
3
-3
-1
2:0
28
2
-26
0
24
-11
5
0
-22
2:2
25
-29
23
-22
2:1
2:0
-1
25
-27
0
2
-2
0
3
0
-3
3
2
13
0
4
-16
16
-18
-1
0
-2
2:0
21
-20
-2
1
0
2
2:0
-2
23
-23
42
-42
0
5
12
-16
37
-38
5
18
-20
-4
1
3
-4
0
2
-1
3
14
-12
-5
31
3
-31
-1
3:1
2:-3
32
-29
-1
2
-4
0
2
15
7
-24
0
5
0
-4
6
30
-35
2:1
0
-3
-1
2:0
28
-1
-25
-2
2
-1
4
-2
-3
0
6
-3
3
-6
30
-30
2
5
2:-1
-3
26
-28
0
3
0
-1
33
-8
-22
-4
0
22
-19
19
6
-28
20
0
-16
-4
31
-31
5
-6
37
-37
31
-28
0
-1
17
-17
25
-27
6
-4
-1
0
4
-3
5
26
-30
-3
5
-5
2
4
1
-7
17
27
-41
-2
0
3
-4
7
-6
0
1
-2
0
1
0
2:1
-2
5
-6
2
-2
7
-5
17
-15
-4
3
0
35
-31
19
-24
0
31
-32
-1
28
-25
0
-1
36
-37
0
2
-2
0
34
-32
0
-2
1
-2
5
0
-5
6
2:-2
5
-5
31
-31
0
-2
1
5
20
-21
-2
0
18
-21
4:0
28
-27
0
5
-4
0
-2
2:1
21
-6
-16
0
16
3
1
-15
-5
2
-1
29
-31
0
35
-33
4
-6
4
34
-38
1
5
1
11
-18
4
0
3
-7
2
0
5
-7
19
-14
24
-25
0
30
-33
18
2
11
-30
35
-37
0
7
10
1
16
-33
2:0
5
0
-1
-5
0
35
-33
14
9
-18
-5
43
-42
1
14
26
-39
12
-17
0
2
1
18
-18
36
-39
5
-2
2:0
14
-17
1
0
3
-2
3
27
1
10
-38
34
-39
-2
1
7:0
-1
1
5:0
-1
1
-1
0
1
-1
0
1
-1
1
3:0
-1
0
2:1
-1
2:0
-1
3:0
1
8:0
-1
1
-1
1
0
-1
1
7:0
-1
1
0
-1
1
11:0
1
-2
3:0
1
-1
2:0
1
5:0
-1
1
-1
0
1
-1
1
-1
1
4:0
-1
3:0
1
0
-1
1
-1
1
-1
1
0
1
-1
4:0
-1
2:0
1
0
-1
0
1
-1
1
4:0
-1
0
1
0
-1
0
2:1
2:-1
5:0
1
2:0
-1
0
1
4:0
-1
0
1
3:0
-1
2:0
1
0
-1
1
12:0
15
-14
3
1
-4
4
104
-95
6
-18
-1
0
1
2
6
-1
4
-12
0
1
-1
2:0
4
-2
-1
0
-1
0
7
-7
6
-6
1
-1
1
-1
17
-6
-11
29
-29
29
-26
3:-1
4
11
-15
1
11
-12
16
-13
2
-5
1
-1
4
-4
0
4
-4
2:0
6
-5
55
-48
-8
2
-2
1
-1
63
-62
3
-3
6
-6
2
1
-2
47
-44
9
-9
0
17
-4
22
-32
-8
6
-4
-1
6
8
-10
-3
3
-4
8
-7
-2
7
-1
0
-5
1
52
1819
-1791
-59
-21
-1
5
1
-1
19
-13
-7
-5
3
38
-39
17
-19
1
-1
0
22
-19
12
-9
-4
-2
3
7
503
-399
-111
1
-3
1
-1
4
-5
1
69
-38
-31
28
-29
4
-3
377
-371
-2
-5
40
-40
0
2
124
-123
20
-5
-10
141
-149
26
-2
660
-658
83
-104
-5
12
-9
547
-545
64
-68
5
-3
279
-87
-194
9
6
-13
0
3:-1
32
-31
45
-40
10
9
195
-215
24
-29
10
-2
-3
49
-20
-34
44
-44
0
16
63
-60
-15
6
7
192
-206
3:0
173
-173
6
-9
12
14
-26
3
-3
0
10
1019
-1017
-11
-1
2:0
5
3
208
-216
50
-50
46
-46
0
32
-28
25
-28
-1
16
-13
10
-7
-6
6
3
-8
3
-4
7
-5
5
-3
-4
7
-4
-3
20
-5
-13
5
3
121
-129
1
241
-234
-8
18
2:-10
8
1
540
-549
158
-138
-19
29
-22
29
-37
0
2
0
-2
0
4
-1
-2
0
-1
1
2:0
-1
1
-1
0
4
-1
10
-13
0
23
-23
0
3
-3
1
-1
1
-1
5:0
2:3
-6
3
-3
2:0
1
-1
2:0
1
-1
2
-2
0
1
0
-1
0
5
-4
0
1
-2
6:0
4
-2
4
-5
-1
6:0
3
-3
4:0
1
2:0
5
-6
5
-5
4:0
7
-7
0
2
2:-1
7:0
4
-4
0
3
-3
3
-3
3:0
1
-1
0
3
-3
5:0
3
-3
0
3
-3
0
1
-1
2
0
-2
1
-1
3:0
27
-25
-2
2:0
1
-1
3
0
-3
2:0
1
-1
4
-4
2:0
4
-4
0
4
-4
0
4
0
-4
0
8
-8
2:0
5
-1
0
3
-7
5
-5
2:0
14
-13
-1
0
18
-18
7
-5
0
-1
14
-15
1
-1
4:0
2
-2
2
2:0
-2
2:0
3
-3
1
-1
2
-2
3
-2
-1
0
1
2
-3
0
1
-1
8:0
3
-3
3
-3
0
2
2:-1
0
4
-4
6
-6
0
9
-9
0
6
-6
2:0
3
-3
0
2
-2
0
2:1
2:0
-2
2:1
-2
2:0
1
-1
5
-5
4
-4
4
-3
-1
0
3
-3
0
2
5
-7
0
1
-1
2:0
1
0
2
-3
2:0
1
-1
5
-5
3
0
-1
-2
2
0
-2
9
-9
3
-2
2:2
-3
11
-13
3
-2
-1
0
1
0
-1
3
0
-3
5:0
1
4
-3
4
-6
0
3
-2
5
10
-2
-14
2
-2
3:0
3
1
-2
-1
2:0
1
-2
1
-1
3
-3
4
2
2:-3
7
-3
-4
0
1
0
5
-4
-2
1
-1
1
0
-1
2:0
3
0
-3
5:0
1
0
12
-13
13
-13
1
-1
32:0
1
-1
0
1
-1
3:0
1
-1
0
2
-2
6:0
1
-1
23:0
1
-1
6:0
2
-2
4:0
1
2:0
-1
9:0
1
0
-1
23:0
1
-1
7:0
1
-1
2:0
1
0
-1
1
0
-1
2:0
1
-1
0
1
-1
8:0
1
-1
0
2
-2
2:0
2
-2
12:0
1
-1
2:0
1
0
end
