v1
670
55
65
10
77
90
20
222
127
77
412
33
41
52
139
0
39
9
2:4
44
78
138
312
35
552
57
56
22
65
81
192
350
159
6
324
186
102
140
666
85
55
439
184
282
22
403
10
86
108
16
6
118
55
112
38
192
205
138
94
184
217
45
329
25
156
31
88
72
65
277
257
44
43
89
12
74
194
63
127
103
0
45
93
183
104
209
127
34
8
236
59
87
63
125
148
149
34
116
97
180
95
106
442
126
124
89
69
57
376
131
302
106
135
39
200
127
85
339
154
63
64
28
463
162
12
107
300
94
275
16
109
46
342
76
181
107
44
242
8
612
29
45
38
12
26
9
15
50
46
5
14
7
121
5
1
118
73
9
74
45
2:14
50
35
23
3
4
41
16
38
17
42
85
118
447
173
120
94
131
160
35
219
110
302
12
33
6
116
146
138
54
121
91
50
85
101
100
31
108
58
3
151
282
116
288
1
5
330
15
18
15
66
87
229
41
52
257
114
58
0
222
16
792
199
173
12
10
30
91
191
111
106
0
5
24
42
115
56
131
75
50
6
181
138
66
407
154
9
13
6
12
246
259
86
128
19
101
6
7
8
147
40
283
57
53
339
108
63
111
26
45
20
0
184
38
189
188
37
34
5
136
70
121
8
2:43
25
18
131
73
124
38
100
54
47
59
2
145
2
88
153
59
5
20
3
104
94
257
255
0
58
36
0
4
45
8
39
0
63
155
34
82
10
31406
22
9
12
47
96
44
38
53
42
2
85
69
19
76
120
36
8
22
932
148
72
45
23
111
71
108
58
18
0
3357
2211
0
328
1553
5140
7581
3235
5018
7004
383
3
790
830
1211
4099
2172
816
925
2139
1385
2
4
10
8076
22
3687
958
1533
920
3
5153
19
1420
13
106829
13099
0
3543
1
7716
21
4
54
19
9417
846
31522
0
43
7
3
22
26
7
9
69
42
115
11
1
20
89
5
54647
740
307
7
2
27
18
57
1
52
109
27
11
1
11
2
11
53
718
46
7961
10815
571
4816
18188
2243
539
467
56
665
436
330
202
2
3
2
3
2
4
1
41
44
14
28
34
15
6
8
31
40
1
43
47
0
4
6
30302
1513
0
8208
347
176
100
52
674
87
199
93
494
11
73
41
103
345
109
412
28
15037
11712
2:1
163
72
-488398
556
481
123
72
199
451
5
49
1166
552
990
1515
228
80
1335
104
71
729
35
673
80
312
199
374
844
7
1124
861
10
353
2260
0
77
1067
333
354
80
61
393
270
25
232
17
39
75
12
26
18
195
41
6
309
12
114
666
455
55
248
66
32
0
250
0
375
269
295
1249
145
130
23
14
19
290
521
468
132
351
884
241
136
50
354
139
153
11
168
517
285
311
23
12
94
54
0
162
0
439
0
1008
206
132
323
525
276
270
1
113
64
308
289
408
118
0
319
106
37
31495
108
440
120
76
1049
575
20113
8254
7390
6494
6495
9432
39
5
7127
474
1523
0
3166
25215
107507
41867
15
373
11010
25036
19328
32
414
33
93
112
695
219
0
20940
24530
1701
24
21
146
17
0
35
42425
196
99
628
79
113
14752
12099
1412833200
499:0
1
169:0
6
10
-11
51
-49
2
-4
-2
36
-36
0
34
-23
-3
0
-9
67
-61
-5
7
14
-21
1
2144
-1583
498
-114
-918
-23
20
-20
29
-30
17
19
-26
-11
21
-14
476
-457
177
-195
18
-28
0
9
-10
18
-16
688
-648
-27
109
-123
3
-4
39
-36
1
13
-13
-2
41
6216
-6248
-11
0
54
351
-392
-14
0
2
57
-6
-23
-18
93
-97
1
-6
9
4
-8
-6
2
1
6
21
535
-564
10
27
-18
130
-149
-2
9
2:-3
26
-10
165
-184
43
-41
16
593
-597
-4
-7
60
-62
0
70
-68
12
-3
-8
46
792
-842
0
38
285
-323
68
-48
-17
-3
0
26
-25
18
43
-62
1
91
-82
82
-89
65
-68
2
406
-380
-11
-9
30
201
-212
-8
1
20
8
-46
192
-178
-16
0
124
-106
-16
1042
-1031
26
-29
1
-4
65
-68
-4
77
-57
-18
108
834
-935
0
24
-28
78
-83
54138
-54004
4177
-3812
-492
8
0
10
-12
140
-104
-17
-18
-3
-10
6
14
-21
73
-63
-11
2
1
16
7
-13
86
-97
10
131
-52
-88
57
-42
-16
0
-1
1
53
-55
41
-41
17
-16
29
52
-46
-33
-1
447
-152
-257
-39
-1
10624
-9705
-856
-51
-11
12
-10
-1
-2
3
2:-1
7
44
-48
-2
1248
-1213
106
-1
-108
66
8637
-8736
27
169
63
-230
79
-54
-50
0
26
2:-3
836
-859
8
-7
51
-47
-5
20
18
-34
416
-402
-19
0
358
-340
-17
1093
-1061
77
7474
-7491
3615
-378
-3231
-26
194
-249
5815
-5202
-620
90
-68
-8
-10
-7
0
-5
-2
0
623
-618
-6
8
0
-2
5
1020
-1030
0
9862
-9853
72
1105
-1183
27
-24
61
-67
-2
32
-6
-16
130
-138
75
636
-701
70
-81
91
-57
-34
1
35
27
-61
-2
2
-1
123
-42
15
677
-709
-48
-12
1177
-1183
5
216
-220
13
-12
6
-7
2
21
-21
-2
15
473
-489
0
179
-178
3
43
-43
2
-5
0
19432
-19432
82
13
-89
2
4
64
-52
-15
327
-333
43
7317
-7361
6
0
2
-10
4
6807
-6812
5
-4
4
-3
1
67
14
7
3
3442
-3526
-9
146
-146
4
-4
0
10
18
-29
38
-34
-2
25
-15
41
-9
78
-116
52
-36
-16
-5
43
-26
14
547
-579
22
-1
13
-24
25
-5
-23
1
-5
-3
12
-9
4
-3
7
1314
-1320
3
7
-14
39
-5
394
-403
57
10
1337
-823
-589
-15
-1
10
15255
-14705
-451
-109
1754
-1654
-89
5
120
-109
796
-799
164
-188
6
-1
0
11
205
-204
-6
3253
-3265
-3
1
0
1
-2
2
-2
0
2
-2
0
2
0
-1
3:0
-1
2:1
-1
1
-1
1
-1
0
-1
0
1
0
1
-1
2:0
-1
2:0
1
2:0
-1
3:0
2
-2
2
-2
1
2:0
-1
0
2
2:-1
2
-1
1
-1
3:0
-1
1
-1
3:0
2
-2
1
3:0
-1
0
2:1
-2
2
2:0
-2
0
2
2:-1
1
0
-1
0
2
-1
5:0
-1
0
1
2:0
-1
3:0
2
-1
0
-1
1
5:0
1
-2
2:1
2:-1
0
2
0
2:-1
2
-1
3:0
-1
1
-1
1
-1
0
2
0
-2
1
-1
2:0
2
-2
2
-2
1
0
-1
2
0
-2
2
-1
2:0
-1
1
2:0
-1
2
2:-1
0
1
7:0
3
-3
0
4
-3
-1
2:0
8
-8
0
1
-1
1
-1
58
-56
13
-2
-10
-3
2
-2
14
-14
2:1
-1
0
4
-5
1
-1
2:0
2
-2
6:0
2
-2
9
-9
2:0
2
-2
4
-3
-1
0
5
-3
-2
1
-1
6
7
-12
-1
0
1
-1
12
-12
4
-3
-1
0
1
-1
0
1
-1
4:0
2:1
-2
6
-5
-1
2:0
1
-1
0
6
-4
2:-1
5
-5
1
2:0
-1
2
4
-6
3:0
2
-2
2:1
-2
3:0
6
-6
17
-15
0
-2
4:0
3
-3
1
20
-18
1
-4
13
-13
2:0
2
6
0
-4
1
-4
-1
1
7
10
-18
20
-18
-1
1
2:0
-2
0
1
2
-3
4
-3
3
-4
0
5
-3
-2
3
-2
-1
1
0
-1
26
-26
1093
-1092
78
-55
-24
3:1
-3
2
11
-11
2:0
-2
4
-1
-3
15
-15
2:0
3
4
-4
-3
34
-34
5
-1
4
-8
31
-31
1
0
1
-2
15
-15
5
-5
1
-1
0
2:2
-4
0
5
1
-6
2:0
169
-136
-27
-6
0
3
-3
2
-2
1
-1
1
-1
4
-4
2
54
-49
-7
19
-17
-1
170
-169
2:-1
18
-18
3:0
1
0
4
0
78
-82
-1
1
5
-6
0
2:3
-6
50
-45
-5
0
5
-4
-1
18
-16
19
264
-272
-10
72
-74
9
3
-8
251
-204
-50
8
-8
3
-4
1
0
-2
2:0
1
0
-1
1
2:0
3
63
-67
0
82
-79
3:-1
1
-1
1
0
-1
16
-16
1
16
-17
13
70
-78
7
-12
0
4
-4
0
4
3
-7
0
1
0
2
10
-1
9
-16
0
-5
45
-45
0
19
-19
2
-1
0
-1
2:1
2
-3
9
76
-86
0
6
-6
1
0
-1
2:0
1
115
-116
4
6
-6
0
-2
12
-14
0
1
-1
12
743
-755
4:0
1
11
-12
2
-2
4:0
8
-2
-1
113
-117
-1
16
-16
3
-3
2
4
-6
0
16
-16
1
5
-6
6
-1
-5
2
-2
0
1
-1
2
-1
6
2
-9
4
0
-4
0
5
-3
-2
0
2
-2
2:0
1
-1
4:0
3
-1
5
4
-11
1
7
-1
5
126
-136
2:0
-2
283
-212
-66
-5
210
-199
-11
3
5
-8
114
-112
44
-46
0
3
2
-4
9
-7
-1
20
-22
11:0
1
-1
21:0
1
-1
8:0
1
-1
2
-2
32:0
1
-1
13:0
1
0
-1
58:0
2
-2
8:0
2
-2
2:0
end
