v1
789
49
229
19
287
159
16
246
183
23
0
18
15
37
153
34
52
174
224
96
69
51
111
262
0
128
38
11
2
6
56
21
1
28
48
70
77
82
0
33
182
41
127
165
59
193
190
170
92
48
7
49
39
327
18
152
159
32
104
204
45
109
108
76
11
136
135
101
76
61
171
16
10
18
65
111
22
19
99
167
73
57
0
6
34
8
32
291
11
61
70
25
140
43
61
60
96
45
60
29
259
27
135
7
16
0
8
88
0
137
277
104
2:5
90
53
176
42
11
33
6
188
63
79
48
126
22
93
242
45
166
64
11
4
125
87
106
0
110
255
0
20
297
134
16
74
4
260
140
149
128
165
59
153
22
85
20
23
46
57
12
364
41
392
64
42
128
7
123
98
0
145
55
85
74
85
30
95
0
94
119
0
41
27
0
28
93
218
17
77
339
8
263
54
69
22
64
29
0
51
109
16
155
2
300
92
261
17
34
0
294
104
151
99
50
116
43
22
27
0
28
1
12
33
6
19
9
4
18
25
12
7
8
11
31
46
5
14
117
16
1
118
77
5
1
4
7
62
40
5
28
0
4
0
38
8
61
4
13
25
3
16
38
17
14
113
118
85
235
0
126
1
78
7
88
120
94
131
134
157
123
12
98
28
35
241
10
33
6
116
104
13
19
10
55
83
54
61
60
141
85
101
45
32
54
108
58
3
102
44
5
86
11
185
116
24
16
0
254
31
299
10
5
23
8
2:1
83
70
177
52
41
309
114
93
12
52
123
9
0
41
0
758
15
184
102
71
12
10
7
305
55
56
109
2
24
48
32
77
56
131
75
50
720
78
110
44
9
0
13
6
258
33
30
146
48
2:8
19
17
36
128
19
38
69
2
5
8
147
40
48
0
25
94
116
110
339
108
63
53
46
2
36
0
45
20
82
102
412
3
37
175
2:70
51
8
3:43
23
39
48
94
73
51
38
100
54
47
59
2
127
20
88
153
59
5
20
3
193
3
2
33
124
90
0
10
119
3
72
61
42
16
19
21
45
47
54
9
38
117
34
40
0
24
31429
5
22
9
43
156
38
53
42
2
24
38
23
58
0
11
19
66
3
7
8
0
14
0
44
54
8
28
8
22
932
111
109
67
1
111
71
184
3357
2211
328
381
1172
3764
1054
322
7580
3236
12405
3
790
5704
0
423
3001
1797
1267
1385
2
8020
62
6
2
2:1
2825
882
958
1533
933
2024
3120
6
1
9
2
5
1428
1042
2518
0
103041
228
16642
1
1735
5981
25
67
6
9417
28772
3639
7
3
18
4
26
7
0
99
31
4
40
10
51
12
20
53
36
2:5
11
9619
26416
19276
51
132
20
7
157
7
2
15
9
3
18
10
0
47
0
92
54
4
12
27
12
1
4
6
2
11
3
0
30
20
704
14
6
62
45
57
2:6
0
7825
10815
2294
3093
10208
3251
4729
575
1668
454
419
133
56
665
436
366
166
2
3
2
0
3
1
16
27
3
1
44
50
2
34
11
0
2:4
31
6
1
10
23
1
43
47
4
6
30302
10004
64
145
31
69
31
138
131
331
126
87
9
82
108
93
241
253
11
2
43
28
3
38
103
830
36
28
0
15037
11712
2:1
105
57
1
-488314
212
52
268
1122
42
361
148
466
477
220
768
493
842
984
393
93
185
1058
1298
176
5
802
287
722
16
571
88
656
1728
694
1912
164
385
649
504
76
579
86
1941
1603
561
136
307
975
1029
148
1234
76
482
399
100
543
1898
115
10
198
307
793
917
604
32061
216
1354
18236
30950
1389
20371
1430
119940
49548
3824
36292
19459
358
890
3670
38931
3088
1725
71
168
40127
712
745
16702
120
11955
36
1412719200
699:0
1
88:0
1
5
0
9
14
-14
-4
-9
2:0
20
-21
30
-30
33
-32
-1
3
14
3006
-3018
-5
1
0
6
2
3
-7
116
2472
-2560
-12
176
-194
21
-20
3
0
11
-10
-4
1
98
-102
-1
0
78
-78
8
-7
10
3
30
-44
129
602
-724
54
-54
-7
265
-262
-1
16
505
-433
-90
2
77
-79
32
-8
-22
6
59
509
-576
34
-6
-28
1
0
5
9
-10
27
-30
4
21
-18
-6
2
24
11
-38
65
-49
-18
0
7
50
-25
-32
3
0
70
-72
0
92
352
-436
292
-298
114
-76
-32
45
-45
142
-151
13
-7
45
-7
-34
-1
-7
47
-47
13
-13
14
83
-60
-39
3
-3
2
0
1
115
94
-76
-135
1
37
-32
43
-50
1
236
-219
-6
-5
-7
259
-250
9
95
-109
3
-4
14
-9
8
-13
30
744
-774
0
9
-8
124
-128
1
2:3
0
27
-31
2:0
-2
0
-1
105
-94
6
-1
1200
-1166
-38
-10
228
-222
35
-42
0
-1
304
-282
-21
-1
2
6
-8
6
41
-19
47
-56
-19
2:1
8
-5
41
-31
0
3
2158
-2176
9
1
24
-19
74
-75
-6
-7
16
-15
0
115
-100
-2
34
-46
8
98
41
-148
340
34
-376
0
31
-9
-18
3
0
-6
0
4
45
-49
198
-198
168
-167
9
13
-8
-4
-2
14
-13
-10
0
-1
26
-23
6
51
327
-273
-87
-25
-2
27
-25
421
-419
-4
15
141737
-141750
7204
-6977
-224
0
44
46
-94
11
28
-39
47
-25
92
155
-268
1
6
-5
6
46
-53
-3
10
-10
30
74
-96
-7
2
0
-3
5
74
-67
-3
0
215
-220
147
-128
0
-15
158
364
-473
-54
3
-2
3
-5
1
0
-2
0
253
-253
0
88
-82
-5
11
-7
2
-2
-3
590
-164
-416
-2
59
28
-95
16008
-13529
-2452
-24
-2
1
-5
7
0
-3
-2
37
-15
-20
2
-5
114
-105
-8
0
9
1784
-1754
-32
153
-139
-3
62
32056
-32104
-27
0
-7
1
25
343
-367
18
-19
3
-2
7
-8
0
2:5
2
3497
-3470
-27
153
6230
-6173
-221
52
3386
-3405
-23
42
-40
1
-10
6
69
688
-744
489
59487
-59826
-82
4667
-4742
65
511
-574
7737
-6358
-1323
588
-653
-10
63
-60
23
-25
0
7
-2
-6
4
-2
27
-19
-7
11
-7
39
-46
4
406
-402
2315
-2320
0
-2
3
2433
-2406
87
108
-226
16
-12
-2
392
-393
-1
6
-5
0
17
99
-117
3
26
-28
3:0
75
-38
-29
1137
-1113
193
-224
7
51
-59
78
103
-153
6
91
81
392
-592
278
-274
-11
198
-171
5698
-3808
-1915
75
-76
0
1
96
-66
-12
-10
1173
-1178
314
-319
846
-842
-4
4
10
-3
15
-21
-5
9
-3
-4
19
43216
-43166
76
-145
-1
0
6
113
-116
162
-160
4
396
-329
-19
11691
-11749
22
-21
44
20847
-19652
-1223
-14
0
-3
23
45
-66
11
3
-3
14
-1
19
4601
-4644
-2
1
-1
11
-3
-8
9
237
-134
-111
21
-17
1
66
-50
-14
-1
9
-2
2
-16
6
78
-72
159
-155
-13
5
77
56
-140
0
280
-265
-5
2
21
-33
33
-34
28
-28
2
-2
1
20
111
-123
-8
0
48
-32
91
-101
-7
40
-29
-5
57
67
-67
-57
-5
0
-1
2
0
3
1
1051
-1037
-11
-3
56
-59
0
-1
3
42
-40
-6
3
23
572
-75
-414
333
234
-658
296
25556
-25864
3184
-3188
17
-18
4
-6
3922
-3804
-118
3
195
-153
-33
220
-222
30
-36
6113
-6115
16
563
-572
-7
18
-5
-10
1258
-1090
-164
-7
6
1948
-1957
3:0
1
-1
0
1
2:0
-1
2:0
1
2:0
-1
4:0
1
-1
11:0
1
-1
4:0
1
-1
1
-1
21:0
1
-1
3:0
1
-1
1
0
-1
3:0
1
-1
0
1
-1
5:0
1
1
3:0
2
-2
0
1
-1
0
4
-4
3
-3
5
-5
3:0
82
-82
7:0
12
0
-12
7
-6
-1
7:0
16
-13
-3
2:0
7
-7
2:0
1
-1
2:0
10
-8
-2
2
-2
4:0
1
-1
7
-7
0
1
-1
1
0
-1
0
1
0
-1
1
2
-3
3:0
1
-1
3:0
4
-4
2:0
4
2:-2
4
-4
4:0
4
-4
2:0
6
-6
0
5
9
-14
3:0
2
2:-1
0
18
-18
2
-2
4
-3
2:0
-1
1
2:0
-1
6:0
2
-2
0
7
-7
3
-3
0
3
-3
6
-6
0
15
-12
-3
2:0
12
-12
3
0
-3
2:0
1
-1
3
-1
2
-4
3:0
2
-2
9:0
2
0
-2
1
-1
4
-4
2
-2
2:0
29
-29
4:0
10
-9
-1
2:0
1
-1
0
3
-1
49
-51
2:0
2
-2
0
4
-1
0
-3
8
-8
1
2
-1
-2
23
-23
0
2
0
-2
1
6
7
-11
1
-4
1
19
-1
-18
33
-34
2:0
5
-4
-1
1
0
-1
2:0
2
-2
11
-11
3
-3
1
2
1
-2
-1
3
-3
-1
2:0
6
-5
-1
6
3
-8
2
-3
1
0
-1
55
-55
0
3
1498
-1501
90
-70
-18
-2
3:0
2
5
-7
6
-2
21
-20
-5
0
2
2:-1
8
-8
0
5
-5
1
6
-7
0
1
0
1
-1
16
-15
2:-1
2:0
25
-24
11
-12
6
5
25
-36
0
3
-3
1
-1
0
1
0
11
-12
0
18
-16
-2
3
-3
1
-1
2
0
5
-5
-2
2:0
2
364
-287
-72
-7
3:0
3
0
-3
1
8
-6
-3
2
-2
2
-1
2:0
3
39
-36
-4
16
-18
4
-2
239
-237
-5
3:0
6
30
-36
4:0
3
-3
2:0
2
-2
119
-119
5
15
-8
-9
-3
5
126
-126
-5
6
-5
-1
0
1
0
31
-30
21
409
-411
-20
112
-111
3
19
-18
336
-278
-61
43
-40
-6
6
2:-3
2:0
2
2:-1
2:0
2:1
-2
1
3
0
-4
2
-2
3
197
-200
2:0
1
138
-133
6
-7
-5
1
-1
0
27
-27
2
-2
2:0
2
26
-27
0
3
-2
0
-2
0
12
5
-16
136
-135
23
-25
0
2
-2
5
7
-6
-3
1
26
5
-35
26
-25
-1
15
-11
65
-51
-17
1
-1
0
-1
4
0
1
10
138
-153
2
-2
11
-8
-3
1
3
-3
2
1
-4
1
-1
2:0
197
-197
10
-10
3:0
8
-7
20
-21
2
-2
0
8
1016
-1024
2:0
2
-2
24
-23
3:0
-1
3
-3
0
2
1
-1
2:2
173
-178
-1
0
1
0
4
-5
0
20
-5
-14
10
-11
0
1
8
-9
0
9
0
-9
2:1
19
-20
10
-3
-8
3
9
-1
-10
0
1
-2
2
3
-5
0
1
-1
2
-2
3:0
5
-2
0
-3
0
1
6
-7
2
-2
4
2:-2
2:1
-1
0
-1
2:0
1
-1
0
1
4
-5
1
-1
0
1
0
-1
1
12
-13
2:0
6
-6
5
4
0
111
-119
2
480
-483
142
-142
4
-4
2:0
367
-355
-12
0
4
3
-7
14
-10
-4
0
368
-368
2
84
-77
-4
2
0
-7
14
-4
-9
-1
0
26
-26
15:0
2
-2
24:0
2
-2
17:0
2
-2
3:0
1
-1
4:0
1
-1
5:0
2
-2
7:0
1
end
