v1
887
120
87
90
271
108
56
11
40
257
1
188
52
139
14
34
52
167
18
210
49
119
51
28
9
226
232
6
38
19
56
7
15
65
81
159
383
165
62
262
16
14
88
310
56
358
26
152
214
81
106
252
169
15
11
136
135
69
108
248
10
194
22
118
55
71
20
21
501
5
67
278
61
71
85
54
339
6
21
13
122
7
24
55
33
137
277
34
33
42
115
33
20
24
43
0
175
134
60
63
79
48
148
93
85
134
23
45
99
43
24
79
48
43
34
193
79
31
50
54
46
125
186
111
134
201
92
95
106
388
0
54
59
67
213
47
22
57
176
200
28
168
120
0
117
64
42
135
327
10
29
85
244
95
217
37
55
93
235
44
9
356
7
8
292
94
22
84
9
160
16
15
142
55
337
241
71
44
242
8
109
25
263
7
208
24
5
45
0
38
18
7
18
19
8
17
2
23
46
2
0
3
14
110
23
1
13
47
58
73
9
12
14
48
59
6
8
50
35
30
38
19
38
17
82
45
118
381
45
20
1
173
55
65
94
131
160
35
219
110
28
246
40
33
6
116
104
234
16
105
141
85
101
41
87
3
166
3
146
5
282
116
13
27
254
31
10
126
163
10
5
31
2
66
17
70
229
41
309
114
2:43
7
12
52
931
149
50
102
71
0
5
7
10
312
0
105
6
66
43
2
24
42
115
187
8
67
50
325
66
15
314
168
68
5
30
247
33
47
129
48
2:8
19
11
6
36
90
38
19
38
69
7
11
144
18
22
283
57
53
339
171
99
2
36
45
20
184
415
0
37
175
70
63
58
8
3:43
26
302
38
88
12
54
47
3
28
24
4
2
127
20
2
86
153
59
5
20
3
104
71
18
3
2
151
106
194
119
85
8
39
218
34
123
31367
3
5
22
9
12
31
39
73
49
83
47
85
69
19
4
72
8
58
54
14
22
8
22
932
111
37
72
68
111
71
181
3
56
3301
2211
328
1204
349
5134
6
6258
1323
3235
1500
8442
2463
3
790
830
5297
2185
816
925
872
0
1267
1385
2
14
8068
8
22
2805
882
943
15
1533
920
487
1550
3120
16
2
6
1427
4054
102775
13099
3543
1
7716
25
26
47
9417
32379
39
21
4
72
95
0
14
63
24
12
20
53
36
2:5
9630
45012
680
203
7
157
9
27
18
57
53
2
107
27
11
2:1
4
6
2
11
2
1
30
724
14
17032
1790
2294
3093
10208
7980
575
238
1072
358
539
523
582
83
436
330
202
2
3
4
2
6
0
10
31
44
14
28
10
45
2:4
2:31
6
3
1
65
25
4
2
3
0
1
30302
1513
8555
176
100
21
601
104
87
199
93
292
44
16
142
11
45
28
41
103
318
175
337
36
15
13
14917
120
11712
2:1
163
12
60
-488219
311
66
149
206
426
139
49
357
361
363
153
401
102
185
377
64
189
95
182
0
744
213
187
109
292
277
48
163
0
75
243
28
0
13
266
308
22
157
168
68
67
32
653
28
859
109
153
0
426
368
330
31
353
86
111
1
167
10
403
256
232
27
324
48
406
56
43
920
169
1
19
409
202
221
660
108
124
23
0
168
114
130
400
50
364
64
173
369
0
12
0
139
75
121
4
0
111
12
203
107
19
53
6
9
23
0
3
17
316
98
191
73
34
89
318
290
63
4
173
97
302
47
73
255
76
326
350
29
6
64
115
487
31
108
702
219
0
679
211
402
8
187
0
50
0
500
162
281
82
76
34
84
996
11
136
145
12
0
120
51
132
89
66
182
329
42
12
310
34
26
379
285
32
897
42
320
126
158
123
246
146
73
23
0
164
349
299
0
97
95
30
214
39
226
0
54
127
72
113
111
0
31774
10
11
70
113
58
1
33
211
1090
0
89
63
47
13
187
3
52
352
7443
7282
6210
711
16670
463
3200
4352
1301
835
7
1384
843
7231
13
7132
983
1014
3137
9
8
16915
104456
11253
41902
62
412
0
10999
43792
571
9
327
13
212
16
14
2
39
5
743
219
18644
18848
0
5789
73
752
1231
133
1725
21
5
182
46
40280
724
1520
136
814
92
14705
12082
3
13
0
1412998800
599:0
1
286:0
50
-47
4
-3
2
17
8
-27
4
3
17
33
-54
4
160
-167
31
-19
1
-10
2036
-2034
-5
29
-8
-20
2:9
132
15391
-15524
-14
3
12
-19
13
26
-36
-1
16
-5
-8
807
-701
-111
35
73
-108
1
4
245
-245
23
-1
157
-129
-51
10
-3
161
-140
-22
-7
-3
6
-5
162
-160
0
402
-345
-57
-1
29
-30
6
-6
6
-6
68
-66
23
-24
0
7
272
-272
-6
5
-9
33
-14
-11
-5
0
101
255
-343
11
-10
-13
-3
421
-421
10
15
-17
-8
0
1
132
-126
-4
23
-27
1
4
0
-3
26
628
-635
220
-217
-16
26
-30
92
-93
0
150
-152
5
207
-212
3
41
-43
126
-96
-30
15
2:0
-16
12
32
-19
-25
15
1
-15
41
-41
29
499
-511
-16
2
100
-103
335
-324
-7
1672
-1676
14
-9
21
-7
-3
-15
-2
132
-123
18
-26
11
66
-49
-30
10
1
21
-21
14
-22
0
7810
-7781
-6
312
-325
-12
-1
2
89
-80
-4
0
76
46
-118
9
54
-73
37
53
-85
262
-245
67
-50
215
-254
123
-49
-66
193
-196
47
-50
70
-71
7
133
-133
-5
31
22
-46
-10
133
-125
25
-30
65
-64
283
-279
0
65422
-65426
4787
-4513
-246
28
-60
26
174
-153
-46
237
-228
-11
38
39
-71
27
161
-163
-22
-5
0
153
-155
47
98
421
-561
393
-178
-186
27
-28
27
433
-470
2:-12
2
-3
4
50
269
-318
-1
98
-95
0
-7
14
7
-18
0
4
31
-32
6
16
20
-32
4
14182
-14111
661
-676
-72
-2
0
93
-92
2730
-2690
-42
62
-22
-38
-1
2:6
-10
5
26
-29
6
-7
1300
-1281
-23
257
-231
-26
24140
-24105
-35
5
170
28
-183
-11
12
-13
4
-12
20
777
-795
0
174
-14
140
-284
44
3181
-3189
-51
23
-24
279
24
-303
596
16216
-16763
-33
-18
0
2169
406
-2570
23
1846
-1459
-398
5661
-4779
-880
671
-685
-3
0
62
7447
-7509
16
-5
-7
3
-7
25
3
2026
-2056
0
1
1948
-1814
-58
-46
-2
-17
5
46
-39
97
-43
-67
185
-194
32
-30
22
273
-193
1186
-1128
36
-196
-4
28
9
-34
68
-47
11
-12
-22
12755
-11001
-973
-782
64
-7
-28
190
-218
4700
-4689
-6
496
-502
7
-4
5
-3
7
-11
5
0
-7
18
713
-713
25
-33
-5
-1
8
-11
96
-96
6
-5
2
6
-2
14978
-14912
-13
-54
101
-107
1
194
-183
346
-340
157
8041
-8216
9
8344
-3260
-5093
2
0
1
-2
-1
45
323
-287
165
2667
-2913
11
4
-1
-4
5
69
-79
41
-43
2
35
-1
22
-51
10
12
85
-66
-25
104
6
-136
3
4
7
-2
273
-285
57
-52
19
-22
966
-967
-2
62
-42
36
-55
30
-2
-15
99
-76
-17
2:-9
1
2:0
313
-308
-2
553
-552
2
-5
10
73
-65
-16
37
-35
-7
681
-575
-103
13
0
1065
-1058
-16
24906
-24301
-500
412
-502
2546
-2410
-129
4
-28
5
32
198
-228
6
1922
-1843
274
-332
-37
13
14
13
-38
-5
29
67
23
24
5612
-5751
-3
-1
-3
0
2
3:0
2:-1
0
2:1
-2
2
0
-2
0
1
3:0
2
-1
5:0
-1
5:0
-1
2
-1
2
-1
-2
1
-1
1
2:0
2
-3
1
0
1
-2
2:0
3
-3
1
2:0
-1
1
2
-3
2
1
2:-1
2
0
-1
0
-2
1
0
2
-2
2
-3
0
1
0
-1
2
-2
3:1
-1
1
-2
3:0
2:1
2:-1
2:0
-1
2
0
1
-3
3:0
1
2
-3
2
1
-2
2:0
2
-1
1
0
-3
0
3
0
-2
0
2
0
-1
1
-1
-2
1
0
-1
3
0
2:-1
0
1
-2
1
2
-2
3:0
-1
1
2
2:-1
2
-3
0
1
0
-1
1
0
1
-2
2
0
2:-1
3
-3
3
-2
0
1
2:0
-2
1
2
-3
1
2
-2
1
0
1
-2
2:0
2
-2
0
2
-1
1
-2
2
-2
2:0
1
-2
2
-1
0
-1
2
-1
2
-1
1
-3
2:0
1
0
2
-2
1
2:-1
3
-2
1
-1
2
-2
1
-2
3
-2
1
-1
2
-3
2
0
-1
0
2
-1
1
-3
2:1
-2
3
-1
2:0
-1
0
-1
2:1
0
-1
1
-1
1
-2
0
2
1
0
-2
1
-1
0
-1
2
1
-1
-2
0
3
-2
-1
3:1
-2
1
0
-2
0
3
-3
1
0
1
0
1
-1
2:0
2
-2
2:0
4
1
-4
-1
12
-12
3:0
3
81
-84
5:0
1
12
-3
-7
0
-3
0
1
21
-15
-7
2:0
1
0
3
-4
2:0
7
-7
0
2
-2
0
1
2
-3
7
-7
5
-3
1
-2
1
0
-2
4
-4
8
-8
0
17
-2
-15
2
1
-3
2:0
1
-1
4
-1
0
-3
4
0
16
-20
2:0
1
3
2:-2
1
0
11
-12
2:2
-3
-1
1
2
-1
-2
2:2
-4
0
1
-1
2:0
2
2:-1
1
-1
0
1
21
-22
0
5
-5
2:0
14
-12
0
4
-5
2
9
-12
2:1
-2
3:0
2
0
2
-3
0
4
-5
2
-2
2:0
2
-2
3
-3
0
2
-2
0
1
17
-18
1
37
-38
1
0
10
-9
-2
1
0
1
-1
2
-2
0
34
-34
2:0
1
4
-5
2
-3
0
53
-52
2
49
-52
1
0
-1
17
-5
-10
0
8
-8
-2
1
16
-15
-2
23
-23
33
-33
0
4
-1
2
-4
7
-8
7
-7
7
-7
12
-12
1
5
-5
0
2
3
-6
0
6
2:-1
-4
4
-2
65
-66
-1
1713
-1713
90
-56
-33
5
-6
8
-5
26
-28
-1
1
-1
1
9
-8
1
12
-14
1
-2
4
5
-7
-2
23
-17
-3
-2
65
-64
-1
13
-7
4
20
-29
-2
2:0
2
-2
21
-21
0
13
-12
2:0
-1
5
-3
2:0
6
-8
3
8
-4
-5
0
457
-459
54
-48
-2
-4
4:0
13
-13
3
-1
-2
2
-2
6
-6
0
1
0
4
-5
59
-52
-7
22
-13
-9
213
-213
2:1
-2
32
-29
-3
3
-1
2
-2
4
101
-102
0
16
6
-13
-12
2
94
-87
-10
4
-2
11
2:-7
55
419
-462
-12
1
-1
2
131
-132
5
-6
20
-17
365
-306
-59
37
-38
-2
2:0
10
-10
7
-7
0
2
-1
2:2
248
-253
2:0
145
-131
-1
-13
2
2:-1
2
-2
18
-16
-1
47
-47
2:2
-1
25
-29
179
-169
6
-16
0
2
3
-5
10
-3
-7
6
-6
8
34
-11
-30
12
-13
5
-4
-1
82
-82
2
29
-30
1
-1
0
-1
0
4
-3
0
-1
10
150
-156
-2
2:-1
2
-1
0
1
-2
2
2:-1
3
-1
153
-150
1
-6
8
-6
-1
29
-30
0
5
10
1176
-1189
-1
6
14
-20
-1
4:0
4
2
-4
2
146
-149
2:0
-1
0
5
6
0
-10
6
0
-4
-3
24
-21
-2
5
9
-14
4
5
1
-9
-2
3
1
3
-7
0
21
-20
1
-1
2:0
-1
11
2:-4
-3
8
0
-8
7
-3
2
-6
4:0
4
-3
-1
10
-10
3
-2
3
8
-12
2
11
-12
-1
33
-21
-12
1
0
245
-243
-2
291
-198
-89
-5
0
310
-299
-9
2
-4
0
8
3
-6
0
164
-165
70
-74
0
9
10
-18
2
-3
4
7
-5
-2
27
-30
-1
28:0
2
0
-2
11:0
1
-1
0
1
-1
6:0
1
-1
6:0
1
-1
5:0
1
-1
4:0
1
0
-1
15:0
1
0
-1
4:0
2:1
0
-2
1
0
-1
3:0
1
-1
3:0
1
-1
11:0
1
-1
0
1
-1
2:0
1
0
-1
5:0
1
0
-1
6:0
1
-1
9:0
1
-1
13:0
1
-1
3:0
1
-1
7:0
3
-3
10:0
1
-1
13:0
1
-1
2:0
2
-2
11:0
2:1
2:-1
4:0
3
-2
1
-2
1
2:0
-1
10:0
3
-3
8:0
2
-2
10:0
1
0
-1
0
end
