v1
495
220
364
159
76
410
239
2:4
48
112
100
179
49
119
64
24
53
0
410
58
19
37
22
28
118
159
337
46
0
165
58
266
212
76
58
82
17
19
258
3
124
19
152
89
70
32
130
204
19
109
355
111
329
106
501
144
16
25
168
45
37
138
278
195
22
330
15
75
135
256
140
31
106
170
107
67
175
194
63
79
57
232
85
303
140
322
110
150
125
259
172
394
249
293
339
65
4
14
43
31
181
0
302
178
74
149
135
186
180
55
369
94
119
25
164
235
53
279
77
7
118
276
22
235
18
16
212
164
173
312
44
250
279
125
175
0
62
12
33
38
35
12
21
13
30
0
1
46
5
14
7
69
41
16
1
13
88
17
82
74
59
2:3
0
40
18
61
4
74
21
17
127
118
85
289
0
73
173
120
420
0
96
173
0
60
28
286
39
116
146
138
54
121
35
106
85
87
14
41
61
26
3
108
61
151
282
116
92
66
130
0
6
20
11
299
10
38
83
70
105
124
41
423
58
35
0
12
175
50
662
96
199
102
93
176
88
48
111
69
36
4
2
24
157
56
0
42
40
49
75
50
36
696
185
28
0
29
71
193
33
92
148
162
38
19
107
7
8
147
18
22
117
166
110
334
5
270
38
65
182
2
452
34
141
17
182
42
1
2:43
45
63
96
124
22
16
100
54
47
2
58
1
145
2
88
153
59
28
10
89
99
151
0
106
255
42
16
81
4
47
63
189
91
31407
22
9
43
12
0
149
33
53
44
37
0
32
16
69
19
76
8
21
37
90
2:4
22
12
920
111
37
50
0
22
68
40
142
108
73
3
47
3310
2211
328
1553
4811
329
8678
2138
12405
3
790
9128
925
872
2652
2
8089
2828
882
958
1533
2930
3154
1
10
1433
15471
91358
13098
3544
1
7716
25
73
0
9417
18301
13095
914
69
42
4
18
26
16
238
20
53
36
2:5
0
6
5
0
10999
44372
150
157
7
2
38
7
15
42
53
93
16
27
13
10
2
11
33
20
737
0
94
8
55
3451
0
17489
4271
3879
5151
7980
575
1668
873
189
665
968
2
14
20
18
4
58
0
87
35
40
91
4
6
30302
10004
64
176
100
600
0
22
0
104
648
67
169
73
41
103
24
37
257
512
36
15
14828
222
11712
2:1
163
1412594400
494:0
0
2
1
-1
65
-57
-6
-3
2
0
-2
-1
3
1929
-1924
14
-21
0
21
35
52
192
-299
330
626
-955
10
-9
-4
32
-27
17
-21
20
-20
61
-61
-1
2:0
4
-2
125
-125
211
-207
0
-1
-4
136
0
-137
2:0
36
-34
13
1
-15
0
72
563
-635
6
16
-13
-7
-2
8
333
-342
2
93
-90
10
-7
57
-64
17
1
108
-84
-41
1
18
-18
968
-971
19
-18
8
25
-34
21
4
-25
20
-11
2
8
-18
0
-1
81
-81
3
6
21
-30
2
9
4
5
-20
19
-17
6
-1
-4
1
-3
93
-89
2
3
-4
-5
9
-8
5
-6
20
-20
308
-308
0
6
-6
153
-135
-14
-1
-3
3:0
6
16
-19
11
14
46
-75
6525
-6465
-54
-3
8
199
-188
-10
-8
-3
0
3:1
435
-439
8
-7
1
11
2
-11
0
11
1
0
-12
0
-3
0
1
147
-147
273714
-267752
-5910
-42
-3
-4
18
-22
14
-7
15
302
-316
-7
238
-235
3
-8
11
76
-7
-80
0
4
0
-3
0
3
27
-27
27
-18
2:-4
61
563
-628
-1
1
0
2:1
0
47
48
-96
27
0
-7
-20
2:3
-8
0
2
16
-18
12
-8
0
9
-11
3339
-1768
-1569
-3
0
-1
1
0
-1
2
10
-5
-7
0
5
722
-704
60
-65
53
24779
-24848
0
-1
8
99
-108
2
-1
7
17
-24
1502
-1395
-107
51
-48
597
-597
0
-3
26
-18
-5
-2
1045
-1046
18
1
9186
-9193
-12
39
1779
-1793
6
171
-193
8104
-7731
-383
9
8
-16
0
3
9
45
-52
-6
12
-1
-4
1109
-1111
2286
-2282
61
-68
38
0
-34
-4
-2
159
-158
0
1
-2
0
72
-65
-7
0
23
422
-445
9
109
-118
7
-7
4
-3
0
3
10
-12
7
-8
-1
15
14
232
-111
142
-172
-120
129
-127
748
-479
-232
39
59
-134
26
-22
216
-219
1
22
3338
-3363
-1
2:4
12144
-12129
-20
24
-22
46
-12
-34
266
-271
0
3835
-3835
1
2:0
27
-21
187
-190
9
-14
267
-263
4
2317
-2324
0
-1
4
0
-4
3
26
-1
-22
4
-10
0
22
-13
-9
1
16
-14
10
-11
9
2
-11
1
-2
0
-1
0
13
-12
0
1
3
4
3
-7
49
-48
-4
7
1
-8
40
-38
-4
3
27
-29
-1
0
23
27
-40
193
-87
-88
-4
188
624
-819
-13
-3
2:0
420
-419
45
-44
2168
-2165
370
-373
13
18
-31
11
-10
-3
10
94
-27
-77
655
3:1
-2
4
-4
4:0
1
-1
2
41
-43
3:0
1
4
-5
4
-2
0
2:-1
0
4
0
-2
-1
0
-1
2
-2
1
-1
5:0
7
-7
1
-1
8:0
1
-1
5:0
1
-1
0
2
-2
2:0
1
11
-12
0
3
-3
2:0
12
-12
1
-1
2:0
1
0
-1
0
2
-2
1
-1
1
-1
0
3
-1
-2
1
-1
1
-1
6:0
1
0
-1
0
1
-1
2:0
1
0
-1
2:0
1
-1
13
-13
0
2
-2
0
2
-2
2:0
11
-11
1
-1
3:0
1
2
-3
5:0
1
11
-12
2
-2
2:0
4
9
-13
0
4
8
-8
-1
-3
1
0
-1
2:0
7
-7
3:0
2
2:-1
0
3
1
-3
-1
4:0
18
-16
625
-580
-43
-4
2
0
-2
2:0
1
-1
1
-1
0
1
-1
2:0
1
6
-7
7:0
3
-3
9
-9
6
-6
3
9
-12
3:0
2
-1
1
-2
3
-3
3
0
-3
2:0
1
-1
2:0
1
-1
0
1
2:0
-1
118
-64
-53
-1
6:0
1
-1
3:0
55
-52
5
0
-8
206
-206
2
-2
2
13
-15
3:0
2
-2
51
-42
-9
2
-2
35
-35
1
-1
1
-1
2:0
8
-8
0
6
174
-176
-4
0
39
-38
-1
3
1
127
-117
-14
2:0
1
2:0
-1
0
1
-1
1
-1
2
50
-52
52
-51
3
2:-2
0
2
-2
0
12
-12
4:0
14
-10
-3
-1
1
67
-68
2
5
-7
1
-1
4:0
2
-2
3
-3
0
5
-4
2
8
1
3
-15
7
-7
31
-25
-4
1
7
-7
-2
8
29
-37
-1
2
4
-6
0
1
-1
105
-103
-1
1
-1
0
6
-7
3:0
258
-258
5:0
3
-2
-1
0
3
-2
-1
103
-103
6:0
12
-8
-3
7
-8
3
-3
1
-1
0
9
-9
6
-6
4
-4
6:0
3
-3
4:0
1
0
1
0
-2
0
1
0
1
-2
2
-2
1
-1
2:0
5
2
-7
2
21
-22
2:1
82
-83
2:-1
2:0
4
-4
3
-2
159
-160
46
-46
2:0
2
1
-3
2:0
12
-7
-5
9
end
