v1
788
92
38
77
110
267
159
25
5
232
145
38
41
28
24
139
48
8
44
78
366
119
249
303
38
2:19
37
7
15
65
81
35
157
22
0
7
153
118
50
159
6
0
169
60
95
4
144
10
28
102
140
7
10
142
133
300
74
85
32
104
134
171
53
11
0
4
15
32
133
72
199
22
47
32
228
80
0
16
10
194
21
0
1
86
32
33
134
136
8
66
20
205
71
67
94
141
9
34
132
85
45
354
156
31
0
88
137
277
257
20
209
33
6
66
122
63
127
9
139
211
65
59
45
0
183
145
42
66
235
2
87
0
63
125
148
144
5
134
16
65
32
180
201
442
59
67
193
20
69
10
47
31
77
109
159
131
80
222
106
74
53
1
7
104
30
9
78
145
0
30
25
30
20
70
82
42
125
76
67
11
59
4
37
27
28
6
305
17
53
24
58
281
84
34
80
49
41
12
94
275
16
43
50
36
247
121
24
289
0
51
44
56
121
73
109
25
263
7
181
27
29
70
13
38
2
2:3
9
7
8
11
6
25
46
5
14
7
126
1
60
58
73
9
12
107
2:14
4
46
35
15
11
4
3
35
19
38
17
14
231
447
78
59
36
27
93
94
131
122
38
35
219
58
52
98
204
2
10
39
116
104
42
138
115
60
141
85
101
41
59
31
166
3
0
151
0
53
15
214
116
13
27
254
31
10
261
28
10
5
18
0
13
2
66
316
41
52
257
114
43
50
12
132
134
717
15
184
102
71
5
7
10
121
74
28
8
11
175
6
109
2
24
42
115
187
8
67
50
6
209
110
3
63
69
51
287
182
37
221
33
57
0
35
84
10
90
36
90
38
19
101
1
5
7
8
147
40
48
130
105
57
39
0
14
339
108
0
162
2
36
45
20
53
29
100
2
8
30
2
24
163
188
37
34
78
63
17
53
121
8
43
74
39
31
73
31
138
28
38
100
26
28
47
31
28
2
35
26
84
2
88
153
39
20
5
23
104
89
3
2
33
53
65
225
75
61
44
13
1
36
4
45
8
39
63
98
57
34
82
31416
22
9
12
0
47
23
7
49
13
4
0
44
38
14
36
3
42
0
2
0
85
56
13
19
76
66
54
36
8
22
1067
13
72
68
64
47
71
184
47
9
3301
2211
328
1553
311
2762
1745
322
1448
0
6133
3235
5018
0
4924
2463
793
830
1211
3663
423
13
2988
925
2139
2
1383
2
4
10
8068
8
1
5
16
0
22
2783
882
958
7
1526
920
13
474
4669
1
16
2
1
0
1432
4054
115873
3544
1
7716
21
4
67
6
9417
28772
456
3082
108
3
18
4
26
7
0
39
81
14
40
47
14
11
1
20
53
36
2:5
6677
4333
25036
18596
731
159
157
33
21
57
63
96
3
27
11
2:1
8
2:2
11
2
1
29
1
20
704
14
113
1
62
6
0
18640
571
1723
3093
18188
575
238
247
1183
539
334
133
56
665
436
532
2
3
5
6
39
2
1
39
19
83
8
2:31
0
3
6
1
43
23
24
4
2
4
30302
9721
283
64
176
69
31
622
104
7
80
103
0
96
47
46
352
142
56
19
9
41
103
98
34
186
27
109
376
36
15
13
18
0
92
14927
11712
2:1
146
17
12
60
-488129
1397
42
174
5
1273
62
10
691
721
2309
1099
355
217
671
26
93
1376
440
279
541
304
857
554
183
1466
424
185
349
943
529
936
6
113
30
539
326
228
458
191
668
671
295
95
796
214
289
1465
175
308
151
1551
255
424
903
140
170
81
333
342
2423
186
579
32420
181
53
176
135
1321
217
15355
10241
32977
186742
159
57126
157
56
47201
92
24
32042
8991
209
231
2108
14828
12085
1412826600
699:0
1
87:0
9
-6
49
-44
0
46
-52
16
-15
10
-12
38
-35
14
12
23
-51
0
12
-13
2702
-2702
372
-353
788
-799
1636
-135
-1489
-11
11
-15
-4
5
1
-6
5
-3
54
-52
26
1
-30
1
35
-38
2:1
9
-5
6
-12
8
-4
-1
91
-78
428
-438
-6
1
-1
242
-211
-2
-23
14
-19
69
-65
287
-281
-11
10
-8
-1
0
370
-348
46
-68
0
660
-654
33
-22
204
-219
-2
46
-45
3
-5
23
-19
-2
7
6
-10
9
-6
34
17
-45
0
-1
26
479
-468
-49
4
56
-60
3
13
-4
97
-84
-14
-10
35
2:-18
0
1
-1
28
-23
-4
553
-554
0
9
103
-109
9
129
-131
2
-5
3
-2
44
31
-80
118
-122
33
-25
-4
8
-10
8
-8
466
-449
-15
5
-3
240
-244
6
54
-60
2
-4
2
2:-1
2
-1
16
-8
-4
-3
3
7
-10
2419
-2407
-12
-2
1
38
843
-877
-4
-1
4
8
-6
223
-216
-13
2
3
-3
-1
156
-111
-37
-8
4
3
-8
1
63
-61
0
184
-185
10
-2
147
-154
2
0
9
-6
19
1
311
-241
-96
-2
10
-8
5
0
-5
-2
4
47
-40
39
44
-84
9
4
35
-7
-47
278
-272
-1
-2
158
-163
20
-16
85
-83
45
-49
138
-132
0
25
-33
81
-59
-17
-7
14
-13
182
-178
13
-12
-5
16
179
-194
203
-204
1
2
87609
-83486
-3827
-300
24
-5
-18
24
130
-43
-97
222
-219
-9
-4
25
2
-31
0
-1
22
73
-57
-36
-2
2
8
-10
2
88
-87
7
4
0
233
135
-378
113
-41
-71
60
-61
0
1
-5
2
-2
296
-296
8
99
-103
9
4
1
16
-31
2
-4
2
-1
42
-19
159
-80
-41
-26
15867
-15349
324
-801
-65
-13
6
-5
5
-6
1038
-1033
1
0
73
-56
-22
0
-1
14
2
-13
-2
-1
1425
-1393
10
-39
373
-314
-25
13718
-13749
-5
1
86
140
-227
0
270
-254
105
3
-125
8
5
12
29
-46
-2
-3
1348
-1350
2
-3
0
24
50
-35
-29
-10
93
-93
5021
-4993
1793
-1804
-16
1
3
13
-18
4
325
-289
136
-173
30871
-30672
-198
2822
1230
-4047
-3
101
-19
179
-258
-5
7758
-7109
-281
-372
0
3
25
-27
9
-6
-2
0
12
-9
-5
4
-2
765
-752
-15
22
-7
9
-18
1952
-1954
10582
-10394
-148
-38
0
-6
3
23
-24
-1
30
0
-23
-1
-3
21
-9
-15
0
122
4
-105
-20
16
147
-147
58
41
591
-704
74
-78
92
159
-235
-16
72
-30
-22
7
-4
-11
154
811
-931
-45
18
-19
20
-19
0
3
748
-749
0
-1
1502
-1483
-13
1
-7
1
-1
52
-52
6
-1
28
662
-694
2
20
55
-72
-8
14
0
-10
-2
24
-15
-10
5
4
-8
2
0
8
-2
10109
-10118
0
66
-45
-18
0
219
-194
-15
356
-369
55
8304
-8357
-3
0
2
16
26
3547
-3591
3
0
10
-11
47
-47
13
-11
57
65
-48
-68
447
1547
-2001
-3
7
-5
0
2
17
137
-156
4
24
-26
-3
43
-24
-17
53
-47
-6
17
27
-19
-4
-22
-1
3
324
-324
4
-8
2:0
14
0
1
-14
9
47
-48
535
-542
5
32
859
-896
3
55
-42
24
63
-96
-3
0
3
11
-15
2:-2
4
-1
2
33
-36
0
7
194
141
-319
-25
77
1286
-1357
1025
-1016
-3
18
32686
-30238
-2479
84
-56
2338
-2365
818
-818
0
38
-38
21
-21
153
-151
3
625
-607
222
-237
-3
18
-22
13
-8
49
-56
128
-127
0
1
14
178
-182
8
-18
2944
-2938
-6
-3
8:0
1
-1
0
1
-1
12:0
1
-1
1
-1
3:0
1
0
-1
3:0
1
-1
1
0
-1
9:0
1
-1
3:0
1
-1
4:0
1
-1
0
1
2:0
-1
2:0
1
0
-1
1
-1
3:0
1
-1
2:0
1
-1
0
1
3:0
3
-1
-2
4:0
3
-3
4
1
4
-9
2:0
1
74
-75
6
-5
19
-19
20
-18
1
-4
2
-2
4:0
1
-1
21
-21
3
0
-3
0
2
-2
3:0
4
-1
-3
3:0
8
-8
3
-2
-1
5:0
2
-2
0
2
-2
4
2:-2
2
-2
2:0
3
3:-1
0
1
-1
3
-3
11
-11
5:0
4
-3
-1
0
10
-9
1
-2
2
-2
1
0
1
2
16
-16
-4
1
20
-21
0
3:1
-3
3
-3
9:0
5
-5
2:0
17
-17
0
3:1
-3
1
-1
6
2:-3
6
-6
4
-4
0
1
-1
2:0
2
2:-1
0
1
-1
0
1
3
-4
6:0
2
2:-1
3:0
1
-1
5:0
4
-4
1
-1
2:0
2
-2
9
-8
-1
2:0
1
-1
28
-20
-8
8:0
4
-4
2:0
48
-48
2:0
3:1
2
-4
24
-25
0
2
-2
2:1
-2
1
-1
10
0
-7
3
-6
2
3
-5
13
-12
29
-30
4
-1
-2
-1
3
-3
2:0
4
-4
3
-2
1
2
-3
5
-5
1
-2
2:0
3
-3
1
-1
0
5
-3
-2
39
-39
0
1
1378
-1299
-52
-28
0
3
-3
5
0
12
-14
-3
0
2
0
2
0
-2
0
-2
0
14
-13
-1
0
2:1
-2
0
23
-22
1
-2
2:0
69
-69
6
0
-6
54
-54
0
1
0
-1
0
23
-23
2
16
-16
-1
0
1
-2
0
1
-1
2:0
3
0
5
-5
-2
-1
278
-277
36
-30
-7
1
2
-3
3:0
1
2:0
4
-3
-2
2:0
1
0
-1
0
2
58
-50
-10
0
20
-15
-4
195
-195
-1
0
3
-3
2:0
21
-21
4:0
2:1
7
-9
0
4
97
-101
1
-1
2:0
4
2
-6
0
8
-8
16
-14
84
-79
-7
5:0
23
-20
31
-34
334
-301
-33
4
97
-101
0
2
10
5
-15
-1
392
-323
-31
-38
-1
0
3
-1
-2
2
-2
0
1
-1
0
2
-2
2
2:-1
4
2:-2
5
137
-142
130
-119
-8
-2
0
-1
0
2
-2
4:0
2
-2
0
2
-2
0
21
0
-20
-1
2
31
-32
0
14
103
-115
6
-9
0
6
-1
-5
12
-7
2:-1
1
-2
22
-5
-11
-8
2:0
5
-5
2:0
71
-71
2:0
21
-18
-2
2:0
-1
2:0
4
-4
0
9
106
-114
2:0
4
-3
-2
1
0
-1
0
1
-1
0
1
-1
1
0
1
-2
1
133
-134
0
7
-6
-1
3
18
-20
-1
2:0
12
1008
-1020
4:0
3
10
-13
9:0
9
-3
-6
11
121
-131
-1
2
-2
2:0
10
9
-19
9
-5
-4
0
17
-15
-2
7
-3
-4
1
5
-2
-4
2:0
1
-1
0
2
-2
2:0
2
0
2:-1
2
0
-1
1
-2
2
10
-5
-6
-1
3
2:1
-1
-3
3:0
-1
2
2:-1
0
2
1
8
-11
2:0
16
-16
1
-1
8
7
-15
264
-262
-1
0
379
-266
-114
1
-1
296
-296
16
-16
0
1
-1
4
-1
3
-5
-1
140
-139
53
-53
-1
2:0
1
2
5
-8
7
-7
2:0
2
10
-10
2:-1
33
-28
-5
20:0
1
-1
0
1
-1
7:0
1
2:0
-1
11:0
1
-1
7:0
2
-2
4:0
2
-2
14:0
2
-2
8:0
end
