v1
837
187
20
33
12
65
218
197
11
407
79
3
49
139
48
394
221
14
65
0
10
99
193
228
19
37
22
28
42
76
0
159
256
81
19
27
165
59
330
223
140
7
10
575
138
21
117
19
76
22
260
184
11
271
101
76
106
129
13
10
83
111
22
19
82
17
167
87
49
42
91
0
232
5
67
94
1
183
61
15
56
63
8
14
28
26
80
171
94
21
135
31
58
133
6
9
19
4
273
72
37
10
51
87
44
132
51
35
50
144
63
79
38
10
9
232
85
98
59
35
10
42
294
34
55
138
4
106
267
8
393
38
117
84
153
140
442
126
21
192
69
57
245
131
316
117
64
42
128
7
166
0
20
180
55
91
278
281
28
328
44
9
250
106
7
205
66
17
0
106
22
12
72
0
9
142
18
16
33
60
27
37
364
12
16
97
215
294
104
5
0
172
101
22
116
65
27
29
45
6
19
38
10
5
3
19
8
11
30
1
21
30
14
31
79
24
13
105
73
9
1
0
11
8
42
4
8
40
19
14
4
17
11
13
5
65
3
35
3
16
38
17
14
77
22
107
99
11
2
359
1
173
120
82
0
143
160
11
24
14
72
133
110
12
135
157
10
39
116
104
42
85
0
44
9
54
0
121
141
85
6
95
41
87
3
166
3
30
116
5
7
31
30
0
214
116
0
3
37
52
196
1
5
31
10
28
186
75
10
0
5
0
31
2
66
17
70
0
177
52
41
309
68
46
54
51
59
0
73
52
41
758
301
11
60
12
10
7
305
111
106
3
2
0
23
0
1
157
56
37
0
94
8
0
67
18
32
16
184
15
110
3
0
132
195
0
143
21
142
19
18
11
208
21
33
30
17
177
2
6
8
30
42
53
37
38
19
23
15
69
7
8
0
106
41
40
158
125
96
14
339
227
45
36
45
20
98
53
33
176
0
184
55
37
175
16
54
70
51
8
2:43
31
0
4
8
15
93
169
51
38
0
100
54
47
53
8
147
88
153
59
5
20
3
84
20
34
58
2
33
118
106
121
178
14
12
7
66
275
24
40
24
3
24
31402
5
22
9
12
31
112
49
33
50
0
3
44
30
7
136
69
7
8
58
54
36
8
22
19
1031
30
28
44
68
92
8
11
71
108
19
54
3
47
3310
6
2205
325
3
1553
311
11
1389
2053
1376
4225
3355
0
3236
5448
6957
793
830
5297
2182
819
925
872
432
0
835
1385
2
4
0
8078
8
1
3708
0
943
15
1533
920
998
4159
18
1433
106829
13098
3544
0
1
7716
25
26
6
41
4
9413
31396
915
110
4
16
0
2
11
15
7
11
28
95
101
12
1
19
89
2:5
11010
44335
28
0
140
19
67
90
7
2
27
18
22
36
52
46
35
12
4
12
27
11
2:1
10
13
33
695
0
29
102
3
13
0
9
3514
4380
9025
4084
3093
18188
575
1668
456
83
0
334
189
124
458
83
436
330
202
1
4
6
25
5
13
2
2:1
44
14
65
18
7
1
0
31
2:3
34
1
26
17
8
39
4
6
30302
10004
64
176
100
138
22
440
22
104
46
41
103
8
88
93
150
67
24
51
0
60
135
7
13
71
41
103
62
768
36
28
11094
15655
2:1
145
1
3
14
12
-488159
801
224
49
84
8
147
216
6
120
186
86
501
1281
96
128
539
426
255
231
556
383
221
597
1136
371
320
317
161
637
420
282
579
245
1977
750
281
86
708
389
703
469
337
87
597
177
26
879
137
77
93
768
1255
597
750
309
301
158
153
1487
9
703
288
200
369
50
183
171
30
186
76
881
392
240
87
37
166
202
392
1140
135
606
173
366
56
91
38
541
456
50
68
115
236
10
101
31590
66
215
1813
43
106
16788
25493
4349
11615
12286
170918
2624
1029
225
74
72
19
55400
561
25
38
13
743
131
37580
9670
53
1
95
89
104
31849
8800
2
189
1246
122
373
838
14917
12051
1412885400
699:0
1
136:0
706
-705
9
-7
10
7
-18
17
-7
98
-109
0
4
3
-7
4580
-4551
-25
2
5569
-5574
1
706
-707
1894
-1842
145
-185
-11
1
38
79
-92
-28
30
0
-27
-3
72
-66
16
-12
165
-175
12
93
-85
-15
-4
248
-242
1
69
-66
-9
29
-24
21
20
-41
166
-89
-78
-4
183
718
-895
0
-6
0
1
-1
2
2:0
10
102
10
-125
4
65
-69
2
10
-4
-5
0
93
1361
-1438
22
-15
-13
-11
-1
295
-289
323
-310
324
-331
-10
0
-2
9
-10
141
-114
-22
19
-7
-12
-2
6
144
-150
0
-2
1
13
-15
6
30
-36
37
-37
51
-24
97
-123
2:-1
3
4
47
18
-59
63
-1
-63
66
-76
3
-3
13
-13
2
-2
10
-11
0
68
-69
12
-2
0
-4
0
4
-5
5
-9
-1
695
-691
7
-8
0
354
-353
-4
1
0
92
-74
67
-6
-79
32
-33
9
-8
8
-7
10
34
158
-197
-1
0
-6
0
8
12
54
-43
7
-33
3
-7
5
0
-5
802
-795
-5
72
-71
1126
-1129
22
60
-79
273
-151
-126
55
-54
1024
-1024
1
6
5
-13
1366
-1307
-25
378
-410
-1
0
36
-36
33
316
-345
37
-34
-6
18
51
-66
1
-4
-2
2
27
-27
0
26
71
149
-247
0
17
6
-24
6
28
-34
18
489
-506
-1
1
97112
-86855
-9971
-227
-37
-22
0
-1
22
15
-1
6
33
-18
-55
125
5
-10
-120
1
24
-24
2
28
-25
-5
-2
1
7
-7
-2
0
2
3
1062
-1060
-2
12
0
-16
0
47
-45
0
2:2
179
-56
-128
7
32
-7
24
37
730
-787
-29
-7
0
-1
2
0
-3
1
25
256
-234
283
-312
-14
76
-74
8
169
-179
18
133
0
-153
0
21
2:-12
2:1
78978
-78979
0
6497
-6496
12
2:-5
-3
16
-6
3
-14
6
-1
35
-38
5
-5
224
-208
-18
61
-56
3
-7
66
-58
106
-109
22
-20
-8
1
1524
-1523
-2
8
794
-793
154
-1
-160
170423
-170422
0
7
-8
389
-364
-10
-15
7
-5
50
-54
6
1849
-1854
2:0
14
87
-37
-63
717
-716
27
20879
-20875
-18
-14
1
-2
18
-15
0
4
1785
-1778
-2
278
54530
-54706
-113
6935
-6860
48
-82
38594
-36741
-1751
246
-391
11
-10
10
42
-52
7
13
-20
1
9
-11
17
4
-21
1795
-1791
-4
11
-11
43
1752
-1678
369
-484
0
46
-48
2
4
0
107
235
-344
-2
127
-128
26
-25
88
599
388
-1072
524
-526
4
12
-18
27
74
-100
6
206
-169
-45
14
2
-13
-3
170
-168
303
-303
584
-289
-296
3
-2
0
264
-266
1
0
3185
-2469
-96
-380
-233
-4
-1
212
-214
9
-6
4
112
-72
7973
-8017
4
-5
898
-900
12
1
-6
32
-9
-24
-6
-1
22827
-22692
43
-176
3
1
903
-894
322
-335
0
33
-31
9352
-9354
1
44
-47
1
0
325
-319
7
-11
-3
4
-4
29
24
-52
118
-97
4286
-4304
-2
-1
0
-1
0
86
-82
239
-234
-4
83
-87
3
22
-21
-3
-1
14
-12
20
-2
-19
65
-54
6
60
96
-175
2
1
-3
2
-1
0
1
11
-12
851
-829
-19
17
98
-13
234
-338
1
4
63
-68
2
7
-3
-6
128
-128
19
-17
-2
6
3
-11
0
1512
-1486
-6
-17
5
16
-18
1
106
-113
3
3157
-1136
-2023
58
-57
20
300
267
-580
22
13648
-11159
-2399
-90
-31
5
-1
1243
-1244
272
-274
2
7
14
-23
4
55
-56
-1
0
3
179
-165
8466
-8454
466
-497
22
2:-4
-11
290
-168
-105
-18
19
-18
838
-833
-9
-1
1
0
-1
1
-1
2:0
1
-1
3:0
1
-1
0
1
0
-1
14:0
1
0
-1
0
1
2:0
-1
1
-1
2:0
1
-1
1
0
-1
0
1
0
-1
0
1
-1
9:0
1
2:0
-1
3:0
1
0
-1
0
1
-1
1
-1
1
-1
1
-1
4:0
1
-1
0
1
-1
0
1
-1
3:0
1
-1
3:0
1
3:0
-1
2:0
1
2:0
-1
0
1
0
-1
0
1
3:0
-1
2:0
1
0
-1
2:0
1
-1
0
1
2:0
1
0
-1
0
1
-1
1
-1
0
3
0
-3
77
-77
5:0
20
-19
13
-5
-7
-2
1
0
-1
1
-1
0
17
-15
-2
0
11
-8
-3
4
3
-7
1
3:0
-1
0
1
-1
5
-1
-4
2:0
2:1
-2
1
-1
1
-1
2
7
-9
6:0
3
-3
0
8
-6
-2
1
-1
7:0
1
2
-3
4:0
16
-16
12
-12
3:0
1
2:0
-1
24
-24
0
3
-1
-2
1
-1
3
-1
-2
2:0
4
-4
0
2
-2
4
-4
7
-6
8
-8
-1
3:0
6
1
-7
0
9
-7
3
-5
4:0
1
-1
2
-2
0
2
-2
4
-4
0
4
-4
1
-1
3:0
4
-4
1
-1
0
34
-34
5:0
4
0
-4
5
-5
2
-2
3:0
1
72
-73
2
0
-2
0
2
-2
3
2
3
-8
3
-3
1
-1
0
107
-106
-1
6
-5
22
-23
2:2
-4
1
19
-20
15
-15
33
-33
4:0
1
6
-7
5
-5
2:0
2
-2
4
10
-11
2
-4
1
0
10
-12
3:0
1
0
-1
0
3
2:4
-11
0
2:1
-2
3
-3
0
2
38
-40
0
1
1712
-1602
-83
-25
-2
-1
2:0
6
-3
0
1
0
19
-23
5
-3
-2
3
-1
8
-10
1
6
-7
3:0
6
-6
2:0
2
-2
1
-1
1
5
-4
-2
0
9
-8
0
2
0
-3
38
-38
0
9
0
-9
10
7
38
-55
7:0
1
20
-10
-11
2
-1
2
-3
0
4
-4
4
5
-1
-8
0
5
-5
3:0
373
-373
0
117
-117
3
-3
2:0
2
2:0
-2
4:0
1
0
-1
1
-1
6
-4
-2
3:0
3
-3
0
3
-3
1
48
-43
-6
3
11
-12
1
0
-3
281
-280
1
3
-5
40
-40
2:0
1
-1
1
-1
0
71
-71
2:0
4
9
1
-14
4
-3
2
132
-129
-6
1
0
-1
4
-4
0
4
21
-24
0
42
509
-525
-27
97
-91
8
-8
564
-480
-86
35
-39
7
-7
0
3
1
0
2
-6
0
3
-3
0
3
-3
178
-178
3:0
4
151
-142
-4
-9
1
0
-1
3:0
9
10
-18
-1
26
-26
2
-2
6
18
147
-169
22
-24
2
2:-1
5
1
-6
0
13
-9
-4
0
4
-4
0
4
-4
35
-35
29
5
-34
2:0
1
8
-9
2
0
55
-57
19
-11
-7
-1
0
3
-1
1
-2
0
7
12
135
-154
0
-1
7
-6
2
0
-2
0
1
-2
0
1
218
-210
1
-8
-1
0
24
-23
-2
2:0
7
-6
798
-799
0
2
-2
2
0
16
-17
1
0
-2
2:0
2
1
-3
2:3
179
-184
-1
4:0
29
-29
17
-14
7
-10
3
-2
-1
2
-2
0
1
0
25
-22
-4
7
-1
-3
2
-5
3
0
-3
4:0
1
2
-3
0
8
-8
6
-4
12
-14
1
0
2:2
-5
1
5
-4
-2
4
-4
3
-3
3
-3
1
0
-1
5
-4
-1
0
2
-2
2:0
18
-16
-2
19
-18
-1
1
-1
3
7
94
-104
3
360
-274
-84
-3
-2
2:1
190
-191
19
-20
0
1
3
-3
-1
3:0
2
-2
8
-8
439
-435
81
-85
10
3
-5
-8
31
2:-14
-3
0
1
16
-14
-3
48:0
1
-1
14:0
1
-1
8:0
1
-1
9:0
1
-1
10:0
1
-1
2:0
2:1
-2
4:0
1
-1
7:0
3
-3
2:0
1
-1
0
2
-2
10:0
end
