v1
591
252
65
0
267
159
237
242
0
7
136
55
39
9
268
228
119
14
37
28
9
293
222
0
6
19
37
7
15
28
339
275
46
83
410
12
272
124
16
17
277
3
0
124
171
138
21
117
19
76
173
109
195
271
34
67
182
46
0
96
10
501
34
126
413
70
208
61
55
79
22
46
374
135
23
8
35
53
91
46
277
109
5
143
188
41
33
56
16
122
63
21
97
9
0
134
192
360
83
4
0
125
193
110
87
0
159
9
20
121
310
494
277
86
79
59
260
20
64
5
57
514
58
120
0
150
31
42
135
12
209
106
94
0
96
273
94
215
93
290
22
347
117
173
30
66
106
9
160
16
157
456
248
49
172
73
59
530
23
29
12
23
10
6
32
35
11
9
14
12
31
0
5
41
2
0
3
14
117
7
0
6
3
1
13
90
17
19
0
52
4
5
1
0
61
12
17
28
14
6
12
28
16
2
35
30
3
92
17
127
118
85
2
18
38
296
8
293
94
131
160
35
86
10
135
98
28
276
10
39
116
146
138
54
61
60
35
106
186
77
51
3
166
3
146
5
282
0
156
52
66
130
6
17
14
276
23
15
18
13
0
2
66
17
52
18
44
185
41
336
87
0
85
20
132
43
0
50
41
208
60
353
95
1
301
71
22
176
136
55
56
69
36
6
66
6
165
130
1
75
18
32
6
30
11
914
13
6
258
33
30
62
109
23
16
19
53
90
0
38
19
24
14
47
22
7
8
147
40
238
77
27
37
14
339
308
247
2
229
85
16
85
37
34
141
191
8
42
1
2:43
45
159
73
51
38
100
54
47
3
50
8
127
20
88
115
38
59
5
20
3
56
142
33
214
10
170
24
0
11
92
16
40
45
47
21
5
90
102
34
31493
5
22
9
43
16
145
15
18
24
29
42
2
24
23
107
19
69
0
7
1
7
0
21
37
54
8
28
8
22
1080
72
68
40
2:71
182
2
56
876
2425
2211
328
1553
3764
1376
2464
0
8352
4202
816
431
6956
793
2041
3663
3424
925
3524
2
4
10
8075
1
23
2804
882
958
1533
6076
8
11
5
1
4993
103035
228
13098
3545
1735
0
6006
73
9417
31396
1025
22
26
0
24
171
47
12
20
53
36
5
11015
44363
50
109
60
0
97
7
0
2
45
34
11
12
21
32
109
27
11
2:1
4
8
14
30
695
29
14
27
149
6
19203
1731
3093
1178
0
3879
5151
3251
4729
161
2082
873
133
56
0
665
436
366
168
1
2
0
2:11
9
22
43
11
91
35
31
9
44
38
9
4
6
30302
9721
61
222
64
176
69
31
269
331
22
0
104
87
103
189
150
119
67
16
111
31
11
73
41
103
61
37
420
312
36
128
14937
4
11708
1
164
1412690400
590:0
2:1
0
137
-123
-15
1
0
434
-433
1
-3
83
-83
-1
1315
-1300
-9
-5
74
349
-410
1
107
-45
444
-521
29
31
-48
-2
-9
-1
2:0
44
-43
2
7
-10
2
0
5
156
-160
43
-46
10
-1
-8
164
-164
58
-59
0
2:1
0
12
9
-16
-7
6
1
30
-30
14
-14
-6
39
-39
5
7
-12
26
-27
8
-5
263
-198
31
-95
14
-14
-1
110
-104
11
8
-8
-20
9
-7
0
1
-2
0
39
-38
0
14
-10
216
-220
0
-1
2
245
-247
9
-5
-4
7
113
-116
-4
43
-44
0
86
-85
3
1
0
-4
0
11
-1
-11
8
-7
1
0
8
-2
10
42
-56
-4
3
-2
-1
1
3
107
-104
74
-60
-17
2:-2
11
-11
1
66
-66
1
0
3
-4
1
12
-6
39
-41
-6
26
-22
-3
4
0
2
9
-14
0
-1
109
-109
1
0
3
8
86
-98
0
1
3
0
17
-21
236
-222
0
-13
35
-37
1
27
-22
-5
-1
3
7
-9
244
-238
3
-10
0
25
-9
-15
0
-1
1
55
57
-113
9
-6
0
-2
1
-1
230
-231
0
108750
-103487
-5176
-67
-11
1
-6
12
-14
36
21
-58
659
-656
0
2
-5
5
10
-2
-12
2:-1
331
-321
-9
2:0
53
-48
-5
1
0
172
-173
6
-6
9
-9
13
959
-972
1
0
2:1
3
-2
0
-1
-3
1
6
2:-4
67
19
-85
50
-38
-2
-7
58
-60
48
-27
-17
-5
1
19
5171
-2104
-3084
5
-8
0
6
9
-13
-1
48
-44
-3
2:-1
0
-1
4
5
-7
-2
1711
-1666
-44
389
-389
157
-143
56
56065
-56133
-3
2:0
1
197
-194
-1
-2
764
-765
1
6
3
164
-171
44
-30
2684
-2700
8
-9
5
4
8
2
108
-99
31
19941
-19983
-17
0
2204
-2204
163
-8
-123
-26
9225
-9231
10
812
-822
1
271
-272
31
-29
2:0
-2
40
-32
-8
6
0
-2
-3
-1
1
831
-786
1065
-1077
60
-93
44
-45
7
0
-2
14
-19
131
-131
2:0
178
-176
0
31
-32
2:1
-3
18
29
-45
696
1568
-2141
79
-168
-28
-7
19
11
-29
20
-21
1
240
4876
-4841
-81
-192
172
-174
0
4290
-4291
85
-80
514
-411
-108
-1
83
-78
28
194
-227
3
-2
242
-240
435
-427
31
-41
15
-9
31268
-31244
-27
0
-2
53
-55
56
-54
0
280
-233
9632
-9681
93
5739
-5829
-1
-2
0
29
-25
24
-28
38
2879
-2917
1
220
-188
-31
0
289
-287
-2
1
-1
0
36
-30
-5
-2
25
-19
-3
17
-10
-8
118
-121
16
-16
1
20
-20
3
-3
-1
4
11
-12
-1
3
10
67
-77
-5
42
-41
-1
2:13
-24
-2
6
10
-15
4
0
27
20
-51
28
-28
1
-2
18
-17
41
-28
-9
6
2
65
-67
-9
-1
19
8764
-5395
-3381
83
-71
-19
1
0
1386
-1375
152
-133
-30
8
802
-809
21
14
-36
5119
-5117
1858
-1849
-10
17
-18
6
-8
0
1
198
-132
1081
1
2:0
1
0
-1
2:0
5
-5
2:0
3
-2
-1
54
-54
3:0
2
-2
0
8
-7
6
-7
2
2:-1
0
9
-9
2:0
6
-6
6:0
9
-9
2
-2
1
-1
3:0
2
-2
5:0
2
-2
2:0
1
-1
4
-4
2:0
2
-2
1
-1
0
1
-1
0
1
10
-7
0
-4
1
0
-1
20
-20
1
2:0
-1
10:0
1
2
-3
2:0
1
4
-5
4:0
18
-17
-1
4
-4
0
5
-5
5:0
3
-1
-2
2:0
1
2:0
-1
0
1
-1
6:0
21
-21
0
1
-1
3
-3
2
-2
0
19
-19
2:0
1
0
-1
2
-2
9
-9
0
1
-1
1
2:0
-1
12
-12
3:0
1
-1
2:0
1
10
-11
6:0
17
-17
2:0
2
-2
0
3
4
-7
4:0
10
-9
0
-1
1
4
-4
-1
3:0
6
-5
-1
2
2:-1
3:0
43
-43
1
1165
-1105
-51
-10
2:2
-4
5
-5
0
3
-3
2:0
1
-1
0
1
3
0
-3
-1
0
1
4
-5
0
1
6
-7
3:0
27
-27
2:0
5
-5
2
11
-13
2:0
2:1
-2
8:0
7
3
-10
8
-8
3
-2
0
-1
0
6
-6
3:0
182
2:-91
7:0
4
-3
0
-1
4:0
3
-3
0
74
-67
-7
3
-3
11
-4
-7
270
-269
-1
3:0
28
-28
2:0
54
-54
2:0
2
5
-7
7
-6
71
-72
2:0
1
-1
2
0
12
-12
10
318
-325
-5
0
56
-56
3
4
-7
3
192
-195
1
8
-9
0
1
-1
2
-2
1
0
-1
1
2
-3
4
-4
1
-1
2:0
82
-80
79
-76
3
-8
5:0
4
-4
11
-11
2:0
28
-28
0
1
-1
0
1
-1
2
12
-14
76
-73
9
-11
1
-2
0
4
6
-10
6
-6
0
6
19
-15
20
-30
5
-5
0
35
-35
0
1
10
-6
-5
0
4
-1
8
41
-52
1
0
5
-6
0
1
3
-4
1
-1
155
-155
2
-2
0
4
-4
12
-12
2:0
6
461
-467
7
1
-8
3:0
1
-1
2
-1
2
138
-141
0
1
11
-12
0
12
-11
0
2
-2
-1
0
5
-5
0
16
-14
-2
5
3
-8
8
-8
2
2:-1
1
-1
2
-2
0
2
2:-1
0
2:1
-2
2:0
5
-5
0
5
1
-6
2:0
1
-1
2
0
-1
1
2:0
-2
2:0
4
-4
6
-3
-2
-1
1
29
-28
-2
0
1
228
-138
-90
2:0
-1
1
0
147
-146
-1
3
-4
0
3
-2
-1
3
0
245
-248
79
-79
2:0
2:1
-2
2:0
7
1
3
end
