v1
774
55
132
23
533
230
256
191
14
34
56
440
42
77
43
67
204
237
1
57
56
22
0
65
81
98
116
0
201
120
7
62
15
88
58
1
265
288
140
592
159
494
15
180
136
135
101
65
163
96
10
194
22
81
37
167
160
50
296
67
70
208
61
92
64
54
345
114
42
0
31
18
173
34
277
104
5
61
87
7
255
194
63
79
48
148
93
183
59
45
210
83
270
110
150
125
292
139
113
275
106
388
54
339
69
57
333
39
501
177
327
10
134
319
309
81
663
394
275
49
124
55
134
30
145
28
606
109
295
208
29
83
43
19
8
42
46
19
7
126
1
118
73
9
66
53
14
64
65
41
16
38
17
245
447
78
215
420
219
110
304
10
39
38
78
284
54
121
141
85
142
256
3
90
472
281
31
299
10
5
33
382
41
423
0
93
12
52
835
96
199
102
83
10
219
148
0
56
109
2
368
75
50
6
889
66
16
15
246
33
226
86
128
19
23
84
7
8
147
40
393
339
108
164
36
65
184
415
37
175
70
121
8
43
86
26
32
270
38
100
54
47
61
147
2
86
74
79
59
5
20
3
109
84
5
151
96
10
119
234
45
299
31498
22
9
43
12
182
43
10
44
85
88
142
54
36
8
13
9
1043
37
28
44
68
111
255
56
3301
6
2205
328
1553
5140
10816
12405
9102
3
816
3064
1385
2
8082
9
3708
958
2453
5164
9
2
1433
106829
13098
3544
1
7741
73
9417
28772
3649
18
4
26
46
160
48
20
53
36
5
6682
48855
157
7
2
27
18
45
12
162
27
11
2:1
10
2:1
11
3
30
724
14
6
21
155
20934
3093
18188
1060
1183
539
523
665
681
287
2
25
31
43
53
51
33
40
1
40
3
47
3
1
5
1
40546
100
622
483
336
158
11
2
32
39
41
103
666
164
36
15
40
15010
11712
1
150
-488163
27
36
57
208
34
11
0
34
189
98
317
93
74
104
61
342
204
68
13
45
883
101
441
346
199
177
43
10
39
236
2
25
121
0
366
5
102
118
19
86
464
145
47
323
40
127
19
0
80
225
177
8
216
39
152
117
73
67
82
130
12
64
17
329
2
44
217
26
162
130
0
254
12
112
32
67
142
522
0
65
9
147
46
365
119
128
433
32
7
147
21
744
60
541
173
76
11
32
451
67
251
193
128
19
35
174
0
10
190
456
7
308
235
53
24
108
220
311
70
190
125
93
574
194
44
242
86
203
75
229
42
7
58
113
17
6
0
56
3
91
53
0
5
12
97
204
25
0
8
45
40
156
59
9
133
115
20
339
88
115
27
381
70
43
349
70
222
253
682
100
351
97
189
112
288
147
166
15
122
17
70
338
67
346
35
181
15
82
217
685
187
5
212
117
245
43
213
244
295
318
89
66
182
11
66
15
0
194
35
62
84
50
6
27
11
8
124
95
0
190
5
66
287
647
78
3
106
35
36
105
0
90
157
69
1
445
7
145
174
0
2:73
101
345
32
18
434
556
50
0
58
38
120
37
21
1
0
15
61
15
42
31542
225
32
51
5
9
3
239
33
7
1
7
120
70
935
39
171
245
108
123
4561
1285
4629
3851
8312
0
3370
10548
5704
2191
412
1746
872
2658
0
8085
3
0
2811
3387
933
985
1012
3146
5
20
1414
15484
104457
0
11289
40882
0
899
73
108
9
50
19
58
38
0
15
32
118
9657
46066
26
3
76
45
100
13
794
85
20
42
72
37492
7
5700
2744
684
366
171
4
1
26
74
27
34
28
8
38
30436
10068
308
139
98
331
208
389
58
119
194
357
0
34
697
105
15001
11710
1412136000
399:0
1
373:0
64
-43
-11
7
12
44
-5
-37
186
-148
-61
359
2517
-2871
-5
-1
15
1155
-286
1859
-2717
-2
-13
88
-65
-9
1
2
-25
10
-2
-3
2
9
43
20
-76
92
-41
-3
166
-106
-86
230
-159
-90
-5
-1
716
-716
35
-35
83
123
-155
-21
8
50
-76
-15
1053
-1045
-7
24
26
-14
-36
23
2
184
-210
2
10
244
-256
9
2
119
-130
158
-147
1
11
49
-63
42
-44
-7
8
-8
22
-21
7
-5
122
-108
126
-141
4
251
-254
43
-10
-31
0
-4
47
-21
0
-24
5
-1
6
1169
-1182
264
209
-453
-13
7
84
-91
-3
55
5728
-5702
-60
-23
4
389
-331
-63
5
-6
5
-3
-1
9
-5
41
22
-62
334
-256
-70
-5
-6
63
-66
0
4
8
104
-89
-27
98
-69
-26
252
-251
54130
-49754
-4378
117
-92
-22
13
171
-185
2741
-2732
3
-2
-11
-3
0
109
-106
16
313
-270
152
-120
0
-95
7
-1
36
13
-54
52
55
-102
36
53
-5
-60
45
505
14434
-14193
-812
1
5
-9
114
-116
39
-12
-30
17
1334
-1332
2
12
-14
-4
12958
-12965
222
-228
-1
45
-9
4
1990
-2024
112
-60
285
-310
1478
-1505
-4
75
98
81
2740
-2562
9548
-9814
2358
-2489
10483
-10305
-213
7
14204
-14214
4
189
-183
8
26
-34
438
-439
-3
-5
5
1451
85
-1528
54
-53
-14
8
-8
24
644
-637
139
-154
39
3101
-3130
15
62
-76
-25
8
-10
7
21
19
-42
30
-35
283
853
-992
87
5477
-5199
-450
-59
29
2569
-2583
2199
-2136
-74
27
81
-97
-12
3
9806
-9754
72
-124
0
52
298
-310
7776
-7823
17
-17
589
-589
5
-5
55
338
-392
52
3556
-3598
48
759
-817
10
1
53
-47
-10
32
-8
-23
-5
0
13
8
25
34
-75
-9
2
0
255
-255
-2
2:17
-29
-3
17
40
-18
-37
15
-18
51
-51
337
-338
2
71
-1
-43
-26
73
-58
39
-44
1198
-1190
1779
27718
-29448
-59
70
-34
215
-210
55
-104
1058
-1026
722
544
-1294
5
-9
1
55
88
-70
-64
-19
2
-1
-2
2:0
1
4
-3
-1
5
-5
4
-2
0
-1
2:0
4
-3
-2
1
0
2
-1
2
-3
4
-1
-2
1
-4
2
-1
0
3
-2
0
3
-4
2:0
2
1
-4
2
3
-4
0
4
-3
2
-3
2
0
-1
-2
2
-2
0
2
3
-4
0
1
4
-1
-3
2
-4
4
0
1
-3
3
0
-3
3
-4
2:0
1
2
-3
-1
2:1
-1
1
-2
1
-1
3
1
0
2:-1
3:0
4
-4
4
-1
2:-2
3
0
-3
0
2
-1
1
2
-2
1
2:-2
3
-2
0
1
3
-1
2
-4
3:0
4
-5
0
3
0
1
-2
0
2
2:0
-1
2:0
-4
2:1
-2
1
0
-1
6
-5
4
-4
2
-3
1
-1
0
2
-1
1
-2
2:1
2
-2
2
-2
1
-3
2
-1
1
2:2
-6
0
3
2:1
-2
-1
4
-5
4
-3
3
-3
-2
2:1
-1
1
-1
0
2
-2
2
-2
0
-1
2
2:0
-2
1
3:0
-1
4
2
-6
4
-4
2
0
-1
0
2
-3
1
2
-2
0
2
-3
2
-1
2
1
-4
5
-3
1
-3
1
-1
0
2
-1
2:1
0
-1
2:2
-6
1
0
5
-1
-2
0
2
-4
0
2
-3
1
4
1
-5
2
-2
0
1
4
-6
3
2
-1
-2
2
-2
4
-6
0
2
2:1
0
-2
2
2:-2
1
0
1
-1
0
1
3
2:-2
-1
0
1
0
-1
5
0
-5
5
-2
-3
2
2:0
2:1
-4
1
0
3
-2
2:0
-2
2
3
-4
-1
2
-2
0
6
-1
-5
6
-1
0
-3
2:0
1
-3
4
2
-6
2:1
-1
5
-3
-1
4
-1
-5
2
0
2:1
-2
0
3
-3
-2
4
2:-2
5
-2
2
-4
2
-2
0
5
-6
4
0
-3
2
-1
0
1
-1
4
-1
-2
6
-7
2
-2
70
-70
0
1
-1
2
8
3
-2
0
-10
1
-1
2:0
1
-2
7
-7
1
2
-3
0
1
2
4
-1
-4
-2
2
3
-5
4
-3
0
2
1
-4
4
-3
2:0
5
-6
0
1
3
-4
25
-24
-1
2
-1
0
-1
4
0
3
-7
0
4
15
-19
2:0
11
-11
15
-14
1
-1
0
2:1
-3
0
3
-3
3
-2
3
-3
12
-11
6
-8
0
8
-8
3
4
-4
-3
3:0
6
-6
0
1
2:0
-1
6
22
-22
-6
2
-2
3:0
9
46
-54
1
-1
2
22
-24
2
-2
2
5
-6
2:0
7
0
-8
19
-19
-1
3
-2
5
-6
2
-1
2
6
-3
-6
2:2
-4
40
-36
1357
-1293
-68
20
-18
0
4
-4
2
-3
0
3
-4
2:3
-4
12
-9
-3
77
-71
7
-15
0
2:1
-2
0
25
-25
15
-14
1
-2
5
0
-1
2
8
236
-212
-35
-3
0
2
-2
0
4
1
-4
4
64
-58
-11
9
-8
-1
181
-179
24
-24
-2
3
-1
3
110
-114
12
-7
-2
-1
85
-81
-4
-3
0
15
-11
30
277
-261
56
-101
-3
10
-12
3
414
-415
1
20
-22
0
6
-5
-2
4
2:-2
2
126
-18
-103
-1
-6
0
1
-1
6
16
-20
28
-27
12
97
-110
-1
9
-10
2
-1
2:0
2
1
-1
1
-4
27
-5
-9
9
94
-96
-20
2
0
4
3
112
-117
2:0
-1
-2
1
2
140
-133
1
-8
0
11
-13
10
1119
-1131
1
-1
29
-28
0
-1
15
12
-27
5
156
-161
13
2
-13
1
-2
22
-23
8
11
-14
-5
1
6
-4
0
-1
9
-10
0
2
-3
2:0
1
5
-6
1
-1
4
5
-8
1
-2
1
4
-5
6
-5
-1
0
11
-1
-10
0
3
4
-7
51
-51
306
132
-432
-6
9
-7
7
-3
-6
0
154
-151
142
-145
8
5
-12
-1
6
4
-3
-4
-3
6:0
1
-1
1
-1
0
2
-2
10:0
1
0
-1
0
1
-1
5:0
1
-1
12:0
2:1
-2
0
1
-1
10:0
1
-1
8:0
1
-1
5:0
1
-1
15:0
2
-2
2:0
2
-2
8:0
2
-2
1
-1
9:0
1
-1
2:0
2
-1
0
1
0
-2
1
3:0
-1
6:0
2
0
-2
2:0
1
-1
15:0
3
-3
1
0
-1
7:0
3
-3
2:0
1
-1
12:0
1
3:0
-1
5:0
1
-1
2
2:-1
3:0
1
-1
4:0
1
-1
5:0
1
0
-1
5:0
1
-1
6:0
1
-1
3:0
3
-2
-1
0
1
-1
3:0
1
-1
0
1
0
-1
6:0
1
-1
2
2:-1
2:0
3
-3
12:0
2
2:-1
6:0
1
-1
6:0
1
0
-1
8:0
1
-1
5:0
2
-2
3:0
1
-1
3
-3
2:0
4
-3
-1
2:0
1
-1
1
-1
2
0
-2
2:0
1
-1
0
2
-2
2:0
1
-1
1
-1
1
-1
8:0
end
