v1
719
37
114
146
134
312
486
52
153
34
26
104
138
0
14
188
26
84
35
88
175
51
62
5
170
1
57
19
37
7
14
1
28
118
0
159
101
84
30
17
24
77
4
46
165
16
43
258
0
7
16
49
223
32
108
17
116
101
60
3
124
19
152
138
53
92
12
26
50
20
0
2
151
109
115
91
0
149
111
101
55
21
232
26
146
48
18
4
27
91
126
41
73
230
97
112
61
124
115
39
16
105
11
55
30
28
17
9
336
9
21
158
8
77
114
34
114
98
65
109
61
2:87
96
79
6
0
188
63
79
39
0
9
148
61
32
85
98
0
104
99
67
290
193
24
103
1
171
297
129
0
5
1
15
97
9
372
233
155
54
59
67
173
2:20
69
57
393
0
11
13
20
436
48
0
129
57
0
47
262
55
30
20
319
160
53
10
20
38
28
0
81
12
235
53
118
0
14
31
0
200
118
87
66
17
0
12
49
45
97
178
16
93
129
154
145
12
16
213
45
54
10
34
250
109
87
201
7
181
27
29
51
32
18
7
15
3
4
23
11
30
1
46
2
3
14
58
59
7
4
2
4
118
7
0
14
7
54
74
4
0
41
2:7
6
8
32
0
18
35
30
3
0
38
16
38
6
11
14
189
0
17
25
85
118
244
85
0
39
49
22
98
91
197
0
71
26
11
24
86
133
12
98
304
10
39
116
104
30
12
138
54
121
141
85
101
41
87
3
0
108
58
3
151
282
208
66
153
14
276
23
10
0
36
2
153
177
52
0
41
309
148
51
8
12
7
168
607
0
201
279
22
71
12
0
10
176
136
43
12
50
0
6
109
2
23
1
42
171
131
8
67
18
38
30
289
3
74
330
66
154
28
29
229
33
80
12
6
74
4
48
2:8
30
42
124
4
19
38
69
7
8
106
41
40
158
125
96
14
339
108
162
38
45
20
82
102
8
30
217
149
8
0
40
34
141
70
121
8
43
0
74
12
62
60
9
2:73
51
38
100
54
35
12
2
29
22
8
89
6
32
0
18
2
88
153
59
5
20
3
104
89
5
33
115
3
63
43
102
0
20
148
43
19
66
20
7
20
21
42
53
45
15
76
35
32
31426
5
22
9
43
39
34
88
33
43
7
3
44
85
88
36
40
8
0
58
54
36
8
22
1050
102
68
92
5
3
11
71
43
65
117
3316
2211
325
3
1553
2370
1394
1376
2464
6921
0
1431
2661
9744
3
790
830
4874
1764
1660
925
872
1267
1385
2
4
10
8075
2:1
22
3686
943
15
1533
920
13
0
474
4670
18
5
1415
13
106828
1
13098
1
3544
7737
4
54
19
9417
28772
3649
22
11
15
7
99
35
40
43
18
12
20
16
37
36
2:5
11010
43632
703
78
10
99
45
112
7
29
40
35
1
52
46
44
3
16
2
37
1
4
6
2
11
2
1
30
695
29
14
6
124
52
3445
17489
3093
1178
9030
7977
3
575
485
1183
539
334
2
131
56
665
0
436
245
121
166
2
1
2
0
5
10
7
0
9
18
4
47
11
83
2:2
35
17
0
20
3
12
32
8
30
9
2:4
2
30302
1513
8491
0
64
176
69
0
31
138
588
84
3
9
94
8
88
93
336
16
142
11
45
28
41
103
77
0
21
522
210
36
28
14815
149
77
11708
2:1
104
26
33
12
1412789400
718:0
2
-1
2
-3
1
23
-17
0
11
-18
18
-18
2:0
7
-3
4
3670
-3594
-84
10
-5
1
65
369
-9
-428
27
-5
-23
67
96
-165
9
-5
-2
-1
8
-8
2
-2
62
41
-51
-52
-1
7
-2
7
-8
-4
40
-38
0
1
-1
2
-4
2:0
6
216
-221
1
0
1
-2
19
-18
0
-2
1
256
-256
-1
0
21
265
-274
-11
4
-3
48
-49
5
-6
7
-6
6
-6
81
-77
26
-29
-2
25
-21
-3
6
-6
2
4
-6
175
-173
-3
14
-12
216
180
-385
-5
-6
1
276
-273
-4
198
268
6315
-6717
-53
36
240
-287
0
2:2
0
-5
2
-1
19
-20
513
-507
3
0
1
-5
-6
4
-4
130
-130
6
63
-54
-15
0
1657
-1656
6
-6
0
341
-342
193
263
-438
111
-128
-1
218
-200
62
-78
0
67
-69
2
4
-4
0
15
-15
1
15
-15
9
-11
0
29
181
-210
2:0
2
7
0
-10
41
-27
-6
-8
0
1
-1
0
11
0
-7
15
-9
-1
-6
0
162
42
-161
-37
14
-21
28
10
-32
2:-4
10
35
-44
44
175
-215
-5
3
2:-1
6
613
-609
32
-32
-11
1
17
817
-835
49
-46
93
-79
-16
26
-12
-9
-3
151
-137
-16
63
-45
-19
0
12
-12
272
-175
-97
0
3
93
74
-166
11
-15
0
90
-87
772
-773
0
-2
50
-35
-15
29
45
-70
1
-3
27
652
-675
10
-16
0
75
-19
63
71
-189
1
0
1
39
-42
3
-1
2:0
198
-194
102897
-93042
-9723
-132
-5
-1
9
39
-26
34
-22
61
-86
-8
4
0
-4
-1
35
-33
252
-253
-1
2
6
-5
132
-133
1
5
106
-102
-11
1
0
681
-534
-145
5
6
55
-61
-7
-2
3
148
-150
901
-880
-17
0
14
1
-13
53
-60
5
0
15
-16
630
-633
-1
8
-5
10275
-10265
7511
-7522
9
-10
12
4
-13
-2
4
-5
-1
23
-9
-3
-10
-1
2
-1
2
-3
25
-21
20
-13
-3
1888
-1876
-16
91
-73
12
-33
44315
-44315
-1
17
-13
137
-127
-8
-3
35
-31
0
-1
1448
-1452
4
-5
0
1
0
206
-200
33
-39
18
20604
-20616
2
-5
17
7
-29
5
19
-22
1394
-1365
108
65787
-65918
37
-39
-4
-2
5240
-5233
7
-4
0
6
20
74
-98
17782
-17033
-692
518
-586
2
17
-14
-4
30
-32
4
-2
2:0
-2
22
-5
-3
-10
-4
26
-26
5
-5
1
2
1331
-1333
0
27
3890
-3890
199
-223
-3
0
1
6
4
-4
6
267
-251
152
-167
-7
-6
0
70
21
1343
-1415
777
-794
223
-207
-17
-2
6
1570
-1493
-83
-1
1
4
77
-80
497
-129
-369
27
119
-145
2:0
7012
-7011
338
-316
181
-202
-3
13
409
-423
6
424
-377
1515
-1564
-2
-1
232
-231
2
45
-44
41
39
-56
-29
1
0
2
20034
-19986
-51
55
-50
109
-113
-1
60
-58
342
-338
30
10086
-9920
-173
200
-228
12
-8
-5
2
-1
4
11
154
-129
-36
-5
68
3320
-3349
-39
23
-4
-18
8
60
-59
247
-257
8
-6
21
-18
1
-3
1
2
21
-27
66
-39
-23
-2
53
574
-611
-11
0
-6
1
58
-59
-1
1
5
266
-236
-31
6
-5
-1
204
-208
214
-212
16
-17
0
41
-40
-1
-2
8
-4
20
-20
-3
1
0
64
-65
4
2:0
8
78
-91
285
-278
-5
-2
8
-6
0
-1
58
-58
6
2:-2
10
69
58
240
-367
-10
2
-1
20488
-19312
-1175
0
64
62
1540
-1668
440
-442
10
-9
15
4
-12
-5
70
-72
5
19125
-19131
459
-459
1
10
7
-16
2
2:-1
5
-7
295
-47
-224
-25
3
964
-963
1
5:0
3
-3
2
-2
5:0
2
-2
81
-81
3:0
1
-1
1
12
-13
0
3
-3
10
-6
-4
8:0
1
22
-22
-1
3:0
1
-1
0
8
-8
0
2:1
-2
4:0
9
-9
2:0
1
-1
1
-1
8:0
5
-5
3:0
5
-5
6:0
16
-15
-1
2:0
4
-4
0
1
-1
3:0
2
-2
3:0
1
-1
4:0
11
-11
0
6
-4
2:0
-2
1
19
-20
3:0
1
-1
5:0
3
-3
0
1
-1
0
1
-1
2
-2
1
4
-4
-1
0
2
-2
1
-1
0
1
-1
1
12
-11
2:-1
0
5
-3
0
-2
0
1
-1
1
0
-1
0
3
-3
0
1
0
2
-3
2:0
1
-1
2:0
2
-2
2:0
1
0
-1
5:0
2
-2
0
1
3:0
-1
35
-35
8
-8
2
-2
1
-1
0
1
-1
0
3
-3
0
63
-63
2:0
1
-1
4
2
-4
15
-17
5:0
9
-7
5
6
-13
3
-1
-2
4:0
16
-4
-12
3:0
29
-19
-10
3:0
3
3:-1
0
3
-3
10
-10
0
1
3
1
-5
2
-2
1
0
-1
5
-3
-2
3
-3
2:0
4
-4
2
-2
2:0
1
2
-3
2
-2
2:0
54
-53
1605
-1505
-87
-13
-1
0
3
7
-7
-3
19
-14
-4
-1
1
0
-1
0
5
-4
5
-6
0
2
-1
1
10
-12
2:0
20
-7
-12
-1
0
25
66
-91
1
-1
3
-3
3:0
11
-11
13
-11
-1
2:0
1
-2
2:1
-1
0
2
-3
8
-8
1
0
2
278
-281
132
-132
2:0
1
-1
0
2
-2
4:0
3
-3
8:0
4
-3
62
-59
-3
17
-11
-6
-1
356
-355
-1
5
-4
21
-21
-1
3:0
2
-2
92
-92
5:0
10
-10
13
-13
1
127
-126
0
-2
4
-4
3:0
1
15
-13
11
507
-520
9
-9
-1
1
96
-97
4:0
1
15
-14
514
-479
-32
31
-36
0
2
1
-3
3
-3
2
-2
3:0
6
-5
3
-4
0
3
-3
4
-4
0
2
141
-143
0
2
110
-107
4
-6
-3
5:0
8
12
-20
28
-28
1
2:0
7
14
104
-123
19
-22
2
2:-1
2:0
4
5
-9
2:0
1
19
-20
19
20
-39
0
5
-4
-1
0
49
-49
14
-12
8
-9
0
-1
13
-13
2
1
15
83
-101
0
1
10
-8
-3
1
-1
2:1
-2
1
0
-1
0
210
-210
0
5
-5
10
-9
-1
13
-13
2:0
6
666
-672
0
9
-9
1
0
-1
0
1
-1
1
0
3
-4
0
3
176
-178
-1
1
-1
2:0
34
-34
17
-17
2:0
15
-14
0
-1
0
1
14
-15
8
6
-14
1
16
-11
-6
0
2:1
-2
2
-2
2:0
1
3
-1
-2
1
0
1
-1
-2
12
-12
3
-3
1
2
-2
0
-1
2:0
1
-1
7:0
3
-1
4
-6
4:0
3
-3
2:0
11
-11
2
-2
0
2
9
-11
78
-76
2:-1
0
327
-214
-113
0
2
-2
163
-163
25
-25
2:0
1
2
-3
0
2
0
-2
541
-541
115
-115
0
1
0
4
2
1
-7
-1
0
14
-4
-8
-2
0
13
-13
end
