v1
598
55
65
87
110
267
82
77
76
246
65
58
33
8
31
21
139
39
0
9
4
48
78
138
179
49
119
424
127
1
38
2:19
37
7
15
28
37
81
159
33
269
81
56
109
324
16
272
140
7
585
159
32
23
81
305
53
76
0
108
22
150
110
101
334
0
194
22
27
49
42
126
41
160
10
183
220
278
10
51
55
101
15
50
328
6
156
31
88
0
5
132
0
274
3
81
28
148
20
24
43
89
86
194
63
36
43
196
7
86
85
51
151
245
91
3
169
39
20
106
255
2:10
87
59
2
149
134
113
381
442
329
10
69
57
376
131
302
106
128
7
239
127
140
284
154
63
3
34
0
27
0
179
254
220
119
8
76
310
270
5
16
109
46
221
121
76
177
4
56
51
44
170
72
8
59
50
78
217
181
27
29
12
0
33
6
32
25
10
3
2
0
3
4
15
19
31
46
5
14
7
110
11
5
1
118
2
66
14
12
62
45
14
0
6
1
7
58
53
4
3
54
38
17
42
85
118
312
135
78
215
94
291
11
24
0
219
39
71
314
33
6
116
134
0
86
64
54
52
69
35
106
85
101
131
166
3
0
151
282
116
13
145
177
218
71
15
31
2
153
229
41
60
249
114
58
222
308
242
258
199
102
71
22
312
55
50
6
106
5
24
42
115
98
67
22
75
50
36
151
138
407
66
0
163
13
6
11
26
221
90
23
12
134
6
80
90
38
19
24
77
6
7
8
147
30
78
215
57
53
339
108
63
101
10
26
142
105
2
415
37
1
174
17
0
53
121
8
2:43
37
6
45
159
124
38
67
33
54
47
3
28
22
6
2
35
92
18
2
88
112
41
39
20
5
20
3
104
94
33
224
255
57
1
36
4
41
4
47
26
37
123
32
20
14
91
0
1
0
31401
5
22
9
43
39
122
4
29
53
11
33
85
40
29
19
76
8
58
54
36
8
22
18
912
137
13
72
250
184
47
0
9
3301
2211
328
383
1170
5140
2464
8352
12022
383
3
790
830
4874
436
0
2988
925
2139
1385
2
8052
37
2:1
21
3687
958
2453
5156
1
0
18
5
1415
0
13
3560
493
102776
13098
1
3543
1
7716
21
4
26
47
9417
32411
7
25
21
5
7
120
115
12
20
53
19
17
5
11015
43632
731
9
41
109
157
7
2
27
18
57
20
142
0
27
12
1
10
2
11
2
31
738
6
0
10
30
67
63
3451
4380
10815
5387
10208
7980
978
82
1183
539
334
189
665
0
968
2
1
2
5
6
1
19
18
51
11
62
21
2:4
20
0
11
40
1
30
13
47
4
6
30302
1513
8555
176
11
58
31
726
87
103
96
93
336
16
142
11
73
41
103
24
0
294
512
36
28
57
14980
11712
2:1
146
3
0
14
1412838600
597:0
4
22
34
-51
-8
1
33
-35
2
0
-1
7
21
-26
5
4
-11
0
39
-24
-12
23
-27
0
1
1791
-1786
-2
14
-17
372
-371
749
-748
5
1
-6
6
37
-43
-3
21
-13
15
-17
-6
3
8
-10
168
225
-393
1
43
-44
183
-177
0
5
-12
4
33
-35
8
-10
19
-13
-4
0
51
-53
48
-43
-3
-1
64
-51
-14
3
5
13
-18
-1
10
9
5901
-5900
-21
0
3
61
2
-64
284
-205
-79
28
-28
-1
1
-2
36
-7
-8
-20
-2
7
-7
3
1
89
-89
69
-71
0
-2
2
1
585
-588
1
32
-27
-4
1
208
1131
-1335
49
-41
-14
24
-18
20
824
-845
14
-8
-9
7
-6
105
-107
2
11
13
-18
12
-4
49
-1
-63
4
-4
192
-177
-7
42
-50
15
-15
1
-1
-2
27
-26
0
17
-18
44
-3
-37
0
25
-26
0
5
-9
0
2
67
-68
0
1
2
51
-53
-2
4
16
-7
22
449
-466
-16
8
4
120
-101
-11
-22
29
49
-45
11
-44
0
165
-161
15
-13
-5
0
-1
1
120
-116
-1
53
-54
20
-16
-4
5
-3
67
-69
4
-5
78
790
-859
-8
-2
0
7
-6
102
57030
-56909
3605
-3685
-144
0
1
-1
20
-20
18
-17
136
-109
-29
9
-6
4
0
-7
122
-106
-7
-9
3
-3
15
-15
6
10
-6
151
72
-232
22
-23
2
1
2:-1
38
-30
54
-18
-24
-18
2
-3
17
-14
477
-469
-11
2:1
-1
1621
-476
-1104
-44
6
-1
-5
1
0
5
6
-10
3
27
-3
-27
2:-1
5
-5
4
1
1634
-1609
-30
103
1
-92
190
9611
-9810
-1
4
192
57
-193
40
-43
-27
-28
1
-4
1
974
-975
97
-97
38
-38
0
25
-15
567
-563
-13
-2
265
-264
2
1333
-1309
-26
33
12693
-12712
-15
14
-6
3905
-1716
-2152
-43
513
-453
104
-165
11
-9
5746
-5210
-536
141
-93
-31
-10
2
8
-19
11
-12
3
0
5
-3
19
-24
1
20
-19
912
-913
3:0
1126
1507
-2626
33
-41
2:1
4
-4
6
-7
79
-58
-22
6
105
-100
-10
-1
37
672
-694
44
-57
2:0
114
-77
27
-55
-10
0
2
113
34
357
-490
40
-35
-21
675
-670
156
-127
-5
-28
3
-3
-2
130
-127
2
21
357
-381
-2
280
-278
1
-2
93
-79
-11
-3
0
19104
-19103
5
0
15
-21
-1
69
-67
6
-2
59
-60
11
327
-333
32
5350
-5366
-15
7950
-7956
-4
4
-5
6
69
-14
-58
-1
10
4404
-4416
5
7
-11
0
13
163
-173
5
-5
-4
6
4
9
1
-20
15
-7
11
37
-41
-12
-3
3
-2
0
486
-435
-49
-1
0
18
-18
2
3
7
-14
2
33
-5
-28
15
-16
0
10
26
-34
-1
-2
16
-10
-6
1
2
12
-15
4
-4
1
2:0
16
5
244
-262
6
29
1262
-940
-349
-12
10685
-9852
-833
2
97
795
-801
-90
10
-5
89
-92
49
-27
920
-915
71
-102
0
25
-26
5
-3
0
23
238
-222
-33
-5
-2
0
2814
1
5:0
1
-1
4:0
2
-2
4:0
5
-5
5:0
49
-49
3:0
8
-7
12
-12
1
2:-1
4:0
10
-10
1
0
-1
0
2
-2
7
-7
10:0
3
-3
1
-1
6:0
7
-7
2:0
1
2
-3
2:0
1
0
-1
0
2:2
2:-2
2:0
5
0
-5
13
-13
0
4
-4
0
1
-1
8
-8
3
-3
4:0
1
-1
7:0
1
-1
0
5
-5
3:0
8
-8
5
-4
-1
3
-2
0
2
-3
0
1
0
2
-3
1
-1
2:0
1
-1
1
3:0
-1
2:0
5
-5
0
15
-15
2
2:-1
7:0
1
-1
0
1
15
-16
4:0
1
3
-4
3:0
7
-7
6:0
1
0
4
8
-7
-3
-2
-1
0
2
7
-2
-7
0
17
-17
2
-1
2:0
-1
0
1
-1
0
6
-6
5
-5
2:0
1
5
-6
1
-1
1
-1
2
-2
4:0
29
788
-815
66
-58
-10
3:0
3
-3
3
-3
3
6
-8
-1
1
2:0
-1
16
-15
0
-1
1
-1
8
-7
-1
4
-3
3
9
-13
27
-27
0
1
-1
0
8
-8
4
0
2:-2
1
-1
2
-2
3
-1
-2
0
1
-1
128
-83
-40
-5
0
1
-1
1
2:0
-1
1
-1
0
3
-3
2:0
1
-1
0
1
53
-51
-3
0
15
-13
-1
168
-169
0
1
-1
15
-14
-1
1
-1
4:0
67
-67
5
-5
5
-5
0
2
-1
41
-38
-4
0
3
-3
0
10
-8
-2
8
217
-222
-3
2:1
2
53
-57
0
1
6
3
-10
4
-4
177
-142
-35
10
-8
0
2
-3
0
-1
2:0
1
-1
5:0
1
-1
56
-56
4:0
70
-68
2:-1
0
2:1
-2
1
-1
13
-12
-1
1
16
-17
2:0
10
58
-65
6
-9
2:0
2
1
4
-5
-2
0
1
2
11
-1
-13
8
2:-4
31
-31
10
-10
1
-1
2
-2
0
5
-4
0
7
60
-68
0
5
-4
-1
0
2
2:-1
2:0
104
-104
2:0
3
-3
0
10
-10
5
-5
13
-13
2:0
1
6
540
-547
0
9
-9
4:0
2
0
-2
0
1
95
-96
0
1
-1
0
4
10
-14
3
-2
0
2
-3
9
0
-9
4
-2
-1
4
-4
-1
0
1
-1
3:0
1
0
-1
7:0
6
-1
-5
3
-3
0
2
0
2:-1
1
-1
0
2
-2
0
1
-1
2
-2
3:0
5
1
-6
2:0
2
10
60
-69
-3
175
-112
-63
0
5
158
-153
-9
-1
1
0
2
0
-2
75
-74
31
-33
2:0
1
2
0
-3
1
8
-7
2:-1
2
0
15
end
