v1
798
55
223
306
159
16
522
187
450
165
14
410
128
57
56
21
1
28
48
147
82
33
182
41
0
114
13
165
324
215
73
437
125
18
152
159
32
104
358
62
122
11
136
24
111
101
137
171
16
10
194
22
118
126
41
130
6
42
323
11
61
69
1
25
140
43
61
60
96
45
348
27
135
7
24
51
37
137
277
109
148
7
13
0
209
33
336
48
326
98
59
45
166
44
31
4
235
193
275
297
134
94
260
140
149
158
135
59
247
33
23
46
57
12
364
28
13
275
0
105
253
12
27
84
98
200
85
378
119
0
41
148
235
53
24
108
231
8
263
123
115
160
16
93
119
337
312
44
250
104
459
22
27
28
2:1
11
33
25
9
4
18
37
7
8
42
46
2
17
117
17
103
15
21
52
9
1
73
45
28
42
8
61
4
38
3
54
17
14
71
160
85
2
360
85
88
120
94
131
105
186
123
12
98
28
276
10
33
6
116
104
42
138
54
235
27
85
101
77
162
61
1173
10
28
8
2:1
83
70
177
52
41
309
199
20
7
467
509
199
102
93
367
56
109
2
72
32
77
56
131
75
50
720
78
110
66
264
33
176
10
46
6
21
17
36
90
38
19
107
15
147
40
48
110
9
116
110
339
108
152
10
2
81
20
82
102
360
52
3
37
175
70
121
8
3:43
62
48
167
51
38
100
54
47
59
2
147
88
153
59
5
20
3
198
157
100
255
58
85
47
63
38
151
40
24
31434
22
9
43
156
38
53
42
2
24
130
19
69
7
66
54
8
28
8
22
932
118
102
68
111
71
184
3357
2211
325
3
1553
311
3453
1054
322
10816
1889
10516
3
790
830
5297
3001
1797
1267
1385
2
8082
8
2
0
3707
2491
6083
1
0
11
5
1428
106829
13098
0
3545
1735
6006
73
9417
32412
6
3
4
14
4
11
15
66
75
0
40
61
12
20
53
36
5
55378
132
27
157
7
2
15
12
128
46
63
39
1
12
11
33
738
6
21
86
57
2:6
20934
3093
10208
7980
575
1668
454
608
665
436
366
166
2
1
2
4
2
43
3
1
41
3
86
11
4
35
6
11
23
1
43
47
4
6
30302
10004
64
145
31
100
138
462
0
126
87
9
82
108
93
278
74
142
13
43
28
41
103
866
14832
233
11712
2:1
105
58
12
-488326
108
59
45
728
25
50
174
15
176
74
26
216
33
186
9
82
116
62
21
389
39
243
492
274
193
190
117
145
65
39
238
146
371
325
217
535
258
83
129
155
134
73
87
10
15
25
480
293
505
570
202
10
148
171
12
75
5
188
63
253
22
93
388
356
448
16
7
452
15
841
205
86
107
570
385
106
128
630
42
125
281
497
146
334
120
91
64
80
282
219
121
78
186
503
25
220
50
116
92
15
65
19
48
5
22
96
2
3
147
155
51
109
37
28
26
27
87
182
216
7
114
101
126
1
78
122
177
312
24
86
547
366
198
95
337
252
33
189
18
196
18
98
13
11
16
118
130
6
307
38
381
655
26
147
662
95
373
334
43
203
429
76
289
3
404
229
56
346
132
16
72
185
71
5
373
123
31
62
562
84
106
388
10
59
33
413
183
35
181
220
82
92
22
135
541
14
142
63
237
61
28
70
253
15
42
111
31416
118
69
48
105
92
23
58
96
18
21
34
1166
24
439
80
328
5949
3897
348
9647
5897
2357
7390
2831
3663
4349
2141
1389
8038
46
3
4666
2466
5144
6
2
121371
11260
38287
3607
217
64
97
58
27
83
9547
1380
44312
203
173
45
10
47
92
38
16
807
29
3641
4380
21259
13292
899
1183
539
334
133
721
975
2:10
9
71
45
41
13
1
13
25
30
55
40664
865
776
45
304
698
64
14935
1412716800
499:0
1
297:0
3
0
26
-2
73
-79
22
-38
3302
-3283
-22
5
221
2160
-2354
-29
171
-173
3
1
15
-15
-3
0
-1
128
-37
-91
0
90
-87
35
-34
165
438
-604
46
187
-237
1
15
756
-771
75
782
-786
-72
24
-11
157
366
-506
-29
18
-19
4
-2
-1
2
27
-30
3
-2
3
36
-20
-19
107
-90
-13
0
8
-13
58
-57
0
88
190
68
-319
-26
-1
2
1
150
-113
1
-39
38
-1
-38
2
0
13
74
-91
1
213
-26
-75
7480
-7589
403
-406
1
270
-268
-1
248
-248
12
93
-107
3
50
-53
1
0
1
20
-19
-3
646
-644
-1
135
-107
-28
2:0
67
-51
-17
24
-24
1153
-1110
-31
404
-416
272
-255
-5
-13
15
823
-838
88
-65
-22
50
-38
9
44
-49
-16
14
4
-3
44
-42
-18
5
-4
121
-109
-11
30
-29
199
-198
178
-181
-1
389
-117
-198
-72
2
-2
75
-74
250
-135
-117
33
-18
104
-120
43
-23
-19
14
-2
60
193
-246
13
-32
0
20
-20
370
-370
3
144450
-144451
7172
-6843
-329
82
-80
45
-45
24
91
163
-279
-2
54
7
-58
0
204
-205
121
-82
-22
-20
155
494
-606
15
-58
30
-31
242
-238
83
-83
30
-5
479
-75
-420
25
70
-107
45621
-42832
-2754
-32
34
-36
2
31
-12
-20
-2
124
-87
-37
1
11
-10
1787
-1752
63
-26
107345
-107360
-55
-4
0
21
323
-344
18
-18
0
16
-14
38
-37
2234
-2237
33
-21
114
-30
137
-179
3384
-3394
-25
16
-8
-24
81
825
-884
413
54909
-55173
-81
4510
-4514
510
-587
27001
-25871
-1079
561
-565
-43
-15
3
16
-17
48
-50
431
9439
-9869
-2
2597
-2564
196
-36
-192
2
11
-11
413
-416
12
109
-122
33
58
74
-161
810
-722
189
-279
0
66
20
42
-87
-30
59
141
-212
597
-301
-295
17
-19
184
5163
-5346
1591
-1588
91
54
-148
101
-78
197
-205
918
-930
574
-576
0
13
2
-12
-3
0
40633
-40529
66
21
-191
0
202
-200
357
-283
12695
-12769
0
35
21
-40
1037
-991
-52
-11
-1
1
-3
17
-13
15
-4
25
3916
-3956
1
8208
-8098
-110
13
-13
87
-87
1
61
41
-84
66
23
-106
39
-10
-29
2
-5
27
-27
15
12
113
-136
65
-55
39
-10
-38
-5
58
41
-35
-50
-10
-1
-2
2
1
1097
-1100
18
31
-49
0
56
-43
-11
12
582
-224
-302
319
225
-599
128
25514
-25654
2519
-2508
-15
3
-1
3520
-2663
-858
3
171
-106
-54
-13
202
-165
-35
6206
-6183
624
-646
-5
1
1367
-1173
-194
0
1536
-1533
-6
10
-8
2:-1
10
-10
11
-10
11
-12
2:0
2
-2
9
-7
9
-9
-1
0
8
3
-12
2:1
0
-2
1
0
9
-10
7
-6
0
10
3
0
-6
-7
0
13
-13
9
1
-9
7
-9
1
8
5
-5
-8
1
7
-8
2:0
12
-11
6
1
-8
2:0
-1
0
2
-1
8
-9
1
7
-7
0
14
-1
-12
0
-2
8
-6
-1
0
-1
1
7
6
-13
-1
0
1
-1
0
11
-10
0
1
9
2
-13
9
-2
-7
1
6
7
-6
6
-3
-9
-2
0
1
-1
2
-2
9
-1
-7
-1
2:1
-1
13
-13
3:0
12
-12
7
-7
-1
0
2
10
-11
0
-1
8
-8
9
-8
2:0
-1
8
-7
11
-2
-9
8
-8
3:0
7
2
-10
11
-10
-1
1
2:0
13
-13
1
-1
8
4
-5
-7
8
-7
2:-1
1
-1
1
-1
0
1
-1
2:0
2
7
2
-2
-8
0
1
-1
12
-12
1
-2
9
-2
-6
8
-7
-1
6
-7
14
-13
0
1
-1
2:0
1
-2
0
2
-1
10
-10
0
10
-11
10
-8
2:0
-1
0
7
4
-12
13
-13
1
-1
2:1
11
-11
-1
7
-8
1
8
-8
0
-1
13
0
-13
2
-2
2
-1
7
5
1
-1
0
-1
2
-14
2:0
8
-8
2
2:-1
0
14
-14
10
-9
6
-6
4:0
9
-9
0
13
-13
1
-1
0
7
-8
11
-3
-7
12
-2
-11
1
0
2:1
-1
1
5
-7
95
-95
2:0
18
-7
-11
7
-6
-1
7:0
19
-16
-3
0
6
-6
0
1
9
-9
-1
1
-1
5:0
6
-6
2:0
1
2
-1
0
-1
2:2
-5
4:0
4
-4
3:0
5
-4
-1
5
-5
1
2:0
-1
3
-3
0
4
8
-12
1
-1
1
0
-1
16
-16
1
2:0
-1
6:0
2
6
-8
3
2
-5
8
-7
-1
16
-16
0
7
-7
3
0
-3
6:0
5
-4
-1
2:0
1
-1
4:0
1
4
-5
1
0
3
-4
0
40
-40
9
-7
2:-1
2:2
-4
57
-57
0
2:1
-2
8
-8
2
-1
1
-2
22
-21
2:0
-1
7
4
-9
0
-1
18
-19
24
-24
0
34
-34
8
-7
0
-1
4
-3
9
-9
-1
2:3
-4
-2
4
-3
-1
6
-4
2
4
-7
2
-3
0
1
-1
56
-56
2
1568
-1570
108
-87
-19
-2
3
4
-7
4
23
-23
-4
1
5
12
-16
-2
1
-1
30
-28
14
-16
5
10
26
-40
2
-2
-1
9
-8
14
-15
3
0
3
2
-8
2:0
2
352
-258
-89
-7
2
-2
0
5
-1
2:-2
6
-6
1
0
4
-5
59
-53
10
-14
255
-254
-3
1
-1
5
32
-36
-1
2:0
3
-3
5
-5
109
-109
0
5
18
-10
-11
2
137
-134
-7
7
-7
0
3
28
-29
24
402
-407
-21
112
-107
17
-17
384
-320
-63
37
-38
-5
0
1
3
0
1
-4
-1
204
-204
0
142
-135
3
-4
-5
-1
7
-7
25
-25
2
21
-23
3
11
9
-22
122
-120
21
-24
0
1
5
4
-7
-1
1
26
-28
25
5
-31
2:0
12
63
-75
19
-18
2
-3
0
3
-1
2
6
125
-134
10
-10
2:0
1
-2
2:0
221
-221
12
2:-5
0
20
-21
-1
10
1015
-1025
0
2
2:-1
18
-17
0
-1
2:0
3:1
2:-1
2
193
-195
0
29
-15
-14
13
-14
1
0
-1
12
-2
0
4
-5
-9
3
-3
0
1
-1
2
-1
3
-3
2
-2
1
2
-4
3
-2
-1
2:1
2:-1
4
-3
0
-1
1
4
-5
3:0
1
13
-13
-1
2
-2
2
8
-3
97
-102
0
522
-524
146
-142
-4
1
0
359
-346
-14
0
3
6
-9
1
12
-13
0
420
-416
89
-86
-7
0
17
-6
-11
0
27
-25
-2
6:0
2
-2
3
-3
4:0
3
-3
1
-1
13:0
1
-1
0
1
0
2
-3
1
-1
5
-5
1
0
-1
3:0
2
-2
3:0
1
-1
2:0
2
-2
2:1
-2
3:0
1
-1
0
1
-1
4:0
1
0
1
-2
2:0
2
-2
11:0
1
-1
3:0
2
-2
2
0
-2
0
1
9
-7
1
-3
-1
2:0
1
-1
2:0
1
0
-1
4:0
6
-6
3:0
3
-3
2
-2
3:0
1
-1
2:0
5
-5
0
1
-1
2:0
1
2:0
1
-2
2:0
1
0
-1
2
2:-1
3
-3
4:0
2
-2
2:0
1
4
-3
-2
3
-3
11:0
1
3:0
-1
2:0
2
3
-5
2:0
2
2:-1
1
-1
2:1
-2
1
-1
0
1
-1
2
-2
8:0
2
-2
3:0
1
-1
0
1
-1
0
5
-5
1
-1
0
2
-1
1
-2
2:0
2:1
-2
9:0
1
-1
14
0
-13
7
-8
0
2:1
0
-2
1
-1
2:0
4
-4
2
-2
1
-1
2:0
2
-2
1
-1
0
1
-1
3:0
1
-1
1
-1
0
6
-2
-4
end
