v1
768
317
319
107
486
191
48
496
119
14
65
9
58
31
375
57
19
37
7
15
28
53
65
221
321
165
324
288
140
56
236
130
11
159
289
6
98
36
10
214
195
160
111
101
76
61
187
10
136
58
16
49
108
134
399
36
66
5
67
95
155
28
217
28
17
9
320
25
21
135
31
225
277
72
37
148
87
175
56
0
201
79
44
152
93
85
98
104
210
126
120
107
4
106
20
149
21
85
431
494
363
70
9
125
109
105
66
3
10
47
12
364
28
511
91
44
366
85
339
213
41
27
121
235
35
20
86
75
141
59
271
27
96
257
18
16
93
64
219
121
52
312
44
250
109
172
212
0
92
27
13
16
12
33
6
19
13
25
13
5
2:19
30
1
46
5
11
3
124
9
1
118
73
9
74
45
14
6
53
5
50
15
38
3
16
38
17
14
113
118
85
118
329
88
120
225
122
73
219
88
22
314
33
6
116
104
42
138
54
121
114
27
85
74
27
41
90
108
61
146
5
136
146
116
294
17
285
28
10
38
83
70
229
41
309
199
20
7
976
301
93
312
55
56
109
2
24
157
93
94
75
50
6
322
910
33
176
0
10
40
6
80
90
38
19
10
28
69
7
8
147
40
118
165
110
339
270
2
36
45
20
82
100
2
8
444
34
141
70
121
8
3:43
6
17
254
19
32
36
2
100
54
47
59
2
145
2
88
153
59
25
3
175
23
151
106
255
58
85
47
63
155
34
31498
22
9
208
29
53
44
85
69
19
76
66
54
8
28
8
22
1152
68
64
47
71
184
28
19
9
3301
2211
2
326
1553
2054
1710
1376
4228
6588
1507
10898
3
790
830
7482
816
3064
1385
2
4
8078
8
44
2783
882
943
0
15
1533
933
5151
11
6
1414
13
106829
13098
3544
1
7717
24
73
9417
32395
26
18
4
22
4
7
174
72
1
20
16
37
36
5
10219
44428
731
159
157
7
2
15
12
18
57
1
78
67
16
27
11
2:1
4
6
2:1
11
3
30
695
43
55
121
1
20939
3093
1178
9030
7980
575
238
1073
357
539
523
1101
330
202
0
2
1
2
4
1
46
2
96
45
39
6
34
1
43
47
4
6
30302
9889
355
69
31
600
0
22
294
189
241
253
11
73
41
103
2:45
346
338
56
36
15
80
33
14715
11934
1
131
-488024
253
230
185
159
242
110
18
211
31
22
157
151
158
290
120
39
583
75
77
43
166
220
555
277
25
121
291
52
23
62
45
159
64
293
171
133
172
141
227
60
29
244
295
171
242
173
144
0
20
198
260
168
42
17
11
203
477
53
314
312
38
0
67
378
31
172
51
299
84
0
268
80
0
267
33
5
58
189
88
180
2:195
569
478
105
287
582
0
581
177
143
53
317
147
77
295
10
27
403
169
482
116
449
296
4
72
14
246
28
29
1
14
0
19
1
190
30
203
46
52
144
7
338
0
90
31
269
66
7
387
221
251
172
109
206
631
420
762
27
248
36
315
99
6
931
132
41
9
0
254
774
105
365
416
581
318
251
23
35
28
29
31
83
178
62
463
970
846
139
190
269
393
156
64
50
4
10
446
33
89
94
3
35
343
180
54
173
3
92
168
31
31367
128
49
166
54
233
13
1215
17
41
176
77
7985
11
11076
7219
6451
9790
6479
9485
2
1
7122
994
125538
53154
75
0
113
144
24
80
11037
44372
123
8
264
50
26
97
16
35
759
22
76
108
12
15142
3498
18853
4719
981
38
1397
156
547
143
86
625
766
229
9
21
110
0
34
2
9
43
33
42
40964
655
644
1088
26940
1412193000
499:0
1
267:0
7
8
203
-183
-27
60
-64
3842
-3799
-38
-2
-3
63
-48
1465
-1306
55
-10
-199
51
-68
17
5
-9
52
-35
89
-84
-5
-16
21
-34
137
-85
-45
44
-51
40
226
-269
-1
108
-103
15
68
-60
13
-41
3
-1
-2
30
2077
-2107
48
-48
23
-16
-2
-1
18
-4
0
-11
6
107
-119
23
-20
-2
325
-128
292
-490
14
4958
-4743
-226
-2
18
16
-29
-6
23
35
-41
-3
9
56
-80
10
183
-184
-7
5
13
1132
-561
-109
-481
-1
179
-174
3
114
-121
13
-13
183
-171
-13
8
-6
-2
7
109
-113
21
33
-44
3
66
-79
3
14
-3
-9
-1
875
-870
-12
523
-507
59
-56
-5
300
-310
35
559
-585
34
138
-177
-5
1
0
-4
16
-14
9
5
-12
4
24
157
-178
2:0
-1
63
-68
15
-2
1
2
67
57
-134
168
-141
-33
501
-457
-48
69
-65
-2
20
3
1110
-1134
779
-781
37
-26
-10
13
66
-18
-60
-2
238
-159
-54
-25
88
-76
-12
710
76118
-76819
10198
-10064
-142
43
-19
3
13
-36
82
-64
-23
51
74
-115
-10
61
1209
-1256
-9
15
-16
-1
-3
1
35
-36
162
-53
-69
137
449
-625
11
-9
62
-17
28
-74
49
-47
23
-12
609
-598
-21
-5
36891
-32778
-4088
-20
25
5
-9
-26
4
-1
3
-2
6
-4
1753
-1726
-27
3
409
-410
58
70861
-70258
-661
5
199
-212
5
3
-6
15
1777
-1784
-9
2360
-2356
37
-29
73
-66
32
6381
-6405
-27
21
-19
10
-8
-5
670
820
-1451
193
66977
-67090
-8
6033
-6142
62
44
-10
11787
-11850
1298
-1333
39
-39
12
-10
18
72
-80
-7
7
2719
1503
-4187
74
-114
6
9
718
-732
27
180
-153
32
99
-190
1211
-1187
594
-503
-106
-12
50
-45
15
-19
1
2
361
43
-351
551
-324
-284
35
450
-434
5538
-5552
418
-455
126
25
-143
525
-501
-17
1634
-1645
3
61
-63
31
-24
-9
1
135
-120
-19
43
49712
-49747
-4
127
-44
-60
33
13
-71
360
-286
9158
-9227
2
-9
305
-277
-27
0
8
-7
18
96
-113
24
4
5462
-5446
-45
30
44
2357
-2405
-17
4
54
2:-24
-13
-8
9
53
249
-303
-5
12
-5
-2
126
18
-77
-43
1092
-1121
404
-402
1
10
4
5
-21
375
-367
88
-100
2
22
-18
17
-3
-19
3
-2
81
2682
-2763
0
1
-2
-1
2:3
77
-82
78
-40
-16
170
606
-160
-618
-19
34791
-34793
134
-132
3
63
-41
361
-247
65
163
10218
-10579
1119
-1056
456
-522
-5
28
-4
-20
70
-42
-31
1286
-1175
-80
-36
2
-2
0
3
-2
2:1
-3
0
2:1
-1
2:0
2
-3
2:1
-1
2
0
3:-1
3
-3
2
-1
0
1
-1
1
-2
3
3:-1
3
-2
2:0
-1
2
-2
1
0
1
0
-1
0
2
-2
0
2
-3
0
1
-1
2
3:0
2:-1
2:1
-2
0
2
0
1
-1
0
-1
0
2
-2
0
-1
2:1
-2
3
-2
2
-2
1
0
-2
3
-2
1
-1
2
-2
0
2
-3
3:1
-1
-2
2
2:0
-2
3
-2
2:0
1
2:0
-1
2:0
1
-1
1
-2
3
-1
0
-2
0
1
-1
1
-1
0
3
-2
2
3:-1
3
-2
2
0
-1
0
-2
1
2
-1
2:0
-1
2
0
-2
1
-1
2
-2
2:0
1
-1
2
-3
1
-1
1
3:0
2:1
0
-2
-1
0
3
2:0
-3
0
3
2:0
2:-1
0
-1
1
-1
2:0
3
-3
3
0
-1
1
-3
2
-1
2
0
-3
2:0
3
-2
2
-3
1
0
1
-1
1
-2
0
2:1
0
-1
2
-3
2
2:0
2:-1
1
0
2:1
-3
2
-2
2
-2
0
1
0
2
-2
-1
2:0
1
-1
1
-1
0
1
2
0
-3
0
2
0
-1
0
-1
3
-2
2
-3
1
2
0
-3
1
0
1
3
-2
4
-6
79
-79
1
0
-1
2:0
11
-10
3
0
4
2:-4
3
-3
21
-15
-4
12
-13
-1
3:0
11
-11
1
0
-1
3:0
1
4
-3
0
-2
2:1
-2
1
-1
2:0
8
-8
2:0
1
0
-1
0
12
-9
-3
3:0
1
3
-3
0
22
-11
-12
2:1
-2
21
-20
0
2:1
-3
0
1
3
-4
4
-3
0
-1
2
-2
2
-2
2:0
11
-8
4
-7
0
16
-16
0
11
-11
4
-4
4
-4
4:0
3
-2
-1
3
-2
-1
3
-1
0
-2
2:0
1
-1
7
-6
-1
30
-29
8
-9
2:1
-2
2
5
-7
1
84
-83
2:-1
0
2:1
-1
1
-1
1
2
-3
22
-22
-1
0
1
5
-5
2
15
-11
-7
1
-1
2
16
-1
-15
41
-37
-6
6
-2
-4
5
-4
12
-13
1
0
2
10
-13
2:4
-8
2:0
9
-5
0
-4
4
-3
-1
55
1585
-1639
105
-88
-15
-2
3
-1
3
-6
2:2
-3
6
-7
1
-1
7
-4
1
-4
7
-5
2
-3
0
12
-12
36
-35
10
-6
14
-19
0
5
-3
12
-2
-13
2
1
4
-5
4
2:-3
0
372
-252
-116
-4
3:1
-2
1
-2
2:1
2:0
75
-67
-10
1
16
-13
-2
331
-329
-4
7
16
-23
0
2
-2
0
5
-5
3
121
-122
15
-16
18
-16
1
129
-123
-10
3
-3
2
3
-5
24
-24
4
27
419
-422
-28
116
-116
2:4
-3
677
-677
32
-36
3
-4
4
-4
2
9
-9
2:0
158
2
-152
3
-13
3
4
20
-27
2
41
-38
3
14
-21
155
-151
22
-25
1
-3
9
-5
2:-2
0
1
4
33
-38
22
16
-38
3
14
-17
90
-90
14
-12
2
-2
0
6
1
7
116
-131
-1
2:0
4
-2
1
0
2:-1
3
2
208
-212
-2
12
2:-4
-3
14
-15
2
6
912
-920
1
-1
11
-11
2
-1
2
-3
6
-2
-4
1
3
218
-222
0
2
34
-12
-18
3
-7
-2
23
-16
-5
-2
3
22
-20
-2
-3
13
-13
3
7
-2
-1
-3
-2
0
3
-5
1
-1
4
-3
2:1
2
-1
-4
0
6
-5
1
2:-1
2
-1
4
-4
0
-1
1
-1
2:0
1
13
-14
16
-14
2:2
20
124
-147
-3
406
-406
3
-1
0
1
-2
31
-32
13
-1
475
-487
125
-125
7
-7
1
18
-8
-11
2:0
1
25
-18
-8
18:0
1
-1
15:0
1
-1
5:0
1
-1
6:0
1
-1
31:0
1
-1
32:0
1
-1
3:0
1
-1
11:0
1
-1
1
-1
1
-1
11:0
1
-1
2:0
1
-1
20:0
1
-1
12:0
1
-1
3:0
4
-4
13:0
2
-2
4:0
1
0
-1
2
2:-1
1
-1
4:0
2
2:-1
2:0
2
-2
0
1
-1
4:0
1
-1
0
1
-1
3:0
1
2
-2
-1
4:0
1
-1
3:0
1
-1
0
end
