v1
784
535
4
204
486
52
139
39
9
130
107
31
228
119
381
171
38
19
56
21
1
28
533
127
165
59
3
550
5
135
7
29
129
119
156
152
393
132
128
11
4
47
149
255
283
46
96
10
216
285
136
370
67
0
78
46
371
54
366
135
31
115
82
28
277
119
51
87
20
242
50
22
122
63
136
139
100
78
98
104
614
59
267
8
297
134
494
212
21
111
98
126
213
69
57
31
90
255
28
103
408
135
193
173
55
369
281
121
23
212
77
64
275
205
50
4
0
29
12
94
257
18
16
155
2
82
310
312
44
250
59
45
5
78
210
7
181
27
0
15
0
14
45
6
57
10
8
3
35
30
1
46
5
11
3
110
24
13
88
17
73
9
1
11
62
45
14
6
29
27
2:1
35
30
95
17
73
25
147
8
77
354
8
78
95
120
225
195
219
110
4
300
10
6
33
116
146
138
54
121
141
85
101
41
198
61
30
121
68
199
15
0
129
275
6
31
299
10
23
15
153
150
67
12
41
106
203
212
182
0
50
758
199
102
71
22
176
191
50
111
1
3
2
24
42
43
170
88
1
75
50
917
44
48
229
33
226
44
42
128
19
38
69
2
5
8
147
40
158
125
110
339
205
148
20
5
179
360
55
212
17
53
63
58
8
2:43
31
2:6
204
73
45
6
38
100
54
47
61
147
2
86
153
59
5
23
106
87
5
20
237
149
45
204
47
143
43
66
92
31401
5
22
9
208
29
53
44
85
69
19
4
72
1
65
54
36
8
22
1048
2
30
50
22
68
87
24
71
166
16
2
41
6
9
270
3031
6
2205
328
1553
3764
1376
7581
1093
2142
1878
10527
3
790
2041
3663
3424
928
869
1267
1385
0
2
8090
6
3703
943
15
1533
933
983
4161
18
5
1428
106829
16643
1735
6006
26
47
9417
32305
52
64
18
4
26
242
13
19
53
36
5
11015
44363
85
74
157
64
13
22
12
53
109
27
10
2
1
8
2:2
11
2
726
43
3627
17489
3093
5056
1
8402
4726
578
1668
454
85
334
133
56
665
436
532
2
25
30
1
44
3
11
28
0
49
14
31
40
44
38
9
4
6
30302
10004
64
176
69
31
622
104
87
292
217
119
16
142
11
20
53
144
93
5
638
11
83
36
14843
2199
9735
2:1
109
15
39
12
41
19
43
-488414
152
3
87
198
58
110
0
67
0
15
46
364
105
174
60
53
271
181
398
0
300
14
44
161
374
336
56
170
99
114
30
38
67
152
49
74
622
29
32
0
180
339
0
138
372
30
46
265
7
198
248
354
188
150
16
1
183
153
411
327
847
7
5
0
41
170
0
156
129
203
386
284
30
196
40
140
139
0
652
14
325
231
156
628
935
182
663
144
187
397
0
147
77
132
73
311
388
0
568
0
1086
37
80
178
142
62
74
216
325
20
455
617
454
150
23
345
0
27
0
81
321
357
54
166
0
149
443
271
24
266
154
763
85
1
0
7
0
64
673
450
514
111
69
36
325
55
447
0
122
530
383
84
13
17
0
26
0
170
206
79
0
154
31
173
455
270
38
2:247
85
0
88
35
33
211
273
46
0
238
271
56
57
0
417
107
92
11
24
118
83
336
40
155
98
15
153
0
14
32
0
31385
64
95
89
19
338
127
70
920
176
337
197
7715
4489
7909
17264
5297
0
3926
1304
826
1400
10
8032
37
6
2
2812
14
9474
108255
24360
41825
0
155
70
188
119
35712
334
19524
128
15
237
62
16
30
724
34431
3251
4729
977
1804
0
2160
7
0
26
20
1
5
0
137
42
3
32
3
65
31850
8704
265
462
0
316
1009
427
222
42
29
76
0
15037
11988
1413645000
499:0
1
283:0
18
26
-21
84
-85
-14
181
-171
-11
27
-10
8
4045
-4051
-15
-6
239
3772
-4011
17
144
-82
-75
44
-49
98
129
-223
-2
1
-1
60
-59
3
162
-152
139
37
-185
-1
44
-46
966
-943
-26
24
1
-25
15
-15
37
-28
0
-10
3
37
-39
323
-215
-84
0
-22
618
-293
-236
-64
-24
2:39
-47
-27
6
-3
170
-176
-4
-1
8
12
-7
-8
1
155
246
50
-140
-309
-7
9
316
-305
335
-346
210
-181
-38
158
-146
2
-1
-7
-5
4
-5
8
-2
129
-136
14
0
-10
204
-201
91
-88
0
4
-11
211
-199
41
-17
2238
-2270
-5
34
28
-63
114
-115
7
2
4
57
-68
6
-5
1
6
0
-7
-2
18
-4
8
719
-740
37
-37
-2
6
-2
17
-3
-17
54
-53
15
4
-14
381
-386
23
18
-42
117
-112
-4
13
-10
64
-63
961
-930
4
-36
42
43
-40
-21
-28
83
-77
83
15
-79
-22
-2
360
-357
3
91550
-91555
9173
-8958
-195
-16
38
-27
24
-30
25
53
-87
52
-54
6
335
-341
30
2
57
-74
-12
-1
42
133
-28
-24
-107
179
-196
7
293
-294
-1
2
1
0
135
-27
-116
68
-69
52
-43
-3
-5
-1
6
25
1069
-1096
0
-4
6
-3
16185
-10484
-5688
-5
-7
-4
89
-73
-12
13
129
953
-1099
32
79
-111
24
37
53251
-53012
-299
4
242
-247
10
-5
388
-388
1131
-955
-175
130
-119
-17
0
11
2002
-1999
-13
7
34
-38
-1
268
-269
454
-444
103
100467
-100582
4792
-4781
-6
118
-114
337
392
674
-1376
-36
35
-31
52
-47
-7
74
-61
517
-532
3333
-3324
0
1758
-1729
36
-73
75
-72
21199
-21195
-8
135
-133
73
-76
89
65
1703
-1854
524
-198
-326
-1
5
12
90
-86
93
-109
3282
-3222
-51
-14
11
-13
1
32
-31
138
783
-595
-326
79
-79
-1
4335
-4274
779
-835
28
3580
-3613
170
-162
9
-13
30
-4
1313
-1329
1213
-1213
15
128
-136
-12
16
-24
69072
-69067
-6
21
31
-52
225
-225
25
5250
-5202
692
-689
-76
267
-262
19
-23
5
-6
72
2085
-2154
-1
56
25
1599
-1678
2
5
-2
-8
44
13
-49
4
-3
-9
-2
117
-70
-40
-5
9
91
-35
-62
85
-83
-7
10
31
-14
136
-151
-8
109
-92
-16
3
140
-119
-20
-9
24
15
-2
6
82
0
-105
-17
16
15666
-15646
-34
9
52
861
-919
13
323
175
-508
4
62
153
-221
5
3287
-3159
-141
58
-57
16
8993
-8340
-669
-2
17
-12
-5
42
-36
13
93
-29
-22
-20
-16
408
-344
-84
51
-54
2:-2
2
-4
3
1
-3
3:0
-1
1
3
-3
2
1
-3
3
2:-1
0
2
-3
-1
3
-1
0
2
-4
2:2
-2
2:-1
0
3
-2
3
0
-3
5:0
-1
1
2:0
-1
3
-2
1
-2
4
-3
1
0
1
-3
0
1
0
1
0
1
-2
2:0
-1
4
-3
2
-3
3
-3
0
1
0
-1
1
-1
0
2:1
0
1
-2
2
1
-3
2:0
1
2:-1
2
-1
3:0
2
-2
0
1
-2
4
-3
3
-3
-1
3
-3
1
0
-1
2
0
-1
0
-1
3
1
-4
1
0
3
-3
1
-2
1
2
0
-3
2:1
-1
0
-1
0
3
-1
-2
0
4
-4
2:1
0
-1
2:0
2
-1
4:0
-2
2
2:0
-2
0
2:2
-1
0
-3
2
-1
4:0
2
-3
1
0
2:1
-1
2:0
1
2:0
-2
-1
3
-2
2:0
3
-4
0
1
0
1
-1
0
2
2:0
-3
1
3
-2
-1
2
-2
0
3
2:-2
2:0
2
0
-2
2
-1
2
0
-2
1
-1
2
-2
0
1
-2
0
1
2:0
2
3:-1
0
2
2:1
-2
2
-3
1
-2
3
1
-3
0
1
0
-1
2:0
-1
3
1
-3
0
2
-2
2:0
3
0
-3
-1
1
2:0
-1
4
-4
3
-2
3
-3
0
2
-3
1
3
-1
0
2
2:-2
3
-3
1
0
1
88
-86
-4
0
5
6
-11
8
-6
-2
21
-20
0
-1
7
-5
-2
5:0
5
-5
2
-2
2:0
1
-1
7
-7
0
1
4
-5
4
-3
-1
4
0
-4
0
1
0
3
-4
1
-1
0
16
-7
-9
1
2
-3
18
-18
1
-1
3
-3
1
-1
2
-2
2
-2
1
-1
11
-10
3
2
-6
1
-1
14
-14
8
-5
1
-4
0
2
0
-2
2
0
-2
0
2
1
-3
1
0
2
-3
0
2
-2
5:0
30
-30
7
-5
-1
1
-2
1
2
-2
33
-34
1
-1
2:0
2:1
2
0
-4
0
1
3:0
-1
20
-20
7
-5
0
8
-8
-2
1
-1
17
-16
-1
10
-9
26
-27
2
4
-6
5
-1
2:-2
0
5
-5
14
-10
0
-4
0
7
-7
2:1
8
-9
6
-3
1
-5
0
43
-43
0
1591
-1591
108
-90
-18
2:3
1
-2
6
-8
-3
2
12
-14
4
-4
1
7
0
2:-3
4
-4
9
-11
1
35
-23
-13
0
3
14
-17
18
-16
2:0
-2
17
-17
13
-11
7
-8
4
-2
-3
0
4
9
-11
2:-1
2:0
445
-325
-119
2:3
-6
6
2:-3
-1
8
68
-73
0
10
-13
8
-7
408
-398
-7
1
29
-33
-1
0
7
-7
60
-60
0
11
-10
0
-1
3
94
-92
-5
0
18
-18
2
0
-2
16
-16
14
489
-498
72
-76
-1
9
-5
107
-28
-56
-27
2
3
-5
3
-3
0
5
-2
-3
0
232
-230
-1
105
-95
3
-14
5
-1
46
-50
0
37
-36
2
-3
11
17
135
-162
14
-15
0
2:1
2
-3
-1
25
-20
440
-445
3
-3
1
-1
0
4
-4
38
-18
12
-29
1
-4
1
39
-40
12
-9
0
-1
0
8
-8
-2
2
17
0
148
-163
13
-15
-1
4
-3
3
-4
0
176
-177
1
0
8
-9
0
1
0
571
-572
0
3
-3
12
-11
0
-1
1
0
8
112
-119
0
14
28
-31
-11
-1
1
2
-3
22
-20
-3
4
5
-7
-1
13
-8
-5
1
2:0
5
-5
-2
2:0
2:2
-1
-3
0
3
-2
5
-4
-1
5
-6
2
-1
6
-7
2:0
3
0
-3
1
5
190
-195
-1
1
4
82
-86
1
59
-26
-34
0
2
124
-124
0
161
-164
0
4
0
-4
371
-312
-59
0
9
-9
5
2
-6
8
-2
1
-2
-5
2
6
-8
-1
7
-6
-1
26:0
1
-1
16:0
1
-1
4:0
1
-1
4:0
2
-2
0
1
-1
0
1
2:0
-1
8:0
1
-1
2
0
-2
9:0
1
-1
2:0
1
-1
31:0
1
-1
12:0
1
-1
23:0
1
0
-1
0
1
-1
4:0
1
-1
2:0
2
-2
7:0
2:1
-2
0
1
0
-1
3:0
1
-1
0
1
-1
1
-1
5:0
1
-1
7:0
2
-2
0
2
-2
2:0
1
8
-9
7:0
1
-1
2:0
1
-1
4
-4
1
-1
5:0
2
-2
5:0
2
-1
0
-1
0
1
-1
2:0
2
2:-1
10:0
1
0
-1
0
end
