v1
799
56
5
126
110
287
148
11
237
249
52
139
48
8
122
485
188
129
234
58
56
22
146
374
168
66
11
88
599
13
140
17
369
206
159
32
104
230
128
11
94
50
14
26
136
135
101
324
10
35
38
30
43
48
22
19
99
19
148
34
102
2
58
14
116
247
183
156
55
155
320
19
6
21
135
7
16
8
58
6
24
118
19
22
255
4
100
5
61
54
25
8
218
44
257
79
57
29
110
93
85
98
59
45
249
31
13
50
58
55
111
73
33
104
171
87
235
109
285
173
36
76
201
111
54
59
67
146
67
69
10
4
419
205
165
63
106
135
12
181
28
145
424
220
61
2
119
235
77
332
7
158
101
0
29
2:106
117
52
16
93
11
51
57
337
70
161
47
34
44
177
65
8
59
50
26
269
181
27
15
14
12
33
6
19
13
25
18
3
35
31
43
3
2
3
14
5
2
127
60
58
0
69
4
9
54
20
45
2:14
43
2
5
65
38
3
16
18
37
127
118
85
292
49
21
2
76
7
88
120
94
16
275
254
110
28
70
164
52
33
6
116
104
42
68
70
54
5
116
7
134
85
101
41
87
21
148
3
146
5
267
15
129
27
248
6
31
271
28
10
5
33
66
17
70
229
41
309
149
23
0
35
232
5
758
15
184
102
71
12
10
20
347
50
6
106
5
23
1
42
301
1
75
18
32
215
110
3
122
511
19
258
33
47
139
38
2
33
19
34
53
37
34
4
3:19
69
2
5
8
105
42
40
158
125
32
25
53
339
108
119
43
2
36
45
20
182
1
0
1
36
81
298
37
49
126
17
53
121
8
43
80
6
299
1
28
38
100
54
47
53
6
2
6
29
60
32
0
20
2
86
153
39
20
5
23
104
2
92
9
142
300
61
0
44
14
0
85
8
39
63
21
32
45
57
34
97
31396
5
22
9
12
31
42
119
33
53
44
62
23
69
19
76
8
21
37
54
36
8
22
1080
72
45
23
111
71
166
16
2
45
2
9
3301
2211
328
1553
5140
7580
3236
12405
793
830
5307
2991
3
922
870
2
1267
1385
2
4
8078
9
5
2821
882
958
2466
5144
2:8
2
5
1428
4054
102775
13098
3544
1
1735
6006
4
69
9417
28772
3646
3
18
4
21
142
105
12
20
53
19
17
5
55463
74
38
119
7
2
15
75
12
33
66
63
27
10
3:1
12
11
3
754
14
6
12
46
112
20940
3093
1178
9030
7980
575
238
448
982
539
523
665
436
330
202
2
1
4:2
44
3
44
42
27
28
6
2
31
40
1
86
2:4
6
30302
9721
164
119
64
176
100
177
445
104
46
41
103
189
107
110
52
67
16
0
142
11
73
41
103
736
52
42
36
28
15037
1977
9735
2:1
163
55
17
43
-487964
225
141
43
583
208
364
0
205
361
889
120
38
985
739
0
105
653
160
0
91
566
75
42
142
433
148
52
0
122
95
330
284
907
51
229
817
164
665
203
282
88
418
39
348
308
738
410
489
181
1398
685
55
363
201
1006
152
32
200
0
37
47
194
85
126
351
384
469
643
280
0
20
349
159
574
320
733
28
1155
105
514
1230
100
90
81
2
6
596
54
634
0
14
530
56
6
198
405
24
180
391
478
57
94
175
732
71
27
49
170
83
4
0
652
84
13
239
206
122
0
57
125
5
44
83
195
158
31526
110
105
92
139
246
1043
12
0
234
11
15327
5461
0
23557
844
1744
1301
10270
0
44
20
12261
121373
11289
73
41854
13
31
125
87
14
131
82
10928
44495
238
202
65
2
15
726
49
107
17
18692
571
25123
997
1858
18
43
104
46
0
8
75
2
43
0
31819
8208
837
702
1229
353
223
14927
11933
0
40
26
99
1413775800
599:0
1
198:0
5
17
344
-362
11
-8
40
-45
88
-76
-11
42
-39
9
4123
-4132
24
-5
3249
-2105
-1136
1812
-1840
2
-4
0
38
-29
7
295
-311
0
84
-84
41
-33
0
200
-207
3
-4
20
-7
540
-508
-33
1021
-1022
-4
2
-9
7
5
-12
18
1132
-1132
8
-27
17
158
-175
20
-19
77
-42
-3
31
-59
3
8
-6
1475
-1465
-11
-6
165
-159
0
6
1297
-1267
-21
420
-443
3
17
-12
-5
-3
35
-35
54
-16
-36
1
-2
3
14
-19
1
7
-2
11
1007
-1017
-6
0
23
-16
-8
565
497
-948
-107
25
31
-36
11
68
-104
6
-4
70
-71
258
-260
84
-72
-9
-2
12
-11
-2
82
-82
36
-37
51
-44
-6
55
58
-110
-3
0
1
-1
4
572
-575
2:0
7
648
-647
-4
326
-322
-9
2:2
-4
678
-678
34
625
-467
-145
-40
5
82
-92
23
7
-6
39
-55
-11
10
26
-8
-25
-1
133
-133
49
143
-194
62
-61
10
-1
45
-48
-7
2
75
-77
125
27
-142
-9
167
-167
26
-25
8
29
14
-38
17
34
-63
13
-9
-6
42
-39
169
-171
1
15
18
-32
18
3:1
-24
0
32
-13
100
-117
-2
5
82563
-82555
5162
-5010
-159
49
-56
9
14
-23
9
6
203
-87
-99
166
-194
8
-4
25
-19
-13
6
162
-145
-23
2386
-2384
3
12
41
-48
-1
3862
-3869
9
3
61
104
-165
2
-15
0
2:2
-3
146
-143
-1
77
-78
4
2
-9
-1
15
-10
20
384
-409
32
28
11
8037
-7104
-1000
318
-322
7
-4
-2
13
-11
100
-58
29
-73
4
-2
1
-2
13
59
-74
1
931
-897
-26
1
342
-349
20
-14
-7
27642
-27616
-10
47
-62
697
-461
722
-945
-16
4
27
89
-119
10723
-10724
2
0
1610
-1610
1
5
40
-45
55
-41
89
-47
3954
-4002
3
11
20
-41
2709
-2398
-240
12641
-12596
-116
292
3831
-4124
12
-12
-1
0
67
1556
-1427
-198
3
337
517
-505
-321
-20
95
-103
22
-8
-15
0
22
-22
0
6
-7
517
-510
-5
-1
-2
31
1682
-1709
9
2004
-1933
-74
-5
-2
-3
14
142
-47
270
-379
2
167
-31
-92
22
-39
110
281
655
-1050
92
-114
10
-8
-4
465
-452
8281
-8286
51
-18
-19
-16
45
106
798
-848
18
-120
715
-38
-667
-12
17
5
4
-18
-11
27
-26
20
6248
-6266
17
-18
119
-121
25
-18
8
72
-49
-37
23733
-23721
90
-104
69
-63
9
223
-217
338
-359
43
7214
-7256
5
6
-5
433
-391
-46
-3
10
23
-27
-6
232
1312
-1531
5
-16
1483
-1481
-1
10
-12
0
5
-1
44
-22
145
-170
22
-11
39
157
-204
10
-12
-3
1
2:0
50
-41
-4
-1
31
-29
-6
0
25
191
-192
-16
36
31
20
-22
-64
2:0
-9
2:5
589
-594
66
-72
0
80
-74
26
16520
-16543
-6
301
-184
705
-807
-18
1
16
3169
-2922
-184
-79
31
7094
-7116
2:-5
18
-16
4959
-4960
6
-5
0
536
-521
5423
-5331
121
-229
6
4
22
-33
32
-15
87
34
-82
2557
-2612
2:1
-4
-1
1
-1
0
1
2:0
-1
0
2
-2
1
-1
1
0
-1
0
1
2:0
-1
2
-2
2:0
1
-1
1
2:0
-1
0
2
-2
2:0
1
-1
1
-1
1
0
-1
0
1
-1
0
1
0
-1
1
0
-1
1
0
-1
2
-1
0
1
2:0
-2
2
-2
2
0
-2
1
0
1
-1
1
2:0
-2
1
2:0
-1
2
0
2:-1
0
2:1
2:-1
1
3:0
-1
2
0
-1
2:0
-1
0
1
-1
4:0
2
-1
1
-1
1
0
-2
1
0
-1
1
-1
5:0
1
0
-1
2:1
-2
2:0
1
2:0
-1
0
1
2:0
1
2:-1
1
2:0
-1
0
2
2:0
-1
0
-1
2:0
2
2:-1
1
-1
1
-1
0
1
-1
0
2
0
-2
2:1
2:-1
0
2
-2
1
2:0
-1
0
2
-1
0
-1
2
-2
2
-1
1
0
-2
1
0
-1
2:0
1
0
1
-1
1
-1
0
1
5
-4
-2
5
-5
0
88
-88
2:0
14
-3
0
-11
0
12
-12
0
3
-3
3
3:-1
3
-3
8:0
1
-1
5
-5
5
-4
-1
2:0
2:1
-2
1
4
-4
3
-4
4:0
1
4
-5
1
3:0
-1
1
0
3
-4
0
6
-5
-1
2
-1
1
-2
21
-21
0
1
-1
2:0
3
-3
9
-4
-5
2:0
4
-1
-3
1
-1
1
0
-1
4:0
1
-1
4
-2
7
-9
0
8
-8
0
5
-5
2:0
9
-8
0
-1
5
-2
-3
1
0
-1
3:0
4
-4
3:0
4
-4
2
-2
0
2
2:-1
4
2:-2
2:0
30
-29
-1
11
-9
-2
3:0
1
-1
2:0
4
-3
0
2
32
-34
3
-4
1
3
2:-2
6
-6
2
0
-2
22
-21
18
-19
1
11
-12
11
-10
6
-6
-1
0
10
-10
28
0
-28
1
23
-24
4
-4
2
-2
0
1
2
3
-6
2
0
-2
7
-5
12
-14
0
2
0
-2
2
-1
0
1
2:-1
2
0
28
-30
2:0
1329
-1329
88
-63
-25
1
0
2
-2
-1
5
-5
6
12
-16
-2
1
-1
0
5
-3
2:-1
7
-2
-4
-1
1
-1
1
18
-18
0
57
-57
-1
7
-3
6
5
-15
4:0
1
15
-16
3
12
-13
-1
0
-1
0
5
-1
-4
9
-9
4
-4
0
300
-260
-40
7
-7
2
-2
0
8
-8
6
-2
-4
3:0
1
-1
6
-6
1
-1
52
-51
-1
2
27
-29
4
-3
-1
205
-201
1
-2
-3
1
30
-21
-8
-2
3
-2
1
0
11
-12
-1
0
64
-64
0
1
6
-7
7
-7
13
-2
73
-78
-4
3
-2
-3
15
-14
27
320
-320
-28
3
101
-104
2
-2
2:0
4
-4
18
-17
-1
126
-68
-30
-27
-1
6
-6
8
2:-3
0
-2
2:0
1
-1
9
-7
-2
2:0
2
141
-143
0
96
-89
-1
-5
0
-1
4
-1
3
45
-51
0
2
21
-16
-6
0
3
14
111
-128
5
-5
2
-3
2
24
-23
435
-438
5
-5
4
-4
3
33
-22
-8
2
-6
49
-24
-25
-2
3:0
4
-4
1
-1
10
136
-144
-1
2
14
-17
1
-1
1
0
-1
1
114
-115
4
-4
8
-6
-1
18
-18
0
-1
7
730
-737
1
-1
0
13
-13
2:0
2
-1
2:0
8
79
-88
11
-11
10
-9
1
-2
0
2
-1
0
18
-12
-6
-1
2
4
0
3
-8
5
-5
-1
0
1
-1
6
-5
-1
2:1
-2
2:0
10
-9
2
0
-1
-2
10
-8
-1
0
-1
1
0
1
8
-10
4:0
1
2
161
-163
-1
2:5
216
-225
-1
0
2
101
-70
-30
-3
1
162
-162
1
-2
2
-2
137
-137
0
3
0
9
-8
99
-100
37
-40
0
2:6
-11
5
-1
3
-2
1
9
-16
3
-2
-1
11:0
1
-1
14:0
1
-1
1
-1
43:0
1
-1
0
1
0
-1
12:0
1
-1
6:0
1
-1
9:0
1
-1
35:0
1
-1
11:0
4
-4
2
-2
0
2
-2
6:0
2
-2
15:0
1
-1
5:0
end
