v1
519
297
20
267
146
13
48
80
175
183
52
153
34
268
347
141
5
463
19
37
22
28
398
94
168
62
4
17
82
58
554
5
135
17
275
122
178
159
335
50
109
76
108
11
293
79
181
47
96
10
216
19
62
144
19
41
210
641
132
85
225
195
33
102
23
8
51
174
263
14
104
5
115
33
20
242
257
275
93
67
18
98
104
245
211
217
87
161
19
8
393
38
1
17
95
381
388
45
9
126
213
47
22
57
31
177
168
138
295
106
81
381
39
0
85
20
319
238
16
148
235
161
24
55
176
84
216
72
22
275
16
648
102
111
44
242
8
59
345
181
56
45
6
32
40
3
12
26
30
1
46
5
21
48
78
1
13
47
58
73
9
12
0
18
44
45
14
6
8
21
24
13
27
30
38
3
54
17
1
126
118
87
225
134
1
78
95
102
0
18
94
326
86
243
28
116
57
113
33
6
116
146
138
54
121
35
106
85
101
100
28
172
151
97
170
15
129
281
31
54
56
189
10
5
33
153
86
143
41
309
199
20
175
45
5
409
253
0
96
199
75
0
27
83
10
367
50
6
105
6
0
181
56
37
0
93
1
75
50
961
277
12
21
38
138
56
208
19
107
7
8
147
88
110
125
110
611
36
41
24
184
415
37
175
199
43
66
14
6
0
299
29
38
100
54
47
59
2
89
38
20
88
153
59
5
20
3
104
94
33
118
106
119
136
54
4
2:19
2
10
35
47
63
37
152
77
15
31134
265
7
22
9
12
192
33
53
42
0
2
24
38
92
19
76
8
21
37
54
36
8
22
986
94
0
72
160
19
71
166
18
47
9
270
3031
2211
328
1553
5140
2464
0
8352
12405
793
830
3485
1389
3424
2229
842
1378
2
4
8039
47
1
5
3703
958
1533
933
983
1039
3122
16
2
1420
13
106829
13098
1
3543
1
7716
25
73
9417
32418
3
2:22
11
0
120
10
0
117
20
72
0
17
2:5
11010
44363
159
157
7
2
27
18
0
57
33
20
29
80
27
10
3:1
12
11
728
43
6
12
101
11
52
3445
17489
13301
8555
1668
206
667
88
101
665
436
532
2
25
9
5
13
4
2:43
57
6
5
26
2:3
34
1
43
51
2
4
30302
10004
64
176
15
54
605
152
87
103
189
107
110
119
158
11
73
41
103
50
268
39
379
52
42
36
15069
1973
9735
2:1
105
58
12
0
60
0
43
1413796800
518:0
12
-4
1
-8
26
-27
3
4
11
-4
-13
22
-21
2524
-2525
11
386
-366
194
-217
181
-177
582
-593
70
-67
-4
77
-76
7
-8
79
-28
-51
20
69
0
-89
0
174
-159
-5
-10
5
276
-250
-24
7
-8
-6
8
-6
145
-147
15
38
-54
0
39
-38
-1
3
51
-49
2
-5
396
-390
188
-194
10
-11
90
-47
27
-65
5
816
-488
-337
61
-49
-11
-1
688
-599
-90
2
108
-111
26
-26
7
12
60
-72
-4
77
-77
23
-25
12
-5
12
-16
267
-269
114
-103
-13
32
-32
0
8
-5
26
-28
12
-11
2
3:-1
4
-3
986
-987
91
-81
-3
-7
2
757
-756
9
23
-35
4
-5
1
4
2:7
-8
28
-38
4
53
-38
-14
-5
7
3815
-3821
30
-27
46
-17
-28
160
-164
0
-1
29
-28
-1
6
-3
-4
3
5
-5
91
-93
4
12
-16
1
3
75
-80
2
78
-42
-16
-6
-16
0
30
-24
7
-11
220
-218
11
-15
69053
-69027
7644
-7571
-88
-10
1
-1
0
178
-178
2
-3
3
2
1
-6
2:6
-11
0
2
-2
2
27
-26
-4
94
-90
-4
75
154
-227
0
-1
1
-1
3
-4
2:0
41
-39
2
0
34
-16
-3
-13
-5
8
-4
7
0
-5
-6
-1
0
5
3655
-2286
-1262
-107
14
-15
-1
-2
4
182
221
-407
74
-68
13
47868
-47885
0
-2
134
-133
54
-55
17
622
-620
71
-48
611
-643
9
-17
1
0
29
16
-46
10
5887
-5889
-7
1217
-1214
-1
22
25
-51
226
447
-668
301
-304
24
-26
9
-4
-7
23
-23
2:1
-1
2:1
-1
10
-11
1
518
-517
2
-4
17
3148
-3148
76
-91
221
-219
3
-6
0
737
-721
-18
0
71
-55
-7
-9
4
49
747
-717
42
-125
2
0
11
-12
1014
-1005
3877
-3876
-2
-7
4
135
-93
98
-112
-24
-8
0
382
-13
-339
-32
2
0
99
-97
-4
4
470
-469
-5
32
-30
110
-107
72
-75
2:1
-3
6
-5
22085
-22084
5
60
-51
-17
2
89
-84
174
-170
3226
-3232
93
188
-247
-37
0
2:-1
0
47
-30
-17
0
91
1607
-1695
-2
0
7
51
-49
1
71
-82
0
4
0
1
8
2:5
17
-38
3
29
8
-31
-11
1
2
-3
3
-3
1
-1
19
-7
36
-8
-37
3
-5
1
3
28
-3
22
-37
-14
3
1
7
-11
107
-107
3
-3
5
-5
0
10722
-10712
2
402
-412
177
-173
36
185
-38
-188
-1
0
139
-138
0
1
-2
1177
-1146
-24
-8
631
-593
139
-172
31
-33
7
28
-35
15
-15
5
3
108
-42
-76
450
-451
3:0
11
1
7:0
2
-2
0
2
-2
54
-54
0
6
-6
5
0
-2
-3
0
9
-9
2:0
2
-2
1
-1
1
0
-1
0
2
-2
4:0
1
-1
0
1
-1
3
-3
5:0
2:1
-2
1
-1
1
-1
6:0
8
-8
8
-8
3
-3
2
-2
7
-6
0
-1
3:0
1
-1
0
1
-1
2:0
7
-7
2
-2
5:0
3
-3
5
-5
2
-2
5:0
1
-1
3:0
1
-1
1
-1
2:0
1
-1
4:0
1
-1
13
-8
-5
4:0
2
18
-20
0
1
-1
1
-1
6
-6
10
-9
2:0
3
2:-1
-2
0
1
3
-4
0
3
-2
12
-13
2:0
3
-3
0
3
-3
4:0
7
-7
5:0
7
-7
2:0
3
-1
-2
2:0
1
-1
2:0
23
-23
2:0
714
-714
55
-42
-13
4:0
3
3:-1
0
3
-3
2:0
1
-1
4:0
3
-3
0
21
-16
-5
2
6
-1
-7
1
-1
0
1
-1
2:0
6
-6
2:0
8
-8
2
2:-1
2:0
1
0
-1
4:0
135
-85
-49
0
1
-2
1
-1
1
0
42
-43
9
-9
1
167
-168
1
-1
11
-11
2:0
2
37
-38
3
-1
47
-45
-5
4
-4
0
2
4
-6
4
184
-188
0
25
-25
1
0
1
-2
47
1
-47
15
-16
1
0
2
-3
0
1
-1
1
-1
3:0
2
0
-2
0
54
-54
2
-2
0
49
-46
5
-7
3:0
-1
0
25
-25
2:0
16
-14
-2
0
1
6
54
-59
3
-5
2:0
4
-4
12
-6
143
-146
-3
2:0
1
7
-1
-3
2:-2
0
17
-8
-9
2:0
1
4
-5
0
5
41
-46
0
2
0
8
-10
1
-1
2
2:-1
2:0
108
-108
0
4
-4
2:0
7
-7
0
5
202
-207
1
6
-7
9:0
2
62
-64
2:0
4
3
-6
3
-3
2:0
4
-5
2:0
4
-4
1
-1
1
3
0
-2
1
-3
6:0
1
0
1
6
-8
3
-3
1
-1
2:1
-2
0
2
-2
1
0
-1
1
-1
2:0
3
-3
0
115
-114
-1
4
-4
40
-40
4
20
-7
-17
2:0
48
-45
-3
2:0
58
-58
1
-1
95
-94
18
-19
4:0
4
-1
-3
5
-4
2
-2
-1
4
-4
4:0
end
