v1
687
240
57
20
267
113
0
33
13
358
54
74
52
139
14
34
1
148
88
113
146
119
89
225
67
43
128
57
19
37
7
14
1
28
32
278
124
97
83
46
83
82
59
258
155
10
28
102
117
23
7
29
268
288
159
136
26
178
26
128
2:15
32
94
13
26
11
149
111
22
15
64
146
82
106
216
118
126
41
62
98
18
125
97
34
67
135
7
269
374
181
21
135
23
8
18
207
277
109
41
86
21
20
242
50
87
120
79
39
9
38
110
68
92
18
202
158
36
16
173
74
193
23
255
12
8
148
283
1
15
106
13
301
58
149
199
9
85
126
132
28
43
10
69
14
41
2
31
214
159
0
33
135
78
64
201
135
47
0
185
7
127
55
369
213
41
29
42
77
235
53
24
108
224
7
8
82
108
7
83
12
94
275
16
0
93
119
43
0
412
83
111
294
279
103
15
188
27
15
14
12
39
19
13
25
18
3
9
23
3
23
7
1
46
5
21
127
13
90
15
9
64
9
1
11
14
43
5
45
2:7
6
8
0
3
47
65
38
19
38
17
14
84
80
67
85
63
164
114
21
31
47
92
3
102
18
94
131
160
35
86
133
88
22
28
0
70
206
10
34
5
116
146
39
99
54
99
22
7
28
12
94
85
47
54
100
82
57
61
30
116
5
86
11
170
15
129
79
196
6
17
14
10
0
289
10
5
18
15
153
229
41
309
158
14
0
11
16
1
19
175
712
96
301
71
12
10
176
136
55
50
6
69
36
4
2
66
208
94
75
50
328
74
330
109
76
44
28
2
10
237
33
0
176
25
31
27
53
128
19
12
26
69
7
8
65
82
40
158
91
34
96
0
14
334
232
43
2
0
36
45
20
71
11
102
245
10
105
52
0
3
37
34
88
53
191
8
11
32
43
31
2:6
26
178
73
22
29
38
100
54
47
3
56
2
95
32
2:20
68
153
59
5
20
3
193
3
2:2
7
24
30
88
96
10
149
45
50
0
26
43
40
45
20
27
21
5
20
17
21
0
134
34
1
76
31414
7
22
9
12
143
49
57
29
44
173
76
8
58
54
36
8
22
932
54
166
67
1
0
111
71
166
18
47
9
270
3031
2211
325
3
1553
2370
2770
8690
1406
720
1500
10905
3
790
830
4874
3424
1401
396
2652
2
4
8048
37
3:1
4
2807
14
882
943
15
1533
919
14
985
4159
0
7
9
2
1
4
1428
3533
103296
13099
3544
7716
25
32
41
9417
28772
3515
92
42
18
4
26
7
39
81
115
12
20
72
17
2:5
11
0
71
10928
44363
152
7
38
119
7
2
45
22
17
0
6
12
46
0
7
91
2
4
12
4
23
12
1
4
0
4
2:2
11
2
1
16
738
14
182
3445
0
15193
565
1731
3093
1178
1995
10286
4726
3
575
239
202
1227
873
133
56
665
968
2
3
4
1
0
1
16
9
20
2:1
44
14
28
4
45
6
13
26
2:3
34
1
85
5
4
6
30302
10004
64
176
69
52
139
440
126
46
41
103
133
56
0
150
67
119
16
142
9
75
41
103
83
49
162
11
77
319
35
94
36
17042
9735
2:1
0
149
1
13
12
103
8
1413906600
686:0
2
0
8
9
-17
0
-2
41
-35
674
-485
-188
-3
15
38
-57
1
10
-11
13
4555
-4568
14
-4
-5
21
42
-68
592
-591
8
11
214
59
-293
50
-48
-2
2:0
51
-51
0
1
-1
26
25
-50
94
-92
7
-9
118
-21
-88
-10
54
-43
239
-235
6
-17
0
-4
3
-3
9
183
-175
-11
7
-12
1
18
44
-53
-7
8
-12
5
0
11
-15
-1
10
92
-61
335
-369
-5
449
-446
-2
9
-11
580
-295
-170
3960
-4072
16
2
101
-99
-16
13
104
-94
-28
4
14
-12
-9
2
248
-249
-1
2
6
-7
-1
9
-9
1
83
-83
36
-36
-1
12
-12
1
39
-11
-13
-15
323
-225
-67
-31
0
227
-219
-9
3
132
-106
-28
1
0
1
4
-2
-4
13
4
-18
3
77
-60
-19
2:3
-1
-2
9
-12
2
-2
22
-22
1
-1
5
15
-8
-13
4
-3
85
169
-199
-53
-1
4
-6
2
0
2:1
-1
94
-93
0
2
5
6
-17
5
323
-325
-3
46
-39
108
-109
33
-39
47
-40
-6
27
-26
9
264
-193
-82
0
28
-7
72
173
-265
17
28
36
-8
-74
0
8
2
2:0
-8
73
75
-149
1
7
277
-239
-37
-8
68
-63
-7
1
12
73
-85
11
13
49
-72
75
-77
6
-3
1
-2
7
-2
192
-197
0
2:2
117666
-117649
10005
-9781
-223
-19
11
6
-11
-2
-8
0
18
-11
13
-17
272
-268
-5
2
10
-14
448
-449
1
4
-4
18
-12
-4
-2
1
0
9
-9
0
55
-52
19
-21
284
-273
60
1918
-1989
-2
1
0
4
3
-4
2
-5
5
88
-40
-35
-18
66
-57
-6
119
-101
-17
-6
70
-59
545
-545
-10
9994
-5859
-4125
-10
2:0
10
-11
18
-17
4
-3
38
-38
4:0
2
10
1481
-1489
-5
114
170
-230
31
-85
75043
-75014
-29
-1
196
-194
0
79
-71
-10
5
-3
0
2
-3
56
-55
3
924
-928
0
30
-29
-1
0
24
-20
-3
64
-41
3227
-3043
-194
-12
3
5
-4
10
-15
0
-2
590
-568
-4
20721
-20718
-20
11
3360
-3367
0
19
-22
60
-50
415
681
-1103
298
-297
-1
9
-13
2
-2
2
14
-16
35
-36
6
-4
0
-1
2:0
-1
7
5
-12
2:1
6
-6
0
1
1432
-1432
2
11
1878
-1827
8
-70
-5
2:0
14
2030
-1944
-90
-6
42
27
811
-881
1124
-1118
33
-37
-4
10
-3
123
-123
2073
-2046
-35
33
-29
224
-169
-58
561
-439
-123
73
-73
1
1007
-1008
732
-729
324
-326
3
254
-207
-50
32
1990
-2022
75
-74
231
-228
2
3683
-3689
4
3
-5
222
-178
-44
-1
-2
2
0
12
-13
35964
-35963
35
-14
-22
113
-113
472
-442
242
-268
48
7954
-7884
-105
-12
48
-47
436
-441
12
-10
2
15
4
96
-103
277
2274
-2560
-7
0
14
-16
2
612
-558
-55
65
-60
2:-3
0
25
0
-25
10
-8
2:0
29
-30
3
26
-30
6
25
193
-199
0
-25
5
80
107
-171
0
2
-15
16
-23
1
0
-1
6
42
-23
-18
-8
2
1
6
-1
-8
0
23
48
-71
26
-20
31
24
-60
-1
2
0
-2
13
-13
1
0
31
-32
537
-338
-198
4
-1
-4
22
-22
6
15429
-15434
1
14
73
214
-290
-12
911
-546
-360
7
-13
2
219
-215
44
-49
-1
15
-8
-4
1426
-1424
210
-149
24
10279
-10359
159
-135
-34
0
496
-496
23
-7
-15
5
24
18
214
-260
2:0
789
-624
-166
9
-2
2:1
-1
7:0
1
-1
1
-1
5
-5
3:0
1
75
-76
0
1
-1
1
7
-8
7
-7
0
7
-3
-4
4:0
13
-13
2
-2
4:0
9
-9
4:0
7
-7
13:0
3
-3
0
2
-2
1
3
-3
0
-1
1
-1
1
-1
2:0
2
-2
2:0
2
-2
1
2
-2
-1
2
-2
19
2:-9
-1
0
2
1
18
-21
0
2
-2
1
-1
0
1
-1
0
2
-2
2:0
1
-1
2:0
1
-1
0
9
-9
3
-3
4:0
4
-4
2:0
12
-12
3:0
11
-9
-2
0
3
-2
-1
6:0
2
-2
7:0
1
-1
7:0
2:1
-2
5:0
17
-9
-8
0
2
-2
5:0
39
-39
0
2:1
2
-4
2
2:-1
0
9
-8
12
-13
2
-2
1
-1
0
8
2:-3
-2
14
-14
0
10
-10
1
18
-19
3:0
6
-6
0
2:3
-6
3:0
6
-6
2:1
0
-2
2:0
8
-7
-1
2:0
5
-5
2
-2
5
-5
5
-5
4:0
2
-2
48
-48
0
1
0
1509
-1508
61
-39
-24
1
2
0
-3
4
-4
0
1
-1
11
-11
5
-5
2:0
9
-9
1
0
-1
1
-1
3
-1
-2
0
3
-3
2
-2
0
8
-8
2:0
37
-28
-7
12
-5
-9
3:0
3
-3
2
-2
1
8
-1
-8
0
7
-4
-3
9
-8
2
-3
0
1
9
-9
-1
276
-160
-115
-1
4:0
10
-10
2:0
3
-3
3:0
4
-4
6
60
-65
-1
3
15
-6
-11
-1
323
-320
-2
-1
5
-5
0
17
-17
6:0
7
-7
0
31
-31
1
-1
2:0
2
3
-5
0
10
-6
98
-102
3
-3
1
4
-4
2:0
1
-2
9
-7
7
477
-481
-5
0
75
-75
1
0
-1
9
-8
72
-7
-66
15
-14
-1
1
-1
0
1
-1
5
-5
2
-2
2
-2
6:0
3
-3
5:0
2
139
-141
1
-1
110
-100
-1
-9
3:0
1
40
-25
-14
-2
8
15
119
-142
19
-18
6
-7
0
2
-1
11
-8
241
-237
-8
3:0
18
-17
16
7
-24
6
-6
0
28
-28
16
-15
4
-5
2:3
-6
0
25
80
-105
2:0
3
-1
-2
22
-22
3:0
4
3
-7
5:0
1
141
-142
0
6
-6
9
-9
11
-11
0
1
6
534
-541
0
2:2
-4
15
-15
6
-6
0
2
1
-1
0
4
75
-81
4:0
1
0
27
-28
10
-7
4
-5
-2
1
0
-1
6
-6
0
1
0
-1
0
17
-17
0
2:5
-10
0
2:1
8
-6
-2
2:-1
3
-2
-1
2
0
-2
2:0
3
-3
3:0
2
2:-1
0
8
-3
-5
2
-1
1
0
-2
5:0
2
-2
0
2
-2
0
6
-6
0
1
-1
5
-5
0
181
-181
0
2
4
48
-52
-1
42
-21
-22
2:0
1
61
-60
2
-4
4:0
90
-89
-1
4
-3
336
-337
42
-41
-1
0
30
-30
0
5
-2
2:1
5
-2
-7
0
-1
0
1
-1
2:0
end
