v1
901
187
91
69
396
412
74
52
139
48
56
74
107
259
119
551
1
38
11
8
56
22
17
48
11
51
511
4
46
77
88
62
477
73
140
17
369
206
159
242
79
173
11
158
297
22
155
73
154
21
10
216
118
126
41
160
18
395
78
227
190
45
9
320
19
27
129
6
7
24
206
19
263
14
133
116
8
20
24
174
11
33
257
79
48
9
139
93
68
25
90
94
10
210
160
197
106
275
148
283
64
308
78
44
433
9
339
69
57
208
168
316
182
41
29
106
12
315
124
61
278
281
28
469
168
107
198
196
275
16
212
337
181
131
44
232
18
109
150
138
14
163
11
27
28
1
45
38
18
7
18
61
8
46
2
3
58
66
23
1
118
21
52
9
12
62
59
6
8
32
18
35
30
38
19
55
127
118
426
20
1
78
95
120
225
160
35
219
110
28
246
40
39
116
77
27
180
54
121
141
85
101
0
41
256
3
146
5
53
229
404
37
299
10
5
31
2
66
17
70
150
79
41
423
93
5
191
36
763
199
102
93
195
0
172
50
115
2
24
48
296
75
50
61
267
2:202
220
9
3
16
258
33
224
2
6
38
6
36
128
19
38
69
7
8
147
40
283
96
14
339
272
36
65
82
69
33
229
0
186
37
175
70
121
8
43
80
6
26
84
189
12
17
38
100
54
47
61
6
29
112
88
212
5
23
193
3
2
20
131
106
119
75
0
119
85
0
47
63
155
34
92
31401
5
1
7
14
9
12
31
39
56
17
82
53
44
154
19
76
8
58
54
8
28
8
22
1080
72
68
111
71
166
18
47
9
3301
2211
328
1553
3073
2067
8672
2144
1878
10527
793
9128
1797
2652
2
8082
8
1
5
2821
882
943
0
15
1533
1407
4670
4
14
6
1427
106829
16643
1735
5981
25
73
9417
32418
21
4
26
46
196
12
20
53
36
5
35717
19694
119
7
157
7
2
27
18
57
1
52
2
44
63
27
10
3:1
8
2:2
11
2
51
704
144
48
7831
13107
3093
18188
575
1668
539
523
665
0
436
532
2
3
4
47
2
44
14
28
34
0
21
8
31
6
25
9
1
43
47
4
2
4
30302
10004
64
176
69
31
726
87
103
96
93
217
31
104
142
11
73
41
103
123
543
70
94
36
15065
1977
9735
2:1
109
53
1
72
43
-488348
101
18
0
131
134
34
45
146
61
31
366
0
275
31
327
0
227
86
19
244
358
0
535
391
1
269
114
30
117
28
0
142
290
157
0
329
0
28
31
143
151
124
180
349
23
577
124
278
41
0
277
39
350
202
0
35
356
298
5
70
16
5
0
385
42
235
369
289
0
227
6
0
40
111
203
0
8
79
94
141
0
162
7
111
29
42
101
313
0
58
92
74
27
156
163
143
127
21
115
7
33
158
0
22
193
99
78
373
170
275
0
24
0
189
79
0
13
237
25
0
214
115
333
214
178
7
77
84
24
224
91
34
0
153
229
0
9
398
154
127
70
46
528
282
0
5
63
0
62
247
41
0
19
53
0
22
16
3
6
24
66
5
2
110
7
6
75
32
0
98
113
5
31
42
13
60
92
99
0
248
2
290
62
1
0
394
753
84
19
103
379
446
0
171
83
3
388
29
0
317
0
278
141
969
165
0
54
0
225
500
630
105
169
60
111
292
56
10
0
66
143
362
125
0
348
105
0
14
446
94
15
37
21
143
153
132
45
140
13
0
968
36
61
21
53
31
10
30
26
296
0
283
124
145
105
536
0
22
0
6
129
58
162
41
84
13
89
150
0
196
0
264
1
0
42
54
43
0
12
19
0
65
18
53
45
48
9
31524
51
40
30
3
4
0
115
88
127
157
16
12
114
70
1024
65
0
111
244
47
7176
335
325
11
2751
3830
5817
0
1
24745
1741
3
2136
9476
2
21
0
7111
983
4168
0
16915
104456
11363
41889
9
50
40
35
0
92
33
1
106
82
55240
51
9
331
9
79
20
125
0
4
78
50
675
70
86
63
18646
6565
9030
3251
5542
165
82
201
1855
1
1619
205
0
2:7
19
18
98
19
0
19
85
89
31830
8237
5
2
1209
0
186
847
270
0
522
116
176
14793
12070
16
29
0
1413598200
499:0
1
400:0
406
-390
409
-396
-16
54
-23
-34
184
-171
-12
-4
78
5521
-5594
464
-457
22
65
2474
-2530
-41
3
446
-447
-3
80
-79
-3
63
-60
9
15
-18
194
-195
106
312
-422
-3
186
-179
0
133
216
-356
8
-8
782
-775
199
-182
-16
43
4
156
-86
-120
24
169
-81
506
-623
8
-6
-3
3
2
8
11
135
-153
795
-799
11
70
-51
-15
12
-29
137
-111
-18
1
-3
5
85
40
-129
11
14
45
-67
11
-15
398
-127
-214
-56
-4
84
-46
110
-144
49
238
-283
48
-58
96
-95
23
-7
2
1
-19
31
105
-125
17
-24
762
-768
20
589
-609
349
-2
-334
-8
644
-594
283
-337
13
130
-127
-10
-6
345
-339
-5
-1
12
-6
73
158
-89
-145
36
-36
2
26
811
-798
-28
-17
10
40
82
-129
2
439
-444
92
-82
-6
-2
50
11
-42
179
-19
-150
22
-34
174
-164
-17
32
-40
-3
132
-94
-9
2
-16
252
-260
-6
78534
-72950
-5090
-495
131
-117
-4
19
271
-178
-119
0
212
-215
84
-83
29
118
8
-155
40
131
-158
-13
478
566
-1046
64
-26
-32
57
175
-236
5
-6
4
7
96
-103
47
9
-57
0
26
-23
-4
128
-118
2
13920
-12954
-909
27
-78
6
-26
24
-8
-7
8504
-8411
-45
-38
-2
-9
70
-75
14
1142
-1112
-46
219
-192
416
22107
-22500
-41
14
252
-246
11
-36
3609
-3604
-11
1183
-1179
0
6
52
61
200
-302
4337
-4330
36
-14
-26
187
-210
7
176
-42
-99
23410
-23371
3717
-3796
0
49
1212
-861
1827
-1311
-909
20
125
-146
25
-29
-3
12
0
-8
-2
1
48
-53
0
4613
-4605
2
3856
-3789
-60
65
39
-121
4
-4
21
-17
0
2
492
-497
150
-126
-24
62
76
-139
1094
-1062
362
-385
7
-8
328
-335
5461
-5423
-34
210
62
-51
562
-686
-102
51
-8
3466
-3506
665
-609
14
-57
11
1821
-1803
-41
-4
1090
-1087
20
-9
0
175
-165
-11
18
1034
29060
-30124
34
278
-234
-79
17
316
-266
7389
-7280
-141
303
-337
81
-77
76
-22
-54
77
2999
-3066
-6
28
21
151
-201
4
5
-6
-9
-1
0
9
-9
56
-26
36
-62
18
-16
3
28
51
120
-167
-42
57
-54
7
-10
22
-20
14
518
-506
49
14
-87
1
379
64
-390
-55
5
-6
422
-420
-1
80
-79
0
11
-4
72
-82
10
12719
-12710
-11
89
274
-370
1008
-1002
310
2426
-2608
-133
22
907
-929
11
-11
4
6080
-6019
-62
370
-375
1857
-1733
-10
-114
23
-23
316
-253
-59
1
79
48
-79
227
-280
4047
-4034
22
-41
1
-1
0
4
-5
4
-4
2:0
4
-2
0
1
-3
2
0
1
-3
0
2
1
0
1
-4
1
0
1
2
-3
1
0
2:1
-2
3:0
-1
4
-3
-1
0
-1
0
5
-5
3
-3
2
0
2
-1
1
-4
2:1
-1
2
-3
5
-4
1
0
2
0
-2
0
-1
0
3
-1
0
-2
5
-4
0
2
-4
6
-5
0
-1
0
2
0
-1
2
-1
0
3
2:-1
1
-1
0
-3
4
-3
2
-3
2
2:0
1
-3
0
5
-2
-3
2
-1
1
0
2
-4
2:0
3
2:-1
1
2
-4
1
-1
4
0
-3
0
1
-1
1
0
-2
3
2:1
-5
4
-2
1
0
1
-1
2
-5
3
0
2
-4
1
0
2
0
-1
2
-4
0
4
-1
0
-4
0
3
-3
2:1
2:0
2
-2
2
-2
1
-3
4
-2
2:0
1
-2
4
-1
-2
0
1
-1
2
-4
1
3
-3
0
-1
4
0
-1
-2
0
1
0
-1
2
1
-3
2:0
1
-2
1
4
-3
2
-2
0
-1
2
-2
0
-1
1
4
-2
0
-1
3:0
-1
1
-2
0
1
0
1
2
2:-2
1
2:0
-1
4
2:1
-5
3
1
-4
3:0
4
0
-5
1
0
1
0
1
0
-1
3
-1
2:-2
2:1
0
-1
4:0
2
-3
1
0
2
-2
0
-1
5
-2
-3
1
5
-2
2
-1
0
-3
2:0
-1
2:2
-5
1
2
-3
2
-2
2
2:0
-2
5
-3
-2
0
1
5
-6
2
2:0
2:1
0
-3
0
4
-3
1
2
-1
-2
0
1
-1
-2
4
-2
0
1
-1
0
-2
0
5
-5
0
6
-4
-1
2
0
2
1
-3
0
-2
-1
6
-5
-1
2
-2
2
-1
0
4
-5
1
2
-2
3
-2
2
-3
4
0
-4
-1
1
0
2
0
2:1
-5
2
-2
5
-2
-1
0
-2
5
-4
0
4
1
-2
-3
2
1
-3
0
2
-1
2:0
1
6
-6
3
6
-10
1
-1
3
105
-107
0
-1
0
15
8
-7
-16
1
-1
3:0
29
-28
6
-7
0
8
-5
0
-2
3
-4
5:0
10
-9
0
-1
0
2:2
2:0
4
-1
-6
0
4
-5
0
1
-1
1
-1
1
0
-1
3:1
-3
5
-5
28
-28
1
6
-3
0
-4
0
11
-6
-3
0
2
-2
1
-3
3:0
5
-4
-1
1
2
17
-20
7
-7
2:0
9
-9
7
2
-5
2:-2
2:0
2
-1
0
2
1
-2
0
-1
6
-6
3
-4
0
22
-22
43
-27
-14
-1
2
-2
3
-4
0
37
-35
-2
1
-1
0
2
0
-2
5
-4
43
-43
0
18
-16
4
9
-15
6
-7
0
3
8
7
-18
1
36
-37
3
1
3
-6
-1
7
-5
10
-9
-2
8
-5
6
-8
-1
7
-6
0
1
5
-5
-2
0
50
-51
0
1758
-1655
-77
-26
1
6
-3
4
5
7
-16
0
-4
1
15
-16
4
-4
10
-9
4
19
-18
-5
0
53
-52
0
9
-11
8
7
-11
-3
-1
2:0
21
-19
12
-9
-4
0
2:1
-1
10
-9
0
546
-490
-48
-11
4:0
5
-5
1
6
-1
-6
3
-2
0
-1
5
56
-51
-8
25
-20
-3
249
-242
-6
-4
44
-42
0
-1
9
-10
-1
80
-80
0
1
14
-2
1
-6
108
-112
16
-9
-11
0
3
-3
21
-18
12
509
-509
119
-134
1
5
13
152
-95
-31
-40
-5
14
-14
11
-8
-1
3
0
-4
4
0
2
-5
-1
338
-337
-1
143
-142
-1
11
1
-13
6
-5
0
-1
4
0
60
-63
41
-40
0
4
22
-27
151
-148
11
-13
4
-3
31
-27
620
-621
-3
-1
4
42
-19
-20
-9
3
-3
54
-54
26
-24
-1
1
8
205
-208
-6
3
16
-17
2:-1
0
3
-1
-3
1
-1
155
-155
7
4
-1
-9
1
-1
13
948
-961
8
15
-23
-1
0
4
0
-3
8
109
-118
2:0
12
6
-15
2
-5
13
-7
-6
3:0
32
-25
-4
-2
4
3
-1
-5
5
9
-14
-2
4:0
8
-7
3
-2
8
0
-6
-2
0
4
13
-17
1
2:-1
9
-10
0
2
3:0
3
8
-13
0
267
-266
-1
12
6
-18
254
-254
2
146
-98
-49
2
217
-216
-3
1
3
261
-266
3
10
-12
206
-202
48
-53
0
3
4
17
-21
1
5
0
-3
-2
-4
38
-36
2:-1
20:0
2
0
-2
9:0
2
-2
10:0
2
-2
6:0
1
-1
3:0
2
-2
10:0
4
-4
5:0
2
-2
12:0
1
0
-1
5:0
1
-1
7:0
3
-3
4:0
4
-4
2:0
1
-1
6:0
2:1
-2
11:0
1
-1
0
2
-2
8:0
3
-3
0
3
-3
2:0
2:1
-2
0
1
-1
6:0
2
-2
1
-1
10:0
2
-2
2:0
1
-1
4:0
1
0
-1
5:0
15
-15
5:0
2
-2
15:0
1
-1
4:0
1
-1
1
-1
3:0
2
-2
1
0
-1
1
-1
6:0
1
-1
5:0
1
-1
0
2
-2
17:0
2
2:-1
0
1
-1
2:0
1
-1
2:0
1
-1
2
-2
9:0
1
-1
5:0
2
0
-2
0
4
1
-5
1
3
-4
0
4
-3
3:0
1
-2
1
-1
21:0
1
-1
5:0
1
-1
3:0
1
-1
2:0
1
0
-1
2
-2
3:0
1
0
-1
1
-1
9:0
3
-3
2:0
1
-1
0
end
