v1
816
297
287
159
393
93
52
178
9
237
343
35
51
28
109
126
237
1
38
13
6
19
37
22
28
118
159
157
58
245
88
324
186
102
32
108
17
575
89
70
32
289
45
128
331
135
22
15
64
324
10
194
22
19
62
19
18
167
178
323
72
70
269
156
374
6
0
40
33
102
7
24
206
19
123
154
14
90
153
20
148
94
12
125
84
36
79
57
139
47
46
85
98
94
176
0
79
4
87
34
109
194
7
268
87
306
38
16
74
23
9
160
90
64
58
212
176
54
126
160
53
69
57
376
0
400
274
104
117
78
28
124
20
41
114
39
125
254
0
27
400
33
334
5
288
106
275
12
4
212
518
46
85
44
88
162
59
345
181
2:28
45
38
25
13
5
1
3
23
17
25
46
2
3
14
6
118
9
1
13
90
15
73
9
12
62
45
14
6
58
65
38
57
17
127
118
85
289
73
78
7
88
120
420
219
110
30
274
10
33
6
116
104
32
202
121
141
0
85
101
41
36
162
58
3
146
5
282
129
275
6
31
299
10
5
18
13
2
66
17
70
150
79
41
309
114
105
184
799
199
102
71
12
10
367
50
6
109
2
368
75
50
328
574
59
19
11
247
33
30
17
8
43
134
80
0
90
38
19
38
69
7
8
147
40
283
57
39
14
339
224
48
36
65
71
113
83
277
92
175
70
121
8
40
0
3
80
6
277
22
29
36
2
100
54
47
53
6
2
35
0
54
38
18
2
88
153
59
5
23
193
5
151
300
119
85
47
218
34
31498
22
9
204
4
29
53
44
85
88
76
66
54
36
8
22
1050
102
68
111
237
18
47
9
2960
341
2211
324
4
1553
5140
10816
1878
10527
3
790
830
8298
1797
1267
1385
2
4
10
8068
9
5
3703
943
15
2466
474
509
4167
12
6
1427
123471
1
7716
25
32
41
9417
32379
32
7
25
26
7
88
83
64
12
20
30
59
2:5
54642
883
7
157
7
2
27
75
1
161
27
10
2
1
10
2
11
2
1
30
8
716
30
97
17
20986
3093
3173
7035
7980
575
1668
454
608
665
436
532
2
3
49
4
86
34
21
8
31
40
91
4
6
30302
1513
8491
64
176
100
726
46
41
292
217
119
158
9
2
73
41
103
98
207
431
94
36
68
14997
1977
9735
2:1
163
72
29
14
-488400
661
61
397
0
68
164
14
90
305
0
81
96
213
10
0
209
0
40
373
0
607
14
210
0
269
211
634
466
26
0
178
0
45
278
26
340
50
0
58
17
7
128
113
79
173
201
0
77
135
125
0
138
233
1
140
43
121
11
0
49
188
0
224
188
8
102
277
209
229
0
43
545
43
9
296
194
0
370
13
259
7
220
52
318
275
147
99
55
220
71
0
44
409
0
75
177
214
88
541
0
41
194
0
101
485
672
110
0
141
268
125
182
35
165
120
0
158
64
65
240
35
552
98
117
170
43
154
98
0
79
0
39
72
15
7
122
231
0
103
55
52
33
32
53
87
1134
0
131
160
121
271
76
0
649
188
22
155
265
3
810
291
218
1003
7
0
109
140
1089
29
5
329
246
157
56
224
357
125
0
519
261
217
25
23
35
219
394
54
510
334
201
84
0
10
247
0
6
0
225
281
246
2:73
107
287
24
101
835
270
42
0
1
38
2
40
0
43
35
37
38
15
228
31449
4
0
27
353
1481
0
89
22
0
98
597
0
2688
2877
0
3943
686
0
4531
20374
6880
0
2608
1741
1304
10312
0
2813
0
1839
3466
1012
27
3119
1
7
0
9
121362
11262
38286
3686
11394
25036
0
19327
197
0
173
5
17
81
0
7
111
41
5
743
36
25
28
84
19263
23817
1969
333
134
1698
27
20
49
47
51
0
72
1
3
43
40159
0
1166
390
200
43
501
222
398
345
14917
4
14
11925
66
1413849000
499:0
1
315:0
14
-9
40
-35
67
-32
-26
82
-77
803
2434
-3256
2
10
-13
31
40
301
-370
333
-322
2867
-2853
20
588
-634
0
1
3
64
-65
15
5
1225
-1217
-4
46
429
-493
-7
-1
30
226
-73
-135
-45
0
-3
13
-6
-9
531
-518
-13
61
-45
14
-21
-2
29
-34
11
134
-140
-4
0
218
-176
-37
1
-2
8
61
-70
580
-580
76
-1
-48
-32
93
-79
-2
9
0
22
454
-497
3
125
-112
-4
8
-18
0
29
-17
572
-587
24
-8
-15
2437
-2431
-1
238
-244
2
78
-74
-6
93
-93
55
-52
-2
198
-197
-1
197
-163
54
-86
0
1
58
-60
5
-2
-4
4
2
40
-45
278
-260
-17
0
-2
-1
9
15
-1
-17
468
-93
-380
5
-5
-1
0
19
-10
-8
85
-66
-14
4
-10
8
23
896
-911
-11
42
-20
734
-756
-3
143
-139
3
6
67
-81
5
-2
88
-84
-7
93
-68
294
-316
71
-73
27
-25
147
32
-143
-32
8
1
67
-84
6
-4
2
-2
44
173
-173
-34
208
-196
-15
105552
-105559
6157
-5547
-511
-43
-33
-3
133
0
5108
-5245
936
-949
46
-49
39
-37
0
97
-94
1619
-1625
12
0
-9
8
-3
390
-146
-252
11
-6
164
-77
480
-562
-5
6
-8
302
30
-268
-68
15
-12
13
2:-6
50
180
16654
-15564
-1282
47
-87
-1
8
-7
100
-90
-10
14
-10
-4
7
1
0
-5
1085
-1071
-13
2748
-2733
515
18201
-18729
1
-3
10
282
-296
-1
19
-10
10563
-10565
3995
-3831
-142
34
-9
534
-547
5837
-5876
0
27
-28
124
-124
-1
151
-145
63
-22
21544
-21551
-40
61
4710
-4769
0
3
-4
9
57
27
-88
264
1348
-888
-699
-2
-8
19
-41
3
35
-36
4505
-1181
-3261
101
-127
-38
1
30
968
-999
130
-122
28
89
1248
-1319
161
-213
31
-27
2061
8438
-10482
-10
25
-39
172
-37
-125
1080
-809
-121
480
-639
1282
-1282
32
-33
126
-121
-5
20
1379
-1370
-17
38
-50
1452
-1446
-6
33
-32
0
5
1
22181
-22181
84
-61
252
-268
306
-229
-54
5710
-5725
-21
16
1228
-1192
-53
0
2
15
37
92
-145
339
2775
-3098
-6
19
-12
689
-705
7
99
-97
-10
89
-84
184
-161
-24
20
68
47
-51
-84
17
-22
22
-21
1
-2
50
-40
-9
8
10
612
-602
79
-89
-11
87
-33
-8
-47
-5
72
42
-115
2
8
14
15147
-15039
224
793
-1114
-35
433
971
-1131
-235
1091
-1119
-7
15
3686
-3699
653
-352
-307
6108
-6050
146
-200
1
32
-32
82
-77
-8
15
56
108
-125
1359
-1174
-224
122
-143
1
4:0
-1
0
2
-1
0
2
0
-2
1
0
-1
0
-1
1
0
2
-2
0
2:1
0
-1
1
-1
0
-1
0
1
-2
2
-1
2:0
1
0
-2
3
2:-1
2
-1
0
-2
3
-2
0
1
-2
3
-1
1
-3
2
0
-2
1
3:0
2
0
-3
1
2:0
1
-2
2
-1
2
-1
0
2
-3
-1
0
3
-3
1
-1
4
-2
2
-2
2:0
-2
2
0
-2
1
4:0
2
-2
3:0
-1
2
0
1
2:0
-1
0
1
-2
2:0
2
0
-3
3
-2
2:1
-2
-1
3
-1
0
-1
0
2
0
-3
2
-2
2
0
-1
1
-2
3
-1
0
1
-1
0
2
-4
2:1
3:0
-2
2:0
3
2:0
-2
-1
3
-1
0
1
-1
-2
4
-2
-1
1
-2
0
1
2
-2
2:0
-1
3
-1
-2
2
0
-2
0
3
-3
1
2:0
-1
1
0
1
0
-2
0
1
0
1
-1
0
-1
1
2
-2
1
0
2
-4
1
2:0
-1
0
2:1
-2
0
2
-1
2:0
-1
1
0
-1
2
4:0
2
-2
0
-1
2:0
-1
2
2:0
1
2:0
-2
0
1
0
2
-4
1
0
2
2:-1
0
2
2:0
-3
3
-3
1
0
2
-2
0
1
-2
2
-1
0
1
-1
0
-1
3:0
2:2
-2
2:0
1
-2
1
-2
1
-1
1
2:0
-1
2
0
1
-1
0
-1
2:0
1
-1
0
2
-3
3:0
2
-2
4
-2
2
-3
6
-2
-3
3
-4
1
106
-105
-2
2:0
1
-1
2:0
14
-10
9
-5
-7
-1
3:0
1
2
-2
-1
6
-6
4
2:0
-3
0
-1
0
1
-1
0
8
-8
2:0
5
-5
5:0
1
3
-4
0
3
-3
0
4
-3
-1
0
4
-4
1
0
1
-2
4
-4
18
-18
0
6
2:-3
10
-10
2:0
4
-4
0
2
-2
2:1
-2
0
1
3:0
-1
2:0
6
-6
14
-14
0
4
-4
2:0
1
-1
1
-1
5
-5
0
7
-6
-1
5
0
-3
-2
2:0
4
-3
1
-2
2:0
2
2:-1
0
2
2:0
2:-1
2:0
13
-12
37
-21
-17
2
-2
2:0
1
0
-1
34
-31
-2
1
-2
3
-1
42
-42
-2
13
-13
1
-1
0
12
-4
-6
3
-2
-3
0
1
13
-13
-1
25
-22
20
-23
6
-4
2
-3
9
2
-9
-3
6
1
2
-9
0
2
0
-2
2:3
-4
-1
48
-49
8
1505
-1511
101
-76
-26
-1
5
-2
2
0
13
-14
-2
2:-1
2
10
-11
0
3
-2
-1
3
-1
3
-6
2:0
1
35
-36
1
5
-6
6
3
8
-17
2
-2
14
-14
14
-13
1
0
2:1
-1
1
8
413
-362
-59
-3
-1
4
2:-2
11
-3
-7
-1
2:0
4
2:0
-4
40
-38
2
23
-21
-5
225
-225
3
-3
0
23
-23
-1
1
-1
12
-12
66
-66
0
16
-3
-8
1
106
-112
0
9
-6
10
-12
1
22
-24
3
9
432
-431
-11
2
121
-125
0
2:1
-2
3
13
-13
104
-36
-32
-38
5
3
-6
-2
1
6
-7
240
-127
-106
6
-11
-3
0
7
49
-56
35
-35
5
28
134
-164
15
-17
5
-4
26
392
-414
-4
-2
0
3
28
-31
27
-11
-12
46
-50
29
-28
1
-1
2
-1
-2
10
187
-196
0
2
-2
19
-18
-2
0
3
-3
1
0
189
-187
1
2
11
-16
1
-2
5
689
-691
-3
0
17
-15
0
-2
0
1
0
1
-1
12
107
-116
-2
-1
11
2
-13
5
-5
11
-12
30
-28
-1
3
-1
-2
7
-1
-5
0
-2
0
2
-1
0
-1
9
-7
-2
2
5
-3
4
-8
4
-1
-2
8
-5
-2
0
1
-1
-2
1
4
-1
251
-247
3
211
-221
0
2
86
-51
-33
179
-180
2
-3
140
-143
14
-14
1
249
-250
48
-47
-1
1
9
4
-14
0
5
4
-1
-3
15
-17
-3
2
-2
20:0
19
-19
1
0
-1
3:0
1
0
-1
14:0
2
0
-2
6:0
1
-1
0
1
0
-1
5:0
3
-3
33:0
1
-1
4:0
1
0
-1
8:0
2
-2
16:0
1
-1
7:0
1
-1
0
1
-1
8:0
1
-1
9:0
1
-1
0
1
-1
2:0
1
-1
3:0
2
-2
4:0
1
-1
18:0
1
-1
2:0
1
-1
5:0
1
-1
5:0
1
-1
16:0
1
2:0
1
0
-2
7:0
2
-2
3:0
2
-2
8:0
6
-6
18:0
2
-2
6:0
1
0
-1
14:0
end
