v1
514
743
486
318
417
35
0
84
314
67
228
56
22
28
118
260
282
165
59
265
288
732
93
66
234
132
190
133
696
10
501
160
10
497
245
92
444
175
31
225
277
52
205
20
207
35
194
431
85
98
104
210
126
120
107
198
618
113
381
442
126
213
69
57
31
884
135
327
185
278
281
356
409
7
394
291
212
164
145
340
294
59
338
244
83
43
4
65
51
14
133
1
118
82
12
62
65
58
65
57
55
127
118
447
78
95
120
82
303
35
329
304
10
34
5
116
338
121
141
85
101
0
239
212
67
30
170
15
132
608
10
38
153
150
79
41
309
226
976
301
83
10
176
191
161
6
368
75
1011
277
33
232
95
113
19
21
86
7
8
147
198
125
110
339
308
106
143
360
55
37
175
199
123
6
40
288
38
100
54
47
59
2
235
153
59
5
20
3
193
5
151
403
101
47
0
252
31493
5
22
9
43
247
11
33
173
76
8
58
54
36
8
22
986
166
179
71
166
15
3
47
3310
2211
328
1553
3764
1376
10816
12405
793
8312
816
3064
1385
2
8090
6
4661
1533
929
4
0
474
1550
3138
1433
106829
16643
7741
73
9417
32418
3
22
111
157
32
89
5
55537
54
103
93
6
12
162
27
12
5
8
11
43168
575
1668
1727
436
532
2
9
47
86
134
95
6
30302
10068
176
100
726
190
406
119
20
222
41
103
305
589
26749
1
164
134
-487938
144
36
184
342
164
48
1218
83
364
549
636
478
702
13
171
505
0
76
147
216
0
474
132
143
7
283
340
0
663
96
466
57
10
0
145
787
546
173
334
248
474
0
711
627
1043
138
337
671
496
24
49
340
620
548
48
61
805
90
95
27
13
61
78
0
2:15
11
30
47
19
325
123
5
2:14
3
97
180
279
445
433
98
999
0
81
90
9
182
361
4
32
223
218
344
281
0
1329
171
49
0
955
569
56
424
61
119
47
685
277
319
119
0
10
40
6
38
210
35
253
104
898
83
202
247
170
345
399
73
22
327
91
58
20
377
35
103
24
203
11
204
105
10
354
35
90
1
31641
284
124
1224
845
41981
7879
8085
2
7119
113436
16643
49611
90
0
7
320
46
6677
4333
0
44335
180
0
45
126
2
45
0
110
91
66
2
770
60
136
25205
3235
5795
11285
1636
0
2
31
20
98
24
60
40447
914
198
0
41
292
352
153
137
0
700
116
94
91
14784
159
11878
119
81
1413976200
299:0
1
213:0
27
13
-35
4
0
2
1754
-1749
-11
4828
-4775
-36
2799
-2815
14
-11
62
-67
4
9
100
-73
16
-45
-7
-4
35
-30
159
-160
1
-3
14
125
-138
40
-39
-2
271
-139
-134
27
-5
114
-81
-48
20
-24
67
-19
-48
2:3
-7
-1
47
-25
-10
48
-20
80
-116
63
83
-145
-1
-3
28
-18
-8
3
62
123
-114
270
-336
10
-7
780
-742
135
-187
0
5
-2
10
0
296
-310
110
-60
-38
201
-212
24
-24
17
265
-274
2
-11
76
-56
-18
34
45
-78
-1
0
106
-107
60659
-60657
10231
-10226
6
-11
25
-3
-18
0
18
-24
-1
3
0
2
3
17
-21
107
-109
108
-47
877
-936
5
82
-57
-30
19
-19
-4
1
23
2570
-898
-1684
2
2:-7
37
853
-885
-5
125
-108
96
19626
-19738
0
71
-70
61
-62
1459
-1459
-1
17
4
1129
-1146
-3
6
79
-84
-2
7379
-7364
-15
1503
-1463
-35
211
1133
-629
-234
-462
-10
-12
27
-15
-7
0
1119
-238
2077
-2951
147
-143
-1
210
49
-224
-47
67
-42
62
594
-303
215
-583
257
-148
-86
581
-616
5
-7
61
4507
-4242
-266
-45
110
3001
-2588
-524
-13
134
-19
-107
235
-241
126
-47
-81
12
-7
0
108
-113
29146
-29147
26
21
184
-216
4058
-4071
23
510
-535
1
14
-2
2153
-2157
-7
111
-10
-53
-48
16
12
-26
104
-42
-56
0
-5
51
-53
-3
12
30
-39
15
77
10155
-10204
93
-125
505
-277
-166
57
-133
548
-549
18
3456
-3469
63
126
-191
15
23
375
-416
0
-4
1
0
1
-2
4
0
-3
-1
4
-3
0
1
0
2
-2
0
-1
0
1
0
1
-1
-2
0
4
-4
0
2
-1
3
-1
-3
0
2
2:1
-2
2
2:-2
0
1
-1
3
-2
2:0
1
-1
2
2:0
-2
0
-1
3
-2
2:1
-3
4
-2
0
-1
1
0
-1
3
0
2:-2
2:2
-3
-1
1
-1
0
1
0
-1
2
0
1
-2
3
-2
-1
3
-4
2:2
-1
-3
0
1
0
-1
0
1
3
-1
-3
2:1
2:-1
1
2
-1
0
-1
0
3
-2
2
-3
1
-2
2
-1
3
-1
1
-2
1
-2
1
2
2:-2
1
0
2
-2
-1
2:1
2:0
-1
1
0
-1
0
2
-3
2
-1
2
1
-4
1
2
-2
-1
2
-2
2
2:0
-1
2:0
-1
4:0
3
0
-2
-1
0
2
-1
1
0
-1
2:1
-3
1
3
-2
0
-1
2
-3
1
2
-2
2
1
-4
2:0
3
0
-1
1
-1
0
-2
0
3
-3
3
1
-1
0
1
1
2:0
1
-1
0
50
-50
0
6
-6
6
-1
-5
0
10
2:-5
0
2
1
-3
4:0
2
-2
6
-4
-2
2:0
2
-2
0
1
-1
10
-6
-4
3:0
6
-6
1
2
-2
-1
3:0
1
-1
4
-4
1
6
-7
3
-3
3
-3
3
0
-3
2:1
-2
0
2
0
5
-6
2:0
-1
0
27
-26
-1
0
3
2
-5
4
-1
-2
0
6
-2
12
-17
2
0
-1
10
-11
1
0
5
-3
-2
3
-4
0
1
-1
26
-26
808
-806
48
-48
2:0
1
4
-5
0
-2
1
-1
2:0
1
-1
3
-3
12
-8
-4
3
10
-8
-5
3
4
-6
5
-6
1
-1
8
127
-74
-56
-2
-3
3
-3
44
-41
-3
8
1
-6
174
-176
1
9
-11
2:0
31
-31
0
4
-1
35
-33
-5
0
7
-7
0
220
-217
-3
42
-32
-8
59
0
-59
13
-14
0
1
-2
1
-1
0
51
-51
72
-65
0
-6
4
-5
25
-12
-13
1
2
8
83
-93
10
-8
0
6
-8
102
-103
2
-2
2
10
-6
14
-20
3
18
-15
-5
-1
7
-7
8
35
-42
4
2:-2
-1
1
2:0
-1
114
-114
3
4
-7
0
237
-236
0
3
-4
1
0
7
64
-64
-8
6
-6
0
5
2
-6
0
-1
6
-4
0
-2
7
-6
0
1
2:-1
3
-2
169
-165
10
-14
19
2:-9
29
-31
38
-38
0
150
-149
15
-10
-5
5
-2
0
-4
22:0
1
-1
6:0
1
-1
7:0
1
-1
5:0
1
-1
12:0
1
-1
7:0
6
-5
-1
2:0
2
-2
16:0
1
-1
8:0
1
-1
6:0
1
-1
3:0
3
-3
2:0
1
-1
1
-1
0
1
-1
1
0
-1
1
-1
9:0
1
0
-1
2
-2
0
1
0
-1
3:0
1
-1
1
-1
17:0
3
-3
2:0
2:1
-2
1
-1
4:0
1
-1
2:0
2
-2
2:0
2
-2
0
1
0
1
-1
0
-1
1
0
-1
0
4
-4
5:0
end
