v1
695
55
132
20
33
519
89
381
2:52
135
496
119
51
137
126
62
175
58
56
7
15
28
118
496
211
510
102
5
135
0
7
10
436
139
89
70
117
19
358
466
177
474
19
266
435
71
67
278
61
108
26
22
376
179
66
190
277
14
243
44
218
257
79
196
93
85
157
81
527
297
88
297
134
494
212
176
54
136
203
69
0
57
915
374
127
55
0
202
384
18
3
16
27
121
235
53
363
31
240
123
106
169
16
43
0
333
272
162
95
242
8
397
214
16
14
51
32
35
8
38
30
1
46
0
5
14
110
24
118
0
73
9
74
59
14
50
65
41
16
38
17
127
118
447
78
95
120
225
160
121
133
110
314
39
116
104
42
138
54
121
47
94
85
101
41
59
28
605
441
299
10
36
2
83
70
229
41
309
114
1088
238
63
93
367
56
109
2
24
42
253
49
75
265
110
592
44
277
33
176
64
72
90
38
19
0
38
69
7
8
65
82
419
14
339
108
162
2
285
415
37
175
199
43
18
68
45
254
29
38
12
88
54
47
61
95
50
2
88
153
59
5
20
3
99
94
5
402
49
200
51
63
189
64
27
1
31406
22
9
290
44
173
76
1
65
54
36
8
22
18
914
54
64
58
44
68
111
71
43
123
18
47
3310
2211
328
1517
36
5140
7580
3236
2661
9744
3
790
6127
3001
4449
2
14
8022
54
3709
2491
933
5162
5
1428
106829
13098
3545
7716
25
73
9417
32421
22
21
259
20
89
5
54647
731
159
157
36
52
23
25
125
12
27
12
1
10
2
11
771
21116
3093
5057
5151
7980
0
2243
1062
1101
532
2
9
5
1
0
10
0
31
86
27
0
67
30
10
26
0
18
28
19
4
6
30302
10004
0
64
176
69
31
622
104
87
103
339
35
32
119
0
20
138
84
41
44
59
666
164
36
15
15050
11712
2:1
163
78
-488135
446
79
598
0
74
0
149
566
1472
171
30
213
198
376
3
143
29
516
151
23
148
383
122
228
106
0
334
126
68
117
0
828
658
203
395
740
619
382
291
267
455
1046
1148
0
241
104
92
807
18
1027
573
428
92
248
398
300
181
68
58
0
38
2:15
7
0
128
0
120
0
14
90
92
67
34
18
5
20
11
28
14
40
68
277
245
171
151
309
0
291
11
24
269
197
64
0
146
137
336
143
224
365
61
88
0
5
86
11
170
144
27
52
66
130
6
31
2:10
325
33
558
342
1
7
196
0
293
0
6
692
7
185
539
186
56
0
271
89
36
0
378
451
11
0
270
0
51
62
58
82
69
0
281
234
229
6
0
1
756
45
242
0
292
0
156
281
120
272
0
175
241
6
581
0
103
15
127
311
50
85
54
4
68
95
0
60
153
14
31481
9
0
7
23
56
17
49
33
9
46
89
0
134
1362
22
147
30
10
603
5236
323
0
11952
2324
1
4735
0
390
17012
4349
872
432
2226
8085
2
2812
0
9463
17
4
124902
7738
0
30
10310
31533
145
30
42
54
74
2:0
11
0
29
51
11037
0
24702
19984
157
0
93
18
80
843
30
12861
12405
16924
83
3119
1290
537
31
5
1
0
57
145
31
85
40603
646
16
5
17
188
445
202
0
111
87
270
210
0
74
193
45
0
209
37
15
13
0
1413303600
399:0
1
294:0
12
400
-397
-6
4655
-4659
48
-41
80
-86
-1
3456
-3457
4
18
-20
2
325
509
-830
159
220
-386
11
41
-52
43
-44
4
1
124
-105
-23
155
-153
27
-23
79
140
279
-221
-256
-17
7
443
-456
47
-32
8
-27
0
13
15
-29
5
592
-418
1470
-1591
-56
107
-95
-2
-4
-2
-4
8
2:-2
346
-156
-183
20
172
-204
2
237
-237
228
-226
-1
56
-49
-1
-8
2
2:-1
20
-10
-12
102
-78
94
-117
9
0
-8
0
379
-377
185
9
-194
-3
2
-3
176
-154
35
62
-119
38
-34
40
-30
35
-47
59
-40
-19
14
-3
2
5
-6
10
66
-76
5
120
236
-287
-78
0
19
131
-151
9
-5
-11
9
8
32
-51
36
31
-60
-7
6
8
334
92086
-85918
-6334
-172
17
-24
28
-15
25
-21
-7
40
-49
5
-3
2
-8
117
-115
3
130
-76
-48
51
286
-339
-8
149
-144
113
-77
-39
0
3
520
-524
7
21
12442
-5106
-7366
10
-9
7
35
-42
2:0
10
-9
1511
-1511
2
26
234
-228
-12
-21
28369
-28363
141
-136
-4
-8
5
965
-954
148
-93
1189
-1253
-9
2
72
-22
267
-310
-7
73
31772
-31719
2421
-2546
-3
25
30
-41
17190
-16656
-547
618
-616
-2
35
-27
-6
-3
7
-3
1568
-1572
0
7
1879
-1842
60
-97
115
-36
-63
-23
96
24
644
-721
884
-913
-13
12
-8
-4
42
-35
32
-40
3
31074
-31068
12
-18
77
246
-318
203
81
-292
1782
-1780
480
-480
345
-342
256
-202
592
-602
-48
94
-93
14
-4
42639
-42633
42
66
-125
65
-65
319
-283
7252
-7195
338
-401
-22
0
395
3294
-3691
2
78
-29
155
-210
2
-4
4
38
-30
6
96
-114
60
-52
-4
49
-33
-10
-4
-3
1
102
-85
-22
24
14
801
-804
-31
-1
1
2:0
268
-257
0
-3
228
-191
-45
0
1
267
90
-92
7
-265
-8
-1
1249
3241
-4492
55
-56
554
-373
-3
-178
2
8342
-8331
2
1
31
10076
-10119
4
1797
-1803
-2
0
2
1
210
-48
-129
341
-377
-3
-1
0
1
-1
3
-3
1
0
2:1
-1
-2
2
-2
1
2
-1
0
2:-1
3
-3
2
-2
1
0
2
-2
-1
1
2:0
-1
0
1
2
-3
1
2
0
-3
0
1
0
1
-2
2
-1
2:0
2
1
-4
3
-3
2
-1
2:0
-1
0
3
-2
1
0
-1
0
1
0
2:-1
2
-1
0
-1
0
3
-3
3
0
-2
1
-2
3
1
0
-2
0
2
2:-1
-2
0
2:1
-2
2
-2
3
0
2:-1
1
0
2:-1
0
3
-2
2
-3
0
3
-3
4
-3
0
-1
3:0
2
0
-1
3:0
1
-2
3
-1
-2
3
-2
3:0
1
0
1
-3
1
0
1
-1
2:0
-1
1
0
-1
1
2
-2
2:1
-2
2
0
-2
3:0
2
-2
3
-2
0
2:-1
3
-2
-1
3
2:-1
1
-2
3
1
-1
0
-2
3:0
3
-3
-1
1
2:0
-1
2
0
2:-1
2:0
1
-1
4
-3
2
0
-2
1
-1
3:0
3
-2
2:0
-2
3
0
-1
1
-3
2:0
1
0
-1
3
0
-2
1
0
-1
1
-1
2:0
1
-2
2
-1
5:0
1
0
-2
2
-1
2:0
-1
1
0
2
1
0
-2
-1
0
3
-1
-2
-1
2
-2
1
0
-1
3
-2
2
0
-1
2
-4
4
-4
1
2
-2
0
1
0
1
-3
1
0
2
1
-1
-2
0
1
0
1
-1
2:0
1
3
-4
1
0
78
-79
1
-1
2:0
10
-5
-3
3
-3
-2
2
1
-3
6
-6
3:0
1
-1
9
-9
2:0
1
-1
3
-3
2:0
10
-10
0
1
0
-1
0
1
3
-4
2:0
17
-13
-4
5
-5
16
-12
-3
-1
2:1
2:-1
2:0
12
-12
5
-3
-2
1
5
-6
7
-7
0
3
0
-3
0
1
0
-1
2:0
1
-1
3
-3
1
0
2
-3
0
22
-22
4
-3
-1
0
1
0
-1
0
3
35
-38
2:0
2
-2
15
-15
13
-12
-1
2:7
0
-11
-3
0
18
-9
0
-8
15
-11
-1
-3
1
10
-12
1
0
3
-4
5
0
-5
1
5
-4
-1
0
-1
42
1485
-1449
-65
-13
0
3
2:1
-5
2
4
1
-7
2:0
6
-6
14
-13
-1
29
-29
14
-13
20
-6
-14
10
-11
16
-11
2:-2
2
6
-7
-2
0
263
-146
-115
1
-1
4
-5
-1
2:0
3
-2
71
-68
-2
-1
11
-3
-7
-2
374
-373
19
-19
-1
1
-1
69
-65
3
4
78
-87
-2
1
-1
0
13
-11
-2
25
448
-466
57
-64
0
1
6
-4
265
-226
-42
25
-25
2
3
-5
2:0
3
1
127
-131
1
-1
98
-88
1
-3
12
-1
-16
-3
9
13
99
-120
18
-18
0
-1
2:0
5
-1
2
2:-3
719
-718
2:0
14
0
-14
33
-24
-10
44
-44
16
-16
6
-6
8
12
92
-112
2:0
1
3
-4
174
-173
2:3
-6
13
-13
-1
6
551
-551
4
-10
1
0
4
145
-150
3
30
-26
-6
-1
6
-6
0
22
-19
3
7
-12
9
-9
1
2
0
-4
3
-2
1
14
-12
-4
2
0
-2
5:0
2:3
-6
0
4
-4
12
-12
0
1
-1
3
2
66
-70
2:0
81
-29
-52
1
-1
114
-106
-8
-1
0
190
-189
0
-1
3
357
-359
-1
59
-59
6
-1
-5
1
8
-1
-7
10
-11
1
-1
3:0
1
0
-1
15:0
1
-1
2
1
-3
1
-1
6:0
1
-1
10:0
1
0
-1
3:0
1
-1
21:0
4
-3
-1
5:0
1
-1
2
0
2:-1
1
-1
8:0
1
-1
7:0
2
0
-2
0
1
-1
15:0
2
-2
1
-1
20:0
1
0
-1
0
2
-2
10:0
1
-1
8:0
1
0
-1
2:0
1
0
-1
5:0
1
-1
21:0
2
2:-1
0
1
-1
1
-1
2:0
1
-1
6:0
1
-1
0
1
-1
6:0
1
0
-1
2
-1
0
-1
3:0
1
-1
2:0
1
-1
2:0
2
-2
5:0
1
-1
3:0
1
-1
13:0
4
-4
0
1
end
