v1
860
187
110
278
654
52
130
57
130
366
66
53
191
83
335
13
10
33
22
688
77
82
6
59
258
7
217
76
0
135
60
532
159
234
132
70
0
58
15
47
122
11
72
88
111
22
12
67
76
152
75
21
10
73
261
19
508
213
95
88
95
217
140
253
27
142
24
191
34
277
14
13
230
44
43
72
103
194
63
79
196
93
67
175
45
245
428
150
117
8
292
30
109
8
10
72
404
388
45
9
126
213
36
33
10
12
411
179
0
32
286
1
169
7
12
45
0
270
39
24
61
339
238
43
356
31
385
288
12
94
275
16
157
55
309
209
46
34
51
44
250
109
295
181
27
0
29
12
33
38
25
15
3
19
42
8
46
2
3
14
134
13
105
15
38
11
18
74
59
6
39
12
7
65
38
3
16
38
95
49
89
29
426
20
1
2
76
7
208
225
160
35
31
188
110
304
10
33
6
116
104
42
138
54
121
141
60
0
25
142
259
146
5
282
129
281
31
299
10
36
2
83
70
229
41
309
219
132
851
199
102
71
22
195
172
50
6
109
2
66
40
75
66
121
75
50
47
278
0
592
44
19
258
33
47
45
132
8
38
6
36
128
19
38
69
2
5
8
147
40
158
125
57
53
125
214
209
63
36
45
20
184
415
37
49
126
17
53
63
58
0
8
2:43
37
6
26
273
29
38
100
54
47
59
2
147
2
86
212
5
20
3
196
153
106
119
136
143
47
26
37
155
34
31490
3
5
22
9
52
30
122
33
53
44
85
88
4
34
38
8
58
54
36
8
22
1080
72
179
71
15
151
18
47
9
0
3301
2211
328
1553
5140
2466
6224
2126
12405
3
6927
2991
925
872
2652
2
8082
10
4
3703
958
2940
509
2
4159
16
2
6
1427
4053
102776
16642
1
7716
25
73
9417
23244
9177
18
4
22
11
39
172
10
26
20
53
36
5
9635
26082
18930
731
85
74
38
119
7
2
15
12
18
24
33
53
29
64
13
3
27
0
10
2
1
8
2:2
11
2
755
14
20
7989
13107
6266
7035
7977
3
575
238
1430
539
523
665
436
330
202
10
45
3
44
42
34
21
39
40
1
90
4
6
30302
9721
283
64
176
38
2:31
726
82
5
292
217
135
142
84
41
103
98
690
42
36
14945
53
67
1977
9735
2:1
109
54
12
60
43
-488229
38
161
145
146
2
11
0
48
191
383
55
56
48
181
31
0
85
53
41
482
3
2:19
196
1
120
85
76
0
159
62
95
950
48
0
152
189
96
198
385
156
105
612
154
73
631
185
29
635
104
71
21
118
276
69
179
96
277
4
205
37
61
107
341
384
3
146
0
78
18
80
0
262
0
8
50
644
873
186
309
146
247
13
173
89
689
139
190
137
120
66
14
0
582
30
11
48
100
218
202
31
9
349
94
0
30
218
0
45
5
178
112
539
96
163
8
0
96
25
455
229
34
0
47
79
40
97
126
61
43
1
16
11
8
0
40
12
0
75
48
25
11
42
40
15
18
0
85
6
16
2
622
4
59
180
214
221
116
75
247
0
26
68
46
3
243
263
1
0
32
14
168
67
183
137
131
166
0
192
30
29
612
242
118
0
67
780
93
64
130
3
49
254
399
276
5
0
158
34
15
559
0
1
250
5
67
177
702
66
571
78
1
0
61
40
0
594
898
79
4
212
75
172
105
700
99
73
23
64
256
0
396
186
5
71
18
38
346
182
5
23
74
0
12
7
41
0
25
0
38
102
0
133
10
14
32
31686
17
0
74
12
13
92
53
52
188
920
176
22
90
92
1206
2084
13816
3337
1094
1416
9434
4114
376
830
7482
3887
1384
8037
7
41
2:1
0
21
2805
1825
1548
0
920
5165
16914
104456
0
1
5279
5973
110
40809
1015
7
0
7
307
83
38
0
10999
25036
19377
476
107
72
737
0
22
27
0
45
0
63
6
7825
10812
5390
0
3791
15457
0
825
1231
1833
25
71
21
79
48
67
56
31816
0
8244
1056
447
96
341
257
45
792
51
223
0
27037
1413692400
499:0
1
359:0
11
-4
14
58
-8
193
-199
-52
0
-7
2803
-2793
-8
332
-334
51
8048
-8070
-18
4
-14
49
-15
-35
23
-20
2:0
58
1066
-1047
-54
-24
104
-103
0
209
-205
-6
13
405
-144
-230
34
-72
-7
1412
-1411
1
4
1961
-1962
-4
226
-219
-3
136
-115
-10
22
251
-282
-5
1135
-1126
-4
15
33
267
-314
12
246
-259
-3
4
80
-82
28
2
-23
171
-179
14
83
-101
17
-16
1
178
-177
6
26
41
-75
0
2246
-2247
2
51
155
-173
-29
766
-764
-9
22
146
-5
-155
6
772
-784
24
-26
14
-1
-11
30
-26
-5
38
-35
-4
2:6
501
-513
9
361
-191
-164
-8
-5
46
82
-111
-19
291
-280
99
-90
-8
-7
-2
0
5
17
-21
234
-234
-3
129
-129
60
-8
-44
-1
24
282
-275
-39
133
-132
50
-29
183
-127
-68
-11
70
36
-76
176
-195
4
-11
-2
121
-120
16
189
-188
-18
33
-33
10
-9
105
-82
-21
-3
7
1
305
-300
75955
-75917
4223
-3729
-544
6
5
26
-18
203
-221
0
107
43
-32
-112
105
9
12372
-12493
23
198
-206
239
17
-264
-4
36
159
-182
-5
0
33
-37
63
-68
50
-52
28
-27
74
-52
-1
-9
-13
38
-37
10232
-9387
-794
-43
-8
0
-2
1
35
-7
-6
74
-96
-1
2
42
22
-14
1123
-1138
-35
172
-175
20
29
25931
-25971
-5
5
-5
295
-217
-30
-52
44
-41
-4
6975
-5245
-1711
26
-43
325
-311
219
-216
-5
0
2920
-2912
-15
70
-11
-30
-33
50
237
-190
17621
-17664
-56
4045
-3995
2793
-2644
115
947
-1060
365
-546
1
24
-42
-2
3
12
-13
6
538
3630
-4176
864
307
-1099
31
-103
18
-14
32
-29
513
-358
0
-163
6
18
19
-10
77
1216
-1181
616
-752
9
330
214
-527
8291
-8303
0
-11
1
43
269
746
-1005
-11
-26
-18
4647
-3706
-950
11
14
-17
-9
9
913
-901
-22
3614
-3614
117
-112
21
-4
27
-41
26371
-26378
46
-13
147
-171
145
-152
372
-284
7453
-7459
-48
-33
255
-229
-29
3
-3
11
27
1284
-1306
0
928
-943
29
-16
-6
6
50
-24
66
-105
5
39
23
-68
11
-8
-3
1
0
2
25
9
0
982
-997
-1
-12
7
6
125
-131
-15
-2
0
5
26
-1
-28
0
5
619
-620
29
9
-30
-2
89
-92
93
-100
1
594
-598
169
-166
37
38
10951
-10910
172
-161
735
-853
-10
33
1618
-1457
-195
16
19
2011
-2046
3
8
4779
-4784
597
1508
-2019
177
-265
20
-19
77
-78
-4
3
21
55
323
-290
18
1222
-1349
68
-12
-63
3
0
-4
0
-1
3
0
-3
2
-2
2
-1
1
-2
3
2:0
-2
-1
2
3
-4
0
4
-3
2:0
1
0
-1
1
0
1
-3
2:0
1
0
-1
0
3
-4
3
2:-1
1
-2
1
0
1
-2
3
0
-2
3
-3
0
-1
1
4
-5
2
2:-1
2
0
1
0
-1
3
-4
-1
3
0
-2
2:1
-1
-2
1
3
-3
-1
0
1
0
4
-4
1
-1
1
2
-1
1
-2
2
-4
2
1
-1
0
-2
4
-2
0
-1
2
3:0
2:-1
0
3
-3
2
0
-3
5
-5
1
2
0
1
-3
0
2
0
-2
3
-3
0
-1
1
0
1
3:0
3
0
-5
4
1
-4
2
0
1
0
1
0
-2
2:0
1
-3
-1
2
-1
2
0
-2
3
1
-3
-1
4
-4
2:0
3
3:0
-4
2
3:0
-2
1
0
2
-1
0
-1
0
3
-1
-3
4
-3
2:0
2:1
2:0
-2
2:1
0
2
-3
0
-1
4
-3
-2
3
-1
0
2
-3
2
0
-3
2:1
3
0
-4
4
-4
-1
4
-2
2
-2
-1
0
4
-5
2
1
2
-1
-3
-1
0
1
2
0
-2
-1
3
0
-2
2:0
1
-1
1
-2
2:1
-2
3
0
2
0
-4
2:0
3
-3
0
-1
4
0
-2
3
-3
-1
3
-3
0
-1
1
4
-5
2:1
0
-2
2
-2
2
2:0
-1
3
-1
2:0
-1
0
2
-2
2:0
2
0
-3
-1
0
2
2:0
2:-1
2
0
2
-4
0
1
0
4
-3
2:0
-1
0
2
-1
2
-2
2
-4
4
-1
-2
2
0
-3
1
0
-1
5:0
2
-1
4:0
4
-3
1
2:-1
2:1
0
-2
2:1
0
5
0
-6
9
-9
3
-3
104
-104
0
24
-24
0
16
-5
8
-19
0
10
-7
-3
1
-1
2:0
4
-4
1
0
-1
4:0
1
0
1
2:0
-2
11
-10
-1
1
-1
2
-1
5
2:-3
3:0
7
-6
-1
4
-2
2:-1
5
-4
2
-1
3
20
-25
0
10
-9
-1
0
12
-12
7
-2
-3
4
-6
1
6
-6
4
-4
-1
10
-10
1
9
-10
0
2
8
-9
0
3
-1
2
-5
7
-7
0
2
-2
4:0
1
0
1
-2
0
1
-1
0
1
2
-2
2
0
-3
14
-13
-1
42
-31
-10
-1
3:0
1
-1
2
0
34
-33
-2
2:1
0
1
-4
0
44
-43
0
17
-17
1
11
4
-15
5
-6
6
-7
28
-28
0
1
28
-27
2:1
-4
0
3
6
-8
1
0
2:-1
4
-4
13
-9
-2
3
-5
2
2:1
-1
-2
-1
0
2
56
-57
1592
-1589
80
-59
-25
1
3
1
-1
1
-5
0
16
-16
13
-10
1
0
22
-25
1
23
-21
-4
44
-44
7
-2
9
3
-12
-5
15
-12
11
-12
2
-4
6
-3
1
-2
7
-8
0
2
-3
478
-434
-34
-9
-1
0
6
-3
0
4
-1
-4
2:-1
4
-4
1
5
61
-63
-2
24
-26
10
-6
232
-232
2:1
-5
36
-37
4
-4
4
-2
-1
7
86
-93
11
-12
15
-15
13
-13
6
0
113
-113
-5
11
-2
-8
1
11
-10
21
432
-448
-9
134
-128
-6
14
113
-66
-56
30
-34
12
-9
-4
0
1
0
-1
2
7
289
-297
1
155
-148
6
-15
1
3
4
-5
76
-78
38
-39
0
5
-3
0
17
150
-163
7
-12
1
24
-19
-7
591
-587
-1
1
0
2
52
-26
-22
-1
-9
0
66
-33
-30
-3
2
5
-6
10
180
-188
-3
23
-22
-1
2
2:0
-2
2
157
-158
8
-9
14
-10
14
-17
0
6
994
-1000
3
-4
18
-18
1
0
-1
0
7
-3
-2
2
97
-101
0
3
0
2
13
-18
17
-15
1
-2
3
4
-7
6
-7
0
1
-1
29
-25
0
-3
1
12
-8
-3
2:5
-9
0
2:-2
0
11
-11
2:1
-1
0
-1
12
-6
-5
2
14
-17
10
-10
0
7
-4
0
-3
2
19
192
-209
18
-3
194
-211
-2
2
125
-91
-36
2:2
212
-216
4
-4
202
-198
15
131
-148
55
-56
-1
7
5
-12
0
5
-1
4
-3
0
-4
23
-23
7
2:-4
7:0
1
-1
0
1
0
-1
6:0
1
-1
24:0
1
-1
5:0
1
-1
14:0
1
-1
1
0
-1
7:0
1
-1
9:0
3
0
-2
-1
1
-1
26:0
2
-2
2:0
1
-1
10:0
1
3
-4
0
1
-1
5:0
4
-4
1
-1
7:0
1
-1
3:0
1
-1
2:0
1
0
1
-2
2:0
1
0
-1
0
1
-1
5:0
1
-1
11:0
1
0
2
-3
1
-1
4:0
1
-1
5:0
3
-3
1
-1
0
2
-2
0
1
-1
4:0
2
-2
3
-3
1
0
-1
11:0
1
-1
10:0
1
-1
6:0
1
0
-1
2:0
1
-1
3:0
1
-1
7:0
2
0
-2
3
-2
-1
3:0
1
2:0
1
2:-1
1
-1
0
1
0
-1
4:0
1
-1
23:0
2
-2
10:0
1
-1
4:0
1
0
-1
end
