v1
929
187
53
503
283
75
128
3
28
21
187
130
366
119
188
364
57
56
7
15
146
542
77
88
59
451
102
732
159
234
260
195
271
101
324
204
22
137
148
177
33
225
71
67
278
62
133
415
6
21
135
89
167
277
14
156
66
21
262
257
79
57
139
93
85
98
59
45
286
410
244
8
431
8
10
476
433
9
126
213
69
57
376
433
241
104
117
18
88
463
309
143
488
113
118
207
69
275
173
219
138
7
28
201
111
294
109
295
181
27
29
12
39
19
13
25
18
19
6
13
23
8
46
5
14
134
103
15
64
18
74
105
18
65
38
19
38
17
245
426
21
85
88
120
94
131
414
110
314
39
116
284
54
121
141
85
101
41
259
151
282
129
275
6
31
299
15
18
13
2
83
70
229
41
309
1202
185
116
71
22
367
56
109
2
66
302
75
50
511
406
44
19
258
33
47
179
86
128
19
107
7
8
147
40
158
125
110
339
272
81
20
82
102
360
55
37
175
70
121
8
43
80
6
26
251
22
29
38
100
54
47
61
55
92
88
153
59
5
20
3
99
94
5
151
106
194
204
47
252
31226
267
5
22
9
89
148
53
44
139
15
19
76
66
54
36
8
22
1080
72
179
237
18
47
9
3301
2211
328
1553
328
4812
4235
2023
4558
12405
9921
925
3524
2
4
10
8068
8
6
2821
1840
1533
933
474
509
4161
18
5
1428
106829
16643
7716
25
26
47
9417
32421
0
18
0
4
22
4
7
134
101
12
1
19
89
5
55463
67
7
38
119
7
2
15
87
1
98
63
27
10
2
1
8
2:2
11
757
21130
3093
10208
8555
485
1183
539
523
1633
2
9
5
0
38
4
86
55
39
40
1
90
4
6
30302
10004
64
176
69
31
726
87
199
93
217
70
65
135
7
9
75
41
103
736
94
36
0
15065
1977
9735
2:1
163
12
60
43
-488420
0
268
252
15
326
245
31
70
140
24
2:52
228
17
0
230
49
181
96
75
0
106
167
13
160
173
501
420
7
148
198
0
99
280
89
362
35
0
23
69
12
106
143
0
120
4
169
143
4
157
12
143
24
0
49
42
32
5
106
18
217
99
126
201
58
0
95
188
142
25
5
217
0
93
0
21
12
52
54
320
17
106
65
2
213
174
209
2:71
10
77
43
69
0
716
22
0
438
8
97
0
245
59
106
87
1
86
81
193
124
0
41
109
74
264
18
64
14
90
0
39
47
101
130
25
113
260
2:177
196
183
105
81
100
42
147
180
174
30
75
224
238
0
111
27
0
2
119
23
171
41
77
108
0
55
42
127
44
0
121
101
23
6
257
81
0
281
19
372
214
78
56
96
25
132
45
477
44
0
61
93
15
0
17
24
49
14
113
7
118
30
0
8
52
10
61
57
0
2:14
61
24
15
10
21
0
25
47
38
39
0
74
115
88
292
63
85
94
103
0
221
120
0
73
0
110
390
122
5
30
43
268
38
1
214
67
0
154
266
28
111
0
58
149
73
0
29
301
0
40
232
39
323
37
67
0
173
607
85
8
12
184
0
1
298
0
404
111
184
80
98
15
225
41
153
111
30
157
2:0
66
129
233
0
99
315
364
311
45
16
0
35
50
12
80
4
10
46
170
80
1
0
14
58
13
119
100
54
31
0
173
63
155
0
408
38
99
163
94
30
2
215
131
22
528
150
169
78
128
64
28
22
2
4
129
166
304
96
0
13
240
103
94
42
49
9
38
2
83
0
35
20
17
53
0
45
33
0
24
101
10
15
31
31449
9
3
0
4
0
79
66
4
13
0
15
14
9
33
66
61
82
10
113
1212
130
22
1
92
90
0
182
330
5565
1878
2751
691
7955
0
1001
1110
1400
0
4928
0
1
8205
1620
0
1211
463
3623
2182
1747
869
432
3069
7205
36
0
1
2
0
21
0
3687
4409
1012
3146
8
1
2:8
121354
1
3543
46004
0
3585
22
0
32
14
90
132
40
166
10999
25036
18596
680
51
50
181
19
102
18
0
22
23
65
97
16
0
34
27
1
50
675
0
105
51
0
63
2
7829
10812
0
6568
12281
4726
3
1133
1982
230
625
436
535
2
1
30
0
19
0
1
0
46
5
71
91
0
7
14
55
33
40060
0
338
387
0
141
321
22
150
266
406
166
315
522
26
0
248
14801
14
120
35
11886
41
0
1413680400
399:0
1
528:0
413
-391
3
21
15
92
-23
-105
78
-62
-1
-16
4593
-4541
396
164
10669
-11292
24
-24
0
2
16
436
-455
23
64
49
-131
273
181
-343
-66
765
-816
10
-1
0
-6
964
-747
-218
196
-178
-14
-4
4
1
319
-324
72
131
299
-494
-5
-4
33
189
-190
-3
-13
-3
106
-118
3
1
23
-17
-5
-2
448
995
-1369
930
1323
-2332
162
8
367
-484
-16
-14
-20
10
100
-113
7
-7
20
685
137
-836
2183
-2102
-87
550
-348
-196
0
6
51
-54
141
122
-172
-80
-5
-13
3
7
-7
10
466
-299
-153
74
-101
27
-19
7
4
-19
43
-30
87
-88
118
-109
345
-248
-33
-52
164
-97
-101
11
88
99
-149
-31
-14
15
29
-1
-17
-29
314
109009
-103413
-5652
-234
-15
-6
235
-159
-57
92
5
-109
97
-51
-58
4
2
84
1691
-1271
-302
8534
-8706
2:14
299
-344
236
-252
87
15
-96
37
4
-25
118
-139
71520
-70411
-1042
-70
3
2
7508
-7437
-62
117
-132
12
1165
-1173
234
-223
22
19048
-18984
-97
10
553
-488
-77
-1
48
-35
1365
-1377
1
178
-51
108
-157
4643
-4704
28
-42
17
-19
20
54
1805
-1753
26017
-26142
2837
-2829
92
-1
-95
315
827
-1061
890
-978
17
94
-98
13
-27
-1
8
3251
-3259
363
3411
-3670
-17
66
-145
7
1163
-1141
105
-43
-83
32
34
1280
-1088
201
-303
166
-51
11991
-12257
-13
139
-134
294
670
-760
-216
78
-65
0
4393
-3789
-518
-91
-7
1367
-1296
-63
49
39
1334
-1428
57
-57
-4
30
-29
66
33858
-33912
9
281
-153
-103
309
-283
-42
5203
-5226
6
-7
8
822
-791
-43
-2
12
-2
1017
-944
-60
3
3319
-3332
-13
31
-2
144
-158
-14
45
-46
-1
7
47
-31
43
-44
2:-11
146
-17
133
-255
127
-133
1
648
-644
52
59
-101
1775
-1725
-51
26
0
-6
22
98
-147
51
6720
-6513
-154
-26
592
-660
19
1204
-443
-791
15
1518
-1535
-3
13
3471
-3474
-8
-3
259
282
5207
-5617
29
-133
1489
-1507
-2
1
-2
96
25
-115
1290
-1303
63
-43
-29
0
7
-6
0
-2
5
-3
-2
6
-4
0
-1
7
-8
2:0
2
-1
0
4
0
-1
-4
-1
5
-4
3
-1
1
-3
-1
0
3
-2
6
3
-7
0
2:-1
7
-8
2:0
3
-3
7
-6
0
9
-5
5
-9
0
1
-1
3
-2
8
-9
3
1
-1
4
-8
2:0
5
-1
0
-2
-1
0
1
0
5
-6
2
-1
2
-1
1
3
-2
-4
0
6
2
-4
4
-1
-4
-3
0
-1
6
0
-5
7
-6
0
1
2:3
-6
-2
-1
1
3
-4
0
2
0
5
-7
3
-2
1
-2
2:0
9
-2
-7
9
-2
-7
10
-7
7
-4
-2
3:-1
1
2
2:0
-3
7
-6
0
7
-3
0
1
-3
-1
2
5
-7
-1
0
-1
1
-2
1
0
-1
9
-6
-1
3:0
2
1
-4
5
3
-5
-4
2
0
5
-4
-3
0
5
-4
2:0
6
2
0
-6
6
-2
-6
2:0
2
-1
4
-4
3
1
4
-6
-1
0
-2
3:0
9
-1
-9
1
0
8
-8
4
-1
-3
7
-7
-1
0
2
-1
3:0
8
-7
0
5
-3
-2
-1
1
-1
4
-4
0
1
4:0
6
-7
-1
0
2
-1
0
9
-6
-1
5
-6
2:0
6
-6
1
7
-7
3:0
-1
0
3
-3
-1
2
-1
1
-2
4
1
2
-1
-6
-1
1
3
-2
-1
0
1
2
-3
7
-1
-5
0
2
0
1
2:-2
0
4
-4
7
-8
0
3
-1
5
-4
3:-1
0
1
7
-8
0
6
2
0
-7
3
-2
-1
4
-1
-2
3
5
0
-6
4
-5
5
0
-6
3
-1
-4
1
-1
0
1
2
1
-2
-1
0
2:3
-6
-1
0
3
-2
8
-8
0
-1
1
0
4
-2
0
2
-3
-2
4
-3
0
-1
0
10
-3
3
-10
0
2
7
-8
0
4
2:-2
4
-1
-3
2
-1
5
0
-1
0
-4
6
-7
-1
4
2:-1
0
2
4
-6
0
-1
2:0
4
-4
0
3
2:2
-7
4
0
-4
-1
4
-2
0
-1
2
0
-1
0
8
-10
2:2
-1
-3
6
-3
-1
6
-7
2:0
7
-6
0
3
2:-2
8
-6
0
2:-1
9
-2
1
-8
4
-1
3
-1
2
1
-5
0
-3
3:0
2
3
-2
-4
0
1
2:0
2
-3
2:1
0
3
-2
1
4
-3
-4
1
5
3
-9
8
-7
-2
0
2
0
-1
0
4
-3
3
-2
0
-3
4
-3
2
-2
0
9
-10
0
4
2:-2
4
-2
1
6
-7
-2
2
0
2
2:0
3
-4
3
-6
0
2
-1
2
-2
0
8
-8
0
13
-6
-5
1
115
-116
0
22
-10
-13
9
-9
34
-35
9
-7
-2
5
-1
-3
0
-1
2:2
4
2:-4
1
-1
5
-5
0
1
-1
2
4
-6
1
-1
2:3
-6
0
6
18
-24
2
-2
2
12
-8
-5
3
-2
0
3
-5
0
6
-6
2:0
17
-8
-9
1
11
-11
8
-7
6
-3
-2
0
-2
1
0
-2
0
2:1
-2
1
-1
19
-19
3
55
-41
-15
-2
2:0
2
-2
4
24
-25
1
-1
2
-1
-3
2
-1
41
-40
19
-21
0
1
-1
10
4
-7
-8
17
-16
32
-33
31
-21
-10
8
7
-12
0
1
3
8
-11
1
2:-1
2
-4
6
-7
63
1625
-1585
-79
-13
-6
-1
2
9
-8
-7
22
-21
4
15
-18
0
3
18
-23
0
1
47
-44
7
1
13
-1
-7
-17
13
-7
-4
3
-1
-3
15
-15
519
-456
-58
-5
2
8
-7
4
-4
2:-2
4
57
-55
17
-18
-3
252
-249
6
-7
32
-31
-5
0
8
-6
100
-102
3
11
4
2:-4
140
-145
8
-11
-2
3
0
12
-10
17
552
-572
142
-143
2
19
-17
136
-79
-57
45
-50
2:5
1
-6
-3
3
-3
312
-314
0
151
-139
1
-13
7
-3
63
-67
2
35
-34
3
22
172
-192
21
-26
1
17
528
-545
2:-1
3
43
-22
-9
-17
8
-8
2
53
-28
-25
9
4
188
-203
1
3
-3
28
-26
0
-1
2
-1
-2
-1
153
-152
1
5
17
-23
2:0
14
936
-950
2:0
1
16
-17
0
5
-6
1
6
-7
1
6
115
-119
-3
30
-28
16
-14
1
-5
12
-12
1
23
-17
-6
4
1
-3
3
5
6
-12
7
-12
1
0
1
16
-5
-10
19
-22
3
-2
2:0
4
-1
0
2
270
-269
6
5
188
-203
-1
132
-88
-43
1
214
-214
-4
5
194
-199
6
-6
14
-14
292
-289
48
-49
9
5
1
-14
2:4
-1
-6
23
-25
6
-7
-1
3:0
2
-2
1
-1
2:0
2
-2
5:0
1
-1
3:0
1
-1
9:0
2
-2
12:0
1
-1
0
1
-1
1
-1
5:0
4
-4
2:0
6
-5
-1
4:0
2
-2
19:0
2
-2
3:0
1
0
-1
1
-1
3:0
3
-3
7:0
1
0
-1
7:0
1
-1
2
-2
0
1
-1
4
-4
4:0
1
-1
0
1
-1
1
-1
0
1
2
0
-3
3:0
4
-4
1
0
-1
7:0
1
-1
6:0
2
-2
2:0
1
0
-1
2:0
2
-2
2:0
2:2
-3
-1
6:0
1
-1
0
2
2:0
2:-1
2
-2
8:0
1
-1
3:0
1
-1
7:0
4
-4
2:0
2
2:-1
3:0
1
0
-1
4:0
1
0
-1
0
1
-1
3:0
1
0
-1
1
0
-1
1
0
-1
3
-3
0
1
-1
0
3
-3
1
-1
1
-1
2:0
2
-2
1
-1
13:0
2
-2
1
-1
2:0
2
2:-1
7:0
1
-1
0
1
-1
2:0
1
-1
0
2:1
-2
0
1
-1
7:0
2
2:-1
3
-3
4:0
1
-1
4:0
2
-2
5:0
2
-2
4:0
3
-3
9:0
3
1
2:-2
6:0
1
-1
7:0
3
0
-2
-1
2:0
1
0
-1
0
1
-1
5:0
3
-2
0
-1
3:0
2
0
-2
5:0
7
0
-7
5:0
1
-1
1
2:0
1
-2
6:0
2:1
-2
2:0
1
-1
3
-3
1
-1
3:0
8
2
-10
1
-1
2
-2
16:0
2
-1
1
-2
2:0
2
0
-1
0
-1
2
0
-2
3:0
1
-1
1
-1
16:0
1
-1
3:0
2
-2
3:0
1
-1
0
end
