v1
852
244
499
268
143
75
239
496
119
106
210
293
56
7
15
146
622
85
59
265
288
32
108
592
74
174
405
195
32
239
425
10
194
16
6
118
167
160
50
296
67
495
420
33
133
206
19
277
170
87
20
242
257
79
57
139
335
35
380
303
104
171
297
134
436
58
442
59
67
82
131
69
10
47
692
223
135
327
94
30
339
281
28
744
8
386
275
16
157
392
261
51
294
612
29
45
0
38
25
18
19
50
46
153
118
82
74
123
35
30
57
0
300
447
387
131
414
37
73
314
33
6
116
104
180
54
121
141
85
101
41
259
433
116
288
37
299
10
38
66
17
299
41
423
157
931
301
83
10
367
56
109
2
237
131
75
50
961
213
64
303
170
126
7
8
147
40
283
110
647
45
20
184
415
37
175
70
121
8
43
66
20
277
51
38
100
54
47
59
2
55
92
88
212
5
23
198
257
299
99
47
218
34
31493
5
22
91
252
1
172
76
66
54
36
8
22
1080
72
179
71
166
18
47
3310
2211
316
12
1553
5140
10816
12405
11718
2654
14
8068
4660
15
7610
18
5
1428
106829
16643
7741
9490
32387
56
72
182
26
20
53
36
5
55537
157
7
250
16
39
11
2
11
33
20
734
21100
21856
1668
539
523
1101
245
85
202
2
56
86
94
40
91
4
6
40370
176
69
31
726
87
509
277
84
41
103
866
46
15019
11712
2:1
163
-488233
176
238
4
30
52
201
158
75
100
126
7
108
24
100
395
0
3
127
89
37
226
70
729
94
41
6
75
46
77
146
384
30
87
18
74
118
277
3
19
70
54
311
32
92
110
36
115
85
39
154
331
67
76
100
52
80
162
104
0
220
185
0
29
12
118
10
47
75
129
0
72
15
16
69
72
43
61
55
129
17
89
196
3
0
58
164
119
5
70
317
131
24
91
77
43
89
7
46
105
122
289
80
62
131
52
104
209
174
180
4
373
156
111
33
30
173
49
9
605
122
490
93
123
0
22
101
254
56
222
173
61
19
35
10
0
47
82
6
29
18
98
286
22
0
288
80
8
23
29
222
132
44
33
108
315
0
114
61
29
10
313
117
51
26
102
397
29
0
102
11
0
386
67
222
116
7
181
95
12
50
20
0
2
6
9
15
8
2
1
6
16
0
1
59
14
7
126
14
88
3
64
23
41
51
31
5
14
0
6
8
3
18
24
108
0
3
54
17
127
76
91
36
176
113
7
45
20
79
215
359
26
131
153
108
358
297
280
265
116
42
108
58
149
5
68
0
29
170
144
145
177
0
266
38
32
0
154
177
402
172
27
8
12
175
9
41
0
500
162
295
148
25
2
103
229
0
105
141
322
30
123
41
72
0
15
0
191
3
122
193
77
78
110
9
55
45
254
30
27
35
80
14
15
23
2
2:6
21
17
36
53
94
23
86
16
0
232
56
0
211
25
39
15
338
108
63
99
2
183
4
12
84
317
171
5
153
123
182
12
99
0
99
73
23
298
22
153
0
243
84
107
89
3
26
127
96
79
125
44
0
113
0
76
0
9
55
17
72
74
107
31468
0
40
46
0
49
66
0
4
29
24
43
67
48
6
127
0
24
15
120
6
1
1101
170
85
205
102
30
2960
2877
1534
344
2065
686
6302
3345
2
13176
2466
1620
1211
0
3663
423
2185
1741
3
1301
835
1385
6
843
7242
0
2:1
0
3708
965
1526
920
3
484
511
1039
3119
8
1
2:8
16898
104456
1
3543
7709
8
51
41885
55
0
59
40
4
31
2
38
61
21
83
9657
45735
148
185
27
13
5
57
33
20
46
0
60
7
23
11
2
8
17
769
6
0
56
114
18646
5387
1178
3235
0
5795
3251
4729
1060
1641
1021
248
969
2:2
6
25
18
1
2
42
5
1
0
11
62
11
10
2:4
20
17
69
9
56
3
0
30300
1513
8377
114
392
86
0
39
423
22
413
70
107
0
48
0
197
153
45
101
148
328
0
88
134
203
51
1
12
26926
67
1413253800
299:0
1
551:0
34
-7
17
-19
99
67
-119
4501
-4408
3261
-2927
1082
239
-1793
11
-14
11
-15
63
-61
1258
-1245
52
-65
21
221
-241
5
293
-210
-93
44
-13
909
-919
42
-31
4
-30
1
11
135
-29
839
-53
-764
547
-672
68
-89
92
-80
-1
795
-806
13
8961
-8923
-30
68
18
158
-216
2
120
-115
-55
112
-85
8
-2
-14
-4
37
2
-36
32
23
-69
19
-6
82
-67
-29
429
-194
-127
-109
114
83
-185
73
-67
25
-21
0
107
-127
143
-125
-12
-4
10
46
367
-398
50
187
-65
-179
0
112
-125
458
-450
-11
24
176
97361
-97543
5025
-4790
-154
-105
0
5
14
-1
146
37
-177
-9
2
-9
8
22
-35
270
-272
69
1
167
-233
29
133
-115
-50
2
105
484
-588
45
2
20825
-19885
-966
614
-627
18
-12
879
-591
-304
445
22444
-22844
-28
93
-114
443
-390
1391
-1426
93
-18
536
-626
7561
-7565
8
45
-52
1564
-1556
1940
17963
-19809
229
3230
-3539
204
238
12705
-11948
-107
-1032
-26
-51
24
-6
-25
2513
-2476
9022
-8962
-40
103
-158
106
-108
19
131
2173
-2263
274
-334
3
2330
-1694
4385
-5009
-11
93
102
-189
970
-869
-73
1080
-540
-568
1157
-926
-226
19
16
26
21222
-21267
-1
45
59
252
11944
-12330
1348
-1297
2
15
0
-51
-6
3270
-3275
148
-154
120
-108
-6
47
94
-68
-1
-31
529
-564
529
-465
0
-31
-35
-4
10
33
-36
-8
107
-96
830
-793
326
409
2002
-1118
-1551
-5
1712
-1814
408
-67
4126
-4370
66
-173
260
-149
-56
58
-84
9176
-9224
1
-2
14
-15
5
-3
5
-5
3
5
-9
1
12
-13
3
0
-3
1
0
-1
1
3
2:-2
1
3
0
9
-11
1
3
6
-10
-3
0
16
-17
2
-1
5
-4
0
2
-3
1
6
-8
7
-3
6
-6
-1
3
-6
6
-5
7
-7
0
8
-9
0
4
-3
1
6
-8
3
-2
0
12
-4
-8
3
-3
12
4
-16
3
-3
-1
2
3
0
-2
2
-5
1
5
-4
11
-9
-3
6
1
2:-4
2
0
11
-13
6
1
-5
7
2
-8
2
8
-7
1
0
-6
15
-13
6
-4
2
-5
9
-5
-6
2:0
2:6
-8
6
2
-11
0
2
-2
-1
0
1
11
-10
4
-5
1
0
-1
2:0
1
-1
4
-4
3
11
-9
9
-11
-4
0
4
0
4
-5
3
-6
6
-5
2:3
-6
2:0
-1
0
13
-11
-2
2
4
-6
2
0
1
2
0
-3
4:0
-1
3
5
-9
0
1
15
-5
-10
6
-5
1
5
-6
7
-9
5
8
-10
4
1
2:-4
2
-2
7
-2
0
2
-4
8
4
-15
2:2
9
-2
-9
-2
17
-6
0
-9
2
2:-2
2
-1
1
6
3
-5
-3
-1
6
2
2:-5
0
5
-1
-4
0
1
0
1
2
1
0
7
-12
15
-9
3
-8
2
4
-5
-1
0
15
-7
2
-10
3
3:-1
0
4
1
-4
13
-2
-10
2:0
-2
0
2
-1
-2
2
14
-13
-3
0
7
-6
10
4
-7
-8
6
-4
-1
8
0
-3
-4
2:0
8
-5
2
-5
6
-8
0
2
-2
0
1
7
-6
0
1
6
-6
4
6
-3
2
-12
9
3
-10
-2
7
-4
-3
1
3:0
15
-14
2:0
-2
0
14
-7
-1
1
-3
2:-1
0
-1
15
-16
5:0
2:1
12
-9
-4
-1
1
0
9
-10
0
16
-16
0
1
5
-5
0
3
8
-4
-8
0
5
-3
6
-8
3
0
2
-2
-3
9
-5
-1
-2
-1
2
-1
5
-2
-4
9
-3
-4
-1
2
0
-2
1
3
12
-14
-3
10
5
-9
-5
4
0
9
-13
0
12
-6
10
-6
-8
6
-7
9
-6
-3
6
-5
2:-1
3
-4
6
-6
14
-11
13
-15
0
15
-13
-1
0
-1
2
5
-3
-4
-1
6
-6
9
8
-16
3
9
-12
9
-5
0
-5
0
17
-8
3
-9
-2
6
-2
0
-5
2
1
7
-8
-1
0
3
-3
2
5
-6
0
11
-12
11
-9
13
-16
7
-6
2:3
-3
-1
0
-2
0
2
10
-7
0
-4
0
4
2
-1
-7
0
11
-9
-1
6
-6
2:0
8
-8
1
2
4
-7
0
7
0
-1
1
-4
-2
2
-4
0
8
-7
5
7
-2
-10
3
0
1
3:0
5
4
-3
100
-106
0
12
9
-20
7
-6
-2
5
-5
1
3
-4
4
6
-10
2:0
2
-2
10
-7
3:-1
1
5
2
-8
0
1
2
3:-1
11
-11
11
5
-15
5
-6
19
-16
-1
0
2
-1
1
-2
6
-7
11
-12
6
-6
5
1
-4
1
-3
8
-5
-2
-1
1
2
0
-3
2:0
2
3
-4
5
-6
52
-44
-6
1
-1
-2
1
45
-41
2
-6
0
35
-36
32
-29
10
-1
-5
15
16
-31
5
-9
5
-7
0
8
-5
-3
5
2:-3
53
1529
-1580
103
-76
-28
1
2
2:0
13
-15
-2
8
2
-9
-1
6
8
-7
59
-61
-4
11
2
-12
-2
18
-6
-10
-1
1
3
-2
5
-7
337
-279
-53
6
-12
7
-7
51
-31
-16
-2
224
-218
-3
26
-31
2
6
73
-77
2:3
4
-12
99
-99
-2
6
-2
25
-27
53
381
-409
-23
133
-136
5
12
393
-361
-2
-44
5
-9
7
-2
-3
191
-191
125
-117
-10
28
-28
28
-27
3
30
111
-142
11
-13
3
7
-2
99
-103
-3
-1
29
-30
34
-19
-9
51
-28
-27
152
-153
3:0
1
155
-157
5
1
10
-16
978
-978
14
-14
5
1
2
-7
6
130
-129
11
-17
-2
15
-9
-1
0
6
-11
2:0
9
-8
18
-13
-1
1
-6
0
5
-3
2
-2
9
2:-1
1
231
-50
-117
-72
2
220
-217
21
-11
151
-168
70
-54
-15
2
0
7
-6
21
-25
2
-2
7:0
2
-2
0
3
-3
13:0
11
-11
6:0
1
-1
14:0
2
2:-1
3
-3
3:0
3
-3
14:0
8
-6
-2
15:0
1
-1
4:0
1
-1
0
3
-3
0
3
-3
0
1
0
-1
2:0
1
-1
2:0
1
-1
1
0
-1
4:0
1
-1
1
-1
0
1
-1
17:0
3
-3
2
2:-1
10:0
1
-1
4:0
2
-2
5:0
1
-1
4:0
2
-2
1
-1
5:0
3
-2
-1
1
-1
3:0
1
-1
0
1
0
2
0
-2
0
-1
2:0
3
0
-2
-1
6
-2
-4
3:0
1
-1
0
3
-1
1
-3
1
-1
2:0
1
-1
3:0
2
-1
1
2:-1
2:0
1
-1
8:0
5
-5
28
-28
2
-2
2
-2
4:0
2
2:-1
5:0
2:1
-2
1
-1
5:0
1
-1
8:0
3
-2
0
-1
4:0
1
-1
1
0
-1
3
-3
2
-2
7:0
1
-1
0
2
-2
0
1
2
-2
-1
0
3
-3
9:0
4
-4
4:0
6
-4
-1
0
-1
4:0
2
-2
7:0
5
-5
4:0
3
-2
0
1
-2
6:0
2
-2
4:0
1
-1
0
1
0
-1
3:0
1
-1
12:0
1
-1
0
5
-5
2:1
12
-13
-1
2
0
1
-1
0
-2
0
1
-1
0
2:1
-2
1
-1
0
1
-1
0
1
0
-1
0
2:2
-3
-1
2:0
1
-1
1
-1
0
1
-1
4:0
6
-5
-1
7
1
-8
5
-5
2:0
1
2
-2
7
-8
0
1
2:0
-1
2
-2
5:0
1
0
-1
2:0
3
-3
1
-1
2
0
-2
0
2
-2
6:0
4
2:-2
2:0
1
-1
3:0
1
-1
6:0
2
-2
6:0
3
-2
1
-2
5:0
4
-4
2:0
2
-2
end
