v1
806
240
12
478
13
16
14
456
52
140
47
205
32
1
377
51
177
46
40
232
0
6
51
6
56
7
15
17
11
118
39
376
81
46
458
47
102
40
28
0
102
45
95
440
152
159
136
76
22
260
15
47
46
76
11
161
110
101
228
96
10
194
22
18
1
99
167
160
413
78
0
200
61
156
28
26
320
25
21
33
102
23
8
88
69
49
19
277
14
95
24
124
20
24
52
166
1
256
79
196
93
85
98
59
45
99
67
204
13
180
110
104
171
297
134
16
0
2
99
377
388
54
126
35
0
178
69
10
47
376
497
14
28
135
104
262
257
22
362
37
27
121
235
77
339
259
29
106
275
16
129
8
75
164
145
28
152
454
59
272
73
159
7
15
27
13
16
51
19
13
25
0
18
0
4
19
15
30
1
46
2
17
55
0
29
33
16
1
110
8
21
52
9
1
11
18
44
45
14
59
5
35
30
3
35
3
54
17
87
40
27
91
85
118
58
120
0
45
20
1
173
120
94
131
195
219
110
30
33
241
10
33
2:3
116
146
138
54
121
141
5
76
4
101
41
59
139
58
0
3
146
0
5
267
15
129
27
248
37
19
270
2:10
36
2
66
264
52
41
309
114
34
246
0
9
0
41
758
199
102
53
0
18
12
10
312
55
56
109
2
24
42
208
94
75
50
325
0
3
122
444
23
44
19
258
33
176
13
12
25
14
0
19
11
42
128
19
38
0
69
2
5
8
147
40
48
235
32
78
447
162
2
36
45
20
98
86
415
37
34
0
141
70
121
0
8
2:43
31
5
7
45
232
22
29
36
2
100
54
47
59
2
127
18
2
88
153
36
23
5
20
3
193
3
2
9
142
106
313
85
27
2
18
63
98
15
76
1
39
27
31423
1
7
22
9
43
9
152
33
53
11
33
85
88
4
72
8
58
90
8
13
0
9
1108
2:22
45
23
92
19
71
166
15
44
6
9
3301
2211
324
4
1553
2370
1394
1376
2464
5116
3236
4203
0
8202
3
790
2041
4086
2182
819
3064
1385
2
8082
7
2:1
2826
882
943
15
2466
1997
3147
18
5
1428
106601
228
13098
3545
7716
25
26
47
9417
28772
3513
94
42
4
14
4
26
101
26
14
101
0
12
20
14
39
36
5
16
71
10928
43632
680
51
159
38
119
7
29
18
103
116
27
11
2:1
4
0
6
2
11
2
1
63
691
196
3445
15195
571
1723
3093
1178
9030
3251
5304
686
982
454
85
335
188
665
766
202
2
1
2
49
3
1
49
37
44
1
10
4
0
4
31
38
2
1
43
47
4
6
30302
1513
8393
0
98
64
176
69
31
177
549
46
41
103
4
92
185
125
135
111
31
9
2:2
71
41
103
98
732
4
32
16
12
14815
222
11712
0
2:1
109
54
12
-487325
379
742
0
98
451
626
0
341
174
530
10
858
0
261
0
53
27
165
219
133
623
146
0
218
71
125
398
0
194
122
37
424
18
170
706
436
821
163
9
462
850
463
67
612
321
33
69
785
35
280
14
80
30
20
550
215
174
70
596
495
50
0
555
213
0
44
0
354
177
370
2
67
0
74
93
21
140
326
8
100
0
330
567
0
600
178
214
173
276
206
6
112
380
21
184
326
307
379
345
64
900
152
1095
0
233
0
406
226
56
49
175
0
89
0
84
24
175
360
32
66
177
0
326
8
54
140
170
439
31
1183
40
207
1274
99
0
533
208
144
204
157
221
58
144
15
31449
476
1361
50
177
156
3139
0
4755
10062
0
2337
5125
12138
3485
3997
2613
0
2668
20369
121363
11281
41905
43
22
59
0
40
240
0
6704
2953
46083
40
100
81
12
112
710
92
27
0
19294
17036
0
7036
3914
205
3
11
20
15
54
41281
22
295
86
371
761
518
27054
1413324600
599:0
1
205:0
39
-36
17
3
5449
-5462
17
-10
-13
240
-241
-1
9
4382
-4378
15
-21
-2
-3
0
11
-8
368
2375
-2729
39
-44
29
1129
-1069
6
-91
20
-20
-17
-1
0
2
0
51
-49
-1
1
113
-109
94
-101
3
338
-340
2
9
-12
9
59
177
-245
0
16
-14
17
4
-24
3
17
13
191
-192
-26
0
-5
64
-37
-21
10
-13
56
6
-64
19
-7
29
-32
-9
13
127
-19
-123
4
-3
7
5
-10
1
227
-228
28
31
-55
146
-144
30
-36
6
50
-31
35
-58
30
-31
10
664
-664
2:-4
0
-1
2
52
-12
136
-175
-2
0
190
-185
-11
149
443
-590
-1
9
2
2:-5
5
-7
80
-61
-12
38
-42
75
652
-714
-13
318
-1
-315
6
2
-12
10
-4
0
-7
155
-148
7
-1
-8
-2
29
-29
-3
111
-102
-4
515
-518
0
173
-1
-173
49
-26
-22
160
-144
-16
-1
5
1
-6
6
-4
98
-100
67
-61
1
396
-397
8
-14
103
-103
43
-36
50
-55
296
-296
1
2
15
17
-36
25
-24
74
-67
-8
7
-3
0
-5
0
20
36
168
-176
22
-64
-4
308
-307
-4
1
90491
-90492
1
8543
-8361
-164
-9
33
0
-24
-18
6
126
1117
-776
-470
2
8
-1
9
-16
0
22
-27
28
-22
351
-356
8
6
-15
26
423
-211
-97
298
-361
45
628
-737
186
-194
-4
-1
1
-1
8
34
-40
87
-87
-2
27
-7
-18
11
-6
24
-2
702
-704
-29
14
17586
-13120
-4462
-16
0
-2
2:0
3
275
-275
40
-23
-16
16
-1
3
-16
0
87
-58
-20
1436
-1445
32
-3
372
-395
-5
45
28757
-22532
-6276
191
-191
217
-195
-22
21
-20
12
33
-38
1495
-1492
117
-127
0
6776
-6550
-178
-38
3349
-3331
-1
-24
-4
10
-10
18
78
920
-1009
16
165
38699
-38778
58
2173
-2336
8
38
179
-223
6
4302
-3565
-744
1971
-1972
-4
29
-30
5
0
3
18
-18
-7
0
15
-11
-5
2540
-2537
0
1
2:2
2478
-2439
196
-241
-1
0
9
139
-65
328
-400
164
-176
17
-16
194
1514
-1649
-54
0
245
-249
138
-132
-5
25
-24
112
-104
53266
-53258
-11
-9
74
442
-300
-201
479
-367
167
-293
41
-41
2
1255
-1253
2
818
-823
70
-70
2:3
110
-84
52
1233
-978
-339
12
-13
308
-307
29
-15
-5
-11
10
26802
-26739
1
-69
69
-73
251
-247
281
-285
21
6995
-7017
18
-10
-8
1
7
587
-573
-17
-4
0
30
6
25
-34
21
-49
23
3076
-3079
-17
-3
198
-190
2
31
-39
104
-105
125
-115
-7
65
-42
-2
15
-12
-22
0
7
117
-104
-18
-5
-2
6
91
-97
1
38
5
-26
-12
1
-8
187
-185
58
37
-96
76
-37
-28
6
263
-180
-95
-5
14
422
487
-921
138
300
-438
1
-2
0
2
46
-48
39918
-39917
2
127
-91
820
-835
-25
4
1
47
2926
-1897
-1062
-9
-10
624
-619
27
176
-209
4
2
9250
-9256
15
160
90
-261
28
6670
-6675
386
-409
-2
-1
60
-51
-5
-4
22
13
2
326
-346
469
1279
-1764
-4
2
-1
16:0
1
0
-2
2:0
1
-1
2
-1
0
-1
2:1
0
-2
1
-1
1
-1
2:1
-2
0
1
-1
2
-1
0
-1
2:1
0
-1
1
-1
1
0
-1
1
-1
9:0
-1
2:1
0
-1
3:0
-1
1
0
1
-1
0
-1
1
0
1
-2
1
-1
2
-2
0
2
-1
1
2:-1
2
-2
1
-1
2:1
-2
0
1
0
-1
2:1
2:-1
0
1
4:0
-1
1
-1
1
0
-1
2:0
2:1
-2
0
2
-2
1
0
-1
2:0
2:1
-1
1
-2
2:1
3:0
2:-1
2:0
1
0
1
-1
0
-1
0
2
2:0
-1
0
-1
1
-1
2:1
-2
1
-1
0
2
-1
5:0
-1
2:0
1
0
-1
1
0
-1
1
0
-1
1
2:0
1
-2
2:0
1
-1
2:0
1
-1
0
1
1
2:0
1
-1
0
2
2:-1
6
-6
2:0
101
-100
-1
0
1
-1
0
2
-2
14
0
-12
9
-11
3
-1
-2
0
1
21
-22
3:0
1
0
2
-3
2
-2
6
-6
3:0
1
-1
3:0
3
-3
3
-3
1
-1
1
-1
1
-1
0
1
3
-3
2
-3
0
1
-1
3
-3
2:0
2:1
-2
1
-1
2
2:-1
1
14
-9
-6
4:0
1
-1
18
-17
5
-6
1
0
4
-4
0
-1
2
2:-1
0
1
2
-3
8
-8
4
-2
0
-2
0
7
-7
9
-8
-1
0
10
-8
-2
6
-5
0
-1
2
0
2:-1
2
-2
0
1
0
-1
2
0
3
-5
0
28
-20
-7
-1
2:0
2
-2
2:0
49
-48
-1
1
-1
0
2:1
-2
4
0
-4
37
-37
0
17
0
-17
0
3
-3
10
5
-13
2:-1
2:0
1
-1
13
-13
20
-20
1
20
-21
2:0
9
-9
3
-3
5
-5
14
-14
1
-1
3
2
-5
13
-13
9
-7
2:-1
4:0
2
1
2
-1
4
-7
-1
41
-41
0
1
1387
-1388
1
81
-59
-22
2
1
3
-4
-2
-1
15
-8
-7
1
-1
2
0
7
-7
0
2:-1
6
-1
-4
-1
5
-4
-1
11
-5
-6
32
-31
-1
9
8
6
-22
-1
5:0
11
-11
21
-21
0
2
0
-1
0
3
0
-3
8
-3
-6
0
377
-304
-72
3:0
-1
2:0
11
-10
2
0
-1
-2
0
1
-1
0
2
-2
1
54
-51
3
-1
20
-26
2
-1
260
-257
-3
4
-5
29
-28
-1
1
-1
2
5
-5
69
-68
10
-13
0
17
-14
0
-1
117
-114
-4
-1
0
2
-2
0
3
22
-25
2
22
481
-491
-11
119
-121
-1
5
17
-20
-2
332
-271
-59
40
-38
-4
6
-6
2
1
-2
4
-5
0
2
2:0
-2
226
-226
4:0
142
-133
2
-8
-3
2
-1
4
-5
19
-19
34
-34
3
-2
8
149
-153
-5
0
22
-22
2:1
-2
5
-5
7
-1
1122
-1128
1
-1
0
5
25
-30
26
-8
-18
0
7
-7
2
57
-59
0
21
-21
3
-3
0
2
2:1
13
161
-175
-1
2:0
1
-3
2
-1
2:0
-1
193
-193
5
-5
7
-7
12
-11
-1
1
5
864
-870
0
1
-1
2:0
15
-14
-1
1
-1
3
0
1
-3
0
-1
1
139
-140
1
0
2
-3
1
16
-17
15
-15
2
8
-10
17
-13
-2
9
0
-11
0
1
7
2
-8
2:-1
0
1
-1
1
-1
14
-9
-4
1
-2
3
-3
14
-14
1
-1
4
-3
0
3
1
-4
0
2
-1
6
-8
4
-4
2:0
3
0
-3
12
-11
115
-115
0
9
0
145
-153
0
-2
0
1
148
-102
-46
0
-1
184
-184
14
-14
0
1
-1
363
-363
0
8
-4
-3
-1
355
-354
66
-66
5
-6
15
-15
3
-2
1
4
0
4
-6
-2
11
-13
2:0
1
0
-1
1
2:0
-1
8:0
1
-1
8:0
1
0
-1
45:0
2
-2
0
1
-1
4:0
2:1
-2
15:0
1
-1
27:0
1
-1
28:0
1
0
-1
5:0
1
-1
8:0
1
-1
10:0
2
-2
1
-1
3:0
1
-1
6:0
end
