v1
726
252
45
242
11
0
3
31
571
74
52
139
39
9
237
31
82
146
119
188
193
171
38
19
56
22
28
533
292
62
292
258
140
7
10
19
556
393
132
128
11
4
47
133
16
255
34
249
46
96
10
136
365
160
153
6
187
67
95
299
5
96
420
135
13
18
197
28
277
109
61
0
87
20
156
86
50
22
0
122
63
136
232
287
210
160
13
290
275
297
134
494
233
209
126
173
40
69
21
36
154
222
28
168
343
135
193
228
369
281
121
26
209
77
64
191
79
5
271
17
12
94
257
18
16
155
2
392
312
44
242
8
109
78
210
7
166
15
27
15
14
51
19
13
25
18
38
6
25
46
16
3
134
101
17
2
62
2:9
1
11
54
8
59
6
56
2
35
30
95
17
73
54
115
3
8
439
78
95
120
225
414
110
4
197
113
39
116
146
138
54
121
141
85
101
100
200
146
5
68
214
129
3
272
37
85
78
136
15
33
153
229
41
106
203
0
199
13
182
808
199
102
93
367
50
112
3
2
23
1
42
0
43
259
75
50
917
44
67
210
33
226
6
80
128
19
23
15
69
2
5
123
32
40
158
125
110
10
329
270
103
5
179
183
177
55
37
175
17
116
58
8
2:43
31
2:6
204
118
6
38
100
54
47
3
58
55
0
2:46
2
86
153
59
5
23
106
87
3
2
9
11
17
114
106
313
81
4
47
143
43
66
92
0
31401
5
22
9
43
165
29
50
3
44
85
69
19
4
72
1
65
54
36
30
932
116
104
68
111
0
71
166
16
2
41
6
279
3031
6
2205
328
1553
3764
1376
2464
6210
2142
12405
793
2041
7087
928
869
432
2220
2
4
8086
1
5
3703
958
1533
933
983
4177
2:2
108259
1
13098
3544
1
7741
26
0
47
9417
32357
64
18
4
22
4
7
9
30
196
13
19
53
36
5
55378
85
53
21
38
119
9
15
9
31
13
22
12
53
109
27
10
2
1
0
8
4
11
2
726
3670
17489
3093
1178
0
3878
1
5151
8555
1668
539
334
189
665
436
330
202
2
3
22
31
44
3
11
28
46
17
2:31
9
1
43
22
16
9
4
5
1
30302
1513
8491
64
176
69
31
622
104
87
292
217
119
158
11
20
53
41
23
80
93
643
94
36
0
15065
1977
9735
2:1
109
54
12
41
19
-488216
23
497
13
381
64
246
60
730
87
0
594
0
553
168
469
727
275
29
162
223
166
132
378
76
24
0
428
0
443
42
489
184
132
237
0
195
46
169
215
751
501
589
2
508
40
0
2:279
173
0
17
183
570
494
0
257
968
52
0
793
144
50
890
33
739
1325
0
304
142
7
52
27
92
12
30
506
739
7
86
0
142
0
389
0
454
70
80
368
27
110
0
280
12
408
169
33
188
30
170
171
0
254
1224
38
48
19
52
75
598
0
450
180
0
12
186
47
231
38
36
112
0
75
93
45
55
0
447
417
0
235
29
354
97
17
64
132
206
79
185
0
275
15
446
935
446
128
194
801
448
204
242
72
53
45
0
15
167
32
31610
0
42
34
4
427
36
5
1060
37
562
12204
0
7237
0
3188
14748
4874
0
4349
2139
1401
8075
2813
0
1
14
5291
4183
1414
131202
38286
3538
0
505
109
10928
44495
238
285
0
30
744
176
37486
0
4726
4950
0
1
26
21
5
183
31
41349
857
895
0
293
0
76
0
14811
0
4
12214
1413640800
499:0
1
225:0
12
-8
15
-14
0
-1
13
-14
6
10
-14
124
-111
-10
13
-18
437
3182
-3618
0
4
-5
199
1605
-1774
312
-303
30
37
-8
98
-191
-4
3
-4
133
-111
106
74
-193
-5
26
-13
-10
819
-826
5
0
19
25
-49
23
-19
-2
-1
23
-4
-17
83
-86
7
0
96
-95
19
169
219
-146
-265
22
-2
-20
16
-1
56
-36
-37
1
72
-74
70
-71
48
-34
-12
6
430
-265
185
-15
-95
-247
261
-249
-9
341
-343
-2
178
-178
125
-107
-6
-5
2
-9
3
18
60
47
-123
-4
11
-12
0
2
125
-112
-1
-11
236
-231
43
-47
1892
-1894
-1
8
-8
0
97
-88
-1
76
-84
25
-16
7
2:-4
1
-10
116
-66
16
-62
4
3
-4
13
-10
86
-88
13
17
-37
10
285
-295
21
139
-84
30
-75
-20
38
-45
501
-477
-24
5
17
-18
83
-42
35
-83
71
26
-77
-13
349
-353
-5
85635
-77763
-7678
-137
-47
5
-5
25
-2
186
-213
52
-50
-8
345
-328
80
-79
35
-35
-15
0
21
-23
92
-84
-4
726
-726
-3
4
-5
-1
16
73
-87
70
-4
-64
2
18
-10
705
-719
2
1
2:-1
12399
-7169
-5219
4
-1
-12
88
-75
-10
7
110
690
-795
-17
8
89
-89
12
-21
52245
-52132
-99
-14
256
-244
-12
7
340
-337
1056
-1025
216
-246
23
89
-107
-15
3
2406
-2392
-15
2
62
-63
2
0
275
-263
78
48957
-49028
-25
1947
-1945
0
-2
14
-9
30
-34
309
1528
441
-2248
-30
-1
41
-38
2
-4
6
26
-33
1
74
-34
406
-447
2427
-2423
-3
14
1443
-1418
-30
-7
2
85
-77
-5
1073
-1070
-10
66
-60
65
-72
54
577
960
-1315
-272
210
-189
36
28
20
-101
5730
-5648
-64
-26
65
-64
29
-28
67
587
-492
-110
10
-64
2
4523
-3347
-1162
3494
-3125
-370
59
-74
14
954
-968
29
-28
1149
-1147
127
-110
-20
21
-20
66311
-66307
3
34
-42
0
59
185
-224
25
-26
5673
-4872
-669
-146
220
-224
17
-14
-3
17
-7
-10
14
-15
51
1669
-1719
62
-44
43
-61
37
-30
-7
-1
11
-8
113
-106
-3
14
23
150
-172
1
5
-28
87
-72
-4
-9
101
-53
-45
-3
1
41
-43
3
11
21
-29
1
-1
8
-3
-4
264
-251
-19
29
-8
18
-19
226
-156
-45
-44
17
-20
10925
-10904
8
-29
8
22
30
-9
350
-400
1
7
323
264
-583
865
-812
363
-412
-7
1964
-1846
-123
-4
16
5723
-5729
-10
199
-195
18
-21
2:0
-2
33
71
-21
12
-71
166
-178
-5
37
-45
2:0
-1
1
-2
2
2:0
-2
3:0
2
-2
0
2
-1
0
1
-1
0
2
-2
1
-2
0
1
0
1
-2
2
-2
4:0
2
2:0
2:-1
2
-2
2
-2
0
1
-1
1
0
-1
2
-2
2:0
2:1
-1
2:0
1
-1
0
2
2:-1
0
1
-2
0
2:1
-1
1
2:-1
2
0
-1
0
-1
0
1
0
1
0
-1
0
-1
1
0
-1
2
2:0
-1
3:0
-1
0
2
-1
0
1
-1
1
-1
2:0
1
-1
0
1
-2
2
0
-2
0
1
0
1
-2
1
2:0
2
-2
0
-1
2
2:-1
2
-2
2
-2
3
-3
0
2
-1
2:0
1
4:0
2:-1
2:0
1
0
-1
2
-2
2:0
1
0
-1
0
1
2:0
1
2:-1
0
1
0
-1
2
-1
0
1
0
-1
0
-1
0
1
0
-1
0
1
-1
1
2:0
-1
0
1
-1
2
-1
0
1
-1
2
-2
0
1
-2
0
1
-1
2
0
2:-1
2
-2
1
0
-1
0
1
0
-1
0
2:1
1
0
2
-2
5:0
2
2:-1
3
-3
2:0
2
84
-86
2
-2
0
7
-1
2
2:-4
5
-5
0
7
-5
-2
2
-2
4
-3
-1
3:0
2
2:-1
9
-8
0
-1
2
4
-6
3
-3
3:0
2
-2
2:0
1
2
-3
0
1
-1
18
-14
-4
2
0
2:-1
1
13
-14
2:0
2
2:-1
0
3
-2
0
-1
4
3
-6
1
2:0
8
-10
0
8
-7
-1
4
-4
0
4
-4
3
1
-4
1
3
-3
0
-1
1
-1
0
1
-1
1
-1
2:0
36
-36
9
-7
-2
2:0
2
-2
0
33
-33
2:0
1
-1
2
3
-5
3
-3
0
11
-11
15
-13
-2
5
3
-8
2
21
-23
15
-14
-1
1
19
-20
1
-1
2
7
-2
-7
3
-3
17
-13
1
-4
2
-2
5
-6
13
-12
1
4
-4
-1
47
-48
0
1478
-1389
-73
-15
3
0
2
-2
6
-4
-5
12
-9
2:-2
5
-2
-3
3
0
-3
0
3
-3
34
-21
-10
9
-11
13
1
-15
1
2
9
-12
11
0
-6
-3
-2
2
10
-12
2
-2
2:0
379
-284
-94
3
1
-5
5
2:-2
1
4
65
-68
-3
1
11
-12
7
-7
348
-344
8
-11
23
-24
0
2:1
-2
49
-49
2
-1
5
1
-6
-1
3
92
-89
-6
1
12
-11
2:-1
17
-17
14
456
-466
-4
73
-73
2:0
1
-1
7
-6
103
-22
-52
-30
3
-3
4
2:-2
0
2
1
-2
-1
3
2
-5
0
191
-189
0
-1
99
-92
2:-3
-2
4
-4
4
41
-44
-1
31
-31
4
-4
7
21
128
-138
-18
0
5
-2
16
1
-18
383
-385
6
-6
3
-3
6
-6
19
1
6
-22
2
-6
1
36
-21
-14
1
7
-8
2:-1
14
115
-128
0
1
15
-17
7
-4
-2
1
0
148
-150
0
4
-3
-1
11
-11
3:0
487
-487
5
-5
8
-8
2:1
-2
0
2
-2
2
-1
5
110
-116
14
-14
30
-30
10
-2
-8
0
1
-1
0
8
-8
19
-16
-3
4
2
0
-4
6
-6
-1
4
-4
9
-8
-2
3:0
2
-1
7
-7
1
0
2
-3
-1
5
-5
1
0
2
-3
2:0
3
-3
1
2
-3
176
-173
-3
2:0
2
3
-5
53
-53
2:1
63
-33
-31
2:1
91
-88
-3
146
-149
1
0
-1
355
-355
0
58
-58
10
-4
-1
0
-5
11
-6
-1
-2
-1
5
-5
-1
5
-5
5:0
1
-1
5:0
17
-17
8:0
2
-2
13:0
1
-1
7:0
1
-1
11:0
1
-1
9:0
1
-1
4:0
1
-1
16:0
2
-2
5:0
3
-3
2:0
1
0
-1
2:0
1
-1
34:0
5
-5
5:0
1
0
-1
19:0
1
2:0
-1
0
1
3:0
-1
11:0
4
-4
6:0
1
-1
2:0
2
-2
3:0
1
0
-1
8:0
1
end
