v1
652
297
278
9
146
13
167
0
136
105
4
33
41
27
25
187
26
30
0
74
223
262
14
300
0
70
225
19
37
7
0
15
28
118
260
0
282
77
88
59
265
11
19
187
71
147
10
39
350
8
178
89
0
70
162
223
53
56
195
271
101
0
65
11
105
143
10
83
53
123
201
41
87
419
67
70
208
61
0
13
123
48
0
112
12
73
108
41
25
156
31
93
0
409
72
37
115
0
33
20
67
89
86
137
57
63
86
31
1
9
38
110
31
16
46
67
18
157
45
183
62
48
77
55
335
161
19
8
148
38
245
90
23
381
149
285
8
0
126
213
65
4
10
47
31
11
203
131
28
33
372
106
128
7
0
57
2
134
28
200
91
278
281
28
328
44
172
200
71
13
175
29
106
4
102
169
16
496
1
578
80
256
25
101
22
72
94
15
27
15
14
45
9
29
43
4
15
25
17
8
46
2
3
14
6
1
70
57
60
50
8
73
9
30
24
12
8
0
40
19
6
8
45
5
60
5
3
38
0
16
38
17
1
81
160
3
0
217
0
229
1
69
9
149
66
225
160
35
329
304
10
33
1
5
116
104
42
138
54
121
141
85
101
41
59
115
82
93
12
44
5
267
15
129
281
31
299
10
36
2
153
150
79
41
309
157
42
20
185
798
199
0
102
42
29
12
10
312
0
55
20
36
109
2
24
12
145
2:93
1
6
2
67
50
47
0
278
125
10
272
66
110
9
0
28
16
19
37
221
33
30
25
121
48
8
6
33
41
128
3:19
69
2
5
8
147
40
73
320
1
610
36
45
0
20
98
86
261
69
30
52
3
37
175
16
54
50
20
0
51
8
2:43
37
33
35
237
29
38
100
54
47
3
2:28
2
89
58
88
122
8
23
39
20
5
20
3
93
100
5
151
106
313
114
2:9
186
32
2:34
31464
10
12
0
9
12
31
161
4
11
17
1
53
44
173
76
8
58
54
8
28
8
22
1052
0
56
44
68
111
71
166
18
47
9
876
2425
2211
2
326
1204
349
5140
6258
1323
3235
12405
1623
8298
925
3524
2
8042
40
8
6
2807
14
882
958
3449
1014
3146
1
7
1
8
2
5
1
1427
3533
0
521
0
102547
227
1
13098
3544
1
7741
73
9417
32418
3
18
4
11
31
238
20
72
17
2:5
6677
4333
44363
152
7
157
7
2
27
18
45
0
65
26
20
45
6
12
27
10
2
1
10
2
11
2
31
724
0
14
176
20940
3093
18188
575
558
1110
1016
711
436
532
2
3
6
0
16
9
22
86
62
0
32
17
14
9
1
69
21
4
6
30302
9704
300
64
176
69
31
574
0
152
82
5
509
277
11
45
28
41
103
83
6
43
173
13
353
195
15065
1977
9735
2:1
109
54
72
43
-488098
1450
209
2352
906
1770
947
2778
754
2986
387
1141
224
3215
3084
548
87
2208
1328
1034
472
354
309
2140
1580
1154
255
25
31559
79
112
125
312
48419
18749
179752
142
56999
37711
7845
189
1642
88
2
47
61
65
3
41432
1463
576
15041
1413872400
599:0
1
51:0
4
7
-4
-6
19
-16
0
4
-2
-1
0
86
-88
10
21
-33
1
0
13
-15
1899
-1887
-3
0
-3
665
-667
590
-587
2
79
19
1934
-2032
0
2:-4
9
13
-14
4528
-4524
-11
4
-6
64
712
-774
31
55
-86
0
15
-16
1
3
186
-122
62
-127
0
-3
3
28
303
-307
-25
106
-101
-4
2
157
-70
-48
-44
29
-29
1
0
12
-12
0
3
7
-8
2
0
-3
7
60
-66
0
225
-209
-19
2
3
149
-142
17
-24
26
-20
7
0
-14
-3
-1
0
5
0
-3
4
6
350
-361
12
4
-16
49
-50
2:0
114
-111
5
162
-148
-18
49
-51
20
53
-54
-21
53
-48
1
50
-54
5
-5
13
-6
-5
-4
286
-283
-1
21
17
-37
2:-1
12
-13
75
-74
-1
13
-3
-9
939
-932
-3
3
36
-41
2
-4
11
149
-160
23
2733
-2753
0
1
-3
17
-19
3
-2
6
-3
-4
7
1
-5
16
-17
23
50
-55
948
-949
8
-21
14
-3
-17
76
-25
-44
0
-6
25
66
-88
56
-60
167
-166
9
-9
5
25
-28
-3
0
174
-171
22
-25
49
-49
0
1
1667
-1663
1
-6
3
-1
89
0
-90
0
-1
24
22
-40
-5
37
-31
26
-12
90
-109
70744
-70719
20
4841
-4706
-182
20
-7
9
-8
179
-182
-4
247
-253
6
46
-52
-2
5
-3
23
2:14
-44
-3
11
-12
25
194
-218
259
-147
3
-118
-2
0
9
-8
38
-36
1
71
-55
-15
8
2
-14
0
41
-42
501
-497
22
-7
6
-9
2:-7
6620
-6622
0
1067
-1029
-35
2:1
-5
2
4
-6
2
2:-1
8
-6
0
1489
-1462
-22
62
-66
-2
-1
123
-123
22
-17
897
-900
4
-3
56
-55
-1
45
25603
-25647
2
133
-137
13
53
-67
0
30
-31
1085
-1083
-2
2
0
9
25
-20
-12
1
-5
1
0
14
1955
-1951
-19
2
2:1
-1
92
79
-154
8166
-8134
-49
3
5
1230
-1228
8
132
-150
15
-18
0
379
195
-567
304
-305
1
26
-29
52
-54
693
-694
11
-12
7
1318
-1322
17048
-17047
3
1
21
-23
-6
2
4
-1
-5
5
24
304
-210
-112
5
-1
33
-48
771
483
-991
-262
0
4
-2
6
1147
-1155
3193
-3152
-26
59
-70
112
-30
-82
476
-481
20
-13
2:-2
384
231
-618
33
-34
19
379
-397
10
-5
341
-346
40
-30
15
-25
0
4
47
-49
-2
6
22236
-22209
-31
19
-13
-1
-3
-1
33
-35
62
-63
103
511
-339
-237
5370
-5400
10
29
802
-849
57
0
6
-63
180
1376
-1540
-16
2
-2
214
-205
196
-112
-89
38
-41
2
1
3
-4
-2
18
14
528
-559
1329
-1323
5
-12
37
0
-29
-9
1
0
4
-5
28
-26
29
44
-68
28
-31
15
-10
27
-2
-22
-11
0
17
-18
30
71
-100
0
21
-22
20
5190
-5196
-14
45
428
-58
-396
-14
18
553
-317
-256
146
-148
-2
792
-766
-18
819
-768
-56
-2
2614
-2559
9
754
-817
-1
1207
-1207
2
2:0
11
67
-12
-23
78
1084
-1016
-191
-1
51:0
1
3:0
2
-2
5:0
2
-2
2:1
-2
4:0
56
-56
3:0
8
-7
10
-9
0
7
-8
1
-2
0
13
-13
1
0
1
0
-2
3:0
3
-3
0
1
2
-3
0
1
-1
4:0
2
-1
0
-1
2:0
2
2:-1
0
1
0
-1
1
2:2
-5
2
-2
12:0
2
-2
0
15
-15
1
2:0
7
-7
-1
1
7
-8
2
1
-3
4:0
1
-1
5:0
2
-2
5:0
1
-1
10
-9
-1
7
-7
0
5
-5
0
2
0
-2
9
-9
3
-3
4:0
1
-1
0
1
3
-4
8:0
1
-1
2
0
-2
0
4
-4
1
-1
1
21
-22
2
5
-7
3:0
20
-20
1
-1
1
-1
0
2
1
-3
3
-2
-1
18
-11
-6
0
1
-2
9
-1
-7
4
-2
-3
2:0
9
-9
0
10
-9
13
-14
3:0
1
-1
1
-1
1
0
1
-2
8
-8
2:0
3
-3
2
-2
2:0
7
0
-7
2:0
4
-4
1
-1
1
-1
0
1
27
-28
1030
-1029
0
54
-34
-21
1
-1
2
2:1
0
2:-2
2:0
2
-2
0
1
-1
4
3
2:-3
0
5
-6
1
22
-17
-6
4
6
-4
-6
0
2
-2
8
-8
0
11
-10
1
-1
2
-3
0
2
-2
5
-5
9
-7
-2
3:0
175
-175
0
42
-37
-4
0
2
-3
7:0
1
-1
0
1
0
-1
3:0
1
-1
2:0
44
-43
-1
0
13
-13
2:1
168
-168
-1
20
-20
1
-2
2:0
4
-4
54
-54
0
1
-1
0
10
-6
-4
1
-1
2:0
2
75
-72
-5
3:0
1
12
-7
0
237
-233
-10
2:0
59
-59
3
9
-12
0
1
-1
61
-12
-47
20
-22
1
4
-3
0
-2
2:0
1
-1
3
79
-82
82
-82
4
-2
4
-4
-2
1
-1
3:0
4
29
-17
-16
1
2
6
-9
69
-67
4
-6
0
2
2:0
10
-11
268
-262
-4
-3
0
5
3
-8
7
-7
2
0
-2
0
31
-18
-13
2
-2
5
67
-72
1
-1
12
-12
2:1
2:-1
2:0
4
-4
0
2
113
-115
1
2
-3
5:0
8
-7
0
15
-15
3
448
-451
0
1
22
-24
0
2
1
-3
7
76
-81
-2
1
-1
0
5
1
-5
2
3:-1
0
1
-1
0
1
-1
17
-17
2
1
0
-2
6
-2
-3
-2
2:0
2
-2
1
-1
3
-1
-2
7
-7
5
-1
1
-3
-2
3:0
2
1
0
-2
0
4
-5
0
174
-172
-2
2
5
95
-99
-3
0
64
-37
-27
1
-1
0
89
-89
2
98
-94
-6
0
80
-77
15
-17
-1
0
71
-71
0
5
-5
1
4
-1
2:-2
14
-12
-2
13:0
1
-1
37:0
end
