v1
863
317
426
406
80
52
187
615
51
344
214
56
22
28
118
260
236
211
258
354
140
592
276
377
15
47
269
135
283
142
204
22
19
99
167
160
413
70
1011
225
277
257
262
257
79
57
36
693
353
110
104
171
297
134
340
154
212
230
224
115
126
915
135
221
106
744
772
394
275
826
51
44
250
570
42
29
83
43
69
46
19
105
12
17
118
82
12
62
59
14
50
65
112
245
620
120
94
131
414
110
314
33
6
116
146
138
54
121
35
106
85
101
300
151
282
404
37
299
10
36
2
153
229
41
309
199
204
799
301
76
7
10
423
111
24
344
75
50
325
636
277
80
53
89
123
128
126
7
8
147
323
110
611
36
45
204
452
175
70
121
8
43
86
62
266
38
0
100
54
47
53
6
2
145
2
88
153
59
5
20
3
104
94
257
255
143
47
26
226
31498
22
9
204
86
14
30
173
142
54
36
30
1080
140
111
71
61
105
3375
2211
328
1553
5140
7582
3234
12405
3
790
9128
1797
2652
2
8082
0
8
4667
2452
5158
18
5
1428
106829
16642
1
7741
73
9417
32379
64
26
242
12
20
89
5
55537
157
7
29
75
53
109
27
12
11
2
11
2
755
14
6
18816
2294
3093
10208
7980
575
1668
454
608
1101
532
2
56
86
94
40
91
4
6
30302
9721
283
64
176
69
31
726
87
509
24
253
13
71
41
103
866
15065
11712
2:1
163
-488177
10
65
45
66
221
161
38
310
0
139
133
55
0
100
153
148
47
22
25
49
66
132
47
12
50
3
83
277
0
1
3
0
73
44
424
111
118
133
23
121
262
4
154
28
160
99
116
161
0
3
19
70
67
145
153
23
0
32
179
132
19
85
193
26
340
32
65
11
82
70
75
31
7
76
377
185
34
7
84
166
71
162
244
0
71
37
33
15
45
195
0
134
2
17
1
5
21
33
102
9
57
292
153
192
107
67
89
12
41
227
190
38
24
86
93
7
78
51
49
57
35
10
166
14
29
127
120
1
303
161
14
5
129
138
173
15
2
72
23
337
176
307
62
67
136
146
10
920
170
19
72
20
13
1
0
25
43
180
55
91
29
124
30
95
231
23
24
5
119
279
9
291
65
91
34
80
487
43
50
64
22
0
43
71
187
17
52
181
352
65
67
40
10
172
123
175
6
4
22
70
5
6
19
75
2:8
33
49
3
21
126
14
107
71
123
5
7
13
53
40
15
18
35
3
16
38
99
9
36
76
13
114
2
290
4
45
21
78
297
194
109
11
24
31
55
271
119
54
103
269
97
0
58
92
476
4
55
28
3
213
102
43
59
170
131
13
27
118
136
41
304
18
81
17
763
105
225
662
111
115
59
10
85
88
29
3
222
80
55
24
32
69
40
25
43
202
108
85
360
392
12
66
182
37
233
21
30
62
6
78
25
0
25
6
8
19
11
6
89
71
23
38
149
41
81
73
31
71
230
327
270
83
20
6
92
94
237
2:85
95
402
49
17
254
22
80
127
0
58
6
28
54
71
390
89
94
0
3
26
9
214
86
46
72
103
16
7
20
54
31
83
21
0
34
17
41
0
42
8
27
91
31
31368
2
6
185
53
19
10
134
10
107
23
44
28
1
7
18
138
13
27
914
118
58
0
22
122
53
86
115
80
43
4
9
5836
1879
656
1409
1377
3840
4114
1003
3220
1893
772
11
1542
9395
430
4874
423
2182
1744
3530
8044
12
29
2
1
2810
1
14
882
943
1548
923
10
1997
3154
1
2:8
108033
222
13099
1
5279
5973
8
1
50
41774
0
85
23
21
15
81
32
8
21
14
40
0
47
99
9676
1380
25036
19276
190
186
148
17
101
36
2
2:4
2
16
29
1
800
47
4
17
46
6
0
3445
4380
9627
1751
6002
12281
5745
44
1353
156
213
289
651
248
766
205
2
5
1
25
21
0
51
8
36
41
6
2
6
5
32
35
43
22
31850
9100
100
231
0
208
2
106
1
188
150
202
153
45
196
74
307
0
144
71
209
1
51
1
12
27
17000
9899
1413237000
299:0
1
562:0
102
-76
-7
112
-67
497
4639
-5182
3
293
1260
-1553
83
460
-545
18
24
128
-138
-17
147
-162
307
64
-276
315
-349
-37
18
-42
540
-535
5
16
-28
7
22
7
447
-137
-231
15
-97
8
257
-165
-132
9
-6
743
-479
127
-139
-248
102
-91
209
-225
398
-338
-40
0
-21
35
18
747
-559
-95
0
-130
-2
132
-133
82
-48
16
212
-243
-32
20
71
-70
42
-15
417
-463
43
29
-42
23
261
-4
-164
-95
133
-109
-39
-31
322
135740
-136049
9722
-9222
-446
-62
-5
10
-12
45
8
50
274
-368
103
-79
-38
45
-47
104
297
-375
82
555
-650
4
-13
169
-113
361
-418
2
-6
736
-621
23008
-19789
-3303
-28
46
-1
-46
53
-52
0
1851
-1419
-426
76
46440
-46525
261
-256
25
-29
1578
-1434
3459
-3563
-36
27067
-27035
-10
-21
837
-815
-3
673
42785
-43443
-38
172
4354
-4521
224
-56
-163
33203
-31395
-1791
456
-482
40
14
-32
-11
-4
4877
-2836
3951
-5973
148
386
-544
-18
166
-34
63
89
941
-856
-356
-4
118
-100
-26
2430
-2187
43
401
-353
-183
-146
1646
-107
-1544
28
59
179
-219
1228
-1261
12
247
-264
2
89
40450
-40497
17
97
-144
117
311
-439
8462
-8108
842
-1206
2
14
7
11
4112
-4099
358
-400
96
-73
-29
73
-67
41
-49
124
-111
-3
-4
3
2:1
75
-78
334
-318
58
-32
34
-81
0
5
45
611
-327
-325
74
1690
-1606
765
-935
39
29
6511
-5126
-983
-354
941
217
-1038
-5
66
-292
6765
-6715
571
-609
11
96
-28
-38
2879
-2941
-12
2
4
-4
1
-3
-1
5
0
-2
-3
5
0
1
-3
2:-1
3
-3
3
-3
1
-1
2:0
1
3
2:0
3
-3
0
6
-8
1
3
0
-5
-1
1
13
-15
3
7
-9
0
1
-2
0
3
-3
11
-8
-3
9
-9
0
1
9
-8
-1
15
-8
4
-11
7
-7
5
-2
-3
-1
14
-9
8
-11
-2
1
0
1
3
0
3
-3
0
-4
3
6
5
-14
4
0
2
-6
12
-12
1
0
-2
8
6
-12
-2
2:2
-1
5
-8
3
-1
13
-12
-1
-2
12
-4
-5
9
-9
-2
8
-3
2
-8
2
-1
8
-7
1
-1
1
-1
2
10
-14
2:1
0
2
0
-3
9
-8
11
1
-13
15
-13
1
-3
7
-7
5
-5
-1
0
2
14
-12
1
11
-10
-6
2:5
-9
6
5
-7
9
-11
0
-2
3
5
-6
-2
14
-14
12
-10
2
0
-3
2:-1
4
-3
2
-2
2:2
-3
2
-4
5
-3
10
-11
15
-11
-4
3
-3
7
-7
1
4
1
-2
-3
4
-6
0
11
-10
1
7
-8
4
-3
-1
2
5
-2
0
3
-1
-5
9
-10
-1
13
-11
4
-4
-2
13
-12
1
2
-2
-1
2:4
-8
2
-3
-1
1
0
-1
0
2
-2
9
-5
-1
11
-11
-2
10
-8
-2
1
9
3
2:-7
11
-9
8
-4
3
7
-14
0
-1
1
0
1
7
-1
-7
2:3
-8
2
14
-11
-4
15
-15
7
-6
1
2:0
-2
1
8
2:-5
7
-6
14
-6
-3
-6
0
14
-14
13
-6
5
-5
-1
-4
0
1
-1
7
4
-10
6
2
-11
0
2
-1
3
7
5
-4
-9
2:-1
2:0
13
-13
-1
16
-8
-4
-3
1
-2
2:0
12
-9
-1
1
-3
6
-1
2:0
-5
0
5
-4
-1
3
5
-8
2
-1
6
-4
-1
-2
1
9
-7
-1
-2
3
-2
13
-11
-3
10
-9
0
-1
15
-12
10
-12
4
-3
-1
0
8
-5
1
-4
3
-2
1
2
-4
4
0
1
-5
1
0
7
1
-8
8
1
-6
-3
-2
2
1
-2
3
-1
1
-2
2:1
5
-5
8
-10
0
12
-10
-3
2:0
3
2:-1
8
-10
8
3
-1
2
-5
0
-5
8
-7
-1
12
-13
-1
2:0
2
0
13
-12
-1
-2
0
6
-3
0
-2
13
-5
-8
3
-3
0
-1
1
-1
9
-2
-6
1
-1
6
-7
2
0
2
6
-4
-1
11
-4
-10
5
-6
-1
8
-6
11
-8
0
-3
0
6
-7
5
-3
-2
10
-1
-6
3
-1
9
-4
2
-11
0
5
2
-9
2:0
1
2:3
-7
8
-5
-3
0
3
-2
5
10
-8
2
-10
4
3
-7
7
-7
0
16
-14
12
0
-10
-2
9
-6
2:-1
-3
3
7
4
-8
-4
-2
4
-2
1
2:0
4
7
-5
120
-124
-2
17
-6
-2
-7
0
2:-1
6
-6
6
-5
10
-11
2:0
1
-1
4
-3
0
1
0
-1
3
1
-4
2
-2
0
24
2:-8
10
-13
-3
0
-2
0
-1
6
-5
12
-11
4
-6
5
-4
9
-10
10
-9
2
1
-3
1
2
3
20
-21
-6
0
1
60
-61
2:4
25
3
-24
5
-15
-2
0
8
12
7
-26
7
-1
-7
3
10
-7
9
-7
1
-6
3
-3
49
1717
-1768
108
-82
-27
7
-5
4
-5
2
18
-16
11
-16
9
-7
0
14
-14
-2
33
-23
-2
11
13
-27
-5
16
-3
-13
2
1
0
11
-8
456
-376
-84
0
8
-6
-4
2:0
4
55
-35
-18
-4
255
-253
29
-30
-2
3
82
-68
-4
-8
-3
159
-155
-4
-3
30
-29
0
44
535
-570
-10
1
111
-112
3
16
-13
438
-373
-68
40
-38
0
1
-4
1
2
-3
272
-125
-141
0
-3
1
-6
26
8
-23
26
121
-127
-31
5
7
2:-6
115
-113
35
-14
4
-14
-13
87
-64
-20
0
1
-2
16
180
-195
0
1
-4
0
3
192
-195
5
8
-10
24
-27
7
686
-687
9
-13
0
4
-3
3
161
-147
2
-19
-2
8
-5
24
-25
3
-4
15
-11
-5
3
-3
-1
0
25
-21
-1
3
-4
14
-16
6
-5
3
-1
1
2
3
2
0
-4
159
-163
-3
5
202
-118
-86
1
188
-165
-17
-10
15
-15
356
-354
78
-69
-6
4
5
-9
20
-25
2:0
2
-2
1
-1
5:0
1
0
-1
15:0
2
-2
2:0
1
0
-1
4:0
1
-1
7:0
1
-1
3:0
1
-1
2:0
2
-2
3:0
1
-1
2:0
1
-1
2:0
2
-2
1
2
-3
4:0
1
0
-1
4:0
2
2:-1
0
1
-1
16:0
3
-3
2:0
2:1
-2
4
-4
0
2
-2
17:0
1
-1
2:0
2
2:-1
2
-2
2:0
2
-2
5:0
1
-1
3
-3
3:0
1
-1
3:0
1
-1
1
-1
2:1
-2
3:0
2
0
-2
11:0
1
-1
2
-2
4
-4
3:0
1
-1
1
-1
0
2:1
2:-1
1
-1
0
2
-2
4:0
1
-1
0
1
-1
2:1
-2
0
3
-3
0
1
-1
3:0
4
-4
4:0
2
-2
0
2
-2
0
1
-1
8:0
2
-2
3
-3
2:0
1
3
2:-2
1
-1
2
-2
2
-2
0
1
-1
4:0
2
-2
2
-2
2:0
1
0
-1
3
-3
2:0
1
-1
2:0
1
-1
2:0
1
-1
0
2
-2
1
-1
2
-1
2:0
4
-4
0
-1
3:0
8
-6
-2
1
3
-4
5:0
4
-3
-1
4:0
3
-3
0
2
2:-1
6:0
1
-1
3:0
1
0
-1
5:0
1
0
-1
5:0
1
0
-1
3:0
2
-2
9:0
1
-1
1
-1
2:0
3
-3
3
-3
3:0
1
-1
1
0
-1
6:0
1
-1
15:0
1
-1
4
-2
2:-1
2:0
3
-3
0
1
2:0
1
2:-1
2
-2
1
-1
10:0
2
-2
2:0
2:1
-2
1
-1
0
2
-2
5:0
3
-2
0
-1
8
-8
2:0
1
5
-6
0
2
-2
0
3
-3
0
3
-3
1
2:0
-1
4:0
1
-1
2
-2
0
2
-2
0
4
-4
4:0
2
-2
3:0
1
-1
3
-3
6:0
3
-2
-1
6:0
4
-4
3
0
-2
-1
2
-2
2:0
1
-1
10
-10
0
2
-2
0
1
end
