v1
912
207
90
242
33
12
159
262
36
79
109
31
21
15
59
41
63
9
52
78
138
24
38
23
143
84
35
51
88
165
247
1
51
6
19
37
7
15
28
118
489
7
46
106
2:59
234
31
215
38
35
5
135
17
0
290
285
68
0
91
32
104
230
104
24
15
180
136
24
65
46
22
35
44
76
0
14
138
96
10
103
33
74
6
19
62
37
19
0
107
41
87
91
40
288
67
100
83
95
61
134
22
54
320
25
21
135
31
88
109
9
19
277
7
97
2:5
143
20
43
24
9
72
8
53
33
194
63
79
34
23
139
93
85
98
59
45
0
210
432
7
24
50
54
144
2:7
13
431
16
2
95
9
96
64
11
88
113
355
33
54
59
175
0
85
20
36
33
57
31
177
168
28
140
265
106
69
0
59
7
327
94
0
30
244
95
254
27
121
27
162
46
77
64
0
275
84
0
4
167
33
12
94
275
16
43
112
67
33
0
121
374
60
51
44
250
59
17
33
26
144
2
101
197
2
4
27
29
4
41
6
19
13
25
10
8
4
8
15
11
30
1
46
2
3
14
133
1
103
15
82
12
62
59
6
8
32
18
8
27
25
5
3
54
38
17
127
118
8
77
2
339
21
85
88
120
94
0
131
160
35
31
55
0
133
61
49
147
157
10
33
6
116
136
48
100
54
40
81
141
85
142
90
108
61
146
5
97
185
18
98
13
281
17
14
10
261
28
10
5
18
12
1
2
83
70
229
41
309
148
246
9
299
404
96
17
182
102
46
25
12
10
252
115
50
6
109
2
24
42
115
138
49
8
55
12
10
40
6
41
278
3
404
224
5
277
33
30
17
33
3
93
10
46
27
2:53
0
37
3:19
38
69
2
5
8
3
144
100
98
125
1
56
53
1
338
171
99
2
36
41
4
20
182
2
8
30
292
30
55
37
34
141
17
53
121
8
2:43
31
12
23
39
43
99
73
23
28
38
100
54
13
34
31
26
2:2
6
83
38
20
88
153
39
20
5
20
3
93
6
5
92
2
33
118
106
102
17
3
72
159
45
0
47
26
37
21
32
45
57
34
40
31453
5
22
9
43
39
0
122
4
28
1
2
51
2
11
31
85
88
76
8
58
54
15
21
8
22
1043
37
28
44
68
65
22
5
19
71
108
58
18
47
9
3301
2211
328
1553
3073
2067
7580
1
3235
12405
3
790
830
5297
2182
3
816
925
0
872
1267
1385
2
8078
4
8
1
0
1
2825
882
943
15
1533
933
983
4161
2:8
2
5
1
1427
106829
13099
3543
1
1735
983
4998
21
4
26
5
42
9417
32379
33
0
6
3
20
2
22
4
16
50
0
75
14
26
37
24
12
20
89
5
87
55291
159
45
112
7
2
0
15
12
18
42
68
93
16
27
10
3:1
8
0
2:2
11
2
31
724
14
112
18
16902
4084
3093
1178
0
9030
7980
575
485
1105
78
539
523
665
436
330
202
3:1
2
5
9
35
4
55
3
28
55
2:4
31
6
34
1
0
43
47
4
5
1
30302
1513
8208
283
64
117
59
69
31
269
353
104
46
41
103
4
92
93
217
135
142
84
41
103
89
741
36
28
14815
222
11712
2:1
105
58
12
0
60
-488172
185
0
541
440
0
56
71
158
205
262
225
3
273
346
241
592
288
242
49
0
238
92
23
576
46
60
0
26
19
766
294
209
386
41
327
471
144
503
0
598
412
1113
14
3
110
0
77
87
106
197
581
239
442
491
126
746
268
224
174
291
68
97
422
143
309
281
4
1422
417
405
7
360
254
0
30
338
41
10
0
56
45
324
66
69
33
106
92
72
0
71
305
194
240
261
0
575
360
292
195
163
360
171
233
73
501
729
313
732
225
466
294
0
451
481
158
597
243
530
60
272
14
0
1188
10
149
3
554
500
0
116
674
0
153
0
231
133
44
14
38
169
101
143
0
56
0
31376
0
115
499
1293
2:199
0
5973
1867
7293
0
1771
5150
22941
5271
0
16204
1012
3146
16923
115716
0
32760
9406
146
11056
25036
0
19338
0
141
265
11
0
32
13
7
81
0
819
62
94
25
43275
2099
1
133
96
0
542
1062
25
71
94
40
34
15
54
40819
22
1052
398
0
1044
26967
1413072000
699:0
1
211:0
9
-6
3
-4
18
5
-19
4
-3
121
-121
35
-39
20
-20
1
167
-164
2
-1
-4
-2
0
12
-10
2811
-2804
141
-150
5
1
6
414
-424
17599
-17594
19
130
-148
-3
23
39
-65
38
280
-319
17
1819
-1837
212
-212
32
-31
0
22
55
-75
0
2
0
1
-6
1
247
-247
42
91
-133
46
43
-87
1
-2
-1
0
-1
2
54
-32
-19
-3
-2
55
-26
24
-21
-31
0
22
50
-71
4
-1
-4
25
-18
-6
19
-13
-8
11
-5
-4
4
0
210
-126
-30
-51
1
54
585
-649
1
85
-85
63
-63
1
18
-15
18
-22
1
214
-212
34
-3
-35
19
-7
105
-114
6
-8
1
-1
25
-26
12
254
-262
6
-10
6
-2
6561
-4811
-1751
1524
-1525
0
99
-9
-65
-23
5
-7
-2
11474
-11474
1
0
-1
275
-272
4
118
-115
-9
379
-380
1
2
2:-1
0
2
12
505
-513
0
-6
0
125
22
-137
122
-132
3
9
1
-11
0
2920
-2920
0
20
-21
11
-12
1392
-1307
-71
-14
2:1
4
2:0
89
-94
2:26
64
-104
-5
-8
2
0
-2
7
-1
5
-1
13
16
-38
23
-21
1
243
-193
-47
374
-338
-41
2
-3
131
-53
-65
-9
174
-148
-28
92
-90
44
490
-522
44
-37
-24
24
-6
19
-36
0
-1
190
37
-227
11
117
-112
112
-129
1
0
32
-1
-14
30
208
-253
0
48
-41
4
25
-32
0
6
-8
406
-410
6
112617
-112029
30531
-30897
-176
-47
11
24
-39
4
51
32
22
-105
4
65
-72
24
-10
12
-27
1
130
-120
-12
9
26
-27
112
-104
1269
-1284
2
-2
964
-928
39
-5
163
-219
38
-45
17
45
-67
175
-177
5
60
-9
-33
-2
34
-55
149
-150
46
56
561
-416
-209
-34
-5
21752
-21751
2
1375
-1377
321
-242
-76
83
-69
-16
-1
4877
-4826
-34
-14
-3
1
8
-9
8
-8
470
-461
-7
0
-2
0
934
-912
-21
410
-408
15
367
-384
15373
-15375
2
5
-6
14
133
-144
7
0
87
-88
-8
4
10
598
-590
1007
-1030
30
-29
0
10
256
-268
136
-132
144
-133
14303
-14250
-64
4
35
-42
16
22
-38
4
3
223
3815
-3182
22688
-23550
29
-28
9
-10
3265
-3257
6
-8
86
257
-314
-12
8888
-8246
-652
1999
-2014
7
-1
91
80
-170
8
-11
-3
0
-1
15
-13
5
2
10
-14
11
-11
-5
19
24
2874
-2913
1
3135
-3017
-2
-101
-17
2
670
-667
-6
19
-21
15
68
-80
1950
-1943
183
-173
-17
87
121
-211
876
-856
504
-509
-13
-2
428
-353
-71
-4
24
30
-32
-21
43
38
-71
32
17
104
813
-592
-382
89
-91
1
7035
-6505
-523
19
-23
8
-10
-3
123
-122
0
2
0
20
1062
-1079
17
64
-80
0
3
0
32
-33
21
-28
2
-3
16
-16
0
40595
-40501
-94
40
282
-321
19
206
-225
6
33
-29
320
-330
-1
75
8068
-8137
-4
0
6
-7
-1
9356
-9357
4
2
-4
-1
1
2
-2
2:3
886
-865
175
3145
-3349
3
92
-91
301
-284
-20
0
-1
158
-152
-6
0
2
74
-63
-13
2
19
7
-27
0
12
174
-29
-147
12594
-12596
14
-19
5
716
-529
-194
1
0
16
29
882
-928
12
56
69
-105
-23
6
4
127
-144
73
-53
-15
189
-198
0
47
-43
10
360
-371
1
16
69
-87
65
-60
0
8
372
-333
-54
921
-909
0
-10
252
4870
-5119
2678
-2679
97
-99
8
2539
-2547
276
-244
-29
35
-13
-25
10
126
7265
-7292
420
-528
11
19
-31
45
11
143
89
-268
-14
17042
-17046
-1
0
-4
2:0
-1
2:0
1
-1
3:0
2
-1
1
-2
1
0
1
-2
2:0
1
2:0
-1
3:0
2
-2
2
0
-2
0
1
-1
2:0
1
4:0
1
-2
1
4:0
-1
0
1
2:0
-1
1
4:0
-1
1
0
1
2:-1
4:0
2
-2
1
0
1
-1
0
-1
2:0
2
0
-2
2:0
1
-1
2:0
1
2:0
-1
1
0
-1
2
-1
2:0
1
-2
2
2:-1
0
1
0
-1
0
1
4:0
1
-2
0
2
0
-1
8:0
-1
1
3:0
1
-1
0
1
-1
8:0
1
-1
1
0
-2
2:0
1
3:0
-1
2
-1
0
1
2:-1
3:0
2:1
0
-2
1
3:0
-1
1
2:0
1
-1
1
-2
0
1
-1
1
2:0
-1
2:1
-1
2:0
1
-2
0
1
2:0
-1
0
1
-1
0
1
2:0
-1
2:1
0
-1
0
2
-2
2:0
4
-4
10
-10
3:0
11
-11
5:0
5
-5
82
-81
-1
2:0
1
-1
11
-11
9
-7
-2
3
-1
-2
1
30
-31
6
-5
-1
2
-2
0
6
-6
5
-5
0
4
2
-6
0
1
0
-1
4:0
2
-2
2:0
11
-10
-1
1
-1
2:0
3
2:0
-3
2:0
2:1
-2
4
-4
0
4
6
-10
2:0
1
2
-3
0
8
-8
0
1
2:0
-1
3
-2
2
1
-3
-1
5
8
-13
0
3
-3
3
-2
-1
1
-1
0
1
-1
18
-17
1
0
-2
1
2
-1
1
-2
0
-1
0
1
-1
1
3
-4
1
-1
5
-4
14
-5
-9
2
-3
5:0
3
-2
-1
13
-11
-2
2:0
7
-7
4
-1
-3
2:0
1
-1
0
1
-1
2:0
1
0
2
0
-3
0
4
-2
2
1
-5
0
1
0
-1
0
11
-11
5:0
38
-25
-13
2:0
1
-1
0
1
-1
0
3
-2
44
-45
4:0
1
0
-1
0
2:2
-1
-3
3
-2
1
49
-49
-2
56
-55
2:0
4
-5
14
4
-17
9
-8
-1
15
-16
20
16
-34
6
-6
2:-1
1
3
-4
2:0
20
-17
-1
0
11
-10
7
-10
1
-1
0
4
5
-3
3
-4
2:0
-5
3
-3
4:0
58
-58
5
1788
-1788
72
-46
-31
0
6
-1
-5
4
2
9
-15
2
-2
10
-9
3
-3
14
-15
0
5
1
-6
3
-1
-2
25
-23
1
-3
2:0
44
-44
8
-1
13
30
-50
2:1
-2
2
13
-15
1
20
-21
5
-1
2:-2
4
-2
6
-1
9
-8
-7
2
-3
495
-495
0
54
-54
4
-4
0
2
-2
2:0
28
-22
-1
-5
3:0
1
-1
0
2:1
-2
0
1
-1
59
-52
-6
30
-31
6
-4
-2
300
-300
1
3
-4
0
39
-39
3
-2
3
-4
2:0
2
8
-8
90
-91
1
-2
0
2
19
-21
19
-18
9
-8
144
-140
-6
1
4
-5
1
-1
0
4
-4
21
-18
61
523
-587
12
-11
0
-1
123
-122
-1
0
2:7
-5
-9
428
-376
-48
48
-52
2:2
-3
13
-11
-2
2:0
-1
0
1
0
2
0
1
-4
6
-4
-2
0
3
283
-286
1
140
-129
-1
-7
-3
0
8
-9
0
2
-1
2
-3
0
31
-28
36
-36
-2
12
22
-35
189
-185
18
-20
-2
0
12
2:-6
2:0
10
1
-10
27
-22
-3
-2
8
38
-9
-12
-26
9
-9
0
84
-57
-26
0
-1
2
2:-1
6
2
0
-7
0
12
189
-201
2:1
2
-1
-3
0
4
-4
2
-3
2
-2
2
-2
1
181
-182
0
7
-2
-4
5
23
-29
0
1
-1
0
1
-1
11
1041
-1049
-3
0
1
-1
0
11
-11
2:0
1
0
-1
0
1
2:0
6
-4
1
180
-184
2
29
-31
23
-17
3
0
-9
1
11
-12
1
0
31
-30
-2
0
9
3
-12
0
2
9
0
-10
2
-1
0
-2
1
0
15
-15
-1
0
4
2
2:-3
1
16
-6
-7
-2
0
-2
9
-9
1
3
-3
0
-1
0
5
-5
0
14
-14
1
3
19
-23
13
-12
0
1
13
-5
-9
160
-159
1
-3
3
287
-290
92
-91
2
-2
-1
264
-263
23
-23
-1
3
2
-5
3
5
386
-389
79
-83
13
4
-15
-2
2
15
-6
-10
-2
28
-27
0
-1
4:0
1
0
-1
4:0
1
-1
31:0
1
-1
5:0
1
-1
10:0
1
-1
33:0
2
-2
31:0
1
0
-1
4:0
2
-2
0
2
-2
20:0
1
-1
5:0
1
-1
11:0
1
-1
0
2
-2
4:0
1
0
-1
2:0
2:1
-2
2:0
1
-1
4:0
1
0
-1
0
end
