v1
838
187
1042
104
750
609
56
7
15
28
681
144
258
354
45
687
480
173
15
451
425
511
160
413
70
1236
277
257
20
242
393
1342
117
8
297
1070
339
66
60
915
501
477
228
224
541
401
275
537
384
250
724
43
69
199
118
73
9
26
48
59
14
115
38
74
14
231
620
120
94
326
329
314
39
116
459
141
186
41
259
151
282
740
48
83
299
41
309
1202
301
76
434
117
24
344
75
375
913
63
410
126
0
15
147
433
896
627
199
457
138
54
47
61
235
212
5
23
198
920
34
31498
31
204
86
44
173
76
120
36
8
22
1331
237
16
3359
2211
328
1553
3764
1376
8690
2126
12405
793
6127
3001
4451
8090
3709
958
2466
5144
18
1433
106829
16643
7741
9490
32379
42
22
92
302
55537
157
7
29
276
13
11
771
168
20948
21856
1668
1062
1101
532
2
9
47
86
94
40
44
47
4
6
40370
176
826
87
222
287
277
84
144
27643
2:1
163
12
-488311
0
180
17
0
45
74
68
96
4
172
32
30
10
498
139
48
4
48
187
43
0
384
38
102
83
84
18
0
5
170
1
3
73
205
496
46
56
322
111
4
26
128
57
38
30
10
135
17
217
63
156
145
153
32
23
77
373
51
107
98
268
32
76
106
55
71
26
73
0
10
53
58
22
19
62
37
126
128
33
206
27
104
55
155
1
183
61
71
37
26
22
45
9
186
154
26
33
109
2
22
18
17
471
100
36
124
80
89
53
227
63
79
48
148
93
85
98
59
45
8
150
52
11
0
115
227
79
31
87
63
24
222
65
245
6
10
74
27
377
107
35
7
63
81
208
67
160
33
89
88
144
18
15
568
145
61
68
57
47
62
55
106
94
30
61
62
216
21
126
0
158
315
17
53
2
161
0
200
84
106
15
66
17
12
171
214
93
283
173
312
337
0
15
46
5
87
186
0
22
116
65
27
29
9
3
33
6
19
38
11
10
1
8
7
8
0
8
3
6
17
5
2
47
2
3
14
7
123
3
14
162
7
13
6
0
11
7
100
20
0
12
41
3
2
31
19
18
34
20
38
115
29
76
89
58
0
272
4
66
46
39
346
32
0
55
160
11
120
123
306
130
220
27
42
138
54
128
11
0
208
196
5
28
3
108
207
11
32
59
170
144
27
118
130
23
14
10
100
199
5
31
68
87
693
85
1
7
5
7
87
97
41
258
404
295
68
0
17
59
29
12
10
7
169
19
28
89
55
56
105
4
0
68
171
37
45
57
0
65
52
6
9
313
175
0
58
171
185
44
19
37
254
47
45
6
21
13
0
44
0
50
2:6
2
72
53
94
38
76
9
110
76
104
54
0
125
0
32
64
353
270
2
36
41
24
82
16
84
10
75
34
0
125
0
3
115
47
1
7
113
169
121
51
2:43
6
0
39
60
0
172
0
89
12
86
106
28
22
6
129
18
2
218
23
84
102
5
10
79
5
9
18
0
6
115
3
100
6
122
0
72
61
45
12
1
2:40
1
4
47
26
0
37
69
0
212
31
31370
27
21
31
46
66
82
43
7
17
77
38
69
103
196
1049
0
85
68
171
119
0
76
47
3316
13461
2023
1323
2514
706
2676
1542
5739
0
2466
1190
430
4874
2605
1744
1304
835
1385
6
10
8068
7
2
2811
15
1825
1548
917
490
511
1039
3126
0
2:1
8
7
1
16898
104456
1
0
3543
7717
51
47
41835
21
15
10
5
7
39
52
29
14
40
0
61
12
20
53
23
13
10
9630
1380
43632
703
20
8
9
143
173
45
42
15
20
33
93
4
12
2:2
23
11
2
3
7
1
14
31
0
800
51
8
57
4
7827
17378
9030
3251
4729
2782
333
1
854
973
4
18
9
0
18
48
14
7
0
29
41
6
8
34
3
11
18
102
30306
1513
8491
251
27
2:31
0
351
249
0
22
294
96
93
150
0
202
153
2
43
69
508
425
36
15
14828
222
11939
1413226200
199:0
1
637:0
697
-644
62
5439
-5258
790
-905
-46
9
35
-111
101
-103
953
-903
4789
-4624
-85
-70
-60
727
-703
90
-112
1332
-1185
-158
92
19
725
-842
25
223
-216
1143
-993
251
-97
-243
464
785
-1326
207
1498
-1334
-385
4
57
49
-100
113
-101
118
-131
198
186
-355
-32
325
-327
928
-729
-1
-149
-13
-30
34
-45
1
513
125884
-113702
-12465
597
-823
87
1116
-1172
-38
125
-48
85
-117
-35
661
-581
54
-136
515
-430
507
-566
15069
-9223
-5490
-370
224
1912
-2013
-2
-113
99242
-99138
1632
-1719
28090
-26628
-1281
17039
-17225
5474
-5131
34258
-33807
-185
-649
176
2917
1636
-4487
520
-365
-248
26
-127
60
2183
-1932
-242
-50
14
-25
139
-76
1380
-1192
-241
36
-72
1370
-722
-290
-381
864
372
-1092
-18
-129
34
-4
29507
-29525
63
-12
231
6627
-6670
-228
257
645
3078
-3932
16
-12
47
-115
28
52
-50
-25
-16
29
95
-110
210
-94
-123
2218
-2185
104
-132
50
1712
-1742
289
373
6695
-5423
-1192
-389
1134
-1383
35
13446
-12384
-947
-22
724
418
-1309
-146
0
7
12
0
-18
2
-2
7
-7
-1
9
-7
-1
23
-11
1
-12
5
-6
-2
0
24
-18
-1
0
-1
-3
0
2
11
-14
6
4
-6
15
28
-43
3
20
-27
4
-1
3
-4
-2
1
28
-6
-20
-1
2
-4
7
-6
3
19
-21
45
-41
-4
3
18
-22
45
-43
-1
25
-24
-1
4
-2
-1
41
-28
-15
23
-22
-2
15
22
-24
-13
1
4
-2
12
-12
0
-1
6
-6
5
-3
-1
-3
1
2:5
-7
6
3
-9
-2
-1
9
-1
20
-26
-1
0
44
-38
-3
2
-3
5
16
-20
18
-21
-1
16
-17
0
6
13
-18
16
-16
49
-47
6
-9
35
-34
-1
34
-30
33
-37
24
-22
25
-20
-5
4
2:-1
16
-14
2:-2
2:-1
22
-19
24
-3
-21
-2
22
-1
-12
13
-13
-9
13
-10
-4
0
2:1
5
-6
0
8
2:0
2:-4
1
12
1
-13
-1
0
11
3
9
10
-34
0
2:1
6
-7
2:0
13
6
-12
17
13
-33
8
-1
11
-21
3
-5
3
0
3:-1
0
38
-15
-13
-10
4
-4
13
3
-6
22
-24
-4
-2
17
11
-30
6
-2
0
28
-30
-1
3:0
5
-6
35
-34
1
3:0
24
-23
0
-1
1
2:0
1
0
6
-7
2:-1
18
1
2
-12
-9
0
32
-19
-9
-3
4
-3
19
10
-25
-7
0
28
-28
4
10
-6
-5
6
-8
0
1
3
1
-6
0
16
-11
15
-5
-14
8
-5
-2
39
-16
-21
-3
6
18
-13
-7
2:-1
-3
2
2:0
-1
0
1
-2
3
-1
46
-43
17
4
-25
11
-11
13
-11
16
4
-20
2
-1
-3
-1
2:0
43
-41
1
8
-10
0
4
2:-1
39
-36
-2
18
-13
-7
2
-3
2:0
-1
0
11
4
-13
1
14
-14
33
-21
15
-23
-5
36
-38
1
0
3
0
-4
3
21
-7
-12
2
-4
24
-1
-23
-2
0
1
-1
5:0
-1
1
2
7
11
12
-4
-21
19
-27
0
8
-8
0
1
0
16
-15
1
-3
45
-39
-2
2
11
7
-23
23
15
-36
2
-3
22
26
-49
-1
0
8
-6
0
-2
8
-7
0
10
-8
2:-1
5
11
-11
-4
20
-3
-19
0
2
-2
0
11
-10
0
44
-39
40
-43
15
-11
-6
1
17
-16
32
-21
-10
6
-9
0
36
-5
-30
-1
0
30
-28
4
-4
-2
16
-13
0
3
-5
7
0
1
-6
4
-7
3
12
-11
9
23
-33
18
-19
-1
6
-7
2:2
21
-24
4
-2
2
-6
0
2
4
0
9
-13
6
-6
-2
0
5
8
-10
28
-24
-4
2
-1
9
-7
-4
-2
19
-13
-4
1
7
0
17
-24
-3
33
-30
-2
2
5
-6
0
2
2:-2
6
-4
7
6
-11
26
-27
-3
44
-44
0
28
-22
23
-20
7
-12
-4
9
0
-9
11
-9
0
-1
2
8
-3
-4
17
-17
-3
26
-20
-5
2:0
-2
0
12
-10
33
-34
0
4
-3
6
3
-7
11
-15
12
-12
15
-8
10
-10
-7
3
18
-1
-18
-2
0
3
45
-36
25
-26
-3
-1
14
-1
-18
9
-1
2
7
-5
-7
37
-42
1
2
-2
121
-104
-6
-9
6
-5
-3
2
-2
11
-11
12
-10
-2
0
4
1
3
-8
2:0
24
-12
-4
-7
19
-18
-2
0
9
-9
10
1
-11
2:3
-5
-1
6
-6
0
50
-45
-5
0
81
-56
4
-12
2
-7
-11
32
-33
4
1
-5
9
-8
8
-8
9
-6
2
-4
2
66
1892
-1854
-82
-20
-2
5
-8
21
-18
8
1
14
-26
3
20
13
-23
-3
-11
2
12
-8
452
-307
-147
3
-5
80
-55
0
-22
384
-364
76
-84
135
-123
14
635
-663
86
-72
506
-464
-24
-44
-1
249
-86
-160
-2
6
19
8
-33
46
129
-173
22
-17
66
-76
5
25
-3
20
-43
8
-12
75
-51
-20
-3
7
153
-155
-2
-3
3
-2
223
-222
7
16
-26
497
-492
-4
11
-12
191
-155
-16
-15
-5
10
4
-8
-4
-2
17
-16
10
-6
-3
4
-5
3:1
9
2
-12
6
-1
76
100
-103
76
-141
-16
6
5
413
-334
-71
-12
0
4
-6
-5
2:0
1
0
-1
8:0
4
-2
2:-1
4:0
2
-2
12:0
18
-18
0
1
-1
6:0
1
0
-1
1
-1
0
3
-3
5:0
1
-1
3
-3
1
-1
0
6
-6
3:0
1
0
-1
0
1
0
-1
7:0
3
-2
-1
4:0
1
-1
0
1
-1
2:0
2
-2
5:0
2:1
-2
0
5
-5
2:1
0
1
-2
-1
4
-4
0
1
-1
2:0
1
-1
4
-4
4:0
8
-8
3:0
7
-7
1
-1
3:0
1
-1
0
3
-3
6:0
2
-2
1
-1
2
-2
2
-2
2:0
2
-2
4:0
1
-1
3:0
1
-1
3:0
1
-1
2:0
5
-4
-1
2
-2
3:0
2
-2
1
0
1
-2
1
2:2
-5
1
2:0
-1
1
-1
2:0
1
0
-1
0
1
8
-9
3:0
13
-11
1
-1
0
-2
0
2
-2
4:0
1
-1
0
1
0
-1
2:0
2
-2
0
1
-1
1
0
-1
7:0
1
-1
4:0
4
2:-2
0
1
-1
1
-1
1
-1
6
-2
-4
2:0
14
-14
1
-1
2
-2
2
-2
0
2
-1
0
-1
2:0
2
1
-3
0
1
2
-3
3
14
-16
0
-1
2:0
3
-3
4:0
2
-2
3:0
1
-1
4
-4
4:0
2:2
-4
2
0
-1
0
-1
4:0
5
-5
0
2
-2
2:0
2
-1
18
-18
-1
4
-4
8:0
4
-4
0
3
-2
3
-3
2
-3
0
9
-9
2:0
1
0
-1
0
2
2:-1
2:0
5
-4
-1
13:0
3
0
-2
2:2
-4
0
-1
2:0
1
0
-1
3:0
1
0
1
2:-1
2
-2
3
-2
-1
2
-2
1
2
-3
2:0
3
-3
1
-1
4
-4
0
3
-3
2:0
2
-2
2:0
6
2:-3
7:0
5
-5
2
-2
0
1
-1
2:0
1
0
1
2:0
-2
0
9
-5
-4
1
0
3
-4
3:0
1
-1
2:0
1
-1
0
2
-2
0
1
0
3
-4
0
23
-20
-2
-1
2
5
-7
1
-1
5
-5
2
2:-1
2:0
1
-1
2:0
1
-1
0
1
0
1
-2
0
8
-8
0
1
-1
1
2
-3
0
3
-2
-1
0
3
-1
2
-3
-1
6
-5
-1
2
-2
5:0
7
0
-7
8
-8
2
-1
0
17
-18
0
5
-5
8
-8
1
-1
0
2
0
-2
1
-1
3:0
2:1
0
2
-4
0
4
2:-2
2:0
2
0
2:-1
3:0
1
-1
2:1
-1
0
-1
2:0
1
2
-2
-1
2:0
4
-1
-3
2:0
2:1
-1
3
-2
0
2
-1
-3
2:1
-2
9
0
-9
3
-2
-1
end
