v1
585
240
295
4
937
607
79
149
381
56
22
28
458
156
46
165
59
269
61
380
575
159
136
358
355
485
61
827
742
811
277
109
168
159
155
185
275
93
497
163
300
275
431
494
442
339
69
57
154
418
478
186
53
1186
418
300
94
257
34
1214
338
188
302
148
200
12
69
52
6
57
1
65
253
178
451
440
524
314
39
116
466
134
186
128
172
58
375
441
314
33
423
528
1360
193
247
135
344
75
50
1271
270
170
57
56
13
15
147
198
235
896
760
58
8
2:43
342
29
192
47
59
2
388
59
5
23
193
32
230
466
122
109
31493
5
31
237
97
85
164
66
54
36
8
22
1568
15
3360
2211
328
1553
15956
12405
793
2041
7087
4449
2
8096
2821
1840
1533
6095
6
132615
25
9490
32421
22
153
147
89
5
55463
74
470
12
11
21887
3093
18763
2730
1101
532
58
86
94
40
101
40370
1002
87
292
217
277
9
75
144
789
17119
9736
110
54
-488177
10
91
257
15
34
146
13
486
52
187
1
51
78
107
259
500
14
234
3
40
96
65
340
884
95
117
23
26
395
26
151
244
294
217
76
11
160
29
0
82
96
70
84
159
527
103
375
28
466
516
135
31
58
30
238
346
49
38
44
139
79
336
48
38
288
157
45
166
217
74
922
16
407
4
9
207
128
111
373
177
246
127
103
408
264
92
200
600
7
43
121
304
8
64
264
129
551
198
40
528
30
81
276
18
134
270
166
42
41
33
6
19
13
25
18
38
6
17
7
1
65
117
0
30
90
15
9
64
4
79
45
28
45
73
92
17
73
45
9
46
72
74
145
0
228
173
120
94
265
26
35
333
278
65
226
42
0
192
121
47
134
45
59
173
51
57
58
149
5
411
27
24
230
17
313
79
52
70
229
350
165
34
195
50
758
15
177
109
71
2
2:10
355
12
125
36
4
2
237
76
180
325
3
392
197
0
44
277
4
109
12
84
0
50
44
95
37
57
0
38
76
195
49
55
179
317
132
270
38
45
20
350
249
37
175
17
237
6
56
6
29
108
2:73
37
52
100
89
15
293
237
201
151
276
74
18
35
16
85
47
116
213
14
31409
20
52
161
4
82
129
88
4
200
990
111
109
68
111
71
182
2
47
9
3621
1893
314
3619
3086
7580
1094
14164
386
10843
3
3527
8086
1
3708
943
2481
983
1014
27
3120
6
1
1444
106829
13098
3545
19896
29804
141
101
12
73
9676
45743
134
57
132
2
27
18
57
150
12
27
12
9
743
29
14
6
107
19280
5994
9030
3251
4726
3
2243
539
334
1824
3
6
16
9
25
55
36
41
10
38
35
46
47
4
30308
10004
240
69
31
622
150
144
339
202
20
312
136
638
7
83
4
36
28
18
15019
11712
2
146
128
1413552000
199:0
1
384:0
7
-1
0
116
3358
-3471
64
1467
-1336
-193
99
-104
7
-4
65
-68
2
3
2
95
-14
-81
144
-151
4
346
-166
-176
342
-169
-180
67
-65
4
-4
5
-2
-3
1
2
138
-136
2:168
-189
-152
85
-87
4
1
-5
4
-4
3
417
-330
-86
656
-656
106
-105
3443
-3374
93
-166
5
-7
2
0
5
669
-673
-3
1
2
254
80391
-73919
-6666
-58
-2
-3
146
-140
-5
5
-3
2
73
891
-967
5
1
-8
154
5762
-3348
-2560
-5
5
1094
-1094
-6
154
-66
38211
-37945
-180
667
-841
2
927
-930
0
3
83
28593
-28678
-1
2486
-2485
288
535
-191
-630
-3
3
-4
123
8423
-8541
1747
-1649
-99
63
-67
3
76
83
941
-1100
318
10819
-11133
97
-18
193
-190
2987
-2866
-37
-171
171
-168
582
175
-684
311
-384
54571
-54449
-125
212
6172
-6298
593
-680
112
161
1534
-1738
-66
4
92
196
-293
1
65
-68
149
394
-404
13
-149
10690
-10319
-167
57
-263
5
4876
-4881
2
4940
-4793
-149
0
86
-82
275
-283
1
-5
6
-2
-4
1
2:0
2
1
-3
1
30
-31
3:0
18
-17
1
-2
3
2
-1
21
-25
2
0
-1
-2
0
1
-1
1
20
-20
5
-4
0
60
-58
-3
2:0
36
-37
0
25
-21
-1
33
-33
47
-46
-2
-1
0
29
-29
1
46
-48
5
-2
0
-3
1
0
4
-3
13
-14
1
0
2:-1
1
-1
1
25
-20
-6
34
-33
0
1
2
-4
2:1
29
-30
4
-3
-1
1
36
-38
1
24
-22
-2
-1
47
-47
1
14
-13
0
3
-4
0
13
-12
45
-27
-17
-2
0
19
-14
-4
0
-1
0
15
-11
-2
-3
22
-19
15
-15
0
1
0
1
-4
4
-2
41
-38
-4
0
43
-25
23
-43
0
3
0
22
-23
3
-4
1
0
17
-15
-2
-1
25
-24
-1
3:0
2
65
-51
-16
48
-48
0
52
-53
5
-2
52
-31
-23
15
-13
0
1
-3
-1
58
-41
-12
57
-16
-44
0
-2
59
-34
37
-60
-1
13
-14
2:1
2:0
24
19
-44
1
-1
2:1
2
9
-11
2:0
-1
12
13
2:3
-33
2
1
20
-22
1
0
-2
0
2
64
-41
-25
0
2:2
23
-26
0
2
-2
59
-44
22
-38
4
38
-15
1
-24
0
-4
2
1
0
-1
13
-15
1
-1
0
41
-39
2
25
-27
4
49
-39
-13
2
-5
18
2
28
-45
2:26
-39
-15
0
-1
0
2
37
-38
0
1
-1
2:0
-1
25
-23
0
2
-4
0
1
-1
21
-17
-3
21
6
-28
45
-42
-1
0
21
-18
-5
0
3
-1
4
-3
2
45
-49
14
-13
37
-12
-8
-19
1
2
-3
2:0
3
-3
4
2:-2
3
52
-50
0
42
-47
27
-22
-5
4
32
-36
1
3:0
4
-1
61
-48
-3
40
-50
-1
2
-5
0
3
-1
17
-17
-2
31
-29
1
-3
5
-5
2:0
23
-19
-3
15
1
3:0
63
-62
-1
8
-7
5
-6
2:0
10
-8
2:-1
2:0
4
-4
1
-1
2:0
3
-3
0
14
-5
-9
2
-2
1
0
-1
1
-1
0
2
3
-2
-1
10
-7
-3
2
-4
0
1
-1
4:0
19
-19
0
1
-1
1
3
9
7
-19
-1
1
9
-10
2
11
-13
0
1
0
39
1175
-1144
-59
-12
0
3:1
-3
1
2
-3
24
-5
-18
-1
1
-1
0
219
-118
-100
1
-1
71
-71
-1
9
-6
277
-273
7
28
-42
4
67
-70
2:0
9
333
-341
-1
55
-53
74
-8
-57
-10
-2
1
0
-1
103
-103
81
-73
-5
19
-21
-1
10
6
100
-115
14
292
-307
1
12
-1
9
0
-13
-5
-3
2
10
56
-56
-11
3
-3
129
-130
0
1
322
-316
0
-7
1
4
91
-80
-3
-11
7
-6
0
-2
2:0
3
-2
0
4
-2
156
-127
8
15
-51
-5
184
-184
0
258
-222
-36
6
2:-3
5
-5
12:0
1
-1
0
1
-1
2:0
1
-1
3:0
7
-7
13:0
3
-3
3:0
5
-5
3:0
1
-1
0
1
-1
3:0
2
-2
0
15
-15
1
-1
2
-2
4:0
4
-3
-1
8:0
1
-1
1
-1
0
1
-1
8:0
6
-6
0
1
-1
2:0
23
-23
2:0
1
-1
3
-3
0
6
-6
14
-12
-2
2:0
4
-3
-1
3:0
7
-7
2:0
4
-4
2:0
1
-1
2
2:-1
2:0
10
-10
2:0
8
-6
3
-5
3:0
2
-2
8:0
7
-7
4:0
4
-3
8
-9
0
2
-2
6
-6
0
8
-5
7
-10
2
-2
1
0
-1
0
14
-12
-2
3
4
-7
1
-1
2:0
6
-5
-1
1
-1
2:0
1
0
7
-2
-6
5:0
1
0
2
-1
0
-1
9
-8
-2
0
2
-2
2
-2
5:0
6
1
-7
3:0
12
-12
4:0
1
11
-12
0
7
-6
0
1
-2
3:0
1
-1
2
-2
0
1
-1
5
-4
1
-2
1
0
22
-23
3:0
4
0
9
-12
-1
3
-2
-1
4:0
7
-7
3:0
1
-1
0
1
2
-3
1
-1
3:0
1
-1
0
3
1
-4
11
-11
2:0
2:1
-2
4:0
3
0
-2
2:2
-5
15
-13
2
-3
-1
10:0
8
-8
0
1
-1
1
-1
2
-2
1
-1
4:0
1
-1
8
-7
2
23
-24
-2
1
-1
2:0
2
-2
2:0
14
-14
0
4
2:-2
0
1
3
-4
2:0
end
