v1
764
61
155
527
16
206
223
41
52
139
14
25
9
8
18
30
170
11
0
55
280
43
317
50
14
170
1
51
6
56
22
28
37
62
181
52
282
46
77
88
58
226
33
399
36
17
575
159
280
214
11
51
122
11
160
111
22
12
295
96
0
10
216
81
37
126
41
136
0
24
346
58
9
95
244
71
85
420
33
102
31
163
62
263
14
67
0
5
37
0
140
8
44
132
53
33
194
63
79
48
9
139
93
85
98
48
11
35
10
252
87
334
23
252
128
169
134
90
111
179
421
41
94
126
180
0
33
8
57
4
10
47
42
175
159
497
42
128
7
57
47
347
61
153
29
96
28
189
6
31
27
28
93
26
24
185
161
244
11
189
99
12
94
106
9
160
16
157
0
65
327
70
36
75
131
100
194
59
50
170
118
79
109
27
29
45
6
19
13
25
18
4
0
8
7
2:25
46
5
14
7
126
1
103
15
82
74
59
6
8
6
39
5
0
35
30
41
16
38
17
53
74
118
12
365
49
2
12
6
1
2
76
57
38
120
94
131
195
219
110
4
24
246
40
39
116
146
55
83
54
121
7
134
85
101
41
59
139
58
0
3
146
5
282
116
13
79
0
196
37
299
10
5
33
83
70
150
79
41
309
114
105
983
15
286
83
10
367
50
6
88
23
24
42
115
66
120
1
75
50
328
98
372
119
44
19
258
33
47
72
57
10
15
25
6
44
0
36
90
38
14
5
0
2:19
69
7
155
40
158
221
14
3
0
336
272
36
65
184
8
30
370
7
37
49
126
70
121
8
43
79
1
6
15
11
105
146
22
1
28
38
100
54
47
53
6
2
6
29
112
88
153
59
5
20
3
104
89
3
2
151
106
194
60
97
47
27
20
26
37
154
1
34
31498
1
21
9
12
31
0
161
33
53
44
154
19
3
73
66
54
36
8
22
19
913
220
68
111
71
166
18
41
6
9
876
2425
2211
328
1553
322
1389
0
3429
5256
0
1002
1322
1094
2142
2661
1541
816
7387
3
0
1620
1211
4086
2185
816
925
3
869
432
835
1385
2
8090
2:1
4
2821
1840
1533
6077
18
2
3
1428
106829
13098
1
3543
1
1735
5973
8
25
73
9417
32310
101
7
3
18
4
92
61
127
1
19
53
19
17
5
35717
19661
85
47
27
38
119
7
29
18
45
12
53
0
93
0
16
27
10
2:1
9
4
11
0
2
755
14
46
7961
2
11376
1731
3093
5056
5152
7980
575
238
1430
539
333
143
47
665
436
532
2
1
2
5
6
11
31
43
15
28
8
26
21
6
2:1
2:31
9
1
2:43
2:4
6
40187
119
64
176
69
31
622
104
46
333
217
135
142
11
73
41
103
493
127
0
51
65
52
42
36
15065
1977
9735
2:1
109
54
72
43
-488410
635
36
61
395
179
107
25
263
270
199
168
519
39
335
950
1252
19
365
244
295
242
161
348
74
458
175
10
122
33
614
112
584
771
742
315
82
291
401
56
363
159
387
413
92
85
288
110
877
732
539
349
789
925
142
445
185
8
366
88
71
88
1605
497
80
279
356
900
385
248
75
375
865
20
175
823
184
371
335
297
187
556
839
109
58
224
358
31
179
540
359
5
100
257
6
651
153
323
31
134
22
967
284
112
136
259
31370
52
276
66
61
172
120
1125
443
7847
8713
16863
3256
5704
3862
4017
8085
3
4672
2459
474
511
4158
25
132616
50
41859
298
18
131
11010
43632
1056
15
237
108
20
675
156
7894
10815
6565
20126
1877
7
40
143
31
14
31904
9534
110
442
186
127
62
159
709
1413612600
599:0
1
163:0
10
0
18
-17
-8
0
39
-15
-16
30
-18
15
-7
-28
1
-1
32
0
-33
2
1677
-1673
-5
5
32
-37
14
3006
-566
-2343
-55
-54
6
93
-95
-5
2
-1
-2
0
90
-76
53
-40
-25
131
48
-178
246
-239
-3
10
-11
337
-282
-60
-2
0
14
1
-13
10
-12
8
-7
3
-2
0
-2
16
-14
18
-8
31
-43
55
717
-770
38
368
-31
-104
-268
284
-288
1
21
-18
2
3
624
-632
0
3
68
-70
10
2:-2
26
-25
-6
-1
13
8
-1
-3
5
-25
2
545
-538
194
48
-92
-141
-11
-6
-1
1
11
51
-51
-10
0
86
-79
-9
9
0
-6
6
-7
174
-156
-10
-5
20
-14
13
19
-27
-16
1
6
78
-72
-8
20
-15
357
-353
-13
0
41
-41
2
15
-14
3
33
405
-428
-16
4082
-4076
-4
-1
-2
250
-239
-10
252
-246
-2
39
-40
34
-28
6
-15
17
-1
-10
6
1
21
39
-63
2
-11
0
-1
8
-6
10
-2
11
2
-21
8
16
-27
66
123
-168
2:-7
27
15
-47
5
-1
38
148
-158
56
-86
31
-34
10
177
-183
-4
30
-29
-1
6
31
-31
11
-17
4
33
-33
6
39
-47
286
-277
0
-4
67300
-64608
-2569
-130
874
-859
143
7050
-7207
315
-282
-25
201
-211
13
1
0
5
-16
15
22
12
-25
-24
-1
-2
18
48
-48
-6
153
-163
48
192
-156
104
-174
39
-55
90
-90
36
-33
71
-72
4
3
-9
114
-102
-1
30
-40
2
16219
-14749
-1426
-24
-23
0
12
5
-4
16
-5
-18
-3
1
2:-2
7
-4
4
-1
62
-52
1015
-1031
8
-2
-3
4
87
-75
24606
-24618
31
-16
380
-396
-1
48
-43
57
-39
650
-678
2
0
27
68
-96
59
-38
13
3066
-3094
-6
180
-156
-24
237
-238
1
2
0
31
212
-182
7582
-7621
-25
1
1236
-1234
26
32
106
-163
333
154
-487
333
-333
3
31
-14
-4
-7
1
33
-12
-18
-17
19
-12
-4
19
28
1969
2032
-3985
7
-22
-43
-1
2:-3
29
-18
532
-540
163
-167
34
9
0
901
-940
471
-474
8
4
-9
151
-135
8437
-8437
-20
4
530
-529
40
174
235
-423
-31
2
0
23
-23
0
146
-19
-125
3436
-3435
178
-179
578
-580
0
20
4159
-4181
1
75
-71
1
3
13
-21
6
765
-766
-5
1
5225
-4670
-346
-201
-1
28033
-28039
22
13
52
-45
-44
10
96
-103
0
-3
403
-302
6377
-6478
2
13
51
-3
2161
-2189
-34
90
-73
28
-32
-15
100
1506
-1474
-106
3
-24
11
-10
46
6
0
74
-128
6
-8
3:0
45
-29
110
7
-112
-20
13
115
-18
-73
-31
-1
-8
0
10
-6
20
-23
21
-20
8
17
122
-130
2
-12
13
-22
5
9134
-8815
-286
-34
18
-20
52
-49
45
-46
7
276
-256
-25
-6
102
-97
1
31
-25
6449
-6452
10
-19
100
1758
-853
-1003
-1
2708
-2257
-451
92
-91
997
-992
11
3461
-3479
223
-215
1242
-1233
80
-80
-11
1
-7
23
-4
-13
101
-75
-18
36
3
86
-122
2785
-2772
-27
-3
-2
0
1
2:0
1
-2
2
-1
1
3:0
-2
1
-1
2:0
2
3:0
-2
1
3:0
1
-1
4:0
1
-2
0
2
2:-1
2
-1
0
1
-1
0
-1
1
4:0
1
2:-1
1
2:0
1
-2
1
0
-1
2:1
-2
2:0
2:1
-2
1
0
1
-2
2
-2
0
2
-2
0
1
0
1
-2
3:0
2
-1
1
-2
5:0
1
2:0
1
-2
2:1
-2
1
-1
2:1
-2
0
1
0
-1
0
2
-1
0
1
2:-1
2:0
2
2:-1
3:0
1
-1
0
1
2:0
-1
1
-1
1
-1
0
2
2:0
-1
1
-2
1
3:0
-1
1
3:0
-1
1
-1
0
1
0
-1
2
1
0
1
-1
0
1
0
2:1
-3
0
5
-5
1
-1
5:0
78
-77
-1
1
0
-1
0
8
0
-1
-7
5:0
13
-12
-1
4:0
4
-4
4
-1
-3
1
-1
1
0
1
-2
7
-7
2:0
2
0
-2
2:0
2
2:0
-2
0
1
-1
0
5
-5
2:1
-1
3
-4
1
2
-2
8
-9
20
-20
0
2
-2
2:0
3
-3
2
-2
13
-13
2
2:-1
1
2
-3
1
0
-1
2
-2
1
-1
0
5
-5
13
-13
0
4
-1
-3
3:0
7
-6
-1
0
5
-5
0
1
-1
4:0
2
3:0
-2
2
2:-1
6:0
2:1
-2
3:0
3
-3
0
6
-6
2:0
36
-35
-1
17
-16
-1
3:0
1
-1
3:0
23
-23
1
2
-2
-1
3
1
2:-2
0
3
25
-27
8
-9
2:0
2
-2
3
11
-8
-3
-2
1
3
-5
14
7
-17
-1
1
-3
-1
1
3:0
10
-10
0
-1
8
-8
4
6
-10
0
2
-2
0
1
6
-7
3
-3
0
5
-3
2
-3
-1
42
-42
2:0
1503
-1416
-65
-22
0
2
4
1
-6
7
5
-12
-1
0
2
2:0
3
-4
1
7
-8
12
-12
0
-1
4
17
-20
0
35
-35
9
-10
9
7
0
-12
-3
15
-16
8
-6
2
-3
0
3
-4
7
-4
-2
4
-5
0
303
-253
-46
-4
2:0
4
2
-5
2:1
-3
0
1
3:0
1
-2
0
4
-3
70
-71
3
0
-3
3
11
-9
227
-227
4
-9
31
-31
0
1
0
1
2
65
-69
2:0
3
4
-7
7
-5
6
94
-97
-5
11
-6
-5
3:0
2
-2
10
-6
19
343
-359
-7
0
81
-81
1
4
5
-9
101
-48
-51
21
-23
2:1
2
6
-9
0
-2
2
0
-2
4
-2
2:-1
3
168
-63
-108
3
5
-7
3:0
6
-1
32
-38
25
-25
2:2
11
114
-127
12
-14
0
6
-5
23
-19
461
-462
-4
1
0
-1
4
36
-17
-16
-7
1
0
7
-8
0
2
-1
0
44
-45
2:0
19
-19
0
2:1
-2
0
6
-2
-3
3
-4
0
11
123
-133
0
-1
23
-21
3:0
123
-125
1
7
-4
-1
-2
3
4
-8
2:0
1
4
812
-816
-1
5
1
-2
13
-15
-2
5
-5
6
-6
0
6
95
-100
0
8
-7
10
-11
7
-6
-1
2
-3
4
-3
0
-1
0
25
-24
0
-1
1
2:2
6
0
-10
1
2:-1
3:0
11
-10
-1
1
3
-4
0
5
-1
-4
2:0
2
11
0
-11
-1
0
-1
0
1
3
-3
-1
3
-3
2
-2
3:0
9
-9
177
-175
2:-1
7
11
132
-150
1
92
-53
-40
2
-1
163
-162
5
175
-182
4
-3
123
-122
27
-29
3:0
4
-4
8
5
-8
-2
1
0
3
-6
16
-15
0
-2
25:0
3
-3
2
-2
0
1
-1
4:0
1
-1
1
-1
30:0
1
-1
1
-1
8:0
1
-1
33:0
1
-1
5:0
2
-2
1
-1
1
-1
12:0
2
2:-1
11:0
2
-2
5:0
end
