v1
854
297
278
155
13
393
93
52
15
172
8
48
440
84
35
188
126
3
234
1
51
6
19
37
7
15
28
118
39
335
168
165
324
186
57
0
45
32
108
17
275
300
89
70
32
104
230
128
11
158
26
271
22
12
67
76
248
10
105
111
19
24
57
18
19
148
160
48
298
67
63
276
55
101
376
4
40
33
102
31
88
137
277
14
243
168
94
12
125
57
27
36
127
9
139
93
85
157
35
124
222
34
13
290
88
16
171
393
38
16
74
23
9
227
23
122
348
94
339
69
57
376
205
195
98
176
104
89
258
20
35
6
111
42
125
254
27
28
372
33
334
5
0
259
135
106
111
58
31
142
55
309
255
85
44
242
8
59
45
5
295
72
109
27
29
45
9
29
25
18
1
3
15
50
48
3
21
103
14
9
1
13
88
17
73
9
12
62
59
14
32
83
38
57
17
127
118
374
52
21
78
95
22
98
225
195
219
37
73
28
286
34
5
116
104
180
54
75
46
141
85
101
41
198
58
3
146
5
282
129
275
37
110
189
14
19
15
83
70
150
79
0
41
309
114
0
105
220
667
96
199
102
53
18
12
10
367
50
6
106
3
2
24
194
19
131
8
67
50
325
125
452
59
19
258
33
30
17
8
171
6
38
42
128
3:19
69
7
8
147
40
158
125
57
39
14
510
2:101
184
8
352
92
175
17
53
121
8
123
6
299
29
38
100
54
47
61
35
20
34
58
88
153
59
5
20
3
198
151
106
398
47
252
92
31
31370
5
22
9
155
82
53
44
85
40
48
76
66
54
36
8
22
1080
72
68
111
71
166
18
47
3310
2211
328
1553
2387
2753
7580
3236
12405
3
393
397
9128
928
869
1267
1385
2
4
8078
10
4
3703
943
15
7
3442
1014
3155
8
2
5
1428
106829
16642
1
7716
25
32
41
9417
32411
10
18
4
26
7
134
101
32
89
2:5
55525
7
87
70
7
29
18
45
12
1
81
62
15
3
27
12
1
4
6
2
11
757
190
20940
3093
18188
575
1668
539
336
187
665
436
532
2
3
4
1
47
1
86
8
47
39
6
1
33
1
90
4
6
30302
10004
64
176
100
531
195
46
41
292
217
135
142
84
41
103
98
442
126
70
90
4
36
46
65
14728
4
222
1977
9735
2:1
109
21
33
72
-488275
89
146
119
79
189
251
31
100
101
0
178
335
365
85
245
377
234
337
60
105
86
432
69
202
16
49
0
117
124
578
118
79
64
124
412
158
210
113
187
266
171
88
216
209
165
43
121
44
80
17
95
12
0
222
19
6
205
0
61
495
166
24
6
9
24
132
479
283
63
331
8
3
378
102
139
212
96
111
96
137
74
0
315
193
34
29
176
40
140
156
17
20
0
391
159
33
372
106
69
36
0
42
35
0
174
106
39
55
535
0
145
216
93
17
185
224
0
91
34
225
342
93
62
493
345
82
7
97
231
334
91
0
31
53
15
0
43
6
54
19
29
0
48
40
11
185
51
32
4
0
53
20
12
81
0
71
401
0
361
171
217
342
0
80
331
206
43
268
320
183
123
91
23
28
3
587
223
202
17
242
81
37
67
865
8
187
550
443
68
317
462
77
186
1043
52
340
138
10
38
52
126
34
119
0
317
564
64
0
108
116
206
41
84
66
197
151
0
3
650
0
167
34
28
89
170
0
22
6
129
454
0
94
374
3
72
61
0
57
1
40
155
53
0
45
15
31584
33
31
161
4
84
104
195
127
983
118
84
173
200
76
59
7044
2719
355
348
1715
2816
4114
6116
12150
4874
423
443
0
1742
0
1741
11615
0
2
0
2812
14
4306
5144
6
1
17
5480
115874
1
11311
0
51
32657
8152
889
94
75
10
21
212
38
80
54669
731
9
123
65
128
50
29
69
104
60
17
1
50
675
43
18
152
3457
21760
6596
2434
7977
1019
44
1721
334
1
229
542
1107
122
25
3
1
32
36
47
31872
8377
423
653
390
598
368
15660
12112
8
0
1413855000
499:0
1
353:0
6
11
-12
6
9
99
2:-56
42
-26
-15
79
583
2034
-2697
290
-291
5
472
-475
596
-595
1447
619
-2041
-25
1677
-1681
1
2:8
-14
13
-12
-1
22
1349
-1352
77
-94
68
396
-461
-7
6
-7
248
-244
4
10
469
-475
-12
8
-4
4
0
-3
706
-702
-7
42
-37
4
156
-161
-4
19
-6
-12
31
-33
90
-63
-23
-4
109
-97
15
36
-17
547
59
-587
-66
34
-21
1
-14
37
30
-67
0
21
151
-168
10
7
-16
546
-548
-1
2
14
5
276
-299
338
-336
1
77
-76
10
-3
180
-191
134
-81
-43
84
-3
-91
2
3
37
-42
24
-9
-14
62
-20
-37
-6
29
-27
30
305
-323
17
-6
117
0
-142
659
-659
0
247
-239
-7
2
46
-45
47
-33
-18
51
-41
-10
5
6
-11
1
-1
9
12
-14
129
-80
-29
364
454
-827
65
-81
25
-21
-6
7
14
31
-44
-4
104
-86
275
-291
46
-48
96
-98
177
-175
3
27
-19
84
-94
-1
20
-22
24
-5
230
-226
31
-38
46
174
-50
90126
-90265
5152
-3999
-1116
-78
25
-31
2
59
-13
217
-3
-260
8
7
-12
-6
150
-148
12
-13
-2
49
-39
-2
311
-261
-3
205
-221
0
233
-263
-6
2
11
22
-31
66
-69
83
-70
-17
16
-14
100
-95
467
-474
8
18
-17
-3
-5
9297
-8962
544
-834
247
-178
-112
29
-32
40
-28
-5
6
-8
-3
1
2
-2
569
-542
-28
-1
349
-346
542
16011
-16548
-7
5
-5
22
205
-227
13
11350
-9782
-1583
2:16
39
-71
5294
-5249
9024
-9051
47
-64
1640
-1573
-31
13828
-13775
4367
-4451
39
-41
98
305
-400
311
1522
-987
-93
-715
-24
-15
-3
26
2376
-2401
7
-4
6426
-6330
44
-144
10
18
449
-468
-8
84
-68
33
24
1821
-1851
302
-336
15
-20
2523
-2528
12277
-12248
-22
120
11
1100
-1143
-89
62
-66
823
25
-852
0
-1
18
-17
8
-7
46
2081
-2128
0
7
1219
-1222
-4
32
-31
49
-51
22
-9
20881
-20868
33
35
-77
439
-445
374
-288
-33
6816
-6872
-7
42
1761
-1753
-7
-42
14
270
-212
2919
-2983
247
-199
-56
89
-86
121
-123
37
-29
15
-14
6
-7
110
-88
-25
48
-56
25
51
41
-97
-20
40
-26
2
-11
37
45
-84
1
19
-15
94
-13
-79
3
-9
19
43
119
-169
-16
45
-43
-2
10829
-10814
99
-68
985
-992
520
296
-519
-261
-44
2607
-2632
-5
6
3612
-3619
482
3590
-4020
78
-128
7
1
21
-30
6
-3
256
-251
71
-80
60
-51
79
109
-104
131
-23
1420
-1348
-277
1
-2
0
2
0
2
-3
2:1
0
-2
3
-1
-2
3
-2
2
0
-3
0
1
-1
3
-4
1
2
0
-1
0
-2
2:2
-2
1
3:-1
5
-1
2:0
-2
-1
2:1
-2
1
-2
1
0
2:1
2:0
3:-1
3:0
4
-4
0
3
2:-1
2
-2
4:0
-1
0
1
-1
1
-1
5
-4
-1
0
1
-1
4
0
-2
-1
3
-2
2:-1
0
1
3
-2
0
2
2:-2
0
1
-1
0
3
-3
4
2:-2
0
1
-1
1
2
-2
-1
0
2
0
2
-3
2
1
-3
2
-1
1
-3
3:1
0
-3
1
-1
0
4
2:0
2:-2
0
2
-1
2
-2
2
-1
0
2
-3
1
0
1
0
-1
1
0
-1
0
2
-3
0
-1
0
2:2
-4
2
-1
2
1
-1
2
2:-2
3
0
-2
-1
2
-1
2
-4
2
1
-1
2
-3
-1
2
0
-1
1
-2
2
-1
4
-4
3
-3
2:0
-1
0
2
-1
0
1
2
2:-2
1
2
-1
0
-1
3:0
2
-2
1
0
1
3:0
-1
0
1
-3
2:0
5
-5
0
2:2
-2
1
-2
0
-1
0
2
-2
2
-1
3
0
-1
-2
2
-1
0
1
0
-2
0
3
-3
0
4
-3
0
-2
2:2
-1
1
-3
-1
3:0
4
-2
-1
2
0
1
2:0
-1
-2
3
2:-2
5
-4
2
0
1
-3
0
-1
4
-4
3
-3
2:0
1
3
-4
0
3
1
-2
-1
2
3:-1
4
-1
-2
-1
0
2:1
-1
2
-1
2
-2
-1
3
-2
2
-3
0
-1
3
-2
1
2
0
-2
-1
3
0
-4
5
-5
1
2:0
1
0
1
0
1
2:0
1
-1
8
-3
-5
4
-4
0
2
0
98
-100
2
-2
1
0
-1
13
-12
19
-18
7
-9
2:0
2
18
-18
2:-1
2:0
5
-5
5
0
-4
2
-3
1
2:0
-1
3:0
4
3
-6
-1
1
-1
2:1
-2
1
-1
0
1
2
-3
12
-11
-1
0
2
-2
1
-1
3
-3
2:0
2:1
3
-2
0
18
-20
3
-4
12
-12
3:0
6
-4
-2
4
-2
2
-1
-3
3:0
2:1
-2
0
13
-12
6
-7
2:0
1
-1
0
5
-5
5
2
-6
2
-3
3:0
1
-1
4:0
1
-1
0
5
-4
2
2:-1
3
-4
11
0
-11
49
-49
0
10
-8
-2
5:0
2
27
-27
-1
1
-2
0
1
2
1
-4
0
35
-33
9
-11
0
1
7
-8
8
-6
-2
0
2
8
-8
-2
26
-24
25
-27
5
-1
-3
0
10
-8
-3
8
-5
8
-11
2
0
-2
2
-1
6
-4
-1
0
-2
47
-46
1514
-1515
97
-66
-30
5
-1
-5
5
2
11
-14
-3
-1
2
7
-5
-4
7
-2
-3
0
-1
15
-16
0
51
-49
9
-11
10
0
-3
7
-11
0
1
-4
1
16
-16
17
-18
3
0
-2
1
2
1
-5
2
4
-6
0
3
445
-448
49
-45
-4
1
-1
4
-4
6
-1
-4
-1
2:0
2
-2
3
31
-34
2
0
24
-23
-1
247
-244
-1
0
-3
-1
23
-23
1
11
67
-78
-1
7
4
-11
13
-6
114
-119
10
-9
28
-26
10
444
-435
108
-132
2:0
5
11
-14
123
-51
-72
33
-30
2
-2
-3
4
209
-214
0
-1
130
-119
1
-12
0
11
57
-66
-2
33
-32
6
21
132
-157
12
-14
3
0
29
-27
423
-425
-2
-1
38
-8
-20
-11
5
-4
52
-28
-23
-2
1
0
1
0
-1
12
197
-209
-1
0
27
-26
-1
1
-1
2
2:-1
2
149
-151
5
7
-6
10
-16
1
-1
7
760
-767
2:0
22
-21
-1
1
0
2
12
102
-116
-1
10
-9
12
-10
0
6
-8
8
-9
2:0
1
37
-32
-4
5
-7
1
2:4
-3
-6
7
-4
3
-6
10
-4
-6
1
6
-5
17
-14
-2
-3
1
0
4
0
-3
0
7
-9
0
271
-266
7
1
238
-249
2
81
-55
-27
-3
184
-181
2:-1
159
-158
13
156
-170
47
-48
4:0
6
0
-6
3:0
2:3
2
0
-1
-5
-2
20
-15
-5
3:0
1
-1
31:0
1
-1
0
4
-4
8:0
1
-1
12:0
1
-1
11:0
1
-1
19:0
1
-1
8:0
2
-2
4:0
1
-1
18:0
1
2:0
-1
0
5
-5
25:0
1
0
-1
3:0
1
0
-1
2:0
2:1
-2
12:0
1
-1
6:0
2
-2
7:0
1
-1
2:0
1
-1
10:0
1
4:0
-1
0
1
-1
0
1
-1
3:0
2
1
-3
5:0
1
0
-1
0
2
-2
2:0
1
-1
1
-1
5:0
1
-1
3:0
2
-2
5:0
2
-1
0
2
0
-3
2
0
2:-1
0
1
-1
3
-3
2:0
1
-1
12:0
2
0
2:-1
2:0
1
-1
1
-1
0
1
-1
1
-1
20:0
2
-2
2:0
1
0
-1
0
1
-1
0
end
