v1
611
55
132
53
295
224
470
31
73
403
347
14
300
295
19
37
22
28
378
161
286
607
5
432
300
159
117
19
76
282
15
169
282
177
258
216
19
266
435
477
156
384
36
166
58
167
277
257
44
144
39
35
710
875
275
431
372
122
442
339
69
972
135
186
180
659
19
27
28
93
651
394
106
169
16
810
95
250
575
36
30
83
43
38
31
51
14
134
118
73
9
74
40
19
6
58
65
38
3
16
69
59
172
447
78
95
120
225
195
96
233
302
12
39
116
146
192
121
141
85
101
41
1432
10
38
382
41
528
983
301
83
10
176
191
167
368
75
50
720
241
277
0
345
128
19
38
69
7
8
106
41
433
339
0
555
2
452
175
191
8
43
86
204
95
29
38
100
54
47
59
2
145
2
88
153
59
5
23
198
257
445
252
31498
22
9
138
152
44
173
142
54
36
8
22
932
54
64
102
68
111
237
18
0
3357
2211
328
1553
5140
10816
2661
9744
3
790
9128
1797
2652
2
10917
1840
1533
933
5162
5
1428
106829
16643
7716
25
73
9417
32305
116
22
11
10
247
12
20
89
5
54647
890
157
36
63
174
27
12
1
4
8
11
2
21885
3093
5057
5151
7980
1060
1183
2695
2
14
1
10
28
3
58
28
94
40
0
44
51
6
40306
0
64
176
100
726
87
103
96
93
217
119
158
56
28
41
44
59
830
36
14992
11785
2:1
149
14
-488109
52
142
145
127
475
95
187
175
0
528
100
101
92
143
148
582
499
394
0
10
53
0
99
14
263
387
102
130
440
48
719
671
16
166
482
43
121
82
73
1101
32
0
5
224
187
292
43
196
93
179
274
44
728
654
159
334
428
121
146
404
405
234
91
20
459
458
0
7
399
663
181
248
166
392
64
76
172
553
123
15
188
0
40
28
58
48
5
22
0
41
8
0
412
135
3
1
81
26
0
7
109
148
55
218
263
161
234
412
306
39
45
606
182
40
212
168
139
58
4
145
102
301
40
118
130
47
304
0
64
35
666
199
8
187
9
299
404
334
134
514
151
128
37
5
182
247
110
3
25
564
63
340
43
140
27
309
78
122
48
235
111
533
113
41
4
97
74
97
327
477
110
547
218
325
128
55
38
429
57
70
62
4
0
68
42
98
0
168
14
31402
79
161
33
134
117
85
10
1
7
120
70
1055
0
63
187
85
43
18
74
96
281
6
5236
1843
10420
12
2325
1093
4032
760
12593
4082
2182
5274
10
8077
2812
9488
121354
1
3074
8186
40911
909
8
126
0
2
35
59
19
42
0
14
186
19
38
71
10928
25036
19327
0
9
314
81
76
93
18
64
16
14
695
29
14
6
107
8
61
3445
25638
0
8403
4726
3973
968
5
0
5
26
0
5
152
48
34
2:47
30312
10313
631
22
150
56
427
35
167
4
107
42
158
83
172
186
447
1
51
13
26870
56
54
6
1413296400
299:0
1
310:0
9
327
-328
13
4125
-3791
-341
53
-58
3451
-3451
13
140
-47
561
-667
292
-288
-6
53
14
-61
21
168
-144
-50
48
-48
178
17
-183
133
71
-216
15
-13
2
228
-215
0
-17
0
4
37
448
-344
-140
418
-422
132
-12
-117
-4
525
-504
-22
79
204
-107
-174
7
10
-7
-10
12
56
-68
59
-48
1
93
-107
90
-87
131
-131
131
-133
6
19
65
-50
-38
12
2:-4
95
-81
61
224
-264
-40
61
-49
-11
90
134
-224
3
27
-9
12
16
-52
14
5
-17
3
-2
276
-276
91829
-86843
-4882
-81
-4
-20
1
5
53
-26
6
-33
144
-143
933
-939
81
-8
-18
59
-112
-4
5
6075
-2836
-3243
-1
33
-26
3
-9
824
-821
-4
289
-278
62
-44
27294
-27196
-118
-1
-7
994
-886
-36
-73
1567
-1565
6
-8
23
166
-177
49
16151
-16135
-60
2358
-2365
10
7
-19
11475
-11250
75
-296
-12
14
1269
-493
-771
45
623
-686
141
-99
18
-17
514
-544
477
-491
16
-6
23
-29
23
18070
-18088
1
168
-76
52
-22
104
1833
-2070
255
-253
178
-2
-175
12
353
-94
-23
-245
7
40797
-40795
1
28
5
-49
262
-257
4758
-4763
94
811
-894
7
-5
-10
1
329
2849
-3179
31
373
-258
-98
-24
-17
13
6335
-6354
56
-55
280
-214
160
-228
0
3
-5
75
-75
30
2:-15
53
-12
187
-217
256
-263
81
2
-88
254
-136
-108
-1
879
2855
-3739
412
-278
-13
-124
0
6420
-5604
-787
-25
6974
-6953
-26
1322
-1322
1
0
290
-122
-151
-17
237
-243
-2
1
-1
1
2
0
-2
-1
0
1
5
-6
6
-6
3
4
-4
-3
0
2
-2
0
2:1
-2
7
-6
0
1
-1
2:0
-1
2
-2
2
-1
5
-5
0
2
0
1
-3
2
-2
4
-2
0
-2
0
-1
2:0
7
-4
-2
0
5
-4
2:0
-2
1
-1
3:0
1
-1
1
2
1
-4
2:1
-2
5
2:-2
3
-1
3
-2
2:-1
2:0
1
-1
1
-3
6
-1
2:-2
1
-2
0
1
5
-4
-2
0
2
1
-2
0
-1
1
0
1
-2
2
2:0
-2
0
2
-1
0
1
2:-1
2
0
1
0
-3
1
4
-3
-1
1
0
-2
5
-1
2:-2
2
-1
2:0
1
-1
4
-4
2
-2
0
-1
0
1
0
2:1
4
-6
1
2:-1
5
-5
0
2:1
-2
1
-1
6
-5
1
-2
1
3
-2
-1
1
-1
6
-5
1
4
-4
-3
0
1
2:0
4
-2
0
-2
5
-5
4
-3
-2
4:0
1
2:0
3
-3
-1
4
-3
2:0
4
2
-7
1
3
-4
1
-1
5
2
-7
5
-4
0
6
-2
-3
-2
7
-4
4
-7
3
0
2
-3
-2
2
0
1
-1
-2
6
0
-2
-1
-3
2:0
3
2:-1
2
-1
0
-2
1
0
-1
6
2:-1
-4
0
4
0
-1
-2
1
-2
5
0
-2
0
2
-5
2:0
4
-4
1
6
-4
-1
5
-5
2:2
-6
4
1
-4
-1
6
-6
6
-5
-1
4
-1
2:1
-3
1
0
-2
0
2
-1
2:0
2
0
2:-1
0
65
-65
0
7
-5
1
-1
0
-2
0
2
-2
5
-5
7
-5
-2
1
-1
0
1
-1
6
-6
2
-2
0
3
-3
1
3
-4
3
-2
-1
13
-9
-2
0
-2
0
17
-12
-3
6
2:-4
3
4
0
-6
1
-1
1
-2
5:0
2
16
-18
2
-2
2:0
23
-23
0
1
15
-1
-14
9
-9
0
15
-9
-7
18
-15
-2
2:3
-6
6
-6
-1
2:0
1
5
-1
-4
1
2:0
1
-2
40
-41
1282
-1199
-67
-16
2:0
1
7
-2
-6
12
-11
37
-36
10
-9
-1
10
-12
11
-11
4
2
197
-105
-97
-1
9
-9
0
2
80
-79
-3
10
-6
-3
0
299
-279
-20
0
-1
55
-47
0
-8
58
-57
0
-1
1
10
-9
16
380
-390
-6
49
-51
2:3
-3
211
-182
-18
-12
0
6
94
-33
-61
-2
-5
3
15
6
-19
9
74
-87
20
-21
-1
0
2
0
2
466
-469
2:0
14
2
-1
-9
32
-38
8
-8
3
2
-4
14
50
-66
6
-4
2
133
-136
3
2
1
-6
-1
4
448
-452
8
1
-8
-1
1
2:0
3
123
-127
18
-13
-5
0
15
-12
2
0
-5
12
-11
2
6
-5
-4
0
1
-1
6
-4
0
-2
0
1
-1
3
-3
4
-1
9
-1
-11
4
31
-33
0
55
-15
-41
67
-61
-7
0
6
129
-135
2
-2
260
-260
0
40
-35
1
-6
11
-1
-8
-2
5
-5
5:0
1
-1
36:0
1
-1
0
1
-1
1
-1
9:0
1
-1
4:0
1
0
-1
4:0
1
-1
6:0
1
2:0
-1
9:0
1
0
-1
8:0
1
-1
13:0
1
-1
5:0
1
0
-1
0
14
-14
0
2
-2
4:0
1
-1
1
-1
3:0
1
-1
9:0
3
-3
2
-2
4:0
1
-1
4:0
1
-1
2:0
2
2:-1
5:0
1
-1
5:0
1
2:0
-1
2:0
1
-1
7:0
3
-3
10:0
1
-1
3:0
4
-4
0
3
-3
1
0
-1
0
1
-1
8:0
1
0
-1
0
1
-1
0
2
-2
3:0
3
-3
1
-1
4:0
3
-2
0
-1
6:0
1
-1
2:1
-2
2:0
2
0
-2
4:0
1
2:0
-1
1
-1
0
2
-2
1
-1
1
-1
5:0
5
-5
2:0
1
-1
0
end
