v1
820
187
48
300
208
486
2:52
87
48
56
440
84
21
14
51
38
292
174
54
17
39
7
15
28
118
496
46
56
0
109
59
154
0
111
30
128
130
45
95
17
280
143
13
139
159
55
77
4
98
87
173
15
180
271
69
32
30
46
106
121
21
10
136
80
19
99
126
41
120
40
166
27
220
70
25
140
43
132
63
22
45
9
186
213
102
7
2
22
35
162
28
277
109
10
138
20
67
175
194
63
79
48
9
139
93
7
78
98
59
45
210
126
227
110
87
63
125
121
0
310
494
142
7
63
81
149
59
67
98
115
66
3
0
10
47
193
84
99
218
321
6
61
68
57
47
62
55
106
39
55
30
61
278
243
38
356
409
7
84
187
123
257
18
109
64
219
145
28
312
44
250
59
338
7
116
65
27
13
16
9
3
33
6
19
13
43
3
24
8
3
28
3
46
2
3
14
7
0
127
13
105
57
16
4
5
1
11
14
48
59
6
8
45
5
65
37
1
57
17
14
231
74
303
4
66
46
127
120
94
76
55
195
219
110
196
108
10
12
27
116
146
138
54
121
141
85
101
41
87
3
0
169
146
5
97
185
129
275
23
0
14
10
266
23
10
5
33
66
17
70
229
41
309
114
86
7
5
94
396
500
301
71
5
7
10
7
114
55
19
24
93
55
50
6
105
4
2
24
85
128
37
94
75
50
15
310
3
404
229
19
37
221
33
30
17
154
25
2:6
2
72
90
38
19
107
2
5
8
1
146
40
283
110
339
270
38
41
24
82
102
38
204
0
26
147
37
175
70
121
8
3:43
45
232
51
38
100
54
47
3
28
22
6
0
2
145
2
88
153
59
5
20
3
104
94
33
224
194
199
5
47
26
226
1
91
31406
22
9
12
31
46
49
17
49
33
0
53
44
85
69
19
76
66
54
36
8
22
18
914
118
80
22
68
111
71
72
94
15
0
1
2
56
3301
2211
2
314
9
3
1553
3764
1376
7581
1109
1405
706
15
2661
9744
3
790
400
5304
423
2182
819
925
2139
1385
2
4
0
10
8076
1
2826
882
958
1533
917
16
985
4159
2:8
2
5
1
1427
15471
91358
13098
3544
1
7716
25
73
9417
32379
39
3
18
4
26
7
39
20
29
32
115
12
20
53
36
5
9635
45012
731
0
159
157
7
2
27
18
38
4
15
0
20
33
92
1
16
27
12
1
3
7
2
11
2
31
0
738
113
55
8
2
7829
13109
3093
1178
9030
7980
575
1668
539
334
189
665
436
532
2
8
1
43
4
55
3
28
8
55
31
35
5
1
43
47
4
6
30302
1513
8491
64
176
100
0
138
484
104
84
3
103
0
96
0
23
70
150
67
277
11
2
43
28
41
103
405
215
210
36
15
14828
222
11712
2:1
163
12
-488311
242
142
100
0
234
0
10
0
367
0
110
3
1178
18
176
76
720
421
348
30
0
10
357
72
304
213
0
325
56
0
64
51
107
0
98
138
461
0
229
0
103
1116
108
438
4
210
70
302
47
69
33
396
12
496
648
8
0
14
0
462
99
0
600
1293
354
196
1220
429
477
2
551
15
83
0
12
171
70
144
1198
0
61
667
9
55
0
176
0
7
0
13
124
5
0
57
37
132
44
0
52
72
153
105
574
593
11
0
899
27
0
129
653
0
139
650
118
136
141
1168
1195
7
85
710
115
260
58
30
762
186
379
40
270
470
54
157
0
888
954
75
18
0
198
0
260
753
61
18
32
121
3
228
177
1
13
19
62
183
0
86
111
46
31370
15
103
250
49
210
1245
324
0
54
188
27561
0
11036
8884
10743
4653
0
7631
121373
53342
43
40
10
0
182
0
6677
0
48668
621
892
59
61
3445
34041
0
9703
0
21
50
0
16
0
70
6
4
3
41
8
20
100
40588
31
631
0
1261
55
27781
1413224400
599:0
1
219:0
638
-633
3
0
69
-59
108
-90
51
-77
0
41
-46
5499
-5493
-6
-2
1
288
-288
2183
-2004
-162
116
-134
9
-4
-2
-3
48
-48
1
0
11
2:-6
67
935
-980
1
-21
5
-7
176
-172
-4
18
123
-127
4868
-4609
-140
-114
118
-136
7
3
-12
30
-25
41
-31
-14
17
-9
25
-23
831
-833
84
-63
-23
179
-126
-59
2
8
-10
4
-5
3
-2
0
2
-2
10
-10
3
2:-2
1486
-1284
-199
5
28
139
-151
165
-183
21
273
-296
694
-695
-2
0
3
13
-15
26
-24
-1
9
-1
-10
47
242
-284
0
45
-27
-9
-14
21
-19
1072
-1074
3
12
209
123
-333
0
-3
298
-310
14
-1
117
-4
-107
-19
29
-6
2:-11
15
5
584
-601
13
-12
1
-2
56
-41
1463
-1470
-8
11
434
-438
148
-152
-3
14
31
-47
8
101
53
-155
-5
6
9
-18
26
-27
30
-27
2
4
8
-16
82
80
-162
1
22
-6
-14
68
-52
-13
-5
11
-11
0
183
-171
58
-54
362
-379
383
-381
28
39
-20
366
-415
48
-42
18
932
-955
240
-222
-17
78
-1
-64
-15
2
4
-6
48
46
-61
-12
-9
47
-39
588
-599
-7
135899
-135900
10892
-10567
-323
11
24
882
-862
-43
103
1041
-1148
-6
0
65
-64
41
-47
157
-154
12
-14
0
21
-14
-9
111
-106
0
225
-188
54
-73
29
635
-546
-134
-4
21
-11
-12
-1
146
-66
-79
574
-574
41
-41
11
-8
24
-28
10
-9
189
-175
-14
7
621
-579
-47
-1
0
15981
-10892
-5067
-23
425
-417
-7
79
-78
0
66
-53
321
-335
1
6
-8
1
-1
9
-4
1936
-1910
150
-182
20
54
-71
93355
-93334
-15
162
-148
-6
-14
-1
18
0
1677
-1694
-1
0
1793
-1794
48
26
-57
9
26183
-26183
-23
15
-14
-4
1042
-1030
276
17166
-17388
-67
1
6
-5
0
5285
-5270
-4
382
-388
31554
-30423
-1104
713
-743
32
-33
4
-4
1
13
0
-16
3799
-3791
3
3425
-3406
253
-283
2
-2
2
13
774
-788
-1
490
-339
-116
-32
192
-114
196
-121
1440
-1224
870
-1238
-3
3
-2
213
-182
43
-61
-6
492
-500
-1
105
-97
-8
216
-69
-148
10
-9
862
-488
-268
35
-128
69
-79
-3
1459
-1454
605
-602
391
-399
1
57
-55
717
-714
5
12
1314
-1336
0
-1
41
-39
2
173
-138
-25
-13
69
-69
85
-83
2
28511
-28510
1
47
-54
153
-152
2
91
-64
314
-68
5909
-5951
-234
44
-42
343
-341
-4
0
886
-883
8
-7
2:6
-17
17
3702
-3678
-33
-6
0
166
-37
-11
-106
147
-158
28
-19
3
0
-11
21
-21
-3
25
-7
67
-62
-13
5
58
54
-128
2
0
80
-72
19
-22
-6
0
43
-38
3
-5
22
73
65
-161
13
33
-41
238
-202
-14
-25
1066
-1062
69
-76
32
145
-175
2
50
-46
83
-92
1516
-1454
313
210
-570
-9
5
8228
-6314
-1911
0
-14
0
678
-676
383
-345
-1
-35
0
1032
-1022
-11
157
83
-224
-15
4
12566
-12565
420
-426
-1
65
-58
1
-10
30
310
-12
669
315
-1309
-5
0
1
-1
2:0
1
-1
3:0
-1
2:1
2:0
2:-1
0
2
-1
3:0
-1
1
2:0
-1
2:0
2
0
-1
2:0
-1
1
3:0
-1
2
2:0
-2
0
1
-1
2
0
-1
1
-2
1
9:0
-1
2:1
-1
1
2:-1
2
0
-1
0
1
-1
2:0
1
-2
2
-2
1
2:0
-1
0
1
0
1
-2
3:0
2
-2
2:0
2
5:0
-1
0
1
-2
1
4:0
-1
2
-1
0
-1
2:1
0
-1
0
-1
2
-2
2:1
-2
2:1
-2
1
-1
0
2
-2
1
4:0
1
0
-2
2
-2
2
-1
1
-2
1
-1
2:1
-2
2:0
1
0
1
0
-1
0
1
2:0
-1
0
-1
2
-1
0
-1
2:1
-2
4:0
2:1
-2
0
1
0
-1
0
2
0
-1
1
-2
2
-1
0
-1
0
1
4:0
1
-1
1
-1
1
-2
4:0
1
2:0
1
0
1
3:0
2
4
-6
2
0
-2
2
2:-1
115
-114
-1
2:0
12
-12
12
-10
3
-2
-3
0
15
-15
0
2
-2
5:0
13
-13
1
2:0
-1
0
11
-9
-2
3:0
2
-2
2:0
3
-3
2
-2
0
1
-1
4
3
-7
1
-1
1
3
2
-6
1
-1
4:0
2:1
2:-1
1
-1
1
-1
7:0
24
-14
-10
0
5
-4
0
19
-19
4
-4
0
1
-1
0
-1
3
-2
-1
5
-4
0
-1
3
-3
0
8
-8
0
7
2:-3
-1
2:0
11
-11
1
0
8
-8
3
0
-3
2
-3
3:0
6
-6
0
1
-1
1
3:0
-1
5:0
3
-1
-2
2
-2
0
42
-42
6
-4
-1
0
-1
0
1
-1
80
-80
0
2
-2
2
1
-3
6
-6
0
2
0
-2
31
0
-31
1
-1
6
-6
15
1
-13
-1
0
-1
0
24
-24
15
-16
1
-1
30
-30
2
-2
2:3
-4
-2
0
2:4
-8
1
0
3
-4
8
-8
4:0
4
2:-1
-2
2
5
-5
64
-66
2
1928
-1930
99
-71
-27
3
1
2
-2
11
-5
-10
-1
3
0
17
-18
2
-2
9
-9
-2
1
0
3
-4
1
10
-10
3
24
-26
-1
16
-15
17
28
-46
-1
4:0
18
-4
-12
2:-1
7
-7
4:0
1
2
-2
3
-4
3
11
-9
-5
1
-1
446
-287
-156
-3
4
-3
0
15
-15
-1
6
-3
-1
-2
0
1
0
-1
0
1
-1
82
-78
20
-24
2:2
-4
382
-374
-5
28
-30
0
-1
0
5
-3
98
-100
4:0
12
6
-15
0
161
-161
2:1
-5
2
18
-20
39
601
-627
-12
-1
2
2:0
106
-108
1
23
-22
489
-426
-64
42
-41
-1
1
2:0
-2
5
2:-2
233
-234
0
152
-149
9
-12
1
-1
2
-1
2
-3
0
10
8
-17
0
34
-31
10
30
114
-154
19
-22
-1
2
-2
8
-2
5
-5
-6
78
-78
2:0
2
-2
4
26
-30
2:0
19
17
-33
7
-8
-2
2:0
70
-69
20
-19
3
-5
3
-2
0
4
-2
-3
20
126
-144
0
-2
5
0
-2
2
-3
1
-3
2
-1
1
-2
0
237
-237
2:2
-4
10
-10
2
25
-27
0
11
488
-496
-3
2
-2
10
-8
0
-2
2:0
3
-1
0
3
-4
2
178
-180
-1
2:0
48
-31
-15
12
-14
10
-10
0
6
0
-6
2
-2
1
16
-14
7
-1
-8
4
8
-8
-5
1
0
1
2:-1
1
-1
0
14
-14
1
0
4
-4
12
-12
2
6
-6
-1
4
-6
2:0
1
2
-3
0
5
-4
0
11
-12
16
-16
1
4
2
80
-85
2
-3
158
-68
-89
0
-2
1
141
-142
9
-6
-1
-2
2:0
1
-1
6
8
-11
-3
2
432
-433
76
-77
1
13
0
-14
3
-2
16
-10
-1
5
-7
-4
34:0
1
-1
2:0
1
0
-1
1
-1
8:0
1
-1
54:0
1
0
-1
4:0
2:1
-2
4:0
1
-1
41:0
1
0
-1
7:0
1
0
-1
2:0
1
-1
9:0
1
-1
2:0
2:1
3:0
-2
5:0
1
-1
10:0
1
-1
end
