v1
627
21
117
159
287
82
45
32
111
46
465
55
39
9
8
71
51
107
113
92
54
119
314
67
62
109
57
19
37
7
161
98
107
169
122
46
83
23
2:59
265
16
102
135
35
140
592
159
55
5
76
98
151
109
184
2:11
111
149
22
79
76
232
26
216
151
93
20
21
78
248
0
74
101
72
278
122
10
130
375
5
0
130
119
137
277
4
166
54
33
20
136
27
5
74
393
139
93
242
45
166
401
75
31
187
68
20
297
96
38
16
65
0
32
88
293
442
59
67
193
20
69
88
345
28
168
237
64
177
12
287
67
55
30
20
0
174
145
0
281
44
29
48
0
288
356
7
84
0
41
146
123
275
16
102
325
122
312
44
250
59
19
31
105
349
22
27
29
70
13
43
2
10
7
16
0
3
23
8
46
2
3
14
13
42
62
0
13
3
1
13
90
15
2
56
24
1
11
62
118
40
26
4
41
16
55
127
118
374
70
3
70
8
92
3
120
385
11
0
24
219
110
30
284
33
6
29
87
104
42
192
27
94
141
85
44
57
41
85
2
3
78
91
30
116
5
86
196
116
13
79
233
10
153
113
23
10
5
32
1
66
17
70
229
0
41
106
203
114
93
0
12
7
45
123
0
712
96
192
0
109
71
12
10
367
50
0
6
105
4
2
24
42
115
187
75
50
8
28
21
268
15
392
176
48
5
19
258
31
2
57
35
134
6
80
0
53
37
38
19
3
16
19
69
7
11
54
90
18
95
179
31
57
53
447
164
36
65
182
2
415
37
175
16
54
63
66
7
36
2:43
6
39
60
99
124
38
100
41
13
35
9
3
2
1
50
6
2
147
88
212
5
23
104
92
2
33
118
106
119
75
157
2:47
63
21
134
34
92
51
31350
5
31
43
39
7
0
49
61
40
93
2
69
104
76
66
54
8
0
28
8
22
932
135
0
41
44
68
111
0
71
160
6
18
320
3037
6
1891
314
328
1553
5140
6258
1322
3236
1889
10516
793
5704
2605
819
1797
432
842
1378
2
4
8085
2:1
2812
14
1840
1533
919
14
474
1536
3133
1
18
6
1427
3560
494
0
102775
13099
3543
1
7716
21
4
26
47
9417
18301
14110
10
18
4
33
130
18
0
87
12
20
72
17
2:5
11010
44522
164
29
18
34
11
12
162
27
12
1
12
0
11
757
0
56
3585
4382
9023
1788
2
2294
3093
1178
3879
2717
2434
7980
2243
539
333
1
133
56
665
436
532
2
1
2
5
6
42
44
14
28
10
45
8
0
31
6
34
1
0
11
0
32
38
9
4
5
1
30302
0
9786
103
115
0
64
94
82
15
85
600
22
104
87
92
11
101
88
336
16
111
31
28
0
56
41
103
132
698
0
36
15
0
13
11094
3943
11712
2:1
0
146
17
66
-485786
6977
618
1775
3080
499
692
1119
806
4651
1012
194
4447
48
3205
686
643
2
32978
72520
174950
36073
28759
10811
13163
11474
3914
1413016800
599:0
1
26:0
4
-3
3
-3
2
2:-1
1
3:0
22
19
-36
-5
3
24
-29
0
6
2176
-2177
2:-2
0
418
-417
2759
-2736
-7
-11
102
-107
7
68
-76
1
54
-54
4
-3
7
-8
15
521
-344
473
-666
0
6
33
-40
116
-97
60
-79
1
38
-35
-2
19
-19
102
-84
-18
2
-2
36
-36
2:1
4
1
178
-183
53
-57
2
63
-64
0
3
6
135
219
-364
4
-1
102
-100
-4
12
2405
-2329
-67
-22
903
-901
3
5
6
-14
32
-23
-9
30
280
-309
1112
-1115
1
0
1
18
7
190
-216
354
-354
61
-56
26
241
-237
-26
-8
-1
1
-1
0
7
-7
9
-10
5
-5
8
-1
-6
1
-2
8
-1
2
-9
27
-25
-1
2:2
301
-288
-18
1
-1
82
-33
-34
15
-19
-11
3
-2
2
34
-33
9
-5
53
54
-114
0
18
-16
2:0
-1
46
-42
-4
4
2
-6
150
-149
-1
2
9
43
-54
8
60
-70
931
-733
-195
20
34
-53
7
-4
146
-148
86
-90
4
73
-78
0
34
-34
4
8
12
24
27
-72
1
39
-40
197
-198
352182
-352174
3858
-3865
129
-130
28
-15
-13
19
138
-147
2:-6
229
-228
4
-5
12
-4
-7
14
-5
-10
94
-87
-4
1
0
-1
-3
3
24
-21
-5
3
84
-57
-22
17
-23
0
692
-664
143
-169
-4
2:0
3
140
-141
-2
0
38
-38
0
39
-38
11
3
46
-60
1
13
-10
-3
56
-32
-21
46
8100
-5042
-3064
-45
-1
69
456
-524
-1
2:0
101
-79
19
-35
-1
-3
0
4
-3
2:0
-2
0
1024
-1004
-17
-2
8
12
-8
-13
0
29934
-29886
-47
-1
1
253
-52
-195
32
-12
-2
-25
991
-983
30
-11
-4
2:-7
1747
-1757
22
-21
7
3
-6
-5
5
71
-43
318
-349
15206
-15207
-1
11
-6
-5
2
1
1061
-1062
302
5031
-4623
-442
-270
159
-132
-25
24
-6
118
-131
9
1
3094
-3108
-3
14
1443
-1457
215
-215
6739
-6671
94
-150
-10
1
-2
16
-14
-1
335
-337
55
-29
-4
87
-106
0
681
-684
100
-99
2
0
-1
47
-27
68
1
-77
-13
1547
-1522
-23
123
-121
-3
252
186
-333
761
-841
-3
3597
-3615
246
-186
-63
-1
81
428
-509
0
55
452
-508
1
151
-151
-1
91
267
-353
-5
14
-11
-3
-1
3
19707
-19704
19
-24
2:1
37
-37
29
113
-83
-49
348
-359
79
5786
-5865
8
154
-160
7201
-7202
-2
2
0
3
495
-474
-27
9
2143
-2147
-4
45
-38
51
-58
7
19
-15
15
12
-12
-11
8
-3
62
-76
1
-5
-3
0
92
-92
2
78
-70
-8
3
-5
5
14
11
-27
6
-4
0
3
-3
8
5
39
-55
16
-14
23
169
-195
9
526
-532
-3
6
0
45
-51
45
-44
2
-3
0
4
-4
39
-10
-5
418
-436
0
33
-32
-1
1
2659
-2664
403
-397
144
-152
7
1188
-1167
-25
2
-2
6
1251
-1248
-4
-5
-1
0
1528
-1482
189
-237
5
1
5
-4
-1
-5
-1
19
32
4
-49
0
-4
711
22
-736
26:0
1
10:0
1
6
-7
5:0
2
57
-59
3:0
11
-10
2
-3
1
-1
2:0
1
18
-19
0
4
-4
4:0
5
-3
4
-6
3:0
1
-1
5:0
2
-2
3:0
1
-1
0
1
-1
4
-4
1
0
-1
0
1
2
-3
2:0
1
-1
2:0
1
10
2
-13
2:0
4
-3
-1
2:0
7
-7
0
1
-1
4:0
2
-2
2:2
-4
1
2
-3
3:0
2:1
8
-10
1
-1
4
-4
1
-1
2
-2
2:0
1
-1
0
1
0
-1
3:0
1
0
-1
6:0
4
-4
3:0
14
-10
-4
3:0
2
-2
20
-20
4:0
1
0
-1
0
2:13
-26
2
-2
4:0
10
-3
-7
1
-1
2:0
1
-1
0
2
5
-7
0
12
-12
0
15
-15
0
6
-5
-1
0
6
-6
2
-2
1
3
-3
-1
3
-3
1
2:0
3
-4
1
2:0
-1
32
-32
801
-800
66
-67
12
-12
0
1
-1
5
-1
7
-11
0
1
-1
1
-1
0
3
-3
3
-2
-1
5
-4
3:0
1
-2
0
10
-10
2:0
14
-14
0
10
-10
0
12
-12
29
-29
8:0
6
-6
0
8
-8
0
3
-1
-2
0
4
-4
0
3
-2
0
2
212
-144
-65
-6
2:0
1
-1
3:0
13
-12
0
-1
1
0
-1
1
-1
3:0
1
59
-58
-2
2:0
5
3
-8
0
219
-219
2:0
1
-1
24
-24
0
1
0
-1
65
-64
7
-5
-3
1
-1
69
-69
7
-7
1
-1
2:0
1
8
-4
11
-16
286
-286
0
3
-3
3:0
60
-60
7
186
-168
-1
-24
0
1
0
-1
2
-2
1
-1
3
0
-2
-1
0
91
-91
2:0
76
-69
-6
-1
6:0
12
-12
17
-15
0
12
-14
0
72
-72
7
-7
3:0
4
-1
2:0
2
-5
12
-7
-5
2
-2
0
16
-2
-3
-8
-3
1
29
-29
12
-13
2:1
4
-5
-1
0
14
48
-62
0
4
2:-2
1
4
-5
0
1
-1
3:0
112
-109
-1
-2
2:0
4
-3
1
22
-23
-1
2:0
5
508
-513
0
4
-4
13
-13
4:0
2:2
-4
1
104
-103
-1
22
-23
3
0
-2
-1
4
6
-8
1
3
-2
0
1
-5
2:0
1
0
-1
2:0
13
-13
4:0
1
5
-5
-1
2
-2
2
-1
0
2
-1
-2
3
-3
2
3
-5
0
9
-9
0
2
0
5
-7
7
-7
0
1
2:0
-1
7
-3
-4
75
-74
0
-1
3:0
115
-115
50
-50
2
2:-1
115
-109
-6
1
-1
2
-1
1
-1
0
-1
0
158
-155
30
-33
5
0
1
-6
0
3
-3
2
6
-6
-1
0
-1
11
-11
22:0
1
-1
2:0
2
end
