v1
700
743
486
239
52
78
485
314
276
19
56
22
28
118
1031
11
19
398
17
575
159
494
195
271
282
143
10
136
503
435
278
369
268
135
31
225
277
72
185
20
67
175
137
57
27
36
368
67
175
993
148
283
113
172
209
442
339
126
376
433
106
135
57
136
28
291
278
309
744
394
106
169
1171
404
237
54
29
43
4
15
16
9
25
51
14
134
60
58
82
54
20
73
50
65
57
182
118
447
293
225
160
35
329
262
52
33
1
5
116
146
138
54
121
141
227
677
15
129
281
330
46
2
303
79
41
516
187
808
199
102
42
41
377
56
135
12
145
187
75
50
1238
63
194
2
6
38
1
41
128
126
15
147
198
235
647
45
20
184
415
37
175
17
53
121
8
43
414
38
100
54
47
59
2
55
34
58
88
130
82
5
20
3
193
3
2
257
281
164
252
31498
22
9
290
44
173
76
8
58
54
36
8
22
1130
22
179
237
18
47
9
3301
2211
328
1553
15956
12405
9921
4449
2
8096
2821
882
958
2940
509
4161
18
5
1428
106829
13098
3544
1
7741
73
9417
32421
18
4
268
12
20
89
2:5
55525
7
157
7
29
219
6
12
27
10
2
1
12
11
2
755
21130
21281
575
1668
1016
711
968
2
1
2
22
31
86
94
31
9
1
90
4
6
30302
10004
64
176
100
726
82
514
277
84
41
103
305
15626
1977
9735
2:1
109
54
72
-488186
57
433
180
245
33
68
25
213
211
31
130
133
0
98
614
0
44
421
282
120
45
541
0
202
16
119
260
28
722
53
240
147
0
169
67
76
70
82
189
0
176
75
126
41
36
100
8
64
298
65
0
72
0
30
239
71
0
65
48
17
95
193
0
41
188
88
29
195
218
10
419
12
0
41
369
7
31
1
9
38
36
105
16
131
202
174
747
0
2:7
5
194
335
0
111
727
134
249
29
4
10
89
203
0
159
0
33
625
409
30
20
131
401
25
16
27
356
53
132
31
193
91
73
95
7
29
37
0
73
287
94
61
0
341
1
330
34
286
67
197
25
41
60
203
27
15
0
59
25
73
21
23
54
2
23
1
22
0
48
33
0
7
127
102
4
14
36
67
59
73
35
57
17
82
380
95
0
134
79
874
19
99
276
73
586
155
0
36
101
131
84
82
3
146
5
38
400
271
14
10
299
191
172
407
114
85
20
185
40
662
468
22
387
4
26
115
2
367
9
164
278
125
282
176
9
44
19
29
8
254
47
8
37
84
62
198
23
19
95
268
210
111
610
199
347
99
52
231
124
145
37
6
27
25
10
237
125
174
125
32
65
165
31
39
152
103
24
118
192
223
4
85
73
135
57
20
48
31507
0
47
0
23
73
49
32
1
22
24
8
13
92
0
159
156
1110
56
112
182
1116
4638
1530
5489
5256
1002
1323
22137
4349
2139
9469
9
17
2795
0
4320
1997
3146
8
1
2:8
4960
103295
13100
3074
8186
51
40860
914
108
0
50
8
211
128
6704
4333
43632
731
197
128
2:45
12
46
7
10
0
16
20
46
60
5
2
741
43
170
7839
10813
5387
1178
12281
5542
320
1983
189
1640
2:2
25
6
57
47
53
7
1
0
13
55
47
31872
8191
609
605
198
41
59
233
505
34
11
690
102
51
159
36
28
83
26745
0
1413870000
299:0
1
399:0
11
67
-37
734
-761
2491
-2476
28
43
818
-848
7
2142
-2207
5042
-5040
157
-102
47
-105
209
-136
-22
-29
2:-6
86
-16
164
-238
-5
288
-207
-27
7
255
-308
43
-49
23
0
-26
6
19
-20
-3
310
-310
184
-178
37
-28
-2
48
-40
30
-48
296
-293
22
-4
-22
62
-62
-3
3
981
-846
68
-195
2548
-2553
-7
20
-1
42
-53
912
-904
6
-7
-4
38
11
-45
68
-37
105
-151
21
148
-146
33
2371
-2416
90
-88
37
-39
17
-18
109
162
72829
-73090
14
4886
-4737
-169
-11
23
-20
195
60
-255
14
-11
-8
21
-9
314
-79
-166
3
-79
-6
113
-109
35
-18
-17
32
470
-494
5
-14
7085
-6004
-1057
6
-8
339
-361
93
-81
16
-29
788
-600
-172
18099
-18109
184
-120
-55
8
1182
-1206
26
-7
-8
-11
17
2085
-2095
157
2
-128
10225
-10202
105
1421
-1572
-11
-1
150
-155
207
386
-587
222
-226
417
-390
11
-16
-22
1279
16369
-17632
79
-77
300
-214
-96
2:-2
26
912
294
-989
520
-768
1143
1943
-3065
-13
47
42
-7
430
-515
785
-61
-719
-2
682
1218
-1891
-13
18
293
-309
34
18361
-18376
-4
43
-61
49
99
152
-255
5496
-5541
40
790
-832
62
6
117
1330
-1514
130
-129
203
-132
-53
-9
-2
22
-25
1410
-1415
4
27
-22
-7
-1
18
-6
2
23
-40
6
11
-5
6
-16
3
85
-6
-70
11
6403
-6423
523
-44
438
-909
5
698
-396
-173
207
-336
820
-793
2646
-2650
28
1889
-1956
5
1
41
-1
31
1248
-1123
-213
0
-2
3
1
2:-1
2
2:-2
2
-2
5
0
2
-2
0
-3
6
1
-8
7
-7
2:0
2
4
-6
7
-6
3
2:-2
0
1
2:2
-6
6
-3
0
-3
2
-2
5
-5
6
-6
2:2
-3
3:0
2
-2
2:0
7
-7
1
2
1
0
-2
-3
0
4
2:-2
2:2
1
0
-3
5
2:-2
-3
2
6
-6
0
4
0
1
-7
5
0
-3
-1
8
-6
-1
-2
1
0
6
2:-2
3
-2
0
-3
0
4
0
-4
1
-1
1
-2
2
0
-2
2
1
2
-4
-1
5
-5
5
-5
2:2
6
-9
0
1
3
2:-2
0
2
3
-3
-1
8
-6
-2
1
-3
3
-1
6
-3
2:0
-5
0
2
3
2
-5
6
0
-3
0
-4
2:0
-1
3
4
2
-7
1
-2
2
-1
-2
5
2
-3
-2
-1
0
-1
8
-7
2
4
-3
3
-7
1
0
6
0
-5
6
-1
-4
4
-3
2:-2
1
9
-6
3
-6
0
6
-7
2
5
-5
2
-4
3
5
-8
6
-6
3
6
-7
-2
4
-4
0
6
-2
-4
4
2:-2
6
3
-7
2
-4
4
-2
4
-6
8
-6
3
-2
-1
4
-6
3
0
-1
1
-1
1
3
-2
0
1
-3
-2
4
2:0
5
-5
-2
4
-5
2
-1
0
2
-3
-1
3
2
-5
0
2
-2
4
-1
3:0
5
-7
2
-2
5
-2
-1
7
-1
-9
0
3
6
-6
0
3
2:0
2:-2
0
-1
4
0
-1
-3
-1
10
-7
-2
2:0
-1
1
7
-6
0
-2
4
0
-1
1
-4
4
-2
0
1
2:0
-2
0
5
0
-4
3:0
4
1
-6
5
-3
4
2
-8
0
2
0
-2
1
-1
6
-7
7
-7
8
-6
2
-4
0
4
2
-5
4
-4
-1
2
-2
3:0
7
-4
2:0
-3
0
6
-4
5
-4
2:0
4
-5
6
-2
-6
2
0
-1
2
-1
2
-4
4
-4
1
3
0
4
-5
-1
63
-61
-2
8
6
-7
-6
2:1
-2
-1
0
4
1
-4
-1
1
2
-3
2
2:-1
0
6
-5
-1
0
2:1
4
12
-18
6
-5
-1
7
-7
3
-3
2
2:-1
0
9
-8
6
-7
0
6
-3
7
-10
3:1
-2
-1
0
1
-1
2:1
4
11
-16
2:11
-22
2
-3
22
-15
-5
-2
0
2
6
-1
-3
3
-7
10
8
-18
2
-1
3
4
-5
1
3
-5
0
-1
0
1
27
-29
1137
-1136
0
51
-27
-24
0
1
2
0
-4
2:3
-3
-1
15
-16
31
-32
4
6
-8
-2
13
-12
11
-12
3:2
-4
-2
0
215
-181
-29
-3
-2
2
0
1
-3
0
2
42
-27
-15
189
-191
22
-21
2:1
59
-62
8
2:-4
2
0
79
-78
13
-10
7
256
-260
-8
71
-72
0
2
6
-8
78
-28
-47
18
-20
-1
4
-1
-3
2
73
17
-85
8
-9
39
-29
-16
2:1
10
67
-77
5
-7
2
15
313
-326
-1
-3
6
12
-13
-2
28
-16
-13
3
89
-76
-18
2
2:-1
3
1
120
-124
5
4
-7
-1
11
-11
6
510
-517
1
23
-23
4
-1
5
78
-86
-1
2:5
-10
1
-1
0
15
-13
1
2:2
-1
-3
-1
3
-3
1
-3
7
-7
6
-1
-5
0
1
-1
4
-2
1
-3
185
-182
2
4
112
-118
-3
73
-45
-25
107
-110
105
-99
85
-88
20
88
-109
1
3
-3
0
-3
16
-15
-1
14:0
1
0
-1
0
19
-19
1
-1
2:0
1
-1
8:0
1
0
-1
1
-1
4:0
1
-1
3:0
1
-1
20:0
1
-1
7:0
1
-1
2:0
1
0
-1
1
0
1
-2
9:0
1
-1
14:0
2:1
-2
3:0
1
-1
2:0
1
-1
10:0
2
-2
0
1
-1
2:0
3
-3
0
1
-1
3:0
8
-7
-1
1
-1
12:0
1
-1
0
3
-3
4:0
1
-1
2:0
1
-1
1
-1
0
4
-3
-1
0
1
0
1
2:-1
2:0
2
-2
1
0
-1
11
-11
2:1
-2
1
-1
0
1
-1
3:0
6
-6
0
2:1
-2
0
1
-1
3
-3
2:0
3
-3
2:0
2
2:-1
5:0
1
0
-1
5:0
1
2
-3
10:0
2
-2
1
-1
0
1
-1
0
1
-1
5:0
1
0
-1
0
1
-1
12:0
1
0
2
-3
2:0
2
-2
2:0
1
0
-1
2
-2
9:0
3
-3
0
3
-3
9:0
1
-1
1
-1
0
1
3
-3
-1
2:0
1
-1
6:0
3
-3
2
-2
8:0
1
-1
2:0
2
-2
3:0
1
-1
4:0
1
-1
2:0
2:1
-2
2
-2
5:0
3
2
-5
3:0
end
