v1
666
317
222
611
131
187
130
485
146
82
86
67
171
57
56
22
28
118
619
0
150
95
455
168
564
295
358
184
282
435
194
159
148
435
71
67
95
244
156
420
135
256
277
257
227
35
1013
65
44
173
557
8
431
113
345
36
233
209
4
122
156
57
69
57
404
885
463
88
281
28
93
544
442
59
275
171
57
164
779
570
154
43
38
31
46
153
118
82
66
8
59
6
58
35
30
57
38
144
118
85
362
78
95
120
385
35
329
4
310
39
116
338
121
47
94
85
101
300
151
97
185
441
299
48
153
229
41
1511
185
7
109
93
367
56
109
2
279
89
75
848
163
277
33
176
56
80
128
19
38
69
7
8
147
40
158
235
339
270
103
184
452
175
17
174
8
43
80
210
124
38
100
54
47
61
89
6
52
88
153
59
5
20
3
193
5
151
769
34
92
31406
22
9
208
79
3
44
85
88
142
54
36
30
932
220
68
111
71
166
18
47
9
3301
2211
328
1553
5140
10816
12405
793
2041
7087
4449
2
8090
6
3703
943
15
7610
7
11
5
108257
16643
7741
9490
32421
22
33
88
147
32
89
5
55463
74
157
7
57
47
146
11
5
27
12
1
12
11
2
755
21130
3093
20431
1062
665
968
27
31
86
63
31
40
1
65
29
6
30302
10004
64
176
69
757
379
217
119
20
138
84
144
90
576
200
14998
71
1973
9735
2:1
163
12
60
-488305
176
253
34
320
251
31
43
31
237
208
0
52
61
97
49
170
28
340
209
485
262
0
159
6
110
341
133
86
804
29
117
7
261
212
103
361
550
445
58
182
164
79
174
23
11
616
0
163
16
8
0
179
432
24
37
49
58
298
16
264
0
196
106
72
202
294
0
269
110
87
581
54
266
569
76
259
22
0
47
99
78
406
478
128
7
39
18
34
75
20
180
55
29
1
211
125
599
94
24
0
64
44
31
0
116
77
7
259
165
85
148
121
404
24
384
309
323
15
7
170
11
27
13
16
45
6
19
38
6
0
2:9
29
85
91
30
10
16
14
0
169
186
188
18
14
68
1592
88
0
70
46
118
42
350
99
115
487
31
51
57
58
33
116
91
352
52
196
6
17
323
408
362
172
27
8
12
7
218
258
843
29
12
186
136
105
75
36
243
130
7
2
85
357
3
122
61
406
63
222
161
94
40
33
17
126
80
1
5
384
134
45
57
39
348
277
36
147
140
145
62
10
157
3
71
274
155
40
277
22
271
28
36
154
303
116
127
224
102
70
141
85
47
21
42
123
157
42
31360
6
73
161
33
9
15
43
184
23
72
128
76
968
81
13
28
337
65
1008
10281
10066
0
6321
8213
5105
1389
423
3926
3
1301
2226
10
8047
28
2
2826
3373
933
0
983
1014
3163
121362
1
53154
75
15
106
31
0
129
80
11037
25036
19459
20
173
0
5
40
34
168
19
42
6
784
3627
15766
5994
9030
3251
4729
1133
1648
335
88
683
1053
1
0
2
0
6
25
5
13
2
1
66
55
25
38
3
0
10
36
32
38
9
6
31819
8831
138
484
191
103
541
153
241
26
570
210
61
3
26896
133
0
1413723000
299:0
1
365:0
23
21
11
-46
15
21
3508
-3534
57
-66
16
5
288
4328
-4561
163
-235
7
0
39
-40
-8
4
96
-78
181
5420
-5413
-177
38
489
-548
-11
81
-43
-37
6
1102
-890
-187
613
-511
-114
118
-99
-42
21
-21
2:0
317
-314
105
-108
63
-15
139
-178
376
-384
316
-318
17
203
-216
-2
10
-6
43
89
-40
-98
196
-158
1424
-1434
-13
30
-27
10
24
-13
-31
-7
62
-52
277
-270
38
44
-89
70
-44
307
-326
-12
-6
35
-35
59
-57
59
-13
-15
-23
301
-305
89430
-80025
-9309
-88
7
-14
17
-20
57
-52
10
55
-72
-1
38
83
-103
-14
738
-692
35
-78
55
-29
-34
0
2
60
-58
9196
-5021
-4152
-17
55
-50
-4
-7
92
1135
-1227
-4
395
-369
52
42330
-42408
1
394
-380
13
-25
1199
-1049
-123
-13
-16
1606
-1601
15
-18
496
-488
58
44735
-44767
1338
-1375
3
62
-2
-63
347
930
-1273
2923
-2927
0
101
-85
2536
-2547
3481
-3468
59
-66
-4
-7
886
-869
71
-34
23
954
-708
-309
-1
1
61
60
3961
-4082
42
-56
138
-72
148
-61
-131
3219
-2572
-583
691
-653
-95
608
-600
207
-236
-4
126
-124
4
69359
-69368
3
105
77
4427
-4504
369
-477
1
6
-3
92
1551
-1574
27
-85
-15
8
46
18
-72
31
2
-26
-8
86
-56
-20
-2
3
668
-575
-100
1
19
-21
21
144
-168
10
9915
-8612
-1307
28
233
-265
13
652
-434
-228
1300
-1305
2968
-2963
-1
396
2720
-2864
-215
13
-54
12
230
-218
107
-19
-105
187
-90
-86
-26
2:1
2:-1
2:0
5
-5
-1
4
0
-2
2:-1
3
2
4:0
-4
1
7
-6
0
-2
0
-1
1
5
-5
1
-2
5
-5
0
1
0
2
3
-3
1
0
-3
-1
1
0
-1
6
-2
0
-4
8
-1
1
-7
-1
3
2
-3
0
5
-5
0
3
-3
0
3
0
-4
2
-2
0
1
6
-4
2:0
-3
1
6
-3
0
2:-2
2:1
-3
0
2
-1
0
4
2
-6
0
-1
3
1
0
2:1
-4
0
2:-1
3
-2
0
4
-4
-1
0
8
-5
-3
1
2
-3
1
2
2:-1
7
0
-7
1
4
-2
0
2
-4
-2
3
1
-3
6
-6
3
0
-3
1
0
2
2:-2
1
6:0
7
-5
-2
2
-2
5
-6
1
-1
3
-2
-1
0
6
2
-4
-2
5
-1
3
2:-1
-5
3
-3
0
-1
3
-1
-2
7
-1
-7
6
-6
1
2:0
2:1
-3
2
-1
7
-8
0
1
4
0
-4
2
-1
-2
0
1
-1
1
4
-4
3
4
0
-2
-1
2
-2
0
-4
-1
2
-1
6
-7
3
0
-2
1
-1
0
2
-2
0
-1
6
-5
-1
0
6
1
-6
2
-2
4
-5
5
-4
0
-1
7
-4
-3
6
0
-4
1
-2
0
4
-5
5
-4
0
1
0
-1
1
0
-1
7
-3
0
2:-2
6
-2
-3
-2
0
1
5
-1
0
-3
0
-1
6
-6
0
-1
3
2
-5
2:1
0
-2
2:0
4
-1
-2
1
0
-2
2
2:-1
1
-1
1
-1
1
2:2
0
-5
5
-3
-2
5
-3
-2
7
-3
2:0
2:1
-6
2
-1
1
0
2:-1
2
-1
1
0
6
-8
2
-1
2:0
-1
8
-5
3
1
-7
2:3
-6
2
1
2:0
-3
0
4
0
1
3:0
3
-3
66
-66
0
2:1
-2
6
-4
19
-20
-1
4:0
4
-4
4
-4
0
2:1
6
-7
-1
4
-4
0
2
-2
1
2
0
-2
14
-10
-4
-1
12
-12
3:0
1
6
-4
-3
3:0
10
-10
2:0
10
-9
2:1
-3
0
2
2:-1
2
-2
0
17
-14
-3
0
3
33
-36
14
-5
1
-3
3
10
-12
16
-24
3
-2
8
-7
1
8
-10
-1
3
0
-1
5
-3
1
-3
-1
0
32
-32
1325
-1225
-76
-24
6
-6
0
8
-7
6
2:-4
2
1
2
14
-4
-12
20
-13
-10
2
10
-8
-2
0
2
7
-10
311
-177
-133
7
-1
-5
-3
2
0
77
-78
0
9
-5
-2
291
-289
4
9
-18
1
0
48
-41
0
-8
1
100
-99
8
-8
11
-13
12
396
-406
69
-71
0
4
8
-10
97
-31
-67
25
-23
-2
3
-3
157
-158
111
-106
8
-13
0
5
44
-47
28
-21
11
132
-137
-14
3
-1
18
-19
289
-286
-4
-1
1
17
-13
25
-25
29
-22
-11
-1
7
9
82
-97
15
-15
1
4
-5
3
117
-121
1
16
-17
395
-389
-1
-2
-3
3
-2
5
90
-86
12
-17
-1
-4
7
-7
0
21
-20
2
7
-2
-3
-4
0
4
-3
9
-8
2:-1
0
2:1
-2
3
171
-167
-6
0
31
-32
1
48
-16
-33
66
-65
127
-129
0
1
309
-263
-46
0
3
-4
0
6
5
1
-7
0
-2
0
-3
1
-1
1
-1
10:0
2
-2
4:0
7
1
-8
1
-1
3:0
1
-1
28:0
1
-1
0
1
-1
5:0
1
-1
1
-1
9:0
1
0
-1
16:0
2
0
-2
2:0
1
-1
8:0
1
-1
3:0
1
-1
2:0
2
2:-1
6:0
2
-2
3:0
1
0
-1
2:0
2
-2
9:0
1
-1
0
1
-1
3:0
3
-3
2:0
2:1
2:-1
0
9
-8
-1
3:0
1
-1
0
1
-1
1
-1
1
-1
7:0
1
-1
0
5
-5
3:0
1
-1
7:0
1
-1
5:0
1
-1
3:0
1
-1
1
-1
2:1
3
-5
6:0
1
-1
2:0
2
0
-2
2:0
1
-1
1
2:0
-1
3
-2
-1
1
0
-1
0
1
-1
11:0
4
-4
3
-3
1
3:0
-1
0
1
2
-2
1
-1
3:0
-1
2:0
1
-1
7:0
1
-1
0
4
0
-4
4
-4
7:0
1
-1
4:0
1
-1
2:0
1
0
-1
0
2:1
-2
0
1
-1
2:0
2
-2
4:0
1
-1
5:0
1
4
-5
2:1
-2
2:0
4
-4
1
-1
2:0
end
