v1
670
55
675
2
233
76
14
174
52
0
7
180
4
288
204
84
35
314
237
58
56
22
28
37
5
76
39
382
121
165
324
186
242
17
14
95
314
152
74
191
128
119
141
140
326
101
76
248
226
19
99
167
573
94
184
217
374
25
179
96
5
132
277
72
185
248
14
194
190
38
110
335
290
703
431
2:8
124
354
326
116
126
213
126
376
85
454
74
61
410
11
202
42
125
309
119
425
200
8
280
106
156
119
173
364
340
44
250
59
50
170
118
239
5
45
6
32
43
4
13
2
2:25
46
5
14
133
1
118
82
1
73
45
14
99
30
57
55
127
118
87
294
45
13
7
1
293
344
52
24
329
314
39
116
284
54
121
141
186
41
87
318
5
68
214
180
230
17
14
299
15
33
66
87
229
41
309
199
8
187
50
758
301
100
212
148
50
115
2
24
213
37
94
75
50
47
293
312
309
357
223
42
128
19
38
69
121
41
113
210
49
61
611
36
65
98
73
13
415
37
175
191
8
43
86
277
51
38
100
54
47
31
28
2
147
88
153
59
5
20
3
104
10
84
33
537
85
47
63
189
31498
22
9
208
93
33
47
126
76
21
45
54
36
8
22
932
118
102
179
71
166
18
326
3031
2211
328
1553
5134
6
7580
1110
2126
12405
8688
1233
925
872
1267
1385
2
14
8068
8
2:1
2825
1825
15
7
3442
2
4177
5
1428
15471
91358
13099
3543
1
7737
4
73
9417
32285
0
94
42
18
4
33
134
40
73
109
5
55537
157
36
63
2:6
53
109
39
1
10
2
11
3
768
21116
13301
3251
4729
575
1668
539
523
1633
2
1
2
11
42
86
2
32
21
39
6
32
2
1
30
13
47
0
4
6
30302
10068
176
69
31
177
292
131
126
379
150
67
277
9
47
28
41
103
60
258
456
14
78
28
15037
11712
2:1
109
53
1
12
-488114
26
19
287
127
32
412
101
4
36
198
211
210
219
37
339
245
14
407
84
975
5
142
799
215
10
105
15
109
25
155
454
261
74
40
6
65
266
185
507
445
0
305
87
0
166
51
518
103
54
209
343
79
57
128
42
153
196
174
0
239
117
143
104
468
702
138
181
108
349
10
856
135
118
92
0
52
181
29
277
0
378
57
349
77
423
171
236
349
394
880
130
0
181
27
137
30
49
0
56
24
0
70
40
98
22
88
97
26
25
53
5
68
35
3
53
7
341
440
7
285
0
359
617
282
84
484
401
39
1111
102
920
185
35
1135
12
10
86
90
196
51
109
315
345
160
3
652
291
30
0
50
146
6
0
44
277
28
187
104
54
236
338
353
564
337
63
399
95
0
65
0
14
285
5
87
22
522
121
32
225
136
306
45
48
96
31437
18
33
31
70
42
40
4
5
86
169
29
223
7
1271
407
5529
3590
1014
9995
15644
790
2041
886
2777
2605
5274
8085
2814
896
943
7632
9
8
126634
5981
42226
25
7
53
55616
128
45
77
13
111
2
4
24
15
11
2:5
34
709
59
18806
5387
1178
17007
3119
854
436
541
2:1
25
70
40
60
71
13
40
40355
490
663
199
445
377
53
560
0
210
51
14948
1413352800
399:0
1
269:0
4
9
-10
3:0
41
-18
-2
-21
28
-27
-2
0
17
2257
-2250
-10
229
483
-724
75
-76
0
24
-13
-12
15
7
-13
-8
40
-40
40
-28
60
33
-88
0
-6
-12
242
-165
-1
-47
371
165
161
-711
42
69
103
-218
-1
83
2
-94
2:0
6
151
227
-385
268
-266
152
-153
133
-133
0
-1
23
130
459
-491
-121
2
28
-29
11
-5
23
-9
327
-348
3324
-3259
187
-155
-95
-1
12
5
867
-883
0
613
-598
-4
110
-123
5357
-5321
25
99
-148
53
-41
5
-29
26
-24
25
-25
0
45
22
-60
4
65
-77
33
-26
45
-20
-16
17
28
146
-126
-48
-13
-20
15
34
-22
-6
-11
66
-75
7
-9
1
26
0
14
-39
0
56
91
62600
-57553
-5082
-113
8
3
185
-74
579
-396
-305
2:0
43
15
-48
79
-88
67
-62
178
-175
0
-1
68
-50
-26
9
-9
112
1
-63
-43
-7
118
-119
1
67
-41
-26
230
12914
-12020
-1095
-29
-1
9
1
-8
45
-37
506
-503
9
1476
-1480
17384
-17388
-12
8
140
-137
-12
42
-43
1
919
-910
34
-11
-8
4535
-4553
3
-8
1088
-813
-187
11703
-11635
-147
22
1774
-1733
149
-211
660
-225
-421
212
-214
-23
45
-39
-7
13
5
-16
865
7
-864
0
-8
309
-230
-73
88
-81
-15
19
71
472
-554
33
-39
-2
11
47
-28
27937
-27934
-19
90
-48
305
-322
-39
12
2:-5
295
32
-329
50
-42
146
118
-241
740
-762
10
-18
-1
30
319
-342
88
-42
-15
-37
19685
-19658
0
-25
15
-17
18
31
-49
302
-278
3341
-3284
8
-75
-1
35
234
-282
2:0
68
1
1429
-1496
78
51
-114
-18
11
-9
37
-22
-4
-11
27
241
-268
13
10
-18
-5
6
48
-29
0
-25
11
13
-23
17
0
52
189
-254
32
-29
7
-15
6
13003
-12906
-103
22
0
-2
5
582
-597
1806
-1635
-157
83
-108
1
-2
1302
-1291
-11
6424
-6245
-137
-30
3416
-3354
111
-178
76
-81
87
-52
-36
9
26
25
-49
1
16
1988
-2015
-2
2:-1
2:1
5
-6
0
1
3
-4
4
-3
3
0
-5
2
-1
4
-3
3
-4
0
-1
0
2
-1
0
1
-2
7
-6
-1
8
-1
-6
4
-4
-1
5
-4
0
6
-6
0
4
-5
5
1
-5
-1
6
2
-6
4
-4
2:-1
1
2:0
4
1
-6
8
-7
2:0
-1
2
7
2:-2
-3
-1
0
6
-5
3
-4
0
-1
0
8
-3
-5
6
-6
1
4
-3
-1
0
6
-2
3
-6
-1
0
1
-1
2:0
6
-7
2
6
-8
7
-7
8
-3
0
1
-5
6
-6
1
-1
3:0
-1
2
0
-2
8
0
-6
-1
2:0
4
-3
4
-6
5
-3
-2
1
6
-6
-1
1
4
-4
-1
5
-4
0
1
4
-5
0
7
-6
6
-1
-7
1
2:0
-1
0
7
-5
-2
1
3:0
-1
8
-1
-5
5
-7
1
4
-5
9
-9
8
-7
0
-1
0
6
1
-6
1
5
-7
2
5
-5
5
-2
-3
0
2:3
-8
2
6
-6
4
-6
1
-1
1
-1
0
1
6
2
-9
5
1
0
-5
7
-7
4
2:0
2
-2
3
-7
2:0
-1
5
3
-2
-6
6
-4
-2
0
5
-3
2:0
-2
5
-5
6
-4
2:-1
2
7
-3
1
-2
-4
6
1
-6
3
0
-4
7
-7
0
1
6
-8
1
5:0
3
-1
0
-2
7
-7
3:0
74
-74
0
10
1
-10
1
-2
0
1
-1
0
7
-6
0
-1
5:0
8
-8
0
2
-2
1
-1
5
-4
0
2
-3
2:0
6
-1
-4
7
-5
-3
1
-1
2:0
7
12
-19
6
-6
10
-10
5:0
10
-3
-7
2:0
3
-3
5
-4
4
-2
-1
-2
5
-5
2
-2
2
-2
0
2
-2
2:0
4
-4
1
14
-15
18
-16
-2
2
-2
35
-33
2:-1
2:0
4
-4
1
13
-3
-11
0
2
-2
8
3
-5
-6
2
5
0
14
-21
1
0
-1
0
5
-3
1
0
4
-7
4:0
4
-3
-1
1
0
19
1049
-1007
-45
-16
0
2
3
-5
-1
4:0
6
-6
2:1
-2
12
-10
46
-47
1
2:2
6
-12
2
-1
0
8
-2
-7
0
5
-5
0
4
1
-5
3
172
-130
-44
0
-1
0
4
-4
0
1
49
-47
-2
11
-11
183
-184
2:0
20
-20
0
4
-3
-1
54
-52
6
-4
-1
61
-62
-2
1
7
-4
4
235
-226
-17
4
69
-72
16
-15
169
-133
-38
18
-16
-2
4
2:-2
2:1
-2
65
-6
-57
3
-5
0
11
-11
15
-14
-1
2
11
57
-70
3
-3
0
4
1
3
661
-668
-1
2:7
-5
-7
-2
1
0
-1
31
-18
-13
3
-1
1
-3
15
67
-82
2
-2
1
-1
2:0
4
-3
0
-1
94
-92
5
-7
7
-7
0
6
-6
0
7
631
-637
2:0
-1
1
18
-19
1
0
2:1
95
-94
4
-7
0
-1
4
-3
18
-18
4
-4
2
1
-3
0
9
-10
2:1
2
4
-5
-2
4
-4
1
2:-1
6
-1
-5
4
-2
5
-7
2
121
-122
-1
3:1
5
145
-151
84
-31
-54
2
-3
1
0
124
-122
-3
234
-226
-8
2
77
-75
27
-31
3
-3
0
5
-4
3
2
0
-5
-1
0
17
-17
11:0
1
-1
3:0
1
-1
2:0
2
-2
8:0
2
-2
5:0
1
-1
11:0
1
0
-1
0
1
-1
6:0
2
-2
7:0
1
-1
5:0
1
-1
11:0
1
0
2
-2
0
-1
2:0
1
-1
2:0
2
-2
3:0
1
-1
3:1
-3
12:0
11
-10
-1
2:0
1
-1
0
1
-1
2
-2
6:0
1
-1
2:0
2
0
-2
6:0
2
-2
19:0
1
-1
1
-1
2
-2
4:0
2
-2
3:0
1
0
-1
2:0
1
0
-1
3:0
1
2:0
-1
4:0
1
-1
4:0
1
-1
0
3
-3
1
2
-3
0
2
-2
8:0
3
-3
2:0
2
-2
0
2
-2
2
-2
1
-1
0
2
-2
0
1
-1
4:0
1
-1
1
-1
3:0
1
-1
0
end
