v1
808
278
452
13
30
456
52
187
615
110
441
1
57
56
168
492
50
165
324
186
242
7
24
561
159
32
202
260
169
26
271
22
79
76
248
10
194
22
19
99
33
134
27
133
413
94
184
128
89
28
25
1
279
87
166
225
277
67
42
24
124
262
194
63
79
48
9
139
335
45
436
237
275
322
109
8
82
195
209
442
32
94
213
36
33
10
47
376
539
74
61
47
743
200
54
27
28
744
8
0
386
275
173
364
233
107
294
59
50
170
52
73
181
27
29
83
43
4
0
13
0
2
50
46
5
14
133
1
118
73
9
1
25
48
40
5
59
19
35
30
57
55
57
70
118
446
1
78
95
120
420
219
110
314
33
6
116
284
54
121
141
85
101
41
87
3
169
219
214
129
51
261
299
48
153
229
41
309
114
93
237
758
301
71
22
7
360
56
111
24
344
75
50
917
44
277
33
176
50
44
0
42
128
19
38
69
162
40
283
110
339
353
20
82
16
86
415
37
175
70
121
8
43
86
277
51
38
9
91
8
46
47
3
2:28
2
6
55
86
2
86
153
59
5
20
3
104
92
2
86
171
255
97
46
47
194
58
31498
16
6
9
43
247
11
33
1
84
69
19
142
54
36
8
22
1080
72
68
64
0
47
237
15
3
47
9
270
3031
1897
314
328
1553
3764
1376
10816
12405
793
6127
2182
2616
1267
1385
2
8082
8
2827
1825
15
2940
509
4168
1
10
6
1427
106829
16643
1735
6006
73
9417
32285
136
22
67
213
20
89
5
54807
730
38
119
7
2
27
63
12
162
27
12
1
10
2
11
2
1
29
4
735
21116
3093
3173
7035
7980
575
1668
539
523
665
968
2
3
6
5
1
41
86
62
32
31
6
3
1
90
4
5
1
30302
9889
115
64
176
69
31
726
87
292
217
135
142
84
41
103
60
258
15613
11712
2:1
109
54
-488299
197
45
208
30
49
79
302
53
23
14
147
218
39
13
233
0
31
538
123
3
78
32
325
341
96
263
0
412
158
57
38
35
157
0
217
309
299
71
178
169
19
6
150
77
88
184
104
152
189
0
53
220
0
104
185
26
747
50
16
418
60
239
47
413
10
58
98
94
0
69
151
0
570
28
147
0
6
0
295
16
43
22
106
7
77
160
247
0
144
175
0
14
182
0
103
234
131
13
0
56
118
2
157
206
499
77
100
37
216
582
19
0
45
47
117
116
0
29
55
50
550
221
185
77
163
92
168
175
232
50
144
43
333
121
52
118
622
62
63
138
166
12
61
50
25
31
51
12
6
17
7
49
134
13
114
10
213
6
8
32
13
36
19
18
35
56
1
220
13
116
287
7
59
283
111
265
26
121
0
10
535
2
282
864
251
272
171
52
0
202
41
9
0
203
0
92
64
35
824
41
20
132
43
9
1
298
242
273
0
184
175
27
212
93
0
105
0
112
186
23
109
63
36
0
128
278
3
315
77
12
285
0
284
50
12
84
10
15
31
6
21
17
126
158
13
299
13
277
124
486
36
0
142
94
11
10
30
322
126
382
62
0
324
23
38
147
26
87
2
21
20
60
428
66
61
21
35
118
96
0
304
19
195
53
45
57
35
63
59
31376
15
100
53
57
13
303
72
1
7
190
920
118
5
53
294
181
7416
22
3087
1731
2800
3794
1322
15644
6494
1764
2585
3
3527
8079
6
0
2
21
2790
0
1
896
943
2481
1997
3137
26
0
7
4988
0
20223
83045
0
13099
3544
7717
51
40860
983
156
115
43
18
25
60
0
19
27
9630
1380
44363
140
230
77
33
30
63
64
18
725
219
18646
6565
16924
0
83
2700
0
419
1
1289
535
6
1
17
127
24
21
4
52
21
45
9
31864
8377
392
454
208
22
590
43
0
670
210
136
386
0
26961
29
60
1413345000
399:0
1
407:0
18
-5
14
-8
75
-85
147
3432
-3568
-5
0
274
3095
-3317
-59
38
-15
-22
12
-4
-7
16
79
-87
-9
0
257
-251
1
371
-365
123
-137
507
-500
107
526
-626
133
-142
22
-25
41
37
-73
-7
42
-3
-38
39
-30
-11
391
-317
-54
604
-622
9
-11
122
11
-64
-47
-7
106
-105
-6
-9
17
-17
13
129
-137
489
-418
-58
1
135
-82
-72
3
47
-49
1
2:5
41
4911
-4866
72
-169
4
-5
11
18
836
-522
-337
0
704
4561
-5272
47
-38
74
-16
-56
18
-26
1
27
-26
-4
39
56
16
-105
3:0
49
17
-66
31
2:2
11
61
-105
274
-202
-8
-36
-32
3
32
-25
-9
172
-142
-30
-5
8
85
-70
12
-33
6
22
12
-35
214
68888
-69107
6406
-6221
-162
-4
1
125
-125
30
781
-660
-166
13
-8
71
-78
57
-57
82
159
-242
51
77
-126
10
-16
88
12
-66
-22
10
-23
37
-27
386
-373
15299
-14557
-736
-25
12
-2
-12
-2
48
-22
0
-16
861
-869
21
421
12475
-12904
-7
153
-101
-57
1077
-1075
18
1369
-1357
43
-60
71
-72
2218
-2213
-4
-16
2234
-2012
-186
6
-42
7859
-7700
-161
30
-7
3571
-3553
-38
87
2083
-1801
-356
2527
-2018
-511
297
-273
-38
18
20
249
-283
-2
-1
42
-38
1301
2817
-4123
97
-78
-14
24
339
-185
-182
9
-9
131
-111
45
2211
-2262
112
-125
17
-13
2
0
105
38209
-38322
28
-23
106
-110
100
-100
209
728
-865
-60
-5
579
-245
-339
-3
52
13
268
-330
755
-713
-36
-7
-2
51
-27
-1
-21
23
10903
-10925
59
84
33
-169
344
-323
7298
-7266
-55
903
-909
121
252
-302
1433
-1501
2
5
94
-103
1
128
-100
-28
28
7
-25
-7
16
45
-22
-41
-5
813
-801
0
-8
7
38
-49
4
205
-162
-27
16
-21
-6
12
-9
-12
3
93
346
-222
-219
34
-29
-5
14125
-14032
33
131
-257
810
-776
90
58
4242
-4172
-193
-48
1628
-1629
-10
13613
-13612
224
3609
-3717
108
-224
54
-35
22
47
122
-188
5348
-5376
0
2
0
-3
-1
0
5
-1
-4
5
-6
2
0
3
-4
2:0
2
2:-1
4
-4
2:2
-4
3
0
3
-6
2
-1
1
-2
0
4
-2
-1
2
-2
4
-5
-1
0
2
3
-5
5
-2
1
0
-2
-1
0
2
-3
5
-4
2
0
4
-1
-3
1
-4
6
-4
-1
5:0
2
2:-1
0
3
-3
3
-4
3
-3
1
0
5
-3
1
0
-3
3
0
-4
1
0
1
0
2
-3
1
5
-6
3
2:-2
6
-1
-5
2
-2
3
-2
0
-1
2:1
-1
0
6
0
-6
-1
2
3
1
-4
2:-1
0
1
-1
5
-5
1
3
-2
3
-5
0
3
0
2
-3
-2
3
0
-1
2:0
2
-4
1
2
-1
1
-1
1
3
-6
4
-1
1
2:-2
0
4
-1
4
-7
1
4
-2
-1
3
-3
0
1
2:-1
2:0
2:2
-2
-1
4
2:-3
1
0
4
-2
-3
1
3
0
-1
-3
5
-1
-4
0
2
4
-5
5
-6
4
2:0
-2
1
4
2:-3
3:0
4
2
-7
0
2:2
0
-4
2
1
-3
5
-5
4
0
1
-5
2
5
-4
-3
5
-4
0
5
-6
0
4
-4
3
0
-1
0
2:1
2:-2
3
-1
0
-1
2
2:-1
0
4
-3
0
-2
2
1
2:-1
1
3
-3
2:0
5
-5
2
-3
0
2
2:1
-5
0
2
5
-7
3
-2
6
-5
3
-3
4
-5
-1
3
-2
1
0
1
-2
0
1
4
-6
0
2
1
2
-2
-3
6
-4
-1
5
-4
1
0
2:-1
1
3
-4
0
-1
2
5
-4
-3
1
3
1
0
-4
0
1
3
-1
-4
3
0
1
-4
6
-6
2
-1
5
-4
-1
0
-1
3
-2
4
0
-5
6
-1
-3
4
-6
2
5
-7
2
3
-3
-1
1
0
2
0
2
-5
1
0
4
-1
-3
4
-6
6
2:-3
2
0
-1
2
-2
2:0
2
-3
2
-1
3:0
5
-5
0
1
-2
2
1
0
2
-2
4
-4
11
72
-82
-1
1
13
6
-17
-3
15
-13
0
-1
1
2:-1
9
-8
1
2:-1
0
3
2
-5
0
1
0
1
-1
2:0
-1
1
3
-4
2
3
-5
6
-6
2
2:-1
2:0
2
1
0
13
-16
2:0
8
3
-7
2
-5
1
-1
2
-2
1
-2
3
4
-7
7
-7
1
-1
7
2
-9
1
9
-10
3
-3
1
-1
4
-4
2
-2
2
-2
1
2
-3
6
-6
0
21
1
-20
-2
0
3
44
-45
-1
0
-1
4
0
-4
4
24
-15
-13
3:0
1
13
-5
-1
-5
2
4
1
-9
26
-27
0
5
-4
0
-1
3
-3
6
-3
1
-4
5
6
-11
4
-2
-1
2:0
1
39
1404
-1441
86
-52
-34
-2
2
-1
11
-10
-4
1
2
-1
0
8
-8
-2
2
12
81
-86
-3
8
3
-15
0
-1
9
-2
-4
1
-5
4
0
3
-2
273
-241
-34
-3
9
-9
1
-1
2
-2
0
5
47
-48
0
13
169
-179
-2
18
-20
0
4
-7
4
80
-80
6
-5
-2
0
82
-83
-2
2
12
-8
-6
18
-17
351
-310
-42
2:2
85
-89
0
6
-6
16
-13
392
-350
-45
30
-27
-3
5
-5
4
-3
-1
1
7
-8
129
-5
-124
7
2:-2
0
-3
26
-26
0
1
26
-24
16
99
-114
4
-8
5
-2
-3
0
11
1082
-1093
2
0
3
-5
4
-4
20
-2
-9
-8
5
50
-37
-19
0
2
-1
2
3
120
-123
-2
0
-1
3
-3
3:0
142
-141
7
4
6
-17
0
8
928
-937
0
24
-24
6
-1
-2
95
-98
8
-6
10
-12
2
2:-1
4
12
-11
-3
5
-6
1
5
-7
1
-1
0
2:1
0
-2
2
1
-1
9
-5
-1
0
1
-6
2
-2
2:0
7
-3
-2
5
-7
0
180
-178
7
-3
-6
261
-259
-2
1
146
-83
-62
1
181
-181
-3
389
-387
10
96
-104
36
-40
2
3
2
1
-4
-1
15
-17
-1
10:0
1
-1
6:0
1
-1
6:0
2
-2
2:0
1
2:0
-1
4:0
1
-1
5:0
1
2
-3
4:0
4
-4
3:0
1
-1
14:0
1
0
-1
11:0
1
-1
4:0
1
-1
13:0
1
-1
6:0
1
2
-3
2:0
1
-1
24:0
1
-1
6:0
1
-1
2:0
1
-1
2:0
2
-2
1
-1
6:0
1
-1
5:0
4
-4
0
1
-1
3:0
2
-2
1
0
-1
0
1
-1
1
-1
3:0
1
-1
11:0
1
0
-1
3:0
1
-1
2:0
1
-1
1
-1
9:0
1
-1
1
0
-1
3:0
1
-1
6:0
3
-3
1
-1
4:0
3
-3
12:0
2:1
-2
6:0
1
-1
7:0
1
0
-1
0
1
-1
4:0
4
-4
7:0
1
0
-1
5
-5
1
-1
1
0
-1
6:0
1
0
-1
8:0
2:1
-1
1
-2
4:0
1
-1
3:0
1
-1
1
-1
0
6
-6
1
-1
0
1
0
-1
0
1
-1
2:0
1
-1
4:0
1
0
-1
3:0
2
2:-1
7:0
1
-1
3:0
1
-1
4:0
1
-1
end
