v1
783
187
556
16
470
2:52
87
48
292
178
26
81
38
609
56
7
15
28
539
121
165
293
35
284
140
592
276
19
230
72
56
466
629
41
99
167
178
148
109
373
43
61
55
101
53
367
135
31
225
277
109
61
87
20
168
74
194
63
79
57
119
6
107
183
59
45
36
106
24
204
13
184
106
275
521
192
212
149
12
51
230
258
81
126
376
497
42
135
44
79
298
586
64
121
288
363
394
275
16
93
64
219
145
28
99
162
51
294
104
170
367
51
32
25
18
12
26
6
17
8
46
19
134
118
73
9
12
62
45
14
35
29
65
38
3
16
38
17
14
113
27
91
85
20
269
73
173
120
94
326
219
110
314
33
6
116
104
42
192
121
141
85
101
41
87
3
108
61
418
15
404
336
46
2
83
70
229
41
477
51
983
137
62
102
71
445
109
2
24
194
150
8
67
50
6
209
113
633
13
18
246
33
30
196
44
42
128
57
69
7
8
147
433
609
2
81
20
98
84
2
412
40
175
70
121
8
2:43
88
232
51
38
100
54
47
53
6
2
147
88
153
59
5
20
3
104
89
5
9
248
144
50
199
43
9
63
189
92
31401
5
22
9
43
194
53
44
143
30
36
40
66
54
36
8
22
1130
22
68
111
237
18
41
2975
341
2211
328
1517
36
5140
10816
1507
10898
3
790
6127
2182
819
1797
1267
1385
2
8090
3709
943
1548
933
2024
3138
5
1428
106829
13098
3545
7716
1
24
26
47
9417
32418
21
4
11
116
2:40
61
12
20
89
5
16
10203
44428
683
20
180
7
157
24
140
109
39
1
4
6
2
11
2
1
30
33
691
196
17454
3480
3093
1178
12281
5304
441
1227
1062
1635
8
1
40
3
2:2
86
94
17
23
44
47
4
6
40306
64
176
100
726
46
41
103
406
24
111
135
7
84
41
103
866
15065
11712
2:1
163
-488102
45
142
541
454
877
46
40
238
76
205
766
154
836
0
454
106
279
217
76
11
225
80
143
248
83
10
0
377
201
242
241
197
132
48
76
26
0
320
188
42
17
156
498
62
177
58
328
239
178
382
156
227
197
100
68
0
451
18
232
23
0
99
690
35
37
121
84
5
88
144
291
577
111
541
145
231
23
383
141
268
125
141
12
29
200
397
0
538
397
0
67
50
172
116
7
181
40
2
26
118
15
49
63
10
48
55
2:7
23
97
29
56
119
33
43
0
42
94
380
294
127
24
39
565
110
271
445
169
111
602
197
149
5
53
358
79
202
31
10
299
104
666
199
1
26
177
531
172
473
17
10
302
55
190
158
77
16
276
454
498
44
265
139
73
12
18
76
37
57
382
210
96
15
338
0
224
84
147
329
188
71
457
12
23
82
194
364
60
8
24
0
18
423
138
0
118
227
277
73
58
20
17
36
4
15
153
31413
1
176
66
177
107
103
23
0
167
6
914
110
8
30
28
294
61
47
73
59
5837
5320
8957
18474
9316
2226
0
8087
2826
1840
2940
1523
3154
1
0
16
2469
122429
18078
30550
983
42
48
7
9
0
30
20
61
148
71
0
6704
2953
1380
44363
323
2
27
75
189
11
2:5
792
12
7989
26410
11229
721
968
3
14
10
9
163
8
37
32
3
42
39
30321
11449
505
2
1045
51
14828
12111
54
38
-486061
1281
285
194
452
920
297
695
297
872
193
2377
357
1067
1146
963
1674
454
130
118
2516
26
23
99
59
264
263
52
25
126
191
121
245
329
433
51
109
392
274
661
1485
359
2789
279
130
451
655
383
94
46
27
511
65
37
1638
490
1692
541
31645
502
16824
10242
17012
4349
14429
14475
176662
49269
4
55
748
156
63
45337
1863
40717
867
22
1255
776
86
26842
40
1413315000
399:0
1
299:0
1
82:0
682
-665
4327
-4308
17
55
-86
0
9
-25
12
-14
5015
-4860
2135
-2218
160
360
-592
17
32
-38
-10
98
-83
186
-190
57
60
-129
288
-248
-41
20
63
-51
-31
18
423
-440
40
1
-23
17
38
-73
31
-2
952
-743
-100
-138
81
-79
-3
184
-166
5
-11
773
-550
-203
24
-34
7
-17
-10
-2
21
67
-88
1
47
330
-358
19
480
-519
15
-13
216
-186
207
-146
41
-133
17
-3
-15
-1
1
52
81
131
-249
471
-44
-359
19
-101
2:-1
53
-50
-1
242
-242
227
-130
-45
68
-120
1070
-1069
187
58
-212
-34
-2
63
-43
9
73
-74
67
361
-455
122
-120
31
-34
47
241
-98
-177
-12
12
-1
-11
44
-44
61
-38
-22
1
17
82
-33
-22
-47
13
276
94984
-95271
10381
-10112
-250
37
-31
6
-15
16
290
384
-696
-10
1
11
-12
16
250
-251
174
-32
-103
-1
99
662
-815
17
39
245
-299
137
-16
-123
1
647
-618
23
45293
-45344
8548
-8538
11
29
-51
69
-69
16
7
-9
-14
10
33
-29
1502
-1483
455
-477
32
78752
-78715
-44
-19
-18
14
1
-16
1824
-1821
144
-46
222
-286
3000
-3014
10
54
-71
758
-755
144
78052
-78049
-166
71
4343
-4359
64
-93
7023
-5448
-1584
1810
-1814
-1
5
-15
-1
1
-1
2
-3
39
-38
11662
-11646
13
2854
-2804
93
-172
-1
18
182
-198
118
-117
53
230
-43
1217
-1407
347
-192
206
-401
98
53171
-53110
-170
0
276
-197
490
-568
219
-89
656
-788
809
-809
152
-150
0
312
-295
1
17
1311
-1323
175
-200
19
2:-1
30646
-30662
75
42
-117
1276
-1260
-18
287
-232
-7
5345
-5391
2
434
-414
9549
-9570
-1
21
31
-32
234
1927
-2164
21
-19
-20
15
-14
96
9
-80
-26
94
469
-523
-38
0
98
-60
-29
-10
0
2:-1
96
-68
38
-40
271
-297
366
-364
136
-112
36
-59
1132
-1119
-14
20
89
61
-140
-29
35692
-35535
-131
44
345
-396
1645
-564
-1099
499
-485
38
156
10787
-10875
-122
0
217
6471
-6671
165
-160
-3
72
294
-292
924
-1021
2
-2
2:0
12
1
-13
7
-7
10
-9
10
-10
0
10
-10
-1
12
-12
2:1
-2
0
1
3:0
5
-6
2
7
-7
-2
2
6
-7
2:0
1
-2
1
5
-5
0
-1
2:0
9
-2
-5
2:5
-11
-1
1
0
5
0
-6
1
0
1
-2
0
1
6
-5
10
-6
-5
-1
1
-1
0
10
-8
4
-5
8
-9
1
7
-2
-5
5
-5
-1
1
2:0
1
10
-10
5
1
-2
-6
13
-5
-1
0
-5
0
-2
6
1
-5
-2
6
-6
7
-5
-2
0
1
0
10
-2
-9
1
0
-1
2:1
11
-13
2:0
13
-13
8
5
0
-13
0
1
10
1
-10
5
-6
8
-1
-7
10
-9
-2
1
8
-2
-7
12
-10
2:0
-2
9
-9
8
-7
12
-3
-9
-1
2:0
1
-1
7
3
-1
-7
-1
2:0
1
-1
0
-1
8
2
-10
10
-10
0
2
0
4
-6
1
0
9
-10
1
0
-1
1
6
-5
-2
2
-1
1
2:-1
1
-1
2
5
-5
2:-1
13
-12
0
-1
12
-10
-2
8
4
-5
0
-7
2:1
0
-2
2
-2
1
-1
1
0
-1
9
-8
1
-2
1
2:0
1
-2
8
-6
-2
10
-2
-1
-6
3:0
-1
2:1
-1
0
-1
1
-1
13
-13
10
2:-1
5
-5
-8
7
-5
-2
1
9
-8
5
2:0
-1
-6
2
6
1
-7
6
1
-9
2
6
5
-7
4
-8
8
-9
1
-2
2:0
-1
25:0
1
-1
4:0
1
-1
2:0
1
-1
9:0
1
-1
1
-1
3:0
1
-1
0
1
-1
6:0
1
-1
0
1
-1
1
-1
10:0
1
2
-1
1
2
-4
2
3
-5
0
6
-6
105
-94
-1
-9
9
-7
-3
23
-20
-3
0
11
-9
11
-13
0
1
-1
1
2:0
-1
1
4
-5
1
-1
1
3:0
3
-3
1
0
-1
21
-8
-14
1
2
-3
0
24
-23
4
-4
0
-1
0
2
-2
2
0
-2
0
2
2:-1
0
8
3
-11
1
6
-5
-2
0
9
-9
10
-3
-7
0
3
0
-3
0
1
-1
5
-5
0
1
38
-32
-6
2
-2
-1
2:0
1
-1
2
74
-76
0
4
-3
25
-26
26
-23
2
-5
1
10
4
-14
21
-8
-14
34
-34
8
-8
2
-1
4
6
-11
1
2:0
2
-2
12
-13
12
-12
2:0
2:2
0
-3
2:0
58
1744
-1803
122
-90
-32
0
4
3
-5
8
-3
-6
0
1
-1
4
-5
8
-7
8
-8
43
-44
14
-8
10
-16
3
2
-5
0
19
-15
-3
-1
9
-7
-2
364
-363
124
-123
2:-1
2
14
-16
0
2
3
-5
2:0
5
64
-65
13
-10
-7
391
-365
-25
0
3
1
-5
1
82
-82
13
-8
-3
3
136
-136
-5
-1
1
14
-12
26
547
-545
-31
0
109
-104
13
-15
533
-479
-55
55
-56
4
-2
-3
2
-2
3:0
4
-3
209
-208
1
154
-143
-1
-12
0
1
19
-21
29
-28
4
11
15
122
-150
29
-30
5
-5
6
1098
-1104
-2
0
5
15
11
-31
37
-25
37
-49
19
-17
2
-4
1
4
-3
-1
15
144
-156
-1
-3
3
2
-3
204
-206
6
4
-6
19
-21
-2
2:0
7
833
-840
0
10
2:-5
0
1
2
1
-1
5
163
-171
0
1
-1
2:0
28
-10
-17
0
18
-14
4
-9
2
15
-8
-9
0
1
-1
2:1
-2
14
-13
0
1
2
-4
14
-11
-1
-2
1
-1
1
-1
5
-1
5
-9
116
-116
4
2
103
-108
133
-74
-58
139
-141
10
-8
270
-272
2:0
11
464
-474
63
-53
-11
14
0
-11
6
-9
5:0
1
-1
7:0
2
-2
11:0
1
-1
0
1
-1
6:0
1
-1
7:0
1
2
-3
0
2
-2
0
2
0
1
-3
7:0
1
0
1
-2
1
-1
1
-1
0
1
-1
2:0
1
0
-1
7:0
1
0
-1
2
-1
0
1
2:-1
2:1
-2
2
-2
6:0
1
-1
6:0
3
-3
6:0
1
-1
2:0
7
-7
2:1
0
-2
0
2:1
2
-4
1
0
23
-21
-3
5:0
2
-2
0
1
0
-1
13:0
4
-3
1
-2
7:0
2
2:-1
3:0
3
-2
-1
5:0
2
0
-2
0
4
-4
4:0
2
-2
4:0
2
-2
0
1
-1
2:0
1
-1
0
2
-2
1
5
-6
8:0
1
0
2
0
-3
0
1
-1
2:0
1
-1
1
-1
0
1
-1
1
-1
6:0
1
0
-1
0
1
0
1
11
-13
5
-3
-2
0
2
2:-1
0
1
0
1
-1
1
-2
0
2
-1
0
-1
1
0
-1
0
2
0
-2
0
3
-3
0
1
-1
19:0
1
-1
2:0
1
-1
4:0
1
0
-1
28:0
1
-1
0
1
2:0
-1
0
1
-1
0
1
0
-1
8:0
1
-1
end
