v1
474
297
226
61
146
13
303
242
116
30
164
89
134
209
0
53
423
20
166
19
37
22
28
118
340
156
211
59
518
35
140
17
290
285
191
0
104
249
109
76
390
22
169
10
37
197
334
126
41
0
269
571
114
13
101
374
181
35
24
0
89
46
62
277
104
29
0
91
33
20
24
132
86
336
289
85
157
45
78
485
0
73
6
31
185
90
322
109
8
82
128
205
71
149
239
54
126
0
213
69
57
376
28
0
103
302
106
135
104
0
30
887
7
164
235
77
163
176
394
275
16
222
558
81
294
59
351
175
27
80
32
43
6
32
23
7
1
46
5
147
1
13
88
17
0
82
74
0
45
0
14
6
14
39
5
3
62
3
54
38
17
73
68
32
72
85
362
69
9
2
93
120
225
0
82
113
329
4
94
206
10
39
116
104
0
180
54
121
141
85
59
15
27
41
90
166
3
37
109
0
5
38
29
215
116
13
27
24
247
14
85
214
10
38
31
122
229
41
309
394
50
758
199
0
102
93
0
30
146
76
115
50
6
105
4
2
24
42
302
6
69
18
32
325
3
589
44
277
33
0
92
0
134
6
0
27
53
79
49
19
38
0
69
7
8
147
40
19
29
56
54
125
110
339
308
65
184
166
249
37
175
199
43
68
12
6
204
118
0
6
38
100
54
47
59
2
147
88
212
5
23
193
5
37
14
100
225
125
68
86
47
143
109
77
31416
5
22
9
199
5
33
97
85
88
76
66
54
36
8
22
1055
75
22
0
179
71
166
18
47
9
272
3029
324
908
979
2
326
1553
5140
667
8007
2142
12405
3
790
4315
1389
3424
925
3
3521
2
8082
7
2:1
0
5
2807
896
958
1533
933
5144
6
12
6
5481
102775
16642
1
7741
26
47
4
9413
28772
3607
42
22
33
120
14
101
32
53
36
5
55378
85
74
157
7
2
27
18
39
18
1
32
20
109
27
11
1
0
1
12
11
728
49
12
21098
13301
7980
575
1589
79
1062
1101
532
2
3
49
4
49
9
28
94
2:3
34
1
43
47
4
6
31815
8491
64
176
69
31
726
87
103
189
217
333
28
41
103
50
0
48
548
90
53
41
36
28
14927
11822
2
163
1413540600
473:0
1
0
-1
2
1
9
-11
0
2:2
4
-7
-1
0
2893
-2884
24
133
-142
59
-71
73
-73
-11
11
36
-42
-6
13
84
-82
-7
87
-95
0
5
-6
159
0
-144
-9
76
-82
2
0
1
-3
11
-1
-10
2
9
21
799
-827
79
-81
-1
0
2
-3
244
-134
-108
2
0
1
37
33
-66
-8
42
-43
14
-14
9
-3
-6
4
0
-1
0
39
-40
100
-102
20
71
-88
2
-4
7
-6
3
119
-113
0
9
-13
73
165
-244
0
9
-8
4
-2
-3
0
4
-5
1
3
205
-207
2
78
-21
70
-57
-72
0
233
-205
107
-135
4
-2
2:7
10
-28
2
-1
2:1
0
4074
-4074
60
-61
-2
4
0
199
-200
4
-3
0
32
-27
-3
-4
2
-1
171
-168
34
-25
25
-18
-13
-4
18
-18
20
-23
8
-9
21
-1
-20
2:0
12
74
-68
-18
4
49594
-45195
-4318
-85
2:0
58
-48
-5
29
-32
-1
41
77
-118
6
-3
21
-23
2:1
-3
24
2:-11
3
-4
42
-34
-3
-7
20
-12
8
-17
6
4
633
-637
2:-3
37
-36
0
20
29
2
-50
12
-5
9
0
-1
-2
4
-3
53
-62
3760
-3766
7234
-7234
14
-15
3
-3
8
5
-1
-3
-8
0
9
-9
0
2
88
-89
818
-817
1
0
51
-22
38
30412
-30475
19
-27
0
2
-2
175
-175
2
97
1163
-1262
6
121
-97
518
-543
0
19
-10
-12
-1
0
93
-79
-13
13161
-13118
-38
3444
-3422
96
148
1025
-1005
-277
-2
-12
1
10
-11
-2
1
2
3
-6
829
-825
1345
837
-2166
8
-23
-3
3
51
-56
33
-29
6
58
484
-542
199
-201
0
3
-1
17
-11
3871
-3871
2
-18
116
33
-140
-9
63
-62
204
-177
-7
-21
0
3048
-2842
-204
131
-127
-2
137
-141
0
11
309
-313
-7
42
-41
0
201
-202
3
28
-22
-9
7
-6
34765
-34764
-2
27
-20
87
114
-203
-2
2
4401
-4404
1
38
324
-361
-4
5
1
52
-58
80
1208
-1286
33
-14
12
-30
-2
61
-62
159
-142
-17
1
8
30
-20
-13
7
-2
-5
19
-15
-10
2:0
13
-11
5
623
-628
12
5
-13
13
36
-55
3
11
-14
14
8
-11
-9
0
7821
-7821
7
47
187
191
-432
2
136
627
-756
76
101
-183
-5
11
3713
-3718
1474
-1459
95
-115
0
1
-2
15
-10
-2
32
-35
0
19
-18
600
1
13:0
52
-52
0
4
-4
1
7
-6
0
-2
2:0
1
-1
4
-3
0
-1
3
-3
5:0
2
2:-1
4:0
1
2
0
-3
3:0
3
-3
1
-1
4:0
7
-1
-6
3:0
2
0
-2
0
14
-14
3:0
1
-1
4:0
3
-3
6
-6
5
-5
6:0
7
-6
0
2
-3
4
-4
4:0
1
-1
9:0
1
12
-10
-1
-2
2:0
11
-10
-1
1
0
-1
3
4
-7
2
-2
0
1
2
2:-1
5
-6
0
6
0
6
-12
3:0
3
0
-3
3:0
13
-12
-1
0
3
-3
2:0
1
-1
4
-4
1
-1
0
4
-4
3:0
32
-30
-2
2
762
-715
-35
-14
0
1
-1
2
-2
4
-4
0
4
-4
2:0
2
-2
3
0
-2
-1
6:0
2:1
-2
3
-2
3
-4
2
-1
13
-6
-8
0
5
-5
0
3
1
0
-4
2:0
1
2
-2
-1
2
0
-2
0
128
-128
57
-57
1
0
-1
1
4
-4
2
0
-3
0
2
-2
2:0
2
-2
48
-47
-1
0
7
0
-5
166
-167
1
-2
0
2
-2
15
-15
2:0
37
-37
1
6
-6
49
-48
-2
8
-7
-1
2:0
7
-7
2
204
-203
-2
40
-41
8
51
-14
-37
-6
2:-1
0
5
-5
5:0
65
-65
1
56
-53
-3
-1
2:1
18
-19
7
-8
1
10
66
-77
9
-9
0
3
0
4
-7
198
-196
2:-1
0
4
-4
0
7
-7
10
4
-13
-1
0
23
-14
-9
6
-6
2
1
-3
0
7
47
-53
1
0
-2
0
13
-13
2:0
1
-1
2
-2
84
-84
0
1
-1
14
-13
-1
2:0
271
-271
0
3
1
-3
-1
0
2
0
-2
2
46
-48
5
2
-5
-2
3
-3
2:0
4
-4
2:0
7
-5
-1
3
1
-4
0
-1
1
-1
0
2
-2
0
3
-3
2
1
-3
2
1
-3
0
1
-1
2:0
4
-4
0
121
-121
0
2
4
16
-22
0
30
-5
-25
2
47
-47
-2
2
123
-125
151
-150
20
-21
3:0
5
-5
2:2
-4
0
3
-3
4
end
