v1
654
362
222
146
311
114
126
139
14
34
26
470
119
51
330
171
57
56
22
28
118
235
25
236
46
165
62
550
157
442
133
159
0
60
76
98
132
128
11
178
6
16
216
39
329
96
10
0
136
99
266
160
0
413
36
0
59
183
61
55
5
96
399
21
135
31
18
173
6
28
277
170
87
176
7
79
50
144
63
136
29
490
158
8
44
173
184
106
275
297
134
494
233
209
126
173
40
69
21
36
103
273
28
33
70
408
135
327
39
55
360
0
9
281
121
312
339
9
149
130
12
94
275
16
376
434
0
51
44
242
8
109
78
210
173
15
27
15
59
6
19
13
25
18
38
6
25
0
46
19
134
13
88
3
14
36
37
9
12
54
8
59
6
29
27
2
35
7
23
41
54
17
127
118
85
354
7
1
78
95
120
5
89
131
414
110
4
197
113
39
116
146
138
54
121
141
85
101
100
0
31
166
3
146
73
214
18
111
3
76
196
37
85
78
136
46
2
83
70
163
66
41
423
93
5
7
175
50
758
199
102
71
12
10
74
293
161
1
3
2
23
1
157
187
75
375
473
163
277
33
226
6
80
128
19
38
69
7
8
115
32
31
0
9
158
235
3
336
308
65
5
179
8
175
177
55
0
37
175
133
58
8
43
0
43
31
6
210
95
29
38
100
54
47
31
22
8
147
0
88
153
59
5
20
3
106
87
3
2
9
11
131
457
47
29
18
21
122
43
66
91
1
31401
5
22
9
43
194
50
3
44
85
69
19
4
72
22
44
54
8
28
8
22
19
913
148
28
44
68
111
237
16
2
41
6
279
3031
2211
328
1553
3764
1376
2464
6210
2142
12405
3
790
2041
3663
3424
925
3
1301
2220
2
4
8078
7
2:1
5
2821
882
958
1533
933
5162
1433
2094
104734
1
16643
7741
9490
28772
3585
54
10
2:22
0
4
7
2:39
157
32
89
5
55378
85
74
157
7
2
15
12
63
12
53
109
37
2
1
12
11
2
31
33
662
29
14
21116
3093
1178
9030
0
9113
1110
539
334
189
665
436
330
202
2
52
3
1
43
1
14
28
34
29
31
3
6
29
2
1
43
38
13
6
31815
8555
176
15
54
31
622
104
46
333
150
30
37
119
16
142
11
0
73
64
0
80
736
94
36
28
15037
11712
2:1
163
53
19
43
-488172
446
486
0
476
0
113
316
177
191
171
82
1620
1136
676
76
24
694
708
194
122
432
327
859
1356
2:279
452
200
794
270
257
393
575
52
13
591
189
384
212
1205
1762
120
24
57
190
40
35
233
0
465
11
153
1008
221
0
50
626
29
252
28
12
238
170
323
97
341
254
363
544
203
199
1
563
631
40
111
227
0
179
0
62
0
75
148
168
93
1043
63
383
84
10
216
285
185
13
1417
667
3
17
1571
10
119
75
119
195
266
31590
614
36
1288
285
50
12204
10425
24843
0
13556
0
1
14
5289
4185
1414
119940
53591
27
6
11004
44733
202
0
65
2
16
754
20
176
3445
24995
9046
9677
26
116
93
41303
77
213
1107
15612
4
0
12111
90
1413636600
499:0
1
153:0
3
6
-7
4
-3
11
39
-46
31
-35
475
2600
-3077
2
15
233
1679
-1908
314
-331
-3
0
2:7
82
3
-69
-25
-5
112
-105
0
-6
59
-31
50
87
-158
-7
9
-4
-6
590
-586
19
-1
0
-20
5
9
-9
0
-4
-1
0
3
-5
14
-8
-6
34
-23
30
72
-90
-18
-3
191
201
-137
-252
86
-74
1288
-1230
-31
26
-69
85
-83
31
-32
-1
15
-9
-4
1038
-944
240
-21
-44
-271
369
-352
-13
304
-305
-4
76
17
7
-84
-10
24
-22
-3
-2
6
-6
-1
0
8
71
56
-123
131
-142
-3
9
-5
132
-104
-31
5
-4
0
3
-4
-1
68
-54
-6
42
-25
-24
11
-1
-8
5
-5
47
-2
-16
-30
-1
6
2:0
-6
84
-84
-1
1
13
-13
0
367
-346
160
-111
-58
2:-1
2
21
-30
-3
236
-229
14
-20
25
85
-113
6
-5
88
-81
69
1
-77
136
-130
-2
351
-350
-5
84638
-77360
-7107
-123
-42
1
6
11
-15
22
-24
0
22
-28
30
-31
325
-319
2
89
-64
4
11
-45
1
-1
39
-36
184
-187
6
-9
10
743
-710
-32
3
-11
10
5
88
-105
58
-58
-1
47
-47
25
-21
4
7
649
-664
2:1
10515
-6373
-4144
0
9
70
-58
-16
11
104
677
-778
-9
124
-114
62
-79
53213
-53209
0
4
57
84
-137
-15
1
197
-187
2029
-1991
-8
246
-285
0
40
65
-103
5
1350
-1336
-2
-21
9
95
-100
-4
149
-141
24
64813
-64840
-5
1
1915
-1909
0
35
-39
398
1182
-1572
1891
-1871
-31
4
26
-26
0
13
-13
69
-72
4
-4
373
-374
2122
-2122
4
13
1869
-1852
51
-78
-4
9
-6
456
-455
-6
87
-88
63
-63
50
32
-80
1354
-1356
382
-383
13
-11
-2
21
9
70
5334
-5348
-71
-12
50
-48
74
-7
561
-494
-132
69
-75
2
4016
-3035
-983
28
4239
-4266
293
-293
13
-13
29
653
-683
3
-2
16
-14
847
-851
6
189
-186
-6
59036
-59027
-11
6
49
-12
196
4900
-5132
873
-872
78
62
-146
0
12
-11
17
3
-6
4
25
2205
-2250
61
37
103
-199
46
-48
75
28
-97
-5
25
31
-22
-31
62
-62
14
-18
-1
2
-3
15
16
-24
-2
0
-3
0
46
-46
16
-14
3
10
-2
707
-713
-2
-6
11
216
-179
-10
135
-159
-14
19
-19
2:0
12230
-12219
17
-13
37
111
-163
280
30
-303
9
628
-603
449
-490
20
533
-553
2107
-1968
-138
48
-44
-3
3328
-3328
0
173
-158
-11
-6
2
1
78
29
-26
72
-149
17
9
-34
0
-1
4:0
1
8:0
-1
1
2:0
-1
0
1
0
-1
2:0
1
-1
1
-1
1
3:0
-1
1
3:0
-1
1
3:0
-1
1
-1
2:0
1
0
-1
3:0
1
3:0
-1
1
-1
1
0
-1
0
1
-1
0
1
2:0
-1
1
-1
1
-1
6:0
1
-1
0
1
-1
1
2:0
-1
1
0
-1
1
5:0
-1
1
0
-1
1
3:0
-1
1
0
-1
5:0
1
8:0
-1
3:0
1
5:0
-1
2:0
1
2:0
-1
0
1
0
-1
1
0
-1
1
-1
1
6:0
2
1
-3
3
80
-83
2:0
5
1
-1
0
-5
3:0
23
-14
-9
7
-7
0
4
-4
3:0
1
0
-1
2:0
1
-1
0
7
-7
1
10
0
-11
0
4
-4
5:0
2
-2
2:0
4
-4
4
-4
4:0
14
-7
-6
1
2:-1
17
-17
1
-1
2:0
2
-2
4:0
2
6
-8
3
-2
-1
14
-14
0
5
-5
0
3
-3
0
1
-1
2:0
2
-2
4:0
3
-1
0
-2
2
-2
3:0
18
-13
-5
1
-1
4:0
26
-25
-1
2:0
2
1
-3
1
0
-1
15
-15
8
-8
0
5
0
4
-8
15
-16
2:0
12
-12
1
15
-16
0
5
-1
3
-7
0
3
-3
0
14
-14
2:2
1
7
-12
1
-1
12
-11
4
-1
-4
0
3
-3
39
-39
0
1285
-1185
-83
-16
0
-1
4
-3
8
-6
-1
0
-2
1
9
-10
0
2
-2
4
-4
0
3
-2
-1
0
6
-6
23
-22
10
-11
2
15
-17
2:0
2
1
-2
7
-8
13
-12
-1
10
-10
8
-8
0
2
4
-6
0
1
317
-219
-99
0
4
2
-2
-3
0
1
75
-74
-2
15
-11
-3
-1
339
-340
0
5
8
9
-22
2:0
2
-2
43
-43
0
1
-1
0
2:3
-6
2
73
-70
0
-5
0
13
-12
1
7
-9
8
390
-396
-2
0
58
-57
0
7
-7
94
-11
-81
28
-31
0
1
2
-1
-2
6
-6
3
-2
0
-1
2:0
146
-146
1
2
102
-99
5
-10
0
-1
4
30
-34
0
32
-32
2
-2
8
16
-24
138
-136
18
-20
3
-3
0
4
2
16
304
-326
3
-2
1
-2
2
16
2
0
-18
5
-7
1
41
-26
-16
4
-1
-2
3
-4
2
-2
17
80
-97
0
2
-2
3
11
-14
0
5
-4
1
153
-155
2:0
2
3
-5
404
-404
2:0
2
3
-5
0
1
4
-5
0
2
0
5
96
-103
14
20
-27
-7
10
-10
1
-1
7
-7
14
-14
7
-1
1
-7
2
-2
0
1
-1
0
6
-4
-2
1
0
-1
4
-4
2:1
0
2:-1
8
-8
0
1
2
-3
2:0
2
2:-1
2
0
-2
0
167
-164
-3
1
2
20
-23
57
-31
-26
2:1
-1
69
-70
1
-1
0
140
-140
2
1
-2
0
317
-318
0
44
-41
3
3:-2
5
-1
0
2:-2
3
-3
14:0
1
-1
0
1
-1
3:0
1
-1
33:0
1
-1
4:0
1
0
-1
4:0
12
-12
15:0
1
-1
14:0
1
-1
7:0
1
-1
15:0
1
-1
0
1
-1
8:0
2
-2
3:0
2
-2
5:0
end
