v1
542
252
110
368
13
325
105
56
52
187
32
47
357
60
84
35
64
15
83
152
67
228
19
37
22
28
539
121
83
82
317
37
258
117
615
14
75
49
21
32
238
70
154
15
451
435
136
80
19
217
8
41
135
43
256
139
339
104
52
54
279
66
187
0
179
46
277
72
37
148
44
132
12
74
1
256
368
51
34
0
98
205
82
13
14
247
3
213
267
8
431
18
72
23
0
381
212
176
54
286
53
69
57
176
228
110
359
42
135
366
55
244
125
160
2:121
235
185
31
154
39
7
9
177
85
123
106
169
0
228
164
78
119
73
43
172
294
85
24
43
418
15
56
51
32
31
12
3
2
14
19
30
1
46
2
3
14
7
127
101
17
28
45
9
26
48
4
36
19
6
12
20
26
65
3
354
74
11
296
0
45
21
78
95
120
216
423
110
314
12
22
5
116
146
27
0
111
54
121
141
85
101
100
28
3
166
3
90
56
5
68
199
15
129
27
248
6
31
299
15
31
2
153
229
41
309
199
0
20
0
184
41
252
238
268
301
71
12
10
176
191
50
115
2
181
187
75
50
30
702
185
44
8
40
193
36
33
47
185
80
128
19
21
86
7
8
147
11
29
104
0
179
96
14
1
0
608
83
97
107
64
348
3
37
175
133
58
8
43
74
2:6
26
178
73
51
38
100
54
47
61
89
38
108
153
59
5
23
93
11
94
33
0
118
106
194
61
98
0
45
0
47
21
5
135
0
15
76
77
31416
5
22
9
43
16
100
0
78
53
42
2
24
61
69
19
4
72
8
1
57
54
36
8
22
12
0
6
914
54
56
8
0
30
72
68
111
71
166
15
1
2
47
885
0
2425
2211
328
1553
5140
4647
609
3422
2138
1500
10905
793
8309
819
1797
2652
2
4
10
0
8075
2:1
5
2821
882
943
15
1533
920
13
1997
3147
7
11
25216
83046
16642
1
7716
25
32
22
19
9417
32421
18
4
26
0
181
93
53
19
17
2:5
11
54631
731
132
0
27
157
9
27
18
38
1
6
12
1
161
12
15
10
3
8
2:2
11
2
726
29
0
14
0
6
12976
8134
3093
5056
5152
7980
575
403
1265
539
477
46
665
436
532
2
1
2:7
10
9
18
3
1
39
2
17
0
28
31
0
63
37
3
1
99
1
30302
1513
8247
244
64
0
176
100
600
22
103
1
87
292
150
67
24
95
16
142
56
28
41
103
47
36
15
207
77
319
35
89
5
19
17
38
26739
1
163
1
12
60
43
19
1414585200
541:0
14
-13
0
20
24
-45
127
-124
2:-1
3
-4
2:1
2931
-2932
12
-10
8
54
-25
-12
24
-31
126
-146
-1
10
81
-81
-10
14
-12
137
-136
-2
0
90
-90
-1
0
201
-171
551
681
-618
-638
-5
5
-4
35
-37
0
2
30
-19
-13
21
-19
5
-3
-2
0
-1
532
-369
-162
2:23
-41
-6
3
25
-14
-6
128
-130
-5
0
2
-4
1
3
2
-5
8
234
-242
83
-51
-25
85
-93
0
74
-74
5
83
-85
123
-118
36
-34
-10
2
0
3:1
-4
18
-6
-11
-1
19
-14
3
-8
0
24
-24
2
-2
2
126
-121
0
-4
0
2:-2
35
-21
-14
5
19
-18
-3
2:-1
8
-3
-5
36
-33
11
-14
-1
9
-1
-5
20
-17
-6
6
5
-8
80
-77
43
-48
1
141
-143
32
-24
-2
13
-14
-4
0
54
210
-262
15
-18
2:1
0
6
73
-72
57
-28
-37
3
282
81955
-82241
1
3721
-3643
-39
-40
0
15
-5
20
-1
-17
-10
5
360
-366
118
-108
-8
11
-7
-5
-1
24
-24
3
4
-8
1
7
-7
3
654
-655
38
757
-786
-10
0
-2
0
8
9
-15
1
17
23
-43
2
40
-23
-13
-3
34
-11
-9
5479
-3677
-1812
3632
-3639
33
-30
-2
10
-4
35
-29
-10
-2
12
1377
-1380
-9
63
-40
56
38134
-38213
2
-3
0
1
0
141
-142
0
1
-1
1
564
-564
2
0
23
5
-31
13
1853
-1860
0
4
-8
1
-3
6
536
-518
-8
11426
-11429
2651
-2511
-150
33
-22
105
1270
-889
-497
7
-2
-7
4
14
53
-71
1
-2
3:0
40
-33
-6
5
-1
-2
1233
-1233
-2
1081
-1058
129
-153
2
2:0
6
2
-9
406
-404
27
-27
99
-101
4
-4
0
49
25
798
-865
185
-193
0
1
17
-2
-15
1
0
-2
13
-4
3
48
1157
-1098
-117
25
-26
-1
0
115
-99
290
-244
412
-473
-1
23
322
-303
529
-550
-19
89
-90
92
410
-500
2
1
-2
33
-1
120
-155
0
-1
166
-157
-6
471
-470
10
-12
31332
-31333
33
-23
222
-232
196
-194
-1
16
4712
-4682
-45
4064
-4067
0
8
6
-14
8
-4
1305
-1307
2
-3
5
-4
0
64
-16
-40
43
-42
325
8274
-8565
-35
-6
30
-34
4
567
-561
-1
-2
32
-9
82
-107
1
-3
-1
0
27
-26
5
0
-4
8
-5
670
-673
23
-19
3
-1
-7
60
-47
0
-6
-9
3
27
-30
2
0
21
-23
3
-4
0
131
-129
0
34
-31
9834
-9746
-91
83
-82
0
-2
0
66
1
40
37
-144
3
112
4
-112
-2
-3
125
686
-814
1
13
-14
5347
-5316
73
-58
-1
-45
16
-13
58
1213
-1222
-39
150
-144
227
-224
61
600
-626
-50
17
48
-71
1
5:0
1
0
-1
5:0
57
-57
4:0
5
-5
0
6
-2
-4
12
-12
4
-4
0
4
-4
5
-5
2:0
2
-2
4:0
3
6
-9
3:0
1
3
-4
2:0
2
0
-2
1
-1
1
0
-1
2:0
6
-2
-3
-1
1
-1
2:0
6
-6
3:0
2
0
-2
3:0
1
-1
1
-1
0
3
0
-3
1
-1
0
3
-3
0
4
-4
3
-2
1
-2
2:0
1
2:0
-1
1
-1
1
-1
1
-1
1
0
-1
0
4
-4
3:0
14
-13
2:0
-1
3:0
1
-1
0
18
-18
4:0
1
-1
10
-10
6
-6
2:0
1
0
1
2
-4
3:0
6
-6
10
-10
0
13
-13
2
-2
0
5
3
-7
-1
0
10
-9
1
-2
4:0
17
-16
3
2:-2
0
34
886
-920
0
55
-43
-11
-1
0
3
2
0
-3
4
-3
-2
-1
2:0
5
-5
4
-4
2:0
2
-2
0
1
-1
0
5
-5
0
48
-45
-1
11
-5
-6
0
-2
2:0
1
-1
0
2
7
-9
0
5
-5
1
-1
1
3
-4
202
-135
-67
2
-2
2:1
-2
1
-1
5
-1
-4
2
-1
76
-76
-1
7
1
-7
207
-208
1
-1
0
1
-1
12
-12
4:0
29
-29
2:0
5
0
-5
0
70
-68
-2
3
-3
2:0
3
7
-7
0
290
-292
41
-42
0
3
-1
46
58
-89
-17
3
-3
2:0
2
2:-1
5:0
3
-2
-1
1
0
-1
87
-86
-1
37
-32
5
-10
4:0
1
-1
21
-21
4
-4
24
-24
3:0
2
17
129
-147
10
-11
2:0
2
1
-3
1
0
-1
3
-3
3
2
113
-117
-1
3
-3
2:0
2
6
5
-7
6
-12
2:0
20
-20
11
-9
-2
8
-8
20
69
-88
2:0
1
-2
10
2:-5
2:0
3
-2
-1
7
-7
0
1
114
-115
1
-1
15
-15
1
-1
0
2
306
-307
-1
5
-5
2:0
2
-2
1
-1
59
-59
5:0
26
-21
0
-5
2
-1
137
-138
2
-2
14
-14
0
67
-66
0
1
7
-4
-5
5
-3
0
-2
0
1
-1
2
-2
2:1
2:-1
0
4
-1
-3
2
-2
1
-1
0
1
-1
0
2
0
-1
2:0
-1
3:0
2
-2
0
3
-2
162
-153
-10
16
-16
1
-1
0
14
0
3
-16
-1
0
1
43
-41
-3
0
13
-4
-9
0
3
-3
313
-312
16
-16
-1
0
2
-2
0
3:1
5
1
-8
4
-1
-4
3
-2
7
-2
-5
end
