v1
766
240
12
317
174
486
2:52
87
14
34
130
220
265
51
28
170
132
170
1
113
22
17
11
42
491
77
4
123
88
354
258
157
19
556
130
29
124
12
249
109
11
51
133
271
101
76
61
24
163
10
136
198
167
573
70
108
317
420
135
31
0
58
167
277
109
115
12
21
227
35
56
138
63
79
38
10
9
66
166
85
202
563
110
88
187
97
200
134
16
101
377
212
176
54
59
67
119
94
69
57
31
541
343
135
12
92
135
182
202
167
213
41
27
356
409
7
118
170
12
94
106
151
18
16
93
27
37
219
197
157
131
294
274
311
27
29
12
71
25
18
12
5
2
19
6
17
7
1
46
5
148
35
66
17
82
12
62
59
1
13
31
19
35
30
38
3
16
38
17
14
113
118
236
38
2:173
120
82
12
131
160
35
219
110
98
216
33
6
38
78
104
42
138
54
121
141
85
101
41
87
111
58
3
146
272
15
129
275
6
330
10
5
33
153
229
41
309
199
27
627
349
301
71
22
219
148
50
6
109
2
24
157
93
94
75
50
917
44
48
229
33
189
12
31
0
80
128
19
38
69
7
8
147
40
283
110
712
184
38
207
115
55
37
175
70
121
8
2:43
37
6
204
73
22
29
138
54
47
53
8
35
60
52
88
153
59
5
20
3
104
89
3
2
151
106
119
75
119
81
4
47
101
125
26
64
28
31406
22
9
43
156
5
33
53
14
30
37
48
88
76
8
58
54
36
8
22
986
81
85
68
92
19
71
166
15
0
3
47
281
604
271
2154
1233
978
2
326
1553
3764
1376
7580
1098
2138
1500
10905
3
790
6130
2179
819
925
2139
1385
2
4
8078
7
2:1
5
2807
896
943
15
1533
933
5162
5
1
1427
3523
10
520
102775
1
16642
1
7716
25
73
9417
32411
10
22
153
14
40
73
1
19
30
59
5
16
54631
731
159
38
119
9
27
56
1
18
53
12
97
27
10
2
1
12
11
2
726
29
36
154
12806
8134
8150
5151
3251
4729
575
238
203
1227
539
334
143
46
665
766
202
2
3
6
45
2
86
71
23
40
1
43
47
4
6
30302
1513
8376
179
9
167
69
31
212
372
16
125
1
46
41
199
22
71
217
24
253
11
73
41
103
47
42
216
315
81
35
94
19
17
15
14828
11934
2:1
163
72
43
-488448
166
543
29
788
358
59
82
101
564
44
142
279
282
224
170
95
127
21
287
906
178
642
710
124
39
547
345
132
0
130
9
322
186
70
5
37
428
58
0
47
314
0
158
303
1616
390
304
333
56
68
367
428
529
99
170
141
207
25
85
178
16
50
373
10
426
240
304
66
1319
242
86
201
66
37
15
267
22
2:25
56
30
79
7
110
16
14
83
2:7
6
23
52
4
25
37
26
31
5
0
20
32
94
182
81
267
1070
10
581
238
146
654
320
670
39
359
68
296
589
184
41
12
650
0
95
193
26
166
0
2:93
183
133
675
560
474
135
228
136
151
134
72
388
17
336
227
43
2
81
240
376
383
183
343
140
249
447
304
0
46
128
229
42
115
0
155
111
46
16
31365
163
13
70
40
198
29
96
106
21
7
1181
512
3307
2530
3926
15093
1143
8172
4417
2274
1389
7889
8018
2885
4296
5153
8
7
6
1448
119910
1
11317
40854
1022
117
29
11
136
85
19
55460
25
163
75
47
10
80
55
11
45
2
18
2
44
2
16
786
95
69
7827
16200
0
1178
11034
5973
4951
17
9
21
0
40
57
25
16
8
4
68
40499
690
477
180
361
198
92
9
389
257
319
10
16
15011
2
1975
9912
51
1414522800
499:0
1
265:0
4
5
62
-45
306
-324
20
-17
-7
0
5
247
5258
-5508
9
-4
-5
49
-51
2346
-2291
-46
235
-240
62
2869
-2907
5
14
-37
26
-34
18
80
-96
40
-36
14
-17
328
-331
21
-9
93
-101
-5
1
5
42
397
-444
-2
142
-93
43
-86
161
-162
25
123
22
123
801
-884
60
-262
-6
150
-150
129
-136
6
9
-13
62
-63
690
-680
7
-17
14
-8
9
-4
1204
-1213
144
1151
-1295
-3
200
1507
-1653
339
-369
-18
-5
211
-206
293
-296
65
-52
10
-19
-4
9
-4
24
-17
-10
71
-34
-6
12
-30
176
-171
-21
218
-216
1
40
-44
0
1
3
-3
22
-7
-14
144
-90
-50
-4
10
-6
30
-18
0
13
59
-73
8
242
-265
5
230
-225
41
11
-46
-17
48
319
-367
137
579
-706
0
-10
119
-118
318
-319
-2
3
32
-30
61
-57
61
-65
15
19
115
176
-282
-45
8
2:-5
20
156
-174
120033
-120033
7481
-7483
261
-211
-10
-29
17
407
-362
-45
19
743
-790
90
-53
-25
-12
4
18
-10
-8
2
23
-25
13
2529
-2536
32
880
-904
-5
7
-19
117
-27
-89
10
26
14
-49
-1
12
10
-3
20
-7
20183
-12139
-8061
-15
1
0
20
-15
412
-385
-32
0
3
1348
-1330
-20
199
-188
2
82548
-82464
-96
268
-231
1070
-1065
-46
-2
1
51
18
-67
31
28763
-28724
-69
-2
8
-4
2:-2
633
-550
40226
-40263
-48
3829
-3818
-9
19
45
-43
224
2128
-2375
390
-382
10
-14
2:16
-32
-3
2:1
-2
27
-10
-17
21
1712
-1733
27
1876
-1842
222
-278
-4
-2
32
-32
0
2729
-2729
60
132
-183
-5
435
-227
2973
-2969
1062
-1246
-30
24
-22
-1
297
-282
2442
-2427
0
-22
-4
-5
-2
28
126
-151
111
-103
729
-319
-420
255
-255
10
349
-360
1029
-1022
72
143
-104
206
-319
-2
125
1739
-1865
3
10
-1
7
437
-454
161
-162
26
-19
1132
29540
-30642
-34
19
-23
1
391
-390
116
-91
720
-737
323
-325
6311
-6269
7
496
-446
-99
-9
0
3
-1
2
35
2838
-2861
-7
-10
68
-54
688
-690
10
2
14538
-14556
-5
8
95
-93
17739
-17744
10
61
19
-87
-3
19
-23
-2
46
2
-46
14
-7
-8
7
-2
0
110
-115
17
-9
23
-29
449
-406
22
-63
-4
7
19
112
-129
2
16683
-16557
-132
26
-21
218
-223
-5
1
256
-232
247
-270
76
-62
-17
8
2133
-1856
-278
27
-8
-10
-7
2211
-1358
-795
-59
13184
-13177
1544
-1366
-192
21
-16
168
-165
3
581
-573
-17
61
84
36
93
-29
-147
130
-234
2:1
-2
2:0
-1
2
1
-2
2
-3
0
1
2
-2
2
3:-1
1
4:0
2
-2
2
-1
0
-1
2
-3
0
3
0
-2
2
-1
0
1
-1
0
2
-2
-1
5:0
2
-3
4
-3
-1
2:0
2
0
2:-1
3
-2
2
2:0
-3
3
3:-1
1
3
-3
3
-4
3
-2
2
-2
-1
1
-1
2
-1
2
-2
1
0
1
-3
4
-3
1
-1
2
-2
1
0
1
-2
0
2
-3
1
2
-3
0
3:1
-1
-2
0
2:1
-1
1
-1
2
-3
2
0
-2
0
1
-1
0
1
-1
1
-1
1
-1
2:0
1
0
-1
3
-3
1
-1
1
2
-2
1
-1
0
-1
1
-1
4
-1
-2
0
1
0
-2
3
-3
0
2
2:0
1
-1
1
-3
1
-1
3:1
0
-1
1
0
-3
1
2
1
2:-2
3:1
-1
0
2:-1
1
3:0
2
-1
0
-1
2
-2
3:0
2
-3
1
-1
0
1
0
-1
0
3
1
-3
0
2
-2
0
-1
3:0
2
0
-2
1
2:0
1
0
2
-3
2
2:0
-3
2
0
-1
2
1
0
-2
1
-3
0
1
-1
2
-1
2
-3
3:0
2
0
2:-1
2:0
2
-2
2:1
-1
1
2
-2
-1
2
-1
3:0
82
-82
0
-1
1
-1
0
12
-2
-10
3
-3
0
1
-1
0
6
-6
6
-5
-1
9
-9
1
2:0
-1
2:0
1
0
3
-3
0
-1
0
1
12
-13
0
13
-8
-4
-1
2:1
3
-3
0
-2
14
-8
-6
2:0
3
-3
14
-14
0
1
0
-1
1
0
-1
0
2
2:0
2
-4
13
-13
1
4
-4
0
1
-2
0
14
-14
1
-1
7
-4
0
-3
0
4
-3
-1
1
-1
3
-2
1
-1
0
1
-1
5
2:-3
1
-1
35
-35
1
5
-6
5:0
1
-1
55
-54
2:1
3
-5
18
-17
3
-3
-1
0
9
-7
-3
2
8
5
-7
5
-13
0
16
12
-28
8
0
-8
2:0
11
-10
14
-15
2:0
2:1
0
-1
7
-8
0
2:4
-1
-7
2
2:0
-1
0
45
-43
1683
-1685
77
-78
31
-28
0
5
-5
6
-6
12
-7
-5
-3
2:0
6
-5
-1
2
-1
0
4
8
-13
3
130
-121
-10
15
1
-15
-2
-1
12
7
-19
2
-2
3
-2
4
-1
4
-3
-5
0
358
-232
-123
-3
2
-2
4
2:-2
1
3
0
-1
70
-68
-4
18
-14
-3
387
-385
0
23
-18
54
-62
0
-1
1
10
3
-14
4
154
-153
-3
-1
4
-4
2:1
14
4
618
-624
-14
112
-113
0
2
10
-6
81
58
-144
30
-27
0
-4
4
3
-5
-2
0
1
-1
4
0
-1
-3
173
-171
-1
135
-126
8
-15
-3
2
0
3
-5
72
-72
1
36
-35
1
6
25
163
-190
22
-21
-7
3
-4
1
17
-10
158
-158
0
-2
-4
-2
2:0
4
-4
34
-34
27
-4
-23
7
-5
-2
33
-33
22
-20
2
-4
0
13
-10
-3
27
140
-163
-3
3
-3
4
3
-8
4
-2
-1
1
5
219
-226
2:2
-4
3:0
9
-5
15
-19
0
2
610
-612
2
9
-11
4:0
1
-1
4
116
-117
-2
1
24
-26
10
-6
-3
-1
348
-340
-7
-1
23
-20
260
-261
2:7
-10
-6
11
-9
-2
1
2
-2
-1
1
2
-1
2
-3
-1
15
-14
2
-1
5
2:-3
4
-1
2:-2
0
2
1
-3
4
259
-247
-16
4
-2
73
-73
0
-2
53
-52
29
-28
2:0
-2
2
6
75
-82
6
-7
0
2
58
-30
-21
-8
398
-397
45
-42
-5
10
-8
0
-1
7
4
-1
-10
-1
13
-2
-4
5
-2
1
-11
9:0
1
-1
0
24
-24
10:0
1
-1
1
-1
7:0
1
-1
8:0
1
-1
10:0
1
-1
0
1
-1
0
1
-1
2:0
1
-1
13:0
1
2:0
-1
5:0
1
-1
3:0
2:1
0
2
-4
1
-1
4:0
1
-1
8:0
1
-1
2:0
1
0
-1
2:0
1
0
-1
8:0
3
-3
13:0
1
-1
5:0
1
-1
3:0
1
0
-1
27:0
1
0
-1
2:0
1
-1
12:0
2
0
-2
8:0
2
-2
9:0
2
-2
2
-2
5:0
2
-2
19:0
end
