v1
636
240
295
208
486
52
139
48
8
48
23
51
109
376
51
95
168
67
170
1
57
19
37
7
0
15
28
34
84
340
202
165
59
553
140
440
152
130
9
20
124
108
2
106
45
171
404
101
137
187
10
136
19
57
4
19
62
70
134
160
0
10
336
67
70
178
91
55
53
48
399
21
135
31
88
109
28
144
133
14
95
148
20
24
132
12
74
257
47
0
32
196
93
51
34
157
45
210
173
73
0
119
98
255
12
8
121
310
1
0
89
23
381
212
128
48
54
315
24
66
3
10
4
8
35
31
91
254
28
107
3
401
128
7
12
0
354
257
167
213
68
28
56
37
235
185
0
224
125
0
80
57
16
29
94
275
16
376
121
17
105
33
2:49
228
177
45
14
50
295
171
10
26
30
12
33
6
32
18
25
3
14
0
2
19
6
2
15
0
5
3
46
19
0
6
104
7
0
16
1
118
21
52
9
12
62
40
19
6
11
29
18
35
30
3
92
17
14
113
118
203
7
164
65
8
78
95
120
82
12
131
98
0
97
329
4
94
216
39
116
217
0
67
54
121
35
12
94
85
101
100
197
3
146
5
97
0
170
15
129
50
231
17
14
276
23
10
5
33
83
70
229
3
10
28
309
50
0
115
34
13
14
45
41
82
9
1
753
45
192
0
109
71
22
367
50
6
105
4
2
181
56
37
0
5
88
1
6
2
65
2
18
38
0
159
160
3
404
185
44
14
0
5
29
229
33
176
25
31
8
30
42
90
38
19
3
35
0
69
7
8
147
40
2
281
0
110
611
101
71
0
113
8
47
75
282
40
34
141
133
58
8
42
1
43
37
2:6
92
106
124
38
100
54
13
37
0
50
8
89
58
88
153
59
5
20
3
104
89
5
9
142
106
119
2
73
204
68
42
55
0
39
4
57
34
91
0
11
21
31368
2
5
1
21
9
43
12
96
136
3
14
0
2:30
55
0
88
76
1
7
58
0
54
36
2:4
22
12
6
968
81
85
68
111
71
61
105
15
3
47
9
3301
2211
328
1553
3073
2067
2464
5116
1094
4
2138
2661
9744
3
790
2041
4089
2182
0
816
925
3524
2
4
8078
7
2
5
2821
882
943
15
19
1514
933
985
1012
0
27
3127
11
1433
3523
10
0
11938
91358
13098
3544
1
7741
32
41
9417
28772
3671
21
5
95
0
25
122
12
20
53
0
19
17
5
11015
44413
35
67
7
157
7
2
27
57
18
144
18
2
25
12
1
8
2
1
0
1
11
2
34
692
29
14
6
107
63
6
3445
17489
3093
1178
1995
1884
8402
4726
3
575
1668
454
0
419
88
101
40
625
968
2
1
24
9
18
2:4
39
43
2:34
26
7
33
1
0
43
47
2:4
2
30302
9786
218
64
9
0
167
69
0
31
21
0
77
524
104
87
292
217
24
95
16
142
11
73
41
103
305
100
64
151
116
90
4
19
17
15065
0
1977
9735
1
131
33
72
43
16
1414159200
635:0
5
23
-22
-5
7
-6
16
133
-149
2
25
-18
2896
-2901
0
10
-14
11
-9
1528
-1528
336
-339
0
91
-76
-16
4
-4
2
6
-4
18
-11
-2
122
-129
2
102
-106
1
46
-47
0
1
85
-84
1
4
1
-6
0
2:-1
8
-4
-3
64
-45
-1
-13
-3
22
-20
1
210
-213
64
-53
72
-82
122
-26
-100
4
231
-226
144
-151
78
-57
-18
4
0
-4
36
-22
-16
0
-2
7
-6
2:0
2
19
-15
-8
2
-1
0
4
1
-5
145
-141
564
-568
0
-1
22
-16
7
-13
140
208
-335
246
-257
7
-8
4
-3
140
-119
-19
-2
-1
2:1
10
-13
18
-18
2
-1
1
45
-43
1
34
-37
45
-46
1
-1
68
-68
1
0
-1
6
-1
97
-84
621
-611
-23
-6
10
-10
1
-1
1
66
-5
-58
3
45
-41
7
4
-12
1
5
-13
22
-8
31
-44
-4
1
27
1
41
-68
-2
0
44
18
-54
-8
0
3
26
-26
0
3084
-3032
-30
-11
-13
223
-222
78
-80
5
8
-13
1
20
-19
368
-368
10
-11
188
-188
69
-69
1
-1
3
135
-133
216
19
-227
-11
14
-17
0
4
182
-184
-2
79159
-70695
-8343
-121
0
21
6
-7
-18
-2
32
-25
62
-69
1
12
157
-143
-25
-1
4
15
-13
-7
2:1
0
18
79
-96
-1
161
-142
-10
23
-29
-4
1548
-1537
-9
0
1
34
-37
27
-27
15
-11
2
-5
-1
46
-45
-1
159
-139
45
-65
5
9
14
9
-33
-1
1
-5
0
4
-3
6527
-6526
-1
11
3427
-3437
1
0
2:-1
1
6
2
-2
-7
0
3
-2
47
-46
-2
1
4
-4
20
-15
4
616
-621
-4
-2
0
138
-109
109
121947
-122078
-6
2
0
112
-111
1
-5
0
603
-602
2
-3
4
45
-47
63
-61
11
2188
-2199
13
-6
-9
2
-4
1
3
196
-184
289
82868
-83171
1
0
-3
2675
-2674
25
16
429
-323
1125
-1268
1116
-1108
-3
12
-19
-2
8
-8
0
5
20
-25
2:1
0
2
-5
4
1240
-1241
0
-2
4
-4
0
2065
-2065
44
257
-285
-13
-4
1
10
-10
0
324
-323
1
0
324
-321
-5
11
37
70
26
748
-893
140
381
-519
15
4
-15
2
-6
38
-22
-9
3659
-2776
-864
-8
-19
1
57
278
-254
-74
102
-102
-7
1
5
533
-533
706
-712
172
-172
41
-42
3
108
-110
38
663
-701
3
-3
4
21
-27
4
-2
123
-124
7
13
-21
4
-4
6
-2
28142
-28131
-6
-9
0
3
72
-75
12
349
-95
-262
9
6842
-6850
206
-208
-1
-2
0
4
-2
7
5
-13
2:0
97
1680
-1775
41
-43
3
49
3
-47
-4
-3
520
-518
5
95
-104
28
-25
4493
-4496
7
-7
0
124
-105
-2
-12
-5
20
10
-22
-6
2:0
-2
9
-2
-3
8
-4
-7
2
3
10
31
-47
0
10
-9
23
-20
-2
7
23
-31
19
-20
5
205
-208
-1
197
-194
-4
21
-20
7858
-7858
0
3
10
18
13946
-13927
-33
-9
-5
427
-431
0
197
-194
0
9
-12
0
34
-26
2130
-2134
7
439
254
-180
-523
47
-40
7210
-7200
81
-55
-44
33
-29
9
-11
20
317
-332
-6
0
-1
71
72
-94
857
3015
-3875
-45
1
3:0
2
-1
1
-2
4:0
60
-59
-1
0
1
-1
1
18
-18
3
-4
0
11
-10
-1
1
-1
14
-12
-1
5
-6
1
6
-7
4:0
2
-2
2:0
2
-2
2:0
3
-2
-1
5:0
4
-4
3:0
1
0
-1
1
-1
0
1
-1
1
0
1
-2
0
13
-13
5
-5
2
-1
0
-1
2:0
11
-9
-2
2:0
1
-1
3:0
1
-1
4:0
1
-1
0
6
-6
5
-5
3:0
2
-2
2:0
11
-11
11
-11
1
-1
2:0
2
2:-1
9:0
1
-1
1
-1
3:0
2:1
-2
0
7
-7
5:0
26
-23
-2
0
-1
0
1
-1
0
1
-1
26
-26
0
1
0
-1
2
-2
1
-1
1
-1
11
-11
10
-10
3:0
1
6
-7
3:0
6
2
-8
3:0
1
2:0
11
-4
-8
0
17
-17
6
-6
2
5
-7
0
1
-1
13
-13
4:0
9
-9
2:0
1
26
-26
5
-2
-4
1
4:0
38
-39
0
1309
-1233
-62
-14
0
4
-3
3
-4
0
2
8
-6
-4
0
3
-2
5
-5
0
-1
2:3
-6
4:0
11
-11
0
19
-19
8
-7
-1
0
13
-6
-7
0
1
2
-3
7:0
8
-7
0
13
-13
7
-8
0
3
-3
2
2:-1
5:0
265
-265
2:0
94
-94
4:0
1
0
2
0
-3
3:0
4
-4
2:0
2
-2
0
2:1
75
-75
-2
2:0
11
0
-9
229
-230
-1
3
0
15
-18
1
-1
0
33
-33
2:0
1
3
-4
9
-9
1
96
-97
1
0
1
-2
3:0
17
-15
9
359
-370
3:0
54
-54
2
8
-7
60
55
-117
24
-22
-1
1
-2
1
2:-1
0
1
3
-4
2
-2
3:0
1
130
-131
5:0
69
-69
7
3
-10
1
-1
0
7
-7
0
32
-32
1
0
49
-49
-1
2
6
0
4
111
-123
7
9
-14
-2
10
-9
-1
0
6
2:-3
212
-193
-14
-5
0
3
4
9
4
-20
4
-4
0
1
-1
31
-31
12
-12
3
-3
3:0
7
-5
14
80
-96
0
1
4
-1
-3
-1
0
3
-2
2:1
-3
3:0
1
142
-140
-3
3:0
4
-4
3
8
-11
0
1
353
-353
8
-9
5:0
1
0
-1
2:0
6
88
-93
-1
2
-2
21
-12
-9
3
-3
9
-5
-4
47
-47
2
-1
8
-9
1
-1
0
6
-3
-1
-2
0
4
0
-3
0
-1
3
-3
2
2:-1
0
1
-1
0
2
1
2
-5
0
3
-3
6
-6
0
2
0
-2
2:1
-2
2
-2
0
5
-5
0
4
-4
189
-189
2:0
1
3
94
-74
-22
-2
0
23
-23
0
19
-19
0
2
-2
2:0
1
64
-63
1
38
9
-50
0
5
-5
285
-285
25
-16
-9
0
2:1
-2
9
8
-13
-2
0
-2
5
-1
-4
5
30
-31
-4
end
