v1
740
297
238
49
127
32
16
206
103
69
13
79
31
21
124
15
48
79
51
395
90
188
6
120
238
57
56
22
146
476
39
27
165
21
38
75
206
170
107
135
126
466
89
4
63
3
32
130
80
124
128
15
0
180
271
268
29
7
121
10
103
231
33
134
136
190
160
87
63
172
13
30
61
0
141
391
23
21
135
82
174
277
72
37
115
0
33
44
43
9
80
7
5
74
1
193
63
79
34
255
109
74
104
0
196
20
154
160
0
33
38
52
20
12
75
99
89
87
2:172
113
40
341
442
126
213
66
3
10
47
376
61
0
436
42
128
7
44
177
106
185
54
224
254
55
206
0
122
44
33
232
100
7
394
106
169
31
18
43
17
31
333
92
201
77
34
44
56
114
80
59
50
150
15
47
76
178
10
27
29
12
33
6
32
18
17
8
5
30
9
0
25
46
2
0
17
133
1
13
105
64
18
10
2
62
45
14
6
8
0
50
0
35
30
3
54
55
14
113
118
374
52
21
78
215
94
16
115
134
61
16
70
243
314
33
6
116
214
70
54
121
141
85
74
27
41
36
23
125
14
58
3
146
5
97
170
15
129
79
196
6
31
284
7
8
10
5
18
15
83
70
165
64
41
216
93
199
8
12
7
168
550
258
185
116
71
2
2:10
195
117
0
55
50
6
135
223
27
0
5
89
75
18
32
325
3
633
277
13
20
119
57
0
10
38
2
6
80
128
19
0
19
88
2
5
8
147
40
266
11
6
110
611
81
20
82
69
32
1
130
230
55
3
34
21
154
70
121
8
2:43
37
6
131
73
0
73
22
1
28
38
98
2
54
47
2
57
2
35
60
32
20
88
153
59
5
20
3
99
5
94
62
0
89
54
0
52
32
87
75
119
85
38
9
46
17
155
34
64
31429
5
22
9
43
39
117
5
0
86
2
12
0
30
173
76
8
58
54
36
8
22
986
57
177
111
71
166
15
3
42
5
9
3301
2211
328
1553
665
1705
355
2415
7580
1098
2138
12405
793
2041
3663
3424
0
925
872
1267
7
1378
2
4
8078
7
2814
896
0
943
15
19
2447
474
1523
3147
16
2
6
1427
3523
11948
91358
16642
1
1735
5981
25
73
9417
32379
39
3
18
4
92
188
20
89
5
55356
22
159
38
119
7
2
15
12
18
39
18
1
52
27
19
45
6
39
12
1
12
0
11
2
733
29
53
130
12806
8134
3093
3173
7035
7980
575
118
323
0
1227
539
333
190
665
436
532
2
1
8
0
44
3
41
2:3
39
8
19
28
6
2
31
37
3
1
43
47
2:4
2
30302
10004
64
176
69
31
193
533
87
103
96
310
24
111
142
0
11
45
28
41
103
47
36
222
13
302
210
19
17
15065
4
1973
9735
2:1
144
19
72
43
-487775
36
526
77
147
484
170
0
539
240
263
201
137
167
0
991
686
2
36
651
86
54
228
89
364
0
113
596
266
162
139
508
82
6
24
900
426
412
62
254
247
619
322
0
329
380
241
371
307
889
20
262
55
224
383
43
1614
285
0
15
353
337
677
0
157
656
904
1261
429
0
1011
98
302
1803
134
1001
2
471
81
108
270
1011
407
171
37
17
4
480
133
1099
94
56
409
488
427
250
513
923
70
157
31413
110
311
0
188
1769
11215
8957
15643
6080
6067
10311
2828
117729
13099
1
0
53229
10
247
213
55300
76
1338
18
164
47163
0
26
167
9
98
41315
496
829
522
51
117
124
27030
1414387200
599:0
1
139:0
5
19
-14
3
-8
698
-695
13
-9
-8
8
-2
3
-11
4
20
-22
15
-13
2033
-2024
-11
38
597
1741
-1537
-809
50
-80
53
-51
10
-12
5
14
-12
3
-11
106
-101
64
-68
37
-36
54
-57
1
0
15
235
-247
0
83
10
-97
1728
-1321
170
-461
-76
-18
1894
-1889
-15
-10
1
146
-123
-25
-1
3
0
20
-17
27
378
-43
-307
-61
18
392
-410
10
-8
-1
184
-177
167
-170
-3
-1
179
-162
-12
139
-134
-8
-3
2
208
-172
-34
0
21
-15
76
-82
3:0
-1
20
3
50
-76
49
-49
34
-2
22
-54
39
3
-20
23
-40
172
-177
7
0
-6
0
23
-3
-13
19
405
-430
20
-2
-12
40
-34
1154
-1167
0
39
-39
8
34
-16
4514
-4070
-448
762
-782
-3
2
0
-1
-2
12
-8
-1
386
-385
5
1
14
-23
8
-8
0
2:1
5
4
7
-10
22
-12
-16
90
-91
-1
6
-5
0
121
-102
14
-32
5
-6
37
-38
29
-27
91
-92
327
-207
-110
24
-35
3
19
58
-80
29
-2
-27
81
-78
8
52
-63
8
165
-173
3
32
-25
25
-24
-11
16
-16
9
-7
0
203
95381
-92294
2216
-5332
-173
7
31
-27
187
-174
-24
151
92
-241
-4
-1
1
20
-10
-11
12
129
-130
307
-303
-9
526
-532
8
-1
-3
57
-41
-16
466
-230
-227
6
-17
78
98
-161
-5
-11
-1
2
67
-66
0
142
-134
48
-59
-1
8
4
1
-11
1
-2
3
48
1
-48
2:0
-4
7041
-6087
-953
80
-81
2
4
36
-40
33
-32
-3
2
0
3
-1
2
-4
519
-520
1
0
107
-106
22
450
14870
-15337
-7
0
9
348
-347
2
64
-72
-1
-3
1521
-1521
-1
21
-21
23
-24
45
55
-64
3053
-3056
-32
13
-9
4
-6
2:-1
11
-10
1322
-1311
-4
21
6740
-6721
-48
1
1805
-1803
-1
4
75
131
-198
71
586
-653
348
-365
14
992
-1006
1
4
-2
-1
4
37
-41
-1
2
3
-7
102
-93
92
-95
2698
-2701
-2
2871
-2821
27
-77
8
2:-4
1
-2
20
-16
0
322
-133
-185
-1
106
-49
527
-474
-19
-2
-93
-3
148
-138
890
-345
-493
-54
8
1
-5
70
905
-950
-37
3
-3
16
19
-17
212
465
-690
5139
-5143
28
-2
-22
5
16
-26
12
1369
-1379
24
-26
0
1
0
1
43
-36
45
-52
-2
46
402
21727
-22172
32
-31
2
78
17
194
-288
2
346
-290
4842
-4904
5
24
-26
1113
-1117
19
23
81
866
-979
-12
17
-14
44
-42
-5
9
30
-33
429
-433
-2
1
-1
4
2
-6
26
-13
-10
-2
2
72
138
-213
2:0
7
-6
14
7
-17
-1
4
54
-63
2
0
17
-15
3
11
-15
55
14
-64
-4
-2
1
2
106
-99
-8
5
33
-38
-1
7
146
-143
2
-5
10046
-9270
-780
131
-94
1161
-456
-729
-7
259
-226
-42
3
-4
606
-602
168
-154
628
-555
-91
115
-5
-111
0
4887
-4793
8
-69
-26
1
13
-21
8
13
30
-34
-9
6
60
37
-75
-23
416
13596
-14005
-22
0
1
3:0
-1
0
1
4:0
-1
0
1
0
-1
1
0
-1
0
1
0
-1
2:0
1
10:0
-1
0
1
0
-1
0
1
5:0
-1
1
0
-1
1
0
-1
2:0
1
2:0
-1
0
1
0
-1
1
-1
1
-1
1
-1
1
4:0
-1
4:0
1
4:0
-1
0
1
4:0
-1
1
5:0
-1
0
1
-1
1
0
-1
1
2:0
-1
1
0
-1
2:0
1
5:0
-1
1
-1
2:0
1
0
-1
1
-1
1
3:0
-1
1
2
-1
1
0
-1
1
-1
3:0
1
0
1
-2
3
0
-3
2:0
59
-59
0
2:1
9
0
-6
-2
-3
0
10
-8
-2
3:0
1
2:0
-1
6
-6
2:0
4
-4
6:0
4
2
-6
1
-1
2:4
-8
2
-2
7
-7
2:0
1
-1
2:0
1
-1
1
-1
2:1
-2
2
-2
4
14
-18
1
-1
0
5
-4
0
-1
1
0
-1
3
-3
4
-1
-2
-1
1
-1
1
5:0
-1
4:0
3
-3
2:0
6
-6
0
5
-5
0
5
-1
-3
8
-9
3
-3
2
-2
2:0
1
5
-5
-1
3:0
1
-1
2
1
-3
2:0
1
-1
1
-1
5
-1
15
-19
8
-8
8:0
3
-3
2:0
21
-21
1
-1
4:0
1
2
-2
-1
2
-2
19
-19
0
2
-2
1
4
-1
11
-12
-2
2:0
1
4
-6
15
-15
22
-22
0
1
-1
2
1
-3
0
2
0
-2
7
-4
-1
6
-8
2
6
-8
0
7
-5
-1
0
-1
2
-2
1
-1
0
25
1096
-1117
63
-45
-22
3
1
2
-5
3
-4
5
-5
5:0
3
-2
1
3
-4
4
-2
-3
2
-1
2
-3
0
11
-8
-2
-1
36
-35
0
-1
6
2
-8
7
-7
0
4
0
-4
0
15
-15
9
-8
-1
1
0
-1
4:0
3
1
-4
3:0
176
-141
-35
7
-6
-1
4
0
-4
4
-4
1
0
-1
4:0
41
-40
2:0
10
-11
4
-4
169
-167
-2
0
3
24
-26
-1
7
-7
1
-1
58
-58
0
2
-2
4
-4
7
2:-2
79
-77
-4
2
-2
0
-1
0
1
-1
0
13
-12
-1
11
249
-251
-9
1
85
-86
2:0
3
7
-9
49
-2
-45
29
-32
4
7
-11
0
3
-3
0
4
-4
2:0
2
2:-1
14
-14
3
0
115
-116
-2
76
-70
1
-6
-1
0
1
2:0
-1
1
0
42
-9
-34
0
2
9
78
-84
2
6
-13
1
4
-1
173
-162
-13
-2
1
0
2
12
1
-5
-11
1
-1
2:2
-4
37
-25
-11
0
-1
1
0
-1
1
-1
0
7
95
-102
1
-1
4:0
1
0
3
-4
1
0
1
102
-104
5
-3
0
8
-6
7
-10
-1
0
9
443
-452
1
0
-1
15
-15
5
-2
5
60
-68
0
8
-8
5
-1
-4
0
1
3
-2
1
-2
0
-1
2:1
-2
4
-2
1
-2
0
6
-7
3:0
1
-1
2
0
-2
1
4
-4
-1
2:0
4
-3
-1
3
-1
5
-4
0
-3
3:0
3
-2
-1
0
1
-1
0
1
-1
0
4
-4
171
-162
-8
9
-6
12
116
-130
-2
41
-28
-13
2:0
106
-103
-3
0
57
-28
-27
5
0
-6
-1
77
-74
18
-21
0
4
-3
0
2
-2
4
-1
-4
0
4
-2
3
-5
7
62
-66
-3
4:0
1
-1
42:0
1
-1
4:0
1
-1
18:0
1
-1
46:0
1
-1
3:0
2
-2
5:0
1
-1
3:0
end
