v1
619
317
267
159
79
143
154
110
239
447
49
0
119
110
222
49
14
48
108
58
56
7
15
17
11
53
65
542
0
62
15
88
58
296
35
223
147
10
205
529
7
48
69
110
0
236
24
195
191
80
22
0
79
324
10
50
317
93
0
41
136
370
0
67
94
105
36
9
95
92
0
64
333
41
19
6
156
7
24
58
121
46
277
109
10
14
17
20
33
54
20
24
43
20
69
60
26
6
188
63
79
57
29
132
138
128
462
86
0
107
4
27
46
0
33
158
90
0
7
20
431
16
478
149
84
74
135
126
160
53
47
0
22
57
245
131
121
10
7
401
462
39
146
5
106
42
125
254
27
0
356
161
248
7
9
0
78
102
0
63
48
94
106
9
160
173
219
173
24
157
20
111
286
8
109
175
120
175
0
6
27
29
12
0
16
0
17
38
25
15
3
17
21
6
25
46
2
3
14
7
126
1
101
17
9
64
9
74
59
6
8
24
6
20
65
3
92
17
14
59
25
29
118
12
435
78
95
120
94
326
16
0
70
133
58
52
304
10
39
116
77
207
54
52
69
141
85
101
41
25
34
139
0
58
3
151
25
43
29
0
39
131
0
15
116
13
281
17
313
15
33
83
70
44
185
41
42
240
27
0
199
20
7
168
808
15
184
102
83
10
195
36
186
6
0
111
13
11
42
280
22
8
67
50
47
303
293
274
44
19
258
33
92
132
2
0
6
38
42
90
0
38
19
107
7
8
106
41
11
29
48
229
102
14
339
270
38
65
82
102
415
37
175
16
175
8
43
8
72
6
131
2:73
22
12
17
22
16
100
54
47
59
2
147
88
153
59
5
23
69
35
71
23
25
180
52
255
98
45
47
26
75
117
34
88
4
31
31375
22
9
12
31
165
55
27
14
30
85
88
76
8
14
9
89
15
21
8
22
932
54
57
65
44
179
71
15
96
10
0
39
6
15
1
2
56
3301
2211
2
326
1553
5140
4232
1658
1691
1097
2138
12405
3
0
393
397
2041
4086
13
2169
819
1797
1269
1383
2
8083
6
2
5
12
4
2805
1825
15
2453
13
1997
0
3146
8
1
8
2
5
1428
3523
103306
16642
1
7741
73
9417
32379
39
3
22
11
22
0
91
29
14
0
77
36
0
20
53
36
5
16
54631
740
41
109
38
119
7
0
2
27
3
15
38
1
18
162
4
23
10
3:1
8
2
13
32
48
648
61
101
7890
4973
4652
3482
13301
2004
5976
575
1310
358
458
0
81
334
0
143
46
582
83
436
532
2
3
2:11
9
18
2:2
58
0
28
0
34
25
35
40
1
11
24
8
47
10
30302
10004
0
64
145
31
94
6
20
556
0
46
103
1
286
93
217
24
111
142
13
71
41
43
60
47
13
23
15
207
13
383
55
74
19
17
38
14888
72
67
1977
9735
2:1
116
29
4
14
72
43
23
1414741800
618:0
6
1
18
-25
4
-4
48
-32
-15
8
0
1651
-1617
-41
-1
2:6
4
2056
-1589
-266
-210
-1
35
-36
136
-141
0
6
-6
46
-46
12
-11
1
-2
13
-13
9
-8
9
-11
2
-1
3
197
-187
-12
98
-91
0
-4
164
-135
-33
1229
-1230
0
11
0
-11
0
66
569
-631
-4
0
10
-10
0
11
-5
2
19
-20
2:-2
742
-674
-66
170
134
-246
-48
-13
190
-144
-20
167
-165
-27
12
24
-37
0
228
-229
129
-112
-2
16
-25
67
-72
2:-1
1
0
3
15
-14
-4
0
57
-53
-4
0
-1
43
103
-113
4
-11
-23
-2
58
76
-132
27
-30
0
4
55
-53
833
-837
2:-1
43
-28
-4
-8
-1
4
24
0
-23
-7
0
14
-13
7
92
-99
0
2
1
0
54
-57
205
-196
-10
24
-24
2:8
-9
84
-91
168
-163
16
-20
0
5
-6
0
1
3
-1
1
0
-4
0
26
5
-29
-2
9
-8
0
37
-31
-2
-5
15
45
-26
-5
15
-44
24
-22
-1
282
-226
-57
0
44
-40
7
-1
41
-40
6
-13
-2
-1
1
2
187
4713
-4865
-25
-12
39
-38
14
-16
1
-1
2:0
91
-89
72351
-68972
-3281
-97
6
12
-21
0
195
-167
-25
329
-196
-135
2
0
1
2
0
37
-42
-2
0
2:2
1
34
204
-230
-9
-3
43
-30
333
-335
-8
-4
46
131
-172
-5
8
3
-10
1
24
-19
10
-15
31
-7
0
-17
6
-13
-2
4
0
1
2
42
-42
2
2754
-2760
1066
-1048
-14
-5
0
1
-1
15
20
-20
2:-6
-4
0
111
-111
8
-8
0
808
-796
524
-529
19
-27
16900
-16894
7
-13
1
2
114
-110
45
-51
41
-33
710
-713
34
-1
-39
2
2196
-2191
-5
-1
26
-20
-5
1
2:-1
129
-127
2912
-2903
9592
-9598
-3
1604
-1593
28
-36
258
380
-379
-264
6
-5
11
-10
2
5
321
-329
-2
37
-35
-2
9
914
-921
-2
3
3533
-3476
-30
-25
3
2
-9
6
-5
286
-284
38
-21
-7
-14
3
25
-22
831
-810
28
-47
77
-83
0
8
14
3
-22
-4
-1
2:0
323
-298
-24
7
11
-4
396
-410
182
-158
20
-44
103
-96
16
314
155
-492
0
-1
9
-4
-3
4965
-4965
-1
107
-106
15
352
-353
-15
5
-2
1
135
-135
-2
284
-272
-6
-8
0
2:1
150
-143
20936
-20935
0
6
18
-15
114
74
-184
3972
-3980
-4
69
154
-235
9
0
3
-3
-9
0
5
73
-3
-50
-15
1180
197
-1374
-12
0
87
-74
-11
14
-13
0
4
91
-97
7
16
527
-546
28
-34
12
149
-161
2:3
-6
14
3
-12
-4
-1
2
4
2
51
-53
4
-6
-2
12
8
-22
28
-28
2:2
-4
0
2:5
3
-11
6
23
16
-37
21
-12
-19
0
2
21
-23
0
36
52
-82
-4
9
4797
-4249
-559
15
112
-93
338
-364
1
0
205
-211
32
-32
27
-28
-1
2:0
85
61
-88
-51
214
-7
-212
12
-15
1038
-975
-60
113
-85
-31
12
-6
4
26
16
-42
2
8
-6
272
-284
6
10
-4
-6
172
-159
-20
2
0
397
-381
101
-114
1
0
1
-1
2:0
2
0
-2
2
-1
38
-39
5:0
10
-6
-3
1
-1
0
-1
0
7
0
-7
0
4
-3
-1
3:0
4
-4
1
-1
6:0
2
-2
3
-3
2:0
3
0
-3
1
-1
0
3
-3
10:0
1
-1
5:0
1
-1
0
10
0
-10
3:0
1
-1
4
2:-2
1
-1
2:0
10
-10
0
4
-3
-1
1
-1
10:0
3
-3
3:0
6
-1
-5
4
-4
2:0
8
-8
0
4
-4
0
1
0
-1
1
-1
2:0
2
-2
1
-1
0
1
2:0
-1
2:0
3
-3
3
-2
-1
4:0
1
-1
17
-16
-1
6
-6
5:0
1
-1
21
-21
5:0
2
2:-1
3:0
3
8
-11
0
4
-4
2
-2
2:2
-4
4
-3
0
3
4
-8
7
-7
0
17
-12
-5
0
1
-1
0
2:2
0
-3
0
-1
3:0
6
-4
2
-3
-1
2
-2
1
-1
4:0
27
-26
817
-774
-32
-9
2
-3
-2
0
1
4
-4
0
-1
3:0
2:1
2:-1
6:0
3
-3
6
-6
0
8
-7
40
-41
1
-1
4
6
-10
0
8
1
-9
0
1
0
4
-5
1
4
-3
1
-3
4:0
2
-2
6
-6
1
128
-128
47
-46
-2
0
1
-1
1
-1
3
1
-3
-1
2:0
5
-5
2
-2
0
48
-44
10
-10
-1
-3
182
-182
2
-2
2:0
17
-17
3
-3
4
-4
33
-32
8
-5
-4
0
57
-56
-1
1
2
-1
0
-2
2:0
12
-12
2
1
210
-212
-1
58
-58
6
-5
32
18
-36
-15
4
-4
1
-1
0
2:1
2:-1
4
-4
0
2
64
-66
0
1
80
-76
-3
-2
1
0
-1
1
-1
29
-27
20
-21
1
-2
0
8
-8
89
-82
-2
-5
7
-7
0
2
0
3
-5
4:0
78
-72
-6
2
1
-3
26
-26
11
-7
1
-5
3:0
26
-11
-15
2:0
1
-1
0
65
-65
0
4
-4
7
62
-69
2:1
0
-2
1
-1
1
4
-5
1
-1
0
2
-2
1
-1
90
-90
2
-2
4
2
3
-8
1
329
-331
1
2
7
-10
1
0
-1
2
-2
2:0
3
3:-1
7
58
-64
-1
0
15
-8
-7
3
-3
0
3
-2
-1
2
-1
76
-75
6
-8
2
77
-79
0
3
-3
5
-4
-1
0
2
2:-1
0
4
-4
3:0
1
2
-3
6
-6
0
1
-1
2:0
2
-2
0
2:1
2:0
-2
0
2
-2
0
1
-1
0
1
0
-1
2:0
118
-102
-16
0
5
1
56
-61
2:0
27
-28
9
-9
1
-1
3:0
3
59
-60
1
21
-6
-17
2
-3
80
-76
-4
15
-14
-1
0
1
5
-5
-1
0
8
-6
3
15
-20
0
1
-1
2:3
2:-3
2:0
5
0
5
-10
end
