v1
875
439
145
159
262
181
43
44
8
52
46
41
48
496
119
146
168
210
27
58
56
2:11
17
11
118
542
77
88
59
265
148
38
102
147
10
275
5
89
206
159
32
0
104
98
132
128
62
404
101
76
248
10
216
118
0
167
160
166
109
71
67
63
32
183
61
156
20
34
345
156
23
8
88
137
277
104
5
115
33
98
149
15
257
79
48
9
29
265
23
39
59
104
166
44
83
77
193
110
104
171
87
99
111
134
1
89
8
15
40
341
212
84
51
95
59
186
94
69
57
692
358
104
223
124
172
167
217
185
235
141
44
224
7
271
29
94
106
151
18
16
93
64
219
197
46
142
57
43
294
404
208
29
12
33
6
32
25
15
3
4
8
7
6
13
6
25
46
2
24
127
13
0
105
77
5
1
73
45
14
35
24
5
65
3
92
17
245
426
21
173
120
94
112
19
122
38
35
219
110
304
10
33
1
5
116
77
27
180
54
13
0
108
141
85
101
41
36
162
58
3
146
5
282
129
281
31
299
15
33
153
229
41
309
199
20
7
976
301
93
312
55
50
6
109
2
24
42
208
94
75
50
325
3
372
32
229
56
221
33
98
78
10
46
27
11
6
36
53
75
19
38
69
7
8
147
40
283
57
53
3
606
2
1
35
45
20
184
255
105
55
37
175
17
53
121
8
3:43
328
38
100
54
47
50
7
2:2
95
32
108
153
59
5
20
3
104
89
5
247
10
194
61
98
41
4
47
63
22
16
151
64
28
31406
6
4
12
9
237
53
44
173
76
66
54
36
8
22
986
166
68
111
237
15
3
47
9
876
2425
2211
328
1553
3764
1376
6258
1322
2
1096
2138
12405
3
790
2041
887
3212
2172
816
1797
1267
1385
2
8082
8
2:1
4
3703
2491
933
983
4161
7
11
6
1427
3523
531
11417
91358
16642
1
7741
73
9417
32418
3
22
33
247
20
89
5
10219
25832
18596
890
157
7
2
15
12
18
38
1
18
162
27
10
2
1
10
2
11
728
29
30
12966
8134
3093
10208
7980
575
238
1430
456
83
523
665
968
54
2:2
58
28
63
31
2:3
31
3
1
43
47
4
6
30302
10068
176
100
212
388
125
1
87
199
93
217
24
253
84
41
103
47
258
66
330
35
89
5
19
17
38
15027
11712
2:1
163
72
43
23
-488437
0
178
64
20
236
0
488
14
218
224
208
246
0
183
13
87
230
171
74
2
0
44
320
262
60
73
94
27
372
330
118
404
7
153
131
75
5
23
53
249
124
180
72
233
0
484
20
0
24
0
333
68
133
153
63
125
30
112
165
511
14
111
44
363
336
41
0
47
143
82
101
39
313
285
129
112
63
0
228
33
120
78
153
82
193
98
267
0
188
185
260
601
180
0
190
181
192
68
402
41
128
19
111
69
29
120
304
358
25
43
7
76
30
320
226
0
102
270
460
145
324
307
0
151
186
142
147
304
40
54
0
120
3
33
66
0
110
7
16
192
87
61
32
61
17
70
0
258
0
153
92
0
171
151
7
87
55
582
263
171
149
265
360
411
57
0
15
334
11
0
313
28
248
23
0
24
153
108
38
922
13
279
44
214
5
0
399
0
137
158
85
88
12
0
781
139
442
125
348
119
52
11
29
31
288
41
126
0
178
95
338
91
157
417
450
115
102
135
102
521
81
29
3
1
104
0
2:73
34
39
270
43
330
322
0
137
54
46
2:125
55
13
1
38
120
75
42
75
8
93
21
31138
346
12
27
117
9
51
45
54
38
92
22
104
0
10
1077
67
51
58
111
0
93
167
28
407
5242
2190
11
0
2048
9348
327
1767
713
1425
6981
7053
4874
4349
3530
10
8008
70
9128
28381
96145
3074
8186
79
23
41689
29
149
31
82
43
101
11
13
80
38
54791
571
405
75
10
17
64
0
22
61
1
27
19
731
0
9
46
66
40
12
18640
9800
9046
7298
546
1
133
1692
2
4
48
45
76
1
24
87
54
20
31830
8222
165
104
0
73
236
764
75
649
430
29
365
211
282
14845
0
2116
9880
6
26
0
119
0
1414702800
499:0
1
374:0
8
5
-3
-2
4
24
-30
5
17
-21
5
18
-16
3748
-3756
1
3153
-3038
394
1560
-2051
-1
-11
163
-142
-7
4
701
-720
1
-2
12
32
-24
-20
-2
1184
-1169
114
-126
32
0
-39
13
-7
291
-275
145
-156
1
58
-12
-57
14
1
42
-58
4
54
-27
-9
-16
-1
16
-18
22
-24
4
434
-395
-41
41
-41
511
8
-521
216
-26
-156
17
-33
88
-83
-22
1
19
-7
25
-29
90
-85
-4
-11
13
-12
2:0
228
-227
958
-670
-213
350
-393
-30
-4
3
2
14
16
1323
-915
-386
303
-360
1
269
-232
561
-445
-115
-38
8
-7
-2
1
30
9
-25
-14
1
21
-7
-13
14
430
-447
15
41
2
-43
-8
1
11
-8
-11
1
0
245
-241
-3
106
-13
-95
3
317
-304
-10
23
747
-770
23
-10
0
35
74
-115
0
-6
68
-37
0
34
-72
1062
-1046
61
170
-191
69
-120
15
400
-358
-29
-31
195
-183
-1
140
-16
-127
-10
26
116
-142
9
11
313
-200
130804
-130935
-2
8031
-7728
-302
17
-2
10
-22
0
273
-129
-119
27
26
-82
28
-22
19
-23
16
-7
-3
-7
46
564
-609
568
-410
-114
622
-652
-7
-9
26
85
-42
-57
-6
0
-6
9
-7
9
41
-40
42
90355
-87855
-2540
-15
227
-200
-27
5
-1
41
-40
-4
4
2:-2
193
-176
-9
16
-22
1709
-1701
-10
460
-398
4
63329
-63389
19
64
202
-288
12
-14
5
-4
13
149
548
-710
1
-1
38
29
-67
20
8
9457
-9349
-133
7
1052
-1023
-17
20925
-20838
-111
3
6
4831
-4839
5
92
-76
390
2773
-3148
766
-796
-4
28
-26
35
-16
13
-37
2
12
76
-80
176
-187
2943
-1283
-1649
2160
-2167
-2
61
169
-220
61
1698
-1539
-187
-38
178
1329
-1449
396
-444
3484
-3437
216
2262
-2453
-86
5
0
4
36
889
-174
-576
-181
528
-255
-276
55
-51
828
284
-1116
249
-251
3
46436
-46439
856
-826
-7
77
2085
-2184
7
0
-6
11
8
-16
2:-3
2
13
48640
-48654
96
-65
-30
8
215
-158
316
21
-367
6515
-6535
14
806
-825
-2
-8
200
2541
-2668
-53
4
54
60
-132
15
-4
152
-155
-5
11089
-11074
63
-55
625
-636
-11
-9
75
169
-244
9
20
999
-1024
-2
69
-67
150
-152
42
324
-356
6
12
18
-25
-19
446
-452
170
-160
19
-29
5
119
20007
-19836
-260
161
92
200
-480
517
-193
-239
-72
-16
153
410
-558
25
-24
370
-218
12
5700
-5823
315
-342
-7
-10
103
-98
58
-45
618
-617
4071
-4080
18
392
-190
9
-212
362
-392
-8
0
-2
3
1
-3
2:0
-2
4
-2
0
1
0
-1
2:0
-2
1
0
1
0
3
-3
-2
3
-3
2
3
-5
0
2:1
-2
3
-2
2
-1
-2
5
-5
4
-4
0
2
0
2
-4
0
3
0
2
-5
5
-5
3
-3
1
2
-1
-2
0
3
2
-1
-4
2:0
4
-4
1
3
-3
0
1
-1
0
1
-1
4
-5
2
1
2
-5
2
-2
3
0
-2
-1
2
1
-3
2:1
-1
0
1
-2
4
1
-4
0
1
2
-4
0
4
-3
4
-2
-3
3
1
-2
0
2
-3
0
2
2:0
1
-2
-1
0
-1
4
0
-4
1
2
1
-3
-1
0
3
1
-1
-3
1
-1
1
3
1
-3
0
1
0
-1
1
0
1
-2
-1
3
-3
2
2:-1
3
-1
-3
2
-2
0
2
3
3:-1
3
0
-4
1
2:-1
3:1
2
-3
-1
4
-5
0
2
0
-1
3
-4
0
2
0
-1
1
3
-3
1
-2
0
-1
4
-1
-2
4
-3
0
2
1
-4
3:0
1
3
-4
0
-1
0
1
-1
1
3
-1
0
-2
4
-1
1
-3
-1
1
-2
0
5
-1
-3
1
-2
4
-3
4
-3
2:1
-4
5
-4
2:1
0
1
-3
2
-1
-2
2
3
-3
-2
4
-3
-1
2:0
2
2:1
-3
-1
1
3
-4
1
0
1
3:0
-1
4
-5
0
4
-4
2:0
2
-1
0
4
-4
3
0
-2
2
-4
0
4
-1
-2
4
-3
-2
4
-1
0
-2
2:1
2
-1
2:-2
4
-3
2
-1
0
-2
2
-1
2
-3
2
0
3
-4
-1
2
3
-4
-1
3:1
-1
-2
4
0
-1
1
-2
3
-1
-4
0
2
2:-1
1
0
2
0
-3
4
-3
0
4
-5
2:1
-2
1
2
0
-3
0
2:1
0
1
0
1
2
0
-2
1
2
-3
1
-1
2:0
6
-2
98
-102
0
2:1
17
-4
-15
6
-6
2
-1
37
-38
3
-2
2:0
-1
9
-7
0
-2
1
0
7
-7
2:0
-1
0
1
-1
0
6
-3
-1
2
10
-14
2
0
4
-5
0
-1
2:1
-2
0
2
-2
2
-2
3:1
-3
4
-1
17
-11
-8
2:0
2
-3
0
8
-4
-3
0
1
2:-1
3
-3
0
2
2:0
-2
2:1
3
-5
10
-10
0
3
4
-6
1
-2
2
-2
6
-6
2:0
12
-11
-1
11
-6
1
-5
3
-3
0
-1
0
3
-3
0
8
-8
1
6
-2
-5
1
53
-54
1
12
-12
2:0
-1
0
1
-1
0
1
77
-77
3
1
-4
0
1
21
-20
-2
4
-4
0
2
1
4
-5
5
7
-10
-5
13
-12
0
24
-24
47
-48
11
-7
2:-2
1
2
10
-12
3
-3
17
-17
2
6
-3
-5
-1
5
-5
0
2
-1
61
-60
1851
-1853
0
127
-96
-29
-2
9
-3
-6
0
12
-5
4
-1
-10
0
2:2
6
-8
0
2
3
-5
3
10
-12
66
-48
-17
21
-3
-21
2
-1
16
-3
-15
2
0
-2
5
-3
1
3
-6
4
479
-371
-110
-2
1
-1
3
4
-7
6
-4
-2
4
-4
4
-3
1
-2
6
-6
71
-62
-9
25
-21
0
352
-348
-2
-6
39
-39
6
-6
2:0
2
12
55
-69
0
1
11
4
-16
3
-2
179
-175
-4
3
27
-30
11
620
-603
-29
0
1
127
-127
-1
14
-5
175
30
-211
36
-34
2:0
-5
6
-3
1
2:-2
1
5
-6
2:0
291
-291
1
142
-142
-1
14
0
-13
3
80
-16
-65
1
37
286
-317
14
-16
6
-11
12
202
-209
-6
0
1
-3
3
63
-34
-11
-20
22
-23
3
-3
0
51
-23
-26
1
-3
0
191
-190
8
2:-4
36
224
-261
2
9
-11
4
-1
-3
4
2:-2
5
231
-236
5
-4
0
-1
11
3
15
-29
9
868
-876
0
12
-10
-2
-1
6
117
-123
0
2
47
-40
-8
14
-15
2
13
-14
200
-186
43
-55
184
-181
3
-7
16
-8
-5
0
-5
16
-14
-1
3
-4
3
-2
11
-12
2
3
1
-1
-4
0
2
-3
3
-1
5
-6
-1
6
377
-364
-15
9
-7
135
-141
68
-36
-31
-1
2
5
149
-153
2
-3
40
-23
-9
589
-598
65
-63
4
-7
3
0
6
5
0
1
117
-130
1
13
-11
3
-1
19
-26
3:0
2
-2
15:0
1
0
-1
9:0
1
-1
3:0
1
-1
12:0
1
-1
1
-1
4:0
1
-1
2:0
1
-1
22:0
1
0
-1
2:0
2
-2
6:0
2
-2
8:0
2
-2
2:0
2
-2
9:0
1
-1
0
5
-5
4:0
1
-1
2:0
2
-2
2:0
1
-1
1
-1
1
0
-1
6:0
1
-1
12:0
1
0
-1
1
0
-1
1
-1
2:0
1
-1
1
0
-1
6:0
1
-1
3:0
1
0
-1
9:0
1
2:0
-1
5:0
2
-2
3:0
1
-1
2:0
1
0
-1
1
-1
0
1
-1
3:0
2
-2
0
1
-1
1
-1
3
-3
3:0
1
-1
3:0
3
-3
14:0
2
-2
6:0
1
-1
11:0
2
-2
19:0
2
0
-2
1
-1
2
-2
0
1
0
-1
10:0
2
-2
3:0
1
2:0
-1
2
-2
1
0
-1
0
1
-1
2:0
1
-1
7:0
1
-1
6:0
2
-2
0
1
0
-1
0
end
