v1
575
86
166
45
20
426
16
470
31
21
153
34
8
607
89
21
204
67
222
6
56
7
15
28
118
159
548
317
11
182
102
157
423
152
159
32
202
260
466
425
10
501
573
235
104
156
54
279
60
6
21
166
46
179
277
257
44
132
12
74
72
100
85
368
183
12
92
166
217
180
110
275
431
113
40
341
296
92
54
126
173
40
69
57
176
739
135
790
235
19
383
171
238
278
123
106
169
16
376
197
288
294
321
83
237
45
6
32
43
4
15
19
6
25
46
5
14
133
1
118
82
12
62
19
40
6
58
65
3
182
54
118
85
2
339
21
170
3
120
225
195
219
110
98
206
10
39
116
146
138
54
121
141
85
101
45
21
11
220
3
146
287
129
281
31
110
118
71
10
36
2
153
229
41
309
199
8
12
175
808
301
83
10
176
358
24
62
95
187
75
50
917
44
19
29
31
198
71
138
50
6
80
128
19
107
7
8
147
40
393
609
103
184
386
66
175
191
8
43
363
22
15
14
38
100
54
106
2
147
241
59
5
23
99
5
94
257
255
58
132
26
90
102
34
64
27
31402
5
22
9
208
126
85
88
76
8
112
36
8
22
932
54
57
109
68
111
71
166
18
56
3301
2211
328
1553
311
3453
1376
5256
3422
2138
12405
793
6140
2988
1797
1267
1385
2
8089
2
5
2807
1854
2453
13
5143
8
11
108262
16642
1
7716
25
73
4
9413
31396
1015
10
2:22
185
61
32
72
17
5
16
55412
109
157
7
2
15
30
38
1
12
168
27
10
3
12
11
2
726
8052
4973
16283
7156
5976
575
1668
458
415
189
665
968
2
3
5
17
31
86
94
17
16
4
3
1
43
47
10
30302
10068
176
69
31
622
103
1
286
93
217
24
264
17
56
41
103
47
36
222
315
81
35
89
5
19
17
38
14960
67
1977
9735
2:1
163
72
43
35
-488065
352
1173
170
501
401
224
152
46
91
133
257
0
73
96
284
817
1461
45
159
583
71
311
191
80
1140
205
1610
23
449
452
17
623
0
60
1137
77
620
39
0
500
405
43
44
629
99
300
478
1171
381
89
6
0
68
96
15
284
102
44
48
107
33
24
57
72
127
335
238
58
284
1312
154
275
828
0
170
171
248
581
0
1969
529
56
69
40
74
746
3
973
103
68
491
78
102
179
0
1014
407
534
573
3
293
447
142
300
168
74
170
31590
289
31
68
153
66
204
1068
139
198
15222
6210
12964
3206
7065
5688
11795
943
34
7615
121354
1
53193
171
0
21
113
55492
85
47
220
3
0
49
23
150
14
48
93
677
36
91
63
3451
17489
0
3093
12212
10933
0
17
20
234
74
31830
8491
916
24
317
338
0
344
288
322
407
105
26867
1414758000
399:0
1
174:0
58
-38
-13
36
-38
2876
-2860
-4
-14
15
-4
95
3024
-3120
125
-135
82
-73
2808
-2557
-239
9
94
-122
5
47
-33
-15
34
-32
-9
1
119
-118
211
-204
211
-196
-8
-2
22
-34
0
6
1
-8
1
13
-7
-5
5
-7
306
-215
-64
-11
542
9675
-10199
-19
-11
2
76
-69
-13
9
-8
1
-1
5
185
-156
-31
103
-107
423
-413
145
-153
5
116
-120
57
-41
-19
1
34
-24
-12
23
117
-138
0
214
-215
2
-2
10
5
0
14
-24
9
-11
1
-5
54
-41
-5
-3
1
6
0
-10
50
219
-258
58
-40
190
-214
66
-38
-32
-1
13
778
-793
1
0
67
-64
-3
5
37
-35
37
62
-104
8
-3
149
-156
0
85348
-80572
-4738
-18
-3
-5
2
49
-60
2
51
39
-87
-7
14
-7
5
-3
-9
2
492
-495
37
-31
22
265
-281
-8
657
-653
-6
25
-27
7
65
-33
-30
64
-45
-23
3
-9
4
5994
-3955
-2036
-2
2
-2
0
-2
36
-39
4
13
2
-13
1183
-1173
92
-84
57
9151
-9229
168
-169
32
524
-557
10
35
-25
1577
-1585
-12
0
78
199
-271
18
81941
-81959
2061
-2051
0
499
893
-1147
-153
-108
46
-44
8
-9
26
-26
5
-4
660
-659
0
5
1228
-1232
130
-126
265
-230
60
-82
-19
68
811
-872
39
-36
-1
-7
87
-84
11
0
3912
-3923
0
27
69
966
-991
-76
89
30
-121
7
365
165
-415
7657
-7496
-220
-63
19
6433
-6450
-2
102
-100
490
-484
-8
3
0
16318
-16306
-3
15
9
170
-184
-12
4853
-4863
6
98
75
-167
-10
-1
13
-14
85
1347
-1425
54
3
-51
-11
-2
7
-6
5
1872
-1873
16
0
155
-167
47
-51
165
-166
3
98
-102
-4
7
-4
30
-31
5
4
-4
-3
33
-24
-10
30
71
31
-121
-13
0
48
9360
-7797
-1609
14
75
-87
237
-212
-26
7
-10
80
44
121
-240
471
-374
175
-277
3401
-3398
56
-41
723
-720
-20
151
-152
8
5
16
-22
1080
-1072
3
2
-4
204
-216
150
-151
327
-319
-14
2
0
-1
1
-2
0
1
-1
1
-1
1
0
1
-1
1
-2
2
-1
0
-1
0
2
-2
2:0
1
0
1
2:-1
0
1
0
1
0
-2
0
1
2:0
-1
0
1
2:0
-1
2
2:-1
0
1
0
-1
2
2:-1
2:0
1
-1
0
2
-2
1
0
1
-2
0
2
0
-2
2:1
-1
0
1
-1
2:0
-1
2
-1
0
1
2:-1
1
0
-1
2:0
1
-1
0
1
-1
2
-1
0
-1
2
-1
0
1
2:-1
2
-2
2:0
2
-1
1
-2
2
-2
0
1
0
-1
2
-2
2:1
0
-1
1
-2
2:0
1
0
-1
1
7:0
1
2:0
-2
0
2:1
0
-2
2
-1
0
-1
2
-1
0
-1
1
-1
0
2:1
-1
2:0
-1
1
-1
0
1
0
-1
2
1
5:0
1
-1
1
-1
4
-4
66
-66
2:0
2
-2
8
-2
-5
3
-3
0
-1
1
-1
2:0
3
-3
0
8
-8
0
2
-2
2:0
5
2
-7
2:0
2
-2
6:0
8
-5
-1
-2
2:0
5
-5
2:0
1
-1
5:0
3
5
-6
-2
3:0
1
15
-15
-1
3
-1
0
-2
2
-2
2
-2
0
1
-1
3
-3
16
-16
1
-1
1
-1
1
20
-21
2
2:-1
0
8
2:-4
0
3
-2
1
4
-2
-4
2
6
-3
11
-16
8
-8
1
2
0
12
-15
0
1
6
-7
1
-1
9
-9
3
2:-1
1
0
38
-40
1
928
-847
-78
-4
2
2:1
-1
7
-9
-1
3:0
7
-4
-2
2:0
-1
2:0
5
-5
0
24
-19
-3
13
-4
-9
-2
0
1
10
-2
-7
6
-7
1
0
-2
0
209
-127
-82
0
3
-2
-1
0
4
-4
1
-1
2
-1
53
-53
6
1
-7
183
-183
12
-12
4
13
-18
1
6
-5
54
-54
1
-2
-1
11
-11
4
252
-256
61
-61
7
23
76
-92
-12
-1
2
1
-3
-1
4
-4
0
1
93
-94
2:1
69
-68
3
-6
31
-30
24
-25
2
20
110
-129
4
-6
2
-3
4
-3
2
1
89
-92
1
-2
17
-2
0
-15
0
7
-7
0
23
-13
-5
54
-53
-4
-2
17
70
-85
2
-1
-3
5
-5
2
-2
3
111
-112
3
2
-7
0
4
-4
310
-309
-1
7
0
-7
0
1
-1
1
0
76
-74
2
22
-23
-2
2
-4
5
-5
107
-107
13
-12
89
-84
3
-9
0
11
-11
4
-4
3:0
6
-6
2
3:0
-1
3:0
2
3:-1
2:0
140
-118
-22
0
15
-15
18
-5
-12
1
-2
1
47
-45
-3
18
-10
-8
1
259
-260
24
-22
-2
3
-2
0
-1
2
10
-10
2
47
-51
2:1
-1
5
-5
5
-4
8
-6
-4
7:0
14
-14
35:0
1
-1
8:0
1
-1
13:0
1
-1
9:0
3
-3
12:0
1
-1
0
1
-1
0
3
-2
-1
19:0
1
-1
1
-1
15:0
2
2:-1
6:0
1
2:0
-1
3:0
2
-2
9:0
2
-2
4:0
end
