v1
634
207
33
122
141
32
49
571
31
234
14
34
8
122
89
131
228
0
37
191
83
107
171
0
57
56
22
28
179
0
354
127
165
612
26
114
17
404
0
19
152
93
37
0
165
26
72
87
45
19
124
47
245
0
159
177
61
302
107
4
19
62
37
167
43
44
182
237
67
70
178
30
61
71
85
20
231
148
21
152
0
14
88
89
2
46
277
224
38
91
92
41
0
33
257
136
29
110
93
85
6
92
59
45
563
110
166
101
8
127
304
90
404
212
151
25
54
126
213
69
22
35
31
345
138
178
117
106
135
123
33
0
265
4
0
46
109
210
213
68
121
235
28
113
0
20
24
132
92
7
394
77
198
16
212
0
455
83
111
49
245
45
234
2
123
93
115
15
0
14
12
33
6
0
32
18
7
18
3
24
11
6
25
46
2
3
14
133
1
101
17
61
21
74
40
19
6
8
3
45
2:2
0
63
3
54
38
17
14
59
14
158
148
291
8
78
95
120
225
98
0
62
364
304
10
33
1
5
116
275
9
54
27
34
60
141
20
65
101
41
59
28
111
0
61
146
5
97
170
15
129
27
233
0
15
6
17
14
10
289
10
38
153
217
12
41
580
80
0
1
51
41
258
500
301
71
22
219
148
50
115
2
109
258
1
8
67
18
32
47
0
118
160
3
183
189
141
111
9
19
29
229
234
25
6
38
42
0
119
9
19
38
58
11
2
5
0
8
65
82
40
158
125
96
14
447
245
20
184
245
146
0
24
37
175
133
58
8
7
36
43
31
6
104
106
124
38
100
54
47
61
89
146
212
5
20
3
198
33
118
106
313
81
4
47
21
42
98
91
77
14
1
0
31
31368
7
22
9
43
70
106
18
53
11
33
173
76
8
58
54
36
8
22
12
920
54
94
50
22
68
111
71
104
62
15
3
47
3310
2211
328
1517
36
5140
6578
1002
1094
4
2138
12405
3
790
9128
1401
396
2652
2
4
10
8076
6
2806
15
882
943
15
7
0
1526
920
13
1997
3153
12
5
1
1427
3523
103306
13098
1
0
3543
1
7741
73
9417
32379
42
22
33
48
11
19
52
44
61
32
72
17
5
11015
44448
74
157
7
2
0
15
69
6
12
144
1
17
27
10
1
0
2:1
12
11
2
1
33
721
14
6
176
0
3445
9355
5840
2294
3093
5056
1
13706
1668
538
0
478
46
665
436
532
2
3
4
2
0
16
0
9
18
2
0
2:1
43
0
43
10
24
29
37
25
5
4
1
43
47
2:4
2
30302
10004
64
176
44
25
0
31
138
55
199
230
0
104
87
103
96
93
217
119
20
138
9
2
73
41
103
83
15
0
207
67
82
0
15
151
116
53
0
41
36
46
0
14793
87
119
1997
9735
2:1
149
14
53
19
43
19
-487758
1404
2241
133
1907
544
1834
494
6159
2735
3899
348
12
166
2481
164
2082
3029
2533
532
204
105
322
33
31723
268
7829
64676
174723
56203
864
47558
41556
1970
1414074000
599:0
1
33:0
172
-169
-3
4
14
-18
374
-372
2
31
-19
179
-180
-13
-2
3
0
2674
-2676
62
55
-116
-1
485
-342
-132
-2
-9
0
1
-1
109
-98
-12
1
2
-2
0
3
135
-77
-61
0
152
-151
0
3305
-3306
0
13
26
-37
0
18
-17
-2
2
1
-5
3
2
-2
16
-18
110
-106
-3
2
13
-16
6
344
-351
102
-101
1
-1
41
-41
1
141
-143
4
-4
371
-198
-170
-3
11
-7
-2
1
76
-71
-6
6
-3
4
-9
8
-7
-1
89
-82
-4
-3
2
48
-45
8
-10
11
30
-41
-2
159
-156
244
-235
-12
110
-110
317
-318
5
-3
10
13
-21
-1
0
-3
1
0
12
-13
28
-23
-1
1
-3
0
1
0
-1
1
-1
39
-35
123
-115
42
1014
-1063
0
-3
-2
3
-4
184
-113
-70
18
-18
3
27
-31
0
13
8
-10
-8
-1
56
-41
-13
26
-25
-6
13
-13
2049
-2035
-13
37
-38
133
-53
-67
17
-30
176
-135
-35
-1
6
-1
-9
1
0
-1
0
441
-437
7
4
-16
64
-51
-5
15
-23
26
282
-300
39
36
-72
-10
0
9
148
-149
93388
-93392
4
18143
-18011
-137
9
16
-23
-2
11
70
-60
-4
5
8
-34
6
-5
0
1
429
-429
-1
3
20
-14
-7
2:-1
1
3
-5
15
-15
55
-45
171
-170
3
-4
1334
-1296
-45
0
7
-9
-1
1
35
43
-75
38
-40
771
-762
38
13
-60
-1
5435
-5434
3515
-3516
0
2
0
-3
7
-3
10
-14
3
0
6
8
-15
36
-36
12
1072
-1083
-3
1
3
1620
-1608
-5
-9
176
-173
17
-1
273
-293
132158
-132154
-2
5
-7
90
-90
0
9
536
-545
2:0
10
108
-76
-39
28
2074
-2105
13
-11
-2
9
-7
3
153
-145
19
14880
-14907
2742
-2746
39
709
629
-1371
550
-483
-70
8
-7
-6
1
20
18
-33
-5
1
1724
-1725
1
0
1
21
-13
1516
-1496
79
-100
-9
7
-2
6
331
-78
-171
-91
5
11
131
919
-969
413
-511
6
18
-26
4
39
-30
66
7
-79
2891
-2800
-87
33
119
-133
591
-615
186
9
-199
0
2
-2
1742
-932
-811
83
149
-196
-34
54
1157
-1212
-1
24
82
-107
175
-165
17
197
-223
0
7
-1
0
-1
-4
27674
-27640
-35
81
-82
45
-43
-1
0
3186
-2589
-334
-243
5163
-5180
42
156
-198
-3
35
-27
-1
-8
23
-14
-7
143
1247
-1391
1
65
58
-117
-1
0
1
525
-478
-43
-5
-6
22
12
-7
-20
-5
5
5722
-5629
-67
48
-69
-7
17
-23
5
-4
0
6
157
-164
32
89
-5
-108
26
-3
-30
0
-1
11
26
-35
3
47
-51
5
-5
0
6
0
-6
4
-4
2:0
222
-222
0
147
-148
3
-1
-2
5
-2
12784
-12781
-1
23
156
121
-209
-84
-10
357
-209
-148
-1
1
13
-15
34
-34
1
0
300
-51
-246
-3
2
1036
-1039
23
14
-32
-1
8598
-8556
68
-109
-4
2
33
-36
2:1
58
-60
15
-14
0
2
28
-30
2:0
38
-35
6
57
221
-235
-53
651
-649
425
-397
-29
-1
33:0
1
4:0
1
-1
2:0
1
-1
6:0
72
-72
0
1
-1
0
15
-14
5
-6
3:0
6
-2
-1
-3
0
1
-1
2:0
7
-7
2:0
1
-1
0
1
-1
2:0
1
-1
0
1
-1
7:0
3
-3
3:0
2
2:-1
2
-2
0
5
-5
2:0
4
-4
0
2
-2
2:0
14
-5
-9
2:0
1
-1
0
10
-8
-2
2:0
1
0
-1
4:0
3
-3
0
3
-2
1
-2
1
-1
1
-1
10
-10
8
-5
-3
4
-4
4:0
1
0
-1
7:0
2
2:-1
1
-1
6:0
9
-7
27
-29
3
-2
-1
2:0
1
-1
0
30
-30
4:0
2
-2
0
3
-2
3:0
11
-12
0
7
-6
-1
2
-2
9
-2
-7
2
-2
0
7
-7
13
-13
19
-15
-4
2
4
-6
5:0
13
-13
0
2
-2
1
0
-1
4
-4
2
30
-31
2
0
-2
-1
0
2
30
-29
1286
-1289
4
62
-49
-17
5
-3
-2
0
2
0
-2
8
-6
-2
2:0
1
0
-1
2
2:-1
0
3
0
-3
2:0
2
2:-1
2
-2
5
-3
28
-23
-7
2
15
-17
4:0
1
-1
3
8
-10
5
-6
4
-4
0
5
-5
0
213
-213
105
-105
4:0
2
2:-1
3:0
2
-2
1
4
-5
0
2
2:-1
2:0
76
-74
2:-1
7
-7
6
0
-4
-2
235
-233
-1
1
-2
12
-12
0
1
41
-42
2:0
2
5
2
-9
4
74
-78
3
-2
-1
3
-3
2:2
-4
7
385
-391
52
-52
6
77
28
-112
17
-11
-5
1
0
-2
2:0
4
2:-2
1
104
-105
0
1
-1
2:0
94
-89
5
-9
-1
1
-1
3
-2
36
-17
-19
2
1
11
110
-118
9
-16
1
7
-8
0
3
0
8
-6
-4
253
-250
-1
-2
3
6
3
-13
22
-14
-8
0
1
-1
33
-19
-14
2
7
-9
1
9
76
-84
-2
1
9
-10
0
2
-2
4
-4
0
2
-2
1
-1
0
151
-151
0
4
-4
6
-6
2:0
5
13
-18
2
339
-340
1
7
-7
-2
0
1
0
-1
2:0
2
0
72
-74
0
23
-15
-6
5
0
-7
6
-6
6
-6
0
18
-15
-3
2:0
2
8
-1
-6
3:-1
3
-3
1
-1
0
1
0
-1
3
-1
-2
0
2
4
-6
3:0
4
-4
1
3
-4
5:0
2
2:-1
2:0
2
-1
0
2
-3
1
0
-1
2:0
189
-188
-1
4
1
-3
27
-28
-1
25
-11
-14
0
1
-1
0
2
-2
2:0
45
-39
-6
0
1
52
-53
0
2
-2
3
266
-268
33
-34
2:0
10
-10
2:0
1
-1
3
-3
0
7
-4
-3
4:0
7
3
-1
-7
-1
2
-3
3
-1
-2
34:0
end
