v1
855
106
134
77
188
724
52
153
34
56
440
50
69
314
67
171
57
56
22
28
118
159
62
39
155
127
91
74
443
169
5
40
95
7
29
256
148
152
93
66
130
104
15
260
180
271
101
182
152
2
81
152
62
5
32
33
102
32
160
166
27
220
70
8
200
61
134
16
6
134
256
9
21
166
225
277
72
37
168
67
89
12
74
194
63
79
57
64
55
9
11
93
85
157
45
99
67
44
126
47
180
110
275
297
25
109
282
2:212
176
54
339
69
57
22
9
266
107
511
135
239
88
185
0
29
161
88
213
41
27
2
354
44
365
7
8
251
135
275
16
93
283
145
229
111
44
250
281
304
27
29
83
18
7
18
17
2
19
6
25
65
0
7
100
10
16
1
118
2
52
19
9
74
45
14
64
65
3
35
3
16
18
26
11
14
113
118
447
173
120
225
414
110
304
10
34
5
116
104
42
138
54
121
7
107
27
85
101
100
197
3
146
5
267
15
129
275
37
299
15
31
2
153
229
41
423
51
61
218
758
301
71
12
10
176
191
56
109
2
368
8
67
50
6
322
132
183
77
197
321
33
232
27
17
36
128
19
38
0
69
7
8
57
90
40
158
125
96
14
510
101
81
20
2:41
102
256
104
55
37
34
141
70
121
8
43
80
2:6
198
73
51
38
100
54
47
59
2:1
6
89
0
52
88
153
59
5
20
3
93
11
89
5
9
142
96
10
119
75
119
85
20
27
218
34
92
31401
5
22
9
43
161
33
53
44
173
76
66
54
36
8
22
944
42
64
58
44
68
92
19
71
166
15
3
47
9
3301
2211
328
1553
5140
8678
2138
12405
3
790
830
8298
925
872
1267
1385
2
8090
1
5
16
3687
943
1548
933
5144
16
2
1420
13
3523
103306
13098
3544
1
1735
5981
25
32
41
9417
32421
20
2
22
4
7
78
169
20
53
36
5
10219
25832
18596
740
76
74
38
119
7
2
27
57
18
53
27
8
56
0
18
27
10
2
1
12
11
2
755
12996
4652
3482
3093
1178
9030
7980
575
1668
456
560
46
665
968
2
9
47
86
63
31
6
34
1
90
2:4
2
40306
64
176
11
58
31
21
172
533
309
70
0
217
24
253
11
73
41
103
47
36
222
431
52
42
19
17
15
14828
155
11779
2:1
162
1
72
43
24
-488438
242
108
90
28
12
195
92
211
28
199
136
422
86
95
105
0
170
481
142
24
369
185
169
59
244
4
441
717
49
28
64
261
15
128
28
128
0
310
295
96
204
0
18
1
3
319
9
38
188
166
71
311
103
202
90
232
106
192
349
289
189
107
201
91
82
9
326
120
183
238
117
1
0
179
13
158
580
105
160
121
56
370
107
68
67
37
123
33
583
372
64
1
23
165
45
66
218
84
270
333
50
66
242
69
133
24
118
102
129
87
26
269
111
286
434
164
272
182
170
118
100
99
29
61
6
0
19
51
8
1
8
48
1
56
127
3
34
182
6
61
21
5
51
218
115
366
313
115
187
291
35
31
0
55
418
172
0
521
95
420
111
231
61
17
216
125
254
340
104
17
312
337
199
0
152
356
399
295
0
113
62
47
168
222
141
157
138
221
168
110
152
34
221
229
19
29
292
68
0
78
10
38
46
8
461
133
13
0
279
685
206
40
26
191
149
574
3
79
194
125
174
157
194
372
13
147
71
261
216
75
8
52
214
31385
33
0
143
53
96
28
26
130
31
54
18
55
65
7
1131
426
1
407
9491
1394
3840
0
4114
1002
5897
16241
423
2182
5274
0
10
8065
3
7
2813
15
1840
19
2921
1523
3153
2
1462
1
3513
521
11417
104457
11311
28
23
40991
801
51
105
75
101
62
42
38
71
10928
0
44363
139
231
0
42
160
5
0
14
46
0
750
36
170
2:6
37486
4726
3119
2
1825
22
27
47
1
5
99
6
29
14
67
22
0
31850
8564
0
407
20
440
22
150
41
0
21
178
556
0
40
139
178
522
274
15017
11839
44
26
122
1414093800
499:0
1
354:0
6
10
-11
2:1
18
1
23
-41
10
-12
5988
-5920
-65
12
1145
1316
-2384
-6
-79
3910
-3793
-125
33
21
-52
54
776
-720
-91
-17
30
-34
20
400
-403
157
-101
-56
-10
-6
10
-10
65
80
-143
27
-16
-5
-9
5
60
-52
-9
3
-7
18
115
-114
-19
30
13
-18
-25
6
4
646
0
-648
40
-1
85
-28
960
-489
-574
244
-245
10
-3
-6
110
-85
-12
-9
-5
5
7
-4
-3
19
0
-6
-8
-7
-1
-2
3
4
6
19
681
-422
-282
2
-8
13
41
59
145
91
-297
95
-142
-1
-5
-1
4
438
-436
19
-14
0
-9
0
-2
4
-4
63
-64
17
1
31
11
4
-62
318
-242
-73
7
-9
66
-68
11
14
130
-156
7
0
11
75
-92
8
36
52
-90
32
-18
2248
-2257
0
-7
-5
2
8
56
2
-68
9
60
505
-507
-42
378
-298
1151
-1245
-11
7
2
-8
0
2
6
44
33
-75
136
256
-389
0
265
-270
123758
-123751
11036
-10797
-254
18
77
-68
18
154
-199
142
-65
0
-78
7
22
1122
-1141
-6
31
-30
229
114
-321
588
-458
361
-479
128
691
-857
6
1
-2
97
-12
-54
-30
3
-6
956
-960
871
-834
34983
-35020
7661
-7625
-33
6
-7
4
81
-84
51
-48
2
-2
-1
4
2136
-2141
2:0
190
-193
70
-70
160444
-160199
-245
33
-33
935
-932
-2
-1
49
36
-68
1176
-1190
-4
1
53
-47
46
1236
-1238
6151
-6157
-41
14
-11
-4
16
809
-601
-99
83419
-83422
-68
-14
6293
-6330
-2
0
1
79
-63
486
1557
-2053
434
-432
-13
26
11
-34
15
0
-16
-2
5
1
12
-8
15
-21
3085
-3071
-14
2677
-2633
136
-172
13
80
-2
412
-385
-102
154
34
934
-1129
1089
-1105
14
-16
0
26
-18
-3
115
-34
2199
-2144
-134
-9
18
104
-19
537
-327
-267
-29
1928
-1048
-888
213
-216
542
-549
8
20
-23
2334
-2168
-169
2485
-2476
2
-7
2
1
5
17
34557
-34555
59
-80
129
-138
52
125
-173
-2
295
-286
0
6937
-6905
-17
305
-306
-14
-10
11
-8
21
-28
92
2096
-2111
-8
120
-34
-155
74
-52
152
-162
2
24
6812
-6845
4
-2
-4
1
0
315
-291
698
-719
26
67
807
-905
76
52
81
-186
-13
-4
182
-173
20
58
345
-309
-115
7
11
5
-33
58
100
-157
32
-33
24791
-24778
20
-11
2511
-2136
-380
861
-580
-303
1
7
-8
279
317
-578
-15
0
1294
-1106
-102
-86
15073
-15044
217
-207
-39
54
4
-42
-16
318
-322
3
23
7
-15
279
-197
-99
1361
2916
-4266
0
-13
0
-1
-3
2:1
-1
3
-2
2
-4
1
-1
1
3
-3
0
-1
4
-2
2:0
2
-3
0
1
0
-2
1
0
2
-3
1
0
1
2
-4
0
1
-1
1
-1
1
-1
1
-1
1
0
1
2:-1
2:2
-4
3
-2
2:1
-1
-2
4
-3
2:2
-1
-3
1
0
-2
4
2:-2
1
2:0
-1
2:2
0
-4
1
-1
2
2:0
1
-2
1
0
-2
2
0
-1
2
-1
2:1
-4
3
-2
-1
1
2
-2
1
-1
1
0
-1
0
3
-1
0
1
-2
0
-1
3:1
-3
2
-3
2
-2
3
0
2:-1
2
-1
0
-1
1
2
0
-3
0
2
2:-1
2
-3
4
-2
-1
1
-1
0
1
-1
3:0
2
-1
-2
0
2:2
-2
3:0
2
-3
-1
1
3
0
-2
2
2:-1
2
0
-4
1
-1
0
2
-1
2:0
3
1
-3
1
-2
0
3
-3
1
2
1
-4
0
-1
3:0
4
-1
-3
0
1
-1
1
0
1
-1
0
3
-2
-1
1
3:0
-1
0
1
2
0
-4
0
4
-2
2:0
2
-1
-2
0
3
-4
0
4
-2
-1
0
3
-3
0
2:1
-1
1
-1
2
-4
2
0
-2
1
-1
1
3
2:0
-2
2
0
-4
0
2
0
2
-2
-1
1
-1
3
-2
2:-1
4
-2
0
-2
2
-1
2
2:-1
1
0
2
2:-2
4
0
-3
0
-1
0
1
0
2
0
-2
2:0
3
-4
0
2
-2
0
1
0
3
-1
-3
3
-1
2:1
0
-2
1
-3
1
2:0
-1
1
-1
4
-2
-1
1
2:-1
1
3
-2
1
-2
2:1
-3
3
2:0
-1
2:0
1
-3
2
-1
2
-1
1
1
4:0
2
0
2
-4
2
-2
107
-106
0
1
11
-2
5
-12
-2
2:-1
1
-1
24
-24
3
-3
12
-12
0
3
-3
2:0
1
10
-11
1
-1
2:0
2:1
3
-3
-2
4
-4
4:0
1
-1
0
8
-8
2:0
3
-1
-2
1
-1
2:0
3
-3
2:0
2:2
15
-4
-15
3
-2
-1
2
-2
13
-11
2:-1
5:0
4
-3
0
1
-2
0
1
-1
0
2:1
17
-19
0
3
-3
5
-4
-1
12
-2
-6
0
-4
2:0
2
-1
0
-1
8:0
2
0
2
-4
9
-3
-6
0
51
-44
-5
2:-1
0
1
0
-1
79
-78
2
-1
2
19
-23
1
12
-10
-1
6
-3
9
-13
0
1
-2
1
0
16
8
-25
2:0
41
-35
-4
4
-1
12
-14
0
-3
1
-1
0
3:1
6
-3
5
-2
-4
-2
54
-52
1825
-1827
109
-85
-26
1
10
-11
5
-6
0
4
7
1
-11
1
7
-7
2
-4
7
-1
-6
5
1
-6
0
34
-17
-8
15
-23
2
-3
2
16
-1
-14
-2
1
-1
1
2:0
7
378
-386
119
-118
-2
1
2:0
-1
1
5
-4
1
-3
0
5
60
-63
2:0
17
-15
2:-2
314
-304
-7
3
-6
36
-36
0
1
4
-5
1
61
-62
0
3
10
-13
9
-5
0
144
-145
1
3
-7
2:1
16
-15
13
622
-612
-23
-3
100
-100
1
2:0
15
-9
189
-49
-145
30
-32
3
-1
6
-8
7
-6
-1
0
2
0
3
-4
7
-4
204
-207
0
162
-155
12
-17
-2
-1
7
52
-32
-21
6
20
166
-188
15
-25
10
-9
-1
4
1
-5
16
-11
283
-280
-5
-2
0
1
20
-2
9
-23
-6
55
-35
-16
1
-5
10
-6
-4
1
6
167
-172
1
16
-18
2
-1
0
3
-1
-3
221
-222
5
-5
10
-10
9
11
-20
2:0
2:2
660
-662
-1
10
-11
1
3
2:-1
1
-3
6
112
-118
0
1
-1
0
26
-25
15
-13
3
-3
7
-1
-7
2:-1
1
0
68
-66
5
-4
7
2
-1
-12
9
-7
-1
6
-5
-1
0
4
-1
4
-8
0
3
1
7
-7
-2
3
-3
0
5
-7
374
-373
4
0
21
89
-114
78
-39
-38
-1
2
-3
3
132
-135
2
0
97
-96
9
-10
454
-456
51
-50
-1
29
-26
-3
10
1
-8
-3
2
-1
7
0
-1
-7
13
-1
-11
2:0
-1
22:0
1
-1
9:0
1
-1
2:0
1
0
-1
16:0
2
-2
5:0
1
-1
16:0
1
-1
1
-1
15:0
1
-1
2:0
1
-1
2:0
1
-1
1
-1
9:0
1
-1
1
0
-1
3:0
1
0
-1
9:0
2
-2
4:0
2
-2
3:0
1
-1
2:0
1
-1
4:0
3
-3
0
2
-2
2:0
1
9
-10
16:0
2
-2
2:0
2
-2
1
-1
16:0
1
-1
16:0
1
-1
5:0
1
-1
4:0
2
-2
13:0
1
-1
6:0
2
-2
12:0
1
0
-1
2:0
1
-1
2:0
1
-1
7:0
4
1
-5
4:0
2
0
-2
1
-1
4:0
3
-3
1
-1
7:0
1
-1
6:0
1
0
-1
0
2
0
-2
12:0
2
end
