v1
753
317
252
6
155
13
244
242
52
139
48
8
260
228
84
35
51
330
172
37
2:19
37
7
15
28
118
374
168
165
58
52
206
8
186
102
0
140
17
217
110
248
0
191
334
34
94
15
47
122
11
271
17
41
0
43
228
96
10
216
19
18
81
126
41
160
18
395
94
30
44
15
95
61
108
26
22
374
25
21
33
34
68
31
64
24
137
277
224
33
87
89
12
74
72
185
136
232
85
98
59
35
296
84
193
46
64
87
63
105
4
2:8
108
2
202
119
16
97
381
82
67
239
0
54
56
43
27
37
35
141
65
4
57
31
181
225
77
208
151
42
147
72
39
11
207
80
274
21
74
281
121
235
141
44
92
132
7
158
113
123
275
0
7
9
43
179
154
173
70
43
148
51
100
194
59
220
118
79
21
88
26
1
13
16
12
33
6
32
18
7
15
3
4
8
7
8
11
2:3
17
7
0
1
46
5
20
111
16
1
24
94
2
60
11
9
1
11
62
40
5
14
6
8
21
24
5
11
54
3
35
3
16
11
27
17
73
0
5
49
118
85
227
99
28
8
78
0
95
120
94
131
160
35
96
233
182
80
42
10
33
1
5
116
104
42
138
54
121
7
134
85
59
42
41
4
32
54
166
3
146
5
97
170
15
116
13
79
170
10
16
6
31
20
279
10
5
31
2
66
17
70
229
41
309
56
58
54
39
19
168
50
0
566
2:96
15
132
154
83
10
176
19
36
21
115
56
105
0
4
2
24
85
72
56
0
131
6
69
18
32
165
160
3
173
231
185
44
277
33
38
42
96
39
17
23
15
6
36
124
4
19
38
69
2
5
8
106
41
40
158
125
96
14
125
214
108
164
36
142
21
86
38
128
63
186
37
34
141
16
54
121
8
12
31
43
18
13
12
6
17
3
178
73
22
29
38
100
54
47
31
0
24
4
2
127
108
130
23
39
20
5
20
3
104
89
5
33
224
29
55
37
134
44
14
38
2
45
47
29
34
38
117
34
64
13
15
31
31375
6
16
9
12
31
112
82
47
6
7
4
3
30
173
4
72
8
15
43
54
8
7
21
8
22
16
3
926
41
56
1
37
50
22
68
92
19
71
166
15
3
42
5
3310
2211
2
322
4
1553
3764
1376
4232
413
611
1002
4558
1500
1161
1538
8206
3
388
2906
1811
3997
816
925
872
2652
2
4
8078
7
2:1
5
2821
882
943
15
1533
933
474
4669
1
7
9
2
5
1428
14
3509
531
0
102775
13098
1
3543
1
7716
25
32
41
9417
23244
5528
2624
983
42
4
14
2:2
92
19
96
72
1
9
3
8
53
19
17
5
16
9619
1380
44363
9
76
67
7
54
103
7
2
27
18
34
5
3
15
0
53
2
89
2
4
9
3
2
25
8
5
3
5
2:2
11
2
30
755
97
55
10
3449
9355
8134
4271
9030
3251
4729
575
1310
358
539
334
143
46
665
436
534
1
6
41
2:4
44
42
8
19
38
29
3
37
1
90
4
3:2
30302
1513
8491
64
176
100
726
82
5
9
98
97
88
217
24
95
16
111
31
9
2
45
28
41
103
47
15
243
13
151
56
95
116
94
19
32
13
69
14746
222
1977
9735
2:1
143
20
72
43
16
3
-487950
192
2952
2975
1106
814
278
1552
488
645
2094
269
295
4205
603
164
643
1119
853
643
1413
39
2103
1115
545
118
1542
647
1386
520
17
640
466
210
142
572
32179
193
173
1429
12401
229215
3667
30
224
55607
547
748
111
100
47173
41593
2042
1414319400
699:0
1
52:0
21
-4
-16
-1
3
-1
0
20
-21
118
-114
0
222
-225
1825
-1825
-1
0
1
1862
-1854
5124
-5130
26
195
-210
-14
11
-7
-3
4
-5
1
17
7
-1
-19
5
-9
1
115
0
-115
5
0
264
1344
-1615
16
-5
152
-163
2:0
8
-1
24
8
-40
8
-5
-1
1
29
-30
-1
4
-4
1
-1
77
-73
30
-32
4508
-3540
-969
2
92
-93
-3
6
3
23
-29
400
-47
-341
296
-198
-105
5824
-5734
-97
32
-30
17
-19
1
26
-7
-20
106
-100
0
59
76
-136
-4
0
2
88
-83
-8
0
15
-15
12
157
-169
31
-31
0
219
-219
5
-3
2:-1
219
-211
5
3
2
-19
7
-7
6
9
-10
-4
10
-9
-1
1
12
-9
0
46
-49
121
-121
1
0
2
43
96
-140
-1
791
-784
0
-1
657
-665
1
11
-10
2
8
9084
-9082
-8
61
-61
1
-4
-1
0
6
23
-29
3
-2
1
7
-7
49
-34
-20
2
12
-12
1
2:-1
5
2:1
-6
8
0
5
-2
18
-29
-1
3
45
-45
22
-24
-1
32
335
-366
1
51
-52
18
-7
-11
46
-45
-1
45
-45
313
-312
0
24
-21
-4
1
11
-13
2:1
6
9
-11
-3
-1
-2
101
-92
0
44
-8
-26
9
-26
5
-5
326
-327
5
0
88866
-88835
-33
3025
-2803
-224
26
8
-23
2
-14
190
-175
-10
6
100
-111
8
-7
143
-118
-17
15
2037
-2052
-9
556
-546
-11
0
-1
3
-2
21
-20
363
-361
134
-136
182
-184
2
16
146
269
-388
-44
3
-1
4
25
-29
-2
0
-1
6
54
-55
2
115
-121
14
-6
-7
-1
0
13
-2
16
-2
269
-245
-33
-14
45
-47
0
5526
-5526
1952
-1953
12
-12
4
1
-3
4
-5
16
31
-27
-20
6
-6
1
100
-101
-1
37
-27
-10
1749
-1736
-4
310
-309
15
34
-51
96102
-96097
-11
6
97
53
-157
-1
3
36
84
-122
168
423
-586
-1
0
-4
57
-54
31
-16
-11
1
1418
-1425
9
-5
-4
2
11
-12
-1
15
-16
1
3
649
-636
9
12975
-12979
-22
0
3
9
1056
-1067
64
-63
-1
0
130
755
-887
393
-374
-15
25
-24
2:-2
1
-1
2
-2
0
1
3
-2
26
-22
-3
2
3
1599
-1605
2:-1
8
2188
-1983
-171
78
-116
-3
0
3
-2
3
-3
21
-20
816
-741
-77
3
-2
-1
23
34
-56
-1
1083
-1047
164
-202
28
-26
14
-15
3
-2
-1
23
-19
-5
72
-58
1488
2406
-3884
-16
2:33
24
-95
-1
327
-193
-134
22
-23
0
-1
721
-345
-373
2
0
555
-559
4
-2
0
2
219
-222
200
-100
367
-466
6
-8
-1
3
85
-84
157
-159
47
-39
76
-62
-18
60
-26
-37
29436
-29422
2
-13
36
-41
0
33
-28
-6
9
80
-82
243
-247
26
3991
-4018
-2
4
97
-46
-52
-3
4
11071
-11071
-2
0
4
95
-99
-1
8
-6
1
29
947
-977
-1
0
11
-5
-8
5
130
-132
73
-70
-5
8
-6
-1
735
-733
0
8
-6
2
-7
2
5
-5
42
-45
41
-41
20
-20
4
2
28
9
-41
0
6
9
-17
2
3
4
9
-17
11
5
46
-58
-4
57
-56
0
9
4
-9
27
-2
-26
-1
3
-6
1934
-1865
60
-125
135
-137
23
-22
9782
-9058
-636
-70
-21
169
-138
-24
-7
46
106
-111
122
204
-362
-1
-2
1
-2
5
447
-105
-330
-8
-10
78
-74
7
-7
3532
-3499
177
-210
1
13
10
108
-134
1
-1
15
48
-57
-8
5
-3
25
-9
27
127
-168
8
171
46299
-46472
-10
0
-1
52:0
1
3:0
1
-1
0
3
-2
0
-1
0
1
-1
67
-67
3:0
13
-11
5
-7
8
-4
-3
-1
13
-12
-1
4:0
6
0
-5
-1
2:0
6
0
-6
3:0
2
-2
3:1
-3
2:0
3
2:-1
6
-7
3:0
3
4
-7
6:0
2
0
-2
2
-2
2:0
2
-2
2:0
1
-1
0
9
-3
-6
6
-5
-1
1
11
-12
5
-5
3
-3
0
2
-2
4:0
6
-6
2:1
-2
0
9
-9
5:0
4
-4
1
2:0
11
-12
0
1
-1
0
9
-9
2
2:-1
0
1
-1
0
1
0
-1
4:0
2
-2
0
3
3:-1
3:0
10
-7
-3
0
24
-18
1
-7
2
-2
0
2
-1
0
-1
2
2:-1
38
-36
-2
3:0
3
-3
1
-1
2:1
0
-2
11
-10
-1
0
4
-4
2
-2
0
2
-2
4
-4
1
0
3
10
-11
-3
1
0
13
-14
12
-10
-2
3
17
-20
0
2
-2
3
-1
2
-4
2:0
1
-1
14
-13
-1
2:1
-2
0
4
-4
2:0
3
0
-2
-1
2:0
14
-12
0
2
-2
2:1
-2
2:-1
41
-41
2:0
1082
-1081
-1
74
-45
-29
0
10
-9
0
-1
8
-1
-7
4
-4
0
1
2:0
10
-8
2
-2
-3
1
-1
4
-4
4:0
1
-1
14
-13
1
-2
32
-32
0
10
-4
6
2
-14
3:0
1
-1
2
0
-2
1
8
-9
0
14
-14
3
-3
3:0
1
5
-6
0
2:2
3
-7
2
-2
0
243
-243
88
-88
1
-1
1
-1
3:0
5
0
-3
-2
0
1
0
1
-2
4:0
82
-80
-1
19
-20
11
-9
-2
270
-268
-1
3
-4
26
-26
2:0
2
-2
0
4
49
-52
-1
0
2
7
-8
7
-7
2:0
63
-64
1
0
-1
0
4
-4
3:0
2
1
9
-11
4
347
-347
-5
3:0
48
-48
9
-9
2:0
67
15
-82
23
-19
-4
1
-1
1
-1
2:0
1
-1
1
-1
0
2:2
-4
1
2:0
115
-116
0
1
0
71
-72
8
0
-7
0
-1
2:0
1
-1
0
1
41
-15
-27
1
0
-1
3
9
-11
-1
129
-119
5
-15
2:0
7
-7
3:0
5
-3
-1
7
-4
198
-192
-8
-2
3
0
14
-17
0
9
11
-20
3
-3
2:0
1
38
-39
2:0
5
-4
-1
2:0
1
9
-10
4
18
48
-70
1
-1
0
5
0
-3
-2
2:0
1
2
0
-3
1
2:0
143
-144
1
-1
1
-1
0
3
0
-3
3
4
-6
-1
0
5
468
-472
-1
1
-1
3
-3
2:0
11
-11
3:0
5
-5
1
0
-1
1
4
89
-94
2:0
2
-2
2
-2
22
-22
8
-6
2
-3
1
-2
12
-12
2
0
2:-1
2:0
4
-4
31
-31
2
-2
4
-4
3
-2
8
-5
-3
-1
0
2
-2
3:0
4
-4
2
0
6
-8
0
12
-12
1
-1
3
-2
3
-1
-2
-1
2:0
4
-4
2
2:-1
0
3
-2
165
-161
3
-6
-2
18
17
-34
0
-1
31
-13
-17
47
-48
1
-1
2:0
2
41
4
-47
4
-4
4
-4
1
-1
228
-227
30
-31
0
3
-3
1
-1
1
-1
7
-2
-5
3:0
3
1
-1
7
-10
0
7
1008
-1014
-1
13:0
1
-1
0
1
-1
28:0
2
-2
6:0
end
