v1
855
187
0
20
2:45
99
184
152
11
128
153
131
33
41
52
178
9
26
3
23
4
74
2
364
66
18
35
88
140
86
113
124
1
38
2:19
37
7
15
110
36
39
376
6
75
46
56
109
340
170
29
73
140
292
94
158
48
159
32
23
179
8
124
297
15
11
210
61
101
76
152
96
93
111
140
19
148
573
278
153
12
52
140
205
0
29
25
21
5
130
7
24
197
28
277
72
32
153
20
168
39
35
50
144
63
79
48
0
9
29
110
93
85
98
59
45
293
43
34
197
106
85
19
163
8
431
90
192
98
114
212
77
74
25
54
126
156
4
53
69
55
2
376
179
32
286
42
29
40
33
26
7
12
72
20
89
28
78
28
39
55
30
214
12
113
254
55
93
26
0
168
41
44
9
108
55
71
22
100
7
84
187
17
37
69
275
16
43
111
3
189
175
28
26
74
212
44
232
18
38
0
21
50
288
7
181
27
29
39
0
2:6
32
18
7
15
2:3
16
6
13
6
11
6
8
46
2
3
14
6
1
123
3
1
13
47
58
73
9
74
9
0
31
5
2:14
32
13
5
8
57
38
19
44
11
14
59
54
118
85
20
342
78
7
85
3
120
82
12
0
131
98
36
61
16
70
133
110
304
10
33
1
5
2:58
284
54
121
7
84
40
10
85
101
41
59
139
27
31
3
146
5
97
170
15
129
275
23
14
271
28
10
5
31
2
83
70
229
41
309
114
43
42
20
185
695
103
185
14
102
46
25
5
15
0
2
367
50
6
109
2
23
1
157
165
21
1
75
18
32
134
316
193
155
104
59
19
37
221
33
30
8
17
25
21
18
53
4
48
8
38
42
90
38
22
16
2
17
69
2
5
8
147
40
221
62
49
47
14
125
81
0
133
108
164
36
45
20
82
4
96
2
130
285
37
1
174
17
53
121
8
2:43
25
12
6
62
69
146
2
20
29
38
58
42
54
47
2
0
29
28
2
127
20
27
61
153
59
5
20
3
99
5
89
5
151
106
119
75
76
29
13
1
40
45
8
21
2:9
26
37
38
79
38
34
123
31367
8
1
9
12
9
12
0
31
112
44
5
4
29
53
44
85
40
48
76
8
58
54
36
8
22
986
57
65
44
68
92
0
19
61
10
104
62
18
47
9
2960
341
2211
328
1204
349
5140
5256
5560
9942
2463
793
6127
2185
816
1797
1274
1375
3
2
8082
9
5
2821
882
943
15
1533
920
13
1997
3146
1
18
5
1
1427
3523
11948
91358
13098
1
3074
469
1
7741
26
6
41
9417
32418
3
18
4
26
7
78
133
6
4
26
20
72
17
2:5
11010
44363
9
131
12
7
38
119
7
29
18
110
27
19
45
18
4
23
10
3:1
8
0
2:2
11
2
1
38
694
22
20
165
12811
2890
2950
2294
13301
3251
4729
575
238
165
908
275
82
539
334
2
131
56
665
436
532
2
3
5
1
5
3
17
18
0
4
86
55
0
3
1
4
31
1
30
3:3
1
11
32
8
39
4
5
1
30302
10004
64
176
38
62
193
429
104
46
41
246
46
217
52
83
111
31
9
75
41
103
83
222
124
25
166
116
94
36
14843
222
1977
9735
2:1
149
14
63
9
43
6
-488235
423
67
371
85
193
97
151
507
410
377
442
95
56
581
269
1147
465
93
86
461
365
185
209
153
19
458
415
344
91
123
633
894
22
292
718
1178
553
0
338
290
627
611
622
281
116
45
355
0
888
663
42
555
132
68
56
196
270
291
701
0
624
1285
343
319
607
474
103
1197
11
539
0
1043
209
38
900
392
14
92
354
81
0
13
40
700
119
1655
690
46
9
187
14
0
49
0
593
23
35
346
0
190
115
102
260
31921
4
1791
7511
336
3442
24600
3294
9695
1384
10
8075
2814
9470
2
124445
46473
0
3607
196
0
35
40
61
13
129
0
6666
49021
0
248
0
111
696
0
61
44
7945
9627
29737
63
0
146
99
34
41247
1535
147
0
439
26967
1414031400
699:0
1
154:0
3
0
78
-77
17
-18
6
-3
5
87
-82
-12
-2
53
-37
-15
55
-54
-2
9
-6
58
-59
15
-17
375
4208
-4581
-1
257
-244
-9
354
-359
389
-387
1957
-236
-1676
-46
1653
-1651
-3
0
92
-93
0
58
-53
6
-9
25
18
-38
13
-17
90
-82
-6
14
2:-6
2:2
-9
147
-148
88
-77
-9
-1
643
-620
-3
57
-66
17
66
-84
0
-4
5
-6
-5
0
387
-383
44
-47
113
-99
51
-64
70
286
-314
-37
199
-191
-12
-4
28
-27
93
-29
-50
-14
0
-1
3
18
-16
7
-13
28
8
-34
20
19
-36
220
110
-306
-20
443
-366
-85
5
-5
30
-26
-4
2
-2
124
-119
-2
1
56
-50
15
-22
210
-198
-13
-1
15
53
-69
55
-38
1
-16
-3
2
51
-44
-8
7
-5
2:-1
1
4
23
5
670
-701
2:-1
95
5271
-5354
-10
-2
27
-28
67
-9
2597
-2645
-10
7
-6
382
-254
-108
-18
0
4
5
37
494
-542
0
114
-101
-14
110
-106
0
2
12
-15
22
-16
22
72
-99
0
2
8
317
-301
-23
0
38
-40
-3
0
15
-12
-3
3
165
-159
-6
38
2
-40
-2
-3
35
29
-60
-3
135
-130
218
-196
-21
0
4
199
-205
0
4
-8
47
428
-342
-129
-4
2
52
-54
6
3
106
-107
-7
19
-10
-9
6
18
154
-121
-55
0
14
-18
2
38
-34
-5
8
154
-162
101540
-101523
52
6108
-6173
223
-161
-10
-34
-6
-11
-5
213
729
-396
-334
-212
0
-1
14
32
-45
35
-21
-5
6
18
-23
8
-14
-3
99
-68
-16
85
461
-560
14
81
129
-225
322
-323
1
8
-9
2
88
-80
-3
67
-74
24
-21
2:0
10
145
-147
17
-26
229
-185
617
-659
-3
0
10220
-9158
-1060
90
-87
-6
2:0
6
8
-10
0
30
-16
-17
0
8
50
-35
-22
-2
1
0
7
31
-13
-5
2561
-2577
-5
2:0
405
-394
17
13
8396
-8411
-16
-4
-6
11
126
-134
-2
0
7
2
32
78
721
-615
-211
-14
-1
1603
-1598
-4
59
-53
69
-72
146
-99
8565
-8569
-43
10
-12
30
9534
-9563
562
-560
0
536
-493
-49
120
16368
-16377
-109
2:0
-2
2288
-2265
44
-66
415
-404
258
627
-466
6283
-6713
13
-9
135
-123
11
-27
1
11
-11
-2
1
2:0
4
-5
5
52
-53
9
-12
7
2
19031
-19036
15
3295
-3302
-9
132
-51
-78
2:0
2:-3
2:1
140
-124
1257
-1272
18
117
-138
12
58
1
1048
1372
-2289
-131
-70
0
33
-21
-10
0
78
2838
-2908
-10
2535
-2516
-17
21
-19
160
47
879
-1091
46
75
-121
2279
-2277
995
-930
-53
-13
25
-25
-2
3
61
1350
-1399
56
503
-572
31
-23
69
-75
2:1
-4
0
47
21032
-21057
-23
71
-44
-26
135
-133
2:-2
1907
-1524
-50
-332
45
-7
5117
-5141
7
-15
8573
-8574
-4
12
-6
-5
1
11
4
-17
267
2084
-2349
-3
0
5
-5
24
-1
-20
99
-96
84
-89
17
-8
-7
25
31
-57
28
440
-464
15
-2
-18
0
32
56
149
94
-325
-7
0
20
-20
216
-192
-15
-9
24
-9
-14
21
-14
-8
4
2
27
-11
144
-166
0
4
12
8
-22
194
-112
-73
-11
11
-6
-5
-1
4
0
109
22
-131
0
20
-23
9
41
3756
-3806
1
6
9042
-9044
-6
77
-76
186
-125
-62
1424
-1397
-6
1569
-1474
-115
34
70
-103
1939
-1938
4
-5
14
1995
-2005
-2
56
226
7
4466
-4696
58
-115
749
-748
1287
-1286
23
-23
8
-15
27
-24
90
46
38
-176
3141
-3134
731
-668
-65
-8
2:0
1
-1
1
-1
1
-1
1
-1
1
5:0
-1
1
-1
1
-1
1
-1
1
-1
1
4:0
-1
1
0
-1
0
1
-1
0
1
2:0
-1
2:0
1
0
-1
0
1
7:0
-1
1
-1
0
1
-1
0
1
-1
1
3:0
-1
2:0
1
0
-1
1
2:0
-1
2:0
1
-1
1
-1
0
1
2:0
-1
9:0
1
0
-1
0
1
-1
1
-1
1
-1
0
1
3:0
-1
0
1
-1
1
-1
4:0
1
3:0
-1
0
1
-1
3:0
1
-1
2:0
1
3:0
-1
0
1
3:0
-1
2:0
1
0
1
3:0
1
-1
2:0
1
-1
2:0
2:1
0
-1
4
-4
-1
0
1
-1
0
7
-7
1
90
-91
3:0
1
2
-3
19
-18
21
-21
10
-11
4
-4
2:0
2
10
-12
4
-4
2:0
4
-3
-1
2
-2
7
-6
0
-1
1
-1
3:0
3
-3
3
2:-1
0
1
2:-1
3
-3
2
-1
1
-2
0
1
-1
2:0
2
-2
2
-2
4
-4
3
-2
2
19
-17
-5
4
-1
-3
0
7
-7
2
6
-8
4:0
1
0
1
-2
2:1
-2
2
-2
0
3
-3
2:0
11
-3
-8
2:0
4
-4
3:0
4
-1
-3
0
6
-5
-1
0
2
-2
2:0
4
-3
-1
0
5
-4
2
-3
6:0
1
-1
2:0
3
0
-2
-1
3:0
2
-2
4:0
5
0
5
-10
0
1
0
39
-27
-10
-3
4:0
2
-2
0
2
2:-1
47
-47
2:0
3
-2
2
0
-1
2
-4
0
2:1
18
-20
3
-2
11
-10
-2
0
2
-2
2:0
14
-8
-6
10
-7
-3
3
-3
2:4
-8
0
16
-14
25
-25
-2
2:0
1
2
-3
2:0
8
-7
7
-8
1
-1
7
-7
0
3
6
-9
0
2
-1
0
-1
3
6
-9
2
2:0
-2
0
1
-1
1
0
50
-49
1513
-1514
1
88
-90
42
-24
-13
1
-6
2:0
4
12
-13
-3
3:0
2
3
-3
-1
2
-1
3
1
-5
-1
3
-3
20
-13
-5
-2
119
-119
6
5
-2
-3
-4
-2
0
4
-4
0
23
-23
0
17
-17
3
-3
2:0
1
3
2
-5
-1
16
-16
6
-6
2:0
345
-305
-39
5
-6
4:0
4
-3
-1
6
-1
-5
6:0
1
0
1
-2
4
-3
50
-51
2:0
2
19
-19
3
-3
226
-222
-6
4
-4
1
27
-28
2:0
1
0
2
-2
1
15
-16
-1
2
85
-86
0
8
-9
8
-8
12
-7
108
-108
-3
-2
6
2
-8
3:0
1
23
-21
-3
19
366
-357
-28
2:0
1
100
-99
3
-5
15
-13
152
-64
-89
33
-34
2:1
5
-6
0
-1
4:0
1
-1
3
-3
2:0
5
-4
3
-3
-1
7
192
-198
1
135
-137
0
14
-3
-11
0
1
-1
0
3
-3
1
2
63
-65
-1
32
-32
1
5
12
126
-124
-8
12
-23
0
2
2:-1
0
13
-14
7
-7
309
-305
-3
1
-2
4
19
-3
-20
8
-3
-5
59
-59
24
-23
0
-1
1
-1
2:0
14
145
-159
4
16
-20
4
-2
0
-2
0
1
-1
3
-3
166
-165
-1
13
-11
-2
11
-10
3
-4
13
8
-21
3
-2
6
813
-817
-2
0
9
-10
2:1
-2
1
0
5
-5
3
5
84
-92
-1
4:0
13
-12
9
-9
0
3
-1
0
-3
5
24
-28
5
-6
0
7
-1
-4
2:0
5
3
-7
-2
-1
0
4
-4
0
1
-1
0
11
-10
0
7
-7
-1
3:0
7
0
-6
-1
0
2
3
-5
18
-15
1
-3
-1
2:0
2
-1
0
5
-2
-4
0
1
-1
0
14
-14
3:0
294
-292
-2
2
-2
18
-10
-8
313
-308
-4
74
-43
-32
2
6
-8
168
-167
3
-4
0
107
-106
1
-2
10
-10
163
-160
25
-28
45
-45
0
3
-1
0
4
-6
1
0
5
2:0
-6
19
-19
10
-8
-2
12:0
12
-12
7:0
2
-2
3:0
1
-1
7:0
2
-2
54:0
1
0
-1
49:0
2
-2
8:0
2
-2
end
