v1
670
252
283
159
36
13
381
105
31
21
178
9
615
51
37
100
126
67
228
56
22
28
42
491
81
123
88
58
266
30
258
732
159
136
134
224
11
51
404
329
106
501
113
460
278
61
71
85
45
148
16
165
212
58
167
154
66
57
72
185
262
1
71
68
54
63
278
90
85
658
107
214
155
16
521
23
88
293
149
63
176
54
339
69
57
122
254
0
511
28
269
287
96
273
238
43
356
185
46
174
4
7
118
276
275
16
536
37
288
224
70
397
123
121
12
71
25
18
12
5
8
19
24
1
46
5
11
0
136
1
13
88
9
8
73
9
74
40
0
5
2:14
21
29
65
3
109
14
39
20
5
167
219
155
73
173
120
94
131
120
0
2
38
121
133
110
314
39
116
146
48
69
21
54
262
85
101
41
59
139
58
251
185
129
475
113
0
23
15
33
66
0
17
70
8
78
143
41
71
238
158
41
27
168
10
40
758
301
83
10
176
47
0
144
56
105
6
90
278
75
18
32
141
0
74
113
392
12
185
44
30
18
229
33
30
143
3
0
48
8
80
53
75
19
21
17
47
22
15
147
40
117
41
221
14
712
182
2
38
217
157
40
1
38
136
17
53
0
70
51
8
43
80
51
159
73
22
29
32
106
54
44
3
53
8
147
2
86
153
59
5
20
3
93
105
0
42
109
54
52
149
148
16
81
4
47
63
38
151
31225
0
268
5
22
9
55
164
115
85
88
77
25
40
54
36
8
22
986
81
74
11
5
63
111
71
166
15
3
3357
1233
978
316
9
3
1553
5140
8678
2138
12405
3
790
830
5300
2179
819
928
473
3048
2
14
8075
2:1
5
3703
943
15
1533
920
13
985
1012
3154
9
2
5
1428
1042
105787
13098
3544
1
7741
32
41
9417
31396
1025
22
11
0
10
5
7
2:39
157
12
20
53
36
5
16
71
55300
150
157
7
47
39
180
27
10
3
12
11
2
1
754
20
10
164
12802
12405
17010
575
1668
873
143
46
665
766
202
2
3
22
28
2
1
41
16
1
28
8
2
21
63
30
10
1
43
41
0
1
5
4
6
30302
1513
8555
176
100
212
410
103
1
46
0
41
103
85
95
189
37
24
253
11
45
28
41
32
71
47
36
222
164
151
81
129
19
17
15045
11732
2:1
143
20
12
0
60
43
-487209
160
127
499
59
405
245
32
389
96
1825
518
161
411
76
555
163
154
393
311
584
65
22
135
82
523
261
11
89
12
39
107
350
110
3
560
27
463
88
509
109
18
839
484
91
214
159
168
582
262
279
358
41
436
863
1270
383
272
27
99
31
44
6
10
3
7
70
348
17
107
20
32
533
2:440
90
105
902
355
35
738
5
267
131
40
52
180
16
6
340
277
887
1180
12
186
316
66
794
3
652
29
521
106
37
166
304
179
1589
347
25
299
67
254
103
611
33
657
197
98
31669
4
29
159
115
80
120
70
920
225
476
281
5556
4638
1738
34396
14443
9474
4950
116405
11260
41933
55882
112
128
102
144
6
51
9
2
741
156
18707
2296
8150
5151
7894
2783
2241
36
20
40938
1127
361
127
303
729
92
13
26860
1414512600
499:0
1
169:0
4
42
-45
3
17
14
179
-204
3
-10
-2
4065
-4062
-3
2
10
13
218
862
-1052
104
-146
47
-44
7
46
-65
-1
9
31
89
-102
-10
-15
253
-256
26
39
-65
76
334
-410
10
-10
345
-345
3
18
-21
1
9
191
-19
350
-529
-3
277
-266
69
10
-75
-15
2
1
8
-11
68
-66
652
-654
1072
-1069
441
-442
-2
0
2
-1
541
-530
218
-59
-160
22
-31
-1
0
2
12
-15
0
29
-12
-15
10
17
-28
2
-1
32
-24
-10
223
-175
1849
-1894
71
-71
-3
136
-133
-3
20
-9
37
-33
26
-41
77
-74
344
-346
102
-92
9
-19
0
10
33
2
-44
-1
25
-23
325
-240
-87
0
2
107
-86
-21
56
418
-477
0
32
-32
1
15
14
-30
1
52
48
-31
-68
7
-8
0
3965
-3964
-1
15
246
118571
-110431
-8068
-295
-37
-1
9
28
48
-33
-9
804
-846
66
-35
-15
-7
13
-12
-11
0
26
-7
2711
-2729
-1
33
-21
-10
-3
98
1065
-1161
14
-14
-1
13
-5
-9
24
134
-95
-63
36
-36
1
0
26
-15
-10
454
-456
11638
-7430
-4208
15
-14
0
-1
0
26
-26
3
10
4
-17
59
-43
-13
-2
2:0
1
-1
11
-12
1044
-1032
-12
496
-496
245
-182
65850
-65910
-2
-1
2
610
-553
-56
909
-911
-1
18
35
-53
0
66
-64
-1
0
1
32
7469
-7465
-6
-31
1
0
-2
86
-86
38
18351
-18386
10
-13
3514
-3472
-40
21
-3
256
2620
-2894
338
-338
28
-3
-26
12
10
-20
0
45
-45
-1
0
33
-32
-2
1318
-1318
0
15
2927
-2901
52
-94
15
202
-195
103
-123
-2
166
47
1364
-1391
833
-1003
-14
-1
29
-30
13
60
-61
898
-734
-145
26
-56
107
-99
-6
512
-423
275
-355
917
14
-943
281
-281
132
-131
312
-235
-53
114
1576
-1685
-29
25
-14
158
-138
-30
108
-89
54
652
-725
0
2:-1
43071
-43021
-13
-37
112
-100
1
135
142
-258
-5
6166
-6191
70
169
-240
0
18
-17
13
-14
0
1
96
-96
-2
94
1732
-1808
-18
1
107
-62
-36
-7
4436
-4388
-37
2821
-2742
39
-97
-23
13
-22
19
-20
18
46
-52
4
-15
46
-48
17
3
160
-171
-7
43
-46
3
38
-41
71
-68
-3
2
167
-131
-24
-13
38
246
11917
-11330
-871
2:0
1
47
-14
128
-152
-9
281
-20
-94
-156
-13
1301
-1013
-287
0
-1
0
10
-1
-7
1529
-1088
-393
-37
-10
13750
-13705
-48
111
175
-256
-7
134
-155
144
-125
454
-453
39
9
166
-169
-67
298
-297
-1
82
-26
-47
2:-5
1
-1
5
-5
8
-8
0
9
-9
5
1
-6
5
1
-5
-1
8
1
-2
2:1
-3
4
-10
7
-1
0
2
-7
7
-3
-4
-1
0
5
-5
0
8
-2
2:1
2
-10
0
6
0
2
-8
5
2:0
1
-5
-1
6
1
-7
5
2
-3
5
-2
2
1
-4
2
-3
3
-8
7
1
2
-10
8
-2
2
-8
5
3
0
-3
0
-5
0
5
2
-7
1
9
-10
1
0
-1
7
-2
-4
4
-4
6
-6
-1
7
-7
0
1
-1
10
-9
4
-4
6
-7
2:0
8
-3
0
-4
6
-7
0
9
-9
0
8
-7
7
2:1
-4
-6
2:0
8
-3
-5
9
-9
0
7
3
-4
-1
-5
10
-10
6
3
-9
0
1
6
1
-8
1
4
-5
7
-2
5
-2
-8
1
-1
5
2:0
1
3:0
1
-1
2
-1
1
-2
1
88
-88
-1
0
1
0
11
-3
0
-6
-2
-1
2:0
5
-5
2:0
8
1
-8
-1
6:0
8
1
-9
2
-2
2
-2
3
-3
3:0
3
-3
11
-11
0
6
-6
5
11
-16
3:0
2
-2
2
-1
1
-2
2:0
9
-8
-1
1
-1
3:0
9
-5
-3
1
-2
2:0
1
3
-4
4:0
2:1
-2
2:0
5
-5
1
21
-18
-4
2:0
2
-2
32
-31
-1
3
-2
20
-20
6
-7
0
1
3
-3
8
-3
-5
-1
0
1
9
-10
1
-1
15
-14
26
-20
-7
0
1
2
-3
0
2:5
-10
5:0
4
-4
2
6
-1
-5
0
-2
2:0
4
-4
0
1
49
1395
-1371
-52
-21
-1
0
4
3
-4
12
-9
2:-3
2:0
2:2
-3
-1
2:0
5
-4
152
-153
2:0
7
-7
0
5
13
-18
10
-10
1
0
1
-2
2
9
-4
-7
3
-3
3:0
2
-2
4
-4
311
-212
-99
5:0
1
-1
0
9
-9
0
10
-9
-1
7:0
70
-69
-1
2:0
15
-14
303
-303
-1
2
-2
16
-10
-6
45
-45
2:0
9
-9
0
13
-13
3:0
3
110
-108
1
-6
0
2
-1
14
-15
13
467
-480
3
-3
68
-63
-5
5
-1
49
79
-130
20
-22
2
0
-2
3
-3
1
-1
2:1
-2
1
5
-4
-1
149
-150
0
1
99
-93
7
-14
0
55
-53
37
-39
0
8
33
160
-197
14
-13
-5
0
3
-3
1
11
-7
163
-162
-1
-2
-3
14
-14
0
27
-9
-16
-2
24
-7
-17
7
-7
2:0
10
-10
0
24
129
-153
1
-1
2:3
-5
-1
3
-1
-2
7
-6
-1
2:0
195
-194
3
-4
7
-6
1
14
-16
0
7
488
-494
5
3
-9
3:0
2
2:-1
2:1
-2
0
3
93
-93
-3
0
35
-29
-5
-1
145
-129
-14
162
-153
6
-15
-2
2
0
-2
2:0
3:1
-3
8
-8
1
4
-1
-4
0
3
-2
-1
0
1
2
-3
2:0
4
-4
1
-1
7
-7
181
-163
-17
-1
2:0
5
-2
62
-64
0
45
-30
-14
-2
0
7
86
-93
0
1
-1
3:0
50
-19
-26
-3
-2
474
-474
0
30
-19
-10
9
-9
0
1
7
1
-5
-4
9
2
-9
-3
6
-6
0
7
-4
-2
1
2:-1
12:0
4
-4
2:0
1
-1
2:0
1
-1
2:0
2
-1
0
-1
0
1
-1
5:0
2
-2
2:0
1
-1
2:0
1
0
-1
3:0
1
-1
0
2
1
-3
2:0
1
-1
4
-4
5
-5
0
1
4
-5
1
0
-1
0
2:1
2:-1
3
1
2:-2
4:0
5
-5
0
2
-2
3:0
2:1
-2
5:0
1
-1
3:0
2
-1
0
-1
4:0
1
0
1
-2
6:0
1
-1
1
0
-1
1
-1
2:0
1
-1
5:0
6
2:-3
0
3
-3
3
7
-10
2:0
2:1
-2
2:0
2
-2
2
-2
1
-1
3:0
3
-3
end
