v1
902
743
517
823
22
292
276
19
56
7
161
413
206
88
324
215
73
130
10
1117
128
195
136
236
76
0
248
10
216
19
266
531
112
208
357
234
181
256
277
257
519
127
9
139
93
287
249
699
148
283
1
493
207
5
230
375
33
612
319
70
106
12
409
30
339
281
28
93
279
9
173
183
7
118
170
12
94
275
877
353
50
170
333
29
12
33
63
56
31
51
14
124
149
61
1
2:132
109
14
113
544
21
173
345
122
292
110
314
33
6
193
207
175
141
85
101
41
507
39
146
129
27
285
345
0
2
66
17
70
103
167
309
226
976
761
50
6
106
3
2
4
20
344
75
375
636
310
270
6
36
128
19
107
2
5
155
323
110
339
353
204
452
366
8
161
99
197
192
108
127
108
153
59
5
6
17
104
2
87
262
663
34
67
31426
5
6
16
217
29
53
44
85
6
82
76
120
36
8
22
986
166
250
166
15
3
5568
328
4626
2067
8678
2138
2654
9751
9921
3064
1387
8082
8
1
2826
3373
933
5151
1
8
2
5
124899
7717
1
24
9490
32411
10
22
167
40
182
5
16
55334
180
7
157
7
2
45
38
1
177
30
10
2
1
10
13
757
20
42391
575
2207
1188
436
534
3
4
2
5
38
2:2
96
53
71
52
39
4
6
40306
64
176
100
21
704
1
286
310
24
253
9
75
449
315
116
130
15065
11712
2
105
58
101
-488406
6
155
87
221
17
32
17
86
60
61
189
206
43
3
49
178
9
26
0
26
395
49
170
95
406
51
25
59
28
157
37
83
62
39
155
81
46
56
103
64
0
1
281
59
43
327
39
77
159
5
0
19
131
145
8
122
161
4
98
8
228
39
154
186
51
17
43
191
10
0
128
189
1
45
7
13
218
93
201
18
135
131
0
62
67
339
13
58
85
45
9
5
206
93
22
19
21
135
23
8
58
35
60
0
44
377
37
0
41
127
67
0
81
8
53
33
1
55
138
0
142
325
31
0
18
39
53
6
24
25
154
28
0
82
0
83
0
1
35
55
180
4
106
150
34
71
317
67
83
74
0
290
78
119
59
0
246
180
0
60
86
67
5
0
74
45
2
0
31
214
226
221
117
96
10
128
91
59
56
22
145
75
71
133
50
123
0
185
70
308
46
77
109
489
282
144
43
50
64
219
66
55
0
52
24
16
78
0
95
48
0
272
3
62
8
104
31
124
25
105
0
8
7
175
55
58
32
40
2:3
1
13
8
19
17
7
47
2
134
16
1
13
90
15
73
4
31
48
40
25
8
24
8
13
5
61
0
4
38
3
16
38
195
67
105
98
322
7
85
123
94
265
26
35
86
273
68
206
16
28
43
224
39
35
0
11
263
369
23
139
58
3
102
49
53
261
20
0
156
196
6
50
0
144
0
136
287
0
143
464
38
47
8
196
85
913
102
46
37
10
195
576
139
117
47
281
122
0
111
171
185
63
11
26
221
12
0
76
37
27
57
10
46
133
104
0
9
19
84
106
81
104
54
182
39
623
2
101
98
268
63
115
267
16
54
136
36
80
6
23
254
22
67
100
98
2:3
28
22
14
49
92
325
13
188
9
0
24
17
0
101
0
54
171
75
61
44
14
2:19
2
45
47
26
20
55
15
60
140
24
35
31376
30
43
46
105
10
55
0
45
184
103
21
37
41
1011
0
111
7
0
170
111
242
0
60
9
272
0
3029
2213
323
0
1556
2370
4205
0
5143
1002
1805
2938
365
0
10536
0
790
830
1211
4086
2182
3
1741
872
2652
6
8085
7
16
2791
10
886
943
4478
3146
1
24
1427
3523
103306
13098
1
0
3544
1735
5973
59
47
41835
0
21
2
0
35
221
25
1
20
53
30
16
82
10928
44312
51
9
7
17
52
47
208
12
40
35
53
46
45
2
4
12
2:2
0
44
4
13
1
725
43
18
101
3508
15195
2294
3093
10208
0
7977
1137
1109
872
0
3
187
1633
3
2:7
19
21
2
43
14
0
28
8
29
12
0
6
3
36
6
3
32
43
23
31849
8506
268
0
26
243
57
569
78
16
173
107
80
318
114
103
47
13
72
569
0
124
5
19
32
13
10
17004
0
9736
110
34
6
26
60
43
1414546200
299:0
1
601:0
1076
-1062
3989
-3985
4
-6
546
508
742
-1773
-24
10
-4
21
-27
18
-19
-3
13
345
-354
228
-223
1
0
718
-404
304
-616
2049
-2058
-1
368
-366
2
178
-169
845
-843
-5
-9
9
0
11
-11
-8
241
-237
1119
-1117
21
-27
-3
18
12
-17
-1
412
-413
256
-267
26
9
-11
4
632
-627
-22
2:-5
32
211
-233
-11
18
526
-215
-296
-29
-4
28
-27
33
-27
18
-26
0
35
-6
-19
-5
-3
523
-514
-10
2
-3
9
-2
9
-15
27
-9
7
3
233
121355
-121609
9943
-9945
3
-6
181
30
-213
5665
-5654
-12
9
29
330
-343
-15
0
2068
-1318
-729
-26
-4
428
-420
10
251
-73
-194
-2
13
190
-201
31
444
15851
-15322
-989
8
-22
28
-14
-8
1358
-1365
378
-375
5
20713
-20723
250
-227
-23
1735
-1702
-20
4545
-4548
323
-17
29894
-26859
-3343
781
-783
517
859
-1383
553
-551
2
13
0
-13
4515
-4515
815
7747
-8565
31
-14
-6
-3
530
-523
183
28
-226
259
552
-437
-121
-250
393
-389
3981
-2673
-1310
349
628
-975
355
-355
1224
-1213
910
-903
-22
2015
-2011
5
-8
-3
-2
232
-206
-21
28
12971
-12975
-22
1
9
344
8877
-9237
13
1311
-1319
-5
327
1818
-2108
-19
-17
33
168
-200
8
-10
227
13844
-14063
14
16643
-16655
-3
20
164
-189
1
2
10
3525
-3531
-2
14
-10
-4
-5
1
9
1
283
-289
-6
18511
-18513
502
-488
785
-570
35
-55
-193
23
1926
-167
-1774
953
6156
-6900
-26
5922
-6105
-20
19
4
2
-2
2
-17
589
-577
-32
60
-61
9
-5
2:-2
6
-4
3
-6
1
-2
172
-167
75
-75
108
-112
0
10
-8
6
-9
4
53
-57
9
46
71
-120
2:-1
-3
7
-3
-5
5
6
-2
-9
0
9
-1
1
0
-5
-1
0
-3
1
0
-1
2
93
-94
-1
0
7
-3
-1
-2
7
-3
0
-5
5
157
-159
-2
0
8
-7
2:-1
3
-2
9
-6
-1
2
-5
2
0
-1
74
-68
-7
2
9
-10
3
-2
57
-59
4
177
-178
192
-187
93
-93
-5
-1
0
-2
5
-4
0
6
-4
4
0
-5
3
-4
125
-115
-2
-7
0
7
-8
1
0
-2
5
-2
-1
0
2
-4
4
0
-3
3:0
2
-3
4
-1
7
-5
2
-6
2
4
-7
5
-4
0
2
4
-5
5
0
-4
-1
0
4
0
129
-134
0
6
-4
-1
2:0
-2
0
52
-46
1
71
-70
-5
2:1
4
-4
-5
1
-1
2
2:0
9
114
-123
2
1
60
8
-65
49
-49
-2
-6
5
-5
2
0
-1
54
-55
1
0
8
-8
0
2
3
-3
122
-122
5
-8
2:2
0
2
-6
0
2
8
105
-111
80
-84
8
-5
-2
8
2:-4
10
-3
-7
6
53
-56
-4
109
-58
-46
0
92
-95
-2
3
4
2
-5
85
-87
0
151
-42
-107
3
-3
-1
114
-107
-9
8
-8
7
80
-87
0
152
-146
-6
2:0
8
-8
0
5
-5
-1
2
0
-2
5
-1
-3
71
-62
84
-84
-1
90
-98
1
0
2
3:-1
3:0
110
-109
0
112
-114
4
1
-1
-3
2:2
83
-88
3
1
-3
2
-2
59
-59
-1
2
0
-2
0
8
3
-2
-7
72
-73
2:0
4
-1
-3
10
-5
0
-4
0
1
2
49
-51
122
-125
3
0
5
-4
101
-41
-60
-1
7
-9
50
-50
84
-78
43
-50
74
-68
4
0
160
-109
-59
74
-66
-10
6
-1
-5
9
2
-10
111
-110
0
-2
2
0
-1
0
3
-2
-1
62
-61
4
-6
3
2:0
103
-98
-5
-2
0
-1
4
7
-11
6
99
-97
-8
9
-8
2:0
2:3
0
-7
82
-81
1
2:0
-1
0
5
150
-155
0
10
-3
-6
0
121
-121
2:0
77
-72
-5
0
8
-3
-4
5
-7
0
2:2
-3
3
0
2:-2
0
2
6
108
-113
4
57
-65
6
-5
7
-4
-3
-1
57
-54
90
-89
135
-130
-7
0
91
-87
-3
0
60
-59
2:0
-4
0
4
-4
6
75
54
-127
-7
1
0
-2
7
45
-50
1
8
-11
2:1
151
-142
0
-6
0
1
-1
-5
78
13
-90
0
5
99
-100
4
-2
3
-9
2
-2
6
100
54
-160
0
3
-2
71
-66
0
-7
107
-28
-79
3
60
-63
3
175
-178
1
0
164
-165
1
2:0
4
-2
58
-59
-1
127
2:-63
2:0
6
-2
-6
8
-8
6
78
-84
5
-5
2
5
106
-47
104
-170
3
74
-76
144
-80
58
-115
-8
102
-100
0
179
-173
1
-9
0
64
94
2
-1
100
-100
2
-2
14
10
-23
2
-3
0
4
-4
0
6
-6
1
0
-1
1
-1
2
2:0
3
5
-9
0
15
-16
1
2:0
2:1
0
23
-21
1
-5
2
0
-2
2
-3
22
-22
10
-10
5
-5
0
4
-4
3
-2
-1
0
3:2
-5
3
2
-6
2
-2
2:0
4
7
-10
1
-2
47
-34
-11
0
2:-1
0
4
-4
1
2
-1
9
-6
-5
2:0
34
-34
3
-1
3
-4
3
-4
5
1
2:-2
1
56
1639
-1697
98
-93
1
-2
-3
15
-11
-3
0
-3
4
5
-8
2
-2
0
201
-201
-1
9
-9
14
1
-14
27
-23
-2
0
-2
4
6
-11
11
401
-364
-43
4
-6
-2
0
2
56
-54
20
-25
5
229
-231
30
-31
-2
83
-73
-8
143
-145
0
29
461
-348
-139
18
-16
250
-170
-85
27
-22
-5
1
5
-4
301
-303
1
148
-147
8
-8
-1
2
76
-79
0
52
-50
26
216
-234
8
-7
-9
3
211
-203
-11
35
-1
-32
13
-17
44
-44
19
-17
-1
256
-255
-1
4
2:-2
7
-2
-3
-1
173
-174
5
-5
-1
0
1150
-1150
0
24
-21
-3
9
83
-86
-6
0
21
-8
-12
12
0
-6
271
-278
4
403
-403
7
-5
6
-10
-1
6
-6
2
4
-5
1
2:-1
0
-1
0
1
7
-8
1
433
-434
22
-16
241
-246
44
-11
-33
-1
14
160
-169
55
-8
-44
-8
274
-265
-5
-3
9
-9
6
2:-3
17
-18
2:0
1
2
-3
2:0
1
-1
4:0
5
-5
7
-6
6
-7
3:0
2
2:-1
1
-1
1
8
-8
0
-1
1
-1
1
0
-1
34
-34
7:0
1
-1
6:0
7
-7
2:0
1
0
-1
6:0
6
-6
2:0
2
-2
5:0
4
-4
5:0
5
-5
2:0
1
-1
5:0
1
0
2
-3
3
-3
12:0
3
-3
14
-14
3:0
2
-2
19:0
1
0
-1
0
3
-3
10:0
1
0
-1
0
12
-12
0
1
-1
1
0
-1
5:0
2
-2
3:0
1
-1
6:0
2
-2
0
1
-1
3:0
3
-3
15:0
2:1
69
-71
6:0
1
-1
0
2
28
-29
8
-9
0
1
-1
3
-3
0
6
-6
1
0
11
-12
0
29
-28
-1
0
5
-3
2:-1
3:0
10
-10
0
12
-11
-1
2
-2
0
12
-12
0
2
-2
0
3
-3
0
2
0
-2
2:0
5
-5
11:0
2
10
-12
12:0
16
-16
0
9
-8
-1
0
1
-1
0
1
17
-18
0
1
-1
1
0
6
-7
6:0
2
-2
0
8
-8
2:0
1
-1
2:0
5
-5
3:0
2:1
-2
6
-6
1
-1
2:0
2
9
-10
-1
3
-1
7
-9
5
-5
5
-4
9
-10
2
0
1
9
-12
28
-28
0
1
-1
2:0
3
-3
11
-11
4:0
1
0
-1
4:0
2
-2
0
2
-1
11
-12
0
2
-2
0
1
2
-3
0
13
-10
-3
5:0
1
0
-1
2
-2
5:0
1
14
-15
0
2
2:-1
0
4
-4
2:0
12
-11
-1
2:0
1
-1
3:0
2
0
-2
5:0
3
-2
23
-24
1
11
-12
0
1
2:0
-1
2:1
-2
6
-6
13
-13
2:0
12
-12
0
1
8
-8
0
-1
2:0
1
-1
0
8
-6
2
-4
5:0
1
-1
1
-1
2:0
3
-3
6
-2
-4
2
-2
0
33
-33
2:0
3
10
-13
1
13
-12
-2
3:0
1
0
-1
0
1
-1
11
-11
2:0
2:5
-10
0
2:1
-2
4:0
4
-4
3:0
1
-1
7
-7
0
13
-11
-2
1
-1
2:0
1
0
-1
3:0
2
-2
0
4
1
27
2:-16
0
1
0
5
-1
4
-9
2:0
4
0
7
-11
2
-2
1
15
-7
end
