v1
848
297
50
156
32
4
36
168
167
319
52
92
95
56
181
178
32
168
51
38
20
205
67
46
124
1
57
56
7
15
0
28
53
65
260
155
28
99
159
6
324
288
140
17
384
191
159
234
236
14
10
62
107
26
271
101
228
96
10
194
22
118
33
134
0
136
299
138
94
105
248
26
22
45
9
291
48
6
21
135
31
88
137
277
72
37
10
47
4
33
54
87
101
74
194
63
79
57
29
110
22
71
85
329
165
78
86
88
19
4
106
228
20
27
431
16
48
26
195
96
113
230
0
3
63
52
15
79
125
147
34
33
65
0
4
10
47
31
214
131
41
275
182
41
128
7
12
122
22
171
77
102
117
167
87
126
4
37
55
81
12
235
332
77
7
158
130
2:106
18
23
128
16
93
64
219
121
76
245
43
44
242
8
59
26
194
118
7
181
27
29
12
39
3
29
18
7
0
13
2
3
4
2
11
2
6
2
17
25
46
0
2
17
6
111
16
1
60
58
2
80
74
73
50
65
41
16
55
127
118
12
435
78
95
120
225
195
219
110
304
10
33
6
116
104
180
54
121
35
106
60
25
0
101
41
198
58
3
151
25
72
170
15
116
13
275
328
8
15
33
83
70
229
41
309
0
212
14
125
412
299
140
15
170
14
102
71
12
377
50
6
109
2
24
42
171
109
22
75
50
6
319
3
98
85
144
306
19
258
33
38
42
80
64
2
6
8
19
17
36
53
75
19
38
69
7
8
147
40
48
110
235
3
606
3
0
80
20
82
102
229
131
55
37
175
17
53
121
8
43
86
131
146
51
38
100
54
47
53
8
127
20
88
153
64
23
104
94
3
176
26
43
9
255
39
59
9
36
0
47
63
154
1
34
88
55
31355
22
9
43
0
39
77
49
29
53
44
125
48
0
76
8
112
36
8
22
932
0
54
57
109
179
71
15
28
123
15
50
9
3301
324
1887
328
1553
311
2059
703
0
2067
8678
2138
1889
5086
5430
3
790
830
1211
887
3199
13
2988
925
872
1267
1385
2
8082
9
5
16
4630
15
2453
13
5143
1
6
2:1
8
2
5
0
1428
3523
531
102775
16642
1
1735
5981
25
4
22
47
9417
32379
32
7
0
3
18
4
21
12
61
0
73
92
21
20
89
5
16
6666
48645
84
17
30
72
7
0
38
119
9
27
18
38
1
18
53
26
0
67
16
27
10
2
0
1
23
2
1
725
29
14
163
13
18646
18846
4729
575
1668
539
333
190
665
436
330
202
2
1
2
6
44
3
0
86
10
39
45
1
5
31
3
1
43
47
10
30302
9963
105
9
0
70
97
100
212
227
286
1
286
93
217
24
253
84
41
103
47
258
13
302
81
124
5
19
17
38
14954
6
67
1977
9735
2
109
54
53
19
43
-488152
45
77
0
145
110
682
83
0
593
312
114
231
545
385
42
991
145
364
5
210
84
202
438
35
62
46
87
291
340
219
143
185
189
156
547
453
12
181
336
77
132
53
197
281
457
109
67
50
426
99
187
12
60
341
679
241
113
213
14
117
164
771
598
96
367
187
273
160
84
24
388
494
67
464
190
0
63
160
220
138
466
151
177
1
228
19
213
6
32
8
13
36
37
98
25
201
115
354
7
86
115
0
452
92
326
320
198
0
137
292
346
34
31
0
315
5
38
654
17
305
54
318
530
98
7
187
538
662
73
140
383
274
475
470
503
8
138
10
84
8
286
4
393
84
6
153
296
108
318
24
105
0
951
306
11
18
35
845
154
185
68
136
118
249
31626
14
229
100
31
0
61
88
89
1308
85
220
93
13
39
8138
1705
7002
3348
1
10210
8268
3659
15917
47
3710
2491
1407
509
0
1014
3154
4977
0
520
11418
104457
3074
8288
41838
187
203
9657
45752
331
65
68
100
4
60
0
2
32
770
9
41
0
37
77
28440
13772
1888
0
3072
0
17
20
122
29
31987
9431
612
398
244
33
38
338
210
25
15121
119
11909
133
1414729800
599:0
1
247:0
7
248
-194
-30
-20
6
17
-18
-9
21
-17
103
-110
4
3
-8
3197
-3187
-8
-1
65
-65
0
3
15
830
956
-1455
-335
0
-8
-3
39
-29
-10
-1
10
-11
13
345
-359
204
-198
-2
70
-26
152
-196
-1
237
-241
7
2:10
-3
-22
10
37
-14
542
-565
9
-19
0
6
-7
57
425
-480
5
-2
6
11
-14
-7
3
6
945
-951
70
-72
15
1567
-1570
6
-12
1
-5
12
25
-33
376
-288
219
-290
16
-9
-24
-4
29
167
-197
-2
40
23
246
-311
1
-1
5
-5
1
50
-20
-5
-25
17
15
-27
48
-52
0
-1
400
-401
0
31
-24
-7
1
124
-123
0
5
-3
44
-38
-9
455
-456
2
16
-15
7
29
9
-20
-18
2
-9
18
-21
49
-43
5
-7
6
1040
-1045
74
-58
-13
1
295
-297
15
734
-751
0
-5
371
-366
1
37
-39
-4
16
-13
420
-353
-60
25
-24
101
-102
-3
3
2
-2
-9
26
-21
-2
48
-17
-33
0
10
-11
26
922
-948
4
2
6
-12
49
46
-94
0
3
52
-57
20
-10
42
-47
78
-82
298
-232
-34
-8
69
-93
8
7
-8
149
7194
-7307
-36
0
60
-44
-17
9
143
-150
93537
-93527
3439
-3304
-148
6
48
-27
-28
223
-226
34
7
2660
-2487
-210
22
-23
-5
39
-34
7
29
-36
22
-22
-5
107
-96
586
-581
-7
51
289
-334
0
-15
37
-37
1
0
56
-53
22
36
2
-49
126
128
-255
-2
19
271
-226
-72
4
-8
8719
-7734
-919
-59
-5
-2
0
8
46
-51
-1
65
-34
-33
1
15
-3
7
92
-111
0
4
22
-1
1517
-1522
-21
241
-202
53
21011
-21086
-14
44
268
-314
23
-17
-1
16
86
-101
659
-660
13
-18
37
24
-50
485
-487
3607
-3579
-23
-14
61
275
-92
-197
9713
-9656
-101
2429
-2426
16
212
-87
774
-540
-373
175
-181
-2
3
1
-1
31
-34
7
14
-15
0
21
-26
14
-13
1796
-1792
871
2264
-3068
43
-115
0
119
-120
68
1
-67
768
-758
151
1
-160
-4
106
1710
-1787
1237
-1260
0
10
-11
17
94
-112
-5
4
1236
-684
-548
788
-787
21
417
342
-762
-26
-1
7
0
71
-76
769
-761
-10
695
-694
6
70
-66
1
-8
24531
-24494
-40
4
-4
42
1279
-1318
-3
65
-63
-2
72
-64
64
-46
-25
6
-8
110
-109
17851
-17846
1
26
-14
-18
78
6
108
-190
11
415
-428
5
47
5643
-5689
4
-4
2
108
-102
1125
-1138
-1
6
-1
-6
1
114
-84
1387
689
-2103
-4
11
-8
86
-64
209
-197
8
-44
450
-443
69
-70
261
3163
-3430
4
-3
0
-2
83
-46
5024
-5057
4
8
4
-18
16
-17
3
-2
1
-1
0
3
47
29
-40
252
-273
11
3
-24
-9
1421
-1398
-19
-3
10
16
134
0
36
-187
-9
24
-25
8
225
6904
-6630
-490
532
371
-898
-21
613
-600
0
-8
523
-271
-242
307
-171
1295
-1389
-51
607
1175
-1727
737
-698
36
-5
-91
17
-50
49
-52
3
14
10
647
-674
-4
4
7
5
-1
42
728
-786
48
49
-100
0
-1
0
2
1
-3
2:0
2
-1
1
-2
2
-1
2:0
1
0
-1
0
1
2:0
2:-1
3
-1
0
-1
2:0
-1
2
-1
1
-2
2:1
0
1
-2
0
1
-1
0
1
0
1
-2
1
2:-1
0
1
-1
2:0
3
-1
0
-2
2
0
-1
2:1
-3
1
-1
2
-1
0
2:1
-3
0
1
2:0
1
-2
3
0
-2
0
1
-2
3:0
1
-1
2
1
-2
0
1
-1
2:0
2
-2
3:0
1
0
-1
1
2:-1
2
-2
0
1
2
-1
1
-1
1
0
-2
0
2
-2
-1
1
3:0
-1
3
0
2:-1
2
-2
1
-1
0
1
-1
0
1
-1
0
1
0
-1
2
0
-2
-1
1
2:0
1
2:0
-1
1
0
-1
1
-1
0
1
0
-2
6:0
3
3:-1
0
3
-2
1
0
1
2:-1
3:0
-1
3:0
2
1
-3
0
2
-2
1
0
-1
0
2
0
-1
1
-2
3
-1
1
-3
2:0
2
0
-1
2
-3
2
0
-2
2:1
-2
0
1
2:0
2:1
-2
-1
2
-1
0
-1
0
3
2:-1
2:0
1
-2
2
3
-2
1
-1
2:0
1
-1
2
2:-1
14
-14
1
-1
0
84
-82
-2
0
2
-2
0
1
0
8
9
-15
2
0
-4
-1
2
-2
1
-1
18
-18
0
1
0
2
-1
-2
6
-3
1
-4
4:0
3
-2
0
2:1
2
-5
3:1
-3
0
1
-1
4
-4
3:0
1
2
-2
-1
0
2:1
-1
2:0
3
16
-19
1
-2
0
2
-2
8
-7
0
9
-7
1
-1
1
-3
0
-1
2
0
-2
2:0
1
-1
2:0
1
-1
1
8
2:-4
-1
3:0
8
-8
5:0
2
-2
2:0
7
-7
0
1
-1
2
-2
5:0
1
0
4
-5
4:0
1
-1
5
-5
5:0
3
2
-5
4
5
-9
1
30
-31
2:0
12
-11
0
5
-6
3:0
3
-3
4
32
-35
-1
3
-2
-1
2
-2
1
0
1
-2
16
-15
-1
0
1
0
7
-8
2:0
2
-1
0
3
2
-3
0
3:-1
2:1
5
-7
23
-23
26
-21
-3
2
-1
-3
2
-1
0
13
-12
2
-2
-1
2:2
-3
0
40
-37
1362
-1366
74
-62
-12
3
0
1
-4
2
-3
4
0
3
-7
2
0
1
-2
-1
0
2
7
-9
6
-5
-1
23
-21
109
-111
4
2
4
-1
0
-9
1
-1
2:0
15
-15
2
-2
14
-12
2
5
-5
-1
-2
3
10
-14
2
-1
255
-219
-32
-4
0
-1
3:0
1
-1
4
3
-7
1
-1
3
-1
3
-5
1
-1
4
-3
56
-52
-5
25
-19
-1
222
-222
-5
1
32
-33
3
-3
0
1
11
-12
45
-44
0
-1
13
-7
-6
9
-8
102
-99
-2
-1
0
15
-12
6
375
-366
-17
106
-108
2
8
-7
78
-53
-25
6
-9
4:0
3
-3
5
-5
2
0
5
-5
-2
3
147
-149
-1
115
-102
2:-4
0
-4
-1
3
-3
2
64
-65
37
0
-38
2
17
125
-134
0
-10
0
3
-2
2
8
-2
-9
0
158
-151
-5
4
-5
-1
56
-32
-20
-4
0
2
0
6
-8
40
-40
0
21
-20
-1
0
1
-1
0
135
-135
3
-1
-2
14
157
-171
1
5
-6
2
0
-2
2:2
-4
0
1
4
-5
145
-145
0
3
2
-5
7
6
5
-17
2:0
-1
0
9
767
-776
0
5
0
1
-3
23
-26
1
-1
3:0
5
-2
7
72
-80
-2
2:0
9
-9
0
9
0
-9
9
-6
-1
3
-1
126
-126
0
-4
2:0
38
-33
157
-158
0
2
-2
-4
1
5
-4
-2
1
0
1
-1
1
2
6
-5
-4
3
6
-8
-2
12
-11
-1
1
-1
0
5
0
-2
-3
0
6
-6
0
5
215
-201
-15
31
176
-207
-4
44
-44
2:0
15
-11
-4
0
6
119
-116
-2
34
-8
-24
111
-118
31
-25
-4
0
-3
-1
0
6
-3
3
30
-36
0
2:1
0
1
-3
15
-15
8
4
-12
3:0
1
-1
9:0
1
0
-1
5:0
1
-1
4:0
1
-1
2:0
1
-1
12:0
1
-1
17:0
1
-1
2:0
1
-1
15:0
1
-1
17:0
1
3:0
-1
5:0
1
-1
7:0
1
-1
4:0
1
0
-1
30:0
1
-1
0
1
-1
26:0
1
0
-1
0
1
-1
15:0
1
-1
12:0
2
-2
3:0
1
-1
10:0
1
end
