v1
1082
759
467
3
239
496
119
552
57
56
7
15
28
1437
732
525
483
111
629
103
37
126
201
297
394
61
126
30
641
170
277
82
175
44
218
194
63
165
203
287
673
275
259
38
134
113
381
212
230
208
131
36
47
43
376
497
42
194
162
200
244
219
160
148
644
7
271
123
275
109
16
440
201
405
279
2
136
224
45
6
32
25
10
8
2:19
6
25
46
19
134
103
15
82
74
65
58
31
34
95
262
85
362
173
120
639
110
218
96
33
1
5
116
146
138
175
141
227
259
418
15
129
275
37
224
75
10
23
13
2
382
41
508
20
983
301
71
389
56
479
75
1011
31
246
345
128
57
69
7
155
40
283
110
609
38
65
82
102
360
92
175
70
129
123
6
328
38
154
47
61
89
58
88
115
97
5
23
104
89
5
12
107
32
300
477
26
92
31401
5
31
334
173
76
8
58
54
36
8
22
986
166
68
111
237
15
3360
2211
328
1553
5140
8678
2138
12405
793
9128
928
869
1267
1385
2
4
8078
14
16
4645
1533
933
5162
5
1
2
108254
13098
3544
1
7716
25
32
41
9417
32421
22
26
363
5
55378
159
38
119
36
18
39
71
109
2
35
13
2
11
2
755
21130
13301
10223
1062
1431
204
56
58
91
31
40
1
90
8
2
30302
10004
64
176
826
596
24
17
236
9
75
41
103
405
331
52
42
19
26794
2:1
109
34
20
72
-488363
0
215
93
132
154
73
13
489
49
139
104
74
107
64
0
277
163
0
62
126
230
7
77
58
61
18
227
333
50
83
76
14
599
145
176
116
94
39
15
245
66
32
130
50
22
0
260
15
47
133
255
50
67
76
61
91
96
10
501
162
141
270
70
25
140
159
241
70
166
17
6
156
31
184
7
415
0
66
79
184
12
30
9
2
369
77
9
110
31
44
103
157
144
72
39
160
13
42
55
0
83
4
0
289
72
12
0
447
82
45
5
13
544
30
130
25
180
3
190
89
10
45
178
36
280
80
54
147
36
231
10
12
72
0
282
85
339
637
53
0
24
1024
157
55
285
76
217
0
71
44
127
182
75
55
66
142
7
181
27
13
28
58
51
2
20
8
20
16
13
43
3
20
71
40
16
104
56
32
4
0
17
50
52
5
2:73
38
16
55
91
7
0
29
88
233
178
1
44
99
51
43
23
117
206
160
35
31
110
218
65
3
284
191
116
118
282
65
101
100
31
0
39
127
149
5
50
217
143
28
24
230
17
0
328
31
68
0
87
244
161
174
114
93
19
168
9
0
41
258
47
652
185
10
115
137
60
105
117
181
93
5
97
117
165
163
633
48
8
16
238
30
8
60
128
6
0
32
6
189
96
13
164
432
332
276
81
118
84
10
322
77
1
4
0
3
0
71
158
225
49
43
17
108
2:73
22
65
102
104
28
22
6
8
29
26
66
261
84
178
21
11
24
86
38
48
52
119
23
113
57
1
38
76
18
26
0
37
21
17
108
9
131
0
26
31397
52
39
7
66
44
5
33
53
7
4
2
1
31
29
124
223
1100
265
95
43
141
41
6
9
272
9846
348
4194
2108
18989
1620
2092
0
2782
4349
3540
8076
1
2826
882
943
7624
1
7
1
8
3
1432
17
3506
531
127135
50
27765
14078
60
37
130
4
113
20
53
19
36073
18596
703
160
0
20
173
15
72
15
55
25
65
5
9
30
12
1
3
5
2
16
0
16
856
9
69
7827
7863
9515
3879
8402
4726
3
813
1345
85
539
334
0
88
518
248
436
532
3
2
1
3
2
8
35
3
45
42
59
41
11
14
53
22
29
40652
325
275
22
103
83
5
167
125
7
498
211
104
28
179
13
2:151
206
40
28
110
14927
1977
0
9842
25
45
103
-488414
242
20
65
157
45
457
364
0
89
536
141
58
2
604
81
723
308
30
224
191
217
37
26
56
89
218
431
45
80
368
0
111
207
279
181
43
455
41
252
23
138
28
418
329
711
112
0
168
616
19
128
1151
171
0
339
33
38
256
205
0
260
244
68
104
314
233
159
639
98
13
903
21
43
73
316
108
393
217
393
603
264
0
349
666
9
15
114
140
160
28
167
64
15
53
88
59
0
130
258
158
0
158
302
412
1111
0
67
28
12
99
420
280
346
89
184
35
21
153
486
582
2:3
138
0
45
0
89
73
0
383
585
64
423
0
156
236
7
53
29
0
403
96
125
27
84
171
66
46
463
140
10
38
35
11
311
106
0
185
173
69
845
327
639
44
467
801
0
323
215
92
2
54
20
233
15
140
13
31414
176
13
95
86
64
27
189
0
169
0
4
0
3
1024
6113
15709
2111
9127
1710
1200
3680
5805
2614
10745
3
2810
1862
3442
0
2
0
1012
2:0
3153
5497
19731
96145
49547
2624
1045
23
0
90
21
0
21
19
120
55489
76
330
111
47
20
0
39
8
740
36
7
46
3
3578
39345
1310
1185
45
1859
64
1
4
10
37
47
0
21
0
55
15
31904
8564
178
0
108
119
55
607
116
96
26
744
69
0
501
15
106
15063
202
11883
77
0
39
1414263000
299:0
1
499:0
1
281:0
3601
-3397
-95
-25
51
4938
-5058
178
13465
-13635
52
-4
158
-76
676
-729
212
-230
41
-106
2:1
58
1311
-1199
-100
214
-278
748
-479
-280
89
-39
205
-246
262
-272
7
2:0
569
-468
159
-110
-147
348
-347
1483
-1492
484
-425
-55
162
-162
-4
-1
2:0
8
39
-44
565
-515
1
1486
-1536
687
-482
-204
-4
-1
53
137
-184
48
-49
-1
6
-6
439
-435
43
9
-60
52
217
1007
-1223
-45
77
-86
70
2926
-2822
-173
135
-6
504
-626
239
-239
106
104
244
-456
609
-195
143371
-143786
1758
8316
-9668
-355
11
106
-89
1060
1109
-2251
55
21213
-20057
-1207
6
253
-261
-3
46
2380
-2246
1569
-1744
139
212
-232
-47
120
-196
15729
-9737
-5994
6
92
-90
1662
-1661
620
-623
56963
-56962
-3
677
-674
128
-134
6
1437
-1234
-101
380
-428
6578
-6631
2
844
-621
23489
-23665
6041
-6005
-27
38
-96
264
1585
-716
-1131
-6
54
-55
-2
2:0
7
3788
-3793
1236
1039
-2015
1050
-1105
-203
-2
291
-176
1398
-1278
3034
-3266
390
-385
193
1499
5984
-7457
-31
1078
-883
-346
-40
1609
-350
-1040
403
-627
1
53
61
996
-1104
-2
400
-402
58
-57
60
32172
-32147
-85
1
60
-67
85
-22
-63
339
-338
63
4975
-4966
1936
-2008
95
3065
-3151
81
-81
181
-42
-149
122
-119
93
802
-820
-67
120
-68
332
14261
-14648
124
-84
-39
910
-769
3106
-2884
-370
59
8970
-7742
-982
1242
-888
-653
61
466
-377
444
181
271
-974
138
74
7496
-7737
1402
-1450
0
-3
6
117
-35
94
-100
19780
-19861
1229
61305
-62541
0
-4
0
-1
1
0
31
-29
38
-1
-38
54
-52
4:-1
1
0
22
-20
38
-16
-24
-1
0
33
-27
17
-22
2
-2
0
22
-23
3
1
-5
3
24
-24
3
-1
-2
3
0
-5
2
7
-2
-7
0
27
-26
-1
3
7
14
20
-43
43
-35
-9
1
-1
7
-2
-3
-1
3
-2
5
19
-26
6
-5
-1
6
-1
2
2:-4
8
2
-5
0
6
-1
-5
-2
-1
2
3
-4
6
-1
1
-7
4
0
-5
2
1
-3
3
2
0
-5
32
-28
-4
24
10
-28
-6
1
6
-7
0
24
-24
2
0
-2
4
-4
1
-2
6
-5
1
-2
2:1
48
-5
-17
-18
-9
1
8
-4
-6
31
-30
3
-1
0
50
-19
-30
0
-4
4
-2
2
-4
6
4
-9
0
3
-3
10
-9
-1
1
5
-6
5
49
-53
-1
0
2
8
-11
7
-6
0
2
5
-5
44
-38
-6
37
-31
49
-53
1
0
45
-49
-1
6
-3
2:3
-10
3
28
-23
17
-24
6
1
-7
0
3
-2
2
5
-8
50
-44
43
-8
-40
-1
0
1
4
-1
21
-22
7
-10
1
-2
6
-3
0
32
23
-52
0
19
-24
6
19
-16
-9
41
-35
-5
-1
7
-4
-2
-1
8
22
-31
3
-1
1
45
-44
-3
1
3
54
-51
-6
9
-11
8
0
34
-15
-26
6
2
-4
2
-6
0
41
-40
22
-22
2
-3
32
-31
7
31
-32
-4
-2
-1
2
1
2
0
-5
48
-20
-26
2
3
-7
0
6
2:0
34
-40
0
9
29
-37
-1
3
0
33
-28
-7
0
2
-2
8
-9
47
-47
3
-4
2
5
-5
3
-4
24
-24
0
7
-8
3
-3
32
-26
0
-5
55
-54
36
-34
4
-6
-1
1
48
-49
23
-17
-1
-2
4
0
-1
-5
3
1
45
-13
-38
0
2:1
29
-29
2
-1
1
4
-2
2:-1
2
4
36
-37
19
21
-47
0
6
18
-22
23
-22
45
-45
4
18
-25
-1
2
6
1
-6
2:0
49
-17
-32
-3
1
7
46
-49
0
4
-5
-1
-2
31
-3
-21
-5
-4
5
28
15
-10
-36
4
21
-25
3
0
-4
2
2:0
28
-27
2
21
-26
54
-53
-2
60
-34
-20
2
-8
7
26
-32
57
-58
5
-3
-2
8
-7
6
31
-37
39
-37
3
-2
1
0
4
43
-14
-31
-3
1
2
43
-40
-3
19
-25
24
-25
3
1
32
13
-45
-4
3
24
-26
4
1
-4
-1
0
7
-4
32
-38
2
-1
2:0
1
-2
1
2:0
-1
2:1
-1
1
0
-2
2:0
2
-1
0
-1
0
2
-2
2:1
-2
0
1
2:0
1
0
-1
1
6:0
2:-1
0
1
0
1
0
2:-1
2
-1
0
1
-1
0
1
-1
0
-1
4:0
1
-1
2
-2
2
0
-2
2
-2
1
0
1
-2
1
-1
2:0
2
0
-1
1
0
-1
0
-1
2:1
-1
0
1
-1
0
-1
0
1
0
-1
1
-1
1
0
1
-2
1
-1
1
0
1
2:0
-2
2
-2
2:1
2:0
-1
0
-1
4:0
2
-1
0
-1
2:0
1
0
-1
3:0
2:1
-1
0
1
-2
0
1
0
1
2:-1
2
0
-1
0
-1
2
-2
2
0
-1
1
-1
4:0
1
3:0
-2
2:1
-2
0
2
-2
3:0
1
-1
6:0
2
-1
1
0
-1
0
-1
1
0
-1
2:1
-2
1
-1
3:0
1
0
-1
2
-1
1
0
-1
2:0
-1
1
-1
2
-1
0
-1
2:1
2:-1
2:1
-2
2:1
0
-2
2:0
1
-1
0
2
0
-1
1
-2
2
0
2:-1
1
-1
2
-1
0
-1
0
1
-1
1
0
1
-1
1
0
-1
1
2:-1
2:0
2
-1
1
0
-1
0
-1
0
1
1
0
9
-2
-4
108
-109
14
3
-14
15
-17
15
-7
-9
-2
15
-15
0
2:4
-7
-1
6
-4
-2
3
-3
19
-6
-13
7
-5
8
-9
10
-11
4
-2
4
13
-19
4
2
-6
12
-11
10
-11
14
-14
0
3
-1
0
-1
2:0
7
-8
2:0
3
17
-5
-15
66
-50
-14
2:-1
0
84
-82
-2
0
6
-6
5
35
-37
-3
13
-10
4
2
10
5
-22
14
-13
21
23
-36
-6
-1
-4
21
-19
11
-13
14
-2
-4
-6
67
-69
2194
-2192
3
120
-83
-40
23
-15
1
-8
27
-28
13
-2
-13
3
-1
33
-29
-6
2
52
-37
7
-21
1
15
8
-26
3
-2
683
-534
-147
-4
12
-5
74
-79
34
-30
407
-409
-1
31
-28
-5
5
-6
139
-139
28
0
-17
155
-162
-1
17
-15
727
-718
105
-119
4
14
-18
145
4
-91
-48
-6
7
-11
0
5
-4
-1
340
-338
0
160
-144
78
-26
-67
9
5
21
247
-269
14
-17
-7
1
17
259
-244
-35
33
-7
10
-31
-9
59
2:-29
9
-10
1
2
29
207
-233
-3
4
-5
3
-4
2
226
-226
3
-6
7
-3
14
0
-17
2:0
10
1193
-1202
13
-15
5
180
-180
38
-43
26
-22
4
9
-13
52
-56
4
1
8
4
-11
-1
4
-8
13
-11
-2
6
-2
-5
2
14
328
-338
12
22
138
-172
-2
81
-36
102
-65
22
-108
12
-12
486
-485
79
-80
4
-4
14
-5
-3
3
1
-9
-1
13
1665
-1678
5:0
1
0
-1
5
-1
-4
2:0
1
2:0
-1
2:0
4
-4
2:1
-2
2:0
1
-1
54
-54
3:0
2
-2
3:0
2
-2
0
1
0
-1
4:0
2
1
-3
0
3
0
-3
1
0
2
5
-8
6
-1
-4
-1
0
1
-1
0
1
-1
2
-2
3
-3
5:0
1
-1
3:0
2
-2
0
3
-3
0
6
-6
2:0
4
-3
0
-1
6:0
1
-1
2:0
3
-3
0
1
-1
2:0
1
0
-1
0
5
-5
10:0
1
-1
0
3
-1
3
0
-5
0
1
0
-1
2
-2
3:0
4
-3
-1
1
0
-1
2:0
1
2
1
-3
1
0
-2
1
-1
0
1
-1
0
2
7
-9
0
2
-2
3
-3
4
-4
3:0
1
5
-5
2
-3
3
10
-13
2:0
5
-5
0
1
-1
1
3
-4
1
-1
0
3
-2
2
-3
7:0
6
-6
14
-4
-10
2
0
-2
1
3
0
-4
2
-2
1
-1
2
-1
0
2
-1
-2
0
16
-16
1
30
-29
2:0
-2
2:0
2
-2
2:0
1
3
-4
0
2:1
16
-18
0
3
-1
6
-8
1
3
-4
2:0
3
-1
-2
0
4
2:0
-4
0
5
-5
1
-1
1
-1
3
-2
2
-2
1
-2
4:0
1
2:0
-1
3
-1
1
-3
2:0
3
2
-4
20
-20
-1
1
2
-3
2:0
2
7
-8
0
-1
1
0
-1
2:0
2
2:-1
1
0
1
2:-1
7
-6
0
2
-3
0
1
6
-7
2:0
6
-5
-1
1
0
-1
2
-1
3
-4
2:0
5
-5
0
1
-1
1
0
4
-4
5
-6
2:0
1
-1
1
-1
1
4
-4
-1
0
3
1
-1
-2
17
-13
0
-4
2
-1
2
-3
2
-1
7
-9
0
4
-4
2:0
3:1
-2
0
5
-3
0
-2
5:0
-1
9
-8
2
17
-20
1
0
1
-2
6
-1
10
-14
3
1
-2
0
-2
-1
1
2
-1
-2
2
-2
1
-1
22
-21
-1
14
-8
-4
0
2:-1
7
-7
9
-9
3
-3
0
1
0
-1
0
1
-1
1
0
1
-2
1
0
9
2:-5
1
-1
2:0
6
-6
4
-4
7
-7
1
-1
20
-19
-1
1
-1
11
-9
-2
2
3
-1
-4
0
1
5
-6
11:0
1
-1
13:0
1
-1
17:0
2
0
-2
24:0
1
-1
2:0
1
-1
5:0
1
-1
1
-1
1
-1
2:0
1
-1
1
-1
7:0
2
-2
1
0
-1
29:0
1
-1
4:0
1
-1
5:0
2
-2
1
-1
17:0
1
-1
0
1
2:0
-1
16:0
1
-1
0
1
-1
3:0
1
-1
9:0
1
-1
1
0
-1
9:0
1
-1
1
-1
4:0
1
-1
1
-1
3:0
1
-1
3:0
2
-2
5:0
1
-1
8:0
2
-2
10:0
2
-2
4:0
end
