v1
786
130
47
30
2:45
287
159
222
89
134
41
52
139
14
25
9
8
234
228
26
119
88
22
36
168
81
32
97
27
1
57
19
37
7
15
146
542
77
0
88
59
451
29
73
0
32
108
17
369
206
93
66
32
202
132
47
25
32
193
15
11
271
34
143
152
96
10
73
10
133
118
167
160
228
0
137
6
42
78
328
25
64
374
19
6
156
31
225
277
14
243
7
80
9
166
257
127
148
5
88
85
0
8
90
59
45
370
193
117
0
80
180
8
297
25
109
436
58
212
230
59
67
156
4
0
20
33
36
33
10
47
31
186
159
131
48
318
42
29
106
12
92
89
134
338
29
96
254
27
21
7
143
144
41
53
163
12
81
100
7
84
187
123
106
169
0
16
157
55
245
17
75
100
81
131
100
114
80
59
50
170
125
60
121
27
29
12
33
6
32
23
15
2
2:3
16
8
11
23
8
46
5
14
6
1
70
53
4
118
73
9
16
58
9
31
5
2:14
31
19
8
57
38
19
44
11
14
59
54
118
74
373
78
95
120
94
131
195
329
45
53
216
33
1
5
220
81
29
70
54
121
91
50
85
101
41
198
61
16
283
119
15
129
27
285
85
206
8
10
23
13
2
153
229
41
309
114
93
0
12
125
100
758
185
14
102
71
5
17
367
50
6
111
24
42
40
75
56
109
22
75
50
6
505
189
32
229
19
0
11
247
33
55
37
27
57
10
46
44
2
34
82
8
38
19
3
16
88
2
5
8
147
40
221
62
110
339
108
162
0
2
36
45
20
184
8
122
285
0
37
175
2:70
51
8
42
1
43
25
3:6
62
69
73
0
73
23
28
36
2
100
54
47
59
2
55
92
88
153
59
5
20
3
93
11
21
68
5
33
118
85
21
119
0
75
105
99
47
63
21
134
34
91
31407
22
9
12
31
165
93
33
85
40
48
142
54
36
8
22
986
94
28
44
65
3
111
71
104
62
15
3
41
6
9
272
3029
2211
328
1553
5136
4
6258
1322
0
3236
9942
1315
1148
3
3294
6624
925
3
867
2
1267
1387
8082
8
1
5
3703
943
15
1533
1916
4161
16
2
5
1428
1042
2481
103083
223
16642
1
7741
73
9417
32379
39
3
18
4
111
96
61
12
20
89
2:5
6677
0
47965
723
167
38
119
7
2
15
12
18
57
80
0
64
18
27
10
2
1
12
11
2
1
0
754
127
18709
2294
13301
0
7980
575
238
203
870
275
82
206
333
336
131
56
665
968
2
1
2
2:6
37
4
86
34
21
3
36
1
33
6
44
47
4
6
30302
1513
8191
364
176
69
31
193
407
126
46
41
199
93
217
135
142
9
75
41
103
47
51
207
149
125
92
65
94
36
15065
0
1977
0
9735
2:1
109
54
72
43
-487806
67
456
0
46
288
652
466
117
4
0
1181
155
393
75
0
795
153
376
138
0
15
834
292
0
209
153
345
116
16
505
158
96
486
61
351
22
1105
29
354
108
136
121
375
38
128
32
605
891
187
639
0
91
282
55
0
1681
0
313
587
431
242
32
358
15
67
12
535
7
16
128
85
54
73
161
277
39
90
968
70
254
414
350
29
17
235
28
392
0
351
7
90
313
0
12
270
13
332
1498
0
43
168
155
7
263
32
185
262
199
623
303
567
384
68
446
11
371
1065
713
741
122
65
1251
40
118
0
78
0
80
159
31493
341
92
293
1498
9895
8026
7060
0
9322
8080
7879
10
8077
2826
9456
25228
96145
0
11311
41918
39
0
231
0
72
19
38
10999
44413
0
319
2:111
796
36
182
7825
35450
825
2639
423
27
171
18
20
133
40061
746
440
612
43
1151
41
27130
192
1414038000
599:0
1
185:0
6
-1
75
-75
2:-1
29
-22
-6
-1
82
-68
6
-18
0
31
2
94
-127
-3
4439
-4438
2
-2
261
-180
-73
-7
9
1076
-222
-864
2105
-2105
63
1728
-1788
-2
0
34
-36
17
8
-23
1
2
31
-16
0
100
-110
0
-5
1
23
-24
-4
18
-8
-7
17
28
14
-62
0
1399
-1384
-11
31
-30
5
-7
59
-62
1
43
-42
103
-105
2
7
16
-15
73
-81
30
49
-19
1168
-1228
14
-15
7
-8
24
-4
-15
13
-18
3
-2
0
-1
15
11
-13
52
-66
7
-1
40
-39
289
-291
12
34
-31
712
-729
111
-96
-10
-2
2:0
-1
36
-23
12
980
-1001
20
-29
184
-173
16
-16
14
34
-18
-40
0
76
-7
-64
-6
26
140
-154
26
811
-842
58
-61
-3
3
-2
36
9
239
-276
-5
332
-330
128
-2
-98
9
-39
0
-5
3
-3
2
39
-36
-4
46
-44
6
-7
14
-16
8
23
-26
84
-69
-11
16
440
-463
0
18
-16
0
-4
17
-9
70
-67
41
32
-81
-1
6
-3
22
109
-126
244
-247
12
-19
8
113
-114
8
37
-17
455
-420
-70
7
-6
12
-9
2
-1
107
-112
15
-7
113
-1
-111
21
-10
217
-229
-6
85240
-84308
-855
5909
-5983
-5
0
57
-23
-21
-5
248
-200
265
-110
-129
-56
-26
9
3
243
-186
-58
2
-12
3
33
-22
441
-456
342
-326
101
33
-131
-16
3
0
-5
2
0
95
-73
-25
93
-79
-13
23
126
-143
39
19
226
-284
-5
8
-9
6
4474
-3542
-894
-28
-14
87
-89
16
-15
0
15
10
-13
-9
-4
2:0
1
2
-3
2
52
-46
-9
2239
-2229
-9
0
2288
-2286
8
38
9179
-9213
-3
-5
186
-152
-33
-6
-1
19
138
585
-534
858
-1061
-5
5
0
26
47
35
-114
57
2971
-3027
33
-30
4
437
-435
10
-19
1
2:0
-1
5
176
-181
60
26
15888
-15869
-106
3974
-3950
32
194
-232
267
202
-192
8884
-9035
-132
-11
3
120
-123
17
-18
62
-60
0
-1
0
1
38
-36
-3
2
15844
-15847
3966
-3915
22
-69
44
-35
206
819
-968
-54
125
-100
22
871
3051
-3736
-211
-35
-2
34
-21
-12
87
-60
-26
2666
-2057
-603
2:-1
1
-8
46
1822
-753
-1093
6
15
-36
-5
0
449
-451
2
823
-820
-4
33
-22
-12
4
-1
241
522
-736
-23
-7
386
-374
-5
71
-76
9
39
-47
20920
-20892
34
-55
10
-18
125
3688
-3544
116
-346
5901
-5941
52
-41
-11
4879
-4872
-7
2
2:17
273
935
-1239
-4
2:2
-2
2
-4
150
-88
-58
19
-8
-16
9
-8
0
22
90
-68
691
-720
-1
31
70
-90
-14
1
-12
4
2
28
-22
0
-13
0
5
301
-302
22
0
-26
122
-122
0
13
-2
173
-161
-15
3
-3
-8
6
13
234
-242
-11
13
4
2915
-2928
7321
-7114
-110
-76
907
-922
15
-26
491
-367
-121
26
-2
-27
1569
-1566
4
-7
5
1116
-1118
245
34
3358
-3578
36
-21
-74
646
1359
-2008
0
22
10
-17
-9
3:0
61
11
-29
8258
-6397
-1211
-622
-79
0
1
5:0
1
-1
0
-1
1
-1
1
7:0
1
-1
0
-1
1
0
-1
1
0
-1
2:0
2
2:-1
2:0
2
-2
2:1
-2
0
1
-1
2:1
-2
1
2:0
-1
1
4:0
1
-1
3:0
1
0
-2
1
2:0
-1
0
1
-1
2
-2
0
2
-2
1
-1
2:1
0
-2
1
-1
1
0
-1
1
3:0
-1
2
-2
0
1
0
-1
2:1
2:-1
2
-1
3:0
-1
0
1
-1
2:1
-1
5:0
-1
1
4:0
-1
2
-2
0
1
-1
2:0
2
-1
2:0
-1
2:1
2:0
2:-1
1
2:0
-1
1
3:0
-1
1
-1
1
2:0
-1
2:0
2
0
-1
1
-2
2:0
1
-1
0
2
-1
0
-1
2:1
-1
0
1
-2
1
0
1
2:0
1
-1
0
1
-1
2:0
2
1
-3
2:0
5
-4
-1
2:0
86
-86
0
1
0
-1
3:0
2
13
-15
18
-18
9
-7
13
-15
0
3
-3
2:0
2
0
-2
1
-1
1
6
-7
1
0
-1
1
-1
4:0
1
2
-3
1
-1
7
-4
-3
2:1
0
2:-1
4:0
4
-3
-1
0
2
2:-1
0
1
5
-3
21
-23
2
-3
1
-1
3
-1
-2
2
-2
1
3
0
-4
1
0
2
-3
5:0
8
-7
-1
9
-9
6
-5
4
-4
1
-2
3:0
5
-3
2
-2
2:-1
0
1
-1
2:0
2
-1
1
-1
0
-1
4
-4
0
3
0
3:-1
2:0
2
-2
3:0
6
4
-9
0
17
-18
15
0
-13
2:-1
2:0
2
-2
1
0
-1
0
38
-37
0
-1
3
-3
2
0
1
-3
5
-4
9
-10
2:0
8
-8
1
-1
2
-1
17
-12
2
2:-4
1
0
-1
10
5
-13
21
-23
1
-1
2:0
2
2:-1
6
-6
7
-7
1
-1
4
-3
-1
1
4
-5
2
-1
2:2
-3
0
-1
47
-48
0
1362
-1361
3
76
-79
-1
0
14
-12
0
-1
3
7
-8
-2
1
3
-5
0
2
5
2
-9
4
-4
1
12
-9
-3
-1
78
-68
-3
6
-5
-7
-1
0
3
-3
2
13
-14
-1
20
-16
-4
3
2
-3
2
8
-5
-7
0
1
-1
0
245
-212
-29
-4
3:0
1
2:0
-1
4
1
-5
2:0
1
-1
2
-2
0
2
-2
0
52
-47
-5
0
20
-20
2
0
218
-216
-4
3
30
-29
-3
1
0
-1
0
2
5
58
-65
-1
2
0
4
2
0
-8
4
89
-93
4
2:-2
0
4
0
-4
3:0
1
-1
25
-25
4
13
310
-298
-29
85
-85
5
9
-10
102
-41
-64
23
-23
2
-3
2
7
-8
1
-2
5
-4
0
-1
0
1
6
-7
0
3
130
-133
124
-116
1
-9
3
-2
-1
74
-73
-1
28
-24
11
97
-93
-13
5
-11
1
6
-7
1
17
-14
-4
294
-293
1
-2
0
1
-1
1
27
-10
-13
-5
3
-2
-1
0
34
-34
0
22
-20
-2
2:2
-4
0
1
0
121
-121
2:0
16
-16
0
2
-3
1
-1
1
148
-148
7
-8
2
-2
10
9
2
-21
7
715
-722
3
-3
0
13
-13
1
-1
6
-4
7
80
-88
2:0
-1
0
8
-8
10
-8
1
-3
2
4
-2
-4
0
4
16
-15
-4
1
3
-2
6
-8
2:0
2
-1
0
8
-9
0
2
-3
1
-1
2:0
6
-6
6
-6
0
3
0
5
-6
-2
1
-1
0
1
0
1
-1
2:0
6
-7
1
253
-253
9
-2
208
-213
-1
-2
69
-40
-29
2
1
-2
160
-161
2
-2
3
94
-95
9
-9
109
-109
38
-39
0
38
-38
-1
2:0
2:2
-3
0
-1
0
4
3
-4
-3
14
-4
-6
-4
53:0
1
0
-1
24:0
2
-2
4:0
1
0
-1
5:0
1
-1
6:0
2
-2
11:0
1
-1
17:0
1
-1
5:0
1
2:0
-1
0
1
2:0
-1
2:0
1
0
-1
1
-1
14:0
2
-2
5:0
1
-1
5:0
end
