v1
816
535
224
391
79
52
187
26
104
159
207
119
79
109
3
0
123
2
65
228
19
37
22
28
656
4
165
340
14
156
102
147
285
148
152
159
136
230
41
102
47
107
297
101
78
150
106
0
334
0
126
41
130
443
278
61
55
95
6
333
66
21
33
102
31
58
167
277
72
37
148
188
74
336
196
93
242
0
45
210
249
104
110
104
151
20
148
149
134
494
212
21
209
339
64
5
57
31
0
373
511
135
193
173
55
244
125
402
644
7
300
25
69
211
64
16
93
64
55
2:82
127
358
44
242
67
19
74
127
2
90
26
7
181
27
13
16
12
16
17
6
19
13
43
3
35
6
25
46
5
131
17
13
88
17
9
64
9
74
45
20
58
65
3
35
3
54
17
14
59
5
49
118
8
77
362
78
95
120
225
195
86
133
110
98
206
10
33
6
116
146
68
70
54
121
141
85
101
100
197
3
146
5
267
15
129
275
336
10
36
2
153
8
209
12
13
28
309
114
44
41
27
168
808
15
286
71
22
280
87
56
105
4
2
24
42
171
131
63
10
2
50
325
636
277
12
21
38
148
29
17
80
128
19
38
69
7
8
106
41
40
283
96
14
712
184
360
52
40
175
17
53
63
58
8
43
80
6
328
38
100
54
47
59
2
101
46
88
115
0
38
39
20
5
20
3
104
89
0
5
9
142
106
0
194
204
47
46
17
21
168
31493
5
22
9
208
29
53
2
42
173
76
66
54
36
8
22
932
54
81
85
68
111
71
43
18
47
58
15
3
41
6
279
5242
316
12
1553
2387
338
1039
1376
8678
12
0
2126
2661
1542
8202
3
790
6140
3913
3524
2
14
8068
9
5
4646
15
19
1514
933
474
1523
3146
1
7
11
5
1445
3506
103306
16643
1735
5981
25
32
41
9417
32305
82
34
18
4
33
59
71
85
20
32
89
5
55378
80
5
67
7
0
157
7
2
27
57
2:3
12
144
2:1
16
2
25
12
1
8
2
0
2
11
2
755
185
11
12800
8134
3093
13459
4729
2243
1062
665
436
532
3:1
2
1
5
16
27
4
86
94
40
1
90
2:4
2
40306
64
176
69
31
98
40
484
104
87
299
210
24
95
20
138
9
2
73
41
103
305
298
133
0
94
19
17
15
13
15017
1997
9735
1
144
20
12
60
43
24
-488384
386
74
112
141
243
195
160
0
39
168
10
99
0
85
225
0
51
132
16
804
127
153
206
404
453
9
570
279
0
38
178
45
304
0
293
56
41
12
520
814
114
0
826
32
34
298
320
0
173
107
292
0
471
0
189
0
205
126
29
38
20
154
272
7
140
34
98
79
267
3
33
38
102
52
1225
17
197
91
32
394
12
0
90
36
64
189
144
467
118
194
93
43
7
426
240
297
1036
42
149
610
147
233
36
23
35
93
10
12
2
8
18
10
6
7
49
17
239
50
40
6
0
3
79
0
31
78
40
68
331
62
129
236
659
62
219
601
95
100
277
369
54
108
280
619
695
73
496
9
49
249
293
0
14
0
343
288
7
185
186
228
202
158
0
7
37
102
85
77
0
138
145
0
183
132
843
25
19
11
8
306
186
0
102
54
360
210
274
144
0
57
74
20
0
56
344
2:7
98
141
0
106
194
271
0
73
741
457
307
2
52
2
0
72
204
145
14
31481
12
4
80
162
34
84
172
21
169
1068
50
231
281
3301
6462
2418
5608
5545
1904
0
12139
4874
436
5217
10311
1
885
1928
0
5303
1041
3136
0
4968
20250
96144
1
3543
7819
41801
222
113
73
55428
316
45
15
95
0
27
70
16
34
0
80
673
70
0
103
3497
30790
7977
0
816
1349
620
334
133
1699
26
18
3
5
43
2:47
2:21
14
21
14
32
38
30321
10012
65
182
460
225
304
105
3
100
804
0
380
27321
30
1414244400
499:0
1
315:0
3
2733
-2695
63
-93
15
-17
16
-18
156
2356
-2500
-11
-2
0
25
-27
65
189
-251
3743
-3707
116
-155
7
84
-91
248
-239
208
59
-243
-34
229
-219
-9
360
-357
714
-687
-27
525
-523
1
-2
-3
1
2:0
-1
20
443
-461
18
1
32
-50
7
-11
14
71
-81
1
10
256
171
-291
-145
49
-15
3281
-3255
-59
0
-5
6
0
2:-1
-5
5
66
-64
-4
212
-165
169
-144
108
-183
4
186
-20
-170
16
204
-219
0
-3
148
-134
-7
-4
4
50
8
10
-29
-13
-32
4
733
-737
39
-21
0
2
-9
-11
5
-2
12
52
-67
1
-1
0
14
110
-124
9
-1
4
-10
4
23
-24
-6
3
9
13
27
-20
-31
8
157
-148
-11
-3
1
43
-43
5
18
-26
10
290
-257
-28
-11
43
296
-344
-1
32
-12
-19
32
-31
-1
8
111
-56
-61
117
-114
61
-48
4
-22
2:0
305
-304
-1
90097
-90086
10273
-10084
-168
-32
33
24
-7
51
-65
214
-250
0
75
-74
21
-21
153
-142
-6
39
-42
30
5935
-5945
-21
3
92
-96
1172
-1164
27
-37
16
11
-22
74
-78
70
902
-947
8
-33
0
2
66
-63
-2
0
-4
8534
-8532
2
12777
-12775
-5
21
30
-47
16
-18
-2
-1
3
16
1689
-1688
-18
83
-44
138
-178
158178
-158143
-36
4
88
150
253
-406
-72
37
29
-82
4
2
5
807
-795
-23
7
411
-328
-58
88781
-88807
-2
1583
-1586
43
62
-77
0
-14
-15
209
1191
-1400
2296
-2293
5
0
2
273
-250
-27
4
0
-8
34
-36
12
7
1906
-1853
1901
-1872
95
-195
23
4
58
1288
-1190
-122
-7
34
954
-805
380
-610
94
-100
26
-17
62
-66
-7
2:0
803
4347
-5123
241
-262
-5
192
-166
802
-717
-112
2
9
42
-49
-2
0
751
-749
-4
688
-676
36
121
-166
22
1089
-1114
28
-27
18
-10
218
-226
12
66
-74
-1
-4
14
-11
37953
-37940
9
-12
41
157
-208
24
254
-279
40
4274
-4279
-34
151
-129
150
-172
9
-9
14
-17
192
-166
1433
-1452
-7
24
-21
126
14
109
-251
-2
95
418
-511
28
42
-64
-6
0
59
-23
5
-19
-5
-18
2
0
125
8347
-8469
-2
6
-4
3
5
-8
22
-7
39
-36
-20
7
11
-19
29
-27
-3
2
-3
54
-55
95
9
-56
6552
-6024
-569
5
12087
-11858
-233
454
-322
-136
22
32
-51
-2
255
-255
-5
899
170
-566
-501
40
360
-52
7564
-7911
85
59
-136
19
0
-24
151
-151
4
-5
27
-20
60
36
-102
208
-212
44782
-44769
2:-9
3
0
-3
2
-1
0
1
0
-2
1
2
-3
0
2:1
0
-1
2
-3
3
2:0
-3
1
2
-2
1
2:0
1
-1
1
2:-1
2
-2
0
1
4:0
-1
3:0
-1
0
2
-1
1
0
-2
0
2
2:0
-1
0
2
-2
2:0
-1
1
2
0
-1
0
1
-2
-1
3
-3
1
0
1
-2
0
1
-1
3:0
2:1
0
-2
2:1
-2
2
-2
1
2
-3
2
-2
0
1
-1
2:1
-2
3
-2
1
2:0
-2
3
-2
1
2:-1
2:0
1
0
1
-2
3
-3
0
1
2:0
2
-3
1
0
-1
1
2
0
2:-1
0
1
-1
1
-1
1
-2
1
-1
3
0
-2
0
1
4:0
1
-2
2
0
-3
2
2:0
1
-2
0
1
2:0
2:-1
0
3:1
-3
2:1
2:-1
3:0
2
-1
2
-1
2:0
-1
2
-1
2:0
2:-1
1
-1
2
0
-2
1
-1
0
1
-1
1
0
1
2:-1
0
2
-1
2:0
2
-1
0
-2
1
2:0
-1
0
3
3:0
-3
0
2:1
-2
0
2
0
-1
4:0
1
2:-1
0
2:1
2:0
2:-1
1
0
2
-3
1
2
-1
0
-2
3
-1
1
-1
0
1
-2
-1
2
0
-1
1
-2
0
1
-1
3
-1
0
-1
0
-1
2
-1
1
-2
3
-3
3
-2
2:0
1
-2
2
1
-2
1
-1
0
-1
0
2
-2
2
0
-2
1
2
-1
0
-2
2
0
2:1
-1
4
-3
3
-4
2:0
3
73
-75
1
-2
0
2
-2
3
13
-15
3
8
-8
-4
26
-18
-8
2:0
18
-18
1
-1
8
-8
0
1
-1
0
1
-1
4
0
-4
2
1
0
-3
0
6
-2
-4
3
2
-4
0
-1
2
-2
1
0
-1
0
1
-1
16
-3
-12
-1
3
-2
8
-7
-1
0
-1
0
3
-2
-1
2
6
-8
2
6
-8
0
7
-1
-6
2
11
0
-13
5
-1
-4
0
1
2
-1
-2
2
4
-6
3
-1
12
-11
-3
0
27
-27
6
-4
-1
3
-1
-3
2:0
2
-2
4:0
1
0
-1
1
0
2:1
-2
4
-4
-1
0
2
1
10
-1
-11
2:6
-4
2
-10
1
5
-6
0
14
-14
3
31
-28
-4
7
-8
10
-10
-2
0
2
3
-5
2:0
2
4
-6
1
17
-17
3
-1
1
-4
0
1
39
-40
0
1495
-1494
101
-74
-26
-2
12
-5
-3
3
7
-7
-6
-1
23
-21
2
-4
6
0
-5
7
-6
-1
38
-32
-7
0
5
-5
17
1
-14
-4
3
-2
0
15
-16
19
-16
0
-3
2
0
-1
1
9
-11
0
1
406
-407
0
124
-124
1
7
-3
-5
5
-4
0
-1
0
4
75
-74
-5
12
-3
-7
-2
300
-293
-2
-5
31
-27
60
-63
2
9
-7
-5
2:0
3
78
-79
3
-2
15
-17
6
416
-418
-4
74
-75
3
6
-9
0
6
-6
96
38
-134
26
-21
-2
0
-3
1
3
-4
0
2:1
6
-7
4
-4
165
-166
123
-112
5
-16
1
9
-10
52
2
-48
4
19
150
-169
19
-28
8
-9
5
-3
14
-10
-6
2:0
230
-215
-11
-3
0
-1
13
-13
17
2
-18
-1
1
2
-3
1
0
41
-42
0
13
-9
-1
-3
3
16
119
-138
0
6
-1
-4
5
-6
0
7
-7
3:0
3
175
-178
0
1
5
15
-21
2:0
1
3
658
-662
0
6
-1
4
-7
2:-1
0
3:1
110
-109
-4
3
-3
32
2
-25
-6
3
-4
19
-21
0
8
-6
-2
0
48
-48
2:2
3
-4
-1
0
8
-3
-6
0
-1
5
-4
4
-4
0
7
8
-11
-4
0
3
-4
1
0
-1
2:0
1
0
2
0
5
202
-209
1
0
56
4
-61
46
-15
-31
3
-4
2:0
65
-62
-3
59
-15
-43
-1
5
-5
4
311
-315
46
-38
-8
2:0
9
-5
4
-8
3
-1
0
4
3
-8
6
-6
866
-866
0
-1
6:0
1
0
-1
21:0
1
0
1
0
-2
10:0
1
-1
7:0
3
0
-3
12:0
1
-1
13:0
1
-1
5:0
2
-2
13:0
1
-1
5:0
2
-2
11:0
1
-1
0
1
-1
3:0
1
-1
2:0
1
-1
1
-1
1
-1
4:0
1
-1
13:0
1
-1
0
1
-1
15:0
1
-1
0
1
-1
0
1
-1
1
0
-1
7:0
1
-1
4:0
1
0
-1
1
0
-1
3:0
1
-1
5:0
4
-4
7:0
1
-1
4:0
2
-2
2:1
2:-1
14:0
1
0
-1
6
-5
-1
3:0
1
-1
3:0
2
-2
2:0
1
-1
5:0
1
-1
0
2
2:-1
3:0
1
-1
11:0
1
-1
7:0
1
end
