v1
572
130
57
130
122
291
13
48
264
10
164
31
21
139
333
211
119
314
67
46
182
19
37
7
15
28
118
244
298
50
115
58
171
237
146
732
130
29
32
202
36
224
15
180
271
34
143
250
8
194
49
54
204
12
148
58
51
91
75
138
339
92
1
108
288
66
21
135
23
66
30
137
212
65
224
33
20
11
145
7
5
74
1
55
138
63
118
146
42
62
85
412
173
73
107
110
87
17
151
12
8
292
5
25
71
38
18
221
255
149
0
239
54
64
134
141
69
10
47
185
60
269
73
328
135
104
56
61
0
82
342
57
88
160
2:121
235
53
356
125
276
106
169
16
222
154
121
76
2
175
405
85
199
295
6
27
29
12
16
24
31
18
25
6
2
4
7
6
13
6
25
46
5
21
126
1
118
82
12
62
4
10
31
14
6
32
21
5
35
26
4
95
90
54
118
203
244
78
95
102
1
17
225
122
73
219
110
201
113
33
6
116
146
85
53
54
61
60
141
85
101
300
151
97
185
129
27
232
16
6
17
177
136
15
33
66
87
217
12
41
309
114
85
27
168
712
96
301
71
22
176
9
67
28
32
55
50
6
69
42
237
0
49
82
8
67
50
30
295
395
12
176
53
91
5
181
205
0
4
13
12
31
80
53
37
38
19
21
17
69
7
8
147
11
29
104
289
712
77
107
83
329
40
175
191
8
2:43
6
31
0
6
23
254
22
29
32
0
6
100
54
35
9
3
59
2
28
119
0
2
86
153
59
5
20
3
104
94
33
4
114
106
194
103
16
85
47
161
15
42
34
40
24
13
14
32
31375
22
9
43
112
4
40
5
4
29
53
14
30
85
88
76
1
7
21
37
54
8
28
8
22
932
54
56
8
102
68
111
71
166
15
3
3357
2211
328
381
1172
4811
329
3897
1359
2324
1098
2138
1500
10905
3
790
9128
925
872
2652
2
4
8028
57
2:1
5
17
2790
0
14
1825
0
15
1533
920
13
5162
5
1
1427
3523
11948
8312
83045
1
13098
1
3543
1
7741
4
69
9417
31396
1022
3
22
26
7
134
40
61
17
15
23
49
17
5
16
36035
19327
85
74
157
9
27
18
10
28
1
6
12
159
3
37
3
10
2
11
2
1
77
47
601
29
14
6
165
11
12800
4652
6575
1178
3878
1
5151
7980
575
1668
873
133
10
46
665
970
25
9
19
3:1
79
7
10
84
40
1
43
51
5
1
30302
9786
218
64
176
100
212
388
0
22
103
1
87
188
8
3
84
9
217
24
111
153
17
56
41
32
71
47
152
106
164
0
232
35
53
41
19
17
15
13
14970
47
20
11712
2:1
163
72
43
1414501800
571:0
1
0
30
-31
2
6
164
-162
-10
187
-184
5
-8
2:1
2467
-2453
46
-52
59
-67
338
-340
26
112
-136
30
-21
25
-36
1
-1
15
34
92
-138
4
-7
10
-10
228
-226
4
35
-25
-16
1
1828
-1827
-2
0
29
-27
-2
19
-17
-1
9
-9
61
-60
-2
3
18
2:-9
5
10
-18
2
241
-242
103
-98
-3
102
-102
-2
1
639
-601
-33
-3
3
-4
-2
-1
1
40
-37
13
-13
604
-607
285
-284
1056
-1057
4
39
-42
0
-2
2
5
-5
1
90
-92
0
161
-96
-66
2
125
-93
-33
102
-58
-45
0
1
2:7
-9
41
-46
-1
2:0
4
6
-9
25
-17
-9
2
5
-7
141
-2
-131
550
-557
10
-9
50
-50
-2
52
-47
-3
-1
10
-10
13
-9
-5
2
50
-49
4
-1
65
-71
37
-25
-8
125
-122
-4
15
-18
17
56
-56
210
-224
67
-69
6
-6
37
-29
-9
1
60
-58
11
314
-317
-9
0
30
-32
84
-73
62
-70
1
24
-24
3521
-3521
-1
187
-190
80582
-80563
7051
-6950
-107
-13
23
-10
-8
14
5
3
10
-29
-3
-5
4
10
-10
-4
11
-10
-1
3
50
88
2402
-2542
11
-10
55
825
-865
-16
-1
10
-3
-5
74
-28
-48
54
-14
-38
-1
0
2
0
2
-1
-4
12
-4
-2
-5
7333
-7333
1597
-1593
10
-11
-2
0
-2
6
-4
-2
27
-26
2:0
2
0
16
0
-2
-16
1429
-1413
-15
5
38
-19
74
54458
-54557
11
-12
175
-170
-4
602
-603
15
16
-17
-5
1526
-1497
-37
1477
-1477
2:0
3
-3
5
87
-92
0
1
16
11832
-11848
0
3
-3
2182
-2176
-2
0
-4
2
1
119
4297
-4417
542
-539
18
-23
1
8
-5
-4
91
-92
12
-5
-7
-1
1
1519
-1517
-3
2
8
-8
2775
-2749
138
-166
2
3
-3
-1
0
3
4
-5
816
-818
143
-117
-25
5
-7
14
81
-94
1825
-1776
196
-241
9
-14
8
15
-18
45
-35
809
-741
-53
188
-188
282
-306
96
-102
221
-218
-3
0
3
1236
-1239
629
-623
40
98
-142
19
117
372
-510
1
6
0
13
71
-86
1
5
1214
-1224
0
199
-185
48
402
32313
-32763
-14
2:2
-3
4
-6
52
-51
0
13
203
8
-225
16
4592
-4606
6
55
5842
-5904
0
1
3
-1
-4
122
-118
-2
41
849
-876
-12
-1
-3
76
-38
-2
43
-76
4
11
3559
-3524
-44
-7
44
4155
-4191
-10
82
-75
-5
1
2:0
-2
11
-4
15
-23
1
2
0
1239
-1239
-1
7
-9
9
1
27
-37
3
2
4
52
-25
1
-37
64
-62
-1
297
-297
193
-185
12
5935
-5833
-122
1525
-1524
53
-37
-10
-6
120
-56
87
-151
4
0
-5
3
274
-265
-2
-9
0
1
3
234
-4
-228
2
-6
4083
-4086
1
71
102
-175
0
1
0
90
-82
-7
10
239
-238
-4
-3
21
6
-30
20
23
-39
207
-137
-36
1
5:0
1
-1
0
1
-1
4:0
56
-56
2:0
7
-7
4
-4
5
0
-5
0
15
-15
4:0
5
3
-7
-1
0
1
-1
3:0
1
-1
2:0
9
-8
-1
0
4
-4
6:0
1
-1
4:0
2:1
-2
0
1
7
-8
5
-5
0
2
-2
2:0
2
8
-10
6:0
1
0
-1
3:0
3
-3
0
1
-1
4
-4
2:0
1
2:0
-1
4
-4
2:0
4
-4
0
2:3
-6
2
-2
0
1
-1
0
1
0
-1
7:0
1
-1
2:0
1
-1
16
-15
1
-2
6:0
22
-22
2:0
2
-2
5
-4
-1
0
20
-20
4
-3
-1
2:0
1
2:0
2:1
-1
-2
1
10
-8
14
-17
7
-7
2:0
3
-1
-2
0
2
2:-1
6
-6
2:0
4
-4
13
-12
3
-4
0
1
2:0
-1
0
39
-39
1059
-1059
55
-46
-8
-1
2
1
-3
3
-2
7
-2
-1
-4
-1
2
0
-2
0
2
2:-1
1
9
-8
168
-170
5
-5
1
10
2
-13
2:0
1
-1
9
-2
-7
6
-6
4:0
1
2:0
-1
1
2:0
-1
231
-231
88
-88
0
2
-2
2:0
3
-3
0
5
-5
3:0
1
0
1
2:-1
89
-88
-1
1
9
0
-9
256
-257
2
-2
15
-15
0
32
-32
0
3
-2
-1
86
-80
-6
1
2:0
-1
2:0
3
6
-9
2:0
6
348
-354
0
3
-2
26
-27
3:0
3
-1
40
71
-113
15
-12
-2
-1
0
2
2:-1
1
-1
2:2
-4
0
1
101
-102
0
1
0
-1
72
-67
5
-10
6:0
1
-1
30
-30
37
-37
0
4
-4
5
15
-20
164
-158
7
-12
3
-4
2:1
-1
6
-2
138
-139
-3
2
6
8
-17
15
-15
5
-5
3:0
18
-18
14
-14
2
10
-12
1
24
91
-116
0
1
-1
5
-3
-2
2:0
1
-1
0
4
-1
-3
6
122
-128
4:0
2
-2
5
-4
-1
6
11
-17
0
1
485
-485
0
5
2
-7
-1
0
1
-1
0
1
-1
2
0
60
-59
-3
2:0
17
-9
-3
-4
3
-4
1
89
-90
1
-1
21
41
-59
-3
13
-12
1
-2
2:0
2:1
-2
3:0
1
-1
1
-1
3:0
2
-1
3
-4
2
-1
2:1
-1
1
-1
-2
2:0
5
-5
5
-5
3
130
-122
-11
2
-1
15
-14
-2
0
15
-9
-5
-1
1
0
-1
0
50
-48
-1
0
-1
0
1
19
-3
-17
2:0
344
-344
0
30
-27
-3
4:0
1
-1
6
3
-5
-4
3
-3
1
-1
4
0
-4
3
5
-6
end
