v1
607
317
426
303
183
52
187
496
119
110
285
48
108
58
56
7
4
11
17
64
772
354
415
575
159
55
439
195
271
22
79
324
10
334
33
134
136
437
94
141
104
156
333
41
19
6
156
31
0
58
121
46
277
109
10
31
20
54
33
20
67
20
155
194
63
79
48
9
29
132
921
4
106
275
431
16
478
233
63
146
126
213
69
57
245
131
539
501
299
125
254
383
53
356
7
252
142
106
169
0
392
0
173
181
131
286
8
404
208
74
38
25
18
38
6
25
46
5
14
7
126
1
118
82
74
73
24
6
20
65
0
3
92
144
118
12
435
78
95
120
420
329
314
39
116
77
207
54
262
227
25
34
139
58
3
151
0
25
242
15
116
13
611
15
31
2
153
229
41
309
27
199
168
808
301
83
10
195
339
13
11
42
280
22
8
67
97
1191
33
92
132
8
80
128
19
107
15
147
11
29
393
339
270
38
65
82
102
415
37
175
199
43
86
131
73
124
38
154
47
61
127
20
88
212
5
23
104
94
257
255
98
92
218
34
31498
22
9
12
31
165
82
14
30
173
69
7
8
112
36
8
22
932
54
57
109
179
71
166
15
3
56
3301
2211
328
1553
3073
2067
5890
1691
1097
2138
12405
793
2041
4099
2988
1797
2652
2
8083
8
5
12
4
2805
1840
2453
13
5144
7
1
8
2
1433
3523
103306
16642
1
7741
73
9417
32379
42
22
33
91
29
91
36
20
53
36
5
16
55412
109
157
7
2
27
18
38
1
180
27
10
2
1
10
2
11
2
30
725
12996
4652
3482
13301
7980
575
1668
539
477
628
519
534
3
2:11
31
58
28
34
29
68
3
1
35
8
47
10
40306
64
176
100
725
1
286
93
0
217
24
111
0
142
84
41
43
60
47
15
21
15
207
13
64
319
55
69
24
17
38
14960
67
1977
9735
2:1
163
72
43
-487504
154
180
1165
452
542
77
0
146
331
370
215
536
227
0
236
819
156
957
266
1685
52
172
619
0
67
469
121
86
138
46
281
7
1252
0
421
100
576
17
627
421
5
106
448
517
0
264
78
102
111
1135
464
0
196
29
295
0
6
56
12
16
95
372
26
64
123
19
6
89
146
14
59
25
1112
211
203
58
356
44
225
0
286
69
226
396
163
61
68
550
6
0
17
323
938
31
20
132
1476
136
50
6
69
40
660
160
25
293
854
0
176
285
185
54
221
1257
296
175
0
131
317
155
154
6
546
106
274
404
38
35
212
102
0
35
31370
299
351
1263
152
157
96
10
39
7123
28714
6917
6067
9474
4653
4478
3146
0
8
16915
104457
53229
196
61
6808
48705
188
158
0
72
144
56
105
0
648
0
43
0
18
28604
0
7799
7861
816
415
854
968
36
18
0
2
0
44
99
8
31
52
30391
1513
8376
1055
22
191
797
2
275
0
72
0
15779
11850
0
29
4
1414743000
399:0
1
206:0
6
20
-22
23
-13
-5
0
1716
-1685
-33
6
10
2215
-2141
108
434
-628
-6
0
51
-44
-6
66
-65
4
190
-185
90
-94
-7
236
-217
13
-32
5
-1
51
575
-630
6
-3
-2
0
19
-18
0
13
-1
45
-59
199
29
-182
-36
136
-107
-40
34
-6
-18
25
162
-78
-104
-4
-9
42
-39
59
-63
11
46
-13
124
-131
-8
-30
345
-274
110
-152
-29
7
-6
731
-693
-34
20
8
-28
4
-7
0
-1
56
165
-216
10
-1
-11
0
8
72
84
-166
31
-30
-3
13
7
-17
2
-5
30
-24
-6
8
19
11
-10
15
-10
237
-235
6
-41
7
-5
64
-31
-27
1
-7
149
4598
-4714
-26
-6
59
-50
80
75564
-72289
-3286
-81
4
15
-3
280
-157
-139
4
-4
0
6
9
29
-44
28
212
-240
47
-34
0
358
-367
40
164
-197
-10
26
-26
14
2:7
18
-28
-17
-1
37
-36
4
2839
-2844
1010
-1008
29
-23
-3
-5
102
-102
848
-848
494
-472
19021
-19041
3
70
-73
47
-50
21
-16
697
-702
28
-1
1421
-1441
5
-7
-5
93
2887
10002
-12977
518
-522
13
9
263
405
-408
-281
5
-6
1
-2
28
-19
916
3172
-4063
-26
-6
0
5
-2
-5
258
-220
-38
17
-9
15
631
-648
69
-72
60
-63
6
11
10
547
-565
-6
9
11
342
-175
-171
-13
35
87
-125
9
331
154
-491
-5
5684
-5685
98
-76
794
-804
-11
19
-20
158
-157
207
-197
-7
-3
-1
164
-159
20192
-20186
4
19
-12
91
73
-178
3918
-3910
9
125
-145
3
-1
-6
73
-57
93
825
521
-1447
74
-61
-15
-7
5
92
-92
10
561
-555
-17
146
-147
-2
1
4
5
6
-15
11
22
-31
2
-4
5
19
5
-30
0
5
-5
39
-30
9
-7
4
-16
84
-82
-2
88
5292
-4554
-810
87
-55
324
-368
174
-158
-11
68
70
-15
-127
-2
160
32
-192
2
0
1094
-1039
-60
96
-78
-13
9
-13
6
-1
18
30
-48
11
1
-12
289
-288
14
-5
-4
142
-146
217
-208
93
-111
-3
2
-1
1
-2
1
0
-1
3
-1
1
0
-2
2:0
-1
2
-2
3
0
-3
2
0
-1
2
-3
1
-1
3
-2
1
0
-1
0
2
0
-2
-1
0
2
2:-1
3:0
1
2
0
-2
-1
0
2
-1
0
-1
0
1
2
3:-1
2:1
2:-1
3
-3
0
2
3:0
1
-2
-1
0
2
-2
1
2:0
-1
3
-3
0
2
0
-2
2
-1
2
-3
2
-1
1
-2
3
0
-3
2
-2
2
1
-3
3
-2
2:0
-1
3:0
3
-3
0
1
3:0
2
-1
0
-1
1
-2
2:0
2
0
-1
0
2
-1
-2
2
2:0
1
-2
-1
3:0
2
2:0
1
-1
-2
0
3
-2
0
-1
3
-2
2
-1
1
-2
0
1
0
-2
1
0
1
-1
2:0
1
-1
2:0
-1
1
-1
2
-2
3:0
1
2:0
1
-2
2
-2
3
-1
-2
3:0
2
-2
2:0
1
4:0
2
0
1
2:0
1
3:0
42
-43
3:0
11
-7
-3
-1
2
2:-1
5
-5
3
1
-4
2:0
2
1
-3
0
3
-1
-2
0
1
-1
4:0
1
-1
8:0
8
0
-8
2:0
1
0
2
3:-1
8
-8
4
-4
2:0
1
-1
2:0
4
2
-1
-5
3
-3
0
8
-8
4
-3
-1
2:0
1
3:0
-1
3
-3
2
-2
1
17
-17
2
0
-3
3:0
2
-2
22
-22
2
0
9
-11
4
-1
-3
3
-1
2
-4
1
3
6
-4
10
-10
-5
-1
2:0
4
2:0
-3
-1
4
-2
2
2:-2
2
0
21
776
-754
-34
-10
2
-2
2:0
-1
0
2
-1
1
-1
1
-2
0
2
-2
1
10
-9
-2
40
-38
1
9
-4
-8
1
-1
5
0
-2
0
-3
2
-2
5
-5
1
139
-138
45
-47
3
1
-3
-1
5
-3
50
-51
8
-6
180
-183
0
12
-12
3
-3
3
-3
31
-30
5
-2
50
-52
3:0
9
-9
222
-223
59
-60
0
5
30
16
-37
-11
-2
0
-1
1
3
-2
58
14
-69
-2
-3
1
0
2
-3
28
-7
-21
2:1
8
79
-83
1
-7
8
-8
2
0
2
68
-68
-2
1
-2
21
-11
-7
-3
4
-5
2:0
26
-12
-13
-1
60
-60
5
3
59
-67
2
0
-2
1
-1
7
-7
1
-1
3:0
80
-77
-3
5
3
0
-7
0
321
-322
1
8
-8
-1
2
-2
0
1
-1
8
55
-61
11
-2
-9
-2
4
-3
2
-2
77
-71
-6
72
-73
2
-1
1
-1
0
-1
2:1
-2
2:0
2
1
2
-3
-2
0
3:1
-3
0
1
-1
1
-1
0
1
122
-106
-17
3
1
44
-47
22
-17
-6
3
63
-62
-3
0
22
-8
-14
0
1
90
-88
-4
11
-9
-2
0
1
3
-4
3:0
1
0
2
17
-20
2
-1
3
1
-2
0
2
6
-11
4:0
3
-3
50:0
1
0
-1
6:0
1
0
-1
14:0
2
-2
6:0
2
-2
27:0
2
-2
1
-1
22:0
1
0
-1
1
0
-1
10:0
1
-1
3:0
8
0
-8
0
1
-1
5:0
1
-1
2
-2
13:0
2
-2
10:0
end
