v1
906
55
688
486
52
187
615
552
57
56
7
43
118
619
412
288
732
525
128
331
135
101
324
10
216
19
266
573
278
482
134
156
31
225
277
519
257
79
57
519
948
431
1
935
339
36
90
874
41
29
106
451
339
281
2
26
93
288
133
223
7
118
141
41
94
275
16
573
288
294
59
220
52
322
33
38
43
69
51
148
118
73
9
1
73
116
7
65
239
118
426
21
173
120
225
160
254
110
314
33
6
116
284
316
85
142
198
61
204
229
129
27
248
37
299
48
83
299
41
309
226
976
301
460
162
3
6
20
344
75
50
0
325
636
277
303
42
128
19
107
7
8
147
40
393
339
272
101
184
452
175
70
121
8
43
86
32
99
197
38
100
54
47
61
235
153
59
5
23
193
5
512
190
252
31498
22
9
208
29
97
85
6
82
142
54
36
8
22
1331
71
166
15
3
5568
328
1553
3073
2067
10816
2654
1548
8203
9921
4449
2
8096
4661
19
2447
474
4670
7
9
2
5
1428
106829
16642
1
7717
24
73
9417
32421
22
167
87
26
20
89
5
16
55362
159
157
36
18
38
1
180
2
25
10
2
11
2
11
21887
3093
18188
575
1668
539
523
665
968
2
3
12
37
4
1
85
10
84
40
1
43
47
4
6
40306
64
176
100
21
704
1
190
96
310
24
253
84
41
103
47
258
396
124
24
17
38
15027
11712
2:1
163
72
29
14
-488259
42
45
208
30
32
17
79
7
60
2
59
189
206
46
28
96
0
164
80
105
210
49
35
46
1
59
29
59
36
168
110
166
13
25
59
185
37
83
101
153
2
127
56
24
79
6
58
282
59
43
97
213
17
275
5
143
0
160
183
100
4
106
267
154
26
160
51
17
65
155
0
14
10
128
189
1
0
110
18
85
37
22
11
93
68
151
135
131
62
25
112
269
71
33
52
45
0
95
218
16
6
40
224
30
486
78
107
20
6
61
81
0
61
34
193
110
80
38
110
93
7
60
18
39
0
53
6
24
0
179
28
39
126
1
35
55
180
4
106
150
34
71
147
21
149
0
67
83
74
63
305
36
83
129
356
60
86
131
15
78
5
172
37
159
67
84
488
19
148
36
3
22
145
75
71
133
50
123
185
407
17
53
24
139
10
478
253
159
0
28
112
2
219
66
55
52
26
14
161
12
313
10
62
143
124
0
22
0
116
7
175
6
0
27
57
23
57
15
0
20
2
6
0
13
6
17
7
0
47
2
72
62
7
9
140
87
88
19
0
6
8
4
20
8
86
35
3
16
38
17
14
39
163
134
24
74
16
139
16
151
7
85
25
154
38
253
12
61
86
271
276
16
0
28
29
14
155
27
42
68
17
107
121
35
292
66
0
11
220
149
5
97
39
131
47
20
358
345
31
68
87
103
590
93
12
92
83
50
44
913
148
25
12
40
387
6
66
45
237
37
72
21
9
164
281
49
184
327
29
63
11
18
8
0
233
0
21
55
37
27
57
0
10
40
6
44
89
113
19
71
119
129
0
56
179
96
623
201
84
10
174
0
63
85
30
55
38
20
319
41
85
52
17
245
22
265
6
28
22
6
8
49
34
38
20
311
14
107
2
125
17
88
13
63
33
10
119
75
105
0
13
1
38
2
45
29
44
20
39
16
15
45
15
42
69
29
24
31411
5
4
33
31
39
7
105
10
55
21
10
14
115
69
95
1
7
120
990
54
57
7
30
0
72
68
87
138
128
60
9
272
3029
2213
323
0
3926
9348
1002
1
1097
3638
0
10908
790
830
1211
881
0
3205
2182
3
1741
872
1267
0
1382
9
10
8075
2
1
20
2791
10
4
882
943
1548
2930
3146
5
2:2
16
1446
3504
116404
1
5279
5981
51
41859
2:23
28
0
7
99
75
72
93
11
16
82
55240
67
17
52
67
171
2
15
75
12
53
27
19
45
6
7
2
7
36
8
0
17
1
77
648
29
14
18
95
6
19
44
28440
5795
7977
696
2422
134
1157
541
2:1
25
3
18
40
5
0
14
62
3
18
3
1
4
37
0
3
83
15
33
30303
1513
8506
268
26
191
52
57
331
22
191
25
0
267
107
398
146
131
38
34
488
210
63
17015
13
9829
4
34
4
2
26
1414548000
299:0
1
605:0
69
1040
-935
-105
60
3980
-4063
1327
478
-6
-1728
-71
-21
18
-12
59
-67
340
-167
-13
-160
819
-529
338
-622
1969
-1894
253
-286
110
-69
-9
-78
951
-864
-79
-3
31
-34
267
1109
-1376
11
99
-93
-1
313
-288
-39
26
5
-18
-4
80
1153
-1224
-25
38
-32
234
-239
50
-41
498
-183
-317
35
-29
72
-84
38
-27
-10
3
98
-81
8
-4
2
78
-104
453
-450
57
-51
47
37
-95
118
-116
-1
16
72
-88
120
-103
153
105345
-105516
9705
-9502
-202
219
-138
4709
-4710
-2
-6
-72
13
341
-355
22
69
1773
-1854
73
398
-482
12
256
-205
121
-180
182
-169
224
20993
-20303
-906
0
-11
-4
48
-39
-14
1626
-1625
291
-293
17
20327
-20119
48
-270
67
-24
1307
-1336
11
6
-17
5549
-5549
33
-54
83
231
-154
-105
12071
-12051
3591
-2960
-705
656
1178
-1306
-524
79
-8
-50
4366
4629
-8960
30
-83
37
495
-540
164
64
-170
23
826
-547
-162
-43
-150
4014
-2822
-1192
345
1070
-1387
-33
333
644
-970
587
307
-884
87
1732
-1807
11
-5
135
-131
-8
-2
1
13104
-13117
21
72
-103
62
-65
335
-294
7458
-7497
1344
-1344
22
35
70
-72
807
-851
13
-12
436
-328
-126
437
13058
-13446
17
-62
14961
-14962
9
77
100
-135
-44
-6
2
36
3587
-3613
-14
62
-52
-6
38
-32
595
-280
-184
-142
19
31586
-31484
-81
993
-1021
856
-604
950
-1075
-130
18
1410
496
-1863
-55
881
5637
-6302
3605
-3729
-48
59
-116
95
-59
50
-59
36
-54
22
121
-144
715
-682
-28
148
-182
1
7
-11
4
-4
6
2
-6
4
-4
-2
2
-1
2
6
-10
0
16
-16
1
4
9
-12
-1
1
9
-10
2
0
-3
1
0
8
-4
5
2
-8
-2
0
12
-10
1
5
3
-5
3
-11
8
2
6
0
-5
-10
2
-2
1
0
-2
3
14
-4
-11
8
-4
11
-12
-5
5
13
-16
0
2
-3
14
-12
-1
0
5
0
-7
22
-22
10
-7
-3
8
-8
3
-2
17
-4
-10
-4
0
8
-6
0
14
-15
1
3
-3
6
-5
0
2
9
-11
-2
8
-7
0
-1
7
-4
-3
14
-13
14
4
-19
2
-2
5
0
-2
2:-1
2:0
3
1
-4
3
-5
5
-2
10
-8
4
-8
2:0
17
-12
0
-6
4
-3
2:3
14
-12
0
10
-11
-3
-4
19
-19
2
-2
-1
2:0
16
-6
-2
0
-4
0
3
2:-2
0
-2
2:0
10
-10
4
17
-15
-5
12
-6
1
-9
0
9
-9
1
8
-5
1
-1
-3
-1
0
8
-5
13
-12
12
-14
0
4
0
-2
-1
-3
2:0
20
-10
-8
7
-3
0
-1
-4
1
0
4
6
-7
-3
0
5
-6
6
-6
9
-5
6
-9
1
-1
0
-2
4
-4
12
-5
7
-10
-2
2:4
5
6
-18
4
3
-9
-1
2:0
1
6
-3
7
-10
2
-1
4
-5
7
-7
0
5
-4
0
8
-8
6
-6
0
-2
1
-1
21
-17
-4
11
-9
0
1
6
-6
4
10
-6
-7
-3
1
-2
1
13
2
0
-1
-15
7
2:-3
2
-3
2
5
-7
5
1
-6
14
1
-6
8
-14
9
-11
8
-7
-1
0
1
-1
0
4
5
-2
-8
2
3:0
14
-14
11
-11
-2
0
9
-5
5
12
-11
-6
5
0
-6
-1
0
-2
17
-5
-8
15
-16
-3
2
0
13
-14
3
8
-11
0
2
4
-7
9
13
-11
-2
-6
6
-8
2
-2
4
-5
1
20
-7
-4
-6
5
11
-20
3
-2
2
1
0
15
-16
3
-4
0
2:-1
5
2:-2
0
8
-6
2:-1
0
3
-4
4
-3
5
10
-10
5
-6
-2
6
1
-10
11
-10
0
2
10
-5
14
-14
-2
-5
2
-2
2
14
-13
-3
1
0
15
-2
-14
-1
1
15
-12
-1
14
-14
-1
2:0
9
-8
-3
21
-19
0
4
1
-2
-1
2
0
-3
-2
2
4
2
-7
0
-1
2
0
1
13
-13
-4
6
-6
4
5
-5
11
-12
1
-3
0
16
-12
-4
-1
8
-5
2
-5
1
7
-2
-6
6
0
-1
-4
12
-9
-1
-2
4
-4
10
-10
15
-16
9
3
7
-14
2
7
-9
-2
4
-5
-1
1
12
-14
17
-11
0
2
0
-5
10
-8
3
-7
1
3
-4
-1
1
3
0
12
-7
-8
19
-3
-14
4
-5
2:0
-2
2:0
3
-3
1
2
6
-5
1
-3
0
-1
10
-8
-2
7
-7
0
5
-4
-2
7
-6
2
-1
2:2
0
4
-10
6
-5
-1
2:2
0
4
-2
-6
1
15
-9
-2
0
-4
0
2:1
2:2
0
92
-96
20
2
-22
0
1
-2
0
6
0
-5
-1
0
6
-5
6
5
-11
0
15
-9
-6
-1
1
3
-1
1
16
2:-6
-5
4
-4
16
-12
-7
4
8
-12
1
-1
1
-1
2
-1
3
0
-4
0
2
-2
0
2:5
-8
-2
0
41
-24
-15
-2
1
60
-59
-2
2:0
1
34
-26
4
-5
0
19
-26
38
-39
5
-5
7
5
-6
7
-13
6
-1
1
2:-2
0
50
1599
-1649
87
-58
-23
-7
14
-11
-3
10
-11
2:6
-11
0
2
13
192
-207
8
5
-1
-12
18
-5
-7
-6
4
-5
13
372
-335
-45
3:0
2
-6
4
67
-66
15
-17
-3
237
-233
27
-29
-2
9
79
-80
-3
0
-3
134
-131
2
-8
0
27
-22
8
451
-428
102
-114
-18
260
-186
-51
-27
9
-9
5
264
-134
-125
-1
-9
1
69
-72
0
62
-61
21
189
-201
6
1
-11
196
-189
-10
35
-5
-26
-3
11
31
-46
0
23
-21
17
249
-260
-6
-2
6
-4
0
4
-4
145
-146
6
5
-7
13
-18
1
10
1121
-1132
24
-20
-4
7
-4
4
71
-74
-3
11
-1
-8
9
-4
254
-232
-30
2
394
-391
0
8
-2
-10
1
5
-6
7
-4
-1
6
1
-7
3:-1
10
-10
4
-4
7
426
-419
-13
15
-10
227
-232
44
-9
-35
-1
15
153
-168
6
60
-16
-41
243
-247
27
-12
-10
-9
6
-1
8
-14
4
6
-2
-5
14
2
-19
13
-12
-1
2
-2
9:0
1
-1
7:0
4
-4
3:0
1
-1
5:0
1
9
-8
-2
4:0
40
-40
2:0
2
-2
1
-1
2:0
1
-1
1
-1
4:0
2:1
-2
2:0
2
-2
2:0
1
2:0
-1
0
4
-4
8:0
3
-3
5:0
1
-1
2:0
1
-1
0
1
-1
1
-1
2:0
1
-1
0
4
-4
0
1
-1
5:0
2
-2
2
-2
2:0
2
-2
13:0
1
-1
2:0
1
-1
8:0
5
-5
0
1
-1
2:0
2
-2
6:0
2
1
-3
2:0
1
-1
5:0
1
-1
3
-3
3:0
1
-1
8:0
2
-2
4:0
3
-1
-2
5:0
1
-1
2:0
1
-1
0
2
-1
0
1
-2
2:0
1
3
-4
2:0
4
-4
0
1
-1
1
-1
0
2
2:0
2:-1
3:0
2
0
-2
2
-1
5
-5
-1
7:0
3
-3
3:0
1
0
-1
2
-2
0
3
-3
4:0
3
-3
3:0
2:1
-2
5
-5
2:0
2
-2
0
3
-3
3:0
1
2:0
-1
8
-8
0
1
3
-4
3:0
1
-1
1
0
-1
3
1
-4
7
-6
2
-3
0
1
-1
5:0
1
-1
5:0
4
-4
1
-1
4:0
5
-4
0
-1
2
-2
4:0
6
-5
-1
3
0
-3
2:0
3
-3
1
0
-1
6:0
2
1
-3
7:0
3
-2
-1
1
5
-6
3:0
1
-1
0
3
-3
4:0
1
0
1
2:-1
3:0
2
-2
1
-1
3
-3
0
3
-3
1
-1
0
4
-4
5:0
2
2:-1
1
0
-1
1
-1
0
10
-10
3:0
2
-2
3:0
2
-2
0
4
-3
-1
3:0
1
-1
3:0
1
-1
2
-2
5:0
2
0
-2
3:0
2
-1
6
-7
3:0
1
2:0
1
-2
2
-2
0
4
-3
-1
0
2
-2
8:0
1
-1
2:0
1
-1
4:0
2
-2
0
2
7
-9
0
8
-5
-3
0
1
0
-1
2:0
10
-8
0
-1
1
-2
13
-11
0
-2
5:0
1
0
-1
1
0
2
-2
-1
2:1
-2
1
0
-1
0
1
-1
0
2
-2
1
-1
6:0
1
-1
2:0
1
-1
2:0
1
-1
2
-2
3:0
4
-4
3:0
1
4
-5
4:0
1
-1
2:0
end
