v1
523
55
558
97
33
79
211
13
359
54
139
366
35
84
162
428
2:19
37
7
15
146
76
88
192
18
0
122
19
27
165
58
258
296
732
89
4
63
237
260
76
119
72
199
101
76
152
106
216
118
126
41
435
138
178
57
0
224
36
399
156
31
58
6
115
46
277
257
87
89
7
79
1
193
63
275
5
88
85
98
59
45
245
125
86
107
38
52
20
0
169
0
106
431
494
233
155
54
126
213
59
10
57
437
0
77
359
0
42
135
12
72
0
137
0
200
91
133
20
125
281
765
7
394
275
16
15
0
197
164
66
463
0
56
121
0
55
18
59
431
122
13
16
51
32
18
20
2:5
14
4
12
0
3
23
8
46
2
24
127
13
105
73
9
74
59
6
32
8
13
5
65
3
54
38
17
73
54
118
426
21
78
95
103
17
216
9
195
86
243
304
10
33
1
5
116
104
180
54
121
141
85
101
100
28
97
14
61
102
44
5
97
170
15
129
275
328
8
10
38
66
17
70
229
41
309
124
75
8
19
168
50
0
758
279
105
10
176
247
109
2
24
42
280
22
6
69
50
140
75
110
186
209
241
277
13
20
30
110
84
2:8
19
53
90
38
19
24
83
7
8
147
11
29
2
102
54
125
110
339
353
20
77
107
452
175
191
8
2:43
0
23
20
131
2:73
22
29
38
100
54
47
31
30
127
20
88
212
5
20
3
104
94
122
26
3
106
36
362
47
63
80
14
4
57
34
64
28
31401
5
22
9
43
16
0
64
76
38
53
2
12
30
91
82
76
8
21
0
37
54
36
8
22
932
54
57
7
30
72
68
111
71
166
15
3
47
3310
2211
328
1553
5140
8678
2138
9942
880
1583
793
2041
7087
925
872
432
2220
2
8082
7
2:1
5
2821
0
882
958
19
2434
13
5144
2:8
2
5
1
1427
3523
0
11948
0
91358
13098
1
3543
1
7741
32
41
9417
32411
7
3
18
4
167
101
32
89
5
55378
85
74
38
119
7
2
84
18
53
26
83
27
8
2:2
1
4
6
2
11
2
54
0
721
56
21054
7506
643
5152
7980
575
1668
326
213
523
665
436
532
2
34
22
44
6
36
8
2
48
0
5
31
3
31
6
1
11
79
2:4
2
31815
8491
64
176
100
0
726
87
9
0
94
406
24
95
158
9
2
45
28
41
103
305
0
431
94
19
17
28
27
15010
4
11708
2:1
163
72
43
19
1414399800
522:0
1
0
22
-5
-9
-6
10
-10
-2
24
-19
-4
1442
-1440
23
1288
-1315
164
-161
0
75
-77
4
50
-40
0
-2
46
-56
16
-19
1
15
92
-103
54
-56
6
180
304
-479
-13
5
0
-1
-4
107
-107
3
-2
1413
-1400
14
87
-114
0
4
-3
11
-2
35
-46
0
-1
83
71
-94
188
-243
-5
24
-13
-2
-5
1
-1
73
-73
13
-14
-1
167
-167
-1
8
-3
1
43
7
-57
0
42
-31
13
-23
61
29
-90
37
-38
17
18
-29
-6
0
15
0
2:-2
21
-32
0
2
0
2
25
-29
7
43
-45
10
-11
361
-341
123
-147
0
2
15
-16
1
0
10
-10
0
1
17
-17
-3
4
-3
5
-5
22
-20
2
-1
-3
6
-3
-2
2:0
7
26
-18
-9
32
-8
-29
35
-32
216
-195
-26
-1
1
3:0
57
-49
-7
-1
2:1
3
5
4
-6
3
7
-14
10
-6
-8
9
-4
175
-180
90728
-90701
-26
4951
-4890
-61
4
28
-22
172
-167
-16
3
248
-252
14
-2
4
-14
14
2:-7
13
-15
3
2:22
-31
1
-16
12
-12
52
191
-241
2
1
0
37
-41
-2
1
18
-16
-2
92
-78
32
-45
0
44
-36
-5
2335
-2339
1240
-1205
-36
1
4
1
-3
-1
29
-22
3
-11
87
-85
2:-1
6
0
-6
1312
-1290
-20
83
-62
3
15387
-15412
9
-10
-1
5
-2
216
-217
13
-9
-5
732
-710
20
-30
1971
-1954
-30
0
20
-16
0
-4
10
-10
1526
-1516
-3
5622
-5614
-14
545
-537
13
20
3
681
-721
166
-165
15
-17
-3
2
0
-2
-1
21
-18
-2
3
-4
1
1116
-1116
103
-103
2537
-2511
20
-41
-6
2:0
7
-1
2
74
-79
282
-285
153
-145
-7
-1
0
18
25
543
-575
73
-82
177
-171
-6
0
13
-11
127
-98
2760
-2264
-525
31
91
-22
304
-384
-7
-4
305
-318
3
520
-513
4023
-3957
-76
3
-2
46
291
-333
-5
3
-3
25
-25
0
3
37
-40
52
11
15
45
391
20472
-20982
1
14
-17
3:0
68
-65
-3
2
44
200
-248
15
3700
-3706
-3
32
-10
1810
-1838
0
188
-100
988
-1075
0
36
-34
110
-108
-5
206
-199
-1
-5
17
26
-41
154
-156
2
-3
6
-4
30
229
-261
0
5
-3
22
-20
4
1
7
-3
11
-23
3
-1
1
2
-5
17
-18
53
-47
-5
59
-56
9
-11
0
2
12
-15
-1
4942
-3956
-985
178
-158
1017
-520
-517
8
150
-83
-74
-1
143
-143
-1
0
175
245
-323
-49
-17
-29
-1
3
1765
-1681
-46
-40
0
2
10
12
-22
-1
-3
13
-1
56
-51
-2
309
3015
-3329
-9
1
8:0
1
-1
0
46
-46
1
6
-7
6
-6
9:0
11
-9
-2
0
2
4
-6
5:0
1
-1
0
1
-1
0
5
-5
2:0
3
-3
3:0
1
-1
0
1
-1
1
-1
2:0
8
-2
2:-3
2:0
6
-6
1
0
-1
0
2
-1
0
-1
7:0
3
0
-3
2:0
2
0
-2
0
4
-4
4
-4
2:1
-2
4:0
2
2:-1
4:0
1
2:0
-1
2:1
0
-1
14
-12
-3
11:0
11
-11
0
1
-1
2
-1
9
-10
0
2
-2
5:0
1
4
-2
-3
0
3
-3
5
-5
19
-18
-1
1
-1
3:0
9
-8
-1
0
1
-1
0
3
-2
1
-1
0
-1
3
-3
3:0
31
-31
736
-736
0
42
-33
-9
2
1
-1
2:0
2:-1
1
-1
1
3
-4
0
2:1
-2
2
2:-1
0
7
-6
5
-6
0
4
-2
8
2:-5
1
-1
1
0
-1
0
4
-4
0
3
-3
3
-3
1
-1
2:0
141
-141
44
-42
-2
0
1
-1
0
1
0
-1
2
-2
4:0
2
2:-1
48
-47
-1
10
-6
-3
146
-147
4:0
1
17
-18
1
0
-1
25
-24
4
-5
54
-50
-4
5:0
1
-1
6
-5
3
194
-194
-4
19
-18
0
2
21
37
-61
14
-10
2:-2
0
2:1
-2
0
3
-2
-1
2:0
2
53
-55
2:0
53
-51
1
-2
-1
4:0
1
-1
0
20
-20
22
-22
3:0
2
5
51
-54
1
-5
3
-3
2:0
3
-2
1
0
90
-86
-6
1
2
8
-2
-3
-5
-1
26
-26
0
11
-9
-2
2
-2
1
-1
8
48
-56
3:0
4
-4
2:0
2
-2
0
2:1
2:-1
79
-79
3
-1
-2
3:0
6
-5
-1
1
7
-8
0
4
225
-229
1
2:0
6
-7
0
1
5
33
-39
0
10
-10
4
2:-2
7
-7
3
-3
10
-4
-6
1
-1
1
-1
1
0
2
-2
-1
3:0
2
-2
2:0
4
-4
6
-6
0
1
2:0
-1
0
2:2
-3
-1
1
-1
4:0
3
-3
0
109
-105
-3
1
0
11
19
-32
1
20
-9
-11
0
47
-46
-2
2:0
20
-11
-9
2
-2
2:0
105
-101
4
-7
4:0
2
-2
-1
2:0
4
-3
0
2
30
-33
0
end
