v1
785
743
222
264
239
615
314
107
130
1
57
56
22
146
515
27
165
612
196
330
206
191
202
260
169
0
15
11
271
101
324
10
216
19
99
167
27
9
100
376
19
42
183
312
399
156
31
88
109
28
277
72
134
18
33
20
242
194
27
36
79
57
139
22
254
59
144
237
317
20
12
263
297
134
113
381
212
176
40
14
306
33
69
14
43
376
497
42
135
327
39
140
284
217
64
28
93
312
332
7
288
2:106
169
16
93
456
312
100
194
321
76
7
181
27
29
45
2:19
25
10
8
19
2:25
46
5
14
117
17
60
58
13
69
74
9
56
8
50
65
3
38
71
127
8
110
447
78
95
120
225
122
73
329
314
33
1
5
116
284
54
121
141
85
101
41
198
58
149
102
39
131
15
116
13
79
219
14
299
46
2
83
70
229
41
423
105
7
976
199
102
460
167
23
1
344
75
50
325
913
33
80
152
44
36
128
126
15
147
40
73
210
110
0
609
2
101
184
452
175
70
121
8
43
86
32
30
266
38
100
54
47
61
55
92
88
153
59
5
20
3
193
5
702
101
117
34
64
28
31401
5
22
9
237
53
44
154
19
76
66
54
36
8
22
986
57
37
72
179
71
15
151
15
3
42
5
9
3301
2211
328
1553
5140
8678
12
2126
12405
2834
7087
1797
2652
2
8082
8
4
2
2821
882
3411
13
983
4161
18
5
1428
3523
11948
91358
13098
3544
1736
5981
25
73
9417
32357
22
42
18
4
280
20
89
5
16
55521
157
24
12
18
38
1
6
65
97
12
37
2
1
4
6
2
11
757
127
65
20938
3093
18188
575
238
1430
539
523
665
436
532
27
31
86
10
51
33
40
1
90
2:4
2
30302
10068
176
100
21
704
1
87
292
217
24
253
11
73
41
103
47
258
3
393
148
17
14832
33
200
1977
9735
2:1
109
54
72
43
-488360
188
287
146
0
250
0
206
74
145
89
26
78
223
7
306
271
0
202
66
114
48
455
0
391
266
259
176
10
0
19
90
874
512
182
39
35
211
61
141
15
209
88
19
94
177
190
0
27
498
132
0
70
69
214
185
109
82
458
119
203
8
247
271
27
0
14
2:74
31
47
638
34
272
215
71
384
0
83
106
0
151
404
29
356
132
145
1
306
241
6
200
290
152
20
317
85
139
50
349
48
150
283
402
101
460
31
42
343
66
54
171
83
332
65
267
394
39
72
15
2:13
79
0
23
127
14
90
211
19
38
57
19
10
62
0
38
1
30
59
68
0
37
0
243
264
6
388
265
26
148
194
50
70
206
350
0
16
189
104
420
172
151
68
370
0
248
6
30
0
310
0
5
99
173
493
403
0
36
5
662
480
0
10
195
24
198
0
115
0
92
147
42
67
115
949
0
74
0
18
342
179
0
7
35
64
37
76
19
71
5
166
0
102
31
54
80
39
38
417
171
38
144
118
84
40
0
217
160
492
0
36
0
6
210
73
22
0
134
0
73
114
14
29
0
92
417
35
0
71
56
86
19
67
52
244
0
11
143
73
37
80
18
25
23
0
110
25
31407
42
31
42
119
59
17
12
0
66
61
40
132
21
173
0
1051
41
199
0
11492
2824
6132
0
5114
10530
6920
2179
1744
11568
49
4651
1548
6083
1
17
1414
125220
47914
232
52
94
19
11
98
0
54560
816
112
126
2
5
22
75
0
144
13
32
2:8
5
17
1
768
18822
0
15595
9040
2056
814
1010
1
0
2
0
4
1
6
20
18
2
46
44
6
26
15
6
8
37
1
30
15
0
32
31872
8491
309
631
22
200
390
245
299
0
169
34
186
270
32
51
223
0
26926
51
30
8
33
1414472400
399:0
1
384:0
12
-3
47
3
3032
-3081
577
-558
734
59
711
-1522
64
-35
-25
-6
-1
1
2
81
-70
-15
287
-281
0
14
6
1
-17
1566
-755
-21
-747
-47
9
-3
-11
-1
7
-1
62
-5
129
-183
14
-22
-1
4
35
163
-148
-21
3700
-3514
-219
59
54
-84
-6
589
-603
-8
26
-6
-13
2:-4
3
38
-31
48
94
-135
-1
133
-149
1
10
55
-59
27
35
-63
1
108
-96
32
23
25
937
-1036
40
-40
21
1163
-1168
-14
5
684
-655
331
-356
109
-114
-1
327
-329
-1
50
330
-376
-4
3
0
3
5
-12
54
-40
13
-12
-15
420
-395
-15
27
6
-12
-16
-1
72
-85
261
-233
15
-44
30
-10
54
-50
-24
20
-16
1
138
-110
-28
-2
83
-86
9
0
136
71947
-72079
3
6261
-5481
-795
25
-15
216
-155
-70
139
-3
-135
-3
144
-136
-7
293
-276
-3
-12
1
-2
82
-72
159
-156
-9
83
59
-128
1
14
-4
447
-377
-31
-60
4
53
11399
-10436
-923
-89
21
-9
-30
4
-3
5
977
-808
-160
8963
-8977
-2
3
137
-9
-129
22
137
852
-977
288
-113
-199
4725
-4703
-32
3
-1
1080
-975
-35
9305
-9310
2163
-2213
0
461
-472
140
545
-690
3567
-3567
96
-57
-38
34
1543
-1576
-4
1256
2405
-3604
-43
-10
-3
427
-418
183
-182
20
50
493
-533
198
-235
-3
-1
15
220
-232
1
1617
465
-2049
-33
17
1
11
782
-421
-390
14
-7
-9
794
71
-867
30
-30
13
883
-887
-9
371
-357
-11
15
-12
46
-12
2
22784
-22826
37
-36
-1
85
-79
3374
-3380
19
311
-323
4629
-4621
-7
26
-27
1867
-1837
-15
91
1008
-1084
-38
231
-191
-39
88
-87
4917
-4901
452
-460
38
2313
-2360
9
34
-33
32
-5
-37
13
497
-504
13
33
100
-141
-4
22
-28
10
11
136
-157
52
85
-139
113
-88
8484
-7810
-464
45
-171
649
-754
547
-256
-136
-131
474
-74
-427
0
769
4025
-4716
-68
2274
-2192
-26
791
-810
-30
67
-74
12
-18
8
32
-37
52
103
-63
-100
2198
-2037
-148
-19
4
-5
2
0
-1
0
3
2:0
-1
1
0
3:-1
1
0
2
-1
-2
4
-3
0
-2
6
-4
-1
2:0
1
2
-3
4
-5
4
0
-4
3
0
-3
0
5
-2
0
4
-6
1
-1
4
-4
0
-1
1
0
-1
2:2
-1
-3
1
5
-6
2
-1
0
3
-1
4
-5
-1
6
-4
0
-3
0
3
1
-2
-1
0
2
-2
6
2:-2
-1
2
-3
0
2
1
-4
0
2
5
0
-7
1
5
-5
0
1
4
-5
2
4
-1
0
-6
3
0
-3
5
-5
3
0
3
-4
1
-2
2
-2
0
4
0
-4
-1
0
3
-1
-2
0
3
-2
0
3
-4
5
-5
2
-1
1
0
-2
2
1
3
-4
1
2
2:-2
-1
2:1
2:0
2:-1
4
-4
6
-5
2:0
3
-1
0
1
-4
2
3
-4
2
1
-2
0
-2
2
3:0
2
-1
0
-2
0
1
2
1
-2
-3
2
1
-1
0
-1
0
-1
7
-5
0
-2
1
0
4
2:-1
-2
5
-5
1
4
-6
2
-2
3
-2
2
-3
3
-3
1
-1
1
0
-1
2
-1
0
1
0
1
3
-1
-3
0
-1
0
2
-2
5
-4
0
3
-4
1
0
1
-3
0
4
2
-4
2:0
2:-1
1
0
-1
1
3:0
3
2
-5
5
-2
-3
0
-1
3
-2
0
3
-2
4
-1
-5
2
0
-1
1
-1
2:0
-1
2
0
4
-5
4
-4
3
2
-5
2:3
-6
2:2
0
2
2:-3
2:0
2
-3
1
0
3
-4
6
2:-3
0
4
1
-2
2
2:0
-5
1
2
2:1
-3
1
3
-3
3
-6
0
4
-3
0
1
0
3
-1
1
-5
2
-1
2
-3
3
0
-1
-2
0
6
2:-3
1
0
4
-2
-1
1
-1
2:0
-2
1
3
-4
4
-4
5
-2
1
-2
2:0
-2
2:1
2
-3
2
-1
5
-2
68
-70
-1
2:1
14
7
-20
0
-3
20
-18
-2
2:0
6
-6
2
-2
3:0
5
0
-4
4
1
-6
0
2:2
-4
4:0
5
-5
2:1
-1
1
2:-1
7
16
-22
-1
1
5
-3
6
-6
-3
5
-3
-1
0
-1
1
0
-1
2:0
2
-2
8
-8
5
-5
5
-5
2:0
2
-2
5
-3
-2
4
-4
0
1
2
-1
0
-2
4
-4
3
-3
2:1
8
-2
-6
23
-25
10
-10
2
2:-1
0
25
-25
0
2
-1
1
2
0
-4
24
-23
-1
3
-2
10
-4
-1
-3
-2
-1
5
-5
16
-16
28
-22
-6
2
-1
0
8
-4
-5
6
2:-3
9
-3
-4
-1
1
-2
0
1
30
1081
-1111
0
73
-54
-17
-1
2
1
7
-8
-4
3
0
-2
1
-2
1
7
-8
7
-5
2:0
14
-13
6
-8
2:3
2
-8
2:0
14
-13
12
-11
2
-5
3
217
-177
-36
-4
1
0
-4
3
-3
6
47
-34
-17
210
-208
-2
-1
23
0
-24
3
5
58
-56
2
-10
2
113
-111
-4
-2
0
24
-21
7
314
-304
61
-81
1
6
-4
63
-17
-48
19
-19
6
-2
-4
1
123
-124
1
-2
111
-104
-1
-5
2
72
-75
34
-33
0
15
75
-82
-2
2
-9
0
3
10
-10
-3
196
-171
-24
-1
2
1
2
24
-17
-6
-5
-1
0
37
-15
-21
2
-1
11
116
-129
1
-1
4
-2
1
-3
2
2:0
126
-128
7
-7
1
8
-4
5
-10
1
-1
3
537
-540
0
1
0
22
-21
2
3
77
-78
-3
5
-6
-1
1
-2
17
-17
2
-2
26
389
-415
7
-7
0
5
1
-5
0
-1
2
-2
10
-8
-1
5
2:-3
5
-2
5
-8
4
-1
-3
0
8
194
-188
-2
-3
-9
214
-213
65
-44
-18
-4
2
109
-108
-2
52
-24
-19
-8
85
-83
26
-21
-2
-7
1
-1
6
-6
0
4
-2
4
-1
1
-6
8
10
-15
-3
1
-1
4:0
1
-1
2:0
1
-1
1
-1
10:0
1
-1
15:0
1
-1
3
-3
15:0
1
-1
5:0
1
-1
14:0
1
-1
9:0
4
-4
6:0
2
-2
11:0
1
-1
3:0
2
-2
2:0
1
-1
2:0
1
-1
16:0
2
-2
3:0
1
-1
5:0
1
-1
0
1
-1
3:0
1
-1
3:0
1
-1
0
5
-5
6:0
2
-2
9:0
1
-1
3:0
1
-1
1
0
-1
2:0
1
-1
2:0
1
-1
0
2
-2
18:0
3
-3
1
-1
8:0
1
-1
4
0
-4
2:0
1
-1
3
-2
0
-1
2:0
1
-1
1
-1
3:0
2
-2
11:0
1
-1
3:0
1
-1
5:0
1
-1
1
-1
2
-2
2
-1
0
-1
1
2:0
-1
4
-4
10:0
1
-1
1
3
0
-3
-1
2
-2
2:0
1
0
-1
0
1
-1
2
-2
9:0
2
-2
1
-1
6:0
1
-1
4:0
2
-2
0
3
-3
1
-1
7:0
1
-1
1
0
-1
4:0
end
