v1
810
252
45
433
13
222
15
249
31
21
124
15
48
2:26
78
0
223
7
90
46
119
314
8
99
103
27
1
38
19
56
22
17
48
81
374
141
27
165
80
244
288
39
129
28
536
159
32
202
260
169
15
11
72
182
17
57
44
103
221
10
35
159
22
19
99
13
19
94
41
27
9
100
376
61
183
65
30
132
85
374
0
25
156
0
7
24
58
30
137
277
14
58
152
33
20
0
59
8
175
194
27
36
79
7
41
9
139
22
9
147
98
59
0
144
194
43
227
4
75
11
20
12
263
297
2:67
0
16
74
23
160
108
55
58
212
95
81
0
40
14
59
67
132
48
33
64
1
4
14
0
43
208
37
16
115
110
6
0
200
181
42
135
12
0
72
20
223
39
24
31
85
117
72
95
281
28
93
312
187
45
100
7
84
101
103
12
94
106
0
136
9
24
7
9
33
60
364
2:46
118
194
100
121
73
59
50
0
150
62
76
188
27
29
12
33
6
0
32
25
13
2
15
7
19
6
25
46
5
14
6
111
16
1
13
47
58
13
0
8
61
74
22
37
6
8
100
10
5
3
0
38
16
38
1
0
16
14
59
54
8
81
29
426
14
0
6
1
78
7
88
120
82
12
253
12
61
86
0
133
110
98
216
33
1
5
116
146
39
99
0
54
121
141
85
101
41
87
111
58
149
0
5
97
170
15
116
13
79
196
23
13
1
299
10
5
31
2
83
70
86
143
41
309
114
105
7
168
50
758
199
102
71
12
0
10
195
172
56
111
24
66
147
109
21
1
75
18
32
6
245
74
519
73
35
204
82
33
30
202
27
53
90
38
19
38
71
0
5
0
8
3
144
40
73
204
6
0
32
0
25
39
14
339
209
61
2
183
16
84
2
8
56
102
249
37
175
70
121
8
43
38
36
12
6
26
30
142
73
0
22
29
38
100
40
0
14
47
59
2
6
29
20
72
20
88
153
59
5
20
3
104
89
5
33
0
105
13
106
119
125
11
181
0
9
26
37
38
60
57
34
64
3
72
31354
5
6
16
9
12
31
42
119
33
53
14
0
30
24
61
40
0
29
19
76
8
58
54
36
8
22
16
970
57
37
72
68
87
24
71
15
151
15
3
42
5
9
3301
2211
2
326
1553
3764
1376
8678
12
2126
1878
10527
793
2041
4089
2182
816
925
872
2652
2
14
8028
40
9
1
2:2
16
2805
882
943
15
0
19
1514
933
983
1014
0
3147
2:8
2
5
1
1414
13
3523
11948
91357
1
13098
1
3543
1
1735
5981
25
26
47
9417
32357
22
39
3
22
72
208
20
72
17
5
54647
928
119
7
2
0
15
12
0
18
34
5
6
12
0
53
27
64
6
7
5
27
10
2
1
3
1
6
2
11
2
0
1
725
43
18
95
65
18644
2294
3093
10208
7980
575
238
203
1227
539
523
665
436
532
2
7
0
1
6
40
2
44
42
10
24
15
5
1
6
2
31
6
1
0
33
1
43
47
0
2:4
2:1
30302
1513
8191
300
64
176
69
31
21
601
103
1
87
9
0
283
217
24
111
142
11
73
41
32
71
47
51
207
3
10
0
353
30
129
19
17
46
14786
33
200
1977
9735
2:1
109
40
14
72
29
14
-488360
1147
878
996
551
384
0
317
29
964
2000
769
399
250
818
456
240
15
287
857
644
555
845
1574
358
4
2042
229
1097
80
20
219
127
211
57
68
276
0
323
1298
0
276
659
1181
254
307
137
1105
1574
115
281
0
946
259
18
528
99
374
133
54
745
0
182
242
911
439
187
23
529
138
54
388
119
85
110
123
23
166
31376
168
0
61
60
33
320
1224
3535
32797
9099
13360
187006
0
127
124
98
0
55376
47
47618
1011
2
31
18
221
15
41335
612
28435
51
71
1414471200
699:0
1
109:0
5
0
-3
9
-2
-8
51
-48
5
-6
-1
56
-55
9
-8
0
-2
0
2
-2
3356
-3348
-8
588
-587
33
784
-818
894
932
-1818
-7
2
74
-76
27
-17
-2
5
-11
0
-3
-1
5
88
-91
19
-15
312
-311
22
-1
-23
-5
144
-142
6
4
1611
-788
-834
0
882
-827
-43
-8
-3
5
18
-1
-17
-1
7
54
7
-71
1
-4
226
-223
0
9
0
3
-14
19
-19
77
-37
111
-151
66
5581
-5484
-161
1
-3
1
65
56
-83
-13
537
-563
14
1
-10
23
-28
0
18
-5
0
-4
-9
2
3
-4
0
6
9
-9
78
63
-147
124
-107
-18
3
14
-17
0
11
119
-123
-7
6
0
9
37
-52
16
-14
11
29
-42
3
109
-99
-1
6
-17
-2
1
126
-127
2:2
66
-42
25
36
-88
0
2
3
8
1013
-1018
-4
-2
-1
-2
48
-22
1246
-1241
-26
4
-8
10
773
-779
-5
36
-9
362
-376
1
539
-551
180
-176
3
-3
5
2:-5
401
-400
7
0
-8
56
-52
-3
-1
1
391
-382
-2
6
-6
-8
17
-17
0
73
-49
-16
-8
5
0
6
416
-395
-15
33
-17
-29
32
-32
70
-75
11
75
-79
-1
-4
256
-202
-55
3
0
21
-19
-4
106
-74
-1
-29
-4
7
-6
0
27
-24
-4
14
-6
-7
124
-106
-18
0
1
26
-16
-11
9
93
-37
-61
6
-9
7
-8
0
4
175
-177
72411
-72394
8
5728
-4897
-857
-1
6
0
36
-35
238
-176
-49
119
-137
160
-153
-3
0
-4
168
-159
270
-262
12
-23
-7
6
-4
6
468
-468
-3
-5
170
-157
-1
-13
94
126
-217
29
-11
24
-42
-2
56
434
-386
-96
-9
1
8
-7
299
-280
-8
57
-67
-1
-2
0
11280
-10315
-964
109
-111
42
-17
-22
-2
0
31
9
-20
-19
9
-10
13
-6
941
-946
3:0
4
-1
13
5
8729
-8745
-1
-5
6
-1
-6
0
4
-3
124
-122
-2
3
33
-28
-10
2
1085
-1086
-1
2:1
35
289
-39
-254
5112
-5108
-37
1
9
-8
8
-3
-1
-3
0
-2
853
-753
-22
-78
0
10533
-10455
-73
2278
-2277
-6
25
-21
24
460
-470
137
547
-685
265
-278
4
100
-103
2
-5
2
-4
1
-2
1
3
-1
25
-28
0
7
-7
42
1720
-1749
-12
10
520
3031
-3559
64
-10
-49
-5
-3
6
9
2:-7
1
462
-462
0
1
0
14
214
-217
-10
44
58
562
-618
191
-240
12
-5
2
2:-4
50
172
-212
0
1779
811
-2558
-34
26
14
-10
512
-552
394
-381
-12
19
-7
-4
804
-807
951
-948
-3
-4
-2
29
-26
15
-1
1133
-1149
4
21
-24
0
367
-343
-17
-1
16
-20
34
-4
-28
-1
49
-6
-47
0
47
-21
-25
25074
-25064
-8
-2
53
-45
-6
0
89
-75
-17
3414
-3333
-69
26
309
-342
9
4772
-4769
2:-8
42
1901
-1945
42
-19
-22
112
1017
-1126
1
248
-247
-5
1
54
-49
0
85
-90
4462
-4432
-26
1
0
-6
4
13
-14
42
-38
2286
-2293
22
-19
34
-19
52
-29
-39
0
1
-3
10
-10
19
458
-472
8
15
-28
52
120
-156
-15
25
1
-5
-2
60
88
-164
-3
-1
1
5
-5
47
-47
137
-133
-5
1
6
-7
115
-115
27
-23
-2
0
8635
-7625
-1012
147
-4
172
-189
-113
1004
-1007
-9
-1
1
574
-264
-309
204
-177
-28
275
1060
-1331
-5
0
3
616
4264
-4882
83
-64
2061
-1983
-97
109
227
-336
44
-20
-23
0
-2
90
-88
14
13
168
-186
5
33
-38
60
80
-14
-134
-4
2271
-2094
-173
16
-20
2:0
-1
1
-1
0
1
3:0
-1
0
1
-1
1
2:0
-1
0
1
0
-1
0
1
3:0
-1
1
2:0
-1
1
0
-1
2:0
1
-1
1
0
-1
1
2:0
-1
0
1
0
-1
2:0
1
-1
0
1
0
-1
4:0
1
2:0
-1
1
3:0
-1
1
-1
0
1
3:0
-1
0
1
2:0
-1
1
-1
1
0
-1
2:0
1
-1
3:0
1
-1
1
0
-1
2:0
1
2:0
-1
1
0
2:1
-1
1
-1
0
3
-3
3:0
4
-4
2
-2
0
1
-1
2:0
73
-72
-1
2:0
2:1
-2
15
7
-19
-3
0
3
-3
0
17
-14
-3
1
-1
3:0
6
-6
0
2
-2
2:0
5
-5
0
8
-8
2:0
6
1
-7
0
1
-1
2
2:-1
6
-2
-4
3:0
6
-6
3:0
1
3:0
-1
1
-1
2
-2
4
3
12
-19
1
-1
7
-5
0
-2
0
10
-4
-6
5
-4
-1
2:1
-2
4:0
1
0
-1
6:0
2
-2
11
-11
0
8
-1
-7
2
-2
3:0
4
-4
4:0
2
-2
2
-2
0
5
-5
0
4
-4
0
4
-4
6:0
1
-1
1
2
-2
3:0
-1
2
-2
4
-4
1
-1
4
-1
-3
2:1
-2
0
13
-2
-9
-2
2
-2
26
-26
3:0
13
-13
2:0
3
-3
0
2
-2
3:0
29
-29
5:0
1
0
3
-3
4
-5
0
22
-20
-2
0
1
0
2
7
-2
-1
-2
-4
-1
1
0
9
-10
0
20
-20
2:0
31
-26
-5
1
0
-1
1
-1
11
-5
0
-6
0
1
-1
0
7
-6
-1
4
-4
0
9
-9
3:0
6
2:-3
1
2
-3
3
-3
1
-1
2:0
1
35
-35
1064
-1063
-1
83
-61
-23
0
4
0
-1
0
2
6
-3
-8
0
4
2:-1
0
-2
4
-2
6
-8
11
-10
-1
1
-1
2
17
-17
0
-2
10
-10
4
-4
2:6
-7
-3
-1
0
-1
0
16
-13
11
-11
-3
0
2
-2
4
-1
1
-1
-3
3:0
229
-185
-43
7
-8
0
3
-3
3:0
3
0
-3
3
-2
3
-4
55
-53
-2
2:0
2
-1
1
-2
207
-203
2:-2
1
0
-1
3:0
24
-23
-1
0
4
-4
0
1
68
-69
3:0
2:8
-13
2
113
-114
-4
0
2
-2
3:0
1
0
-1
24
-21
6
-9
0
346
-325
-19
78
-80
3:0
2
6
-5
71
-15
-57
18
-14
-5
7
-8
0
1
-1
2
-2
4:0
3
-3
1
0
-1
2
124
-124
-2
2:0
124
-124
9
-3
-6
1
-1
3:1
-3
0
83
-83
4:0
39
-38
2:0
15
93
-99
-1
-9
9
-9
2:1
-1
0
11
2:-6
210
-184
-25
-1
3
1
2
22
-28
14
-8
-6
3
-3
0
39
-38
26
-26
2:0
-1
3
-1
0
14
121
-136
-1
0
2
-2
0
5
-5
2
1
-2
1
0
-2
1
2
-1
-2
0
2
-2
0
131
-130
0
-1
8
-8
1
-1
10
-4
-6
9
4
-13
2
-2
2
0
566
-568
0
3
-2
22
-23
2:2
-4
6
78
-84
0
7
-6
1
2:0
-1
2:0
-1
17
-17
6
0
-5
-1
2
-2
0
22
-20
374
-376
7
-7
2:0
6
0
-5
0
1
-1
2:0
-1
0
1
4
-4
-1
10
-8
2:-1
7
-6
-1
4
2
3
-8
-1
3:0
1
3
-4
3
-3
3:0
1
-1
0
8
-7
-1
0
211
-192
-19
11
0
-2
-9
0
229
-227
0
-2
0
68
-45
-23
4
-4
0
1
119
-117
-2
2:0
56
-22
-34
11
-8
98
-98
-4
32
-26
-6
4
-4
3:0
1
2
-3
5
-5
2:0
3
-1
4
-1
3
-8
0
7
12
-19
3
-3
3:0
1
-1
27:0
1
-1
4:0
1
0
-1
1
-1
20:0
1
-1
8:0
1
-1
11:0
1
-1
12:0
2
-2
2:0
3
-3
1
-1
0
end
