v1
652
439
96
38
0
90
159
246
161
52
139
39
9
8
18
0
213
29
228
119
79
0
302
0
209
19
56
22
28
339
275
46
66
158
265
288
58
278
96
5
19
124
152
130
8
53
23
81
249
0
109
15
180
271
329
0
66
9
21
10
334
33
54
39
41
313
63
125
5
67
94
141
9
34
61
71
85
54
330
15
2:0
21
135
31
51
7
167
277
140
0
117
20
87
122
33
1
71
0
185
79
289
85
98
59
45
127
83
160
193
110
208
67
297
22
3
109
18
72
23
9
372
203
185
54
59
280
69
0
57
176
200
127
370
24
0
18
135
123
0
109
71
24
10
29
279
145
94
119
41
27
2
5
114
235
0
53
0
132
0
49
175
7
394
106
169
31
142
54
11
154
173
0
24
116
160
306
85
24
170
2
101
0
15
7
86
95
27
29
0
51
32
43
19
6
2
11
6
17
5
2
1
46
25
0
118
10
101
14
0
3
82
62
4
8
7
38
0
14
6
58
65
41
16
38
17
0
14
39
74
76
42
85
0
134
207
21
78
95
120
94
131
335
6
183
30
148
23
103
10
33
6
116
21
0
56
117
90
54
121
47
0
94
85
101
41
87
60
2
2:49
9
3
1
145
0
91
181
15
129
275
6
0
31
21
255
23
10
23
15
153
229
41
42
267
148
51
27
976
199
102
71
12
10
280
32
55
50
6
105
4
2
24
344
6
69
50
325
407
229
19
258
33
30
0
171
25
139
75
19
38
69
7
8
106
41
40
64
213
6
110
339
171
99
103
57
127
245
10
157
3
37
175
70
0
121
8
43
74
4
8
0
23
22
86
2:73
51
38
100
54
47
59
2
127
20
2
86
153
59
5
20
3
10
0
94
89
5
151
85
21
102
92
61
42
2
54
0
41
51
26
2:75
42
34
64
13
14
1
0
31401
5
22
9
43
46
24
177
14
30
24
61
88
76
29
37
54
36
8
22
930
2
54
0
64
102
68
111
71
166
15
3
3357
2211
328
1539
14
322
4818
2128
336
0
2780
2337
1097
2138
12405
3
790
830
1211
4099
2988
1797
1267
1385
2
4
0
10
8075
7
2807
14
1840
1533
920
13
1997
3146
0
8
11
5
1428
4054
102775
16643
7716
25
73
9417
32379
42
22
33
39
74
61
0
47
25
0
1
12
8
53
19
17
5
16
10999
43632
731
9
76
0
47
27
157
7
2
27
18
10
28
1
6
12
145
1
16
27
10
2
0
1
10
2
11
3
33
721
20
107
44
25
3445
9355
8134
3093
1178
0
3878
5152
2004
5973
3
575
1668
539
0
334
189
665
970
3
5
1
2:8
9
18
2:2
53
33
8
0
2
27
26
31
2:3
27
4
3
1
11
32
8
18
12
9
4
6
30302
8628
1107
269
64
176
43
57
600
0
22
41
62
1
48
39
199
23
70
180
37
24
111
4
138
11
73
41
22
78
3
47
36
222
13
53
98
62
170
35
89
0
5
19
17
28
10
17004
0
9735
2:1
163
12
60
43
1414681200
651:0
1
5
-6
0
16
-16
4
24
-21
-1
-3
44
138
-185
0
3
-1
4
1855
-1860
-1
2:0
9
146
383
-508
125
-153
1
8
-8
-3
5
28
-30
0
5
-4
-3
0
126
-122
-4
1
-2
85
-85
0
262
-253
-9
17
-15
2:0
-1
8
89
152
-240
-10
1
128
-125
1
-3
-2
13
-12
-1
7
62
-54
-15
40
-35
-4
14
-13
0
223
-220
2:-1
111
186
-110
-167
0
269
-289
-2
2
35
-28
-8
0
6
4
67
-77
7
-7
-2
2
1
-1
3
29
-33
104
-99
44
431
-69
-409
1
-3
142
38
-176
170
175
-347
252
-246
-1
137
-128
-16
63
0
-62
0
13
-5
-10
2:0
1
-1
1
11
-11
6
-6
2
4
-5
3
-3
3
-1
0
-4
3:0
1
23
-17
120
-118
19
-26
1
76
-69
-1
-9
0
12
-11
7
71
-68
-11
4
-4
0
1
-1
1
-1
16
-14
2
0
-3
28
-28
3
2
-6
22
165
-186
2
-1
18
-13
-5
0
144
-74
-70
-2
1
73
329
-403
123
-68
-51
2:0
8
-4
56
454
-518
13
-10
6
-1
43
-48
2
-4
27
-24
0
-2
6
86
-71
44
-33
-32
9
-5
13
190
-208
4
-5
2
126339
-126038
6200
-6451
-50
0
14
-13
19
22
-34
-10
0
65
-6
-3
102
48
-206
7
-2
-4
16
-4
-12
6
3
-10
3
11
7
-19
2
0
-1
-3
0
45
-34
-10
471
-447
-7
1334
-1351
4
-4
-1
140
-65
-72
64
-62
0
31
-30
-3
63
-61
0
56
-31
-16
-11
8521
-8523
1864
-1863
1
-2
3
13
31
-43
-5
0
2
3
0
1154
-1132
-16
149
-138
246
-267
56661
-56656
-5
0
2
109
-111
2:4
19
-28
1008
-1005
38
-39
7
34
2
-45
0
43
3593
-3619
-11
10
-7
-1
-4
-2
3730
-3730
-1
131
-101
-4
47645
-47665
-6
3081
-3076
7
-13
77
-43
68
1994
-1405
-249
-442
0
3
-1
20
-13
-8
9
-10
1
4
-2
0
-3
0
5
-2
2:-1
0
4
1497
-1500
-2
4
-2
0
9
946
-920
14
-48
-3
1
5
-1
448
-427
-25
172
-158
-14
8
120
838
-914
713
-765
7
1
-2
13
1633
-1647
168
-169
973
-845
-89
-35
133
545
-686
53
-52
306
-294
-12
0
3
0
1
341
486
-818
206
-220
2
352
-199
-122
-27
30
5580
-5615
0
5
-4
12
-6
202
72
-273
17
42
-69
2
0
1
41391
-41360
17
-48
61
341
-389
262
-260
6719
-6736
843
-614
-225
1
-6
4
0
3
-3
0
17
-16
13
-11
-6
60
1273
-1320
-13
9
-4
-5
-1
0
5
53
-26
-31
10
93
-97
-7
15
5105
-5032
-74
-11
0
26
-21
322
-326
8
8875
-8886
47
2
-40
-2
-8
16
-16
13
-12
2
722
-716
0
-9
0
7
1
-7
4
24
-9
88
-104
-1
-3
26
-17
40
-32
-10
2:-3
36
-37
11
-5
194
-197
161
-162
0
3
-5
1
19
-15
3
-2
-6
11054
-10336
-716
18
-18
-1
14
40
-40
114
-101
-25
-2
11
333
-308
-35
64
-64
0
2
-4
131
104
211
-440
28
23
-52
-1
325
-234
-94
9
28
-36
9645
-9640
-6
3
80
-61
1054
-1063
4
40
25
-72
61
-60
11
0
127
-1
-134
-11
1241
-1238
2
125
-7
-122
661
-663
30
221
1
7:0
1
-1
0
4
-4
4:0
1
65
-66
4:0
8
-3
1
2:-3
0
24
-24
2:0
7
-7
2:0
1
-1
0
8
-8
7:0
1
-1
1
-1
4:0
14
-14
2:0
1
2
-2
-1
2:0
1
-1
2:0
3
-2
-1
1
-1
0
1
-1
0
3
-3
1
-1
0
14
-9
-5
0
3
-3
2:0
9
-9
2:0
1
0
-1
7:0
2
0
-2
8
-7
-1
0
5
-5
3:0
2
-2
1
7
-8
8
-6
0
4
-6
5:0
2
2:-1
11:0
1
-1
2:0
1
0
-1
4:0
4
-2
31
-32
2
-3
9:0
29
-29
0
1
-1
5:0
3
-2
-1
0
1
6
-4
-3
1
-1
3
-2
0
-1
2
10
2:-6
2:0
13
-13
2:0
16
-1
-15
0
5
-5
1
0
1
2
-1
16
-19
2:0
4
0
-4
0
1
-1
5
-4
0
-1
0
8
-5
2
-3
-1
1
-2
0
47
-46
-1
0
1
1237
-1238
58
-50
-8
0
2
-2
2
1
2:-1
0
1
9
-7
-4
6:0
5
-5
2
0
-2
0
2
0
-2
2
0
-2
2:0
9
-9
0
61
-49
-9
14
-17
8
-8
0
1
7
-8
9
-7
-2
4
-4
0
4
-4
2
-2
1
4
-5
287
-287
106
-106
4:0
2
2:-1
4:0
76
-71
-3
10
-4
-8
0
295
-292
-3
0
3
21
-24
0
1
2
-3
37
-37
0
1
0
8
-1
-8
2:0
82
-77
-5
0
2
0
-2
0
6
-6
0
22
-20
3
363
-368
1
67
-68
1
-1
2
4
57
99
-160
20
-22
0
1
-1
2
1
-3
1
-1
0
1
-1
1
-1
3:0
1
-1
0
2
130
-132
0
1
2:0
-1
81
-74
4
-10
-1
0
2
-2
45
-44
-1
38
-37
-1
4
18
155
-174
8
-11
1
6
0
-7
2
-1
6
-6
155
-153
1
-2
22
-6
-18
9
-8
13
-14
5:0
19
-4
-13
1
-2
-1
15
-10
-3
1
15
102
-118
0
-2
3
-1
0
1
3
-5
0
2
-3
1
2:0
147
-148
3
-3
5
15
-19
-1
5
454
-459
6
4
-9
-1
0
1
0
-1
4:0
2
-2
2
1
84
-82
-5
0
1
-1
3:0
28
-19
-8
2
-1
0
-2
0
163
-163
7
-7
0
18
-16
95
-96
0
13
-14
10
-7
-3
2:0
1
-1
3:0
4
-2
0
-2
5:0
4
-3
14
-15
0
2:1
-2
2:1
-2
2:0
2
0
-2
0
4
-4
6
-6
4:0
2
-2
2:0
1
203
-185
-18
2
-2
-1
0
7
-6
45
-45
-1
0
1
26
-11
-16
1
-1
3:0
3
61
-64
4
-1
-3
2:0
25
-8
-17
0
1
0
410
-411
2:0
33
-26
-6
1
-2
4:0
2
1
0
8
-3
-2
-5
69
-68
3:1
-5
3
-3
2
14
end
