v1
1001
743
16
470
52
139
48
130
159
207
119
79
67
0
42
126
216
21
58
19
37
22
28
32
628
83
82
612
140
386
54
152
93
66
234
115
17
190
107
26
160
111
329
106
334
13
113
41
160
275
138
278
61
55
101
333
66
21
5
130
31
55
170
277
82
175
44
218
194
63
79
86
110
93
85
157
45
673
255
20
259
38
134
90
23
22
359
212
21
155
54
125
161
53
36
33
57
176
396
301
42
462
39
55
30
339
281
0
121
312
328
4
7
271
123
275
16
157
55
337
312
44
250
119
15
145
2
116
188
27
29
45
6
32
25
10
8
2:19
6
25
46
2
3
14
117
17
101
2
15
14
68
1
61
4
8
45
14
6
3
26
10
14
5
31
34
3
35
3
54
17
14
84
29
118
85
362
78
7
88
120
225
160
35
31
298
304
10
33
1
5
116
146
138
54
121
141
85
101
41
259
58
88
5
282
129
281
41
214
75
10
23
13
2
153
106
123
41
135
174
114
85
20
7
218
758
192
109
71
12
10
367
50
6
109
2
66
115
187
8
67
50
165
796
16
3
258
33
30
8
194
80
128
19
107
7
8
147
40
393
609
103
82
16
84
2
130
230
55
0
37
175
17
53
0
121
8
3:43
6
17
305
38
100
54
47
53
6
2
147
88
115
38
59
5
20
3
104
89
3
2
26
93
32
106
445
63
155
34
77
15
0
31406
6
16
9
43
247
14
30
173
4
72
66
54
36
8
22
986
166
68
111
71
108
58
15
3
3357
2211
316
12
1553
5140
8678
2138
12405
3
790
2922
6206
925
3
869
1267
1385
2
14
8068
8
2
4
16
2805
882
943
15
1533
933
474
1523
3154
9
2
5
1
1427
3523
531
102774
1
13098
3544
1
7716
25
73
9417
31396
909
116
18
4
26
7
247
20
53
36
5
54647
703
187
38
119
9
15
69
18
1
79
70
9
3
2
25
10
2
1
8
4
11
2
1
725
29
196
3445
12245
5244
8150
5151
3251
4729
575
1668
454
418
190
582
83
968
2
1
2
6
47
58
28
55
8
31
40
1
90
2:4
2
30302
10004
64
176
69
31
726
87
292
217
24
95
16
142
9
2
73
41
103
47
36
43
6
173
431
94
19
17
15
14827
156
67
1977
9735
2:1
109
34
20
12
60
43
23
-488315
101
19
433
184
51
76
177
0
203
247
242
136
31
39
108
21
219
119
90
82
32
53
209
127
103
11
39
288
330
16
170
539
124
21
5
336
28
0
102
50
128
45
83
293
221
12
216
0
154
243
0
4
2:0
131
20
437
96
107
23
44
23
71
1
140
212
441
60
221
96
280
0
35
112
61
54
53
156
12
41
0
353
50
4
0
147
49
37
0
514
1
0
160
13
180
87
91
180
19
60
303
229
270
80
424
68
67
37
0
240
19
55
142
22
69
131
28
88
317
241
104
19
11
86
0
121
171
491
70
5
57
115
160
17
53
132
0
31
154
244
102
572
61
194
55
6
143
84
60
171
186
117
146
149
221
9
19
2:29
51
0
2
6
14
2
8
33
184
23
14
133
34
11
4
7
2
8
102
118
15
72
128
219
58
471
8
40
439
316
122
16
2
516
108
32
0
249
28
12
99
138
120
23
31
57
313
18
0
199
47
176
196
23
14
8
155
61
90
99
149
314
48
0
268
35
59
109
64
14
45
310
147
0
498
151
34
47
342
0
32
153
1
48
37
128
224
38
223
96
3
122
21
0
90
71
100
112
525
75
28
58
11
161
153
148
140
13
41
0
125
96
17
332
4
0
171
101
36
45
26
65
6
115
30
96
278
0
18
144
71
115
170
0
19
5
41
164
95
271
8
56
29
54
38
158
0
270
19
23
85
24
118
96
129
0
75
61
0
42
2
13
28
11
0
47
20
48
0
5
20
38
17
75
33
107
59
31370
15
76
27
117
5
33
2:67
102
118
21
99
70
920
111
74
93
3:0
374
43
15
272
2688
2554
2857
2095
691
1024
346
2470
5116
1110
0
16154
1674
3200
2608
5271
8087
21
2790
5304
2
1039
3119
1
8
2:0
11
1
5483
115876
0
39076
13975
34
108
46
5
18
48
32
29
54
61
0
24
22
58
27
6677
2953
1380
25036
19327
85
238
29
18
15
0
7
23
0
65
0
46
45
1
61
4
2
23
26
741
43
13
0
49
7898
2:0
17378
17823
448
1521
333
1
143
1147
330
208
13
17
18
2
1
45
69
8
23
1
38
14
17
3
15
32
0
38
40398
427
0
215
225
172
36
94
0
2
12
96
2:100
38
211
194
166
30
65
9
101
183
47
40
68
251
38
68
26825
1414257000
499:0
1
500:0
195
2947
-2865
-253
-15
13
42
-55
242
3880
-4122
1
0
1
0
-4
34
196
-207
10856
-10820
56
-116
18
-12
44
172
-219
-2
5
113
-94
-21
-2
0
613
-606
-6
-2
103
369
-466
16
-22
-1
6
25
-25
15
-20
252
-20
-233
166
-165
20
-17
31
-32
25
-10
705
363
-1073
701
-682
227
-258
122
-121
4
-2
138
-141
1
9
14
-6
591
-529
154
43
-269
2
-8
395
-397
1
6
301
-304
-4
492
-468
-18
38
-45
0
5
212
-217
13
-1
23
-22
-9
0
91
-93
-1
23
175
-186
656
-496
-152
-6
5
-15
105
-93
175
-185
-1
3
50
-20
4
-38
17
-19
5
149
-145
65
233
-310
28
142
-125
8
-33
-5
-14
2
25
-21
-7
44
175
2243
-2461
-1
82
66
-115
-6
-23
-3
4
-4
1
110
15
385
-511
187
-142
-43
22
31
-53
31
141
-162
97
-97
-8
111
300
-325
-89
7
1
321
-329
104449
-104424
1
12719
-12497
-201
67
-75
-25
36
-6
52
801
793
-1612
498
-565
21
-28
-4
7
8165
-8033
-131
1
49
4651
-4703
-7
147
1028
-1148
-12
2
-7
75
-54
152
-87
-97
149
-135
-10
17
71
-87
7
-11
31
-21
-11
28659
-28638
15144
-15137
-27
10
11
7
56
-63
-7
-14
8
2
763
-736
206
-212
93
185530
-185644
524
-522
30
-24
-14
25
920
-948
235
-222
0
84
28
-67
-17
-1
-11
5664
-5664
-4
-2
-25
3
319
-242
-29
79645
-79671
-12
10
5355
-5310
-30
-16
6
799
300
-1125
1128
-1120
-9
-1
34
1
-18
-17
1
21
-17
-3
2903
-2902
1
0
1218
-1219
53
212
-261
19
-26
1108
-740
-366
14
47
21
1370
-1111
804
-1133
0
-11
129
-121
11
1547
6537
-8075
498
-454
-45
649
-378
-223
-62
1440
-999
-451
186
-190
430
-432
9
-2
42
45
1596
-1687
7
58
-65
13
-16
17
33
-40
57
-46
55
-68
-6
27
-15
26476
-26421
-68
2
10
-10
-2
65
-59
36
130
-139
281
-263
6402
-6453
24
60
-49
76
-112
14
85
-77
-19
2
2819
-2816
56
584
-647
688
-684
-3
624
-589
218
-248
-6
0
137
352
-477
830
-808
9
-44
219
-92
231
-351
10
14
-30
97
-78
-9
-6
92
-67
36
-64
25
113
-140
50
-25
-1
-4
93
-96
-6
-8
4083
-3757
-274
-53
5
16
18016
-16803
-932
-284
-5
967
-978
46
215
-157
-106
5
408
-409
35
2012
8653
-10697
-3
248
238
-481
11909
-11813
1253
-1347
1
-13
152
-78
-68
6
95
-96
-11
49
-31
-18
5
147
52
-128
-76
5
552
-553
54343
-54332
17
-38
1
3
2:-2
4:0
-1
0
2
1
-2
4
-5
2:3
-6
2
3
-4
5
2:-1
-3
-1
3
1
-4
1
4
-5
4
-3
3
1
-4
0
-1
6
-6
0
1
2
1
2:-2
0
2:1
3:0
-1
5
-5
-1
2
1
-1
4
-1
-5
2
1
-3
2
0
-1
2
-1
0
-2
0
2
4
-3
-2
2
-2
3:0
1
0
-2
0
2
-1
0
1
0
3
1
-2
-4
2:0
1
2
-3
6
-3
0
-3
4
-4
2
0
1
3
-4
0
4
-6
5
-3
2:1
-4
0
2
1
-1
0
-1
4
-2
2
-4
0
1
-1
2:2
-3
-1
1
-2
0
5
-5
1
2
1
-1
-3
3
-1
0
2
-4
3
0
2
-2
-1
-2
5
-3
0
2:1
-1
3
-6
0
3:1
-2
1
-2
2
-2
6
2:-1
-3
0
1
-2
5
-4
1
-2
2:0
3
-3
2
1
-3
5
-4
0
-1
2:1
-2
1
0
2
1
-3
2
-3
0
6
-6
0
1
0
5
-6
1
-1
3
1
-3
3
-3
5:0
-1
3
2
0
-4
0
5
-5
-1
5
-4
0
-1
2
-2
2:2
-1
-3
4
-4
2:2
-2
3:0
3
0
-5
3
0
-3
2:1
0
-2
3
-3
0
1
0
2
-2
1
3:0
-1
5
-1
0
-3
-1
5
-4
2:0
-1
2
0
-2
0
1
2:0
3
-1
1
-2
-1
2
-3
2
2:-1
5
-4
2:0
-1
0
3
-2
4
2:-3
0
3
-2
2:0
1
3
-5
2:1
3
-1
-3
0
-1
1
0
5
-5
0
3
-2
1
2
-3
3
-2
0
-1
4
-3
1
2:-2
4
-4
6
2:-3
1
0
1
0
-1
4
-1
-3
4
-3
3
0
-4
3
-2
1
2
-3
2:0
-1
0
-1
3
-2
5
-6
0
1
0
1
2
-3
2:0
-1
0
1
2:0
4
-4
1
2:-1
6
-6
1
0
4
-3
0
-1
0
3
0
-4
0
3
-1
-2
4
-3
1
2
1
-3
0
-2
1
0
1
0
-1
2:2
-1
2
-1
-3
3
0
-5
2
0
2
-3
1
-1
3
2
-4
-2
6
-5
0
2
0
1
-2
-1
3
2:-2
4
1
-5
6
-4
-2
5
0
-5
0
1
4
-5
1
2:0
-1
2
3
-1
-3
0
3
-2
4
-5
-1
0
2
3
-4
-1
2
1
0
-2
3
0
-1
-3
3
-1
-2
3
-1
4
-2
-1
2
-4
0
3
86
-89
1
2:0
2
-3
1
19
-19
11
5
-14
-3
43
-42
3
15
-18
-1
2
12
-14
1
-1
0
2:1
-2
2
-1
6
-3
-1
-3
0
8
-2
-5
-1
3
5
-7
0
5
-6
1
0
-1
0
6
-6
18
-2
-16
5
-5
16
-16
7
-6
-1
4
0
3
-7
4
1
-4
13
-14
2
9
-10
-1
0
13
-12
-1
1
10
-11
0
13
-13
3
-3
2:0
1
4
-4
2
6
-5
-3
3
0
-3
-1
0
15
6
-20
44
-37
-6
2:0
-1
4
-2
65
-68
1
-1
1
0
2:1
4
-6
2
27
-29
0
12
-12
1
14
5
8
-27
1
-3
2
9
-11
1
23
-24
37
-36
-1
0
8
2:-3
6
-8
1
-1
1
5
-6
14
-10
2:-2
1
8
-9
0
3
9
-11
15
-12
-2
8
-4
2
-6
1
-2
55
-54
1881
-1880
-2
103
-71
-30
24
-19
-3
3
17
-16
-5
26
-30
3
-2
11
-10
1
-2
-1
25
-21
-4
1
50
-41
-10
12
16
-26
20
-17
0
3
-6
0
17
-19
31
-28
0
3
-3
-1
1
-1
12
-14
0
588
-587
145
-143
-3
5
-5
1
8
-5
-2
-1
3
0
66
-61
10
-12
-4
348
-346
41
-39
0
-7
3
-3
133
-133
0
3
0
17
-8
-11
8
0
-5
137
-135
-5
4
-2
-3
20
-18
19
546
-558
-5
-3
121
-120
14
-16
8
115
21
-143
38
-31
-4
-3
10
-10
-1
3
-2
7
-5
0
279
-282
4
0
127
-131
4
11
-14
2
-1
68
-11
-59
6
-1
29
203
-223
17
-19
-7
-3
16
-10
-8
297
-271
-22
2
21
-27
22
16
-28
-10
54
-34
-14
0
-6
11
-7
-4
0
3
27
152
-181
1
2:-1
8
-8
5
-1
-3
5
-5
4
-4
0
3
0
206
-206
0
1
-5
2
-2
12
-9
2:8
-19
0
9
1056
-1063
-2
5
0
7
-12
2:2
2:-2
3
171
-172
-2
30
-29
21
-10
-11
13
0
-14
2:1
-2
58
-58
3
0
1
12
-12
6
10
-13
-6
1
4
-4
2:-1
7
-6
0
-1
17
-17
10
-10
0
6
-6
2
3
2
-5
1
-2
3
-4
3
2:-1
8
269
-273
8
-8
5
129
-138
1
57
-20
-37
0
123
-122
3
56
68
-129
1
9
-11
4
263
-264
62
-64
-1
2:0
31
-31
16
-8
3
-10
-1
0
1
4
5
-1
-5
-4
2
12
-11
1546
-1546
-3
2:0
1
0
-1
7:0
1
-1
5:0
2:1
-2
19:0
1
0
-1
17:0
3
-3
6:0
1
-1
8:0
1
-1
10:0
1
0
-1
3:0
1
-1
7:0
1
-1
2:0
1
-1
5:0
1
-1
15:0
3
-2
-1
8:0
1
-1
4:0
1
-1
0
1
-1
0
2
-2
6:0
1
-1
3:0
1
-1
9:0
2
-2
6:0
1
-1
1
-1
0
1
-1
7:0
2
0
-2
8:0
2
-2
2:0
1
-1
10:0
1
-1
13:0
1
-1
2:0
1
-1
5:0
2
-2
12:0
1
-1
7:0
1
-1
0
1
-1
1
-1
8:0
2
-2
2:0
2:1
-2
3:0
2
-2
4:0
2
-1
2
-2
-1
10:0
2
-2
10:0
2
-2
0
1
-1
1
-1
2
-2
0
3
-3
1
-1
11:0
1
-1
7:0
1
0
-1
0
1
-1
3
1
-4
4:0
1
-1
2
2:0
-2
11:0
2
-2
1
-1
4:0
3
-3
4:0
3
-2
0
-1
8
-8
10:0
4
1
-5
9:0
1
0
-1
1
-1
1
-1
4:0
2
1
-3
5:0
1
-1
4:0
1
0
-1
4:0
1
-1
1
-1
3:0
2
-2
14:0
1
0
-1
end
