v1
932
362
332
442
93
191
48
8
488
119
314
238
57
56
22
17
1318
130
732
219
174
132
41
256
26
160
111
425
511
506
137
269
60
96
562
24
225
277
519
124
212
675
468
210
154
17
148
111
38
134
153
148
193
442
125
214
64
5
10
47
277
415
223
135
327
94
274
404
469
30
238
401
275
16
1155
59
50
476
139
62
19
6
25
46
152
1
191
9
74
59
64
65
38
201
118
216
404
120
385
364
314
39
29
87
146
138
316
85
101
41
87
172
146
287
740
46
2
153
229
41
535
213
763
199
102
345
115
56
109
370
75
770
241
30
247
33
232
80
128
126
15
147
40
393
712
184
338
114
34
58
83
191
8
11
32
86
23
3
302
138
54
106
2
6
83
146
212
5
20
3
455
398
47
252
31498
31
12
31
194
53
44
173
142
54
36
8
22
1220
92
19
114
123
15
3
41
6
5521
324
4
1553
5140
6258
4558
9942
2463
6933
2988
1797
2652
2
14
8068
8
6
3703
2491
933
5144
16
2
1433
106829
16642
1
1735
5981
25
73
9417
32357
64
18
4
26
7
134
113
20
89
5
55530
7
157
36
57
18
144
18
2
2:25
11
2
755
14
3627
20582
10208
8996
1227
454
1709
532
6
11
41
86
10
53
71
1
90
2:4
2
40306
64
176
43
155
628
379
217
24
95
158
84
41
103
83
653
52
61
26794
2:1
105
38
20
72
43
-488225
195
66
79
1464
145
441
77
0
205
159
383
378
111
4
12
429
280
1010
294
59
161
219
106
235
99
126
201
200
607
87
59
348
6
21
33
312
200
232
61
107
24
52
60
20
158
185
202
104
62
85
303
109
82
164
138
334
342
190
9
27
156
18
0
145
285
6
111
157
265
172
345
398
269
130
11
87
169
61
221
5
0
207
119
424
124
61
1095
197
121
253
111
49
379
457
20
42
111
71
49
23
104
7
0
336
14
6
0
8
4
2:57
123
0
64
252
20
0
321
99
1062
206
43
1
2
223
247
115
394
57
108
622
28
24
28
202
340
5
508
257
114
38
6
41
1
19
225
500
450
514
105
141
157
138
122
377
3
566
0
407
0
156
38
2
44
0
8
87
37
171
353
125
719
79
109
0
354
389
222
46
247
95
207
58
119
72
20
432
131
114
54
42
80
124
61
98
118
75
117
98
28
0
48
0
31368
73
37
119
11
162
38
136
21
15
120
74
1064
50
6349
14276
17264
5297
6065
9419
16
46
40
2783
1825
2955
1550
3119
8
1
1463
119907
3075
8237
6
45
41808
30
16
44
90
136
85
19
10241
44428
1056
15
9
63
95
19
46
5
60
899
63
25211
12281
5543
246
827
106
172
616
1
289
177
1693
7
1
43
2
81
62
42
6
75
30359
10255
0
89
193
579
685
151
2
264
261
146
166
0
210
64
14815
12083
-488098
0
471
19
275
0
391
0
128
506
477
291
0
381
266
90
442
156
1235
0
98
217
223
70
144
44
43
766
103
259
0
40
498
0
133
0
32
426
270
30
676
82
568
976
216
87
581
33
441
599
0
135
0
85
391
0
628
300
11
9
335
39
0
367
160
0
1070
99
0
472
10
45
337
0
70
528
599
188
15
107
55
183
0
6
91
231
20
200
254
116
0
237
0
19
215
160
112
0
82
218
271
320
2
470
143
392
448
170
475
144
496
18
570
226
0
1023
0
128
0
608
43
171
0
37
45
48
858
0
66
530
0
119
100
565
31
54
221
8
1262
52
0
355
0
194
0
142
129
147
299
0
555
56
214
323
80
97
116
15
31575
112
0
56
1
0
165
66
243
0
33
139
1494
0
5969
4959
0
361
8958
15642
6494
6495
1384
0
8085
0
2
4685
3430
2
4166
121372
0
53425
192
0
54642
1054
0
105
0
79
133
45
22
673
61
27
85
43080
0
1600
0
2552
0
9
66
0
173
62
0
40229
0
639
0
630
3
479
0
633
15611
2199
9846
66
-487623
538
853
636
853
59
693
386
54
311
982
79
550
858
871
179
978
41
227
614
104
1492
259
334
516
1053
294
394
278
402
1302
814
510
477
29
51
75
120
266
274
165
17
692
518
414
917
121
778
398
13
275
37
430
78
2167
534
376
117
1730
38
2257
221
31
68
304
201
449
285
554
31920
213
1551
166
250
240
3301
17910
15336
10053
16283
2466
10118
225592
429
2
1
10
13766
8134
21281
575
2730
665
970
3
233
31956
9843
1120
561
1414189200
299:0
1
299:0
1
231:0
2
99:0
14
1417
-486
-930
-1
6
-7
123
4964
-5088
0
561
2984
-3498
-45
62
1013
-1005
-71
58
67
-123
2
186
-188
75
-72
52
-51
-2
152
-156
2:-1
7
121
141
-148
1273
-754
-636
-3
781
-459
350
-665
85
-93
653
-652
132
46
24
-198
379
-258
-37
-84
96
-101
3
1
-2
5
248
-254
340
-337
-3
2
234
-116
-120
120
-114
148
-154
122
-115
-8
334
-173
-154
3353
-3292
-65
345
-206
-77
30
964
-969
-86
145
1441
-1505
489
-479
288
108229
-102549
-6057
753
-664
-28
218
-54
-165
277
-337
103
-105
1
967
-781
54
-175
22
344
-198
-232
70
4
245
-200
356
-480
6
19085
-15228
-3776
-85
-2
97
-23
-75
78
2067
-1418
-337
144609
-144938
217
-190
852
-656
-187
-89
-4
117
-63
3430
-2425
-1001
-17
-37
121
149
-204
25525
-25520
3310
-3382
-6
158
209
1340
-1644
3079
-3135
0
74
4407
-897
-3451
-140
4
0
-5
902
-558
-243
388
697
-916
127
-392
120
217
-281
973
1699
-2727
75
-16
312
-370
1163
-1000
829
-993
1663
-1348
684
-418
-439
-148
70
779
-840
274
-280
104
-104
2
43
-44
-3
29852
-29747
107
-157
217
-271
1
392
-337
6955
-7013
4
1
1739
-1735
-5
60
523
-585
352
1254
-1607
80
91
-95
585
-660
2
169
460
-633
161
111
-268
346
-346
-4
2
493
-491
51
81
-91
14
-57
150
197
-149
-199
1
9814
-9813
84
-11
7396
-6660
-762
1704
-1608
-146
146
299
-436
1152
-330
-828
101
22058
-22063
349
19537
-19931
-45
215
-159
67
-59
993
-1010
1630
39426
-41021
-100
5
-3
0
-1
3
-3
0
-1
8
-4
2
-2
0
-3
2:1
4
-5
-2
1
5
-5
5
-3
2
0
-4
0
1
2:-1
2
0
6
-5
0
6
-8
-1
2
5
-5
-2
8
0
2:-1
0
-2
2
-4
4
-5
6
-7
6
-5
-1
2
0
2:1
0
-4
1
-1
6
-3
4
-1
-3
4
-6
-1
0
6
-5
4
-3
2
0
-4
6
-5
-1
0
2
1
2:-1
6
-2
-4
-1
3
3:0
2
-1
-3
2:0
6
0
-6
0
2
-2
2
2:-1
0
-1
2:2
0
2
-3
3
-4
2:-1
0
6
-6
2
4
1
-7
1
0
1
0
1
0
-1
1
2
-4
-1
0
1
4
-3
1
-1
0
3
-2
5
-7
-1
2
5
-6
2:0
3
1
-4
7
-3
-4
0
3
4
-5
-2
-1
3
2
-1
2:0
1
-2
3
-1
-5
2
-2
2
0
4
0
-1
-3
4
-5
-1
2
-2
1
-1
2
0
3
-4
3
3:0
2:-2
7
-7
0
1
0
2
-3
0
2
-2
4
-1
-3
2:3
-2
3
-6
0
6
-3
1
-5
1
2:0
-1
5
-4
1
0
3
-3
-1
5
0
-4
-1
3
2:-2
7
-6
-1
8
-1
-3
2:-2
1
6
-7
1
0
2
3
-4
2:1
-2
-1
3
0
4
-7
4
-3
6
-2
2:-3
5
-3
-1
1
5
0
-3
0
3
2:-3
2
-1
0
4
-1
1
-2
0
2
-5
-1
3
-4
0
-1
0
1
4:0
-1
4:0
1
-1
4:0
1
-1
2
0
-2
2
-1
2:0
-1
4:0
1
0
-1
1
0
1
0
-2
0
2:1
-1
1
2:0
-2
0
1
2:0
-1
0
2:1
0
-2
0
1
-1
2
-2
4:0
2
-1
3:0
-1
2:1
0
-1
6:0
-1
0
2
-2
2:0
1
3:0
-1
1
4:0
1
2:0
-2
2:1
-1
0
-1
2
-2
1
7:0
-1
2:0
2:1
2:-1
0
1
2:0
1
-1
1
-2
2
0
-2
3:0
1
0
-1
0
1
-1
1
-1
0
1
-1
2
2:-1
4:0
1
2:0
-1
0
2
-1
3:0
1
-1
0
1
-1
2:0
1
-1
4:0
-1
0
2:1
0
-2
2
-2
0
1
-1
0
2
-1
3:0
1
-2
2
2:-1
1
2:0
-1
0
1
4:0
-1
6:0
1
0
1
-2
1
2:0
1
-2
1
0
22
10
-7
30
-35
3
19
6
-28
2
20
-9
12
-14
-11
22
-20
8
-5
13
-18
1
23
-16
17
-18
-7
17
4
-19
-2
3
6
-7
2
9
16
-28
0
14
-6
6
17
-27
2
9
7
-15
25
-30
9
6
9
-22
11
2
5
-15
-8
3
14
9
-21
12
-12
22
8
-3
-22
16
-26
10
-6
18
-19
24
-23
18
-21
3
28
-20
-8
4
20
-13
-6
-5
19
2:-10
2:-1
13
-9
-2
29
-10
-2
-14
1
2:0
7
-4
2
-5
3
96
-95
-4
19
-5
-3
-11
0
10
-3
-6
2
-2
-1
1
4
-3
1
-1
9
-8
3:-1
2
-2
2:4
9
-3
-14
1
-1
1
0
-1
16
-15
-1
0
10
-10
0
5
2
-7
11
-11
5
-5
3
-1
-2
3:0
5
-3
0
-2
0
7
34
-32
-6
45
-46
-1
2
36
-35
-1
17
-6
-2
-10
14
-13
20
-15
1
-3
19
-21
0
7
-11
10
2
-8
51
1918
-1883
-90
35
-33
3
0
16
-16
-4
-1
20
-15
-1
6
-9
35
-22
-8
11
-12
-5
11
-10
14
-15
5
-3
0
470
-377
-95
6
-6
10
-2
-5
3
50
-37
-16
244
-243
27
-28
65
-68
14
-12
-2
18
-12
185
-191
3
4
-6
0
24
4
686
-712
116
-118
-1
20
107
34
-159
45
-45
2
3
295
-131
-159
-12
4
-2
1
63
-21
-38
25
164
-180
16
-30
-2
19
-19
251
-200
-47
-4
2
40
-42
28
-6
-12
-10
57
-56
30
-31
12
-11
22
186
-205
2
-5
8
-8
1
5
-6
2
197
-196
2:3
12
-21
-1
0
10
813
-823
0
1
16
-16
2
-2
4
-5
9
104
-113
34
2:-17
16
-5
-10
36
-37
1
13
-1
-11
3
-4
0
2:1
-3
11
-11
4
2
-5
-1
5
-3
-2
2
305
-303
6
-2
117
50
-174
74
-38
-37
0
135
-133
72
-4
-69
12
430
-440
55
-57
4
-5
12
-4
6
-9
-5
3
16
100
-117
-2
6:0
1
3:0
26
-27
1
-1
0
2
2:-1
3:0
2:1
-2
3
1
-4
5:0
2
0
-2
3:0
1
-1
1
-1
0
1
-1
2
-2
0
1
2
-3
2
-2
1
-1
3:0
2
-2
15:0
1
-1
5:0
2:1
-2
2:0
1
-1
1
0
-1
3:0
2
2:0
1
-3
0
2
0
-1
7
-6
0
2:-1
0
1
-1
6:0
1
-1
1
-1
2
-2
1
-1
1
-1
6:0
1
0
1
-2
10
-9
-1
0
2
-2
0
1
-1
3:0
2
-2
2:0
4
-3
-1
0
1
0
-1
0
1
3:0
-1
2
0
-2
2
2:-1
2:0
2
-2
0
1
0
-1
0
1
-1
2
0
1
-3
2
2:-1
2:0
1
0
-1
0
4
-3
2:0
-1
11:0
1
-1
2
-2
1
0
-1
0
3
-3
3:0
2
-2
2:0
1
0
-1
0
2
-2
2:0
1
-1
3:0
1
0
-1
1
-1
1
9
-10
4:0
1
-1
3
-3
8:0
1
2:0
1
-1
0
-1
1
-1
1
3:0
-1
1
-1
0
2
-2
1
2
-3
2
-2
2:0
4
0
2
-6
22:0
1
-1
17:0
2
-2
38:0
1
-1
8:0
1
0
-1
9:0
2
-2
2:0
2
0
-2
9:0
1
0
-1
11:0
1
-1
13:0
1
-1
3:0
1
-1
1
0
-1
8:0
1
-1
6:0
1
-1
6:0
1
0
1
0
4
-6
2:0
1
-1
4:0
1
2:0
-1
2:0
1
-1
11:0
2
-2
9:0
1
-1
3:0
2
-2
2:1
0
-2
11
-7
2
-2
-3
-1
1
0
2
0
6
-9
3
-3
2
-1
2:1
-3
0
1
-1
1
-1
0
2
0
-2
2:0
3
1
-1
12
-10
13
-17
2
4
1
-6
2:2
4
-5
-4
6
-5
3
-4
-1
4
10
-11
0
1
-2
2
-4
9
-8
2
-2
8
-2
-7
9
-6
17
-16
5
-8
1
-2
1
5
-5
6
-4
-3
2
7
2
-7
-4
12
-2
-9
2:1
-1
2:2
-5
-1
23
-12
end
