v1
699
221
31
187
293
256
0
67
69
64
41
52
130
9
48
52
185
213
46
119
51
111
15
97
40
67
127
43
1
57
56
7
15
17
11
118
356
18
168
165
203
121
148
280
17
369
15
191
0
159
7
0
125
234
128
195
254
17
22
144
11
152
96
10
216
19
99
96
71
136
24
0
11
335
25
42
78
22
178
61
92
64
45
9
279
171
0
74
8
58
167
277
14
95
148
87
89
12
74
194
63
79
39
2:9
139
22
9
147
98
104
127
31
298
52
55
110
150
98
27
259
172
0
90
45
246
113
233
74
12
123
59
66
1
128
18
67
64
5
57
293
83
41
164
228
106
128
7
232
189
202
167
217
37
27
28
405
84
248
7
8
280
0
2:106
169
513
76
46
111
88
43
100
194
59
26
312
7
0
181
0
42
14
45
6
13
19
43
12
5
2
6
1
12
6
25
46
2
3
14
134
13
47
58
2
26
54
74
40
19
14
24
21
5
65
3
54
38
17
73
54
8
110
85
362
69
9
95
120
359
61
329
28
286
39
116
77
0
124
83
54
121
141
11
74
101
41
36
54
166
3
151
25
72
170
15
129
275
23
14
0
38
261
10
0
5
33
83
51
19
86
143
41
309
114
85
8
12
7
90
78
50
129
629
185
14
102
71
12
377
50
6
111
24
66
278
8
67
50
325
3
910
33
30
25
0
25
39
105
2
6
44
2
34
128
19
10
28
69
2
5
8
147
40
48
345
447
164
10
71
20
184
408
44
175
70
121
0
8
43
12
49
5
20
0
15
262
22
29
38
154
47
31
30
55
72
20
88
153
59
5
23
13
185
151
96
10
353
45
35
12
63
21
17
75
42
34
64
3
10
14
1
31
31368
7
6
16
9
43
161
0
86
2
12
30
62
92
19
76
8
33
79
8
28
8
38
916
54
345
71
166
15
3
56
3301
2211
328
1553
5140
7581
1097
12
695
1416
15
10822
1583
3
790
2041
4099
0
2988
925
3524
2
14
0
8041
27
9
5
4646
15
1533
933
474
4669
1
7
9
2
5
1428
3523
530
19730
83046
13098
3544
1
1735
5981
25
26
0
6
41
9417
32379
2:16
7
21
4
21
1
50
36
24
35
77
36
1
19
53
36
2:5
11
36035
18596
731
54
8
97
0
157
7
2
15
12
18
38
1
18
1
145
16
27
10
2
11
13
2
1
16
709
29
14
178
7831
10813
2294
4271
3235
13775
575
1668
539
334
189
665
436
532
6
4
7
10
29
3:1
85
33
22
39
31
6
3
1
43
47
4
6
30302
10004
0
64
79
52
45
100
315
259
48
103
1
190
96
93
217
24
253
11
73
41
103
47
36
155
67
13
353
30
35
89
5
19
17
28
10
15027
1977
9735
2:1
163
72
43
19
-486736
66
97
356
882
255
273
991
943
735
631
547
334
206
1182
98
54
920
936
188
232
682
727
302
208
278
95
1472
997
2262
132
38
15
71
391
1303
290
653
221
625
380
88
301
29
1262
2916
1481
156
73
210
403
898
180
1348
13
327
570
11
127
845
164
35
31495
307
195
39197
4460
5635
10744
2813
14
5291
4167
12
25214
149434
210
72
19
55730
40
201
6
155
718
155
45331
88
56
1697
17
21
50
6
55
40660
1010
1074
27760
1414649400
599:0
1
98:0
18
-15
-1
20
-20
2:0
3
-2
194
-193
5
-2
24
-25
2
-5
2
1583
-1586
-1
2
3
2
-5
74
-66
487
1702
-1255
-935
8
-15
21
153
-166
-9
1
4
-6
3
-2
166
-162
-3
1
90
5
-86
-11
2:0
8
228
-222
-15
34
-28
-5
205
-196
741
-705
321
-293
-69
38
-24
-11
20
1
-27
-2
14
208
-221
0
33
61
-92
25
-26
0
11
-12
0
-1
20
672
-650
459
-498
2
477
-445
-36
227
-166
-53
16
-7
-16
1
39
-33
40
-46
0
18
-19
-1
5
-2
4
-7
7
-5
-2
106
-85
6
1
-18
-10
7
18
-23
11
-13
20
-20
8
-1
102
-108
77
10
226
-315
0
290
-287
-3
3
37
-37
31
-33
6
-6
44
-34
-10
21
780
-772
-30
76
180
-250
-2
0
75
-76
61
-63
12
-10
51
-49
19
-15
21
-22
123
-128
6
1
-6
0
-4
12
19
-28
9
50
-18
-42
2
-2
10
-11
0
394
-362
-32
0
32
-13
14
-31
61
-10
-52
0
305
-271
-35
-1
47
-42
-2
31
10
-19
-16
-1
0
-7
19
-15
186
-190
39
-36
4
10
-11
-5
14
53
-66
90343
-86416
-3806
-123
1
-2
16
8
-10
211
-217
34
-34
175
-176
-7
42
-38
-3
32
-26
2:14
-26
2:-4
8
2
-4
31
-23
-6
-5
705
-551
-155
0
-3
91
182
-265
17
-22
2:-1
23
-23
2
-2
1
54
-44
66
-18
-57
-1
1
-3
6
2
23
-30
4826
-4825
950
-847
-103
3
24
-27
-2
2
-1
3
-1
-2
21
-14
-5
-2
17
1201
-1179
-40
2
110
-108
7
196
12053
-12156
-101
144
-144
0
-3
8
30
947
-981
24
-10
23
-32
0
4197
-4168
1
-36
5
20
-1
7
-32
-2
1327
-1315
6972
-6945
-35
1996
-1982
-15
24
48
-50
90
1001
158
-1262
127
-128
-10
21
-16
8
-13
3116
-3113
-3
17
-18
14
1677
-1688
0
-2
4
-4
-1
6
1995
-2000
33
12
-43
-2
1
2
32
-34
302
-304
48
131
-157
-22
31
40
-66
463
-443
-25
1
46
28
-54
1030
-705
-312
2
-31
155
282
-427
36
-48
8
-10
3
2
226
-231
435
-433
7
6
13
-3
-14
-5
908
1716
-2627
0
-3
3
5
36
-45
129
-124
1
-1
1
22
-19
-2
19900
-19894
-3
-6
6
-10
100
-94
13
163
-174
-7
279
-279
2:0
30
4950
-4972
-6
14
-14
15
10324
-10338
22
-24
4
-4
2
1
40
-45
20
-20
274
751
-1023
13
-14
7
-2
-4
-1
9
-5
41
17
-62
8
-4
-5
54
4693
-4736
-6
-2
46
-29
693
-704
-8
95
-94
54
-54
1
-2
6
398
-404
9
16
-20
7
-8
27
19
11
-62
49
-37
-2
19
9
-37
13
-14
1
-1
6
-2
126
-120
-10
35
-34
348
7456
-7603
-189
151
-148
805
-796
-21
0
220
-224
5
69
-46
800
-827
1
215
253
-214
5977
-6224
355
-221
-51
-85
740
-654
75
-116
-3
-46
24
-11
-15
65
-64
45
-21
-8
-16
-1
354
-335
-16
96
18
-29
679
-720
64
-112
-1
1
0
-1
0
1
-1
3:0
1
2:0
-1
4:0
1
-1
1
-1
1
0
-1
0
1
0
-1
3:0
1
-1
0
1
0
-1
1
-1
6:0
1
-1
0
1
-1
1
-1
0
1
-1
1
-1
0
1
-1
1
3:0
-1
1
0
-1
2:0
1
6:0
-1
0
1
-1
1
-1
1
-1
1
-1
1
-1
0
1
0
-1
1
0
-1
0
1
1
8:0
5
-5
0
1
5
-6
1
-1
1
63
-64
8:0
16
-1
-15
4
-4
1
2
-3
0
10
-9
-1
2
-2
2
2:-1
0
8
0
-8
5:0
2
-2
2
2:-1
2:0
3
2
-3
-1
0
-1
4
-4
1
0
-1
2:0
2
-2
2:0
1
-1
1
-1
0
1
-1
2:0
2
-2
3
13
-16
0
6
-4
2:-1
9
-9
4
-3
-1
0
1
0
-1
0
1
0
-1
5:0
1
-1
0
9
-8
6
0
-7
0
1
-1
3:0
3
-3
0
1
-1
0
5
-4
2
-3
0
2
-2
2:0
2
-2
1
-1
3
-3
3
-3
0
2
-2
1
-1
9
5
-14
1
0
26
-27
10
-10
0
1
-1
0
2
-2
22
-20
-2
0
1
0
1
0
-2
1
2
-3
0
15
2:-7
-1
0
2
-2
0
5
2
-6
0
6
-7
7
-5
-2
11
-11
0
17
-15
-2
1
0
-1
0
3
2
-1
-3
0
3
-4
1
-1
7
-7
5
-5
1
-1
1
-1
1
29
-30
966
-899
-56
-8
-1
-2
6
-4
2:1
-4
7
-6
-1
2:0
2:1
-2
1
-1
2
2:1
-4
0
3
0
-2
9
-8
2:-1
85
-84
-1
2
-2
4
9
2:-6
-1
2:0
1
-1
3:0
15
-15
2
8
-9
2:0
-1
0
4
0
-4
209
-208
27
-23
-4
-1
2
-2
6:0
2
5
-7
0
2
47
-42
-7
0
5
-5
3
1
159
-159
-3
20
-21
1
-1
3
2
50
-55
10
-6
3
-6
0
86
-84
-3
1
-1
5
-1
-4
2:1
14
-13
232
-230
-4
84
-85
0
3
2
-1
53
0
-31
-26
10
-9
-1
3
-2
-1
0
5
-5
3:0
4
84
-86
-2
5:0
86
-86
10
-3
-4
-2
2:0
-1
0
41
-41
0
38
-33
-5
0
16
-16
119
-112
-7
0
8
-2
-3
125
-118
-9
2
-1
26
-17
-6
2
-7
2:0
1
-1
28
-28
11
-10
-1
2
1
2:0
-2
16
91
-108
3:0
2:3
-6
4
-4
1
-1
2:0
4
-2
111
-113
3
-3
2:0
16
-15
8
-2
-7
1
0
-1
2:0
6
574
-580
0
1
-1
0
17
-17
6:0
4
-3
-1
0
7
51
-58
3
-3
2
2:-1
0
6
0
-2
-3
0
-1
0
3
0
115
-115
-3
0
15
-12
150
-152
0
6
-7
2:0
3
-3
3
-3
2:0
8
-8
2:1
0
7
-5
-4
4
0
-2
3
-5
5:0
1
-1
2
-2
2:1
-2
4
179
-169
-12
7
-6
128
-129
-2
0
34
-34
0
14
-13
-1
2:0
4
94
-98
10
-9
31
-8
-16
-6
78
-76
16
-14
-6
0
4
-3
-1
1
0
2:3
-6
2
-3
9
-8
3
-2
2
-1
6
-1
5
-13
17:0
1
-1
35:0
2
-2
13:0
1
-1
5:0
1
-1
2:0
3
-3
1
-1
6:0
2
-2
7:0
end
