v1
679
240
122
173
195
425
74
52
139
48
130
366
82
37
146
168
67
171
57
56
22
28
339
194
127
165
59
295
118
2:140
17
116
32
127
148
111
41
93
37
89
76
26
159
19
26
19
171
245
159
177
61
187
10
212
4
118
104
22
41
43
38
188
237
67
70
165
13
30
61
142
14
54
345
21
142
16
8
88
137
277
72
32
5
115
33
188
41
33
50
144
63
118
9
148
59
34
85
157
45
99
110
1
463
267
8
259
134
38
494
149
63
151
25
19
35
126
193
20
69
57
376
316
117
106
135
123
116
186
2:46
273
213
189
83
152
161
24
224
15
110
276
275
16
212
337
118
83
111
294
45
64
170
125
181
27
15
14
12
33
1
5
32
25
18
3
16
19
6
25
46
19
6
1
127
96
5
2
15
82
74
59
6
8
45
3
2
50
15
3
35
19
38
17
14
59
14
158
85
63
291
8
61
17
95
120
82
143
98
62
35
31
55
10
123
110
304
10
33
1
5
116
146
39
99
54
27
34
60
141
20
65
101
41
259
30
116
5
97
170
15
129
275
47
163
81
45
10
38
66
17
70
229
41
309
199
8
12
52
80
43
50
758
301
71
22
367
50
6
109
2
66
43
72
56
130
1
8
67
18
357
3
183
450
8
22
1
246
219
40
6
8
72
90
38
19
0
38
69
2
5
8
147
40
158
119
69
47
447
162
2
101
184
8
248
104
55
37
58
117
191
8
7
35
1
43
31
2:6
45
159
73
22
29
38
58
42
54
47
61
89
6
32
20
88
115
38
59
5
23
104
94
33
118
106
194
204
47
21
42
21
125
9
34
77
0
15
31
31370
5
10
12
9
43
247
44
37
48
88
76
66
54
36
8
22
932
54
166
68
111
71
104
1
11
50
15
1
49
3310
2211
328
1517
36
5140
2464
6210
4
2138
2661
9744
3
790
830
4874
3424
925
476
3048
2
4
10
8076
1
5
2821
882
958
19
1514
933
5148
2
1
9
2:2
3
1428
3523
103306
16642
1
7741
26
6
41
9417
32310
69
42
22
11
22
59
19
21
35
101
12
20
72
17
5
36051
19327
159
157
7
2
15
69
18
53
91
1
17
27
10
2
1
8
2:2
11
2
34
706
15
20
12
95
17
46
12806
8134
3093
1178
3878
5152
3251
4729
575
1668
1062
665
766
202
2
7
18
9
18
2
2:1
43
15
28
10
24
25
4
5
26
3
37
44
47
2:4
2
30302
10004
64
176
69
31
138
55
407
126
46
41
21
82
189
150
67
24
95
20
58
49
31
11
45
28
41
103
83
222
67
82
15
267
53
41
36
49
14794
202
1997
9735
2:1
163
53
19
43
19
-488191
287
1578
39
510
830
967
418
566
318
310
143
394
80
1268
657
336
1507
1573
183
1532
168
569
330
678
93
420
429
57
806
265
1150
28
95
5
30
1147
747
435
248
558
389
166
1257
17
1207
93
495
194
498
760
206
231
79
751
743
132
375
274
802
1475
415
1180
41
212
31733
106
1630
430
5969
7359
12803
22740
9428
48
12282
121374
5280
47950
11398
44448
599
696
43
178
4
42212
3119
133
1706
184
78
65
31
40383
659
230
212
1091
817
1414078800
578:0
1
99:0
12
-12
16
-16
532
-532
2
9
72
-63
-17
-1
3162
-3159
-3
9
-7
266
-10
-1
-248
-9
22
-10
67
-76
1
-1
37
-40
27
-29
87
-85
1
-3
199
-134
-63
0
92
-94
3578
-3578
0
2
48
-50
63
-63
3
0
16
-13
-6
4
-4
0
28
-27
-1
11
-7
9
30
-43
0
5
326
-325
409
-403
-10
12
-10
-4
196
-196
540
-315
-221
-4
110
-105
-3
3
1
83
-51
-34
9
-11
-2
10
-4
7
-10
0
103
-101
-5
6
-1
9
18
-30
2:7
17
-17
29
-39
-1
-3
147
-146
1
255
-249
170
115
-282
-7
4
13
-21
5
-4
9
-12
14
-4
-10
29
-24
-1
-4
75
-36
-33
399
-311
863
-946
-11
2
1
2
192
-123
-72
0
1
4
-4
-3
19
1
2:-10
4
38
-36
32
-34
0
13
-10
2771
-2765
-13
4
1
106
-109
8
-10
35
156
-154
0
-27
-10
0
2
13
-15
950
-943
-7
17
-5
-10
51
-51
8
28
-34
-4
24
283
-307
13
37
164
-180
-29
-3
10
-9
2:1
-3
6
409
-411
105881
-105871
-8
10696
-10509
-168
-23
53
-54
2
-2
4
76
-60
-2
174
-172
-19
-4
279
-275
-2
4
20
-17
-6
-3
2:0
252
-248
218
-215
48
-33
6
1258
-1284
9
-11
7
37
-40
-1
0
87
49
-137
46
986
-1017
-9
48
23
-24
-47
-6
2
-2
5087
-5086
3912
-3915
3
-3
16
-11
-2
-1
107
-61
-45
15
-12
-6
3
-3
1632
-1624
2:0
203
-198
21
169
160020
-160207
-16
5
-2
332
-326
-4
17
-16
730
-734
2
-4
13
138
-149
52
-26
1901
-1927
0
27
-26
2:0
2
-1
5
12
-21
470
-459
-11
33
13879
-13898
2743
-2750
-3
2:-2
28
44
-61
379
1051
-1135
-304
102
-102
10
-7
-5
4
20
-24
8
-6
-2
2
1404
-1398
0
-6
21
496
1919
-2436
36
66
-97
7
325
-322
-17
126
-108
12
175
760
-875
542
-624
84
-56
-29
76
-7
-76
3
-1
2293
-2275
-18
32
144
-121
617
-668
212
-69
-143
-3
2
1835
-1835
890
-895
154
-147
-5
276
-275
40
13
1938
-1994
5
74
-75
38
-37
140
39
-184
14
2
-16
2
0
2
37474
-37478
47
10
-55
59
3018
-2973
165
-271
0
22
5391
-5386
-25
41
164
-207
2
37
-26
-10
4
25
-13
-9
-10
164
889
-1053
2
72
79
-148
1
-6
554
-542
-12
18
-16
47
-30
859
-870
201
-203
-1
111
-75
-32
0
-9
13
-2
-11
0
2
0
358
-342
95
-109
162
-161
-3
5
24
14
-36
102
-103
12
80
-92
-2
-6
10
-8
8
0
-8
41
154
-192
-2
-1
4
3
-7
0
14540
-14506
5
249
568
-656
-198
6
533
-468
-63
-12
0
17
-15
288
-290
180
-180
0
12
-7
2834
-380
-2453
24
-30
2
25
-24
5
10267
-10271
141
-79
21
-87
3
80
-60
-21
4
64
-70
0
3
6
80
103
-161
654
-682
3137
-3132
-5
-2
5:0
-1
2:0
1
0
-1
1
-1
1
10:0
-1
0
1
5:0
-1
1
6:0
-1
0
1
2:0
-1
1
3:0
-1
0
1
2:0
-1
1
17:0
-1
1
0
-1
1
17:0
-1
1
-1
2
-1
3:0
1
-1
5:0
67
-67
2:1
-1
11
-5
0
-7
2:0
14
-11
-3
2:0
3
-3
2
-2
4:0
6
-6
10:0
1
-1
2:0
3
-3
4:0
6
-6
8:0
1
-1
3
-3
0
6
-6
0
2
-2
16
-9
-7
0
3
-3
3:0
15
-15
0
2
-2
3:0
2:1
-2
3
-3
2:0
2
-2
7
-7
0
4
0
-4
4:0
10
-9
-1
6
-3
3
-6
0
1
-1
3
-3
5:0
2
-2
1
0
-1
0
5
-5
2
39
-37
-3
-1
2:0
1
-1
36
-36
3:0
4
-4
0
2
-2
2:0
1
16
-17
13
-13
0
4
-3
9
-2
-8
2:0
15
-15
2:0
9
19
-24
0
3
-7
4:0
12
-11
-1
2:1
-2
1
-1
0
6
-6
2:0
22
-22
3
0
4
-7
2:0
2:1
-2
0
1
0
49
-50
1385
-1385
2
74
-60
-16
0
6
-5
-1
0
4
2:-2
9
-5
-4
2:0
3
1
-3
-1
3
2:0
-3
2:0
15
-14
31
-32
0
11
-10
22
-17
-5
-1
2
-2
2:0
1
2:7
-14
5
2:-3
2
1
7
-8
-2
3:0
292
-292
110
-110
3
-3
0
3
-3
1
-1
2
-2
0
3
-3
2
-1
68
-67
0
-1
14
-14
4
-1
271
-271
-4
2:0
15
-15
0
2
1
42
-45
2:0
1
10
-11
7
-3
86
-90
0
3
-3
0
4
-3
-1
2
1
-3
18
-18
0
10
444
-452
61
-62
-1
0
1
6
-7
1
85
57
-128
-15
10
-10
1
2
-3
1
4
-5
2:1
-2
3
126
-129
4:0
106
-106
7
1
-8
6
42
-48
0
20
-15
-1
17
128
-139
10
-20
5
-2
0
12
-14
-1
2:0
240
-237
-3
0
1
10
6
-17
18
-13
-4
-1
0
34
-34
18
-17
3
-4
0
8
-6
-2
18
75
-93
2
-1
4
-1
-4
2
3
-5
2
1
-3
3:0
151
-151
1
0
-1
6
4
5
-15
2:0
1
380
-381
0
1
9
-10
2:0
2
-2
0
2
2:-1
0
5
85
-90
0
29
-19
-8
5
-7
7
-2
-5
2:0
19
-17
-1
1
12
-13
1
7
-4
-5
2:0
2
0
-2
2:0
1
3
-2
2:-1
0
2
-2
2:1
2
-4
4
-4
2
3
-5
0
2:2
-3
3:0
-1
6
-6
1
-1
2:0
1
0
217
-216
0
2
-2
63
-64
0
43
-19
-24
-1
0
3
-2
75
-76
3
-3
0
2
-2
61
-61
0
1
-1
0
1
0
-1
309
-309
29
-28
16
-17
0
1
4
-5
7
-2
-5
2:0
2
9
-4
-7
4
-4
8
-6
-2
10:0
1
-1
2:0
2
-2
40:0
1
-1
6:0
2
-2
3:0
1
-1
0
1
-1
3
-3
11:0
1
-1
11:0
end
