v1
927
207
328
5
35
157
11
167
276
43
0
52
187
237
163
215
51
75
188
238
57
56
22
17
129
413
83
46
68
97
59
265
215
213
56
236
5
89
206
89
176
215
45
128
11
184
136
84
108
272
96
10
103
91
140
33
93
41
160
48
227
71
406
156
45
9
322
23
21
33
102
31
58
167
277
72
47
51
54
33
20
67
16
126
33
194
63
0
79
57
139
31
62
287
99
271
86
217
150
125
259
33
5
134
1
97
396
212
21
63
146
126
60
153
69
57
376
61
255
117
96
138
7
12
122
87
230
55
284
32
249
2
354
409
7
158
94
48
43
51
147
128
16
93
480
116
172
100
186
8
59
50
170
306
27
29
45
38
25
15
3
0
4
15
19
6
25
46
5
14
133
1
118
2
71
9
74
40
5
78
65
38
57
17
14
113
118
203
223
21
78
215
225
160
121
133
110
304
10
33
6
116
77
207
54
121
141
85
142
36
162
58
3
433
129
275
23
14
163
128
0
8
15
18
15
83
70
229
41
309
226
976
301
46
25
12
10
367
56
111
24
250
72
22
75
50
325
913
33
186
46
44
89
75
19
38
69
7
8
147
40
283
57
53
339
270
2
1
35
45
20
184
452
175
17
53
121
8
40
3
66
14
6
23
108
146
51
138
54
47
50
11
127
20
2
86
153
59
5
23
196
2
148
109
194
61
190
46
17
21
134
34
31493
5
22
9
82
117
9
29
53
44
173
48
28
8
148
8
22
986
64
102
179
71
166
15
3
47
9
876
2425
2211
328
1553
5140
6578
2100
2138
12405
793
830
1211
4086
13
2988
1797
1258
0
9
1385
2
4
10
8041
27
7
1
0
6
3703
958
0
19
2447
5143
1
7
1
10
1433
3523
530
1
11417
91358
16642
1
7716
25
73
9417
32411
14
18
26
68
186
20
53
36
5
9635
45012
731
50
102
7
72
85
7
2
27
18
38
1
18
144
0
2
16
0
27
10
2
1
4
6
2
11
2
755
14
119
12863
12405
9030
7980
575
0
1668
539
523
665
436
532
2
3
4
2
46
1
86
63
2:31
6
3
1
43
47
4
6
30302
9684
320
64
176
100
725
1
74
212
93
0
217
24
28
48
177
84
41
103
47
258
315
81
124
5
19
17
38
15027
11712
2:1
109
54
72
29
14
30
-488418
0
39
0
208
175
0
81
566
146
80
144
4
245
146
0
3
46
88
120
0
47
245
14
149
11
35
82
85
152
83
101
0
155
0
81
166
103
0
4
167
111
59
0
118
100
152
430
198
106
32
100
199
178
47
122
70
389
0
24
63
16
124
0
134
132
0
112
6
0
461
0
86
244
0
30
99
0
79
132
33
413
203
40
70
121
80
475
2
0
161
8
12
75
277
144
36
252
46
0
109
2
172
39
44
83
270
198
167
413
54
2
72
282
466
370
14
20
0
112
0
149
110
295
366
1
41
321
10
0
131
0
77
17
202
311
69
68
109
137
64
99
0
108
0
24
0
92
35
222
0
67
290
0
25
15
203
122
2
55
0
10
235
162
0
111
355
174
0
155
15
7
411
87
13
2
0
34
7
49
23
1
0
228
26
64
142
14
15
0
9
132
104
0
249
337
72
388
94
159
12
174
244
0
2
68
131
344
127
263
12
280
188
0
78
180
0
43
98
131
8
417
340
969
1
7
5
7
184
41
44
219
694
205
21
281
105
115
239
42
220
134
75
0
235
282
66
96
23
44
19
383
6
21
57
48
46
145
82
235
7
31
102
54
603
0
79
174
168
14
0
91
231
0
157
29
228
190
79
342
125
196
6
581
2
125
172
365
85
163
45
155
24
35
31381
0
80
149
215
6
34
133
119
1100
1
0
177
2477
3143
9799
5116
1
10210
14532
1744
0
3
3518
8060
37
2820
1
4
1825
22
1526
920
996
2
1025
3140
10
0
7
0
108034
222
13099
5280
5973
9
20
0
12159
29774
37
211
15
0
9
24
107
0
6
5
6666
29369
19667
65
23
0
28
17
0
7
27
65
5
9
7
39
69
679
59
122
25
13
0
3451
4382
10811
2
9800
16472
4
0
414
0
144
1682
0
7
26
0
65
53
49
0
87
31904
8800
631
22
191
0
103
0
296
0
396
2
277
0
38
220
0
261
86
125
36
68
67
14831
2116
9912
0
99
1414717200
499:0
1
426:0
49
-2
-31
10
-18
88
-75
-11
52
8
-33
118
-134
45
4408
-4464
-1
35
50
728
1969
-2757
-23
11
-8
-7
1
5
677
-680
19
-20
10
40
371
416
-824
42
-30
-1
-25
7
266
-273
4
431
-433
2
203
328
-489
-47
33
-15
-16
0
109
-106
10
-12
5
-4
12
4
-14
107
-60
84
-40
-34
9
3
17
430
-513
1
8
178
20
-135
-55
35
-58
66
157
-209
0
40
713
-768
58
97
-148
-8
20
316
-81
-255
283
-274
1
374
-346
-26
-12
16
1072
-1087
472
-453
-9
10
97
-109
41
201
-244
25
111
-144
11
-10
9
-10
15
11
-6
7
-23
-4
98
-79
-12
625
-617
0
4
-17
468
-464
128
-69
-62
29
-28
176
-179
13
98
-111
0
24
-15
-4
44
-48
74
-69
2
9
-3
933
-937
-5
35
-11
-26
19
-12
4
40
131
-184
-2
635
-529
-77
-11
131
820
-944
-2
-15
-7
10
54
-64
10
18
-19
160
-135
-19
137
-142
255
-250
120856
-120857
10106
-9890
-231
20
40
3889
-3806
157
-122
-175
9
-8
178
-173
3
-10
0
26
-10
-13
1
103
-95
1
816
-801
-26
27
639
-663
38
123
-51
118
-232
68
-55
106
-118
-2
65
-24
4964
10563
-14145
-1364
-59
60
-38
-16
95
-93
-7
1379
-1322
-60
379
-360
545
20335
-20883
78
658
-451
-290
2
58
-65
-4
75
68
1053
-1106
10
-100
187
-143
4309
-4352
78
-78
-1
60
-58
25
-13
2290
-2294
27890
-27800
-98
8297
-8299
17
-17
190
-120
410
2126
-734
-1873
147
-136
-9
3
9
12
-5
-11
-1
-4
2941
-2933
3055
-2993
42
-97
-17
12031
-12031
16
1569
-1135
-379
-71
6
1680
-1631
294
-352
-1
177
190
-358
1497
-1191
-268
-18
-5
-7
107
330
1157
-1468
-41
-101
13
1137
300
-1438
-9
1
-3
17453
-17415
-13
-10
-3
-11
65
3131
-3198
40
-41
41
-39
3
1
19
-8
70
592
-678
33
-31
5
-3
8
18472
-18433
-32
5
1
-22
125
-19
43
-136
329
-319
7615
-7629
-1
1850
-1859
-2
133
-106
-28
1352
1269
-2587
-4
-29
490
-481
1136
-373
-531
-235
-4
150
-149
-2
4934
-4928
10
-2
-14
173
54
-167
3237
-3220
-64
-10
19
126
-36
-113
34
-32
-2
549
-547
16
-5
1358
-1273
-67
324
-288
-3
-56
129
-124
1
0
4
-17
73
-34
-35
36
-36
633
9243
-8906
-942
614
-276
31
-360
-25
19
368
-324
-65
140
778
-876
36
-83
55
1181
-948
-296
5
209
3972
-4130
223
-265
-6
7
55
-25
33
56
-93
2347
-2383
5
177
-136
56
1072
-1115
-42
142
-118
-55
0
3
0
-3
2
1
-1
-3
2
0
2
0
-2
-1
0
3
2:-1
2:0
2:-1
2
3
-1
-4
3
2:0
-3
2:0
1
0
6
-6
-1
0
6
-3
0
-2
2:0
4
1
-3
1
-1
3
0
-4
1
-2
4
-5
2
0
2:-1
3
1
0
3
-5
0
2
-3
0
3
0
-1
-3
0
3
-1
0
3
-5
0
3
0
-2
1
2:-1
3:0
2
3
-5
7
-6
3
1
-1
-2
0
-1
3
0
1
-2
2
0
2
-6
-1
2:0
3
-1
-2
2
1
-2
0
3
0
-4
0
4
-1
1
-1
-2
4:0
2
-1
2
3:1
-5
-1
2
-3
3:0
1
0
-1
4:0
1
0
6
-6
2
3
-4
-1
0
-1
3
-3
0
2:1
2:0
3
-2
-1
2
-3
3
-3
0
2
-1
3
-3
-1
2:0
5
1
-3
1
-4
0
-1
5
-4
0
2
-2
1
2
-3
2:0
1
-2
0
5
2:-2
4
-4
2
-3
5
-5
0
1
-1
2:0
2:3
0
-1
0
-2
0
2
-2
3
-3
-2
5
-3
-2
0
2
1
-1
-2
1
0
1
0
-2
0
2
-1
0
-2
3
-1
1
0
4
-2
2
-2
-4
0
6
-1
-3
3
-6
3
-2
0
2
-1
0
-1
0
5
-3
1
-2
-1
5
0
-4
2
2:-2
0
4
-2
-1
5
-3
0
-3
2
-2
6
-1
-3
0
2
-4
5
-2
2
-5
0
2
2:0
4
2:-3
3:1
0
-1
1
3
-5
0
6
-4
2:0
-3
5
1
2:0
-5
2:0
3
2:0
-3
2:0
2
0
-2
0
1
3:0
5
-7
6
-6
0
2
-2
1
0
1
5
-6
0
4
1
-2
0
2:-1
0
2
-2
2:-1
2
0
4
-3
1
0
-4
2:1
0
-2
0
1
5
-5
-1
2
0
2
0
-3
-1
0
3
-3
2:0
3
-2
0
-1
0
6
-1
-3
2:0
2
0
-3
0
5
2:-3
0
6
-4
2:0
-2
2
1
-1
1
-1
-2
2
0
1
1
6:0
1
7
-1
-2
4
-8
-1
105
-105
0
1
2
21
1
-18
-7
1
-1
0
23
-23
2
-2
2
-2
4
-4
0
1
-1
7
-7
0
1
-1
2
-2
3
-3
3:0
8
-3
-5
0
2
-1
2
6
-9
2:0
1
-1
2
2:0
-2
3
-2
-1
4
-2
-1
4
18
-22
-1
0
1
6
-6
1
-2
1
4
-3
3
0
-5
7
-7
0
2
0
-2
1
2
-1
-2
14
-13
-1
1
8
-9
0
4
-4
2:0
8
-6
-1
5
-4
1
-1
-2
3:0
2
-1
2
-3
0
1
-1
4
-4
3
-3
6
-1
8
-12
-1
2:0
52
-51
11
-10
2:-1
0
2
-2
0
44
-43
-1
0
3
-1
3
-3
28
-29
2
5
0
-7
4
1
-2
0
4
2
-10
2
13
20
-35
0
39
-34
-5
3
6
4
-11
1
-1
-2
5
2:-2
-1
5
-4
3
1
-4
-1
1
53
-51
1592
-1594
90
-61
-28
8
-4
4
-8
22
-24
0
2
-1
7
4
-5
-6
1
0
2:-1
0
20
-15
-4
114
-113
5
-2
11
-4
-11
14
7
-21
2:0
1
3
-2
1
5
-6
-2
452
-401
-45
-6
3
0
-4
5
-3
-1
42
-34
-8
27
-26
1
245
-247
2
-3
23
-20
3:-1
0
2
14
40
-44
-2
-10
5
-1
150
-154
4
-4
2
3
-4
1
2
28
-23
493
-476
-26
129
-127
1
-2
13
-7
108
27
-95
-47
7
-6
2
-3
4
0
-4
2
-2
5
264
-268
145
-134
-1
-9
-2
5
-3
3
77
-24
-58
2
4
231
-229
16
-17
-7
7
5
-4
183
-177
-10
-2
3
-5
3
54
-13
-33
-1
-10
0
53
-23
-27
-1
0
-1
163
-163
-1
2:0
1
26
241
-265
0
-3
4
0
-3
0
4
-4
2
-1
-2
4
-1
-2
1
2
178
-173
-6
0
-2
0
2:9
0
-18
-1
4
870
-874
0
28
-27
0
4
-1
-3
5
90
-96
1
0
6
-6
25
-26
12
-7
3
-8
12
-11
172
-167
-4
0
1
40
-1
-36
237
-239
4
-8
3
12
-7
-8
4
-3
2
8
-11
1
4
-2
-1
8
-2
-4
4
-6
11
-13
6
-5
1
-1
4
-4
1
6
-8
2
329
-307
-22
26
-22
171
-170
-7
1
64
-44
-17
7
129
-140
10
-6
1
53
-22
-36
0
12
290
-300
33
-31
6
-8
-2
4
9
-3
2
58
-70
4
10
-10
-3
18
-11
-7
14
-15
41:0
1
-1
2:0
1
-1
6:0
1
-1
4:0
1
-1
0
1
0
-1
5:0
1
0
-1
5:0
1
-1
4:0
1
-1
5:0
1
-1
2:0
1
-1
11:0
2
-2
2:0
1
-1
19:0
2
-2
0
2
1
-3
19:0
1
-1
12:0
2
-2
3
-3
3:0
2
-2
5:0
6
-5
-1
8:0
1
-1
12:0
3
-3
5:0
1
-1
0
2
0
2:-1
2:0
2
-2
7:0
2
-2
7:0
1
0
-1
0
1
-1
4:0
2
-2
0
1
-1
3:0
1
-1
3:0
1
-1
8:0
2:1
-2
2:0
2
-2
2:0
1
0
-1
2
-2
2
2:-1
3:0
1
4:0
-1
9:0
1
4
0
-5
4:0
1
-1
2
-2
1
-1
10:0
1
-1
5:0
1
-1
8:0
4
-4
8:0
2
-2
1
0
-1
3:0
8
-8
7:0
1
-1
3:0
1
0
-1
3:0
2
0
-2
6:0
1
-1
2
0
-2
4:0
2
-2
0
2
-2
9:0
2
0
-2
end
