v1
936
305
279
38
84
26
11
79
158
113
95
41
52
74
79
25
9
301
195
84
35
188
144
92
108
19
52
6
17
2
37
0
7
15
127
19
244
36
94
122
39
7
12
153
58
1
98
160
23
199
73
140
31
261
27
121
87
65
139
20
162
72
36
96
227
85
11
72
64
135
101
76
152
106
194
30
11
0
62
163
41
27
133
17
33
59
0
304
70
24
16
125
43
217
111
51
39
198
21
135
7
23
1
64
127
34
108
169
109
61
87
20
67
89
53
33
72
185
79
121
2:75
0
18
85
98
104
328
29
13
197
106
87
63
24
81
4
16
297
134
16
2
72
0
27
377
344
11
146
67
213
65
4
387
559
26
29
12
50
37
7
134
232
424
254
27
121
221
331
15
77
7
125
157
18
94
106
82
87
6
0
1
52
81
98
275
6
70
73
104
40
71
10
211
73
59
19
26
175
125
170
5
6
27
29
45
6
19
13
24
1
0
18
12
33
0
16
7
0
1
46
2
17
6
122
2
4
118
53
20
9
74
45
2:14
50
30
5
30
3
35
57
6
11
14
68
45
118
216
165
58
8
78
95
120
82
143
160
254
110
304
10
33
6
116
77
207
54
64
57
141
85
101
41
87
42
69
58
3
56
90
5
68
214
129
27
254
31
299
10
5
30
3
24
59
70
123
72
34
41
52
154
217
34
4
47
8
12
7
59
118
0
299
397
7
96
175
24
102
71
5
7
10
312
55
33
17
6
109
2
24
42
6
109
93
94
75
50
391
252
287
31
30
1
246
33
29
157
40
6
80
53
37
34
4
19
5
102
7
8
147
40
48
235
32
64
14
447
164
4
77
20
98
84
2
360
92
75
100
17
53
121
8
11
32
86
23
3
32
219
23
28
38
98
56
47
31
30
35
54
0
38
20
88
122
90
5
20
3
99
5
89
3
2
151
54
52
119
75
204
29
18
26
20
17
21
92
42
34
31493
5
6
16
9
204
33
22
28
14
3
30
1
15
21
48
88
69
7
1
119
36
8
22
932
54
64
102
68
64
47
71
166
15
3
47
9
272
3029
2211
2
326
1553
3073
2063
4
3148
7668
1878
772
1552
3214
4989
3
790
6127
10
2175
816
925
3524
2
4
8078
9
21
2805
882
943
15
2456
5153
1
7
1
8
2
5
1
2
1425
4053
102776
13098
3544
1
1735
5982
24
26
47
4
9413
28772
3585
22
32
7
3
18
4
21
12
59
115
2:73
36
2:5
11
7237
2
47392
680
44
7
9
24
5
12
35
74
59
98
7
2
15
9
3
17
3
36
1
6
12
17
29
7
91
2
16
27
10
3:1
2
6
2
2:1
11
2
1
50
32
643
29
14
8544
7918
2360
2294
3093
5056
5152
7980
813
247
201
900
1
3
78
1016
46
665
436
532
2
1
0
2
2:6
10
28
3
96
24
20
5
35
9
8
17
1
2
3
1
43
47
4
6
30302
9735
51
218
64
176
11
89
59
118
0
423
125
1
46
29
234
85
202
24
28
225
9
42
15
18
41
103
47
31
10
2:5
34
173
100
241
90
32
25
32
5
19
4
13
18
20
14802
3
150
72
1977
13
9722
2:1
162
1
101
14
18
1
9
26
36
13
62
-488337
456
293
9
365
0
74
170
145
12
89
96
156
465
19
608
618
1184
102
817
221
659
33
12
266
313
68
143
299
16
71
68
320
258
153
370
373
5
941
0
146
65
75
172
43
107
260
246
138
96
229
1158
121
373
33
49
86
0
1019
154
116
570
187
0
30
185
760
19
59
526
111
559
84
179
178
78
133
41
60
21
91
35
61
122
321
16
405
142
179
158
90
160
44
368
273
68
475
110
159
121
423
373
260
97
726
264
402
1394
151
952
9
123
159
163
404
185
35
314
35
208
21
125
2
76
225
9
145
44
995
241
178
0
3
0
698
0
216
95
89
146
21
65
27
36
144
169
20
0
201
117
195
296
30
2
14
0
40
36
47
31760
73
95
61
98
99
195
15
137
38
1118
377
3
5969
3926
1399
22129
4086
10095
1274
9476
4680
1514
933
474
1523
3153
25228
96145
6262
43741
0
2168
1045
155
0
14
0
112
9750
45817
296
23
19
16
20
184
1
51
3
778
69
0
2
17
45382
1832
27
15
56
237
31850
0
8746
893
5
103
525
156
188
617
205
132
14783
233
11952
0
1420091400
699:0
1
235:0
8
-2
3
1
-7
39
-37
9
17
35
-40
14
-37
23
-21
62
-62
13
-10
2929
-2928
0
10
-12
15
-8
359
-299
-71
174
0
-170
42
-15
35
-47
-16
-3
3
18
-8
-13
1
10674
-10669
2
2:23
-54
43
204
-240
2
-3
38
-43
307
-265
309
-344
-3
-4
-1
0
5
-5
98
78
91
-258
-1
-6
19
-3
-17
1
0
23
-22
78
-78
24
-13
-2
-8
0
145
-144
-1
23
-25
5
14
-13
4
-12
3
0
166
-41
-128
781
-771
-4
26
10
-42
181
-181
88
-30
-53
5
-9
11
-12
20
150
-162
2:-3
0
386
-375
-1
-7
71
-66
25
-35
10
-10
24
-23
4
-1
66
267
1161
-1383
-115
16
4
-20
5
0
-1
5
650
-329
-325
6
-5
1
-7
2
-2
0
10
7
-7
0
136
-120
-4
-15
-7
6
224
-221
505
-509
-5
2
314
-307
1
58
-66
0
5
-2
71
39
-107
-2
448
-451
38
-31
-7
240
-240
32
41
-76
5
0
8
117
-129
85
-53
34
-64
40
-42
938
-939
2
0
29
-30
3
-1
5
2:0
123
-130
7
-4
-3
8
-8
54
-20
-34
-1
335
-299
-1
-33
-2
33
-28
16
25
-42
10
-12
-1
64
-65
4
-4
112
-107
3
2
238
-240
21
128
-156
76
-53
13
215
-190
60364
-60364
5714
-5487
-287
14
44
-59
44
247
-281
43
117
-170
0
37
-25
97
-107
13
14
-20
9
39
-52
-2
9
133
-142
52
-39
491
-508
68
-21
-45
0
75
15
-87
2
87
-88
-5
-1
72
-64
-4
-2
51
0
-49
-1
3
41
-41
1
591
-598
16
0
9
-11
759
-768
2
3
60
358
-365
-62
-1
3
1
12814
-11422
-1354
2:-20
13
1
74
-78
109
-14
-103
3
0
6
36
-44
-2
0
1984
-1960
-20
752
-738
50
14023
-14080
-13
6
-5
19
345
-355
20
-19
1
3
47
-53
468
-476
183
-184
44
-28
3298
-3300
2289
-1781
-455
-64
-3
0
-1
45
-29
-2
237
-251
18534
-18523
-9
3026
-3027
3
0
29
44
240
-317
7
361
-280
4625
-4593
-119
102
-11
-26
-66
55
-43
-11
2:2
-4
77
-77
23
-4
-20
5
1740
-525
-624
5791
-6382
182
-96
-78
890
-902
4
-5
4
226
-227
-1
8
153
132
-292
46
-45
220
381
-560
1058
-1078
-21
6
9
-17
9
45
-38
112
-126
19
-11
-5
0
87
120
-204
1222
-1144
-88
141
897
-425
212
-824
4847
-4848
125
-112
4
-17
2
52
-54
20
-20
4
39
-41
2:1
-4
42
-28
7
147
-168
10
-5
-2
1
13
19230
-19241
3
-1
-5
5
-3
145
-92
54
-110
25
344
-356
162
-175
6943
-6945
2
0
3
2
96
-15
8634
-8719
4
132
-134
34
-19
319
-9
-325
8
-10
1
14
-17
2
500
-498
-5
2
3
64
-45
13
33
-50
-16
-2
130
-76
-55
5
4
11
3841
-3850
12
-14
3
70
-81
65
-62
4
125
-127
25
617
-648
30
65
-75
88
-92
-7
10
-20
9
111
-119
1
19
-19
67
8
-51
-20
0
3
-7
0
3025
-3022
3
17
-25
22
-16
287
-258
97
-114
1
-5
911
-920
44
72
6513
-6624
-9
7
-4
56
-55
-1
-2
-1
1035
9276
-3718
-6579
14
-20
1867
-1827
-48
2
253
-220
1
-33
2
-4
2
0
-4
218
1474
-1680
689
3403
-4059
-7
-35
-1
342
1352
-1689
649
299
-863
-5
-77
2:-4
-2
0
10
-9
12
-13
6
-4
12
-11
15
-16
80
-65
-10
349
-345
-10
44
143
-177
2
11
473
-428
2178
-2208
-32
63
-63
15
54
-76
119
204
232
-556
0
-1
4:0
-1
1
-1
2:0
2:1
-1
2:0
1
3:0
1
-1
0
-2
1
0
1
-1
1
0
-1
1
5:0
-1
0
-1
2
4:0
-2
1
-1
0
1
2:0
-1
2:0
1
2:0
1
0
-2
1
0
-1
2
2:-1
2
2:-1
2:0
2
-1
0
-1
2
4:0
-1
2
3:-1
1
-1
1
-1
0
2:1
0
-1
1
-2
2:0
2
-1
1
0
-2
0
2
-1
1
0
-1
1
-1
1
-1
1
-2
1
3:0
1
2:-1
2
-2
1
9:0
-1
0
1
0
1
-1
1
0
-2
0
1
0
1
2:-1
1
4:0
1
-2
1
0
-1
0
2
0
-2
1
0
-1
1
0
-1
2
-2
0
2
2:0
-1
0
2
2:-1
1
-1
1
2:0
-1
3:0
1
-2
1
5:0
1
0
-1
0
-1
2
-1
1
-2
2
-1
2:0
-1
2:1
0
-2
2:0
2
-1
0
1
2:-1
1
0
-1
1
0
1
-1
1
0
-1
0
1
4:0
4
-4
3:0
2
3
-5
0
1
5
-5
1
-1
107
-107
-1
3:0
1
6
-7
0
3
0
-2
12
-13
1
-1
0
1
-1
3
51
-54
1
-1
5:0
9
-7
-2
1
-1
2
-2
4
-4
7:0
1
0
-1
5
-3
-2
0
6
-5
-1
2:0
1
4
3
-8
1
-1
3:0
5
-4
-1
0
2:1
0
-2
2:0
2
2:-1
1
-1
7
-7
1
2
-3
3:0
6
-4
-2
2
-2
3
-3
3
-3
1
-1
2:0
1
2
-3
1
-1
0
1
-1
4
-4
2:0
3
-3
12
-12
13
-13
0
1
0
-1
2
-2
0
2
-1
21
-22
2
-2
0
1
-1
2:0
1
2
-3
1
7
-5
3
-5
-1
2:0
3
6
-9
2:0
39
-39
0
14
-14
10:0
1
0
-1
0
37
-36
-1
3
-3
3
-3
0
5
2:0
-4
3
-4
50
-50
2:0
8
-7
-1
0
4
-3
0
10
-6
2
-5
-2
0
1
7
13
-21
1
15
-8
-4
-3
-1
3
1
2:-1
-2
1
-1
0
8
-8
1
0
9
-10
0
2
20
-20
1
4
-7
9
-5
-2
61
-50
1222
-1234
74
-41
-34
6
-4
-2
8
-5
1
-1
-3
3:0
1
13
-14
5
-4
-1
13
-8
-4
2
1
18
-21
5
-6
51
-51
0
5
-5
0
5
0
-5
0
7
-7
1
-1
2:1
-2
0
1
0
1
-2
0
14
-13
1
26
-28
1
0
3
-3
17
-18
1
4
-3
12
-11
-2
-1
0
1
515
-461
-47
-8
2:0
5
-2
-3
6
10
-15
-1
1
2:2
-4
-1
0
67
-59
-8
34
-29
-2
174
-174
-1
2
-4
1
35
-34
0
-2
3
1
-1
0
21
-24
48
-48
5
-4
1
0
133
1
-130
-2
-4
2:0
4
-4
4
-1
-3
525
-522
-2
107
-108
2:0
4
3
10
-17
8
56
-54
752
-759
0
15
-11
1
-7
3
-1
-3
1
2
-3
4
-4
2:2
-3
0
8
140
-144
157
-161
10
-7
2:0
-4
2:0
2
28
-30
2:0
3
56
-59
6
-4
32
142
-162
21
-32
0
-2
2
-2
-1
16
-8
43
-50
7
-5
-3
0
5
40
-45
28
-6
-21
-1
41
-41
38
-38
85
-85
9
-8
5
-6
1
-1
0
1
2
4
12
-18
-1
3
-3
2:1
3
-2
-3
2
-2
3
-3
6
156
-162
2:1
-2
2:0
5
-1
19
-21
-2
0
6
13
-14
621
-624
2:-1
1
2:2
2:7
-19
3
-3
3
2:0
1
36
-38
2:-1
2
1
-3
1
3
-3
-1
1
0
8
2
-9
5
0
-3
-4
0
1
-1
0
1
5
12
-10
-8
1
6
-6
-1
23
-22
2:4
-8
6
91
-97
3
27
-23
4
-9
-2
-1
0
2:7
-14
0
3
-3
10
-2
-8
3
-3
2
-1
2:0
-1
0
11
-9
0
-1
31
-22
-7
2
0
-4
-1
1
2
0
16
-19
1
-1
1
18
-18
-1
2:0
90
260
-133
-214
1
0
195
-192
-7
0
15
2
-5
-12
1
-1
3:0
41
202
-239
-4
9
-3
7
-10
-3
15
22
-37
220
-25
-192
16
-10
-7
-1
2:0
5
-3
-1
-2
2:0
1
-1
6
-6
1
7
-8
14
-13
-1
1
4
-4
-1
0
14
-6
48
-55
-1
12
-11
-1
1
-1
9
13
39
-61
20:0
1
-1
55:0
1
-1
5:0
1
-1
7:0
1
-1
1
-1
2:0
1
-1
4:0
1
-1
7:0
1
-1
7:0
1
-1
16:0
1
0
-1
4:0
3
-3
3:0
4
0
-3
-1
3:0
1
-1
1
-1
1
-1
4:0
1
-1
9:0
2
-2
1
-1
7:0
1
0
-1
4:0
2
-2
12:0
1
-1
2
-2
2:0
1
0
-1
11:0
1
0
end
