v1
935
207
90
206
81
159
312
19
50
105
52
139
39
9
14
287
52
89
54
119
64
15
109
364
57
17
39
7
14
1
28
118
374
274
59
62
278
272
140
165
127
300
214
51
128
429
26
160
111
34
143
227
31
194
22
19
24
43
86
72
41
27
133
143
10
122
71
67
94
1
299
101
140
12
113
111
23
21
33
102
222
6
9
19
281
100
5
148
229
33
194
63
117
10
148
335
45
166
44
127
336
104
46
125
108
40
144
139
16
74
32
372
442
59
280
64
2
3
57
31
661
181
24
18
135
12
207
147
55
274
95
281
44
77
50
144
41
77
205
127
7
118
182
94
275
16
52
103
57
245
23
41
28
24
46
131
77
34
44
242
8
59
60
162
123
175
6
26
30
45
6
32
35
8
2:19
6
25
48
17
6
1
126
0
1
118
2
71
9
1
11
62
40
5
14
64
30
5
30
38
3
54
17
127
118
85
91
271
78
95
120
225
160
35
86
133
110
304
10
33
6
116
101
3
42
138
54
121
141
85
101
41
90
108
159
48
5
112
155
15
404
23
24
130
159
10
5
30
3
66
17
70
229
41
309
114
54
31
8
12
175
9
3
38
758
192
7
102
46
37
205
172
50
6
109
2
24
213
37
5
89
75
50
325
395
71
170
0
19
4
7
1
246
33
30
50
96
50
6
80
53
75
113
13
7
8
147
30
10
2
281
96
14
609
2
81
20
79
3
102
360
55
37
175
70
121
8
11
32
43
320
51
22
16
100
54
47
61
147
88
153
59
5
20
3
104
89
3
2
151
54
45
7
244
69
85
8
39
63
53
102
34
64
13
15
31
31370
5
22
9
43
161
33
50
3
2
42
85
69
19
76
120
36
8
22
1130
22
45
23
72
20
19
71
108
58
15
3
47
9
3301
2211
328
1553
2387
2749
4
10816
1507
1143
4766
0
4989
3
1620
1211
4086
10
2991
436
2628
1385
2
8082
9
1
4
12
2809
882
958
19
2447
474
1523
3147
2:8
2
6
1427
3523
116404
3544
1
1735
5982
24
26
47
9417
32411
7
21
4
33
9
50
115
93
72
17
5
16
7239
47392
680
101
35
74
59
98
7
2
27
18
38
1
6
12
53
91
18
27
10
2:1
0
1
2
8
2:1
11
3
725
29
16476
2357
574
1723
3093
10208
7980
813
247
1183
873
143
46
665
436
532
2
1
2
6
5
11
29
2
49
37
8
2
21
3
1
28
31
9
28
3
1
26
5
12
47
4
5
1
30302
9786
218
64
176
76
24
59
666
1
46
41
209
13
43
42
202
135
142
9
39
3
15
18
41
103
47
31
2:5
1
4
5
4
30
273
375
13
37
19
17
38
30
14772
225
1977
13
9722
2:1
149
13
1
101
14
28
62
13
52
10
5
-488387
301
427
61
5
176
10
28
174
60
104
287
33
306
53
233
16
89
96
282
82
62
39
161
121
77
14
132
235
321
102
43
42
185
187
61
167
59
22
21
162
139
325
74
167
115
79
223
5
9
233
10
102
388
1
46
139
39
118
165
197
11
10
185
76
276
232
2
14
85
11
29
248
137
262
15
56
464
58
150
139
7
78
39
0
59
205
57
22
233
150
178
187
7
445
112
4
84
260
4
241
14
320
21
1
20
88
344
263
608
59
270
64
124
61
133
183
200
50
520
14
92
32
265
67
46
238
142
49
18
10
454
58
734
55
70
123
143
87
15
26
96
32
47
7
44
3
5
144
64
43
159
4
85
28
86
54
85
55
94
171
142
816
524
49
201
520
487
26
171
565
27
52
197
5
116
252
286
621
35
83
63
58
858
317
269
2:60
166
363
9
3
82
79
10
159
105
411
162
14
461
140
21
143
57
3
7
9
5
14
611
563
394
32
215
142
666
2
189
321
135
72
507
5
69
15
329
5
113
41
268
33
29
105
31589
230
162
33
8
7
58
62
70
1275
297
7773
1005
1043
703
4531
5116
5125
17013
2605
1744
872
2649
9
10
8046
29
45
6156
6076
8
7
12
2467
3012
11417
8312
96145
11260
102
41882
95
11
21
14
113
1
49
23
46
11010
44363
33
449
44
51
60
17
31
738
6
12
103
55
15148
3496
2
6565
3879
13045
3201
1833
7
2:19
148
36
105
4
40115
295
356
262
661
351
148
99
2:38
446
244
65
239
59
14797
226
12042
53
3
90
6
1420767600
599:0
1
334:0
10
47
-50
7
19
-26
4
3
129
-124
-12
11
70
-80
2
3
-8
139
8785
-8924
-1
0
142583
-142417
-156
1697
-1704
0
66
-64
-4
0
21
-19
4
18
141
-156
-4
794
-654
-145
0
3
15
-16
35
32
1
-63
-4
18
-14
4
35
-20
-26
9
-5
338
-343
4
-2
69
-61
-3
169
-176
6
-6
12
-10
3
24
-26
0
5
12
-19
3
51
-30
253
-278
28
-28
61
-60
13
112
-78
-35
-8
14
-15
2:-2
6
-6
37
-28
-2
123
-129
0
1
43
-29
-2
0
599
-489
-105
438
-453
1
0
51
-50
6
-10
1
33
-9
-27
1
5
-6
0
103
-77
-26
99
-99
2
20
192
-195
-13
398
-403
7
356
-38
-293
-31
14
-13
-3
201
-173
-13
382
-397
37
-36
8
-7
34
84
-105
-15
2
54
-52
9
-1
69
-71
11
85
-102
74
-43
-24
-6
94
-59
-36
-3
-1
7
-2
115
-25
-95
7
488
-253
-234
128
-133
41
-31
43
31
-85
192
-149
-42
9
7
-17
308
-305
-4
206
-205
188
-44
-73
-71
-2
12
1079
-802
-265
107605
-107469
19879
-19909
-124
-5
14
25
-19
22
143
5014
-5189
2623
-2621
16
-23
-6
2
-2
5
123
-123
-4
105
-105
143
-125
-13
1
558
-563
139
-105
59
382
-473
33
146
-178
0
2
1
236
-237
10
75
-86
572
-236
-338
28
-18
1423
-1431
47
-9
116
-159
655
-652
6
13484
-10947
-2438
-107
35
-35
5
-1
22
118
-80
-65
118
-72
-42
9
-4
-8
6
38
-44
2197
-2198
580
-570
69
24413
-24175
-258
-36
-24
3
542
-535
18
102
-69
-58
-1
720
-716
3
796
-715
51
-126
5246
-4583
-634
-44
2
4
-4
20
599
32231
-32804
2697
-2633
400
-491
16
1214
15872
-12592
-4521
80
-87
297
-299
209
-210
2
20
-15
27
-33
53
75
-128
13
1111
-1110
-13
0
9
537
6573
-7012
6
-109
9
41
-35
-7
-6
404
-292
-117
176
-135
174
707
-895
377
-405
402
-400
47
-48
17
14
2:-12
120
-121
35
-38
-5
237
-107
1316
-1158
-286
10
2703
-1888
-719
7545
-6073
-1427
-137
-17
983
-979
147
-108
99
105
-246
132
-38
-94
3
-3
2
31
-16
7
-21
-3
5
39
-29
262
-276
18
27868
-27883
21
0
-20
-2
456
-444
25
318
-344
79
3994
-4087
0
49
903
-950
462
-463
3
5
-7
1801
-1195
-597
-10
0
-1
22
8
2:-15
49
-39
-10
158
-156
1
40
13
-34
-19
-1
141
-36
-61
32
-73
4
-1
1157
-1150
98
-19
36
-129
13
-1
7
-8
-3
57
141
-196
87
-90
-6
124
-115
161
-125
-38
24
83
-78
-36
1
15
-7
-6
7
40
-51
70
-64
-5
-1
1
7
1
30
-39
376
20994
-12982
-8389
6
47
-30
-18
-1
1246
-1241
-10
529
-422
183
-253
-28
5
395
955
-1356
40
-43
2283
-2276
83
-36
-59
362
2780
-3082
-33
619
3413
-4030
130
-155
12
4
-10
96
30
-130
3
48
-46
-2
1
-1
26
-2
400
-392
-40
50
-49
106
-101
1967
-1898
-74
2572
-2533
11
203
-250
146
-80
-69
1355
-1355
-4
1
0
-3
1
3
0
-4
3
-2
1
-1
1
-2
2
1
-1
-2
2
0
-1
0
-1
3
1
3:-1
1
-2
3:0
3:1
-2
0
3
0
-2
1
-3
2
-2
2
1
-2
2
-3
1
0
1
-2
2:1
0
-1
1
0
1
0
-1
1
-3
1
-1
2
0
-1
3
-3
-1
3
-3
2
-1
2
-2
0
2
0
1
-3
-1
1
0
1
-1
2
0
-1
1
-3
0
2
2:0
1
-1
2:0
-1
0
1
-2
2
-1
0
2
-1
2
2:-1
-2
1
-1
1
-1
2
2:-1
3
-2
2
0
2:-1
2:1
-1
2
-4
2:1
-1
3
-3
0
2
0
-3
1
2
0
1
-1
0
3:-1
3
-2
1
2
-3
2
-2
2
2:-1
0
1
-1
0
-1
3
-3
1
-1
3
1
-3
-1
4
-3
1
-2
2
0
-1
2
0
-2
1
0
-1
0
1
-1
3
-3
0
1
-2
1
0
-1
0
1
-1
2
-1
0
3
-2
-1
1
-1
2:0
2
3:-1
1
2:0
-1
2:1
-2
2
-1
2
0
-2
0
-1
1
-1
2
0
2:-1
1
-1
0
2
2:-1
1
-1
2
0
-2
3
-3
2
2:-1
3
2:-1
2
0
-3
4
0
-3
-1
2
-2
4
-1
-2
1
-1
4:0
1
-2
3
-2
2
2:-1
1
-2
0
1
-1
0
1
2:0
1
-2
0
3
-2
3
4:-1
2:1
-2
4
-3
2
-1
-2
3
-3
2
0
-1
0
2
-1
-2
2:0
3
-1
-2
3
-2
0
3
-1
-3
2
-1
1
-1
1
2
-3
1
-1
1
5
-5
0
3
-3
2:0
4
-2
2
-4
6
-6
2:0
1
2
118
-121
1
-1
18
-7
-10
23
-21
-3
18
-18
3:0
1
-1
0
16
-13
-3
2
9
-11
0
2
-2
2
0
-1
0
-1
1
2
-2
0
-1
3:0
9
3
-12
1
-1
0
1
0
8
-9
1
-1
3
-2
4:0
2
-3
1
-1
2
-2
16
-16
2:0
6
-5
3
-3
5
-6
0
3
-3
1
0
-1
0
4
-3
-1
16
-16
0
1
4
-2
1
-4
10
1
-11
20
-20
0
2
1
-3
2:0
1
3
-1
-3
0
1
-1
0
8
-2
-6
2
-2
0
4
0
-4
5
14
-19
1
51
-35
-15
-2
0
2
-2
2:0
5
-5
2:0
1
3
-4
1
81
-81
-1
0
3
-2
3
-4
8
-6
0
37
-39
7
-5
2:-1
6
-4
-1
1
-2
1
0
18
11
-30
5
24
-29
0
10
-9
5
-3
8
-6
-5
13
-10
-3
1
5
-3
13
-16
0
22
-22
5
1
0
-5
0
1
0
48
-43
1609
-1615
101
-84
-18
2:0
9
-6
4
-2
7
-8
2:-2
2
-2
1
0
-1
1
8
-9
3:0
18
-15
0
-3
93
-93
1
12
-4
9
-17
11
-12
2
0
3
-4
-1
2:1
16
-18
3
30
-33
0
1
14
-15
4
-2
8
-9
2
-1
-2
666
-576
-82
-7
-1
0
3
0
-2
-1
2
-1
8
-1
-6
2
-1
-3
4
1
-3
69
-70
35
-30
-3
347
-350
6
15
-17
-4
57
-56
1
2:2
-6
0
32
-32
3
37
-31
-3
0
160
-19
-142
-5
2
1
-3
0
26
721
-736
142
-146
9
-13
24
88
-109
573
-577
7
-9
87
-86
9
-10
3
0
3
-6
0
6
0
-6
1
143
-143
1
-2
0
4
203
-196
-4
-7
4
-1
-3
5
-5
30
-26
-3
68
-61
16
191
-208
33
-38
2
-4
4
-4
1
7
2
-8
53
-54
2:1
-3
6
29
-3
5
-36
-1
61
-3
-58
78
-66
-2
-8
-1
6
-5
0
-2
6
0
-5
13
20
-34
5
-4
-1
0
4
0
2:-2
4
-4
2
3
-5
4
236
-239
3
2
-3
0
32
-35
2:0
2
15
758
-774
-1
5
14
-19
2:0
2
-1
0
11
44
-52
-4
2:0
6
-2
2
-6
10
3:-3
1
-1
15
2:0
-14
0
29
-26
9
2:-6
0
4
78
-82
24
-14
-2
-9
10
-5
2:-3
0
6
3
-5
3
-6
1
12
-14
0
5
-3
4
6
-10
-2
7
-7
2:0
1
9
-8
-2
5:0
2
7
-6
88
767
-8
-850
0
1
2
-3
1
300
-300
-1
14
13
-16
-11
1
2
47
173
-218
1
-6
11
-11
11
0
-10
16
24
-41
1
178
91
-266
39
-42
1
-2
1
2
0
-3
1
12
-12
0
-1
8
-1
3
6
-15
1
2
-3
7
-7
16
-8
-9
41
-36
-5
23
-23
9
-1
-8
56
-54
-2
2:0
1
-1
4:0
1
0
-1
6:0
1
0
-1
1
-1
0
20
-20
13:0
1
-1
5:0
1
-1
1
-1
11:0
2
-2
7:0
2
-2
8:0
1
-1
3
-3
8:0
2
-2
3:0
1
-1
31:0
1
-1
4:0
1
-1
1
-1
1
-1
0
1
-1
0
4
-3
0
-1
3:0
1
-1
15:0
1
-1
2:0
1
-1
28:0
1
-1
0
1
-1
7:0
1
-1
2:1
-2
5:0
1
-1
4:0
1
-1
2:0
1
-1
0
1
-1
3:0
1
-1
4:0
1
-1
2:0
5
-4
-1
3:0
1
-1
0
2
2:-1
4
-4
3:0
1
-1
3:0
1
-1
0
2
-2
0
1
-1
6:0
1
-1
0
1
-1
4:0
1
-1
6:0
2
2:-1
13:0
2
-2
7:0
1
-1
0
end
