v1
1069
297
607
325
52
139
56
488
119
64
15
453
14
63
56
22
28
99
554
711
73
140
17
275
15
133
152
159
509
340
111
101
76
258
1074
496
554
31
225
242
292
1129
255
126
227
110
275
431
494
388
54
60
279
126
775
140
128
334
236
227
238
50
114
651
394
275
16
22
551
288
10
284
134
270
208
41
71
43
69
195
4
118
82
74
121
2
30
35
3
54
300
447
173
120
225
414
110
304
10
33
6
116
459
141
85
101
41
36
51
3
169
433
129
298
0
313
15
33
153
229
13
28
423
105
893
90
301
71
389
56
111
24
344
75
50
992
25
221
33
80
232
128
126
15
147
323
96
14
15
677
20
184
452
175
70
121
8
11
32
385
67
100
54
108
147
88
212
5
20
3
193
5
702
63
155
34
31493
5
22
9
237
97
173
76
120
36
8
22
1152
68
111
71
104
62
18
56
272
3029
2211
328
1553
5140
10816
1507
1143
4766
14910
1797
2652
2
8020
21
4701
2481
5143
1
16
2
6
124899
7716
25
73
9417
32439
4
26
274
89
5
54647
890
59
98
36
57
6
13
52
109
38
4
9
1
11
21887
3093
10208
7980
575
1668
1062
665
436
532
2
3
6
47
86
94
37
3
1
43
47
9
1
40306
64
176
100
725
1
46
263
85
202
277
9
57
18
41
103
132
273
49
376
19
17
38
17017
9723
1
162
102
14
90
13
62
28
-488605
153
334
40
0
159
312
100
67
157
17
72
422
207
37
163
210
0
2
177
0
23
78
124
5
542
159
0
346
103
4
130
93
0
46
333
124
301
84
5
46
56
72
132
190
0
133
293
12
67
90
138
96
222
122
0
19
107
201
153
13
175
5
162
0
183
10
51
108
48
28
371
21
0
357
9
0
127
175
104
120
53
24
132
7
46
33
257
79
57
0
119
113
0
85
110
0
92
101
192
0
46
421
1
16
0
46
0
384
38
25
125
74
27
165
556
224
108
141
33
461
33
0
255
0
117
88
153
104
262
55
0
30
367
253
83
273
77
332
165
40
0
100
135
76
219
50
64
219
127
247
40
20
95
309
220
296
9
1
26
14
0
16
45
6
19
38
19
3
1
14
8
11
23
54
2
3
131
137
26
45
71
4
53
14
99
68
3
54
31
113
27
165
11
0
91
205
144
418
3
214
349
78
43
121
208
103
42
13
125
54
61
2:313
207
5
24
73
170
110
315
31
10
214
108
81
17
649
148
78
168
7
2
41
500
457
195
83
93
95
146
72
43
68
115
93
5
88
9
0
123
319
318
0
89
185
0
44
30
18
114
7
317
50
44
6
89
37
78
17
67
0
9
186
9
394
446
162
2
73
27
83
100
66
181
0
69
1
15
30
9
43
3
497
27
293
51
239
31
22
14
29
92
261
180
11
145
100
106
102
92
50
11
0
44
14
85
27
28
2:38
32
60
140
28
31
31368
50
0
31
95
66
86
81
48
92
30
0
35
8
0
1171
0
56
38
430
63
60
7713
3453
1372
0
2468
3794
16966
1620
1211
0
3663
2608
1741
1304
842
1384
10
8068
8
1
0
5
2821
882
958
2456
484
0
4677
19
0
1425
3523
116404
3544
1736
6032
6
45
38185
3585
61
3
43
12
0
120
54
73
1
91
27
11
7239
28796
19276
44
7
50
35
67
171
2
3:15
0
38
19
146
18
25
10
2
1
10
741
7
36
27
155
3445
9355
3480
2931
22918
899
247
2199
671
1011
1
6
7
10
28
1
119
4
24
4
25
0
15
83
30
0
4
30317
1513
8531
269
120
49
462
172
41
384
0
149
111
140
13
0
22
161
81
31
5
10
9
447
304
59
14794
0
3
150
72
0
11712
165
0
133
2:5
7
19
53
2
61
30
-487689
335
179
206
5
113
63
29
0
120
18
707
93
289
486
599
0
160
298
478
0
85
0
163
73
117
600
173
99
22
136
130
121
23
200
92
228
0
410
59
116
0
418
229
230
174
466
48
781
0
62
362
43
0
161
551
382
77
0
112
241
40
601
247
0
13
99
0
78
541
699
89
31
69
61
206
0
330
0
92
45
266
71
1
185
447
229
151
246
0
935
267
62
34
679
14
47
50
17
0
54
99
34
103
11
6
13
186
329
60
0
44
0
179
1091
354
301
292
325
49
203
33
160
647
56
144
1355
0
17
129
117
151
542
82
102
788
82
64
157
281
12
0
380
0
124
108
337
220
0
108
0
341
90
149
119
0
122
12
938
195
512
188
45
579
203
438
34
0
22
13
172
81
90
178
253
0
52
31819
0
4
68
129
88
31
76
127
25
1069
7
5
12
193
188
5708
2201
3444
14859
4304
6230
4310
17330
23
19
2795
1873
1514
920
996
1014
3155
1460
0
1025
22741
96145
53243
0
86
21
221
11056
44956
0
61
54
29
704
95
0
17
7879
21257
0
8402
6890
910
45
1620
238
14
57
45
47
40
0
107
29
40468
12
108
121
4
306
0
313
530
0
400
38
96
39
4
684
90
32
57
15108
2
12018
1420328400
299:0
1
499:0
1
268:0
40
170
-74
-25
1503
-1561
-10
6019
-5915
-113
0
68
46
11209
-11309
209
-176
7
-46
56
-46
283
143
-439
8
175
-144
-43
2527
-2048
-481
38
-27
388
-168
-146
-73
683
-691
48
-38
204
203
-420
25
62
96
102
-221
182
-206
1811
-1739
-112
8
4
-7
1223
-1198
1957
-1488
-410
3546
-3110
-260
59
-193
338
-436
71
-3
168
-252
422
-70
594
-928
78
-113
97
-32
535
-460
-140
72
297
63
-430
431
126
-441
554
-492
-153
723
15
-742
121795
-121713
6436
-6260
1447
-1607
-23
427
-490
-12
85
324
303
-604
-105
23
0
4816
-4847
571
-534
31
-11
410
-447
58
1167
-1150
308
-306
1180
-1294
173
850
34085
-31495
-3532
-68
-6
113
-109
5073
-5059
2801
-2044
-712
49769
-49777
-11
576
-627
42
-23
252
6
-217
1021
-1059
16255
-15507
-744
-25
0
119
65135
-61697
-3447
247
-348
3478
-2998
14432
-14885
144
-169
-8
24
1619
-974
7582
-8066
-20
-164
1498
-1234
-250
318
1473
-1701
609
-653
-17
-45
57
-51
94
-43
-44
60
17
188
2194
-1711
1004
1273
-2905
11649
-11763
307
-321
47
7
-59
991
-931
-64
13
5323
-5321
69094
-69094
524
-505
334
-245
11336
-11459
626
-626
53
591
-83
-498
496
-547
41
132
-165
318
-265
-10
9
-16
356
-261
32
296
-400
-36
-21
26
-16
402
-363
-67
293
-231
-63
1
-2
494
-490
-1
6836
17166
-19715
-4287
58
-30
1306
-1293
193
-216
17
194
726
-961
328
-157
-162
227
4269
-3050
9595
-11042
92
-60
-31
32661
-32634
110
-121
395
-388
1870
-1613
3262
-3539
205
1048
-1265
1385
-638
-775
1
-3
2
3
13
-9
3
-9
-3
12
-2
-11
16
-1
3
-17
1
2:3
0
2:-2
-1
6
2
-7
1
2
-6
12
0
-12
1
5
-6
0
3
24
-19
-7
27
-26
4
1
0
-5
6
-3
25
-29
2
5
-7
2
0
6
1
10
-20
30
-25
0
10
-4
18
-29
18
-16
12
-14
0
1
0
15
-14
2
-1
-3
4
21
-20
9
-7
19
-25
12
16
-10
-19
1
0
13
2
5
-20
1
15
-1
-15
0
-1
6
13
-16
3
-5
0
29
-19
-11
16
-3
-11
2
21
-17
11
-15
10
-1
-12
0
14
0
2:-7
22
-20
2
-3
4
20
-23
2
0
13
-10
9
-11
-5
0
3
1
-1
1
4
-6
20
-23
1
19
-18
2
17
-18
13
-6
19
-5
-23
0
15
1
-3
-12
2
14
-15
0
12
-15
8
4
2
7
-11
-9
-1
15
-11
2:0
-3
4
-3
17
-19
15
3
-5
-13
13
-12
0
12
-13
12
-11
7
9
-15
-1
1
23
-25
1
-1
13
9
0
-16
-2
-3
22
-22
18
-13
-1
-3
10
6
-18
15
2
-16
1
12
-12
9
-9
-2
11
2
-11
14
0
-15
6
1
-7
4
5
-8
3
-5
6
-5
14
0
-14
1
2
-1
-2
2:0
9
5
3
-18
7
-5
1
0
-3
9
-6
-1
10
-11
0
13
-14
13
-8
14
-13
13
-19
29
-27
4
-6
1
2:0
3
-4
10
-8
9
-6
-1
14
-10
13
-4
12
-29
0
16
-7
13
-5
3
-19
0
4
2:-2
19
-19
0
-1
11
-8
0
-3
25
-21
-4
6
1
-7
3
-1
10
-8
6
-8
20
2
-19
9
-4
-9
0
5
1
0
-4
0
-3
16
-10
-7
14
-13
11
-10
0
1
2
7
-6
-2
0
-3
3
8
-10
2:3
6
2
-15
8
-1
-7
19
1
0
-18
-1
0
17
-18
2
10
-8
-3
8
2:-4
-1
5
-3
8
-10
19
7
-25
0
8
4
5
-16
3
2:0
-4
-1
2:0
1
-1
22
-18
22
-8
2
-15
-3
2:3
18
-21
16
-3
7
-14
17
-13
-7
-4
2
-1
-3
-1
2
20
-23
0
5
6
-5
-4
-1
1
10
-12
0
21
-21
5
-3
2
-1
4
0
2
-3
-5
0
-1
8
-6
-2
5
1
2:-3
30
-29
2
0
4
2
-9
7
2:0
-7
1
6
18
-19
11
-10
2
-9
3
0
-1
7
-2
0
9
4
-10
1
0
-7
0
8
-10
-2
16
-16
-2
-1
2
2:-1
2
-1
4:0
1
0
-1
0
1
-1
0
1
-2
0
1
2:0
-1
2
-1
0
-1
2
4:0
-2
1
-1
2:0
1
2:0
1
2:0
-2
0
2:1
-1
1
-2
1
0
-1
1
-1
2:0
1
0
-1
1
-1
0
2
-2
0
1
0
1
2:0
-2
2
-1
0
-1
0
1
-1
2
2:-1
2:1
-2
2
-1
2:0
-1
0
2:1
0
-2
1
3:0
1
2:-1
0
2
-1
7:0
1
-2
0
2:1
-2
2
-2
2
2:-1
1
-1
2:0
2
-2
2:1
2:-1
0
2
2:0
-1
4:0
-1
2
0
-1
1
-2
0
2
-2
1
2:0
-1
1
2:0
1
-2
2
2:-1
1
0
-1
2
-1
1
-2
2:1
-1
0
-1
1
2:0
1
-2
1
3:0
1
-1
0
-1
2
0
-2
1
-1
0
2
-1
0
-1
0
2:1
0
-2
0
2
-1
0
1
-1
2:0
1
0
-2
2:0
2:1
0
-2
3:0
2:1
-1
0
1
0
-1
0
1
-1
1
0
2:-1
1
-1
2
0
-2
2:0
1
-1
2
2:-1
1
-1
0
2
-1
0
-1
2
-1
0
-1
2
-2
1
0
1
2:0
4
-3
3
2
1
-6
4
118
-122
5
-5
0
19
-3
8
-21
-3
1
-1
18
-15
-2
-1
0
1
13
-12
-2
3
10
-9
-2
3
4
-9
3
-2
22
-23
8
-8
2
-2
1
3
17
-8
-3
-10
15
-15
30
-23
-7
7
-5
-2
1
8
-7
2:-1
18
20
-29
-2
-7
0
4
-4
74
-74
3
-2
0
68
-49
2:-9
20
16
2
-30
-10
4
6
4
-12
2
12
4
-8
-5
3
-1
76
-75
2106
-2114
117
-82
-30
-2
0
2
-7
1
-1
4
25
-18
-2
-8
0
24
-16
64
-50
-14
-9
18
-15
6
-9
14
34
-46
20
-16
7
-9
735
-599
-127
-10
-3
11
-3
-1
0
78
-46
-33
430
-433
-1
66
-68
16
-10
29
8
-30
-6
-3
277
-60
-212
2:-4
27
952
-848
-121
17
1
80
-91
983
-989
0
-7
6
-2
201
-205
274
-263
-1
-12
52
7
-50
28
236
-254
52
-68
-2
7
2
-8
68
-65
-6
0
3
46
-10
18
36
-18
-77
106
-97
-1
-7
23
30
-54
1
2
9
-8
-3
10
313
-320
40
-44
0
26
813
-833
15
-18
-1
8
83
-88
11
-12
3
-3
12
5
-20
5
26
-16
121
-79
-42
0
1
-13
6
2:-4
20
-12
-9
4
10
-12
5
-5
5
-8
12
94
529
-405
-223
2:-2
188
-176
24
2:-19
43
173
-209
8
2:-2
6
35
222
385
-657
43
-24
-17
-5
17
-6
10
5
-22
23
-10
31
-48
23
-12
-5
66
-72
5:0
1
-1
1
-1
2:0
3
-3
0
1
-1
9:0
40
-40
7:0
1
-1
2:0
1
-1
6:0
1
0
1
2
-4
3
-2
-1
1
2:0
6
-7
2:0
1
-1
1
0
3
-4
1
2:0
-1
1
2:0
2
-3
4:0
2
-2
2
0
-2
0
9
-7
-1
2:0
-1
4
0
2
-6
0
4
-3
-1
2:0
1
5:0
1
0
-2
2
0
-2
2
-2
1
-1
0
2
-1
2:0
-1
0
1
-1
3
-3
0
3
0
-1
-2
6
-6
3
-3
6
-4
-2
4:0
1
0
1
0
-2
3:0
1
0
-1
1
-1
8
-7
-1
0
2
1
-1
-2
1
-1
0
1
2
-1
3
1
7
-7
-5
-1
4:0
1
-1
2
0
-2
0
2
-1
1
-2
1
-1
3:0
3
-3
2:1
-2
1
-1
2:0
3
-3
0
5
-1
-4
2:0
8
-8
0
1
0
-1
3
0
-2
-1
0
1
-1
5
-5
2:0
2:1
0
-2
2
0
-1
0
-1
1
-1
3
-2
-1
2:0
1
2:0
-1
2
0
-1
1
-2
0
6
-5
1
-2
0
2
-2
2:0
2
-2
0
2
-2
0
8
-8
10
-10
5
-4
2
-3
2
-2
1
0
-1
6:0
2
0
-2
0
2:2
-1
1
2:-2
2
-1
3
-4
8
-8
2
4
-5
1
2
-4
2:0
5
-4
0
-1
2:1
-2
3
-1
-2
2:0
1
0
3
-3
5
2
-7
0
-1
3:0
2
0
-1
0
-1
1
-1
0
2
-2
1
-1
3:0
9
-8
-1
0
1
-1
6
-6
1
2
-1
-2
0
6
0
-6
3
2
-5
0
1
0
5
-3
2:0
-3
3
0
-3
0
1
2
-2
-1
1
2:0
1
0
2
2:-1
-2
3
-2
0
-1
4:0
2
2:-1
12
-5
-6
0
3
2
-5
8
-9
0
5
11
-13
6
-3
2
-2
2:-3
3
0
-3
4
-3
-1
1
3
2:-2
2:0
2:1
-1
1
-2
2:0
3
-3
2:0
8
-8
1
0
-1
1
3
-4
1
2
-2
-1
8
-5
-3
0
1
2
-3
3
0
-3
0
2
0
-1
2:1
-3
4:0
2
0
-2
0
4
-2
0
-2
2:0
1
0
-1
0
2
2:-1
6:0
1
0
-1
3:0
1
-1
55:0
1
-1
13:0
1
-1
8:0
1
-1
1
-1
22:0
1
-1
5:0
1
-1
6:0
1
-1
9:0
1
-1
20:0
2:1
-2
7:0
2
-2
3:0
1
-1
8:0
1
-1
5:0
1
-1
6:0
1
-1
3:0
1
-1
11:0
1
0
-1
8:0
2
-2
1
-1
16:0
1
-1
5:0
2
-2
2:0
end
