v1
1014
535
208
538
802
609
56
22
28
42
336
986
996
202
429
741
185
880
496
554
141
115
796
194
63
655
948
431
90
404
442
339
126
404
1745
328
416
394
275
589
288
947
96
18
69
48
351
114
5
14
46
83
112
240
90
91
564
225
414
110
304
10
33
6
289
111
54
448
41
692
428
176
151
33
423
43
465
1375
22
121
246
56
111
286
82
75
50
1351
190
42
128
126
15
147
419
14
611
81
204
412
406
8
11
584
54
108
147
88
212
5
20
3
900
63
189
77
31416
5
31
294
40
37
136
196
36
8
22
1586
5570
326
1553
5140
10816
2650
9755
6497
433
2991
4449
16
11785
8568
16
2
8
124897
7716
25
9490
32443
280
109
5
55463
133
191
164
43
13
2
749
24252
1178
17010
2243
1062
1635
3
6
47
86
94
37
3
1
43
56
1
40306
1066
309
287
24
262
57
18
41
235
273
499
30
55
26655
163
1
101
14
90
13
62
35
-488600
61
167
827
31
74
167
24
14
34
14
482
198
62
173
237
1
76
747
223
208
62
284
129
11
17
369
54
152
276
45
72
106
26
190
133
0
271
2:34
33
76
172
76
10
146
3
86
99
167
303
23
180
137
98
313
14
453
133
206
174
226
5
148
44
139
472
139
93
85
412
2:160
143
88
16
463
5
25
110
116
127
214
248
176
304
137
17
4
866
106
462
124
112
60
22
50
7
88
254
27
73
48
288
24
108
224
278
414
93
283
771
8
59
222
331
29
45
38
68
13
6
71
19
117
11
2
4
103
15
73
4
67
12
68
5
50
30
38
35
3
16
38
31
113
118
2:37
365
7
1
78
7
88
505
462
164
207
104
55
240
60
141
85
229
111
58
3
146
5
24
243
144
27
254
17
14
299
10
104
87
229
13
451
38
67
184
41
12
650
96
199
102
345
60
105
115
26
213
421
11
149
636
30
18
156
73
33
29
203
227
114
195
283
557
63
202
82
347
170
37
175
2:70
102
74
6
58
225
51
178
120
57
333
191
89
5
151
208
40
102
53
15
1
85
131
134
31538
16
21
192
33
22
31
14
92
23
40
29
57
46
58
1170
102
68
111
71
104
62
18
47
3310
2211
5645
3840
6226
2111
1522
5909
4992
790
830
7482
1255
486
3
2143
1380
4
8037
49
1
4651
15
2453
13
0
474
1536
3133
8
12
5
1427
119927
11312
47
41838
18
2
23
12
39
135
93
110
7239
47392
160
564
7
159
157
7
2
27
56
7
12
1
52
106
3
37
2:1
9
2
2:1
11
2
755
14
182
3445
9355
3480
4654
13301
8555
238
247
2056
143
711
436
330
202
10
6
1
10
180
25
15
122
31825
8555
176
100
89
511
125
47
348
337
142
11
217
47
36
5
14
203
283
148
44
50
19
17
15
14828
150
2062
9724
296
17
135
23
-488223
130
15
127
269
0
53
736
49
0
92
8
20
333
0
235
38
71
1
19
38
0
36
6
40
161
340
16
140
39
84
146
259
7
16
107
170
142
227
58
5
8
306
70
125
5
76
0
466
0
380
29
59
67
14
0
47
91
75
49
32
18
68
76
23
225
119
0
57
267
64
201
1
183
10
29
22
108
26
76
171
0
67
84
17
27
243
11
395
19
4
140
80
120
89
379
256
14
46
404
65
17
156
303
70
48
153
19
275
188
389
322
201
101
33
119
74
0
68
323
192
437
70
210
317
142
515
332
63
257
0
231
137
0
43
27
235
159
178
578
20
95
354
151
4
123
40
41
122
0
42
84
53
0
6
3
0
6
5
2
8
33
1
5
54
14
133
14
102
12
224
0
42
434
79
18
43
55
44
246
181
389
97
16
70
127
144
2
51
602
61
191
40
374
6
103
18
249
78
393
180
16
56
252
379
429
56
151
187
9
36
1117
23
100
93
278
169
92
0
93
5
97
85
372
120
260
12
66
182
12
309
8
148
52
21
19
87
132
67
123
239
569
275
74
106
0
105
62
300
9
426
160
204
87
9
192
75
3
93
20
144
375
76
43
13
326
152
0
45
94
0
80
73
60
14
141
31603
0
70
335
0
168
7
983
54
0
56
88
182
105
28
22
43
63
10
59
0
272
3035
6456
703
2716
5609
1322
7439
11036
5444
3868
10267
19
6
23
18
1
2809
3373
7545
3506
531
19729
99219
469
1736
6038
8694
33182
51
18
109
0
91
0
35
2:37
19
27
82
7715
3213
25036
19299
28
9
29
176
2:156
0
51
16
92
23
679
55
8
86
69
7825
2
7863
13394
8402
4643
3973
0
1060
27
14
5
52
9
0
36
2
21
0
69
32
68
16
13
30308
10052
261
90
4
97
89
564
91
459
83
151
0
39
19
42
92
116
15
20
83
0
176
481
15082
1973
9867
167
39
68
20
67
1420314000
199:0
1
399:0
1
413:0
61
3913
-3939
4335
-3884
9687
-10110
254
-283
7
-14
2006
-1755
4199
-4424
-1
18
369
-408
309
480
-783
-8
7
-7
1203
-931
-273
619
20
501
-639
-481
-19
9
3932
-3497
-425
503
-494
908
-930
22
-18
-12
671
-649
-21
18
10
977
-969
2
-8
-26
32
-26
1035
578
-1615
100655
-100032
14348
-14514
-450
-6
16
841
-846
-6
340
-317
291
262
-249
-337
31
-28
0
1472
-1033
-414
-11
25996
-18136
-7868
3208
-3218
9
2661
-1495
-1148
41926
-41937
975
-974
-13
845
-837
5
28952
-28265
752
106834
-100787
-7507
491
-463
2937
-2563
5271
-5662
-5
1827
-1792
1276
9173
-10142
-342
391
-395
275
487
792
-1525
1787
-1775
-31
1009
-194
931
709
1697
-4164
5
28
337
-347
-5
-9
4554
-4541
48513
-48522
3433
-3444
313
7354
-7008
-365
1256
-974
-558
0
-7
17
251
-247
599
-630
27
-15
0
421
-404
-14
-3
-13
3338
-3328
-1
4861
22907
-22746
-4995
323
1467
-1247
471
-718
-317
6
3793
-2778
19630
-20667
23
0
429
-429
442
1836
-723
-1550
-20
430
952
-1366
822
14598
-15466
0
2
12
-13
7
118
-55
-71
78
-71
9
-7
-8
3
152
-157
2:3
-6
8
0
114
-118
7
-1
-9
7
180
-177
5
257
-269
8
7
-10
0
71
-73
-2
7
-12
4
-2
241
-242
167
-168
7
153
-155
117
-111
60
-69
10
105
-116
7
-7
-1
14
-11
103
-91
4
-4
-12
16
-1
0
-11
-2
7
-4
0
3
82
-73
-9
4
67
-78
-2
7
-4
-5
1
19
-17
81
-72
57
-69
2
0
15
-12
79
-82
5
-3
93
-87
-6
-1
8
-3
80
-86
2
4
217
-223
-1
4
6
-8
200
-193
5
-14
15
-16
7
-4
13
120
-127
132
-140
1
-2
75
37
-107
210
-57
-5
-138
-14
220
-207
-11
13
204
-218
-2
1
118
103
-217
-4
227
-213
-10
-4
253
-251
6
-4
185
-123
-47
-16
-3
0
66
-48
-11
2
-1
-7
5
-6
5
1
105
-109
0
89
-21
31
-94
-7
186
-187
8
-5
-3
145
-143
179
-169
-1
-9
19
-19
2
11
-7
-2
-5
2
7
-8
163
-147
-6
-12
3
2:4
7
0
2
54
-4
-65
-1
182
-80
103
-201
4
170
-174
0
12
-19
0
12
-13
16
-15
20
114
-134
-1
3
7
-6
14
-4
-13
20
83
-92
120
-128
15
-3
-11
2
3
-4
10
-15
5
-2
4
2
-8
92
-84
87
22
129
-42
-141
-44
66
127
-205
5
81
-92
149
-85
-61
4
198
-70
61
-196
63
-64
70
-69
-3
2:3
2
124
-112
-11
0
-2
-7
1
13
-12
1
5
1
7
152
-154
-8
-5
0
11
2
-1
-6
2
-7
143
-140
0
-5
237
-74
-156
10
152
-168
268
-252
-10
-3
0
115
-104
57
-69
1
14
265
-208
28
-96
6
61
-74
3
5
81
21
-89
0
-6
-11
13
-12
2
9
-11
152
-149
11
-12
-2
-1
1
-2
15
1
104
-39
-80
1
-3
182
-164
82
-99
225
-221
72
-72
-3
5
-5
-3
18
-9
9
2
47
3
-67
-3
1
86
51
-120
-18
17
67
-88
2
0
-3
2
0
2:-1
2:0
-1
0
1
2:0
2
-1
3
-4
4
-4
3:0
2
0
-2
-1
4
-3
0
4
0
-5
2
-1
1
-2
2
-1
3
2:-2
2:2
-3
2
0
-2
0
1
-2
0
5
-2
0
-2
1
-2
1
-1
1
2
-1
3
2:-2
0
1
2
-4
4
3:-1
1
2:0
-1
2
-2
0
-1
1
-1
3
-3
5
-1
-2
1
0
-3
3
-1
0
-1
0
-1
1
-1
0
4
-4
2
0
2
-3
1
-1
1
-2
2
0
-2
0
1
0
4
-4
1
0
1
-3
3
2
-5
4
-4
1
0
-1
3
0
-2
-1
0
3
-3
5
-4
0
2
-2
1
-2
0
3
1
-1
-2
-1
3
0
-2
2:0
1
-1
2
-2
0
2
1
-4
5
-1
0
-2
-1
3:0
-1
2
0
-2
0
1
2:0
4
2:-2
1
0
2:-1
4
-3
0
2
-1
0
-1
1
2:-1
4
-4
2:2
-4
1
-1
4
-1
-2
1
3
-5
2:2
-4
1
0
-1
3
0
1
-2
-1
1
-1
2:0
-1
0
4
0
-4
2:1
2:-1
4
-1
1
-1
-3
1
3
-1
-3
3
0
-3
0
3
1
-2
2
0
-3
4
-5
5
-5
4
1
-5
3
-1
-2
4
1
-2
-1
0
-1
0
-1
2
-2
4
-3
2
0
2:-1
0
-1
0
1
2:0
3
1
2:-2
1
0
-1
0
-1
1
2:0
-1
1
3
-3
2:1
-2
3
-1
2:1
-3
-2
3:0
4
-4
2:1
0
-2
2
1
-1
-2
1
3
-2
0
1
3:0
-2
-1
5
0
-4
2
-3
3:0
5
-5
1
-1
4
-1
0
-3
3:0
1
0
2:1
2
-4
1
0
-2
1
4
-4
2:0
-1
2:0
1
2:0
1
-2
1
0
1
0
-1
0
1
3
-1
-2
1
-3
2
2:-1
0
2
-2
3
0
2:-1
3
-4
4
1
-2
2:0
-3
3:0
2
-1
4
-4
-1
3
1
3
2
133
-127
10
7
-19
-9
0
1
2
-2
-1
0
2
8
-9
3
-4
33
-27
-4
2
0
9
-1
-6
1
14
5
-18
-6
-2
2:6
40
-40
-12
2:3
-3
11
-5
-3
37
-41
1
2
-4
15
-6
-10
3
-3
4
0
-3
70
-65
1982
-1983
125
-130
10
-6
4
-5
5
-8
3
8
26
-14
-23
4
-2
4
-4
18
-9
-1
-10
765
-563
-198
2:-1
5
73
-28
-48
538
-540
65
-65
7
22
-27
4
233
-31
-189
1116
-1025
-109
18
6
91
-101
951
-964
5
202
-210
3
235
-219
-20
46
-45
64
-8
229
-268
49
-58
-7
33
32
8
-25
80
-129
-1
0
15
9
-23
5
-5
4
347
-347
36
-40
-1
735
-717
-16
12
59
-66
-7
24
-23
2
9
111
-114
-2
-5
1
18
-15
-3
8
-7
3
-6
8
70
615
-488
-192
-9
264
-257
192
-193
3
-12
44
244
473
-761
24
-21
34
-39
0
30
13
-43
0
25
-14
-8
48
-46
-5
4:0
3
-3
1
-1
3
-3
4
2:-2
0
1
-1
1
51
-52
2:0
21
-21
1
-1
2:0
13
-12
-1
1
-1
2:0
3
0
2
-5
0
4
-4
2:0
15
-15
2:0
2
14
-16
0
2:1
-2
2
4
-6
3:0
1
-1
1
2:0
1
-1
3
-2
2:0
-2
6
-6
2:0
3
-3
9:0
4
-4
9
-9
2
-2
1
-1
1
-1
11
-11
4
-3
0
-1
2:1
5
-7
2
2:-1
0
82
-82
1
0
4
-4
70
-71
4
-3
14
-15
2
-2
2
20
-20
37
-36
2:-1
5
-5
-1
14
-12
1
0
-3
2
-1
0
3
15
-19
2:0
1
21
-20
-2
7
-1
-6
0
28
-25
-3
1
5
1
0
-7
2
-2
17
-11
-5
-1
2:1
0
1
-2
2
22
-23
-1
16
-12
-5
9
-9
4
2:-2
2:0
22
-20
33
-34
2
-2
2
-1
-2
1
-1
3
2
-5
2:0
12
-7
2:-2
4
1
0
1
-3
-4
7
-7
2
0
38
-23
-12
-4
4
-3
2:-1
4
-1
-3
2
-2
6
-1
3
1
-5
-4
2:0
1
-1
11
-8
-1
4
-6
12
-12
6
2:-3
2
2:0
-2
0
1
-1
4
-1
-3
8
-3
17
-7
-14
68
-60
-6
3
43
-49
2
-2
1
-1
7
1
-6
1
-3
0
5
-5
0
45
-42
-3
0
5
2:-2
-1
12
0
-11
2:0
6
-7
2
0
2
-3
24
-25
3
0
-3
6
-6
1
-1
3
-3
7
-7
3
0
27
-16
-6
4
-10
-2
11
3
-14
1
-1
33
-21
-1
-11
2
3
38
-27
-10
-6
5
-2
0
2:-1
11
1
-3
-8
0
-1
10
-7
-2
2:-1
5
-4
-1
2
2:-1
0
5
-2
3
9
5
-18
1
0
45
-42
6
-9
16
-16
35
-30
-8
1
2
-3
0
3
-2
22
-16
9
-16
2:1
2
12
-14
0
1
-3
2:0
1
-1
1
0
-1
21:0
1
-1
13:0
1
-1
12:0
1
-1
3:0
1
-1
0
3
-3
4:0
1
-1
14:0
1
-1
4:0
1
0
-1
3:0
1
0
-1
3:0
1
-1
17:0
1
-1
5:0
1
-1
9:0
2
-2
4:0
3
-1
-2
6:0
2
-2
3:0
2
-2
2:0
3
0
-3
8:0
1
-1
5:0
3
-3
12:0
1
-1
1
-1
3:0
2
-2
2:0
2
-2
0
2
-2
1
-1
0
1
2:0
-1
5:0
1
-1
1
-1
3:0
1
-1
3
-3
1
-1
3:0
3
-3
7:0
1
0
-1
2:0
1
-1
6:0
1
-1
6:0
1
0
-1
6:0
1
-1
2:1
0
-2
2
-2
11:0
1
-1
0
1
-1
6:0
2
-2
0
4
-4
10:0
1
-1
6:0
2:1
-2
5:0
3
-3
2:0
5
-5
5:0
1
-1
2:0
3
-3
0
1
-1
5:0
2
-2
0
2
-2
12:0
1
0
-1
2:0
2
-2
8:0
3
0
-3
2
0
-2
5:0
1
-1
2:0
end
