v1
984
1420
48
615
79
530
56
22
28
1165
272
140
292
300
159
663
297
53
124
258
212
289
573
70
845
135
31
225
534
176
343
79
786
126
441
171
297
134
90
404
442
339
69
57
915
67
68
200
21
569
402
312
339
394
275
16
120
256
197
177
111
294
209
486
29
25
18
38
31
199
118
64
2:9
1
73
123
65
57
55
127
118
447
173
120
225
414
110
304
10
33
6
116
284
175
141
85
142
87
172
146
287
129
611
48
83
299
41
1511
301
0
460
56
479
75
50
991
247
33
29
51
152
27
11
42
128
126
15
147
433
896
245
167
40
175
70
121
8
11
32
74
44
296
38
100
54
108
147
88
153
59
5
20
3
193
5
247
254
201
46
17
38
117
34
31493
5
22
9
204
130
37
52
84
76
120
36
8
22
1152
68
111
71
166
18
3357
2211
328
1553
5140
8690
2126
2650
4766
6612
5307
2991
4449
2
14
8068
3717
3424
5144
16
2
6
124899
7741
73
9417
32439
4
280
114
55387
150
0
59
98
7
29
3
54
6
12
17
145
27
10
1
2:2
8
2:1
11
2
17
34
21834
3093
1178
9030
7980
575
1668
454
608
1431
202
2
56
180
37
3
1
43
51
5
1
40059
247
64
29
147
825
1
82
5
222
85
202
277
9
57
18
144
102
30
173
100
349
76
19
17
38
30
14775
222
1990
9722
2:1
162
1
66
35
14
90
75
42
-488499
33
87
435
11
312
65
109
52
144
9
530
123
310
289
69
227
32
417
20
7
223
4
231
154
152
160
10
423
7
275
61
130
204
323
293
79
324
204
16
6
244
0
176
25
143
23
175
167
400
28
348
268
19
11
103
15
300
68
152
53
140
16
86
50
144
338
93
85
157
45
101
65
397
110
87
0
168
279
63
382
121
249
58
610
466
433
345
223
39
55
142
139
142
227
28
328
409
278
29
10
199
219
384
30
64
28
644
40
26
151
4
15
108
22
181
26
1
29
45
6
19
60
8
43
6
54
2
3
14
117
13
270
48
5
2:14
32
86
0
35
133
32
228
11
20
98
128
147
47
103
76
130
112
179
35
0
357
53
17
252
223
13
42
179
579
39
127
105
49
68
29
341
254
31
314
31
68
666
114
38
67
7
168
50
957
173
5
17
7
119
2:93
60
0
160
2
237
37
72
115
38
51
741
119
44
31
25
430
10
273
38
67
9
195
277
6
2:63
348
83
63
99
2
36
45
20
82
100
362
55
307
262
16
159
73
229
49
12
96
54
38
447
5
92
11
24
172
52
255
42
16
85
223
2
31565
0
81
39
126
29
50
3
0
14
60
191
36
120
75
969
481
39
77
1
49
4543
2823
12756
10209
5435
790
6127
3926
2146
9471
5
16
2791
14
1825
28
2440
996
1014
3146
9
18
1412
13
3523
103306
13099
3543
7717
38287
3585
54
0
7
3
4
39
5
7
99
21
14
2
38
93
30
23
19
0
27
11
71
35964
18596
781
35
240
45
110
97
9
42
4
748
7
22
14
113
3514
12835
26995
825
1231
143
1147
537
5
1
16
28
47
42
31
4
20
2:8
32
26
4
2:36
20
30312
9786
527
7
83
30
511
172
133
118
267
56
17
265
0
27
69
150
31
10
2:5
76
707
31
27029
0
36
49
67
30
-488417
165
88
286
0
174
76
274
0
161
151
0
46
14
70
0
64
88
1
505
0
95
0
97
28
74
366
62
404
870
261
22
487
5
468
133
346
119
479
6
458
37
458
183
357
100
105
287
334
0
405
70
459
91
0
552
432
484
455
97
88
180
0
69
8
269
0
44
224
345
0
498
15
0
1263
37
326
358
24
72
479
40
0
140
30
181
269
0
119
43
172
87
35
419
221
240
7
238
70
11
0
9
102
51
10
22
0
41
58
15
237
17
0
224
206
373
0
136
867
62
70
0
10
0
718
198
51
61
0
73
464
23
139
163
102
0
83
1000
823
0
42
8
197
2
700
0
616
50
76
135
145
25
1
42
40
261
0
9
164
118
160
318
89
171
789
464
42
0
1190
195
75
61
95
61
97
274
293
43
325
2
57
144
148
777
118
39
6
0
79
114
56
92
76
0
11
0
35
31544
57
109
54
0
38
188
159
1068
1
24
443
404
1165
0
3097
3181
2048
703
6301
18987
12985
9453
6224
1407
4677
1431
119940
5280
0
6032
51
41792
227
167
7319
3760
44401
59
0
307
78
89
2
60
0
809
163
7825
2
4973
30228
165
907
1230
1832
27
71
108
40
51
38
0
31850
8242
297
0
486
911
292
60
153
22
283
348
300
89
14968
66
74
1975
9912
122
11
5
158
0
1420413000
299:0
1
399:0
1
283:0
272
-128
7851
-7958
105
14255
-14301
-61
4
83
-94
37
142
-179
1
10
18
204
-194
0
28
203
-252
133
-140
-15
2464
-2339
-125
41
-31
20
550
-204
-210
-164
7
-5
114
64
418
-575
554
-561
58
-51
-10
119382
-119347
90
-138
5964
-5649
-185
-123
35
-38
409
-342
-65
252
-239
44
1438
-1477
-23
70
-46
73
-6
82
-149
1180
-977
-50
23
77
-256
-10
4
329
-217
374
-334
-123
-30
510
-281
113393
-113527
7871
-7695
-276
-10
32
58
693
-704
77
-144
101
-100
168
286
-350
-9
464
-228
-80
-5
833
-1072
20471
-15726
-4724
-29
119
-118
380
-344
-16
327
-344
-15
2938
-2466
-414
41186
-40423
-323
-494
29
168
-75
9221
-9318
5712
-4874
-817
-35
174
-189
70
146
108707
-102638
-6207
322
-396
43
1206
-1122
9631
-9547
-100
14
-104
-14
9577
-9568
-9
-14
2101
-1276
6697
-7350
55
1305
-657
-873
381
-161
-192
340
1412
-1341
286
48
-764
263
-244
166
-151
24
760
498
-993
725
-974
562
6700
-6755
-506
-63
313
-303
7
-29
120
-127
15
3954
-3958
48646
-47839
-493
-26
-150
5069
-5200
278
-250
774
-735
-46
0
-43
141
-95
120
-61
-78
11
-31
409
-347
-4
-53
84
-63
2080
-2113
283
-210
228
-157
-113
-30
45
25644
-25662
-20
32
992
-929
62
-134
-24
191
-173
47
-33
10325
10625
-15972
-4946
-39
87
1843
-1865
37
40
97
-196
338
1377
5280
-7061
401
-251
-139
205
3531
-3030
7461
-8113
-33
3
-42
-1
17801
-17790
1061
-1071
3514
-3500
-16
104
12
-102
2793
-2155
2022
-2592
-9
-44
277
-53
442
-666
-48
1
0
6
10
-18
-2
14
1
-1
-3
-4
-5
2
-3
2:4
-7
2:8
-8
-7
0
-2
17
-17
3
10
-13
4
-1
2
0
8
-12
2
-2
-1
0
-1
0
10
0
-3
0
-2
1
-5
-1
1
0
7
-4
3
-4
0
14
-14
3
-4
-1
0
20
-4
-16
8
-5
5
-1
-7
9
-9
2
18
-14
-5
0
3
0
-1
-4
7
4
-2
-6
0
5
3
4
-10
-4
10
-11
1
5
10
-13
4
-6
15
-16
0
4
-4
2
0
-2
19
-15
7
-10
1
-2
4
2
1
3
-7
0
4
-3
-4
3
0
3
-3
12
-10
-4
4
-2
15
-13
1
5
9
1
-19
2:0
13
-12
0
1
0
8
-9
-2
2
1
4
6
-11
0
3
-4
2:0
4
12
-16
9
-7
10
-4
-8
0
1
-2
13
-13
6
-4
13
0
-7
-8
-1
4
3
-3
7
8
-10
-8
2:5
7
-6
-9
-3
1
6
-5
0
-2
19
-17
3
-2
3
-2
0
-2
-1
8
-6
-1
17
-18
4
-1
0
15
-8
-10
18
-8
4
-11
1
11
-12
7
-10
17
-6
-1
-6
-4
0
14
-14
2:0
5
-2
-3
20
-16
12
-13
2:3
-3
-5
4
-5
11
-4
2
-1
-6
0
14
-15
0
6
2:-3
13
-10
5
0
-10
4
-1
6
-8
1
0
2
14
-13
-4
4
-5
5
9
-9
16
-20
3
-1
3
-3
1
0
1
12
-9
-7
10
-2
-8
20
-15
-3
-2
5
11
-16
1
0
4
-6
8
-6
0
2
5
-9
15
-4
2
-4
2
10
-17
12
-12
-4
4
-2
2:0
15
-15
4
13
-3
-8
11
-7
-8
-3
7
4
-9
8
-2
12
-14
-6
4
12
-4
-13
8
4
5
3
-19
17
-17
6
-5
1
2:4
-6
10
-15
10
-8
1
7
-7
14
-5
-11
9
-7
-2
10
-10
18
-13
1
-6
7
-4
-2
0
3
16
-9
-11
-1
3
-2
3
11
-14
3
2
-6
12
5
-3
-15
-1
0
1
2:0
-1
1
0
1
-1
0
-1
1
-1
2:0
1
-1
4:0
2:1
-1
3:0
1
-1
5:0
-1
0
2
0
2:-1
2
-1
0
1
-1
4:0
1
-2
3:0
2
0
-2
2:1
-2
3:0
1
0
-1
1
2:0
1
-1
0
-1
2
0
2:-1
2
-2
1
2:0
-1
2
-2
0
2
-1
1
-2
2
-1
0
1
3:0
-2
2:0
2
2:0
-2
2:0
2
-1
0
-1
3:0
1
2:0
-1
2
-2
0
1
0
1
-2
0
1
0
1
-1
0
1
-1
2:0
1
0
-1
0
-1
1
-1
1
2:0
1
-2
1
0
1
0
-2
2
0
-2
0
2
0
-2
2
2:-1
1
0
-1
1
0
1
2:-1
2:1
-1
1
0
-2
1
0
-1
1
-1
1
0
-1
0
1
0
1
2:-1
2
-2
0
1
0
-1
2
-2
2
-1
0
-1
1
0
1
-1
2:0
-1
1
0
1
2:-1
2
-2
4:0
1
0
1
-2
1
3:0
-1
2:1
0
-2
0
1
0
-1
1
-1
3:0
1
-1
2:1
-1
1
-1
1
-1
0
-1
2
0
-2
4:0
2
-1
2:0
1
-2
2
-2
0
2
-2
2:1
-1
1
2:-1
4:0
1
0
2
3
131
-134
7
16
2
-25
-1
15
-15
2
10
-10
-2
5
-5
0
10
-10
12
-8
-4
0
3
1
23
-18
-4
3
-7
2
-2
-1
20
-17
3
-4
2:7
4
-14
-1
0
-5
5
-5
8
1
-8
1
3
33
-27
-10
-1
1
-1
0
2
87
-89
0
53
-52
10
-5
5
12
9
-32
3
42
-45
15
-8
6
-10
3
-3
19
-10
-5
0
1
-4
73
-69
1928
-1934
121
-81
-37
1
-5
7
-6
-2
26
-23
13
-11
24
45
-72
14
0
8
15
1
-26
-4
655
-539
-119
-6
6
4
-7
3
-2
-3
-1
0
90
-52
-38
456
-396
-28
-33
4
40
-26
-2
-12
211
-5
-203
-7
0
5
-5
26
873
-766
-123
19
-25
13
100
-96
869
-877
-2
-10
2:2
-4
12
-13
9
200
-206
265
-253
-3
8
31
-48
-3
69
-56
34
227
-261
61
-68
-4
16
6
56
-71
-6
57
-13
-9
44
-82
51
53
-98
-5
-1
12
4
9
-22
-1
5
1
-6
7
309
-308
28
-38
29
741
-769
18
-15
72
-76
17
0
-15
13
-5
-7
0
13
-5
4
-15
32
-28
9
5
-9
102
-109
41
-35
8
-15
0
-1
15
-7
-6
3
2
-5
10
-12
6
-6
13
-13
9
4
90
608
-504
-196
-6
0
189
-193
13
20
-34
21
38
149
-207
2
12
5
-5
2
41
203
233
-442
-50
16
-14
0
-4
13
-5
7
15
-30
0
2
2:1
30
-15
25
-40
-4
0
28
-16
51
-63
2:0
1
-1
3:0
1
0
-1
2:1
-2
2:0
1
-1
3:0
40
-40
4:0
1
-1
1
-1
2:1
-2
1
0
-1
1
-1
1
-1
0
5
0
-5
2:0
1
-1
0
2
2:-1
2:0
1
-1
0
1
-1
1
-1
0
5
2
-7
1
-1
1
3
-4
2
2:-1
1
3
-4
2:0
2
0
-2
0
1
-1
2:0
3
-2
1
-1
0
1
-2
0
2
-2
2
0
-1
0
-1
0
1
-1
2:0
1
-1
2
-2
3:0
3
-2
1
-2
2
0
-1
0
-1
0
3
-3
3
9
-10
-1
1
-2
4
-4
2
1
0
-2
-1
3
0
-2
-1
0
1
-1
4:0
1
-1
0
2
-1
0
-1
0
1
-1
2:0
4
-4
2:0
3
-3
2:0
2
-2
2
-1
2
0
2
-5
1
2:2
-5
6
-6
1
2
0
-3
2:1
-2
2:0
3
-3
0
1
7
-7
2:0
-1
2:0
1
0
4
-4
-1
4
-4
2:1
-2
4
0
-4
5
-5
2:0
2
-2
0
1
-1
7
-4
-3
2
-2
5:0
1
-1
0
4
-4
0
1
-1
10
-10
0
3
-2
2
-2
-1
4
-4
1
-1
2:0
2
2:-1
4
-3
4
0
-5
2:0
5
-5
0
3
-3
2
-1
0
3
-4
0
3
-3
4
-4
0
5
-2
2
-4
-1
0
8
-5
-3
0
1
2:0
-1
7
-7
1
6
-7
1
2:0
-1
6:0
2
-2
4
-2
4
-4
-2
2
-2
0
5
-4
0
1
2
-4
1
2
4
-5
9
-7
-3
-1
0
4
-4
12
-10
2
-2
-1
0
2:1
-2
0
3
0
1
-5
1
-1
1
-1
2:0
1
-1
1
-1
4
-3
-1
0
2
3
-3
-2
2
-2
1
2:0
1
-2
2:0
1
0
-1
0
2
0
5
-7
1
0
-1
2:0
1
2:0
-1
2
2:0
-2
8:0
1
-1
32:0
1
-1
8:0
1
0
-1
0
1
-1
29:0
1
-1
2:0
1
0
-1
10:0
1
2:0
-1
11:0
1
3:0
-1
7:0
1
-1
1
0
-1
1
-1
11:0
1
-1
10:0
1
-1
19:0
2
-2
3:0
1
-1
6:0
1
-1
4:0
1
-1
2:0
1
-1
7:0
1
-1
4:0
1
-1
4:0
1
0
-1
1
-1
2:0
1
-1
10:0
2
-2
2:0
1
-1
0
2
2:-1
4:0
1
-1
7:0
1
0
-1
1
-1
7:0
1
-1
0
end
