v1
1043
207
90
446
486
52
139
48
496
94
25
79
235
295
17
39
7
15
28
339
486
59
265
288
5
54
81
292
300
130
29
212
20
2
429
186
111
53
48
20
56
152
75
31
194
41
62
37
167
313
122
85
53
63
32
299
37
50
68
366
158
8
197
9
19
277
72
173
12
20
242
257
79
196
178
202
101
57
52
35
428
275
108
184
139
90
404
233
209
250
89
69
57
31
556
328
33
36
59
7
123
63
180
55
30
175
164
32
249
28
16
77
312
339
394
275
16
76
136
337
24
177
60
51
44
250
209
158
37
171
10
27
29
12
33
6
32
25
18
38
23
7
1
48
151
13
97
8
73
9
74
59
14
21
29
30
35
3
35
57
17
127
118
176
271
173
120
225
134
16
45
219
110
98
206
10
33
6
116
104
42
13
125
54
121
141
85
101
128
3
169
151
282
129
27
248
37
299
10
36
2
66
17
70
229
41
309
114
85
20
175
9
799
192
109
93
367
56
109
2
66
208
94
75
50
655
77
248
258
33
80
146
2:6
74
53
75
19
38
69
7
8
147
40
2
281
110
447
164
81
20
184
314
98
3
37
175
17
53
32
89
8
11
32
74
2:6
26
273
67
100
54
47
50
11
35
20
72
20
88
153
59
5
20
3
104
89
5
511
152
39
63
94
61
34
77
46
31375
22
9
43
161
4
29
53
44
85
88
2:38
8
112
36
8
22
1080
72
68
111
71
166
15
3
47
9
3301
2211
328
1553
5140
7580
3236
2650
4766
3841
1148
793
830
5307
3
2172
816
436
489
872
2652
2
14
8068
14
12
2809
882
943
15
2466
1997
3146
1
7
9
2
5
1
1427
4053
1
119417
1
1735
5981
1
24
73
9417
32379
60
4
26
7
267
89
5
16
54631
781
35
74
59
98
7
2
27
57
1
2
3
12
1
161
27
10
1
2:2
8
2:1
11
2
51
682
22
56
18777
2297
3093
1178
9030
7980
813
247
1105
78
454
419
189
665
436
330
202
2
3
5
1
6
37
4
86
8
46
9
31
9
28
3
1
34
9
47
4
5
1
30302
10004
64
176
69
31
59
666
1
46
41
222
85
202
135
142
9
47
10
18
41
103
83
5
1
43
176
97
425
19
17
38
14805
222
1990
9722
2:1
162
1
115
18
72
13
62
5
23
6
-488491
148
259
79
70
308
5
9
38
29
110
28
73
136
7
18
3
51
324
13
25
135
3
99
24
100
3
126
15
296
137
227
55
30
8
244
19
20
3
4
77
14
68
0
12
15
37
235
47
59
118
50
149
43
10
9
271
384
49
53
130
347
47
255
14
92
65
1
628
24
19
201
68
51
20
205
348
57
132
11
61
184
164
184
186
112
169
249
105
61
131
330
25
247
9
29
7
54
142
7
57
168
55
116
50
14
3
110
77
43
95
22
247
95
49
7
467
97
169
72
162
654
141
43
217
5
1
101
99
28
166
43
44
152
173
2
150
112
229
18
98
22
132
449
0
283
185
26
21
65
60
52
38
87
40
101
241
151
191
139
80
81
40
330
83
227
127
25
49
96
300
57
134
2:1
7
5
9
1
6
2
9
22
49
5
6
8
6
122
2
3
128
192
75
38
26
45
16
656
25
97
47
7
302
291
175
219
193
263
477
392
197
33
116
11
13
34
15
29
170
442
326
2
18
150
769
35
199
33
5
292
370
111
170
14
16
128
4
25
5
193
19
57
60
43
203
194
19
42
67
30
282
160
3
315
155
119
44
56
283
1
4
142
83
11
2
130
34
26
464
184
385
476
328
3
159
508
66
71
110
73
23
28
227
15
50
6
91
96
486
11
24
118
54
52
149
23
72
11
44
14
19
41
25
27
125
11
176
51
1
31519
7
49
81
61
12
43
23
38
92
55
168
1100
88
12
69
106
189
78
330
7443
2751
691
1372
2468
5461
5560
1526
5747
2466
6494
6488
7
9435
34
2
1
2811
3387
1916
4169
4966
20260
82823
223
24410
41774
47
38
16
7
46
71
32
29
54
73
1
72
19
27
11010
44312
44
7
41
329
110
2
8
138
4
23
3
722
43
6
21
19
136
3445
4380
2
4973
2890
590
21206
5227
2617
144
1686
29
5
14
52
6
65
25
22
65
12
2
6
3
51
31830
8704
1339
23
111
25
265
238
31
15
5
4
203
164
151
160
13
24
36
59
14881
140
2
11853
170
19
56
90
-488436
285
54
1164
85
313
6
495
685
11
1901
260
139
23
670
300
140
99
303
523
401
265
521
416
917
1607
637
178
3
236
312
61
286
320
997
216
455
2175
473
238
855
2
460
3077
655
411
41
3288
151
127
439
544
603
355
1021
243
257
739
190
126
206
513
760
73
92
242
55
2
113
31581
98
140
172
1384
28
53
378
7576
992
24090
10213
7456
8108
7585
4690
174555
314
9737
47342
17458
25338
441
3923
40466
1297
327
544
413
17712
10257
1420932600
499:0
1
442:0
1
99:0
80
-58
-6
172
-160
1542
-1529
-20
-10
6496
-6431
-55
236
-245
9960
-9943
6
280
-304
35
-23
-13
260
-239
-22
20
-19
119
-85
76
-109
71
-55
-13
826
-821
80
-36
-47
-1
-3
1
8
48
-51
-5
-4
74
-18
-53
20
197
-214
-2
3
-6
1
-1
64
-58
20
-4
6
474
-502
3
6
21
27
-57
21
-19
3
2
-9
26
-5
17
-26
16
178
-192
-13
132530
-132242
-170
1602
-1596
611
-116
-334
-180
-67
-29
-3
-6
16
-11
941
-914
-26
-1
-5
17
29
-2
32
-75
-1
4
54
144
1211
-1037
-149
-175
-41
5
56
390
-436
69
-58
-17
252
-261
-3
13
56
-7
-66
154
779
-926
-4
702
-706
27
-24
22
-5
56
-68
73
-78
5
123
-94
532
-443
-89
-40
12
19
94
884
-1009
64
-51
4
20
259
-278
195
466
-474
-158
-22
90
-104
1
710
-721
1
123131
-123056
8764
-8684
-156
63
-61
4
50
165
-41
-70
148
-183
-45
190
-182
170
-197
-3
-7
13
141
-153
19
516
-432
-93
109
-60
300
-358
50
-40
145
-147
-2
57
-61
367
-350
2096
-2096
73
701
-796
-1
79382
-74556
-4688
-132
7
110
35
-106
-35
-16
54
-39
12
-27
2474
-2471
0
708
-607
452
157794
-158321
-30
30
475
-444
-56
22
-16
398
-407
51
-41
153
-16
-148
1222
-1212
264
6840
-6668
-402
-28
-15
6
142
-129
597
2313
69283
-72199
178
44674
-44866
2
4
1
594
-576
-8
1909
-1866
7798
-7850
-1
358
-359
5
28
-21
-13
20
2831
-2806
335
7038
-7078
-96
-246
5
2
872
-880
379
-363
215
-226
35
-41
416
1923
-2311
1871
-1899
394
-297
233
-312
277
-287
21
-30
6
187
15
1304
-907
622
-1228
1200
3945
-5123
-22
0
23
18
1
3075
-3114
292
-248
-45
0
26
241
-258
-3
-7
57
-43
-6
1
18
-18
2
19
-16
-12
74
72541
-72549
-63
129
-118
-4
11
3258
-3251
-13
-16
336
-204
7267
-7393
24
7182
-7207
127
-131
564
407
-971
73
-69
-8
24
9
113
-105
-30
260
-221
95
-144
893
-872
-21
147
-103
-16
20
65
953
-1056
146
-96
259
-256
-37
331
-228
-125
-1
81
1154
-1223
-7
64
-50
-19
3
439
-241
-185
-12
-5
43
-33
3153
-3128
-4
29
-49
-7
6
991
-945
-51
178
-182
29
-30
462
17913
-11930
-6446
0
66
-60
3
1300
-1302
122
95
-199
-22
229
-232
181
624
-792
42
642
-592
162
-265
177
3691
-3860
1057
8016
-9020
137
-196
2
-7
322
170
-473
-7
87
-58
380
-402
121
-124
22
4606
-4395
5616
-5800
401
-455
129
-118
532
-520
144
-175
-7
-5
2
2:3
-6
2
-4
3
-3
2
4
-5
2
-1
5
-4
2
-3
3:0
4
-2
0
-1
0
3
-5
-1
1
6
0
-5
4
-3
1
-1
-3
8
-8
0
3
0
-1
2:1
-1
3
0
-1
2:-2
-1
4
-4
4
-3
1
2
2:0
4
2:-1
-5
0
2:1
-3
3
1
-4
2
3
-3
1
4
-6
2:0
5
2
-7
0
2
-3
4
-3
0
3
2:-2
4
2:1
-3
-2
3
1
3
-5
5
-7
3
-2
0
2:1
-3
3
-1
-2
2:1
-1
6
-5
-2
6
-4
-1
6
-2
-5
-1
8
-4
3
-5
-1
2:1
3
2:-3
3
-3
2:1
5
-7
4
-1
0
-1
-2
2:0
3
-1
5
-7
4
-4
6
1
-3
4
-2
-4
1
-3
0
4
0
4
-6
2
-3
3
-2
5
-2
3:-1
2:0
2
-3
1
0
2
-2
-1
3
1
-2
5
-2
-5
7
-2
0
-4
4
-2
3:-1
5
-4
3
-2
1
-2
3
-3
6
-6
2:0
5
-6
2:0
-1
2
4
-3
2
1
0
-2
2
-2
-3
0
4
1
2:-2
5
0
-6
2
5
-8
0
5
-4
4
-4
0
6
-3
-2
0
-2
4
-2
1
-2
3
0
2
-1
2:-2
1
-1
4
-4
2
-1
1
5
-5
-3
2
-2
3
-2
1
0
4
0
1
-4
5
-8
8
-2
-5
4
-2
2
0
2
-6
3
2:2
-3
1
-2
-3
5
2:-1
-3
1
3
-3
-1
0
-1
3
-1
0
4
-5
0
2:1
0
3
-4
-2
3
-2
2:1
2
-3
5
2:-1
-5
1
0
6
1
-4
0
-1
2:0
3
-3
3
-1
-5
8
-6
4
-6
0
1
6
-2
-5
3
1
-1
1
-1
0
5
-5
-2
6
-5
5
-2
2
-5
2
-1
2
-3
3
-5
6
-5
5
-4
5
-5
5
0
1
-6
6
-4
1
-3
1
-1
1
2
-2
3
1
0
-1
-3
0
5
0
-7
1
3
-4
2:0
2
-2
-1
0
4
-1
5
-6
4
-6
2
2:0
-1
1
-2
4
-1
4
-2
-4
2:1
0
1
-2
2
-2
-1
0
2:1
3
-3
2:0
-2
2:0
-1
4:0
1
-1
1
2:0
-1
1
2:0
-1
1
-1
5:0
1
10:0
-1
0
1
-1
2:0
1
0
-1
0
1
3:0
-1
1
-1
1
-1
1
-1
1
-1
1
-1
2:0
1
2:0
-1
2:0
1
0
-1
1
2:0
-1
2:0
1
-1
1
-1
1
-1
1
3:0
-1
4:0
1
3:0
-1
0
1
2:2
-2
5
-4
3
2
-2
-5
143
-140
0
10
-11
10
-7
2
-4
-2
2
-1
-2
21
-21
0
4
-2
10
-11
6
-7
0
3
-1
2:0
-2
4
-4
1
2
-3
7
-7
1
-1
2
15
-17
0
2:2
-3
-1
2:0
2
-1
6
-7
3
0
-2
20
-18
-3
1
4
-3
2
2:-2
3
5
-6
1
-2
0
-1
3
9
-11
-1
25
-21
4
-8
14
-14
23
-16
-3
2:-2
4
-4
1
-1
4
-3
0
1
0
-2
0
4
-4
3
-3
0
2:2
18
28
-39
-10
-1
5
-5
3:0
4
-3
77
-78
2:0
1
5
-2
1
-2
0
-1
75
-76
8
0
-8
1
4
-2
19
-23
0
41
-38
40
-36
-4
-3
0
6
7
5
-14
0
-2
6
0
7
-14
15
-4
-2
-3
-7
0
4
1
93
-96
4
2217
-2221
109
-85
-22
-3
-1
5
3
6
-7
0
-1
-3
3
21
-23
20
-20
-3
0
3
22
-25
-1
58
-56
0
23
-18
19
-23
4
-4
8
-9
-1
23
-23
26
-26
21
-17
6
7
-17
-1
947
-782
-157
-5
2
-3
11
-3
-7
-2
1
-2
3
0
92
-88
-3
34
-35
1
452
-449
3
-7
58
-58
-1
5
-2
28
-33
3
-1
48
-35
-15
12
-12
2
235
-73
-156
-8
2
-1
2:0
3
30
1244
-1275
-3
102
-102
0
3
1
16
-13
7
105
-103
914
-923
-2
97
-102
1
5
3
-9
5
232
-237
4
294
-274
-8
-12
1
-4
2
0
50
-51
69
-71
11
-8
46
251
-290
78
-88
10
7
4
-9
47
-57
4
-4
-2
2
54
-9
4
25
-74
66
49
-110
-7
0
3
2
-5
8
-8
8
2:-3
0
14
42
-55
-3
1
-1
3
1
-2
-1
9
-7
-2
0
2:4
298
-306
4
-3
-1
0
3
41
-45
1
-1
0
22
800
-817
-2
8
-9
1
-2
8
78
-82
1
-1
-2
16
-17
5
-5
5
-2
16
-21
0
15
1
-16
52
-46
10
-9
7
58
-68
40
-33
0
-8
-3
0
14
-14
0
17
-9
-5
0
8
-9
2:-1
18
-18
4
5
-8
5
-6
17
-13
1
-4
1
-1
0
14
-14
-1
2
-1
12
-4
84
543
469
-1104
1
7
-4
0
172
-175
4
20
-21
-2
2
-3
42
129
-160
-6
-2
3
4
-10
12
34
-46
231
351
-579
44
-49
0
3
25
-27
3
16
-14
15
3
-24
5
-4
7
23
-20
40
-46
22
-24
9
-6
48
-51
-2
-1
2:0
1
-1
11:0
2
-2
3:0
3
-3
3
-3
11:0
1
-1
1
-1
37
-37
5:0
1
-1
2:0
1
-1
7:0
1
-1
7:0
1
-1
0
3
-3
6:0
1
-1
1
-1
2:0
1
-1
6:0
1
2:0
-1
0
1
-1
2:0
2
-2
5:0
2
-2
3:0
1
3:0
-1
14:0
2
-2
7:0
1
2:0
-1
5:0
3
-3
3
-3
0
1
-1
1
-1
6:0
1
-1
6:0
1
0
-1
0
1
-1
3:0
8
-7
-1
0
1
-1
2
-1
0
3
-4
1
-1
1
0
-1
2:0
1
-1
2
2:-1
3:0
1
-1
0
1
0
-1
7:0
3
-3
0
1
0
-1
0
2
-2
2
-2
0
1
-1
1
-1
5:0
1
-1
1
-1
2:1
-2
0
1
-1
0
1
0
-1
2:0
1
-1
0
1
-1
3:0
1
-1
3:0
1
-1
2:0
3
-3
0
2:1
-2
3
-2
-1
1
-1
2:0
2
-1
2
-1
1
0
-2
-1
0
1
0
2
-3
0
1
-1
18:0
1
-1
3:0
1
-1
2:0
2
-1
0
-1
4:0
3
-2
0
-1
3
1
-3
-1
0
1
-1
1
0
-1
1
0
-1
2:0
2
-2
0
1
-1
2:1
-1
0
1
2:0
2:-1
3:0
7
-7
2:0
3
-2
1
-2
9
-7
2:-1
4:0
1
-1
1
-1
0
1
3:0
1
-2
1
2
-3
0
1
-1
4:0
1
-1
1
-1
2:0
2
-2
2:0
2
-2
0
1
0
-1
1
-1
3:0
1
-1
0
1
-1
1
-1
0
1
-1
6:0
1
-1
9:0
1
-1
25:0
1
-1
15:0
1
-1
1
-1
2:0
1
-1
2:0
1
-1
7:0
1
-1
13:0
1
-1
1
-1
end
