v1
925
86
113
98
446
350
129
59
139
48
8
128
360
119
381
151
20
38
19
17
39
7
15
146
451
45
46
165
324
288
140
17
275
155
466
72
275
169
11
160
111
22
12
295
106
194
22
256
29
573
94
1
183
116
129
346
181
31
197
9
19
344
37
5
61
54
33
7
13
24
185
33
194
63
47
228
93
85
368
170
227
110
248
27
108
317
6
90
404
273
169
126
213
69
10
47
31
246
99
433
64
42
0
135
104
686
281
7
37
312
409
7
300
94
263
12
228
337
24
288
294
59
345
175
6
26
1
29
12
33
6
19
13
25
18
3
16
42
8
46
2
3
14
134
13
105
73
9
12
62
45
14
64
65
3
35
3
16
38
17
245
381
0
58
8
78
95
120
72
153
160
121
133
110
262
42
10
33
6
116
284
54
121
141
186
41
87
169
3
146
287
129
312
110
189
10
5
33
64
89
229
41
309
114
371
717
301
93
367
56
109
2
24
42
115
187
75
50
187
138
407
66
163
31
246
28
5
29
51
106
40
6
80
53
75
57
0
69
7
8
65
82
40
2
281
63
47
404
144
63
81
20
184
255
197
175
16
18
36
63
58
8
11
32
115
337
100
54
47
61
6
13
16
92
20
88
153
59
5
20
3
99
94
3
2
151
54
122
49
125
69
132
63
21
134
34
31493
5
22
9
43
161
33
50
3
44
85
69
19
76
120
36
8
22
932
54
94
72
68
111
71
104
62
18
47
3310
324
1887
328
1553
311
2762
2067
2464
8352
2650
4766
6612
5297
13
2172
816
436
489
872
2652
2
14
8077
2826
882
958
4463
3146
19
2
4
1427
4054
115873
3544
1
7741
26
47
9417
32310
69
32
10
18
4
40
167
72
1
20
53
19
17
2:5
82
7168
47392
781
35
74
59
28
70
7
2
27
20
36
1
6
12
17
145
27
10
1
2:2
8
2:1
11
2
755
14
19
163
7827
8453
4654
3093
10208
7980
813
247
1183
1062
1101
532
2
3
1
2:5
11
28
3
96
24
20
9
2:31
6
3
1
43
47
4
5
1
30302
9889
115
64
176
159
30
636
0
1
13
33
41
222
85
202
24
253
9
57
18
41
103
47
36
5
1
4
212
13
87
425
36
38
15027
1990
9722
2:1
162
1
101
14
18
10
62
13
62
5
23
7
52
-488697
560
189
207
249
27
203
177
182
92
138
86
6
134
126
234
158
6
323
16
2:157
188
43
3
435
552
22
18
414
32
28
343
153
144
341
96
205
43
146
79
138
107
9
0
113
137
130
288
7
197
228
30
235
80
31
17
6
21
254
0
414
903
9
5
24
210
66
214
116
93
84
77
197
264
207
169
33
5
22
128
97
448
288
33
113
87
88
153
444
86
27
178
35
118
233
125
223
80
30
172
72
119
14
200
64
412
108
349
102
78
387
4
39
333
272
46
211
328
31
146
221
99
123
38
28
7
1
7
23
3
22
8
173
10
13
3
121
7
55
80
85
3
1
76
5
172
15
8
32
6
36
46
157
88
74
127
134
63
53
210
122
60
144
38
58
162
99
354
191
30
97
137
317
232
78
30
212
67
1
29
341
52
219
177
169
81
131
19
23
24
129
166
331
15
27
8
12
132
51
2
432
17
253
295
144
29
0
334
75
30
189
165
37
5
182
79
87
31
219
177
391
17
48
106
40
138
116
30
62
21
17
183
101
366
170
12
387
113
30
33
255
24
21
84
10
4
52
178
162
8
3
71
261
208
40
68
169
34
17
270
22
4
44
159
228
152
127
18
68
128
10
34
160
61
143
93
171
99
27
32
31544
0
142
2:12
92
149
28
11
127
70
1055
63
184
303
12
5527
3590
659
9348
1002
1
7437
3637
2103
2463
793
0
7895
4297
9419
23
34
4653
34
1514
933
0
474
509
4161
7
9
10
2467
2481
43
487
11418
104457
5279
5973
41918
46
23
5
7
59
61
10
4
2
152
89
36035
19336
32
56
134
138
1
27
83
2
89
6
803
49
5
21
10
79
12861
5837
10447
8402
5227
1387
234
996
1
133
10
86
1597
6
7
19
5
61
5
7
38
50
1
41
100
31850
8191
82
14
513
31
305
295
201
216
61
27
107
159
70
16
153
22
4
14
255
54
337
299
57
28
59
14794
3
2199
9842
130
62
16
75
96
45
1420958400
499:0
1
424:0
105
-90
-1
5
32
-44
7
-6
7309
-3050
-4261
1
4583
-4583
6
-6
11
315
6
2786
-3115
23
-24
3
2:-3
15
-12
43
-41
17
-2
152
-168
30
-33
4
21
60
-46
-39
11
-10
56
-58
20
7
68
32
-126
1
9
-7
0
7
110
-113
-1
6
114
-126
-1
0
9
0
11
-20
19
-11
-2
4
2
38
-40
-3
373
-237
-142
16
-13
59
-53
126454
-126455
0
37
-46
28
-11
83
-83
54
-68
-2
47
-39
-6
-1
15
16
-19
0
33
-47
58
-55
-3
15
-2
-13
1075
-1062
604
-610
90
-82
-9
370
-295
-16
-30
-12
-18
66
-64
1
120
-128
19
-2
-15
412
-414
22
-14
30
-31
67
-69
13
-9
31
-7
-23
61
-70
300
-289
50
-45
-16
16
99
-103
6
-11
-4
7
64
191
-262
-1
0
399
-402
15
59
-73
36
-35
-2
11
490
-497
0
72164
-72121
6426
-6283
-166
45
-50
275
-285
96
-60
-24
49
-67
28
-21
18
113
-73
-34
-23
405
-177
-202
83
122
-239
4
32
94
381
-487
1146
-1092
-50
1055
-1079
6
4
8002
-6261
-1394
-360
-4
0
2
1
18
31
308
-308
-52
369
-367
9
4
-11
7
2264
-2261
0
973
-942
-17
-14
32754
-32760
7
-14
0
517
-501
-16
20
6
1
166
-190
67
-26
-40
107
87
-196
25
2335
-1829
-470
-61
36
235
25326
-25593
9368
-9285
-87
1
12
76
69
-149
7
744
-631
5032
-5163
33
94
711
-837
14
-14
220
-215
-5
111
-107
8
242
1388
-844
4566
-5264
-48
-53
40
-12
-29
25
298
-184
-135
173
-126
142
1304
-1402
195
-286
-2
21
118
300
-334
-91
-16
296
-213
-83
114
-83
267
1073
-1261
-78
-23
621
-615
569
369
-864
-67
-6
978
-993
123
-92
-26
4
9
61
-68
-4
15
-11
228
-232
16
28072
-28078
-17
7
22
-30
27
74
225
-317
134
4887
-5026
2:2
146
-103
307
-357
4
-5
35
13
-39
-5
4270
-3719
-555
34
-34
29
-23
206
-211
22
-21
80
-66
-6
20
-26
5
8
60
-72
37
71
-102
29
-15
31
993
-974
19
-32
137
-196
12
-3
-11
7
12146
-12099
-6
47
-85
23
-9
-16
41
24
188
-111
-145
6
-7
1
3
55
613
-211
-452
-9
70
-70
32
1659
-1186
9974
-5728
-4690
-46
21
-37
1898
-1882
-17
135
1167
-1293
1
-11
243
-94
6869
-7005
9
67
348
-430
-3
37
374
907
-957
1197
-1476
24
-109
1
0
-1
6
-7
19
-13
0
45
2
-20
24
-44
365
-291
1791
-1786
-81
216
25
-239
265
-61
1237
-1452
238
-115
39
-171
3
-3
-1
2:2
-2
0
-2
0
2
-2
3
-2
1
0
-2
6
-4
-2
1
2
-2
2
-3
3
-3
2
-1
3
-4
1
0
3
-2
2:0
-2
1
-1
1
-1
2:1
-1
0
2
-3
4
-1
2
-5
3
-3
0
2
0
2
-2
-1
0
1
-1
2
-1
-2
2
0
2
-4
2:2
-2
1
-2
2:1
-1
3
-5
2
0
2:-1
4
1
-2
1
-4
0
6
-3
2:1
-5
3
-1
-2
4
0
-3
0
-1
3
2:-1
4
0
-1
-4
2
3
-4
2
-1
0
3
-4
1
3
-3
6:0
2:-1
5
0
-3
-1
0
-1
3
2
-4
-1
0
2
-1
3
1
-3
3
-4
-1
2:0
6
0
-3
2:-1
2:0
2:1
-3
4
-3
2
3
-5
2:0
2
-3
5
-4
-1
0
5
-5
2
1
-1
0
1
2
2:0
-4
0
3
-3
-1
2
-2
0
1
2
0
2
-4
4
-1
-4
2
0
-1
0
-1
0
2
0
2
-3
0
1
2:-1
5
-4
-1
2
-1
1
2
-3
1
2
0
1
-5
2
2:1
2
-6
5
-3
3
-3
-1
3
-2
3
-1
1
-3
-1
3
-3
3:1
-1
-3
6
-5
1
-1
1
3
-3
1
-3
2
-1
1
-1
0
-1
1
2
1
-3
4
2:-2
-1
4
-2
2
-3
1
-1
5
-5
1
0
-2
2
1
-1
-2
2
4
-6
0
1
2
-3
3
-2
0
1
-1
3
0
2:-2
2
-2
4
-4
1
-1
4
2:-2
2
1
-2
-1
3
2
-3
3
-1
2:-2
1
0
3
-3
0
4
-2
1
-1
-2
0
-1
4
0
-4
4
2:-1
-2
1
0
2
3:-1
2:1
0
2:1
-3
2
-2
0
3
-3
0
1
-2
4
2
2:-3
0
2
0
-1
2
2:-1
2
-3
5
-5
0
1
0
2
2:-1
0
1
-2
4
1
-3
2
-2
-1
4
-5
3
-2
2
-2
0
1
-2
1
3
-4
3:1
0
1
-1
-3
5
-2
-3
4
0
-3
-1
0
4
1
-3
2
-2
1
0
4
-3
-1
0
2
0
2
-3
-1
1
117
-118
3:0
6
-1
15
-19
9
-10
2:0
31
-31
0
5
0
-4
-1
2:0
2
-2
0
2
-1
1
-2
3
-1
4
-5
2
-3
8
2
-9
-1
2
-2
1
-1
4
-2
1
-3
14
-14
1
-1
1
-1
2
-2
3
-2
2
0
-2
4
-5
1
3
-1
0
-2
-1
4
-3
26
-27
0
11
-11
5
-5
7
-6
11
-9
-3
4
-3
0
-1
3
-3
3
2:0
-3
6
-1
2:-2
2:0
12
-13
39
-39
16
-14
2:-1
0
42
-39
-3
2
4
-6
5
6
-10
2
1
-2
47
-48
1
2:-1
4
1
-2
2
-1
-2
6
-7
25
-25
25
-25
6
-5
1
-1
8
-10
2
-1
2
-2
11
4
-16
0
2
30
-31
0
4
-5
3
-2
3
-2
63
-65
8
1613
-1619
82
-62
-17
2
-3
4
-5
-3
2:0
10
-8
6
0
-4
-3
13
-7
-5
77
-79
10
2:1
-9
4
-6
15
6
-16
11
-13
1
8
-11
1
2
594
-523
-61
-15
2:2
-3
1
-1
5
-6
11
-11
4
-3
0
3
0
-2
93
-90
0
27
-26
-5
-1
310
-305
9
-12
-2
36
-36
0
5
7
-7
24
-28
24
-21
-4
0
17
-17
3
143
-20
-121
-5
2
29
626
-655
130
-132
0
1
3
2
18
-20
3
99
-101
675
-680
6
-3
102
-104
6
-7
0
3
6
3
-8
-3
9
177
-184
194
-184
-3
-8
4
-5
-1
3
42
-45
0
61
-53
23
182
-201
12
-24
2:0
7
6
-4
0
-9
74
-64
-8
6
-8
40
-9
-7
-24
5
49
-54
56
20
-69
-3
-2
3
-4
5
-5
3
-2
3
33
-37
8
-7
2
4
-6
2
181
-185
2
1
-3
2
4
12
-18
2
18
788
-808
3
-2
5
-3
15
-18
2
-1
2
-2
3
-4
10
40
-48
-2
2
0
1
9
-9
-2
-1
12
-7
1
-5
-1
0
2:10
-11
-9
23
-19
4
-3
9
83
-95
22
-17
8
-13
1
0
-3
0
2
1
5
1
-6
1
-2
3
5
-9
14
2
-16
4
-4
-1
0
3
1
6
-9
1
-1
0
5
-5
105
324
439
-864
-2
-1
0
258
-256
-4
10
19
-18
-9
-1
40
-1
202
-242
6
-2
-1
5
-5
-3
13
15
100
65
-186
25
-28
-4
2:1
0
1
-3
0
6
21
-23
-1
1
-1
11
-3
38
-45
-3
26
-26
-1
13
3
47
-62
1
-1
82
-83
41:0
2
-2
15:0
1
0
-1
8:0
2
-2
21:0
1
-1
3:0
2
-2
6:0
1
-1
2
-2
0
1
-1
1
-1
15:0
2
-2
1
-1
0
1
-1
14:0
3
-3
9:0
2:1
-2
4:0
1
-1
2:0
2
-2
5:0
1
2:0
-1
2:0
1
0
-1
5:0
2
-2
0
2
-2
5:0
1
-1
4:0
1
-1
0
1
-1
6:0
1
-1
0
1
-1
2:0
1
-1
6:0
1
-1
4:0
1
0
-1
1
-1
1
-1
5:0
1
-1
0
1
-1
2
2:-1
4:0
3
-2
-1
0
1
0
-1
1
-1
1
-1
9:0
1
-1
0
2
2:-1
7:0
1
-1
2
-2
11:0
1
-1
0
1
0
-1
6:0
1
0
-1
0
1
-1
1
-1
5:0
2
2:-1
9:0
5
-5
1
-1
2:0
4
-4
5:0
3
-3
5:0
1
-1
3:0
1
-1
2
-2
1
0
-1
0
1
0
-1
0
1
-1
5:0
1
-1
7:0
1
-1
0
2:1
2:-1
6:0
1
-1
4:0
2
-2
end
