v1
684
130
77
2:45
271
254
49
162
196
52
139
48
8
124
2:68
24
150
54
84
35
214
100
3
126
166
19
37
7
15
28
118
120
101
314
7
91
74
59
258
7
173
13
43
59
5
99
36
7
158
127
155
145
159
128
34
204
143
19
98
52
11
160
68
43
22
12
47
20
76
258
187
7
0
22
21
11
212
41
136
0
299
138
235
43
75
41
16
85
152
113
134
21
135
31
51
7
59
80
9
19
258
19
4
100
66
54
33
20
24
132
86
72
185
36
11
228
93
85
106
197
109
250
213
87
17
171
108
214
109
40
50
23
235
94
52
307
48
2
85
339
69
57
31
0
345
135
61
238
63
42
135
123
96
188
14
274
95
281
7
21
93
235
77
332
7
394
106
169
16
43
0
50
283
104
75
18
177
111
286
8
59
20
30
10
155
130
121
54
6
27
14
15
12
16
2
53
25
18
4
8
0
26
23
8
46
2
17
0
7
100
10
7
4
2
4
103
15
9
2:19
26
9
12
62
40
5
14
64
30
20
15
3
35
19
38
17
127
14
58
18
28
381
58
8
78
95
120
225
195
16
80
108
15
110
28
194
82
10
33
6
116
104
42
24
61
60
47
52
69
35
106
42
43
101
41
59
31
108
58
3
30
116
5
68
29
170
15
129
27
254
17
14
271
28
10
5
33
66
17
233
66
41
309
114
105
0
7
80
97
1
287
511
301
93
195
172
56
109
0
2
24
213
37
94
8
67
50
47
278
407
229
37
240
33
29
51
96
56
44
30
6
53
75
19
38
69
7
8
147
40
2
281
59
51
125
322
164
81
20
184
8
0
52
4
46
305
37
175
70
129
11
32
74
105
15
96
73
51
38
100
40
14
47
2
51
8
147
52
36
153
39
20
5
20
3
93
11
89
3
2
9
24
118
54
52
119
51
24
50
0
69
85
47
46
17
21
77
57
34
88
35
31370
5
22
52
12
149
33
53
44
85
6
82
4
65
7
8
0
112
36
8
22
932
54
6
160
68
111
61
10
43
61
0
4
10
48
18
47
9
272
3029
2211
328
1553
663
2410
2063
4
6258
4558
1878
772
4766
4989
3
790
2041
4086
13
2172
816
436
0
4013
2
4
10
8028
40
2:7
2821
882
943
15
1533
6076
1
16
2
5
1
2
1425
4053
1
19729
96144
3544
1
7708
33
30
43
9417
28772
3607
42
18
4
124
0
29
54
0
73
1
19
89
5
16
7239
3760
43632
724
7
50
35
74
0
157
7
29
57
6
58
7
104
5
27
10
3:1
2
8
2:1
11
2
127
599
29
14
113
8
16341
2357
1
2296
3093
5057
5151
7980
813
247
1183
873
143
46
0
665
436
489
43
2
0
3
11
1
10
0
9
19
3
39
4
6
37
0
94
9
0
22
6
3
1
11
12
11
9
47
4
0
6
30302
1513
8269
4
218
64
176
15
85
59
30
636
1
46
41
222
70
15
202
24
86
167
9
2
20
0
6
29
18
41
103
47
0
31
11
4
0
9
30
173
100
39
381
5
2:36
2
8
14942
77
2
1975
9735
2:1
162
1
115
19
9
7
19
36
13
7
55
28
37
1420791600
683:0
1
0
10
7
-15
-2
2:1
24
-23
26
-16
2
-11
-1
2
1
-7
9
-6
3361
-3356
-3
-4
0
154
-155
119
-117
110
-103
0
-7
0
10
-7
-3
4
-4
6
-8
3
47
-46
31
-26
-9
57
-55
49
-3
-48
104
-100
30
-28
-5
12
-11
-2
35
-22
-4
-3
27
-25
-3
-2
86542
-86539
56
-58
20
0
-9
-15
1
0
37
-34
1
-1
168
-160
-9
-1
5
-5
18
-19
0
1
0
10
1
-11
7
-8
12
7
151
-168
-3
3
15
-5
-6
115
-119
2:0
2:-1
9
-6
23
-24
-2
-1
1
2
0
-2
23
58
-81
179
-164
-15
25
-18
-1
-6
1
-2
58
32
-86
-2
78
164
-190
-19
-29
-2
-3
416
-411
-5
0
9
3
-11
10
-12
5
-4
69
-67
2:0
1
2
-3
2
104
150
-259
50
-49
4
-1
-3
1
2:-1
297
-257
-18
-21
39
502
-541
39
-25
-14
2:0
7
-5
8
-4
4
-6
-4
1
72
-73
59
-59
2:0
-1
11
-5
-3
8
-1
0
-3
-1
-3
-2
15
-10
117
-122
57
-58
1
1779
-1769
266
-276
45
-38
0
-8
14
5
-18
68
-51
-12
-4
12
3388
-3399
-1
-2
13
119
-128
-4
418
-417
12
37
-37
-3
-8
0
-2
16
208
-215
-6
6
76951
-76390
4838
-5212
-190
-3
-2
-1
3
23
-23
19
-15
192
-189
66
-73
99
-22
-80
1
4
14
-18
8
-6
-3
0
4
64
-67
3
2
-5
16
-11
80
-69
36
235
-229
30
-88
13
118
-129
-2
-1
1
9
20
-28
28
43
-17
42
-35
-43
921
-914
-24
-2
18
-7
-11
10
3007
-3018
1876
-1828
-47
17
-4
-9
-1
55
38
-94
4
-5
5
250
-250
1
-7
1320
-1317
5
282
-226
-28
21238
-21268
4
-9
-1
181
-175
-3
12
31
-35
158
-169
0
-1
0
6
0
32
-16
35
1541
-997
-569
-19
-12
-1
11
-9
-1
290
-224
-63
17678
-17679
-2
1
1680
-1647
-35
61
-55
-5
25
520
-529
2690
-2705
73
-5
-67
102
-103
7
9
132
-139
-4
-7
3
-3
2:3
-4
116
17021
-17076
-62
0
-1
1741
-1739
4
-3
1862
-1768
-79
-17
14
-12
2
122
-120
2
93
-95
-7
8
-7
0
78
511
-581
268
-265
-5
-4
5
15
35
-51
9
-14
-1
0
-1
30
138
-158
1
6
-13
62
1
782
-411
-430
-7
7
597
-594
453
-461
2042
-1943
-100
33
-32
3
4
301
-308
88
-81
1
52
-21
-42
2:1
-1
0
3
-4
339
-336
184
-187
36
94
-117
23821
-23813
-17
-2
-1
4
0
-3
-1
1
743
-745
289
-288
52
5178
-5225
-5
69
-60
540
-541
1
-8
2:-1
1
-1
2
119
666
-724
-61
-1
3
-4
2
49
-33
-14
4
11
-17
98
-82
150
-165
3
-2
21
-4
-7
18
-26
8
545
-539
36
-44
96
-86
-22
0
30
-26
-4
1
52
-15
-37
150
669
-814
3
8
-11
2
24
-29
-2
21
2
-18
15
-17
35
-27
33
-17
-15
-12
0
-1
2:0
114
-113
2:1
7
-1
-8
10
-1
-8
249
10013
-6915
-3349
1
4
40
-6
-38
0
492
-480
-1
-8
-3
22
16
68
-104
12
-13
-1
58
403
-454
36
1166
-1207
27
-16
-11
-2
174
504
-676
7
2:-4
318
555
-825
-19
-28
2
13
-14
6
0
45
-49
-2
-3
1
2
7
0
-10
55
-50
-2
33
-36
0
11
524
-327
267
-471
117
-121
79
-79
2
14
-5
-12
507
-507
11
1
0
1
3
-4
5:0
2
-1
0
-1
1
-1
4:0
78
-78
1
-1
0
8
-8
8
-8
8
-6
-2
2:0
1
15
-16
1
-1
5:0
4
-4
0
3
-3
3:0
7
-7
3:0
1
-1
0
1
-1
4:0
2
-2
14
-13
3
-4
1
0
1
-2
0
1
4
-5
2:0
6
-4
-2
3:0
1
-1
0
1
-1
1
0
-1
2:0
2
-2
15
-15
2:0
2
-2
0
4
-4
4:0
1
-1
5:0
1
-1
0
3
-3
0
12
-12
0
3
-3
1
-1
2:0
5
-5
1
-1
9
4
-12
1
-2
3:0
1
-1
0
1
0
-1
2:0
2
-1
2
-2
2:0
1
0
-2
0
5
16
-21
11
-11
8:0
1
-1
25
-24
-1
0
1
-1
3:0
2:1
-2
2
2:-1
0
18
-18
6
-6
3:0
1
2:2
-3
2:0
-2
5:0
17
-17
11
-11
2:0
2
14
-16
3
-3
3
-3
0
5
-5
5
-5
0
2
0
4
-5
-1
2:0
10
-10
0
19
-19
2:1
-1
0
-1
2:0
2
35
-36
-1
3
905
-908
62
-46
-15
-1
3:0
2
-2
2:0
2
-2
2
-2
0
1
-1
2:0
4
-4
2
2:-1
2:0
11
-9
-1
0
-1
2
-1
16
-15
1
33
-35
-1
0
4
5
-8
0
-1
6:0
9
11
-17
-3
15
-15
1
0
4
-3
-2
1
225
-226
76
-71
-5
1
0
-1
0
2
4
-5
2
-2
0
-1
0
1
-1
57
-55
2
15
-10
-8
228
-226
7
-10
0
26
-26
2:1
2
-2
12
-14
4:0
2
12
-11
-2
82
7
-86
-4
2:0
1
-1
0
4
6
-10
400
-400
2:0
61
-58
-3
2
-2
0
12
44
-54
274
-276
2
1
-2
45
-46
3:1
-2
-1
0
1
-1
0
3
-2
1
2
2:-2
2:0
62
-62
2:0
77
-68
-8
-1
5
-5
1
12
-12
-1
27
-26
-1
3
-3
0
20
61
-79
22
-24
3:0
1
4
-5
4
-4
4:0
22
-21
3
-4
0
3
14
-5
4
-16
0
1
28
-29
33
-33
56
-52
-4
2
-2
1
0
1
-2
4
-3
0
2
10
-13
6:0
3
0
3
-6
4
-1
-3
125
-123
2:-1
2:0
1
-1
1
-1
16
-16
2:0
9
400
-409
0
2
-1
13
-14
7:0
9
32
-40
-1
0
1
-1
2:0
7
-2
0
-2
0
-2
7
3
-11
1
-1
16
-15
4
0
-4
5
35
-39
10
-10
4
-6
0
2:1
0
-2
0
3
2
-5
6
8
-13
1
2:-1
1
6
-7
0
3
2
-5
5
-5
8
-6
0
3
-5
3:0
2
-2
5
-5
5:0
2
0
-2
62
272
-33
-300
-1
0
1
3
-4
0
109
-108
-1
1
-1
4
8
-5
-7
0
1
-1
26
76
-101
2
1
-4
1
3
-4
0
6
10
-16
3:0
64
38
-101
11
-11
0
1
-2
3
0
-2
1
2:-1
1
-1
3
2
-5
1
-1
0
1
-1
2:1
9
-2
7
-16
10
-10
2
-2
0
1
-1
0
33
-33
0
end
