v1
1073
297
446
486
52
139
56
607
14
50
15
453
14
63
56
22
28
99
554
512
199
73
140
292
15
133
152
159
55
107
347
340
111
101
334
501
160
166
247
21
74
244
156
1
561
24
225
242
259
33
20
163
79
257
79
274
100
157
255
126
227
110
88
187
259
38
134
16
74
404
344
44
54
234
105
126
404
288
83
140
128
7
327
124
112
227
238
50
114
235
409
7
394
275
16
376
197
217
71
294
59
75
270
171
10
26
1
29
12
33
38
43
1
68
46
5
144
4
118
28
54
74
94
27
2
30
35
3
54
69
113
118
447
141
32
120
225
160
35
219
110
262
42
10
33
1
5
29
87
284
42
12
121
141
85
101
41
36
51
172
146
29
258
129
611
15
18
15
153
229
13
28
309
53
61
105
184
41
758
301
71
389
56
109
2
368
75
50
991
1
246
33
80
232
128
126
7
8
147
323
96
14
15
3
429
164
81
20
184
412
40
175
70
121
8
11
32
43
342
67
100
54
47
61
35
112
88
212
5
20
3
104
89
5
323
178
201
63
155
34
123
31370
5
22
9
204
33
53
44
37
136
76
120
36
8
22
944
136
72
68
111
71
104
62
18
47
9
272
3029
2211
328
1553
3764
1376
10816
1507
1143
4766
4992
9918
1797
2652
2
8020
21
41
3717
943
15
2466
5143
1
7
1
8
2
6
1427
123471
1
7716
25
73
9417
32421
22
21
5
2:127
20
89
5
54647
740
150
59
98
7
17
12
57
6
12
1
52
109
2
25
10
1
2:2
8
2:1
11
757
14
16462
4654
3093
0
10208
7980
575
1668
1062
665
436
532
2
3
6
44
3
86
94
37
3
1
43
47
9
1
40306
64
176
825
1
46
263
85
202
277
9
57
18
41
103
102
30
273
49
376
19
17
38
17017
9723
1
162
1
101
14
18
23
49
75
5
23
-488452
661
184
167
174
38
34
26
266
204
170
266
107
2
177
23
46
161
496
46
159
65
0
388
130
472
124
260
41
61
28
496
426
12
157
234
307
37
19
107
219
0
323
5
514
76
26
345
21
0
58
77
49
173
9
127
175
114
56
131
132
479
119
20
93
118
169
101
192
274
193
17
142
558
19
878
67
249
33
2:433
540
67
329
376
83
350
457
80
311
219
50
64
748
242
117
170
413
57
22
8
7
8
11
6
17
7
49
24
110
198
10
0
4
71
53
14
99
68
3
54
17
319
11
91
349
421
641
475
55
240
313
205
320
97
595
31
309
19
102
797
4
55
0
19
168
1000
7
178
17
83
188
41
288
6
109
56
37
5
88
9
760
318
48
438
56
8
30
76
19
94
309
394
608
185
100
316
1
45
55
76
803
259
22
63
72
261
336
206
194
105
14
85
0
27
66
38
32
60
168
31480
224
152
92
30
35
8
7
1164
56
8
429
31
63
9849
5217
3794
11531
7055
9223
0
2146
1394
8028
47
2
0
5
0
2821
4296
484
4696
4948
116404
5280
6083
38185
3585
61
21
211
74
91
38
55362
50
102
173
30
0
15
38
0
165
112
695
7
63
86
69
3445
21760
16924
1146
2056
143
0
671
1018
7
10
27
121
4
24
4
25
15
83
30351
1513
8920
511
597
149
111
153
295
5
10
456
231
45
15034
11784
308
26
49
97
-487878
524
64
326
113
3
0
60
0
149
194
191
0
50
42
127
39
38
76
48
13
63
226
486
324
4
271
0
71
46
0
43
0
126
172
563
249
104
24
167
409
0
9
58
14
92
0
99
158
107
367
92
0
133
364
0
194
6
0
116
0
113
264
41
265
153
41
174
126
388
94
1046
65
43
130
31
0
43
410
98
349
33
77
112
0
4
84
81
72
289
84
313
82
120
112
78
0
82
41
0
357
61
899
50
536
92
0
311
71
1
0
519
47
66
17
192
20
397
291
46
0
10
191
60
337
267
62
34
270
147
20
30
212
14
47
50
10
75
85
34
79
35
4
126
75
314
119
134
45
106
411
193
373
8
0
70
585
0
292
0
325
49
0
6
139
91
388
110
365
154
665
440
240
17
129
117
404
289
0
161
0
23
107
86
0
76
165
354
82
180
41
0
118
175
380
0
12
112
0
59
49
0
171
166
258
126
78
17
67
195
275
937
94
0
56
181
10
75
61
0
369
189
51
159
420
0
2
91
0
14
96
438
45
11
0
13
118
0
54
81
0
73
17
135
43
15
0
141
153
155
28
31412
114
0
49
61
60
8
25
192
31
91
137
1068
25
236
204
7850
3444
9305
4763
791
0
10529
5
4310
1389
423
7456
0
8038
2861
0
3387
920
996
0
1014
13
0
3154
0
5484
115875
11317
45
41723
115
16
13
22
78
242
46
7250
547
3213
25036
0
19276
51
413
158
22
35
9
17
0
83
13668
5838
573
9873
8402
7430
414
1859
14
6
51
9
0
36
26
21
145
16
15
40350
118
0
151
90
4
75
544
131
0
9
390
385
15
38
135
2:4
122
25
83
450
90
32
25
119
14794
3
224
11861
0
159
5
72
2
1420330200
399:0
1
299:0
1
372:0
34
-1
131
-121
1475
-1480
5904
-5922
116
-103
1
81
68
10620
-10756
177
-105
-29
-72
29
27
-15
665
-680
3
188
-72
-124
20
-15
2455
-2002
-472
13
55
-47
-13
568
-581
1
9
-9
211
-209
-3
579
-557
-9
60
-71
6
-8
16
-13
117
-119
11
183
257
-454
21
-16
121
-105
-17
141
-145
11
338
-331
75
115
-203
1445
-1305
-142
6
4
13
-2
-12
7
-8
1319
-1282
2029
-1551
-383
-131
-12
1045
-472
-326
126
-361
480
-482
50
58
-114
356
-333
-22
0
17
481
-497
327
-328
945
-912
-24
96
-109
9
10
96
-29
-86
467
-293
-175
18
89
334
-237
-191
337
-315
-32
540
-401
-121
764
-547
-183
-53
8
778
-217
-560
0
120449
-120326
-74
6634
34001
-40445
-248
70
-59
9413
-9300
-13
-58
-2
-10
64
63
-160
-7
138
-106
6065
-6069
-31
628
-530
-7
-3
324
-403
-1
58
57
-94
-27
124
382
-358
1110
-1250
104
83
35104
-32472
-2737
-87
-4
136
-103
5000
-5010
3398
-2719
-696
112
45522
-45634
-3
740
-733
66
-74
1
31
-33
325
-323
311
-240
1330
-1363
15238
-14354
-876
-43
2:-3
98
80857
-80950
3586
-3591
250
85
-314
1566
-1096
14347
-14836
58
66
140
-259
30
-17
24
1705
-1714
-32
9106
-8898
21
-193
7
-27
1437
-1450
311
-263
260
1655
-1843
661
-767
-13
62
-37
-1
102
-117
81
-24
-73
19
61
21
234
2015
-1514
-837
1744
1598
-3198
13572
-13700
-14
308
-276
67
-47
-27
2810
-2835
-2
11
-2
6
2
5162
-5176
1
16
61103
-61089
-31
4
1694
-1654
360
-256
10223
-10366
492
-500
14
-5
-7
69
619
-56
-569
-64
19
18
42
-41
-38
163
-138
316
-338
59
1
15
-77
8
-4
64
-62
298
-301
181
-34
375
-502
-23
26
72
-48
8
-26
30
66
84
-176
-22
2
62
-45
-10
11
-32
312
-292
15
6261
14185
-15907
-4557
55
-65
1402
-1356
216
-240
229
613
-852
263
-114
-142
443
3973
-3043
7915
-9311
99
-101
53
-35
-22
20
108
-102
381
-360
1759
-1500
3760
-4063
20
240
-264
6
303
965
-1269
740
-759
4
2
-3
5
-7
8
-8
0
2
5
-3
-5
3
1
2
-6
11
-11
7
0
-5
0
6
4
-8
-3
9
-8
4
2
-5
-2
4
-5
12
1
-5
1
-7
4
0
-4
3
-5
0
3
-3
6
0
-5
7
-7
7
-4
-3
2:0
11
-3
-6
2
-2
10
0
-9
6
-10
2
-2
8
-3
-4
0
-1
2
4
-4
-2
1
9
2
-10
0
-1
3
2
-5
0
-1
6
2
-3
-2
-3
4
0
7
0
-7
-2
10
-11
11
-8
9
-12
7
-8
1
0
12
-7
-6
4
6
-2
-8
9
-8
12
-5
1
-6
-1
-2
11
-10
1
8
-5
-2
5
-4
2
5
1
-8
1
-4
8
-8
5
2:3
-5
-6
5
-6
4
-4
6
-3
6
-9
3
-3
2
1
-2
12
-12
2
6
-4
3
-6
2
-3
7
-4
5
-4
5
-8
3
-3
1
7
0
1
-8
10
-12
11
-1
0
-10
2
-1
-2
4
2
0
-5
2:4
-8
0
-1
13
-13
4
2
-5
7
-1
-2
-4
-1
1
3
-1
-3
10
-6
-2
0
5
-5
2
0
9
-13
1
2
-2
2:1
7
-9
3
0
2:-1
4
-6
1
10
-9
9
1
-9
8
-7
-4
5
3
5
-10
-1
3
1
0
-4
2
-1
2
-3
1
-2
0
8
-5
-1
-2
1
0
-1
11
-9
-3
3
2
1
5
-7
2:2
1
-3
4
-5
0
-4
9
2
-7
7
-4
3
-1
-7
-3
3
6
-1
-7
8
-8
-4
-1
3
-3
2
-2
0
1
0
-1
2
-1
2:0
3
-1
-2
0
2
-2
2:1
-1
2
-3
-1
1
0
-1
1
4:0
1
-1
3
-2
-1
3:0
-1
2:2
-3
0
-1
1
2
-3
1
0
2
-1
2:0
-1
3:0
2
-3
2
0
-1
3:0
-1
2:2
-3
-1
3
-1
0
-2
0
1
2
-3
0
1
0
3
-3
-1
3
-2
3
-4
2
-2
0
2
0
-1
4:0
2
-2
-1
2:0
2
3:0
-1
2:0
1
-1
2:0
1
2:0
-1
3
-1
1
-4
0
2
1
0
-3
2:1
0
-2
2
2:1
-2
0
2:-1
4
-3
-1
1
0
2
-2
0
2
-1
0
1
-1
2
-4
0
2
0
1
-3
0
2
1
-1
0
1
-1
-2
0
1
-1
0
2
-1
2
-1
0
-1
0
3
2:-1
0
1
-1
1
-2
2
-1
0
2
-3
3:0
-1
0
1
3:0
1
2:0
1
2:0
-1
0
-2
2:1
-2
3
-2
2
-3
2:0
2
1
-3
1
5:0
-1
1
2
-3
0
2
2:0
-2
2:0
4
-4
3
-2
-1
0
2
-2
0
4
-4
2:0
3
-1
0
2
-2
-1
0
-1
2:2
2:-2
1
-1
3:0
2
0
1
-3
0
3
-2
1
0
2
-2
0
-2
3
-2
0
2
-2
3:0
1
2:0
2
-4
3
-3
3
0
-3
3:1
-3
2
2:0
2:1
-1
-2
-1
2
-1
2:1
-2
2
-3
2:0
2:1
2
-4
0
3
-2
2:0
2
-2
0
2
2:-1
3
-4
0
2
-2
1
-1
2
2:0
1
2:0
-3
2
2:-1
2
-1
0
-1
3
-2
0
2
-1
2:1
-3
-1
0
2
-2
2
-1
3
0
2:1
0
-4
119
-119
0
3
-3
0
18
-1
2
-16
-3
1
-1
0
13
-9
-4
0
2
9
-10
2
-3
0
2
9
-8
2
11
-16
0
8
-8
1
0
2
-3
1
-1
22
-22
2
5
-6
0
7
-4
-3
-1
4
-3
1
-2
0
2
-1
20
-18
1
7
-9
-1
9
-10
1
13
-14
27
-19
-7
-1
0
9
-7
1
-3
2
-1
9
-8
2:-1
4
2
13
22
-31
2:-4
-2
0
4
64
-66
0
-1
0
5
-5
1
-1
2:1
75
-64
-14
8
6
-11
-1
23
11
-36
37
-31
-6
0
6
3
-1
-6
2
-3
2
10
7
-20
12
-4
0
-7
1
4
82
-88
7
2059
-2063
-3
120
-118
30
-27
-5
6
1
-2
-1
4
-7
1
-2
19
-9
-10
11
-1
14
-16
-8
73
-46
-17
-9
17
-14
-4
2
6
-5
-1
14
32
-46
19
-18
-1
8
705
-573
-129
-12
1
8
-1
0
-4
87
-53
-32
0
408
-411
-3
77
-78
0
3
0
11
-8
26
-28
41
-29
-7
-3
269
-44
-221
-9
3
-3
30
941
-968
129
-130
9
11
6
81
-89
940
-955
7
-1
-12
2:3
4
-4
207
-213
2
283
-270
0
-5
-4
2
46
-52
63
-49
23
243
-259
49
-72
1
8
-6
9
2
-9
66
-61
-8
0
2
0
53
-16
19
-59
89
-19
-71
108
-100
2
-3
-5
25
14
-41
2:0
2
0
-1
11
-7
-4
5
-4
7
311
-315
-3
2
38
-41
-1
26
813
-838
21
-22
3
4
-5
0
9
78
-84
-3
12
-8
3
4
-12
1
15
6
-14
-8
3
24
-28
7
4
5
-6
100
-102
44
-40
8
-10
-6
0
18
-17
0
4
-2
-6
21
-15
-4
1
9
-8
5
-6
-1
5
-8
10
98
527
-396
-232
-1
-4
217
-206
22
-15
32
186
-228
0
-2
8
0
38
222
337
-611
43
-43
22
-19
-3
13
-6
13
8
-23
23
-14
34
-48
-2
19
-18
-1
10
61
-69
-2
5:0
1
3
-3
-1
1
-1
5:0
1
-1
1
40
-41
1
0
-1
0
1
-1
3:0
2
-2
2:1
-2
1
-1
2
-1
5
-6
0
1
-1
3:0
2
-1
0
-1
1
-1
3
-3
4:0
2:1
0
-2
2:3
-6
2
-2
2:0
1
-1
3:0
2
2:-1
1
2:0
-1
2:0
3
-3
4:0
1
0
1
-2
0
1
-1
3
-2
-1
3
1
-2
4
-6
7
-5
3
-5
2:0
2
0
-1
0
1
0
-1
0
-1
1
8
-8
-1
0
1
0
-1
4
-4
2:0
3
-3
1
3
-2
1
-3
3:0
2
0
-2
1
-1
3
-3
1
-1
0
4
2:-2
1
0
-1
0
2:1
0
1
-2
2
1
-4
2:0
3
1
3
-7
2
-2
4:0
2
-2
0
2:1
-2
2:2
-4
5
-2
-3
5
-4
3:0
4
-5
2
-1
4
-5
4:0
2
0
2:-1
1
-1
6:0
1
3
1
-4
1
-2
1
4
0
-4
2:0
-1
2
1
-2
0
-1
2
2:-1
2
1
-1
-2
4
2:-2
4
-4
7
-5
0
1
-2
0
-1
1
13
-9
-4
2:1
2:-1
0
2
2:-1
0
-1
3
-1
-2
3:0
5
-5
0
5
-5
1
3
-2
0
-2
1
2
2:0
-3
4
-4
2:1
-1
1
-2
0
6
-5
-1
15:0
1
-1
4:0
1
0
-1
18:0
2
-2
14:0
1
-1
14:0
1
2:0
-1
7:0
1
-1
2:0
1
-1
10:0
3
-3
7:0
1
-1
20:0
1
-1
1
-1
1
-1
3:0
1
-1
21:0
1
-1
20:0
1
-1
7:0
1
-1
7:0
1
-1
16:0
1
-1
10:0
2
-2
13:0
1
-1
2:0
1
0
-1
9:0
1
-1
5:0
1
-1
0
1
-1
3
0
-3
6:0
1
-1
4:0
1
-1
2
-2
3:0
3
-3
0
1
-1
8:0
1
4:0
-1
7:0
2
-2
1
0
-1
4:0
1
0
-1
8:0
1
0
-1
3:0
1
-1
11:0
2
-2
2:0
1
-1
2:0
end
