v1
919
11
50
236
8
234
204
81
231
69
105
52
115
0
24
48
26
242
228
84
18
3
2:14
37
28
235
68
227
56
7
15
28
118
221
153
47
114
231
3
262
4
12
107
165
92
37
11
7
285
148
152
130
29
32
130
798
101
334
194
21
1
19
99
19
13
135
178
0
4
131
193
67
235
104
156
420
33
102
31
64
142
19
162
219
66
87
20
56
100
86
257
127
99
49
93
7
78
39
118
146
109
353
110
275
108
323
90
32
372
128
314
126
213
69
57
22
9
145
633
0
106
135
104
82
35
145
55
30
172
167
281
356
416
8
45
245
2
94
193
82
16
93
129
154
197
177
111
44
242
8
59
345
175
6
26
1
14
0
8
7
12
33
6
32
25
10
8
12
7
6
13
23
8
46
2
3
21
100
23
4
118
73
9
10
64
45
78
30
35
38
3
16
55
14
113
118
85
296
45
21
78
95
120
225
134
61
86
133
110
201
61
42
10
33
6
116
101
183
54
121
7
28
106
85
74
27
41
90
108
61
146
5
19
263
129
281
31
10
9
280
10
5
33
83
299
41
309
114
38
20
47
132
52
3
38
758
192
7
102
71
12
10
312
55
56
109
2
24
82
31
44
56
37
5
89
8
67
50
325
205
125
77
259
1
246
33
29
1
50
12
84
50
6
80
53
75
19
3
102
2
7
8
147
40
283
96
14
447
162
2
81
20
0
184
229
85
98
40
175
17
53
81
40
8
11
32
363
51
38
100
54
47
61
35
92
20
88
153
59
5
20
3
104
89
3
2
33
30
88
106
194
50
69
85
47
46
17
38
117
34
77
15
31
31370
5
22
9
43
161
4
29
53
13
31
62
23
69
19
4
72
8
58
54
36
8
22
986
144
22
68
79
32
71
104
4
58
15
3
47
281
3029
2211
328
1553
3073
2067
10816
2648
0
2
4766
4992
1620
4874
423
3001
925
2139
1385
2
4
10
8065
10
7
2807
14
1825
28
2453
474
4670
7
1
8
2
5
1
2
0
1425
20
3503
11948
91358
0
13098
3544
1
1735
5982
24
73
9417
32379
0
32
30
2
21
5
46
95
40
2:73
36
5
16
54631
731
50
35
74
59
98
7
2
15
12
41
0
16
6
12
1
54
90
1
16
27
10
2:1
0
1
2
8
2:1
11
2
30
21
675
29
14
0
19
0
159
7831
4973
3480
4654
3093
1178
9030
3251
4729
575
485
1183
454
608
665
436
330
202
0
2
3
2:6
10
27
4
58
82
40
9
28
3
1
43
47
9
1
30302
9889
115
64
176
69
31
725
1
46
28
235
85
202
41
78
16
140
2
9
2
55
18
41
6
97
47
31
10
44
273
425
19
17
38
15027
1990
0
9722
2:1
162
1
115
2
52
36
13
52
10
5
30
-488459
362
688
55
144
158
213
80
5
0
154
331
15
200
58
162
290
287
211
174
812
187
69
350
35
12
0
75
31
447
293
307
96
0
165
39
65
201
119
66
204
109
202
8
0
173
11
0
10
227
8
26
211
4
130
26
219
379
137
0
192
0
211
466
294
0
45
240
10
59
122
59
44
862
25
0
71
54
266
359
2
352
0
139
126
394
844
797
71
0
88
4
71
349
53
0
24
332
125
40
152
408
10
50
74
45
756
89
202
0
175
483
22
10
107
0
5
112
11
5
14
90
230
0
18
0
81
26
7
106
322
13
56
389
0
580
13
51
633
30
32
233
68
530
142
0
28
361
229
46
373
177
0
89
0
60
0
43
291
40
615
8
495
151
253
655
258
478
132
41
281
12
577
35
353
152
73
285
352
173
45
941
0
62
182
13
231
5
304
148
6
51
159
95
0
17
88
166
28
229
286
104
98
6
102
83
23
19
215
92
54
6
49
30
114
0
31728
103
132
17
280
1161
16
50
25
294
84
197
5837
1878
12398
1
16433
0
2041
6271
3045
842
9446
0
16
8
2832
1835
1533
1916
4160
2494
2524
169576
37
0
9
258
0
72
109
7715
3213
0
44733
202
5
60
110
0
789
6
44
13
6
29084
14147
2188
0
141
1597
6
7
2:19
47
5
68
28
4
106
31881
8774
116
30
49
462
213
199
54
0
131
149
222
0
87
0
274
0
203
315
205
0
28
59
14794
2202
10034
16
0
72
0
3
1420502400
599:0
1
318:0
14
11
-1
171
-190
25
-22
-2
15
62
-53
-18
0
-8
335
-329
11
-17
1830
-1784
-46
3483
-3479
6
-9
10
558
-424
1995
-2139
55
217
-249
68
-85
-5
32
278
-312
475
-474
13
25
76
-112
-2
16
-11
743
-746
146
-143
5
-10
4
15
-3
52
-67
1
3
33
-17
1173
-439
-718
-28
-3
5
-11
0
181
-174
13
17
82
-101
9
-13
-12
141
40
-184
6
-4
59
-43
-16
2
22
19
-44
-1
11
1
83
-86
128987
-128996
5
20
-7
-11
70
-75
32
-24
-10
211
-195
120
-135
506
-492
-8
-6
12
0
-3
-2
7
47
-58
15
33
-40
-7
8
22
13
-46
-2
815
-814
0
1
-2
292
-291
172
-102
-71
1
5
459
-396
-46
-20
13
147
-147
9
-24
15
11
-20
-5
0
2
65
-68
38
-23
284
-296
8
18
-5
-24
1
81
-60
76
-96
30
-27
-5
9
33
22
61
-109
484
-498
83
-58
165
-176
146
-147
-6
28
18
-50
20
208
-198
-19
-11
182
-179
96
113
-178
-8
-28
59
-49
361
-361
-10
7
109333
-109307
9269
-9099
-202
9
20
10
-43
11
148
-44
-114
72
0
33
-62
225
-257
-2
-6
64
-49
-14
5
11
0
112
-124
-4
462
-306
-17
272
-411
1
-5
13
-12
440
-435
-6
1
179
-178
1
160
-122
-43
7
-4
1067
-1070
25
17
-42
1
3:0
2
1
18750
-18748
2719
-2660
-52
-5
-7
1
9
-7
85
-58
-28
3
2
-7
1
-2
8
15
-21
2872
-2857
-16
0
1034
-1018
436
73277
-73687
-32
5
744
-745
-15
31
0
-12
0
682
-687
87
-88
99
-19
-73
55
-67
17
5657
-4967
-672
-35
1
5
2538
68144
-70681
5113
-5123
14
53
379
-428
-4
4173
-4079
4455
-4491
-20
-42
159
-168
-5
6
-2
-5
18
-3
-12
9
-5
15
6
-7
1739
-1756
17
131
1632
6357
-7958
9
-163
-18
49
-39
17
-35
286
-287
-1
0
271
-238
-2
-32
1
600
730
-1157
503
-675
-1
463
-459
-4
191
-174
-10
-5
194
-195
35
69
-106
106
255
1331
-1132
-560
2047
-931
-1108
0
11711
-11643
-58
-17
16
-5
117
-128
0
93
-12
-77
56
-61
0
1
23
-15
-5
-2
20
-19
3139
-3124
2
-15
56165
-56157
20
-31
0
77
-77
0
-2
8
0
266
-273
459
-448
27
338
-256
5443
-5562
0
-2
124
859
-969
-8
17
-18
1
35
-35
527
349
-874
-5
5
52
-54
5
63
-54
34
-45
-1
129
-135
0
99
-37
-45
-1
-16
0
11
20
64
1146
-1124
-114
3
12
1299
-1296
833
-728
-54
34
1946
-2051
7
18
-21
2
-7
0
3
56
15
-75
42
144
-165
15
-35
90
-60
-17
124
50
-134
-55
8
15421
-15378
-4
20
-45
-7
-15
6
-6
4942
-4938
15
19
-34
1025
17407
-12471
-5944
2
19
3208
-3192
-55
450
-313
-11
-121
77
218
901
-1199
1847
-1788
39
-81
-20
-1
3
34
401
3316
-3753
915
9016
-9858
0
139
-212
10
-8
92
-73
-11
90
-55
248
-293
50
8
-50
1061
-760
18507
-18767
122
-173
0
130
-125
2
792
-777
71
-95
2:-1
2
-2
0
1
-1
1
0
3
-1
0
3:-1
3
0
-3
3
-2
1
-1
1
-1
1
0
-1
2
3:-1
2
0
-2
1
0
1
0
-2
2
2:-1
2
0
-2
1
0
-1
0
3
-1
1
0
-3
2
-1
2
-1
0
-1
0
2
-3
2
0
2:-1
2:0
3
-2
2
-2
1
0
-2
3
-2
1
-2
2
0
1
-2
0
2
-2
1
2:0
1
-3
4
-2
0
2:-1
2
2:-1
1
-1
4
-4
1
0
-1
2
2:0
1
-2
-1
1
0
-1
2
0
-1
2
-3
1
4:0
-1
1
-1
2
0
-2
1
0
-1
0
1
0
2
-2
-1
2
-1
2:0
3
0
-2
-1
1
-1
0
1
0
-1
0
1
-2
2:1
2:-1
0
4
-3
3
-3
2
2:0
-3
3:1
-2
0
2
-1
-2
2
-1
0
-1
2
-2
3
-1
-2
3
-3
4
-2
2:0
-1
1
2:0
-2
3
-2
-1
3
-1
-2
0
3
-3
1
-1
3
-3
0
1
0
2
-3
1
2
2:0
-2
0
-1
2
2:1
-3
1
-1
1
2:0
1
0
2:-1
1
2:0
1
-3
2:0
2
-2
0
2
-1
1
4:0
1
-2
-1
1
0
1
0
-1
1
2:0
2:-1
1
-1
2
-2
0
2
0
-2
0
3
1
-4
2
-2
0
3
-3
3
2:0
-3
3
1
2:-1
-2
2:1
2:0
1
-2
0
1
3:0
2:-1
1
-1
0
3
-3
1
0
1
0
-1
2:0
1
0
1
-1
0
2
-2
2:0
4
-1
-3
0
3
1
-4
2:0
1
-1
0
131
-131
1
-1
2:0
14
2
-12
12
-15
0
3
-4
0
2
0
-2
2:0
1
0
13
-14
0
1
2:0
-1
8
-7
0
1
-2
4
0
3
-7
0
3
-3
1
-1
0
7
-7
3:0
2
0
1
-2
1
-1
2:0
2
-3
1
21
-22
2:0
2:1
-2
1
2
5
-7
-1
2
0
-2
1
2
-2
-1
2:0
3
12
-15
9
-8
-1
7
-7
10
-9
16
-16
0
-1
0
1
2:0
2:1
-1
-2
1
0
3
-4
1
5
-5
-1
7
-7
3:0
32
-32
9
-5
-4
3:0
1
2
-2
-1
60
-60
1
-1
2
0
1
-3
2:0
6
-5
1
0
41
-43
1
4
-4
-1
0
6
-3
7
-2
-6
-2
2:0
5
15
9
-25
27
-31
14
-10
-2
3
10
-13
-2
2:3
-6
3
11
-13
-1
0
17
-16
6
2:-1
-5
2
-1
1
67
-69
0
6
1702
-1707
102
-82
-21
6
-3
7
-10
0
5
1
-6
7
-7
4
-3
28
-25
-1
-3
19
-14
2:0
-4
-1
21
-20
1
52
-53
10
7
-16
4
-6
0
4
-4
2
-2
3
14
-16
1
30
-31
-1
3
-3
20
-19
3
4
-7
-1
0
2:1
-2
1
567
-568
99
-95
2:-2
0
2
-2
0
7
-1
2:-2
1
-3
2
-2
6
-4
0
79
-78
-3
0
41
-37
-1
374
-371
-1
-5
53
-52
0
1
5
-2
0
21
-26
2:0
45
-29
-16
5
-5
6
203
-25
-178
-3
3
-5
15
878
-891
133
-135
0
7
5
-11
16
93
-98
707
-709
-4
-7
6
-1
-5
4
-3
-1
2
9
-9
4
-6
7
-7
6
178
-181
1
-2
4
231
-226
3
-11
3
-6
2:3
-6
27
-26
0
-1
56
-56
7
-5
-2
48
163
-195
48
-62
-2
5
-1
-4
22
-12
-9
0
64
-64
5
0
-6
5
40
-13
20
-50
67
-14
-55
0
124
-115
-7
2:-1
0
12
2:-6
20
21
-38
0
-3
1
-1
3
-1
0
-2
6
-5
-1
2
-2
2
264
-266
6
-1
0
2
-7
2
2:-1
0
5
-5
31
-30
-1
0
19
677
-694
0
-2
0
16
-13
-3
2:0
2
0
2
7
65
-75
2:0
5
-5
6
-1
1
2
-3
-5
3
-4
0
22
-5
-8
-9
2:0
1
20
-17
10
-4
-6
0
8
86
-95
44
-40
2
-6
-3
0
10
-5
-4
0
-1
2:0
2
-1
0
11
-3
-5
1
-4
6
-6
1
13
-14
2
-1
0
-1
7
-1
-4
2
-3
-2
2:0
11
-11
0
11
-7
92
432
-300
-224
2:0
268
-270
-2
14
20
-8
-24
5
43
143
-190
-3
10
7
-7
-9
-1
2
-2
23
20
-41
218
189
-404
-5
42
-36
2:-3
14
-11
4
-2
16
-3
-18
2
0
1
22
-13
27
-36
17
-20
1
8
-4
-5
46
-45
-1
12:0
1
-1
23:0
2
-2
7:0
3
3:-1
27:0
2
-2
2:0
1
0
-1
13:0
1
-1
13:0
1
-1
6:0
1
-1
2:0
1
0
-1
3:0
1
-1
9:0
1
-1
21:0
2
-2
1
-1
18:0
1
-1
5:0
1
0
-1
29:0
1
0
1
-2
3:0
1
0
-1
2
-2
9:0
1
-1
0
1
2:0
-1
2:0
1
-1
3:0
2
-2
0
2
-2
4:0
1
0
-1
7:0
2
2:-1
5:0
2
-2
3:0
3
-2
-1
3:0
2
-2
3:0
1
0
-1
6:0
1
-1
5:0
end
