v1
962
252
287
204
486
52
153
34
36
460
84
35
551
52
6
56
7
15
28
118
415
127
106
59
466
146
140
56
236
300
44
115
60
102
69
278
154
26
160
288
106
152
216
285
435
138
394
101
420
166
110
81
34
381
29
124
20
242
194
190
241
85
98
314
353
385
259
172
90
27
377
388
54
126
213
65
4
57
376
13
198
328
67
395
124
339
254
148
217
434
394
275
16
573
217
71
294
585
101
6
32
25
18
12
26
31
48
141
6
4
118
82
74
40
19
35
29
65
3
54
38
17
245
85
362
173
120
225
160
364
98
164
42
10
33
6
116
338
121
141
85
101
41
87
111
61
151
24
258
129
281
330
15
33
66
17
70
229
41
423
85
20
225
758
301
93
367
50
6
109
2
24
344
75
50
643
12
65
241
277
33
29
203
80
128
19
38
69
15
147
419
14
447
63
182
20
184
415
37
175
70
121
8
11
32
74
289
51
38
100
54
47
61
6
121
20
88
153
59
5
20
3
114
79
5
570
40
92
63
155
34
1
31492
5
22
9
204
0
33
53
44
1
172
76
66
54
36
8
22
1152
68
111
71
166
18
47
3310
6
2205
328
381
1172
3764
1376
10816
2650
4766
4992
2831
4096
2991
4449
2
4
10
8027
41
26
3691
943
15
2453
13
5144
16
2
1
4
1428
3523
119948
1
7741
73
4
9413
28772
3649
20
2
26
66
188
73
36
5
16
55447
74
59
98
9
27
18
38
1
6
12
162
37
3:1
2
9
1
11
2
755
14
182
16280
4654
3093
4413
5795
8793
247
1183
206
856
665
436
330
202
2:2
1
2:6
37
4
86
63
2:31
6
3
1
43
47
10
30302
1513
8491
64
176
100
725
1
46
263
85
202
277
9
57
18
41
103
47
55
30
273
375
50
19
17
38
14950
2067
9722
2:1
162
1
115
90
13
62
5
-488493
61
71
0
19
50
0
222
164
20
302
69
98
93
105
74
30
23
210
3
58
68
24
5
23
233
0
48
10
42
6
0
187
80
91
0
358
419
108
0
57
78
234
322
83
24
46
71
14
279
33
35
301
61
51
53
96
2
36
200
86
404
22
26
5
48
137
144
22
290
75
126
176
25
13
37
93
154
0
49
29
108
165
32
11
195
50
26
12
68
91
165
9
156
7
0
2
0
57
162
183
126
68
37
140
15
69
11
89
7
336
67
51
0
18
66
24
384
45
101
95
143
228
0
42
64
39
29
20
16
142
0
9
12
275
25
5
150
45
218
3
168
193
84
130
324
173
59
50
113
229
369
3
33
88
59
94
186
33
122
0
25
55
274
145
304
283
53
24
64
44
224
579
147
59
0
64
54
1
121
43
81
0
92
118
415
55
0
96
31
86
64
145
0
175
33
22
7
12
89
17
15
12
7
1
8
9
17
7
47
0
5
14
7
70
21
19
30
90
79
9
4
12
0
5
50
4
53
28
0
100
53
201
0
76
48
0
2
39
40
89
27
44
192
7
0
86
414
214
16
70
10
123
683
110
70
210
0
386
32
5
199
116
86
5
11
341
52
196
23
13
1
10
161
138
173
104
645
0
6
193
43
369
343
288
7
173
5
7
186
76
295
59
17
185
93
451
15
86
0
306
248
12
67
0
224
18
146
50
139
37
34
128
9
478
0
116
9
138
0
446
12
154
24
5
0
110
2:26
70
115
241
309
44
73
3
34
6
23
3
178
0
124
74
218
118
89
228
0
141
11
92
44
0
109
106
29
73
153
170
66
2
36
23
54
15
33
120
14
32
31383
66
12
0
83
70
79
84
48
69
55
41
7
0
15
0
1095
54
144
173
142
0
8
53
1
3
52
21
29
302
5565
3926
703
6292
3355
351
759
0
3633
383
8052
2463
6920
3926
1304
842
9435
5
29
2
2826
3373
2930
3146
0
5
3
17
2
5478
11418
91358
13098
1
5279
5973
0
41902
32
7
21
25
12
134
40
93
72
27
6677
0
571
2
0
2380
0
1380
25036
0
18596
724
0
7
9
314
105
52
92
1
13
0
30
17
4
2
66
675
7
42
9
1
26
77
0
7343
0
5520
12405
6596
10328
86
0
1016
2099
1
143
1682
4
0
3
9
8
29
112
2:11
13
0
24
17
3
43
23
31
5
15
9
5
38931
1449
140
96
72
0
18
79
462
103
110
292
241
27
277
5
250
0
15
103
0
109
135
0
180
26
0
235
14828
25
42
83
72
11819
13
31
67
19
51
10
36
72
29
45
11
1420143000
399:0
1
561:0
56
-1
-12
2486
-2492
17
-27
41
-41
14
8566
-8472
-121
110
1691
-1777
28
159
-166
-29
20
8
-42
21
809
-823
416
-405
124
-85
52
-104
-6
12
-5
-3
9
-1
28
1
-39
1
128
-107
417
-382
217
-258
-6
292
-130
368
-542
12
-3
-7
6
83
-92
10
78
-16
-67
-5
1159
-1132
253
-260
-12
98
-104
382
-370
342
-313
-38
163
-167
5
-4
114
28
-109
21
2
-58
47
-47
15
427
-368
12
427
-400
-59
104
-158
14
-8
319
-303
-15
5
6
50
-62
8
5
114
-42
803
-803
-87
52
8
42
286
-392
1
7
-2
152
-137
199
280
-444
6
-52
1506
-1509
-6
9
115516
-115501
6419
-6086
-358
40
-19
10
-29
131
-133
58
17
-75
4326
-4159
-148
-15
167
-164
488
-490
107
-63
-18
683
-706
9
-13
-3
105
62
-157
1935
-1904
-41
-1
64
504
18980
-8185
-11341
-16
3
86
-94
126
-116
130
-139
5
3059
-3061
-5
336
-168
40147
-40230
526
-604
11
-12
23
940
-715
-119
-103
-23
26
35024
-33395
-1640
46
-68
-2
29
2109
42701
-44807
3206
-3225
-11
6
330
-323
17
1377
785
6926
-9112
35
316
-306
-48
34
63
-84
2605
-2618
667
5996
-6282
-208
-169
2
34
-21
454
-437
154
-95
-89
122
1147
-1254
1751
-1744
-4
70
-63
268
-242
373
-288
-129
129
627
-730
376
-405
1545
198
1106
-2662
-188
72
-26
238
-226
-6
-64
30
-28
1090
-613
-473
46
4
-54
0
5367
-5284
52048
-52088
-31
-7
-9
8
95
216
387
-705
7250
-7248
-1
101
185
-285
24
-9
-16
1836
-991
-841
24
13
-33
45
-54
149
-146
6
39
214
-258
31
-30
270
-275
23
932
-742
-106
-74
-31
34
-25
-9
103
-21
4147
-4204
-13
-9
-5
148
-140
12
-12
92
-101
46
-19
-24
0
12
555
-553
70
-72
-13
26
-21
246
28922
-24584
-4396
82
813
-1084
16
83
65
51
-196
287
1034
-1334
213
-52
-123
137
2618
-1329
15624
-17083
109
-126
2
80
-57
-16
4
138
-111
329
-314
18
-72
1721
-1474
1695
-1942
380
-338
-23
680
-683
-28
10
-13
0
7
-6
0
11
2:-3
-6
9
-4
-5
2
-1
0
1
-2
1
10
-11
0
3
-2
-1
0
2
6
-6
-1
0
2
-1
6
0
-6
-2
1
2:0
8
2
-8
7
-8
5
2
-5
0
-2
2:-1
3
2
-3
0
7
-7
2
-1
10
-12
12
-10
-1
5
-7
2:1
6
2:-1
0
-5
1
-1
3
0
5
-9
7
-5
1
-2
0
1
2
-4
2
1
-3
2:6
-11
0
2:2
-3
7
-8
11
-3
-7
8
-8
-1
0
2
0
10
2:-6
0
5
-5
0
12
-4
-7
-2
3
1
2:0
9
-11
0
11
-4
-9
0
2
1
-3
5
-3
0
-1
2
1
-4
3
-1
0
8
-8
-2
1
8
-8
-1
6
2:-3
2
11
-7
-4
-1
0
-1
0
6
-2
-3
2
8
2:-5
2
6
-9
1
8
2:-1
-3
9
-9
3
-2
-1
-2
4
2:-3
0
2
0
-2
1
-1
2:0
9
-9
6
-4
1
0
-1
2:0
-1
1
0
10
-9
1
0
-1
8
-10
1
0
2
-2
2:1
6
-1
-9
0
6
-4
0
1
5
0
2:-3
1
-2
0
7
-1
-6
0
10
-4
1
-7
5
2
2:0
-5
3
0
-5
0
11
-3
-8
9
-9
0
-1
2:1
-2
12
-3
-7
1
0
-2
10
2:-3
1
2:-3
6
-5
10
-10
2:0
2
1
-3
12
-10
9
-11
-1
2
9
-8
-3
3
-3
10
-6
4
-6
-2
0
7
-4
9
-11
0
2
-1
2
5
-9
2
5
-1
0
-5
0
-1
13
-13
0
1
6
-2
-5
9
-1
-2
-5
2
-1
1
-3
5
-2
6
-8
6
-2
-1
-2
3
-1
8
-10
-1
0
-1
3
2
-5
3
5
-8
2:0
12
-12
6
2
-6
0
8
2:-4
-1
1
0
3
-1
6
-1
-2
-7
0
1
2
-1
9
-8
6
-6
5
2:0
-7
0
1
4
-5
3
-4
0
2
3
-5
1
0
6
5
2:-4
-3
8
-9
2:2
-1
0
9
-11
-1
6
-3
0
-1
5
-7
2
7
3
-7
-5
2
7
-1
-8
2
5
3
-7
-2
11
-8
-2
2
-4
2:0
6
-2
-4
2:6
-6
7
-3
1
-8
-3
0
7
-3
0
3
1
-6
-2
0
8
-4
0
3
-5
7
-8
11
-9
2
0
-1
8
-10
2
6
-8
9
-10
2
1
-3
4
0
-1
-4
0
2
3
-5
3
2:4
-8
-1
7
2
-9
-1
0
6
-5
4
-3
-2
4
-4
2
0
2:1
0
-3
-1
4
-3
-1
4
5
-10
0
1
3
0
1
2
-2
3
-7
-1
3
-2
3
6
-9
3
2
-6
4
0
-3
2:0
1
-1
0
9
-5
-2
6
-6
10
-13
1
-1
0
1
2:0
4
-2
4
3
-7
3
-2
2
6
-5
-2
2
-3
4
-3
118
-119
0
10
8
-17
18
-17
2:-1
45
-45
3
-3
13
-11
-2
0
9
-9
1
0
-1
0
1
-1
3
-3
1
0
6
-7
16
-16
7
-7
3
-3
2:0
1
26
-27
0
2
-1
6
-6
1
0
6
-7
0
1
18
-19
5
-3
-2
2:0
14
-14
14
-15
3
1
2:-2
0
5
-5
2:1
8
-9
4
-5
2
44
-37
-8
-1
0
2
88
-85
0
-3
45
-44
10
-13
5
0
-2
-3
3
17
11
7
-29
-9
7
-6
11
3
-12
5
-6
6
8
-14
14
-2
-7
-2
-3
75
-77
0
5
1811
-1814
123
-89
-33
4
0
-1
0
-4
2:0
19
-20
-1
14
-7
-1
21
-17
27
-34
-2
17
-12
15
-15
-3
2
-3
19
7
-24
19
-19
1
-2
5
-5
701
-544
-155
-5
0
1
2
10
-8
-1
1
-1
78
-74
-6
36
-37
480
-480
49
-47
-2
10
-4
19
-23
46
-43
-5
5
197
33
-227
-7
3
1
-4
18
929
-938
113
-123
2
-1
22
-20
25
88
-97
1019
-1039
14
-7
10
-16
0
8
0
180
-189
9
202
-196
-1
-6
0
2:-3
56
-57
51
-36
-16
50
206
-241
42
-51
1
13
-8
42
-46
-2
2:-3
32
-4
-28
42
-42
80
-25
57
-101
-6
-5
0
9
17
20
-40
-1
-5
2:0
4
0
-4
0
7
-3
1
320
-325
1
4
-3
1
27
-30
20
-18
696
-697
-1
0
16
-13
-3
3
2
9
67
-76
-1
17
-21
16
2:-8
10
-8
16
-6
-1
13
-13
15
-21
9
98
-59
-36
-12
-2
3
-2
1
2:5
-4
-11
4
2
-4
10
-12
8
-5
5
-8
5
-1
-2
2:1
-3
-1
6
-6
1
6
-7
98
636
-550
-171
-7
232
-235
0
16
18
-18
-15
42
137
-180
10
4
2:-2
23
259
390
-685
37
-28
-9
18
-15
0
15
-11
11
18
-36
2:3
21
-20
21
-28
26
-19
2
44
-50
-3
3:0
1
-1
0
1
-1
5:0
1
-1
21:0
1
-1
20:0
1
-1
2
-2
2:0
2
-2
3:0
1
4
-5
1
-1
4:0
1
-1
0
2
-2
9:0
2
-2
6:0
1
-1
5:0
1
3:0
-1
0
1
-1
2:0
2
-2
5:0
2
-2
5:0
2
-2
8:0
2
-2
12:0
1
-1
5:0
1
-1
0
2
2:-1
2:0
2
-2
0
1
2:0
-1
1
-1
1
-1
7:0
1
-1
4:0
3
-3
3
-2
-1
5:0
1
-1
3
-3
5
0
-4
0
-1
3:0
1
0
-1
2
-2
3:0
1
-1
1
-1
2:0
3
-3
6:0
1
-1
2
-2
1
-1
5:0
1
0
2
-2
-1
3
-3
5:0
5
-5
2:0
2
-2
1
0
-1
2
1
-3
1
-1
7:0
1
-1
3
-3
2:0
1
-1
3:0
2
-2
2
-2
2:0
2
2:-1
3:0
2:1
2:-1
1
-1
0
2
-2
6:0
1
-1
0
3
0
-2
-1
1
-1
4:0
1
-1
3
-1
-2
0
2
0
4
-6
6:0
3
0
-3
2:0
4
-4
2
2:-1
2:0
1
-1
2
-2
0
2
-2
2:0
4
-4
0
1
-1
0
1
-1
1
-1
2
2:0
-2
2:0
2
-2
8:0
1
-1
1
-1
0
3
-3
10:0
1
2:0
-1
1
2
-3
2:0
4
0
-4
2
-1
3
-4
0
1
2
-3
1
-1
6:0
2
-2
1
-1
4
-3
-1
10:0
1
0
1
-2
8
-8
2
-2
1
-1
0
2
-2
2:1
-2
15
-13
-2
8:0
1
-1
0
2
-1
1
-2
1
2
-3
2:0
2
-2
1
-1
3:0
3
0
-3
0
2
-2
4:0
2
2:-1
5:0
1
0
1
-2
2:0
1
-1
2:0
1
0
-1
8:0
1
0
-1
13:0
1
-1
end
