v1
922
210
42
45
172
242
32
30
456
31
21
187
8
4
118
42
443
141
47
126
237
0
39
19
56
22
127
240
314
7
106
121
48
207
7
288
432
15
133
152
159
117
13
32
72
8
267
154
98
88
65
46
34
67
228
75
31
194
22
86
32
126
0
41
178
279
116
95
140
43
0
61
55
16
71
14
54
345
21
33
102
66
53
109
9
19
349
37
148
176
42
44
374
83
75
93
287
0
158
212
55
488
35
108
19
170
0
134
16
106
372
147
295
99
240
69
0
8
49
152
125
99
196
343
128
7
104
115
147
260
69
95
254
27
121
32
203
77
108
224
7
158
40
196
275
16
33
10
169
17
268
76
203
85
286
8
59
75
270
175
6
26
30
28
17
6
32
35
8
12
7
19
23
8
46
2
17
128
2
4
13
105
50
14
2:9
10
52
12
40
5
2:14
50
30
5
30
38
3
16
55
91
88
38
28
447
78
95
345
160
35
127
92
110
304
0
10
33
6
111
5
104
159
75
121
141
85
101
41
87
111
61
146
5
282
129
0
312
299
10
5
33
66
17
299
41
309
114
93
12
184
1
40
758
189
3
7
102
71
217
172
33
17
6
109
2
24
42
208
93
1
75
18
32
182
139
322
12
77
229
11
0
12
7
26
221
33
29
51
96
10
40
6
80
53
75
38
88
7
8
147
30
10
2
0
281
110
12
435
87
29
46
2
81
20
182
2
8
306
0
101
0
37
175
34
36
121
8
11
32
112
251
89
100
54
47
53
8
89
38
20
2
0
86
153
59
5
20
3
10
94
89
5
37
114
54
154
17
25
100
107
2
92
63
155
34
123
31370
5
6
2
14
9
0
43
152
9
33
50
3
14
30
85
88
36
40
1
7
1
111
36
8
22
1152
68
111
71
166
15
3
47
9
3301
2211
328
1553
3073
2067
10095
706
15
2650
4766
4989
1623
5300
7
2991
436
489
872
2652
2
8082
9
1
4
0
38
3665
943
15
1533
2930
0
3147
7
9
2
6
2
0
1425
3523
116404
1
3543
1
7716
25
26
47
9417
32395
16
10
18
4
92
32
29
54
2:73
36
2:5
11
54631
731
50
102
0
66
33
65
7
2
27
18
39
0
6
12
1
161
27
10
3:1
2
8
2:1
11
2
30
21
682
36
16462
4654
3093
10208
3251
4729
575
238
1430
873
88
0
101
665
436
532
2
1
2
6
5
1
0
10
31
86
54
9
0
31
1
5
29
2
3
1
90
4
5
1
31815
8491
64
176
76
24
89
636
1
46
41
209
13
85
202
135
142
9
24
33
18
41
6
97
47
31
5
6
4
9
30
273
444
17
38
14802
225
1990
9722
2:1
149
0
13
1
101
14
18
10
7
25
30
13
29
23
10
5
23
7
30
-488492
26
339
250
219
114
33
581
49
92
5
49
84
86
28
112
437
44
161
94
65
215
245
88
0
752
7
10
302
402
62
92
6
102
89
0
100
573
27
364
538
0
51
42
24
204
8
150
562
265
321
165
341
441
146
122
142
176
142
0
213
71
63
0
12
676
463
203
0
53
348
178
711
333
151
255
0
402
0
3
360
14
30
454
49
0
90
34
335
1130
262
272
6
350
505
19
5
374
139
2
41
0
148
51
104
0
17
60
182
103
182
246
0
307
201
46
3
297
232
357
2
0
838
432
86
0
166
251
393
202
116
345
443
0
405
13
71
111
308
31
120
253
0
281
0
192
143
0
105
81
88
157
214
42
40
142
89
0
268
592
35
9
19
0
263
204
102
219
47
243
335
833
142
298
306
0
268
35
8
108
485
5
49
70
110
472
11
28
85
16
0
98
0
11
0
90
42
48
24
103
16
85
27
11
2:55
97
118
27
1
31399
0
10
166
438
33
0
92
1198
162
0
218
9895
10350
5125
8053
2466
790
6127
3
2182
0
3880
0
1382
19
8046
29
2828
1859
3430
4160
0
126659
5982
0
101
0
12078
0
29776
24
4
7
221
27
19
55481
346
53
165
807
0
89
3
64
6
0
63
7825
10815
6565
3879
15017
1229
0
3
1829
27
2:71
1
0
20
4
0
38
0
35
14
59
31845
8269
0
315
0
216
90
153
800
0
243
91
264
0
38
7
260
217
0
139
144
0
148
0
117
59
15021
1975
10011
6
130
1420686000
599:0
1
321:0
5
13
12
-24
3
6
-11
94
-93
36
-1
-30
6
-6
33
4579
-4612
7
-5
-6
0
3
129
563
-664
33
-62
34
-37
0
5
3
-3
-5
55
17
-63
-10
93
-92
0
-1
12
9
-16
2:3
-5
127
-132
18
-19
12
-2
-7
23
56
-58
-16
19
-25
0
1275
-1276
0
31
-2
-29
6
0
-3
0
-3
16
-17
1
3
534
-525
-8
-5
513
-503
24
136
-169
0
68
-68
-1
6
2
-2
23
-20
-2
0
-1
-4
6
-6
40
-28
-14
2
0
11
5
-17
186
-180
63
-67
491
-453
4
-44
51
-52
7
-6
2
13
5
49
-56
-12
12
330
-338
36
-37
4
79
-61
-18
2
-10
10
710
-713
-4
202
58
-122
-137
21
-25
1
0
421
-423
2
28
125
-125
-26
33
-34
6
-4
18
-22
19
-2
108
-125
5
-3
1
4
2
149
-148
-3
-8
1
25
91
-116
101
-99
0
-2
440
-432
-6
132
-129
23
-4
23
37
2
-55
198
-225
9
12
-14
3
-15
6
248
-62
-189
34
69
450
-556
3
24
304
-329
0
106993
-106988
12967
-12972
212
-201
-7
55
-5
133
-170
-10
85
-37
-35
83
-75
-21
31
-39
1
23
80
-83
-3
784
-604
-196
80
341
-415
10
8
2:-9
-3
-5
114
-28
-83
1
254
-219
-39
942
-941
1
88
-62
21
-49
7
-2
-3
16361
-14760
-1604
165
-156
-9
12
-12
1
-1
1
2
150
-133
-6
93
-62
-40
46
-51
10
5
-8
23
-26
1635
-1638
1100
-1089
121
19138
-18834
-429
1
-2
115
433
-551
18
-16
-6
0
1
112
-21
-92
435
-434
1
3:0
103
-31
121532
-121382
-220
7638
-6995
-588
88
-146
43
75
33133
-33159
-83
2256
-2266
26
66
-90
0
339
-331
46
1323
-1326
3824
-3866
-11
8656
-8314
-342
27
2
-23
75
-77
22
-22
4
128
-121
5
3530
-3541
644
5253
-5903
8
140
-19
-102
-21
-9
12
-1
1
0
-11
188
-189
280
-279
23
-23
25
-23
167
1185
-1256
608
-673
-20
96
-70
261
-297
26
16
-43
171
-6
1407
-1306
-263
1240
-1245
6
628
11613
-12223
-14
222
-233
33
70
-7
-95
34
178
-143
-58
-8
8
-10
0
7
11
54
-26
-48
18
-3
-11
5
21
24744
-24761
-11
2
9
14
40
-66
10
179
-187
297
-294
90
6122
-6215
6
16
29
2154
-2206
2
0
12
0
-14
217
619
-825
3059
-3039
-22
-7
13
1
5
3516
-3433
-76
-29
55
-47
25
10
52
35
-130
97
182
-200
62
-139
20
2080
-2070
181
-142
7320
-7391
2325
-2307
15
12
-8
40
75
-141
-11
83
645
-728
60
-61
2
0
55
-46
67
-8
-13
-37
-5
-1
-5
-7
-2
13
3859
-3818
593
-645
0
27
2919
-2939
-8
547
22069
-14953
-7646
-16
20
2628
-2650
235
-34
100
-233
-47
-16
151
3902
-4036
45
-63
22
139
-147
-18
241
2565
-2766
952
6165
-7087
-42
182
-200
4
6
-12
27
-22
-2
2:11
-5
216
-237
1578
-1518
-26
1429
-1207
-259
-3
2087
-2056
-12
221
-68
-139
-30
4
370
-344
-34
2
1013
-1004
29
-38
1
-7
1
2
0
-3
3
3:-1
0
3
2:0
-2
1
3:0
2:-1
1
2
-2
0
-1
1
-1
0
3
-3
1
-1
4
-4
1
2:0
3
-3
4:0
1
0
-2
0
4
0
-4
3
0
-1
1
-3
2
-2
2:1
0
1
-2
-1
2:1
-1
2
-1
0
-2
2
-2
2:0
4
-3
4:0
-1
3
-2
1
-1
2:0
-1
2
0
1
0
-1
2
-4
1
0
2
-2
3:0
2
0
-2
1
-2
3
-3
0
1
2:0
2
-1
1
-1
2:1
-4
1
0
1
-1
2:0
2
0
-3
3
2:0
-1
0
-2
3:1
-2
0
-1
1
-1
1
0
2
-1
0
1
0
-3
3:1
-3
4
-3
0
2
-3
3
1
-2
0
-2
4
-4
3
-3
2:0
1
-1
1
3:0
1
-2
1
2
-1
-2
4
-4
2
2:1
-4
1
0
-1
2
-1
0
-1
3
0
-2
0
2
0
-2
-1
1
0
2
2:-1
1
2:0
1
0
-2
2:0
-1
2
-1
0
-1
2
-2
4
-1
3:0
1
-4
1
3:0
1
-2
3
0
2:-1
1
0
-1
1
0
-1
0
2
-3
3:1
-3
0
3
-1
-2
0
2:1
-2
1
-1
1
2
-1
2:0
-2
1
3
-2
1
-1
0
1
-1
-2
2
3:0
-2
2
0
-1
0
-1
2:0
4
-3
0
1
0
1
-2
0
-1
3
-3
0
1
-1
2
0
-2
1
0
2
-2
3:0
2:1
-3
2
-2
0
4
1
0
10
-10
0
1
-1
3
-3
2
0
-2
0
1
-1
122
-122
1
0
-1
2:0
10
4
-1
-13
2
0
27
-29
4:0
10
-9
-1
0
6
-6
2:0
2
1
-3
1
-1
3:0
3
-3
3
0
-2
2
0
-3
0
2
1
0
7
-10
0
7
-7
1
4
0
-5
0
2:1
2:-1
2
1
-3
1
-1
3:0
8
-7
0
3
-4
0
3
-3
0
5
-3
2:0
-2
1
-1
0
5
-3
-2
1
0
10
-11
0
12
-12
8
-8
16
-14
0
-2
2:0
1
-1
0
1
-1
4
-4
0
2
-2
2
4
-5
1
-2
0
5
-4
0
2
7
-9
-1
42
-20
-21
-1
2
2:-1
3:0
1
0
95
-95
-1
1
-1
6
-6
7
-7
1
2
32
-35
6
-4
-1
0
3
6
2
-9
-3
0
5
15
-19
27
-28
2:0
31
-31
1
6
-5
5
-5
-2
13
-9
-3
18
-19
2:1
3
-5
2:0
17
1
-18
2:3
-6
2:0
3
53
-49
0
1512
-1519
85
-85
40
-36
-3
2
6
-4
-1
0
-4
0
1
25
-21
-4
13
-11
0
3
14
-17
1
138
-140
-1
10
7
-17
4
-5
2
0
-2
2
25
-27
0
1
28
-26
-2
16
-17
1
7
-1
4
-11
2:1
-2
632
-555
-76
7
-8
3:0
3
-3
5:0
9
3:-2
-1
-2
2
0
4
-4
75
-76
29
-21
-7
292
-294
4
15
0
-16
53
-56
3
-3
2:0
1
12
-3
-9
27
-26
-2
0
2:1
20
-14
0
7
-13
156
-9
-137
-12
4
-3
14
659
-646
-26
152
-154
2
7
-9
0
17
-16
37
57
-90
662
-667
2
8
89
-97
7
6
-14
-1
0
3
-3
1
8
-6
4
132
-137
1
208
-211
0
14
-4
-1
-5
-3
5
-4
-1
4
-5
23
-23
58
-57
3
-3
2
-3
34
141
-165
32
-37
-4
11
-2
46
-55
5
1
-7
2
31
-4
-9
-18
44
-46
1
63
7
-65
-5
11
-12
0
2:2
-4
0
17
31
-48
7
-5
-2
2:0
4
1
-3
-1
2:0
-1
1
2
222
-222
2:0
3
2:-2
0
1
28
-31
0
1
16
772
-788
1
-2
4
12
-16
0
2:1
-1
2:3
59
-64
-2
3
-1
1
-2
0
1
-1
13
-7
-3
-2
1
10
1
5
-8
-11
30
-19
2:0
-11
3
73
-72
22
-15
4
-15
2:0
2:1
4
6
2:-4
-3
6
0
-6
8
-8
-1
0
7
-2
1
6
-10
0
2
-2
-1
1
0
1
8
-10
0
-1
0
9
-8
2:0
116
996
-241
-868
-4
3
378
-379
2:12
-13
-12
2:0
36
157
-191
1
-4
7
2:3
-12
22
21
-44
167
60
-222
-5
38
-34
-1
-3
2
3
-3
3
-3
1
14
-6
-11
5
0
-2
20
-11
-12
0
47
-45
-1
23
-22
-2
2
-2
10
0
-10
1
56
-56
-1
14:0
1
-1
2:0
1
-1
2:0
1
-1
26:0
1
-1
2
-2
1
-1
10:0
1
-1
4:0
1
-1
2:0
1
-1
5:0
1
-1
3:0
1
-1
3:0
1
-1
1
-1
0
1
0
-1
5:0
1
0
-1
6:0
1
-1
5:0
1
0
-1
4:0
1
-1
5
-5
21:0
1
0
-1
1
-1
0
1
-1
2:0
1
0
-1
2
-2
2
-2
10:0
1
-1
6:0
2
-2
11:0
3
-3
8:0
1
0
-1
8:0
1
2:0
-1
0
2
-2
9:0
2
0
-2
1
-1
0
1
-1
7:0
1
-1
4:0
1
-1
0
4
1
-5
14:0
2
2:-1
1
0
-1
7:0
2
-2
3:0
1
-1
4:0
1
-1
14:0
2
-2
2:0
end
