v1
854
732
11
486
52
139
48
432
64
102
17
51
28
62
241
221
6
56
22
28
614
39
7
165
32
78
230
199
49
24
732
44
277
204
594
283
142
10
105
89
41
99
128
39
182
319
72
235
53
122
505
135
31
58
148
19
349
185
262
194
63
79
86
110
178
202
166
44
126
227
110
275
259
33
5
25
109
16
97
241
140
442
59
58
189
33
69
11
46
31
884
29
896
281
7
114
406
245
394
275
16
93
64
219
197
46
131
111
221
73
59
26
189
130
207
1
74
6
13
19
25
18
38
6
16
1
8
65
130
4
118
73
9
1
11
8
54
45
14
64
30
5
30
57
38
17
127
118
74
102
27
0
178
45
21
78
95
120
225
0
211
203
110
98
206
10
39
116
214
70
54
121
35
106
85
74
27
41
198
61
146
102
185
129
0
312
299
10
5
33
83
70
229
41
291
18
207
12
175
12
38
758
199
102
83
186
76
115
50
6
111
24
82
168
5
88
1
75
50
477
178
77
229
19
12
246
33
29
51
196
16
9
1
10
128
19
3
104
7
8
147
40
48
235
110
447
265
184
245
167
215
191
8
11
32
68
33
11
251
89
100
54
47
61
147
88
112
41
59
5
20
3
10
89
94
5
257
244
68
1
40
92
46
17
155
34
92
31
31370
5
22
9
43
161
33
53
11
33
154
19
0
76
66
54
36
8
22
1152
68
72
39
71
166
18
47
9
2953
348
2211
328
1553
5140
10816
2650
4766
4992
790
830
8298
4449
6
8086
1
2826
882
943
15
2466
1997
13
3133
1
7
9
2
5
1
2
1425
20
3503
11948
91357
13099
3544
1
7716
25
67
6
9417
32379
32
10
22
33
120
10
44
37
36
20
89
5
54647
731
50
35
8
66
0
59
98
9
27
18
39
6
12
1
52
46
63
2
25
10
3:1
2
8
2:1
11
2
726
43
3627
12835
4654
3093
1178
3879
5151
3257
4637
86
575
238
247
1183
873
189
665
766
202
5
6
43
4
86
59
4
31
9
28
2
2:1
43
47
9
1
30302
9782
222
64
176
69
31
138
587
1
46
41
222
85
202
24
238
15
9
2
26
19
10
18
14
27
103
102
30
273
338
37
50
18
1
17
15
23
14802
153
72
1977
13
9722
2:1
162
67
35
14
18
36
1
35
13
7
55
5
-488627
0
67
173
45
142
114
488
274
29
52
2:38
22
0
211
2
0
29
28
57
89
28
13
0
446
129
0
390
159
0
356
251
269
0
413
0
11
7
285
5
124
301
61
92
87
21
457
340
0
260
566
9
110
95
140
8
530
61
108
68
0
8
0
227
0
10
4
130
163
75
321
0
65
169
0
158
54
159
428
0
241
376
12
827
7
5
95
306
496
7
53
365
471
451
33
15
321
0
36
241
186
235
4
0
12
14
577
71
311
70
356
99
26
0
153
229
9
191
18
10
169
0
10
252
0
23
560
90
112
0
177
298
6
68
29
97
7
26
70
5
117
30
3
125
135
89
28
14
107
30
58
374
104
192
93
142
389
183
10
583
36
187
222
537
54
73
247
53
0
260
0
320
100
130
131
5
0
466
451
85
79
126
990
185
17
231
0
81
177
41
2
321
389
110
3
12
303
0
309
23
0
326
146
50
12
240
19
43
24
123
427
33
623
0
83
202
0
10
52
195
160
113
0
19
96
0
54
221
89
152
95
17
12
242
28
22
6
97
104
345
35
10
117
118
311
0
50
15
27
35
2:25
16
95
128
153
31607
0
44
9
59
65
39
25
188
7
127
0
983
12
368
80
79
8
150
18804
1322
0
14058
12429
11581
27
0
2821
1873
1514
1916
6654
3011
115875
11362
41852
2
0
23
260
72
11056
44312
23
61
0
47
243
62
23
163
2
64
110
695
23
4
73
7888
2
0
7315
0
4069
25123
1140
0
1681
15
19
71
82
23
29
0
28
0
61
43
31821
8890
101
906
39
0
688
81
31
10
5
75
28
15513
12099
134
167
0
1420483800
499:0
1
353:0
6
67
-67
2:7
18
67
943
-993
8387
-8437
15
-15
1145
-1144
208
672
-831
294
-296
-33
-8
19
-21
58
-61
22
-24
172
61
-179
-51
5
36
-19
-12
28
-41
25
-18
10
-16
50
-43
-1
2
-3
169
-175
299
-130
-158
-12
14
1728
-1739
26
5
-11
-7
-2
-11
0
1
7
-9
5
384
-384
16
6
-13
174
-167
-21
13
30
-45
5
488
-352
153
-282
-7
450
-438
-10
21
-23
138
-129
52
-29
-37
2
15
242
743
-870
-88
-38
1
-2
369
-373
60
-52
-2
150
-152
50
-50
27
-20
8
-9
-3
172
95
-273
20
-8
-13
4
-4
37
-35
16
133
-104
22
288
-353
-3
110637
-110568
-60
-3
110
-86
21
865
-912
4
18
-15
68
-78
0
9
0
-11
0
213
-204
161
-95
-64
0
-12
4
313
-295
-19
120131
-110555
-9330
-239
-9
43
-26
-13
47
-35
-13
8
228
-230
47
110
-156
47
-46
0
-9
101
-101
6
419
-352
-43
82
555
1197
-1866
8
1
-10
1
612
-499
-113
492
-480
-10
-1
1243
-1233
369
30
-406
0
-4
1
0
20550
-7922
-12557
-73
10
-9
2
143
-143
101
-95
-1
5
4
80
-96
7
9
2349
-2364
3
2079
-2080
63
69044
-69110
3
0
788
-782
0
328
-148
1918
-2046
-10
6491
-6098
-331
-109
7
23
-27
71
1635
75456
-77157
4854
-4832
462
-496
10
74
1431
-1123
5690
-6081
2
45
20
-65
17
-8
6
-18
28
-28
19
-7
1308
-1320
19
695
5123
-5674
153
-315
2:3
55
-63
314
-311
179
12
-175
-4
1576
-190
-1343
2408
-1817
-604
39
-20
670
-546
-181
-1
22
-27
28
1346
1547
-443
-1607
-169
412
-1025
-73
98
-114
331
-271
-48
-10
-2
0
30
-26
-5
17
-16
-1
19
5246
-5253
81
40322
-40404
-6
-1
14
-17
2:0
5
11
-13
2530
-2532
283
-268
102
7405
-7523
2
66
186
-233
-20
31
-16
-9
-2
-6
1351
270
-1615
-5
53
-10
-43
44
-6
30
104
-162
153
-158
65
67
-108
47
-75
5
71
-51
-12
21
-8
-23
1
546
-435
74
-83
1024
-1125
-3
2
-1
37
-22
126
-109
-35
44
-43
189
-154
57
-94
-1
139
-138
41
-31
25
40
-62
2
-15
125
-92
-28
-3
25
-27
228
-227
32270
-29788
-2210
-266
12
822
-842
1
64
2409
-2422
-38
-5
-8
142
556
-689
8
50
-10
-19
22
-55
160
962
-1125
6
4
455
13390
-13857
27
109
534
-638
-6
-20
-7
19
23
92
-103
-30
328
-328
8
-8
2
75
-67
2180
-2081
258
-231
-103
315
-347
0
7
128
-133
16
773
-764
-32
0
-1
2:1
-2
3
-3
1
-1
2
-2
1
2:0
1
-2
0
1
0
-1
2:0
1
0
2
-3
0
3
-1
0
-1
3
-2
0
-1
0
1
-1
2
1
3:-1
0
-1
2
2:-1
0
2
-1
0
-1
0
4
-2
-1
3
-1
-3
5:0
3:1
-3
1
2:0
1
2:0
2:-1
2
-2
0
3
-3
1
0
2
-2
3
-3
2
-2
2
2:-1
2
-3
2
-2
0
2
-2
1
2
-3
3:0
1
0
-1
3
1
-1
-3
0
2:1
2
-3
3
-2
3:0
-2
0
2
-1
3
-2
2:0
2
-1
-2
-1
2
-1
3:0
3
-1
-3
1
2
-3
3
-3
4
-3
2
-3
3:1
-3
1
0
3
-1
0
-2
-1
2:1
-1
3:0
-1
0
3
-1
2
-4
1
2:0
1
0
2:-1
3
-3
3
-2
0
3
-2
2
-2
1
-3
3
1
-3
2:0
1
-1
0
-1
2
1
-3
3
1
-3
1
2:-1
3
-1
0
1
-2
0
2
2:-1
3:0
-1
2
0
2
-4
1
2
-2
0
2
-2
-1
1
2
-2
-1
2
1
-1
0
2
-4
0
2
-1
1
0
-1
3
-1
0
-2
2
-3
0
2
-1
2:1
-3
0
3
-1
-2
0
3
-2
3
-1
-2
1
2:-1
2
0
-1
2
-1
-2
0
4
-3
0
-1
0
3
-3
3
-2
-1
0
3
1
-1
1
-2
2:-1
0
3
0
-2
2
-1
2:0
-1
2
-2
-1
4
-3
1
0
-1
2:0
3
-2
0
1
-1
-2
0
3
-3
2:0
2
0
-1
3:1
-3
1
-1
0
-1
3
-2
0
2:1
-3
1
2
-3
1
0
2:1
-1
2:1
2:-1
6
-6
113
-113
1
0
-1
0
6
-2
14
-13
-4
1
42
-42
-2
0
1
-1
0
15
-2
-13
1
0
2
-2
-1
10
-10
2:0
2
-2
9
-9
1
0
1
-2
1
0
2
-2
-1
0
36
-35
1
2
-4
4
-4
1
0
2
-3
2:0
1
-1
5
3
-6
0
2:-1
3
-3
0
1
3
12
-15
-1
0
24
-21
-3
3
-3
5
-4
8
-3
-6
2:0
5
27
-24
-6
-1
2
-2
-1
2:0
3
-3
92
-91
-1
2:1
-1
4
-4
-1
0
32
-32
10
2:-5
1
-1
6
-6
3
16
4
-19
19
-23
0
8
0
-5
0
6
-7
-2
12
-9
-2
0
1
9
-9
-2
2
0
-2
0
14
-12
7
-6
-1
0
-2
1
63
-62
2
1739
-1635
-78
-30
2
1
0
-2
3
1
-5
6
2:-3
15
-13
0
7
-3
0
-5
16
-17
2
31
-31
7
-7
25
-27
2
-2
7
-4
-2
4
8
-13
38
-38
1
-1
16
-14
2
4
-8
2
-2
0
1
543
-367
-172
-5
2:2
-1
-2
0
6
-5
2:0
-2
3:0
4
76
-74
-6
32
-30
1
510
-512
-1
6
46
-51
0
25
-25
5
6
-8
186
-44
-142
-4
2:0
2
-2
18
890
-903
90
-92
14
-17
4
30
65
-85
701
-715
0
6
-3
1
-3
-1
10
-8
2
-2
3
0
130
-133
0
2
207
-198
5
-16
0
-2
5
-5
29
-29
41
0
-37
-3
44
150
-182
39
-38
-11
-3
12
-1
33
-43
2:0
-1
3
27
0
35
-12
-14
58
-87
-6
2:-2
2:10
-16
-3
4
-4
1
2:-1
7
-7
1
2
-2
2:1
329
-332
2
-1
2
-3
1
3:0
1
26
-28
2:0
15
510
-524
0
2
8
-8
-1
-2
3
-3
1
-1
14
59
-71
0
2
-1
-3
22
0
-18
3
1
-7
1
10
-4
1
-8
-1
0
21
-21
3
6
2
-9
5
68
-71
29
-21
-6
-4
11
-12
3
5
2:-1
-3
-4
3
-3
1
5
-4
-2
0
13
-10
4
-5
-2
12
-7
-3
-1
5
-5
2:0
5
-6
59
-57
873
-749
-119
-4
-1
139
-141
0
6
11
-5
-10
-2
2
38
80
-120
2
5
7
-2
-10
-2
10
28
-35
-3
0
209
419
-628
2
40
-41
22
-22
-1
1
7
-7
8
10
-19
31
-31
1
-1
2
3
-2
30
-25
11
-18
0
20
-21
2:0
6
-5
0
45
-44
-2
3:0
1
-1
0
2
-2
4:0
1
0
-1
9:0
1
-1
6:0
1
0
-1
4:0
2:1
-2
8:0
2
-2
5:0
1
-1
30:0
1
-1
15:0
1
-1
2:0
1
-1
8:0
1
0
-1
2:0
1
-1
3:0
1
-1
1
0
-1
2
2:-1
6
-6
0
1
-1
1
-1
9:0
1
-1
2:0
1
-1
15:0
1
0
-1
2:1
-2
0
1
-1
1
-1
0
1
0
-1
1
-1
14:0
1
-1
6:0
1
-1
0
2
-2
7:0
1
-1
0
1
0
-1
2
-2
6:0
2
-2
0
2
-2
7:0
2
-2
0
1
-1
11:0
1
-1
6:0
2
0
-2
2
-2
2:0
1
-1
2:0
1
-1
0
1
-1
2:0
1
3:0
-1
4:0
6
-6
16:0
1
0
-1
0
2
-2
8:0
1
0
-1
0
2
0
-2
2
2:-1
1
-1
0
1
-1
1
-1
0
end
