v1
987
2083
665
1192
727
2355
1879
1132
912
1485
833
126
2893
394
864
582
134
590
511
262
357
1379
110
314
39
116
827
1480
423
2272
56
135
344
75
1401
179
181
126
162
433
896
452
245
129
11
584
54
108
235
217
23
946
206
64
31429
5
235
130
369
36
30
1152
179
5823
328
1553
5140
10816
2650
4766
14910
20657
4161
18
6
132640
9490
32832
5
55701
308
46260
2142
3
1
25
74
1
41371
1
882
57
18
227
821
17017
9723
163
116
16
149
-488424
42
45
142
100
30
15
159
486
52
115
24
5
9
0
25
9
422
74
84
78
8
28
235
210
27
58
17
46
15
28
378
236
19
27
12
212
265
16
102
5
92
73
140
307
285
130
29
32
130
70
2
132
594
53
48
0
182
46
106
149
45
16
143
14
294
13
5
7
141
180
67
70
165
53
51
61
81
15
27
212
180
0
135
23
8
35
16
155
231
69
10
53
37
141
12
20
56
20
80
12
208
123
36
239
31
304
146
65
44
129
31
110
83
110
87
168
20
259
33
5
134
16
74
375
29
149
239
54
198
177
29
4
43
451
15
120
237
106
67
6
62
104
0
30
52
14
166
55
30
20
92
132
95
24
257
7
1
20
16
29
21
27
194
41
55
22
108
49
156
19
305
353
18
16
15
142
65
528
0
111
44
5
349
5
172
0
101
137
56
10
26
1
29
12
33
6
19
31
7
10
8
3:4
5
2
16
3
6
11
13
1
46
2
3
14
6
1
123
3
1
13
90
15
73
75
8
40
5
2:14
3
1
25
21
30
20
18
35
3
16
38
17
0
14
0
39
74
11
115
77
2
24
65
71
192
8
78
46
49
120
94
131
195
427
206
43
3
223
42
13
125
54
61
60
141
85
101
77
23
28
42
25
102
3
56
90
5
97
185
129
27
52
180
16
6
31
299
15
18
98
70
229
350
114
85
20
7
45
80
43
9
170
539
90
192
7
102
71
12
10
7
169
43
33
60
43
62
115
2
106
75
56
37
5
40
174
6
209
110
3
404
13
172
35
0
9
30
18
229
33
29
147
56
6
30
2
42
53
37
57
10
28
47
20
9
8
187
283
57
39
220
241
63
99
2
81
20
82
16
341
83
48
26
3
71
141
191
51
74
6
29
254
22
29
22
16
36
165
31
65
20
34
38
20
218
82
25
107
92
2
9
41
155
42
0
10
102
142
11
42
16
40
4
41
8
39
8
55
2:21
71
42
125
1
31412
4
12
9
43
95
70
72
7
3
4
10
54
0
6
7
48
88
48
28
8
58
62
36
954
110
88
0
36
54
182
65
39
62
5
10
1
2
47
9
272
18
1765
0
1246
2535
4630
691
7634
1323
1109
14531
3
0
1620
1211
4086
10
6062
1378
2
4
0
10
8027
48
2
1
2825
882
943
15
19
2434
5156
9
8
10
1425
3523
103306
0
13098
3544
1
1735
5981
57
41
4
12078
29756
18
4
21
5
7
91
8
21
14
2
38
73
1
19
53
19
38
0
54631
680
23
21
28
64
74
45
14
98
9
27
3
15
38
1
6
12
17
16
20
92
0
4
1
12
27
10
3:1
3
5
2
2:1
11
2
0
31
695
7
22
14
19
3608
9355
3480
2931
1723
3093
1178
3879
7155
1247
4729
575
238
0
203
44
1183
458
604
665
436
532
2
1
2
2:6
10
9
18
4
44
5
30
7
31
4
28
8
23
6
3
75
42
5
4
30308
9755
31
218
64
176
69
31
59
30
105
406
172
41
171
28
23
43
42
92
0
110
24
253
11
0
45
69
13
56
34
40
7
31
10
5
9
30
173
0
100
331
44
50
19
4
13
15
53
0
14925
72
11712
2
163
12
54
35
32
3
69
80
37
-488371
566
230
372
51
23
195
15
61
92
596
180
25
200
1005
106
360
67
160
188
259
535
137
81
299
155
205
60
129
324
226
666
132
459
6
403
377
72
759
241
107
363
230
299
29
199
148
492
180
346
528
550
183
109
520
171
27
281
20
1199
97
7
772
302
35
152
60
207
265
326
205
60
101
168
73
144
773
37
513
322
354
167
42
10
352
301
649
54
373
15
199
466
299
69
267
641
232
5
1033
68
689
263
291
175
640
286
102
357
99
1255
247
62
4
446
18
19
516
96
420
114
89
507
418
163
68
121
15
60
77
76
31413
306
451
1037
321
5
151
121
9821
3438
14350
8996
8312
1741
872
10714
6230
7515
23796
107456
38236
3538
296
236
7797
3213
25036
19327
395
178
877
20
83
43245
283
1855
133
1728
17
234
16
24
14
31850
8894
542
500
527
65
91
117
15627
88
2115
10017
17
16
1420403400
99:0
1
699:0
1
186:0
5794
7320
-8026
-4024
49
1159
114773
-116455
-140
265
330
3375
-3782
-193
-16
25
718
-282
-524
-49
1503
-898
92726
-84283
-9000
1136
-863
-162
889
-961
105
45167
-34345
-9490
-1359
2010
-2191
65977
-65355
-9
-517
-72
8459
-8190
2546
79237
-78426
-3127
1926
5436
-7629
1171
-813
-52
8760
-8819
-500
186
1210
-41
-956
-65
1460
-1352
2933
-2699
-283
3705
-3895
251
-392
3888
39400
-12294
-31049
5732
-4775
-835
998
-363
-11
6573
11738
-16055
12335
-12148
-1717
-1441
1027
2168
-3093
16271
-13433
-377
-2314
2257
-2068
-300
-84
909
-1300
28
-31
2
15
-16
19
-11
6
0
-9
6
2
21
-27
-8
8
-6
76
-77
4
-2
4
-1
-3
-2
170
-169
-2
255
10
-234
-29
3
24
-27
-2
3
19
-22
10
12
173
-167
-16
193
-201
-3
0
6
10
-13
24
-5
5
-17
0
23
-34
28
5
-29
-4
2
2:-1
0
2
-3
224
-217
152
-131
-24
15
-15
-1
5
242
-246
-3
6
0
111
-117
18
-11
-3
8
-12
1
23
-7
-16
16
92
-108
0
4
14
-18
49
-34
-16
22
-7
-9
-4
-1
13
-14
2:1
16
-5
-11
2
110
-104
-7
-2
13
-10
29
-32
23
-23
-1
261
-261
1
28
-16
-12
-1
2:0
21
73
12
-106
19
-8
0
-8
54
-43
-7
-6
47
-46
1
-3
71
-71
15
35
-44
0
3
-4
-5
144
-143
0
-1
8
-8
6
-5
25
-26
4
68
-64
6
-6
1
42
13
-16
-48
0
2
-1
5
0
-2
-4
7
26
-16
53
-48
-17
3
6
-12
18
0
-12
51
-59
3
10
53
-66
0
26
-20
3
-2
34
-29
-6
-3
6
-4
-1
5
-7
138
-136
-3
75
-45
-22
126
-135
6
129
-126
-9
0
1
86
-84
-2
-1
5
-1
12
-12
19
0
-12
0
-10
20
-16
-5
40
-37
-3
7
-7
1
201
-190
-10
143
-5
-137
70
-65
0
54
-42
-19
6
2:-2
22
68
-92
52
7
-5
-39
-16
0
93
-91
5
1
163
-165
13
-5
-12
24
-24
-2
2
-2
0
12
183
-65
-115
-15
125
45
-27
-124
89
-94
-12
9
13
-24
8
-1
-7
9
164
-165
2
79
-80
-9
21
-16
10
-12
2
2:-2
1
146
-113
-35
20
-16
5
-2
-6
48
-44
-5
2
1
2:-1
3:0
9
-9
39
67
-68
-23
-16
72
-70
-1
24
-11
-12
5
2
-9
8
-3
0
10
17
-24
11
59
-69
0
-4
17
-19
13
11
-4
45
-67
-1
2:0
49
-49
0
100
-56
2
-39
-7
13
-5
-8
11
8
-12
-7
71
-18
-44
-4
10
-5
43
-53
138
-56
-66
-15
112
-108
-5
1
2:0
29
-29
17
-17
0
16
-16
-2
4
8
17
-28
46
-46
0
3
145
-144
5
-1
-2
180
99
-283
1
0
-2
1
29
23
-52
4
0
-6
12
-9
219
-220
81
-76
-4
-1
194
-196
4
-3
-1
0
26
2
-26
198
-10
-190
2
-2
39
-14
-20
3
-7
2:0
106
-106
24
90
-108
-4
93
-87
2
0
-10
10
-10
32
-32
81
-9
-72
0
18
-15
0
10
-14
44
-19
-23
23
-25
2:8
-16
30
-30
10
-7
-1
-2
10
-8
244
-236
-5
-3
131
-128
0
9
-13
228
-215
-14
18
-16
-1
102
-88
-5
2:-2
-6
3
43
-43
8
0
14
-25
24
9
-28
31
21
-46
9
147
-153
142
-151
-3
0
54
60
94
-59
-151
92
-85
-5
-2
2
136
-122
-10
85
-77
1
-15
3
14
165
-61
103
-213
0
-11
5
52
-46
37
-41
1
-1
2
-8
79
170
-220
-28
-2
1
34
-12
-22
0
3
10
81
-95
116
-86
-20
76
-55
-15
14
0
-28
-2
0
48
8
-53
17
64
-58
-20
1
19
37
-26
-33
5
197
-206
30
-26
15
-19
3
177
-66
-27
-86
33
-31
3
-4
0
17
24
-19
-23
56
-57
80
-79
0
49
-45
217
-215
-5
5
12
110
-129
123
-62
-50
-8
2
-2
17
16
-27
-4
20
26
-34
11
145
-153
9
-15
52
-12
-45
118
-85
179
-156
-45
-19
26
-17
3
29
-10
-5
-29
0
1
-1
1
2:0
-1
2:0
1
-1
0
1
0
-1
0
1
2:0
-1
1
4:0
-1
0
1
3:0
-1
1
7:0
-1
1
-1
0
1
-1
0
1
3:0
-1
0
1
-1
8:0
1
0
-1
0
1
0
-1
1
3:0
-1
2:1
-2
2:0
1
0
-1
2:0
2
2:-1
1
0
-1
1
-1
0
1
-1
2:0
1
0
-1
2:0
1
-1
3:0
1
0
-1
1
3:0
-1
1
2:0
-1
1
4:0
-1
0
1
-1
1
3:0
-1
2:0
2
-2
2:0
1
-1
0
1
2:0
-1
2:0
1
-1
0
1
-1
1
-1
1
2:0
-1
1
-1
0
1
-1
1
2:0
-1
3:0
1
5:0
-1
1
-1
1
-1
1
0
-1
129
-106
-18
-2
13
22
-32
-4
-1
27
-22
5
49
-59
160
-160
55
-1
-36
-4
-9
55
1923
-1827
-114
-39
76
-60
-3
-9
-4
778
-612
-165
-2
99
-72
503
-468
-22
-8
-24
205
-8
-180
1054
-961
-94
85
811
-921
209
-209
4
260
-253
28
8
272
-249
-60
13
25
-2
7
23
-11
51
-109
3
-11
2
315
-306
-11
741
-727
62
-66
92
-102
104
1276
-1171
-209
5
196
-146
155
-159
225
381
-656
42
-35
32
0
-11
-29
61
-61
5:0
2
-2
2:1
-1
3
-4
1
-1
0
4
-4
7
-7
2:0
2
-2
2:0
13
-13
1
18
-14
-5
2
-2
47
-47
2:0
1
-1
0
1
29
-29
-1
16
-15
-1
1
-1
3:0
4
-4
4
0
-4
1
11
-12
1
-1
4:0
1
-1
1
-1
5
-5
1
-1
6:0
2
0
2
-4
3
-3
4:0
1
-1
2:0
23
-23
2:0
6
-6
0
2
-2
3
-3
0
1
2:0
-1
2:0
4
-1
-2
-1
12
-12
1
-1
5
-4
3
-4
6
-5
-1
13
-13
2:0
3
-3
3:0
2
4
-6
0
3
-2
0
-1
3:0
1
0
-1
1
-1
10
-10
7
-6
-1
2:0
1
-1
3
-3
1
-1
1
-1
2:0
9
-9
2
6
-6
-2
3
-3
1
3:0
-1
2:0
2
0
2:-1
0
5
-3
3
2:-1
-2
1
-2
0
3
-3
17
-17
2:0
1
-1
0
5
-5
0
2
11
9
-20
-2
2
-2
1
0
-1
20
-20
0
29
-26
-3
11
-11
2
7
-9
0
1
-1
10
-7
-3
2
2:-1
3
-2
9
0
-10
2:0
3
-3
0
2
2:-1
2:0
1
19
-19
-1
12
2:-5
6
-7
1
13
-15
0
4
-4
0
8
-1
-7
10
-8
0
4
-6
1
-1
2:0
2
30
-32
6
-4
-2
8
-6
-2
1
-1
0
3
13
6
-20
-2
2
15
2:-5
-2
1
-2
-4
2:0
1
-1
2:0
30
-29
0
29
-29
-1
2:0
1
-1
1
2
-3
0
8
-3
-5
2
1
2:-1
1
5
-6
1
2:-1
2
-2
2:1
0
7
-9
0
14
-7
-5
-1
6
-6
-1
1
3
-3
-1
2
-2
3
-3
0
4
-3
2:3
-7
2
-2
2
-2
0
3
10
-8
-5
4:0
4
-4
0
15
-9
3
-9
1
-1
2:0
3
-3
1
-1
13
-10
-2
-1
0
1
6
-7
70
-58
-3
-8
6
-5
-2
1
-1
0
11
-10
2
-2
0
11
-12
2:0
1
5
-6
8
-7
-1
0
6
-6
2
-2
0
20
-4
-15
1
-2
1
-1
11
-11
4:0
2
-2
66
-66
10
-6
-3
0
11
-12
1
2:0
-1
5
10
-15
2
81
-83
1
-1
8
-4
2:-2
3:0
9
-9
8
3
-11
2:0
1
8
0
-8
-1
2:0
2
25
13
-36
0
2:-2
4
11
-15
6
-1
-3
-2
4:0
4
-2
1
-2
-1
0
5
-4
38
-37
-1
0
22
-20
-3
2:0
17
-14
-3
5
-5
1
7
-5
-2
3:0
-1
9
-7
3
0
-3
-2
3:0
1
20
-21
1
12
-7
-6
0
8
-8
13
-3
3
-13
0
1
-1
2:0
1
37
-35
5
9
-15
4
-6
1
2
42
-32
0
-12
2:0
11
-9
1
4
-8
1
-1
1
0
15
-3
-12
-1
2:0
6
-4
-1
2:0
2
16
-19
10
-7
0
11
-10
-4
9
-5
-3
-1
3
-2
4
-5
2:0
1
0
-1
3
-3
13
-13
3
5
-7
1
-1
0
-1
0
14
15
-10
-16
-2
2:0
-1
0
7
-5
-2
0
10
-10
12
-11
0
8
-8
17
-17
2:0
1
-2
0
43
-43
10
-9
-1
2
1
19
-20
0
1
2
-1
11
-5
-9
14
-15
2:0
1
0
4
6
-7
-4
2:0
2
-2
6
2:-3
4:0
1
-1
18:0
1
-1
3:0
1
-1
1
-1
3:0
1
-1
1
-1
0
1
-1
8:0
2
-2
16:0
3
-3
16:0
1
-1
22:0
1
-1
4:0
1
-1
2:0
1
-1
2:0
1
-1
6:0
2
-2
8:0
2
-2
11:0
1
-1
7:0
1
-1
0
1
-1
13:0
1
-1
2:0
end
