v1
633
1281
139
48
615
609
17
39
50
653
172
62
550
140
592
842
712
501
1879
1421
1235
431
494
442
339
126
1630
210
1042
11
300
94
275
173
416
288
294
59
50
10
522
45
38
43
44
224
118
82
119
143
357
381
66
293
225
524
314
39
116
338
262
85
101
733
740
48
382
41
319
104
1088
301
93
367
535
75
50
1238
33
80
232
128
126
15
147
433
712
184
826
11
484
100
0
54
106
2
147
88
217
20
3
193
5
257
244
201
63
189
31498
22
9
290
44
173
196
36
8
22
1402
166
18
3357
2211
328
1553
5140
6258
4558
2650
9755
6920
10
2991
4451
10917
1840
7610
18
124905
7741
73
9417
32421
20
2
153
200
36
0
5
55463
238
86
6
212
4
8
1
12
2
815
16416
4654
3093
19248
1183
1062
1101
532
27
31
86
125
6
3
1
43
57
30302
10004
64
176
825
1
394
202
277
9
57
18
41
103
830
36
26778
1
162
116
90
13
62
-488427
88
136
312
338
148
67
100
298
42
174
361
26
14
86
113
201
59
688
224
258
193
160
46
24
19
10
423
311
32
0
85
36
9
178
349
271
101
34
189
2
3
300
22
32
261
152
153
193
67
0
122
156
195
22
11
17
237
0
68
60
6
187
88
118
300
68
32
5
148
176
53
33
194
63
50
86
139
178
157
45
89
27
94
160
303
255
4
124
524
180
61
620
278
4
88
141
3
102
99
61
436
42
135
1071
7
21
143
185
77
84
248
278
27
115
272
549
624
77
184
103
22
175
6
27
80
70
17
5
21
31
46
2
3
117
27
17
114
85
50
12
40
19
64
30
5
87
38
17
127
192
31
321
13
7
86
88
214
112
214
219
140
274
269
180
175
47
227
350
149
5
53
44
189
125
475
108
38
5
32
67
87
579
207
12
220
5
855
102
173
12
93
0
169
52
83
147
24
42
208
5
67
30
123
24
185
110
152
166
89
66
119
44
339
147
10
40
6
95
75
57
2:19
76
195
283
96
348
113
164
4
77
97
171
181
115
47
5
3
228
18
36
63
58
51
74
12
93
111
73
51
239
31
22
43
92
72
0
94
95
39
20
132
0
127
118
176
79
45
119
85
1
173
91
35
31505
227
33
182
124
40
8
1108
2
54
57
109
68
111
179
73
1
58
272
7107
336
0
2751
4531
4114
4223
1515
5916
4992
790
12192
1385
6
10
8052
23
2
59
3649
943
28
1520
933
474
1523
3154
9
8
2
1442
3506
103305
13099
1
3543
7709
41934
28
25
12
174
72
1
20
110
10999
0
44363
50
51
0
58
32
27
1
25
72
9
102
199
2
1
10
2
739
29
14
27
155
7827
10811
2
6565
3879
5151
7980
575
1835
1560
766
204
3
5
1
5
1
38
0
52
67
33
31
0
9
122
40625
31
59
4
26
511
172
0
41
0
222
162
15
122
12
45
219
175
89
31
10
14
30
113
73
87
215
20
140
69
63
14947
72
2
1975
13
9722
165
133
1
16
135
30
1420447800
199:0
1
432:0
24
11
-10
3541
-3209
-323
489
-392
-99
9
87
-80
3513
-3454
52
-119
-13
159
-127
-26
3
27
-28
98
-105
64875
-64793
-44
359
38
-149
-243
11
189
-246
3
733
-734
-3
3
27
23
-51
29
50
-4
317
-352
29
85
-101
1187
-1173
-55
198
65148
-60520
-4730
-88
122
760
-690
-190
38
132
-162
100
-119
18
-13
73
-44
518
4337
-3442
-1433
-13
10
2547
-2568
1038
-872
52
16162
-16107
-120
55
2051
-2061
-131
-3
6
24838
-24907
2233
-2203
102
573
-672
11702
-11607
-127
212
-164
3
19
472
2772
-3304
18
-30
196
-111
-38
1177
-1172
428
-482
101
-92
3
70
980
-726
87
-182
657
3009
-3794
-111
21
139
-128
89
66
-129
48901
-48914
200
-198
3638
-3630
-38
454
-296
-175
71
-13
243
-266
-19
-1
210
-146
533
-616
16
7
360
-342
1
8
-6
104
-133
-4
3
31
-43
43
-13
86
206
10462
-8073
-2707
668
-637
591
-577
-34
243
443
-656
-39
107
249
51
965
-1343
-15
-19
18
410
-365
711
-639
-109
-12
887
-922
1
-6
13
-12
4
-2
2
-2
11
-14
3
17
-19
4
14
-18
21
-17
-4
7
0
-7
0
8
-8
19
-3
-9
-8
0
18
0
-11
-4
-2
10
-7
5
-6
1
15
-8
3
-11
14
3
-16
-2
8
-1
2:-3
15
-14
-3
3
-4
0
1
9
-8
4
-2
5
-7
2:0
-1
13
-6
-2
5
7
-7
-10
20
-7
-12
3
0
-4
0
4
-3
9
-11
0
18
-17
0
-1
3
-2
5
0
4
-9
3
17
-19
-2
9
3
-11
1
2
3
-5
3
-3
1
2:-1
1
11
-13
3
4
-6
0
5
1
6
-7
-3
16
-17
-2
5
6
-4
0
8
-6
-2
-3
-1
7
-3
14
-16
-2
13
-12
-1
2
13
-17
3
-3
0
-1
2
3
-4
19
-18
5
1
3
-10
12
-9
13
2:-8
3
10
-1
-11
0
2
-3
10
-10
1
7
-8
10
-9
11
-11
11
2:-6
1
0
9
-9
1
-3
0
1
6
-3
8
-11
1
10
-10
1
-2
0
10
-4
0
-7
4
-3
-1
1
3
13
-13
-3
3
-4
2
0
7
-4
-2
3
0
-5
15
-15
2
1
4
1
-7
-2
0
1
-1
4
15
-14
-2
20
-21
16
4
-17
3
-7
8
2
-2
-3
14
-8
-5
-3
-4
0
1
3
-3
10
-11
2:0
4
1
-3
-1
14
-14
8
-6
19
-21
0
11
-3
-4
4
12
-19
0
7
-4
-3
13
8
-1
-18
-3
-1
23
-9
-14
3:0
2
-1
2:0
15
-11
-2
11
5
-14
5
-8
2
5
-8
13
2:-6
-1
6
-3
2:-2
6
0
-1
-3
21
-22
1
-1
22
-13
11
-16
-1
4
12
-18
3
-4
5
-6
0
5
9
-14
3:1
5
-7
3
17
-16
8
-3
1
-3
15
-3
-20
5
-4
3
0
-3
0
1
5
-7
0
15
-13
-2
5
-3
12
4
-3
-7
0
-8
2:0
2
4
-6
10
0
-9
4
-1
16
-18
1
-1
1
7
-2
-8
0
22
-20
-2
2
-1
10
-5
0
2:-2
6
-5
2
-2
8
7
-17
0
3
10
-11
-2
12
-11
-1
18
-9
3
-4
-8
2
-3
2
3
-2
1
66
-60
-6
12
-12
-1
2
-2
9
-7
4
-5
2
0
7
-9
2
1
0
3
4
-8
3
-1
-5
3
-2
16
-4
-13
0
3
20
-23
2:0
3
0
15
-14
-4
16
2:0
-14
2
13
-17
14
-10
-3
28
939
-908
-52
-6
-2
4
-2
7
-2
30
-33
7
-11
2
3
8
-11
12
202
-141
-71
-3
2:3
-5
56
-45
-12
244
-213
-29
21
52
8
-83
6
1
339
-347
65
-64
4
50
-45
328
-336
2
1
-1
1
-2
70
23
-92
3
-3
16
1
-1
80
-98
18
-16
13
-14
-3
18
-7
4
15
-30
32
25
-56
0
-1
8
3
-10
3
-3
134
-123
-12
14
309
-320
-3
15
-7
-5
4
-1
34
-33
-2
4
2
-7
46
-48
10
-10
2:-1
3
8
-5
-2
1
-1
2:1
-3
2
-4
-1
60
196
-136
-114
81
-83
4
9
-13
19
78
-96
2
0
12
78
45
-140
11
-6
0
6
-7
9
-5
-8
0
37
-39
4:0
1
-1
1
-1
8:0
13
-1
-12
6:0
1
-1
1
-1
6:0
1
-1
11:0
2
0
-2
0
1
-1
7:0
1
-1
5:0
1
0
-1
1
-1
2
-2
9:0
2
-2
15:0
1
-1
1
0
-1
4:0
3
-3
2:0
1
-1
6:0
5
-4
-1
3:0
1
4
3:-1
-2
2
-2
3:0
1
-1
1
0
-1
0
1
2:0
-1
12:0
5
-4
2:1
-3
0
1
3
-4
0
1
-1
3
-3
5:0
3
-3
2
2:-1
1
-1
2
-2
6:0
2
-2
2:0
1
-1
4:0
3
-3
4:0
2
1
-2
-1
0
1
-1
2:1
-2
0
1
2:0
-1
4:0
3
-3
5:0
1
-1
0
2
-2
4
1
-5
2:0
2
-2
2
-2
1
0
-1
4:0
2
-2
8
-7
0
-1
3
-3
2:0
10
-9
-1
0
5
-5
0
1
-1
2:0
1
-1
4:0
1
2
4
-7
3:0
1
-1
7:0
2
-2
2:0
9
-7
-2
0
2:1
-2
2:1
-2
0
3
-3
2:0
2:1
2:-1
2
-2
2
-2
3
-3
1
-1
2:1
2:-1
1
-1
2
-2
0
2:1
-2
0
2
-2
2
-2
0
4
-3
3
2
-4
1
-1
3
-3
-2
0
2:1
-2
5:0
1
0
-1
1
-1
2
1
2:-1
0
-1
5:0
1
2:0
-1
2
0
-2
0
1
0
1
0
-2
0
7
-7
4:0
1
-1
3
-2
-1
0
1
-1
0
2
-2
2:0
2
2:-1
2:0
1
2
-3
2
-1
2:0
-1
0
end
