v1
957
743
486
52
178
9
496
119
552
57
56
22
768
26
118
281
272
432
300
1119
34
595
307
313
260
635
280
33
330
9
19
381
153
20
156
280
63
79
196
178
1150
431
90
404
442
126
213
126
915
135
366
424
281
121
235
416
394
275
589
177
397
8
59
222
123
237
51
32
43
2:19
31
198
1
118
82
1
73
45
28
50
30
35
112
245
447
173
120
225
524
314
33
6
116
146
138
54
121
141
85
142
198
61
218
215
441
299
45
3
83
70
229
41
423
289
799
185
90
26
83
377
56
111
66
6
296
75
50
984
254
33
312
128
126
15
147
30
10
393
611
101
184
452
175
70
121
8
11
32
452
100
54
47
61
19
128
88
212
5
20
3
193
5
205
52
398
47
63
189
123
31370
5
22
9
204
33
50
47
173
76
120
36
8
22
1152
68
111
237
18
47
3310
2211
328
1553
5140
10816
2650
4766
6612
5297
10
2991
436
4013
2
8096
12
3691
958
3449
4161
16
2
124905
7717
24
26
47
9417
32411
7
21
4
42
238
109
5
55378
50
35
67
164
36
57
6
174
27
10
1
2:2
9
1
11
757
16476
4654
3093
18188
1885
358
1016
46
1101
532
2
1
55
86
94
37
3
1
90
10
31815
8491
64
176
76
749
1
87
222
17
26
42
202
277
9
57
18
41
103
89
4
39
273
444
17
38
15027
1990
9723
1
162
1
115
90
13
62
-488613
118
68
2:45
28
178
81
122
67
207
66
9
19
50
98
10
67
97
24
14
42
6
116
223
89
5
3
151
78
15
31
204
16
94
3
16
89
19
75
2
44
32
11
195
82
62
153
161
7
77
88
19
293
12
123
167
57
81
7
42
84
32
454
111
21
60
76
26
70
2
67
140
124
61
63
160
180
32
223
5
75
31
149
66
1
86
32
45
47
34
68
102
6
1
24
143
57
75
216
16
1
140
32
11
10
106
79
8
14
45
107
113
111
17
6
156
31
51
7
19
11
29
74
292
19
4
68
37
115
120
96
46
33
99
19
160
106
9
93
139
7
117
118
203
8
328
36
33
4
106
104
124
27
107
21
40
174
125
2
95
9
79
505
329
5
21
278
5
88
145
228
168
120
182
23
146
150
76
44
158
30
244
312
37
34
37
298
91
108
224
125
107
46
17
12
200
9
176
33
10
114
55
65
99
81
92
213
65
34
44
384
121
4
123
94
49
54
6
27
13
2
103
19
21
9
2
21
9
17
0
7
47
2
17
6
1
110
13
64
43
69
19
21
50
52
19
17
29
15
38
68
3
16
38
6
41
55
42
52
242
71
246
32
600
35
86
133
257
5
152
266
3
159
261
118
144
45
81
5
166
101
48
73
59
284
79
196
6
171
169
5
23
8
734
152
1
46
8
12
127
48
12
38
41
459
318
132
7
33
115
27
20
30
165
57
2:60
45
115
26
213
37
72
33
120
41
274
4
61
346
176
9
44
13
6
11
1
17
257
34
1
50
96
10
40
2:6
21
106
94
19
4
15
56
20
45
69
83
156
125
59
257
403
83
102
16
341
105
55
229
268
2:49
53
2
167
22
29
22
156
114
6
42
87
22
216
23
39
152
92
35
118
99
109
42
26
24
44
6
11
58
40
72
2
134
58
2
42
98
24
3
31410
87
177
54
91
38
69
55
33
8
7
127
1037
306
110
181
1
28
302
7443
1005
1060
686
2063
7584
5114
5095
5432
3
790
2041
3663
426
1355
410
414
1744
872
2658
10
8046
22
7
2
1
42
2783
1859
1514
920
13
1997
13
3133
8
1
12
3
1
2
1425
1042
2481
531
11417
91357
1
13098
1
3543
1736
5981
102
41808
17
57
7
99
21
10
4
40
74
19
53
19
27
11
7239
3760
43632
863
27
59
105
2
30
15
24
14
19
53
91
5
1
51
9
2
15
726
7
36
27
15
79
55
18643
1
573
5994
9030
3251
5304
238
247
73
1982
1
854
973
6
5
1
37
2
98
21
3
1
28
32
8
26
17
15
5
12
51
5
30303
9782
351
180
31
59
30
262
421
177
73
44
30
116
134
17
94
123
30
40
255
5
15
4
203
2:244
37
23
59
14794
11937
151
115
42
7
135
2:30
-487205
242
33
904
503
4019
328
11
576
8
2038
663
997
236
785
411
517
2378
917
462
1359
35
1145
1786
486
4214
932
333
112
566
475
1049
2115
577
850
2
425
228
15
31526
62
394
104
1250
8886
1389
40358
8144
187117
55473
1549
47252
19
42225
431
18049
10125
1420771800
299:0
1
599:0
1
56:0
25
149
-136
-2
26
27
8677
110082
-118723
1061
-1014
-147
15
-16
13
114
543
-554
-64
-1
-50
844
-789
106
-150
-5
36
-26
-4
101
-96
35
-27
-22
115
-85
-20
2
-15
109
-54
-57
27
39
-29
281
-305
-1
-14
8
41
-27
9
-23
657
2825
-3143
32
-352
-23
175
-170
51
-40
49
-62
157
-101
-54
3
53
697
-691
35
269
-239
-34
-97
-4
71
286
-220
6093
-5928
-86
-187
84
-39
182
103259
-103356
17281
-17225
-190
-13
1
17
152
-117
366
-430
99
68
89
-256
138
-117
729
-556
-179
48
301
-339
216
-136
444
-492
203
347
1111
-1686
78
591
-687
15225
-12706
-2443
39
6
-107
-7
2035
-1498
-262
18493
-18473
-317
474
-443
-15
675
-581
-98
159
-167
4897
-4246
-642
6
581
39556
-40087
2352
-1357
-978
425
-460
856
-894
3197
-3186
374
-273
-117
1
-1
97
1118
-1215
673
6816
-7320
-149
-20
38
-31
340
-143
-187
132
834
-967
382
-401
20
10
65
-60
-39
217
13
1657
-1694
2709
-2013
7073
-7641
728
-914
-112
35
81
-43
-6
887
-972
10
29
477
-404
-19
34682
-34328
-438
333
-332
70
6681
-6767
2
4
1885
-1347
-534
1882
-1217
-621
-37
7
-14
25
107
-102
3
214
-45
-211
37
-28
1713
-1664
-7
42
-94
11
35
151
-168
-30
2:105
-168
-27
50
-33
-31
150
-107
-40
451
15619
-8991
-7045
1674
-1708
552
-462
28
-75
272
3730
-3985
2023
-2079
27
81
-109
339
2266
-2070
2572
-3097
108
-29
160
-217
-36
9
4
240
-205
-9
3634
-3662
2547
-2516
300
-238
-81
1065
-1105
-3
9
-10
12
-6
-7
16
-16
3
2:-2
9
1
7
-14
0
-3
7
-5
4
-4
6
-3
3
-9
0
2
-1
2
2:0
11
-10
-2
1
2:-1
5
0
-3
9
-11
15
-15
1
-1
6
7
0
-2
-5
1
-7
10
-9
-1
2
1
-3
0
1
6
-7
4
6
-10
1
2:2
6
-11
2:1
-3
14
-6
-7
2
-2
4
-4
1
0
-1
9
-5
0
-5
2:2
-2
0
-1
6
7
-5
-7
14
-4
-3
1
-8
1
14
-16
12
-11
-1
8
2:-3
-2
3
2
11
1
-13
-4
2
-2
2
1
8
-10
9
-6
2
-5
3
0
-1
1
7
-11
8
-6
-2
5
-4
-1
1
2
7
-7
-1
-3
5
10
-13
11
4
-13
-2
12
-2
-5
-6
15
-15
6
10
-15
0
10
-11
0
6
3
-9
2:0
1
9
-10
1
8
-9
2
2:0
-2
4
-4
2
2:1
-3
4
1
6
-11
5
-4
-1
9
-8
-1
14
-10
3
4
-2
-8
-2
3
7
-7
-2
18
-14
-5
1
0
-1
2:0
9
-8
2:0
1
12
-11
8
-8
-3
7
-2
6
0
-9
1
0
-2
3
8
-13
3
-3
7
-3
1
10
-13
2:5
-10
2
-1
0
15
-7
-3
7
-14
2:0
9
-7
1
-3
2:2
-3
5
12
1
-19
0
10
-3
-5
1
-3
2
1
-2
-1
9
-7
5
3
-8
5
-2
-5
7
1
-3
9
3
-7
3
-5
-2
13
-13
-2
1
-4
11
-6
9
-15
1
-1
9
0
-9
7
-5
1
-3
17
-13
-1
-2
4
5
-6
-3
5
-2
-4
8
-5
-2
4
-4
-1
3
5
-3
12
-13
11
-12
2:-2
4
9
-8
3
-1
-2
1
-1
-2
7
-4
3
-5
-1
3
6
-2
-8
13
-14
3
-3
0
1
7
4
0
-11
10
-2
-9
5
-4
1
-2
1
2
-3
4
-4
7
-4
-2
2:0
17
-18
13
-7
7
-12
0
6
0
-1
-2
-4
0
3
0
1
3
-2
-4
-1
7
-6
3
15
-17
3:0
-1
3
4
-7
7
-4
3
-6
3
10
-11
3
2:1
-1
-6
1
3
-6
2:2
1
12
-16
2:1
8
-11
6
3
-3
-6
6
-6
1
3
2:0
-1
-2
8
-8
9
-9
2
1
2:-2
2
1
12
-14
4
0
6
-9
2
3
-2
14
-17
19
-20
1
2
-3
10
-9
4
-2
1
2:-2
3
-1
17
-17
5
-7
2
8
1
0
-4
0
8
3
-16
9
-3
-8
9
-1
7
-6
-9
1
2
4
6
-4
-2
-7
0
5
-3
14
-16
13
-11
5
9
-16
2:0
14
-14
8
-7
8
-8
0
12
-1
-10
-2
14
-3
3
-1
3
-16
1
13
-8
-3
14
-1
-5
-9
2
3
-3
-2
7
5
1
-4
-2
0
1
-6
8
0
-12
0
15
-14
10
-11
1
-1
13
-9
-1
2
1
-5
13
-9
7
-8
-4
2
4
3
-6
-3
12
-6
5
2:4
-13
7
-12
7
-9
56:0
1
8
-8
0
5
0
120
-108
-9
18
-11
-14
-1
2:0
11
-10
9
-8
0
-1
17
-18
8
-8
3
-3
1
0
11
-12
4
-2
-1
1
4
-6
2
1
10
-5
-4
7
-2
-8
13
-12
1
-1
0
9
2:-4
1
14
29
-36
-11
2:0
118
-116
-2
1
10
-9
31
-23
-8
1
4
-3
15
14
-1
-32
8
-7
-1
12
-4
3
-4
7
6
-16
-2
8
53
1561
-1623
87
-62
-25
9
-6
2
-1
4
-8
2
17
-20
10
-6
13
-17
146
-145
10
3
2
-5
-11
17
-17
0
29
-26
21
-17
2:-3
0
604
-525
-71
-9
13
2:-4
62
-22
-42
332
-335
3
43
-45
4
29
1
-28
0
3
151
-5
-152
-2
26
628
-625
121
-152
11
4
21
85
-118
607
-600
78
-74
-11
-2
4
1
133
-136
4
188
-183
1
-8
-3
-2
30
33
-55
17
198
-213
32
-38
-1
10
40
-47
0
-1
35
-3
-4
29
0
30
-78
-8
-4
-2
1
8
4
27
-38
-2
5
0
-4
2
6
210
-181
-38
0
4
15
777
-795
3
-3
15
-16
0
10
55
-60
2
-2
-5
14
-11
13
-1
29
-40
6
0
1
92
-80
-11
-2
-6
2
1
6
-9
-4
14
-14
2:2
8
-10
-2
11
-11
6
121
1016
-285
-853
355
-358
11
12
-12
-13
31
182
-209
9
-13
1
8
5
-1
32
124
70
-236
32
-30
-2
5
-7
5
6
-2
-4
-2
18
-16
44
-45
25
-23
3
54
-64
0
1
-1
7
-7
8:0
2
-2
2:0
1
2:0
-1
8:0
1
-1
2
-2
6:0
1
3
-4
1
-1
3:0
1
33
-33
-1
6:0
2
-2
5:0
1
-1
0
1
-1
2
-2
3:0
2
-2
3:0
4
-4
3:0
2
-2
3:0
4
-4
2:0
1
0
-1
1
0
-1
0
1
-1
0
3
-3
1
-1
2:0
1
-1
3:0
5
2:-2
-1
2:0
1
-1
2:0
3
-3
2:0
1
-1
2:0
2
-2
7:0
1
0
-1
5:0
2
2:-1
2
-2
3:0
4
-4
1
-1
1
-1
4:0
2
-2
0
1
-1
7:0
1
-1
2
-2
0
1
-1
2:0
1
5
-6
3:0
1
-1
0
1
-1
4
-4
1
-1
2:0
2
-2
0
3
-3
0
1
-1
3:0
2:1
2:-1
2:0
1
0
1
-2
0
1
4
0
-4
3
-3
0
1
2:-1
2
-2
1
-1
2
-2
2:0
3
-3
3:0
3
-3
2
0
-2
2:0
3
-3
3:0
1
2:0
1
2:-1
0
8
-8
1
-1
5:0
2
-2
0
4
-4
0
2
2:-1
2
-2
2:2
-4
0
1
-1
2:0
1
4
-5
2:0
1
-1
3:0
4
-4
1
-1
2:0
1
-1
1
-1
0
1
0
-1
2
-2
4:0
1
-1
1
-1
0
1
-1
5:0
1
2
2:0
-2
-1
2
-2
2
1
3:-1
0
1
2
-3
0
12
-12
1
-1
2:0
3
-1
0
-2
0
3
-3
1
-1
0
1
-1
2:1
0
-2
1
0
-1
2:0
1
-1
3
-3
5
-5
1
0
-1
3:0
1
-1
2
-2
9
-7
-2
4:0
8
-6
-2
0
1
-1
0
4
-4
1
-1
2:1
-1
6
-7
2:0
8
-7
0
-1
3:0
2
-1
0
-1
5:0
2
-2
4:0
2:1
0
-2
3:0
4
-4
0
2
-2
2:0
1
2
-3
2
-1
0
-1
0
5
-4
4
-5
3
-3
1
-1
0
2
-2
2
-2
0
1
-1
0
1
0
-1
1
-1
0
3
-2
-1
5
-2
-1
3
-5
1
0
-1
8
-6
2:4
-9
3
-4
0
9
2:-4
-1
0
2
-2
3
-3
12
-11
1
2:-1
0
1
-1
1
-1
0
2
-2
0
3
-1
-2
0
2:3
2
-8
0
1
-1
1
0
-1
2
-2
1
-1
3
-3
3:0
4
-3
-1
0
2
-2
1
0
1
-2
0
6
-6
1
-1
2:0
3
-3
1
-1
1
-1
4
-4
1
2:0
-1
0
10
-10
0
2
-1
2:0
-1
1
0
-1
25:0
1
-1
16:0
1
-1
0
2
-2
4:0
2
-2
4:0
end
