v1
808
2083
609
56
2067
294
251
1662
1654
225
1421
183
1052
4074
640
11
394
864
1268
38
429
82
227
392
447
1042
314
39
116
600
1707
423
106
1706
460
167
368
75
1022
266
473
126
162
433
896
826
11
484
154
108
235
217
23
193
707
63
189
31493
5
365
173
232
30
7154
328
6693
10816
2650
4766
32118
7628
5487
127159
73
9417
32443
389
5
54647
1083
63
212
4
21
21887
25687
807
3
1
100
40546
825
1
873
9
57
18
1048
26740
163
281
-487405
295
1110
263
554
282
502
140
440
152
1544
1565
1359
20
578
1955
936
339
126
1840
1722
746
131
294
705
131
189
10
319
143
1097
225
871
949
259
433
740
209
221
1552
394
532
495
187
774
310
581
1928
417
414
138
309
325
201
32474
9
287
296
120
44
1152
201
237
65
9
3301
4092
38282
4449
2
20367
124923
49652
375
55504
504
27
13
11
1
24991
19248
1183
1062
1691
264
40363
64
219
1092
85
604
103
830
36
17055
9722
2
278
90
-488352
536
350
167
21
84
103
8
439
133
0
171
52
126
18
294
46
15
146
542
91
74
1049
22
594
435
81
282
177
258
194
0
21
1
81
382
395
267
11
217
28
17
9
695
28
655
175
29
228
136
139
59
119
157
415
303
139
428
155
48
49
381
355
495
229
204
433
64
42
135
366
299
37
220
122
27
930
130
212
228
333
529
242
66
1
50
245
43
7
72
105
4
27
29
12
114
25
36
54
2
17
115
2
13
17
261
105
18
103
19
55
127
221
517
492
267
88
326
379
70
54
121
327
128
318
443
52
143
59
31
309
5
31
85
70
195
384
114
54
58
177
703
295
449
169
135
42
208
93
94
360
0
922
50
147
50
0
6
133
94
114
195
1004
81
20
77
522
212
191
94
320
290
31
36
382
59
224
259
70
174
107
178
134
98
31524
140
5
33
53
23
83
23
136
1146
54
62
104
68
182
43
18
43
80
328
7784
10735
1322
15641
3
6917
2185
1741
11615
2
5
12
2795
14
882
943
2955
4669
17
7
1
2
1425
3523
119948
1736
5973
59
38236
3667
284
130
55514
7
59
98
7
2
84
18
146
53
2
11
15
1
754
20
40
130
16286
8925
9030
3251
4729
575
2684
1679
3
2
6
16
28
49
40
10
84
131
9
30303
10313
31
739
33
41
509
24
95
433
51
4
203
100
420
24
14857
225
11877
101
32
10
26
49
90
7
6
-487555
35
101
164
74
263
377
539
0
13
101
11
181
99
392
211
1
985
1061
87
160
65
7
140
9
128
91
242
19
305
170
31
153
85
108
235
347
379
21
1616
483
547
794
128
0
406
685
624
82
458
43
56
0
11
182
929
389
332
307
1004
359
366
193
137
92
182
0
18
16
8
73
0
126
147
116
71
132
194
168
66
11
289
52
734
350
42
35
448
0
608
232
166
49
105
411
298
33
0
66
247
0
81
818
5
50
0
187
308
515
260
97
29
23
282
75
965
407
220
28
329
42
106
29
44
1511
194
453
799
95
756
152
108
191
0
174
0
303
95
254
15
31
31376
266
135
0
139
35
1267
37
232
134
60
10602
11452
3309
11320
0
5704
0
22165
933
1997
13
3142
121370
1
53188
193
44
72
21
7349
3760
44312
51
219
173
88
257
643
43
27
155
19203
23825
2303
1824
14
0
3
149
71
8
72
25
29
40012
398
329
2
49
779
280
174
226
362
488
116
-460460
156
932
554
222
2:293
105
57
248
281
1182
490
642
399
490
597
338
55
226
1827
963
1312
231
268
175
717
1679
198
191
360
97
254
638
1104
245
240
68
60
150
891
74
68
618
153
682
293
386
116
114
65
1438
1320
881
787
130
906
170
654
364
1562
7
494
83
1084
207
612
13
376
43
507
31831
159
7
9199
42751
8135
9081
3154
174560
122
71
56181
20236
22926
5041
19
69
63
76
29
17
49
40773
51
1459
401
565
166
26892
1420185602
99:0
1
99:0
1
299:0
1
207:0
1
99:0
3068
-1273
-956
-694
1080
-240
-705
-38
-77
669
-638
35
43
-126
16
111
142
-100
-89
-78
65
313
-163
-109
-2
71466
-67847
-3628
88
-11
-91
-23
335
172
-180
12131
-10957
-1521
-38
1423
-1214
33976
-34122
85
2384
-1957
-330
24284
-21694
-2601
955
2897
-3911
4615
-4569
916
34
4669
-5387
-349
750
-654
-191
1060
-730
-91
1491
815
-2377
26729
-26845
131
-166
4984
-2201
10131
-12523
2805
-3224
297
-267
1149
-1001
614
-767
83
11989
-8686
-2312
-1085
-4
1164
-1012
3160
-2848
1727
-2123
1075
11498
-12282
-394
-44
-22
61
-64
10
34
10
37
-32
-60
42
-12
-14
69
-74
56
3
10
-1
-63
57
-52
-5
-10
6
43
-41
13
29
-15
-34
-10
95
-93
81
-40
-21
2
7
-24
14
35
-55
27
-24
43
24
-68
2:27
-18
0
-17
42
4
-29
-19
71
-67
31
-4
45
-11
-21
-51
77
2
-75
8
67
-19
-21
-38
-10
11
-16
10
30
-39
11
70
-74
49
-2
-43
46
-49
-7
51
-42
18
59
-84
7
-1
19
26
29
9
-132
12
-5
-12
32
-32
16
-13
8
-8
0
12
-15
9
-7
12
7
2
-21
-2
8
30
-38
28
-21
-1
20
-23
-3
26
-23
0
-3
33
-28
4
14
-23
6
36
-31
-10
0
13
-4
20
-11
-13
17
-23
7
-3
-4
38
-32
0
7
-6
-7
4
-4
8
3
-5
-6
2
0
6
-8
19
18
-29
-5
-3
1
5
-1
-5
4
-4
7
13
-5
-15
35
-24
4
3
-13
-1
-4
2
4
29
-33
21
-20
19
-16
11
-5
-10
-2
1
-1
41
-41
27
-26
8
11
-11
-7
12
-10
-3
2
5
-2
14
11
7
-33
4
8
-11
-6
2:2
-2
20
-1
1
-17
3:0
1
-5
4
-1
-4
3
-3
2
23
-23
2
19
-18
-2
0
6
-3
1
4
0
-11
6
1
18
-24
2
21
-5
-4
-14
40
-30
-8
12
-9
2:-1
7
-6
0
-3
1
21
2:-12
33
-15
-14
4
9
-17
4
-4
19
-19
2:1
2
-1
25
-21
12
10
4
-33
33
-25
-5
0
4
-4
5
4
-12
2:1
5
-3
12
-12
15
-8
-11
8
18
-24
7
17
-24
2:-1
24
-23
3
4
-8
11
6
-9
-8
11
13
14
-23
-14
21
-16
-1
2:-2
9
33
-14
6
-30
4
31
-23
-14
-2
2
15
14
-25
29
-26
-9
24
5
-17
30
-42
3
28
-24
12
-17
8
27
-37
7
-7
19
-20
0
1
10
13
-19
6
-9
1
13
-1
-3
-2
7
22
-39
2:15
-30
14
-18
2
0
-2
2
1
-3
1
0
-1
2:1
-2
2
-2
1
-1
3
-2
2
-2
1
0
-1
2
0
-2
2
-4
4
-2
2
-3
2
0
-3
3
1
-3
2
1
-1
0
-1
0
-1
1
2
-4
2
-1
1
0
2
0
-4
1
4:0
1
-1
0
1
2:0
1
-2
2
-1
0
-1
0
3
2:-1
2
-3
-1
3
-2
1
2
-3
0
2
-1
0
-1
2
1
-2
2
0
2:-1
0
1
-1
0
1
2:-1
1
2:0
-1
0
3
-1
0
-1
2
-2
2:1
-2
1
-2
2:1
-1
2
-1
-2
2
-1
2
-3
2
0
-1
5:0
-1
3
-3
2:1
-1
3:0
-1
1
0
1
2
-2
-1
1
-1
3:0
-1
2:0
2
0
1
-3
0
-1
4
-3
2
1
-1
1
-3
0
1
2:0
-1
3
-2
-1
0
2
-2
1
3:0
-1
3
-1
0
-2
3
2:-1
-2
2
-2
4
-2
-1
0
3
-1
-2
-1
3:0
1
0
-1
2:0
1
-1
11:0
1
2:0
-1
3:0
1
-1
2:0
1
-1
1
-1
1
-1
1
-1
4:0
1
-1
0
1
-1
1
-1
0
1
-1
3:0
1
-1
1
-1
2:0
1
-1
3:0
1
0
-1
1
-1
2:0
1
0
-1
1
-1
2:0
1
-1
3:0
1
-1
0
1
-1
2:0
1
2:0
-1
0
107
-99
8
-14
-1
1
17
-15
8
-10
0
11
-11
-1
10
20
-30
2
45
-23
-7
-14
11
13
21
1271
-1250
-53
-9
46
-39
-13
30
-21
-1
373
-324
-58
6
53
-38
195
-181
-9
89
25
-137
482
-403
-66
52
544
-601
-3
3
83
-90
143
-116
3
133
-143
8
-12
23
0
28
-66
7
168
-180
0
11
577
-575
-9
49
-48
-3
14
4
64
-77
11
-3
73
285
-196
37
-200
22
206
-227
19
111
45
-174
-6
29
7
-42
-4
0
1
0
-1
8
-2
-5
5
-5
-1
5
-5
0
6
2
7
-10
1
3
-9
3
44
-47
10
-10
14
-13
8
-7
4
2:-3
9
2
4
-15
8
2
-1
-6
5
-8
2
7
-6
32
-30
-3
17
-11
0
1
-2
0
-7
4
19
-15
-7
14
31
-45
1
7
10
-16
9
21
-32
9
-3
1
6
3
-15
8
21
-27
2
-6
9
-1
-4
1
7
8
-20
7
4
-6
31
-24
2
-12
2:2
9
-8
-7
1
-1
0
3
-3
2
-2
0
1
0
-1
0
1
-1
2:1
13
-15
27
-27
2:1
-2
2:0
1
0
-1
4
-4
2:0
3
-3
0
1
-1
3
-3
4:0
1
0
4
-5
4
-4
2:0
3
-3
0
3
-3
0
1
-1
1
3
-4
2
-2
2
-1
1
-2
1
0
-1
3:0
3
-3
2:0
1
0
-1
2:0
2
2:-1
0
3
-3
0
1
3
0
-4
11
-11
3
1
-2
0
-2
3:0
5
-5
1
-1
0
9
-4
-5
2
-2
1
-1
6
-6
4
1
0
-3
-1
6
-7
0
1
2
-1
0
2
-3
0
3
-4
3
2
-5
2:0
2
2:-1
3
4
-7
1
-1
4:0
3
0
-1
0
2
0
-1
2
-4
0
7
2:-3
-1
6
-6
0
1
0
-2
2:0
7
-5
2:-1
1
2
-2
7
-6
-2
1
9
-10
5
-5
4
-4
2:0
2
-2
5
-4
6
-7
1
-1
6
-5
-1
1
0
-1
4
-3
-1
1
0
1
2:-1
0
2
2:0
2:3
-5
-2
6
-5
-1
2:2
-4
0
5
-6
1
3
2:-2
8
-6
0
3
-3
7
-6
-3
3
-3
3
-1
-2
10
-10
2:0
2
-1
2
-2
0
1
-1
5
-5
-1
1
3
1
-5
2:0
6
-4
1
-1
0
2
-4
4
-1
4
-5
-2
2
-1
2:2
-3
-2
1
0
-1
1
-1
2
-1
0
2
-2
1
-2
4:0
2
-2
5:0
1
-1
4:0
1
-1
1
-1
8:0
3
-3
1
-1
4:0
1
-1
4:0
1
0
-1
0
1
-1
7:0
1
0
-1
10:0
2
-1
0
-1
2:0
2
2:-1
5:0
1
-1
6:0
1
-1
1
0
-1
5:0
1
-1
0
1
0
-1
3:0
1
-1
0
2
-2
0
2
-2
1
-1
7:0
2
2:-1
3
-3
14:0
2
-2
9:0
1
0
-1
2
2:-1
2
1
-3
2:0
2
-2
0
1
-1
6:0
6
-6
11:0
2
-2
0
2
-2
8:0
4
-3
-1
3:0
1
-1
24:0
1
-1
36:0
1
-1
6:0
1
-1
1
-1
7:0
2
-2
12:0
end
