v1
653
106
101
3
23
19
346
495
188
153
34
447
168
136
52
239
16
166
56
7
15
28
277
46
169
122
39
7
91
74
328
279
5
412
0
20
27
121
152
142
17
19
36
107
72
363
252
111
101
228
96
10
136
58
22
285
457
116
63
215
39
232
12
745
277
109
168
67
175
257
79
57
232
7
78
157
608
110
275
431
90
404
221
134
87
59
280
69
57
376
28
469
170
7
517
148
0
125
281
28
93
218
17
409
7
288
106
275
228
81
280
288
44
73
177
104
300
181
0
26
1
29
83
40
3
12
7
0
19
6
17
8
46
2
24
123
4
118
82
74
59
64
30
35
3
35
19
38
262
47
38
63
291
0
8
173
120
203
22
147
48
307
22
304
0
10
33
6
116
284
54
61
60
141
85
142
87
172
146
102
185
129
281
17
14
299
10
5
33
83
70
229
41
135
288
93
12
175
808
199
102
93
18
158
136
55
20
36
109
2
24
42
115
2:93
1
75
18
32
325
0
636
277
33
176
13
37
6
208
19
107
15
106
41
40
158
235
334
275
83
20
77
107
415
37
175
191
8
11
32
147
70
146
89
100
54
13
34
53
8
127
20
88
153
59
5
20
3
104
34
55
3
2
33
224
244
69
85
47
63
21
32
45
57
34
31493
5
22
9
237
50
47
62
111
76
1
7
112
15
21
8
22
986
57
24
85
68
111
71
43
62
61
16
2
43
4
9
272
3029
2211
328
1553
2387
686
691
1376
10816
2650
4766
4989
793
5704
423
0
3001
925
3524
2
14
0
10903
882
943
15
13
2453
474
1523
3146
17
2
6
124898
1
1735
5981
25
26
47
4
9413
32418
3
20
2
2:21
50
19
56
40
2:73
36
5
16
7239
47392
680
51
50
35
74
59
98
7
2
27
18
39
6
12
0
53
96
13
27
10
2:1
3
6
2
2:1
11
2
1
725
29
14
176
3451
12835
4654
3093
1178
9030
7894
86
575
485
1183
875
187
1101
532
2
3
2:6
10
14
13
1
3
94
2
84
9
28
3
1
40
3
26
21
9
1
30302
1513
8491
64
176
43
57
59
541
125
1
46
133
0
130
85
202
24
253
9
2
26
29
18
41
103
47
31
15
39
273
425
0
19
17
25
11
2
14802
2215
9722
2:1
162
116
28
2
24
36
75
5
30
-488071
836
558
14
504
163
704
57
948
763
686
289
980
589
1
466
226
345
1482
400
758
163
1453
66
826
930
749
180
18
191
839
478
228
68
389
286
685
41
199
3
144
45
71
131
39
156
239
418
99
149
451
462
284
593
227
44
140
108
163
487
1216
300
16
236
881
301
427
59
164
602
113
157
467
348
1
8
649
364
721
183
110
234
518
256
143
124
499
414
211
85
140
352
20
115
31824
339
41
159
1068
25
440
7850
5486
5590
28681
10743
2823
3378
6084
170919
0
3669
28
127
71
11185
44589
146
154
51
62
796
0
50
51
69
7827
37506
1856
139
144
54
38936
1748
128
1297
175
114
179
73
134
139
292
32
57
1
178
26784
73
80
0
92
45
1420195800
499:0
1
152:0
282
-277
132
-134
94
-95
103
-100
-3
2
7
2619
-2610
-16
-2
32
34
129
-178
614
-540
39
-130
11
27
-37
3
6
37
-46
0
103
-97
-1
-3
23
109
69
1495
-1698
0
8
2
770
-770
1
40
-50
12
65
-75
0
6
-6
248
-249
6
-6
3
0
9
-15
230
-222
1
268
-212
-54
2
-12
48
724
-773
91
-50
-35
2
247
-202
-51
1
0
18
289
-309
130
-125
194
-176
-22
-2
7
25
-9
2:2
131
-156
0
319
-319
0
2
140
-139
126
-55
-75
0
383
92
-455
-21
64
-63
0
2
0
2
1
-2
96
-99
15
-15
2
0
1
124
-124
26
-14
-12
-4
19
114
-55
111
-160
-4
12
-37
185
-134
-46
2
19
171
-197
1
0
24
0
252
-206
-47
-21
34
-34
-2
16
206
-217
5
87574
-87572
4912
-4842
-64
-16
-2
28
-5
42
43
-101
4
10
-21
111
-100
-12
5
1
86
-82
16
194
-217
11
35
149
-197
2:1
4
0
42
-44
203
-187
-9
-11
6
895
-898
1
5
170
-177
7
3
-1
36
7422
-4538
-2923
57
-63
0
62
7
-40
-29
-2
5
-5
1686
-1681
250
-108
-148
53999
-53989
-8
200
-202
4
12
109
-120
327
-331
69
-38
-30
1595
-1196
-355
-46
1
4
7
92
20339
-20443
9
-5
2583
-2587
26
132
-154
4
1043
-970
1904
-1979
-6
346
-345
26
-26
0
18
-18
0
21
-8
-13
11
-12
6
853
-856
2008
-1977
110
-137
154
90
-242
156
-142
-23
1
100
-95
997
-1000
769
-767
-3
-2
12
-6
87
-77
44
-60
119
-113
31
-35
261
-255
-5
49
52
743
-658
-183
-2
171
640
-451
784
3415
-4556
17
-21
4
0
226
-232
10
58
-63
2
-3
15
-16
193
-195
10
-9
2
-1
3
29550
-29511
-12
46
-76
-2
286
-287
151
-108
4025
-4067
61
-63
1758
-1746
-10
2
-4
2
17
718
-730
368
401
-767
-8
5214
-5211
-1
-2
60
-57
11
1
44
-54
51
-54
28
300
-323
2:-1
16
-11
29
-29
181
-185
714
-709
-12
90
-81
149
-100
9547
-9604
0
18
28
-42
33
1317
-1290
-65
2
3
7
60
82
-118
-36
64
100
-150
-1
8
3
144
-163
-3
6
-4
63
2
-59
10
-1
190
10014
-8197
-2026
38
-33
14
0
722
-738
-3
101
-53
-35
77
-71
-18
-1
171
435
-596
-2
-1
2080
-2048
-25
-10
111
893
-1008
2
148
2283
-2402
79
-109
1
2
5
10
-12
0
24
2:-14
-2
235
-233
24
-19
316
-220
1485
-1417
-155
11
-23
36
367
-405
-2
-1
0
-1
0
1
-2
1
-1
2:1
2:-1
1
-1
1
0
-1
2:0
1
-1
2:1
2:-1
2
-2
0
1
-1
2:1
-1
0
1
2:-1
0
1
0
-1
1
2:0
-1
2:0
1
0
-1
1
-1
0
2
-1
0
1
-1
2:0
1
-2
2:0
2:1
2:-1
1
2:0
-1
1
3:0
1
-1
5:0
1
-2
2:0
2
0
2:-1
2:0
2
-1
0
1
2:-1
2:1
-2
2:0
1
4:0
-1
0
2
-2
0
1
-1
1
4:0
-1
4:0
2:1
-2
2:1
-2
2:1
-2
2:0
1
0
-1
1
0
1
-2
1
2:0
-1
0
1
-1
1
0
1
3:0
1
-1
5:0
64
-64
3:0
5
1
-6
13
-11
-2
0
1
0
-1
14
-14
2
-2
0
6
-6
0
1
-1
1
9
-10
4:0
2
2:-1
4
-4
0
1
0
-1
1
-1
13
-13
2:0
2
-2
2:0
18
-18
0
1
0
2
-3
2:0
2
-2
4
-4
1
0
8
-6
-2
-1
2:0
15
-15
11
-10
2
-3
3:0
4
-4
2:0
11
-11
0
1
0
2
-3
1
-1
22
-20
-2
2:0
4
-4
0
38
-38
1
3
0
-4
1
0
26
-27
3
-3
2:0
3
-2
-1
10
-5
-3
-1
0
10
9
-7
-9
-2
2:0
7
-7
-2
2
-1
10
-11
2:0
1
0
20
-18
-2
-1
1
-1
2:0
30
-26
0
1017
-1020
73
-63
-9
2:-1
5
-1
1
-5
0
3
5
-8
9
-7
2:-1
0
13
-12
2
28
-31
6
0
6
-12
2
-1
0
-1
8
-7
17
-17
-1
2:0
16
-16
3
-1
4
-6
1
2:0
-1
281
-195
-86
3
-2
2:0
1
5
-5
-2
2
-1
53
-53
18
-17
-2
271
-268
-3
27
-27
0
4
1
-4
16
-17
20
-18
-1
67
27
-90
-5
0
1
0
7
397
-405
1
-1
43
-43
2
10
-10
8
56
-54
408
-412
-8
12
-12
2
2:0
-2
3
-3
3
0
-3
2:0
1
74
-75
99
-93
-1
-5
0
18
-18
29
-25
-4
1
21
-22
99
-96
16
-17
-2
0
2:1
12
-9
-5
0
24
-24
4
-4
0
1
-1
5
13
-5
4
-17
2
-1
40
-20
28
-44
-5
2:1
-2
0
13
-12
8
3
-12
0
1
0
2
1
-4
2
-1
1
2:0
177
-170
-5
4
-7
-1
2:0
8
-8
359
-358
2
-3
7
-7
0
1
-1
0
2
-2
3
1
53
-55
-2
3
-3
1
0
11
-9
-3
3
4
-5
0
-1
7
4
-9
0
-3
0
8
-7
0
10
-11
36
-36
0
23
-23
2
-2
1
5
-5
3
-4
4
1
7
-8
-4
1
-1
4
-2
-1
5
-6
5
1
-3
-2
1
-2
0
3
-3
1
-1
4
-3
0
2
-1
43
220
-163
-102
9
-9
2
0
72
-73
0
4
3
-1
-7
2:0
2
22
74
-95
-3
0
9
-3
-1
-4
8
21
-30
1
91
186
-276
15
-17
2:1
5
-4
4
0
-1
1
-7
0
16
-16
0
1
9
-4
8
-2
-12
0
1
3
21
-25
1
-1
43:0
1
-1
10:0
1
-1
5:0
1
-1
8:0
1
-1
10:0
2
-2
0
2
-2
4:0
2
-2
32:0
2
-2
12:0
1
-1
9:0
end
