v1
911
252
0
45
172
106
168
486
31
21
139
48
8
4
118
42
324
84
35
51
137
126
67
170
58
56
2:11
35
92
19
159
215
161
7
184
43
255
23
272
432
5
143
152
276
13
6
26
72
8
267
154
0
26
160
65
46
101
0
228
96
10
194
140
126
41
520
53
95
183
61
55
0
87
14
54
345
21
33
102
31
35
53
109
28
349
32
5
148
176
343
47
70
158
93
287
99
67
204
55
0
142
361
20
292
139
16
106
372
147
142
153
99
240
69
57
176
396
237
106
6
129
219
147
329
95
125
129
27
44
109
203
77
139
193
7
158
142
35
59
275
49
10
169
17
268
76
237
51
44
242
8
59
75
445
6
26
30
28
17
6
32
25
18
12
7
6
36
8
46
143
4
2
4
118
64
18
10
0
2
50
4
8
40
5
2:14
47
3
30
35
38
3
16
55
127
90
28
381
66
78
95
8
76
36
94
131
160
35
86
41
92
110
304
10
33
6
111
5
104
180
54
121
141
85
101
41
87
111
61
146
5
68
29
185
129
27
254
330
10
28
10
66
87
229
41
423
93
187
9
1
40
258
500
192
7
102
71
0
389
33
23
109
2
66
171
37
0
93
1
75
50
182
143
3
404
229
11
12
7
26
221
33
29
51
96
50
2:6
74
53
75
19
107
7
8
147
30
10
2
391
12
392
288
20
82
100
2
314
138
175
2:17
36
121
8
11
32
385
29
0
38
100
54
47
26
35
89
38
20
2
86
153
59
5
20
3
193
3
2
37
114
54
52
102
17
3
22
2:50
53
2
14
93
39
26
37
12
41
102
34
64
31427
2
5
6
2
14
9
204
4
29
50
3
14
30
1
84
88
36
31
9
1
7
112
36
8
22
1130
22
68
111
71
166
15
3
0
47
281
3029
2211
328
1553
322
0
341
2410
2067
10095
721
2650
4766
0
4989
1623
1211
4089
7
2175
816
436
1361
2652
2
8092
4
3703
943
15
2466
982
1015
3147
7
9
2
5
1
2
4948
116404
0
3545
7708
8
1
24
26
47
4
9413
32395
23
3
18
4
26
7
120
14
40
2:73
19
17
2:5
11
54631
731
85
67
66
98
7
2
15
12
18
38
1
6
12
1
145
16
27
10
1
3:2
6
2:1
2
0
9
2
51
704
14
0
119
16343
4654
3093
10208
3251
4729
575
238
0
247
1059
124
961
101
665
436
532
2
3
6
16
31
86
34
29
31
1
36
3
1
43
47
9
1
30302
10004
64
176
76
24
59
666
1
46
29
12
209
13
70
15
202
277
9
2
55
18
41
6
26
71
47
23
8
5
10
9
30
0
273
425
19
4
13
38
8
14794
225
1990
9722
2:1
162
1
101
14
18
10
7
25
30
13
29
33
5
23
7
30
-488492
26
351
189
2:49
109
61
114
101
140
422
67
25
194
67
229
215
0
20
0
74
2
44
43
131
606
804
36
7
312
121
281
62
28
64
1218
479
102
51
140
130
319
1
73
67
175
70
43
237
111
327
385
4
273
168
146
122
0
84
106
29
241
56
157
134
91
245
169
166
296
151
285
0
4
184
482
556
13
2
223
101
9
118
288
81
420
264
498
49
124
57
477
731
200
28
234
272
6
221
0
4
198
451
5
197
136
0
41
141
8
9
73
3
121
26
14
47
43
17
26
36
9
105
162
7
107
87
234
173
335
434
240
331
2:0
770
432
252
421
19
124
0
80
143
253
125
0
26
116
649
199
13
7
0
266
1111
126
69
57
165
140
527
264
596
63
12
274
103
161
17
2
124
0
76
19
56
263
292
500
63
99
2
183
110
32
320
31
0
24
532
8
108
206
279
5
22
0
207
507
214
90
0
41
232
193
4
56
168
14
1
31
31449
39
56
156
10
79
105
13
75
33
1203
264
203
74
58
7704
2059
15475
10519
6494
423
3926
2130
1410
8046
31
6199
6076
16923
8312
101424
47937
23
90
126
17
36191
19320
57
0
109
196
8
0
117
204
696
89
3
72
0
61
7825
10815
10444
14147
2100
2
131
1695
3
1
6
1
19
0
66
93
3
43
3
0
3
22
41
36
3
24
30308
1513
8584
586
258
415
93
150
91
149
160
261
216
13
0
126
292
89
17083
9886
212
1420689600
599:0
1
310:0
18
2
13
-27
2
14
84
-100
42
-39
42
-45
9
-9
25
-9
-16
4831
-4832
23
-18
-5
13
335
1025
-654
-687
-31
56
-56
21
-19
49
-51
2
1
-1
0
40
29
-62
-11
81
-80
0
2
12
17
-30
8
-1
-6
15
121
-137
21
-9
2
-13
-2
28
-10
12
-28
1040
-1033
10
-20
8
1157
-1159
-1
7
-6
-3
1
518
-512
-1
-8
1
486
-473
111
-125
1
-1
63
-60
48
-46
2
9
-5
-10
2:0
1
5
-8
1
-1
74
-66
18
-10
45
271
-324
-7
32
-28
446
-394
-18
-39
2
-1
0
29
36
-59
5
-8
26
-29
11
-9
-2
52
-26
-15
-9
5
641
-639
2:-5
423
-119
-299
-5
1
2
-2
372
-357
-13
-2
15
184
-181
-14
0
1
-2
31
-30
263
-258
64
-66
-1
3
-6
6
15
120
-139
19
-22
26
56
1
-86
429
-423
0
2:-1
-3
82
-75
7
-1
30
-34
90
-8
53
-140
1
22
26
-50
1
246
-248
171
-173
33
-33
2
50
-52
65
613
-678
-1
2
29
322
-340
105329
-105331
11279
-11289
276
-276
29
35
892
-770
-164
-19
117
-67
-35
81
-93
5
-4
-7
25
-22
5
-8
100
-92
-7
735
-555
-178
35
364
-378
2
-16
2:-2
4
-10
86
-86
2
216
-179
-1
793
-826
38
-26
10
-24
-1
15
-12
-4
21174
-19892
-1102
-172
0
-9
0
7
-4
139
-121
-13
111
-74
-38
-4
2:3
-9
2
41
-43
1497
-1496
1010
-995
16
17521
-17104
-450
29
557
-576
-6
66
7
-77
3
479
-481
99
-68
-26
-6
302
-290
7651
-7197
-397
-66
2
1
41
68
32544
-32555
-104
2023
-2020
13
102
-117
441
-435
68
816
-857
3295
3960
-7287
292
-291
-1
62
-59
-4
78
-78
5
-4
23
-24
8
-3
-4
89
-73
5
-21
-1
31
3518
-3546
19
621
6358
-6997
8
166
-123
-35
-18
24
-9
-11
-7
1542
-1534
-6
214
-214
1
20
-20
26
171
910
-1103
382
-385
41
-34
54
-17
300
-346
38
-1
-8
-24
315
-170
1259
-1163
-243
1
-4
7
1130
-1137
430
7477
-7896
-9
0
49
-51
-1
36
-29
60
51
-94
-7
69
-70
-17
139
-138
73
-70
19
-17
71
-73
130552
-102796
-27745
2
-16
48
-33
71
97
-181
2
-4
305
-304
101
-96
5341
-5345
18
12
-29
2820
-2790
-32
12
-12
9
3
-9
0
151
573
-725
2419
-2384
-35
12
-14
31
51
-55
-20
-5
49
-50
3
23
68
-80
-14
0
74
-8
20
-28
-60
2065
-2061
1
200
-157
-43
0
12167
-12167
16
-2
-14
0
-3
39
11
84
-130
5
47
453
-497
-2
-11
-1
65
-63
61
-45
25
60
-88
-9
4
8
61
-33
-46
45
-27
2874
-2415
20085
-15019
-5543
65
-49
2499
-2516
206
-16
13
-145
-56
-1
62
2988
-3042
332
-294
-45
35
-37
212
-185
237
2209
-2472
445
3585
-4006
15
-38
94
-94
0
14
-15
35
-34
2:2
9
-4
-9
9
22
263
-296
16
1350
-1248
-97
1454
-1293
1645
-1805
5
449
-473
35
-34
45
91
-85
-53
1456
-1453
44
-40
-2
-8
-2
0
3
-1
0
-2
-1
2
0
1
-3
1
0
3
-3
0
1
2:0
-1
2:0
1
0
-1
0
-1
1
-1
2:2
-4
2:1
2:-1
2
-1
0
-1
1
-1
4
-2
-1
3
-2
1
-3
0
2:1
-1
2
-2
3:0
2:1
0
2:-1
1
-2
3
1
-1
2:0
-3
2
0
-2
2
-2
0
3
-3
4
0
-4
1
0
-1
2:0
1
3:0
-1
0
1
3
-1
0
-2
1
2:-1
2:1
2
-3
1
0
1
-3
1
-1
4
-4
2:1
-1
0
-1
0
1
3
-1
-2
2
3:0
-3
1
0
2:1
-1
-2
2
1
-3
3
-2
0
1
0
-2
0
2:1
2:-1
3
-3
4
-3
1
0
-1
3
-3
3
0
-1
0
-2
3
-4
2
1
-2
-1
3
-2
-1
3
-2
1
2
0
-4
2
1
-2
2
-2
3
-3
0
1
2:0
1
2:-1
2:0
3
-4
2
0
-2
1
2:0
-1
0
4
-4
2:0
3
-2
3
0
-3
2
2:-1
3
-3
2
-3
3
-2
2
0
-2
0
2:1
-1
-2
1
2
0
-3
0
1
-1
3
-3
1
0
2
-3
1
0
-1
1
2
-2
-1
2
0
-1
0
1
0
-1
1
-2
0
2:1
2:0
-1
3:1
-1
0
-2
-1
3
-2
2
0
-2
-1
0
2:1
-2
2
0
2
2:-1
-2
0
3
1
-3
0
-1
2:0
4
-4
3
-2
2
0
-2
3:0
1
-2
2
1
-2
1
0
7
-7
0
1
2
-3
1
2:2
-5
3:0
6
-5
125
-126
0
1
-1
0
15
0
-15
14
-14
2:0
2:1
0
27
-29
2:0
1
7
-6
-2
0
5
-5
2:0
2
4
-6
2
-2
0
2
-2
0
2:2
0
-3
0
4
-4
2
-2
11
-12
9
-9
3
-3
2:0
1
-1
0
1
0
-1
2
2:-1
0
1
10
-11
0
2
2:0
7
-9
0
3
3:-1
0
1
0
-1
1
-1
8
-7
5
-6
1
12
-12
-1
7
-7
19
-17
2:-1
2:0
1
-1
3
-3
0
1
5
-6
0
1
-1
0
5
-4
-1
5
3
-7
1
-1
38
-21
-18
0
1
-1
3:0
1
-1
0
97
-95
-2
0
2
-1
6
-6
1
-1
26
-27
2
3
-3
-2
3
5
0
-8
0
6
9
17
-32
31
-31
2:0
1
-1
7
-7
5
-2
-3
0
9
-3
7
-12
-1
3
4
-5
-2
17
-16
15
-16
3
-3
0
2
-2
3
-2
2:0
-1
3
50
-46
1531
-1537
82
-83
42
-42
11
-5
8
-12
1
2
-4
-1
1
18
-15
-4
1
0
9
-8
-1
2
15
-17
-1
138
-137
2
10
5
-11
-7
2
-1
3:0
22
-23
0
28
-28
0
15
-15
5
0
2
-7
1
3
0
-4
519
-456
-51
-12
1
-1
2:3
-6
3:0
10
2:-4
-1
3
2:-2
2
6
-6
71
-70
28
-22
-8
280
-281
0
18
36
-54
0
10
-6
-4
1
32
-33
29
-21
-7
-1
13
-10
141
9
-148
-5
3
0
-2
17
588
-576
-30
134
-134
3
10
-13
15
-13
38
51
-88
573
-568
-7
98
-97
1
12
-14
-1
3:0
2:1
-1
1
7
-9
8
-7
2
-3
0
9
105
-114
1
5
192
-198
0
19
-7
-6
-5
2
-3
2
-2
35
-35
1
61
-60
-2
6
-5
1
32
134
-156
15
-26
6
-3
6
-1
47
-56
5
0
-2
-3
6
21
-6
9
-29
0
-1
4
47
-51
57
18
-70
0
-5
8
-7
-1
0
1
2:2
-3
12
15
-28
0
2
-2
0
3
-4
2
0
-2
14
206
-220
6
-4
0
3
1
30
-36
3:0
1
15
-15
745
-745
0
-1
0
16
-16
4
-1
-3
2
-1
2
-2
8
45
-53
0
2
-1
-2
0
1
10
-4
-3
-4
1
3
-4
7
14
-15
-5
0
22
-14
1
3
-11
79
-81
1
16
-11
-6
0
17
-16
-1
7
-4
0
-2
5
-2
8
-9
-1
2:4
-8
0
2:-1
13
-12
2:3
0
4
-9
7
-9
4
12
-15
-1
0
4
-2
103
1010
-327
-786
3
-3
368
-369
11
14
-12
-14
0
2
26
176
-201
-3
6
-6
7
-7
17
-7
10
27
-46
142
28
-168
-3
1
28
-26
-3
1
-1
5
-5
5
0
-3
3
-5
0
12
1
-13
1
0
3
-3
17
-4
36
-48
-2
26
-26
0
4
-4
9
0
-9
60
-58
-2
15:0
1
-1
13:0
1
-1
15:0
1
-1
9:0
1
-1
2:0
1
-1
0
1
-1
32:0
1
-1
4:0
1
2
-3
4
0
2:-2
2:0
1
0
-1
1
-1
0
1
-1
12:0
1
-1
4:0
1
-1
10:0
2:1
-2
16:0
1
-1
4:0
1
-1
2:0
1
-1
10:0
1
0
-1
16:0
1
0
-1
7:0
1
-1
1
-1
4:0
1
-1
0
1
-1
4:0
9
-9
2:0
1
-1
7:0
1
0
6
-6
-1
3:0
4
-4
3:0
1
-1
2:0
1
0
-1
2:0
1
-1
0
1
2
0
-3
5:0
3
-3
3:0
1
0
-1
6:0
1
-1
1
0
-1
5:0
1
-1
0
end
