v1
862
28
81
78
20
3
87
446
128
222
62
74
27
4
21
139
39
9
56
440
119
88
100
126
189
48
1
57
17
39
7
15
70
57
19
374
122
39
7
165
59
207
58
288
140
17
14
25
384
152
159
234
46
229
169
11
160
111
22
12
290
0
5
106
194
22
19
62
163
28
13
129
41
156
194
53
78
189
11
271
366
84
51
31
117
108
277
4
253
20
24
185
227
63
79
122
74
93
7
176
104
370
303
275
431
90
304
42
58
363
25
54
339
69
57
31
373
469
42
135
366
55
30
339
243
38
28
93
82
230
255
77
7
118
40
236
275
49
470
46
24
128
89
71
44
242
8
59
45
175
52
66
187
1
26
1
29
4
8
33
6
32
43
12
26
23
7
1
46
2
17
130
3
1
118
73
9
74
40
5
14
29
2:35
30
3
35
19
38
17
245
74
373
173
120
225
160
35
86
133
110
98
206
10
33
6
116
77
27
180
54
121
35
106
85
74
27
41
87
111
61
58
88
5
282
129
275
37
271
28
0
10
5
30
1
2
83
70
86
109
22
12
41
43
63
203
114
105
7
168
0
50
41
717
199
102
71
22
195
172
20
30
6
111
24
42
115
93
94
8
67
50
325
636
31
25
221
12
21
80
96
50
33
2:53
75
19
38
69
7
8
147
40
393
447
63
101
36
45
20
184
34
96
0
282
0
3
37
175
70
63
58
8
11
32
74
12
23
71
37
146
22
15
14
38
100
54
47
31
30
6
31
58
52
88
153
59
5
20
3
69
35
89
3
2
119
32
54
52
70
0
49
3
122
10
59
40
45
29
18
46
17
21
102
32
0
34
123
31370
5
8
14
9
43
161
33
53
14
30
85
88
76
8
112
36
8
22
944
99
109
68
111
71
166
18
47
9
290
3011
2211
328
383
1170
5136
4
8690
2126
1889
761
1549
3217
423
2103
2466
790
8312
816
4449
2
14
0
8075
2
2826
882
943
15
13
2440
13
1997
27
3119
1
7
9
2
5
1
2
1425
3523
530
115874
3544
1
1735
5981
25
73
4
9413
32310
47
54
7
3
4
14
4
21
5
18
28
95
113
20
53
36
5
16
71
7168
47392
781
35
74
59
98
7
2
27
17
1
38
1
6
12
1
52
93
16
27
10
3:1
2
8
2:1
11
2
755
14
3627
4380
8455
4654
3093
10208
7980
575
485
1183
1062
665
436
532
2
1
2
6
5
11
28
3
55
125
6
3
26
2
3
1
31
9
3
22
25
10
30302
9889
115
64
176
69
7
24
725
1
46
263
85
92
110
24
25
228
9
57
18
41
103
47
31
10
2:5
4
30
273
420
5
19
17
38
8
14793
226
1990
9722
2:1
162
1
115
11
7
10
2
11
49
13
4
0
58
5
23
7
6
-488620
910
90
763
3
89
5
151
68
223
402
495
18
198
233
679
290
8
563
45
223
38
86
151
254
177
107
45
257
111
15
17
11
120
930
175
85
262
7
23
270
70
42
103
276
107
32
66
92
82
89
379
100
5
114
57
385
124
8
227
146
194
36
140
23
267
454
713
578
3
118
83
601
5
264
145
222
321
144
16
174
209
317
0
784
93
119
164
243
111
248
270
181
130
365
0
1
24
17
226
101
314
10
76
353
48
118
236
86
968
218
126
352
159
116
325
55
31
199
28
360
171
52
0
202
17
346
81
865
152
55
33
1147
136
69
117
164
56
219
323
430
255
66
502
157
46
406
288
80
170
319
275
295
56
344
236
268
88
48
111
6
437
16
92
72
369
224
574
57
56
53
31603
505
0
57
43
7
22
11
119
38
974
94
139
93
272
5572
2544
1705
8026
5545
1520
21746
2139
7
9470
4686
1514
2943
8151
11905
104457
11311
38236
3704
130
236
9630
1380
25036
19276
44
16
29
94
445
56
4
750
42
40
67
57
15702
13394
16380
638
1061
7
37
48
5
37
8
2
21
3
15
9
1
4
2:83
31821
8746
144
541
5
208
644
153
26
14
135
486
324
12
122
15033
11815
175
153
1420271400
599:0
1
261:0
16
-11
0
3
1
-4
10
-4
37
-26
13
-30
0
19
-13
13
29
-49
11
2973
-2982
32
-27
8
-9
40
401
-424
676
-676
27
-47
4
18
-18
3
66
-76
44
-40
0
-4
32
-4
-9
-7
28
-33
128
26
-136
-14
-12
29
-6
199
-162
37
-93
-1
0
3
8
-8
-6
5
11
-13
7
37
-47
88
-82
31
233
-246
-22
-1
2:1
3
900
-841
-26
125
-162
27
18
-43
0
1
0
58
393
-432
-13
873
-879
6
-10
139
-103
51
871
-951
4
-6
23
49
-68
115
22
-126
86
-98
-7
102
-91
20
39
-69
11
96
-97
4
1
181
-184
-9
-5
33
229
-262
5
340
-49
-292
-4
19
433
-449
21
335
-331
-18
54
-48
-16
16
-11
1
4
9
-12
9
39
-39
-16
1
0
521
-463
-58
2
15
-16
49
-51
6
-2
4
10
76
2
-91
223
-172
-52
0
7
-6
26
-28
84
-87
4
26
-24
7
322
-335
245
-233
93
-30
-20
-42
-10
9
342
-345
60
60558
-60624
3371
-3005
-369
0
46
-43
13
-13
333
-325
-12
2
141
-130
-11
28
-30
9
1
36
-42
-3
5
-6
159
-66
-88
2:9
-22
414
-233
-172
7
-10
-1
18
208
222
-452
2
16
-15
5
-7
0
-1
2
78
-81
274
-233
-34
-8
847
-845
-1
4
507
-474
-22
31
-41
8699
-8697
1823
-1751
-57
-16
-5
77
72
-145
63
-57
-8
3
66
-42
-27
1785
-1779
-8
585
-577
52
32338
-32392
400
-402
27
104
-98
-23
42
173
-218
-10
3:0
-1
268
-182
381
-466
17
3811
-3140
-643
-42
-5
18
-15
69
-50
5
-15
-11
60
120
39711
-39793
-79
1765
-1776
7
-15
147
325
-467
17
749
-730
5094
-5136
16
42
-57
165
-167
2
9
-1
-7
0
-2
0
15
-8
-6
5
-5
19
13
47
-64
-16
2:1
0
2351
-2349
17
20200
-20213
83
45
-124
21
-26
-6
0
369
-354
143
-154
-6
120
579
-628
483
-393
-107
-44
10
20
-22
193
-173
32
685
-753
55
162
1109
-1327
209
-201
411
-369
292
-337
9166
-9171
1914
-1914
12
-8
-3
62
23
-70
75
-89
0
-2
4
22
-13
-12
328
-329
5
46
-50
0
25
-18
-4
7
28869
-28872
-4
-1
5
-3
11
-13
0
187
-186
16
301
-179
-110
4671
-4703
-1
5
3
139
-139
1
2283
-2287
-1
8
22
-32
19
-14
0
7322
-6974
-349
-5
8
30
-35
36
-4
-32
316
-305
-2
45
-51
-3
5
-1
462
-450
27
-46
4
43
-27
-10
62
-57
11
936
-947
182
-184
95
-108
19
-4
594
-607
16
114
11
-139
28
152
-179
107
-1
-103
55
11
-73
-1
7
-4
-2
51
-52
156
-155
16
-12
51
14885
-13947
12493
-8703
-4768
-11
69
-74
18
1744
-1737
-16
385
-214
-73
-85
79
-85
135
1747
-1885
31
20
-64
62
-62
6
227
1698
-1282
569
-1198
47
-60
51
-3
-54
7
45
-49
10
-11
13
-11
45
53
-103
1
27
37
-39
2161
-2144
2676
-2635
45
-119
7
-2
6
-16
298
-252
-49
0
1265
-1262
17
-2
-20
2:-1
0
-1
1
2:-1
2:1
-1
0
1
-2
0
3
2:-1
1
-1
0
-1
2
1
-3
2
-2
1
2
-2
2
-2
2:1
-2
-1
3
-3
2
-2
2:0
3
3:-1
3
0
2:-1
2
0
-2
-1
2
-2
2:0
1
0
2:1
-2
1
2:-1
2
1
-1
1
2:-1
2
0
-2
-1
2
-1
1
-2
2
2:0
-1
4:0
-1
1
-1
2:1
-2
1
2:0
1
-2
1
0
1
0
2:-1
1
-1
3
0
-1
2:0
2:-1
3
-1
-2
0
2
-1
2
-3
3
-2
0
2
0
-1
2:0
-2
2
-2
0
3
2:0
-2
2:1
2:-1
2
-2
1
2:0
-1
1
-1
2:0
1
0
-2
2
-1
1
-1
0
1
-2
0
3
-2
-1
2
1
-2
1
0
-1
5:0
2
-1
-2
0
2
1
-1
-2
2:1
2:-1
0
2
2:-1
2
-1
2:0
1
2:-1
2
0
1
2:-1
1
-2
2:1
-1
0
2
0
-3
0
1
-1
2
-2
0
3
0
-1
-2
1
-1
3
-3
1
4:0
2
-2
1
-1
1
2:-1
2
-1
3:0
2
-2
2
-1
-2
2
2:0
1
-2
0
-1
1
-1
2:0
2
1
1
3:0
1
2:0
-1
2:0
2
-2
0
3
-2
0
1
-2
4
108
-112
0
1
-1
2:0
15
-15
15
-13
5
-7
0
1
0
-1
4
13
-16
-1
0
1
8
-7
2:-1
2:1
6
-8
4
-4
0
1
2
-3
9
-8
0
-1
0
1
2
-3
3:0
5
-5
11
-11
3:0
4
-4
0
1
-1
1
-1
1
0
-1
10
-10
0
5
-5
1
2:0
6
-5
-1
2
0
-3
1
-1
0
5
2
3
-10
2:0
5
-5
1
13
-1
-10
3
-6
1
0
1
2
1
-5
1
5
-6
5
-5
1
-1
2:0
5
13
-17
-1
30
-19
-11
5:0
2
-2
1
34
-35
0
3
-3
2:0
2
-2
3
4
-7
3:0
40
-30
-9
0
1
-1
10
-7
0
-3
2
-2
16
7
-24
23
-19
-4
3
-2
0
3
-2
6
-6
-1
1
-1
6
15
-22
25
-24
2:1
-2
0
1
0
53
-55
13
1414
-1427
80
-63
-16
0
2
-1
1
-3
5
-3
-2
2
-2
1
-1
7
-7
3
-2
10
-7
-4
3
-3
23
-1
-21
7
-8
0
50
-47
1
-4
2:0
8
2
-10
0
2
1
-1
-2
1
0
1
-2
15
-15
32
-31
3
-4
20
-20
2:1
11
-6
-7
4
-3
386
-384
63
-55
-10
4
-5
0
8
-8
11
2:-5
-1
0
6
-4
71
-70
-2
21
-17
0
237
-241
44
-44
-1
3
-3
5
-4
23
-24
2:0
1
0
2
40
-37
2:-3
1
134
20
-152
-3
2
-2
2:0
6
-6
1
2:0
13
510
-514
-7
95
-98
2:0
9
17
-21
9
64
-70
624
-632
7
2
-9
7
-7
3
0
-1
-2
2:0
1
-1
0
8
-8
3:1
-2
8
-8
-1
2
0
127
-128
0
164
-164
10
-2
-7
10
-11
2:0
30
-29
42
-39
-5
29
138
-152
15
-30
3:1
12
-5
45
-48
-4
-3
0
5
36
-17
-24
17
-17
33
-32
48
-49
86
-86
6
-6
0
1
-1
1
3
6
23
-32
0
1
2:0
1
-1
7
-9
0
7
-7
0
8
-7
2
-2
195
-196
3
-1
0
2:-1
6
-5
26
-27
2:0
21
-17
607
-611
2:0
2
3
-4
1
16
-18
3:0
1
3
-4
2
4
44
-48
-2
1
4
-2
7
-5
-4
3
2:2
-8
2:0
1
2
15
-11
-7
0
1
27
-25
1
6
-7
7
114
-122
29
-24
6
-13
5
-2
-3
2:0
11
-7
2:-1
3
-3
9
-3
-6
4
6
-12
0
2
-2
1
3
-2
4
-6
5
-4
1
3
90
356
-264
-187
0
10
-10
6
206
-208
-4
12
15
-14
-11
-2
2
26
175
-199
2
4
-9
12
-12
-1
15
28
129
15
-183
21
-24
4:0
2
0
-2
0
6
-6
16
-6
-11
0
3
2
-5
11
-1
29
-36
9
-12
2
-2
2:0
9
-4
-5
0
67
-66
-1
2
2:-1
4:0
1
0
-1
7:0
1
-1
17:0
1
-1
6:0
2
-2
13:0
1
-1
6:0
1
0
-1
49:0
1
-1
5:0
1
-1
6:0
1
-1
0
1
-1
4:0
1
-1
2:0
2
-2
16:0
1
-1
14:0
1
0
1
-2
9:0
3
-3
27:0
1
-1
4:0
1
0
-1
4:0
1
-1
9:0
3
-1
-2
0
1
0
-1
10:0
end
