v1
1053
187
352
45
149
10
79
49
109
144
105
52
178
9
130
171
113
82
84
35
79
445
28
57
17
39
7
15
28
99
19
159
212
50
114
7
197
252
40
288
140
56
236
15
133
152
159
60
29
73
72
107
215
107
26
16
56
64
135
34
76
67
172
86
194
65
201
41
160
166
109
138
339
156
28
237
111
44
166
191
34
349
32
46
107
48
214
257
79
196
93
183
59
45
166
44
102
361
255
20
131
17
283
90
404
442
126
213
69
55
2
31
744
34
64
42
135
186
141
39
85
112
227
281
433
339
158
140
96
115
160
16
212
164
145
52
237
51
214
80
59
338
244
45
6
32
37
6
19
50
65
128
2
4
118
69
13
74
45
14
64
30
5
30
38
19
38
17
141
104
74
11
362
173
120
225
134
26
121
133
110
304
10
39
116
284
54
0
121
141
85
101
41
198
58
3
20
126
29
258
156
285
276
23
15
31
2
83
70
123
106
41
423
7
282
799
301
71
22
7
360
50
115
2
72
109
93
94
75
50
325
636
30
247
12
21
29
18
129
10
46
44
36
124
4
57
69
7
8
147
30
10
283
83
27
447
164
81
20
184
452
175
70
25
96
8
11
32
363
51
38
100
40
14
47
31
30
127
20
88
153
59
5
20
3
104
89
5
33
89
135
66
178
69
132
46
17
21
168
31493
5
6
16
9
43
161
4
126
173
76
8
112
14
22
8
22
1152
68
111
71
166
18
47
2969
341
2211
328
1553
5136
4
6258
2432
2126
2650
4766
4989
3
1620
5307
2991
925
3524
2
14
8082
2821
882
943
15
2466
2024
3119
1
7
9
2
5
1
2
1425
3523
103306
13098
3545
7741
32
41
9417
32411
10
18
4
21
100
48
38
93
53
19
17
5
16
54631
781
35
74
59
98
7
2
27
18
38
1
6
12
162
27
10
3:1
2
8
2:1
11
3
725
7
22
14
19
16443
4654
3093
4413
5795
7980
575
238
203
1227
1062
1101
532
2
3
2:6
37
1
3
86
94
6
3
28
3
1
43
47
4
5
1
30302
9777
227
64
176
69
631
125
1
46
36
227
85
202
24
111
142
9
42
15
18
41
103
47
31
3:5
9
30
0
273
425
19
17
38
30
14920
77
1990
9722
2:1
162
1
93
8
14
23
5
7
55
13
62
35
11
-488669
20
11
191
19
45
256
220
295
83
0
71
198
74
30
212
80
2
92
0
237
24
0
58
48
20
100
109
1
23
86
180
0
44
268
13
0
16
153
144
101
29
59
16
42
22
213
47
199
132
98
16
52
0
212
313
196
81
0
97
252
9
0
184
18
125
240
223
0
101
159
61
0
6
86
32
201
110
41
128
0
13
180
137
25
140
32
11
0
132
71
34
25
30
217
270
112
29
122
0
198
65
301
52
92
41
417
9
90
29
198
29
367
176
138
55
197
17
136
8
0
19
363
58
34
2
0
95
4
8
325
15
111
3
0
64
158
56
25
0
299
395
53
17
131
28
0
17
58
0
91
2
120
351
19
111
33
65
18
182
0
82
120
72
349
17
131
81
207
0
187
0
169
91
0
34
182
171
89
140
18
1
9
50
64
65
192
0
205
121
0
10
509
151
4
145
171
10
26
1
24
17
37
0
2
57
20
64
2
47
2
3
21
30
96
0
14
90
43
45
21
91
0
11
54
11
0
49
37
66
73
52
45
124
31
50
160
134
151
302
0
112
310
47
214
2
201
151
153
11
0
27
81
0
150
159
12
227
147
0
6
134
96
72
49
86
11
424
171
17
5
182
0
136
5
99
0
264
0
199
351
4
55
0
12
59
0
73
0
43
507
205
94
194
209
447
22
4
67
10
1
295
134
205
0
175
392
143
42
384
0
19
31
146
6
38
0
95
37
19
13
25
17
4
207
358
69
44
19
593
201
331
115
31
17
7
71
24
134
224
87
23
181
0
96
0
11
91
62
0
106
0
56
8
0
13
16
54
110
166
209
76
0
21
11
24
172
145
9
17
3
0
133
57
0
39
2
45
0
38
114
16
40
15
41
1
98
13
15
0
31
31385
0
73
41
45
149
0
3
0
2
12
92
0
149
31
8
25
40
62
1108
0
17
253
126
7
57
52
0
22
33
12
0
5527
0
4952
0
691
0
3840
13370
1955
2969
0
3256
5704
423
0
6072
1384
8078
7
1
0
1
0
4685
0
1514
2943
3153
5486
115874
3543
1736
6010
0
73
38185
3585
61
58
59
61
64
63
119
6
0
76
0
7168
3760
44401
113
71
171
35
52
46
45
1
5
51
9
17
811
8
0
63
0
25
44
3445
15766
5994
0
3879
8402
5789
2199
711
969
0
9
17
9
0
3
129
35
4
70
36
0
31
0
37
31813
0
7115
1692
24
32
27
30
286
438
292
0
305
47
198
250
20
522
116
32
25
60
59
9
0
14784
0
4
120
30
12082
17
19
1
115
1420164000
499:0
1
552:0
1335
-1304
-6
-13
56
-58
-1
148
-121
122
-98
-23
34
-62
7
43
-45
-3
6540
-6515
-26
7
440
-388
4000
-3982
-47
0
11
37
12
33
-123
35
-7
-25
2
16
151
-121
-27
-24
30
23
30
-81
-2
2
0
92
-93
8
-5
1349
-1351
102
233
-262
10
-71
32
711
-743
43
-44
-3
77
50
-139
14
30
-34
21
-30
72
-71
1159
-1061
62
19
-179
40
-38
70
2594
-2656
21
-31
24
-21
121
-120
12
16
-26
-6
51
-50
751
-719
-20
50
-63
620
-428
-116
278
-328
-26
88
-89
16
-10
-2
34
-19
-6
-9
4
1
1517
-1438
-16
-67
825
-828
138
278
-418
163
-162
2
12
3
574
-572
17
-24
126
-58
-78
94
-97
-1
235
-234
140
-120
101
-114
37
121
31
-61
-130
641
-498
-147
11
74
124
-209
465
-462
23
-16
46
-52
336
-340
18
201
-146
163
-148
-81
28
-33
7
396
-401
110897
-103025
-7642
-170
-44
0
14
138
-28
-30
53
-166
39
118
-157
11
4374
-4138
-249
20
-9
127
-138
41
568
-180
-398
-23
77
422
-475
-22
340
-249
140
-236
5
-10
949
-946
10
759
-758
5
51
12188
-10361
-1751
-143
3
68
130
-191
46
-29
-24
-2
-3
2:-1
37
-36
4377
-4322
1263
-1309
611
26241
-26845
-1
-12
4
701
-689
-5
15
16
1368
-1246
-101
17
-79
13
8143
-7187
-933
-3
-33
177
69
-251
37899
-37872
2
5447
-5467
69
597
-661
5
1554
-1145
5953
-6371
33
62
-102
0
14
361
-363
4
18
-36
7
1
1752
-1114
8487
-9120
127
78
-207
9
173
193
-143
-175
-64
170
198
1594
-1670
142
-381
-25
10
9
120
-90
305
-383
128
41
1629
-1539
-262
816
-667
-145
291
11309
-11402
-197
1
129
-81
-19
-34
78
22
-98
1239
-1235
30
-30
82
-89
6
-3
41
-40
12
48966
-48950
-23
-6
11
-14
3
-2
1091
-705
-362
239
6509
-6751
-2
94
310
-422
15
-14
5
13
5
-26
399
337
-728
27
-29
19
613
-604
53
78
-148
97
-110
-2
28
398
-401
242
-220
-32
162
-172
23
1624
-1645
160
-111
157
-215
2
12
9
6
-27
11
115
108
-228
21
-21
1367
-1366
-6
98
1570
-1650
888
-905
27
-12
566
-579
23
455
-468
15
-26
-5
792
28597
-24262
-5065
93
-65
-89
1203
-1163
-41
131
-1
-75
6
-61
215
933
-1124
501
26
-281
-193
-68
-8
340
4662
-5002
1163
11206
-12300
84
-153
-1
5
-2
3887
-3571
-249
0
-43
-8
106
-73
173
68
-246
-34
21
-25
1954
-1883
3390
-3409
5054
-5066
282
-323
35
-43
149
-80
994
-1060
-2
-6
-1
1
-4
2
4
-5
2
2:-1
0
3
2:0
-3
-1
7
-6
-1
0
3
-2
0
-1
1
0
6
-6
1
-2
2
-1
0
6
-4
3:0
4
-7
0
6
-5
2:0
4
-4
2
3
-2
2
-4
1
0
1
3
0
-5
0
2
0
-3
3:0
3
4
-7
0
3
-4
1
0
3
1
2
-5
-2
1
4
0
2
-5
-1
5
-5
3
-2
2:0
1
-3
2
3
-5
0
1
4
-2
0
1
-3
3
2:0
-3
4
0
-1
-4
6
-5
2:3
-1
0
-1
-5
5
-3
0
3
-5
3
4
-7
0
3
4
-7
0
1
5
-5
0
-1
4
2
-4
-2
2
5
-6
5
-4
-2
0
4
-4
2
2:1
2
-6
1
2
-3
0
1
4
0
-5
2:1
0
1
4
-5
3
0
-3
0
3
2:0
-3
5
-4
-1
1
4
-4
4
-4
3
-5
3:0
1
0
-1
5
2
-8
4
3
-1
-5
2
1
0
-3
0
7
-3
-4
2
-2
4
1
2:0
-5
3:0
4
1
-5
6
-6
0
2
1
-3
0
1
3
-3
3
-5
6
0
2:-2
-1
1
2
-3
0
-1
3
-1
0
1
3
-6
7
-5
-1
2
-2
2:0
2
-1
-2
2
0
-2
1
5
-6
3
2:-1
4
-1
-4
1
2:0
6
1
-6
-1
1
0
1
4
-4
2:0
4
-5
0
-1
0
5
-2
2:0
-2
6
-6
2:-1
4
-2
5
-5
0
-1
0
1
5
-7
2
1
0
-2
6
-5
6
-7
3:0
1
-1
5
-4
-1
0
-1
4
0
-4
7
-1
-4
3
-5
1
-1
4
-3
-1
1
5
0
-6
0
1
2:0
5
-6
0
1
3:0
2
-3
6
-5
-1
1
5
-5
0
6
-6
7
-7
-1
4
2:-1
1
-1
2:0
-2
2
3
0
-4
0
2
-3
0
1
4
-4
5
-5
0
3
-3
0
-1
6
0
-3
0
-2
1
-2
2
-1
0
5
1
-6
1
2:-1
3
0
-1
0
5
-5
1
-3
2:0
2:1
0
-2
0
3
0
-1
0
2:-1
4
-2
0
5
-5
-1
2:0
6
-2
-4
-1
0
5
0
-2
0
2:-1
4:0
3
-2
0
2
-1
2:2
-2
-3
3
-3
0
1
2:0
-1
0
4
-4
2
4
-7
3
-1
2
2:-1
4
-7
6
0
1
-1
-3
0
-1
2:0
-1
0
2:2
0
-1
0
3
2:0
-6
0
4
0
-4
0
3
-3
2
-1
2
-3
0
-1
5
-5
1
0
-1
2:4
-7
3
-1
-2
1
3:0
6
-8
4
2:-1
-2
0
4
2:0
-4
0
2
0
2
-4
6
-2
2
-5
1
6
1
0
1
-1
2
2:-1
2:0
6
0
-5
7
-8
2:0
5
-4
133
-133
-1
1
9
-8
20
-20
17
-17
-2
2
-2
2:0
2
42
-44
2:0
12
-10
-2
3:0
6
-5
2:0
-1
2
-2
1
-1
4
-4
3
-3
8
-8
4
-4
0
5
-3
-2
5
16
-20
0
-1
6
-5
2
-3
2:0
2
4
-4
9
-9
2:-1
10
-10
6
-2
-4
2:1
-2
3
-1
1
-2
-1
4
-2
24
-26
0
10
-10
11
0
-10
20
-17
-4
3
-3
2:0
1
6
-4
-3
0
3
-3
0
7
-3
-4
9
-8
-1
36
-36
20
-20
2:1
-2
1
-1
3
-3
76
-72
-4
5
2:-1
50
-53
20
-17
5
2:-2
-1
19
11
-33
41
-38
-1
0
11
-4
-8
15
-15
3
-1
13
-16
22
-22
0
20
-13
0
5
-12
1
2
-2
68
-62
1736
-1623
-88
-23
-4
0
6
-4
1
2:-3
0
-1
21
-22
9
-9
20
-20
6
-6
24
-19
-1
81
-82
9
-11
16
2:-3
-11
2
15
20
-37
2
-2
20
-19
2
13
-16
3
1
652
-561
-85
-7
2
-3
12
-13
7
-4
-2
2:-1
4
-4
6
-6
87
-87
53
-49
0
300
-304
4
1
-5
70
-66
-2
9
1
19
27
-47
-3
-8
6
170
79
-250
2:1
-4
26
-29
833
-821
-7
122
-126
7
20
-25
18
81
-84
978
-987
8
2:-7
-3
10
-10
2
4
3
-9
4
-3
174
-169
227
-233
20
-6
-13
7
-3
37
17
-43
-12
24
-28
246
-223
35
-52
0
10
-2
44
-47
-3
-8
2
52
-18
3
-38
70
-69
-2
53
49
-91
-11
6
2:-3
5
-1
17
14
-35
2:1
6
-4
-2
1
-3
7
-4
1
6
223
-232
4
0
-3
0
-2
4
20
-23
-1
38
827
-865
1
3
14
-18
0
1
2
-2
13
-12
6
64
-69
1
2:0
15
-16
9
-1
0
-7
3
-5
10
6
-9
26
-27
7
10
-24
13
116
-127
33
-28
3
-11
16
-14
5
1
-8
1
16
-5
-11
9
-9
3
-2
0
13
-6
-4
9
-14
6
-5
2
0
3
9
-14
3
-4
3
124
632
-470
-279
-5
0
-3
284
-280
-6
12
17
-6
-19
-3
69
224
-288
-6
18
-12
17
-18
0
16
28
-48
270
179
-446
31
-29
-2
-4
1
2
-1
10
0
-8
11
-9
11
2
-18
-1
2:2
-3
24
-13
33
-41
-4
1
23
-23
0
3
11
3
64
-82
13:0
3
-2
-1
23:0
2
-2
16:0
1
-1
8:0
2
-2
13:0
1
-1
2:0
1
-1
15:0
1
-1
3:0
1
-1
0
3
-3
0
1
-1
9:0
1
-1
0
1
0
-1
7:0
1
-1
2:0
1
-1
16:0
1
0
-1
0
1
-1
0
1
-1
4:0
3
-3
0
1
-1
2:0
1
-1
0
2
-2
8:0
2
-2
3:0
2
-2
3
-3
3:0
3
-3
3:0
8
-5
3:-1
3:0
1
-1
0
1
-1
6:0
3
-3
2:0
3
-3
15:0
1
0
-1
3:0
1
-1
11:0
2
-2
4:0
5
-3
2:-1
4:0
1
0
3
-4
3:0
1
-1
1
-1
2:0
1
-1
3:0
2
2:-1
3:0
2
-2
1
2:0
-1
3
-3
3
-3
2:0
1
-1
0
1
-1
6:0
1
-1
0
1
-1
6:0
2
-2
11:0
1
0
-1
1
-1
5:0
2
-2
3
-2
-1
1
-1
2
0
-2
2
0
-2
1
2
0
-3
5:0
3
-3
8:0
1
-1
0
1
0
-1
1
-1
2:0
1
-1
5:0
1
-1
9:0
1
0
-1
9:0
1
-1
2:0
2
-2
3:0
4
0
-4
6:0
1
-1
2:0
2
-2
1
2:0
-1
3:0
1
-1
4:0
2:1
-2
3:0
2
-2
3:0
1
-1
1
0
-1
0
1
0
-1
1
-1
1
2
0
-3
0
1
2
-1
-2
2:0
2:1
0
-2
0
2
-2
4:0
1
-1
3
0
-3
3:0
1
-1
2:1
-2
2:0
5
-5
5
-5
3:0
1
-1
1
-1
3:0
2
-2
1
0
2
-3
0
1
end
