v1
841
2083
551
58
56
22
28
1335
102
196
384
152
44
95
980
936
573
339
55
101
555
256
1421
287
166
755
27
431
494
388
54
92
247
65
61
31
884
67
485
34
339
402
1045
275
16
549
24
177
111
294
585
139
81
31
199
118
82
74
59
64
65
95
262
447
173
869
314
39
116
338
121
368
259
433
755
33
153
270
1511
301
0
460
50
117
368
75
770
241
277
473
126
162
433
712
184
360
55
37
175
199
11
32
74
478
54
108
235
212
5
20
3
198
748
17
155
34
31493
5
22
246
97
1
172
76
120
36
30
1331
237
65
3310
2211
328
1553
5140
8690
2126
2650
4766
14910
4449
2
12757
7610
18
124905
7741
73
9417
32421
20
2
389
5
55463
74
193
63
174
38
4
9
1
11
771
16462
4654
3093
10208
10223
2712
41
86
131
3
1
100
40306
64
176
100
725
1
309
85
479
9
57
18
144
132
772
15027
1990
9723
1
162
116
107
58
5
-488590
6
132
20
45
317
6
0
168
76
3
158
75
100
66
8
52
34
105
14
34
26
242
33
49
92
28
26
84
223
40
0
46
40
81
29
3
0
105
20
120
535
122
46
165
58
481
213
26
266
102
287
0
130
102
72
132
55
88
47
41
92
160
134
11
19
48
76
73
33
121
31
50
144
41
99
126
214
81
131
77
60
121
165
43
245
26
12
226
107
21
142
2
40
28
437
0
23
63
47
110
21
12
7
149
12
8
86
29
43
27
158
79
39
2:9
124
193
98
8
254
52
129
224
0
4
42
40
24
39
49
16
46
94
11
12
267
8
25
30
71
54
74
27
165
519
194
67
119
13
150
78
1
314
40
28
168
0
15
96
63
210
50
44
156
0
10
161
39
55
274
333
16
55
16
29
255
28
55
130
55
169
7
118
87
66
229
219
59
64
55
11
153
81
690
117
146
26
116
7
145
26
37
29
12
16
17
6
57
18
12
5
10
17
24
47
2
17
7
96
2:7
13
3
112
28
33
40
102
5
32
17
10
0
1
53
68
3
16
55
91
160
2
0
29
10
27
11
2
89
27
44
127
65
86
92
57
66
206
19
160
35
16
15
55
54
79
414
43
226
42
68
70
316
85
74
27
100
28
111
171
36
5
267
144
27
195
59
30
1
10
153
136
10
23
81
17
52
141
54
52
350
114
85
152
43
9
41
662
179
0
109
7
185
10
176
136
111
53
0
56
26
295
48
9
117
30
295
3
0
12
392
277
154
108
29
147
50
12
2:32
10
53
37
11
8
2:38
76
8
46
7
134
283
557
63
99
2
81
102
110
56
66
115
10
153
0
4
74
211
70
28
23
15
79
3
34
6
16
7
32
80
0
69
73
22
29
38
36
162
3
53
14
83
38
20
52
189
156
24
11
89
3
35
172
31
14
7
102
142
55
13
1
38
42
5
47
75
29
3
50
4
168
15
31
31449
9
86
66
4
79
3
198
23
0
65
8
7
58
62
36
13
941
54
56
110
68
182
108
74
2
26
17
13
272
18
5538
9
384
3542
9028
1673
4385
390
8052
2080
383
3
790
5704
433
3916
2139
7
1384
10
8046
29
2
5
2817
4
5
877
943
2468
13
474
511
1012
33
3113
8
9
10
1425
3523
530
115874
0
3544
1736
5981
37099
1188
3639
28
37
120
10
4
40
73
1
19
16
37
19
27
11
7239
3760
25036
18596
731
50
22
60
86
1
97
7
2
24
21
2
13
24
18
53
0
93
43
10
2
1
10
15
726
7
22
33
23
2:4
12
51
3514
3835
30206
4729
575
0
238
203
44
1389
667
143
46
665
436
532
2
1
2
4
2
5
11
9
18
100
14
7
4
24
4
31
9
22
44
6
3
38
4
5
9
30303
1513
7115
1685
90
30
49
634
41
399
110
24
28
83
127
52
88
61
39
43
7
31
10
2:5
4
94
209
375
50
19
17
15
14978
11784
298
10
26
36
13
7
16
74
1420134600
199:0
1
640:0
6563
-6470
115
672
-804
56
-84
768
-464
-265
104
-103
-40
15
207
-34
-189
20
202
-139
280
-350
-7
421
-407
-16
155
-69
22
267
4234
-4295
-286
51
-70
9
122
-143
4
7
184
7
-123
-13
240
149
-425
567
-474
-117
233
-210
39
7
-43
352
-347
-26
-3
369
-379
86
129
135
66
103427
-92270
-11393
-178
15
406
-406
48
-16
241
-286
309
-303
93
3
1540
-1610
-32
17840
-9925
-7874
-3
14
2162
-842
31004
-32122
-234
258
-267
255
-176
-87
40770
-40265
-513
40
46
41406
-37472
-3874
-136
1768
-1355
3964
-4340
247
-241
34
2566
-2212
3928
-4112
-243
317
-326
223
-226
496
1274
90
-1791
28
-36
-52
590
-23
318
371
-1246
394
1723
-2087
111
-161
20
-13
4176
32143
-36260
187
-215
6076
-6062
24
111
2707
-1966
-926
-2
105
205
-264
133
351
-183
-316
530
-501
28
-47
4292
-4306
83
261
-351
28
87
21616
-19071
-1752
-880
-23
40
-61
133
913
-962
-69
76
1461
-238
4355
-5574
-63
266
243
-484
1456
-1451
607
-443
-229
659
-632
-74
4
-4
10
-2
-6
-1
0
32
-33
2
0
2:-1
2
18
0
-20
6
26
-27
-3
14
-15
-1
0
1
12
-7
-2
-3
2:0
-1
2
1
5
0
-8
0
17
-15
3
8
3
-16
3
34
-35
10
6
-17
0
-1
13
-1
2:-6
21
2
-23
11
-11
0
5
-3
0
37
-33
22
-25
32
-35
0
5
2:-2
17
-16
32
-32
1
14
-14
22
-23
1
-3
0
3
-1
2
10
2:-5
-3
0
14
13
-26
10
-11
27
-25
-2
-1
2
28
-24
-3
2
11
2:-8
5
8
-11
7
25
-32
2
5
-6
5
0
-1
-4
-3
11
-10
3
11
-5
-10
2:1
35
-36
1
3:0
33
-33
2
-1
-3
33
-25
-7
6
2
9
-11
0
-6
2:0
8
2:-4
-1
3
7
-5
0
-2
16
-10
-6
5
-8
29
-28
-1
6
1
0
-2
2
-5
0
23
-15
-10
3
2:0
-1
5
2
-9
6
0
-2
2
-3
1
15
-16
-3
4
-2
1
-2
1
23
-15
2
9
2:-10
8
-2
-4
7
3
-8
5
10
-17
-1
8
-7
37
-13
-4
8
-23
-6
-2
3
-2
0
-1
4
15
-15
4
10
20
-38
1
0
4
-5
3
11
-7
1
0
-6
-2
16
-9
-5
0
25
-24
39
-38
2:0
2:-2
2
3
6
-8
-1
18
-20
9
31
-25
-10
15
-11
-6
14
-11
7
-2
-8
-1
0
2
5
-4
-2
-3
3
38
-34
-5
4
-1
-3
32
-33
36
-33
25
2
-30
4
5
2:-4
-1
0
1
4
-1
20
-13
-9
17
-19
0
2:6
-12
1
-2
9
-6
1
-3
0
1
6
-8
1
19
-13
-7
11
-10
2
17
10
-27
0
2
-3
3
14
4
-9
-13
4
3
-6
5
1
-3
-4
22
-19
0
-2
1
0
-3
1
0
5
-6
7
-1
-6
33
-32
-1
3
-3
7
0
-4
0
-2
0
8
14
-19
10
14
-26
-1
8
-5
14
-15
-3
24
-24
11
-9
-2
11
1
2
-5
-7
0
1
2
1
3
-9
1
4
-4
-1
2
18
-17
-2
1
-2
2
-1
6
-2
-5
4
2
16
-14
2
8
-16
-1
0
1
7
-1
-6
3
22
-20
-6
-1
0
37
-11
2
-27
3
14
2:-6
-5
3
-1
11
-12
30
-32
19
-18
21
-21
-1
3
2
25
-18
-12
45
-44
6
-2
3
-5
0
1
5
1
-10
4
-4
21
-19
15
4
-18
-3
0
4
6
-2
20
-28
9
-7
-1
4
0
-1
0
5
-6
-3
3
5
-8
2
0
13
-11
-2
-1
3
19
-18
2:3
-9
2
-3
2:1
-1
0
-2
7
2
-9
38
-23
1
-15
2
-2
-1
32
4
-35
0
1
18
12
-25
11
-10
-5
6
-5
40
-43
1
-2
2
-2
7
-5
-2
4
20
-23
0
14
-13
6
0
7
-11
35
-37
14
24
3
-42
26
-27
15
-10
9
-13
37
-24
-13
11
-3
-5
-2
18
-15
15
-17
-2
28
-26
-2
3
11
9
7
-31
2
14
-9
-6
15
-15
13
18
-28
5
-5
-2
-1
25
-25
7
1
-3
4
-8
3
-3
-1
1
37
-36
19
4
-10
4
-7
-5
-6
28
-30
30
-5
-22
-1
1
90
-89
8
5
2
-15
0
19
-19
0
12
-12
0
2
14
-7
-8
-1
4
-2
16
-12
-4
-2
0
4
5
-7
1
14
-16
14
-15
5
-4
2
-2
-1
2
8
-8
25
-21
-4
-2
0
3
-3
62
-57
38
-38
-3
13
15
-4
-15
-5
0
9
-15
15
8
-15
50
1431
-1387
-77
-23
1
3
9
-1
-9
36
-30
9
-8
17
0
-6
-22
7
564
-427
-145
6
2
83
-60
412
-406
-32
16
-21
3
31
-30
139
39
-175
-7
11
708
-631
-68
-4
73
-78
780
-786
-4
7
-2
143
-146
155
-147
-8
30
-33
47
-38
34
187
-189
-26
37
-49
0
28
-5
31
4
-61
36
66
-95
0
8
12
-27
0
284
-262
-21
13
529
-540
-2
12
-3
53
-57
15
-18
15
-4
4
59
-38
-24
-8
-4
3:2
-2
5
-12
6
-4
62
404
-336
63
-184
8
2:-9
43
95
-120
-9
1
18
200
298
-498
-15
11
-23
0
20
-10
4
7
-23
36
-35
-1
3:0
1
-1
5:0
1
-1
2:0
4
-3
-1
2:0
1
0
-1
4:0
3
-3
11:0
3
-3
0
30
-29
-1
0
2
-2
1
-1
4:0
2
-2
0
1
-1
0
4
-4
0
1
-1
5:0
9
-9
3:0
3
-3
4:0
1
0
1
-2
4:0
2
2:-1
9:0
3
-3
3:0
4
-4
2:0
1
-1
2:1
0
-2
3
-3
9:0
6
-6
0
2
-2
0
1
2:0
-1
4:0
1
-1
3:0
1
-1
0
1
-1
6:0
1
-1
3:0
1
-1
3:0
2
-1
0
-1
3
-3
3:0
2
-2
2:0
1
2
-3
8:0
2
-2
4:0
1
-1
2:0
1
0
-1
0
3
2:-1
6
-5
-2
1
0
1
6
-4
-3
0
-1
2:0
1
-1
3:0
1
-1
1
-1
1
-1
2:0
2:1
-1
4
1
-6
7:0
1
-1
1
-1
0
2
2:-1
0
2
-2
5
-5
6:0
9
-8
-1
2:0
2
3
1
-6
5
-2
-3
2
-2
4
-1
-3
2:0
1
2
-3
0
1
-1
9
-9
0
2:1
-2
1
-1
7
-6
7
-6
2:-1
2:1
-2
3:0
1
-1
4
-3
1
3
-5
0
4
-1
-3
4:0
1
-1
2:0
3
-3
0
5
-3
-2
1
-1
2:0
8
-6
-2
2:0
3
-2
6
-6
-1
0
3
0
-2
-1
0
1
7
-7
-1
2:0
1
-1
2:0
1
-1
1
-1
0
3
-3
9:0
3
6
-9
10
-10
5:0
2
-2
1
-1
2
-2
0
3
4
-6
1
-2
2:0
1
-1
3:0
8
-8
2:0
2
-2
3:0
1
-1
2
2:-1
0
1
7
-7
0
5
-6
3:0
1
-1
2:0
10
-10
3:0
3
0
7
-10
0
4
-4
5:0
1
-1
0
1
-1
5:0
4
-3
-1
2:0
1
-1
4
-3
-1
1
4
-4
-1
2
-2
1
0
-1
9
-9
3:0
4
-3
4
-4
3
-3
-1
3
2:0
-3
4:0
1
-1
0
1
0
-1
4:0
2
-1
1
-2
1
-1
2:1
-2
1
-1
3:0
6
-3
3
-6
2
-2
0
17
-6
-11
2:0
4
9
-11
8
-7
-3
13
-12
6
-7
3:0
2:1
2:-1
0
3
-3
0
4
-4
2
-2
2
1
5
-7
1
2:2
-6
5
-5
1
-1
2
0
1
-3
3:0
2
-1
3
-3
-1
2:0
8
-8
0
1
-1
3
2
-5
0
1
-1
0
4
-3
1
5
-6
-1
1
-1
5:0
4
-3
-1
1
-1
2:0
4
-3
6
-5
7
-8
3
-1
-3
2:0
4
-1
-3
2:0
end
