v1
853
207
1261
56
116
443
274
40
238
57
56
22
28
492
945
5
152
575
525
594
435
123
112
266
1068
356
64
135
31
206
19
534
262
194
63
368
85
202
210
738
297
134
113
381
442
339
64
62
85
422
408
830
95
309
93
651
325
69
275
496
93
177
111
294
59
522
60
0
83
25
18
12
26
96
133
1
118
73
9
74
59
64
35
30
95
262
447
173
120
749
314
33
6
116
146
138
54
262
85
101
41
259
433
740
48
83
70
229
41
508
8
12
185
40
758
301
93
367
56
111
24
48
296
8
67
705
583
33
29
283
128
126
15
147
42
391
275
334
83
97
107
412
40
175
191
8
11
32
112
440
54
47
61
147
88
212
5
20
3
193
5
501
201
176
76
77
31416
5
22
9
204
4
126
173
76
120
36
8
22
17
1135
140
39
71
166
18
56
3301
2211
328
1553
5140
10816
2650
4766
5782
830
8298
436
4013
2
11799
943
4478
3147
7
1
8
2
124904
1
7716
25
73
9417
32421
22
33
356
5
16
7237
48074
136
74
45
14
98
36
57
6
12
162
27
10
1
2:2
9
1
11
757
30
16446
4654
3093
1178
3878
5152
7980
575
1586
82
1062
0
665
968
2:5
44
4
86
131
3
1
43
47
9
1
40306
64
176
69
169
587
1
87
222
85
202
277
9
2
55
18
41
103
78
54
273
444
55
17017
9722
2:1
162
116
60
30
75
-488616
0
279
142
130
6
9
479
166
192
13
0
38
0
438
54
130
3
19
46
62
183
304
44
180
477
39
7
0
165
32
27
265
4
0
260
1
18
109
36
7
24
513
178
29
60
102
28
44
148
127
180
228
144
76
172
104
0
442
0
201
0
22
26
298
67
124
111
0
159
5
12
36
0
626
54
5
0
37
77
32
240
137
361
12
124
22
27
4
55
226
9
29
90
20
258
77
134
12
65
21
293
83
110
104
144
135
151
0
33
41
60
54
627
0
239
113
247
102
250
244
213
123
124
153
18
0
203
106
39
30
25
96
185
326
43
171
185
53
24
108
0
32
18
62
112
95
70
212
130
9
176
93
64
219
21
152
715
49
0
123
294
0
4
6
26
1
24
17
16
17
6
80
40
10
13
1
46
2
0
3
131
13
6
101
7
10
75
6
113
5
28
4
0
28
14
12
22
20
0
18
35
3
16
55
14
113
52
24
127
20
71
250
0
13
86
7
142
160
131
51
0
47
62
51
70
133
73
65
2
68
206
269
13
42
125
175
35
148
189
83
3
108
27
29
2
33
116
5
68
29
314
0
27
30
22
196
6
17
14
276
33
5
31
68
250
416
114
51
146
83
12
50
650
111
132
45
7
76
97
198
55
160
26
115
25
158
56
37
5
40
0
142
357
3
0
392
12
0
66
110
9
0
44
19
4
325
42
96
56
46
23
64
37
19
152
159
36
60
98
119
6
557
265
98
84
316
46
55
38
33
79
132
98
148
6
51
159
0
73
22
29
32
6
189
43
28
8
29
5
15
40
32
261
180
0
11
10
82
35
118
96
10
122
132
43
15
1
85
0
95
15
21
17
42
18
92
91
31399
0
50
47
54
42
82
9
44
81
117
57
31
8
7
1
1387
10
286
1
3
9
110
4
6230
1835
6941
1433
2361
320
1002
4736
2695
8213
2831
463
3200
436
3913
1304
842
1384
10
8076
2:1
47
0
2764
14
4306
2010
3133
25
1427
20
3503
531
115873
5280
0
5982
20
81
0
41723
85
44
30
141
40
72
2:1
19
0
53
19
9657
1380
25036
18596
703
21
7
50
273
2
45
58
98
45
1
56
11
15
30
0
696
1
163
61
7827
28412
6953
83
2010
0
46
133
0
10
1147
534
0
9
6
10
9
0
19
120
40
23
9
41
2
54
29
1
30307
9757
587
89
511
172
237
96
107
134
17
94
29
146
4
238
46
5
4
11
83
109
3
280
148
44
45
5
36
68
14772
3
150
76
0
11885
89
37
12
20
3
45
83
2:7
1420657800
299:0
1
552:0
75
117
5492
-5623
4817
-4667
-188
20
131
239
-320
144
-180
55
93
-176
118
-124
294
-213
-50
-28
129
-103
-6
88
-108
-2
20
1239
-1225
-36
445
-446
17
33
-52
10
64
-72
0
2
384
-122
346
-431
-63
-90
-26
60
-23
-2
-7
-1
57
116059
-115802
-297
275
67
-373
-4
208
451
-663
25
-1
246
-235
-42
20
-4
-1
33
76
-91
-31
707
-625
3
-61
-3
697
-707
58
195
-177
-36
337
137643
-137068
18287
-19017
-223
-12
30
-12
8
-12
982
-971
-4
22
299
-251
-51
45
1027
-1110
67
66
768
-365
-459
128
-201
1472
-1042
69
-387
-111
18663
-18650
6755
-6767
35
-16
-10
0
1699
214
-1885
34815
-34824
685
-701
34
-52
8
304
-301
1208
-1171
-47
5655
-4833
-805
14
80
63516
-63585
3222
-3246
325
-264
1817
-1508
3861
-4143
127
-200
-28
1
1202
-1176
272
26049
-26284
214
-211
-64
313
-199
5
-3
1062
-852
1706
-728
-907
1027
-1397
286
-122
-199
23
95
20
1579
-1386
282
322
922
1037
-2881
771
-129
-536
-112
50
-49
891
-897
2272
-2256
-18
16
55952
-55962
137
-145
252
-67
6129
-6261
190
-238
1203
-263
-931
-14
148
-107
-26
-11
36
88
39
-120
56
-85
1
-20
27
3
-24
1318
-985
-206
-70
-40
4
-4
61
1252
-1324
-2
50
-44
45
-24
172
-179
4
-12
11
10
-38
2
2943
-2943
153
34397
-30974
-3427
-127
303
307
-591
23
54
-122
16
153
434
-512
-75
41
-29
41
1275
-1192
566
26103
-26816
105
-111
155
-136
63
941
-943
758
2053
-1777
-888
180
-363
-9
1760
-1814
0
11
-11
3:0
11
-10
1
2:0
-3
2:0
15
-13
3
-3
8
-10
2
-2
2:2
1
-2
1
0
5
1
-6
-2
-1
0
3
-1
1
-2
13
-14
10
1
-9
1
-3
7
-8
2
-1
12
-5
-6
4
2
-3
-5
0
1
0
-1
1
11
-11
11
-6
4
-9
0
5
-3
-2
2:0
2
-3
2:0
1
2
9
-7
0
-1
-4
1
-1
2
-2
2
3
2:0
-3
6
-6
8
-10
6
-6
9
-9
4
3
-4
-2
3
-3
0
2
-2
0
3
-3
0
2
-2
5
9
-14
2
-2
1
0
5
-6
0
12
-12
6
-6
2:1
5
-6
6
-8
4
8
-12
2:0
13
-12
2
4
3
-9
4
-2
-1
12
-11
13
-13
-1
0
2
-4
2:0
1
0
6
-1
-2
0
-2
14
-2
2
2:-6
2:-2
1
2:6
-10
0
-2
0
5
-2
-1
5
-8
2
8
-4
9
-14
-1
0
2
1
-2
3:0
-1
11
-7
8
2
-3
-9
7
-8
4
-4
8
-6
0
1
-2
-1
1
0
6
-8
0
1
4
-2
-3
13
-6
-3
-4
8
-5
4
-7
7
12
-5
-11
7
-8
4
-6
3
-2
2
1
-3
11
-8
0
-1
-2
0
3
-3
3
6
-2
-6
3
-2
2
-5
3
7
-7
-1
10
-10
16
-12
0
-1
-4
0
1
6
-1
-7
5
-4
1
-1
10
-1
-8
1
4
3
9
-15
0
10
-12
1
0
5
-8
0
3
2
-4
0
5
-4
3
-3
11
-7
-3
-2
5
-1
-4
10
-7
-3
17
-18
1
0
12
5
-4
-14
2
3
5
-8
2
-4
0
5
-3
7
-7
-1
3
0
14
-15
8
-9
17
-18
2:2
-3
5
-4
1
-1
2
6
-10
0
12
-11
2
2:-1
8
-8
-1
4
-4
5
1
-3
0
-1
14
-14
0
-2
-1
3
-2
8
0
-4
-5
6
-4
1
0
13
-15
3
-2
8
-8
14
-14
-1
5
1
-2
-4
-1
2
3:1
-5
1
4
3
-5
6
1
6
-12
-3
0
1
0
-2
3
0
9
-10
6
7
-15
0
1
2
8
-8
15
-10
11
-14
-4
0
11
-12
0
5
-4
2:0
5
-3
0
8
-5
-2
-3
11
-11
-1
2:0
4
-3
1
0
7
1
-10
11
-8
8
0
-9
0
10
-10
-1
14
-3
-2
-9
0
2
-2
1
2:0
-2
1
17
-17
0
4
-5
0
5
6
-7
0
10
-11
4
-7
0
3
2:-1
17
-16
-2
6
12
-12
-4
8
-10
11
2:-5
10
-11
0
2
3:1
-1
-3
2:0
2
-3
6
-2
-4
2
1
-3
2
10
-9
8
4
-2
4
-14
8
-10
0
-1
12
-10
-1
11
-1
7
-15
2:-1
2:1
-1
0
124
-123
2
-3
8
1
12
-19
-2
12
-12
0
10
-9
1
5
-7
1
12
-11
-2
1
2
-2
-1
24
-16
-4
-1
-2
-1
3
2:-1
9
-10
7
-7
4
8
3
-15
3
-2
-1
4
-1
1
-4
2
1
6
27
-24
-12
2:0
3
135
-137
-1
3
0
35
-38
6
-4
8
-9
0
17
-1
-16
45
-31
-7
-1
-6
18
-17
3
24
-22
1
60
1691
-1757
99
-74
-27
7
-1
-3
6
4
-12
9
-2
8
17
-32
17
-14
25
-27
-2
2
-1
0
11
14
-25
15
-8
-3
-2
-3
639
-638
192
-191
2
4
-3
-1
80
-49
-32
532
-494
17
-58
1
6
-6
33
-31
26
-18
-10
181
-19
-152
-11
17
979
-981
85
-96
10
21
90
-119
614
-613
61
-65
3
-5
120
-110
-5
199
-189
2
-13
-4
39
-3
-27
17
180
-195
36
-48
8
-7
13
2
21
-35
-1
6
24
-6
20
7
-7
36
-73
-7
0
17
-9
9
15
-31
3
-4
0
3
-4
4
282
-284
29
-30
-1
16
547
-561
8
-7
8
49
-59
-1
1
4
17
-22
1
12
-11
18
-10
2
5
-12
9
-4
3
35
-16
-22
-4
-1
-5
2
7
4
-10
-3
8
-3
-4
-1
12
-6
0
-4
1
2
-5
0
9
-9
66
1182
-589
-648
-9
5
116
-117
10
-7
-9
0
31
76
-103
5
4
-11
3
27
-31
167
445
-612
33
-30
10
-13
8
18
-22
0
21
-16
8
17
-31
2
43
-49
0
2
-2
11:0
5
-5
2:0
4
-4
6:0
23
0
-23
9:0
3
-3
11:0
1
-1
4:0
1
0
-1
1
-1
0
2:1
-2
16:0
2
-2
5:0
2
-2
2:0
1
-1
2
-2
2
-2
2:0
1
0
-1
7:0
1
3:0
-1
0
4
-4
4:0
1
-1
2:0
1
0
-1
2
-2
2:0
2
-2
0
1
-1
5:0
1
-1
1
-1
1
-1
0
1
2
-3
2:0
1
-1
4:0
1
3
-4
0
2:1
-2
2
2:-1
3:0
4
6
-9
2:0
-1
2
-2
6:0
3
-3
9:0
2
-2
3
2
-5
3:0
1
-1
1
-1
3:0
1
-1
5:0
1
-1
1
0
-1
2:0
2:1
0
-2
0
7
-2
-5
2:0
1
0
-1
4:0
3
-2
-1
2
-2
0
1
-1
1
0
3
-3
-1
1
0
-1
0
2
-2
2:2
-4
0
1
-1
4:0
1
2:0
1
-2
3:0
4
-3
-1
1
4:0
-1
13:0
1
0
2:1
-3
0
1
-1
3:0
10
-10
2:0
3
2
-2
-3
2:0
2:1
-2
9:0
3
-3
6
-6
7:0
1
-1
2
5
-7
0
5
-5
0
1
-1
0
1
0
-1
2:0
9
-7
0
-2
4
-4
2:0
1
-1
9:0
3
-3
4:0
5
-5
2:0
1
-1
3:0
1
-1
8:0
3
-3
3:0
1
-1
2:0
3
-2
4
-5
3:0
2
5
-7
4
-1
0
-3
2:0
3
-3
9:0
1
-1
0
1
-1
3:0
1
-1
2:0
2
-2
0
1
0
6
-3
2:-2
3:0
1
5
-6
2:0
7
-7
1
3
-4
2:0
1
-1
0
3
-3
0
2:1
-2
0
1
-1
0
2
0
-2
2:0
2
2:-1
1
2
-2
-1
2
-2
3
-3
1
3
-4
4:0
1
-1
3:0
1
-1
1
-1
0
1
-1
2:0
2
-2
8
0
-8
2:0
2
-2
7:0
2
-2
2:0
end
