v1
1010
743
486
601
253
188
421
56
7
43
1437
432
300
668
340
111
435
1989
135
256
349
185
887
242
255
738
431
494
442
339
126
404
0
1012
424
254
71
77
651
8
386
291
157
416
177
405
59
594
71
62
239
10
118
82
74
59
64
35
30
357
85
56
306
173
120
749
314
39
116
338
262
486
433
740
48
83
70
270
1511
301
460
165
2
24
344
75
80
1208
473
19
107
15
147
433
896
360
55
37
175
70
121
8
11
584
54
47
53
8
235
217
23
104
18
76
748
206
31493
5
22
9
290
44
173
196
36
30
1152
68
111
237
3375
2211
328
1553
3764
1376
10816
2650
4766
11486
436
2988
4451
11799
8586
6
124899
7741
73
9417
32443
268
121
5
55701
29
63
12
162
40
2
9
1
11
24980
18102
2329
2695
58
140
40
37
3
1
94
6
40306
64
1001
1
309
85
226
253
9
57
18
144
132
717
55
17017
9723
1
162
116
90
75
28
59
36
-488550
3
107
456
268
145
95
115
38
0
34
97
350
49
170
28
62
173
238
51
84
146
76
83
0
256
6
75
39
7
165
62
380
5
63
89
153
87
220
79
365
32
23
51
174
229
47
441
64
34
147
42
5
209
33
58
443
8
16
17
92
52
5
247
70
197
21
51
55
101
28
106
18
301
133
18
33
37
75
16
12
6
103
167
259
53
24
116
23
243
93
79
37
11
9
139
178
202
166
170
0
34
193
29
17
64
87
1
16
136
15
12
116
151
38
150
74
192
373
43
103
261
92
101
56
33
10
423
205
76
152
64
42
135
221
106
14
80
30
90
22
60
26
46
376
2
5
21
328
77
108
68
56
96
4
307
241
110
18
50
9
50
119
10
1
153
51
122
261
51
44
242
117
25
121
26
239
59
6
28
12
16
28
17
6
57
15
3
5
7
26
23
7
1
46
2
3
14
6
1
48
73
2
3
14
90
0
1
87
10
0
11
0
18
2
82
5
28
80
38
35
19
38
17
82
339
789
150
10
11
24
86
10
261
70
164
42
43
226
42
138
42
133
226
101
128
3
166
149
5
21
76
170
144
27
52
202
31
10
153
128
18
5
0
31
1
67
316
13
234
103
114
58
27
8
12
184
41
662
288
7
41
35
68
29
12
10
80
96
136
79
32
106
279
102
117
165
163
115
87
125
143
96
14
53
19
11
6
12
262
30
62
132
8
6
21
11
42
53
71
0
61
76
197
46
69
166
63
494
63
99
2
101
77
5
138
219
149
8
457
80
210
73
51
38
0
98
105
29
65
54
38
20
241
20
39
25
96
100
38
118
99
7
194
50
11
58
40
0
53
21
18
26
37
53
2
43
15
42
111
15
31416
64
161
4
29
55
21
106
92
72
164
0
952
14
99
5
2
342
10
181
3
47
9
8056
1724
686
2063
5260
2669
15296
793
830
1211
6268
3
1252
489
2139
1385
6
10
8064
11
2
1
4
2821
1825
15
2453
13
5144
7
1
8
4
1431
3523
127665
38287
3607
32
7
3
18
30
7
59
61
14
40
0
73
1
0
19
0
53
19
27
7250
547
46845
687
16
28
50
35
8
59
7
59
98
9
45
35
3
1
12
7
16
82
47
3
40
10
1
10
2
15
1
16
709
29
14
6
12
3609
9355
3480
4654
4271
9030
2635
616
4729
813
203
44
74
1567
415
189
665
436
330
204
0
3
0
5
1
6
2
35
1
2
45
5
9
0
28
35
24
41
3
22
44
9
22
25
9
30303
1513
8731
69
31
89
49
467
128
39
36
5
92
117
190
46
64
49
86
153
19
3
92
61
89
0
9
22
10
1
4
5
4
203
3
97
294
37
44
50
36
15
31
22
14775
2199
9735
165
12
89
32
17
19
49
29
38
87
-488429
7
135
255
128
70
296
33
199
74
200
11
113
44
28
20
28
771
0
2
81
113
19
435
604
145
132
166
699
942
61
600
273
709
281
23
11
139
345
693
139
290
379
193
791
248
728
56
9
95
301
426
321
170
88
148
0
1
338
529
111
924
214
171
155
433
47
66
229
655
247
193
757
77
195
18
31
348
116
64
67
473
327
65
86
1253
93
581
392
139
459
243
180
40
51
102
136
68
201
892
36
308
535
759
17
298
56
82
190
901
383
351
89
268
31
277
650
158
118
94
32
24
327
521
31
147
164
15
42
134
136
201
375
346
132
198
31
47
131
20
271
31461
27
56
13
440
1
189
974
298
77
84
18
24
32
5960
12954
1322
13178
9826
5629
9440
1
29
6200
0
1918
4158
5018
116361
1
3543
1736
47950
10
100
11288
25036
19320
387
100
92
5
16
91
852
6
57
6
15142
30960
1087
3
2
15
132
24
40269
603
0
101
795
94
1
605
368
629
14996
11973
67
1421611200
199:0
1
599:0
1
209:0
118
583
-378
11466
-11720
80
1906
-1978
37
111
-142
112
-115
2230
-1893
-276
13
454
-143
-90
-306
247
2827
-3064
155
184
-267
204
298
350
-743
0
-162
-16
553
-535
245
12236
-12498
1741
-1607
-55
342
-387
393
-381
475
-353
-174
337
-246
25
648
-744
46
70
-95
1059
-1067
-37
93
59
-26
-58
472
172965
-165872
-7475
-148
-8
78
-69
832
-416
-350
-47
3811
-3763
19
3442
-3444
-29
-16
23695
-12659
-10992
-20
1803
-1817
1664
-1697
32790
-30953
-1399
-221
-181
1001
-995
1577
-1110
2155
-2356
4593
63057
-67974
1
6453
-6285
8451
-4650
-3977
366
-176
208
1857
-2069
3997
-4184
239
16
-73
139
51
2075
-1751
-673
-29
112
-20
-72
292
858
3238
-4233
1623
-1067
1608
-1991
-342
34808
-33994
-749
-66
43711
-42627
37
-868
-211
5694
-5602
-59
200
2603
-1591
-1084
-174
11
-15
-20
127
-42
-21
25
-92
1421
-1281
-137
15452
53038
-66990
-1067
15581
-10624
-5386
1295
-1294
27
79
819
-802
-84
-15
133
2831
-2838
15002
-15105
-23
47
5055
-4799
3867
-4034
7401
-7327
-194
713
32161
-32813
1419
-1568
-30
1
-4
-1
1
26
-27
2:0
47
-46
-1
14
-13
4
2:-3
58
-42
11
-20
-6
30
-13
-18
10
-10
6
19
-18
-7
2
-1
2
-3
23
-23
6
-2
2
-4
-1
2
7
49
-59
0
19
-16
49
-49
5
-7
2:3
-6
2
7
25
-32
-2
4
39
-40
-4
47
-20
-22
4
24
-30
-3
13
-1
-8
1
-5
1
8
-5
-4
2
25
-22
41
-45
-1
15
-3
6
2:-9
1
0
23
-11
-10
-3
10
3
-13
11
-11
9
21
-22
10
43
-45
-16
0
7
-6
28
-28
13
-14
8
-8
3
22
9
-30
5
14
-23
28
-26
-2
17
-8
55
-12
-27
3
-27
7
-8
11
-11
1
13
-14
3
-1
-2
4
16
-7
-12
-1
13
-7
11
-13
-4
5
60
-61
-1
5
-5
5
-1
21
-27
21
-19
40
-42
16
-11
-6
3
1
21
-22
30
-30
0
13
18
-10
-16
32
-40
17
-17
0
59
-57
4
3
5
8
-18
4
10
-13
56
-57
2
-6
2
6
-1
-4
1
-4
1
12
0
-13
19
-18
13
-10
17
-18
19
-20
29
15
-46
16
40
-52
3
-5
-1
4
-4
2
2:1
6
20
2:-14
12
-14
27
25
-45
-5
1
7
-3
4
-12
15
-13
6
-8
1
7
13
-20
7
2
17
-14
0
5
-16
13
17
-32
1
-1
18
-17
24
0
-19
55
-54
-4
6
-4
13
-15
-3
28
0
-7
-20
15
-16
41
-17
-13
-4
-7
63
-46
-12
2
-2
5
-7
-3
6
-2
8
17
-27
8
9
-19
2:1
11
-13
1
35
-3
-29
-3
0
23
9
-4
-18
-11
26
-25
27
-22
-4
3
30
6
-2
-37
-1
11
14
15
-17
-24
0
6
23
-5
-22
-2
11
6
-8
9
19
2:-13
48
-12
10
6
-61
-1
37
-29
-4
6
-9
7
-8
0
7
-7
6
-3
15
-14
-5
0
2
13
-10
2
-5
0
30
-15
-16
11
-12
3
-3
48
-29
8
-23
-4
64
-64
7
-7
25
-24
29
-11
-13
-2
-3
33
-33
1
4
23
-20
44
-53
11
-8
3
-3
2
49
-43
17
-27
3
2
-2
22
-22
2
28
-28
17
2:-7
-5
3
-7
2
8
-6
1
-1
14
-3
13
18
-39
-4
8
-10
17
-11
-1
8
-8
1
-1
2:1
-5
1
-3
-1
35
-35
48
-31
36
-22
-25
-2
32
23
-8
-30
-6
-15
5
50
-47
0
45
-51
0
1
7
1
17
-24
7
14
-19
-3
10
32
-44
0
14
-7
-5
43
-34
-8
11
-12
-2
39
-29
-6
8
-3
-10
11
24
-21
-3
25
-23
0
-8
2
-6
12
6
-19
22
1
-20
3
17
-22
0
14
-4
-10
5
-2
13
-12
6
-9
3
2
1
-6
60
-62
0
6
0
-4
-2
14
9
-17
-2
-4
2:0
36
11
-45
7
2
-11
35
-26
-2
0
8
-10
5
-8
0
9
14
-16
-9
46
-46
40
-34
9
5
0
-19
45
-30
-16
8
38
-45
45
-43
2
-2
43
-46
15
3
-19
3:0
-1
1
6:0
-1
1
0
-1
0
2
-1
4:0
-1
1
-1
1
-1
1
2:0
-1
1
3:0
-1
1
-1
1
-1
1
-1
0
1
-1
0
1
-1
1
-1
1
-1
1
4:0
-1
1
5:0
1
-2
1
2:0
-1
2:0
1
0
-1
0
1
0
-1
2
-2
2:1
-2
1
-1
0
2
0
-2
1
0
-1
0
1
5:0
-1
0
1
-1
2:1
2:-1
1
-1
0
1
-1
2:0
1
0
-1
1
0
-1
2:0
1
0
-1
1
-1
1
0
-1
2:0
1
3:0
-1
1
0
-1
0
1
0
1
-2
1
0
-1
1
-1
0
1
-1
1
0
-1
0
1
-1
3:0
1
-1
1
-1
1
-1
1
2:0
-1
1
0
-1
0
1
-1
1
-1
3:0
1
-1
2:0
1
0
-1
0
1
2:0
-1
2:0
1
-1
1
3:0
-1
2:0
1
0
4
0
-3
134
-133
11
6
-15
0
21
-22
12
6
-20
8
0
-5
-1
16
-15
18
-18
0
-1
19
-7
-8
20
-7
-13
-2
0
-2
8
-8
-2
2
4
-5
65
-63
0
-2
-1
181
-181
4
57
-61
2
18
20
9
-36
-5
7
-12
11
-4
-9
-1
23
-14
-3
95
2055
-2022
-95
-35
4
17
-15
7
53
-68
13
1
4
7
9
-29
9
-12
958
-789
-173
10
69
-75
37
-38
546
-484
-35
-27
-2
71
-55
1
-15
175
-42
-111
1077
-1085
-16
162
-140
113
726
-830
-32
102
-99
188
-188
214
-204
4
-13
25
33
-18
246
-260
-20
-3
11
28
-41
50
-11
2
-37
49
2
51
-101
-10
333
-326
37
-37
297
-298
32
-38
15
770
-773
-12
10
149
-150
-2
4
11
18
-29
33
-11
-20
1
-9
-5
19
-8
3
763
-758
96
1235
-187
-1162
240
-231
17
23
160
-200
66
-65
-1
37
136
696
-832
-26
-10
26
-33
42
-31
31
-16
-18
25
-32
128
-133
3:0
1
2:0
3
-4
2:0
11
-11
0
6
-6
1
-1
2:1
-2
8
-7
-1
4:0
1
0
38
-38
-1
4:0
1
-1
2:0
1
-1
3:0
19
-19
0
3
-1
-2
0
3
-3
1
0
-1
0
1
-1
2:0
2:1
-2
0
1
0
-1
1
-1
1
-1
0
1
-1
1
0
-1
1
-1
2:0
1
-1
4
-4
0
1
-1
2
2:-1
1
-1
1
6
-7
0
1
2:0
-1
2:0
4
-3
-1
2
-2
1
-1
1
-1
2:0
1
-1
3:0
1
-1
0
1
6
-7
3:0
1
-1
4
0
-1
-2
-1
4
-4
2:0
1
-1
0
1
-1
0
2:2
-3
-1
0
2
-2
6
-5
-1
0
14
-14
1
3
-4
2:0
1
-1
2:0
6
-6
0
1
-1
2
0
-2
0
10
-10
0
5
-3
2
-3
4
-4
8
-9
0
13
-12
2
4
11
-12
-4
2:-1
1
-1
0
2
-2
0
2
0
-2
3
-3
6:0
4
-3
2
-3
2
-1
8
-1
-8
1
8
-9
1
0
-1
1
-1
2
0
-2
6
-2
-3
0
4
-5
6
-2
-1
-3
1
-1
2
0
-2
13
-13
3
2:-1
5
0
-6
0
1
2
-1
2:0
-2
2
4
-6
0
3
2
-5
5
-3
3
-4
2
-2
0
2
-3
2:0
1
-1
3:0
1
-1
6
-6
4
-4
6
-6
1
-1
0
1
0
-1
0
4
-4
2:0
4
1
-5
2:0
5
-4
-1
1
5
-6
2:0
2
6
2
-10
0
9
-8
3
-3
2:0
4
-5
2:0
1
-1
3
4
-5
-2
2:0
2
0
-2
1
0
-1
0
5
-1
3
-7
42
-36
-6
7
-5
2:-1
2
-1
1
-2
11
-10
0
1
-2
3
-2
6
-6
-1
1
-1
6
-3
0
-3
4
6
-9
0
-1
0
1
-1
10
1
0
-11
5:0
12
-12
4
2:-2
2:0
3
-3
2:0
2
0
4
-6
6
-6
1
4
-5
19
-13
0
-6
6
5
-10
-1
1
0
-1
0
9
-8
2
-2
3
-4
2:1
-2
0
4
-1
-2
1
-1
0
3
-3
-1
2
-1
0
2
-2
0
-1
0
1
4
-4
-1
1
3
-4
2:1
4
-2
-4
0
23
-21
12
7
-16
-5
0
17
-17
1
-1
3:0
1
4
1
-3
4
-4
-2
0
10
2:-5
-1
0
4
-4
9
-2
-7
6
-6
0
2
2:-1
2
-2
0
4
6
-8
2
-4
1
0
-1
1
-1
4:0
4
-4
2:1
-2
2:0
1
0
-1
3
-2
-1
4
-4
2:2
-3
-1
13
-12
-1
4:0
5
-4
1
-2
3:0
4
-2
-1
2
-2
-1
2
-1
3
0
-4
2
1
-1
0
-2
2:1
-2
10
-9
6
-7
11
7
-18
2
-2
2
-1
1
0
-2
2:0
2
-1
10
-11
1
2
-2
-1
7:0
2
-2
10:0
1
-1
9:0
2
-2
7:0
1
-1
16:0
1
-1
4:0
1
-1
7:0
1
-1
11:0
1
0
-1
16:0
2
-2
9:0
2
-2
4:0
1
-1
20:0
1
-1
10:0
2
-2
7:0
2
2:-1
5:0
1
-1
15:0
2
-2
3:0
1
-1
2:1
-2
3:0
1
-1
4:0
end
