v1
670
317
1159
257
350
551
114
22
1170
204
91
580
152
159
494
643
452
307
1054
14
811
277
67
190
20
499
368
85
157
718
124
259
189
224
404
442
339
157
345
568
106
451
627
393
766
275
50
539
1161
6
27
29
2:54
159
327
133
129
41
16
38
99
45
118
447
293
225
195
329
314
39
515
201
486
1173
15
33
83
70
270
216
312
7
1277
93
367
167
368
75
50
991
259
21
327
113
126
7
155
40
283
110
447
200
45
20
184
415
246
165
11
32
217
235
100
54
108
127
261
64
23
193
5
151
769
34
31493
5
268
97
249
120
36
30
1402
184
5896
6693
6258
4558
2650
6882
9806
2988
4449
11801
3424
5143
8
11
6
132640
9490
32421
22
394
55378
159
250
6
12
162
27
10
1
17258
25935
2243
2695
5
2:11
28
3
140
40
37
3
1
43
47
10
40306
64
1001
1
882
21
36
18
276
698
19
17
38
26739
1
163
116
165
28
64
-488142
159
2
131
104
144
105
0
52
139
39
22
187
842
182
17
2
87
118
374
122
39
7
489
16
170
242
7
290
486
104
26
72
46
86
323
372
334
452
8
614
94
173
362
18
224
23
0
21
135
31
55
33
96
283
139
5
115
209
86
1078
17
80
163
141
230
151
190
129
112
201
505
176
462
57
404
189
64
216
42
501
151
165
108
28
66
126
61
28
135
246
24
27
37
268
7
500
185
120
37
80
624
2:107
72
8
404
265
17
38
43
17
21
30
1
46
2
3
14
6
118
6
4
65
53
62
50
44
45
78
3
27
30
8
35
74
73
246
31
515
479
26
254
208
49
157
43
122
82
22
110
70
54
52
295
201
28
318
0
5
28
69
124
61
129
27
267
18
345
241
143
464
39
250
41
758
27
172
80
105
186
76
165
6
109
183
280
307
175
205
143
132
50
37
40
181
80
129
56
27
11
42
53
94
38
84
189
46
954
2
319
378
40
175
191
137
61
70
146
349
149
88
130
82
25
107
69
58
217
7
70
79
148
16
85
8
21
18
63
41
53
172
15
31
31379
18
9
43
161
0
33
47
6
217
36
41
7
58
98
1174
5
63
72
39
175
62
15
59
2960
341
2211
2
707
1172
2054
1710
3840
1761
9252
4755
5782
830
4874
2608
1252
4015
8091
2812
14
1825
15
2453
487
511
1012
3163
7
1448
3503
116404
3545
7767
47
38189
3533
74
60
128
83
93
72
17
16
7244
547
3213
43632
724
57
35
133
98
36
18
39
18
105
41
55
0
1
2
8
2:1
11
2
1
725
29
20
21
3600
4380
13109
3093
5057
13706
238
165
38
2100
133
10
46
665
436
534
100
42
103
113
31834
8273
458
100
21
66
513
435
70
15
226
111
142
37
88
103
47
41
0
5
9
94
109
100
375
122
14947
2072
9724
146
17
134
9
62
13
7
142
7
-487906
650
156
282
987
3390
128
322
81
348
499
208
2632
1690
1708
659
1032
604
2205
430
329
98
88
1177
1555
360
280
297
467
1489
199
907
334
134
112
718
1180
588
124
524
569
1476
33
319
17
306
193
332
140
207
171
447
31923
1492
144
20625
1110
28907
8085
12304
4985
169939
55742
45658
2813
5
249
20
42037
288
1421489400
199:0
1
399:0
1
69:0
19
-5
0
3974
-3973
132
-128
-8
394
-280
-112
227
-76
353
-504
178
-86
31
967
-940
-149
6
-1
6
-4
935
-946
6
487
-493
13
-9
-2
250
-72
90
-268
-2
16
143
-148
-9
0
100
-99
14
254
-255
-13
12
-13
101
-101
5
320
-322
92
-3
-89
5
221
-226
170
66
-238
2:-1
188
99717
-94190
-5712
-3
11
-7
214
82
122
-417
272
-272
3
-3
228
141
1707
-2073
39890
-35794
-4002
-102
0
9
-5
965
-582
-380
85171
-85176
133
119
-246
692
-461
-227
134
-144
176
545
-579
-134
-11
13
81
30281
-27669
-2704
1
639
999
-1637
100
-95
-3
1337
780
1138
-3260
548
-547
97
825
-804
-116
-2
828
-478
417
-191
631
-1199
2856
-2629
-232
176
-175
6
-7
41079
-41083
279
3457
-3601
981
1231
-2035
-306
-2
133
-136
11
-10
-2
7
1
-5
5
232
-237
1
5
466
8684
17013
-26163
98
8993
2563
-11663
11
2311
-2313
177
-90
116
806
-1008
152
3381
-3541
2
217
-218
220
-213
260
-91
-46
2240
-2369
-3
2:-4
-3
3
83
-45
-37
2:0
-3
-1
5
-5
1
71
-32
-37
81
-80
32
2:-4
-26
4
0
28
-29
0
-3
-2
2
1
32
-35
9
-1
-2
-4
-2
0
87
-86
0
-1
1
52
-49
0
38
-36
35
-37
0
-2
0
-1
7
-3
-4
5
-5
0
-1
1
0
8
93
-100
-1
31
-31
54
-53
6
33
-35
-5
4
-4
28
-29
3
6
55
-64
2:0
6
33
-38
3
2
-4
-2
2
91
-91
4
3
-9
1
2
-3
4
32
13
-48
91
-65
13
-35
-1
-2
-1
1
5
-7
0
68
-67
4
0
84
-88
41
-41
0
62
-60
47
-49
6
-6
0
2
4
-6
0
-1
55
-54
0
3
-2
-1
7
-7
62
-61
5
-5
2
40
-44
26
-18
25
-29
1
-2
5
-7
2
64
-65
2
-1
2
86
-91
47
-42
-5
4
-2
46
-46
4
-1
-3
2:1
-3
1
4
27
-25
-7
-1
0
3
29
-29
41
-44
61
-24
-35
31
-32
-1
6
-5
2
-2
62
-62
86
-87
4
-3
7
37
-3
-14
-20
-6
7
-3
-6
43
29
-69
5
22
28
-57
5
-3
-2
3
2
-6
6
-6
1
-1
34
-31
-2
7
-8
7
-1
-6
48
19
-63
2:0
5
-6
-2
96
-97
1
0
-1
1
65
-64
67
-67
4
-5
62
-62
2:2
27
1
-31
-2
93
-92
-1
2:0
4
26
-25
2
-6
0
5
38
-37
-6
26
-1
38
-61
80
-83
2:0
8
-7
6
-5
81
-80
42
-42
39
-41
7
-8
0
3
0
-3
3
-1
-2
0
5
-3
0
30
-24
57
-38
-25
7
-1
-5
2:0
1
2
92
-96
29
17
5
41
-94
1
32
-28
-3
4
-5
8
-4
2:1
-7
1
2:0
-1
0
31
-26
2
20
-23
25
-25
-1
-2
6
45
-52
49
-47
2
-2
0
67
-66
-1
66
-66
46
16
-62
5
-4
4
-7
2
-1
6
-2
-5
1
31
20
-46
-4
1
35
53
-28
-59
69
-34
-39
0
-1
7:0
1
-1
5:0
1
-1
1
-1
8:0
1
-1
1
0
-1
2:0
1
-1
1
-1
8:0
1
-1
0
1
-1
2:0
1
-1
5:0
1
-1
4:0
1
-1
2:1
-1
83
-83
13
-7
-6
0
14
-14
9
-9
0
2:1
7
-9
0
8
-7
-1
1
-1
2
-1
2:0
3
-4
3:0
5
15
-4
-16
2:0
3
-2
1
-2
22
-16
-6
0
1
0
3
-3
-1
1
0
15
-14
9
-10
2:0
-1
3
8
19
-29
-1
4
55
1080
-1071
-67
0
4
1
-6
31
-29
7
2
-11
5
-5
14
-2
9
-17
412
-320
-89
-7
0
4
-4
71
-60
-4
329
-334
2
19
-23
0
3
1
19
-20
-3
61
3
-62
-2
2
7
453
-378
-82
2
95
262
-358
47
-49
1
83
-83
70
-71
12
-10
12
100
-98
-14
4
9
12
-26
26
10
-38
151
-144
-1
0
-1
-3
2
151
-153
-2
345
-341
4
98
-103
4
-2
6
-4
3
-9
4
-2
-1
-2
4
7
-8
-3
2:1
6
425
-430
33
212
124
-370
1
65
-63
7
5
75
-66
-25
86
215
-297
1
-4
5
0
-3
4
8
-5
13
-24
1
-1
5:0
1
0
-1
5:0
6
-5
0
3
-4
0
1
0
11
-11
0
-1
0
1
-1
3:0
5
-5
0
3
-3
2
-2
4
0
-4
6:0
2
-2
1
-1
5:0
1
-1
4
-4
3:0
2
-2
11
-11
0
5
-5
2:0
2
1
-2
-1
4:0
1
-1
8
-8
1
-1
2
-2
0
1
-1
2:0
2
4
-6
2
-2
6:0
27
-27
0
3
10
-10
-2
2
-3
2
8
-10
0
3
-3
0
1
16
-17
15
-15
0
2
-2
3
-3
1
-1
1
-1
4:0
5
-5
1
-1
1
-1
2
-2
10
-10
2:0
1
3
-4
5
-4
-1
1
2:0
-1
2
-2
9
-8
2
-3
1
-1
0
5
-3
-2
2:0
12
-12
2
-2
1
-1
2:0
2
-1
1
-2
2:0
1
-1
0
2
-2
0
5
-5
0
3
-2
-1
2
-2
3:0
3
-3
3:0
1
17
-12
2:-3
2:0
1
-1
4
2
-6
4
1
10
-15
1
-1
4:0
7
-6
-1
0
3
-2
-1
3:0
2
-2
10
-3
-6
3:0
-1
0
33
-33
3:0
2
4
-6
4
-4
7
-7
18
-18
0
1
0
15
-16
0
21
-21
4:0
5
-5
2
-2
0
1
13
-12
-2
1
0
1
-2
1
0
-1
3:0
1
0
16
-16
9
-9
-1
1
-1
6:0
1
-1
1
-1
0
1
5
-5
4
-3
1
2:2
-7
3:0
2
19
-21
15
-11
1
-5
0
3
-2
-1
3:0
4
2:-2
4:0
1
-1
0
4
-3
0
1
2:-1
1
0
-1
0
11
-11
2:0
1
-1
1
43
-41
-3
3
-3
2:6
-11
0
-1
1
-1
1
0
1
-2
2:0
6
0
-6
3:0
6
0
-6
41
-41
26:0
1
-1
21:0
3
-3
11:0
1
-1
2
-2
4:0
end
