v1
958
55
152
333
561
128
52
178
9
580
35
51
59
442
57
56
7
15
520
161
7
106
598
73
732
159
55
81
96
2
46
398
11
160
111
101
76
152
106
235
24
242
160
413
495
420
33
102
31
206
19
534
262
257
127
241
7
235
255
83
77
303
120
155
431
64
26
404
388
54
306
33
69
57
31
39
306
433
64
24
18
128
7
104
117
569
281
28
642
95
7
394
275
16
157
219
34
70
93
288
294
404
116
34
31
56
45
6
13
19
18
7
18
61
8
48
17
133
1
111
7
73
9
1
9
64
45
14
94
35
38
3
54
17
127
118
447
173
120
225
134
61
219
110
304
10
33
6
116
104
180
54
121
141
85
101
45
83
111
61
146
287
129
611
46
2
83
70
229
41
423
54
51
184
799
199
102
288
172
50
6
109
2
24
42
115
187
75
18
32
325
375
291
1
25
221
33
176
50
44
42
128
126
15
147
42
391
275
172
164
81
204
360
55
37
175
70
121
8
11
32
80
334
38
100
54
47
61
7
120
20
88
153
59
5
20
3
156
37
3
2
205
154
142
69
132
46
17
55
134
77
31416
5
1
21
9
43
112
49
86
44
173
36
40
120
36
8
22
1152
179
71
166
18
47
3310
2211
328
1553
979
1408
2753
10816
2650
4766
6612
5297
13
2988
436
4013
2
8082
14
3703
958
2466
985
4166
9
2
124905
7741
26
47
9417
32439
4
280
73
36
5
54647
890
157
7
29
57
6
12
150
12
27
10
1
2:2
8
2:1
11
847
21040
3093
18188
813
247
1183
1062
1101
532
27
31
49
37
54
40
37
3
1
43
47
4
5
1
30302
10004
64
176
76
749
1
13
69
5
92
130
68
17
202
277
9
57
18
41
103
78
15
39
273
388
56
17
38
30
14775
140
82
1990
9723
1
105
57
102
0
14
0
90
13
62
87
5
-488705
189
87
20
188
34
45
159
79
219
95
86
48
150
60
17
27
23
189
132
42
54
42
165
226
3
215
58
13
23
139
68
221
39
84
275
88
58
4
410
244
36
7
285
344
86
61
28
46
56
238
23
15
71
72
244
75
362
102
21
17
79
17
2
31
80
140
11
93
119
57
191
4
18
158
137
24
141
43
61
60
32
28
22
42
124
99
311
42
17
87
69
6
305
4
68
83
122
24
132
53
83
114
172
49
8
93
77
28
85
34
6
23
17
36
24
138
116
8
17
62
263
101
33
118
17
140
4
7
4
8
118
182
54
294
145
373
56
387
48
296
45
59
255
100
85
325
112
79
63
141
39
55
30
172
72
123
195
31
100
48
50
26
159
53
24
108
55
69
170
55
137
305
12
128
28
169
215
122
26
155
50
125
5
165
72
67
45
5
165
22
25
155
103
32
1
41
11
106
1
15
8
11
6
11
13
47
5
20
1
110
11
2
17
90
24
45
10
84
48
33
4
46
35
17
16
54
11
33
2:165
13
116
243
71
8
43
153
113
102
10
117
62
121
10
331
284
581
265
158
135
185
97
170
223
202
17
14
185
106
18
23
254
37
40
416
199
195
10
40
409
53
200
271
197
241
61
32
459
37
5
88
132
41
10
675
185
44
36
75
228
26
25
12
97
43
8
19
17
89
37
57
38
76
195
158
125
38
25
200
447
9
103
77
5
16
84
10
56
192
156
74
24
17
385
24
7
4
118
94
73
22
17
34
297
84
56
40
158
222
103
24
118
106
1
118
135
98
1
45
10
121
17
2:4
10
2
6
49
42
20
78
27
1
31
31381
63
14
7
23
56
13
129
7
10
7
54
61
69
103
23
35
1106
56
25
13
50
182
167
27
77
1
5256
2517
2048
703
691
6632
2324
3221
12420
3
2831
2271
1392
2605
3
1741
872
1267
7
1384
10
8047
28
2
1
47
2764
14
1825
2468
2037
3119
1
14
10
1427
15471
104456
3544
1736
5973
8
55
47
41792
32
7
3
48
7
9
30
20
32
43
40
43
50
1
71
27
11
72
7167
48072
51
38
3
9
4
31
67
66
107
15
30
1
257
26
20
10
17
679
29
14
18
46
49
63
6
7827
4973
3480
8925
3879
5151
2004
6551
2495
46
144
710
970
3
5
7
19
5
14
46
1
14
62
12
11
43
3
97
31850
8191
609
90
30
145
12
354
172
294
12
134
121
25
83
169
92
54
118
41
1
219
54
374
44
45
5
18
5
28
31
8
41
14898
74
1975
9735
151
14
72
61
12
5
72
3
60
30
4
1421194800
399:0
1
557:0
16
55
-51
-1
2239
-2229
31
-32
222
4073
-4302
-4
226
192
2256
-415
-2216
16
-48
-8
-7
15
121
-56
46
-123
1253
-1191
-24
26
110
-172
121
-72
20
-73
30
98
-119
580
-549
118
160
-111
-108
-98
37
891
-897
239
-245
-10
0
-15
4
66
-60
6
-10
64
184
-244
239
-218
-17
-16
101
-99
65
-52
534
-542
8
-3
9
-14
4
-9
5
2
-3
19
26
-20
6
-31
29
465
-443
379
-107
-47
-93
-183
3
23
193
239
-440
80
-25
-75
3
0
21
-22
-4
50
287
-321
-16
126
-129
162
-157
20
-21
39
-37
91
-96
443
-432
-12
76
-71
-4
28
396
-403
69
-75
524
-539
214
-147
7
2:-20
-10
-25
3
684
-666
98443
-98428
7363
-7241
-151
-5
42
-24
77
30
-69
-58
31
18
76
-121
109
-107
356
-339
571
-531
-62
40
298
-320
130
-138
-2
78
288
-119
-242
1584
-1586
13
1191
-613
-578
-17
1
17323
-15142
-2184
56
-49
24
6
-42
1
80
-69
-7
-1
44
-38
1677
-947
-332
28549
-28958
558
-557
9
-4
97
313
-396
-12
193
-141
-42
34
6003
-5578
-413
-45
-17
14
3215
48284
-51443
5848
-5912
56
25
4645
-4721
-13
6183
-1606
58
-4506
175
-260
323
-366
5
15
-17
302
2438
-2743
4
919
-921
982
4707
-5690
85
-58
-23
7
-1
91
74
46
-220
29
180
1588
-1776
744
-729
15
-46
89
-63
79
102
-172
1129
-394
-311
-457
1114
-49
8018
-6398
-2599
-22
430
-408
-42
-34
58
936
-1010
6
12
46
-68
14
-13
48361
-47574
-420
-336
79
8200
-8306
283
-262
-21
239
4400
-4611
-24
45
234
-145
-99
42
-67
73
-81
7
-12
35
-31
223
-179
61
15
19
-101
-38
73
18
-99
2
17
12
-16
37
-30
43
-62
135
-58
-70
382
29159
-24395
-5094
-27
-32
111
569
-683
266
-30
-215
8
188
2186
-2396
688
-690
51
-44
160
25
-154
274
1244
-879
8208
-8840
66
-46
-71
35
-5
20
108
-140
226
-230
-10
1472
-1466
113
6854
-6633
-333
545
-511
3
175
3
-84
-82
426
-326
161
-333
-1
12
-9
-3
9
-6
2:0
-2
5
-1
-3
-2
1
4
-1
-3
3
2:-2
2
1
0
2
-4
4
5
-1
-2
-6
8
-4
0
3
-4
0
-3
6
-4
-3
11
-6
-1
-4
5
4
-9
0
6
0
-1
-3
-2
1
0
-1
4
1
-5
0
2
0
2:-1
6
-6
12
-4
-6
0
2
7
-8
-2
10
-10
0
2
-2
0
8
-7
-1
4
5
-7
7
-9
3
-4
3
7
-9
0
2
-2
3
-1
0
2
-2
-3
0
1
4
-4
-1
2
-1
4
1
-6
6
-6
1
0
1
0
-2
2:2
4:-1
1
-1
0
4
2
-6
4
-3
2:1
-2
2:2
4
-5
-3
1
2
0
2
-4
-1
1
-2
7
-5
3
2
-5
8
0
-9
2
-2
3
-2
-1
0
-1
4
-2
-1
2
-3
2
1
-3
2:0
5
0
1
-3
-1
1
-2
1
2:-1
3
-2
5
2:-1
-3
0
1
7
2:-2
0
-2
-1
4
2:-2
6
-8
3
0
-3
9
-4
1
-1
0
6
-10
6
-6
7
-6
4
-5
1
-2
6
4
-6
-3
7
-6
-2
8
-8
12
-7
-1
-3
1
-2
0
1
2
2:-1
1
4
-5
0
-1
2:1
-2
3
0
2
-3
0
4
-1
3
-7
3
4
-6
-1
0
2
9
-12
9
-4
0
-1
-4
0
1
5
-5
0
2
-2
-1
0
2
8
-3
-6
-1
2
5
-1
-5
10
-10
10
-10
-1
10
-7
-1
4
-4
2
1
-4
1
6
-8
10
-7
0
-3
3
-1
8
-10
6
-6
1
5
-5
2:0
-1
2
4
5
-11
3
0
-3
2:1
2:-1
3
0
2
-3
-2
0
7
1
-8
1
5
-3
2
3
-8
6
-3
-2
1
3
-4
-1
1
7
-6
0
9
-8
2:0
2
-1
-2
0
1
-2
0
1
8
-10
1
-1
6
-4
0
4
-5
5
-4
8
-8
2:-1
4
2:-2
5
-4
1
2:-1
3
-1
0
2:2
0
5
-8
-3
1
3
-3
8
-7
3
2
-6
1
2
-4
2:0
2
5
0
-6
6
2:-3
2
0
-2
5
4
-10
8
-1
-3
-4
2
0
-1
8
0
-5
6
-5
-4
6
-6
2:0
8
-2
-5
4
-5
4
-3
1
0
-2
3
0
-4
0
1
3
-3
7
2
2:0
-8
-2
4
5
-7
1
-2
6
2:-1
-3
2:0
2
3
-7
4
7
-8
2
6
-10
7
-7
1
-1
8
-8
3
-2
1
-3
1
11
-12
8
2
-8
-1
1
10
2:-6
2:2
0
-2
5
-7
2:1
7
-7
0
-2
4
2
-1
-5
10
-8
1
0
2:-1
2
-2
11
-7
4
-7
-1
4
-3
-2
3
3:-1
9
3
-3
0
-8
0
5
2:-2
2
7
-10
2
-1
2:0
9
-6
-2
3
-4
125
-125
0
1
14
10
-23
14
-16
1
21
-22
1
10
-4
-5
-2
1
-1
2
-2
0
5
-4
3
0
-3
0
5
-4
-2
11
-7
1
-2
2
-5
2:4
-8
9
-3
-2
4:-1
0
1
2:0
4
-5
25
-13
-12
1
6
-6
8
-9
20
-16
2:-2
0
2
2:0
-2
3
-2
4
-4
1
2:2
-6
0
2
11
22
-19
-12
-3
-1
3:0
5
59
-60
-4
0
7
3:-2
-1
43
-43
3
4
-5
7
-3
2:-2
7
-9
22
-21
19
-20
0
8
-5
-1
2
15
-15
-3
1
8
-7
11
-4
-2
-7
4
-5
2
0
62
-51
1623
-1632
75
-60
-14
0
2
-2
2
-1
0
-6
0
2
21
-20
10
-9
23
-26
69
-68
2
9
8
-17
-3
9
-9
19
-15
25
-30
21
-20
3
-2
15
-15
1
-3
527
-440
-85
2
2:-2
1
-1
0
2
4
-3
-2
0
2
63
-44
-21
331
-325
46
-53
2
0
8
16
-25
1
48
-42
-4
4
168
-62
-105
-9
1
-1
13
721
-726
166
-174
2
10
0
-6
4
163
-163
444
-454
6
-6
63
-59
-2
1
2:3
-9
6
-6
138
-136
6
184
-192
11
-6
-3
-2
2:2
29
28
-60
5
19
136
-154
43
-42
7
-7
30
-33
-1
2
16
12
-9
-25
1
58
-4
26
-75
2
-7
3
4
-6
8
14
-24
1
4
-4
7
-5
1
5
210
-190
-29
1
22
675
-695
5
-6
-1
9
87
-93
1
7
-6
-3
13
-7
3
-11
18
-19
7
2
0
32
-35
24
-24
3
-9
10
-3
1
-4
1
2:-1
1
0
-3
12
-13
2
1
5
76
448
168
-697
6
-6
4
208
-213
11
12
-15
-9
39
66
-106
1
3
-3
4
-4
54
-50
11
24
86
97
-220
35
-35
-2
13
-13
0
3
2:7
-17
0
-1
3
2
24
-6
-23
46
-46
0
26
0
-7
-12
16
58
-69
-12
0
4
-3
-1
3:0
1
-1
5:0
2
-2
10:0
1
-1
2:0
1
0
-1
0
1
0
-1
3:0
4
-3
-1
2:0
1
-1
3:0
1
-1
2:0
1
-1
11:0
7
-5
-2
1
-1
0
1
3:0
1
-2
3:0
1
0
-1
0
1
-1
8:0
2:1
-2
10:0
1
-1
17:0
1
-1
0
1
-1
16:0
1
2:0
-1
0
1
-1
0
1
-1
8:0
1
-1
5:0
1
0
-1
1
-1
3:0
1
-1
0
1
-1
7:0
1
0
-1
4:0
1
-1
0
1
0
1
-2
2
-2
0
2
-2
1
-1
6:0
4
-3
-1
0
4
-4
3:0
1
-1
2:0
1
-1
0
1
-1
7:0
1
-1
3:0
2
-1
2:0
-1
4
-4
0
1
-1
3:0
1
0
1
-2
5:0
2
-2
0
1
-1
4:0
2
-2
2:0
2
-2
0
1
-1
1
-1
0
1
-1
2:0
2
-1
2
-1
-2
3
-3
4
-4
4:0
2
-2
10:0
2
-2
4:0
1
-1
7:0
3
-2
-1
0
2
-2
4:0
2
-2
7:0
1
3
-4
1
-1
1
0
-1
11:0
1
-1
3:0
1
-1
5:0
2
-2
5:0
1
-1
2
-2
2
2:-1
0
2
0
-2
0
2
-2
1
0
-1
2:0
1
-1
2:0
3
-1
-2
0
1
-1
2:0
3
-3
3
0
-3
4:0
1
0
-1
1
-1
0
1
-1
2:0
1
2
-3
4:0
2
-2
5:0
2
-2
2:0
2
3
-5
4
-4
0
1
-1
2:0
5
-1
2:-2
3:0
2
-2
0
2
-2
0
2
-2
2:0
3
-3
2
-1
0
-1
0
2
-2
8:0
2
-2
3
-3
1
-1
3:0
2:1
-2
5:0
2
-2
0
2
-1
0
-1
2:0
1
0
5
-6
2:0
1
-1
3:0
1
0
1
-2
1
0
-1
2
-2
2:0
2
-2
end
