v1
574
12
195
328
49
14
224
271
31
115
229
1
7
18
30
112
100
61
21
67
25
54
119
79
109
126
67
171
57
17
39
7
15
28
118
542
106
75
42
554
104
36
7
285
27
273
130
29
162
72
46
409
271
22
413
194
41
225
41
160
18
148
109
138
244
251
28
371
156
31
225
291
243
20
156
7
79
99
158
79
86
203
0
177
65
45
101
65
120
323
64
104
144
27
431
494
149
170
29
7
87
59
67
213
91
35
31
145
228
33
77
41
102
216
42
135
68
98
161
80
64
152
72
95
38
200
50
327
22
53
2
116
14
147
84
118
87
189
106
151
18
16
43
114
80
336
128
160
44
250
59
75
147
298
6
27
14
15
12
33
6
32
46
24
11
31
46
2
3
21
123
4
13
47
41
17
82
62
12
45
14
99
30
3
38
16
38
31
71
42
118
0
426
13
8
85
88
120
257
58
105
329
304
10
39
116
284
54
121
141
85
101
100
53
144
3
30
116
5
267
15
129
281
17
313
15
31
2
83
70
229
41
481
27
20
182
3
40
758
192
7
39
63
83
10
176
76
60
55
50
6
111
23
214
131
75
50
325
407
229
56
106
115
33
29
1
146
50
6
27
53
15
94
2:19
10
28
69
7
8
106
41
40
2
2:46
41
148
96
14
447
245
20
82
102
64
25
326
37
175
70
121
8
11
32
45
86
13
146
73
51
130
8
54
108
95
2:52
36
212
5
20
3
56
48
89
5
50
48
21
138
0
70
174
69
49
32
4
47
63
155
34
77
31416
5
22
9
43
161
86
44
249
8
58
54
36
8
22
12
920
54
57
7
17
13
50
22
68
111
71
104
62
18
26
21
9
3301
324
1887
328
1553
3764
1376
6578
4238
2650
3932
834
1277
10645
2169
819
925
2139
1385
2
14
8077
22
2804
882
943
15
2453
13
985
1012
3146
8
9
2
5
1
4950
116404
3544
0
1
7708
33
73
9417
32421
18
4
33
120
10
44
73
1
19
21
32
0
19
17
5
16
7239
48173
35
74
157
7
2
27
18
10
29
6
12
146
16
37
1
2:2
9
1
11
2
726
29
32
1
8
86
55
3459
12835
2357
2297
3093
5057
13045
86
813
203
44
1183
873
2
131
10
46
1101
532
2
1
2
5
6
11
9
5
15
2
86
10
44
8
32
37
3
1
43
47
4
5
1
30302
1513
8269
4
218
64
176
69
631
125
1
46
41
84
27
111
70
15
202
119
158
9
21
1
2
33
18
41
103
78
11
0
13
30
250
23
39
336
46
4
19
17
36
2
17004
13
9722
2:1
105
57
1
115
2
16
10
26
36
75
5
30
42
10
5
1421322000
573:0
1
169
-161
-6
23
-26
99
-66
-33
149
-146
73
-76
1
16
-17
1
2
-3
2:0
3396
-3395
2
1
-4
17
103
-116
249
-68
-166
50
-65
0
-2
-1
9
51
-61
207
-206
73
-47
103
-116
-8
-5
22
-21
-1
87
-88
3
0
36
-38
40
-23
-16
11
-8
-4
2
-3
0
2
41
71
165
-277
5
4
15
-25
-1
2
1
2:-1
5
0
-5
9
11
-21
1
15
-16
1833
-1825
-5
39
1
699
-734
-6
-1
15
137
-151
86
-63
21
11
-33
-11
-13
3
-2
3
-1
20
0
-3
-19
-1
7
-5
0
3
-1
103
-107
1
2
-1
1
0
3
-6
1
30
-26
4
-8
75
-72
-2
58
726
-780
85
-91
208
-207
2
13
38
-52
-2
1
2
-1
-2
24
-14
-9
82
-67
9
-25
1
51
-50
1
-1
-2
7
180
-99
-74
-14
1
93
128
-220
62
-59
2
-2
248
-252
60
-44
-13
-2
-1
26
59
-5
-77
-1
285
-286
59
11
-72
0
2
214
-211
52390
-41350
-10994
-51
41
-21
-6
-2
24
-36
16
-15
1
-2
2
0
1
24
-23
-2
1
49
-52
12
169
196
-369
14
1060
-1080
-2
2
-2
0
3
35
-35
-3
1
157
-154
22
12
-38
5
1844
-1846
12
-4
-10
71
3318
-399
-2954
-16
-20
1
40
-42
42
-24
-17
2:5
-5
1
-5
5
11
-17
1081
-1069
-12
-1
472
-428
29
-73
109593
-109591
-1
113
-110
-3
0
60
32
-89
166
-156
-7
150
-156
-1
2
56
-50
-4
6
1221
-1061
-56
-110
-2
9
-10
-1
1
-1
51
25546
-21083
-4510
24
-28
155
-147
2237
-2209
1501
-1537
0
11
93
-102
-1
2
4
-1
1
6
-7
-5
120
-109
19
-28
-2
316
-313
-1
2313
-2273
97
-134
7
-13
147
-145
-1
3
62
609
-664
192
-203
2:0
36
-27
-9
7
-6
16
-7
143
-145
-7
68
-31
-38
10
-10
46
-37
51
256
-219
191
16
-303
357
2256
-2612
3
-3
345
-345
135
-137
3
7
24
-15
-19
0
165
-155
-8
102
-98
1
-4
1
30
-33
3
36253
-36250
-7
192
-181
-5
0
89
-94
231
-171
3302
-3290
-66
365
-370
2:-1
7
-7
1
2
-3
18
0
-16
145
4087
-4205
-28
4
85
-75
-4
-8
-3
18
-18
1
7
112
-116
6
4
-13
7
-3
121
-112
7
-10
36
-45
0
6
-8
2:0
1
-1
69
-61
17
172
-178
-16
31
-32
1
-3
37
-36
6
-7
1
16
12
2
-4
-25
5
-6
12
-8
-5
3
-2
36
32
-64
2065
-2026
-38
130
9570
-8410
-1277
-12
-6
6
236
-202
-41
2
132
-122
9
-14
-6
0
70
75
-143
2
-4
2
26
-28
208
-200
-9
60
900
-914
-44
-1
188
3660
-3836
24
-36
5
0
-4
1
-2
2
0
13
-16
8
-4
4
-6
14
-16
12
-5
283
-197
-93
615
-615
117
-116
3
63
-66
20
91
-110
1
-1
41
-18
1
8:0
2
-2
10:0
70
-69
-1
2:0
2
5
-7
7
-5
2
-4
0
15
-15
0
1
6
-7
1
-1
2:0
6
-6
2:0
1
-1
0
1
-1
0
2:1
-2
5
-4
-1
7:0
2:1
11
-13
1
-1
2:0
2
-2
3:0
1
0
-1
2
-2
4:0
6
-6
0
7
-2
0
-5
3:0
14
-14
1
3
-4
4
-4
6:0
1
2
-1
-2
6:0
5
-5
0
1
-1
1
-1
4:0
1
0
-1
13
-13
0
5
-5
1
-1
5:0
34
-34
6:0
2
-2
1
0
4
-5
3:0
1
-1
2:0
1
11
-11
-1
0
6
5
-11
5
-5
2
-2
12
-12
0
4
-4
3:0
7
0
-7
0
28
-28
5
-4
-1
2:0
42
-41
727
-682
-36
-10
4
2:-1
1
0
-3
4:0
1
-1
0
4
-3
-1
0
4
-4
2
20
-21
2
0
5
-8
4:0
1
6
-7
2:0
16
-16
4
-4
0
2
20
-22
4
-1
-3
0
200
-101
-94
-5
0
1
-1
0
4
-1
-3
1
0
-1
1
-1
2
-2
0
58
-57
-1
0
16
-9
-6
-1
280
-279
0
-1
2:0
1
-1
20
-20
5
-4
-1
10
-10
2:0
15
-14
-1
0
62
-9
-44
-9
3:0
1
-1
0
9
361
-312
-58
2
-2
5
0
90
-91
209
-213
0
1
28
-29
5:0
2:1
-2
0
1
3
-4
0
28
-27
-1
78
-69
3
-12
3
-2
10
-10
-1
0
14
72
-83
22
-25
0
1
0
-1
3:0
2:1
6
-2
-6
16
-13
-3
1
-1
1
-1
17
-6
4
-12
20
-23
23
14
-37
1
-1
4
-4
4
-3
-1
7
0
-7
2:0
2
-2
2:1
-2
1
2
-3
0
1
-1
162
-162
2:0
2
1
0
9
-12
1
6
220
-223
-3
6
-7
2:0
1
-1
3:0
1
0
-1
3
83
-86
0
1
16
-14
-1
-2
1
2:0
-1
5
4
-7
-2
8
-8
0
2
9
-1
-8
1
-2
2
-3
6:0
4
1
-3
5
-6
0
4
-5
2:0
6
-6
3:0
4
-1
1
-4
0
1
-1
2:0
2
-2
0
2
2:-1
31
-31
3
23
233
-90
-169
2:0
1
33
-33
-1
0
2
0
2
2:-2
1
10
34
-44
0
-1
0
5
-5
51
-50
-1
5
9
-14
2:0
58
105
-161
7
-9
1
0
-1
2
-2
2:0
1
-1
10
-9
2
-3
1
-1
2:1
11
-10
-3
9
-9
13
-13
3:0
2
12
-14
2:0
19
-15
end
