v1
955
187
23
87
272
174
486
52
139
39
9
8
21
27
306
163
90
552
57
17
39
7
15
127
19
535
267
222
7
186
29
73
140
563
29
291
102
36
690
101
228
96
204
22
118
167
136
24
275
138
78
417
28
346
212
88
137
291
58
185
0
87
89
343
79
196
93
7
650
272
31
63
87
125
87
61
283
494
442
126
193
20
69
88
345
178
319
42
135
365
86
339
254
27
433
339
118
276
275
59
114
55
268
93
288
294
59
526
27
29
51
32
25
18
69
48
3
14
117
13
4
118
82
12
62
123
30
35
0
41
71
127
118
447
78
95
345
524
304
10
33
6
116
284
54
121
141
85
101
41
87
169
3
433
129
298
14
299
10
28
9
1
66
17
287
12
41
309
394
50
758
199
35
67
83
10
367
167
368
75
18
32
183
111
181
509
7
247
33
312
128
126
7
8
147
40
379
14
18
0
530
63
81
20
184
245
170
37
175
17
53
129
11
32
86
366
12
88
54
47
61
147
2
86
212
5
20
3
193
5
247
80
375
63
155
34
31493
5
22
9
204
33
50
3
44
173
76
0
120
36
8
22
1043
109
68
111
71
166
18
47
9
3301
2211
328
1553
5140
10816
2650
4766
4606
383
1623
5310
4785
2652
2
14
8082
2821
1840
2453
995
4161
1
7
9
2
5
1449
123450
1
1735
6006
9490
32395
16
10
18
4
280
20
89
5
16
54631
816
67
7
157
9
15
12
57
6
29
36
109
27
10
1
2
8
3
12
3
754
60
16416
4654
3093
10208
7980
813
1430
1062
665
436
532
11
44
3
86
54
5
35
16
21
3
1
43
47
9
1
30302
10004
64
176
100
126
599
1
309
85
202
49
228
9
57
18
41
103
47
46
39
273
350
94
17
38
14945
82
1977
13
9723
1
162
1
101
14
28
62
2
11
62
5
23
37
22
5
40
3
-488714
54
124
285
57
9
87
105
374
110
136
98
53
158
123
82
120
18
459
204
48
81
6
146
466
12
153
340
259
15
3
87
55
10
11
264
5
89
15
194
41
86
61
85
2
161
86
57
71
195
112
28
49
116
19
57
9
285
31
93
62
224
9
72
120
56
9
125
34
10
18
29
146
130
7
24
1
88
52
32
11
116
155
51
29
91
174
21
77
135
151
168
137
4
105
35
26
79
28
24
52
15
77
39
35
188
6
99
91
326
95
3
59
45
158
8
127
34
203
33
31
55
430
215
101
48
26
23
461
132
21
5
74
43
52
202
67
141
47
43
184
330
143
152
245
217
106
39
55
96
59
89
30
92
147
79
65
21
45
11
37
121
114
409
91
74
113
29
35
165
185
15
18
60
32
152
99
81
40
122
131
40
20
12
83
242
68
74
134
129
7
72
99
50
61
47
9
17
3
2
8
1
6
7
25
17
54
16
10
57
69
3
26
53
22
5
64
19
65
63
14
9
37
53
26
7
35
19
38
171
176
2
445
208
115
235
2:35
96
123
138
234
54
257
13
29
55
198
3
386
129
108
207
90
12
150
191
52
202
141
53
151
18
13
155
693
38
47
8
5
7
59
311
798
82
76
179
289
6
44
22
43
26
42
171
6
31
5
97
123
319
3
122
193
89
66
43
47
29
44
8
11
286
34
9
42
106
40
6
44
89
10
84
24
14
328
71
149
6
57
421
79
87
75
180
5
100
10
56
104
4
57
257
332
94
6
25
38
39
139
73
22
29
292
6
8
13
108
51
21
189
39
117
24
11
103
24
73
45
106
119
75
50
69
38
2
40
5
38
93
17
3
5
144
63
13
14
1
31
31381
77
103
137
9
124
118
48
1
1163
64
80
74
249
53
9
68
331
5242
13277
320
1002
1813
12245
1586
2831
3663
2605
3
1741
2130
9474
11
2
4651
2481
985
1012
3153
2
16
2
1425
20
3503
530
115874
1
11260
51
38236
3607
32
7
51
98
29
14
40
72
2
35
56
27
36046
19327
38
8
4
168
105
47
57
1
26
137
37
3
1
7
2
13
726
43
113
63
4
2
7827
4973
4652
1185
6568
17703
367
826
278
537
415
2
131
11
85
1595
1
6
1
7
19
5
63
33
38
18
6
48
8
18
3
10
24
39
14
10
31821
8273
527
78
12
30
49
462
213
86
17
16
103
70
107
60
81
104
29
111
32
1
14
141
82
38
20
4
2
427
24
65
210
90
14785
228
11710
145
2:3
26
60
10
51
17
164
7
34
17
22
16
18
1421986200
399:0
1
554:0
85
-55
-8
3
-9
203
-173
-29
170
-45
-125
6
30
-31
227
5291
-4962
-117
-413
1741
2267
-4039
33
-19
35
220
-261
8
-16
-3
46
133
-180
42
-40
5712
-5700
191
-192
-2
0
4
41
135
-24
-167
133
-110
173
-187
43
-6
-47
1498
-885
-530
-81
475
-236
-111
-125
-1
30
-21
-4
126
-134
49
-41
1
27
450
-275
-205
9
18
445
-445
-13
27
63
-92
-14
2
163
-167
93
-70
393
-348
-39
9
149
-189
2103
-2092
964
-825
-149
-1
1
7
418
-267
-35
-114
11
-9
57
-22
111
-146
-7
71
-71
99
-52
-12
-30
11
86
290
-370
57
-35
507
-335
1
-143
-52
-25
204
17
-221
30
43
409
-422
94705
-94756
6795
-6550
-205
14
-52
253
3124
-3377
78
165
-136
-63
-5
-35
-15
9
81
-88
-2
47
606
-646
30
-24
-3
266
-225
-36
-11
52
-56
18
176
-167
-24
2173
-1519
4412
-2196
-2858
164
50
1653
-1847
29
-34
35
-7
-57
1544
-851
-686
87
20074
-20136
18
456
-498
-5
-4
13
7
-14
189
-61
-124
117
22
-145
224
1963
-1888
-257
342
9
-397
512
22547
-22958
3130
-3137
-93
283
-264
1426
-1412
4162
-4055
565
-679
-9
33
-18
-34
1660
-1586
1247
-1042
-223
-19
103
-141
0
260
-13
-236
0
213
1297
-1505
146
-66
-77
-10
8
898
-576
-322
234
-242
299
-218
1019
-984
109
1033
2108
-2423
-951
5
523
-471
-55
2
95
-97
1199
-1201
24
163
-164
-4
113
-131
111
32614
-32711
-5
104
81
-190
460
9383
-9822
-27
22
-12
1229
-1227
2
2570
-1501
-1082
7
-1
-7
-1
47
-46
23
7
-19
107
-81
89
-82
-16
8
-32
352
-346
27
309
-344
3
-4
7
47
31
-79
25
-19
59
-65
154
-62
73
-168
6
4961
-4687
28043
-28314
-5
7
1293
20823
-16023
-6107
37
-32
1302
-1298
125
1159
-1253
72
247
684
2453
-3497
29
88
-115
191
1175
-1106
3799
-3976
25
-107
21
-15
58
160
-224
125
-33
403
-379
-118
108
1026
-985
3916
-4041
8
869
-882
66
4
198
280
-562
-4
-2
66
-66
9
108
-127
-2
-1
1
-1
9
-1
-6
5
-5
1
-1
-2
3
1
-4
2
6
-4
-2
1
-1
2:0
9
-4
-6
4
-2
0
-2
2:0
2
-2
1
-2
0
9
-9
9
-9
2
0
5
-3
5
-5
-4
11
-11
0
7
-4
2
-4
0
2
3
-4
2
-2
0
6
-3
-2
-3
4
3
-1
-6
2:0
7
2
-5
2
-5
4
1
-5
2:1
-3
1
-1
8
1
-2
-7
3
-3
7
-1
1
-6
-1
1
7
-2
-4
6
2:-3
6
-8
4
-1
9
-8
-4
3
7
-8
-1
2:0
1
0
3
2:0
-5
2:2
6
-6
-2
1
3
-1
-5
1
2:0
10
-8
8
1
-9
-3
0
2:1
7
-3
-1
-3
1
2:-1
1
2
-3
-1
1
6
1
-2
-4
3
-5
10
-8
2
-2
0
10
-10
3
-4
8
2:-3
-1
1
-2
-1
12
-6
-5
0
5
-5
2
2:-1
3
-4
7
1
-7
1
0
10
-10
0
1
-3
1
-1
2
2:1
-1
0
4
-6
7
-6
2
-4
1
3:0
3
2
-3
3
-4
5
-3
1
2
-3
5
-4
6
-8
-2
1
4
-1
-5
3
2
-1
-3
10
-4
5
-11
3
-2
1
-2
4
-5
0
3
-2
5
-5
8
-8
4
-5
5
-2
1
0
-2
2
0
-3
0
1
9
-2
-5
6
-7
-3
7
-1
1
-7
9
-4
-3
6
-2
3
-7
1
3
-6
1
8
-7
1
4
1
-6
3:0
8
-1
-9
8
-8
5
-2
2:0
5
1
-5
2:-1
2
-3
4
-5
1
-1
2:5
-9
2
-2
-1
1
8
-8
-1
0
1
3
0
-3
8
-7
0
2
-3
1
-2
1
2
-2
1
4
-5
8
-6
-1
-2
10
-9
2
0
2
2:-2
1
5
-2
-3
2
1
4
-4
3
-7
3
-4
4
-3
1
2
-2
9
-11
2
-2
0
2:4
-7
2:1
4
1
2:-4
2
0
9
-9
-1
1
-1
4
-3
-1
6
-2
-5
1
3
-2
0
2
1
-5
2
3
-4
7
2:-3
2
-2
-1
4
-3
3
-4
7
-4
0
1
2
0
4
-10
4
-4
11
-4
-5
2
-3
6
2
-8
4
-5
1
-1
2
-2
-1
0
6
2
3
-8
4
0
-5
0
1
5
-4
3
1
-7
4
-3
0
6
-8
0
1
2
-2
5
-3
2
-2
6
-9
0
2
-2
2:1
0
2
-3
5
-4
2:-1
0
3
0
-1
0
-1
4
-2
0
-2
0
-1
1
4
-3
2
-2
1
2
-1
3
-7
8
0
3
-2
-6
6
-1
0
-7
4
0
-4
9
-8
7
-1
-7
2
-3
0
7
-5
1
0
-3
8
2
-9
-1
9
-1
-7
1
-2
4
-2
5
-1
1
2:-1
7
-10
3
-2
2
1
0
-2
2
4
-4
2
-4
5
-5
4:0
111
-110
9
-10
29
-26
2
-5
2
3
-5
0
1
-1
0
8
-5
-3
6
-6
232
-232
6
-5
2
-2
1
0
-2
20
-19
4
-4
5
-6
3
-3
1
3
-3
5
-5
1
8
-1
-9
0
2
-1
3
2:-2
2:1
4
-6
2
14
-15
-1
7
9
-11
-3
-2
13
-7
-5
0
-1
1
4
-2
-3
1
5
2
1
-7
26
-27
42
-27
-13
-2
1
-2
0
6
106
-109
1
-1
6
-6
41
-42
4
2:-2
2:1
-2
0
7
18
3
-30
4
6
-1
1
0
-9
2:1
12
9
-22
2:2
50
-33
1876
-1898
86
-49
-31
0
-2
2
5
2:-6
1
0
15
-5
-6
-5
4
21
-21
-4
0
128
-123
-3
-2
10
-1
-6
1
-3
17
-16
-2
25
-24
1
36
-32
518
-472
-51
9
-9
-1
2:0
1
8
5
-8
46
-17
-25
-4
284
-289
2
38
-41
2:0
2
1
0
24
-26
2
30
-26
-6
10
85
10
-102
-2
2
-4
35
571
-578
148
-167
-9
18
12
145
-165
502
-503
99
-108
0
7
-5
2
78
-79
126
-105
-16
-5
0
-3
4
32
9
-36
1
26
43
-75
11
-15
4
-1
9
0
29
-34
-3
-2
4
19
6
-14
15
20
31
-76
-7
1
5
-3
0
5
27
-32
-2
1
-2
2:0
2:2
-1
0
199
-201
5
-5
24
-21
-4
1051
-1050
2:0
1
18
-16
-2
10
80
-90
3
-3
-2
5
-2
4
-7
3
4
6
-13
2
20
-20
6
-4
15
-18
10
0
-10
1
-1
2
5
-3
2:-1
1
10
-10
33
-26
-4
-5
0
19
-18
598
-596
0
-5
121
852
-187
-784
3
-3
109
-109
2:9
-14
-5
5
30
178
-213
29
-23
-7
15
32
50
-5
-85
23
-29
0
1
3
19
-24
15
-7
32
-37
-2
8
10
-6
43
-55
-1
31
-31
9
40
-34
15
-30
2
-1
57
-55
-2
0
-1
4:0
1
-1
4:0
1
-1
4:0
1
0
-1
4:0
35
-35
0
1
-1
4:0
1
-1
7:0
1
-1
5:0
1
-1
7:0
3
-3
3:0
6
-6
9:0
1
0
-1
2:0
2:1
-2
4:0
2:1
-2
3:0
1
0
1
-2
2:0
2
2:-1
0
1
-1
2
-2
2:0
1
3
-4
0
2
-2
5:0
1
0
-1
4:0
1
-1
2:0
1
-1
20:0
1
-1
3:0
1
0
-1
2:0
2
2:-1
1
-1
2:0
1
-1
7:0
2
-2
3:0
1
-1
1
-1
3:0
2
-2
2:0
4
-4
6:0
1
0
-1
0
9
-9
5:0
1
-1
4:0
1
0
-1
0
1
-1
2
-2
1
0
-1
3:0
1
-1
0
2
-2
1
2
-3
1
-1
1
-1
1
-1
4:0
2:1
-2
2
-2
2
-2
3:0
1
-1
1
2:0
-1
2:0
2
0
-2
3:0
1
-1
0
3
-3
0
2:1
2:-1
0
1
-1
0
1
-1
2:0
3
-3
3:0
1
2
-3
2
-2
2
-2
0
1
-1
1
2:0
-1
1
-1
1
-1
2:0
2
-2
6:0
2
-2
2:0
1
-1
0
3
-2
-1
4:0
1
-1
0
1
-1
0
1
-1
2:0
2
-2
2:0
5
-5
2:0
2
0
-2
1
0
3
-4
1
-1
7:0
1
-1
1
0
-1
4:0
1
-1
1
2
-3
14:0
1
-1
0
1
-1
0
1
-1
0
1
3
-3
1
-2
2:0
1
-1
2
2:-1
2
-2
2
-1
0
-1
2:0
1
-1
1
-1
0
2
1
-3
1
2:0
-1
4:0
3
-2
2
5
0
-8
2:0
1
0
-1
2:1
-2
8
-7
-1
1
-1
2:0
1
-1
12:0
1
-1
3:0
2
-2
5:0
4
-4
7:0
3
-3
1
-1
1
0
-1
5
-3
-2
2:0
1
0
1
-2
16:0
4
-4
2:0
2
-2
3:0
1
-1
3:0
1
-1
3
-3
0
1
end
