v1
922
252
872
64
41
52
23
116
48
8
21
0
586
51
376
124
58
56
7
15
146
535
496
167
121
5
142
300
285
265
128
260
169
162
135
101
324
10
194
22
118
167
160
360
53
70
25
799
21
166
88
137
277
104
153
20
156
204
46
93
79
196
706
44
303
63
25
147
40
87
344
16
97
381
212
230
126
193
20
69
930
42
135
451
251
88
200
54
27
44
312
44
372
394
275
109
387
93
288
294
59
50
26
450
27
29
45
6
32
25
18
12
7
22
28
46
19
7
110
11
2
3
1
118
82
12
20
42
45
14
64
30
5
30
57
55
45
200
447
78
95
120
225
0
195
219
110
304
10
33
6
116
284
54
121
141
85
142
87
169
3
146
0
287
129
312
299
15
33
66
17
299
41
423
93
19
976
394
195
172
56
44
65
2
66
302
63
12
50
183
801
7
247
33
29
51
146
6
80
128
19
107
7
8
147
323
96
14
16
431
245
204
245
207
175
2:70
51
8
11
32
101
262
89
12
88
54
47
61
55
92
88
153
59
5
20
3
104
89
5
151
106
70
243
93
39
63
155
34
31493
5
22
9
138
66
4
126
85
88
36
40
120
36
8
22
1152
68
111
237
18
3357
2211
328
1553
2387
1748
1005
10816
2650
1546
3220
4989
3
1620
5310
2988
3066
1385
8082
2835
882
3424
5162
5
1449
123451
1735
0
5981
25
73
9417
28772
3639
32
254
135
5
54647
160
656
67
98
66
24
12
57
6
12
162
27
10
3
10
2:1
11
3
795
149
16286
2357
2297
3093
13459
4729
813
1430
1062
665
436
532
2
3
2:11
28
3
86
54
40
16
1
0
20
3
1
43
56
1
30302
10004
64
402
599
1
309
85
202
277
9
57
18
41
103
52
46
4
216
13
74
425
36
38
14945
82
1990
9723
1
162
1
115
18
72
2
11
62
28
7
52
48
-488720
161
87
58
84
130
3
111
11
347
14
13
82
246
6
3
89
26
4
23
269
5
89
22
32
84
123
106
45
75
238
74
138
2:145
275
0
46
165
59
21
15
245
170
0
29
213
17
179
96
15
12
121
123
56
268
287
255
11
228
35
30
12
101
42
19
78
3
52
159
157
25
62
163
64
58
188
44
40
153
66
95
141
165
10
21
16
12
3
87
98
178
15
31
268
338
110
32
36
98
68
63
43
9
69
18
79
140
153
91
73
150
18
85
6
92
59
45
158
8
126
271
4
27
147
187
7
100
21
151
262
192
600
19
94
77
239
43
47
31
246
237
143
79
138
169
51
47
275
41
14
202
42
30
119
108
156
21
45
48
169
475
125
4
36
92
21
11
227
32
144
15
110
32
346
46
70
131
60
95
242
288
117
3
4
135
40
10
47
17
58
53
20
6
12
3
23
56
3
20
71
47
23
68
46
64
156
32
15
109
54
144
27
472
45
91
15
51
229
313
11
120
380
230
196
42
244
104
292
77
105
57
212
97
216
177
196
6
17
33
144
108
18
20
35
1
155
579
219
187
296
242
273
12
357
262
60
217
29
213
82
57
123
41
278
3
122
371
67
20
9
44
14
5
37
284
146
2:5
90
89
37
57
114
195
2
46
292
14
40
367
241
2
101
7
70
5
69
31
257
105
48
4
3
71
5
423
35
6
23
85
220
22
28
220
22
27
39
69
72
94
72
234
72
35
172
201
45
50
11
58
85
38
35
58
1
19
17
195
27
1
31
10
31366
82
7
96
135
2:7
2:92
96
7
1110
12
42
64
17
63
74
198
43
8
53
77
50
9
272
12257
2468
5116
1110
7144
4924
880
8080
2605
1744
872
1267
1385
6
8074
11
2
21
1
4629
15
3451
4158
1
3:8
1427
119927
1
3543
7796
40648
1209
18
30
15
112
14
40
52
21
20
53
19
38
10999
44363
33
17
109
164
47
35
23
149
46
5
3
2
21
17
709
29
14
111
2:1
6
7890
4973
2890
2950
6565
6596
2434
3257
5783
201
1810
188
1682
6
1
26
5
13
48
5
47
24
1
24
43
1
0
22
41
38
21
4
31821
8269
4
458
0
69
31
38
21
541
46
126
41
154
45
10
312
0
12
42
69
50
90
13
22
114
39
89
46
39
173
76
150
262
32
24
29
34
25
14769
2202
9735
151
115
49
75
22
38
36
51
38
16
1421900400
399:0
1
521:0
28
-14
34
163
-178
-17
6
-6
5
161
0
6664
-6835
323
-307
405
2465
-2854
1
0
-29
-2
8
21
48
-70
-8
84
-80
3837
-3837
9
402
-144
-272
19
6
-24
46
78
-94
164
-190
137
-142
61
8
-69
1163
-643
-480
-39
3
481
-464
-12
-7
1
29
-20
-2
-6
73
-61
4
13
-32
106
-107
60
-59
4
413
-418
102
-93
13
74
-68
-7
24
-14
26
1991
-2031
-14
7
180
-187
33
-22
1212
-410
-538
-272
-4
481
-389
323
-357
22
-63
27
4
-3
-4
-27
45
-40
2
-14
61
77
-146
3
23
-23
40
-36
8
-16
2:42
353
-416
161
-86
-81
66
-35
28
32
51
-154
24
-25
186
34
-219
1
248
-244
0
-2
-5
241
-231
91381
-91087
5217
-5320
-152
3
-14
130
-143
73
-62
-35
26
-19
0
36
-24
-13
1132
-1134
683
-646
37
-19
186
-244
5
0
74
-65
45
1925
-1948
-36
6
77
-80
7713
-7689
1286
-1007
-110
-104
-84
56
-4
-49
36
-49
3
11
1037
-1052
827
-827
75
20679
-20665
51
516
-645
11
26
319
-240
22
-115
430
-458
12
1673
-1491
-173
-25
17
107
-126
226
48984
-49121
10199
-10271
66
440
-519
7
2799
-2789
2311
-2302
63
298
-385
7
-1
-12
2
2979
-2978
4
1612
-1481
962
-729
-347
-17
-4
8
58
-28
264
-304
16
111
719
-791
68
-103
-8
13
97
-74
91
64
496
-632
-66
20
300
890
3388
-4593
120
-116
9
726
-726
-17
-1
78
-75
1
64
-70
27995
-27979
28
91
-126
0
5
452
-388
10443
-10521
4
6109
-6076
417
1076
-1526
-4
7
2
37
-15
-30
24
1
262
-280
40
732
-772
4
2:5
48
11
229
-309
23
-24
2
9
43
-54
55
-47
73
-66
1061
-1009
32
-98
21
-13
2
-5
10616
-10312
36123
-36428
3:1
1449
12076
-8626
-4899
-1
1576
-1577
352
203
-479
149
2711
-2929
23
-34
549
696
-794
1428
-1811
68
-136
29
-27
2:-1
17
-12
28
5
3158
-3183
16
945
-494
1746
-2198
1082
-1100
299
4089
-4343
678
-653
46
157
-155
-141
6
5
-8
-1
6
-5
3:-1
3
-1
-2
2
2:1
-2
2:0
-1
0
2
-1
-2
7
1
-7
0
9
-10
9
-2
-5
2
-2
3
2
-5
4
2
-6
-2
5
2
0
1
-6
3
-5
1
9
-8
3
2
-6
9
-9
7
-6
-2
0
7
-1
-6
1
-1
0
8
-4
2:-1
2
3
-7
2:0
2
4
-2
6
-9
8
-1
-4
-3
4
-2
-1
2
-3
4
2:-2
3
4
-6
3
-4
9
-10
7
-1
4
-7
-2
5
3
-8
-1
2
7
-6
0
4
-6
1
6
2
-10
1
-1
9
-5
1
-2
0
-1
9
-11
6
-2
0
-1
1
5
-9
5
-5
10
-6
-4
0
5
-4
0
4
-3
-2
8
-8
3
0
6
1
-4
-6
5
-3
-2
3
-2
2
-3
4
-3
3
-3
3:0
5
-3
-1
3
-3
2:4
-7
4
-2
1
-6
4
-3
5
-6
5
-2
-1
0
2:-1
3
-3
3
-3
5
1
0
-2
-4
4
-2
-1
5
3
-8
5
-5
0
7
1
-7
2:-1
2
7
2:-3
3
-5
0
4
3
-7
0
3
-3
2
-3
3
2:0
6
-7
-1
3
-2
5
-5
-1
2:0
6
-2
-3
5
-5
3
-2
-1
0
-1
2
6
-5
-4
8
-6
0
-1
3
0
-3
3
4
-6
-1
3
-3
-1
5
-1
2:0
-3
-1
0
4
-3
7
-2
5
0
-10
5
-5
5
-5
2
-3
5
2:0
-4
3
4
-7
2
3
-5
0
3
-1
1
-3
4
-5
10
-8
-2
9
-5
7
-6
-4
3
-3
9
-10
2
2:1
5
1
-8
-1
7
-5
-2
8
-4
-3
-2
1
-1
5
-3
-1
2
-2
0
4
-4
5
-5
0
6
-1
1
-6
0
4
3
-3
-4
1
5
-6
5
-3
6
-5
-3
1
7
-1
-6
-2
1
0
2:1
-2
2
-2
0
2:3
-4
2:2
-5
1
-2
8
-6
-2
2:0
-1
0
8
-4
4
-2
4
-2
1
-8
-1
6
-1
-4
1
-1
2
5
1
-6
8
-2
-7
2:1
-4
1
0
2
4
-1
-4
3:0
1
5
-7
1
6
-2
-4
8
-10
3
3:-1
5
-1
-3
7
-3
-4
3
-3
1
0
1
-1
-2
6
-2
-4
0
2
0
3
2
-3
-2
-1
3
0
2
0
-4
-1
8
-3
-1
-2
5
2:-1
2
-6
-2
1
5
-3
3
-3
-1
2
6
-9
3:0
2
3
-5
-1
2
-1
1
7
-6
0
1
-4
4
-3
-1
6
-4
-2
2
0
2
4
-6
2:4
-10
2:4
-4
3
1
-7
2:1
-1
7
-6
-1
2
-1
1
-1
0
108
-109
0
1
7
25
-29
14
-13
-3
2:-1
6
-6
1
-1
7
-7
228
-228
0
1
7
-7
-1
9
-8
2
-1
10
-7
-5
6
-6
0
3
-2
4
-3
1
0
-2
10
-8
0
-3
0
5
-4
0
-1
5
-1
-4
2:0
8
-8
8
-7
-1
12
-11
7
-6
-2
12
-7
-5
7
-2
-5
0
3
-3
1
2
-3
3
-3
16
24
-25
-15
2:0
4
87
-88
-3
0
5
-3
4
-1
-2
21
-22
11
-11
0
-2
3
8
-9
-1
0
-1
3
-1
9
15
10
-35
0
3
-2
-1
3
2
-1
5
-7
2
-5
21
-7
-11
-2
3
-1
0
-2
0
49
-38
1953
-1962
90
-60
-20
-7
3:-1
-2
2
-2
4
-1
0
8
-8
0
18
-19
126
-125
-1
4
5
-10
1
-2
20
-19
-2
45
-41
-4
3
10
-10
478
-481
56
-49
-6
-1
0
9
1
-8
1
-3
4
-2
46
-45
48
-48
-2
245
-246
0
45
-45
2:4
19
-26
25
-19
5
-11
2
95
-4
-89
-5
2:1
-2
27
512
-517
136
-158
13
6
-14
15
124
-140
422
-417
-3
77
-80
0
-2
3
-3
9
-6
3
67
-69
118
-109
-2
-12
6
-6
17
-16
50
-50
8
23
111
-131
10
-19
0
7
23
-25
-1
15
1
-7
-16
0
40
7
25
-72
11
-10
1
12
-10
-1
-3
33
-32
3
-1
1
188
-192
6
13
-18
2:0
-1
19
1151
-1169
0
14
-14
9
88
-96
-2
1
-1
0
6
-5
0
10
4
-7
17
-20
2:1
-4
12
-10
0
-4
-1
2
0
-2
5
1
-5
8
-6
11
-6
27
-24
-2
-9
5
-5
2:1
15
-10
688
-691
-4
1
0
134
853
-314
-669
-4
310
-309
11
9
-21
41
132
-171
22
-21
17
21
69
85
-191
21
-23
-2
0
-1
0
1
4
7
-4
21
-26
0
21
-2
29
-49
26
-27
10
26
-24
20
-33
1
51
-51
-1
0
2
-2
18:0
1
-1
1
-1
3:0
1
0
-1
5:0
13
-11
-2
5:0
1
-1
1
-1
3:0
1
-1
8:0
1
-1
4:0
1
-1
3:0
1
-1
4:0
1
-1
2
-2
0
1
-1
6:0
1
-1
8:0
1
-1
2:0
2
-2
5:0
4
-4
0
3
-2
-1
4:0
2
-2
1
-1
2:0
2
-1
0
-1
5:0
1
-1
10:0
2:1
-2
3
-3
6:0
1
-1
7:0
1
0
-1
1
-1
2
-2
3:0
1
-1
1
-1
1
-1
6:0
1
-1
1
-1
2
-2
1
-1
5:0
1
-1
3:0
2:1
-2
6:0
1
-1
2:0
1
-1
3:0
3
-3
0
2
-1
1
-2
0
2
-1
0
-1
3:0
1
-1
0
6
-4
-1
0
-1
3:0
1
0
1
-2
0
2
-2
5:0
1
-1
12:0
2
0
1
0
-3
7
-7
6:0
2
-2
1
0
-1
2
0
-2
1
-1
3:0
1
-1
1
-1
0
5
-5
0
1
-1
1
-1
5:0
1
-1
2
-2
1
0
-1
3
-3
7:0
1
-1
3:0
1
-1
0
3
-3
3:0
1
4
-5
0
2
-2
0
1
-1
7
-6
0
-1
3
-3
7:0
1
-1
1
0
1
2:-1
8
-7
-1
0
3
-3
4:0
2:1
-1
2
-1
2
1
-5
1
-1
6:0
2
-2
0
4
-2
1
-3
2
-2
0
1
0
3
0
-3
-1
3:0
1
-1
0
2
-2
4
2:-2
1
-1
2:0
1
-1
0
1
-1
10:0
2
-2
2:0
1
0
-1
3:0
2
0
-2
2:0
2
-2
4
-4
1
3
0
-3
-1
0
2:1
-2
2
-2
7:0
1
-1
5:0
2
-2
2
2:-1
8:0
3
-1
-2
6:0
1
0
-1
end
