v1
621
207
332
204
725
496
119
532
77
56
22
305
383
165
328
271
237
208
148
545
455
372
334
103
33
80
285
160
275
138
70
577
403
31
225
381
341
74
99
420
191
202
101
355
217
534
172
936
339
69
57
437
436
177
143
374
106
448
7
66
327
372
394
106
169
392
104
93
116
172
276
597
6
194
7
19
77
5
138
6
3
1
110
8
82
30
163
4
65
3
54
38
262
447
518
134
61
86
243
314
34
5
400
115
95
106
186
128
3
345
257
755
33
83
70
86
143
41
161
262
1389
71
389
50
6
109
310
60
75
18
32
980
291
232
80
53
75
126
7
155
42
281
110
649
63
82
102
245
573
8
11
32
74
216
162
100
54
47
61
147
2
239
59
5
23
198
257
70
174
154
47
63
155
34
77
15
31401
5
2
233
130
173
76
156
30
1152
68
111
71
184
3357
6
2533
1553
5140
10816
2650
11
16677
2169
819
4449
8091
2
2826
882
958
2466
5144
6
12
2
4
1427
123472
7741
9490
32379
42
22
163
117
92
22
55510
184
7
2
47
37
6
201
11
2:1
10
741
18862
15598
9040
2056
854
968
5
11
1
37
4
86
54
5
35
37
3
1
43
57
30302
1513
8555
245
157
600
46
331
17
151
51
24
25
70
66
92
9
57
18
41
150
31
10
243
74
350
25
50
51
14824
1
143
62
2010
9722
2:1
162
1
115
28
62
13
62
-488465
270
334
99
41
128
0
418
35
242
174
888
118
39
38
82
561
46
265
254
34
5
142
440
145
159
366
628
295
174
167
203
22
20
102
474
142
193
164
14
225
174
21
142
230
296
104
66
87
20
163
151
553
7
59
387
428
166
180
8
292
155
106
272
100
1804
18
69
296
97
124
251
88
238
164
420
959
50
0
119
25
673
147
90
8
274
0
5
330
3
29
12
52
19
35
5
3
17
44
73
0
117
19
11
159
8
11
16
5
62
40
5
108
76
144
54
557
86
7
88
120
94
302
101
142
208
63
143
43
0
122
338
347
142
256
3
102
49
97
669
256
33
946
20
131
94
758
209
175
10
534
181
56
42
97
915
163
0
19
258
80
33
121
201
57
122
189
134
108
40
443
210
67
36
45
131
71
132
125
75
122
175
303
302
293
50
202
5
36
237
107
89
111
42
57
246
50
68
159
31746
9
43
96
140
11
129
173
14
97
44
954
110
11
157
151
58
87
1
12
49
65
281
5240
9485
4114
11654
4992
790
830
4874
7875
8060
4682
3464
2
4158
8
9
1456
3539
0
119911
7815
41893
78
13
83
74
19
89
21
7239
3760
25036
19299
28
85
74
193
18
10
25
22
144
55
6
8
1
11
947
7833
8453
4654
3093
5056
13132
2243
1006
56
40
1061
534
25
9
77
134
97
40341
240
15
128
46
636
88
91
131
70
352
153
19
21
135
42
93
39
64
540
113
17
38
26850
34
32
138
55
2
145
1
14
5
43
1421932800
299:0
1
320:0
7
4
1
-1
-2
2792
-2794
406
-110
-294
-6
2
101
-99
0
3
179
-179
1705
-1697
-10
2:-1
516
-509
1
7
-10
-7
2:1
-1
94
196
-292
2
4
-5
2
-3
12
-7
5
-9
472
-464
155
-1
-151
114
-123
1
0
-3
2
9
-10
7
-3
-1
139
80
-221
5
2
-6
322
-323
585
-587
1
-1
756
-755
2:3
-8
13
-5
-8
91
-89
295
-47
-249
0
11
198
-202
-6
9
83
347
-435
-6
0
13
191
84695
-84898
5895
-5887
-9
6
12
-14
-4
1
7
-4
3
225
-19
-209
-4
10
1105
-1110
-1
84
88
3070
-3242
0
-3
2
4693
-580
-4107
2
7
-6
-12
4
-3
703
-243
-456
32826
-32829
3
180
-182
136
-139
124
-122
13
1012
-897
-118
-12
0
5
101
18538
-18643
2378
-2377
350
-341
-5
2285
-336
-1822
-124
-3
-6
5
-5
1
4
557
-561
2
3171
-2365
-803
0
194
-76
-111
604
-345
-261
-6
11
-3
1
74
-86
246
-88
499
-39
-446
-171
8
-10
131
-127
-5
0
407
-399
157
-163
2108
-2110
48386
-48376
7
-13
171
127
5699
-6000
242
-40
-197
8
-11
2188
-2191
6
7
-5
7
-11
95
-95
-3
-1
7
3:-2
2:2
-3
2206
-2204
1
4
-7
0
10783
-10675
19205
-19315
13
180
7704
-5659
-2226
189
-200
2
509
-506
409
-135
-193
1
1352
-1439
11
-9
5
-8
12
84
1000
-990
2847
-2942
-10
-1
0
7
1
-8
12
-12
4
5
-9
1167
-1020
-136
-8
214
-202
100
-110
136
-43
-85
-9
271
-223
-55
2
-2
0
2
-1
1
-2
2:0
58
-55
-2
25
-24
-1
1
-2
0
65
7
-70
0
78
-80
0
2:1
-2
26
-25
-1
1
-1
1
2
-2
35
-36
0
1
77
-75
-3
2:1
-2
24
36
-59
1
42
-42
2:-1
1
-1
3
29
-29
61
-62
-1
30
-29
53
-53
2:0
33
-33
78
-77
46
-49
2
0
-1
2
-2
2
-3
33
31
-63
-1
1
-1
0
59
-59
0
30
-28
-1
1
84
-85
32
-31
-2
0
26
4
-29
2:0
28
35
-62
2:-1
0
2
0
-1
0
-1
68
-42
46
-69
0
-1
-2
0
2
-1
0
83
-50
-33
28
-28
1
0
-1
1
-1
84
-45
-38
-2
2
-2
23
-21
29
15
25
-71
1
2:0
1
2:-1
21
6
-26
-1
2
0
28
46
-74
0
-1
0
1
2:0
-2
3
-3
1
0
1
-1
61
-31
-29
0
-1
2:0
-1
86
-59
-25
-1
2:0
-1
2:1
0
-2
79
-29
-49
1
0
-1
1
2:-1
57
-31
-1
-23
0
-1
0
1
53
-55
1
68
-15
-53
44
-43
-2
26
-23
21
24
-48
46
-45
1
-1
2
-3
2:1
20
-21
1
0
25
-26
32
-31
-2
1
0
23
33
-55
-1
2
-2
0
62
-42
5
-26
1
0
21
-22
25
-24
44
4
14
-29
-34
75
-51
26
-26
17
5
-45
71
-72
45
-11
33
-67
1
-1
2
21
7
-30
2:1
30
-32
0
35
-35
1
2
-2
1
-2
31
-30
42
-40
-3
31
0
55
-62
-22
-1
2
18
30
-50
1
26
-28
58
1
0
2
-2
1
69
-70
3
2
-2
-3
13
-9
-4
4:0
96
-94
-2
3
-3
2:0
2
-2
0
1
-1
1
-1
3
13
-16
0
2
-2
0
1
-1
4:0
1
15
-5
-7
0
-4
2:1
2:-1
2:1
-1
0
-1
0
15
-15
4
-4
3:0
1
-1
0
3
0
-3
4
5
-9
2:0
1
11
-12
5
17
-22
0
3
10
-12
-1
1
9
19
-29
2:0
1
37
1160
-1198
63
-62
-1
2:0
2
-2
1
-1
4
-2
26
-27
6
-7
0
13
-13
1
14
-14
28
-29
3
-2
-1
276
-188
-88
2:0
2
1
-3
0
56
-42
-12
364
-366
4
15
-19
1
-1
6
-6
3
61
-21
-40
-3
2:0
12
400
-412
68
-68
0
1
4
123
109
-208
-27
-2
2:0
1
-1
3
24
-26
-1
3
73
-76
1
17
4
-17
105
-90
-19
-1
6
-1
-3
1
-3
10
14
-4
1
18
-39
3
-2
9
-6
-2
0
-1
0
3
-4
2
-2
173
-172
-1
1
16
-17
273
-272
5
0
-5
0
1
112
-114
2
-1
2
-3
2
7
-8
-1
1
-1
0
7
-6
-1
2
0
33
-35
1
0
-1
0
6
-5
278
-278
2
25
199
5
-230
26
-28
0
3
-2
9
26
-34
-2
36
-36
5
-4
-1
2:0
2
13
35
209
-259
1
0
-1
0
2
-2
0
2
-2
2:0
13
-12
2:0
10
-5
0
-5
11
-11
1
-2
12
-12
10:0
1
-1
0
1
-1
4:0
9
-9
1
-1
6
-6
2:0
1
-1
1
-1
7:0
1
0
-1
2
2:-1
3:0
3
-3
2:0
2
-2
5:0
7
-7
1
-1
0
3
-3
3
-3
4:0
4
-4
2
2:-1
6:0
1
21
-22
4:0
4
-4
0
9
-9
0
2
-2
0
1
-1
8:0
7
-7
4:0
1
-1
2:0
5
-3
-2
5:0
1
-1
0
11
-9
0
-2
0
2
-2
1
-1
0
6
-6
0
1
-1
0
6
-6
2
4
1
-7
3:0
1
-1
2:0
1
-1
3:0
1
-1
8:0
1
-1
4:0
23
-18
-5
0
1
-1
2:0
5
2:-2
-1
7:0
6
1
-7
2:0
1
2:0
-1
14
-10
2:-2
7:0
28
-27
-1
13
-13
0
2
2:-1
5
-4
7
-8
0
1
0
-1
1
2:0
-1
2:0
4
-4
5:0
2
1
-2
-1
3:0
5
8
-12
0
-1
0
13
-13
4
-4
10
0
-8
-2
0
5
2:-1
-3
3
6
-9
4
-4
2
-1
2
-1
-2
2:0
3
1
-4
2:0
20
-20
0
3
-3
0
1
-1
2:0
11
-11
13
-13
0
3
5
-3
-5
3:0
3
16
-19
1
16
-17
0
end
