v1
849
187
23
543
476
52
187
8
48
559
141
47
129
215
77
17
39
22
127
19
496
39
267
229
16
272
140
297
143
152
291
102
132
204
119
271
435
235
99
167
160
275
138
63
15
17
210
190
28
371
187
225
154
123
257
20
499
79
57
139
93
7
176
474
86
217
63
212
431
113
381
355
8
79
319
20
36
33
57
873
42
135
451
339
254
27
7
21
16
721
7
8
386
275
496
93
46
131
0
40
59
12
117
177
59
345
181
56
51
32
25
18
61
8
65
130
4
118
73
9
12
62
59
94
5
30
57
153
147
446
1
293
225
195
219
110
304
10
33
6
24
92
284
54
121
141
85
101
2
39
87
169
3
146
102
185
129
475
136
33
15
66
17
299
41
423
98
7
59
116
50
758
301
93
367
56
109
2
66
302
75
18
32
215
776
247
33
30
156
126
128
126
7
8
147
419
14
447
164
36
45
204
126
119
69
46
92
175
70
121
8
11
32
74
378
100
54
47
59
2
19
70
38
20
88
153
59
5
20
3
88
105
5
151
176
366
9
63
155
34
31493
5
22
9
287
47
85
88
76
8
112
36
8
22
1152
68
111
71
51
115
18
3357
2211
328
1553
5140
10816
2650
4766
6612
5310
2988
4449
2
8032
3767
958
2466
985
4158
8
9
2
5
1428
21
123450
1
1735
6006
73
4
9413
32411
10
22
167
113
109
2:5
54642
731
85
231
9
27
57
6
29
36
109
27
10
1
2
12
11
2
1
944
16286
2357
2297
3093
10208
7980
813
1430
1062
665
436
532
2
3
6
5
42
86
34
20
5
35
37
3
1
43
47
4
5
1
30302
10004
64
176
69
31
126
599
1
13
33
263
70
15
251
228
9
22
35
18
41
103
47
46
39
186
87
350
94
17
38
14945
82
1990
9722
2:1
0
162
1
101
14
90
2
11
62
5
60
22
48
-488536
7
252
92
149
10
79
399
199
74
200
11
205
54
670
1
38
82
4
33
1
53
444
168
12
153
16
12
30
171
164
49
175
99
43
181
108
426
29
0
124
60
641
4
165
68
8
59
8
152
96
159
45
19
125
18
23
81
185
74
51
582
271
208
114
206
92
103
6
3
165
141
68
37
31
161
218
188
105
91
99
6
221
157
45
216
331
16
4
352
9
141
78
60
33
155
106
160
424
176
180
108
262
77
13
63
93
99
28
110
143
497
56
26
35
0
106
39
0
55
202
299
91
179
235
216
239
45
34
170
12
35
165
60
125
43
169
549
170
216
68
221
182
13
136
24
50
37
19
17
13
2:7
19
6
11
60
2
24
57
13
40
11
5
104
24
192
0
32
28
18
68
92
17
0
57
16
9
45
203
13
427
95
326
179
11
120
237
24
70
49
173
253
42
348
743
53
194
243
196
1
5
17
1
13
309
5
31
199
535
207
232
948
14
0
173
12
397
171
48
109
93
12
113
419
101
24
193
198
0
67
53
19
338
33
96
2:25
6
27
106
37
57
19
290
2
126
30
125
57
0
6
48
608
103
77
5
100
66
108
235
8
352
145
108
43
23
168
12
17
292
14
172
21
158
70
141
362
102
92
11
108
2:40
5
8
21
44
49
46
22
14
159
13
14
3
29
31385
64
39
122
86
0
2
5
7
79
160
41
65
62
70
974
56
88
80
102
88
45
61
4
74
47
283
7443
8724
3674
1813
3312
8933
2376
2
5702
2605
3
1741
2130
1410
8046
18
14
4
16
2805
4780
1550
3120
6
20
2467
105787
13098
6263
4990
59
41843
39
21
2
35
174
72
21
72
38
10999
44356
57
82
27
59
105
47
38
19
1
79
19
2:51
0
3
1
5
2
741
29
76
68
52
43275
826
278
1
37
367
547
1825
14
19
5
14
0
113
31
4
44
22
75
31850
8273
14
294
309
30
511
213
2
101
16
90
81
219
24
111
140
35
0
114
39
94
26
0
20
6
201
315
210
72
10
14797
224
11861
157
7
19
183
20
56
1421995200
399:0
1
448:0
90
-71
-8
42
-32
26
132
-142
3396
-3420
18
-4
16
-18
29
2968
-3011
50
60
-111
27
310
-295
-41
30
-16
-7
-6
45
-40
4028
-4032
34
-1
190
-224
5
150
-115
131
-155
233
-251
51
-43
37
14
-17
-42
1324
-1099
-190
-34
6
-8
38
-24
-12
6
657
-661
63
0
-47
28
-29
344
-351
-1
271
-280
14
58
-7
67
-119
-14
-1
75
85
-146
-6
77
-44
-37
-4
26
-24
2
1828
-1831
490
-451
-27
338
-349
32
0
-33
7
382
-387
38
312
-352
2
68
-45
18
-43
5
-3
3
47
-4
62
-37
-25
255
-304
17
-6
333
-342
165
-162
183
15
-196
261
-164
-94
5
-4
222
-218
87702
-87716
4459
-4457
143
-132
47
-52
389
-358
29
25
19
-71
171
-205
-8
31
169
-159
-30
35
-23
363
-384
92
-68
116
-129
-10
-2
2:0
5
54
158
-205
1800
-1798
-6
570
-563
3609
-1930
-1676
66
-82
63
12
-32
-22
-24
10
1653
-941
-704
276
18166
-18441
206
-225
20
57
-69
230
-178
77
-117
-6
72
-76
207
-202
1763
2863
-4640
5
2913
-2694
16447
-16630
-36
3054
-3054
71
-69
51
41
-87
9
2155
-2158
1965
-1975
88
317
-414
31
-7
55
-66
5
943
-924
1102
-980
-142
-11
198
-52
46
-187
-3
78
610
-674
82
-72
-31
28
-5
17
58
-95
92
0
1129
-1166
228
390
924
-1529
-66
202
-204
-3
62
-59
-3
55
-54
0
2:10
-8
27415
-27419
-10
12
-10
211
-209
352
-315
-20
7591
-7596
34
3100
-3150
51
9644
-8493
-1201
21
28
-44
29
-32
-1
3
187
-192
89
-59
-22
-4
7
10
26
24
-12
184
-235
2
-4
14
69
-76
10
-19
12
-2
173
-140
86
-114
0
-19
1
3517
-3312
-201
16830
-16835
8
1422
6245
-4243
-3402
-30
3
2
909
-904
38
1285
-1324
1
137
13
533
29
-717
8
3458
-3471
55
-46
225
880
-1104
182
2427
-2534
10
-83
23
-34
6
-7
121
-114
7
45
68
-93
-2
80
1779
-1755
4
1517
-1633
47
104
-143
12
1
278
-322
6
34
45
-95
2:0
9
-8
-1
3:1
-3
1
6
-7
2:2
-2
1
2
-3
-1
0
1
0
4
-3
0
1
3
-5
-1
1
-2
1
-1
3
0
-2
1
3
0
-4
-1
1
0
4
-5
1
2:3
-5
-2
1
7
-8
1
0
1
0
-1
1
0
4
3
2:-4
2:1
3
-2
0
-4
2
-2
2
-1
6
-6
3
2:2
-4
-2
2
0
-3
1
0
4
-2
-3
-1
1
0
-1
2:1
-2
4
3
-6
3
-1
5
-4
-2
-1
0
6
-6
-1
1
5
-6
1
4
0
2
-5
1
-2
1
0
2:-1
3
-1
6
-7
2:0
4
2:1
-6
4
-2
-3
2
-2
7
-6
2
5
-7
6
-5
2:-1
2
-1
2:1
3
-3
-2
2
1
4
-1
-4
-2
-1
3:2
-4
3
1
-4
0
6
-6
6
-3
0
-2
-1
2
1
-4
2
1
3
-4
-1
0
-2
2
-1
0
1
-1
1
4
-4
1
-2
0
1
6
-7
2
-1
2:0
-1
1
-1
1
2:3
-8
0
4
1
-2
4
-6
4
2:-2
5
-4
-2
1
0
6
-5
1
2:-1
0
3
-4
7
-7
1
6
-6
0
3
-1
1
0
-4
3
-3
1
2:2
0
-4
3
1
2:-2
5
0
-1
2:-2
2
-2
3
-2
-1
6
-6
-1
5
-2
0
-2
-1
0
2:1
5
-7
3
-3
3
2
-4
2:1
0
-1
-2
2
-1
8
-9
1
2
-2
0
3
2
-5
2:1
5
2:-3
2:0
1
2
-4
2
-3
2
0
2:-1
0
8
-3
2:-2
1
4
-6
0
7
-5
2:-1
7
-6
0
-1
2
-1
0
4
-5
1
0
1
-1
3
1
-3
0
5
-3
2
-4
2:1
-3
1
3
-4
0
4
3
-7
7
2:-3
1
2
-3
-1
3
4
-7
3
4
2:-3
4
-5
4
2
-7
5
0
-1
2:-2
2
3
2
-5
-1
3
2
0
-6
1
0
1
0
1
-1
-2
0
2
1
-1
-2
9
-5
-3
3
-2
0
2:-1
1
2
1
-4
1
8
-7
4
-1
1
-4
-1
2
-2
2:0
-1
6
-4
1
-3
5
-2
-3
7
-6
-1
3
-3
2
2:3
-5
2:0
3
3
-2
0
3
-2
3
-3
-1
105
-105
2:0
1
5
-6
17
-12
-5
10
-10
4
-4
3
-1
5
-5
-2
0
4
-4
157
-157
0
2
5
-5
-2
0
9
-5
-4
8
-8
3:0
2
-2
2
3
5
-10
2:1
-1
4
-3
-1
2
2:-1
2:0
-1
4
-4
12
-9
-1
9
-11
0
9
-9
8
-6
-2
1
0
3
-4
0
6
-4
-1
0
2
-3
2
21
-23
18
-11
-7
6:0
6
-6
45
-42
1
0
1
-3
16
-18
5
-3
2
-3
1
6
17
-25
18
-18
5
-2
1
-3
8
-7
-2
13
-12
22
-20
2:-1
3
31
-22
1519
-1531
68
-69
20
-17
1
-2
9
-8
2
-5
2:1
-2
3:1
10
-13
1
12
-11
56
-56
1
0
9
-8
-2
2:-1
1
-1
10
17
-25
32
-31
0
6
-9
323
-277
-45
13
-14
2
5
-1
-6
0
3
40
-17
-15
-8
221
-223
32
-32
1
-1
3
23
-27
1
-1
1
25
-26
2:2
66
9
-77
-2
5
14
380
-394
-4
94
-95
0
2
4
6
-10
10
129
-138
308
-311
3
73
-72
-4
0
3
2:1
36
-37
84
-74
-9
-5
29
-28
43
-39
-2
22
43
-60
2
-5
-3
5
0
-7
22
-20
2
17
0
-7
24
5
10
-50
-1
2
-3
2:8
-15
-1
2:0
-1
0
3
-1
154
-156
2
1
-1
14
-12
-4
13
-11
705
-707
2
9
-11
1
8
85
-93
4
-5
1
4
2
-5
2
9
-13
0
20
-18
4
-3
6
-2
1
-7
2
-3
3
-1
0
2
-2
2:0
3
-1
27
-22
-2
-6
3
-4
0
12
-10
-2
420
-416
0
94
313
-15
-393
-2
2:0
138
-137
8
3
-6
-5
2
4
15
115
-138
6
-4
-2
27
-27
15
14
-29
63
38
-98
19
-18
2:-1
-2
1
13
-13
2
1
23
-24
0
-1
16
-6
0
23
-32
-3
21
-18
29
-22
19
-29
0
34
-34
8:0
2
2:-1
1
-1
1
-1
2:0
1
-1
4:0
27
-27
1
-1
7:0
1
-1
0
1
-1
9:0
1
-1
7:0
1
0
-1
0
2
-2
3:0
2
-2
3:0
1
-1
3:0
2
-2
0
1
-1
0
1
-1
3:0
1
-1
11:0
1
-1
1
-1
4:0
1
-1
14:0
2
-2
8:0
1
-1
3:0
1
-1
3:0
2
-2
1
-1
3:0
2
-2
3:0
3
-3
1
-1
4:0
1
-1
4:0
3
-3
1
2
0
-3
2:0
1
-1
2:0
2
-2
1
-1
7:0
1
-1
3:0
2:1
-2
1
0
-1
5:0
2:1
-2
3:0
1
-1
4:0
2
-2
4:0
1
-1
5:0
1
-1
2:0
1
-1
1
-1
1
-1
4:0
2
-1
0
-1
5:0
3
-2
0
-1
2:0
1
-1
4:0
1
-1
6:0
1
-1
2:0
1
-1
0
1
-1
7:0
1
-1
3:0
1
-1
0
2
0
-2
19:0
1
-1
0
1
-1
5:0
1
0
-1
7:0
1
-1
0
1
-1
1
-1
0
1
-1
7:0
1
0
-1
6:0
3
-3
3
0
-3
4
-4
3:0
2
0
-1
0
-1
1
3
2:-2
2:0
1
-1
7:0
2
-2
3:0
1
3
0
-4
0
1
-1
3:0
2
-2
6:0
4
-4
7:0
1
0
-1
3:0
5
-5
8:0
1
0
end
