v1
1000
252
491
406
39
41
52
23
193
263
323
88
226
113
125
57
17
39
7
75
86
535
7
489
186
29
73
5
87
65
39
507
29
191
202
591
135
101
324
10
194
22
19
99
146
21
160
200
160
53
95
400
152
247
187
58
30
137
291
58
185
20
67
175
164
30
63
200
75
276
59
211
204
193
173
25
187
431
494
442
126
213
36
90
31
145
200
497
42
67
68
221
145
85
244
95
281
28
328
53
24
232
107
300
94
33
242
16
43
114
323
69
24
46
456
80
59
50
26
144
306
27
29
45
38
25
15
2:22
79
131
11
2
3
1
118
82
12
62
45
78
30
5
30
38
19
300
47
399
1
85
88
120
225
160
364
304
10
33
6
24
92
104
180
54
121
141
85
142
259
248
170
15
404
47
289
15
33
66
17
70
229
41
521
990
301
83
10
195
172
33
23
109
2
279
89
63
12
18
32
183
205
596
254
33
29
51
158
202
126
15
147
323
110
275
172
200
45
20
82
102
245
207
175
34
36
121
8
11
32
363
89
100
54
47
61
55
72
20
88
212
5
20
3
104
89
5
33
224
313
132
63
155
34
92
31401
5
10
12
9
208
29
60
37
85
88
36
40
26
94
36
8
22
1130
22
68
111
237
18
47
3310
2211
328
1553
5140
10816
2650
4766
6612
8298
925
3524
2
10917
882
3414
5161
9
2
5
1
1427
21
3545
116362
3544
7741
73
9417
32377
34
10
22
167
87
99
36
5
54647
816
231
7
29
18
39
6
174
27
10
1
2
10
2:1
11
2
1
944
24033
10208
3251
4729
2243
1727
436
330
202
2
3
53
86
54
40
16
21
3
1
90
4
6
40306
64
276
126
599
1
309
70
15
202
277
9
57
18
41
103
98
34
273
425
19
17
15
23
14945
82
1990
9722
2:1
162
1
101
14
28
62
2
11
62
87
48
-488720
6
152
3
8
18
4
57
58
84
130
3
12
42
57
60
25
54
2
156
75
69
26
5
210
31
6
3
15
39
0
9
8
18
30
23
158
205
54
84
86
90
50
3
357
39
97
17
205
420
211
59
36
245
151
261
7
285
5
10
79
54
311
106
30
168
374
27
277
12
162
78
3
52
75
305
23
50
113
122
63
34
91
44
40
82
137
95
141
43
121
1
10
21
16
15
78
285
46
44
135
7
203
12
15
190
110
66
34
66
68
63
132
7
5
146
68
196
48
88
135
103
61
25
116
183
27
203
23
237
30
57
2:148
19
21
111
262
192
297
127
145
31
13
6
94
349
10
502
59
143
228
12
146
98
316
14
96
106
327
40
43
11
34
37
29
48
50
179
50
97
75
193
0
125
40
31
93
418
78
119
17
147
127
56
191
111
44
242
32
373
3
4
135
40
22
35
17
11
28
19
56
3
9
5
10
8
9
25
46
2
17
6
1
70
33
14
12
79
22
76
12
41
101
14
32
0
86
38
54
17
14
31
82
27
196
269
52
91
8
58
472
8
73
24
16
15
65
44
79
67
233
280
116
273
104
101
164
27
128
54
57
58
149
5
247
164
27
254
17
1
13
289
55
1
255
479
114
93
12
7
45
123
9
3
823
130
42
173
52
53
148
21
60
137
18
91
42
171
37
72
33
120
319
125
169
24
89
13
53
23
96
44
14
5
37
109
175
143
3
10
40
6
80
53
37
57
10
13
15
71
5
114
81
2
46
229
63
10
44
15
352
241
2
178
34
7
64
66
191
105
48
4
3
71
28
129
124
101
46
56
8
276
29
22
220
28
36
13
39
91
50
166
23
146
10
55
83
142
54
122
52
27
45
10
51
42
2
54
45
8
65
290
24
35
10
31366
82
3
4
23
122
86
14
31
61
92
88
8
7
58
1052
54
64
147
7
198
43
0
8
26
27
4
5
68
7438
336
659
1406
1748
3469
5116
1110
2111
5033
4924
880
1586
790
2024
3680
436
0
2169
2616
2658
10
8041
23
4
7
2
5
4646
1548
920
13
474
511
4158
1
8
18
4948
116404
3544
1736
5980
1
55
38232
456
1984
1167
60
29
1
7
8
166
60
12
1
20
110
7239
547
3213
44363
33
17
109
59
33
74
15
87
144
1
5
46
5
3
749
29
41
19
65
8
7890
4973
3480
2357
3
2294
4271
12287
5298
238
247
825
816
548
11
45
417
1219
6
1
7
10
9
5
13
48
2
1
2
45
2
24
1
9
1
10
4
3
41
8
14
41
3
9
56
30303
1513
8269
4
458
69
370
261
172
41
154
45
91
109
134
28
83
50
77
26
22
114
39
89
5
37
4
81
357
89
173
25
7
7805
7076
2202
9886
159
5
75
22
38
30
6
51
38
1421896800
399:0
1
599:0
27
-6
-12
43
202
-243
-1
161
-90
6714
-6786
1
328
-328
382
170
1930
-256
-1580
-623
-24
0
13
-12
-2
55
51
-106
2
85
-87
107
-104
4254
-3810
-277
-140
-14
1
-17
26
-25
125
-126
147
71
-217
16
622
-572
-64
-1
33
1009
-1045
517
-470
-30
-14
412
-355
-57
2
-2
0
40
-41
21
57
-78
3
62
-65
32
-11
176
-158
227
-196
-19
72
-124
54
-32
-20
1
15
-5
-14
37
-19
-17
51
-51
22
168
-188
57
-59
13
-13
2771
-2770
356
-354
301
-176
-125
-3
2:0
523
-521
18
110
-74
13
-46
-22
37
14
34
-60
69
-81
-13
65
95
-159
53
-53
26
-28
43
49
325
-386
68
-84
29
41
42
39
-165
3
180
-183
-1
141
-141
32
130
-96
-33
277
-287
98025
-97687
5876
-6234
238
-242
38
23
2
115
-146
97
-72
-53
52
-32
-6
59
600
-660
716
-662
-27
-30
8
255
-273
55
144
-202
20
60
1824
-1902
38
-38
152
-87
13336
-13382
1239
-1239
242
-105
-122
64
-23
-13
-51
52
-63
1035
259
-1220
21588
-21578
526
-609
-2
1
29
-4
-27
374
-251
63
-118
132
5507
-5690
1736
-1505
-198
-20
108
156
45068
-45264
12197
-12272
-20
52
440
-473
1742
-1750
2526
-2452
15
273
-376
15
-12
1664
-1667
2
2037
-2039
154
1080
-1234
534
-398
-122
-11
-3
173
-172
261
-261
25
121
-18
902
-1015
302
-316
13
6
7
215
-176
203
-34
11
564
-731
330
365
7524
-8191
17647
-17731
-25
3
52
-36
14
-29
110
-27
27643
-27560
-166
13
32
-48
0
69
373
-358
12072
-12153
34
-22
5223
-5238
55
-38
487
952
-1454
0
76
24
-83
-18
22
293
-264
771
-724
-84
5
-19
68
12
26
-105
307
-287
40
-60
-1
77
32
997
-1055
-4
13
-60
14
9612
-9323
36702
-36980
-9
719
14158
-8518
-6274
-60
1071
-865
-149
-85
10
199
3299
-3519
21
19
-30
514
1308
-1593
1952
-2104
21
-74
-23
19
-32
29
22
-51
211
2372
-2490
-53
-38
494
-152
1383
-1669
-43
264
-266
217
4434
-4583
615
-289
-276
-138
-1
3
2:0
10
-8
10
-15
2
10
-12
5
-2
0
14
-17
0
-1
1
2
12
-12
-2
2
-2
2
0
16
-15
2:1
8
-14
1
0
4
-5
3
2:2
-5
2:0
14
-14
14
-14
2
12
-1
-11
-3
3
9
-7
13
-12
-6
0
-1
2:1
15
-12
-5
4
-1
2
-3
-2
0
7
-5
0
-2
6
-6
3
-3
0
7
2:-2
1
14
-17
5
-2
-3
0
3
-4
4
-3
0
1
-1
6
7
2
-15
3
-3
0
1
-2
0
13
-12
2
0
14
-11
-1
-4
2:0
2
4
-6
6
-3
-2
5
-4
-2
2
-2
17
-18
2
10
0
-10
2
3
-5
2
-3
6
-5
2
-3
0
3
13
-15
0
-2
5
-4
1
17
-19
0
2
-2
2
-1
14
-9
1
0
7
-11
3:-1
18
-18
0
5
0
-5
1
3
-3
6
8
-9
0
-6
3
1
-2
14
-14
14
-13
14
-14
10
-13
4
0
3
-4
-1
13
-14
14
-14
18
-12
-6
1
0
5
8
-12
4
-4
9
-12
4
2
-5
-1
4
-3
0
1
0
18
-15
0
-2
-3
15
-2
-13
15
-2
-10
-3
0
2:1
13
-9
-6
2
-1
11
-12
1
-1
1
4
-1
-3
2
-2
2
-3
1
5
0
11
-15
-2
5
7
-10
-1
3
0
-3
2
-1
13
-13
2
14
-17
1
15
-11
-3
3
0
-6
7
-4
-1
-2
2
0
-2
3
-3
2:2
-3
3
2
10
-15
2
4
-5
3
2:-2
2
-2
0
4
-4
0
2:2
-1
2
1
-7
1
2:0
1
17
-18
19
-8
-11
13
-13
-1
1
-1
16
-14
5
2:-3
2
3
-2
-1
18
-20
1
15
-13
-4
1
3
-3
1
15
-16
5
-4
2
-2
2
11
-14
0
15
-15
-1
5
2:-2
6
-2
-4
1
15
-17
3
10
-10
9
-9
0
17
-6
3
-17
2
5
-4
-3
3
-3
0
4
-1
-2
13
-13
0
3
-3
4
-4
2:0
14
-12
3
0
-5
-1
1
2
4
-4
2
-1
0
1
-3
15
-13
1
2:-1
-2
-1
5
0
-5
2
14
0
-1
-11
-2
0
4
-3
-2
0
15
-14
-1
3
0
1
-2
0
2
9
-13
2
9
-11
4
1
-5
2:1
2:2
-7
1
15
-12
-4
12
-11
0
18
-18
14
-8
-2
-4
3
2
-1
-4
0
2
-2
6
-5
2
3
5
-9
-2
-1
0
3
2:0
10
2:-6
11
8
-5
-10
-4
-1
1
16
-15
-1
0
17
-17
2:1
-1
3
8
1
-11
10
-6
-5
0
10
-8
-1
-3
0
2
13
-13
-2
2:1
4
6
-12
0
2:1
3
-3
-1
0
2:3
-5
-2
2:1
0
2
-1
1
2
-6
4
15
1
-8
-9
-2
1
17
-12
-6
5
-5
0
2
-1
2
-4
17
-16
0
4
10
-12
-3
2:1
2
-2
2:2
-6
1
-1
1
0
1
16
-5
-11
2
-3
5
1
-2
0
-4
2:3
-2
2:1
-1
0
5
-5
0
1
-1
118
-117
-1
1
-1
14
-13
28
-25
-4
4
-3
24
-21
-3
0
12
-13
0
3
-3
0
8
-8
258
-256
4
-5
-1
6
-6
2
-2
2
-2
18
-12
-6
0
8
-8
2
-2
3
4
-7
1
5
-5
1
8
-6
-4
3
-3
0
7
-7
3
-2
1
-2
5
-5
2:0
16
-9
4
-1
-7
12
-15
2
0
-2
2
-2
5
-5
6
-5
-1
1
2
0
-2
0
4
-5
1
-1
16
-16
49
-49
15
-13
-2
1
-1
2
-2
1
-1
87
-84
-2
-1
0
4
-2
9
-8
29
-31
2:1
-3
2:1
-1
3
-1
8
19
3
-32
4
-2
4
0
-5
11
-13
5
12
-17
1
15
-16
4
2:-1
0
56
-41
2148
-2161
99
-103
44
-44
12
-7
5
-6
2:-2
11
-6
-4
10
-8
-3
23
-21
126
-122
-3
10
-2
-1
-10
24
2
-24
3
-5
42
-42
5
-4
12
-12
564
-565
57
-56
7
-7
-1
0
6
3
-5
-1
-3
56
-14
-40
263
-265
49
-49
2
-2
8
-4
-3
25
-24
34
-30
-6
10
-4
120
-28
-89
-8
2
20
586
-577
135
-167
0
2:9
6
136
-157
485
-477
-4
95
-101
2:2
1
-3
0
93
-93
3
131
-137
18
-6
-12
1
-1
23
-21
45
-47
8
-8
37
153
-183
13
-18
1
-1
10
20
-23
-8
12
15
1
-11
14
18
15
-57
4
-11
5
4
20
-25
-2
-3
2
6
206
-212
1
2:2
-7
0
26
-26
21
1326
-1347
3
-3
13
-10
3
-4
11
93
-104
-1
8
-2
-7
6
3
6
7
-15
3
-5
6
-8
19
-18
3
-4
2:-1
3
-2
-1
9
12
25
-38
-9
9
-9
4
13
-11
774
-773
-7
130
967
-304
-784
-9
385
-372
7
-20
0
34
182
-214
-1
29
-22
12
17
75
126
-234
18
-19
2
0
1
-5
14
-15
6
30
-33
4
-2
22
-3
39
-59
-4
26
-26
11
28
-27
17
52
-80
-1
6:0
1
-1
6:0
1
-1
11:0
4
-4
0
2
1
-3
5:0
1
-1
5:0
8
-8
2:0
3
-3
0
1
-1
2:1
-2
15:0
1
-1
3:0
2
-2
7:0
2
-2
9:0
2:1
-2
7:0
1
-1
2:0
2
-2
3:0
1
-1
2:0
4
-4
0
1
-1
3:0
2
-2
5:0
2
-2
4:0
1
-1
2:0
3
-3
5:0
1
-1
0
1
-1
1
-1
2:0
2
-2
0
1
-1
5:0
3
0
-3
1
-1
0
3
-3
6:0
2
-2
1
-1
2
-2
3
-3
2:0
1
-1
0
1
-1
5
-5
3
-1
-2
1
-1
2
9
-11
1
-1
2
-2
8:0
2
-2
2:0
1
-1
1
4
-5
0
1
-1
2:0
1
-1
4
-4
3:0
1
-1
3:0
3
-3
6:0
1
2
-2
-1
2:0
3
-3
0
2:1
2:-1
0
4
-4
0
3
-3
1
2
3:-1
1
-1
1
0
-1
11:0
3
-2
-1
6:0
1
-1
13:0
1
-1
4
2:-2
4
-4
3:0
2
-1
0
2
-3
7:0
1
0
-1
0
5
-5
0
1
-1
5:0
1
-1
0
1
-1
0
4
-4
5:0
1
-1
0
4
-4
3:0
3
0
-2
-1
0
1
-1
4:0
1
-1
0
3
-3
1
-1
0
1
-1
2:0
5
2:-2
-1
1
-1
2:0
2
-2
0
2
-2
2:0
8
-7
0
-1
1
-1
6:0
1
-1
1
-1
0
1
-1
1
-1
3:0
2:1
0
-2
1
2:0
-1
0
2
-2
2
-2
1
-1
0
1
2:0
-1
1
0
-1
0
1
0
1
-2
2
-2
3:0
2:1
2:-1
5:0
3
-1
1
-2
-1
3:0
1
4
-5
0
6
-5
14
-14
-1
2:0
6
-6
6
-6
2:0
2:1
-2
0
3
-3
1
3
2:-2
0
1
-1
4:0
1
-1
3:0
1
0
1
-2
5:0
1
-1
5:0
2
-2
1
-1
3:0
2
0
-1
2
-3
0
10
-9
-1
1
2
-2
-1
3:0
1
-1
1
-1
0
1
-1
2:0
2
-2
0
1
-1
6:0
1
0
-1
2:0
1
-1
3:0
2
0
end
