v1
608
55
0
83
97
17
65
267
238
219
83
105
52
169
18
4
22
26
41
236
21
92
54
119
4
184
239
125
38
19
56
22
28
157
182
194
103
17
7
165
62
380
43
127
147
189
396
159
234
106
98
71
252
88
145
157
138
96
10
237
6
258
6
130
24
413
394
101
152
41
206
156
31
88
137
52
229
68
32
5
115
33
20
24
144
74
398
134
93
85
303
65
17
47
127
13
0
90
103
110
104
171
319
36
92
478
82
225
81
0
54
59
67
213
69
10
47
514
143
152
106
135
59
45
262
55
369
38
243
7
114
235
77
64
99
176
118
182
94
106
169
16
212
361
203
85
286
8
109
295
175
6
56
45
6
13
19
43
0
12
5
9
12
23
8
46
2
17
130
3
1
103
15
82
30
36
8
7
38
2:14
32
18
30
0
5
30
3
38
16
38
17
148
97
85
56
76
209
13
7
1
2
168
3
120
138
79
8
160
131
123
110
28
2
0
68
67
139
10
33
6
116
22
55
27
110
124
121
141
64
21
101
100
31
108
27
31
3
30
116
29
57
16
185
156
232
22
17
14
299
15
33
83
70
165
64
41
309
114
105
175
9
1
40
668
90
192
109
46
30
0
7
10
176
191
33
23
109
2
4
62
6
34
75
187
75
13
5
32
328
372
32
66
154
65
221
12
21
29
1
8
42
12
81
59
80
128
57
69
7
8
147
40
283
110
447
164
81
20
184
64
327
16
5
3
37
175
133
58
8
2:43
31
216
124
38
100
54
47
61
6
89
52
2
50
36
212
5
20
3
93
6
5
89
5
33
74
12
32
54
9
22
14
77
124
50
10
1
58
81
4
47
218
34
64
13
15
31401
5
22
9
55
149
33
0
53
44
37
48
69
19
76
1
7
112
0
36
8
22
932
9
211
58
10
111
71
43
61
4
9
49
18
47
3310
2211
328
1553
322
2048
2770
5256
1002
1322
3236
1500
378
772
4766
5782
6140
2988
436
4013
2
4
8078
2835
882
943
15
2453
13
983
1014
3146
1
6
1
9
2
1433
123471
1
7741
73
9417
32421
22
21
12
120
0
14
0
40
73
20
53
19
17
5
16
7786
3213
43632
724
7
50
35
74
60
97
7
2
24
3
18
39
6
12
1
161
37
1
2:2
1
8
1
11
2
1
725
29
14
6
170
3451
12835
4654
3093
5057
13131
1060
1183
873
189
1101
532
5
2:11
9
5
17
49
37
54
1
16
23
9
28
2
2:1
11
32
22
4
12
9
4
5
1
30302
1513
8246
245
64
176
69
0
31
59
541
125
1
87
222
70
15
202
24
131
122
9
2
19
21
5
10
18
41
103
47
31
0
15
39
173
77
317
81
45
5
0
19
17
12
26
14888
143
1973
13
9723
1
162
1
115
18
1
9
7
55
2
11
62
87
1421665800
607:0
1
0
2
2:6
25
-38
6
-8
416
-407
-9
0
27
-27
3
-3
0
1
2
-3
4
3400
-3399
1
-1
1
9
624
-269
-363
25
-32
0
4
-2
3
2
-6
3
1
4
149
-154
-3
108
-107
32
-32
-2
25
492
-447
-60
-7
-1
10
78
-89
0
39
-39
150
-151
77
-77
1278
-1277
1
2:2
-4
-2
590
-584
-5
4
18
-15
-5
10
116
-127
-1
3
-2
5
282
-285
20
28
-52
37
-17
-19
1
2:0
4
0
91
-93
2:-1
444
-446
0
1
0
76
-75
0
91
-84
-5
15
-19
3
1
10
-7
0
47
-52
3
71
-76
5
6
-6
-2
8
-11
6
15
-16
7
161
-169
41
-38
-3
264
-268
370
-362
44
-50
8
-2
-4
5
266
-271
-2
33
-32
0
-1
-2
106
-105
-1
16
-4
-11
6
4
-11
104
-103
23
217
-240
14
54
-68
13
-11
0
6
4
-11
1
3
104
-110
6
-3
6
10
-19
139
-135
16
-19
0
7
-7
152
-152
3
40
-32
-6
-4
22
-24
0
15
202
-214
-2
-1
2
0
2
60945
-60928
15462
-15405
-77
-1
7
-7
2
1
24
1457
-1483
8
4
-12
5
-6
6
11
-16
13
-13
0
12
122
-130
-2
-3
3
6
78
-85
184
-184
12
-13
109
658
-768
0
2
17
-11
-6
4
-5
57
-51
147
-152
-1
0
1
13
-2
1934
-1946
31
-25
92
-97
2
-4
0
8
2824
384
-3215
4
29
-32
0
-1
0
-1
34
16
-39
5
-13
0
-2
3
-1
-2
136
-127
1099
-1106
341
-326
53
22656
-22718
-2
938
-931
9
-13
9
151
-170
0
2
0
7
33
-20
-17
0
661
-629
-36
4
6
0
-3
105
20983
-21094
2588
-2589
0
6
261
-268
149
-137
1313
-1316
1279
-1251
-36
7
-5
241
-244
12
-10
3
-4
24
-23
8
10
-17
1
7
-10
4
35
-40
44
-39
397
-400
3
-5
1028
-375
-625
142
-167
-2
1
3
20
63
-88
9
-3
77
-81
0
1
79
-1
885
-965
200
-201
1
18
-19
26
-7
-17
4
-4
0
-2
88
-74
98
-66
-3
266
296
-604
-1
484
-484
18
-17
270
-258
-9
755
2840
-3594
1755
-1622
-136
1
13
-13
1
5
13
-18
297
-295
17
-23
0
15
3
-18
2:1
39008
-39010
5
31
241
-206
3178
-3115
-67
-57
-10
1
3:0
6
-5
5
-7
1
33
1120
-1146
7
-14
7
-6
-1
8
61
-61
-8
41
-34
2
-8
16
-18
20
300
-319
-1
17
-10
-7
9
36
-45
46
-39
134
-127
-10
-1
237
-237
36
17
-53
9
-5
2
-3
1
-5
11
-11
14
186
-156
-43
1
60
-64
0
272
-268
54
19758
-19815
-1
5
-3
1135
-1136
8650
-6703
-1948
2
0
2
-3
22
-23
1
231
-215
-15
1
48
-36
6
-20
1
0
-2
4
38
234
-271
2
-6
99
-95
-4
0
9
536
-540
16
-21
0
243
1283
-1494
-2
-25
-3
-1
41
-32
-8
-2
-1
0
2
-1
1
21
-4
-12
29
-33
-2
0
24
170
-64
46
-174
181
-153
-26
73
-78
12
-5
46
160
-162
1
4:0
1
-1
1
-1
0
1
-1
0
4
-4
6:0
2
73
-75
4:0
2:5
-7
-2
-1
4:0
14
-14
3:0
10
-9
-1
9
-9
1
-1
4:0
1
-1
2:0
3
-3
0
5
-5
2:0
1
-1
7:0
21
-21
2:0
1
-1
0
1
-1
2:0
1
-1
0
1
3:0
-1
6:0
2
-2
12
-12
2:0
4
-4
3:0
13
-13
0
4
-3
-1
3
-3
2:0
1
-1
0
1
-1
2
1
-3
2:1
-2
4:0
2
-2
0
17
-17
5
-3
-2
2:0
4
-4
27
-27
1
-1
1
-1
4
-4
0
9
-8
3:0
-1
2:0
1
7
-8
2:1
-2
14
-14
14
6
-20
0
4
-4
1
-1
0
1
3:0
-1
8
-8
0
1
0
4
-5
8
-8
3:0
1
-1
16
-16
0
3
-2
-1
0
1
-1
0
1
31
-32
2:0
2
-2
3
917
-920
40
-29
-11
3:0
1
-1
3
-3
0
3
-2
-1
2:0
1
2
-3
3
-3
0
1
4
-5
3:0
1
8
-8
26
-27
8
-8
4
7
-11
0
2:1
-2
0
1
-1
10
-10
12
-12
3:0
3
-3
20
-20
4
-2
4
-6
1
-1
0
1
240
-165
-76
0
2
-2
0
1
-1
2:0
6
-6
2
2:-1
4:0
3
0
41
-44
17
-9
-7
265
-264
-1
19
-19
-1
0
3
8
-11
3:0
1
13
-14
0
1
60
-52
-9
0
1
-1
0
12
343
-355
53
-53
4:0
9
-5
75
-77
227
-229
0
9
-8
50
-51
2:0
1
-1
1
-1
6:0
2
-2
0
2
-2
48
-48
2:0
2
63
-62
5
-8
0
1
0
-1
6
-6
2:0
25
-23
-2
0
21
0
84
-104
10
-11
0
2
-2
2
2:0
-2
3:0
19
-17
-1
0
10
2:1
-13
0
16
-16
2:0
25
-25
0
32
-24
-8
72
-65
-6
3
8
-12
2:0
3
-3
3
-3
1
-1
6:0
148
-148
1
6
-7
5
243
-246
3
-4
-1
4:0
1
-1
3:0
6
98
-103
-1
0
1
-1
0
2
7
-3
-6
3
-2
4
-5
2:0
2
1
-2
-1
5
-3
-2
3
8
-11
12
-11
2
-3
0
2
-2
0
1
-1
2:0
2
-2
0
1
-1
3
-3
4
2
-2
-3
-1
3
-1
-2
6
-5
-1
268
-268
2:0
1
33
-34
213
17
-230
1
-1
1
-1
2
-2
0
59
-58
0
-1
5
3
-5
-3
3:0
1
9
70
-77
-3
0
29
-27
-2
0
2
13
-15
2
-2
0
55
104
-157
9
-9
-2
0
1
5
-5
-1
2:0
1
2:0
2
4
-7
8
-8
2:0
2
8
-2
2
-10
16
-16
0
3
-3
2
0
3
4
15
end
