v1
601
55
262
389
0
37
513
4
160
39
9
26
470
119
229
85
67
171
57
56
22
28
118
496
211
599
13
140
17
9
58
356
152
191
130
72
132
323
160
440
106
235
217
49
573
124
287
84
555
31
225
277
72
185
20
76
166
194
63
79
196
93
287
125
85
160
193
31
166
1
187
319
112
16
478
149
158
135
183
71
52
33
69
57
176
396
85
240
18
135
104
128
7
88
39
55
30
172
167
309
328
77
255
84
394
106
169
16
93
353
34
93
512
70
279
2
123
72
103
6
27
29
28
17
38
43
4
15
7
12
77
0
19
124
6
4
13
105
54
28
12
62
45
14
35
29
35
25
5
38
3
16
38
5
12
127
76
42
439
8
173
99
21
94
131
98
62
35
329
98
206
10
39
116
146
68
70
54
262
85
101
128
172
146
287
129
298
14
10
289
46
2
83
70
123
106
41
309
114
86
7
237
319
439
301
71
12
10
312
55
50
6
109
2
66
171
71
60
75
18
32
215
428
337
258
33
29
51
152
80
53
37
38
19
38
69
7
8
147
40
2
281
110
334
277
38
63
82
36
66
245
170
37
175
70
63
58
8
11
32
74
289
22
29
38
100
54
47
59
2
34
1
54
6
52
0
2
86
212
5
20
3
99
5
89
5
205
52
313
132
84
25
109
34
77
14
31402
5
22
9
138
66
33
53
44
85
88
76
8
1
57
54
36
8
22
932
54
56
110
58
10
180
2
117
49
18
3357
2211
325
3
1553
322
4818
10816
2650
4766
4989
3
795
6135
2169
819
4451
8055
34
1
2827
882
943
15
2466
983
4161
6
12
5
1
1427
21
119906
3545
7741
26
47
9417
32379
39
3
18
4
92
32
156
20
53
36
5
6682
4333
43632
781
35
47
27
157
0
9
27
57
6
12
162
27
10
1
0
2
10
2:1
11
2
787
158
12806
3480
2357
2297
3093
1178
3878
1
13045
86
978
82
1183
873
189
1101
532
2
8
6
11
14
17
50
36
54
5
35
9
28
3
1
43
47
4
5
1
30302
1513
8491
64
176
700
125
1
46
36
209
18
68
17
202
24
95
158
9
21
36
18
41
103
98
4
203
100
338
37
45
5
19
17
38
14805
140
2072
9722
2:1
149
13
1
53
19
43
18
10
62
2:1
11
7
55
5
68
14
5
38
-487873
816
29
82
92
1548
178
3040
82
223
122
1386
264
1576
78
844
480
963
176
113
810
110
1053
954
97
44
31
24
169
929
312
97
104
679
379
126
5
51
52
328
285
428
129
794
249
444
1602
341
254
116
224
989
1629
463
1110
468
191
1667
202
66
427
1028
6
257
449
176
597
163
107
28
31480
1779
426
154
9
8371
49846
8117
4158
8
121372
5279
47960
271
80
38
7786
47548
21
0
662
725
154
71
3445
39583
2446
1715
71
41007
19646
1421844000
499:0
1
100:0
4
-2
1
0
10
2:-5
4
-5
2:0
2
4459
-4461
24
77
-85
383
-320
-73
94
-94
39
-45
3
257
-186
-71
-3
7
17
64
-88
1
1867
-1868
1
20
-20
0
14
-16
78
-65
-12
3
1565
-1564
108
172
-283
2
13
221
-214
-10
-13
13
-7
-1
28
-22
-11
12
-8
3
-3
-1
3
110
-19
-82
116
273
-391
-13
244
-239
25
-23
63
-66
179
-182
1
2
8
32
-35
22
-27
15
24
-34
2:-4
6
88
-93
0
2
12
78
152
-240
2
845
-848
0
-5
289
-289
73
-74
9
-8
-1
7
-5
1
4
3
0
33
-37
3
-8
78
-77
11
6
-1
-12
42
56
-69
-22
5
228
-237
20
-27
2:0
36
107
-144
185
-184
-1
7
-4
-3
-1
4
-3
49
-48
283
-223
-59
2
69
-71
-2
0
3
255
-258
2
63971
-45688
-18267
-7
-11
33
-8
11
-7
-23
220
-210
-5
22
-33
3
-2
-1
102
68
74
-238
7
-13
28
775
-801
4
-7
3
2
-2
72
98
68
-239
43
-35
2442
-2446
-4
14
13
-26
-3
13
3016
1044
-4063
3
4
-16
33
14
-5
-43
2
7
4
-2
-10
834
-810
-23
310
-298
65
34312
-34389
6
-6
231
-228
-1
-3
3:0
81
-78
-2
94
-80
-13
17
-15
2877
-2632
-199
669
-720
2
1
0
87
22910
-22991
6
3356
-3370
19
-18
1
14
1
183
-87
-110
1846
-1829
2038
-2056
110
-106
110
-117
5
-3
12
-13
0
1
550
-549
-2
1175
371
-1509
29
-67
8
19
-26
190
-117
35
-93
-12
-3
3
81
720
-788
178
-172
-22
2
25
-28
5
-1
-3
0
52
-25
77
-70
-34
893
-788
-105
701
-285
408
-651
-166
-4
-3
7
-5
257
-237
39
-59
150
-146
20
-22
163
-166
0
15
-15
54079
-54076
-4
0
4
-1
63
219
-280
44
3539
-3588
2
368
-358
4025
-3877
-158
1
-3
1
13
2170
-2182
-2
4
-4
63
-55
4
5
-1
-16
64
693
-542
-209
13
-8
31
-23
-18
9
-10
31
-16
52
-54
-7
12
-12
171
-171
32
-12
-20
18
-21
-3
32
-32
0
61
-60
43
-29
-2
9
-22
66
14
-81
11582
-11577
9
7048
-7062
7
-6
126
7778
-6209
-1680
-8
-3
12
175
-189
-1
29
-24
-2
-3
71
65
-133
-2
-3
41
-28
89
-84
-15
-2
3
598
-591
191
1757
-1894
-28
-35
2:-1
2
-1
14
-7
-1
46
-46
73
-79
964
-929
-27
283
-90
-201
131
-127
56
-55
144
-148
132
-114
5
34
-54
-2
178
-180
35
6
2385
-2419
-8
-1
1
-1
3:0
1
-1
2:0
1
0
-1
0
1
-1
0
1
0
-1
1
0
-1
1
-1
2:0
1
0
-1
1
0
-1
2:0
1
3:0
-1
0
1
-1
1
8:0
-1
1
-1
2:0
1
-1
1
0
-1
0
1
-1
1
0
-1
2:0
1
-1
1
-1
1
-1
2:0
1
2:0
-1
1
4:0
-1
0
1
6:0
-1
3:0
2
-1
2:0
1
-1
0
1
-1
0
1
-1
79
-79
2:1
-2
7
-6
3
-2
-1
0
-1
0
13
-13
3:0
2
7
-9
1
95
-96
1
0
2
-1
-2
0
7
-7
2:0
1
2:0
13
-14
0
2
-2
0
3
-3
2:0
1
-1
4:0
1
-1
2:0
6
-5
1
-2
5
-5
0
20
-20
2:0
9
-8
7
-8
3:0
4
2:-2
3:0
1
-1
2:0
4
-4
1
-1
0
2
12
-14
1
0
-1
4:0
33
-33
4:0
3
-1
0
-2
3
9
-11
-1
2:0
2
7
0
-9
0
2
13
-15
4
-4
14
-14
1
-1
2
-2
4
-4
0
9
-9
0
1
-1
0
1
0
-1
5
-3
28
-26
-4
2
2:-1
0
1
0
36
-37
1
1266
-1223
-43
-1
2:0
2
1
-1
0
-2
2
-2
3
-3
1
0
-1
10
-8
30
-31
8
-9
4
15
-17
1
-3
0
1
-1
10
5
-15
0
6
-4
29
-29
2:-1
6
-5
-1
0
298
-201
-96
-1
2:0
1
3
0
-4
2:0
1
0
-1
49
-46
-2
19
-15
-4
381
-381
2
-3
22
-22
3:0
1
-1
9
-8
-1
16
-12
-3
0
2
70
-37
-27
-8
0
-1
2
-2
7
408
-414
0
30
-31
1
-1
0
1
0
-1
8
-3
98
-100
269
-272
4
-2
30
-32
2:1
-2
2:0
1
27
-28
0
3
70
-68
2
-7
2
2:-1
9
-9
40
-34
2:-3
1
24
90
-111
21
-22
-2
-1
4
-4
2
-2
3
-3
21
-18
1
6
-10
19
9
-27
15
2
20
-31
-7
2:0
1
-1
12
-2
-10
4
-4
1
4
-3
8
-8
-1
0
-1
174
-174
2:0
2
-1
26
-27
0
5
232
-237
0
9
-9
5
-5
3:0
1
4
104
-109
0
1
-1
7
-6
2
1
0
-4
3
0
7
-5
6
-11
5
-4
0
2
-1
9
-6
2:-2
0
-1
0
7
-6
0
1
-2
0
1
-1
2
-2
0
6
-6
3
-3
1
-1
1
0
2
-3
9
-9
0
71
-70
3
-4
31
253
-54
-228
1
-3
2
34
-35
-1
2
-1
2
-3
12
26
-36
-2
0
3
-3
31
-29
0
-2
0
16
-15
61
188
-247
11
-14
1
-1
4:0
4:2
-8
12
-8
-3
12
-5
-8
9
-8
-1
0
17
-17
2
2:-1
7
-7
0
18
-18
2
18
-16
-3
-1
4:0
13
-13
28:0
1
-1
1
3:0
-1
6:0
2
-2
0
1
-1
23:0
2
-2
7:0
1
-1
4:0
1
-1
0
1
-1
0
2
-2
2:0
end
