v1
954
317
267
159
486
52
115
24
14
34
398
98
66
53
314
238
57
17
39
7
15
28
504
156
72
93
62
200
248
29
60
13
140
7
53
532
139
20
234
106
26
143
61
93
15
171
111
34
401
194
103
204
87
73
18
342
53
70
425
240
159
21
184
207
281
100
153
96
166
194
63
79
196
335
255
160
193
31
79
25
79
142
29
431
90
404
301
141
319
20
69
57
652
245
18
135
104
317
30
172
72
95
243
11
27
121
235
44
33
210
122
7
271
123
115
160
16
157
193
26
104
93
288
294
59
338
188
56
12
16
23
32
25
18
25
2
11
6
25
46
2
3
21
103
14
9
1
13
105
73
9
10
64
59
14
50
30
5
30
57
38
17
91
36
118
74
67
35
205
66
78
95
120
206
19
160
35
219
110
28
276
10
33
6
116
104
42
138
54
121
141
85
101
128
169
3
146
55
232
208
196
37
140
159
10
5
31
2
83
70
163
66
41
206
217
105
175
9
41
758
301
71
389
56
109
2
24
344
75
18
32
215
110
407
229
277
12
21
29
1
50
146
44
95
75
126
15
147
40
2
46
235
110
447
164
81
204
360
92
175
70
121
8
11
32
74
289
22
67
100
54
47
61
127
20
88
153
59
5
20
3
122
71
5
151
96
254
68
1
71
61
63
155
34
31493
5
22
9
43
161
33
53
11
33
154
19
36
40
0
8
112
36
8
22
1053
77
22
68
111
71
166
18
47
281
3029
2211
328
1553
2387
2753
10816
2650
4766
4989
793
830
5310
2988
925
3524
2
8060
31
1
2811
14
882
943
15
2466
5150
2:1
8
2:2
3
1
1427
21
15450
91358
16642
1
1735
6006
32
41
9417
32421
18
4
11
156
2
55
44
32
53
36
5
54647
816
67
7
157
7
2
15
12
28
29
6
12
149
1
12
27
10
3:1
8
2
2:1
11
2
1
725
29
14
176
7831
4975
3480
4654
3093
10208
7980
2243
1062
665
968
2
1
2
22
27
4
86
35
9
10
40
37
3
1
43
47
4
5
1
30302
10004
8
56
176
69
31
89
37
397
202
1
46
41
167
55
68
17
202
277
9
21
36
18
41
103
78
54
199
74
388
37
19
17
15
23
14805
140
82
1977
13
9722
2:1
109
53
1
115
30
5
19
36
2
11
62
5
68
14
-488666
185
493
435
197
129
174
0
26
122
43
51
28
233
103
3
338
96
1
3
45
377
314
98
28
62
64
178
70
12
25
279
26
34
84
256
5
22
464
96
34
172
63
292
112
49
132
79
35
156
37
20
76
245
24
75
126
119
140
135
82
120
96
16
141
43
10
29
82
150
86
234
181
7
24
46
5
7
19
11
109
305
277
149
2:7
5
95
8
180
95
80
9
36
29
167
85
303
65
50
35
205
1
236
235
317
25
71
54
185
193
249
419
66
37
174
438
28
0
33
77
58
85
91
0
125
170
46
104
23
73
16
111
30
75
46
160
326
0
25
5
209
168
158
44
389
31
16
47
36
350
172
302
214
169
192
262
25
147
116
7
175
33
74
76
9
8
5
2
22
5
15
7
143
40
13
107
79
30
102
5
0
60
86
35
3
60
56
40
234
129
109
69
65
231
157
0
44
237
56
75
390
230
5
272
409
237
55
31
103
5
212
50
31
16
170
33
77
61
0
271
124
179
124
0
131
268
93
326
47
240
667
137
234
109
10
231
21
0
60
79
26
183
40
75
56
42
97
123
159
163
580
9
35
32
25
241
50
203
6
40
34
90
57
38
56
20
114
145
53
42
220
382
279
65
77
5
110
56
66
115
416
251
58
189
96
28
22
142
78
50
6
97
15
89
122
164
49
34
31
72
11
24
9
21
142
52
21
65
33
75
11
48
98
42
13
19
104
21
13
43
0
15
140
13
14
1
31
10
31455
79
159
7
54
38
23
165
65
94
38
974
56
270
133
0
42
28
4
77
7761
4814
2468
3794
1322
1
4742
2695
4910
9790
5221
1267
1382
9
10
8052
12
18
6194
1918
4158
1
121378
11261
51
10073
28163
2624
983
62
23
5
7
130
44
73
92
11037
25036
19377
320
42
68
93
98
758
12
28
16
51
50
19
3445
4382
7863
2947
3
6565
16924
1146
1637
4
415
606
684
330
206
6
1
25
0
5
14
52
30
66
44
63
20
30
40641
67
206
768
79
250
28
281
234
31
9
203
431
89
164
14804
11998
70
169
86
7
57
22
13
3
1421877000
499:0
1
453:0
15
-7
1
286
-275
9
-12
-8
37
-38
12
-4
7202
-7169
61
266
-365
2446
-2444
21
100
-120
1
102
-101
-2
86
-83
15
-18
507
-500
-12
4
134
-136
18
3354
-3376
9
-7
-1
6
-7
2500
-2453
257
-281
-18
-4
150
-149
124
-82
-29
44
6
1084
-1136
2
-2
4
701
-705
-5
30
-20
3
-9
33
-44
4
3954
-3944
-5
-2
-7
102
131
-232
0
3041
-2845
-196
300
-289
176
-188
317
-295
476
-334
-158
2
49
51
-108
15
294
-261
-4
-45
1
2
280
-271
22
-32
-1
1
377
-366
540
-552
112
-113
296
286
-565
224
296
-510
340
-366
-1
33
25
227
-276
-2
314
-311
43
79
984
-1107
-1
0
-1
4
9
-19
-1
575
-555
287
-304
140
-108
578
-583
59
55
-138
202
-206
359
378
-730
72
-33
-45
14
219
-234
29
-25
-5
162
-157
388
-254
-123
24
-31
-5
2
642
-635
30
145027
-145009
16139
-15939
-261
27
-26
125
-121
64
3
-49
202
-215
68
-69
-10
65
-54
-2
9
-13
64
-69
66
-58
533
-486
-26
21
201
321
-571
4
-3
12
-1
-11
90
44
-135
2556
-2535
1
159
-168
18324
-11534
-6786
49
239
-302
30
-30
106
-108
23
-25
5
38
-24
-18
1
2145
982
-3046
36167
-36250
8
-6
-1
892
-874
-16
4
237
-52
-29
-89
-56
22
4137
-3952
-149
-76
25
-21
293
2727
115695
-118612
6719
-6825
27
132
-133
59
4382
-4402
4195
-4257
-3
237
-227
-10
6
3
21
1
16
-36
32
1932
-1847
5130
-4950
-212
-89
-1
-7
19
-17
305
-274
284
-305
38
-2
-42
297
1859
-2111
156
-162
-39
663
-661
299
-279
42
-56
43
-55
368
-90
1318
-1113
-481
974
-234
1579
-2254
-55
-3
38
-15
305
-338
30
41
-71
3
-3
497
-472
2:20
-27
-19
3
-22
1
4
59943
-59930
-5
12
32
-3
-54
22
-8
151
-162
357
-360
167
34245
-34401
2894
-2450
-431
-13
-7
-1
151
-146
64
47
3089
-2862
-313
-8
-9
80
-96
12
-5
42
-49
8
343
-335
-16
1917
-1835
-82
24
-2
-20
35
-16
-5
88
41
-28
-96
0
-20
109
-100
-6
10
-13
80
-51
66
-83
104
-58
-46
7112
-7094
-20
-10
17
-18
5
8316
-8210
-112
10
96051
-96052
1278
13977
-9791
-5469
17
-21
2
744
-729
44
-56
56
-51
-5
35
-34
125
-102
216
757
-999
2
11
5
254
-174
-93
523
3709
-4239
368
9263
-9598
106
-135
44
-45
41
-3
-28
1265
-1211
-56
251
-131
1513
-1644
-1
99
-85
1725
-1536
-166
353
-387
244
-230
-10
34
43
4
-61
176
-191
3
166
-186
-2
2
0
2
-3
-1
0
1
2:0
-1
1
2:0
1
-1
1
-1
2:0
2
-1
2:0
2
-3
2:0
4
-3
2:-1
2:1
3
-5
2:2
2:0
2
-4
2:1
2
-6
2
2:-1
3
2
1
-6
2:3
-6
0
1
0
1
-2
6
-3
0
-2
-1
2
0
4
-5
2:2
-2
2
1
-5
2
1
-3
3
-4
4
0
2
2:-1
0
-4
1
-1
1
2
3
-5
-1
3
2
-4
-1
6
-3
-2
-1
2
0
1
-2
0
1
-2
1
4
-5
1
0
4
-1
0
-4
0
1
2:2
-3
-1
2:0
1
-2
2
0
-2
3
-2
4
-3
2
0
-3
6
-5
3
-4
2
-1
5
-6
2:2
-1
-2
0
-1
0
5
-4
2:0
4
0
-3
0
3
3:0
-1
1
-1
-5
5
-5
1
4
-3
-2
1
3
2
-3
2
-5
3
-1
-2
5
-1
-3
1
0
-1
6
-1
-5
0
-1
2
1
0
-3
1
2
-1
2
-2
2
0
-3
-1
2:0
7
-4
0
2:-1
2:0
-1
2
-1
0
2
1
-3
1
-1
1
0
-2
4
-2
4
0
1
-5
3
-2
-1
-2
2
0
2
-4
2
-2
2
3
-5
1
4
-4
0
2
1
-4
6
-3
1
-3
5
-5
1
0
-2
7
-5
3
-4
0
4
-3
0
3
-2
2
-2
-3
6
-5
3
-3
1
5
-4
-2
2
-3
5
-2
-1
4
-2
-4
5
-5
3
2:-1
0
4
-5
0
2
3
-3
2
-3
2
0
-3
1
-1
1
0
1
2
-3
1
2:-1
0
7
-4
-1
1
-3
2
-1
2:0
1
0
-1
4
-3
1
-2
-1
5
-3
-2
2
0
-1
2:0
4
-4
1
3
-3
2
-1
0
-3
6
-4
0
3
-4
1
4
-5
1
3
-4
2:1
-2
5
1
-6
3
-3
-1
4
0
-4
2:1
-2
3
-2
2
-2
-1
7
-3
2:-2
4
1
-2
-1
4
-4
0
-2
0
6
-6
3
0
-3
3
-1
2:1
-3
1
-1
3
1
-3
-1
2
-3
2:0
1
3
-4
3
0
4
-1
-4
2
2:-1
0
-1
4
-4
1
-2
0
6
-1
-3
0
4
-5
1
-2
5
-3
2:0
1
-3
0
1
2:0
7
-5
-2
3
-2
3
-4
3
-3
116
-113
-2
11
-12
15
-14
14
-14
-1
38
-38
1
-1
0
1
-1
0
12
-8
-4
0
11
-11
3
291
-294
2:1
-2
2:0
1
3
-3
6
-7
0
17
-16
2:0
-1
5
-4
3
-3
1
2:-1
15
-14
-1
8
-6
4
-4
2
-3
1
0
-2
1
3
-2
9
-11
1
-1
24
-17
-6
7
-8
13
-13
16
-9
-3
-4
0
3
4
-6
0
-1
2
0
1
-3
0
2
0
1
-3
1
-1
2
6
-5
20
-23
5
-5
2:0
2
-2
0
5
148
-153
1
8
4
-12
-1
2
39
-41
9
-9
4
1
-5
6
10
-13
-2
-1
3:0
19
-18
41
-40
44
-46
14
-12
-1
7
-6
2
9
-12
1
9
-11
5
7
-12
0
2
-2
21
-19
3
0
-5
4
-2
2:-1
82
-82
18
2448
-2464
107
-82
-26
-1
6
2
-5
2
1
-2
-4
1
13
-11
-2
11
-10
2:1
-3
21
-21
2
-2
71
-71
9
-10
12
14
-26
3
0
-2
2:0
10
15
-25
32
-29
1
8
-11
657
-491
-167
4
-5
2
-1
1
8
-10
2
0
-2
1
0
-1
1
72
-43
-28
441
-443
6
-6
3
43
-44
-1
5
16
-22
38
-28
-7
-1
155
-67
-84
-6
3
-2
1
18
870
-875
153
-167
1
13
-13
37
187
-217
592
-601
2
112
-112
-2
2
-2
5
-5
10
-4
1
92
-93
169
-158
0
-13
0
-4
8
-8
37
-36
71
-72
8
0
-2
42
174
-212
22
-32
2
5
-4
13
0
16
-29
-1
-2
9
30
-5
5
-39
48
6
26
-68
-11
2
0
3
2
-6
16
27
-45
7
-7
0
5
4
-7
-2
5
-4
0
-1
1
272
-273
0
4
2
0
-6
0
3
27
-28
-2
0
15
1909
-1924
2
11
-13
4
-3
-1
0
1
3
0
148
-150
0
-2
16
-9
-3
5
-9
2
-1
6
3
2
-12
0
20
-19
7
-1
-5
10
-10
0
26
-14
-3
-7
-3
2
0
-2
-1
0
1
5
3
-2
-1
4
1
-7
29
-23
-10
1
4
-4
-1
15
-11
-4
0
786
-781
84
1087
-369
-802
-1
-3
1
222
-222
4
-6
17
-11
-5
2:1
-2
-1
42
131
-168
-3
-2
7
-4
41
-38
13
21
-40
153
374
-523
27
-29
11
-13
5
-5
8
0
15
-22
21
-20
24
-26
3
0
1
26
-12
-18
25
-25
27
-26
1
-2
7
26
-29
20
-24
1
86
-87
16:0
1
-1
16:0
1
-1
2:0
1
0
-1
5:0
1
-1
7:0
3
-3
6:0
1
-1
0
2
-2
5:0
2
-2
2
-2
4:0
1
-1
1
-1
1
-1
3:0
2
-2
3:0
2
-2
6:0
1
-1
3:0
1
-1
5:0
1
2:0
-1
19:0
1
-1
0
1
-1
12:0
1
-1
0
2:1
-2
0
2
-2
0
1
2:0
1
-2
1
0
-1
0
1
-1
0
1
-1
2
0
-2
0
1
-1
1
-1
9:0
1
-1
4:0
1
-1
2:0
2:1
-2
2:0
1
-1
4
-4
7:0
1
0
-1
5:0
1
-1
2:1
2:-1
4:0
1
-1
2:0
1
-1
1
-1
6:0
1
-1
2
2:-1
0
1
-1
1
0
-1
3
-3
7:0
1
-1
1
-1
1
-1
9:0
1
-1
8:0
1
-1
4:0
2
-2
2:0
1
-1
5:0
1
-1
0
1
0
-1
2
2:-1
2
-2
6:0
1
0
-1
3:0
1
-1
9:0
1
-1
9:0
2:1
-2
5:0
1
2:0
1
-2
0
1
2:0
-1
0
1
-1
1
-1
1
-1
0
3
0
-3
1
-1
3:0
1
-1
5:0
1
-1
3:0
1
-1
0
2
-2
2:0
1
-1
0
2
0
-2
3:0
1
2
-3
7:0
2
-2
3:0
1
-1
3
-1
-2
0
1
-1
3:0
2
-2
2:0
end
