v1
770
1229
735
119
609
56
50
492
333
40
572
140
592
393
179
276
266
5
936
136
437
481
600
225
534
20
198
162
76
63
79
196
93
183
59
415
570
8
319
112
806
51
79
126
213
69
88
345
539
135
327
39
85
339
402
235
44
265
107
300
94
275
473
116
177
60
51
214
80
585
27
29
28
17
9
29
25
35
100
17
7
121
2
4
118
82
74
40
83
65
41
16
38
90
54
118
204
243
173
120
225
414
110
201
113
33
6
116
459
141
85
142
87
169
3
189
12
232
427
14
299
48
83
299
41
1511
189
112
93
367
56
111
24
157
187
75
50
617
400
185
36
33
232
208
126
7
8
147
323
32
78
692
20
184
415
37
175
34
36
129
11
32
452
100
54
47
61
147
88
212
5
23
104
89
5
138
564
63
155
34
31498
22
9
334
37
136
76
120
36
8
22
1152
179
71
166
18
3357
2211
328
1553
5140
9728
1088
2650
4766
2116
9806
2988
4449
2
14
8077
2826
882
958
2450
16
5143
1
16
2
1433
123472
7741
67
6
9417
32421
22
280
50
59
5
55378
85
231
36
57
6
12
162
27
11
2:2
9
1
11
2
17231
4654
3093
3173
7035
8793
1430
1062
1101
330
202
27
31
86
10
24
20
77
3
1
43
47
10
40306
64
176
159
666
1
394
226
253
9
22
35
18
41
103
866
38
17017
9723
1
162
1
115
28
62
13
62
87
5
-488429
446
30
49
209
93
132
25
115
72
2:4
18
26
390
136
2
114
46
256
151
20
120
37
124
221
314
7
2
163
59
21
149
88
23
389
27
0
3
49
241
303
66
64
21
55
36
33
12
230
323
293
155
147
5
96
10
136
324
77
51
348
127
81
30
24
302
445
17
6
156
228
3
267
0
35
67
157
120
9
80
12
352
106
326
8
194
42
74
50
13
4
97
48
128
217
104
144
7
130
80
107
96
39
76
13
75
329
19
130
63
79
64
146
316
90
175
35
194
151
102
497
30
85
118
4
80
16
634
7
37
40
226
99
24
64
44
31
23
58
0
108
4
165
97
80
365
28
33
81
55
25
741
581
171
4
10
64
114
19
16
3
7
16
7
1
51
138
9
3
11
88
71
7
102
38
14
60
64
43
74
82
121
116
300
7
58
1
177
217
163
520
276
269
80
100
54
52
230
166
97
34
315
58
44
109
41
164
79
202
30
310
5
99
87
376
317
35
50
20
220
5
500
516
96
18
5
7
17
169
353
71
171
37
187
360
404
66
132
31
19
12
65
243
147
136
53
0
94
38
271
2
156
20
21
141
387
113
63
24
75
2
293
56
191
131
26
74
5
269
58
96
16
13
12
61
216
51
100
127
79
89
32
0
72
189
39
20
25
117
59
23
35
118
26
28
42
3
7
119
3
72
119
93
60
80
8
231
3
31408
73
161
33
53
129
126
31
8
0
7
1110
54
56
168
10
267
19
4
30
93
5846
1878
2751
691
8956
1110
6325
5743
2463
3
790
830
6638
2096
489
872
2658
8088
13
2798
1839
0
2468
487
4677
0
16
1
1444
4
3502
37
20223
96144
1
11252
59
4
41828
50
21
2
23
5
7
83
51
133
21
51
38
71
7168
2380
1380
44522
59
105
40
7
2
254
2
9
18
754
20
0
12
44
76
23
21
3445
0
15192
10447
8402
4729
1060
2056
854
970
3
12
19
5
61
28
108
9
66
60
5
30303
1513
8287
295
164
0
85
600
172
41
222
70
92
15
110
119
16
54
86
13
20
2
4
19
219
42
4
5
4
30
36
237
331
44
38
7
1
4
14879
140
82
1977
9735
151
221
101
1421573400
299:0
1
469:0
14
99
3150
-2661
-222
-261
-91
-15
73
19
-35
117
-44
-120
-10
443
-360
-64
76
56
-88
18
184
-262
48
-44
35
-31
3
68
-77
1646
-1518
-101
169
-188
113
-105
22
-43
15
151
-119
257
-296
21
-25
7
343
-334
2650
-2646
111
-103
-32
8
13
54
502
-345
-186
22
189
-203
-27
-24
330
-277
-29
-17
116
-57
-65
157
-85
-68
64
-68
7
113
-89
5
35
-59
231
-151
-96
55
167
-189
-27
3
39
-39
156
1273
-1145
-253
233
-254
-9
260
-229
93508
-93522
5009
-4920
-114
183
-149
43
-72
4
-7
11
-3
126
-115
-16
10941
-10640
331
-590
193
-205
-10
126
33
1627
-1802
25
38
-45
10835
-6522
-4304
-18
27
-37
76
-77
-9
1090
-520
-569
51
18424
-18246
-175
747
-706
-95
229
-229
179
-135
130
-114
1832
-1753
-125
2:16
33331
-33365
2699
-2692
291
-310
1144
3461
-4601
33
241
-164
93
-206
0
790
229
-965
32
53
-40
-20
-78
60
865
-912
118
-122
10
-15
300
-285
25
209
241
-332
293
-376
113
772
-617
-349
4799
-4606
-191
15
-15
-1
34
-20
58
-57
-2
-15
52
0
43398
-43450
58
312
-212
-126
4550
-4467
138
-247
1
25
1710
-1654
-56
2:-12
-2
41
-45
18
19
-26
-12
72
-18
-36
61
-77
15
-13
88
-88
8
-12
84
-77
860
-857
23
43
7606
-7620
-63
404
30276
-29879
5645
10949
-17389
36
569
-602
21
29
-34
87
614
-596
-124
144
730
-880
308
3687
-3985
23
-21
69
-52
261
-199
3730
-3813
128
-112
412
108
-291
-184
-64
-8
-3
-5
6
-8
2
7
1
-4
2:-2
0
-2
2
1
-2
3
-3
0
5
-3
-1
4
-5
5
-2
-4
5
3
5
-4
-7
1
9
-3
3
-9
0
-2
-1
0
4
-3
-1
3:1
-3
8
-5
8
-5
2
-8
4
1
3
-6
0
2
-4
12
-8
2
-6
4
1
4
-3
-4
0
-1
1
2:0
10
0
-9
2:0
-2
-1
0
4
1
0
-2
-3
3
-1
0
1
-1
0
4
1
-6
3:0
-1
9
-9
1
0
4
-5
2
0
-2
3
-3
6
-3
5
3
-7
5
-9
7
-5
-2
1
7
0
-8
2:0
2
4
-6
0
2
6
-3
-5
3
-2
1
0
-1
2:2
-3
0
-2
8
-7
0
-1
3
2:-1
0
8
0
-8
8
4
-12
-1
9
-9
3
-2
4
0
-4
0
4
-4
1
-1
5
-5
2:3
-5
-1
2:4
-9
5
-1
-3
5
-3
2:1
-5
0
3
5
-8
3
1
5
-8
6
-7
0
1
5
-4
0
4
-6
3
-3
3
2
6
-3
4
-1
-10
0
9
-8
5
-7
9
-7
-2
0
1
3
0
-1
7
-8
8
-3
0
5
-11
3
-2
10
-2
-7
-1
-2
2
0
-2
7
-1
-2
2
4
-7
2
-2
-1
2:0
6
2:-4
2
-1
2:1
-3
0
3
2:-1
7
-2
-6
3
4
-2
-5
2
3
-4
3
-4
0
6
1
-7
8
-4
9
-8
-4
6
2
-7
9
-10
4
-1
0
2:-2
1
10
-8
3
-4
3
-4
3
0
-1
3
2
-7
10
-2
-8
0
2
2:1
-1
5
-8
1
11
-11
2:0
5
2
-8
0
4
-4
1
-2
3
0
4
-5
1
5
-8
1
0
7
-7
1
-2
2:2
-1
0
4
-1
1
5
-6
-5
1
-1
2:0
2
-3
2:1
-2
2:2
7
-10
-1
1
-1
0
1
4
-3
0
7
-8
6
-6
-1
9
1
-1
-8
9
-3
-1
0
-6
8
-7
6
0
-4
-3
3
4
-7
5
-2
3
5
-8
6
-6
5
4
-10
5
1
-8
0
1
-1
9
-2
-5
-1
5
4
-3
-7
1
0
1
3
-4
1
3
1
-6
2:1
10
-10
-2
2
2:1
9
-11
-1
0
5
-2
2
-5
0
-1
1
10
-10
9
-9
0
1
3
-5
2
3
-1
2
-1
-5
9
3
-1
93
-88
2
-7
-1
2:0
13
-11
6
-6
-2
1
-1
1
8
-9
6
-6
2
15
-14
1
-4
2:0
2:2
-3
3
-3
1
-2
0
13
-11
7
-9
0
13
-12
11
-8
-4
0
3
0
-3
1
-1
6
-5
0
-1
0
4
-4
29
-21
-6
-2
0
4
2:-2
35
-29
-6
4
-4
1
-1
18
-17
2:0
-1
1
-1
1
11
0
2
-6
-7
8
-1
-8
3
0
-3
4
5
-9
32
-29
1
-1
-2
47
-48
1161
-1160
63
-40
-21
5
-4
-3
-1
1
3
-4
0
13
-12
0
13
31
-43
6
5
0
-13
20
-10
14
-22
8
-8
5
415
-335
-82
-5
2:0
10
-4
-5
61
-38
-21
-1
332
-331
-3
24
-22
-1
17
-17
29
-23
-7
5
66
5
-68
-6
8
466
-472
78
-80
8
-5
99
260
-354
-8
59
-61
2:1
2
89
-25
-61
2
7
-13
41
-43
28
78
-101
12
-13
6
-2
22
-25
-5
24
-4
1
8
-30
31
24
-47
-8
138
-134
5
7
-14
0
2:-1
4
-4
9
-8
1
0
133
-133
12
-14
0
8
409
-411
0
-6
0
4
95
-99
7
-3
-2
4
3
0
1
-9
3
0
20
-10
-13
7
-8
3
-1
3
-5
4
-3
8
-5
7
-11
5
-1
9
-13
2:0
499
-455
261
118
-422
3
93
-94
7
-5
-3
23
109
-84
-47
4
15
-22
93
197
-287
13
-11
11
-11
4
1
9
-17
12
-13
3
9
3
27
-39
-4
1
-1
1
-1
2:0
1
-1
1
-1
3:0
1
-1
0
1
-1
1
-1
0
3
-3
1
0
-1
18
-18
0
1
-1
2:0
1
-1
9:0
1
-1
3:0
1
0
-1
0
2
-2
1
-1
2
-2
15:0
2
-2
7:0
2
-2
8:0
1
0
-1
8:0
1
-1
8:0
2
-2
12:0
1
-1
2:0
1
-1
7:0
3
-3
6:0
1
-1
3:0
2
2:-1
3
-3
0
1
-1
2:0
3
-2
-1
8:0
2
-2
0
1
2
-3
10:0
3
-3
0
1
0
-1
6:0
1
-1
0
1
-1
1
-1
1
2:0
7
-8
1
-1
0
2
-2
1
-1
4:0
2
-2
2
-2
1
0
3
-1
-3
0
1
-1
0
1
-1
4:0
1
0
-1
0
3
1
2:-2
7:0
1
0
-1
12:0
2:1
-2
1
-1
0
1
0
-1
2
-2
5
-4
-1
3:0
1
-1
3:0
1
-1
1
0
1
-2
6:0
2
0
-2
1
0
-1
0
1
0
-1
0
1
-1
0
2
-2
0
1
-1
3:0
1
-1
1
-1
3:0
2
-2
2
-2
0
2
0
-2
2:0
1
2:0
-1
0
1
2:0
1
-2
11:0
2
-2
4:0
1
-1
2:0
1
-1
1
-1
0
4
-3
1
-2
4
-4
1
0
-1
2:0
1
0
-1
7:0
2
-2
3
-2
2
-2
-1
3
-3
2
-2
2:0
3
-2
-1
2:0
2
2:-1
5:0
1
2:0
-1
0
2:1
-2
8:0
2
-1
0
-1
3:0
1
-1
4:0
5
-5
2:0
1
2:0
-1
1
end
