v1
966
1229
191
48
29
586
14
595
56
22
28
533
81
551
272
140
592
393
46
86
483
111
404
225
41
266
643
425
420
135
82
174
534
96
166
194
63
136
474
255
399
64
63
133
79
297
134
90
404
442
339
126
809
106
135
134
489
167
402
1045
275
16
157
323
93
288
294
641
83
68
13
31
51
142
6
118
82
74
59
64
65
112
127
118
85
311
51
173
120
225
160
364
304
10
33
6
116
146
192
121
141
20
65
142
259
433
404
23
313
48
83
70
229
41
309
1202
301
460
56
111
368
75
50
563
639
36
33
312
128
126
15
147
323
63
47
447
164
101
53
131
255
197
175
70
121
8
11
32
385
29
138
54
47
61
147
88
153
59
5
23
104
0
89
5
250
452
238
14
31493
5
10
12
9
334
173
76
120
36
8
22
1152
68
111
61
176
18
3357
2211
328
1553
5140
663
10153
2650
4766
11922
2988
1797
2652
2
4
8092
3703
958
2466
474
511
4166
11
5
1449
123451
7741
73
4
9413
32421
22
353
36
5
54647
816
74
157
36
57
6
12
162
37
13
2:1
11
2
51
17180
4654
3093
10208
7980
2243
1062
1633
5
53
86
54
40
37
3
1
43
47
9
1
40306
64
176
100
496
229
1
309
68
17
202
277
9
57
18
41
103
88
44
273
331
57
37
19
17
38
14805
140
82
1990
9723
1
162
1
101
14
18
72
2
11
62
5
68
14
-488666
2:242
14
31
148
0
11
517
21
84
69
90
181
113
10
38
72
26
29
141
28
9
103
123
181
56
39
13
23
46
156
5
39
503
106
59
32
261
285
191
2:109
57
5
124
301
29
34
128
172
104
251
293
413
216
244
68
133
10
497
141
104
55
37
109
9
98
222
25
187
18
70
91
323
4
63
5
205
67
89
51
2
89
476
68
25
85
202
99
16
43
122
176
107
365
107
34
272
54
779
11
19
430
84
5
714
104
0
12
124
87
170
117
145
647
60
5
21
45
266
70
24
64
44
92
10
83
39
7
271
626
164
243
312
216
117
295
175
6
27
24
17
33
4
2
44
13
15
3
4
1
14
8
2:17
54
2
17
110
20
3
104
92
17
20
33
1
37
11
5
28
153
3
16
38
438
43
227
79
590
21
24
86
133
208
475
180
502
100
197
70
84
97
170
144
281
31
309
5
30
1
68
780
93
12
175
50
1142
10
312
0
220
26
82
75
56
37
266
118
478
0
12
143
163
19
11
18
291
1
229
106
94
3
7
28
76
197
46
351
358
146
243
110
31
10
122
282
355
182
29
17
164
73
9
64
16
260
8
89
15
362
62
137
11
196
52
21
173
50
69
38
47
8
102
113
42
111
31656
33
53
14
60
7
48
172
58
1106
64
80
272
43
0
70
118
9789
686
3515
1016
2181
2935
3221
12420
1623
5297
2182
3
1252
489
476
828
2236
8075
3:1
42
2769
1839
7625
16
8
1427
20
3503
11948
108000
1736
47883
24
58
0
98
43
40
73
20
72
27
11
7239
3760
44413
102
171
2
45
10
247
2:1
8
18
725
29
41
3600
4382
35201
165
82
2056
143
1
1146
534
2
7
44
52
1
73
2:66
60
30308
1513
8800
120
683
178
421
534
5
10
732
69
15041
11708
151
86
73
5
19
53
3
6
84
57
38
-488752
195
169
63
84
250
49
271
62
105
40
96
98
160
14
68
263
527
189
120
344
362
98
494
1150
58
294
191
150
67
77
44
23
30
161
37
252
113
323
97
133
15
27
153
31
314
482
248
154
591
174
559
137
557
204
43
527
500
666
122
146
621
189
110
359
221
173
110
96
272
691
41
80
154
510
7
443
61
395
710
0
293
198
2
93
94
28
23
183
98
46
64
188
53
25
8
0
207
80
6
166
98
171
143
480
522
1151
205
315
12
61
179
163
28
232
91
125
495
150
4
425
10
31
207
50
1392
561
182
409
355
237
340
9
33
96
50
6
0
336
358
0
441
403
38
45
118
150
104
15
177
31
24
232
14
251
35
324
148
156
135
72
507
105
512
15
17
66
59
11
45
48
31615
46
49
454
126
10
973
468
48
39
0
32
54
6
63
7715
2048
9028
3837
2228
1152
9749
12982
9447
2857
9476
25208
96144
49548
3607
34
5
117
0
7557
28796
19276
0
270
111
261
25
15
750
161
57
6
17452
1185
23492
1102
1681
4
414
855
1004
5
105
8
49
146
40184
551
79
275
0
400
235
18
146
159
86
153
22
0
114
128
42
13
94
109
13
302
0
79
182
17027
0
10017
58
26
89
36
84
2
1421790600
299:0
1
399:0
1
265:0
46
-2
-15
382
5909
-6283
153
137
-299
186
-189
30
-6
363
-378
91
5750
-5788
-60
1846
-1714
-49
-25
128
-70
-13
-89
118
-132
76
254
-286
-41
0
13
-18
582
2464
-3020
-24
15
-1
3
377
-389
55
-51
151
94
123
-256
-123
20
-7
69
108
-181
187
206
-339
-38
141
-28
302
-431
230
-116
2099
-2127
-49
-44
60
74
94
-66
541
-606
-84
2
1299
-1315
3
103
-86
4
136
217
-271
-90
1043
-147
-910
119291
-119289
12706
-12514
-191
48
-37
505
-421
-23
-22
26
-68
20
-30
28
935
-932
-33
172
342
-356
-52
31
3242
-3370
80
19276
-9265
-10049
264
-292
94
-114
9
2321
-1721
-597
29868
-29872
82
594
-636
-21
-27
33
273
-287
168
-107
370
-451
3939
-3465
-418
290
-345
3590
68672
-72163
5765
-5809
154
-202
-3
6617
-2596
-3805
0
-187
232
-215
-48
36
1791
812
2779
-5420
91
94
169
-147
-205
166
2212
-2349
272
-278
-16
10
697
-576
-85
178
242
535
-531
1298
-1678
1896
1265
1459
-4654
151
110
-321
97
79
1296
-605
-390
-484
3
-6
1
61589
-61473
-94
136
229
-364
-23
7989
-7989
1442
-1366
171
4226
-4102
-360
-4
976
-870
-66
39
-71
47
-55
-2
43
81
-20
-19
-54
66
-101
111
-109
31
306
-333
124
-112
20457
-20305
72024
-72194
260
18043
-12882
17195
-20096
-2513
895
-817
-13
-27
18
234
158
727
-1175
54
29
-58
329
3501
-3003
10939
-11664
6
199
-337
13
-16
37
-36
16
94
147
-192
2882
-2824
-65
2153
-2011
1330
-1521
-2
348
2
-322
232
-265
618
-618
23020
-22877
-169
6
-6
0
2
-1
0
20
-21
4
5
-7
8
-10
0
5
3
-9
21
-13
4
-5
0
-6
15
6
-9
-11
7
1
-9
1
16
-15
6
-2
-1
7
-8
-2
4
12
-12
0
-5
9
-8
-2
10
-10
2:3
-4
-2
7
9
-14
-2
6
2:-1
-2
9
4
-12
5
-5
0
-3
3
8
-5
9
-15
1
15
-15
1
10
-12
13
-2
7
-10
3
5
-14
11
-5
-8
13
-11
0
8
2:-3
-4
0
-1
7
1
-4
-2
-1
5
7
-10
0
-1
-2
4
-2
9
6
-7
-6
-3
0
1
4
-3
3
0
-4
5
-5
14
-15
4
16
-18
1
4
7
-10
9
-7
-2
-3
19
-18
-2
0
10
-10
10
2
-3
-9
18
-4
-10
-4
1
20
-18
15
-1
-16
9
-8
9
-9
-3
3
0
-2
-1
7
-5
3
4
8
-15
11
2
-11
1
4
-1
-3
-5
10
-4
3
-8
19
1
-12
-9
8
-5
6
-5
12
-9
-3
11
2:-5
-1
14
-9
-5
0
6
9
-1
-14
13
-15
0
13
-11
1
11
-13
2
2:-2
0
1
-1
0
13
-7
13
-19
7
-1
0
-6
9
-9
9
3
6
-16
4
-6
2:3
-6
-1
0
1
3
13
-16
0
2
1
0
18
-20
0
1
0
6
-4
-1
4
-7
-1
6
3
-8
1
4
14
-1
-16
2:-1
0
2
1
-2
7
-7
2
-2
0
-1
21
-22
8
1
-5
0
18
-20
0
-1
1
5
12
-18
8
2
-9
0
5
14
-11
-9
17
-14
-3
11
-11
11
-11
4
0
-2
6
-9
6
4
12
-14
8
-14
13
-14
2
4
-2
-3
2:0
3
2
3
-6
9
-12
5
-3
-2
1
0
3
17
-12
8
-15
17
-16
14
-17
13
-8
13
-18
1
3
8
-12
2
12
-7
-4
6
-6
-2
4
-5
2:0
7
0
-4
4
-5
11
7
-18
5
-5
-2
10
-3
-5
3:-1
4
11
-8
3
-3
-1
-2
3
-6
9
-6
-3
-2
0
1
-1
2:0
-1
0
1
-1
2
-2
1
-1
2:0
1
-1
1
2:0
-1
2
-1
2:0
1
0
-1
2:0
1
-1
2:0
1
2:-1
0
2
-2
2
-2
0
1
2:0
1
-1
0
1
-2
2
-2
2
-2
2
-1
3:0
-1
2
-2
2
2:-1
1
-1
2
-2
3:0
2:1
0
-2
2
-1
3:0
1
0
-2
2:1
0
2:-1
2:1
-1
3:0
1
-1
1
-1
1
-1
0
-1
1
-1
2
-1
2:0
-1
2:1
2:0
2:-1
0
2
0
-2
0
1
0
-1
2:1
-1
0
-1
2
-1
0
1
-1
0
1
-2
1
0
-1
2
-1
1
3:0
-1
0
-1
2
-2
0
2
2:-1
2
-2
2
-2
0
1
-1
1
-1
2
2:-1
2
0
-2
1
-1
1
0
-1
0
2
-2
1
0
-1
2
2:0
-2
2:1
-2
2
0
-1
3:0
1
-2
1
0
-1
0
1
2:0
1
-1
1
-1
1
-1
1
-2
3:0
1
-1
2:1
-2
2
-1
1
-2
2
-2
1
3:0
1
-2
1
-1
2
2:-1
0
2:1
0
2:-1
2:1
-2
2
-2
2:1
2:0
-1
0
-1
2
2:-1
1
-1
2
0
-1
1
-2
4
0
3
-6
127
-127
11
-4
4
-6
-5
1
-1
20
-17
10
433
-446
0
1
0
1
2:-1
15
-13
1
-2
-1
2
17
-14
-4
3
-3
3:1
-4
0
7
-7
0
21
-20
11
-9
4
13
-4
-13
-2
3
0
-4
0
4
-2
38
-34
-2
-1
-2
-1
4
84
-82
42
-48
7
2
-8
-1
22
13
10
-31
-7
1
6
-9
0
12
-16
-1
20
-7
-8
-1
0
81
-79
1996
-2000
106
-71
-36
2:5
-2
-9
6
-5
16
-6
-11
0
22
98
-119
11
-6
15
-20
2:18
12
-45
1
626
-485
-142
-4
0
12
-4
-3
61
-36
-28
413
-409
-6
60
-55
-4
3
-4
27
-27
53
-40
-7
-4
207
-95
-102
-12
6
13
886
-891
172
-175
6
-13
11
154
447
-605
0
-7
97
-101
4
-4
86
-82
172
-176
9
2
19
31
-57
39
182
-210
24
-35
-3
11
-12
46
-40
-4
35
-3
2
21
-57
54
39
-84
-4
3
-5
13
30
-43
-2
6
-6
7
-8
2
-2
304
-303
4
23
-28
14
-14
887
-887
18
-17
8
164
-169
0
9
5
-15
9
0
5
8
-13
-6
21
-15
-3
-7
-2
7
-2
2
-3
3
8
-10
5
-7
8
-7
542
-537
89
596
176
-868
1
0
191
-185
17
-9
-14
-3
44
149
-185
-8
61
-54
7
23
136
362
-532
29
-30
18
-11
-6
-3
8
-3
14
-1
-17
43
-44
3
36
-18
16
-34
-3
29
-26
2
45
-46
15
-15
5
72
-80
-1
1
-1
1
-1
0
2
-2
2:0
1
-1
0
1
-1
2:0
3
-3
1
-1
0
1
0
-1
3:0
2
2:-1
2:0
27
-25
-2
6:0
1
0
-1
6:0
2
-2
3
-2
4
-5
3:0
1
0
-1
2:0
2
-2
2:0
3
-2
3:0
-1
2:0
1
-1
1
-1
1
-1
2:0
2
4
-6
5:0
1
-1
3:0
3
-3
4:0
2
-2
5:0
2:1
-2
0
1
-1
8:0
2
-2
1
3
-4
2
-2
2:0
1
-1
1
-1
5
-5
0
2:1
-2
2
-2
1
-1
8
-7
0
-1
2
-2
1
17
-16
-2
0
2
-2
1
-1
1
-1
4:0
3
-1
2
-4
4
2
-6
5:0
2
-1
2:0
2
5
-6
-1
0
-1
2
3
-3
0
2
-2
2:0
-2
2:1
2:0
2
-3
4
-3
1
-2
0
2
-2
-1
2:0
1
-1
3:0
1
0
2
-3
0
2
-1
0
-1
2:2
-4
0
4
3
-4
-3
6:0
1
0
-1
0
1
0
-1
0
2
-2
2:0
1
0
-1
0
2
-2
2:0
1
-1
0
3
-1
7
-9
2:0
2
-1
2
0
1
-4
1
-1
2:0
2:1
-2
2
-2
2
5
-7
2:0
1
-1
2:0
2
-2
3:0
3
-2
2
-3
2
2:-1
0
2
0
-1
1
-2
2:0
2
-1
1
-1
2
-3
2:0
3
-3
4:0
1
3
-3
-1
0
2
2:-1
0
2:1
-2
2:4
-1
-7
5
-5
12
-11
0
8
-1
-8
2:0
1
-1
3
0
-2
-1
0
1
-1
2
2:-1
2:0
1
-1
2
-1
3
-2
-1
7
-8
2:1
-2
4:0
1
2
-3
0
2
0
-2
1
-1
0
4
-3
-1
11:0
1
-1
21:0
1
-1
19:0
1
-1
11:0
1
-1
1
-1
14:0
1
-1
2:0
1
0
-1
7:0
1
-1
4:0
1
-1
35:0
2
-2
5:0
1
-1
8:0
1
-1
3:0
2
-2
0
1
0
-1
0
1
-1
17:0
2
-2
2:0
1
-1
2
-2
17:0
1
-1
7:0
2
-2
2:0
2
-2
5:0
2
-2
2:0
1
-1
4:0
1
0
-1
0
1
-1
11:0
1
-1
end
