v1
988
207
536
486
191
48
598
17
609
56
22
28
492
945
140
592
130
153
12
98
455
160
111
34
249
346
194
113
326
247
288
106
521
135
31
225
349
6
179
456
142
289
242
255
463
39
236
431
494
442
339
126
873
42
258
542
125
53
349
235
44
9
256
107
394
275
16
157
219
197
288
294
641
45
38
25
18
38
82
14
124
10
118
73
9
74
45
14
64
65
95
262
85
362
173
120
225
211
313
304
10
39
116
146
192
121
35
106
85
142
259
146
287
740
15
33
83
70
229
41
309
207
237
758
301
460
56
111
24
322
22
75
50
325
375
538
33
270
8
162
57
69
15
147
433
712
184
404
11
37
175
70
121
8
11
32
74
478
54
47
50
11
6
121
20
88
212
5
23
104
94
257
313
132
63
189
31493
5
22
9
55
235
44
173
76
120
36
8
22
17
1135
68
111
71
166
18
3357
2211
328
1553
5140
10816
2650
4766
5782
830
5310
2988
436
4015
10917
882
958
2466
5160
2
5
124900
7741
73
9417
29228
3151
64
33
174
73
109
5
10219
45244
231
36
57
6
174
27
11
2:2
9
1
11
757
32
12964
3480
4654
3093
18188
2243
456
417
189
665
968
3
2
53
86
94
6
31
3
1
99
1
31815
8491
64
176
763
62
1
87
222
85
202
277
9
57
18
144
102
30
273
261
127
37
19
55
14889
2128
9723
1
162
116
90
75
5
82
-488666
75
110
57
20
222
14
318
222
188
153
86
78
171
0
131
64
82
95
21
112
123
44
193
39
82
14
17
322
68
20
60
81
22
53
39
7
12
65
29
23
36
32
26
1
458
22
78
142
83
202
5
89
263
82
20
106
56
50
154
57
86
239
166
68
79
76
227
31
103
109
23
99
126
201
25
23
105
106
16
71
49
253
246
14
28
26
70
508
31
120
305
109
155
13
24
43
9
80
12
74
1
133
123
127
45
103
24
154
202
166
5
199
193
2:130
139
278
5
96
39
15
65
9
23
172
109
124
188
18
3
111
4
125
73
22
282
274
159
61
460
146
7
104
39
78
106
94
120
108
51
371
7
108
426
2:112
15
64
228
209
142
127
129
558
35
322
10
53
14
50
172
123
175
6
27
57
23
78
14
44
7
1
46
2
24
110
13
3
14
90
92
71
30
18
65
53
26
7
35
3
2
14
55
127
165
40
18
71
205
144
309
291
35
86
133
208
194
55
3
223
180
502
100
28
42
69
81
131
2:68
0
49
226
275
6
31
309
23
81
173
156
163
288
0
38
13
54
0
175
9
1
540
457
178
7
322
105
115
106
170
696
53
202
229
23
258
58
1
146
83
9
44
147
85
0
20
9
114
81
2
281
32
203
322
164
81
97
5
16
94
56
181
23
2:46
52
232
292
19
26
35
143
73
51
38
204
2:28
91
299
84
72
124
3
11
24
118
54
296
10
144
10
28
93
134
98
0
13
46
31449
16
23
90
32
83
48
84
157
15
1108
2
30
88
242
20
272
49
4543
3838
1
1407
10333
15644
6494
423
1768
3030
2652
6
10
8068
8
2:1
2810
1840
1548
2930
3146
8
13
4
2
1425
20
3503
531
115873
3544
1736
5981
41910
23
3
18
2:15
95
3
29
14
133
16
37
19
27
11
10999
43632
731
50
22
21
66
38
21
33
72
2
45
22
16
19
1
98
47
4
9
37
3
2
9
2
15
1
725
7
149
6
63
3445
4382
7863
1762
1185
574
5994
9030
3251
5542
247
3880
4
5
2:8
27
53
30
41
11
18
40
25
32
2:9
38
9
4
30308
10313
31
160
47
393
172
28
657
240
27
23
127
36
5
1
4
553
90
44
45
41
15
15050
1977
9735
111
54
101
37
12
19
6
43
7
76
14
51
6
-487953
282
681
174
28
149
47
90
411
502
194
764
81
35
290
321
336
87
161
247
70
29
74
589
242
231
161
284
10
347
183
61
71
459
188
51
61
5
985
318
18
620
235
47
318
593
18
268
235
151
255
1049
167
1016
390
555
73
320
153
349
173
104
482
31
1057
26
45
13
81
10
20
393
171
17
59
22
81
536
127
438
251
328
480
362
124
518
633
177
219
346
80
211
608
47
72
7
828
288
82
10
110
252
305
214
303
118
285
497
33
338
33
109
43
6
647
41
1098
982
46
310
313
164
375
346
131
134
102
49
140
31769
148
43
116
253
62
1044
144
357
31
44
9843
9028
13251
14068
490
11568
47
2813
1
9
9469
1454
21971
109311
38176
3950
120
55366
356
22
109
225
839
18701
10444
16335
45
1725
5
162
12
87
42
40430
162
148
921
37
195
573
98
42
98
109
341
288
14772
3
1421095200
299:0
1
499:0
1
187:0
122
148
-244
9
14
69
6659
-6401
1102
-1435
444
-395
94
1
-71
-53
27
-65
10
39
1832
-1819
-19
-12
90
6
-94
6
-29
89
-46
199
-241
24
796
-813
4193
-4204
9
10
175
2553
-2742
1300
-1291
334
-348
82
56
46
-69
81
-148
-32
229
-217
624
-589
21
-68
-14
24
-14
444
-262
-81
91
-210
461
-422
437
-456
164
743
-908
-10
17
-17
112
757
-749
-94
42
393
-382
-87
257
-183
291
-361
164
-154
183
48
-193
-52
94
1196
-1260
106934
-81535
-25103
-283
-8
-30
-2
155
-81
1962
-2021
-9
16
73
-87
388
71
-472
147
614
-753
17
1061
-952
16
2253
-2392
714
-707
-14
18698
-9199
-9431
-53
23
44
-86
16
66
2365
-2386
1062
-829
48020
-47651
-625
444
-479
88
61
-95
1228
-1279
5262
-4325
-822
-107
2362
118435
-120757
145
5176
-5178
-191
64
383
-417
2745
2387
-4976
55
387
-590
900
-753
1558
-1610
8095
-8081
124
-108
-148
343
-160
-163
97
1409
-1533
1962
214
-790
-1365
88
-60
46
-14
47
872
-432
-147
740
-543
2279
-1841
-955
-108
8426
-7430
-851
-66
93
455
-527
-100
2
60209
-60210
1313
-941
-324
8600
-8624
-30
545
-536
-10
3
1405
-242
-1148
-18
45
112
-132
141
-86
-81
13
14
289
-206
25
880
-1008
16
26601
-26550
-66
42
-5
112
-56
-65
-19
-6
-1
875
-868
198
-186
-19
-9
1195
34627
-24753
-5020
-5092
-957
80
20
-88
-13
199
1304
-1494
-5
149
-141
298
2110
-1996
140758
-141101
-61
50
-70
76
-41
-24
195
44
-216
68
3073
-2960
299
-224
-127
1405
-1513
29
-106
-1
1
11
-3
-6
-2
-1
0
9
-3
-6
4
-3
-1
0
7
-7
18
-2
-16
7
-1
2
-8
3
-2
21
-12
-3
3
-7
12
-11
2:-1
10
-11
1
8
-9
5
1
-4
6
-5
3
-7
2
-2
4
2
-3
7
-5
-4
3
7
-2
8
-16
3
-4
2:3
10
-7
-8
13
-11
-1
19
-17
0
7
-9
-2
1
-1
1
16
-16
-1
16
-1
-15
4
0
-3
0
16
-13
-4
9
5
-11
9
-11
5
-6
21
-20
0
17
-7
-11
16
-16
0
1
12
-8
-5
3
-2
2:0
1
-2
3
19
-17
-4
6
14
-14
-5
-2
17
-14
-3
4
-4
1
2
18
-6
-15
8
-8
3
0
13
-6
1
-4
1
-7
-1
2:0
5
0
-5
2:1
14
-12
2:-1
11
-10
5
-8
4
13
-11
1
-2
-3
2
-3
5
-2
-1
2
14
-18
10
-10
3
-4
7
0
2
-8
3
-1
15
-17
-1
1
8
-5
-3
10
0
-11
3
0
2
-5
13
1
6
-18
15
-2
-8
-6
2
-3
0
8
-7
1
3
-5
6
-5
2:4
10
-18
9
-9
1
2
-1
1
-4
1
-1
9
-7
0
7
3
-12
14
-9
-4
1
-2
1
-1
7
3
1
-1
-8
2:-1
1
6
14
-17
-1
16
-18
6
-7
6
13
0
-18
-1
1
0
-1
1
-1
6
3
-9
1
3
13
6
-5
-2
-14
-2
11
-8
9
-6
-2
3
-6
0
2
-2
13
-14
10
-9
6
3
0
-10
0
3
-2
10
11
-20
10
-5
-7
17
2
-18
14
-13
-2
2
8
-4
2
0
-6
0
9
-7
5
-8
1
10
2:-5
0
2:-1
12
-8
-4
0
7
4
-3
-8
6
-5
-1
5
-3
13
-9
-6
0
7
-4
-2
2:3
-7
0
17
-14
12
-15
4
0
-3
-1
2
-1
6
-7
7
-4
7
-8
11
-6
-4
7
-8
2
5
-7
2:-1
22
-21
-1
3
-3
2
1
7
-9
2
-3
3
-3
19
-17
9
-8
14
-10
0
10
-13
-4
6
8
-8
1
-4
4
14
-16
-2
3
-4
4
10
7
-13
-10
0
2:7
-10
-2
0
1
3
1
-5
0
-2
2
3
2
-6
20
-2
-15
3
-6
11
-8
9
-4
-9
2:0
3
12
-12
2
-5
0
17
-17
17
-4
3
-12
9
-11
-2
10
-6
6
-7
0
6
-6
8
-5
1
-7
12
-12
6
-4
1
12
-11
6
5
-6
3
-7
3
-7
0
1
2
-2
2:-1
12
-11
9
-11
0
-1
0
1
0
-1
0
1
4:0
-1
0
1
2:0
-1
4:0
1
3:0
-1
1
-1
1
0
-1
1
-1
1
4:0
-1
1
-1
2:0
2:1
-2
0
1
3:0
-1
1
-1
1
-1
1
0
-1
0
1
-1
2:0
1
-1
1
2:0
-1
0
1
-1
1
-1
1
4:0
-1
1
3:0
-1
1
4:0
-1
1
2:0
-1
1
3:0
-1
1
2:0
-1
1
0
-1
1
3:0
-1
0
1
2:0
-1
1
-1
0
1
0
-1
1
2:0
-1
1
-1
2:0
1
0
-1
1
-1
1
-1
0
1
4:0
1
2:0
-2
1
5:0
-1
2:0
1
-1
0
1
4:0
-1
1
-1
0
2
-1
0
-1
3:0
1
-1
0
1
-1
2:1
-1
0
1
3
-2
3
1
-5
133
-118
4
-3
-14
-1
16
-13
11
-15
2:0
4
5
-7
1
-3
3:0
16
-16
6
-6
0
2
0
2
24
-27
-1
3
-3
3
-1
0
-1
8
-9
22
-16
-1
10
11
-20
-5
4
-5
0
5
-5
0
1
-1
2:0
6
26
-20
-7
-3
1
-3
4
146
-142
-6
57
-57
2
5
-1
-7
-1
29
-6
-17
42
-39
-5
6
0
11
-18
9
-10
11
3
-11
2
-7
95
-84
2068
-1957
-97
-22
1
0
-2
7
2:-4
12
-9
12
7
-17
45
-50
16
-10
22
-23
-4
3
-2
23
-2
-15
2
-9
-2
665
-468
-192
-4
-1
11
-5
-6
3
86
-84
27
-31
521
-472
-44
23
-29
3
30
-21
-5
-1
212
-64
-145
-8
14
1055
-1062
-8
168
-166
0
5
16
11
117
507
-656
79
-76
8
-5
-1
143
-147
248
-235
-1
-15
7
26
19
-43
34
191
-225
40
-48
10
-1
10
-6
22
-33
-1
35
-5
19
6
-1
58
-107
-6
2
2:4
-3
31
-33
-3
-2
8
-5
297
-301
42
-42
16
550
-566
5
13
-11
-2
-1
9
75
-88
0
12
-9
19
-7
11
-21
1
0
32
-7
-20
2
-9
-4
5
-2
6
-1
-2
13
-19
10
-7
1
0
-3
4
-3
-2
12
-11
68
1016
-295
-787
161
-161
7
9
-7
-12
45
73
-111
-4
12
-9
7
24
144
1166
-1312
-32
17
-18
-2
1
13
-4
12
-22
3
27
2:-6
20
-31
28
-24
63
-74
2:0
1
-1
5:0
2
-2
4:0
4
-4
0
2
-2
2:0
1
0
1
-2
4:0
2:1
-2
2
-1
38
-39
6:0
1
0
-1
0
1
-1
1
-1
3:0
1
-1
1
-1
1
-1
2
-2
2:0
3
-3
0
3
-2
-1
0
2:1
-2
5:0
1
-1
0
2:1
-1
0
-1
2:0
4
-4
6:0
2:1
4
-6
0
1
0
-1
3
-3
2
-2
2
-2
5:0
1
-1
1
-1
1
-1
2
2:-1
5:0
1
-1
2:0
3
1
-4
0
1
-1
0
2
1
-3
2:0
1
-1
2:0
5
-3
-2
1
-1
5
-5
0
1
-1
2:1
2:-1
2:0
1
-1
0
2
-1
0
-1
1
4
-5
1
-1
0
2
-2
6
0
-4
-1
1
0
1
-3
1
-1
0
1
2:0
2
-3
1
-1
2:0
4
2:1
-6
2
-2
1
-1
1
-1
1
2
-3
0
3
-3
1
-1
2
4
1
-7
3
-3
1
-1
2
-2
3:0
2
0
1
-1
0
-2
4:0
2
0
-2
0
7
0
-7
0
1
-1
5:0
5
-5
1
-1
0
2
5
-7
0
2:1
-2
2:0
3
0
-3
2:0
5
-4
4
6
-9
-2
0
2
1
4
-7
7:0
2
-2
2:0
1
-1
2:0
2
4
-6
2:1
-2
0
6
1
-7
4
-4
2:0
3
-1
1
-3
2
-2
1
0
3
-3
0
1
-1
2:0
-1
0
4
-4
3:0
2
-2
4:0
2
0
2
-4
2:0
1
2:0
-1
1
-1
0
10
-7
-2
-1
0
6
-6
3:0
4
2:0
-4
4
-2
1
-3
2:0
3
2
-3
2:-1
0
2
-2
0
3
-3
0
2:1
-2
0
3
-1
-2
2
2:0
-2
7
-7
0
13
-13
1
-1
2
3
1
-6
1
8
-9
0
1
-1
2:0
7
-6
-1
2:0
1
9
-10
2:0
3
-1
-2
3:0
1
0
-1
0
5
-3
-2
3:0
2
-2
2:0
1
-1
0
1
-1
2:0
3
-3
5
2:-2
2:0
-1
0
3
1
-4
4:0
3
-3
1
0
1
-1
1
-2
0
13
-13
0
1
2
-3
3:0
2
-2
4:0
1
-1
3
-3
7:0
1
-1
1
-1
57:0
1
0
-1
13:0
1
-1
0
1
-1
3:0
2
-2
5:0
1
-1
6:0
2
-2
2:0
1
-1
53:0
2
-2
3:0
1
-1
11:0
1
-1
0
end
