v1
1115
1420
663
665
875
521
982
960
1509
871
435
1663
993
1367
339
126
1043
1199
651
300
94
864
1306
301
210
262
977
869
314
33
6
575
1846
2
423
2272
167
368
75
1761
126
162
433
712
636
366
8
11
584
54
108
235
217
23
1152
31498
31
334
369
36
30
7154
328
1553
5140
10816
2650
4766
11922
2988
24836
124905
7741
9490
32443
389
5
55694
99
67
25
145
48164
140
77
3
1
100
41371
1
96
786
57
18
1048
26740
1
162
116
90
75
-488427
332
45
148
1
10
128
253
105
52
187
56
74
302
324
47
126
295
17
50
11
28
310
223
120
113
121
266
284
140
255
337
89
187
45
72
132
143
180
305
295
106
122
94
285
136
24
17
1
433
443
14
140
12
193
75
135
31
759
20
24
218
194
63
79
48
148
93
85
98
104
166
44
160
193
110
87
275
344
494
568
282
461
166
239
106
135
104
117
106
124
172
167
281
28
45
970
398
16
93
283
145
340
294
59
50
295
166
15
27
29
12
33
6
19
31
4
3
18
6
11
21
31
46
2
23
124
3
1
118
114
42
45
14
64
30
5
33
35
19
38
17
127
118
12
129
35
271
78
7
208
225
160
35
219
138
119
157
125
40
284
54
262
85
101
41
198
61
201
217
15
156
285
299
10
5
18
81
17
70
229
464
35
70
175
9
1
52
178
568
301
93
312
111
109
6
20
42
115
312
165
535
261
23
7
18
229
33
201
25
6
38
42
53
208
8
177
10
283
32
64
461
164
81
118
86
412
3
212
70
172
43
31
289
51
38
201
116
92
241
59
25
107
89
5
250
7
122
132
1
58
132
63
155
31527
8
19
213
167
48
88
76
164
1174
68
111
71
166
15
3
47
3310
6479
1377
1372
6262
320
16643
1623
8734
4013
2
14
8068
2835
882
943
15
2466
5143
1
7
9
7
1
1427
21
3502
116404
3544
1736
5981
98
41828
10
143
179
54741
731
152
7
38
128
15
12
42
15
18
53
109
27
11
2:1
0
2
8
2:1
13
755
7
189
3445
4382
8453
7747
1178
9030
7980
813
203
1227
873
189
1101
330
202
2
3
6
16
80
37
94
9
122
9
40085
222
64
176
69
31
600
172
263
68
17
202
24
253
30
95
61
42
56
27
49
273
331
94
19
17
15
53
14775
150
72
1990
9722
165
101
32
85
7
60
23
59
5
-488516
87
366
523
248
394
136
198
472
121
142
19
260
282
224
281
170
231
303
5
22
464
74
1020
405
99
225
394
167
116
384
825
15
141
159
68
72
105
95
9
488
53
47
90
501
192
143
173
168
86
382
150
97
88
153
528
472
155
68
200
135
386
1657
108
529
211
142
77
114
748
242
67
45
151
26
298
90
95
20
8
116
110
11
19
334
15
141
390
11
447
644
70
221
120
517
244
369
127
28
169
154
177
234
281
17
290
1002
1380
269
713
404
101
289
162
23
383
147
56
237
28
273
1417
200
61
622
146
394
179
675
54
196
153
266
99
112
46
31449
247
2
12
287
195
1267
300
7762
352
6941
1771
3696
7084
8209
790
5704
4349
11604
11
2
1
16
9112
3173
108254
66292
58
134
40
72
74
55469
168
105
191
112
6
7
741
43
43457
2910
977
46
2
150
34
72
2
58
30308
11556
356
106
246
9
192
11
475
38
94
27046
164
-488613
448
270
449
10
28
260
13
203
33
49
92
5
294
65
35
306
58
38
81
283
93
367
588
170
89
49
18
366
290
721
121
240
20
508
385
20
228
586
60
379
279
75
451
109
336
244
223
64
868
410
646
1080
508
380
215
1
109
713
50
333
50
27
281
338
112
212
47
248
200
197
242
307
791
214
74
65
29
23
26
7
58
2:144
45
339
670
865
10
153
372
576
122
711
738
212
6
437
626
227
1928
42
97
85
38
52
157
113
584
68
338
231
124
765
603
72
668
271
194
37
40
85
174
270
51
656
23
11
110
287
21
24
277
75
4
238
31417
159
57
4
9
19
64
427
25
1093
381
10660
6295
12036
16062
18043
2921
509
2
21081
115768
51
41852
2
28
98
29
51
76
50
69
55419
39
141
25
386
100
10
640
149
57
15702
28410
1186
1908
13
145
4
112
7
31872
8878
12
101
52
753
15
527
90
810
213
15137
1978
10069
-488393
57
316
477
121
393
174
19
175
235
672
410
77
814
87
2
3
935
8
1
262
228
35
591
146
100
22
225
420
555
315
139
399
298
32
638
382
367
762
43
472
12
267
33
412
370
84
313
875
67
835
283
235
271
87
185
216
284
74
167
216
693
508
25
844
4
60
52
14
254
62
19
64
128
170
8
17
134
62
140
341
432
292
541
351
69
744
417
150
616
23
423
79
414
485
621
131
164
144
608
670
598
147
72
185
107
221
143
57
280
375
253
688
10
352
409
209
611
121
72
332
133
42
86
167
90
125
26
29
99
27
196
31657
30
205
71
38
315
1002
106
30
232
175
19
1
3442
2530
5325
8951
3221
15254
6268
2616
2658
8092
7601
4690
121359
11362
38185
3607
156
200
80
27
6
11004
44356
377
10
13
19
47
225
723
62
65
19282
17028
9047
1874
2
10
17
66
76
23
2:1
9
31982
8969
201
710
56
258
94
0
153
34
30
200
41
1
9
522
79
94
32
121
26934
64
81
104
36
1421531400
99:0
1
399:0
1
199:0
1
199:0
1
214:0
395
5624
-5270
700
-1131
246
-172
-60
2633
-2369
2329
-554
-1905
176
-117
76
1637
3662
-5083
-359
-61
-98
901
-553
-125
9
239
100986
-100431
4061
-4905
120
-104
2443
907
-2899
35373
-27906
-6163
-1261
45342
-45809
-129
282
47
3444
-3584
2781
77873
-74370
-6064
3139
4367
-6314
2520
-4099
118
-141
1048
-830
-115
787
-759
1242
-1093
2450
-1456
23952
-24698
54754
-55345
2
4981
-4591
-316
4073
-3512
263
3430
-4220
-121
15810
73110
-87079
13070
-8699
-304
-5828
735
304
3227
-4286
67686
-67604
2510
-2596
3504
-3549
-14
14
-256
-62
-1
2
-4
51
23
-73
17
-7
78
-87
2
71
-12
98
-109
179
-129
28
-92
-21
23
-37
2
-4
17
-14
151
100
-151
40
-73
-70
0
7
0
12
237
-248
-7
51
-50
-2
66
-65
60
-47
-10
56
-54
6
13
-20
-6
51
-49
65
-25
202
-233
16
-14
-2
-6
-4
2
92
-89
10
-10
-2
161
-158
-3
22
-26
11
209
-29
-157
-24
-10
22
8
2
25
-47
-8
16
0
172
-130
-57
-2
7
-4
109
10
-103
13
6
30
70
-139
14
-10
11
-5
61
-69
13
-15
30
-27
128
-130
21
56
-74
-3
25
-3
16
-23
-15
-1
101
-13
49
-137
110
-74
85
123
-120
-45
-79
33
-15
2:1
-18
157
-157
92
-56
145
-180
-2
128
-94
-29
-7
20
-12
122
-63
-66
197
-194
51
89
-85
-48
176
-185
152
-120
-26
147
-122
-23
82
-86
-4
4
9
-12
81
-5
-72
-1
122
-123
28
-23
0
26
109
74
-206
-10
15
12
-29
14
-10
6
129
-124
22
-34
35
-35
11
140
-124
74
-104
0
23
-7
22
-6
14
-23
-10
18
42
-10
33
-63
-5
-28
256
-221
86
-5
41
-108
-49
53
10
95
-55
-84
-3
63
-62
21
-33
183
-133
162
-195
-19
-1
1
46
-49
25
138
-98
77
-125
163
-158
-20
16
247
-196
-50
77
-50
109
-131
56
-78
5
55
12
-73
7
3
63
-57
-10
16
-19
4
76
-66
50
67
-123
-9
41
-32
-7
7
-10
-2
8
26
-18
-10
9
-5
-9
-1
21
217
-231
-1
4
2
-5
0
11
17
-24
-10
21
244
-247
9
-5
-21
83
-83
29
-28
21
-6
87
-105
69
70
-96
3
24
-62
125
-91
-29
58
-68
-3
60
-45
-15
49
-20
-11
31
-48
55
-53
13
-9
4
26
83
-16
-102
41
12
-43
105
109
-174
-52
55
-52
19
3
34
221
-265
51
186
-248
37
-41
158
-143
-8
5
75
-87
16
64
-51
-26
12
51
109
-166
53
-58
125
-88
-15
99
-113
31
161
-27
-169
-14
1
3
-3
0
3
-2
2
0
-1
2
-2
1
-3
3
1
-3
-1
3
2:-2
4
-2
0
2
1
-3
-1
1
0
-2
4
0
1
-3
1
-1
1
-1
1
-2
1
-1
2
-1
3
-2
2:1
-4
4
-3
2:0
-2
3
-2
3
2:-1
2
0
-2
-1
2:0
1
0
2
0
-1
2
-4
-1
3
0
-2
2
-1
0
-1
3
-1
-2
0
1
-1
1
3
-3
2
-3
4
-4
4
-3
3
-4
3
-3
1
0
3
-1
2:0
-3
1
-1
2:1
0
-2
1
0
1
-1
3
-4
1
-1
1
2:0
1
-1
-2
5
-4
4
-1
-2
-1
2:0
4
-3
1
-1
2
1
0
-3
-2
1
0
2
-2
0
2
1
0
-3
2
-2
0
2:2
-4
3
-2
2
-3
0
2
-1
2
-1
-2
1
2
-3
3
-2
3
-3
3
-5
2
-2
3
1
-3
0
2
0
1
-3
3
-3
-1
3
1
-3
-1
2:1
0
2
-2
-4
-1
1
4:0
-1
1
3:0
-1
1
0
-1
2:0
1
-1
0
1
-1
2:0
1
3:0
-1
1
-1
1
0
1
2:-1
1
4:0
-1
2:0
2
-2
1
0
-1
1
0
-1
0
1
-1
1
0
-1
0
2:1
2:-1
0
1
-1
1
-1
0
1
0
-1
1
-1
4:0
1
3:0
1
2:-1
2:1
0
-1
0
-1
0
1
3:0
-1
1
-1
1
-1
2:0
2:1
-2
1
-1
0
1
2:0
-1
5:0
2
0
-1
5:0
-1
1
2:0
-1
1
0
-1
1
-1
2:0
1
-1
1
0
-1
1
-1
1
0
-1
1
-1
2
-1
4:0
-1
3:0
1
-1
0
1
0
-1
1
0
-1
0
1
5:0
-1
0
1
5:0
-1
1
-1
1
3:0
-1
1
-1
1
-1
1
-1
1
-2
4
-3
2:0
-1
2:0
1
2
1
-1
-3
3:0
3
1
-4
3
1
-1
0
1
0
-3
-1
3
1
0
-4
4
-1
1
-1
1
-4
4
-3
2
-2
0
-1
4
-4
0
4
-1
-3
3
1
-1
0
-3
3
0
-3
2:0
4
0
-4
2:0
4
-1
1
-1
0
-2
3
0
-3
3
-4
0
3
-3
4
-3
-1
4
-4
0
4
-4
4
0
-4
4
-4
3:0
3
0
-3
2:0
4
-4
3
-3
3
-3
0
3
1
-1
-3
3
-3
1
0
-1
0
1
3
-1
-3
0
1
-1
3
-3
1
3
-1
2:0
-3
4
0
-4
1
0
-1
0
4
-1
0
1
-3
3
-4
0
1
-1
1
2
-2
2
1
-1
-2
0
-1
1
0
2
1
-3
-1
3
-3
3
-3
4
-3
0
3
-4
1
-1
1
-1
0
3
-2
-1
0
4
-4
2:0
3
-3
4
-1
0
1
-1
-3
3
-3
3
-2
-1
2:0
4
-1
1
-1
-3
1
-1
3
1
-1
-3
4
-4
3
-3
5
162
-144
-20
-2
4
15
-9
-8
27
-24
25
-10
1
-13
-6
1
18
-20
51
-52
69
-68
52
-30
-12
90
2396
-2490
135
-136
1
53
-45
28
-24
1135
-962
-118
-26
577
-584
-30
58
-64
255
-127
-102
1384
-1224
-172
154
781
-703
-6
-226
19
15
266
-262
10
-25
17
8
5
62
-131
437
-432
300
-266
-42
891
-870
-8
243
-241
2:-7
-1
18
-6
848
-739
507
585
-964
-196
165
-218
52
152
800
-970
-3
-16
36
-10
-29
23
-35
2
0
2:-1
1
-1
1
4
-2
11
-14
1
-1
0
1
0
16
-16
0
18
-17
3
-5
4
-3
-1
0
22
-21
-1
15
-15
2:0
2
-1
0
8
-7
0
5
-7
0
20
-20
1
-1
1
-1
0
3
-3
2
-2
6
-5
9
-3
36
-42
8
-7
-1
2:0
1
-1
10
-11
2
-2
3
2:-1
1
2:-1
19
-12
-5
3
-2
-3
0
2:2
-3
-1
3
-3
1
5
0
-6
1
2
12
-9
3:-2
7
91
-97
0
1
-2
4
1
-1
-4
2
1
-2
0
-1
3
6
-9
2
9
-6
17
-14
-7
2
-2
28
20
-49
12
-4
-6
22
-14
-9
0
2
5
-4
5
-5
10
-14
0
4
17
-17
1
3
1
-6
1
0
2:-2
9
-9
40
-34
3
2:-1
0
-5
2
22
-25
1
21
-19
4
19
-26
2
-3
8
-8
24
-12
-10
-2
8
-8
2:1
-2
0
28
10
-36
1
2
3
-7
0
-1
1
12
-13
0
4
-3
-1
3
12
-9
-5
1
4
-4
3
-5
10
-6
-4
4
1
-5
0
2
1
4
-6
30
-25
-5
11
0
4
-16
1
6
1
-5
2
-5
7
-5
17
-11
28
-25
81
-92
5
-5
0
1
7
-4
2:2
2:-4
16
-9
-7
1
62
-56
1
-1
4
8
-6
33
-45
8
-5
3
-7
1
-1
3
-2
0
7
-7
18
29
-43
-4
4
3
-6
0
6
-3
-1
3
-3
-4
3
-1
-2
2:1
2
-3
1
24
-24
-1
0
2:1
-2
0
25
-26
18
-18
11
-11
16
0
-15
25
-21
2
-5
13
-1
25
-37
39
-25
-16
9
-9
5
4
-8
2
7
-8
2
7
-9
0
6
-5
0
4
-7
15
-13
4
-5
0
1
2
14
-15
0
2
-5
12
17
-11
-17
3
-3
9
-6
-3
94
-87
15
-7
-16
4
-3
44
-45
0
14
-7
-6
13
-5
15
-23
-1
0
1
3:0
5
-5
-1
14
-13
0
-1
143
-137
-6
4:0
2:1
-2
0
2
-2
2
-2
53
-51
-2
1
-1
0
1
0
1
2:-1
1
-1
4
-4
3:0
2
-2
2:0
1
-1
2:0
1
0
-1
2:0
1
-1
4:0
1
2
-2
-1
1
2:0
-1
0
1
-1
1
0
-1
2:0
1
5:0
-1
0
1
-1
1
0
1
-2
2:0
1
0
1
-2
1
-1
1
4
-5
2
-2
3:0
1
0
-1
1
-1
0
1
7
-6
-2
3
-3
4:0
1
-1
1
-1
1
5
-6
1
5
-6
3:0
2
-2
1
2
1
-4
3:0
3
-1
1
0
-3
0
4
-3
-1
2
-2
0
1
-1
2:0
5
-3
-2
1
-1
2
8
-9
-1
2:1
-2
0
4
-2
2:-1
4
-2
0
2
-4
14
-14
2
1
-2
-1
5
-4
1
-2
1
-1
2
-2
1
0
-1
2:0
3
0
-3
1
-1
0
1
0
-1
11:0
1
-1
22:0
1
-1
4:0
1
-1
4:0
1
-1
2:0
2
-2
3:0
2
-2
0
2
2:-1
3:0
1
-1
10:0
1
-1
1
2
-3
1
-1
3:0
2
-2
5:0
1
-1
2:0
1
-1
2:1
-2
1
-1
4:0
1
-1
1
-1
9:0
1
-1
1
-1
2:0
1
-1
0
2
-2
18:0
1
-1
0
2
-2
1
-1
0
2
-2
1
-1
8:0
1
-1
0
1
0
-1
3:0
1
-1
1
0
-1
0
2
-2
8:0
1
-1
1
-1
31:0
1
-1
7:0
1
0
-1
21:0
1
-1
3
3:-1
0
1
-1
11:0
1
-1
1
3
-4
6:0
1
-1
1
-1
2:0
2
-2
1
-1
0
1
-1
1
-1
1
-1
6:0
2
-2
2:0
1
0
-1
0
1
-1
0
2
-2
1
-1
8:0
1
-1
2
-2
3:0
2
-2
2:0
1
0
-1
4:0
2:1
-2
0
1
-1
3:0
6
-6
11:0
1
-1
2
-2
3:0
2
-2
3
-3
4:0
1
0
-1
2:0
3
-3
2
-2
2:0
1
0
-1
5:0
end
