v1
964
28
179
536
538
153
25
9
457
158
551
1
57
56
2:11
28
660
106
59
539
73
140
56
236
27
225
48
159
162
72
275
47
133
271
425
10
194
21
1
244
41
87
73
17
258
138
95
73
110
203
14
376
44
135
7
24
18
173
6
28
242
292
20
24
132
86
257
275
37
56
85
98
59
146
65
44
160
138
165
104
92
79
393
38
297
197
307
135
306
33
36
33
0
57
176
516
181
42
128
7
84
243
39
85
112
11
216
254
55
93
23
289
270
62
7
252
19
17
12
94
77
198
16
43
50
64
340
76
288
286
8
59
50
470
33
29
12
33
6
32
43
12
26
23
7
1
46
2
24
123
4
103
15
69
8
5
74
45
14
64
30
35
41
16
38
262
85
56
306
78
7
88
120
225
150
0
10
254
110
98
206
10
33
6
116
146
192
27
94
47
94
85
101
41
36
223
146
0
5
50
47
185
129
27
0
52
233
299
10
36
2
66
87
229
41
423
85
0
1
19
184
41
758
199
102
71
12
10
367
56
109
2
24
42
40
262
75
50
165
163
115
518
30
0
247
33
80
152
80
15
113
57
69
7
8
147
30
10
283
110
368
79
245
20
184
415
37
175
70
121
8
11
32
74
12
204
73
51
36
2
100
54
47
61
127
20
88
153
59
5
20
3
104
89
5
257
313
40
72
2
18
63
21
168
31493
5
22
9
204
83
47
37
48
4
84
76
8
13
45
54
36
8
22
1220
97
14
71
166
18
47
9
272
3029
2211
2
326
1553
663
4477
6258
4558
2650
4323
443
4989
3
790
830
5310
2172
816
436
2628
1385
2
14
11785
943
15
1533
920
13
474
0
4669
1
7
11
5
1
2
1425
3523
119948
1
7716
1
24
73
9417
32421
18
4
26
254
20
89
5
54647
781
35
74
157
7
2
15
12
57
6
12
1
161
27
10
1
2:2
8
2:1
11
2
888
63
3445
12835
4654
3093
10208
7980
2243
873
189
665
436
532
2
3
2:11
31
86
10
11
33
9
31
9
28
3
1
43
47
4
5
1
30302
10004
64
176
69
31
725
1
46
41
222
68
17
202
24
111
140
2
9
21
36
18
41
103
83
15
4
30
273
375
45
5
19
4
13
27
11
14805
2212
9722
2:1
162
1
115
28
7
20
35
13
7
55
87
5
-488671
132
252
114
206
282
14
46
128
191
100
348
17
53
2:13
82
80
36
62
50
353
59
230
252
88
75
81
39
55
853
5
18
10
171
423
8
103
878
1
132
12
24
43
228
75
246
20
2
229
14
48
109
8
34
91
57
141
39
137
165
2:104
204
88
339
58
155
300
245
103
1
360
190
9
96
81
169
389
351
75
118
168
210
69
74
380
72
222
65
86
155
923
253
299
106
32
90
207
80
202
26
53
39
143
123
21
50
66
283
53
132
349
40
170
181
191
172
36
247
10
69
261
168
79
25
131
197
24
2
43
80
181
2:42
16
61
3
13
2
11
9
18
209
144
34
37
21
50
34
30
67
39
15
83
44
350
71
27
236
395
44
43
35
99
81
24
86
273
543
55
125
115
67
28
392
28
3
108
81
217
161
20
425
0
41
130
82
92
99
173
290
203
207
187
10
81
10
611
742
60
403
0
56
37
5
554
103
355
119
35
24
33
300
138
50
33
200
228
83
0
156
188
200
494
142
21
84
10
56
322
26
79
458
51
16
238
15
25
167
114
355
197
24
82
21
140
13
54
246
50
22
28
5
99
93
17
80
18
15
42
101
10
15
31
31376
89
231
2
12
28
26
234
16
173
920
0
54
64
242
20
175
17
130
10474
691
3840
2792
7449
6808
415
11554
17
824
1744
872
2658
8074
4
7
2
2812
14
1859
2437
995
1012
3155
8
1422
34
23762
83045
13099
5280
6083
41792
32
53
12
59
0
75
40
146
19
27
82
7715
3213
25036
19279
41
7
9
209
8
2:144
12
45
2
55
752
43
46
7961
17380
12281
4643
661
238
1345
3
957
1830
1
8
35
1
2
121
135
31
31850
8287
459
144
79
462
139
62
164
57
435
50
129
149
89
0
5
26
10
5
527
261
14968
10
76
1973
0
10033
5
31
24
8
6
78
6
87
-487238
242
174
763
82
1854
496
53
1310
907
2027
1664
938
1899
548
1143
413
75
2751
75
25
586
297
363
988
926
313
1474
2638
468
928
325
89
534
34
1926
1884
151
181
166
545
216
31753
1756
23934
18917
6495
21761
230487
505
48124
1
32
5
61
5
45
51
87
40
41907
811
716
14786
1421520000
499:0
1
399:0
1
63:0
130
-63
-44
-11
37
60
-45
188
5253
-5493
227
-43
482
-646
-20
98
-95
14
27
-4
98
153
27
-316
12
-11
189
-171
-21
39
63
-106
208
-123
-62
45
-45
-24
6
-5
108
-96
-1
10
-21
44
-19
-25
118
-106
8
1930
-1643
-304
-2
14
5
171
-191
1703
-1689
86
11
-109
5
60
-61
-3
2
259
-253
33
2931
-2975
1
68
-67
-2
0
1
2
112
-115
13
99
-26
-79
225
-231
236
-237
4
-2
694
-649
-46
120
-58
440
-460
-32
768
-777
3
-1
99
-55
-20
-5
130
-151
1
13
-17
8317
-8184
-124
2
780
-396
-386
65
133
-205
20
-18
-3
383
-317
-65
202
-32
-131
-40
0
173
302
-355
-109
130
-138
54
-11
-45
1
2
12
2:1
-13
349
-352
125
-74
-33
511
-466
-50
116
188
-289
517
-543
6
-2
164
-169
161
66
-226
1
434
-407
11
-39
0
-2
3
622
-625
5
166852
-166811
7191
-7058
-146
31
-51
12
-9
29
-20
-19
5
-13
120
-118
8
-8
41
-40
96
-47
-34
-3
-15
7
53
-52
96
127
-231
49
-21
1933
-1940
-16
-4
6
147
-115
-38
100
-99
167
-167
7
4
4155
-4152
-14
242
-227
13
-27
38734
-28644
-10004
-75
-9
-6
11
6
0
66
-62
35
-54
16
-10
2822
-817
-425
-1585
71
86017
-86089
10
20
494
-524
77
-79
12
302
-75
151
-319
-29
1004
2510
-3255
-260
1
-42
14
124
-136
2
19
3470
76958
-80436
5610
-5619
75
185
-261
36
3778
-3794
6390
-6371
-23
390
-410
3
71
7
-71
6
-16
0
1940
1916
-1021
-2716
285
-307
-76
283
-302
18
52
243
-237
-77
16
-14
298
568
-853
1471
-1470
-17
148
-103
56
-77
-11
637
-636
30
371
-355
1358
-1089
-328
986
-646
180
2030
-2551
834
-822
-6
3
19
13350
-13146
495
-719
-8
19
87
-1
1052
-1154
223
-226
0
63
-59
0
1
8
-9
39189
-39138
90
-140
6
-9
2
87
-90
0
320
-285
6839
-6806
-69
787
-787
280
-272
427
3915
-4341
-7
57
-28
-13
-15
14
13
273
-273
1
-26
41
12
-41
-17
30
-17
84
-97
54
38
209
-297
11
-9
-5
19
27
-27
-3
39
14
-55
11
-24
6
48
-49
4
70
-77
19479
-19381
-47
168
70570
-70792
80
-78
829
14386
-10181
-5031
4
26
-20
5735
-5722
64
570
-610
-53
13
229
512
-744
-5
18
2:77
-156
68
-87
33
237
4471
-4688
275
45103
-45372
46
-94
2
-13
49
-1
-50
1
9
18
-26
54
-54
643
-639
106
-105
2471
-2180
1492
-1709
207
-266
-14
-3
53
0
-50
89
104
-191
-15
-1
1
-3
2:1
3
-4
5
-1
0
-1
-2
-1
3
-3
1
0
4
-5
1
2
1
-2
2
-4
0
6
-4
0
2:-1
0
1
-1
1
3
2
-4
-2
1
0
1
2
0
-3
5
-2
-5
1
2
-2
2
0
-2
2
0
2:-1
4
-4
3
-3
1
2
-1
-2
2
-2
2
-2
2
-1
1
-2
4
0
-5
1
2:0
6
-7
0
1
0
4
-3
2:-1
2
-1
0
1
4
-5
4
0
2
-5
0
3
-3
3
0
2:-2
4
-3
0
1
-2
3:0
5
-4
1
2
2:-2
3
2
2:-2
-1
1
-1
2:0
1
2
3
-6
5
-5
1
2
-3
1
2
0
-3
6
-6
0
5
-3
-2
-1
1
0
5
-5
0
6
-7
7
-6
0
6
0
-6
1
-2
3
2:1
-4
4
-4
1
2:0
-1
0
4
-2
0
-2
1
-1
5
-5
4
-3
1
-2
5
0
-5
3:0
6
-5
-1
0
2
1
0
2
-3
0
-2
0
2
4
-5
2
3
0
-5
-1
0
6
-6
1
0
2
1
-3
-1
2
2:1
0
-5
3
1
-3
6
-6
4
-3
1
-1
4:0
1
-1
4
-1
1
-5
2:1
-2
3
-3
0
5
-4
0
4
-4
-1
0
6
-2
-1
1
-3
2:0
2
-1
2
0
-4
2
0
-1
3
-1
-3
5
-5
4
-4
3:0
1
4
-5
0
2
-2
2:0
1
-1
2:2
-1
0
-2
2
-3
0
4
1
-1
1
-2
2
1
-5
-1
2:1
0
-1
3
-3
3:1
0
-2
3
2:0
-3
1
-3
0
2
-1
3
2
-4
2:-1
4
-4
0
4
-4
3
1
-5
1
2
-2
1
4
-3
3
-1
-4
2
4
-3
1
-2
2
-1
-3
0
2
4
-7
1
2:0
6
-2
2
-6
2:3
-6
2:0
1
-1
1
2:2
-2
-4
6
2:-1
-2
4
-2
0
-3
3
-3
0
3
2
-3
-2
-1
63:0
1
3:0
3
-3
7
-7
125
-124
0
12
7
-20
14
-10
39
-41
0
-2
28
-27
2:0
-1
0
10
-7
-2
-1
3
-2
7
-3
-5
4
-3
-1
0
6
8
-14
3
-3
0
4
2:-2
1
0
2
-2
1
-1
0
3
-3
2:0
32
-33
3
47
-50
4
1
-3
2:-1
2
3
-5
2
3:0
-2
0
1
-1
0
16
-14
5
-7
7
-7
20
-20
15
-15
5
-1
0
2:-2
2:2
-4
4
-4
9
-8
0
-1
0
5
-5
1
0
-1
1
-1
7
2
-9
3
-3
0
46
-46
8
2:-4
5
-3
2:-1
4
-2
74
-75
3
-4
2
10
-10
5
-7
50
-47
-1
7
-5
1
0
15
-17
-1
1
24
-24
33
-36
0
34
-24
-8
-1
27
-26
19
-21
3
1
8
-11
-1
28
-27
0
13
-10
0
-4
0
1
0
103
-103
3
2118
-2120
116
-90
-26
4
-6
9
-9
7
-3
5
-8
0
23
-21
1
-3
0
5
10
-12
-2
0
-2
8
13
-19
0
42
-43
20
-15
18
-18
-2
-1
-3
14
-13
1
10
-11
24
-24
1
6
34
-36
-3
9
-10
0
-1
1098
-925
-162
-11
-1
0
4
-4
0
10
-4
-6
2
3
-5
68
-66
40
-37
-1
571
-575
3
6
46
-55
1
0
1
26
-27
58
-44
-13
1
164
-48
-109
-10
2:2
1
-3
-2
1
21
1142
-1160
159
-161
4
10
-11
17
147
-164
794
-771
-23
90
-92
7
-10
1
-1
5
2:-2
260
-256
166
-162
8
-12
-5
32
-32
2
-2
68
-59
-7
2:-1
54
208
-254
34
-35
-7
25
-8
11
-23
-4
0
2:1
44
-47
35
13
-48
50
-49
58
45
-104
8
-7
1
-1
4
320
-325
14
-11
-3
21
34
-51
2
-5
4
-5
1
5
-5
0
1
0
1
296
-298
2
-2
1
2:0
31
-32
-1
0
8
754
-758
-4
16
-14
-1
0
7
171
-174
1
4
14
-16
-4
13
-16
11
5
-4
-1
-11
27
-26
3
-1
10
21
-31
26
-12
-9
-8
0
4
0
-1
8
-5
-2
3
10
-14
0
-3
0
8
-7
1
-2
0
21
-19
0
-3
706
-706
7
-2
72
444
487
-1007
3
-2
2
240
-244
12
6
-6
-10
-1
33
170
-199
2:0
-4
93
-84
7
-15
-2
12
25
-36
178
758
-935
28
-29
0
1
17
-14
-4
0
8
-4
-5
27
-27
29
-27
4
-3
33
-27
20
-27
33
-35
4
-4
6
0
-5
17
104
-117
-5
0
1
-1
4:0
1
2
-3
4:0
1
-1
0
1
-1
8:0
1
-1
10:0
1
0
-1
2
2:-1
36:0
1
-1
3:0
1
-1
0
2
-2
6:0
2:1
-2
8:0
1
0
-1
19:0
2:1
-2
2
-2
10:0
2
-2
7:0
4
-4
1
-1
0
1
-1
5:0
2
-2
1
-1
4:0
2
-2
0
1
-1
3:0
2
1
0
-3
0
2
2:-1
0
1
-1
4:0
1
-1
1
-1
0
1
-1
1
-1
9:0
1
-1
0
5
0
-3
-2
2:0
1
2
-3
1
-1
3:0
2
-2
0
1
-1
2:0
1
-1
0
1
-1
3:0
1
0
-1
2:0
2:1
0
1
-3
2
-2
1
-1
3
-3
1
-1
0
2
-2
3:0
2
-2
4:0
1
-1
1
-1
4:0
1
-1
5:0
2:1
-1
0
-1
1
4
0
-4
0
-1
0
2
-2
6:0
1
-1
1
-1
0
1
4
-4
0
-1
7
-6
4
-5
1
-1
0
2
-2
1
-1
3:0
2
-2
3:0
2
9
-11
10:0
2
-2
2:0
2
-2
3:0
2
-2
3:0
2
-2
3:0
2
-2
2:0
1
3:0
-1
3
-3
1
-1
1
-1
1
0
-1
0
1
-1
5:0
2
-2
20:0
1
-1
8:0
1
-1
7:0
1
-1
9:0
2
-2
3:0
1
-1
5:0
end
