v1
1069
13
284
119
124
203
312
174
52
139
48
29
27
469
90
551
58
17
39
7
15
28
118
535
172
510
11
91
92
48
592
159
136
98
36
393
26
271
629
80
23
70
134
71
89
0
193
82
138
78
403
434
135
31
225
534
20
209
290
79
53
143
93
183
314
216
137
6
104
150
90
15
20
108
23
300
494
442
126
213
69
866
106
128
7
47
37
243
368
95
281
765
7
394
275
16
155
366
28
24
177
111
44
242
8
59
526
27
29
54
10
6
13
25
22
13
27
25
46
2
3
138
6
4
118
73
9
74
59
14
50
30
35
41
71
245
447
173
120
225
195
219
110
304
10
33
6
116
146
138
54
121
141
85
101
41
259
146
415
313
299
15
31
2
153
150
79
41
423
280
50
758
199
102
167
293
56
109
2
274
94
75
50
61
469
450
11
247
33
232
80
128
126
7
8
147
30
10
283
110
692
20
98
86
229
223
175
70
121
8
11
32
414
38
100
54
47
61
55
92
88
153
59
5
23
104
89
3
2
379
132
58
1
132
104
114
34
31490
3
5
1
21
9
12
126
66
86
44
173
76
120
36
8
22
1152
65
3
111
71
166
18
47
9
272
3029
2211
328
1553
5136
4
10816
2650
4766
6612
5297
13
2988
1797
1267
1385
2
8082
7
2
3708
958
2940
509
2
4166
9
2
5
1
1427
123472
7741
73
9417
32421
22
26
228
26
73
36
5
54647
816
65
166
7
2
27
57
6
12
55
107
27
11
2:1
2
9
1
11
2
755
41
21089
3093
10208
7980
813
1430
874
188
1101
532
2
3
2:11
28
3
86
10
44
9
31
35
2
3
1
90
4
5
1
40306
64
176
76
24
725
1
75
319
202
24
253
9
21
26
10
18
41
103
102
30
273
49
339
37
36
38
14955
72
1990
9722
2:1
162
1
115
18
10
62
13
62
87
-488514
552
221
53
153
36
76
98
38
42
44
45
71
100
85
89
5
49
81
117
9
106
120
18
49
80
91
16
22
96
368
194
81
46
224
3
410
28
88
35
21
115
312
225
220
19
130
261
133
205
0
106
115
12
62
5
9
67
152
2:53
103
109
4
86
71
87
185
74
288
6
156
140
70
94
32
397
41
2
23
163
8
412
110
10
58
115
37
77
51
167
56
16
98
24
84
106
9
29
288
157
45
99
59
2:8
35
84
0
163
52
36
23
264
238
171
5
49
101
74
23
241
104
121
127
21
45
110
153
276
28
62
31
266
79
28
110
138
5
153
63
144
54
102
11
87
200
30
367
22
37
7
119
0
25
16
34
37
77
50
185
53
24
210
118
95
175
31
10
35
174
6
58
127
28
114
5
93
470
37
439
58
5
43
122
5
118
7
175
74
16
17
6
75
12
7
2:8
3
23
73
7
110
11
5
61
5
38
109
107
31
65
43
7
0
35
57
144
223
2:71
192
395
219
10
52
10
121
10
143
554
891
31
320
97
170
144
27
52
196
6
17
0
24
28
271
28
76
304
159
203
3
146
19
4
35
12
127
5
52
1
177
263
262
451
17
22
252
60
177
49
315
27
115
543
189
32
66
147
16
8
23
308
0
51
12
94
40
33
106
37
57
19
5
14
572
39
54
509
99
2
183
100
10
145
262
71
158
224
44
2
41
277
22
335
13
0
108
22
323
320
32
100
6
119
75
105
54
45
8
85
17
38
17
198
28
31
31381
68
39
155
22
33
12
9
19
87
165
7
1
57
62
1044
144
162
20
198
63
5906
1207
3422
12868
1893
10527
3
790
2041
3663
1764
17
824
1255
489
11604
56
2783
1825
2481
5152
18
4948
0
37
103269
13098
1
3543
0
1736
5981
1
50
51
18107
20078
3596
43
28
2
23
21
121
4
40
37
128
33
5
7239
3760
44356
7
50
102
7
45
151
15
120
81
2
53
6
7
66
675
89
4
71
12861
3480
2357
3
6565
3879
8402
0
5789
825
812
419
854
977
27
5
13
48
2:7
87
3
38
3
55
46
30333
10147
166
120
410
101
172
41
152
47
10
13
422
140
13
0
2
262
0
31
10
1
4
456
24
30
171
12
39
4
20
32
31
14797
226
11815
25
105
135
15
3
45
38
47
17
-488620
198
884
284
22
211
340
275
295
920
226
1344
361
169
302
159
475
18
191
75
22
157
839
262
1043
13
91
5
61
174
453
15
14
788
187
390
298
245
367
355
44
371
608
248
294
581
25
707
570
700
407
258
15
172
22
544
203
0
98
184
209
3
203
167
322
87
69
68
207
238
164
184
220
205
121
695
191
655
236
88
360
602
587
5
601
286
902
30
374
411
34
75
138
57
164
278
3
315
159
115
100
284
248
184
464
119
450
200
411
206
595
128
181
156
857
117
556
442
20
31640
510
63
1055
143
352
22
36
7737
3442
10761
11368
5
11568
3045
2236
8018
73
12261
1473
23762
107397
41902
545
9548
45949
202
169
16
91
858
57
6
47156
7
1
94
2
39
40270
51
617
587
1004
482
513
35
27072
27
6
1421464800
399:0
1
499:0
1
168:0
15
2
18
-8
-10
17
427
-416
-24
353
-327
-20
160
3370
-3539
218
776
70
-1047
30
105
-111
-3
22
-47
475
-419
-34
-38
144
327
-403
-40
-22
2
35
-25
35
-51
26
557
-476
-108
216
2
-167
-47
45
-40
-8
12
-4
905
-890
14
363
-217
-157
-8
-3
-5
176
-83
-90
59
-71
3
51
186
-243
31
363
-382
51
1074
-885
-224
59
229
-276
-14
-19
42
-49
142
-51
1929
-2017
2:3
-9
767
-284
-264
-186
-17
14
-12
377
-327
-18
-50
3
127
-110
13
-9
31
9
-40
-22
353
-315
-40
5
246
-167
-81
-4
8
467
-430
14
11
-55
355
-272
-93
10
87
17
61
-104
6075
-5930
-80
-139
113
-48
-66
724
-129
-570
75030
-74859
7562
-7588
-166
7
53
-55
299
-276
-31
332
-237
-75
774
-771
187
-204
7
653
-665
344
-304
266
-294
2
103
-44
-75
167
-158
2524
-2478
55
581
-688
34705
-32806
-1781
-30
22
-96
15
106
-126
-13
20
786
3043
-3818
59
31417
-31078
-373
37
275
-310
-25
-32
109
-102
309
44
-25
-329
960
-415
-496
-26
6
2902
23808
-26695
5664
-5704
78
227
-312
7
1756
1720
-3421
-27
-35
908
-904
15
-9
-7
3
-2
62
4638
-4699
0
3576
-3571
135
-54
-82
8
12
-31
766
-499
-253
102
1892
-2007
331
-306
-22
60
5
-63
167
-121
-28
-4
-7
50
434
1031
-1375
-125
217
300
1587
-2096
-19
68
5868
-5915
-36
132
-123
102
-95
-4
25
-12
3436
-3434
43
-71
11
-5
18371
-18373
2
14
346
-5
-213
4681
-4748
1110
-1154
-5
-29
-4
137
1279
-1207
-204
71
43
-119
5
184
-171
468
-485
4
35
88
-107
-21
2
144
-114
-11
147
-162
-4
13
3
10
-27
5
6
28
-26
-7
14567
-14471
-69
-15
-14
6
14
6815
-6564
-275
92191
-92191
-2
405
2031
8861
-5447
-5801
70
-95
3150
-2454
-566
-127
40
-27
122
2380
-2538
103
-97
34
193
2079
-2233
-81
352
4467
-4742
190
-186
-34
-12
-37
9
13
20
132
-150
8
72
-105
5830
-5656
3227
-3324
237
-303
4
641
14
157
-686
-142
-5
-7
2:2
-4
6
-2
5
4
-8
2
3
-3
-8
0
2
8
-10
10
-4
-5
5
-6
4
-2
0
1
2
0
-2
2
-1
8
-5
-2
-3
6
2:-4
2:2
-2
10
-11
3
0
3
-1
1
-1
-3
6
0
-3
-2
-1
1
3
-7
5
-4
0
6
-4
-1
9
-10
1
2
-1
2
-5
3
1
-1
7
-7
10
-11
2
-2
1
2:2
1
-6
4
7
-3
4
-10
0
-3
8
-6
8
-10
0
6
2
-6
0
1
-2
10
-7
1
3
-3
6
-11
11
-7
-1
1
0
-4
0
4
2:-1
4
0
-4
1
-1
5
-6
1
-3
6
-1
-3
8
-7
-2
5
0
-5
2
5
-8
9
-7
4
0
2
-3
7
-6
-3
3
2
-7
10
-5
-3
0
1
4
-5
3
0
-5
0
7
4
-11
3
10
-1
-10
5
2
-1
3
-11
4
2
-6
2
5
-8
3
10
-8
2
-1
-5
5
2
-1
6
-11
3
0
5
2
-1
-5
1
-7
5
2
0
-3
1
-2
2
-3
-1
2:3
2
-8
7
2
-9
3:0
2
0
-2
3
9
-10
2:2
-5
-1
2
8
2
-8
8
-9
2:-1
8
-3
-1
3
-8
2
0
10
-4
-5
2:-2
4
-3
4
-1
3
-4
-2
7
2
-7
-2
-1
3
-2
9
-6
-2
3
2:-2
4
3
-2
-1
4
0
-8
9
0
-3
2
0
-4
2:0
8
-11
4
-3
10
-10
2:1
-5
5
-2
3
1
2
-6
-2
2
1
0
-2
11
-7
-6
0
4
-3
6
-6
7
1
4
-8
6
-2
-7
4
-1
0
9
-12
-1
13
-13
4
6
-9
4
0
-5
13
2:-5
1
-1
-2
0
-2
0
1
4
-2
1
-3
2:0
4
-1
-3
0
6
-5
-1
6
-1
0
-2
2:5
-10
-1
-3
9
-6
0
10
-10
3
0
2
-6
11
-5
-2
3
0
-6
5
-1
4
-6
1
0
-2
1
-2
-1
8
3
-7
-2
8
-10
1
-2
0
10
-1
-6
0
-3
2
3
-5
2:0
8
0
2
-10
11
-3
-2
1
-7
12
-12
6
-2
1
-6
2
0
6
2
-9
13
-8
0
-1
1
-1
7
-12
2
8
-8
-2
0
3
-2
0
10
-10
0
12
-2
-10
0
6
0
4
-7
-3
0
11
-6
-3
0
1
3
-1
1
-1
0
-3
8
-3
-1
0
5
-3
-8
3:0
2
9
-8
4
-3
-4
2
-2
0
2
0
-2
3
2:1
-5
4
7
-11
-1
2
0
-2
0
1
0
-1
2
-2
2:0
1
-1
1
-1
2:0
1
0
-1
1
2:0
-1
1
-1
1
0
1
-2
0
2:1
-1
0
1
0
-2
2:0
2:1
3:0
-1
1
0
2:-1
0
1
0
-1
0
1
-1
2
-2
1
3:0
1
3:0
-2
1
0
1
-2
1
-1
2
3:0
2:-1
0
2
-2
2
-2
0
2:1
-2
0
2
2:0
2:-1
1
0
1
-1
0
-1
2
0
2:-1
2
2:-1
0
1
-1
0
2
0
2:-1
2
2:-1
1
0
-1
3:0
1
-1
0
2
-2
1
-1
2:0
2:1
-2
2
0
-2
0
2
3:0
-2
0
1
-1
1
0
-1
1
-1
2
-2
1
-1
2:1
-2
1
-1
2:0
1
-1
2:1
-1
0
1
-1
11
-7
-1
6
-9
1
-1
126
-126
9
-9
36
-32
9
-13
2:3
-4
0
-2
10
-10
4
6
-8
-2
5
-5
0
2:2
2:-2
2:0
14
-14
7
0
-6
0
10
-10
0
1
0
9
-6
4
7
-16
4
2:-2
1
3
-3
0
-1
1
-1
6
-5
-1
1
17
-18
0
6
4
-4
-3
11
-5
-7
1
-2
2
-3
2:0
4
3:0
23
30
-41
-12
-4
0
4
-4
1
3
-4
1
59
-57
4
0
3
-10
0
1
66
-66
0
3
-4
4
10
-9
-1
-2
3
5
25
-32
23
-20
-2
-1
8
2:1
-12
10
2
6
-18
3
5
-6
-1
68
-63
1880
-1882
110
-79
-36
8
-2
1
-3
1
2
-6
18
-15
-4
9
20
-27
1
101
-99
-5
12
2
-7
-3
-2
21
-18
21
-26
37
-29
-3
12
-14
834
-745
-84
-8
2:0
1
11
-6
0
-1
66
-20
-44
-2
313
-318
7
-6
51
-42
-4
-3
18
-21
53
-45
8
-10
125
-21
-99
-9
3
16
777
-788
187
-197
10
11
-15
9
109
615
-718
-14
-3
105
-109
2:0
11
-8
-2
6
211
-218
1
190
-191
19
-5
-14
0
5
0
35
24
-56
34
185
-222
18
-16
-7
9
10
-12
28
-27
-5
-1
-2
4
34
-7
-4
-27
45
17
43
-101
2:-1
381
-381
-2
1
13
37
-49
2
5
-5
1
-4
1
6
-4
2
215
-221
4
2
18
-24
22
968
-985
18
-20
-1
1
-1
10
111
-119
-1
-3
11
-6
3
-3
2
6
-2
-10
20
-18
5
-6
8
47
-42
-8
13
-17
4
-6
6
0
-4
-1
2
7
-11
5
8
4
-16
6
-7
2
1
22
-15
-8
924
-922
6
-10
119
423
676
-1212
2:-2
399
-385
5
-8
-12
2
41
227
-271
70
-59
16
-6
42
-60
-2
157
172
-326
31
-32
10
-9
-4
1
11
2
-6
-8
7
-1
-4
25
-11
52
-64
26
-29
0
9
20
14
78
-122
7:0
2
-2
1
-1
0
1
-1
2:0
2
-2
2
-2
0
1
-1
4:0
1
-1
1
-1
1
39
-40
6:0
1
-1
2:0
1
2:0
-1
1
0
-1
1
-1
4:0
1
-1
3
-3
0
1
-1
0
7
-7
1
-1
8:0
2
-2
2
-2
6:0
3
-3
2
-2
7:0
3
-2
-1
0
1
-1
0
1
-1
7:0
1
0
-1
0
1
0
-1
3:0
1
-1
2:0
1
-1
3
-2
-1
2:0
1
-1
2:0
2
-2
4:0
2
2:-1
3:0
1
0
-1
2
-2
3:0
1
-1
8:0
1
-1
2:0
3
-2
-1
5:0
1
-1
0
1
-1
1
-1
0
1
2
-2
2
-3
1
-1
1
4
0
-5
3:0
1
-1
2:0
3
3:-1
0
3
0
-3
2
3
-5
8:0
2:1
-2
3:0
1
6
-6
2
-1
-2
0
3
-2
0
-1
3:0
4
-4
0
1
-1
3:0
2
3
-5
8:0
4
-4
1
-1
2:0
1
-1
2:0
2
-2
0
3
-3
0
2
0
-2
0
1
0
-1
1
0
2
-3
0
3
-3
3:0
1
2
-3
0
1
-1
2:0
1
0
-1
3:0
1
-1
2:0
2
-2
2
-2
2
-2
3
-3
2
-2
0
1
-1
0
1
-1
0
2:1
3
-5
1
-1
1
-1
6:0
3
-3
2:0
2
-2
6:0
1
0
-1
0
3
-2
-1
0
1
-1
2
0
1
-3
0
1
-1
4
2:-2
1
0
-1
0
2
-1
2
0
-3
1
-1
3:0
3
-3
0
3
-3
3:0
4
-1
-3
2
-2
3:0
1
2:0
-1
8
-8
4
2
-6
2:0
5
-5
2
-2
13
-13
3:0
1
-1
3
-3
7:0
4
-4
2
-2
0
1
-1
0
1
-1
0
2
-2
3:0
2
-2
0
2
5
-4
-3
2:0
2
-1
0
-1
2:0
3
0
-3
0
1
3
-4
4:0
1
-1
1
-1
7:0
1
-1
3:0
4
-4
12:0
1
-1
4:0
1
-1
3:0
1
-1
5:0
1
-1
12:0
1
-1
18:0
1
-1
3:0
1
-1
7:0
1
-1
14:0
1
-1
18:0
1
-1
11:0
1
-1
11:0
1
0
-1
2:0
2
2:-1
5:0
1
-1
12:0
1
end
