v1
923
55
152
536
486
191
663
609
56
22
28
492
843
102
732
393
726
435
194
307
573
63
276
532
179
31
225
349
185
176
280
673
45
210
180
283
39
65
171
431
76
418
388
54
126
213
126
883
32
135
47
743
281
433
210
129
394
275
16
157
219
104
93
46
536
581
88
17
2:19
38
5
69
46
2
17
71
53
6
3
1
118
82
74
45
14
64
35
30
9
103
245
85
343
19
173
120
749
314
33
6
109
7
284
54
262
85
101
41
259
433
427
1
186
126
46
2
83
70
229
41
291
225
995
199
102
460
167
24
344
75
50
980
258
113
152
80
128
126
7
8
147
433
207
402
0
83
20
184
360
52
40
175
70
121
8
11
0
32
452
100
54
47
61
147
88
153
39
20
5
23
193
5
765
189
64
31429
5
22
9
294
40
37
48
88
76
120
36
8
22
1152
68
111
71
166
18
47
3310
2211
328
1553
2387
1377
1376
10816
2650
11378
5310
2988
436
4015
14
11785
958
7626
2
5
1428
123472
1735
6006
73
9417
28772
3585
64
22
11
15
254
20
53
36
5
55350
113
231
7
29
57
6
12
150
12
27
11
4
9
1
13764
3480
4654
3093
18188
2243
1062
665
968
5
53
86
54
40
37
3
1
90
4
5
1
40370
276
725
1
309
68
17
479
9
57
18
41
103
305
525
19
17
38
17017
9723
1
162
102
14
21
69
13
62
5
82
5
-488669
195
45
20
122
100
30
485
39
8
54
126
187
353
143
84
114
10
23
79
123
238
38
82
161
340
81
22
99
77
88
32
26
259
7
148
67
213
17
275
129
19
311
32
74
56
50
6
148
143
180
160
1
102
30
79
76
147
5
440
254
73
161
114
71
345
10
122
85
178
105
91
46
217
37
109
291
14
4
199
21
53
24
0
32
186
257
47
32
48
102
46
93
85
39
264
65
397
31
15
214
40
77
118
38
111
38
215
9
337
91
56
32
92
8
151
25
113
40
309
433
281
35
117
135
62
200
210
175
35
119
318
15
16
55
45
151
132
277
32
81
19
278
8
19
353
25
24
28
50
194
428
146
10
343
50
146
24
2
93
8
15
182
6
27
29
12
113
13
32
76
78
64
19
90
24
64
21
50
52
69
10
34
38
35
19
11
27
144
1
26
9
169
294
45
99
309
102
10
19
98
62
35
86
10
44
79
208
164
42
166
103
13
29
313
35
337
55
31
0
108
119
88
5
97
170
144
27
248
6
31
309
3
2
32
67
69
181
9
521
54
31
20
13
171
41
215
700
215
5
7
10
176
76
60
105
6
109
6
19
158
93
5
379
163
158
169
77
66
110
53
48
136
126
30
146
102
124
95
67
9
8
106
81
2
133
23
125
0
63
427
67
87
77
178
105
10
247
149
11
229
237
31
43
62
142
73
51
227
43
28
8
83
38
345
107
34
69
142
54
42
10
119
75
50
10
59
85
165
100
111
11
3
32
31449
39
122
4
29
53
106
180
8
7
1
189
932
18
81
24
63
357
19
5973
2219
316
1
4827
1797
4115
1001
8685
0
1524
443
4989
3
6494
423
2182
3
2613
1267
7
1378
8084
9
2826
1825
1548
933
985
1012
3146
8
1
16
2
2467
118885
3544
7717
57
41768
101
7
3
18
37
59
61
14
40
54834
781
82
86
107
15
30
58
20
58
20
45
1
19
35
2
1
25
1
725
29
14
18
29
72
0
2
49
3457
4382
17378
9030
3251
4643
899
247
2056
2
1618
204
8
1
16
27
1
99
25
28
8
29
3
75
30359
1513
8491
240
69
90
30
49
231
0
231
172
41
561
223
39
19
140
79
46
312
126
72
17
0
116
44
13
88
53
14775
150
72
11712
165
12
121
5
12
19
1
3
52
76
14
-487628
0
647
184
38
387
840
1074
461
560
594
294
636
132
93
226
175
141
19
288
838
619
483
481
971
234
153
69
272
889
503
502
418
343
255
1059
663
419
1442
449
1
13
234
547
74
52
366
44
270
158
322
58
57
59
1893
621
644
331
2928
38
41
870
35
314
34
2284
230
444
324
528
451
56
521
56
6
47
123
77
15
33
135
31398
14
513
223
1044
11122
11101
11724
13309
3530
20377
174519
308
166
55362
380
12
88
1019
87
13
18644
24555
283
1810
1903
5
272
40168
2001
153
241
54
11
9
15
802
16993
9846
107
19
145
1421265000
299:0
1
499:0
1
122:0
171
-70
134
638
-794
10263
-10107
1025
-1205
245
-240
174
-131
49
-111
273
-204
37
-74
-29
883
-896
-3
13
9
1699
-1348
-363
-12
5
3007
-2992
-18
19
309
-186
-135
1576
-1582
423
202
-629
216
-212
209
221
-36
-396
1
210
-157
-54
66
-23
227
79
-326
-15
107
-113
246
177
-425
438
-426
-13
143
29
975
-1148
10
6
-16
3
103
-88
822
-837
-4
169
-131
1501
-1526
14
139
-86
79
335
-375
-80
40
-65
420
-246
-94
-4
206
127709
-127953
23883
-23920
211
-219
15
62
-23
-38
-1
3
-1
398
-392
374
-378
160
529
-425
-279
90
861
841
-1773
72
224
-175
2048
-1377
-802
19496
-11803
-7687
10
22
-24
-27
3
1350
1571
-2930
1
35049
-34262
-402
-350
0
-18
42
245
-103
-196
111
-61
24
-73
28388
-28169
-7
-103
-94
248
135109
-135338
7587
-7591
461
-455
198
-205
15294
-7772
-7532
1090
-1117
1891
-1738
-46
5895
-5948
125
-150
293
-318
571
-419
-72
25
1727
-1723
1822
-121
-1806
87
543
-508
-73
6
283
-214
721
-452
-400
8
2050
-1071
1617
-2603
2014
-1632
-343
7
42
-70
43
-53
46974
-46968
66
195
-107
138
-173
5331
-5277
-167
-22
293
-266
334
-350
-3
-6
544
3070
-3588
-27
8
5
141
-123
54
-79
1242
-1192
-49
388
672
-1000
75
-14
-119
11
19
3
111
-92
-42
11
-12
6726
-6588
197
-346
174
35864
-25726
-10282
20
-48
650
-556
-84
76
524
-551
34
241
-256
1694
-1481
58737
-59000
57
-82
139
7
-92
261
-237
7893
-7565
320
-737
231
-214
12
-30
728
-725
86
152
-264
3
0
4
-6
2
5
9
-17
3:0
3
-3
4
-2
0
-2
-1
17
-16
15
-15
2
3
-4
9
-10
3
-2
14
-6
-8
3
1
2
13
-19
-1
2
0
7
-1
-8
0
10
-9
2
12
-2
-9
-5
2
8
-10
12
-7
-2
0
-1
2
10
-11
0
-2
-1
2
-2
9
-9
2
-2
1
3
1
6
-11
2:0
3
-3
8
-7
0
2
18
-17
-1
7
-1
-7
19
-19
4
-5
5
-4
8
-8
5
-5
4
-2
-3
0
1
5
-6
0
-1
1
5
3:-2
9
13
-20
-1
13
5
-19
13
-9
-2
-1
3
8
6
-16
2:-1
1
12
-9
-4
1
7
-7
0
2
8
-7
4
8
-13
0
-1
2:3
-5
2
14
-13
2
3
-11
6
-4
8
-2
-7
1
6
-5
16
-18
1
0
1
12
-3
-10
4
-1
-5
14
-13
2
1
-2
-1
2
11
-8
6
-12
13
7
-18
0
1
-3
2
3
2:-1
-3
4
3
-7
1
8
9
-16
-2
14
-11
2:2
9
-4
-9
13
5
-20
4
-4
1
-1
6
12
-9
-10
12
-2
1
-9
-1
3
10
-5
-2
-6
5
10
-12
-3
1
4
-5
4
7
-11
1
2
-3
2:1
-3
1
21
-4
-17
15
-4
-1
0
-10
1
12
-4
-9
3
-4
1
15
-13
2:-1
6
-6
-1
10
-9
10
-11
4
2:1
16
-1
-20
5
-1
-3
5
-6
0
2
0
8
-8
1
-3
0
6
-7
9
-3
-4
-1
7
2
-10
6
-3
7
-10
2
1
4
-4
8
4
-7
-1
-6
11
-8
2:-1
0
-1
5
1
3
-4
-2
3
10
-16
2
0
-1
0
15
5
-22
8
-7
6
-7
1
2
-1
3
-1
-2
0
2
-3
3
-4
7
-4
-1
0
2:-1
2
-1
0
2
10
-5
-1
1
-1
-2
2
4
-4
-6
7
-6
3
5
4
-6
-1
3
-9
1
9
-8
6
-6
-1
6
-6
12
-13
-1
13
-12
21
-9
-2
-10
1
0
1
11
-2
-5
11
-1
-8
1
9
-18
0
5
-3
3
8
0
-5
0
-4
7
-4
0
-6
14
-14
0
2:-1
1
6
-6
17
-2
-15
0
8
-6
14
-17
12
-5
-6
6
10
-13
2:-1
-2
2
5
1
-2
9
-12
17
-6
2:-1
2
-8
-5
-1
1
11
6
-3
-12
0
-2
0
9
-7
18
-4
-14
-3
2:1
16
-17
1
0
12
-1
-13
5
8
-10
-3
9
-8
4
-4
12
-11
6
-7
8
-10
4:0
1
0
-1
0
1
-1
3:0
1
-1
1
0
-1
10:0
1
-1
1
0
-1
0
1
-1
4:0
1
-1
1
-1
2:0
1
2:0
-1
7:0
1
-1
10:0
1
-1
0
1
2:0
-1
0
1
0
-1
2:0
1
2:0
-1
1
-1
4:0
1
0
-1
6:0
1
-1
1
-1
6:0
1
-1
5:0
1
-1
2:0
3:1
5
-4
120
-113
9
-6
-11
-2
1
8
4
-12
6
3
-9
12
-9
-4
4
-4
2
3
19
-23
4
-5
0
3
-2
-1
0
9
-9
0
10
-4
-6
4
-3
22
-20
17
-13
-7
4
2:-2
5
0
-3
-2
11
22
-28
-4
1
-2
3:0
185
-185
1
2:0
39
-40
6
-2
8
-10
-2
2:0
5
-4
15
9
13
-33
3:1
-6
20
-22
8
5
-9
-3
22
-14
-3
70
1825
-1900
107
-108
34
-22
-7
1
-3
2
-4
14
-5
-9
-1
0
10
-6
44
-46
8
-4
17
-23
1
16
-15
22
2
-15
-8
632
-452
-177
-4
10
-10
-1
5
62
-36
-28
-4
528
-471
-57
2
0
3
0
16
-20
0
30
-16
-12
1
190
-74
0
-110
-10
21
1022
-1028
157
-167
8
0
-13
43
182
396
-617
75
-73
126
-131
5
205
-199
10
-22
32
-31
1
41
-30
29
201
-234
49
-50
1
-2
4
25
-33
2:-1
27
1
12
-41
1
65
-12
53
-102
-1
8
-8
23
-22
0
-5
5
316
-321
2
41
-41
-2
20
573
-593
0
1
10
-9
-1
3
-3
3
8
140
-151
2
7
-2
-4
12
-7
7
-16
20
-18
7
22
0
-18
-11
2
4
-2
1
4
-1
-6
4
-7
8
-5
8
-5
60
1386
-741
-710
0
3
141
-123
-22
35
115
-142
-7
123
-117
23
131
628
-787
27
-30
12
-4
9
7
-18
36
-23
-1
-17
29
-30
3
-1
31
-30
64
-59
-8
0
4
-4
8:0
2
-1
0
-1
4:0
2
2:-1
3:0
1
-1
33
-33
2
2:-1
2:0
1
-1
2
-2
3:0
2
-2
4:0
2
-2
5:0
3
-2
-1
0
1
-1
3:0
1
-1
0
1
0
-1
2:0
2
-2
0
2
-2
4:0
1
-1
2:0
2
-2
2:0
2
-2
1
-1
4
-4
1
2:0
-1
7:0
1
-1
8:0
1
-1
0
2
-2
0
1
-1
3:0
2
-2
0
1
-1
0
1
-1
2:0
4
-4
2:0
5
-5
6:0
1
-1
0
3
-3
1
-1
0
1
0
-1
3:0
6
-6
1
-1
0
1
-1
4
-4
0
2
2:-1
3
-3
0
1
-1
0
1
0
-1
5
-5
2:1
-2
5:0
2:1
-2
0
1
-1
0
2
-2
1
-1
2
-2
0
3
-3
1
-1
2
6
-8
2:0
2
0
-2
0
1
-1
3
-2
1
-1
0
3
0
-3
-1
1
-1
1
-1
2:0
1
-1
1
4
-5
0
2
-2
0
2
-2
0
2
-2
0
1
-1
4
0
-4
1
0
1
-2
4:0
2
-2
0
1
0
-1
3
-2
0
-1
0
1
-1
5
-5
0
6
2
-8
2
1
0
-3
0
2
-2
1
-1
0
2
-2
0
1
-1
0
1
-1
1
0
2:1
-3
2:0
1
0
1
0
3
-5
0
2
0
-2
2
2:-1
1
-1
5
-3
-2
0
5
-5
0
2
-2
0
2
2:-1
3
-3
1
-1
1
0
-1
4:0
2
-2
1
-1
4:0
1
-1
4:0
5
-5
1
0
1
0
-1
2:0
-1
15
-15
4
2:-1
0
3
1
-6
1
2
-3
0
2
-2
2
-1
0
-1
0
2
-1
0
1
4
-6
2:0
3:1
-3
1
9
-10
3
-3
4:0
1
-1
7
-5
3
-4
0
7
-5
-3
6:0
3
-2
1
0
-2
0
2
-1
3
-4
0
1
-1
0
1
-1
6:0
4
0
-4
5
0
1
-3
1
-4
3:0
3
7
-6
-4
4:0
1
-1
1
-1
3:0
3
-3
6:0
1
-1
3:0
2
-2
4:0
5
-5
13:0
1
-1
3:0
2
-2
7:0
1
-1
25:0
1
-1
7:0
1
-1
7:0
1
-1
2:0
1
-1
10:0
3
-3
3:0
1
-1
2:0
1
-1
6:0
2
-2
2:0
1
0
-1
10:0
end
