v1
1054
207
456
3
77
486
191
48
353
143
119
609
56
22
28
653
90
82
612
432
148
152
130
29
232
277
340
68
43
425
204
307
573
915
135
31
162
63
534
20
242
422
203
497
357
75
31
275
431
117
377
442
339
126
1173
667
402
644
7
394
275
16
157
219
197
177
60
345
109
472
60
12
71
25
10
8
19
49
66
134
118
73
9
74
123
35
30
95
17
54
191
85
362
173
120
225
211
15
298
1
303
10
33
6
116
284
54
121
141
85
101
128
172
433
527
213
48
66
17
70
229
41
423
85
1003
301
460
167
368
75
50
6
1003
229
33
232
46
162
126
15
132
15
433
692
20
86
98
415
37
175
70
121
8
11
32
552
40
14
47
61
6
141
88
153
59
5
20
3
198
205
497
63
189
31493
5
22
9
237
97
85
88
76
120
36
8
22
1152
68
111
71
166
18
3357
2211
328
1553
3073
2067
10816
2650
4766
6612
5310
2988
436
2628
1385
2
11799
958
7617
11
6
1427
119927
3545
7741
73
4
9413
32443
389
5
55378
85
74
157
36
57
6
12
162
27
10
3
2
9
1
11
757
14
47
135
16280
4654
3093
10208
7980
2243
1062
1431
202
10
1
47
86
54
40
37
3
1
90
4
5
1
40306
64
176
825
1
309
68
17
479
9
57
18
144
78
15
39
273
331
113
17
38
30
16987
9723
1
143
19
1
115
16
74
13
62
5
37
45
-488424
399
453
6
31
74
21
115
98
593
47
28
195
108
169
52
23
126
13
481
8
75
123
412
16
177
22
213
297
22
464
28
102
72
455
136
236
334
216
19
5
220
122
79
48
190
36
72
130
172
43
0
10
122
49
64
26
98
222
79
125
54
42
65
9
29
6
309
68
32
145
95
73
16
12
0
39
229
142
44
4
45
43
17
43
31
6
141
49
61
92
166
397
46
33
298
135
170
150
0
74
23
241
641
67
108
169
5
14
219
481
152
64
0
24
18
128
7
104
117
120
25
55
153
49
42
30
131
202
43
2
354
53
24
108
191
158
295
87
151
77
371
83
24
28
70
5
237
625
73
72
99
0
4
6
26
1
24
50
6
19
31
28
1
8
14
12
31
46
2
23
101
10
11
2
17
90
1
6
0
72
84
17
31
5
2:14
3
18
59
20
53
19
153
29
220
74
349
63
537
35
86
133
39
169
103
101
109
162
42
498
381
207
5
411
79
196
6
17
14
309
3
2
31
734
149
70
169
15
1
40
950
7
16
157
22
252
60
111
109
26
42
115
202
275
160
118
289
66
119
44
23
8
0
25
106
195
33
12
94
40
44
42
53
19
113
76
195
2
156
80
45
96
167
294
162
2
81
2:59
331
115
48
4
59
441
31
12
23
22
159
124
22
16
317
34
38
452
89
3
11
42
196
0
10
29
73
142
10
1
58
40
4
41
29
18
46
55
117
20
7
8
91
31449
31
16
145
4
19
60
3
14
67
24
120
76
1192
29
7
3
77
4
178
90
43
42
19
78
44
8070
1707
17
5217
3794
320
1002
1
12767
2876
790
2041
0
4086
2182
3
1741
872
2668
8064
4
9
1
4
2821
1825
22
2459
985
1012
0
3146
17
8
2
5479
102775
16642
1736
6032
5177
36698
7
3
18
25
12
99
21
10
4
2
38
61
12
1
19
0
72
38
54631
0
703
78
43
125
8
97
2
45
10
28
20
158
41
0
1
9
2
15
17
716
149
3514
12245
2947
6568
6596
5685
5304
238
247
825
1231
143
711
436
534
3
4
7
38
1
47
5
68
2:3
22
4
40
75
40044
408
116
4
100
31
89
650
33
250
52
138
110
24
42
0
69
267
192
13
203
213
102
0
210
23
59
14794
3
84
138
11712
151
67
97
72
3
83
55
-488540
33
47
327
80
316
61
5
76
66
33
11
658
20
135
3
123
226
113
201
4
541
23
360
43
682
18
629
533
208
154
74
435
53
22
245
153
21
191
58
177
599
55
101
15
137
113
297
215
289
22
520
5
50
280
296
235
87
383
224
92
180
114
23
283
56
376
488
45
134
199
254
474
606
19
175
4
84
26
552
41
55
87
382
168
144
221
162
280
18
483
178
742
116
79
151
145
3
27
85
147
97
99
156
28
86
65
154
143
39
40
136
24
377
210
44
138
83
157
117
466
61
552
392
197
61
190
341
52
222
21
75
459
42
19
271
29
374
7
232
505
162
285
212
188
222
931
322
309
17
331
1
208
21
143
57
23
628
57
328
265
190
167
195
75
733
169
391
63
96
483
11
13
310
33
431
56
15
33
120
31541
190
1
116
188
8
57
132
974
521
3
9
109
11171
16395
14699
3859
4020
8038
13
5
29
2:1
4685
4471
3120
14
174581
28
68
227
9
7319
3760
25036
19336
32
91
223
125
91
809
49
36
4
43329
283
3707
6
5
15
116
27
56
120
40709
958
31
310
188
64
22
242
51
210
338
134
13
32
17083
10045
5
169
1421011200
299:0
1
499:0
1
253:0
65
-31
2:8
-4
1009
-763
-261
464
6611
-6594
13953
-14292
143
-257
155
-139
416
395
-429
146
-551
51
16
-85
1698
-1664
-14
-17
68
-61
318
1254
-1580
28
-23
836
-669
-139
-9
591
-448
-167
28408
-28413
104
387
-297
-191
82
-14
492
147
-698
30
49
-83
15504
-14102
-1346
659
-629
104
275
-388
-79
408
-367
-32
-4
1629
-728
-873
42
-49
-24
108
16
-18
-47
-19
1198
-1128
-108
89
315
-405
22
-21
275
-230
123
464
-492
-97
38
17
448
-553
1675
143341
-144776
12133
-12036
-336
13
-3
10
66
455
-460
25
-96
7
109
509
-561
1
-72
65
2629
-2681
-11
54
85
2113
-1085
49186
-39861
-9858
-617
-22
126
-129
127
-19
3005
-2445
757
-1287
124505
-123876
-766
589
-510
1574
-1411
-75
-91
3747
-3558
8200
-7977
-460
3550
-2425
62560
-63644
68795
-68843
43
511
-550
4
3036
-3040
10494
-10097
-397
-27
63
2261
-2211
10270
-10190
-44
-144
346
-347
179
-102
341
1328
-1682
1016
-996
-45
338
-378
153
-131
119
51
1326
4481
-5996
1285
-611
3773
-4332
-93
9688
-9356
-313
-37
105
131
-234
5
122
49743
-49881
179
-152
197
67
-148
214
6005
2362
-8357
567
-897
-32
18
12
397
-428
349
-345
61
-63
-5
40
231
536
-769
95
55
-185
38
353
-381
8
80
0
-64
54
-63
170
1084
-1283
0
397
-307
130
-208
1915
38509
-34426
-5989
-4
61
681
-576
-3
-148
325
601
-543
1213
-1500
93
3045
-2517
6653
-7281
-11
188
-7
-288
4
56
67
54
-163
51
5833
-5772
38914
-38408
-607
296
73
-307
-76
532
-541
20
294
-326
-27
1
3
-3
20
4
-23
2
-4
1
7
1
18
-25
5
-5
-2
2
6
1
-9
7
-2
22
-26
0
4
-4
2:1
-1
1
14
-12
-3
-2
28
-24
2
4
-5
7
6
-13
-3
-1
0
8
-9
1
0
8
3
-11
1
3
-5
1
3
2:9
-19
-1
25
-27
29
-20
-4
1
-3
3
-4
10
-9
-3
0
2
2:-1
12
-11
-1
3
12
-12
-1
18
-11
-2
2:-3
18
-1
11
-22
-5
10
-4
18
-17
-8
-1
2
11
2:-5
7
8
-15
-1
14
-14
-1
0
17
5
2
-20
1
-6
6
-5
-1
0
6
-5
28
-21
-5
10
2
-9
15
-18
19
-21
1
0
2:1
-2
-1
20
-19
2:-1
24
-22
4
-6
2:1
13
9
-24
2
-1
15
6
-22
24
2:-8
-6
-2
22
-19
9
-9
0
2
-4
14
8
-13
-5
12
-14
-3
5
-4
2
-3
27
1
-20
-8
2
21
-17
7
-8
1
-4
6
0
12
-20
10
-4
-5
0
-1
4
9
-9
-4
4
-3
7
4
10
-2
-17
-3
0
5
0
8
-11
11
-10
2:8
-9
1
-11
8
-8
13
-12
2
-1
6
-6
-2
8
16
-7
-14
-1
4
-5
4
7
0
-6
-5
-1
22
-17
8
2
-11
0
-4
8
-5
7
6
-16
21
-15
4
-6
-3
6
12
-17
-1
0
3
0
1
-2
4
22
-26
-3
0
17
-17
6
-6
4
1
-5
6
-5
3
4
-4
25
-29
16
-4
8
1
-15
-6
1
2:0
5
-6
4
0
2
-4
0
2
-4
4
0
23
-22
-2
16
-17
0
3
-1
2
-3
0
15
4
-22
2
20
-16
6
-10
17
8
-27
1
-1
2:1
5
-6
28
-25
-3
11
-12
0
8
-7
1
14
12
-14
-12
2:0
2:1
-3
0
9
-10
8
-4
2:1
-2
1
-5
9
-9
18
-6
-9
14
-13
15
-10
7
12
0
-28
5
11
-14
12
-14
11
-1
-9
21
-22
7
13
-16
-3
1
16
-15
11
-12
26
-25
12
-3
-7
11
3
2:-5
13
-17
23
-23
18
-10
2:-6
5
2
6
1
-1
2:-7
9
6
-15
1
0
4
-3
8
16
-26
21
-19
4
2:-1
12
-8
-2
8
4
8
-10
-6
-3
-7
1
-1
1
-1
2
4
-6
6
15
-16
9
-10
-2
2
6
-8
9
14
-22
20
-21
14
-7
-9
1
3
23
-18
6
-8
2
-8
-1
10
-2
-7
7
11
-10
-1
1
-2
-7
2:0
2
-1
0
-2
2:0
-1
1
0
-1
1
-1
2:0
1
0
-1
1
-1
0
1
-1
1
0
1
-2
1
-1
0
1
-1
1
-1
1
-1
3:0
1
5:0
-1
1
3:0
-1
1
-1
0
2:1
2:0
-1
0
-1
1
-1
2:0
1
-1
2:1
-2
0
1
-1
1
-1
0
1
-1
2:1
0
-1
2:0
1
-1
4:0
1
2:-1
2:0
2
-1
0
1
-1
0
-1
1
0
-1
2:0
1
0
1
-1
0
-1
3:0
1
4:0
-1
1
2:0
1
-2
1
0
-1
2
-1
0
-1
1
6:0
-1
1
-1
1
-1
0
1
10:0
-1
1
2:0
-1
1
3:0
-1
1
2:0
-1
1
-1
1
0
-1
2:0
1
-1
0
1
-1
2:0
1
-1
1
2:0
-1
1
-1
2
-2
2:1
0
-2
1
2:0
-1
0
1
-1
2
0
-2
2
-2
1
0
-1
1
-1
1
3:0
-1
2:1
-1
1
-1
1
-1
0
-1
1
-1
0
1
-1
0
1
-1
1
0
-1
1
-1
1
10:0
-1
1
0
1
2:0
3
5
-4
6
-8
4
136
-129
0
6
-15
0
-4
7
9
-16
0
10
-10
2
-2
3
-2
-1
3
-3
1
10
-4
-5
-1
2
-3
26
-6
-18
5
-7
5
2:-2
-1
7
8
-4
-8
5
3
8
-15
-3
9
-9
4
3
43
-32
-10
-8
0
-1
1
-1
173
-171
-2
9
-7
68
-64
-6
15
-15
2
1
23
1
-22
46
-40
-2
-6
16
-15
7
-11
18
-14
13
0
-11
2
-8
0
75
-75
15
1589
-1600
125
-86
-36
-2
1
3
-3
5
-8
25
-13
-15
23
38
-59
1
6
5
17
-23
-5
12
13
0
-12
851
-721
-136
-9
0
11
-5
-3
-4
82
-39
-40
-3
453
-392
-54
-2
-5
50
-46
35
-31
3
-6
223
-63
-158
15
-22
1053
-1041
101
-112
6
13
-15
28
101
-122
765
-672
-99
0
3
196
-199
261
-249
-3
-10
27
-29
65
-55
27
241
-270
50
-47
2
5
-8
40
-48
3
39
-8
9
-47
71
-8
31
-90
1
-1
3
-2
-6
11
47
-54
-1
4
316
-318
-1
1
31
-36
18
-18
798
-789
3
70
-79
-1
11
-2
-7
13
-4
8
6
-23
12
-4
55
-19
-34
0
-7
-5
0
-1
5
9
-6
-3
2:2
-4
-6
8
-5
-1
9
-9
-2
15
137
1181
-262
-1065
2:0
162
-153
16
-13
29
131
-174
-3
21
-3
29
179
325
-511
-38
0
14
-12
-1
2
9
12
-27
3
31
-21
-11
29
-29
25
-27
10
0
40
-47
-3
133
-128
-5
3:0
1
2
-3
1
-1
0
1
-1
3:0
3
-3
9:0
2
2:-1
0
1
-1
2
2:-1
0
6
-5
-1
0
5
-5
7:0
3
0
-3
1
-1
1
0
-1
3:0
5
-1
-4
2:0
2
2:-1
8:0
1
-1
6:0
1
-1
7
-7
6:0
1
-1
3:1
-1
-2
5:0
4
-4
2:0
2
-1
0
-1
4
-3
4
-5
2:0
2:1
-2
2:0
1
-1
2
1
-2
0
2:1
-2
2:0
-1
0
1
-1
3:0
1
-1
0
3
-3
1
0
-1
0
1
5
-6
1
-1
1
0
-1
0
2
-2
1
-1
5
-3
16
-16
-2
0
1
-1
2
0
-1
0
-1
5:0
7
-4
-2
0
-1
6
-6
0
3
-3
2
-2
2
3
-5
2:2
-4
1
-1
4:0
4
-4
0
2
3
-3
3
-5
0
5
-5
2
2:-1
3
-3
3
-3
7
-7
0
2:1
-1
0
-1
5
-5
0
3
1
0
-4
4:0
3
-3
3
2:-1
5
-6
1
3:0
-1
3
-2
0
1
-1
3
2:-2
3
-2
3
8
-11
-1
1
-1
0
1
0
-1
7
-7
0
2:1
-2
3:0
1
0
-1
0
2
0
-2
1
-1
2:1
4
-5
0
-1
0
1
0
2
-3
0
3
-3
0
6
-5
-1
3
-2
4
-5
2
9
-11
2:0
2
-2
1
-1
6
-6
2:0
8
-7
0
-1
0
3
-3
0
2
-2
1
-1
1
13
-14
0
2
-2
2:0
2
2:-1
0
1
0
-1
0
6
-5
2:0
-1
2:0
5
-3
1
-3
0
5
-3
-2
7
-4
-3
11
-11
1
0
2:2
0
-3
-2
0
4
2:-2
0
2
0
2:-1
0
4
-4
1
-1
4
-4
3
-3
6
-6
2:0
2:2
2:0
-3
12
-12
2
-3
4
2:2
-8
2:0
1
7
0
-6
-1
2
-1
-2
1
-1
1
-1
2:1
-2
2:0
2:1
-2
2
1
-3
4
2:-1
-2
2:0
1
-1
1
-1
2:0
2
-2
3
2
-5
3:0
2
-2
2:0
6
-6
0
1
8
-6
-3
0
1
2
3
-5
1
-2
2:0
10
-8
-2
1
0
-1
0
3
-2
-1
3
-3
1
0
-1
2:0
1
0
-1
14:0
1
-1
73:0
1
-1
2:0
1
-1
4:0
2:1
-2
19:0
1
-1
10:0
1
-1
11:0
1
-1
2:0
1
-1
7:0
1
-1
4:0
1
-1
6:0
1
-1
2:0
2:1
-2
3:0
1
-1
7:0
1
-1
2:0
3
-3
5
-5
17:0
4
-4
5:0
2
-2
12:0
3
-3
7:0
3
-3
end
