v1
955
297
446
381
105
191
663
141
468
56
50
277
215
168
72
705
140
440
152
191
202
36
96
323
706
501
160
18
395
70
113
340
348
44
391
239
52
58
177
8
519
127
9
232
85
765
110
275
431
494
442
339
69
57
915
128
7
366
424
452
229
33
255
478
275
16
4
372
197
582
34
547
31
29
28
55
25
18
19
6
2
11
224
6
118
82
10
64
59
64
65
95
17
127
118
85
289
73
173
120
639
110
28
276
10
33
6
116
338
121
35
106
20
65
142
259
151
282
404
37
299
15
33
153
229
41
509
1002
192
109
83
377
165
2
24
344
75
50
325
913
33
80
232
128
126
15
147
433
447
449
452
175
70
121
8
11
32
552
54
47
61
147
88
153
59
5
20
3
104
89
5
151
54
497
218
34
31493
5
22
9
208
126
173
76
120
36
8
22
1043
109
68
111
63
8
166
16
2
47
3310
2211
328
1553
5140
10816
2650
4766
5782
830
5310
2988
4449
2
0
8096
2821
882
958
2940
4669
17
2
1433
21
123451
7741
73
9417
32443
389
5
54647
890
157
7
29
63
12
17
145
37
1
12
2:1
11
17233
7747
18188
2243
456
1271
968
5
53
44
42
54
77
3
1
90
4
5
1
40370
176
100
126
599
1
309
68
17
202
275
2
9
57
18
41
103
132
623
94
17
38
14945
2072
9723
1
162
102
14
18
12
28
32
2
73
87
5
-488671
96
433
697
187
26
30
292
99
49
66
132
0
235
238
0
74
61
127
19
340
156
39
113
59
32
575
63
89
285
27
67
365
18
37
51
11
19
26
50
58
64
175
451
34
35
32
76
474
19
62
37
33
447
144
49
13
148
401
152
41
206
156
31
46
437
23
105
192
218
194
142
86
67
32
11
68
267
45
101
109
384
15
426
205
155
266
361
84
98
142
28
45
94
108
69
266
200
433
64
363
35
106
69
444
233
5
114
152
66
17
409
7
63
38
17
132
48
2
35
174
191
78
64
65
258
0
182
148
12
39
44
97
145
67
222
116
7
175
6
40
61
6
67
25
27
17
7
1
46
2
3
131
13
3
104
69
19
41
30
21
36
28
21
11
48
5
33
35
19
44
11
45
14
7
25
582
97
287
144
0
9
150
10
35
16
124
252
35
49
426
81
99
602
28
111
207
102
170
144
27
254
17
154
23
146
104
17
763
85
8
12
59
116
9
1039
132
22
176
247
177
52
119
37
187
79
608
143
154
9
30
18
291
157
40
6
38
132
57
114
197
58
223
96
661
45
20
82
347
115
52
310
190
43
23
3
178
73
51
38
254
43
60
587
97
151
255
58
40
155
21
245
15
0
31
31449
0
161
33
53
14
67
117
103
1220
92
178
133
10663
9647
15644
2831
8012
3530
10
8077
48
7084
5144
6
17
1
4950
116404
1
5279
5981
41926
7
3
20
28
7
134
40
73
20
53
55419
50
35
133
107
45
10
12
16
1
71
136
12
1
25
1
725
29
14
46
130
6
20934
4271
9030
8793
247
2056
189
1101
330
204
9
16
27
2
51
100
31
9
21
54
42
30317
1513
8491
309
7
113
683
250
324
264
40
145
79
5
4
22
5
6
0
13
216
87
331
89
5
51
14825
3
222
11712
165
0
218
67
60
65
2
4
10
-488409
152
16
258
939
85
89
706
57
82
853
31
24
19
21
244
118
97
165
36
29
713
100
415
331
157
144
372
357
119
57
1
35
155
482
164
11
459
300
584
54
209
12
95
29
348
410
94
109
314
44
236
235
185
132
140
84
183
509
19
280
105
168
262
299
143
437
112
265
202
405
43
310
262
93
265
518
264
655
147
158
219
374
111
15
54
68
7
2:70
107
383
459
33
205
674
8
183
273
352
95
69
497
20
1
164
27
131
1381
6
561
580
47
400
524
636
189
207
691
166
265
358
97
84
48
14
21
19
158
26
18
352
94
119
122
362
241
2
199
84
66
191
231
5
504
259
51
405
72
335
10
472
158
88
19
140
59
71
36
104
31435
15
166
136
96
13
23
124
41
127
7
1037
144
357
96
46
285
3035
2207
4249
1394
3840
29445
414
3
3041
830
9
1382
18
8047
29
19
4
8094
2
1012
3155
18
121353
3543
46004
2624
983
60
15
83
30
130
67
78
11
10999
44582
358
54
776
34
162
3447
4382
28412
8677
370
1903
5
124
24
1
13
38
40222
605
117
653
104
161
28
106
162
83
175
288
212
548
49
60
14897
69
5
11855
6
26
43
352
1421961600
299:0
1
399:0
1
254:0
45
289
-306
71
-48
5571
-5592
239
1726
-1470
-262
-202
-12
57
16
-81
28
260
-44
2942
-3202
4
11
122
-95
-7
-28
4
54
-11
129
1369
-1544
1015
-907
-99
-9
86
-37
-52
1
626
-338
-218
-73
124
696
-767
-35
78
106
-185
400
-373
-28
-19
817
-788
118
-121
152
-123
560
-558
-50
112
-100
450
-162
-307
16
-8
362
-366
1052
-1053
11
-6
102
881
-990
18
219
-122
973
-1059
45
56
33
192
-350
2
225
-131
-93
272
-98
255
-319
-104
1187
-1196
3085
359014
-362091
27378
-27155
-219
-9
649
-608
41
272
-358
8
-11
88
-84
6
11
24
420
-466
212
359
-202
-267
351
-360
-84
2696
-2483
-126
-84
16068
-4901
-11114
56
-78
-23
-3
3
1753
-525
-1177
66716
-66512
-266
592
-487
461
-528
-9
6191
-5811
-316
97
139642
-139730
5287
-5354
138
-168
8
6662
-6605
4508
-4363
-153
190
2:-128
-5
13
1376
2114
2521
-5826
-105
-41
2310
-2179
-83
56
3423
-3461
62
-92
-73
-6
59
-46
-14
43
-42
6
-10
105
-8
1462
-752
-143
-252
4643
-5053
28
1542
-1541
100
-110
8
-6
1305
-1323
7
11
51
-80
10
46887
-46869
11
36
346
-322
9483
-9043
-352
3079
-2536
-727
178
-177
55
14
-56
1885
-1800
-89
-10
2
76
121
-13
-155
1029
-1000
188
101
512
-846
1
23154
-23167
138
47501
-47101
16782
-12232
-5085
0
24
969
-967
-11
8
117
103
473
-705
0
228
-245
198
229
1103
-1308
9166
-9387
76
-46
96
226
-265
344
-318
-26
1945
-1772
483
-739
205
-173
-40
0
94
-15
276
-180
463
-646
-13
19
-14
0
8
-14
0
12
-7
2:-2
1
16
-10
3
-8
13
-12
-3
12
-11
4
5
-11
10
-7
9
-8
-3
-1
2
1
-2
7
-7
1
8
-9
3
18
-12
-4
-1
-4
5
13
-16
3
6
-1
-6
3
-2
1
-7
2
-2
7
-6
6
1
-4
3
-5
6
0
-7
4
3
-1
10
-12
-5
4
10
-5
1
-10
2
9
-3
7
-12
-3
5
-5
1
-1
0
1
-1
2
16
-10
7
-13
8
-10
0
2
7
-3
6
-4
-5
7
-7
-2
0
1
3
9
0
-14
6
-6
0
3
-1
15
-8
4
-2
-8
-2
1
-2
15
-15
16
-6
-4
3
-3
2
11
-9
-5
13
-18
5
-1
-4
2
9
10
-21
6
-1
12
-5
5
-9
-5
2
-4
3
2
0
-6
8
0
-6
6
-5
-2
2:6
-11
0
19
-21
3
0
2:-1
3
8
-10
0
13
-14
-1
5
-5
0
2
5
-7
3
-2
5
-5
1
3
1
-5
1
-1
2
4
-5
0
-2
3
1
2
1
-7
4
1
-1
6
-10
2
10
0
-11
4
-4
10
-4
0
-3
-4
3
2
9
-13
4
0
-3
2
12
-11
0
-1
-3
14
-11
-2
2
-4
0
1
9
1
-9
-2
17
2:-3
-8
-2
2:3
-4
-1
9
-8
6
-7
8
-6
3
1
0
8
0
-3
-5
-6
-1
4
-3
-1
0
-1
1
-1
5
7
-7
-3
3
-2
6
-9
1
6
10
-12
-5
4
8
7
-7
-6
-4
5
-5
11
-8
1
4
-1
8
-15
13
-13
11
1
-6
-8
12
0
-12
2:3
14
-20
17
-17
0
2
4
10
-10
12
-11
7
-2
-3
-6
9
-10
-1
8
-5
10
-9
2:0
1
10
4
-13
-7
1
15
2:-5
-1
-4
0
19
-16
15
-10
-8
3
7
8
-15
-1
-3
12
-10
6
-7
0
10
-6
-4
13
2:-6
8
1
-9
-2
14
-6
-7
4
14
-13
2:-2
8
0
-3
9
4
-20
10
-9
-1
7
-8
-1
1
0
-1
0
-1
1
-1
2:0
2:1
0
-1
0
-1
2
2:-1
2
-1
3:0
-1
2
4:0
-2
1
-1
2
2:-1
1
-1
2:1
0
-2
2
0
2:-1
2:1
-2
2:1
0
-1
1
2:0
-2
0
1
-1
4:0
2
-1
1
-2
2
-1
1
0
2:-1
0
1
0
-1
1
0
-1
2:1
-2
2:1
2:0
2:-1
1
0
-1
2
-2
2
2:0
-1
1
-2
0
1
2:0
2:1
-2
0
1
2:-1
2
3:0
-1
2:0
1
-2
2:1
-2
2
-2
1
-1
2
2:0
-2
1
-1
2
0
2:-1
1
-1
2:1
-2
0
1
0
1
-2
2
-2
1
-1
2
-2
2
-1
1
0
2:-1
0
2
-1
0
-1
2:0
1
-1
1
0
1
-1
1
-1
0
1
-1
0
2
-2
1
2:-1
0
2
2:-1
1
0
1
-2
1
-1
2:1
-1
1
0
-2
1
-1
1
2:0
-1
1
-1
2:0
2
-1
0
2
-3
2:1
-2
1
3:0
-1
1
-1
2
-2
2
0
-1
4:0
-1
2
-1
2:0
1
0
-1
0
-1
1
3:0
1
-2
1
0
1
-1
1
4
-4
6
-4
119
-121
15
-3
-9
-2
-1
38
-38
20
-19
1
10
-12
221
-221
0
2
7
0
-9
1
4
-5
3:0
1
23
-24
0
2
-2
11
-8
-2
0
1
2
0
3
13
-10
-5
11
4
-15
-1
1
-4
1
-1
4
-5
0
1
-1
35
-26
-6
-3
4
-3
162
-163
0
5
1
-5
40
-39
6
-7
-1
2
3
-5
16
19
14
-49
9
0
1
7
-14
7
-7
7
-9
-1
22
-12
-8
2
79
-83
13
2014
-2025
86
-55
-31
7
-9
3
-3
6
-6
14
-11
14
-15
2:4
-5
54
-45
-2
8
-20
17
-17
20
-16
28
-26
5
-7
627
-506
-116
-8
8
1
-9
3
69
-38
-32
484
-437
-50
33
11
-31
-8
-2
209
-110
-91
6
904
-905
151
-160
9
-11
29
219
-246
599
-599
-1
86
-88
-3
6
-1
87
-86
195
-188
0
-14
41
11
-39
34
226
-260
24
-37
2
5
6
-13
9
31
-40
6
-4
4
27
2
0
20
-9
48
-91
0
10
-7
2
8
19
0
-33
0
4
-6
2:1
0
257
-255
2
16
-21
18
819
-828
3
124
-131
8
2
-9
-4
0
14
-16
24
-16
-5
-1
29
-12
-8
-10
5
-2
12
-17
52
-46
-2
7
-11
3
607
-503
993
-287
-810
-2
3
146
-136
-7
-5
1
42
116
-153
-7
61
-56
-5
10
23
119
454
-606
29
-6
-15
-1
3
15
-7
-16
24
-6
15
-36
29
-28
-1
0
4
27
-9
61
-78
-4
-1
2:0
2
2:-1
2:0
3
-3
2:0
1
2:0
-1
9
-9
3:0
2
-2
2
-2
0
1
2:0
1
-2
2:0
1
-1
1
-1
4:0
1
-1
0
1
2
-3
3:0
1
-1
5:0
3
-3
0
1
0
2
-3
0
2
-2
2:1
-1
1
-2
2:0
1
-1
3
-2
-1
0
4
-4
4:0
2
2:-1
7:0
1
-1
4:0
1
-1
1
0
-1
0
1
4
-3
4
-6
0
1
-1
0
2
-2
2
-2
4
-3
-1
5:0
2
-2
0
1
-1
0
2
2:-1
3
-3
4
2:-2
1
-1
6
-5
4
7
-8
-2
-1
0
1
2:-1
3
-3
2
-2
5
-3
-2
2:0
1
0
1
2:-1
10
-10
3:0
2:1
-2
2:0
2
-2
1
0
-1
2:0
2
-2
2:0
3
-2
1
-1
2
0
-2
2:0
2
-2
-1
0
2:1
0
3
-3
-1
3
-4
1
0
-1
0
2
-2
1
0
-1
2
1
-2
-1
2
-2
4:0
1
-1
0
7
-7
1
0
2:3
-7
3
-3
0
3
0
-1
-2
0
3
-3
2
-1
0
-1
1
0
2
-3
2
-2
0
1
-1
1
0
7
-6
4
-4
0
-2
0
1
-1
0
1
0
3
2:-2
0
2
-2
0
1
-1
1
-1
1
-1
3
-3
1
5
-6
4
2:-2
1
-1
1
2
-3
1
0
-1
1
-1
1
0
1
2
-3
-1
1
3
-4
2
0
-2
12
-9
-3
1
-1
9
-9
3
1
4
-6
-2
8
0
-8
3:0
7
-6
3
-3
2
1
0
-4
0
1
2
-1
-2
1
-1
1
8
-4
-5
5
-5
0
4
5
-9
2:0
3
-3
3
-3
0
4
-1
-3
0
2
-2
2
0
-2
0
2
0
3
0
-3
-1
1
-2
3
-3
0
5
-4
-1
2
-2
11:0
1
-1
17:0
2
2:-1
19:0
1
-1
1
-1
1
-1
15:0
1
-1
2:0
1
-1
5:0
1
-1
1
-1
1
-1
3:0
1
-1
13:0
1
0
-1
6:0
2
-2
1
-1
0
1
-1
5:0
1
-1
30:0
1
-1
15:0
1
-1
9:0
1
-1
2:0
2
-2
5:0
1
-1
10:0
1
-1
7:0
1
0
-1
2:0
2
-2
8:0
1
-1
6:0
1
-1
7:0
1
-1
2:0
end
