v1
966
503
160
209
252
105
52
89
50
48
8
124
430
18
35
126
15
411
57
17
39
7
15
146
535
172
340
158
114
140
56
536
391
2
132
297
21
5
136
24
111
425
132
72
22
0
19
99
167
573
94
731
69
54
102
31
88
118
19
381
29
124
20
209
33
164
93
127
9
139
93
7
650
86
111
106
150
125
297
134
1
89
27
377
442
339
69
494
135
343
135
221
145
85
90
249
281
0
171
26
575
394
275
16
457
116
288
294
59
338
7
237
83
18
44
42
56
3
142
2
3
1
118
82
10
64
45
2:14
50
30
35
41
54
17
14
231
447
173
120
225
160
364
30
284
33
6
116
284
54
121
141
20
166
41
259
146
287
129
281
17
14
299
10
36
2
66
17
299
41
703
10
40
758
301
71
217
172
56
109
2
66
302
75
50
530
431
277
33
80
232
128
126
15
147
40
379
14
609
2
81
20
98
86
245
207
175
17
53
121
8
11
32
414
38
100
54
47
12
49
147
88
212
5
20
3
104
89
5
118
383
201
46
17
189
31493
5
22
9
204
90
40
173
196
36
8
22
1043
109
68
111
71
43
3
120
18
31
16
3310
2211
328
1553
5140
10816
2650
4766
4989
3
1620
3485
1812
10
3
2988
436
4013
2
4
8078
2835
882
3424
5143
8
9
2
5
1
1427
21
119906
3545
7741
30
43
9417
28772
3639
10
22
280
20
89
5
54647
949
98
7
2
27
57
6
12
53
109
27
10
1
2:2
8
2:1
11
3
754
12996
11227
10208
7980
1060
1183
873
189
665
436
532
3
2
6
47
86
54
9
31
1
36
3
1
43
51
5
1
30302
10004
64
176
76
24
725
1
309
68
17
202
24
238
15
9
21
36
18
41
103
78
5
10
39
245
28
215
206
4
19
17
38
30
14997
1990
9723
1
162
1
101
14
90
13
62
75
12
5
-488715
13
31
132
20
3
87
65
156
14
40
12
369
140
93
36
10
7
195
0
25
35
242
0
398
28
67
168
0
276
13
83
29
50
234
55
153
41
81
123
29
91
27
388
63
78
152
19
384
49
282
8
0
21
32
28
102
53
27
111
70
82
51
41
232
153
12
67
20
31
25
2
81
4
65
75
31
103
109
90
71
87
46
0
139
182
109
77
8
148
140
32
86
78
16
34
42
26
339
27
184
17
128
28
6
309
68
37
324
132
26
122
142
39
114
48
155
18
39
25
34
59
144
17
50
8
36
173
147
526
184
54
5
4
137
52
614
155
0
84
29
66
1
108
184
47
376
28
168
15
70
0
152
135
40
59
173
55
106
69
25
91
37
146
7
85
257
148
312
94
14
49
340
40
61
12
64
0
165
278
64
55
103
61
121
78
71
164
17
44
0
34
97
73
72
117
0
150
20
42
88
170
33
41
16
21
2
19
38
0
1
9
8
0
3:4
5
8
2
11
6
11
0
13
0
1
46
19
7
151
4
75
76
7
5
71
52
36
29
36
50
35
19
11
33
189
152
91
49
22
94
40
65
79
7
302
44
177
191
133
414
78
191
97
265
219
74
127
53
86
309
170
147
24
52
287
39
131
52
38
18
168
579
27
87
0
38
47
8
12
182
452
91
162
123
172
39
139
7
10
312
175
70
158
66
27
187
79
281
12
360
32
66
119
35
28
29
8
233
50
1
17
139
40
33
19
0
87
10
84
10
28
76
91
106
281
557
342
104
1
10
52
4
37
82
177
31
13
82
426
6
37
23
85
169
0
34
39
276
129
22
8
35
7
158
31
186
23
85
24
172
52
102
17
75
103
16
0
40
45
8
140
15
2
43
48
9
98
13
15
31
31381
10
58
16
96
82
53
2
12
54
61
164
1
7
1
12
4
1105
348
171
43
56
21
1
12
46
5837
5320
1372
2468
2792
2324
0
4736
10908
12982
7
9458
13
0
4666
1533
1407
511
4163
10
1458
106808
16642
1736
5973
8
51
28
23
41792
8
31
21
2
35
120
10
4
40
146
19
27
11010
44413
35
15
32
74
149
15
38
5
47
111
1
56
9
2:17
96
613
61
9
103
3497
4382
10811
2
2294
16552
5542
1072
684
502
44
89
0
45
1487
204
8
6
11
9
5
13
3
57
19
45
21
3
0
1
4
40
55
8
34
25
31825
8172
204
78
346
90
30
0
511
213
103
296
245
89
51
13
2
0
20
23
219
41
1
13
203
124
25
326
13
60
28
31
49
14748
0
224
2
1973
9735
143
155
10
7
19
38
18
65
25
1421373000
399:0
1
565:0
227
-208
1244
-1235
198
-193
172
-188
74
-64
-2
4
26
5339
-5128
-215
17
426
-479
3917
-3908
14
27
-1
-35
20
311
-229
-53
-49
51
103
522
-691
3
53
-40
344
-200
41
287
-481
-6
29
33
-61
1
199
-33
-126
-38
-5
793
-764
49
-72
14
115
-108
58
315
-322
-57
-15
-4
16
-12
507
-494
121
-125
-8
11
96
-61
-49
213
-199
19
-36
0
-1
117
-56
253
-296
-18
0
35
512
-548
365
-359
6
51
-50
0
143
-16
2287
-2140
-235
-27
-10
415
-401
149
-165
49
1
-25
119
-157
5
-2
-1
6
0
2
6
47
23
171
-256
34
-25
13
10
-3
133
25
-153
-29
20
105
169
53
-295
91
-68
-76
350
-338
93964
-93179
18004
-18671
-133
55
-8
-26
1478
-1443
8
43
-101
57
-65
6
27
-13
77
-94
73
642
2241
-2868
174
-55
-210
8
9
138
15
-165
7
2789
-2782
15
26
-59
10961
-5996
-4825
107
-240
64
-51
5
-6
1267
-1044
-174
35840
-35865
-17
426
-450
-2
452
-117
-119
177
-276
57
-157
-3
202
-204
1899
-1457
-374
20
-72
502
25165
-25658
-37
4449
-4403
241
-258
2678
-2202
2212
-2714
34
278
-310
13
49
10180
-10214
1285
-1283
8336
-8270
-31
-56
3438
-3132
-154
6
1575
-1748
75
-69
22
-20
49
-26
-12
-18
114
-81
-25
21
19
383
942
-533
-363
262
6088
-6761
-64
-2
5
73
27
-81
5488
-5511
44
-36
65
-55
-15
26
698
-729
7
167
-130
44651
-44670
-1
-19
-2
14
455
-125
-346
238
7223
-7457
2:0
229
-228
29
2075
876
-2887
-97
1921
-1701
-209
96
-86
256
-279
26
13
46
-83
33
-24
634
-620
18
71
205
8
-327
0
3
-1
18
-14
81
-86
59
-38
20
27
-67
20
-20
6912
-6587
126562
-126889
21
3425
-2144
14429
-11601
-4120
113
-91
1821
-1832
322
-239
-87
19
25
268
1383
-1661
33
36
-82
2
-38
286
2249
-2506
390
1287
-1678
26
1
-52
3
27
-35
8
-1
1
-5
19
39
118
-164
0
39
719
-579
1136
-1294
4
314
-262
-7
478
-556
115
-110
-20
-3
-2
3
1
5
-9
0
8
-4
-3
8
-8
3:1
2:-2
5
2:-1
-3
2
-2
5
-3
-1
3
-3
5
-6
4
8
-10
3
-2
4
-4
2
1
7
-4
-6
-1
4
-6
4
-2
-1
4
-5
5
0
-1
-2
-1
8
-8
4
-4
3
0
-3
2
-1
3
-1
7
-10
0
9
-8
-2
2:2
0
6
-6
-1
0
-3
12
-7
0
-5
2
0
4
-5
9
-9
3
5
-7
2
-3
0
6
-6
9
-10
6
-6
1
9
-5
5
-10
1
5
-3
2
3
-8
3
5
0
4
-5
3
-1
-3
-5
0
8
-1
0
-7
3
7
-7
-4
1
0
1
2
-1
1
-1
-3
2
0
9
-11
1
5
6
-11
12
-10
2:0
8
-7
2:1
-5
12
-9
-1
2
-3
-2
0
1
2
1
7
2:-5
1
0
-1
2:3
-4
0
1
-2
5
-1
3
-8
5
-5
0
10
-9
-1
4
0
-4
0
9
-7
4
1
-7
11
-11
0
8
-7
2
5
-3
1
-7
4
1
-3
4
-1
1
-4
0
1
-3
6
1
-2
5
-5
3:0
8
2:-3
-7
2:1
5
-6
5
2:-1
-3
0
-1
1
-1
12
-4
-6
-1
0
7
-7
1
-2
5
-3
-1
3
2:-2
9
-9
3
5
3
-10
5
-6
1
3
-4
1
-1
2
3
6
-11
3
-1
1
2:2
-6
2
0
9
-10
0
6
-1
-6
1
0
-2
0
1
3
-2
0
9
-4
-6
6
-7
3
3:-1
2:0
2:3
-4
-2
5
-3
-2
1
0
2
-1
7
-3
2
-7
4
0
3
0
-8
1
2
-3
10
-8
-1
12
-9
2
4
-5
-1
-4
4
2
-6
2
2:0
-1
9
0
-9
12
-12
2
3
-4
7
-2
-1
-2
0
8
-8
6
-10
2:0
11
-11
1
2:0
4
-4
8
-6
-1
2
3
4
-10
-1
12
-11
5
-3
2:-1
8
-8
1
-1
5
3
0
2
-10
-1
3
2
-5
8
-6
6
0
-4
4
-6
3
-2
-1
0
-1
2
-3
6
-6
0
10
-8
-2
1
-1
1
10
-4
-5
10
-11
-1
7
2
-1
2
-10
0
3
-3
4
9
-4
-7
5
-4
-3
7
-6
0
-1
10
2
-12
2
-2
6
-6
11
-2
-5
-2
-1
0
5
4
-1
2
-10
-1
8
-2
2:-3
2:4
0
-4
1
2
-5
5
-1
-6
1
2
-3
0
5
0
-5
7
-6
2
-1
3
2:0
-4
11
-3
-7
9
0
-11
1
2
0
-1
0
8
-9
6
-3
-2
11
-3
-8
3
-3
4
0
-5
3
5
-4
-3
3
1
-4
2
0
-4
3
-3
2:0
4
1
8
-11
5
-2
3
-5
2
5
0
2
-12
6
2
-4
2:-2
1
-1
3
-1
5
-7
11
-2
-9
4
-4
1
12
-6
3
2:-1
0
5
1
-6
2
10
-11
-1
2:0
128
-127
-1
2
14
-14
27
-29
10
-7
1
-3
-1
0
14
-11
-2
8
-9
3
-2
-1
0
4
-4
1
8
-9
2:0
3
0
-2
0
18
-15
-3
-1
4
-3
3
2
-3
-2
10
-11
0
10
-7
-1
1
-3
5
-3
-1
2
-1
-2
2
2:-1
3
-3
27
-25
5
-7
3
-3
10
-4
8
2:-7
1
3
4
-6
1
-2
-1
7
-3
0
-3
-1
20
26
-34
-8
-3
-1
4
92
-93
0
1
2
55
-61
2:3
-3
-1
-2
7
-2
4
28
-14
-23
6
-3
1
-2
5
0
6
-13
3
0
-3
13
2
-9
-4
5
-6
67
-68
1656
-1648
69
-47
-29
3
1
-1
-4
5
-5
23
-16
6
-9
0
-3
5
13
-18
2
87
-88
-1
14
-5
-9
-1
2
18
13
-33
0
29
-25
1
2
-7
646
-578
-56
-12
4
5
1
-9
6
52
-25
-31
264
-264
-3
53
-52
0
6
-2
-4
29
-29
52
-46
-7
10
-9
99
55
-145
-5
-2
22
672
-681
-16
175
-168
2:11
132
-153
598
-591
-7
77
-85
2:3
2:-1
171
-171
170
-163
-4
0
-7
34
22
-26
163
-187
17
-23
10
-6
10
-2
-11
0
37
-32
-6
5
-3
25
2
-10
25
-1
50
-83
-9
5
2:-3
2
-2
118
-116
2
9
31
-40
-4
4
3
-5
-2
3
5
189
-196
1
0
-1
3
19
-23
0
20
847
-866
0
-1
17
-16
0
8
103
-110
1
18
-13
1
-8
14
-3
-7
-3
25
-22
2
2:0
59
-63
21
-17
8
-15
5
-3
2
-1
2
-1
8
-12
6
-5
4
8
-12
4
-3
9
0
775
-784
5
-5
97
736
107
-939
2:0
342
-343
11
9
-12
-10
4
39
193
-230
-6
57
-52
8
-13
14
39
-53
142
180
-317
21
-26
2:0
12
-12
2
1
-3
8
-6
11
-7
-6
2
3
15
-4
37
-48
-5
30
-23
10
28
-43
67
-63
-6
0
1
-1
10:0
1
-1
11:0
1
2:0
-1
4:0
1
-1
3:0
1
-1
1
-1
1
-1
3:0
1
-1
2:0
1
-1
0
1
-1
8:0
1
3
-4
0
2
-2
2:0
1
-1
3
-3
3:0
6
-6
2:0
1
-1
2:0
1
-1
1
-1
6:0
1
-1
3:0
3
-3
4:0
1
-1
5:0
5
-5
7:0
1
-1
9:0
1
0
-1
5:0
1
-1
0
1
-1
2:0
1
-1
0
1
-1
2
-2
0
1
-1
5:0
2
2:-1
11:0
4
-4
11:0
1
3:0
-1
2:0
1
2:0
1
-2
2
-2
2
0
-2
0
2
0
-2
0
1
-1
1
-1
3
-2
2:0
-1
0
1
9
-8
-2
2:0
1
-1
1
-1
6:0
1
2
-3
9:0
1
-1
4:0
2
7
-9
3:0
2
-2
2:0
1
2
-2
-1
0
1
-1
3:0
1
-1
6
2:-3
3
0
-3
2:0
2
-2
4:0
4
-4
0
1
-1
1
-1
5:0
1
-1
10:0
2
-2
0
1
2:0
-1
3:0
3
-3
0
1
-1
9
-7
-2
2:0
2
-2
0
1
-1
5:0
2
-2
1
-1
6:0
1
-1
4:0
3
-2
-1
0
1
2
-2
0
-1
1
-1
4
0
-3
-1
2
-2
4:0
2
-2
0
2:1
-2
0
2
-2
2:0
3
-3
2:0
4
-2
-1
1
-2
7:0
1
-1
0
1
-1
4:0
3
-1
-2
6
-6
0
1
6
0
-7
2:0
2
-2
0
1
-1
0
2
-2
0
3
-3
0
1
-1
1
-1
2:0
1
-1
3:1
-2
-1
0
4
-3
-1
3:0
2
-2
2:0
1
-1
4
-3
-1
2:0
6
-6
6:0
2
-2
2
2:-1
6:0
2
-2
1
-1
2
-2
4:0
1
-1
3:0
2
1
-2
0
-1
1
0
-1
2:0
1
0
-1
0
1
3
-4
1
-1
5:0
1
-1
2
2:0
-2
1
-1
0
2
-2
2
-2
5:0
1
0
3
-4
7:0
1
end
