v1
940
317
426
381
105
167
24
48
496
84
35
14
65
473
57
56
22
28
732
125
63
167
277
73
5
135
440
152
393
132
483
111
34
143
258
501
160
360
331
121
96
420
135
31
225
281
100
153
96
166
194
63
275
93
62
23
157
255
353
110
246
29
431
113
381
442
234
105
69
57
404
511
135
104
347
339
254
27
7
114
235
44
9
363
394
275
16
93
64
219
104
40
53
217
71
294
585
56
51
32
25
18
12
13
2
34
54
2
3
138
10
118
73
9
10
64
40
5
14
64
35
30
57
38
17
127
118
446
1
78
95
120
385
254
110
304
10
33
6
116
104
42
138
54
121
141
85
101
41
87
169
3
433
129
281
31
271
28
15
31
2
83
70
163
66
41
423
85
204
799
192
109
269
191
56
109
2
24
250
45
49
75
18
32
215
106
917
33
226
44
42
128
126
7
8
147
88
345
447
169
76
2:102
412
40
175
70
121
8
11
32
363
89
100
54
47
61
127
20
88
153
59
5
20
3
104
89
3
2
151
350
69
71
61
252
31493
5
22
9
204
90
40
154
19
36
40
0
1
8
111
36
8
22
1053
99
68
111
71
166
65
3310
2211
328
1553
322
659
2783
1376
10816
2650
4766
11922
2988
4449
2
8092
2811
14
882
958
2466
5150
10
2:2
3
1
1427
21
106808
16643
7741
73
9417
32421
22
11
156
57
44
12
20
53
36
5
54647
703
28
85
67
7
157
7
2
15
12
57
6
12
162
27
10
1
2
11
2:1
10
757
14
176
7831
8455
4654
3093
10208
3251
4729
813
1430
1062
665
973
53
86
10
44
40
9
28
3
1
99
1
30302
10004
8
56
176
69
31
126
417
57
125
1
309
68
17
202
277
9
57
18
41
103
89
43
273
331
57
37
19
17
38
14805
140
2072
9723
1
162
1
101
14
35
55
2
11
62
5
82
-488469
148
39
64
552
226
2:213
29
80
50
44
28
68
24
193
174
289
25
1
43
161
221
165
110
22
17
7
165
16
46
231
47
248
11
72
107
209
62
434
20
32
130
89
305
122
2:11
111
250
137
111
247
136
37
126
476
138
339
71
130
195
134
263
7
338
106
72
229
125
7
12
103
27
237
43
57
620
115
154
224
166
82
27
376
150
74
304
232
17
538
61
13
25
31
266
200
281
240
374
106
14
25
30
25
202
26
104
254
403
94
108
102
122
205
90
47
174
526
77
303
180
92
262
146
142
7
171
4
10
23
57
17
98
18
3:3
24
1
72
70
33
7
11
2
3
104
244
80
38
35
3
27
33
96
245
91
198
250
188
22
131
150
45
11
75
341
49
115
64
328
252
394
55
31
108
207
5
97
341
248
23
2
152
23
126
55
200
79
353
310
12
7
45
123
10
40
793
337
12
10
312
105
354
581
330
143
154
9
23
25
241
50
117
86
133
37
57
3
35
242
93
53
41
221
220
403
2
101
182
10
56
422
457
57
159
124
242
50
103
104
483
196
52
21
65
63
45
103
2
13
86
38
55
17
113
42
98
13
14
1
31480
95
1
60
9
29
50
3
11
3
92
23
126
46
1110
54
326
195
33
46
56
7381
2399
686
12868
9127
1710
1583
793
830
9223
1304
835
1391
10
8077
5
4646
2955
4669
1
7
1
121370
1
3543
1736
6038
45
37493
692
2624
1015
28
30
7
59
2
69
44
165
11037
44413
168
152
10
28
165
3
52
9
2
15
1
725
7
29
25
95
3514
4382
17378
18070
2011
45
771
519
535
7
1
25
19
2
50
134
81
8
7
23
9
4
31821
8890
30
49
634
240
10
83
241
28
244
11
3
153
89
5
26
15
5
4
279
239
80
125
56
21
14838
119
11784
298
12
94
69
13
34
17
54
-488725
185
199
334
282
379
86
614
37
106
95
43
841
1071
108
237
229
285
449
316
25
280
255
689
148
1141
163
70
151
414
794
74
398
222
611
2395
122
573
106
23
862
540
2216
180
372
509
278
2125
160
164
186
331
1476
114
85
433
70
267
1239
162
1008
95
319
532
252
565
409
45
36
283
71
245
604
216
38
599
182
498
330
127
253
561
146
2
210
43
183
31
31465
1840
315
42
32
65
3365
32450
6494
15964
12304
1412
131201
57
41826
11
81
136
36292
19958
6
114
699
155
18637
10447
7155
8673
562
86
377
1218
39
75
123
40829
206
510
54
1332
302
64
134
8
86
15019
11930
83
33
91
41
14
1421871000
399:0
1
399:0
1
139:0
19
159
-146
88
-100
-3
-5
11
15
9416
-9428
-15
185
226
761
-1156
233
-165
-82
301
-221
-47
452
-482
-3
0
134
2536
-2669
1367
-1242
113
-238
209
-128
-22
-51
-10
4
1294
-1206
-90
-2
976
-975
0
22
-24
2
13
8
-13
10
5
73
3500
-3594
8
48
-60
1466
-1287
-170
329
-54
-272
211
-218
700
-682
-2
-9
58
-65
259
-263
4
-4
263
-259
-5
9
-6
570
-512
-29
-31
191
-170
232
340
-178
-414
28
357
-383
12
-6
4072
-4081
14
26
49
671
-745
-11
8
4
453
-345
-28
-61
457
-461
149
-177
7
459
-408
75
539
-674
37
-11
135
-32
-112
134
-152
515
-393
-113
-7
567
-542
129158
-129153
15805
-15556
-282
27
-7
103
-70
31
-79
-3
407
-164
-236
40
26
-71
-4
5
-3
282
-257
-13
441
-430
5
13
126
751
-917
1
-1
131
27
1
-161
2654
-2653
17
153
-152
-17
-1
24110
-13874
-10223
627
-610
20
18
-64
2
20
-14
1759
963
-2733
54
82206
-82255
999
-987
101
-115
-3
212
-214
187
-144
-23
4
4262
-4132
-58
-93
154
2127
140629
-142817
5320
-5415
9
135
-146
59
8580
-8504
4400
-4358
-173
108
67
-41
-134
-3
3
19
1525
-1273
3926
-3921
-23
-174
-64
198
-185
148
-179
47
-1
-45
-1
284
1916
-2194
333
-327
687
-689
22429
-22427
2:32
176
-144
1620
-1242
-417
-26
-38
1569
-876
1820
-2471
-46
304
-292
61
-37
194
-230
23
34
1
635
-686
43587
-43567
-3
1019
-990
-31
-10
238
72
-137
53068
-53244
608
-567
-43
-5
61
-61
-1
52
906
2345
-3014
-256
-25
10
-4
14
31
-52
-7
-2
28
-21
43
-34
68
-69
6
-9
1
402
-329
-67
58
-44
-23
-10
7
80
-72
34
-47
1
67
-65
213
-140
2323
-2366
55980
-55843
-139
70081
-70110
43
328
16631
-12564
-4424
698
-717
19
-12
63
-57
-10
44
73
-47
-43
87
642
-759
244
-166
-62
272
1384
-1313
27708
-28054
50
-58
52
-13
-40
115
-100
48
-17
114
-159
1080
-997
1064
-964
82
-259
-6
226
-224
52
27
-63
227
-205
171
-222
-4
0
4
-3
7
-8
2
-3
0
6
-6
0
4
5
-8
8
-6
1
-2
-1
7
-7
7
-5
0
2
3
-5
1
0
2
-3
-2
9
-10
3
5
-7
7
2
-7
1
0
3
-4
-3
2:0
4
-1
4
-4
2
-2
5
-2
4
-4
2
-4
4
-4
-3
2
1
-4
10
-6
-1
7
-6
-4
3
0
2
-4
4
-5
6
-2
-1
-2
5
3
-5
2
-5
8
-7
-1
7
-1
-6
8
-6
5
-5
5
-5
3
-5
0
2
4
0
2:-3
9
-5
4
-8
7
0
-4
1
-4
7
-4
-1
0
-2
6
-3
-4
6
-1
1
-1
-4
2:4
-1
-7
0
7
-7
4
-5
4
6
-7
1
2
3
-9
4
-4
7
-3
2
-2
-3
0
6
-6
5
0
-1
-4
2
-2
7
-4
3
-4
-3
8
-4
3
-3
2
-3
2:0
5
-7
2
1
4
-5
4
-4
8
2:-5
0
2
-2
6
-3
4
-3
-1
-3
8
-8
3
-4
8
2
2:-3
-1
-2
9
3:-3
9
-7
5
2
-1
-2
0
2
-8
5
-5
3
-1
1
-4
0
3
-3
5
-2
2
3
-8
0
1
7
-5
5
1
-6
4
-2
-5
6
0
-1
-2
2:1
-2
1
-1
3
-5
8
-4
3
-5
3
-5
2
-2
3
0
-3
0
-1
3
2
-5
3
4
2:0
-3
-1
6
-8
4
-2
-3
1
6
-7
9
-2
2
-9
7
-2
-5
4
6
-4
2:0
2:-1
5
-4
5
-4
-2
0
-2
3
2
-3
2:1
-5
2
-3
1
-1
5
2
-3
6
-10
7
-6
4
1
-5
2:2
-2
0
7
-9
6
0
-6
7
-2
5
-5
-6
3
4
-6
3
6
-9
5
2
1
-6
1
-4
6
2:-3
3
1
-1
-2
5
2
-3
-2
5
-3
2:-2
4
0
3
-5
3
-6
3
-2
0
8
-6
-3
3
0
5
-4
2:3
-10
3
0
-2
3
-2
1
2
5
3:-3
2
-2
4
0
3
-8
0
2:1
3:0
-1
0
1
2:0
-2
2:1
2:-1
0
2:1
-2
2
-1
1
0
-1
1
0
-1
1
-2
2
-1
1
-1
0
-1
2
0
-2
1
-1
2:1
-2
1
-1
0
2
-2
2:1
0
-1
2:0
1
-1
2:0
-1
3:0
2
-2
2
-1
0
1
-2
0
2
0
-2
2
0
-2
2
0
2:-1
2:0
2
-2
2
-2
2
0
-1
2:0
1
-2
1
2:0
-1
2
0
2:-1
2
2:0
2:-1
0
2
2:0
-2
2
-1
1
-2
2
-1
1
2:-1
2:1
2:0
-2
2
0
-1
1
-2
0
1
-1
2
4:0
2
1
-2
6
-5
2
-1
1
-2
125
-126
1
0
13
1
-3
-9
-3
3:0
2
17
-19
1
-1
8
240
-246
-1
5
-5
-1
6
10
-16
0
3
-2
7
-4
2:-2
31
-30
-1
9
-8
3
-4
2
0
2:-1
4
2:-2
3
8
-11
22
-13
-8
6
7
-14
21
-18
2
0
-1
0
-4
1
4
-4
3
-4
2
3
-5
0
7
28
-28
-6
1
-1
0
-1
3:0
2
201
-198
1
-2
59
-62
1
3
-5
4
-1
8
-6
-4
-1
24
-1
-22
44
-45
13
-11
1
6
3
-10
11
-10
2:3
-6
9
-11
22
-21
11
2:-6
2
97
-85
2391
-2404
111
-80
-32
1
11
-4
6
-8
1
-3
-4
2:1
6
3
-10
3
-2
-3
28
-23
-4
64
-64
14
-15
7
23
-27
0
-2
11
-11
19
-20
38
-32
-3
7
-7
1
-4
686
-496
-188
4
-5
-1
8
-7
2:0
2
67
-39
-30
1
537
-538
39
-38
-2
2
-1
20
-20
43
-38
-3
-1
152
-63
-80
-9
-1
14
1005
-1005
139
-152
-1
9
-7
45
184
-223
618
-620
-3
-2
86
-87
1
3
-5
11
67
-72
169
-161
4
-14
-4
29
-29
56
-56
12
0
-12
3
43
177
-218
28
-32
11
-10
19
-10
17
-26
4
30
4
16
-55
-1
3
36
18
28
-76
-4
4
1
28
-38
1
5
0
-5
5
-4
0
290
-292
0
7
-3
0
-4
32
-32
16
2441
-2457
16
-16
5
-5
1
-1
0
3
4
129
-135
0
-1
2
-2
15
-8
0
1
-8
1
10
0
2
13
-23
6
-5
3
26
-20
-13
6
-5
-1
2:0
5
-1
0
1
-5
8
-4
13
-13
11
-11
14
-13
-5
635
-629
-1
68
1344
-697
-715
153
-157
2
-3
18
-9
-7
2
-3
-1
1
35
91
-124
-1
53
-49
6
22
123
511
-665
21
-22
12
-9
1
-6
10
-6
15
1
-17
23
-22
24
-15
5
-16
-2
41
-39
5
23
-24
15
-18
76
-79
4:0
1
-1
11:0
1
-1
0
1
-1
3:0
1
37
-38
13:0
1
-1
5:0
1
-1
4:0
4
-4
3
-2
1
2:-1
0
2
-2
5:0
3
-2
-1
7:0
1
-1
2:0
1
-1
1
0
-1
1
-1
0
2
-2
2:0
1
-1
1
-1
2:0
1
-1
1
0
-1
2:0
2
-2
2:0
2
-2
8:0
1
-1
2:1
-2
1
-1
1
-1
2
-2
0
5
-5
0
1
2
-3
1
-1
2:0
1
-1
3:0
2
-2
5:0
1
-1
2:0
1
-1
0
3
-3
0
2
-2
5:0
2
0
-2
2:0
4
-4
2
-2
0
1
-1
6:0
2
-2
6:0
3
-2
-1
1
-1
2
2:-1
0
3
-3
3
-3
2:0
4
-2
2:-1
0
2
-2
2:0
1
-1
0
1
-1
2
0
-2
4:0
1
3
-4
1
-1
0
2
-1
1
-2
2:0
1
-1
4:0
1
3
-4
2:0
1
-1
2:1
-2
5:0
3
-3
2
2:-1
0
2
-2
0
2
-2
0
1
-1
0
1
0
-1
3:0
1
-1
0
1
-1
2
-1
5
-5
4
-5
2
2:-1
0
1
-1
2:1
-2
6:0
2
1
-3
2:0
2
2:-1
1
-1
7
-7
3:0
3
-2
1
-1
0
5
-6
0
1
0
1
-2
0
2
-2
2
-2
1
-1
1
0
1
-2
3:0
2:1
-2
1
6:0
2
-3
6:0
1
-1
1
-1
2
0
-2
1
-1
6:0
1
0
-1
1
-1
3:0
3
-3
26:0
2
-2
2:0
1
-1
0
1
-1
13:0
1
-1
19:0
4
-4
2:0
1
-1
8:0
1
-1
0
1
-1
0
1
0
-1
3:0
1
-1
6:0
1
-1
3:0
1
-1
16:0
1
-1
8:0
1
-1
0
1
end
