v1
661
55
152
90
599
197
57
79
27
140
38
34
268
21
73
80
54
119
129
85
100
238
51
6
56
7
15
28
118
415
81
33
13
165
21
38
265
264
24
140
84
46
291
171
130
0
29
162
204
143
180
189
82
101
181
143
10
194
43
264
160
346
67
70
24
245
55
86
15
54
366
135
31
191
34
8
269
257
44
43
89
86
29
165
190
148
178
157
211
44
76
84
86
52
55
4
106
87
17
163
8
108
285
38
16
185
293
212
136
94
59
280
69
57
175
482
226
32
91
44
104
19
39
59
106
454
9
281
7
349
77
240
15
77
7
394
275
0
16
93
144
243
93
177
405
34
363
7
175
6
56
12
33
9
28
1
43
8
4
26
31
46
5
21
123
4
13
105
2
60
11
4
5
62
12
40
12
7
64
35
26
4
3
38
71
73
172
74
11
2
360
78
95
55
65
94
112
19
90
105
204
15
110
30
274
10
33
6
116
1
145
74
64
54
121
141
40
146
239
61
146
5
282
129
281
31
10
289
10
5
33
83
70
229
41
106
203
114
85
20
175
10
798
301
71
5
7
10
176
136
55
56
109
2
24
213
37
94
75
50
732
213
46
247
33
80
96
56
39
41
15
38
75
19
107
7
8
147
42
156
221
14
334
455
107
360
52
40
175
133
58
8
11
32
43
66
71
110
124
38
100
54
47
53
8
40
87
20
52
36
130
23
59
5
20
3
104
89
5
33
118
54
31
140
125
55
52
2:47
63
189
77
14
1
31401
5
22
0
9
43
161
33
55
5
37
173
76
30
36
54
36
8
22
932
220
68
111
71
166
18
47
3310
2211
328
1553
2370
2770
10816
2650
4766
2526
2466
1620
7479
3
816
436
1361
1274
1378
0
2
8091
1
2811
14
882
943
15
2466
985
1025
3134
7
9
2:2
3
1
2
1425
20
3503
116404
3544
1
7741
73
9417
32305
97
19
4
18
26
7
92
42
40
73
20
72
17
5
87
7168
48116
57
35
74
59
105
2
27
3
25
29
6
12
162
27
10
3:1
2
8
2:1
11
728
29
20
12
3609
9355
3480
4654
3093
1178
3879
5151
7894
86
1060
1183
872
1
2
187
665
436
532
3
2
5
1
2:8
9
5
14
3
86
10
27
17
40
37
3
1
11
79
9
1
30302
10004
64
149
27
15
174
511
22
103
1
46
41
222
85
202
119
5
11
4
138
9
24
4
11
3
15
18
41
103
47
31
11
9
34
173
100
374
1
50
19
17
38
14801
206
1997
9735
2:1
162
1
53
19
43
18
10
0
7
55
13
7
55
5
60
17
2:5
-488068
85
677
518
196
28
1070
703
2185
35
260
174
392
849
43
1638
504
777
1084
676
293
178
397
483
957
1931
219
169
1217
301
136
122
74
209
269
43
195
739
617
121
341
1056
201
841
646
173
2942
499
135
434
243
1185
557
200
45
73
29
603
2134
72
119
250
58
32197
1307
182
271
6280
8776
23591
19627
24
12253
132640
41954
25
132
10
6
184
57
55612
260
61
91
117
826
18637
26649
1897
173
4
40
75
31872
10441
310
700
27184
53
1421245800
560:0
1
99:0
9
75
-82
10
85
-97
11
-4
-5
4
6
2:-6
87
-87
10
3092
-3077
-23
18
8
-25
48
91
-140
12
243
-243
39
-50
-3
10
25
27
-58
8
-12
101
-87
-2
-10
2
126
-126
0
88
-82
-3
-2
-3
1
77
-80
2
20
-16
-4
-2
290
-285
-3
19
-18
0
60
-58
-3
64
-63
4
1110
-1016
-97
380
-384
0
24
-21
10
6
-14
-5
0
4
6
-1
883
-890
26
-14
-3
-6
3
-2
-3
1927
-1853
-66
35
504
-540
-7
6
-9
6
25
-29
7
153
1965
-1768
-352
78
-77
-4
149
-129
-12
-2
4
-14
5
-5
2:0
92
-88
5
115
-118
-3
16
15
21
215
-248
2
-18
12
-18
0
325
-321
79
-80
35
-20
-15
-1
7
4
8
55
-70
53
-41
-16
0
4
1
-5
0
-2
12
145
-152
151
-156
2
11
-11
239
-241
79
-75
-4
0
6
-2
-4
879
-869
34
-29
-12
89
-70
11
-33
327
-324
104
-99
102
-107
0
19
-22
10
-7
5
250
-250
-6
82411
-82412
6548
-6364
-183
9
-11
12
18
-13
1
-14
3
0
-2
5
-5
21
-24
0
2:1
102
-85
-9
367
-142
-221
5
946
-967
0
42
-40
0
4
-4
66
196
68
-138
-194
22
-22
8
2262
-2266
10
9
-21
51
-50
11844
-6536
-5286
-22
0
23
25
-32
-14
-3
0
79
-54
-18
-9
1219
-1204
363
-339
22
55916
-55964
-9
-2
253
-250
-2
125
-122
1
72
-55
-16
14
2766
-2592
-165
-31
8
2
-10
3
42
78
36578
-36692
-9
3871
-3869
-2
13
-13
225
-221
13
10
7179
-7156
1708
-1756
10
116
-123
13
-18
2:2
2:-1
-2
9
14
-18
865
-867
127
-127
2
2844
-2807
-25
83
-91
538
-538
-7
44
147
90
-255
-26
-2
161
647
-793
351
-346
14
-29
10
844
-798
-15
-25
75
-42
653
-336
-371
630
-75
-176
910
-1289
4
8
-12
4
299
-296
-5
1
20
1
28
-48
2
-2
73
-65
-6
511
-514
1
-2
6
2
-4
47601
-47603
3
15
-16
5
-11
6
55
-40
53
187
-224
4872
-4894
10
115
-132
27
-35
3
0
5
-2
-3
7
-5
1234
2066
-3301
-4
0
7
45
-42
16
2
-20
70
-78
0
14
90
-94
22
-25
4
0
-4
179
1
-179
70
-35
426
-467
11
-8
2551
-2544
-7
42
-27
87
-92
-15
3
29
65
-87
46
-53
19
-22
27
-21
12
-1
-15
2
-1
2:1
96
-101
2:0
1801
-1709
-87
-1
169
-154
68
11130
-8121
-3096
7
4
251
-253
26
20
-51
10
2:-5
1
-1
61
170
-230
2
15
154
-167
-9
2
-2
9
27
939
-975
45
-32
-1
6920
-1355
-5560
277
-289
14
270
-286
18
129
-137
-13
17
-7
113
-61
231
-291
136
-138
7
391
-284
114
-212
76
-87
115
-44
7
-72
-4
33
-28
-8
345
-347
6
-1
31
82
-119
12:0
1
0
-1
0
1
-1
2:0
1
-1
5:0
1
-1
5:0
1
-1
14:0
1
-1
0
1
0
-1
1
-1
2:0
1
-1
0
1
-1
1
-1
13:0
1
-1
4:0
1
-1
8:0
1
0
-1
2
2:0
-1
2:0
2
-2
2:0
3
-3
3:0
2
78
-80
0
2
2:-1
5
-1
-4
4
-2
2:-1
2:0
22
-20
-2
1
-1
0
10
-9
-1
2:0
10
-9
2:0
-1
2
-2
2:0
5
-5
2:0
1
-1
0
13
-13
0
4
-4
0
1
-1
0
2
2:-1
2:1
-2
22
-22
0
1
3:0
-1
3:0
1
2
-2
-1
1
-1
1
-1
0
1
-1
6
-6
2:0
7
-7
1
2
-3
0
4
-4
0
14
-13
11
-9
1
-4
2:0
1
0
-1
6:0
4
-3
1
-1
0
-1
0
2:1
21
-21
0
-2
5:0
39
-39
0
3
-3
1
-1
2
2:-1
0
19
-12
-7
0
1
2
3:-1
1
10
-10
11
-12
0
1
-1
19
-19
4
-3
-1
0
2
2:-1
13
-11
-2
1
-1
5
-4
3
-4
29
-28
5
-6
2
2:-1
2
-2
1
-1
1
49
-49
1
1312
-1314
65
-49
-16
2:0
2
0
1
-2
-1
3
-3
2
2:-1
5
-5
2
-2
1
13
-13
-1
57
-56
17
-13
9
-14
0
4
-3
0
-1
0
7
11
-17
0
-1
3
-3
1
12
-10
-1
2
-4
0
2
420
-296
-122
-3
-1
0
4
0
-4
0
1
-1
2
-2
0
65
-65
19
-11
-6
383
-377
-8
0
23
-23
0
11
-11
1
19
-16
-4
3
104
-50
-48
-9
3:0
2
0
8
599
-606
-3
73
-73
2
2:-1
7
-7
2
5
181
-184
360
-363
2
40
-42
0
-1
6:0
2
-1
77
-78
1
0
1
108
-106
-1
7
-10
2
0
-2
1
16
30
-45
-2
0
23
114
-133
24
-26
0
-1
5
3
17
-19
-6
2
17
-1
10
-29
29
0
25
-50
-4
0
1
-1
1
16
-16
-1
1
6
0
16
-19
-4
0
1
3
-3
10
-10
0
-1
2:1
-2
196
-196
2:0
2
0
-2
0
1
0
18
-19
6
300
-306
0
7
-7
3
-3
1
-1
1
2
-2
0
-1
10
124
-134
2:0
2
11
-7
-5
1
2
-3
-1
1
8
2
-8
9
-11
2
-3
1
0
14
-13
15
-14
4
2
-7
2:-1
2
-1
4
-3
3
-4
-1
0
1
6
-5
7
-9
3
-3
4
-3
-1
1
-1
2:0
1
-1
5
-3
-2
0
11
-7
-4
0
2
0
17
350
-53
-316
0
1
43
-43
1
9
-11
3
-2
0
1
-2
17
33
-49
1
3
80
-83
-2
3:0
3
20
-23
1
-1
2
74
284
-359
9
-8
-1
2:0
9
-10
1
-1
1
7
0
5
0
-13
1
-1
1
16
-9
-1
-5
-2
0
17
-17
1
2:0
3
-4
2
12
-14
2:0
21
-15
-6
0
1
-1
24:0
1
-1
9:0
1
-1
0
2
-2
7:0
2
-2
0
1
-1
3:0
1
2
-3
8:0
1
-1
8:0
1
-1
4:0
2
2:-1
5:0
1
-1
4:0
end
