v1
1035
297
206
50
190
128
147
211
27
25
139
48
97
399
84
35
51
137
129
292
17
39
7
15
28
653
682
11
91
32
60
48
592
159
117
19
98
36
96
18
29
25
32
39
154
26
160
111
22
12
67
324
10
122
72
22
285
136
24
18
135
260
38
152
333
212
180
129
6
31
225
122
259
120
33
20
242
194
63
127
9
139
93
85
98
104
508
55
79
31
164
98
13
292
5
134
494
212
230
59
280
69
57
657
89
63
64
42
135
327
39
175
154
95
281
121
94
124
17
416
259
41
94
275
16
43
114
55
361
177
111
214
80
109
26
262
7
171
10
31
25
45
6
3
10
19
25
18
4
13
2
6
13
6
25
46
2
17
7
123
4
28
90
82
74
123
30
35
38
3
54
17
82
248
362
173
120
225
134
26
254
110
304
10
33
6
116
284
54
121
141
85
101
41
25
65
169
146
0
55
47
185
18
111
312
299
46
2
66
17
70
229
41
106
317
105
175
9
1
798
199
102
460
50
6
109
2
24
82
75
93
94
75
18
32
16
347
38
129
87
115
132
97
30
247
33
80
232
0
53
75
126
7
8
65
82
40
283
57
53
275
172
164
81
20
184
245
167
40
175
70
129
11
32
86
26
32
270
38
100
54
47
61
127
20
2
86
153
59
5
20
3
104
89
3
2
205
307
58
40
92
63
155
34
64
31429
5
1
21
9
43
46
49
44
22
0
4
29
53
44
1
0
84
88
0
76
120
15
21
8
22
1080
50
22
68
111
71
166
18
47
3310
2211
328
1553
2387
2753
6258
4558
2650
4766
4992
1620
5310
2988
436
4013
2
4
8078
9
3708
958
2466
985
4158
1
7
9
2
5
1428
106829
13099
3544
7717
24
73
9417
32421
18
4
167
40
73
20
53
36
5
16
54631
731
85
74
59
98
7
2
15
12
2:20
17
6
12
162
27
10
1
2:2
8
2:1
11
2
733
22
21130
3093
5057
5151
7980
1060
1183
1062
665
436
532
2
3
0
6
5
42
44
14
28
54
9
31
16
21
3
1
31
12
47
4
5
1
30302
1513
8491
64
176
100
89
636
1
46
36
227
85
202
0
24
253
9
24
33
18
41
103
78
5
6
4
39
273
425
19
17
15
23
15027
1990
9722
2:1
162
1
101
14
18
10
2
60
13
62
87
5
-488671
51
3
101
30
329
6
9
98
77
14
282
100
46
31
164
38
86
4
181
167
38
5
10
121
125
53
50
58
65
110
108
19
1
38
15
228
39
25
351
127
62
103
74
254
61
164
206
285
27
102
19
7
172
47
44
73
183
2:27
131
46
304
61
132
194
73
79
75
81
86
198
33
93
68
9
35
7
35
64
92
166
66
11
8
147
184
27
121
54
15
54
258
78
172
112
65
26
12
6
199
106
72
177
95
89
408
100
90
57
24
274
87
85
39
127
77
197
25
17
151
1
16
86
65
12
129
190
136
74
23
169
72
111
262
21
134
180
72
108
112
132
118
173
194
82
96
149
146
111
233
70
14
202
26
235
144
16
34
77
87
229
9
24
108
191
33
165
113
539
97
154
21
152
138
56
47
115
63
86
28
65
67
45
30
187
258
10
22
1
15
9
17
119
7
23
20
5
1
7
52
121
17
9
3
101
17
56
15
28
34
66
14
3
14
33
136
11
171
168
55
191
78
7
45
13
7
79
59
552
24
16
70
10
143
63
5
120
39
125
120
104
60
1
26
127
168
16
79
12
88
165
127
28
111
58
117
37
53
194
163
28
52
196
6
307
33
5
89
79
235
121
67
147
54
130
42
245
12
29
217
758
54
31
4
25
22
231
258
111
171
139
445
315
12
45
98
194
5
303
147
10
40
2:6
21
19
54
70
57
10
9
19
56
11
206
376
1
15
333
176
152
127
21
124
22
355
229
158
16
94
2
22
11
60
225
14
8
207
63
29
22
27
180
53
175
147
108
11
13
9
109
106
119
30
45
50
53
118
113
18
4
2
11
25
197
4
31
31458
143
97
40
49
78
83
1
2
31
8
7
120
69
6
927
42
81
378
61
4
132
2960
2877
1542
3778
3840
5116
1
1109
4015
8053
880
1583
793
2041
3663
4349
1304
835
1401
8064
11
2814
14
1825
1548
920
3
484
4676
18
2
1445
1022
2518
493
19730
96144
3544
7717
38287
3639
7
23
28
7
9
82
8
112
128
11037
43792
564
57
305
15
38
4
16
145
55
9
743
43
18
58
37
6
63
3445
4382
8453
2357
3
563
6002
3235
9046
5542
165
38
1685
415
132
11
86
1596
6
1
7
10
9
5
66
45
26
10
56
3
22
3
58
19
40132
459
54
243
388
213
9
143
47
10
44
37
109
151
8
86
153
20
14
4
7
101
118
258
3
132
180
160
13
25
7
87
22
14999
11817
40
4
164
57
18
60
70
1421551200
499:0
1
534:0
15
213
-214
15
19
89
3875
-4001
38
355
-354
-39
44
972
3905
-4921
137
-116
519
-533
1575
-1573
6
-15
106
-99
414
-295
-86
-9
0
96
-120
5
1564
-1538
-21
-13
3
28
-25
9
25
-43
74
-73
33
-28
-9
18
433
-374
-62
121
-49
10227
-10298
208
-171
-28
614
-570
2085
-2145
-9
1
0
64
200
-207
-54
5
-8
23
62
-67
-16
48
-47
5
11
117
-136
87
-74
-7
3
5
20
0
-34
453
-430
9
143
-100
-69
96
-100
437
-407
18
-51
10
15
-17
48
12
3429
-3469
-22
11
95
-95
79
-84
-11
0
9557
-9556
858
-166
-598
64
-149
-10
0
383
-194
32
-220
91
-86
-5
203
-199
-5
17
-3
33
-8
-36
167
-111
351
-354
-32
-24
35
-21
-15
5
-4
6
7
10
-14
-10
30
7
-36
80
383
-330
-12
-80
162
-111
-92
9
285
-268
-21
227
-184
499
-443
-82
-17
12
271
-249
97356
-95799
3029
-4524
-95
42
13
132
-167
25
345
-272
-102
161
-178
0
18
-17
63
-67
12
20
113
-77
627
-687
90
-75
114
197
-324
2
8
-20
61
-64
142
-141
224
2200
-2328
-47
-29
724
-727
-7
2:-4
17317
-15786
-1533
73
-74
11
-11
183
-171
24
104
-134
20
124
-69
-34
-41
-2
17
1136
-783
-166
58
-257
26259
-26248
59
-78
681
-681
536
-496
-40
45
320
-260
-105
195
-92
224
4822
-4026
-1100
-23
6
-1
3
112
2133
39750
-41991
4079
-4073
84
-20
232
-291
-9
2794
-2808
4797
-4764
6752
-6785
435
-413
-14
-5
-3
56
-47
-9
2478
12647
-14563
4740
-5254
24
47
-118
13
14
26
-35
0
36
-52
0
825
-823
0
6
214
0
-192
504
-532
1470
-1429
2741
-2756
-20
42
-32
4
-14
223
-124
887
-970
5783
-4525
-1135
-151
500
-497
2680
6476
-9117
-39
76
9043
-8979
-141
7
122
-122
5
-13
1
85
40
-116
75
-77
-3
119
48492
-48593
-14
4
-11
284
-286
410
-169
6484
-6722
6
2086
-2093
10
-9
9
2
193
1166
-1374
38
-31
24
-24
-1
128
-121
15
-10
46
-58
-4
31
163
-191
29
50
-66
12
5
171
-190
60
85
353
-489
-24
38
25
-25
-35
1
67
-71
71
-42
-14
26
561
-572
-12
2
-4
-12
5122
-5095
-28
259
11976
-12235
34
-32
764
9946
-3742
-6955
-1
64
-68
6
1933
-1910
-36
200
-105
-87
24
-39
252
3011
-3241
644
-665
115
-96
2
21
422
1580
-2043
415
9254
-9538
53
-185
54
-55
7
30
4
-37
-1
104
-104
295
-260
3
-38
1035
-853
4125
-4234
-76
109
-94
16
-16
108
162
3677
-3709
-234
-26
1
-3
3
1
-4
3
1
-1
-2
2
0
-2
0
-1
2
-1
0
1
-2
1
0
1
3
-4
1
2:0
4
0
2:-3
7
-4
-2
-1
5
-4
4
2:-2
8
3:-3
7
-6
0
7
-8
3
-3
4
-3
2
-2
3
2:-2
1
4
-3
6
-6
-1
1
-2
1
5
-4
-2
8
-4
3
-7
1
8
-8
2
-3
1
7
-4
3
-6
1
4
-5
5
-3
3
0
2
-7
3
-3
2:0
2
1
-3
7
-1
-6
5
-4
2:0
5
-5
-2
0
8
-3
-5
4
2
-4
-1
3
1
0
-3
0
-1
0
4
-5
6
2:-1
-3
2
-3
2:0
5
-3
2
5
-8
3
-4
2:2
0
1
0
1
-2
-1
-2
2:1
4
-3
-4
7
-1
-6
2
3
-4
7
-6
-2
0
2
6
-7
0
6
-1
-3
3
-6
5
-1
-3
1
-2
2
0
-1
0
1
7
-8
6
-3
-1
1
-4
1
2
-3
2
-1
3
0
3
-4
-1
4
-4
2:-1
1
5
-6
1
8
-6
-3
4
-4
6
-6
3
-2
0
7
-6
-2
5
-5
7
0
-5
1
6
-8
0
2:1
0
4
2:0
2
-9
1
4
-3
2
-4
5
2:-2
-1
2
-1
6
1
-7
0
7
-5
-3
0
7
2
-7
3
2
-6
-1
6
-4
-1
0
-1
0
2:1
2
-2
2
1
-3
0
2:-1
1
6
1
-1
-7
2:2
-3
0
1
-2
2:1
-2
7
-4
6
-5
-2
6
0
-7
2
-2
-1
4
2:-1
0
6
-8
2
6
-7
0
1
-2
3
-1
3:0
-1
3
-1
-2
8
-6
-1
-2
1
0
2
-1
4
-4
-2
2:2
0
-4
1
5
-4
-2
0
4
-4
5
0
-3
-2
8
-7
-1
2
-2
8
-7
2:1
-2
-1
7
-4
0
-3
1
-1
0
3
-2
1
3
-4
8
-7
0
-1
7
-7
1
-2
2
-2
1
-1
6
-4
-2
1
3
-2
2
-4
6
0
-6
8
-5
-1
0
3
-3
-2
6
-3
-2
-1
6
2
-8
1
-1
2
-2
6
-1
-2
1
-2
1
5
-3
1
0
-3
1
-3
0
-1
2
1
-2
4
-4
3
-2
2:2
-4
0
4
2:-3
5
-1
2
-6
6
-6
3
-3
5
-3
2:0
-1
6
-2
1
-6
3
-1
4
2
-7
1
5
-3
0
1
2
-6
2:3
-4
5
-8
0
1
2
5
-4
-2
7
-8
1
0
-2
0
2
0
6
-8
8
-5
0
1
2:-2
4
2:1
-4
2:0
-2
2:1
0
1
0
-3
2
-2
2
6
-4
-1
-3
2
-1
0
2
-2
0
5
-5
3
-1
2
3
-2
0
3
-3
0
10
-10
5
-3
4
-6
2
-1
135
-135
3
-4
20
-18
19
-20
5
-5
3
-3
-1
12
-12
0
6
2
-7
-1
2
4
-6
2
-2
3:0
1
-1
6
-4
2
-2
-1
2:0
5
-6
2:1
22
-24
7
-7
2
16
-18
3:0
1
-1
3
4
1
-8
1
-1
6
2:0
-5
7
-7
1
0
2:1
-3
4
-5
2:0
6
-6
0
32
-31
1
8
-1
-9
16
-14
14
-9
-4
-3
0
2
0
3
3:-1
-2
1
6
0
-7
2:0
2
31
-33
2
54
-39
-15
1
0
-3
2:0
5
-5
64
-64
2:0
2
-1
8
-9
6
-1
-4
-1
0
68
-65
6
-8
1
2
-4
4
-3
2
10
-5
-6
-2
3
9
-12
53
-13
-34
9
-7
9
-11
-5
1
14
-16
0
19
-14
7
1
-13
2
1
64
-57
1884
-1893
105
-69
-32
1
6
-7
0
2:-1
-3
5
17
-19
0
-2
2:7
-15
2:4
18
-23
108
-108
-3
10
2:0
-9
4
0
-5
3
-2
18
-18
27
10
-37
3
-1
15
-13
-5
0
1
898
-820
-79
13
-13
4:0
1
-1
6
-5
12
-3
-8
1
0
2
59
-26
-27
0
-11
317
-316
3
-3
51
-52
1
3
0
2
25
-31
0
58
-47
15
143
-35
-126
-7
-1
0
2
-1
27
900
-923
193
-195
7
-9
22
-19
9
132
-143
798
-770
-22
-6
111
-111
-2
11
-11
12
-7
-3
233
-229
-1
211
-216
15
-5
-4
-6
1
-1
5
0
-5
2
0
38
-39
2:0
86
-5
-77
41
-45
229
-213
26
-40
0
5
-6
7
4
55
-57
-4
-5
56
-24
-9
-24
57
-57
57
55
-105
-6
7
352
-354
-6
4
36
-41
1
6
-3
-1
6
-3
-1
-2
1
2
197
-202
2
-2
-1
35
-35
0
27
952
-977
2
17
-19
-2
5
-4
2
7
119
-128
3
1
0
7
-11
13
-7
7
-14
7
-7
0
13
3
-5
12
-18
6
-3
2
39
-44
20
-14
9
-16
-3
7
-1
-2
-4
2
5
-6
9
-2
-6
7
13
-20
2
0
2:-2
11
-11
-1
6
206
-212
13
-13
146
439
629
-1214
2
5
-5
1
338
-337
-1
9
13
-16
-6
-1
50
229
-272
-6
-1
47
-36
0
2
6
29
-49
174
204
-373
48
-53
-1
2:3
6
-10
11
-11
25
-27
20
-13
-3
-2
17
-9
55
-62
-3
22
-21
0
-1
16
23
21
69
-126
-3
28:0
1
-1
9:0
30
-30
14:0
1
-1
9:0
2
2:-1
3:0
6
-6
15:0
1
-1
2:0
2
2:-1
4:0
3
-2
-1
1
-1
10:0
1
-1
4:0
1
-1
1
-1
2:0
1
2:0
-1
2
-2
3:0
1
-1
8:0
1
-1
3:0
1
-1
3:0
1
-1
4:0
1
-1
0
2
-2
3:0
1
-1
9:0
1
-1
2:0
1
-1
0
1
-1
8:0
3
-1
-2
0
1
0
-1
5:0
3
-3
0
1
-1
4
-4
9:0
2
-2
0
1
-1
1
0
-1
9:0
2
-2
6:0
2
-2
7:0
1
-1
1
2
-2
-1
4
-4
8:0
1
-1
7:0
3
-3
0
2
-2
8:0
2
2:-1
1
3
-4
2
-2
0
1
3
-4
4:0
4
-4
6:0
1
-1
4:0
2
2:-1
3:0
1
-1
1
-1
10:0
3
-3
2
0
2:-1
11:0
4
-4
8:0
1
-1
1
0
-1
0
1
-1
1
-1
4:0
1
0
-1
0
1
-1
3:0
1
-1
4:0
4
-4
0
1
-1
4
-4
4
-3
-1
4:0
3
-3
4:0
1
-1
2
-1
2:0
-1
2:0
1
-1
3:0
1
0
-1
1
-1
1
10
-11
5:0
13
-13
2:0
2
-2
3:0
1
0
-1
4:0
2
-2
2:0
2
-2
4:0
1
2:0
1
-2
2:2
-3
-1
0
3
-3
5:0
1
-1
2:1
-2
5:0
1
-1
0
3
-3
3:0
1
-1
4
-3
-1
3:0
1
0
-1
11:0
end
