v1
1100
1093
990
665
875
1503
960
2380
435
554
1109
993
1367
465
1043
1199
651
300
94
864
1235
372
210
262
977
869
222
92
33
6
2423
423
2272
167
368
75
1633
128
57
69
162
433
896
452
366
8
11
584
54
108
235
217
23
198
954
31498
31
334
369
36
30
7154
328
1553
5140
10816
2650
4766
6612
5310
2988
16250
8586
124905
7741
9490
32443
389
5
55694
99
92
145
48164
140
77
3
1
100
41371
1
96
298
488
57
18
1048
26740
163
67
49
-488262
332
45
159
128
253
105
52
139
48
56
376
324
47
126
238
57
17
46
4
11
28
310
343
234
266
284
140
56
488
48
89
102
28
102
72
132
143
180
160
403
133
10
122
72
22
81
163
41
136
24
17
1
303
92
38
25
331
87
14
345
75
135
31
759
44
218
194
63
79
48
148
93
85
202
166
44
353
110
87
485
134
494
568
180
33
69
233
121
273
122
117
106
135
327
124
123
49
72
95
281
7
21
45
283
704
381
16
93
69
214
485
294
109
288
215
74
6
32
18
4
3
18
12
26
23
8
46
2
3
21
126
1
118
156
45
14
64
30
5
33
35
19
38
17
91
154
85
56
35
271
78
7
208
206
19
160
35
219
257
157
165
284
54
121
141
85
101
41
259
201
47
80
105
129
27
254
31
299
10
5
18
13
68
17
70
229
464
105
175
9
1
798
301
93
312
111
109
26
42
115
93
187
32
165
535
261
23
25
229
33
80
121
25
6
38
189
114
8
177
10
283
32
64
461
164
81
20
217
379
3
212
70
172
74
216
73
51
38
201
116
72
20
241
59
25
107
89
156
54
306
1
58
132
63
155
157
31370
27
213
33
53
129
4
84
76
21
143
1174
68
64
28
19
71
166
18
47
3310
9228
6582
16643
3
6494
2608
1252
4013
2
14
10903
1825
15
2466
5143
1
7
9
7
1
1427
3523
116404
11359
41828
10
55
88
48
131
53
54688
816
12
55
7
38
126
2
15
12
18
39
18
162
27
10
3:1
2
1
5
2
2:1
13
755
14
182
3445
12835
4654
3093
10208
3251
4729
2243
456
417
189
1101
532
2:2
1
6
16
28
89
94
131
9
40085
222
64
176
69
31
59
713
41
222
287
24
253
30
95
103
56
27
5
14
30
273
425
19
17
14843
150
2062
9722
2
163
205
13
7
55
5
23
59
5
-488671
155
321
151
504
248
164
1036
542
282
224
682
303
5
22
300
111
1
262
740
12
132
1039
84
167
288
164
873
6
9
67
301
37
35
105
104
92
146
250
14
57
618
2
269
66
173
168
618
338
1423
28
107
583
60
262
283
235
620
108
224
516
142
77
114
30
35
248
340
95
242
67
196
26
123
175
6
56
134
9
2:8
35
183
13
216
150
226
113
192
804
298
1541
155
111
58
149
272
425
17
305
788
199
257
29
916
727
74
34
168
157
68
336
101
474
446
84
594
901
394
122
125
136
564
58
576
665
153
106
244
285
34
43
56
112
31495
12
237
79
220
1623
197
272
7784
1724
17768
14703
4349
872
10732
1
3
4694
1514
6103
1446
119907
3543
1736
6032
41843
231
40
73
92
55393
7
50
168
105
157
34
866
156
19280
5994
17823
203
2954
766
256
3
59
91
40
66
60
30308
10012
470
462
449
314
234
845
165
38
63
14968
82
12013
-487987
405
72
984
198
511
1460
964
8
491
667
872
555
244
210
164
874
329
100
1291
163
407
54
1479
1257
24
494
901
638
81
1545
758
4
84
101
14
10
107
481
1718
10
331
388
87
813
810
373
88
851
1574
274
286
19
323
945
96
58
45
20
513
143
67
845
1073
670
575
1235
101
223
168
31724
362
1170
80
376
5973
14276
5125
11309
21670
8117
112439
66338
103
286
36035
20714
82
75
43336
3895
224
40944
1495
19
193
49
4
5
15832
-476289
110
142
133
161
40
328
121
272
26
13
172
31
33
141
216
83
65
35
402
81
283
181
156
504
377
89
67
783
234
165
51
144
321
140
128
53
22
167
123
94
226
140
288
69
237
288
251
170
184
891
372
129
673
610
548
151
281
488
764
412
757
43
238
736
286
57
277
113
917
554
25
549
135
74
20
6
39
14
143
141
133
45
123
12
42
25
137
663
7
65
690
381
2
585
554
186
351
733
175
401
236
1363
131
349
427
354
314
157
113
122
282
248
569
889
603
72
1295
543
310
442
257
51
24
105
50
197
4
211
31444
73
86
57
32
169
92
223
32
1093
13
227
180
20
76
1
11215
3840
1764
3697
11588
2560
9409
841
5274
8051
34
2
7119
487
509
1014
3167
132619
55
38232
3697
66
61
177
55668
300
211
816
40
45487
1687
10
133
51
43
31948
8582
296
612
80
226
52
195
46
199
447
300
203
156
176
26882
149
72
30
77
-486730
1603
726
555
1333
603
590
525
132
634
13
112
1129
249
1109
565
379
436
1272
757
78
692
164
488
405
495
465
281
210
318
1004
129
30
3
298
159
1152
1076
226
95
743
53
194
1961
2003
857
221
48
66
323
391
505
1045
84
914
37
29
804
507
253
442
317
31408
293
329
1121
118
386
44636
4304
21761
132704
40832
972
238
11246
44401
317
57
1004
8016
37647
1715
5
61
5
105
148
40076
45
1524
564
330
31
621
126
14880
2203
9972
285
1421528400
99:0
1
399:0
1
199:0
3
99:0
1
199:0
1
99:0
15685
-9797
-5034
666
-1113
488
2422
-1526
-1309
2361
-908
-1251
-77
-9
1297
9392
-10463
1597
-2019
66
2074
-1730
-236
-53
449
1013
91547
-92511
6933
-7543
2213
1282
-3230
36712
-29481
-7126
1459
-523
-857
46018
-46474
-65
546
-173
3922
-4097
3181
88597
-85303
-6274
8375
-1333
-7356
3449
923
-4364
298
-310
888
-913
-49
2068
-1878
210
9
5287
-5723
1045
24420
-24849
44
49827
-50466
12
4790
-4248
-445
4428
-3745
255
-966
-12
603
93029
-92705
12888
-8141
441
-6165
1018
145
-1046
4161
-2910
59737
-60956
2549
914
-3456
-177
-259
-60
-4
44
-3
-43
4
6
284
-218
-70
14
79
-71
24
-40
157
-78
-76
15
-1
-10
10
-12
-1
-13
137
144
-287
15
134
-51
-96
-1
2
3
0
12
249
-250
-17
12
26
-37
16
-14
26
-29
97
-90
68
-59
-7
-8
41
17
-59
9
3
10
-21
53
-45
34
-9
-29
26
-28
5
-8
5
-4
103
-93
-9
0
88
-90
35
-35
1
30
98
-97
-32
277
-262
-13
-2
15
-13
17
11
12
-2
0
20
76
-119
25
-34
-4
0
3
-6
7
65
70
-115
-28
7
30
130
-155
16
51
-13
-41
261
-196
-83
22
19
2
-18
49
-70
15
-10
-16
9
71
12
124
-105
-68
86
163
-213
7
-84
15
0
1
-8
20
101
-124
94
-80
169
-186
-4
43
-29
14
-24
-3
13
114
-52
165
-241
49
-17
122
-150
3
118
36
-139
-20
-3
119
-109
24
-33
28
88
-111
15
-20
6
7
13
70
-66
-7
132
-147
21
-29
126
88
-194
-20
18
-18
48
-46
0
-1
4
140
-135
20
-24
7
3
133
-121
29
-53
2:-2
-1
126
-91
-4
-3
-7
1
51
-14
29
-59
65
-80
90
-101
207
-95
-8
-63
7
-47
16
-11
18
-3
-7
-5
40
-37
16
-21
47
18
-75
3
5
46
-38
26
144
-90
-91
141
28
-154
20
-32
-4
72
164
-176
-55
11
128
-126
148
-163
167
-146
42
-58
10
43
-55
4
-10
2:-2
174
103
-261
72
-56
90
-115
21
-23
4
8
-3
-7
15
17
-26
1
-1
140
-144
10
-18
45
152
-184
-13
12
-1
-10
11
16
-20
-8
13
8
279
-296
26
12
-25
-2
-14
-1
0
24
97
-118
181
-103
183
-131
-84
19
-67
2:6
17
-13
66
-54
3
34
-10
36
-83
13
17
9
-38
-11
19
-16
13
-15
129
-33
-27
-15
-46
110
87
-178
-27
49
-49
26
-17
23
-27
210
85
-296
82
44
-121
-3
18
-12
0
85
-84
64
-43
-20
178
-124
-69
284
-161
-70
66
-106
237
-211
184
-28
-185
-14
1
3
-5
2
0
-1
1
3
-2
-3
1
0
2
1
-3
0
1
-2
4
0
2:-2
3
-1
0
-2
0
2
-1
2:0
-1
2
-1
2:1
2
-3
2
0
-1
-3
3
2:-1
3
-3
3
-4
2:1
-1
3
0
-3
-1
2
-1
2
0
-2
0
2
-2
3
-4
0
2
-1
2
-3
4
2:-1
-2
2
0
-2
1
0
-1
3
0
-3
3
0
1
-2
0
2
-2
3
0
-3
0
2
-1
-3
2:0
1
-1
0
5
2:-1
0
2
-4
0
2
-1
0
-1
0
4
-3
0
2
-3
0
1
3
-3
-1
4
2:-1
2
-4
1
2:0
-2
4
-3
4
2:0
-2
0
1
0
-2
2
0
-3
1
-2
0
1
4
-2
1
-3
2
1
-4
2:2
-1
-3
1
2:2
-4
2
1
-2
-1
3
-4
0
2:2
-2
2:0
-1
3
-4
2
2:0
-1
2
1
0
1
-5
4
-4
1
2:0
4
-2
2
-5
-1
1
2:0
-1
4:0
1
-2
1
3:0
1
2:-1
2
-2
0
1
6:0
1
0
-1
0
1
-1
5:0
1
-1
2:0
1
-1
1
0
-1
0
1
-1
0
1
-1
3:0
1
-1
3:0
1
-1
5:0
1
-1
5:0
-1
2
-1
0
-1
1
4:0
1
-1
5:0
1
-1
1
-1
2:0
1
-2
3:0
-1
1
-1
1
-1
3:0
1
-1
0
1
-1
1
-1
1
-1
2:0
1
5:0
-1
0
1
0
-1
0
1
0
-1
0
1
5:0
-1
1
2:0
-1
1
-1
2:0
1
-1
0
1
-1
1
0
-1
7:0
1
-1
1
0
-1
0
1
-1
0
1
0
-1
0
1
0
-1
5:0
1
-1
3:0
1
-1
1
0
-1
1
-1
0
1
0
-1
1
0
-1
2:0
1
-1
2:0
1
3:0
-1
1
-1
3:0
1
0
-1
8:0
1
0
-1
1
0
-1
2:0
1
-1
3:0
1
-1
2:0
1
-1
1
-1
1
5:0
-1
1
-1
4:0
1
0
-1
1
-1
1
-1
1
0
-1
0
1
-1
2:0
1
-1
1
3:0
-1
1
-1
0
1
-1
0
1
2:-1
25:0
1
-1
4:0
1
-1
6:0
1
-1
3:0
1
-1
9:0
1
-1
9:0
1
-1
8:0
1
-1
9:0
1
-1
10:0
2
153
-135
-17
2
13
-14
29
45
-72
13
11
-21
-6
1
14
-17
57
-57
3
-3
47
-19
-14
103
-117
2409
-2403
137
-82
-42
24
-28
1227
-1052
-183
62
-65
45
602
-607
-15
39
-65
259
-116
-117
1394
-1242
-167
190
754
-849
150
-16
-220
11
31
256
-274
12
-18
24
-2
6
68
-132
5
411
-407
-4
316
-271
-55
943
-925
-6
237
-234
-5
-10
16
-6
833
-734
540
557
-966
-177
176
-239
100
-45
176
916
-1111
-1
2
-37
40
-40
4
-4
1
-1
1
4
2:-1
5
-6
-2
2:0
2
-1
14
-13
1
-2
18
-16
2
-4
-1
0
25
-23
-2
0
11
-11
2
-1
0
1
0
-1
10
-11
2:0
9
-9
3
-2
-1
8
17
-24
1
-2
1
-1
4
-4
2:0
1
2
-3
4
-2
5
-1
-4
7
-8
2
-2
0
1
0
9
-7
-4
2
-1
2
-3
0
13
-3
-8
-2
16
-10
-6
4:0
2
0
3
-3
-2
1
0
3
1
-4
-1
2:1
-2
7
0
-3
-4
1
4
96
-99
-2
6
-2
1
64
-69
0
5
0
-3
9
-8
1
20
-21
2:0
-2
21
24
-36
-4
-3
20
-18
-1
-2
2
0
1
4
-9
12
-9
-3
2
21
-18
2
-2
-4
4
-3
2
-3
-1
12
32
-39
1
5
-5
0
1
-5
24
-25
6
-7
21
-16
-1
3
4
18
-28
2
-3
4
0
-2
24
-15
-7
3
-7
2:1
20
12
-30
-2
2
-2
4
-6
3
-2
1
8
-10
0
6
-6
4
9
-8
-5
0
1
4
-3
2:3
-5
-3
4
3
-7
3:1
6
-3
-6
1
3
8
-3
1
-9
3:1
-3
3
-4
2
4
2
12
-15
32
-30
-4
1
-4
2
6
-2
2:0
-3
4
12
-9
-8
0
2:-1
65
-55
-10
10
-3
-1
-6
1
22
-10
26
-36
0
2
-5
2
0
3
-4
1
0
29
20
-44
-3
-2
-1
6
-4
1
5
-2
-6
2
0
-1
3
22
-25
-1
4
-4
1
-1
3
0
2:-2
1
26
-27
6
14
-20
12
0
2
9
4
-21
6
2:-6
14
27
-39
-2
5
26
-8
-23
7
-6
2:2
2:3
-2
2
-11
9
3
-12
4
0
2
6
-10
-2
5
-5
2:1
4
7
-5
0
-8
8
22
-12
-17
1
0
4
0
-3
2
19
-9
-15
6
37
-43
0
2
-1
20
-15
3
-4
14
-19
1
2
-2
8
-3
2
1
-8
31
-28
-4
119
-115
2:-2
7:0
48
-47
-1
1
-1
2:0
2
-2
2:0
2
-2
1
-1
0
2
2:-1
8:0
1
-1
1
0
-1
2:0
1
-1
2:0
1
0
-1
1
-1
0
1
2
-3
3:0
4
-4
1
2:0
-1
4:0
2:1
-2
3
-3
0
6
-2
-4
1
-1
0
3
-3
2
-2
2:0
2
-2
2:0
1
-1
3
-1
0
-1
6
-7
1
0
3
-4
0
4
2:-2
3:0
1
-1
0
1
-1
1
13
-14
2
-2
2:0
1
-1
2:0
3
3:-1
0
1
-1
2
1
-3
1
-1
4
-4
1
0
-1
2:0
1
4
-3
-2
2:0
1
-1
2
-2
0
3
-2
1
-1
1
2:-1
2
-1
0
3
-3
4
-2
-3
10
-10
0
2
-1
1
0
-2
3:0
1
2
-2
0
1
-2
2:1
-2
0
1
-1
2:0
1
-1
2
-2
2:0
1
2:0
-1
2:0
2
-2
4:0
1
-1
2:0
1
-1
2:0
2
-2
2
-2
1
-1
0
2
-2
0
5
-5
0
1
-1
1
2:0
-1
2:0
2
-2
1
0
-1
1
0
-1
3:0
1
-1
3:0
1
-1
2:0
1
-1
1
-1
3
-3
5:0
1
0
-1
0
2
4
-4
-2
3:0
2:1
-2
4:0
1
0
-1
0
2:2
-4
9:0
1
-1
13:0
1
-1
12:0
1
-1
4:0
1
-1
4:0
1
-1
24:0
1
-1
0
1
-1
5:0
1
0
-1
4:0
1
-1
1
-1
1
-1
8:0
1
-1
7:0
1
-1
3:0
1
-1
12:0
1
-1
9:0
1
-1
6:0
2
-2
5
1
-6
4:0
1
-1
11:0
1
-1
0
1
-1
14:0
1
-1
14:0
1
-1
18:0
1
-1
17:0
1
-1
3:0
1
-1
25:0
2:1
-2
1
-1
6:0
2
-2
6:0
end
