v1
602
55
122
58
17
187
304
486
205
34
2:26
78
312
130
43
51
28
253
111
89
20
51
6
56
7
43
99
19
363
0
58
75
211
13
85
226
4
206
78
5
99
24
19
181
252
152
130
159
104
132
190
133
255
11
5
274
95
56
10
235
266
135
178
260
94
316
85
28
302
174
82
18
70
137
277
72
32
5
148
20
24
43
9
72
8
86
257
36
43
196
100
78
98
270
120
84
55
138
31
79
246
21
8
297
134
16
106
79
293
212
100
43
87
59
67
156
57
64
5
57
31
246
127
110
143
325
61
54
280
296
167
223
58
7
66
48
235
44
196
0
169
7
101
89
81
123
106
138
31
16
43
114
55
337
24
288
286
8
60
74
270
175
6
26
1
14
15
28
2
21
32
35
5
3
19
26
23
1
46
0
149
3
1
103
15
73
9
74
19
26
2:14
46
69
3
35
0
19
38
6
25
39
32
42
118
141
306
173
99
21
94
302
24
2:16
64
123
110
98
0
206
10
34
5
116
284
175
141
85
101
41
87
3
169
248
150
35
129
275
6
17
328
18
13
2
83
70
229
41
309
114
98
7
175
550
258
37
264
71
5
7
10
252
60
55
56
109
2
24
42
115
56
42
89
75
18
247
235
25
168
155
163
0
13
264
33
29
18
33
146
6
27
143
38
19
107
7
8
147
40
2
115
11
30
125
96
14
334
113
200
45
204
245
167
40
175
133
58
8
11
32
4
39
37
0
29
254
22
29
38
100
54
47
59
2
19
76
52
2
50
36
153
59
5
20
3
104
69
20
5
106
45
54
246
50
69
38
2
45
47
63
155
34
64
28
31398
1
2
5
22
9
43
247
14
30
85
88
76
8
112
15
21
8
22
0
1067
0
63
22
68
111
71
166
16
2
43
3314
2211
328
1553
3764
1376
2464
6929
1423
1878
11
761
2799
1967
5782
830
5310
2172
816
925
3524
2
4
10
8077
48
2764
14
882
958
2453
5157
7
9
2
5
3
1446
119906
3544
1
7741
73
9417
32421
22
17
16
134
40
93
21
68
2:5
11
6666
573
3760
43632
724
7
85
74
157
7
2
27
18
2
8
29
6
12
17
129
16
27
10
3:1
3
8
1
11
2
726
0
29
32
9
19
130
6
0
3445
4380
8455
2357
2297
3093
1178
3235
644
5151
3251
4729
813
247
1104
79
873
133
10
46
665
968
2
14
11
9
5
13
1
3
53
5
28
54
1
4
0
35
9
22
6
3
1
43
57
30302
1513
8491
64
176
100
89
37
12
462
125
1
87
103
119
85
92
0
110
277
9
57
18
41
61
42
93
9
30
273
223
18
109
25
45
5
19
17
15
23
14801
144
82
2
1988
9722
2:1
149
13
1
115
2
17
9
62
2
6
5
62
35
52
5
38
5
1422010800
601:0
4
1
3
9
-17
1
18
-14
-5
0
2
9
-9
5
1874
-1880
3
-3
36
-34
8
-8
240
-27
-214
62
-31
28
-61
0
2:11
-18
-4
1
23
-13
-6
34
-37
2:-1
2
7
4
78
-87
3
2816
-2808
-14
66
-65
29
50
-81
2
44
79
-112
5
-17
21
23
-23
-21
-1
0
2
20
-10
5
-15
178
-171
-3
-2
-4
29
-3
-5
-7
-10
-4
2
3
8
-7
0
-4
3
0
160
-164
0
56
-56
0
13
35
-48
9
78
-79
-1
30
-34
-1
528
-519
3
7
101
-122
0
24
130
-147
-1
12
-18
12
-10
-3
4
-3
5
-3
56
-58
58
-58
1
6
-8
2:1
11
-12
-1
2
24
-26
0
1
103
-94
-7
25
1011
-1021
-10
-8
13
307
-191
-126
87
-89
1
-1
2:0
5
29
-24
17
36
-63
6
36
-40
2
11
-8
-1
-4
-2
5
-3
9
-8
53
-56
18
-6
150
-115
-37
-11
1
7
-7
122
-123
0
2:2
4
-4
-2
-1
2
-2
106
-99
306
-252
-61
40
23
-61
2
3
-6
-2
9
294
-300
1
20
111234
-111256
17350
-17286
-46
-12
16
-20
4
77
-71
-13
9
-10
0
27
-23
25
-28
17
-8
21
-31
315
54
-334
57
569
-661
10
-1
-6
14
-16
38
-39
190
-182
-3
-2
51
-47
-5
1878
-1878
3
60
-55
-9
12
-12
5
3205
293
-3495
5
1
-14
5
-3
2
-3
7
40
-47
8
-10
3
4
-5
1
-1
1157
-1153
404
-399
59
29223
-29292
-1
3
-3
2
1
153
7
-161
28
73
-96
77
-78
-6
93
-89
12
3
782
-650
-119
-32
2
-1
1
3
-2
-3
1
8
69
15239
-15313
-1
1452
-1451
-4
28
243
-271
89
-85
34
1718
-1738
1492
-1508
5
1
163
-165
-3
0
6
-8
2
-3
1
10
227
-237
1
302
-302
-1
0
3
175
956
-937
-43
-127
-23
-2
165
-164
110
-82
-30
69
-69
870
-852
48
0
-66
2
-3
80
-72
15
-14
42
-40
7
-17
59
-25
261
-203
-94
498
-496
-1
436
-429
-6
793
-791
31
-7
-23
14
-18
153
-153
3
28
-27
0
-1
14
-17
15
-4
83
-92
1
5
-7
14276
-14270
-7
21
-21
-1
183
103
-231
4427
-4404
190
-259
-8
2
-3
2
1
31
1731
-1765
9
-8
1
0
7
-8
45
-1
-41
1
3
-1
19
-25
-1
1
10
480
-480
267
-270
12
-14
8
-3
-7
8
16
-4
13
-15
-18
3
-4
1
-3
-1
0
19
-18
1
2:-1
40
-35
18
9
-26
-5
6
0
-3
-2
8
-7
-3
34
-31
-3
1
16
67
-72
9
-11
15
-25
2:0
4
8669
-8673
3
17
9639
-9657
0
15
-7
-9
2
126
6744
-5539
-1304
244
-268
-5
11
13
7
-31
0
198
-199
6
52
59
-115
6
8
13
-27
1
6
30
536
-478
2703
-2786
-14
32
-8
-22
15
-16
-1
2
56
-47
-10
4
7
-2
-6
65
-55
60
-74
1
26
-27
363
-246
-111
208
-214
141
-136
-4
50
-50
64
-53
3
401
-408
38
-42
-4
35
1
4:0
1
3
-4
6:0
63
-63
6:0
6
0
-6
1
-1
4
-4
3:0
1
-1
0
1
-1
0
8
-8
1
-1
1
-1
0
6
-6
0
65
-65
0
1
-1
0
1
-1
2:0
3
-3
4
-4
2:1
-2
3:0
1
-1
3
-2
-1
13
-12
-1
2:0
1
-1
1
-1
3:0
2
-2
4:0
2
-2
6:0
3
-3
0
4
-4
4:0
3
-3
2:0
11
-11
2:0
8
-8
0
2
-2
1
-1
0
1
-1
4:0
3
-3
8:0
1
0
-1
2:0
10
-9
-1
4
-3
-1
1
-1
2:0
1
-1
30
-30
7:0
1
-1
2:0
9
-9
0
5
-4
-1
0
2
3
1
-5
0
8
-9
12
-11
21
-19
-3
2:0
1
-1
8
-8
1
2:0
1
-2
4:0
6
-6
24
-18
-6
1
-1
0
1
-1
2:0
1
34
-35
0
3
1028
-1031
48
-38
-7
-3
4
-4
2
-2
5:0
5
-4
-1
0
1
0
-1
0
26
-25
8
-7
12
-14
2:0
1
-1
0
11
-11
14
-13
-1
0
5
-5
0
36
-36
1
3
-4
4:0
226
-147
-79
8:0
3
-2
0
-1
2:0
1
-1
0
40
-39
7
-2
-5
305
-306
1
-1
2:0
2
-1
17
-18
1
-1
1
12
-13
0
10
-10
0
1
44
6
-46
-5
1
-1
2:0
1
-1
2:0
12
321
-332
-1
44
-44
0
2
-2
0
4
-4
5
80
-83
201
-202
-1
1
32
-33
4:0
2
2:-1
2:1
-2
1
22
-22
-1
2:0
4
62
-54
-7
-2
-1
-2
11
-10
20
-19
-2
16
-16
105
-103
6
0
-8
2:0
5
-4
3
0
23
-27
5
-5
1
11
0
1
-13
16
-16
0
22
-22
0
32
-32
3
-2
0
2
-3
9
-9
6
4
-10
0
1
-1
0
1
2
0
-3
1
2
-3
136
-136
1
0
-1
0
17
-17
8
270
-276
7
-9
1
-1
3:0
2
95
-97
1
-1
2
-2
3:0
8
-6
2:0
3
-1
-4
2:0
5
4
-4
-5
1
4
-5
2
1
-3
3
-2
7
-1
-6
-1
4
-2
2:-1
7:0
4
-3
1
2
-4
8:0
3
1
-4
2:0
14
-13
-1
0
2:1
-2
2:0
14
-14
1
-1
201
-201
0
1
2
-1
-2
26
168
-26
-168
42
-41
-1
1
4
1
-5
-1
7
-7
2
9
28
-36
-3
1
24
-24
0
1
-2
10
30
124
-164
0
11
-11
0
7
-7
2:0
4
-4
2:0
1
4
-5
6
-6
22
-22
0
1
-1
13
-8
-4
6
-7
17
-17
3:0
28
-28
1
7
-8
15
-13
-2
0
end
