v1
595
160
50
11
31
65
305
121
30
456
191
14
34
8
229
31
82
44
48
8
46
119
79
135
0
167
171
57
56
22
28
118
542
68
97
134
308
40
277
285
300
276
15
4
26
72
151
28
250
26
271
170
99
166
237
119
145
160
413
95
300
100
105
294
21
84
51
31
51
146
9
19
277
71
33
36
117
20
67
9
80
7
79
194
63
127
38
67
43
93
7
78
106
51
75
71
46
19
17
33
115
6
226
377
8
393
38
90
32
31
341
357
0
31
54
339
47
18
4
10
47
0
154
123
99
138
143
258
111
17
7
192
174
85
198
141
283
119
290
176
101
77
7
271
27
96
257
18
227
1
164
157
40
288
294
59
220
2
123
175
6
26
1
15
14
12
16
55
43
25
13
23
8
46
19
117
13
3
1
118
82
66
8
7
52
18
46
52
13
95
17
73
18
36
76
42
85
362
173
120
94
326
96
233
98
206
10
33
6
116
104
42
138
115
60
141
85
101
12
33
55
2
26
3
108
59
2
102
44
5
67
200
15
129
27
52
202
17
177
136
10
5
23
10
83
70
86
143
41
309
68
151
52
123
9
41
758
192
7
102
93
312
55
50
117
368
75
18
32
460
183
12
306
19
258
33
29
18
33
66
80
6
80
53
75
19
107
7
8
46
101
30
293
96
14
334
34
241
2
68
13
20
184
313
47
92
0
175
16
57
60
58
8
11
32
43
75
8
18
73
4
142
51
38
100
54
47
53
7
1
147
2
50
36
153
59
5
20
3
173
20
5
119
32
106
145
49
2:50
151
63
38
8
109
34
64
28
31398
3
5
22
9
43
161
59
27
14
30
94
79
76
9
111
36
8
36
918
135
13
72
0
35
33
111
71
166
16
2
0
56
3301
2211
2
326
6693
7580
1110
2126
2650
4766
5782
830
5310
2169
819
4449
2
14
8075
2
1
2825
1840
2453
13
2024
3119
1
7
9
2
5
1445
106584
13326
3544
1
7741
73
9417
32368
43
10
20
2
33
8
259
72
17
5
11
7244
47392
724
92
47
27
32
27
98
0
7
2
27
57
0
6
12
1
16
127
2
4
12
37
2
1
10
2:1
11
2
726
43
46
16
114
6
3445
4380
8455
2357
2297
3093
1178
3878
13046
86
813
1430
454
419
189
665
802
166
2
9
0
16
9
18
1
3
49
30
7
10
44
40
37
2
2:1
23
8
12
51
0
5
1
40102
163
41
64
176
11
4
85
126
474
125
1
46
41
50
53
16
103
68
17
92
110
277
9
2
19
21
5
10
18
41
19
84
47
5
26
15
5
4
515
138
0
74
1
19
17
28
10
11
28
14906
86
1973
13
9722
2:1
162
1
53
62
28
7
25
32
6
5
4
58
5
60
22
5
56
1422531600
594:0
9
-5
2
4
33
-43
11
-10
6
8
11
-15
20
-29
-2
5
-3
1
29
-29
2973
-2975
80
5
-85
0
296
-183
-113
199
-171
-19
-7
30
-31
11
-12
4
248
-183
-63
7
-7
-1
291
-297
2
-2
7
49
-46
36
-43
-3
5
21
-18
21
-26
22
-19
-5
7
-8
2
9
81
-92
3
-2
407
-407
15
-2
-1
-4
51
-54
-6
0
1
9
220
-218
24
-35
10
-1
-9
2:1
-2
6
-3
-2
0
3
-5
2:1
-2
5
0
112
-112
-3
-1
745
-578
220
-387
3
-3
246
-226
-20
-1
8
-4
14
2
-18
-1
5
-6
10
3
-12
-1
18
-6
1627
-1629
-5
22
-26
0
14
-12
70
-71
2
-4
1
125
-121
70
-74
2
-2
4
323
59
-326
-57
-3
2:0
7
-3
-5
7
-7
40
-39
5
21
-17
-5
2:-1
3
1
2
-5
36
-34
51
-34
288
-307
86
-90
2
0
21
-22
106
-90
18
-32
1
-1
-2
107
-105
325
-270
-17
-41
49
-46
95
-97
1
63442
-63431
7956
-7871
-95
18
-20
2
10
6
-19
2
0
-2
2
-2
13
-12
228
-228
0
1
2
-3
13
-3
10
-20
2
-3
2:3
-1
63
-67
2
3
128
151
-276
-8
14
634
-648
0
9
4
-11
-1
1
32
-16
-19
147
-85
-57
1515
-1519
8
3650
-748
-2911
19
-10
-9
5
0
-3
26
-13
-14
4
24
-18
-2
-7
2
-3
902
-899
1088
-1080
86
-96
131456
-131455
10
7
94
-106
-8
0
4
-1
3
-3
91
-93
1
86
-5
-75
-5
-2
15
-14
704
-567
-111
-24
-4
0
2
30
-31
29
-27
31
17
17486
-17517
-18
6
1366
-1337
49
-86
137
-133
16
1843
-1820
822
-864
3
109
-109
-1
6
0
-8
1
-1
14
76
-90
2:2
320
-278
-46
0
1490
-322
-1049
-51
-68
3
-4
11
0
102
-112
139
-126
-14
83
744
-813
-14
14
-13
19
63
6
-56
-11
155
-169
23
-30
17
2
-14
4
30
-33
202
390
-593
-2
200
500
-614
-82
-6
18
-20
199
-191
29
-30
-7
12
-11
-1
96
-87
4
-12
1
94
-90
-2
35165
-35162
-7
28
14
145
-107
242
-287
3118
-3151
4
72
-73
78
-73
-9
2:1
17
847
-866
10
3
-13
75
-45
-28
-1
0
17
-4
-13
3
1
-2
-1
182
-176
-8
11521
-11520
98
-100
31
-22
-8
0
1
27
-9
22
-16
-20
-1
-4
-1
16
-14
1
7
66
-75
11
-1
-6
30
-33
4
-5
16
-9
-5
46
265
-235
-65
22
-33
-1
47
-49
0
2
264
-265
66
-39
-14
5866
-5870
98
-107
4599
-347
-4252
3
8000
-7997
-4
12
89
-101
-2
49
88
-129
-7
21
-20
17
-19
50
69
-107
-13
2
1
12
-7
152
-111
-49
5
10
468
-482
5
-4
-2
632
1055
-1654
84
-94
-23
2
10
35
-47
19
-13
-3
-1
-2
8
27
-25
-8
33
-34
-1
12
-12
1
2
-2
249
-116
109
-240
5
228
-104
-123
361
-345
-24
-1
1
290
-290
21
8
-30
6
1
2:0
1
-1
4:0
3
-3
1
-1
4:0
1
-1
0
69
-69
1
0
-1
0
6
-4
-1
5
-6
20
-20
3
-3
3:0
1
6
-7
3:0
40
-39
-1
0
2:1
-2
4:0
5
-5
2
-2
3:0
3
-3
2:0
1
-1
2:0
18
-18
0
1
-1
6:0
3
-3
1
0
-1
0
1
-1
0
1
-1
11:0
5
-5
3:0
2:1
-2
2:0
15
-12
-3
5:0
1
-1
1
-1
4:0
1
-1
3:0
3
-3
0
1
-1
5:0
10
-10
6:0
1
37
-37
-1
1
-1
0
2
-2
3:0
1
0
5
2:-3
1
0
-1
4
-4
1
0
-1
7
4
12
-23
8
-8
1
-1
4
-4
10
-10
6
-6
0
2
-2
9
-9
32
-31
2
-3
2
-2
33
-33
1
1078
-1079
45
-38
-5
-2
2:0
1
-1
2
0
-2
9:0
1
0
-1
0
4
-4
1
-1
3:0
2
-2
2:0
17
-17
5
-5
2
10
-12
0
2
-2
2:0
2
4
-6
0
34
-29
-5
42
-42
3
188
-129
-62
1
-1
2:0
2
-2
1
0
-1
5:0
1
-1
41
-40
14
-10
-4
-1
275
-275
3
-3
15
-15
0
1
-1
0
1
0
5
-6
0
7
0
-6
-1
3:0
53
-7
-40
2:-3
2:0
1
-1
2
-2
1
4
302
-306
0
-1
43
-43
2:0
8
-8
8
91
-95
180
-184
0
28
-28
0
1
-1
4:0
17
-17
0
2
20
-22
1
-1
4
46
-40
-1
-8
1
-2
2
0
3
-5
33
-28
-5
16
91
-104
-3
3
-3
2:2
0
-4
3:1
11
-14
2
0
-2
0
7
-7
2:7
-13
-1
24
5
-28
0
-1
0
1
7
-2
9
-15
0
4
-4
0
3
-3
2
-2
0
1
-1
0
141
-141
2:0
1
-1
14
-14
5
189
-194
0
3
-3
6
-4
-2
1
-1
1
70
-71
1
2
-3
8
-7
3
-4
0
6
0
-5
-1
0
3
0
3
2:-3
561
-561
2:0
6
-5
-1
2
0
7
-4
-3
-2
4
-4
4:0
3
-3
7
-7
2
1
-3
4:0
2
-2
1
-1
14
-13
2:0
-1
0
2
0
-2
0
10
-10
3:0
153
-151
19
-21
231
19
-250
1
4
-5
2:0
26
-26
2:0
4
-1
-3
0
1
4
-4
12
24
-37
1
-1
0
1
2
-1
21
-23
1
-1
12
-12
2
-2
0
75
112
-185
2
6
-9
-1
2
-2
0
1
-1
3:0
3
-2
2
-3
5
-5
0
2
-2
3:0
9
-4
4
-9
0
17
-17
1
-1
11
-11
2:0
15
-15
1
14
-14
-1
end
