v1
891
207
377
8
230
407
205
34
496
119
88
126
25
75
67
171
57
56
7
14
1
28
118
258
116
39
2
120
7
165
32
27
15
21
164
353
147
61
224
129
171
159
136
26
72
46
86
483
111
101
168
135
31
216
19
266
160
153
13
535
201
6
295
125
135
31
179
46
349
177
8
176
86
29
228
275
93
62
23
412
160
224
79
104
136
35
431
494
24
188
145
85
339
36
11
22
57
22
9
145
379
102
152
88
18
135
104
367
224
95
254
148
103
187
161
116
77
7
118
276
275
16
15
78
64
55
164
197
237
51
276
10
8
279
306
26
1
29
51
32
25
18
12
7
19
6
17
54
5
14
124
4
2
3
1
13
105
82
74
59
35
29
35
30
38
19
38
17
127
118
85
91
271
173
120
420
329
98
206
10
33
6
116
146
138
54
121
141
85
101
41
87
111
61
151
97
185
441
110
189
10
5
33
66
17
52
18
229
41
206
85
132
85
20
52
931
192
109
93
312
55
56
109
2
24
82
262
75
50
655
306
56
221
33
199
27
44
42
128
19
38
69
15
0
147
323
32
64
14
275
172
162
103
82
100
2
0
412
3
37
175
70
121
8
11
32
290
73
89
100
54
47
31
30
127
20
88
130
23
59
5
20
3
69
35
89
5
9
142
96
10
194
212
39
63
155
34
123
10
31360
5
22
246
53
44
170
3
76
8
112
36
8
22
1043
37
72
68
111
71
166
18
47
3310
2211
2
326
1553
3764
1376
4232
6584
2650
4766
4989
3
790
830
5297
13
2988
925
3524
2
14
8077
3708
943
15
2453
13
5144
7
11
5
1428
21
3502
116405
3543
1
7741
73
4
9413
32421
22
167
40
93
89
5
54647
731
33
52
47
27
157
7
2
27
57
6
12
1
16
129
16
27
11
2:1
11
1
11
2
1
50
675
43
3627
12835
2931
1723
3093
5057
5151
7894
86
575
1668
873
189
665
436
330
36
166
2
3
6
16
31
58
28
10
37
7
40
36
1
3
1
43
47
4
5
1
40102
204
64
176
100
126
12
212
250
125
1
46
160
103
68
17
202
49
228
9
57
18
41
19
84
102
30
273
135
214
14
62
19
17
28
10
14945
10
72
1990
9722
2:1
105
57
1
115
18
10
7
19
1
35
2
11
62
5
30
38
14
45
9
45
-488742
132
11
31
187
100
14
45
24
433
38
383
18
263
105
48
8
20
110
114
62
152
91
59
147
38
426
101
250
364
111
248
19
201
13
228
425
61
2
156
195
217
87
293
99
208
209
91
173
93
259
283
166
141
175
350
134
163
36
6
33
26
390
336
52
216
22
264
57
146
220
108
45
101
46
190
46
25
155
86
35
9
67
2:168
926
84
114
41
233
157
313
253
381
208
17
173
161
14
80
96
554
7
652
318
95
25
175
9
296
334
49
110
7
142
148
58
89
157
45
177
101
197
48
26
16
13
4
106
44
48
2:24
86
163
36
4
5
4
124
7
24
1
27
1
86
38
60
8
48
197
90
132
155
158
142
115
45
131
160
121
10
123
130
10
192
40
311
295
95
392
230
116
272
144
281
41
261
406
402
165
229
10
81
217
151
390
144
14
173
12
186
179
17
45
112
71
171
37
5
182
625
50
89
13
163
72
467
10
46
95
75
166
5
195
2
344
48
333
277
4
32
0
257
221
26
60
597
37
6
26
19
86
375
64
50
182
25
488
19
172
296
26
27
16
2:40
136
77
168
15
31398
82
95
66
100
60
7
25
32
73
54
37
57
94
1012
56
406
39
23
63
11
47
283
5565
1878
2048
703
2063
3901
3683
1805
20333
2605
3047
836
1391
8074
11
1
2
2825
4780
509
0
4160
7
10
8
25210
96144
5280
5981
10361
27926
3522
124
21
30
7
42
46
159
73
19
18
7259
2380
45736
16
63
119
27
29
83
40
23
63
137
33
7
4
19
731
22
33
94
67
7829
4973
5840
10443
13945
247
1637
562
1688
1
6
3
17
18
98
51
4
5
35
57
40
16
0
40284
440
541
213
33
70
541
240
177
5
0
26
227
13
213
205
44
0
45
15054
56
11819
40
26
89
20
52
40
12
147
1422558000
499:0
1
390:0
9
15
-14
-1
88
-74
-5
-6
8863
-8867
4
-6
0
370
-366
577
1565
-2121
2
5
195
-201
-23
89
-87
0
-5
0
4
2
-6
75
24
-89
110
-120
10
186
-194
127
-123
11
-15
510
-510
14
24
38
-76
127
-119
413
-423
12
159
-161
-9
18
-17
1
14
98
-63
-18
-26
-5
1429
-1430
-2
35
111
-115
-16
7
-6
8
1
-18
-7
-1
2
18
1703
-1711
157
-154
412
-427
43
-32
435
-65
-378
0
4
74
-69
-10
8
-8
0
100
-98
33
7
3
44
-91
26
-19
128
-134
24
9
-33
0
21
-18
338
-195
-110
-34
5
113
-116
35
305
-335
385
-391
-1
268
-269
1
-1
1
65
66
10
-110
1592
-1566
-59
22
-22
2:2
2:3
462
-458
4
14
57
-87
69
686
-667
355
-385
-21
-13
669
-675
7
-5
-7
-3
13
-24
14
272
-171
-42
-68
453
-457
20
269388
-269388
9029
-8878
-170
-1
29
54
-13
-9
-58
295
-298
0
46
-47
96
-41
-49
-3
63
-67
21
249
-265
-5
0
30
73
372
-473
5
17
2:-12
16
128
49
278
-470
6
3527
-3193
-308
132
-160
-5
20458
-3715
-16675
-39
-26
24
3
-23
168
-156
-9
5
1685
-1700
8
2173
-1962
1
45216
-45412
75
-94
256
-252
1
-8
20
-16
-4
216
-6
-210
-1
73
9
-82
33
4361
-4173
-198
-11
-3
15
227
137720
-137953
-19
4322
-4323
73
-21
-42
8
7
4177
-4181
2210
-2231
125
-96
190
-218
28
-18
129
-130
-3
17
195
-207
697
-597
-109
3460
-729
-2475
-237
-12
214
-217
115
-107
42
165
744
-905
244
-301
1
589
-569
20
-24
65
-57
5
677
910
-1613
1043
-904
5176
-4800
-519
1017
1868
-2246
-642
3
49
-22
-10
5
418
-442
20
27
-47
0
21
-20
22
-4
-14
951
-953
62304
-62286
18
-30
16
-14
751
12357
-12738
-292
-87
5465
-5458
429
-434
-4
3
1109
2775
-3883
-4
108
-81
-17
12
32
-41
-5
-2
1349
-1188
-162
6
26215
-26226
134
249
-367
-15
20
29
79
269
-375
-24
2
-2
0
1
27
106
-106
-18
-1
11
-17
43
-31
176
-187
0
1929
-1926
36
201
-223
-19
25
-20
-2
1015
-655
-242
-84
-39
11717
-11712
-2
205
15290
-3083
-12385
76
-50
-44
558
-564
33
81
-106
-7
3
-10
14
-15
132
322
-451
5
-4
343
-291
-27
118
209
750
-855
30860
-31083
7
-1
32
-48
-4
29
-42
3
-1
72
-44
14
171
-11
169
-299
74
-128
1790
-1623
20415
-20260
-337
213
-29
-189
0
2
39
16
2:-26
2750
-2746
21
-28
87
36
220
258
-609
2:2
1
-4
2
0
-3
0
4
-3
2
-1
-2
3
-3
1
2:0
1
0
-1
2
-3
3
-3
2:1
-2
2
2:-1
5
-4
-1
2
0
2
-3
-1
0
5
2:-2
0
1
2
-2
3
-4
3
1
2:-2
2:0
3
1
-3
0
-2
2
-1
2:0
-1
1
4
-4
2:0
1
0
-1
1
-2
4
-1
0
2:-1
4
-5
2
0
-1
0
2
1
-3
3
0
-2
0
-2
1
4:0
1
-1
0
1
-2
2:1
-1
1
2
-4
3
0
-2
-1
0
3
-3
2
-1
1
-1
4
-5
1
-1
0
4
-2
1
-2
1
-1
4
-4
1
-2
2
3
2:-2
3
-4
3
2
-3
0
2
2:-1
-2
3
0
-2
-1
2
-1
0
1
0
-1
2:0
1
2:-1
1
-1
4
-4
4
-4
5
-3
3
-4
2
0
-2
2
-1
1
-1
2
2:-2
1
3
-1
-3
2
-2
1
-1
1
0
3
-1
3:0
2
-5
4
-4
3
1
-3
2
-1
-2
2
3
-3
2
0
-1
-2
2:1
-2
2:0
3
3:-1
2
-2
2
-1
0
-1
2
1
-2
3
-5
4
1
-4
2
-2
0
3
-3
-1
2:1
2:-1
3
0
2
-3
2
-2
2
2:-2
2:2
2:-2
2
-2
3
0
-2
-1
1
4
-4
1
-1
1
2:-1
4
-1
2
-4
-1
2:0
1
-1
1
3
-4
2:0
2
0
1
-2
0
-1
3
-3
5
-1
1
0
-4
2
-2
2
1
-2
2:-1
5
-5
5
-5
4
-3
0
4
2:-2
-1
4:0
1
-1
5
-5
3
-3
1
2
-2
-1
2
1
-3
2:0
4
-2
3
-4
2
-1
2
-4
2:0
2
2:1
-4
2:1
2:0
1
0
-2
1
2
-3
4
-4
1
2
0
-1
0
-3
2:0
3
-1
2
-4
2
-2
1
3
-1
2
-3
-2
1
-1
1
1
2
-2
0
5
-4
0
2
110
-113
2
-2
3:0
13
-2
-9
-2
12
-4
-7
-1
1
-1
2:0
32
-29
-3
4:0
14
-14
0
2
-2
11
-11
2:1
59
-61
0
3
-1
1
-3
0
8
-7
-1
10
-9
-1
1
0
-1
4
-4
0
1
0
-1
28
-28
0
5
-3
2:-1
3
-2
0
-1
5
-5
1
0
4
-5
0
9
-3
1
-7
0
6
2:3
-12
0
1
3
-4
4:0
1
-1
4
-1
-2
-1
0
4
-4
1
-1
1
-1
0
4
2:-2
35
-29
-4
-2
2
-1
0
1
-2
0
5
-5
2
113
-115
6
-6
1
4
-5
44
-43
7
-8
0
6
-5
-1
8
-7
-1
2
-1
1
-1
13
-13
24
37
-53
-5
0
4
-7
18
-16
3
-3
12
-12
3
-5
-1
38
-27
-7
-1
61
-64
7
1815
-1820
108
-88
-22
4
-2
11
-9
-1
-2
1
-1
1
10
-9
-1
8
-8
-2
12
-12
2
47
-48
-1
1
7
-3
12
-17
0
3
-2
4
-5
27
-26
50
-49
-2
54
-51
-1
5
-5
-1
633
-472
-156
-2
-3
-1
5
-4
-1
0
1
3
51
-54
-1
30
-27
0
520
-512
-11
1
39
-40
3
-3
7
-5
-2
20
0
-20
2
23
-15
-9
5
171
-91
-74
-11
2
-3
24
848
-863
-7
145
-146
4
8
-13
6
19
205
-220
538
-548
6
-3
69
-70
2:-1
1
-1
1
6
21
-21
69
-76
0
7
146
-136
-16
2
23
-25
49
-44
-4
45
172
-211
15
-23
0
11
-7
3
6
20
-28
-3
1
28
-31
33
2
-31
31
-35
39
37
-70
-6
3
2:0
-2
-1
14
-13
14
6
-18
0
1
-4
1
-1
6
-4
2
271
-274
1
-1
0
-1
4
26
-29
9
-10
610
-610
13
-11
2:-1
7
144
-150
0
-1
5
-4
19
-5
-11
2
-6
7
2
-2
-7
1428
-1428
26
-22
-1
-3
6
12
-2
-9
-4
-3
0
5
-5
4
1
-4
4
1
-6
2
-2
3
-3
18
-16
2
35
-39
1
7
-4
-3
1
-1
0
10
-10
2
-3
0
343
-340
-3
46
802
46
-890
0
-3
2
109
-112
10
2
-8
-2
1
-3
2:0
33
77
-109
0
3
7
19
-24
-6
10
18
96
558
-681
2
19
-19
10
-8
-5
2:0
7
1
8
-15
14
2
-16
0
2:2
17
-2
-18
18
-19
27
-26
-2
0
2
-2
5
28
-30
18
-21
1
-1
45
-45
0
44
-44
2:0
1
-1
4:0
1
-1
24:0
1
-1
3:0
1
-1
0
1
-1
4:0
1
0
-1
1
-1
51:0
1
-1
22:0
5
-5
2:0
1
-1
3:0
2:1
-2
4:0
1
-1
4:0
1
0
-1
4:0
2
-2
0
1
-1
7:0
1
-1
2
-2
2
-2
3:0
1
-1
7:0
1
-1
2:1
-2
4:0
1
0
-1
1
-1
0
1
-1
0
1
-1
3:0
1
-1
2
0
1
-2
-1
0
2
-2
4:0
1
-1
1
-1
2
-2
2:0
1
-1
1
-1
7:0
4
-4
2:0
2:1
-2
0
2
-2
2
-2
0
1
-1
12:0
1
-1
7:0
1
-1
0
1
-1
6:0
3
-2
2:0
-1
0
2:1
-2
2
-2
6:0
1
0
-1
0
1
-1
2
-2
1
-1
11:0
4
-4
2
-2
0
3
-3
0
1
0
-1
2:0
4
-3
0
2
-3
3:0
2
-2
1
0
-1
0
2
-2
6:0
1
-1
1
-1
0
6
-5
2:0
-1
2:0
1
2:0
-1
10:0
1
end
