v1
887
2083
715
1437
1125
3541
2656
584
698
85
339
126
2893
394
275
16
480
93
582
724
43
258
210
262
804
173
120
749
314
39
943
1465
15
423
291
74
1447
460
167
368
75
1761
126
162
433
896
452
374
11
249
389
108
235
217
23
1152
31493
5
22
516
196
36
7184
328
1553
5140
10816
2650
19676
12547
12271
18
132646
9490
32443
389
5
55694
128
197
13
45409
1727
802
224
58
28
54
77
3
1
100
41372
377
496
9
75
1048
26740
163
116
-488414
178
45
257
208
312
38
62
74
52
139
39
65
74
366
133
127
47
26
100
67
151
0
20
38
2:19
37
7
15
146
214
7
39
114
41
107
20
107
58
59
269
71
140
68
145
17
39
263
102
26
145
321
204
19
124
180
11
111
14
24
111
22
12
67
76
106
142
10
120
96
151
93
41
87
91
323
5
14
53
70
269
123
33
225
40
30
35
0
69
21
135
31
35
42
40
62
12
383
185
20
67
89
12
74
50
207
36
43
57
139
93
85
0
95
62
69
142
44
83
43
34
224
79
39
48
153
67
112
148
101
38
16
74
23
381
149
63
21
37
298
132
2:24
69
33
10
423
28
0
140
28
85
35
117
18
9
79
128
7
104
13
17
87
106
39
55
30
61
278
281
2
5
102
12
235
77
139
66
21
29
77
130
368
160
49
78
16
48
55
164
414
71
328
25
45
54
116
5
125
22
98
24
31
6
49
7
2:6
39
19
38
10
20
5
21
23
8
48
120
27
3
1
13
97
8
73
21
62
14
26
5
14
35
11
18
30
5
87
38
17
82
45
118
85
91
789
0
134
61
219
208
206
43
122
101
3
42
138
54
61
60
35
106
85
101
100
0
28
111
58
3
0
146
102
170
15
129
27
248
47
28
261
10
5
31
85
70
163
66
247
217
43
15
35
12
185
40
529
229
199
155
30
10
83
93
136
105
6
109
26
157
56
37
219
643
77
241
19
29
0
229
33
29
197
6
46
34
53
94
38
76
8
20
167
2
115
166
96
139
322
63
99
103
82
166
250
1
0
45
267
70
63
58
51
80
32
37
151
63
51
38
100
101
96
92
20
241
59
25
107
89
0
5
250
7
194
61
129
22
2
19
18
63
0
21
134
157
31378
28
43
0
194
26
27
44
154
16
72
7
23
141
22
986
57
24
13
72
68
97
14
71
108
58
5
11
2
45
3312
7856
1373
3900
2681
0
1002
10652
1696
4086
830
5310
7439
4
8078
8
1
2826
882
943
15
2453
13
474
0
1550
3126
1
9
8
1427
119928
0
3543
1
1735
6032
47
4
41792
8
24
10
55
134
26
14
73
20
53
19
7277
47392
724
57
35
15
32
27
59
105
2
27
18
0
39
6
12
162
27
10
3:1
10
1
12
3
725
0
29
14
0
180
2
8362
4438
3480
2923
1731
3093
1178
3879
5151
7980
693
120
165
908
563
622
45
189
1431
202
4
1
6
5
11
180
31
9
22
4
49
51
5
30303
1513
8491
64
29
147
138
51
37
213
261
125
47
41
50
53
16
103
85
116
86
310
111
84
45
2
31
11
43
273
49
0
282
19
13
12
0
13
32
5
19
4
13
15
21
14947
86
1973
13
9722
2
162
1
170
3
32
2
73
5
16
51
15
5
38
-488485
18
0
134
8
64
119
72
347
0
324
129
3
359
54
299
407
18
817
126
634
82
374
5
303
0
183
28
130
402
288
201
0
508
334
299
1141
238
646
69
284
56
827
10
91
236
120
471
130
38
51
1664
539
17
439
740
168
144
71
934
135
0
9
55
348
594
0
104
160
526
401
41
61
8
40
3
52
121
51
79
292
70
35
700
144
122
187
0
291
11
243
656
840
320
53
639
17
14
276
600
371
938
328
142
509
68
438
247
428
374
292
138
79
23
124
430
1223
914
247
413
160
667
114
119
86
2:94
357
39
41
31448
317
27
32
177
176
920
641
60
0
8067
8381
326
29835
19732
2
1012
4619
3539
6
160381
9320
0
42
153
83
55373
355
278
4
818
89
59
27820
15457
2199
1681
8
7
2
17
20
307
40800
1117
629
0
20
119
392
15343
11914
113
19
72
6
187
1422469800
99:0
1
599:0
1
186:0
8453
-8201
247
133
1194
-1210
1682
-1436
-648
253
-213
232
-84
-83
-35
-65
310
-283
78
1667
-1308
226
340
-844
352
-551
89
118782
-89432
-29215
1043
-594
-38
402
588
-879
2429
-2802
22777
-13677
-8025
701
33332
-34990
-342
-42
27239
-27347
2891
79078
-77703
-4083
4797
-2365
-1565
-542
2782
-2979
-302
53
1209
2858
-3038
-1055
312
470
869
-1555
652
-146
37144
-37605
9482
-9371
850
2328
-3363
30706
-30662
99
-230
186
302
-146
16
-338
12055
-12017
24136
-11213
-12696
-184
56
-180
1093
18326
-18679
706
-1445
30
-226
-1
45
-42
14
-17
2
-1
69
-68
12
-13
-1
2
1
28
-23
-7
-1
9
-6
-2
1
113
-114
164
3
-98
-56
16
-18
-12
2:1
60
-58
-4
2:4
74
-67
-5
-8
-2
23
-22
5
-1
-3
3
18
143
-159
8
-15
1
6
-7
0
6
12
72
-90
0
9
-2
18
-25
67
-47
-20
8
-4
64
-67
2
8
-11
1
32
-25
4
9
13
-32
0
146
-133
0
-15
10
33
-38
-4
4
-5
0
140
-135
7
8
-14
11
-14
2
-5
15
-13
6
-8
20
72
-53
2
17
-53
2:-2
22
-23
2
9
-5
13
-12
-4
12
56
-68
-3
0
46
-44
13
3
32
-48
97
-99
7
6
-3
-8
2
-1
114
-117
2
4
0
3
-6
2
4
-5
-3
-1
48
-39
2:-4
20
-15
-6
8
-3
-4
79
-76
28
-24
-6
-1
6
9
-15
0
60
-49
-10
-1
4
3
-7
13
-10
13
-17
4
-4
11
45
-11
-38
-5
0
7
-5
-4
0
1
8
12
-18
2
-4
11
-7
-5
9
-8
28
-20
78
-87
16
-16
3
-3
13
-7
-3
132
-134
6
54
-26
-33
115
-115
7
-5
18
-21
0
138
-137
31
-33
17
0
-17
22
147
-169
6
-4
2
-2
11
-13
3
5
-4
130
-130
1
51
-15
-7
-33
37
-35
35
-3
-33
1
0
1
12
-12
35
3
-40
10
-8
68
-71
-1
51
27
-74
32
-34
52
119
-164
21
6
3
-25
-11
-1
0
19
-19
-2
4
7
65
-71
-4
4
6
0
-9
0
-1
17
47
-60
10
-15
3
40
-43
34
-17
-14
2:2
51
-34
-17
3
-8
-2
12
-10
2
-1
11
92
-104
-1
2
-2
2:2
28
-26
-4
8
45
-23
-33
1
14
0
-13
73
-66
-9
48
96
-141
-2
3
-4
1
7
20
77
-67
-23
-14
106
-79
2:-10
8
-14
-1
149
-134
-12
5
-5
2:2
-8
5
64
-30
3
-41
0
1
0
118
-118
1
-3
33
-33
135
-133
3
-5
40
-39
135
-42
-93
6
-7
3
65
-14
-36
7
-1
4
107
-135
0
35
-26
46
-49
-6
2:0
2:1
163
-163
55
-29
23
1
-50
2:-1
5
-4
22
-5
-13
0
10
-10
2
-7
2
4
180
-186
8
-5
3
-4
73
-70
51
-6
-45
-3
0
3
39
-14
-25
-3
0
26
-18
-8
-2
1
12
40
-49
43
-47
8
31
-28
14
-3
-7
-14
-1
20
109
-65
55
-85
-23
2
-7
16
-16
72
17
-87
-7
1
-2
6
0
-6
4
6
-10
40
-40
32
-27
-5
13
7
146
-166
10
-10
81
-57
-24
18
-6
-4
30
-25
-3
4
-13
36
-37
22
-20
0
-2
3
4
15
-20
4
106
-98
-13
45
-33
-7
47
-52
1
97
-95
5
-5
-2
2
0
72
-66
95
-97
137
-95
-50
6
-6
16
37
-40
-12
0
1
2:0
13
-1
-11
3
-2
61
-65
23
-11
-10
16
-18
2
108
-86
157
15
-184
21
-25
31
-9
79
-105
-4
20
106
-119
-7
-2
1
0
-1
1
-1
0
1
0
-1
1
-1
1
0
-1
0
1
3:0
-1
1
-1
1
2:0
-1
1
-1
1
-1
1
-1
0
1
-1
1
-1
1
0
-1
2:0
1
2:0
-1
1
-1
1
0
-1
0
1
-1
1
-1
0
1
2:0
-1
1
0
-1
1
0
-1
0
1
0
-1
1
5:0
-1
0
1
3:0
-1
1
2:0
-1
0
1
-1
1
0
-1
0
1
2:0
-1
1
-1
0
1
6:0
-1
1
3:0
-1
1
-1
0
1
0
-1
1
0
-1
1
2:0
-1
1
-1
0
1
0
-1
1
2:0
-1
1
0
-1
0
1
-1
0
1
3:0
-1
1
0
-1
2:0
1
0
-1
0
1
-1
1
-1
0
1
-1
0
1
0
-1
1
-1
1
4:0
-1
1
0
-1
1
-1
1
0
-1
122
-116
14
53
-41
-19
2
-14
11
1
-7
-1
21
-15
-6
-4
1
105
-75
-26
-5
53
-35
17
-23
-4
58
1893
-1848
-109
-1
39
-18
-22
1
67
-23
-40
679
-522
-104
-26
504
-488
-30
11
136
-94
-68
916
-794
-105
177
331
-451
-72
116
-101
21
11
137
-163
9
10
-9
6
27
-60
-9
2
269
-271
524
-507
-5
131
-132
1512
-1504
-16
11
20
-21
2
-15
5
340
-279
758
92
-799
-14
-91
-1
17
711
-712
-8
0
6
-25
3:0
1
-1
2:0
4
-4
4
-4
2:0
1
-1
3:0
1
-1
1
0
-1
0
8
-6
1
0
6
-9
6:0
24
-24
3
3:-1
8:0
11
-11
0
1
-1
1
-1
3:0
6
-5
-1
2
2:-1
0
6
-6
2:0
3
14
-17
4:0
4
-3
1
-2
4
-4
4:0
2:1
2:0
-2
5:0
3
-2
-1
3
-3
2
-2
1
-1
1
-1
3
-2
4
0
-5
2:0
1
-1
4:0
4
-3
0
-1
4:0
7
-7
1
-1
6
-6
1
-1
6:0
4
-4
0
2:1
-2
6:0
3
-2
2
-3
3:0
1
-1
1
-1
0
5
-3
-2
2:0
2
2:-1
1
-1
2:0
5
-5
3:0
3
-3
0
2:1
-1
4
-5
0
1
-1
7:0
5
-5
4
-4
1
2
-3
2
-2
2:0
5
-4
1
0
-2
2
0
23
-25
0
30
-29
-1
19
-19
2:0
2
-2
0
12
-10
-1
0
1
5
-7
3
11
-14
0
1
0
-1
6
-6
1
5
-6
18
-18
1
2
-3
1
-1
9
-9
2
-1
3:0
-1
3
-1
10
1
-12
1
-1
11
-12
4:0
10
-9
1
-2
0
15
-15
2
-2
4
-4
2:0
1
-1
2
-2
17
-14
-3
0
2
-2
2
-1
0
1
4
-3
-2
0
-1
5
-5
0
4
-3
3
0
2:1
-4
-1
0
1
0
-1
3
-4
5
-2
-3
4
-1
-3
0
1
-1
1
-1
3
0
-1
-2
0
1
0
-1
11
-9
-2
5
4
-9
4:0
5
-5
14
-10
-4
0
5
-2
11
-12
5
-6
0
69
-70
1
2:0
-1
1
-1
0
8
-4
0
-4
2
-2
0
13
-10
0
-3
1
-1
21
-21
2:0
7
-7
4
19
-23
3:0
1
7
-8
6
5
-11
35
-35
0
7
-5
-1
2
-2
-1
3:0
3
-3
3
1
-4
34
-32
-2
0
5
-3
3
-4
-1
0
7
-5
0
-2
0
2
1
-3
1
2:0
1
26
-27
0
8
-9
1
-1
1
0
6
-5
-2
1
3:0
1
-2
1
0
2:1
-3
0
15
-14
2:5
-9
1
0
2
4
3
16
-26
4
-5
0
4
-4
24
-18
-6
2
1
-4
2
0
-1
0
-1
2:1
-2
5
-4
-1
1
5
2
-8
3
-3
1
-1
0
7
-3
-4
4
-4
4
-2
-1
2
-2
5
-4
-2
0
1
0
1
-1
1
2:2
-6
6
-6
0
7
-7
0
30
-29
3
-4
2:0
3
34
-37
13
-10
9
14
-26
2
-2
0
10
-9
-1
0
2
-2
4:0
3
2:2
-7
9
-8
-1
10
-10
0
1
3
12
3
-18
-1
1
5
16
-12
-9
-1
0
71
-68
-3
23:0
1
-1
2:0
1
-1
46:0
1
0
-1
8:0
1
0
-1
4:0
1
-1
18:0
2
-2
2:0
1
0
-1
27:0
1
-1
0
1
2:0
1
-2
4:0
1
-1
3:0
2
-2
4:0
2
-2
15:0
end
