v1
936
69
118
130
83
39
145
471
174
52
115
72
0
26
104
171
195
119
110
78
3
361
57
17
39
22
28
118
221
194
127
72
133
55
229
283
5
140
165
127
300
129
30
234
46
86
512
82
51
50
334
235
225
41
36
100
24
166
247
495
345
31
44
135
31
88
109
28
381
5
61
87
188
74
257
136
139
93
85
572
86
217
104
171
87
344
16
478
278
164
126
180
33
69
57
31
145
739
135
156
65
145
151
132
46
95
281
28
45
48
651
252
142
106
169
16
4
89
64
55
172
96
93
177
111
294
279
118
182
6
27
24
5
12
33
38
25
18
12
7
8
11
3
27
47
2
17
7
117
4
6
13
105
9
64
9
10
64
59
64
30
35
57
38
17
14
2:113
5
85
2
54
62
244
170
3
120
225
414
110
28
276
10
33
6
116
146
138
54
121
35
106
85
101
41
90
166
3
146
5
97
185
129
275
23
313
15
31
2
153
82
147
41
161
148
114
85
8
12
59
924
301
71
12
10
176
191
165
2
24
66
91
93
94
75
50
655
143
48
115
13
17
1
246
33
176
264
19
107
7
8
147
40
283
32
78
447
152
0
93
20
82
36
66
245
167
40
175
70
121
8
11
32
74
12
204
73
89
100
54
47
56
5
127
20
88
153
59
0
5
20
3
104
89
5
9
33
64
45
350
11
42
101
27
20
135
83
34
64
13
31416
5
22
9
237
50
3
44
85
88
76
8
112
36
8
22
1042
88
22
58
10
111
71
43
74
49
16
2
25
20
2
9
272
3029
2211
328
1553
981
4159
10816
2650
11
4755
4989
3
790
830
5310
2988
1797
2652
2
8091
2826
882
943
2468
5157
6
1
9
2
1433
10
11
123450
1
7741
73
9417
23244
9177
22
389
5
54647
781
35
8
66
157
7
2
15
12
57
6
12
17
82
63
27
10
2
1
11
1
11
3
754
32
164
3445
12835
4654
3093
10208
7894
86
813
247
1183
1016
46
665
968
2:2
1
4
2
16
27
4
86
54
5
35
9
28
3
1
43
37
10
9
1
30302
10004
64
25
151
69
31
89
37
599
1
74
116
119
68
17
202
135
142
9
57
18
41
19
84
83
10
39
623
25
50
19
17
15
23
11084
3721
140
2072
9722
2:1
162
102
14
35
20
35
2
11
62
5
82
67
-488531
174
138
174
30
351
118
18
105
55
104
163
49
82
92
28
196
13
185
65
47
20
291
37
48
334
82
195
113
59
229
359
19
162
423
7
359
28
8
26
13
6
204
2
66
281
293
307
82
179
39
22
118
245
93
349
147
132
9
175
105
8
0
91
15
240
25
109
0
54
42
33
121
19
744
158
264
531
45
166
44
180
23
181
7
639
5
152
95
9
160
359
2
352
316
43
0
4
320
380
35
69
48
407
198
87
172
380
41
100
74
209
77
139
101
59
33
205
73
17
12
0
28
181
166
53
157
176
5
33
293
23
175
242
412
288
31
47
14
27
17
8
32
19
121
23
6
178
15
119
5
23
37
14
54
2
16
35
30
129
234
102
43
209
11
86
503
27
8
36
61
0
86
10
331
49
230
5
191
295
122
365
28
305
74
211
144
27
52
202
31
10
75
247
79
19
220
700
84
89
171
622
157
185
100
93
19
57
60
43
62
6
177
171
6
266
31
278
150
257
13
172
52
11
222
98
1
17
33
66
86
34
99
10
122
273
156
1
0
568
476
84
66
104
87
105
55
363
171
29
305
292
14
0
89
6
98
731
34
68
92
119
19
74
85
17
21
92
168
31409
166
66
88
12
239
41
25
172
1295
5
151
44
3
3103
4744
2065
0
1377
1372
3901
335
3348
1092
6347
14699
0
2605
3
1252
489
3530
10
8021
7
18
36
16
2801
3377
933
983
4185
2
1412
15484
104457
5279
6038
45
40809
983
8
24
58
7
134
40
61
12
20
21
32
19
38
10999
44363
218
162
191
2
81
17
13
696
7
36
6
0
21
19
73
0
57
4
7829
10810
10447
16247
313
977
535
2:7
2
17
5
111
55
31987
8874
16
541
172
183
150
241
42
486
30
1
20
207
13
87
120
174
37
89
137
14743
2203
9886
131
105
93
6
43
8
38
2
-487311
1071
103
5
3342
3065
3874
988
2017
480
2495
765
27
97
411
615
875
2
5695
2652
2352
1404
253
32204
1171
69
303048
7831
10815
25739
44513
99
399
398
40
15969
1422040200
499:0
1
399:0
1
35:0
14
-5
-3
2942
-2943
19
-17
79
-76
16
-7
0
-9
-2
4
-4
8217
-8193
-27
3
28
109
-126
1778
-1754
224
-162
-99
12
-8
50
-51
150
-151
-3
494
-466
-15
330
-233
-102
-6
1983
-1974
1
-12
103
-102
31
19
-35
-8
53
-58
0
33
-35
13
5
-18
1439
-1439
1
-2
11
-10
4089
-4081
-8
106
-99
-8
12
2
223
-228
2
-2
21
-23
-2
-3
138
-139
493
-491
230
-230
335
-319
-10
454
-455
146
-153
4
5
24
214
-200
117
-164
0
20
38
-57
3
-5
162
-5
-157
507
-504
230
-223
118
-118
-8
16
-18
3
441
-364
-62
154
-167
441
-394
-16
-10
-23
72
-72
-2
119
-107
2378
-2343
-45
0
22
-24
2
4
-6
2
4
45
25
78
-151
66
-30
6
577
-606
112
128
-61
-189
335
-339
9
84
-95
14
82
-15
-81
49
115
-155
216
-203
20
251
-290
8
381
-387
44
302154
-302200
16084
-15928
-124
-34
78
-56
1244
-1203
-36
-26
383
-385
0
48
-47
2
-2
26
-26
-1
3
18
42
-53
314
-301
14
85
476
-598
2
22
-15
183
-19
-170
101
15
-111
-5
20
-24
3259
-3216
75
-110
-5
24
-19
37175
-18425
-18727
-21
-5
13
-12
94
-98
3
45
-31
-18
1462
-1283
1961
-2135
53
88393
-88447
-5
85
767
-849
1
0
4
204
-194
8
204
-228
4
87
-12
-75
8
5088
-4698
-282
632
-727
2:-13
21
636
25849
-26478
-23
5014
-5020
46
76
-89
-19
-1
3797
14415
-15514
-2553
408
-331
-228
-6
0
6
5
12
-1
-22
99
-62
-36
0
1740
-1516
-223
191
8066
-7978
-112
-162
18
-25
325
-154
3581
-3700
33
115
1982
-2172
166
-175
0
108
-104
6
19
-5
133
-158
73
-50
30
-51
6
74
145
-70
140
-218
937
-673
-310
557
-146
1589
-2031
68
-69
3
57
-27
3
320
-357
26
25
-46
5
27
-31
2:1
656
-661
2
34057
-34016
-45
13
-9
75
237
-266
6990
-7037
80
350
812
1269
-1964
-551
36
-35
54
818
-856
-2
60
-34
-37
117
-27
1617
-1706
57
-49
11
-17
5
619
-524
243
-342
1638
-1646
157
-154
69
-43
37
-65
2015
-1947
-23
-42
192
-196
19
1407
-1404
-13
3
-9
-1
4
0
10
13529
-13032
15801
-16308
14
-19
395
19463
-15962
-3881
207
-206
7
855
-879
181
-80
-93
41
-41
103
-111
24
169
331
-520
-4
7
2597
-2512
-75
-18
232
1414
746
13894
-16274
42454
-42351
-105
1133
-1098
84
-125
377
49
-408
-10
301
-210
-48
2011
-1881
-161
1642
-1351
94
-384
190
-200
24
13
253
-299
133
-119
97
-100
-21
1
-1
2
-2
-1
2
0
-1
0
1
-1
3
2:-2
4
-2
-1
0
-1
5
-2
0
-2
0
3
-4
1
0
2
0
-1
3
-4
2:1
0
-1
0
2
0
1
-2
-1
0
-2
2:1
0
1
-2
3
-2
0
-1
1
2:0
2
-4
0
2:2
-3
0
1
-1
2
0
-3
4
-3
3
-4
4
-3
4
2:-2
2:1
-2
3
-2
2
0
2:-1
2
-1
-2
-1
2
-1
4
-3
-1
0
-1
3
-1
0
-1
3
1
-5
4
0
-4
5
-1
-3
3
1
-4
0
3
0
-4
2:1
2:-1
3
-2
1
2
2:-2
3
-3
1
3
0
2:-1
0
-1
3
0
-4
4
-3
1
0
2:-1
1
-1
3
1
-3
2
-2
2:0
2
2:-1
3
0
-2
0
-2
2:1
0
-2
4
-3
2
0
-2
2:1
0
1
2:-2
2
-1
0
1
-1
3
-1
2
-4
1
0
1
2:-1
2
-3
2
-1
2:1
0
-2
2:1
2
-3
3
-5
1
3
-3
0
3
-4
5
-4
0
2
-1
-2
3
-2
3
-4
3
-2
-1
2
-1
3
-4
4
-4
4
3:-1
2
0
2:-1
2
-2
2:1
2:0
2
-4
0
1
2
-2
1
0
-2
3
-4
3
-3
3
0
1
-2
2
-2
3
2:-2
3:0
2
-2
0
1
2:-1
0
1
0
-1
1
-1
1
2
1
-1
-2
2:0
1
-2
1
3
-2
-1
1
0
1
-3
2
1
0
-2
2:1
2:-1
0
3
-4
5
-4
0
2
0
1
-2
1
-2
3
-2
1
-2
0
1
0
-1
0
1
-1
2
2:0
-1
1
-3
1
0
2:1
-1
2
-1
0
-1
0
2:-1
2
-1
1
3
-5
2
-1
4
-2
-1
1
-1
2:0
2
-4
0
2
-1
4
-4
2:0
4
-2
1
-3
0
4
-3
0
2
-2
-1
3
-2
-1
3
0
-3
3:0
1
2
0
-2
-1
4
-2
2
-5
35:0
1
5:0
1
4
-4
-1
2
2:0
-2
1
-1
123
-123
2:0
2
8
-9
13
0
-10
3
-7
1
35
-36
4:0
18
-16
-2
0
9
-9
0
163
-163
2:0
2
-2
5
3
-8
3
6
-9
0
3
-3
3
2
-4
-1
1
3:0
-1
36
-36
2
-2
3
-2
0
1
2:0
-1
4
-3
-2
4
-4
16
-16
4
-3
4
-5
14
-13
-1
18
-14
3
-7
0
3
0
-3
1
-1
2:0
2
6
-6
2:-1
6
3
-9
39
-39
10
-8
-2
2
-1
0
-1
1
-1
0
4
77
-81
1
0
3
0
-4
5
-3
1
45
-47
5
-6
1
-1
8
-8
2
6
-6
-1
0
-1
0
24
-21
27
-30
3
37
-40
15
-9
3
-8
19
-19
4
-2
-3
3
-3
10
-9
-1
0
1
22
-23
10
2:-5
1
66
-67
13
1931
-1943
95
-67
-28
0
5
-1
-5
2
4
-3
3:-1
11
-10
0
1
5
-5
-2
2
10
-9
-2
51
-39
-13
7
20
-27
1
0
2
2:1
-5
25
-2
-19
-1
1
-2
41
-39
3
-5
-2
2:1
851
-656
-192
-1
-4
0
4
-4
2:0
9
-3
-5
57
-51
22
-27
0
603
-601
2:-2
47
-46
-1
0
4
1
-1
-4
24
-23
0
28
-18
-9
0
182
-96
-75
-12
1
3
-3
-2
20
947
-963
-3
141
-141
6
4
-5
8
0
184
-185
679
-678
-10
68
-71
0
-1
3
-1
-2
0
2
-2
7
-7
2
102
-104
5
-1
161
-154
3
-13
0
2
33
-32
42
-39
-4
34
178
-211
23
-26
0
7
-8
3
7
1
-10
-1
38
-38
3
-3
2
1
-1
-2
2
29
-2
10
-39
26
10
33
-69
4
-4
2
0
6
-5
16
-18
21
14
-31
-3
2
-1
-3
2:1
2:0
238
-239
-1
2:3
13
-19
15
646
-661
3
7
4
139
-152
0
7
-8
18
-4
-9
4
-7
-1
8
-1
4
-10
-2
21
-16
2
-5
13
21
-18
-7
-11
9
-8
0
2:3
2:-1
-3
-1
6
-5
0
13
-13
3
35
-35
-3
-2
3
-2
0
1
-1
15
-12
418
-420
11
-10
68
425
289
-782
-3
3
2
155
-160
9
5
-14
10
-7
-2
-1
4
33
82
-119
1
2
14
46
-62
0
19
14
87
611
-731
39
1
-41
0
19
-5
-13
5
2:4
-12
26
-28
2
50
-48
-1
25
-10
19
-37
39
-38
-1
4
66
-69
15
-13
64
-67
3:0
1
-1
4:0
1
-1
4:0
1
-1
4:0
1
-1
19:0
1
-1
0
1
-1
31:0
2:1
-2
25:0
1
-1
4:0
1
-1
2:0
1
-1
9:0
2
-2
2:0
1
0
-1
7:0
5
-5
7:0
3
-3
4:0
1
-1
5:0
1
-1
1
-1
0
1
-1
7:0
1
-1
7:0
2
-2
0
2
2:0
-2
10:0
2
-2
2
-2
0
1
-1
0
3
-3
2
-2
4:0
2
-2
1
-1
2
-2
5:0
2
-2
3:0
2
2:-1
3:0
1
-1
3:0
3
-3
2:0
2
-2
5:0
1
-1
2:0
2
-2
1
0
2
-2
2:0
-1
0
1
-1
11:0
1
-1
13:0
1
0
-1
3:0
1
-1
2:0
4
-4
0
1
-1
1
-1
2
-2
1
-1
2:0
1
-1
1
-1
3:0
1
-1
0
2
-2
4:0
1
-1
1
-1
0
8
-8
12:0
3
-3
1
0
-1
0
2:1
-2
2:0
2
-2
0
2
-2
1
-1
2:0
2
-2
1
-1
1
-1
7:0
2
-2
5:0
2
2:-1
22:0
2
-2
1
-1
5:0
2
-2
3:0
end
