v1
766
55
114
71
299
204
171
315
167
24
48
4
466
26
119
214
100
41
26
170
1
57
17
39
7
15
28
37
81
63
352
127
427
31
35
182
13
84
5
140
26
566
159
234
132
42
441
95
16
101
76
92
166
194
22
19
266
326
109
66
72
94
1
193
51
156
295
98
6
21
135
31
46
12
105
28
34
277
72
185
87
101
74
194
63
275
178
157
146
65
44
147
316
104
163
8
319
112
117
36
341
149
63
145
85
59
280
47
22
57
176
228
253
152
106
128
7
366
85
20
46
24
33
216
402
420
147
84
118
40
236
257
18
16
211
1
361
237
51
294
279
2
298
6
4
23
29
45
38
43
38
31
46
2
3
117
27
3
1
103
15
73
9
12
62
59
64
65
38
57
17
127
118
85
295
59
7
1
173
120
225
160
35
96
233
98
206
10
33
6
193
69
138
54
121
141
85
142
256
3
146
5
2:68
146
404
6
307
23
10
5
33
83
70
229
41
423
105
175
808
301
83
10
252
60
55
56
109
2
4
177
187
75
50
511
144
45
208
53
8
11
29
229
33
232
80
128
19
107
7
8
147
30
12
46
235
96
14
611
81
20
78
4
102
452
175
2:70
51
8
11
32
290
95
67
100
0
54
47
61
6
141
88
153
59
5
20
3
104
89
3
2
119
32
512
39
63
98
15
42
34
64
31429
5
22
9
290
44
170
3
76
120
36
8
22
932
54
166
68
111
71
46
120
15
3
43
4
3310
2211
328
1553
5140
10816
1500
1150
4766
5782
830
5310
2988
1797
2652
2
8091
5
3703
943
15
2466
5134
10
18
6
1427
1042
118885
3545
7741
26
47
9417
32411
10
22
124
83
165
17
5
55463
74
157
7
2
15
12
3
54
6
12
17
129
16
27
10
3
10
2:1
11
2
83
643
29
7
3634
4380
8455
2356
1
2297
3093
1178
3878
13132
813
247
1183
1062
665
802
166
2
1
2
6
5
11
27
2:2
53
5
28
35
19
40
9
28
3
1
80
10
4
5
1
40113
193
64
0
176
100
126
37
562
1
190
119
43
25
17
202
277
9
21
36
18
41
103
78
15
39
186
87
212
119
19
25
49
1
13
6
17
15
21
2
14945
62
2010
9722
2:1
162
1
115
28
7
23
32
0
2
73
5
2:30
22
5
40
22
32
11
-488621
23
64
65
9
60
829
174
60
30
212
174
28
286
53
138
23
438
134
225
388
58
389
19
1008
135
18
38
118
105
124
93
392
484
133
244
119
82
346
302
95
80
460
18
211
33
621
370
272
100
142
90
185
249
495
118
510
0
222
9
13
66
526
335
370
951
172
317
607
476
332
197
43
545
569
128
443
26
588
102
33
8
183
144
135
52
5
17
0
96
18
2:69
189
809
346
133
716
100
362
263
15
42
94
0
1
0
5
0
154
444
20
456
931
148
27
180
0
187
50
9
3
246
515
177
7
178
100
272
0
203
213
0
42
16
24
57
915
106
13
140
243
1
27
115
29
164
97
35
271
73
85
844
38
183
64
10
237
10
657
31
289
51
227
162
110
596
83
42
10
194
50
68
1
38
2
253
179
0
4
0
31407
9
64
12
83
281
0
82
90
1
189
1451
451
5564
10594
0
3683
3221
5464
16058
5274
8085
0
1
2827
5291
4166
0
121372
5279
47972
9
69
10
166
13
53
128
7168
3760
44356
16
123
238
258
9
25
9
779
0
20
15
51
42859
403
2138
1858
68
48
23
115
5
27
38
31834
8564
182
54
631
222
41
349
115
37
24
209
53
135
94
37
216
520
15106
4
11929
1422633000
499:0
1
265:0
3
80
-55
70
-93
-2
121
-98
-17
-5
25
-26
8
6644
-6644
23
-31
39
-27
17
232
-251
322
-302
1
64
-92
13
-14
61
-60
40
-27
-13
134
133
-267
79
-68
-13
152
-150
454
-451
22
-26
0
31
-27
-3
42
380
-425
1
3
38
-33
7
-8
147
-155
23
-23
10
13
70
-82
-11
4
0
103
-107
6
440
-434
674
-669
-16
25
-23
2:-1
116
-114
0
2
11
-12
-1
70
-69
9
-6
49
185
-230
54
-62
7
26
-36
19
-7
264
-276
70
-69
17
98
-115
2
-2
56
16
-73
19
-19
17
37
-54
13
-12
37
-23
-9
-4
12
-14
10
184
-175
490
-490
-18
0
459
-448
29
28
-62
-5
1
0
-3
16
-10
7
35
-36
16
-24
4
-6
0
6
2
-10
114
-112
49
11
578
-635
77
-5
-48
200
-218
-3
14
-18
178
-153
-27
-2
3
293
-216
81
-156
1
61
-65
486
-486
5
100018
-100024
3723
-3724
48
-36
30
-16
-4
-21
69
-64
10
-13
-3
22
-21
17
37
-55
2
135
-137
2
348
243
-517
-36
184
-205
-17
1
103
139
-242
46
-49
1
3486
-3475
8
170
-190
5
14273
-8832
-5431
-15
39
-8
-26
5
-9
2:0
38
-28
-7
10
1214
-1224
275
-261
181
151476
-151674
4
2
109
-108
329
-330
-7
14
-14
4
164
-120
13
-59
-2
16
2497
-2305
-162
-46
3
11
120
4
135759
-135893
2599
-2602
25
39
-43
-12
2961
-2964
1639
-1637
-6
16
212
-231
2
6
232
-25
-213
0
1
625
-611
0
2466
-2329
-74
-66
272
-285
175
-166
195
1138
-1122
-84
-116
-18
113
-110
109
-32
-80
70
-69
37
308
-346
69
115
229
-313
343
1217
-1575
1879
1284
-3118
-129
21
269
-294
18
28
-46
1
23
-23
140
-128
5
1146
46734
-47893
-5
2
53
43
192
-253
16
7064
-7110
115
2689
-2811
13
-11
815
2030
-2819
63
-54
-35
13
-6
12
-20
5
417
-380
21810
-21839
37
-45
-2
9
-13
39
108
-66
-73
26
-25
28
-36
0
1
38
-40
8
58
-51
-14
20
8
-28
105
-37
-12
92
88
-232
99
-102
3
-2
28
52
-82
7
12027
-12030
220
-95
-121
8281
-8286
-3
126
10008
-4638
-5288
-161
25
-67
321
-326
23
9
-3
-24
10
373
-382
67
202
-264
16
344
-266
-52
-31
100
647
-756
980
10526
-11479
1
-33
0
3
16
-14
54
-6
-54
0
-8
0
1935
-1907
-21
-4
2
2:72
-69
-57
-12
734
-426
4544
-4861
151
-77
-70
10
-6
4
27
142
-179
-2
6
56
-64
12
-12
439
-406
-35
0
1
2:-1
0
1
0
2
-1
-2
0
3
-2
2:0
1
-2
2
-2
1
0
1
-1
1
-1
0
1
0
2:-1
1
-1
2
-2
0
1
0
1
0
-1
0
-1
3:0
2
0
1
2:-1
1
-1
2:0
-1
2:0
2
0
-1
2:0
-1
2
-1
1
2:-1
1
4:0
-1
2
-1
0
2:1
-2
0
-1
0
2:1
-1
5:0
2
-2
-1
2:0
1
6:0
-1
1
0
-1
1
-1
1
0
2
-1
-2
1
-1
0
3
-1
-2
2
1
-2
0
1
-1
0
-1
2
0
-2
0
2
0
1
-2
-1
1
0
-1
2:1
-1
0
1
-1
2:0
1
-2
1
-1
2
0
-2
1
-1
2
-2
2
1
0
-3
2
-2
1
-1
0
2
-2
2
-2
0
1
-1
3
-3
6:0
1
0
-1
1
0
1
0
-2
1
2
-3
1
0
1
0
-1
2:1
-2
1
-2
2
-2
2:0
2
2:0
1
-2
-1
2:1
2:-1
2
0
-2
2:1
-1
2
-1
0
1
-2
-1
2
-2
2
2:-1
1
-1
1
2
3:-1
2
0
2:-1
3:0
1
-1
0
1
3:0
1
0
-2
2
2:-1
2:0
2
1
2:0
1
0
-1
1
3:0
-1
0
4
78
-80
2:-1
4
-4
1
7
-8
9
-6
2
-1
-4
2:0
1
20
-20
-1
4:0
9
-8
-1
14
-13
31
-32
3:0
3
-3
2:0
7
-7
2:0
10
-10
2:0
2
-2
2:0
1
2
-3
4:0
2
-2
1
-1
2
27
-29
0
5
-5
0
4
-4
0
2
0
-2
2
2:-1
0
3
-3
2
15
-17
1
-1
2:2
-4
0
6
12
-18
7
-7
2
5
-7
1
-1
2:1
-2
3
-2
-1
4:0
4
-3
-1
0
1
-1
0
18
-17
10
-11
4:0
2
34
-35
0
-1
3
-3
3
-2
-1
27
-21
-3
-1
5
-5
-2
0
1
0
19
-20
20
-18
33
-35
7
-6
6
7
-14
1
10
-10
16
-14
-3
2:0
41
-32
-6
-2
0
2
-1
73
-74
5
1918
-1924
83
-82
1
0
1
2
-3
0
2:-1
6
-6
2
-2
0
4
-4
1
-1
18
-17
-1
43
-41
15
-13
10
-8
-4
-2
19
13
-30
5
-7
0
44
-40
-2
3
-5
0
542
-409
-132
-1
6
-6
0
4
-4
2:0
5
-3
-2
2
49
-49
24
-23
-1
422
-424
6
-6
7
-7
34
-34
0
2
-2
2
7
6
-11
-3
-1
2
128
-77
-45
-7
-1
0
11
0
689
-699
80
-81
3
11
-11
7
163
-171
442
-440
-3
-1
40
-39
1
-1
3
25
-29
0
1
54
-55
1
95
-85
4
-11
23
-27
38
-34
32
169
-201
19
-20
-3
2
-2
8
0
-6
24
-26
8
-8
1
0
11
10
3
-2
9
-31
62
-57
-3
2:-1
7
-7
7
13
-20
-1
5
-5
8
0
-7
1
228
-229
0
-1
0
18
-17
-1
8
375
-383
9
0
-9
3
1
0
122
-120
13
-13
-6
5
-5
1
-1
5
7
-1
1086
-1097
16
-16
4
0
-3
17
0
-12
-6
10
-1
-8
-1
3
-3
3
-3
1
3
0
-3
-1
3
-2
0
8
-8
22
-16
-5
1
-2
2
-1
0
4
-5
0
17
-18
0
4
-4
205
-204
0
27
302
227
-557
5
0
-4
56
-57
2:3
0
-5
0
6
-7
25
43
-66
3
29
-27
36
-36
-1
12
-17
119
408
-525
12
-10
-4
9
-10
2
-2
1
0
-1
0
2
33
-33
5
-7
0
11
4
-15
4
0
14
-2
2
-18
21
-19
-2
2
-2
1
21
-2
-19
-1
1
37
-37
-1
0
35
-34
-1
7:0
4
-4
17:0
2
-2
1
-1
0
1
-1
0
2
-2
32:0
1
0
-1
6:0
1
-1
4:0
1
-1
6:0
1
-1
8:0
1
-1
10:0
1
-1
14:0
1
-1
0
1
-1
11:0
1
-1
0
1
-1
32:0
1
-1
12:0
2
-2
2:0
2:1
0
-2
11:0
1
0
-1
0
1
-1
3:0
1
-1
6:0
1
-1
2:0
2
-2
5:0
1
-1
3:0
1
-1
15:0
end
