v1
972
207
917
105
52
115
38
34
360
90
46
119
14
538
57
20
36
22
28
339
275
39
784
305
275
152
214
179
726
936
573
495
586
163
28
34
8
526
20
242
84
173
368
497
160
224
354
431
494
348
94
339
874
302
104
128
219
339
402
194
373
84
394
275
16
15
142
416
177
111
294
59
222
411
32
43
61
54
153
118
73
9
74
59
64
65
57
55
127
118
74
11
56
0
306
173
120
225
0
414
110
314
39
116
338
262
85
142
259
433
740
15
18
15
83
70
229
41
309
114
1088
192
109
93
367
56
109
2
368
75
50
183
725
72
258
33
270
170
19
38
69
15
147
355
78
447
245
204
360
92
175
199
11
32
74
378
100
54
108
35
112
88
153
59
5
20
3
193
5
257
445
63
189
31498
22
213
83
47
173
76
120
36
8
22
1152
68
111
71
166
18
3357
2211
328
1553
3764
1376
10816
2650
4766
6612
5310
2988
4449
2
12742
15
2453
5163
12
5
1449
123451
7741
73
9417
32421
22
26
66
297
5
54647
816
74
157
7
2
27
57
6
12
17
145
37
3
11
1
11
2
17231
4654
3093
18188
2243
454
608
665
968
2
25
31
86
54
40
37
3
1
43
47
9
1
31815
8491
64
176
226
599
1
46
263
68
17
202
277
9
57
18
41
19
84
102
303
444
17
38
14945
2072
0
9722
2:1
162
1
115
28
62
2
11
62
87
61
-488761
509
9
204
40
473
164
316
185
127
86
28
302
245
46
14
128
19
374
168
72
5
14
367
324
87
12
36
292
491
302
74
101
47
107
187
28
183
20
156
148
10
103
91
41
225
6
97
73
191
180
235
242
484
21
108
109
66
83
237
30
107
32
66
54
281
350
48
9
29
67
43
178
157
45
125
41
476
31
262
406
128
32
320
54
80
11
0
56
63
151
25
462
88
145
39
189
73
180
35
117
64
42
501
329
149
227
339
17
77
332
125
0
80
7
304
388
10
205
122
213
48
100
323
26
5
170
42
76
7
175
33
13
1
15
28
17
56
37
5
2
19
30
1
48
3
14
117
13
17
90
0
9
83
17
107
28
46
39
68
3
54
171
178
438
635
96
261
2
68
206
43
130
96
97
19
64
175
7
28
292
128
3
315
5
97
124
46
144
281
17
323
36
68
885
175
550
795
109
165
141
66
91
56
37
102
346
214
212
306
30
1
171
188
86
10
50
0
6
8
19
2:53
208
195
48
127
108
719
103
192
56
348
3
229
53
121
94
151
96
73
51
239
31
22
3
11
0
83
38
452
103
142
6
90
204
50
69
85
27
238
35
63
13
15
0
31
31370
79
247
11
118
92
65
15
1308
162
20
319
2
9
10466
4531
10242
10515
3
9099
1744
3
3527
8085
2
48
2778
882
977
1514
933
985
4166
9
8
1427
106829
13098
1
3543
1736
44268
3607
32
53
12
130
4
40
0
73
20
72
38
7239
28796
19320
7
50
320
246
11
1
9
2
108
633
7
22
14
18
0
9
23
2:63
3451
15192
6568
3879
5151
7894
899
247
1721
335
2
1288
533
2:2
5
7
37
149
4
137
30337
10281
32
120
49
462
133
80
837
0
5
250
11
4
39
199
289
102
33
70
5
51
108
14942
12010
83
54
15
30
11
27
19
38
0
5
11
-488540
131
68
383
158
140
195
179
3
413
5
23
382
79
312
442
184
97
189
32
26
171
95
747
362
50
20
60
64
156
871
138
322
140
172
109
8
16
691
10
111
124
26
371
508
4
151
301
132
115
130
134
136
247
156
179
59
58
192
193
159
63
98
14
123
55
15
605
968
1
16
576
283
89
35
23
99
228
1092
255
168
8
46
211
94
399
6
18
480
10
23
116
136
150
617
214
46
26
106
149
126
337
64
57
74
31
265
135
373
318
595
322
208
145
253
376
193
115
401
53
190
243
153
181
279
282
373
8
5
59
133
40
662
295
173
29
169
371
53
6
71
367
1656
60
21
266
21
71
44
229
381
455
105
332
77
84
269
494
51
214
83
36
144
228
244
150
211
168
27
2
13
39
2
41
160
7
45
15
33
31547
163
61
9
72
24
92
67
141
114
34
29
974
56
88
333
24
97
9821
2767
7583
5126
3559
15644
417
5281
8046
19
9141
3147
4974
127767
4562
33623
3682
388
11010
44364
37
180
190
72
90
7
2:27
972
18643
17598
6551
2126
2248
5
20
5
10
56
9
83
103
46
16
9
40385
178
4
128
16
190
667
39
57
598
87
88
0
347
341
248
40
28
14747
150
2049
9937
113
19
139
0
7
30
49
40
1422120600
299:0
1
399:0
1
271:0
61
-38
1436
-1429
58
-29
-36
10
5
240
8122
-8374
-3
466
-425
9737
-9777
161
162
390
-701
165
-141
425
-337
358
1427
-1888
105
136
-260
363
-242
-3
2162
-2260
10
-17
42
-52
10
48
-30
-25
47
59
-79
-27
6
715
-383
-326
830
-791
-59
40
120
-150
91
-52
-32
333
-333
2325
-2317
-20
550
-470
-2
92
-19
-102
-47
1358
763
-2059
-55
122
-105
-23
65348
-65278
686
-579
656
-698
-122
-20
126
-84
-39
44
188
68
66
-37
-302
0
-29
1226
170691
-151683
-20009
-203
-16
-3
256
-147
-80
266
-295
1359
-1005
-353
-1
-4
1162
-1086
-51
65
-91
193
-192
4593
-4256
-228
588
30524
-21813
-9382
-23
15
3
65
-67
-4
1837
-1850
1635
-651
-873
47526
-47547
992
-1013
-68
209
-133
43
-74
21136
-20911
-213
928
-990
3849
30758
-29701
-4901
14
171
-181
-7
3862
-3734
4761
-4891
233
-71
-149
-2
2210
2496
-4258
-343
-109
888
-653
-226
188
979
-981
1002
-1154
-20
16
-31
110
-106
86
18
600
-533
-186
795
705
430
-1883
-28
8
368
-381
10
11
-16
-22
1
56800
-56769
38
53
232
-316
9513
-9479
1864
-1924
-4
1178
2618
-3563
-223
32
564
81
-698
19
-13
82
-27
3132
-3147
-43
-3
302
-201
62
-158
17
20
-30
37
82
44
-169
594
-568
-25
18
21374
-21247
10366
-10499
308
14132
-8843
-5509
-93
5
3436
-2682
-684
-53
92
-71
90
682
-818
-4
332
-278
-55
230
1676
-1547
21164
-21438
219
-226
-84
58
-24
-21
379
-164
-202
18
-30
1485
-1432
936
-1000
463
-441
37
51
-111
565
-383
-144
-58
1
5
6
-10
15
2:-9
0
1
3
-2
-1
4
-2
-3
16
-10
-6
3
-3
2
0
3
-5
2:0
4
-3
-1
1
-1
2:0
-1
2:1
10
-10
3
-3
10
-7
6
2
-11
10
-12
1
2
-1
-2
3
-2
2
2:1
7
-5
-6
1
-1
10
-8
2
-5
6
-2
-1
-2
4
10
-11
1
2
-6
4
-4
7
-8
1
12
-11
0
11
6
-17
0
-1
1
10
-7
8
-11
15
-16
2:0
1
-2
10
-4
10
-11
-2
0
-2
2
15
-15
14
-15
0
2
-1
14
-17
4
2:0
2
-2
-1
-2
0
2
4
-2
-4
2
1
10
-11
1
13
-13
15
-14
-4
2
1
12
-15
4
0
-3
6
-5
12
-14
1
0
1
5
-5
5
-5
-2
10
1
-9
4
-5
13
-14
5
-4
-1
7
1
8
-11
-4
-2
11
-10
15
-8
-6
-1
9
-7
-2
11
-3
2:-4
0
2
4
-6
10
-8
1
-3
6
-6
0
1
0
9
-6
12
-14
4
0
-5
7
-4
6
-5
7
-13
1
0
17
-17
1
6
-7
2:9
-18
18
-19
4
0
7
-3
-7
0
1
4
2
-6
3
10
-1
0
-10
5
-8
3
-1
-2
8
-7
0
2
2:3
-8
-1
3
-1
2:2
0
1
-4
-3
0
5
-3
5
0
12
-17
2
5
-3
2:-2
-3
7
-6
3
1
0
13
-8
-7
-2
-1
1
5
-2
-1
8
-10
1
8
5
-6
2
-9
5
8
-13
13
-13
12
-11
-2
4
-5
3
5
-8
7
-3
-2
-1
0
8
-7
-1
2:3
-1
6
-11
-1
5
-3
3
-3
10
2
-1
-9
10
-9
2
-3
2
0
-3
-2
2
-2
1
4
-4
4
-3
12
-10
-4
7
-4
-2
14
-14
2:0
-1
7
-4
-1
-2
2:0
4
-3
1
3
-3
-1
10
-9
-1
6
0
-4
-1
14
-13
3
-6
2:2
14
-7
3
1
-16
2
3
-3
10
7
-18
18
-13
-4
6
0
4
3
-17
1
-1
1
-1
2:1
2:-1
1
0
-1
1
3:0
1
0
2:-1
1
2:0
1
0
-1
1
-1
1
-1
1
2:-1
0
2:1
-2
2
0
2:-1
1
2:0
-1
1
0
-1
1
-1
0
2
2:-1
0
1
0
-1
1
0
1
0
-2
2
-2
1
-1
1
3:0
-1
0
2:1
-1
1
0
-2
2:1
0
2:-1
0
1
-1
1
-1
1
-1
2
-2
2
-2
2
-1
2:0
1
0
2:-1
2
-1
3:0
1
-2
2
-1
0
-1
4:0
2:1
-2
2
-2
0
1
-1
1
3:0
1
-1
0
1
2:0
-1
2:0
1
-2
1
2:0
1
-2
0
2
-2
0
1
-1
0
2
-1
1
2:-1
1
-1
2
-2
0
2
2:-1
2:1
0
2:-1
0
1
2:0
-1
1
-1
0
2
-2
2
-1
1
2:-1
2:0
2:1
2:-1
2:1
0
2:-1
0
1
-1
1
2:0
1
-2
1
-1
2
0
-1
2:0
1
-2
0
2
2:-1
2
-2
1
0
-1
1
-1
4:0
2:1
0
-2
0
1
-1
2
0
-2
1
0
1
2:-1
2:0
1
0
1
-2
0
2
0
-1
0
-1
0
1
-1
0
1
0
1
0
-2
2
-1
1
3:0
-1
6
-5
3
2:-1
2
4
-7
0
4
97
-101
1
10
-11
15
-3
-10
-2
14
-12
20
-21
-1
5
-3
155
-151
6
-10
5
-2
-5
0
35
-35
33
-32
4
-5
3
3:0
-1
6
-5
1
-4
23
-4
-19
6
-5
-1
1
8
-6
-3
2:1
45
-36
-8
-3
3
-3
2
4
68
-73
2:0
57
-51
-3
16
-8
14
-23
42
-36
-5
9
0
-12
9
-4
11
-14
1
-4
0
30
2:-14
6
0
-6
95
2103
-2098
-79
-19
0
1
-4
24
-14
10
-21
0
56
-54
10
-8
20
-23
1
24
-26
32
-29
51
-51
3
11
961
-787
-189
0
-2
4
7
-2
-8
73
-69
-4
30
-27
595
-598
50
-47
4
7
-15
46
-34
174
-77
-97
-12
0
19
960
-821
-157
2
12
-9
14
204
-215
732
-737
87
-90
4
-2
123
57
-164
-16
-3
43
16
-50
49
212
-260
27
-34
2
11
-3
38
-44
0
21
9
-3
-34
45
9
33
-85
3
-2
8
4
33
-42
-2
-4
3
237
-239
0
37
-38
8
725
-730
10
-8
-5
10
147
-154
2
24
-19
-1
7
-14
9
0
5
-11
36
-36
7
24
-23
2:-6
5
7
-10
4
9
-16
3
46
-43
-6
3
24
-25
426
-421
79
336
546
-959
-6
3
216
-219
3
0
9
-3
25
155
-187
1
8
59
-65
9
11
139
500
-666
19
22
-42
3
1
16
6
19
-44
0
2
15
-5
17
-30
59
-59
11
54
-61
20
98
-121
-1
1
0
-1
2:0
3
-3
3:0
1
-1
0
1
-1
2:1
-1
45
-46
2:0
4
-4
4:0
1
-1
6:0
3
-3
2:0
5
-3
-1
0
6
-7
5:0
2
0
2:-1
6:0
1
-1
1
-1
1
-1
1
-1
2:0
4
-3
2
-3
2
-2
3
-3
1
2
-3
8:0
1
4
-5
2:0
1
-1
2:0
1
-1
2
-2
3:0
2:1
-1
16
-15
0
-2
0
2
-2
11:0
1
-1
0
5
-5
0
6
-6
3
-3
0
1
-1
10
-8
3
-4
0
-1
0
2
-2
3:0
2
-1
0
-1
0
1
-1
1
-1
2:0
2:1
2:-1
0
4
3
-6
-1
3:0
4
3
-7
1
3
-4
1
3
-1
1
-4
0
2
3
-4
0
-1
0
4
-4
1
-1
0
2:1
-2
1
3:0
-1
2:0
4
-4
4:0
1
-1
0
3
-3
2
0
-1
7
2:-4
0
2
2:0
-1
3:0
-1
0
3
1
-4
0
2
2:0
2:-1
3:0
1
-1
7
-6
3:0
2
-1
4
-5
-1
3
-3
2
-1
2:0
-1
1
3
2
-6
3
-3
0
4
-4
3:0
7
-6
0
-1
2:0
2
0
4
-6
0
4
2
-6
1
0
-1
1
2
-2
4
-4
3
2:-2
1
-1
1
0
1
-2
1
-1
1
0
-1
2
2:0
-2
1
3
-3
-1
0
2
-2
5
-4
-1
4
-4
1
-1
11
-10
2
-2
2:0
-1
2:0
1
-1
1
-1
2
4
-6
3
-2
-1
6
-6
2:0
1
2
-2
-1
6:0
2
-2
2
0
-2
0
1
2:0
1
0
-2
7
-7
2:0
3
2
7
-10
-2
0
1
-1
0
3
-3
2:0
3
-3
2:0
1
-1
6:0
2
-2
9:0
1
-1
18:0
1
-1
0
1
0
-1
4:0
1
-1
35:0
1
-1
22:0
1
-1
15:0
1
0
-1
7:0
1
-1
1
-1
6:0
3
-3
24:0
1
-1
5:0
1
-1
4:0
1
-1
17:0
1
-1
4:0
1
-1
2
-2
16:0
1
-1
2
-2
14:0
1
0
-1
4:0
1
-1
3:0
1
-1
2
-2
3:0
1
-1
3:0
end
