v1
1028
207
33
77
218
18
31
278
227
61
79
52
139
39
9
14
15
208
259
66
15
38
141
73
100
238
38
19
17
39
7
15
17
129
542
77
88
32
27
36
164
58
7
16
272
59
81
7
49
109
427
159
32
87
17
26
72
46
398
11
136
24
95
16
101
168
8
158
194
22
118
126
41
160
58
95
122
138
94
141
104
156
399
21
47
88
31
225
291
58
98
87
20
24
43
89
7
0
5
41
54
173
63
79
57
139
93
0
7
235
75
150
30
126
34
193
11
99
104
155
16
108
0
323
153
241
100
212
145
85
126
213
66
3
10
47
31
144
201
433
106
74
61
104
117
106
39
85
172
167
217
64
28
328
44
33
232
48
19
33
7
271
64
59
275
16
0
15
78
119
309
28
24
237
12
39
294
59
50
165
5
118
7
181
56
51
3
29
25
18
17
2
19
31
51
14
7
108
2
0
13
4
13
105
68
5
9
74
123
30
35
38
3
16
38
6
11
127
118
37
48
362
173
120
72
153
195
219
110
262
42
10
33
6
116
284
54
121
141
85
101
41
198
58
3
146
5
282
129
275
6
141
189
10
5
31
2
66
17
70
229
41
423
280
808
199
72
30
73
2:10
128
184
55
56
109
2
13
355
75
50
6
24
17
608
0
306
30
1
25
221
33
47
179
6
27
11
42
53
75
19
24
83
7
8
147
11
29
0
283
83
27
447
101
61
2
36
45
20
82
102
38
377
37
175
70
121
8
11
32
112
62
211
29
38
100
54
47
61
127
20
88
153
59
5
20
3
59
114
20
5
51
26
128
42
10
102
20
229
2
92
63
155
34
91
31402
5
6
16
9
43
12
149
23
10
53
11
33
62
23
0
85
3
69
7
120
36
8
22
1043
37
72
68
92
19
71
46
120
18
47
3310
2211
328
1553
3073
691
1373
3
10816
1500
1150
4766
2526
2463
3
790
830
5297
13
2988
1401
3048
0
2
8092
2825
882
943
15
7
2446
13
474
4670
16
2:2
4
1427
17
119910
3544
1
1735
5981
25
73
9417
32439
4
72
52
83
0
146
36
5
7253
47394
816
67
7
157
7
2
15
12
18
39
6
12
17
145
27
10
1
2:2
8
2:1
11
2
83
643
29
194
7829
4973
3480
2360
2294
3093
10208
7894
86
813
247
1105
78
1062
665
436
366
166
2
7
2
2:8
28
3
49
37
10
44
5
4
31
9
28
3
1
11
32
47
4
5
1
30302
1513
8172
319
64
176
100
89
37
599
1
206
103
43
25
17
92
110
164
111
2
9
57
18
41
19
59
25
78
0
2:10
18
16
273
261
89
31
39
0
17
1
6
17
38
30
14915
10
72
1990
9722
2:1
162
1
115
18
10
30
32
2
11
62
5
23
59
30
14
0
17
38
11
-488701
9
113
26
19
103
39
91
92
111
35
1
4
351
172
69
129
104
138
0
174
138
114
9
1
335
252
378
314
299
0
315
175
152
83
129
90
0
207
134
55
153
7
108
38
115
23
421
88
26
152
42
73
79
53
103
3
52
130
132
212
243
330
17
115
55
13
195
16
271
111
17
167
38
76
0
523
136
19
255
72
247
65
211
115
202
24
75
48
19
161
10
2
303
699
56
9
63
23
4
5
339
126
295
457
533
1
185
116
270
19
131
198
84
155
115
349
100
98
420
62
276
1
47
83
12
28
181
219
333
121
626
609
2
33
13
44
13
29
51
8
1
8
13
2
34
2
52
2
7
16
0
104
18
5
102
2
69
14
92
4
32
5
14
18
33
31
2
15
33
154
28
147
550
0
152
87
70
265
26
121
10
261
2
585
253
95
187
236
199
142
3
73
0
170
143
0
28
271
14
19
144
61
1
119
200
62
39
592
10
4
27
20
52
132
0
1
2
38
662
862
45
112
18
53
115
56
6
31
187
530
300
121
204
177
1
50
96
62
240
19
273
338
45
9
0
152
53
162
166
147
129
84
10
52
116
79
231
0
79
2:195
61
216
215
14
114
14
193
166
209
5
18
53
21
35
17
101
192
119
92
15
1
85
8
19
11
93
34
131
94
1
31407
85
30
53
17
273
115
48
14
1
1149
57
249
11
58
84
139
330
4283
959
7015
5260
2324
4743
382
16592
3026
1744
3
869
0
2668
8064
11
0
2
5
9124
3153
2
11
1453
131218
41905
0
24
4
0
7
9
2
123
87
26
36
56
38
55355
7
93
39
2
84
137
37
36
52
91
6
46
5
43
710
42
119
57
3451
15192
10447
7155
6992
1685
558
1682
33
80
36
26
21
56
18
13
35
0
9
19
40067
578
947
430
161
122
26
42
177
0
5
19
18
4
7
2
203
3
435
0
75
63
108
14716
225
5
1973
9886
26
44
16
66
12
120
1
101
22
18
14
45
1422587400
599:0
1
427:0
29
-10
-12
3
4614
-4604
-13
327
-318
231
-216
-16
-8
68
-57
7
-13
-5
-2
3
5604
-5606
8
0
-2
-3
425
684
736
-1813
-18
22
-15
-23
37
-38
3
-3
237
-230
7
-1
-14
139
-130
-5
6
15
-8
104
-29
-89
1
112
-107
738
-740
-6
34
319
-353
15
104
-104
81
-95
42
-22
-12
160
-169
61
-29
-27
-2
37
947
-985
2:3
32
-40
320
-317
2
1089
-810
-285
4
3
83
-69
-15
25
-30
7
-1
-6
2
-2
6
68
-44
909
-915
-18
3
-6
12
-15
0
23
-20
69
-58
-14
20
1750
-1771
168
-165
0
42
346
-389
181
-181
0
134
-83
17
-64
22
-28
114
-100
-12
126
-97
-18
13
-5
2045
-2005
239
-296
21
-17
-3
-4
12
-12
0
4
0
-4
0
1
10
213
-221
-1
416
-280
-111
-10
-1
-6
-10
38
62
442
-541
7
876
-682
-185
27
-43
63
-61
-2
25
4893
-4870
101
92
-226
7
-14
17
-12
-13
30
-27
18
-12
-9
2
14
20
-34
85
-89
6
760
-708
21
449
-209
-314
229
-201
-22
-10
29
-6
250
-272
3
203
-120
95
-178
114
-119
4
181
-179
1074
100238
-101265
9578
-9276
-334
89
-71
106
307
-446
359
-363
185
-134
85
-125
23
-31
100
-98
-6
142
-140
206
-206
709
-708
-1
17
38
202
-252
3
91
-93
-8
219
-215
1510
-1508
-6
-1
7731
-7696
-33
89
-91
9099
-6480
-2491
-117
-10
34
-27
-2
30
7
312
-342
100
2:-55
2
1
-3
19
-6
-15
1010
-1007
-1
1152
-1131
87
21895
-22005
2
3
5
-10
669
-618
-47
0
6
32
-32
494
-495
372
-376
5
74
12
110
-192
1890
-1713
-130
-62
358
-204
-153
306
319
50012
-50558
3757
-3825
79
182
-262
14
2342
-2352
2980
-2995
20
131
70
-221
94
-85
-5
1
-4
9
-9
1
239
33
-271
1279
-1281
1890
2598
-4477
257
-176
-87
-2
2
71
8
96
-181
88
-87
7
2
-5
411
-413
15
415
1730
-2095
20
-88
2
20
-11
-7
19
-11
-6
437
-400
-17
218
-174
1646
-1635
-79
7
-4
282
2018
-2146
5986
-6061
-80
4
-4
5
3
-7
289
-259
10
-37
-2
70
-75
33
1
-31
54
104
-154
-6
2
18
79
28596
-28677
-15
4
-8
84
-79
94
-96
0
399
-378
6496
-6521
1230
-1227
2
3
0
9
385
985
-1382
67
-48
-13
0
33
-24
35
-42
-6
0
-1
279
-259
27428
-27381
-21
-46
2
-4
9
11
12
53
23
-99
48
-57
-3
6
-3
-1
7
-8
27
23
-43
45
-19
-25
-9
15
77
-56
142
-169
131
-63
-44
-24
3
-7
-3
6
803
-807
372
-376
18838
-18838
2
32
-32
1040
19941
17415
-37560
-826
168
-164
-8
1763
-1749
-22
9
21
201
-5
-197
-26
205
109
3614
-3928
35
210
2293
-2515
-22
157
-161
7
305
938
-1141
4250
-4268
-70
27
5
-51
0
-1
1
99
-59
48
-88
10
-12
7
-1
33
1872
-1903
17
35
-44
44
-57
11
147
-148
1088
-909
1219
-1341
484
-551
65
-52
73
-54
-8
406
-433
9
334
-183
-156
3
-3
688
-682
-15
1
-1
0
4
-1
-2
1
-3
2
0
-1
0
2
-1
1
-3
2
0
-1
0
4
-5
2
0
-1
3
0
-3
1
2
-4
2
-2
1
-1
2
-1
0
1
-1
3
-4
0
4
-4
2
0
-1
0
3
-3
0
2
-3
5
-4
3
-4
0
5
0
-2
3:-1
0
4
-1
-3
3
1
-3
2
-2
1
2
-4
1
3
-2
0
1
-3
2
1
-1
1
-2
-1
3
-2
0
3
0
-3
1
-2
3
-3
0
2
-1
3:1
-3
4
-5
1
0
2
-3
0
2
0
1
-1
0
-1
3:0
2:2
-2
-1
0
-1
0
1
2:0
1
2
-4
4
-4
0
4
-2
1
-4
2
1
-3
0
4
-1
-3
2
-1
2:0
-1
3
1
-2
3
-3
2
-3
1
2:0
1
-3
3
-2
0
3
-4
1
3
2:-1
-2
2
2:-1
3
-2
2:0
1
0
-1
1
-1
2
-1
3:0
-1
1
-1
0
-1
3
-1
0
2:-1
1
-1
1
0
2
-3
3
-1
3
0
-4
0
3
2:0
-2
2
-2
-1
3
0
-3
1
0
3
-2
-3
2
3:0
-2
2
-1
2
0
-1
2
1
-3
1
-2
-1
2
0
2
-4
1
0
4
-5
4
-4
3
1
2:-1
2
-3
3
-4
4
-3
0
-1
4
-2
2
-1
-2
4
-4
2:1
-2
1
-1
0
1
0
1
-3
1
-1
1
-1
5
-5
1
2:0
1
-2
0
1
2
1
-4
3
2
-4
4
-4
3
-3
0
2
-1
-2
1
-1
0
2:1
-1
2
-1
2:1
2:-1
1
-1
2
-1
0
-1
3
2:-1
-2
1
-1
1
-1
0
1
3
-4
3
-4
4
-4
0
2:2
1
-2
0
-2
3
-3
2:0
-1
1
-1
0
5
0
-5
0
4
-4
4
0
-3
0
1
-1
0
3
-4
5
-4
-1
5
-2
1
-2
2:-1
5
-3
0
2
-2
0
3
-2
-3
4
1
2:-2
3
-1
1
-3
4
-5
0
2:2
-2
-1
3:0
3
0
-4
4
-4
2:0
1
4
-5
0
3
-2
1
-1
2:1
-1
0
3
-1
-2
2:0
10
-8
1
-3
7
-6
-1
1
0
-1
0
135
-135
0
2
1
-1
13
-14
20
-19
4
-6
3
27
-29
1
-2
1
0
-1
2:0
1
9
-10
4:0
10
-9
-1
0
3
-1
62
-63
-1
3
-3
2:0
7
-3
-4
0
2
0
-1
0
4
7
-12
3:0
12
-11
0
-1
4
-2
1
-3
2
5
-2
-5
2:0
16
-8
-6
2:-1
5:0
1
10
-9
0
4
-4
0
-2
2
-2
0
1
-1
2
1
-3
5
-4
-1
23
-23
0
8
12
-20
10
-10
1
7
-6
10
-11
5
-5
0
-1
2:0
4
0
-4
2
-1
0
-1
0
2
-1
0
-1
4
-4
2
-2
4:0
7
18
-24
-1
54
-36
-13
-1
-4
1
0
-1
2
-2
1
-1
5
125
-126
-3
0
1
-2
1
4
7
2:-6
52
-50
3
-4
1
3:0
-1
0
-1
2
0
1
5
-8
27
-27
2
58
-54
9
-10
7
-11
0
2
0
-3
16
-13
16
-19
0
27
-16
-7
-4
7
-7
0
61
-61
12
1862
-1871
102
-73
-23
-3
4
-9
7
-2
-5
-1
0
15
-9
-5
9
-8
0
3
-3
18
-20
0
1
128
-127
-2
5
9
-3
-9
-1
21
-20
-2
31
-31
3
-2
-1
1
56
-51
-3
12
-15
573
-522
-44
-7
2:0
2
0
4
-5
-1
0
8
-1
-7
0
5
-5
0
5
-5
58
-56
-2
44
-41
2
280
-285
4
0
3
-7
55
-54
-1
2:1
-1
5
2
-6
21
-23
3
19
-10
-4
-5
102
-12
-90
-3
2:0
2
1
34
671
-681
157
-183
8
7
-13
16
163
-178
439
-442
-1
2
81
-83
2:0
2:1
-2
1
-1
3
2
43
-44
81
-85
5
151
-155
21
-11
-9
-1
4
-5
3
1
-4
19
-18
2
0
-2
61
-62
5
33
163
-192
6
-15
0
7
-3
-4
10
-5
-4
39
-29
-8
3
16
11
-19
-13
2:0
28
21
-50
80
-73
-7
0
2:1
-1
0
4
-4
-1
8
0
26
-34
6
-3
-2
0
-1
1
3:0
5
215
-221
3
-2
-1
7
-6
20
-20
2:0
6
834
-840
16
-17
0
1
0
3
8
91
-103
4
0
-3
9
-6
0
7
-10
-1
8
-4
10
0
1944
-1920
-33
0
-5
8
-8
6
13
-7
2
-13
12
-6
-5
0
2:-1
2
-2
10
-7
1
-4
6
-4
0
-2
15
-11
31
-31
5
-1
-4
-3
0
1
-2
2
25
-27
6
-6
438
-436
-2
7
-5
107
805
179
-1093
2
4
-3
0
403
-404
2:-1
7
5
-3
-7
-1
4
22
217
-244
4
29
-23
17
-27
15
-15
6
18
13
56
157
-245
-2
-3
31
-28
0
-3
1
-1
12
-10
-2
1
-1
3
0
-3
22
-21
7
1
-9
9
-9
3
7
-9
19
-4
29
-42
36
-38
1
2
3
18
-17
18
-26
0
57
-57
3:0
38
-38
20:0
1
-1
5:0
1
-1
16:0
1
-1
6:0
1
-1
6:0
1
-1
16:0
2
-2
3:0
1
0
-1
4:0
1
-1
1
-1
39:0
1
0
-1
7:0
1
-1
0
7
-4
-3
6:0
2
-2
5:0
1
-1
8:0
1
0
-1
16:0
1
-1
3:0
1
-1
1
-1
10:0
2:1
-2
2:0
1
-1
3
-3
8:0
1
0
-1
7:0
1
-1
2
0
2:-1
5:0
1
-1
2:0
2
-2
8:0
4
-4
2:0
1
-1
2:0
3
-3
4:0
2
-2
3:0
1
-1
1
-1
9:0
1
-1
2:0
1
-1
0
1
-1
15:0
3
-3
1
0
-1
0
1
0
2
-3
4:0
1
-1
8:0
1
-1
2
-2
0
1
-1
16:0
1
-1
1
0
-1
0
1
-1
0
2
0
-2
18:0
2
0
-2
10:0
1
-1
2:0
1
3:0
-1
10:0
end
