v1
755
69
118
65
95
566
65
251
52
153
34
0
615
314
67
228
56
7
15
28
118
1035
182
102
92
132
208
109
191
159
130
104
100
355
240
31
65
36
310
259
99
167
326
109
71
161
245
210
366
166
88
137
349
32
153
20
168
74
384
148
93
85
98
104
210
246
107
110
275
431
16
266
212
233
79
130
126
213
65
4
57
873
42
135
365
1
257
167
94
187
7
114
651
394
275
16
4
153
323
93
288
294
279
300
32
1
29
45
38
43
2:19
23
190
7
6
4
118
73
9
74
9
36
108
35
3
109
127
113
5
74
11
362
173
120
94
131
414
88
0
22
304
10
33
6
116
146
192
121
141
186
300
287
146
208
233
299
15
31
2
66
87
229
41
161
262
330
758
301
83
10
121
246
56
109
2
308
60
75
50
215
0
440
143
163
19
258
303
42
53
75
19
107
15
147
40
2
281
0
110
447
152
113
184
360
92
175
191
8
11
32
74
478
54
47
61
34
1
60
52
88
153
59
5
20
3
104
0
92
2
106
45
106
398
47
252
64
27
31402
5
22
9
43
247
44
173
76
120
36
8
22
932
220
68
111
71
138
28
15
3
47
3310
2211
328
1553
5140
8690
2126
2650
11378
5310
2169
5268
2
8091
3708
943
15
2453
5157
16
2
5
124900
7741
73
4
9413
32379
42
0
22
280
109
5
7255
47392
731
85
74
157
24
12
57
6
12
162
37
3
10
2:1
11
789
7989
8455
4654
3093
18188
1060
1183
873
189
665
968
2:2
5
7
11
29
0
2
86
54
40
9
28
3
1
11
32
47
9
1
40088
218
64
176
226
599
1
46
144
119
68
2
15
202
277
9
2:21
15
18
14
27
19
84
47
31
54
273
350
25
50
19
17
15
23
14802
87
56
15
2057
9722
2:1
105
57
1
115
28
7
23
32
2
73
87
43
2
-487944
438
160
74
26
216
174
5
23
26
82
88
331
42
108
19
1
76
364
376
7
91
74
3
56
529
19
64
0
88
414
362
28
220
54
8
507
1
144
295
75
31
103
43
91
424
166
482
175
85
240
11
174
137
75
146
3
29
277
100
465
65
49
258
35
124
44
242
146
57
0
8
204
3
190
197
168
279
0
33
101
99
29
233
383
289
327
110
214
32
127
33
220
325
61
19
409
592
31
66
317
53
24
332
125
80
61
12
790
270
0
628
285
181
24
44
39
44
43
15
42
46
5
14
0
5
121
7
14
114
111
28
76
51
6
29
4
68
3
16
38
17
14
222
185
27
225
11
137
143
309
35
36
61
706
96
100
33
548
201
197
251
170
33
111
27
248
23
177
1115
72
135
33
955
151
34
193
241
183
24
14
0
39
94
37
544
268
50
274
35
22
18
17
292
146
56
8
0
257
76
353
429
140
275
83
59
38
21
84
10
164
240
79
287
134
43
204
73
22
528
94
375
3
11
24
73
345
118
1
38
76
64
17
42
113
111
31651
220
124
48
1
57
69
1093
25
143
9
294
401
0
7443
5467
1815
0
2792
1322
4223
2676
2788
6959
2814
2291
5738
1300
2239
8076
19
2809
4297
992
1014
3154
17
1427
21
3502
20260
99688
1736
47937
13
81
9
0
52
14
40
72
42
32
19
11037
44413
273
2
45
2
108
148
3
23
769
46
73
57
4
2
3445
4382
4973
5837
6568
9030
7894
899
1351
954
1831
25
5
13
124
25
4
142
40591
85
43
16
79
462
320
35
242
149
95
16
153
264
46
9
94
3
500
131
132
14747
2199
9912
25
80
52
1
115
87
1422027000
399:0
1
354:0
20
-14
10
-7
1
350
-345
-7
-1
2:2
6366
-6340
-12
57
480
-557
26
173
-146
74
-124
69
-71
9
297
-211
4
-91
-9
3118
-3117
18
-2
365
14390
-14762
-1
44
-52
17
-18
3
4
29
-26
11
-11
141
-149
584
-582
-4
30
82
-108
10
37
-46
-5
3
2
19
40
-49
-14
18
213
-147
-83
-1
21
-18
1
143
-117
263
-292
1
311
-311
11
0
277
-115
-160
39
-45
-4
1
19
3
2301
-2290
1607
-1544
-101
0
431
-432
130
-126
-5
3
23
-14
6
11
2008
-2032
31
-28
-5
15
-11
193
-179
43
374
-311
-120
-5
15
141
-66
-91
0
66
49
-115
18
427
-396
147
-83
-97
-10
16
-1
292
-285
96265
-96289
5087
-4928
-119
-16
-14
2
-3
-9
-2
39
-20
-21
126
-110
8
404
-427
14
4
1239
-1257
639
-638
77
78
-147
12
348
3045
-3405
9
145
-158
8004
-2816
-5186
15
4
-26
60
-32
45
-43
-22
-3
-7
1731
-1718
736
-614
32969
-33103
2:2
5
407
-389
-25
1
97
-29
-1
-41
-5
3947
-3806
-149
539
-488
42184
-42251
3044
-2828
-209
-2
24
133
-113
-34
3356
-3344
2309
-2332
1
-6
162
-162
7
0
-4
4
1206
-1183
-30
940
748
-1397
-216
-71
3
267
-71
-120
3
755
-815
175
-189
105
-112
12
-6
-3
96
-78
13
31
91
-108
240
-130
621
-784
818
698
-1499
25
-42
8
22
-29
12
-10
121
-110
1098
-1108
49450
-49441
23
284
-277
-39
6614
-6617
143
-4
4186
-4319
984
2098
-3087
18
-20
40
-27
0
-9
14
-10
58
-41
14
-27
12
-24
286
-155
-63
-67
1
47
-31
109
-88
-37
425
-420
14
364
-380
23
-27
-1
20
108
-124
3
752
-630
10185
-10303
-10
206
9529
-6301
-3435
19
641
-658
329
-322
91
-69
68
66
-111
158
-211
21
-7
192
-203
74
-59
144
658
-798
-23
158
5868
-6026
34
10590
-10583
-40
0
18
-10
53
-52
-10
477
-457
-9
137
-80
-66
486
-485
10
-11
951
-899
-53
330
-331
208
-147
-61
3
6
261
-116
-112
-40
24
-31
4
2:-1
0
2:-1
1
0
2
-2
-1
1
3
-3
1
2
-4
0
2:2
-3
1
-1
2
-2
0
-1
2:0
4
2:-2
4
2:-1
1
-3
3
-1
1
-1
1
-1
-2
0
3
-3
1
4:0
3
-4
2:1
0
-2
4
-2
0
2
-4
1
0
2
3:-1
0
2:2
-4
4
-2
0
1
-1
2
-4
2
-1
1
0
1
-3
2
0
-2
5
-5
3
-1
2:1
-1
-3
2:1
0
3
-1
0
-3
2:1
0
-3
2
0
-1
3
-1
-2
0
3
2:-2
3
-2
3
-2
1
2:-1
0
2:1
-3
1
0
1
-1
1
2
-4
1
0
1
-1
4
-5
3
-1
-2
4
-3
1
3
-4
0
1
2
-2
-1
0
3
-2
1
-3
4
-4
1
-1
1
0
2:1
0
-1
-2
2
0
-2
4
-4
2:1
3:0
-2
3
1
-3
2
-2
1
0
1
0
-3
4
-1
1
-4
2
-1
3
-1
-2
1
0
-2
2
2:0
-1
0
1
2
-1
-2
0
-1
1
0
-1
2:0
4
0
-2
2
1
-4
1
3
-3
3:0
-1
2
2:0
-1
-2
1
0
2
-2
0
1
-2
2:1
-2
0
2
1
2:-1
1
-2
2
1
2:-1
2
-2
3
-4
1
-1
1
3
-3
0
1
-2
1
-1
3
-3
2
-2
1
0
-1
3
-1
1
-2
3
-3
2
-3
2
3:0
3
2:-2
-1
0
2
-2
2
-1
1
-2
3:0
1
0
-1
1
-1
1
0
-1
0
4
-4
2:0
4
-4
2
1
-2
2:0
-1
4
-4
0
2
-2
1
0
3
2:-1
2
-4
2
-2
0
1
4
-4
4
-5
2
1
0
-3
2
-1
3
1
5:0
3
-3
3:0
76
-73
-1
1
4
-7
11
-7
2:-2
0
14
-14
3:0
5
-3
-1
134
-135
2:0
6
2:-3
3:0
5
-4
-1
2:0
1
-1
4
0
-3
28
-27
-2
4
-4
0
4
-4
0
2
1
-3
1
0
-1
0
2:4
-3
-5
0
2
-2
0
17
-17
9
-9
0
4
-3
2
-2
-1
2:0
8
-8
2
-1
1
0
19
-17
0
-4
1
-1
0
2
57
-59
2:0
5
-1
-3
19
-17
-3
6
-4
0
-2
0
17
-1
-14
31
-21
-12
1
-1
6
-4
0
2:-1
11
-10
2
31
-24
-7
-3
1
0
-1
0
73
-63
1805
-1813
87
-74
-14
2
3
-4
5
-4
-3
11
-11
1
12
-12
0
52
-52
9
-7
17
-20
4
-1
14
3
-19
4
-5
36
-33
2
4
-9
497
-365
-132
1
3:0
1
2
-1
-2
0
-1
77
-75
13
-13
478
-477
0
-1
1
19
-20
-2
5
8
-12
20
-17
-3
114
-57
-55
-2
5
713
-717
90
-92
1
-1
3
6
-6
7
163
-170
431
-430
0
-4
57
-57
2:1
-1
4
62
-67
0
2
94
-89
4
-9
-1
21
17
-30
13
144
-163
23
-25
5
-4
5
0
-7
32
-32
4
-1
1
15
4
9
-2
-30
31
28
-53
-4
-2
11
8
-16
0
-1
1
-3
3
0
207
-210
9
-8
9
-9
409
-409
6
0
3
-9
6
113
-119
-1
2
4
2
-6
-2
0
4
12
-7
6
-9
2
-8
25
-15
-6
-3
0
4
0
1
-2
-3
10
-7
2
23
-28
1
2:-1
2
1
-2
0
10
-8
302
-301
-2
42
297
52
-392
0
-1
1
74
-75
7
3
0
3
12
43
-68
2
-1
7
-5
28
-29
5
9
-13
-1
96
339
-437
1
24
-5
-18
-2
12
-10
6
-8
3
2
5
-8
20
-22
0
40
-40
1
3
11
2:-7
13
-14
28
-28
1
-1
2
43
-31
5
-19
10:0
2
-2
8:0
1
27
-28
2:0
1
-1
12:0
2
2:-1
3
-2
-1
2:0
1
-1
5:0
2
-2
6:0
1
-1
3:0
2
-2
4:0
1
-1
3:0
1
0
-1
5:0
1
-1
16:0
3
-3
7:0
1
3
-4
2
-2
3:0
3
5
-8
18:0
2
-2
3:0
2
-2
10:0
2
2:-1
3
-3
4:0
1
-1
1
-1
4:0
1
-1
6:0
1
2:0
-1
0
1
-1
4:0
2
0
-2
2:0
2
2:-1
2:0
1
-1
5:0
1
-1
0
1
-1
5:0
1
-1
0
1
-1
0
2:1
-2
0
1
0
-1
1
-1
18:0
1
-1
2:0
1
0
-1
0
1
-1
3:0
1
-1
5:0
1
-1
1
0
-1
7:0
1
-1
0
2:1
-2
0
1
3
-4
2:0
2
-2
18:0
2
-2
2:0
1
-1
4:0
1
0
-1
7:0
2
-2
4:0
3
-3
1
0
-1
5:0
1
end
