v1
941
743
486
27
25
139
14
34
8
48
181
378
126
188
110
128
0
57
17
39
7
15
146
496
39
193
7
201
263
120
140
17
39
384
152
159
34
90
110
132
0
312
11
72
64
135
34
67
76
258
103
33
58
22
43
201
41
136
24
18
257
138
183
312
28
346
25
156
31
206
19
144
133
14
156
54
25
8
44
43
142
33
194
9
54
79
57
139
37
56
183
29
30
415
13
43
247
267
8
259
33
5
134
90
404
442
339
69
57
108
268
28
253
287
106
327
39
55
244
125
254
27
7
114
644
7
394
275
16
34
446
69
24
288
286
8
59
338
7
181
27
29
28
17
6
32
25
18
4
40
17
8
46
2
24
123
4
118
82
12
62
45
2:14
21
29
30
5
30
3
54
38
17
245
381
45
21
78
95
120
84
141
414
110
304
10
39
116
104
180
54
121
141
85
101
41
87
111
61
30
116
5
97
170
15
129
275
37
299
10
5
31
2
66
17
70
229
41
516
12
52
7
125
541
258
301
71
22
367
56
109
2
24
42
115
187
63
12
18
32
732
198
31
19
12
246
33
226
6
80
128
19
107
7
8
147
419
14
647
45
20
184
153
92
170
37
175
70
121
8
11
32
74
289
89
100
54
47
31
30
6
34
87
20
88
153
59
5
20
3
59
45
89
3
2
33
224
445
46
129
43
34
123
31375
22
9
43
161
33
97
85
88
84
6
106
36
8
22
1080
50
22
68
111
71
166
18
47
9
3301
324
1887
328
1553
3764
1376
6578
1002
0
3236
2650
4766
4992
1620
1211
4096
3
2988
925
3524
2
4
10
10903
882
3424
5144
7
11
2
3
1
1427
0
21
3502
103306
13098
3544
1
1735
6006
73
9417
32395
23
3
22
167
113
92
17
5
54647
731
33
17
35
47
184
9
47
37
6
12
17
145
27
10
3:1
8
3
1
13
726
29
0
133
16343
2357
2297
3093
10208
7980
2243
1062
665
436
532
2
3
5
6
11
28
3
86
54
40
9
28
3
1
43
47
4
5
1
31815
8491
64
176
15
54
31
59
67
474
125
1
46
144
41
65
81
17
202
185
92
9
21
36
18
41
19
0
84
83
10
9
2
28
273
350
38
32
24
17
38
14805
140
2072
9722
2:1
162
1
37
78
18
10
62
2
11
62
35
30
22
48
13
-488769
96
124
84
45
206
4
12
38
200
400
174
63
35
266
150
5
49
84
123
0
1
37
116
75
78
156
55
80
152
71
229
108
8
121
165
59
480
105
7
19
401
67
344
138
732
133
270
37
75
21
156
188
19
654
49
16
65
7
98
76
34
61
55
12
134
9
5
334
244
37
65
12
32
270
107
32
5
140
104
80
274
119
77
99
149
78
202
26
140
13
30
731
40
361
54
97
682
62
25
180
92
385
139
596
24
18
219
20
117
250
46
112
66
189
119
96
16
127
185
53
24
108
349
71
539
169
57
107
121
127
286
83
240
26
30
61
79
7
101
197
48
68
77
7
5
2
36
11
68
107
10
16
104
88
41
118
14
15
73
136
2
25
18
14
54
109
114
334
64
216
115
291
35
86
10
44
129
322
58
6
22
198
69
244
104
218
6
41
158
388
370
52
202
17
285
394
528
112
17
108
43
12
38
307
355
288
7
178
322
7
105
72
40
279
45
180
319
250
223
154
291
7
51
17
125
4
62
38
2
87
113
19
190
81
2
156
125
57
54
333
34
79
87
75
180
171
191
59
1
124
47
426
69
19
20
40
5
94
95
29
22
156
114
63
144
148
18
62
162
61
21
44
109
54
171
75
61
57
1
2:40
5
8
102
41
31
26
92
63
27
31520
56
125
27
11
3
9
45
23
15
115
34
38
21
107
990
54
62
69
93
374
10524
2064
6261
16971
6489
423
2182
2616
2652
8068
12
11
7
12
4634
2471
993
1014
3146
9
8
5488
115875
11260
57
38230
3669
13
2:11
9
111
128
19
53
7296
3760
44502
20
164
17
30
10
5
7
36
52
30
16
46
1
4
14
41
7
32
709
7
54
70
3539
25639
8402
4643
247
855
44
1637
419
1656
169
8
6
19
5
61
35
41
21
55
34
2
20
30371
9755
134
544
250
462
9
3
9
83
50
25
32
23
70
107
134
7
10
78
16
153
40
36
11
49
39
66
23
51
6
201
72
195
220
38
72
15033
1973
9842
4
21
183
202
20
40
1422168600
499:0
1
440:0
14
370
-360
10
4
-23
84
-89
57
-59
3777
-3778
15
19
-28
-3
66
-63
5649
-5637
1
13
-31
1
168
-167
84
-42
68
-2
-81
-23
332
29
-335
-31
-1
3882
-3879
2
13
-12
-1
-5
419
-403
18
-33
3
-1
20
34
46
-80
-16
5
-12
78
-60
-15
62
-42
119
-142
0
15
22
1834
-1835
342
-340
-37
80
-80
25
-26
97
-90
-7
1
-1
207
1024
-1159
-67
4
5
-10
12
211
-165
-56
-3
2
61
-56
-7
144
-145
22
-24
3
6
64
148
-84
-99
-34
2
13
-19
2
-2
20
-3
-15
4
6
38
-18
8
-36
30
-16
543
23
332
-807
-107
3
7
453
-437
3561
-3541
-37
-5
6
22
-15
110
-49
333
-389
151
-160
0
-12
1
2
-5
4
61
-65
37
1
34
367
-435
44
-42
-5
0
212
-172
17
497
-431
-123
11
-1
33
232
73
-344
305
-310
4
245
-246
94
796
-530
-213
78122
-70399
-7770
-103
20
0
10
218
-249
37
103
-130
2
72
-82
138
8
-143
-4
31
86
235
-348
1459
-1451
-12
15
550
-563
100
-90
9
158
-180
34
-28
-4
9
766
-714
184
-246
17
2127
-2069
-68
765
-755
-12
34
7309
-7303
1721
-1747
186
-205
2:1
13
-6
117
-7
-107
104
-116
1321
-1322
1515
-1491
-17
17308
-17288
353
-318
-40
-6
163
-178
134
-115
196
-174
54
-63
1337
1997
-3335
-30
10
17
84
33392
-33500
-6
2994
-2913
-74
-2
119
83
-199
1
3491
-3477
3485
-3506
21
-20
-2
301
-300
21
-6
-8
3
-4
32740
-32744
1230
-1114
-90
832
-821
-33
94
591
-404
-285
-3
243
1077
-1302
94
-97
-14
40
-29
43
1118
-1094
-43
168
-197
114
-61
286
779
8109
-9234
342
-342
5
-2
365
761
-1040
-90
9
-8
17
96
-40
-62
-11
127
-112
-10
-1
13
-15
2
23
23255
-23273
-6
5
-4
0
35
-29
-4
-6
264
-183
-38
494
-453
7016
-7091
25
36
248
-317
28
-24
7036
-5924
-1116
15
-8
-6
38
92
-62
-63
-5
5
134
-131
2280
-2236
-33
-21
17
-16
12
-13
106
-79
-24
-4
16
0
-6
29
-31
12
17
-25
1
32
-11
139
-52
-69
-38
-4
1
14
40
-4
2807
-2626
18232
-18442
-25
1098
8904
-5544
-4464
33
-25
52
2785
-2737
86
2:-72
-47
-2
2
165
-89
-78
198
692
-873
-16
27
-28
372
-310
-25
-38
397
812
-1177
175
2218
-2384
129
40
-110
-91
41
-28
-23
3
53
-7
-46
1
7
53
-34
-27
111
-40
13
1811
-1780
1492
-1556
-27
277
-301
32
228
-133
1048
-785
-379
8
235
-248
23
-37
-2
2
2:0
-2
3
-1
-2
1
5
-4
3
-4
2
-3
4
3
-1
-6
1
2
4
-5
-1
2
1
-1
-2
0
1
5
-6
2
-1
4
-3
-1
0
1
-2
4
-4
0
2
-2
0
1
-1
3
-4
1
6
-1
-4
-2
4
-4
5
-3
2:0
-2
4
2
-2
2
0
-5
3:0
-1
1
2:2
2:-2
6
-3
0
-4
1
2
0
-1
0
3
-3
0
2:1
2
1
-7
2
5
-2
-3
2
-4
1
0
1
-1
4
2
-6
-1
3
-2
-1
3
-2
2
-1
-2
2
1
-1
4
-3
-2
2:0
5
-3
1
0
-2
2
-3
-1
0
5
1
-6
0
3
0
3
-5
3
-1
0
-1
1
-2
-1
6
-5
0
3
-4
1
-1
4
-3
3:0
-1
3
1
-3
4
-5
2:3
-4
1
-3
1
2
-1
2:0
-2
4
3
-6
-1
1
5
-1
2
-6
3
-1
2
-1
2
-3
3
-2
-1
-3
4
2:-2
1
3
0
2
1
-6
-1
3
2:-1
2
-3
6
-3
2:-1
6
-4
2
-4
5
-4
-1
2
-1
-2
4
-4
0
2
-1
4
-2
1
-2
1
-1
5
-4
2:-1
3
1
-3
0
2
-4
0
2
0
-1
4
0
1
-4
-1
2:0
-1
3
-2
1
2:-1
1
-1
6
-5
-1
4
-4
7
-5
0
1
3
-6
6
-6
4
2
-6
3
2
-1
-3
0
-1
2
1
-1
4
-5
2:2
0
-2
-1
1
2:-1
4
-3
5
-4
4
-1
-5
2:1
-3
2:3
-3
2:0
-2
1
-2
2:3
-5
1
3
-3
-1
0
-1
2
0
-2
1
3
0
1
-4
3
-2
-1
1
0
-2
2
1
4
-3
2:-2
2
3
1
0
-6
3
-1
2
-2
2
3
-5
5
-4
1
-3
0
3
0
3
-1
-5
-1
2
-1
3
-2
1
-1
1
2:0
-2
3
-4
1
2
-3
2
-1
2
-2
1
-1
0
6
-7
0
5
-2
2:0
1
2
-3
1
2
-5
0
1
2
-3
-1
2
0
-2
0
2
-2
3
-2
-1
1
6
-5
1
3
1
-6
0
4
-5
2
-2
5
-4
2:2
-3
-1
1
-2
2
2
8
-9
2:2
-3
5
-5
-1
0
111
-110
2:0
-1
0
9
-9
22
-20
5
-5
-2
2
-2
3:0
12
-9
-2
-1
1
11
-11
-1
0
142
-142
0
1
3
-4
0
5
-5
5
-4
1
-1
0
2
-1
-2
12
-4
-8
1
0
-1
4
-4
3
-1
-2
2:0
6
-6
14
-14
1
-1
1
-1
0
13
-13
1
-1
5
-5
0
10
-9
0
1
-2
3
-1
-2
2:0
2
-2
3
-2
12
-12
0
-1
4
-2
10
0
2
-10
-3
-1
1
-1
2:0
4
-3
2:1
-2
5
-2
3
-6
0
17
-7
40
-43
-6
-2
0
1
-1
4
-1
40
-42
2
1
-1
2
6
-11
3
-3
53
-52
11
-12
1
5
-4
7
-7
-1
2
4
24
23
-53
7
-4
-3
-1
0
8
5
-13
7
-7
1
0
10
4
-14
-1
33
-33
3
0
-3
5
-2
45
-34
1850
-1773
-74
-17
4
0
2
-1
-3
3
-4
-1
0
16
-16
3
2
-2
-1
8
-6
-4
4
17
-19
0
2
69
-72
-1
5
2
5
-11
2
-3
0
1
2
16
12
-29
5
40
-42
-3
8
-8
-1
6
601
-608
62
-59
7
-9
-1
3
0
-2
11
2
-12
1
-2
53
-51
35
-31
-6
280
-281
44
-43
5
-2
25
-29
0
1
38
-31
2:-2
121
-29
-88
-6
1
-2
18
625
-642
0
132
-134
0
1
7
11
-16
3
143
-145
601
-605
8
-5
-2
92
-91
4
-2
-4
0
5
113
-117
97
-85
-4
-5
2
-5
24
-19
45
-50
-1
37
163
-196
14
-18
0
7
-3
4
2
30
-30
-7
-2
8
-9
34
-7
-3
-24
37
-37
5
0
41
21
-65
2:0
-2
0
2:3
-2
2
28
-32
2
-2
0
2
-2
2
176
-180
0
5
-3
0
4
-4
0
2
-1
19
-16
-6
19
966
-985
2:1
11
-12
2:1
4
95
-100
1
-3
3
6
-9
9
1
-10
7
11
-5
0
11
-20
-3
1
0
9
-11
26
-24
0
2
3
0
-6
2
-2
6
-2
-3
0
12
-10
43
-23
-18
-4
0
-1
0
3
0
12
-13
424
-419
-2
118
224
503
-850
3
-2
4
285
-289
10
5
-14
-3
2:0
3
7
-7
16
248
-258
-9
2:0
11
19
-25
-5
22
7
-27
108
90
-197
3
1
23
-30
2
0
-2
5
-3
9
-9
4
-4
14
-10
-5
16
-13
0
12
0
25
-37
-3
48
-49
1
11
22
-10
1
-24
0
92
-93
4
-4
6:0
1
-1
3:0
1
-1
3:0
1
-1
3:0
1
-1
10:0
34
-32
-2
4:0
1
-1
5:0
1
-1
2:0
1
-1
11:0
1
-1
5:0
1
0
-1
5:0
1
-1
4:0
1
0
-1
3:0
1
-1
19:0
1
-1
5:0
2
2:-1
2:0
1
-1
7:0
1
-1
3:0
1
-1
3:0
3
-3
6:0
1
-1
11:0
2
-2
1
-1
4:0
1
-1
3:0
1
-1
2:0
2:1
-2
4:0
2
-2
1
2
0
-2
-1
0
1
-1
4:0
3
-3
5:0
1
0
-1
3:0
1
0
-1
1
-1
1
-1
3:0
3
-3
6:0
2:1
-2
1
-1
3:0
1
0
-1
2
-2
11:0
1
0
-1
10:0
1
-1
1
2
-1
-2
2:0
8
-8
3:0
2
-2
1
-1
0
1
-1
3:0
4
-4
1
-1
5:0
6
-6
2:0
1
-1
11:0
6
-6
0
1
-1
9:0
1
-1
1
-1
5:0
1
-1
2
-2
3:0
2
1
-3
3
-3
0
4
-4
1
-1
2:0
1
-1
0
1
0
-1
4
-4
3:0
1
-1
2:0
1
-1
2:0
1
-1
2:0
2
-2
6:0
1
-1
7:0
1
-1
2:0
2:1
0
-2
0
1
-1
4:0
1
-1
2:0
1
-1
7:0
1
-1
0
2
-2
3:0
1
-1
0
end
