v1
937
1229
265
589
43
566
56
50
492
428
517
432
300
393
726
269
166
274
227
1363
125
391
710
1775
171
584
341
357
85
339
126
809
345
1088
1045
275
173
416
582
641
51
32
25
18
258
6
4
118
82
74
59
35
29
65
239
118
447
173
120
749
314
33
6
116
600
85
142
259
248
185
740
48
382
41
1511
192
109
460
56
111
368
75
50
1238
232
241
126
15
147
355
78
894
2
627
70
129
11
584
54
108
147
88
217
23
193
5
257
508
189
123
31370
5
22
9
334
85
88
76
120
36
8
22
1152
179
237
3375
2211
328
1553
5140
10816
2650
4766
5782
6140
2988
4451
20367
16
2
124904
1
7741
73
9417
32443
389
5
16
55678
93
6
29
145
27
24
1
11
43082
0
2329
1727
802
166
2:58
28
54
77
0
3
1
90
4
6
40306
1065
1
377
260
8
228
9
57
18
60
186
747
55
14955
72
1990
9723
1
162
116
165
87
45
9
45
-488613
14
31
301
31
8
463
310
69
34
27
29
294
146
84
123
126
0
100
238
74
46
14
1
146
258
155
2
120
7
197
227
348
10
53
89
49
263
0
102
330
32
104
26
118
86
483
212
76
361
91
22
19
132
294
58
95
8
5
175
360
51
71
79
6
399
0
156
31
18
0
161
395
177
8
262
257
79
196
93
62
23
146
11
255
160
87
106
110
20
220
466
574
13
119
135
1
469
0
29
4
233
379
102
240
18
135
695
95
254
438
22
255
84
118
125
57
385
15
78
27
92
164
127
110
197
51
286
287
2
298
6
26
58
17
93
5
2
19
6
17
54
2
3
131
16
14
0
178
19
43
126
0
48
5
26
7
54
38
17
14
316
91
43
593
153
195
219
311
414
138
175
35
292
100
28
172
146
5
411
312
309
5
99
87
476
217
85
20
0
52
132
41
1152
312
105
72
43
26
82
387
655
306
48
8
254
186
126
147
38
17
59
195
2
281
63
33
289
172
162
83
20
82
517
37
366
51
43
247
73
89
201
31
85
72
47
191
23
59
25
72
35
69
34
5
137
96
204
119
93
39
218
167
31357
82
194
53
4
77
133
87
1170
50
1
177
174
8
46
135
3
47
11166
5608
3348
15641
3
6917
2185
1741
2139
1385
16
8077
0
2826
882
943
15
19
2434
5164
16
1415
13
0
21
3502
116404
5280
16342
31448
127
18
37
88
46
133
72
54669
731
50
35
47
20
7
164
2
27
75
1
198
3:1
25
1
50
704
14
19
3608
4382
8453
2931
1723
3093
10208
7980
575
2122
419
189
1431
204
3
6
16
27
0
48
101
35
84
30359
9786
282
176
69
31
21
68
37
12
212
0
250
172
41
103
119
85
202
310
65
27
103
56
76
186
450
57
5
36
15
13
40
14915
11794
165
101
32
17
19
1
3
32
13
67
30
162
-488753
162
122
168
527
339
361
153
8
549
991
30
194
281
199
49
19
10
364
68
963
19
161
293
99
208
96
470
219
489
387
388
263
26
702
209
105
687
254
236
404
466
815
472
103
54
370
765
20
351
94
650
2
5
308
662
66
868
165
1
348
569
230
70
110
44
65
329
59
65
7
177
1105
132
142
62
131
253
202
251
1112
202
186
466
214
47
211
141
456
165
42
1036
144
14
144
29
12
382
529
466
253
50
265
72
467
56
95
38
37
1370
293
52
169
16
10
700
23
108
56
141
179
57
6
147
21
89
1028
232
92
153
31656
57
43
60
137
54
37
1656
31
74
5895
1878
2048
703
2063
26059
3663
2605
2616
10696
36
11
3
8116
4185
5478
169029
417
7296
2380
45934
27
1
111
25
15
1010
107
49
18709
24388
247
3888
6
1
2
20
74
20
60
54
63
68
40103
717
1173
111
422
26
0
227
226
205
82
14891
12111
157
44
104
93
-488486
161
183
358
496
218
577
105
297
38
527
1206
661
55
351
304
136
250
1278
351
82
1231
626
467
520
447
55
35
76
33
303
245
765
155
69
219
3011
448
165
9
646
192
243
152
157
566
2
96
112
73
505
69
116
330
13
445
593
121
816
813
108
650
52
396
1769
1272
71
171
37
187
949
35
349
240
166
726
646
142
437
30
657
558
353
82
773
123
5
168
40
183
31833
32
315
1012
81
420
86
5905
16082
44414
4185
1444
169458
3646
232
73
110
55354
100
175
108
101
24
153
4
19
947
2
12800
12405
20081
188
1715
41048
680
273
93
283
209
13
748
384
15020
11796
63
239
147
1422560400
199:0
1
399:0
1
199:0
1
136:0
92
108
4702
-3719
-570
1444
-1898
-62
25
3
142
-158
537
-543
69
241
-222
-1
-67
-25
963
-941
1647
-1470
-75
129
63
-34
75
49
-416
-29
98
500
-582
56
197
-32
-202
44
-29
-50
1525
-1043
-219
-205
-36
690
-674
134
-67
-104
536
-510
-20
203
-115
82
322
340270
-340769
11322
-11265
-39
-10
413
-423
59
-5
-40
422
-397
449
-382
-11
233
3164
-3179
-60
25194
-12301
-13145
14
176
1218
1233
-2430
39945
-40130
376
-356
164
-186
1350
4590
-5838
-39
136146
-131754
-4456
14
6846
-4327
-2524
733
-679
166
530
-755
3213
142
-3205
-114
124
7
-140
-36
227
999
-1244
280
331
-531
-50
-7
82
710
-688
306
-186
2820
-2512
-539
2
417
-407
806
-820
68794
-67885
8523
-9132
-282
5315
-4996
715
1785
742
-3587
1344
-1216
23207
-23330
34
-29
7
245
928
-1176
122
697
-741
-85
26623
-26630
63
11212
-11081
-2
17751
-5385
-12511
-38
607
-622
47
1252
-1034
-247
116
381
786
-1094
29846
-30041
50
-16
169
235
-447
67
1833
-1790
295
63
2323
-2739
22
923
-315
-735
-3
-1
1
21
-15
-6
-1
21
-5
-6
-4
-2
-4
1
2:3
-1
-5
5
-3
2
19
13
-8
-28
2
5
-1
-6
6
12
-19
1
6
0
8
-13
0
7
-7
-1
23
-21
2
12
35
-22
-23
-7
40
-40
13
-12
17
-11
4
-8
23
-22
-1
-2
-1
13
17
-28
-1
37
-25
-6
-2
-1
3
-4
35
-12
8
-31
5
14
13
-34
1
6
12
-14
-7
2:9
-16
19
9
-20
0
30
-38
5
1
0
29
-27
3
-8
-3
9
37
3
-50
15
2
7
-24
1
12
-5
-7
0
50
-46
7
-9
23
7
-33
0
20
9
-28
4
-5
0
2
1
20
-13
33
-34
-7
42
-43
0
13
-10
11
-11
24
-21
0
25
18
-49
1
0
1
15
-15
5
18
1
13
-40
5
17
-21
-1
3
7
-10
6
9
2
34
-50
10
-10
-1
52
-47
6
-8
7
-9
15
-4
23
-32
3
-3
17
2:-1
-16
-2
0
12
-12
0
42
-40
17
33
-23
-28
-1
19
-14
-5
26
-11
-10
3
-5
-1
4
2
-8
9
3
4
-7
-8
31
-22
-9
46
-5
-13
-27
-2
15
7
16
-30
-8
-1
2
9
10
25
-35
-10
41
-29
-9
-3
24
-19
6
-10
5
9
-1
-13
2:0
15
11
-5
-23
16
37
-51
2
6
40
-20
-19
-6
-4
14
25
-12
-24
-2
5
7
-5
-9
2:1
28
-23
-4
-1
4
29
-31
20
-13
12
-18
20
-21
4
2
3
6
-14
-2
2:-1
17
-12
-2
0
-3
4
-3
5
17
-22
13
-11
1
41
-5
-29
23
-10
-19
-4
21
-16
2
21
-26
2
4
-7
-1
3
-3
21
-18
32
-12
-15
29
-25
-13
-1
11
18
-22
30
-28
1
-2
0
14
-20
13
-4
-8
-2
41
-15
-17
-6
33
-36
7
-3
15
1
-20
1
-1
0
12
17
11
-38
-2
15
34
-37
3
-15
3
2
-1
24
-25
-1
28
4
-18
-10
16
-22
1
-1
35
-25
6
-12
22
4
-20
-13
0
2:1
-2
0
-1
0
2
1
0
-2
1
2:0
-2
3
0
-1
1
-3
0
2:1
-2
2
0
-2
3
0
-3
3
-3
0
3
-1
0
-1
2
-3
2
1
-2
0
-1
3
-3
2:0
2:1
0
-2
2:0
1
-1
2
-2
2
1
0
-2
0
2:1
-1
1
-3
3
-2
-1
1
-1
2
0
-2
3
-3
1
-1
3
-1
1
-3
3
0
-2
1
-1
2
-1
1
2:-1
0
2
2:-1
2:1
-3
2
-2
2
-2
0
2
1
-1
1
-1
1
-1
-2
2
0
-1
0
-1
2:0
2
1
-3
0
2
1
-2
0
2
-1
1
2:-1
2
-2
1
-2
2
1
-1
1
-3
3
-3
2:0
1
0
2
-3
3
-3
3
2:0
-3
2
-1
0
-1
2:0
3
-3
3
-3
2
-1
2
-1
0
1
0
-3
2
-1
0
1
-1
0
-1
3:0
3
-2
-1
2
-2
2
1
-2
-1
0
3
-2
2:0
-1
1
-1
2:1
-1
1
-1
0
1
0
-1
0
1
-2
1
2:0
1
-1
4:0
1
0
-2
1
5:0
1
2:-1
2
3:0
2:-1
2
-2
1
-1
2:0
1
0
1
-1
1
0
-2
0
2
-1
0
1
2:0
-2
1
-1
2:1
3:0
-1
3:0
1
2:-1
1
-1
0
1
3:0
1
-2
2
-2
2:0
1
-1
2
-2
1
2:0
1
-1
0
1
-2
2:0
2
-2
2:0
2
-1
1
2:-1
0
2
-2
1
2:0
1
-2
0
1
0
-1
0
2
-1
0
1
-1
1
-1
0
1
-2
2
7
-5
118
-119
14
-4
0
-9
-1
16
-14
10
52
-61
-3
8
-8
19
-19
2
28
-28
-2
16
-4
-6
2:1
7
-9
-4
-2
1
40
-30
-9
-2
143
-135
-7
45
-43
4
-5
0
18
6
36
-53
-7
2
7
8
-14
7
21
-15
-11
62
1777
-1844
126
-100
-23
-1
-2
9
-8
6
7
38
-50
12
8
-23
50
7
-54
4
639
-475
-165
-2
-5
50
-11
-36
524
-527
36
-35
21
-10
-8
196
-118
-53
859
-731
-152
11
233
302
-546
77
-82
30
53
-83
5
168
-156
-5
16
-27
49
-39
36
177
-218
20
-15
-3
27
-32
31
3
1
-5
-2
43
-68
-3
-1
12
18
-30
1
270
-270
25
-26
13
597
-600
-4
141
-148
12
2:-4
1412
-1386
-27
19
-12
-6
-4
0
14
26
-34
-4
17
-19
2
388
-334
-1
933
-67
-917
-2
127
-121
28
72
-99
-10
0
15
16
99
554
-679
-1
0
20
-23
0
3
21
-5
2
10
-10
44
-66
0
44
-44
3:0
2
-2
1
-1
2:1
-2
2:0
2
-2
0
2
0
-2
4:0
10
-8
-2
2:0
1
31
-32
4:0
1
-1
5:0
1
-1
2:0
3
2
-4
-1
0
2:1
-2
1
-1
2:0
1
2:0
-1
1
0
5
-5
2:0
1
-1
0
-1
1
-1
2
0
2
-4
1
-1
0
6
-5
2:0
1
-2
1
3
-4
0
9
-9
0
1
-1
4:0
2
-2
3:0
5
-2
-3
4
-4
1
-1
0
1
-1
0
2:1
-2
3
-3
3
-3
2:0
1
4
-4
0
-1
0
1
-1
0
3
-2
-1
0
8
-7
-1
13
-11
3
-3
-2
1
0
2
-3
3:0
1
-1
0
3
2
-3
11
-13
0
1
0
-1
2:2
-4
0
1
9
4
-12
2
-3
-1
11
-10
5
-4
5
-7
2:1
5
-7
1
0
4
0
-5
0
2:1
-1
1
-2
2:1
-2
7
-1
-5
0
-1
2
-2
1
3
-4
0
2:2
2:1
-5
0
-1
3
2:0
7
-10
1
17
-13
6
-10
0
2
-3
8
-7
-1
3:0
5
23
-21
-7
6
-6
2:0
2
-2
0
6
-5
3
2
-6
0
1
0
2
-3
1
0
1
-2
1
-1
2
-2
14
-11
-3
4
-2
2:-1
2
-2
3
-3
1
-1
1
14
-13
2
3:0
-3
0
-1
0
3
-3
1
2:0
1
-2
1
-1
3:0
2
4
-6
2:0
2
-1
0
1
2:-1
0
17
-13
1
-4
6
-6
4
-1
-4
3
1
-4
0
5
-5
0
3
-1
2
-4
8
-2
-4
2
-4
2:0
1
-1
1
3:0
-1
2:0
2:2
-2
2:-1
12
-6
-5
-1
0
1
2
-2
-1
0
2:2
-3
-1
5
22
-20
-6
-1
0
27
-27
10
-10
0
3
5
8
-16
1
-1
13
-11
-1
0
-1
0
1
-1
2
0
1
3:-1
10:0
32
-32
7:0
1
-1
2:0
1
-1
2:0
1
-1
1
-1
30:0
1
-1
2:0
1
-1
2:0
3
-3
13:0
1
-1
1
-1
1
-1
3:0
1
0
-1
2:1
-2
4:0
1
0
-1
2:0
1
0
-1
4:0
2
-2
2:0
1
-1
8:0
2
2:-1
15:0
1
-1
5:0
1
-1
1
-1
1
-1
6:0
11
-11
2:0
3
-3
8:0
1
-1
4:0
1
-1
2:1
-2
0
1
-1
2:0
2
-2
16:0
1
-1
9:0
1
-1
22:0
1
-1
6:0
1
0
-1
1
-1
5:0
1
0
-1
16:0
1
-1
2:1
-2
2:0
1
-1
4:0
1
0
-1
2:0
1
-1
8:0
2
-2
1
-1
0
2
-2
1
2
-2
-1
11:0
1
end
