v1
1063
207
819
98
105
27
164
48
615
317
107
108
77
56
7
15
146
707
21
303
288
32
108
440
152
393
444
236
46
435
194
22
285
27
133
18
395
894
156
31
225
277
170
87
465
54
79
48
424
59
993
431
936
339
69
1107
404
386
254
27
197
575
394
115
160
16
573
46
242
214
72
8
59
50
503
29
83
18
25
19
96
153
118
82
74
123
0
30
5
30
41
71
98
147
447
173
345
414
110
304
10
39
116
338
121
141
227
25
62
172
146
5
282
441
332
14
1
153
270
309
114
1088
301
460
56
109
2
24
42
302
63
12
50
475
500
16
247
33
232
208
126
7
8
147
433
447
449
452
175
70
121
8
11
32
452
100
54
108
147
88
217
20
3
193
5
257
445
63
189
31493
5
22
9
43
161
130
0
85
88
4
80
112
36
30
1080
72
68
111
86
151
18
47
3310
2211
328
1553
5140
10816
2650
4766
3406
1583
3
6930
2988
4451
11799
958
2466
5151
11
124904
1
1735
6006
73
9417
32421
22
300
89
5
55378
85
47
65
119
36
57
6
12
17
145
27
10
1
2
11
1
11
35188
10223
1727
436
532
58
86
54
40
16
21
3
1
90
4
5
1
40306
64
276
126
599
1
46
263
68
17
0
202
277
9
21
36
18
41
19
84
88
5
9
747
17
38
14805
140
82
1990
9723
1
162
1
37
78
28
62
2
11
62
87
48
13
-488727
51
81
23
87
275
35
56
69
233
128
129
254
21
138
70
185
28
102
114
38
21
204
237
1
105
58
118
91
12
202
191
46
197
8
499
78
427
61
398
34
332
143
180
72
117
143
40
76
152
75
61
430
20
48
109
515
90
231
74
22
54
5
93
222
263
114
41
300
68
32
10
110
21
32
24
43
9
80
51
35
393
90
49
93
85
51
151
370
0
13
97
193
104
46
384
33
229
23
169
212
344
44
113
67
278
169
268
28
253
35
223
29
99
111
117
106
39
55
96
106
72
383
114
235
53
24
108
124
0
100
125
87
47
248
151
49
19
9
169
245
23
270
11
498
30
145
118
7
10
165
6
0
40
2
59
6
19
38
22
1
12
10
11
6
17
56
3
14
70
60
3
104
88
10
11
44
58
5
2:14
118
35
19
38
70
74
34
510
67
149
98
420
16
15
65
13
357
183
27
199
27
42
138
115
95
191
101
131
166
161
90
170
144
27
254
31
110
199
0
5
23
8
68
17
156
20
0
111
389
19
68
93
12
52
123
9
41
500
273
184
447
60
403
93
5
40
27
21
9
85
38
649
77
229
0
19
37
283
51
96
2:50
36
53
37
57
21
17
190
81
2
281
57
563
101
81
20
86
12
239
89
173
71
158
116
152
31
12
15
0
8
254
22
207
61
31
19
6
3
37
20
72
220
41
59
87
10
35
103
24
118
54
296
76
31
2
45
8
85
38
134
157
31381
114
0
49
70
0
29
53
293
0
14
0
12
1146
144
228
44
108
73
59
9763
703
0
2064
6261
320
1002
16434
830
1211
4086
10
2172
1744
872
2652
8034
20
26
4
7
2:1
5
0
4646
0
2468
3
484
1523
3147
2:8
7
1
2
1412
13
21
3502
103306
13098
1
11260
38287
3623
16
28
2
28
82
16
43
113
9
83
11
16
54642
781
109
59
105
2
15
30
0
22
21
15
149
51
0
11
0
16
725
7
22
20
40
73
57
6
12800
3480
2357
3
2294
3093
18188
813
247
2055
1
133
56
1467
168
2
1
6
5
1
10
27
1
47
35
42
28
40
75
27
31845
8582
149
15
54
120
511
305
11
96
10
83
241
111
187
6
135
89
5
26
20
6
28
186
285
17
135
38
32
5
51
15052
1975
9735
266
169
15
23
7
30
7
20
-488142
38
121
16
206
494
35
30
149
96
141
54
176
324
1
246
76
544
120
84
6
141
592
19
46
53
39
140
38
85
411
110
153
98
101
152
256
180
52
261
202
207
363
177
346
242
478
562
242
155
222
221
234
35
106
47
782
114
334
71
59
339
183
147
687
119
16
326
360
59
468
152
367
552
25
273
267
75
1042
219
145
125
176
75
13
172
455
193
78
16
95
15
54
2
73
110
19
79
191
11
96
36
175
43
23
9
51
208
269
460
291
392
298
160
117
67
13
672
51
207
340
243
196
23
1120
199
125
53
2
296
404
131
337
5
389
45
935
0
125
193
155
132
600
203
21
345
57
41
221
348
34
279
257
56
348
58
460
19
114
96
124
319
180
228
244
249
265
12
45
124
110
3
1
11
200
31755
14
54
130
55
33
16
119
1101
24
50
390
7850
3442
10048
12086
8960
866
5622
1391
10899
14
3373
22999
8312
107397
59
41882
47
19
51
71
129
38
7317
2
3760
25036
19320
362
17
154
105
2
4
2:17
752
18
95
7896
4973
29990
2122
562
1698
17
5
66
96
52
22
13
58
16
40103
596
21
749
5
253
146
43
98
279
65
49
105
74
207
298
291
15041
11819
21
166
17
63
1422158400
299:0
1
499:0
1
262:0
38
8
15
319
-339
0
94
5889
-5982
-3
-1
633
5025
-5651
2328
-2340
26
99
398
-481
-14
-2
121
-51
3939
-3931
927
-941
-91
733
-723
90
-99
54
-8
4
-50
69
19
161
-228
64
433
507
-978
-12
289
-290
-33
405
-402
267
-121
-146
0
17
-13
-7
18
274
2802
-2408
-667
28
-37
552
-552
410
-409
886
-865
-17
3
-9
37
294
-195
-137
5
312
-302
34
465
-486
-6
0
51
401
-322
-106
5872
-5509
-112
-114
-138
10
924
-678
-264
76483
-73287
-3096
-145
59
212
-196
-53
13
83
-10
50
-103
-55
957
-938
699
-706
191
-175
-33
91
142
3090
-3277
-34
978
-930
878
12426
-13362
1697
-1629
-55
12444
-12450
51
107
-154
1739
-1031
-715
28
18958
-18392
-278
-156
16
-137
175
-213
2561
-143
-2382
9018
-5987
18392
-16494
-4851
213
2274
-2594
7482
-7483
629
-638
54
-39
40771
-40416
2556
-2829
-64
40
-68
199
5
-195
432
-440
52
227
772
-813
-243
40
-32
13
-8
169
-172
137
35
71
1401
-1155
-218
788
-45
108
-1018
32
-113
-11
-8
86
-101
48
-51
10
22288
-22297
56
-39
415
-391
8657
-8659
67
-103
38
1340
-723
-653
19
-20
163
-73
-89
875
-878
928
-888
-11
-27
1
118
-42
-67
103
-115
48
138
-169
33
8539
-8350
18766
-18957
-35
809
10058
-2310
-8504
27
-72
2139
-1882
-189
-87
35
138
698
-872
12
3055
-3035
-2
-20
670
707
-1389
835
2125
-2899
91
-76
-67
22
-7
-22
3
86
-65
68
-22
-1
945
-941
1858
-1885
-44
301
-300
1153
-1073
-31
562
-365
-179
-63
-21
-9
-8
12
0
2
-12
7
-1
-8
1
2:2
0
-5
8
2:-4
3
2
0
8
-7
10
-16
1
5
20
-23
2:1
5
-10
15
-9
-2
-3
6
-6
15
-7
-3
-6
16
-8
-5
20
-18
-3
12
-10
-3
16
-17
28
-26
17
-20
1
19
3
0
-22
5
2:-3
2:5
-5
5
-9
3
2
-5
12
-12
4
2
-4
-3
10
3
-12
16
-12
-3
2
7
-10
1
-1
0
7
-1
6
-4
3
0
-6
-4
19
-20
7
-4
13
-12
2:3
-8
3
2
12
-12
-1
-3
18
-7
-14
6
-6
3
10
-9
-2
3
-1
-4
3
-2
1
24
-26
4:0
3
-2
3
11
-14
3
2
2:-3
0
10
-6
12
-15
1
11
-1
2:-6
13
2
-9
11
-6
-11
10
-8
3
-3
18
-5
-4
-6
6
-5
-4
13
-10
17
-20
-1
2
9
-7
-3
6
4
-8
2
-4
16
-17
7
-8
0
2
8
-7
-2
1
-1
10
0
-9
2:1
-4
22
-19
-3
3
2
-2
1
0
2
-2
1
-1
2:11
-23
4
-1
-6
14
-8
6
-9
-3
2
-2
9
-10
13
12
-15
-3
2:3
1
-6
1
-6
3
0
-5
1
-1
7
-7
14
-14
2
17
-15
-1
0
-2
-1
15
-9
1
20
-24
24
-7
2
3
-20
-2
-3
1
5
-1
-5
14
-12
8
-6
14
6
-16
-6
1
-3
8
2:-3
6
-4
16
-16
-1
0
-3
0
9
-5
20
-20
-2
0
2
2:-2
9
-7
14
1
-10
-4
-1
10
-8
-4
3
-3
4
-1
9
-10
1
8
-4
5
2
-1
-13
2
0
9
1
12
-25
13
0
-10
-2
9
-7
7
-5
16
-14
-5
1
18
-11
3
-6
6
-5
2
-6
6
3
-8
20
-24
-1
1
22
-14
-8
7
-2
-5
11
-8
-2
1
-1
0
3
12
7
-23
11
-9
-2
1
17
-18
1
5
17
-23
7
0
4
-9
1
14
-13
5
-9
22
-20
2:3
6
-14
6
-4
-1
16
-13
3
-7
11
5
-13
4
0
-4
-2
6
-6
14
-3
0
3
-15
2
3
12
-11
-2
12
0
-12
-5
27
-26
9
5
7
5
-2
-19
-2
-3
1
13
-12
0
-2
24
-21
9
-10
11
-10
7
-6
-2
4
1
4
13
-23
9
-9
15
-11
2
-2
-3
-2
4
3
-4
4
-6
7
2:-4
7
-4
1
12
-16
4
22
-18
-9
1
19
-17
9
-1
-2
-9
7
5
-9
4
11
-11
19
-18
14
-18
-5
-1
2
2:0
-1
1
0
-2
1
3:0
1
-2
2
-2
2:1
0
-2
0
2
2:-1
2:1
2:-1
2:1
0
-1
1
0
-2
2
-2
1
-1
0
1
-1
0
2
-2
1
0
1
-2
1
-1
2
-2
1
4:0
1
-2
1
-1
1
-1
2:1
-2
1
-1
1
0
1
-1
2:0
-1
2
0
-1
5:0
-1
1
5:0
-1
2:0
2
0
-1
3:0
1
-1
1
-2
1
0
1
2:-1
2:1
-1
0
1
-1
2:0
-1
1
-1
2
-2
2
0
-1
2:0
1
-1
2:0
-1
1
0
-1
1
2:0
-1
1
-1
0
1
-1
1
2:0
1
0
-2
2
0
-1
0
-1
0
1
0
-1
2
-2
0
1
2:0
-1
1
2:0
-1
1
2:0
1
-2
2:1
-1
0
1
-2
0
2:1
-1
5:0
-1
2
-1
0
-1
0
2
0
-2
0
2
-1
3:0
-1
2:0
1
0
1
-2
1
5:0
-1
2
2:-1
0
2:1
0
2:-1
1
0
-1
1
-1
0
2:1
-1
1
0
-1
2:0
1
-2
0
2
-1
1
0
-1
2:0
1
2:0
-1
1
3:0
-2
2
2
-1
8
5
-13
5
4
98
-107
1
0
13
8
-17
7
-9
4
-7
2
8
-9
0
-1
13
175
-186
-2
9
-3
-2
-3
13
-14
1
2
7
-9
2
1
7
-8
-1
22
-24
6
-2
-3
-1
5
25
-22
5
1
-10
2
-6
7
-5
3
-5
18
47
-65
10
2:-5
1
2
-3
2
57
-55
-4
5
3
67
-74
4
-5
14
-5
30
35
-64
1
0
6
-17
11
-9
9
-11
18
3
-14
0
-2
50
-21
1896
-1844
-57
-26
4
2:-3
-1
1
26
-23
0
11
-11
-3
-1
121
-110
-3
-6
0
20
12
8
-35
-2
11
-6
-9
883
-884
64
-55
-9
2
-1
9
10
-16
46
-7
-34
-2
291
-244
-52
21
25
-35
4
-12
134
-13
-120
-3
37
685
-543
-170
10
171
-185
840
-842
114
-118
5
1
139
-143
160
-150
-8
0
3
33
0
-38
60
-62
5
50
188
-227
-18
10
-3
6
-13
61
-48
-8
0
48
-13
-17
28
10
19
-76
0
-2
2
-2
1
35
-31
-3
2
0
188
-186
26
-27
-7
11
1237
-1245
10
-10
9
85
-96
4
-5
0
21
-18
6
8
-3
-10
28
-28
6
-3
14
6
-16
-2
-6
11
30
-31
8
0
-16
548
-532
-20
167
341
718
-1219
-4
0
412
-402
10
-21
4
41
276
-308
-11
2
32
0
-28
15
24
-49
167
171
-335
11
24
-39
4
1
-2
22
-14
-10
29
-22
-3
13
-1
51
-63
-5
44
-43
12
39
-30
8
111
-141
3
-2
-1
0
1
-1
7:0
1
-1
8:0
6
-6
3:0
3
-3
3:0
38
-38
0
1
-1
2
-2
2:0
1
-1
4
-4
2:0
2
-2
2
2:-1
8
-8
6:0
2
5
-7
0
1
-1
2:0
1
0
-1
3:0
2
2:-1
1
-1
0
2:1
-2
2
-2
2
-2
2
-1
0
-1
0
3
-3
0
1
-1
2
-2
0
7
-7
1
0
2
-3
0
3
-2
-1
2:1
-2
1
-1
0
1
-1
3
-2
1
-2
2:0
3
2:-1
0
-1
1
17
-17
-1
3:0
1
-1
0
1
-1
5:0
3:1
-3
0
4
0
-3
2:0
2
-3
1
-1
0
1
2:0
-1
7
-3
-1
-2
-1
1
0
1
0
-2
3:0
5
-1
-4
1
-1
1
-1
0
3
-3
2
-2
2:0
2
-2
0
1
-1
3:0
6
-4
-1
6
-7
1
3
4:-1
3
-2
7
-6
3
-1
-4
1
2:0
-1
0
4
-4
5:0
2:1
2:0
-2
1
-1
2
0
-2
3
-3
2:1
2:-1
1
-1
2:0
5
-4
-1
0
2
2:0
-2
0
4
-2
0
-2
4
-3
2
0
-3
1
-1
2:1
2
-4
2
-1
9
-6
-4
4:0
1
-1
0
2
2:0
-2
3:0
2
-2
7
-6
-1
3:0
1
2
-3
2
8
-7
-3
3
-3
1
-1
0
1
-1
1
5
-5
-1
2
-1
1
0
-2
0
1
2
-2
0
2
-2
3
0
-4
2:0
1
0
-1
16
-15
-1
0
2
1
0
-2
-1
0
3:1
-3
3:0
1
-1
16
-15
-1
1
-1
2:0
5
-4
0
-1
0
1
-1
0
2
-1
2:0
-1
7
-7
1
0
5
-6
2:1
2:-1
3:0
3
-2
0
-1
1
-1
1
-1
2
-2
1
0
1
7
-9
3
11
-14
5
0
-3
-2
1
-1
6
0
-3
0
-3
8
-6
4
-6
3
-2
-1
1
-1
2
-2
1
5
-3
2
-3
-1
0
-1
1
3
-3
-1
1
3
-4
2
-2
1
-1
3
-3
2:0
4
-2
2
-4
3
-3
8
-8
2
-2
2
-2
0
3
-3
2
0
2:-1
0
1
2
-3
5
-5
1
2
-3
2:0
6
-6
7
1
-7
-1
2
1
-3
2:0
1
0
-1
0
2
-2
5:0
1
-1
2:0
1
0
-1
2:0
1
-1
0
2
-2
0
1
-1
9:0
1
-1
24:0
1
-1
12:0
1
-1
10:0
1
-1
4:0
1
-1
15:0
1
-1
8:0
1
-1
8:0
1
-1
0
2
-2
1
5:0
-1
18:0
1
-1
0
1
-1
12:0
2
-2
4:0
1
-1
5:0
1
-1
5:0
3
-3
5:0
1
-1
16:0
1
-1
8:0
1
-1
2
-2
21:0
1
-1
7:0
end
