v1
1054
572
12
159
445
41
52
139
14
34
56
559
188
26
337
58
17
2:39
110
19
766
548
5
32
60
48
292
15
12
273
321
72
132
143
169
11
160
111
34
235
156
10
194
22
118
167
160
275
138
94
1
511
29
177
13
90
135
31
225
349
37
148
20
24
43
432
79
86
185
18
657
197
106
88
187
431
153
132
209
388
54
339
69
57
31
778
106
135
451
339
304
148
26
159
409
7
394
275
16
34
9
506
24
177
60
51
294
581
60
45
6
32
18
25
68
52
14
117
13
4
118
82
74
123
65
3
35
19
38
17
127
118
176
271
173
120
639
110
304
10
33
6
116
338
121
141
227
259
146
5
282
404
37
110
189
10
36
2
66
17
70
229
41
521
182
50
758
301
93
367
56
111
24
48
109
187
75
50
47
608
306
30
247
33
176
50
6
27
53
128
126
7
8
147
40
48
235
110
611
101
184
38
322
92
175
70
121
8
11
31
1
452
11
47
42
54
47
61
127
20
2
86
153
59
5
20
3
104
89
3
2
642
60
63
113
42
34
92
41
31360
5
22
9
204
4
29
53
44
85
88
76
120
36
8
22
1152
0
250
166
18
47
281
3029
2211
328
1553
5137
3
10816
2650
4766
6612
5310
2988
4451
4
8088
3707
958
7610
16
2
1433
123471
1
7716
25
73
9417
32411
10
18
4
26
254
109
5
16
54631
816
231
7
2
15
12
63
29
38
107
27
11
2
11
1
11
2
1
82
672
60
117
13
20940
3093
18188
813
1430
1062
665
436
366
166
2
25
28
3
58
28
34
20
40
37
3
1
90
4
5
1
31815
8465
26
64
176
100
126
0
599
1
286
23
43
25
17
202
277
9
57
18
41
103
116
16
273
438
6
17
38
14945
82
1990
9722
2:1
162
1
115
23
5
30
32
2
11
4
58
5
37
23
22
67
32
-488610
87
142
64
256
287
22
36
292
63
17
18
26
2:108
22
152
54
105
205
38
88
64
151
20
16
22
38
48
11
28
141
16
37
1
82
122
215
39
7
106
59
80
244
16
199
78
142
10
39
321
24
39
7
172
132
13
47
64
0
12
144
90
30
197
204
76
105
79
247
190
46
110
38
56
99
8
177
190
175
11
131
102
63
196
28
22
14
54
98
222
2
23
57
106
2
4
106
109
0
305
104
321
8
7
79
319
65
9
65
28
3
43
20
80
78
98
59
45
42
105
11
8
50
120
1
171
55
31
90
76
17
144
7
4
3
144
17
149
150
97
22
37
289
377
13
144
0
316
43
109
122
93
99
28
17
51
35
65
85
216
24
146
19
45
2
97
171
94
202
22
50
92
257
27
44
77
76
236
92
70
78
15
24
68
29
121
113
29
35
365
142
158
61
78
165
0
171
79
345
45
5
170
118
7
166
9
6
27
24
17
16
19
2
15
44
15
6
1
8
2
5
2:8
3:3
17
0
8
48
66
79
87
15
7
20
49
3
16
123
5
14
29
17
48
5
71
62
54
28
18
87
592
297
12
16
275
121
161
110
2
68
85
79
40
18
62
88
145
71
67
115
286
101
100
31
108
262
3
44
150
20
144
322
9
25
270
309
253
203
114
43
15
35
12
184
304
56
133
210
111
170
14
144
34
7
93
102
187
19
26
37
13
43
22
25
43
52
119
130
94
2:208
66
61
132
89
66
132
39
11
270
50
1
27
23
190
95
37
57
3
35
242
31
338
18
36
0
274
172
116
46
83
118
84
42
90
125
75
85
71
281
246
219
22
29
164
78
28
22
6
17
80
104
274
90
5
6
74
144
138
142
7
55
109
93
19
2
64
29
8
1
17
15
126
74
31426
9
73
12
27
56
121
29
9
7
77
107
16
39
48
1110
54
57
7
80
67
23
92
19
117
114
2:11
44
2974
4755
0
2048
703
2723
1808
4114
1002
1805
2931
9322
1583
3
790
5704
4349
2139
1385
16
8028
36
4
3
6
21
2805
1825
34
2434
13
0
474
509
4160
7
2:1
15
1
2
1445
3503
530
115875
5279
6032
38236
3538
115
16
13
31
50
75
40
82
11
30
23
19
109
35630
0
19610
51
50
102
7
32
27
32
105
15
39
3
15
0
50
13
36
45
2
13
40
2
3
6
2
45
49
647
7
63
153
7827
2
4973
3480
2356
575
15024
2004
6954
82
2055
1
1827
6
5
20
66
5
88
6
5
1
40
8
35
14
6
12
22
4
30333
9735
51
14
513
90
333
208
172
28
8
538
111
4
136
13
19
114
42
89
2
39
5
9
203
34
42
374
31
39
4
1
23
28
21
87
14720
150
2049
9885
148
220
2
17
13
25
16
21
23
-488812
610
41
317
252
997
1235
2047
904
53
103
595
439
830
1635
2382
1710
1845
168
1472
84
672
503
1028
2077
417
4094
2623
360
121
1705
1054
1445
395
31410
424
6549
53624
13807
131168
41932
58
3
11373
44356
517
48451
24
40713
898
299
793
27716
442
1422682200
399:0
1
599:0
1
53:0
33
-11
13
-16
113
-97
32
23
7
-36
5534
-5571
517
-514
66
34
1811
-1895
6
-21
-3
5
21
-30
7
5
-18
2:0
98
-96
2033
-2030
20
-8
40
532
-547
-37
276
178
-459
11
-7
-1
64
102
-145
132
-120
-23
28
774
-807
-7
309
-296
16
28
-44
37
48
445
-543
455
-442
183
-163
24
-44
101
-109
16
-23
226
782
-967
-27
404
-268
-64
92
-173
2
-6
23
124
-101
-19
30
176
-186
207
-246
32
454
-176
4513
-4804
-28
51
20
391
-417
-44
29
211
174
-331
-68
58
1550
-1560
-50
12
-21
-2
6
25
8
86
681
-767
5
56
-94
-9
123
-122
6
11
325
-245
546
-624
70
-70
310
-311
68813
-68758
19851
-19743
-52
-104
258
62
-269
-71
-5
30
36
-57
-5
153
-145
-9
753
-757
97
-94
86
63
-150
15
-1
110
95
-163
2259
-2315
562
-424
-121
-11
12008
-10832
-1067
-111
26
-23
31
56
-76
-2
-12
-4
9
3
842
-294
-521
53
58052
-58140
2
49
198
51
-265
314
-353
92
74
-103
-17
-28
2055
-1728
-318
60
-13
-69
6
669
24232
-24908
4692
-4663
45
-73
412
-400
-17
3412
-3400
2925
-2937
40
-39
364
-323
2760
-2485
-315
12
1408
-1395
78
134
1097
-1114
-137
-83
0
16
-10
422
-296
178
-312
132
1297
-1426
108
-57
-2
-44
80
-13
-31
-37
257
-40
929
-1033
-88
203
438
239
1232
-2144
150
-126
63
29
-52
-60
6244
-6193
-34
14391
-14398
9
118
-137
423
-420
6420
-6416
33
-44
1072
-1070
82
8261
-7132
-1212
139
-129
87
58
-152
11
28
177
27146
-27331
184
-198
-10
-11
31
51
126
-208
185
-162
-9
86
-75
-23
18
45
-57
5
3
-14
107
128
-141
29
-59
-51
-6
5253
-5195
247
-315
30654
-30638
875
10882
-5084
-6621
-57
-9
2005
-2002
2182
-1810
-331
-34
4
78
-83
201
2469
-2681
67
154
1988
-2139
-3
334
1860
-2160
1326
-1351
2
6
-77
2
452
-456
6
65
102
-142
63
-94
366
-145
1915
-2134
189
-88
26
-127
178
-124
19
-79
262
-261
18
-12
112
-111
365
-383
4
-8
2
-1
-2
2
-2
10
-3
6
-13
0
1
-2
4
-3
3
9
-7
2:-2
4
-4
2
4
-7
0
1
9
-7
-1
-2
3
-4
1
3
1
0
7
-6
3
-7
11
0
-7
3
-7
5
-2
1
5
-6
6
-10
7
-6
3:0
1
-1
4
-4
2
0
-3
2
7
2
-10
-2
7
-2
2
0
-2
-3
5
-6
5
-3
-2
6
-2
1
-2
3
7
-6
-2
-1
1
-5
-1
11
-9
4
0
-1
4
-6
8
-9
6
-3
-4
2
3
-3
4
-2
6
-7
8
-4
-3
7
-7
2
-5
5
-6
1
4
-6
11
-2
2:-4
1
2
-3
0
6
-4
5
-2
3
-7
10
-10
1
-2
11
-3
-7
1
-2
2:2
0
-3
1
-3
2:1
0
1
3
-3
0
-2
3:0
1
7
-4
2:-1
8
-10
13
-3
-11
4
-4
12
-11
10
-9
7
-6
-1
0
-1
3
4
3
-10
0
-1
1
0
6
-1
0
5
-2
2:-3
-1
3
9
-6
-4
10
-10
-3
3
10
-13
0
2
10
-2
2
-11
0
1
3
-4
2
0
4
-2
2
1
-2
4
-3
1
-9
2:0
7
-5
2
0
2
-3
9
-12
7
2
-7
7
-5
10
-10
-1
-2
2
3
-4
-1
4
-4
2
-2
2
1
-1
2:0
2:-1
2:0
1
2
-2
11
-10
-1
7
-7
3
-4
1
-2
4
3
-4
0
-1
9
-8
7
2:-5
6
2:-1
3
4
-8
-1
2
-3
7
-8
11
-10
2
9
-12
6
1
-6
0
2
-1
1
9
-10
6
4
-10
-1
5
-2
-1
3
-5
5
-5
1
8
-8
6
3
-8
-3
4
-2
0
1
-1
4
-4
6
-4
4
-2
-5
5
-1
-5
3
4
-4
2
-4
2:0
1
-1
7
0
-7
0
1
3
8
-7
-3
3
-2
8
-12
1
0
-1
10
-8
6
-6
0
-1
1
7
-4
-2
-1
3
-4
1
2
-2
0
-1
5:0
2
1
0
3
-5
0
-1
2:1
-2
2:3
-5
9
-9
5
-2
-3
2
-3
11
-8
5
-5
-3
2:0
-1
2
1
-3
3:1
-2
3
-3
4
-4
9
2
-3
-4
-5
2:1
9
-10
0
1
-1
2
-2
4
-4
3
-3
10
-2
0
3
-8
2:-1
2
4
5
-8
4
-7
2
3
-4
2:5
-12
-1
2
0
1
-1
3
-4
7
-6
2
0
-1
6
-7
0
1
-1
8
-5
-1
8
-11
2
-1
0
5
6
-12
2:4
-3
-1
0
-3
6
-5
10
-10
-2
8
2
-2
-8
6
1
-5
9
-11
0
2
7
-9
0
11
-11
0
9
-6
-3
9
-9
9
-10
8
-4
-2
0
9
0
-7
-1
5
-6
12
-10
2:-1
0
-1
2
-2
8
-9
2
0
12
-12
7
-5
-3
9
3
-12
0
2
4
2
-8
9
-8
2
2:-2
1
6
-6
8
-8
8
-4
2
-6
3
-4
8
6
-10
10
-5
-8
0
3
2
-5
2:0
-1
53:0
2:1
2
-3
8
-4
-1
-2
4
0
124
-129
1
0
8
-8
27
-28
0
2
-2
1
7
-8
0
4
-3
-1
1
7
-5
74
-76
2
-3
8
-3
-1
-4
0
1
3
-3
2:0
11
-9
-3
17
-16
0
1
2:-1
0
1
0
4
3
-7
-1
12
-10
0
-2
4
-1
-3
3
-1
2
-2
1
-3
22
-14
-1
-7
9
-4
1
13
-14
-3
-1
3:2
-4
3
-6
2:0
5
0
12
32
-25
-21
-3
2
-2
0
2
-2
7
60
-67
9
-8
3
57
-61
7
-7
2:1
-1
4
6
2:23
-49
-1
5
-9
-2
3
-1
1
-2
18
-20
36
-32
-4
5
62
-49
1993
-2011
100
-69
-22
1
-1
-7
17
-14
-4
14
-14
3
-1
26
-26
0
98
-100
-1
8
1
0
-9
2:1
25
2
-24
39
-43
10
-3
-7
6
635
-581
-50
-11
1
8
-8
10
-2
-6
-2
5
-5
3
59
-25
-26
-5
273
-278
-2
1
54
-52
6
24
-32
-1
26
-18
1
-6
120
-22
-101
8
-3
-5
0
34
650
-681
197
-194
0
-5
29
-25
2
183
-188
581
-579
2:-1
86
-88
10
34
-43
4
93
-91
-7
5
120
-105
-9
-6
-5
0
5
23
-23
47
-48
36
208
-242
9
-9
0
4
30
-32
-3
-4
9
25
-4
-13
-16
27
17
30
-71
-3
5
-4
30
-32
-1
3
8
-8
1
214
-212
2
18
-26
0
9
946
-953
1
-2
23
-22
2
8
79
-91
7
-5
5
-4
11
-14
1
8
1759
-1768
59
-57
2
3
12
-12
8
-11
-3
14
-9
-6
2:0
11
-2
-5
1
3
-5
31
-14
-16
10
-12
1
-1
20
-22
2
-1
431
-423
97
320
819
-1239
0
-2
350
-350
20
-12
1
0
-10
3
-1
40
220
-264
3
61
-53
9
-5
9
35
34
130
-219
20
-25
5
-1
31
-34
11
-3
4
-7
1
-5
21
0
19
-40
26
-25
-2
1
14
5
-5
-16
33
-33
0
2
80
-80
29
-30
-1
0
1
-1
3:0
1
-1
0
2
-2
0
1
-1
2:1
-2
5:0
1
-1
3:0
6
-6
4:0
1
-1
1
0
43
-44
4
-4
2
-2
2:0
1
-1
14:0
1
-1
3:0
4
-4
3:0
1
-1
0
5
-5
5:0
1
-1
2:0
2:1
-2
2:0
1
-1
3:0
4
-3
0
1
-2
0
2
-1
1
-2
2
-2
3:0
3
-3
0
2
0
1
-3
6:0
1
2:0
-1
11:0
1
-1
2:0
1
0
-1
14:0
1
-1
5:0
5
-4
-1
2
-2
1
3
-4
2:0
1
-1
2:0
1
-1
0
1
-1
6:0
1
-1
2:0
1
-1
1
-1
1
-1
4:0
2:2
-4
2
0
-2
2:0
2
-2
2:0
1
-1
1
-1
0
2:1
-1
1
0
1
-2
-1
7:0
1
-1
1
3
-4
0
6
-5
-1
10:0
1
-1
0
2
-2
0
1
-1
5:0
2
-2
5
-1
-4
2
-2
2:0
1
-1
2:1
-2
2:0
1
2:0
-1
4:0
4
-3
-1
8:0
1
-1
0
6
-6
15:0
1
-1
0
1
0
1
-2
1
-1
3:0
1
-1
1
-1
2
-2
4
-3
-1
1
0
-1
14:0
3
-1
1
-3
0
1
0
-1
5:0
1
-1
2:0
1
-1
2:0
1
0
-1
11:0
3
-3
7:0
1
0
-1
3
-3
2
-2
3:0
5
-5
2
2:-1
4:0
1
-1
1
-1
5:0
1
0
-1
4
-3
-1
2:0
4
-3
-1
3:0
1
-1
0
2
-1
1
-1
2:0
1
-2
2:1
-2
2
0
-2
2:0
1
2:0
1
-2
5:0
1
-1
2:0
1
-1
1
4
-4
-1
2:0
2
0
-2
6
-6
3:0
2
3
-5
4
0
-4
3:0
2
-2
9
-9
2:1
2
-4
0
8
-7
-1
4:0
2
-2
0
3
-3
2:1
2:-1
3
-3
0
2
-2
9:0
1
0
-1
5:0
2
-2
0
2:1
-2
0
1
-1
0
4
-4
2:0
1
3
-4
0
2
-1
0
-1
0
2
-2
3
-3
3
-2
-1
6:0
1
0
-1
1
-1
1
-1
32:0
1
-1
9:0
1
-1
3:0
1
-1
6:0
end
