v1
590
160
50
23
84
305
121
30
10
39
407
191
48
56
181
113
92
8
165
214
338
57
56
7
43
118
221
321
165
59
75
308
40
130
0
147
285
300
276
15
4
26
72
132
19
304
188
83
34
136
99
166
194
266
41
160
166
247
395
100
4
101
119
175
21
84
51
31
179
18
28
381
120
33
20
24
52
2
78
7
79
194
63
127
105
43
93
85
98
8
51
45
30
71
46
19
13
158
20
13
20
173
110
267
8
393
0
160
31
48
277
373
6
79
126
213
65
4
10
47
154
222
28
110
143
258
128
7
104
88
29
18
88
39
55
228
16
125
281
84
37
279
187
101
2:84
159
28
123
275
16
211
1
321
40
288
132
162
279
125
175
6
26
1
15
14
83
43
25
13
23
8
46
2
134
13
4
118
82
66
8
40
19
46
0
18
35
30
3
54
38
17
53
74
76
42
85
84
0
34
236
8
173
89
0
31
94
422
123
110
98
100
106
10
33
6
116
104
42
138
175
0
141
85
101
102
26
111
59
2
146
0
5
53
14
30
170
15
129
27
248
37
163
136
10
28
10
83
21
49
229
41
309
68
46
93
64
25
98
0
50
758
199
102
93
367
50
6
111
23
43
40
262
75
18
32
655
77
229
19
258
33
29
18
33
66
80
6
27
53
128
19
107
7
8
46
101
30
10
2
281
49
47
14
334
34
243
68
13
20
184
64
112
184
267
73
60
58
8
11
32
43
31
70
73
146
51
38
100
54
47
53
7
1
19
70
58
2
50
36
153
59
5
20
3
173
25
119
32
54
52
254
59
132
46
17
38
75
42
34
64
27
1
31
31367
3
5
22
9
43
161
33
53
14
30
94
79
76
8
15
97
36
8
22
932
135
13
72
35
33
111
71
15
31
62
58
16
2
932
2425
2211
328
1553
3764
1376
7580
3236
2650
4766
5782
4315
1389
436
2169
819
4449
2
14
8046
31
1
2825
882
958
2453
13
474
4670
16
2
5
108029
13326
1
3543
1
7741
73
9417
32411
10
20
2
33
0
267
72
17
5
11
7244
47392
740
41
35
47
27
32
27
98
7
2
27
3
54
6
12
17
127
2
16
37
2
1
8
3
0
1
11
2
769
113
55
3459
4380
2
8453
4654
3093
1178
3879
13045
86
813
1430
454
419
189
665
802
166
2
1
8
16
9
18
1
3
44
3
32
7
10
44
40
35
2
3
1
16
15
12
56
1
30302
9786
218
64
176
15
54
120
37
474
125
1
46
41
103
119
68
17
92
110
277
9
2
19
0
21
15
18
41
19
84
47
0
5
41
7
2
30
273
350
75
19
17
28
10
14945
86
1973
13
9722
2:1
162
1
115
35
57
6
5
62
5
0
60
8
14
5
1422528000
589:0
9
-6
-2
18
-19
5
-4
1
2
8
4
150
-165
1
-2
3
23
2925
-2950
8
266
-3
-240
125
-131
-19
-6
21
-21
1
16
-18
76
6
-77
85
-27
-58
6
-5
-1
911
-912
-4
6
-6
17
-17
10
31
-37
19
-15
7
331
-342
62
-44
-19
-2
0
6
-1
-3
-1
6
84
-92
2
291
-279
-8
37
-7
-35
0
26
-21
-4
9
155
-143
8
-18
1
10
-20
-3
0
10
-3
2:-4
2
5
-6
-1
7
19
-19
-5
2:0
132
-131
0
740
-236
-505
9
-7
44
147
-175
145
-165
10
-5
16
-18
-2
-1
0
12
2:3
145
415
-566
-4
6
18
1554
-1586
4
71
176
-246
-5
1
6
-4
40
-41
4
-6
0
65
-61
-4
2:1
3
320
-79
-242
40
-43
2
4
-6
-1
1
-1
44
-21
-1
-16
-3
3
2
-7
-1
1
27
35
-49
248
-255
44
-50
8
-8
-1
23
-21
72
-72
-1
3
14
-17
7
-7
131
-130
1
0
-3
2
289
-219
-69
0
31
-34
2
6
251
-258
-1
10
59700
-59701
7803
-7747
-62
3
-2
-1
1
15
-4
-15
0
16
200
-215
2:1
0
1
-3
7
-6
7
13
-22
2
152
-153
2
54
-54
4
138
145
-284
0
9
471
-486
1
-1
1
13
-13
1
-1
2
105
-108
119
-80
1124
-1162
1
13
-14
2
146
3243
-551
-2835
14
-18
2:3
-7
33
-14
-19
5
27
-26
-1
-3
-2
13
809
-818
1051
-1051
46
-49
121983
-121982
-2
-1
10
-6
21
50
-68
-6
1
-1
5
6
124
-136
3
2
6
-8
6
-3
620
-484
-126
-13
4
-5
31
-30
-1
34
17
14794
-14832
-8
2
991
-990
3
39
45
-97
398
-393
2
2223
-2204
646
-666
60
-61
-1
-3
2:8
-14
7
-8
114
-102
-14
2
499
-465
-26
36
-46
1
100
904
-899
2:-47
-8
5
-1
-3
114
-119
91
-83
9
-16
89
541
-623
72
-73
-6
15
81
-77
-7
103
-97
-19
14
-13
35
-22
9
-1
-9
20
740
-692
-81
211
-200
155
503
-598
-62
-8
0
48
-45
150
-145
25
-29
-5
8
-7
-1
4
84
-71
-12
1
93
-85
31800
-31807
22
24
-53
201
-153
255
-265
2601
-2634
21
-24
137
-136
0
2:-1
22
774
-795
2
13
-16
1
36
-10
-26
2:-1
14
-8
-1
39
-42
18
136
-149
10811
-10813
95
-65
-32
1
-1
0
18
-2
10
18
-27
-14
-5
-1
0
8
-6
82
-71
8
-17
-1
2:1
-3
3
0
-3
40
77
-52
-49
17
-35
0
23
-23
2
-1
267
-259
-9
40
-13
-14
4431
-4438
3
151
4363
454
-4975
2
8201
-8187
158
-168
-8
36
-23
-9
0
-2
4
6
5
42
91
-135
-13
0
10
75
-50
-37
9
11
587
-607
2
-1
0
407
909
-1286
48
-55
-20
-1
-2
53
-54
20
-16
-3
8
1
10
3
-19
37
-34
-6
1
-1
1
242
-124
135
-248
133
-140
26
-25
1
323
-322
-1
21
-19
45
-49
2:1
-1
7:0
2
2:-1
2:0
1
-1
76
-76
1
3
0
-4
5
-5
0
11
-8
-3
3:0
5
0
-5
1
3
-4
3:0
40
-40
2
2:-1
2
-2
2:0
1
-1
1
2
-3
0
1
-1
4:0
2
2:-1
4:0
15
-14
-1
7:0
3
-3
2
2:-1
1
2:0
-1
10:0
1
-1
3:0
6
-6
2:0
4
-4
0
1
-1
13
-13
8
-8
1
-1
1
-1
5:0
1
2
-2
-1
7:0
4
-4
9:0
13
-13
7:0
28
-28
7:0
4
1
-5
1
2:0
1
-2
2:0
8
-1
16
-23
5
-5
1
-1
0
5
-5
7
-7
2:0
7
-7
2
-2
10
-10
4:0
29
-24
-5
0
1
-1
0
1
31
-32
0
3
1056
-1059
47
-38
-9
4:0
2:1
0
-2
4:0
1
2:0
-1
3:0
4
-4
4:0
5
-5
0
16
-16
0
2:1
8
-10
7:0
1
5
-6
31
-28
37
-40
0
4
-4
2:0
189
-123
-65
0
-1
3:0
2
1
-3
1
-1
4:0
3
37
-39
13
-11
-3
0
265
-265
2:0
8
-8
0
12
-12
4:0
1
7
-8
0
1
2
-3
2:0
44
-8
-33
3:-1
0
2
-2
0
7
290
-295
2:-1
39
-39
0
2
-2
0
8
-8
4
79
-81
171
-172
31
-32
0
2:1
-2
2:0
1
17
-17
-1
1
19
-20
1
0
-1
0
3
61
-57
-3
2:-1
-2
3
-3
4
-4
25
-22
-3
0
22
66
-87
10
-11
2:1
3
-5
1
4
-2
-3
1
-1
15
-14
1
-2
2
5
1
6
-14
14
-12
20
-3
-18
0
-1
0
1
0
2:3
5
-11
-1
3
-3
0
1
2
-2
0
-1
1
0
102
-102
-1
2:0
1
8
-9
6
206
-212
2:0
7
-7
0
1
2:0
64
-65
0
1
-1
0
5
-4
1
-2
0
5
-3
0
2:-1
4
2
-2
593
-597
0
6
-4
-2
5
-5
4
0
3
-6
-1
3:0
1
-1
1
5
-3
3
-6
4:0
1
-1
0
3
9
-12
1
0
-1
0
2:1
-2
0
11
-11
4:0
117
-116
-1
27
181
31
-239
1
-1
1
35
-35
-1
0
4
-3
-1
2:0
2
-2
14
31
-43
0
-2
3
-1
12
-14
1
0
13
-14
1
0
-1
57
102
-159
3
4
-7
4:0
1
3
-4
2
1
-3
3
-3
5
-3
-2
3:0
9
-2
7
-14
20
-20
8
-8
0
14
-14
0
1
-1
16
-16
end
