v1
985
297
446
486
52
178
9
598
17
317
292
56
22
28
7
270
548
510
102
447
285
393
275
451
101
76
258
501
160
166
180
67
63
331
91
10
420
135
31
163
62
534
20
242
336
44
13
139
93
7
176
314
463
150
125
431
494
344
98
59
67
213
126
1050
451
339
254
27
21
335
141
268
7
394
257
18
16
43
169
361
114
43
131
294
59
345
320
43
4
113
147
4
118
82
74
45
78
35
30
38
319
447
173
120
225
524
304
10
39
116
146
192
121
141
227
87
172
146
287
129
611
10
36
2
64
2
316
41
1511
301
460
56
109
2
368
75
50
325
666
247
33
80
152
208
126
15
147
433
447
164
285
452
175
70
121
8
11
32
363
89
100
54
47
61
147
10
19
59
153
64
23
198
257
445
252
31493
5
22
9
290
44
85
88
76
120
36
8
22
1043
109
179
237
18
45
3312
2211
328
1553
5140
10816
1507
1143
4766
5782
6140
2988
4449
2
4
10913
882
3411
5157
16
2
1433
123471
1
7741
73
9417
32443
280
109
5
54647
1047
7
29
57
6
12
17
145
27
11
12
2:1
11
2
21885
3093
18188
2243
454
1273
436
366
166
27
28
3
44
42
54
40
37
3
1
94
5
1
40306
64
176
100
126
599
1
206
171
17
202
277
9
57
18
60
84
83
10
39
273
350
94
17
38
30
14915
2072
9722
2:1
162
116
90
2
11
62
87
-488481
12
0
187
100
14
110
1
207
253
272
24
56
18
26
4
212
174
5
49
105
28
74
38
0
65
51
32
52
69
29
37
91
51
25
44
161
5
98
118
194
120
0
7
17
164
16
26
1
258
11
12
334
78
17
39
199
37
148
7
164
140
32
23
5
29
17
30
134
96
162
161
293
12
3
292
245
7
48
22
137
3
23
81
80
179
184
0
33
0
116
190
120
29
11
82
21
49
224
136
29
25
57
41
81
43
16
7
30
109
9
231
79
58
32
5
136
3
53
43
9
92
214
0
54
51
12
36
417
8
38
48
63
45
99
2
65
204
193
46
31
0
2
286
141
176
215
9
45
66
81
292
69
63
21
155
158
299
5
10
69
9
246
99
253
28
35
180
43
128
111
223
39
44
11
261
13
308
96
93
50
143
25
61
9
24
232
115
110
87
0
93
27
184
269
31
495
28
180
78
26
216
86
31
47
123
52
248
6
27
13
16
28
17
6
19
38
13
17
5
2
2:8
0
3
6
17
8
46
19
6
1
110
137
52
19
21
102
5
2:14
80
1
19
18
54
38
17
127
223
71
198
54
18
79
7
145
279
107
97
31
65
123
138
70
249
226
69
111
401
101
100
139
58
154
7
17
243
223
196
6
17
14
140
174
46
2:70
105
207
53
214
114
43
0
42
8
12
184
3
33
5
500
457
173
5
7
10
83
169
60
8
147
90
1
157
93
5
40
829
45
98
163
19
37
283
1
68
48
43
37
12
74
15
38
21
16
57
114
159
36
2
71
210
57
54
5
147
122
235
38
61
38
0
45
20
82
110
122
184
46
48
4
0
3
229
268
37
6
27
83
94
124
178
114
63
72
238
82
25
59
3
40
5
69
20
38
4
101
13
54
307
10
47
1
40
45
93
17
21
17
117
111
56
31092
1
346
9
30
69
53
4
84
43
61
92
67
36
127
25
1074
19
13
69
71
182
127
54
50
9772
703
2064
7583
1110
6329
8205
1620
4874
866
3483
476
394
2
2649
8083
11
2:1
5
4646
11
4
19
2437
10
474
1523
27
3119
8
13
3
1
1437
11
3502
11948
8312
96144
1
5279
5981
55
2
41859
10
30
28
7
88
11
75
47
33
13
72
38
36035
19360
17
35
47
20
7
38
22
106
15
52
16
20
32
111
1
22
10
22
2
1
8
47
9
687
29
14
10
37
15
0
120
7827
10810
15598
8793
203
44
2055
0
1
2
141
1
45
1635
1
2
5
1
8
35
53
100
37
44
22
12
47
30312
1513
8273
647
262
249
110
62
41
167
32
23
70
107
134
7
108
136
35
92
61
94
0
26
10
14
203
3
10
285
43
147
32
5
51
13
14815
222
1977
9886
14
101
32
36
76
40
30
6
24
8
19
8
54
-488166
459
38
1104
674
282
1512
820
208
436
553
147
1183
106
1038
1212
1150
335
173
58
568
111
1114
430
405
1844
34
1056
45
1543
259
95
581
615
1201
809
31
417
150
486
576
705
192
1077
661
225
1001
2517
321
75
924
265
159
104
852
485
16
32
135
31576
10330
15285
21516
21475
175085
3692
30
41
11317
44733
42
165
16
862
3595
40655
684
2378
27
157
6
56
40829
1551
413
1422318000
299:0
1
599:0
1
84:0
39
9
349
-361
83
-52
97
7992
-8105
536
1608
-2168
7
1044
-1012
54
-83
97
-105
36
1810
-1753
-25
-17
269
-321
134
-36
-89
1
10
1271
-1252
574
-605
0
31
11
4
166
-50
-115
-55
61
11
359
-421
60
-40
51
-19
-52
381
417
-550
39
-298
153
-153
53
84
-137
500
-374
-117
-8
0
23
258
632
-912
915
-593
-118
43
-213
5
-16
677
-703
2
73
47
-115
29
865
-831
1715
-1784
76
-37
74
777
-797
-94
17
689
-441
-176
214
-139
-68
47
-130
282
928
138773
-131904
-8017
-71
98
-58
-19
5
115
-2
-20
-88
-26
79
-86
194
697
-595
1681
-1874
291
-308
69
2588
-2411
-305
778
9918
-8877
-1776
-62
40
32
-57
-1
24
1712
496
-2165
18157
-3678
-14567
6
375
-47
-292
796
-836
2981
-2513
-455
12
-12
3460
30461
-33939
5260
-5172
25986
-26005
68
-126
3467
1524
-4707
-295
335
25858
-25579
3679
-4133
-128
-17
733
-747
258
-226
170
1098
-1238
340
-401
22
95
6
-105
-20
195
-107
1434
-1396
578
2347
-3046
8194
-8105
-37
128
10
-170
73
-77
4
-14
-3
1161
-1167
49443
-49376
-47
629
-207
-391
8479
-7128
-1241
-136
1375
-1311
38
-127
126
-124
37
-34
8415
-8399
-16
-6
-1
75
53
-79
-38
47
-49
2:49
20
80
-199
670
-626
-47
880
8609
-9485
141
30010
-30114
583
11323
-5643
-6289
8
1382
-1371
-34
77
-67
120
81
1157
-1372
2681
-2543
-121
685
754
-548
9573
-10116
-263
-30
-69
26
-28
6
83
-90
43
-33
6
88
473
1
-159
493
-647
41
-216
-39
403
-301
-176
2:-1
11
-11
6
-2
-4
2:3
-6
0
7
-7
2
3
-3
7
-5
-3
15
7
-24
0
1
2
-3
2:0
4
-3
1
8
-1
6
-15
18
-17
4
1
-2
-4
1
2
0
-2
14
-14
9
-1
-5
-3
1
18
-19
13
-14
2
1
12
-12
0
-1
8
-7
-3
8
-6
16
-4
-13
5
-3
-2
2
9
-12
3
17
-6
-14
3
-3
5
-3
5:0
8
1
-9
-2
6
-5
0
10
-8
7
-9
9
-9
-1
5
-5
16
-10
-5
6
13
-18
-2
5
-4
0
-1
1
6
-3
-4
7
5
0
-6
-5
21
-22
11
-8
4
-7
10
-6
-3
-1
3
9
-3
0
-7
0
1
-3
0
6
-4
7
-6
-1
1
6
-4
4
-8
9
0
-9
10
-8
4
-6
8
-7
2
2:1
-4
6
-7
2
10
8
-21
1
2
4
-7
2
-2
1
6
-7
1
3
4
-4
0
2:-1
0
5
-6
6
-7
16
-4
-10
1
0
-2
6
-7
23
-22
8
-4
0
10
-13
4
13
-7
-11
22
-23
20
-20
8
0
15
-2
-20
-1
3
-3
2
7
11
3
-23
19
-16
-3
2:2
8
-11
24
-7
-12
15
-20
0
1
12
10
-17
4
-10
2
0
-3
6
1
0
-6
0
12
-12
2
-2
22
-21
4
13
-10
-8
5
6
-3
-7
5
-5
2:-1
9
-6
-2
3
5
-6
16
-15
12
-2
10
-10
-14
3:0
3
-1
2:0
2
12
-12
4
-6
1
-3
18
-17
1
5
-4
-3
12
-12
4
-4
0
5
-2
3
-5
0
6
-7
1
13
-6
-8
2
-1
2
2:-1
3
-3
13
-14
8
-7
1
4
16
-19
6
3
-11
17
-15
5
-7
1
12
-11
3
1
-5
1
5
3:-2
0
-2
14
-14
2:1
16
-10
-1
16
-18
-1
0
-4
1
0
10
-6
9
-14
9
4
-13
12
-8
7
11
-11
-9
2:-1
14
-11
0
4
-3
8
-7
2:-2
8
-3
-1
3
-8
18
-16
-2
0
3
2
-2
9
-1
-4
-5
0
-2
1
5
2:-3
1
2
9
-11
13
2:-7
17
-1
-16
2
-1
11
-6
-5
3
0
-3
0
6
-4
-3
11
-11
0
3
1
4
-1
0
-7
12
-10
-1
13
-13
1
0
13
-5
0
-8
0
2:6
-13
0
-1
8
-5
0
7
-10
2:0
2:1
3
8
-13
4
0
-3
-1
14
-13
0
-1
2:0
7
-3
8
4
-15
-1
11
9
-19
2:5
-9
-1
2
4
-7
19
-9
12
-20
1
-1
8
5
-13
-1
2:0
-1
9
-5
-2
9
6
-17
5
-3
2:0
-2
3
-3
16
-13
-1
22
-24
11
-9
-2
1
7
3
-11
12
9
1
-19
0
2
-1
-4
10
-8
15
-11
-6
0
14
-9
-3
0
-2
8
-5
-2
21
-8
-13
-1
7
0
9
2
-16
1
2
-4
2
0
1
6
-1
-7
3
-2
-1
15
-6
4
-11
-2
5
-6
0
1
11
-6
2:-3
-2
1
-1
2:0
1
-1
8:0
1
-1
1
-1
6:0
1
0
-1
6:0
1
0
-1
4:0
1
-1
2:0
1
-1
17:0
1
-1
0
1
-1
2:0
1
-1
0
1
-1
9:0
1
4
7
-5
-4
8
-10
129
-129
26
-8
-9
-8
-1
0
1
-1
14
-14
6
157
-160
2
-4
2
3
9
-14
-1
0
5
-5
2:0
4
-4
3
4
-7
16
-6
-4
-3
2
-5
3
0
-1
-2
2:0
7
-7
25
-15
2
-12
17
-16
0
14
-14
6
-5
4
-6
5
-5
6
-6
15
0
18
-33
15
-11
-2
0
-2
2:0
5
41
-43
1
46
-45
-3
7
-2
2
39
25
-66
-4
3
-2
13
-15
11
2
-5
-9
6
57
-53
2113
-2022
-84
-18
3
5
-4
-3
0
30
-29
10
-1
1
-9
-2
63
-64
5
3
14
-2
8
15
-38
0
7
736
-665
-77
-5
0
2:4
-8
7
34
-3
-33
339
-283
-59
0
21
18
-36
0
-4
124
-9
-109
-7
0
26
782
-808
174
-168
3
73
-69
-8
193
491
-582
-106
2
123
-123
161
-152
-6
-1
17
-21
75
-68
45
164
-208
20
-30
7
4
36
-38
-9
5
28
7
-5
8
0
-43
105
-100
-5
3
0
5
37
-43
3
0
-2
2:0
251
-250
-3
26
-27
13
958
-948
-22
1
124
-122
11
-10
1
5
0
2
32
-29
-13
3
-2
26
2:-10
-6
1
-3
3
17
-22
52
-48
16
-6
-11
2
8
-12
1
393
-382
97
265
536
-907
4
348
-349
10
-4
-12
4
44
222
-269
10
27
-29
19
14
99
264
-383
21
-44
0
15
-13
3
0
8
1
-14
13
-6
0
17
-1
17
-7
-16
34
-41
6
52
-68
10:0
2
-1
0
-1
0
2
0
-2
1
-1
11:0
1
0
2
3:-1
0
2
-2
2:0
34
-34
3:0
3
-3
3:0
1
-1
1
-1
0
2
-2
9:0
1
-1
2
2:-1
0
2
-2
0
2
2:-1
2:0
4
-4
9:0
1
0
-1
4:0
2
-2
3:0
1
2:0
-1
5:0
1
-1
4:0
1
-1
3:0
3
-3
5
-5
6:0
2
-1
1
-2
3:0
2
-2
1
-1
1
-1
5:0
1
-1
3
-3
3
-2
-1
11:0
2
-2
1
-1
1
2:0
-1
5:0
1
-1
16:0
2
-2
1
-1
0
5
-4
0
5
-5
-1
3
-3
2
-2
3
-1
0
2:-1
0
1
-1
1
2
5
-6
-2
2:1
-2
0
1
-1
1
2:2
-4
4
-5
2:0
3
-1
1
-2
-1
4:0
2
-2
3:0
1
-1
0
3
-2
0
2
1
-4
0
3
2
-5
0
1
-1
5:0
6
-6
5
-5
2
-2
2
6
-8
2:0
2
2:-1
0
1
-1
6
-6
1
-1
2
-1
1
-2
0
1
2
-3
1
-1
3:0
2
-2
1
-1
1
0
-1
0
2:2
-4
1
0
-1
4:0
6
-6
2
-2
0
3
5
-8
2
5
-7
6
-6
2:0
1
-1
2:0
2
-2
0
3
-2
-1
3:0
1
-1
2:0
4
-4
2
-1
1
-2
4:0
2
-2
2
-2
3
4
-7
1
-1
6
-5
1
-2
2:0
6
-6
3:0
7
-5
2:-1
6
-5
0
4
-5
1
-1
2:0
1
-1
0
3
-3
2:0
2
-2
0
5
-4
-1
4:0
1
4
-5
0
5
-5
1
-1
3
-3
0
4
-4
2:0
5
-5
0
3
-3
0
2
-2
4
-4
2
-2
1
-1
1
6
-7
2:0
2
1
-3
0
1
-1
1
0
-1
1
3
-3
2:0
-1
4:0
2:1
-2
1
0
-1
0
1
-1
1
-1
0
1
-1
2:0
9
-9
0
7
-6
-1
0
1
-1
4:0
9
-7
10
-11
-1
0
11
-8
-3
4:0
3
-3
0
1
5
-6
2
-2
0
4
-4
2:0
4
-3
-1
5
-5
1
-1
0
2
-1
0
-1
0
1
5
-6
4
-4
3
-3
1
-1
9
-7
-2
0
3
-3
0
1
-1
0
1
-1
1
0
-1
0
2
-2
2
2:-1
1
-1
0
1
9
-3
-6
-1
2:1
2:-1
9:0
1
0
-1
1
-1
56:0
1
-1
10:0
2
-2
7:0
2
-2
5:0
end
