v1
960
207
3
87
287
159
16
365
105
52
115
24
39
9
56
74
0
107
213
46
84
35
177
140
235
38
19
17
39
7
15
146
535
7
66
99
59
36
245
102
97
73
92
48
130
162
27
273
159
136
26
72
132
323
66
94
111
34
67
76
248
10
0
83
133
81
37
19
57
42
8
41
78
58
24
153
193
67
78
16
541
12
247
26
161
58
167
281
63
5
37
105
10
33
20
0
24
144
74
72
185
117
10
9
139
0
93
7
222
13
45
0
328
42
193
79
31
104
171
87
205
139
16
74
23
40
341
212
230
319
20
69
22
35
203
50
123
95
101
85
152
64
14
28
135
104
56
167
83
255
125
281
121
94
124
17
77
332
7
259
135
115
160
16
43
50
119
164
104
93
288
294
24
35
50
91
55
26
294
10
56
45
6
32
18
7
18
2:19
23
8
46
26
117
4
2
4
118
64
2:9
12
62
45
76
2
30
5
30
3
54
38
17
127
118
447
78
95
120
225
160
121
133
110
314
33
6
116
284
54
121
141
85
101
41
259
146
5
24
73
185
129
79
202
17
124
53
136
10
5
23
10
66
0
87
229
41
309
114
93
5
2:7
218
500
258
301
76
7
10
367
56
111
24
42
152
150
75
50
325
3
470
163
13
6
11
247
5
7
21
29
9
42
96
10
40
6
80
53
37
38
19
38
69
7
8
147
4
36
2
281
83
13
14
1
610
81
20
77
107
245
170
11
0
26
175
34
36
121
8
11
32
2:43
299
29
38
100
54
47
60
1
6
83
6
32
20
2
86
153
0
59
5
20
3
104
5
0
47
17
20
3
2
257
66
4
185
58
76
0
56
46
17
155
0
34
31491
7
6
16
9
43
9
3
182
53
44
37
23
25
88
76
120
15
21
8
0
22
986
94
50
22
68
111
114
123
18
45
2
9
3301
2211
2
326
1553
5137
3
10816
2650
4766
4989
1623
1211
4099
2988
4449
2
4
10
8068
0
8
2827
882
943
15
2940
4660
9
1
16
2
5
1428
17
4
23762
96144
1
3543
1
1735
6006
73
9417
32395
16
7
3
18
4
33
134
113
20
53
36
5
16
7239
47392
0
740
76
67
7
157
9
15
12
57
6
12
17
29
90
26
27
10
3:1
8
2
2:1
11
2
1
754
14
16462
4654
3093
10208
7980
813
247
1183
1062
665
436
366
166
2
1
2
5
17
31
86
10
25
19
1
39
9
26
2
3
1
40
3
51
5
1
30302
1513
8491
64
176
15
54
31
11
48
67
599
1
13
33
160
171
17
92
110
24
111
142
9
57
18
41
19
84
47
31
12
3
39
186
87
350
31
56
24
38
14945
15
2057
9722
2:1
162
1
101
14
28
62
2
11
62
5
2:30
8
2
12
45
14
38
-488806
335
699
9
95
5
77
250
418
10
96
128
137
51
75
67
194
239
95
44
101
181
217
146
495
410
572
28
280
30
15
53
56
169
258
368
20
33
22
81
144
0
173
161
326
35
463
16
186
35
8
17
349
39
145
43
53
0
349
65
433
390
774
120
51
230
264
90
7
4
8
116
341
104
151
192
256
6
91
177
108
575
127
110
350
57
0
213
102
35
145
55
96
178
420
29
327
172
81
6
121
111
66
20
74
421
37
451
247
60
12
83
242
112
175
118
7
175
33
13
143
3
1
39
24
52
14
117
16
14
11
57
72
6
103
52
19
14
15
28
113
85
2
14
252
10
246
156
385
326
359
68
448
69
39
205
9
95
0
259
6
27
77
23
139
98
114
7
43
3
194
20
143
28
285
10
335
85
156
131
519
43
194
58
949
173
2
332
105
93
19
3
15
168
56
37
225
0
159
163
973
143
67
36
90
112
70
5
373
182
178
322
363
84
51
281
82
456
102
8
3
251
34
244
249
23
679
171
3
175
54
2
45
8
35
213
130
31580
61
5
4
76
8
12
92
105
90
189
1039
262
90
105
3
5
58
10
12588
6582
331
671
2515
7694
2139
3296
0
10843
870
10697
37
30
4
2791
14
4306
5168
1447
0
3546
487
11418
91130
24638
41943
56
19
96
165
27
36046
19320
45
180
1
31
73
32
15
22
44
70
65
809
7
42
21
149
7833
4973
5837
10446
8403
7844
1
1826
32
19
47
3
2
30
41
25
101
17
9
19
20
40389
243
0
113
511
213
103
681
58
42
218
14
525
198
4
1
23
136
14942
1977
9867
19
26
138
19
4
40
34
61
13
31
20
22
1422420000
599:0
1
359:0
94
-61
-19
-3
37
-43
23
166
-158
-23
0
5
22
-28
-5
2:-1
20
-19
19
5598
-5603
-11
459
-460
2393
-774
2411
-4027
31
-29
127
-134
0
17
229
26
-272
147
-131
16
30
-14
-47
2
48
-26
16
94
-136
5679
-5670
16
22
-39
144
-148
2:0
16
-18
0
-2
278
-276
146
-148
34
-34
2
70
-71
291
-151
-141
4
164
-165
0
5
-7
42
-33
1192
-1201
116
-69
-40
7
-5
-2
-7
61
-50
10
-21
0
9
2:13
-31
3
2:-3
0
4
-2
4
1
-3
1
-7
111
-71
-38
28
-27
2066
-2001
-30
-21
204
-221
19
489
-247
-260
58
-23
281
-288
978
-994
-13
0
26
-24
-2
8
15
-19
-1
156
-134
19
-43
13
0
2:6
-8
12
-22
-8
26
-25
0
2079
-2078
491
-479
420
-433
42
-24
-6
-12
4
511
-468
209
-231
-15
73
-83
5
116
-116
-3
78
-49
10
64
-18
-83
-1
91
-71
-11
1
55
-47
366
-365
46
-18
52
-102
22
433
-440
58
-41
-5
50
-19
-52
149
-125
-18
-12
37
-26
256
-93
-175
56
-13
-33
1059
-1067
17
197
108269
-108483
14738
-14575
-132
82
-92
143
-130
-36
4120
-4088
122
-154
11
-10
124
-124
1
-1
0
-1
2
106
-95
196
-208
741
-738
-2
14
65
63
-140
3
14
-19
3
4
-9
0
82
201
-282
0
18
12242
-12245
596
-603
-7
33
9234
-7311
-1790
-80
-88
1
92
-81
-6
42
10
-58
10
23
-24
-9
3
-2
23
-21
7
5
-15
0
636
-634
5
1923
-1917
264
68094
-68368
11
-13
4
7
-2
621
-631
8
15
-21
-1
179
-85
-92
15
-1
296
-294
30
-26
-2
1467
-1094
-350
-42
-2
5
-1
385
-22
32364
-32614
-117
2325
-2321
74
-75
24
17
-42
242
-238
2:4
2558
-2557
1763
-1777
1
2:0
26
-15
62
189
-254
40
-35
-15
2:1
0
493
-487
6
-6
-1
767
-773
6988
-6986
431
-355
-74
0
-5
57
-55
69
-71
3
47
237
-242
103
-143
1106
-1104
1
211
-218
3
197
-180
-18
9
-10
128
-90
-33
8
-13
153
-80
-72
1018
-952
-67
219
319
450
-959
-12
-14
0
15
-12
1
80
-88
6
0
1
-7
-1
28
-28
85
103
-187
10
103
-108
24732
-24695
6
-45
0
6
33
-40
2
54
-47
402
-284
7010
-7117
-17
3
67
-58
1284
-1301
2
63
-47
-16
247
1021
-1268
-2
21
-7
-11
17
-15
-1
64
-63
9
5
-1
208
-213
31798
-31806
-3
68
4
-63
5
-16
10
-7
7
8
92
784
-877
3
-1
-19
3
12
14
30
-16
-30
-11
27
-3
1544
-1528
464
-397
-87
-8
1
-13
13
3383
-3016
-380
-1
29798
-29800
8
-5
-3
910
10971
1933
-13801
-1
-2
53
1921
-1982
-1
271
-131
-87
-53
4
-5
5
15
26
288
3609
-3690
-238
-7
3020
-3004
-20
281
-259
-26
392
1558
-1642
1393
-501
-1109
-16
-69
1
58
-63
6
3
48
-37
-21
41
-25
56
-43
863
-812
-69
341
-253
813
-876
-17
611
-570
58
3859
-3941
148
-146
-25
-11
6
1
84
-93
1
4
-8
-2
3
-3
1
2
-4
2
2:-1
4
-1
1
0
-4
2
2:-1
2
0
1
0
1
-1
-2
1
2:-1
3
-1
-2
3
2
-5
1
3
-3
-1
4
0
2:-1
-2
1
-1
0
2:1
2:-1
2:1
-2
4
-1
-2
1
-1
1
2
-3
2
-3
4
3:-1
2
1
-2
-1
1
-2
1
-1
0
4
-3
2:0
3
2:-2
0
4
-4
3
-2
-1
2
-2
2
-2
1
3
-1
-3
1
0
-1
4
-4
1
2
0
-2
0
1
-1
1
-1
2
0
-3
3
1
0
-2
2:-1
0
3
2:0
-2
2:0
1
-1
3
-4
2
-1
2:0
1
0
-1
2:0
3
-2
0
-1
4
-4
-1
2:0
1
2
0
-1
-2
1
2
1
-3
2:0
-1
4
-4
2
0
2:1
-1
-3
2:0
2:2
-3
2
-1
1
-1
0
2
-1
-3
1
0
2
0
-3
4
-3
0
-1
0
4
-2
-1
3
-1
0
-2
2
0
-3
1
2
2:0
1
-3
0
3
-4
2
2:-1
2
-2
2
0
-1
1
0
1
-2
1
-2
0
3
-2
-1
0
2
0
2
-2
-1
0
2
3:0
-1
0
2
-3
3
-2
0
-1
3
-2
0
1
-2
2:0
-1
1
3
-3
2
-1
1
0
-1
2:1
-3
0
2
-1
0
-1
3
2:0
-1
1
-4
0
1
0
-1
2
0
-2
0
2:2
-3
-1
2:0
2:1
2:-1
2
2:0
1
-1
1
-2
3
-1
-2
1
-2
2
2:-1
1
2
-3
0
2
-2
1
2:0
1
2
-2
-1
2:2
-2
-3
3
2:0
1
-2
2
0
-3
1
-2
4
-2
1
-3
4
-4
2
-1
2
-1
1
-1
0
2:-1
4
-4
3
-3
3
-3
1
2:2
-3
0
4
-4
1
7
-4
-3
-1
0
4
2:-2
3:0
3
0
106
-109
0
3
-3
16
-16
24
-23
3
-4
6
22
-28
5
-4
2:0
-1
1
4
-5
2:0
1
0
4
-4
-1
2
85
-87
3
-3
1
3
-3
-1
0
1
2
0
-2
1
-2
2
-2
2:0
3
11
-14
1
4
-5
1
13
-14
1
0
-1
3
-3
4
-4
11
-10
-1
2
0
-2
0
6
-4
0
2:-1
4
-4
6
-6
2:0
1
0
-1
2:0
3
-2
0
-1
3
0
-2
5
-6
17
-17
0
4
-3
-1
2
22
-20
-3
7
-8
18
-13
-5
1
-1
0
1
-1
2:0
4
-3
-1
8
-4
-3
-1
3:0
1
5
-6
0
1
4
-4
2
21
-24
34
-34
12
-11
-1
0
4
-3
-1
0
3
97
-99
1
4
-6
0
1
-1
4
5
-9
4
25
-29
1
2
1
-3
0
2
5
-8
1
2:0
8
14
-23
1
56
-56
6
-2
-5
2:6
-12
7
-6
2
-3
9
-6
12
8
-23
6
-3
-1
1
-1
1
51
1632
-1686
87
-56
-23
2:-2
2:-1
2
-2
3
2:-2
-1
1
14
-12
-2
1
-2
2:0
25
-21
1
-5
156
-154
0
5
-1
6
-10
1
0
-3
3
-3
1
-1
23
16
-39
2
-1
47
-45
7
-8
2:-1
408
-349
-45
-10
-4
2
-1
0
-1
1
2
-3
1
9
-8
0
-1
1
0
-1
4
-1
-2
-1
50
-48
0
31
-31
2
259
-264
4
-3
0
-1
0
46
-46
2:3
-4
-1
17
-18
3:0
22
-15
-7
2
1
81
2
-78
-6
-2
1
2
0
17
558
-547
-31
143
-142
-1
0
6
1
-7
20
-17
0
13
153
-165
358
-360
-2
2:0
1
3
-3
79
-77
-3
2:0
5
-5
0
7
-7
4
2:0
64
-68
119
-119
16
-11
-3
-2
0
1
-1
27
-27
0
1
45
-41
25
-28
156
-155
0
15
-18
0
2
4
-5
5
-6
45
-40
-4
3
-4
6
13
-19
20
-10
-8
35
6
36
-73
-5
0
-1
1
2
7
18
-26
2
-4
2:0
3
-1
-2
1
2
-3
1
0
3
158
-162
3
-3
5
-5
4
-4
3
8
-9
-2
15
963
-978
0
2:1
2
19
-21
-1
2:0
-1
7
74
-78
-3
3
-1
-2
2
-2
4
7
2
-13
1
8
3
-3
2242
-2251
0
23
-16
1
-2
-4
9
-10
1
5
3
1
-7
-4
4
-4
0
2
1
3
2:-2
0
4
-1
31
-35
8
1
-9
-1
3
-3
0
15
-10
-5
0
520
-520
2:4
-8
103
820
31
-954
3
-1
10
345
-357
0
12
3
-4
-11
3:0
2:2
29
173
-206
6
-4
2:8
-17
19
-18
-2
20
24
41
79
-160
9
5
-16
0
-2
1
2
-2
1
2
-4
0
6
3
2
-11
8
-7
17
-9
36
-43
0
27
-28
7
19
-16
17
-23
-5
0
1
-1
49
-49
0
1
-1
5:0
1
-1
14:0
1
-1
11:0
2
-2
0
1
-1
1
0
-1
13:0
2
2:-1
0
1
-1
5:0
1
-1
8:0
1
-1
29:0
1
-1
0
1
-1
3:0
1
-1
9:0
2
-2
7:0
1
-1
18:0
1
-1
3:0
3
-3
3:0
1
-1
6:0
2
-2
8:0
1
0
-1
1
-1
20:0
1
-1
10:0
1
-1
3:0
1
-1
3:0
1
-1
6:0
1
-1
3:0
1
-1
2:0
1
-1
3
-2
-1
9:0
1
-1
8:0
3
-3
13:0
1
-1
5:0
1
-1
1
-1
3:0
3
-3
5:0
1
-1
2:0
1
-1
2
-2
9:0
2:1
-2
2:0
2:1
-2
7:0
2
-2
5
-5
16:0
end
