v1
1065
207
3
87
65
245
125
11
283
98
105
52
0
124
15
39
9
237
31
347
110
207
235
0
57
56
7
15
28
118
77
228
99
92
46
165
32
27
265
75
213
10
130
56
384
152
89
70
34
102
98
46
143
255
11
160
111
101
76
152
106
194
140
126
41
160
18
395
495
54
86
75
159
25
156
31
225
391
56
68
19
20
24
52
166
257
79
48
105
32
11
178
98
59
45
210
160
193
110
104
12
159
431
90
404
388
54
126
213
65
4
57
31
884
135
221
18
88
39
85
244
95
213
41
27
2
26
45
48
76
159
77
332
7
325
10
59
22
84
9
160
16
43
169
164
104
23
70
46
135
107
214
72
8
59
0
45
5
25
145
125
175
6
27
13
16
45
6
32
25
18
4
15
19
6
25
46
2
24
110
17
71
32
15
82
12
62
45
2:14
3
77
35
38
3
71
14
113
118
426
20
1
78
7
88
120
72
131
22
211
15
188
110
98
206
10
33
6
116
104
42
138
54
121
141
85
101
41
59
28
3
169
146
5
68
29
170
15
129
275
6
31
299
15
18
13
2:1
66
87
217
12
41
309
46
68
34
71
175
9
41
500
258
301
308
152
50
6
109
2
24
157
98
89
8
67
18
32
6
41
136
142
150
505
11
6
241
33
29
51
66
80
86
128
57
69
7
8
147
40
48
235
110
153
122
172
49
113
2
81
20
77
21
86
8
30
322
52
3
37
175
70
25
56
40
8
11
32
43
31
289
51
38
100
54
47
53
8
95
32
20
88
153
59
5
20
3
104
5
84
3
2
9
33
109
54
365
40
45
8
39
63
98
57
34
64
3
31426
5
6
16
9
82
122
86
44
24
61
88
4
72
8
18
94
15
21
2:4
22
944
136
72
68
111
71
166
18
47
9
3301
2211
328
1553
982
1388
703
2064
3
5256
1002
4558
2650
4766
4989
3
1620
1211
4099
2988
3
922
872
1258
1394
2
4
10
8064
4
8
1
2826
882
958
2453
3
10
474
4670
7
9
0
2
5
1
1427
21
106808
13098
1
3544
1735
5981
25
73
9417
32395
16
10
22
33
134
133
89
5
54647
680
51
50
35
67
7
38
119
7
2
15
12
18
39
6
12
1
16
62
83
27
10
1
0
2:1
3
5
2
2:1
11
2
726
29
60
130
16286
4654
3093
18188
813
203
44
1183
1727
436
330
202
3
2
4
2:1
5
1
38
1
2
44
42
54
9
2:31
6
3
1
43
22
25
4
5
1
31815
8491
64
176
69
31
89
37
474
125
1
46
41
103
96
23
68
17
202
277
9
57
18
41
19
84
52
26
5
10
9
30
273
350
75
19
17
15
23
85
14720
140
82
1990
9722
2:1
162
1
37
78
28
7
55
2
11
62
28
44
15
61
-488761
166
385
50
151
49
158
66
8
440
264
152
5
49
198
10
99
49
77
218
94
83
20
23
120
64
231
83
118
24
169
263
56
63
136
99
9
23
1
98
275
27
674
98
26
34
425
169
87
129
132
288
13
108
414
34
10
47
184
197
42
16
2:9
34
11
110
44
42
0
144
286
33
125
85
47
73
305
4
68
32
5
235
48
92
56
372
64
230
52
22
175
618
99
19
63
85
20
7
5
305
152
117
219
40
180
153
111
19
138
428
354
28
48
19
43
41
102
216
170
306
122
96
106
2
75
53
65
48
11
151
50
77
87
326
20
215
262
33
16
12
45
372
78
61
46
297
116
35
106
7
49
100
3
523
101
193
6
8
22
16
9
17
97
22
12
44
5
2
66
6
118
4
0
2
2:3
79
39
71
21
44
58
36
29
36
17
33
54
71
25
41
268
169
560
122
180
40
70
10
191
72
68
6
222
220
417
100
269
211
9
401
115
48
28
52
219
154
198
442
506
5
139
53
2
700
111
22
162
173
5
7
10
231
369
171
37
249
27
586
0
318
8
154
178
17
129
10
46
0
8
19
11
132
57
19
2
84
123
83
7
51
57
41
182
26
674
147
23
77
66
89
19
83
215
1
286
111
62
8
11
46
68
96
95
51
156
58
5
29
19
17
29
20
144
148
187
10
30
132
224
28
74
20
122
11
12
45
20
19
74
103
21
1
52
19
33
135
31
31385
64
16
30
148
67
77
2
101
20
142
28
1081
81
63
67
203
129
55
45
2
2971
4755
3442
8956
1092
2129
9957
3256
4315
3994
1255
2628
9439
37
7
43
4603
1548
1918
4158
27
4948
119948
7709
110
38185
2624
1022
21
25
0
71
61
54
61
24
61
46
82
7168
3760
25036
19320
24
115
86
122
15
17
20
81
7
93
4
16
62
768
6
12
9
15
138
7827
17380
9030
8555
1310
234
578
419
133
96
1427
168
15
10
9
5
66
6
33
6
27
24
41
3
26
17
56
3
40714
942
86
39
107
134
17
94
54
99
45
42
154
23
41
16
201
139
159
190
32
11163
3717
88
140
2
11859
115
44
24
145
1
57
22
32
1422150600
599:0
1
464:0
11
-3
9
-11
0
4
3
30
-26
414
-368
1
-32
-3
0
16
-37
0
6430
-6425
7
-7
2
2478
4917
-7382
2201
-2223
963
-930
-20
-5
-2
-1
2
0
-1
-2
-3
156
-154
47
-48
268
-179
13
-93
-5
10
3712
-3717
-2
148
-145
-2
1733
-1702
-30
-8
4
104
-105
1
226
-155
-70
1262
-1251
-15
-3
6
-5
15
149
-141
352
-372
108
-110
179
-166
-13
0
10
49
-21
268
-300
-2
4
8
64
-58
-25
42
-39
39
-41
0
6
350
-308
-4
4
-45
345
-337
233
-241
18
40
-53
12
37
-33
-1
-18
-2
21
-6
35
-54
2
32
37
-68
-1
10
295
-295
26
-20
2593
-2586
-23
644
-587
-53
61
147
-84
-55
-62
1
-10
3
586
-581
-13
43
-15
-18
91
-90
-2
-1
19
-25
1607
-1607
0
136
-127
-7
42
-39
19
1755
-1754
460
-486
80
-71
-9
2
12
0
-2
-10
93
-93
4
59
802
-868
95
-76
19
-36
-2
72
166
-175
12
13944
-14003
21
284
-319
86
124
-192
-14
63
60
-112
-16
69
-70
0
42
513
-555
57
267328
-267237
16126
-16103
-148
-12
-5
44
2:-20
40
-48
26
-25
33
-35
286
-155
-112
-18
5
0
39
-39
-4
7
29
200
-218
1256
-1270
17
603
-627
82
-77
57
347
-334
-67
59
-66
7
5
41
21
-74
97
55
103
2655
-2909
437
-285
1412
-1546
-18
6
16459
-16464
2069
-2061
89
-99
0
109
-23
-36
-34
16
6
81
129
-245
37
-40
3
10
2048
-2061
718
-700
53
22947
-23005
-12
2
654
-657
6
128
-134
3
30
-24
58
-21
-41
305
-307
11
-6
-1
6
351
-225
55
-186
-6
10
3992
-3563
-355
-83
13
-9
-3
6898
-3494
22618
-26008
-18
3973
-3972
16
125
218
-352
2
3825
-3792
4157
-4196
-4
0
14
658
-669
5
-5
0
-1
4
-5
3
78
-68
4
-9
41477
-41486
0
347
1405
-1748
252
-149
-106
10
-11
931
-931
3
448
-416
-27
173
-180
345
-339
1213
-900
-310
325
-327
54
28
-55
56
-79
205
-188
-18
30
187
151
943
-1143
-157
-16
-6
5
495
-500
16
2282
-55
-1688
-555
8
54
-10
-20
114
-115
-32
3
1
7
122
-132
19
-18
109
-106
-4
16
5
21
-27
-4
-2
12
-18
42
-36
-1
18199
-18191
-13
2:6
3
-17
1
250
-241
31
378
-336
7994
-8062
-10
17
946
-968
6
21
217
1380
-1600
-24
615
-609
9
0
7
16
142
-171
7
-14
39
-39
11
981
-978
-14
1591
-1592
60
-25
-24
-1
34
-39
24
-30
0
8
110
-62
141
-189
-7
0
10
1
11
20
-19
43
-44
-22
4
46
14884
-14885
-49
262
-261
14
-15
13
-1
-10
-3
-1
7
9932
-9938
154
23011
-23154
18
-26
712
15906
-11804
-4640
-177
101
-50
97
2259
-1649
-394
-316
-16
-30
23
-25
24
-22
254
1026
-1269
-13
-1
2
18
424
-364
-44
320
1496
-1543
4635
-4870
676
-633
-115
-2
15
-5
-1
44
-23
2
-31
47
26
-62
257
-266
77
62
-70
85
-150
902
-789
2416
-2466
-47
419
-437
-5
200
-74
-76
649
-693
23
246
-210
-71
3
0
-3
2
1
-2
4
-4
0
-1
0
2
-2
4
-1
2
-4
2
2:-1
0
-1
4
-2
3
-2
-3
0
4
-3
1
-1
3
-2
0
1
-3
2
1
-1
1
-3
3
-3
2
-2
4
-4
1
-1
1
0
-1
3
-2
0
-1
2
-1
3
-3
1
2
-4
1
0
-1
1
0
1
2
-3
4
-5
0
4
0
1
0
-3
2
-3
2
-2
2
-2
-1
3
2:1
-1
-3
2:0
1
3
-4
2
-2
2:0
2:2
-2
0
-1
2:0
3
-3
3
-4
0
2
-3
1
4
-3
1
-3
4
-4
1
0
-1
2
-1
1
2:0
-1
1
2:-1
4
-2
-1
1
-1
3
-3
-1
4
-2
3
-2
-1
-2
5
-5
5
-2
0
-3
0
1
2
-2
0
2:1
3:0
-3
2
-2
3
-3
3
2
-5
1
4
-2
-3
1
0
4
0
-2
0
2
-4
1
3
-1
1
-4
1
-2
2:1
-2
2
-1
4
2:-2
2
2:1
-4
0
1
-2
3
2:-1
1
-1
4
-5
3
-3
1
0
1
-1
4
-2
-1
-2
0
3
0
-2
2
-2
-1
3
-2
1
2
-3
4
-5
0
2
-1
4
-4
2:0
2
-2
0
1
-1
1
2
-1
-2
3
-2
0
-2
4
0
-4
1
0
4
-4
2
1
-3
0
2
-3
4
-3
1
-2
2
-1
0
-1
0
2:1
2
-3
-1
3
0
-3
1
0
3
2:-1
0
-2
2
2:1
-4
5
-1
-3
4
-5
3
-3
2:0
1
2
2:0
1
-3
-1
5
-3
-1
1
3
-2
3:0
-3
3
0
-3
3
-2
2
-3
1
0
2
-3
3
1
-3
1
3
-3
2
-2
-1
2
-1
3
0
-5
2:0
3
0
-2
0
3
-2
-1
0
3
0
-3
0
1
0
2:-1
3
-2
2
-2
1
2:0
-2
5
-3
-1
2
-1
-2
0
2
1
0
1
-4
2:0
1
3
-3
-1
0
1
4
-4
-1
2
0
3
-5
2:2
-4
0
2
1
0
1
2:-1
1
2
-1
-4
2:1
-1
1
-1
3
2:-2
4
1
-4
0
1
2:-1
1
4
-3
2
1
-5
0
1
0
-1
1
3
0
-3
4
-4
2
-1
2
0
1
0
-4
1
-2
3
2:-1
3
2:0
-2
3
1
0
2
2:-1
0
1
-1
1
9
-5
0
-5
4
-2
5
-7
3
112
-115
2
1
0
14
8
-23
15
-17
3
-3
1
-1
0
48
-47
-1
1
0
-1
17
-17
2
-2
2
6
-8
3:0
213
-213
1
-1
4
-3
10
-8
2:0
3
-4
-1
7
12
-20
1
21
-19
-3
2:0
1
2
3
1
6
-13
2:0
6
2:-3
1
4
2:-1
-2
0
-1
1
3
-4
5
-4
2
-1
0
2
-4
0
26
-20
-6
7
-7
16
-15
14
-15
5
2:-2
2
0
-2
-1
1
3:0
9
-10
1
6
-7
1
-1
2:0
7
-6
7
15
-23
0
62
-61
-1
0
20
-14
-6
1
0
-1
2:0
2
-2
6
-6
1
66
-66
0
1
0
-2
2:1
-1
6
0
-6
6
-5
1
68
-68
5
-8
1
4
-5
2
12
-10
-4
4
17
-21
1
41
28
-70
12
-7
-4
2:0
12
6
-13
-2
3
-7
5
7
-11
1
18
-19
-1
6
2:-3
0
8
-7
2:2
70
-74
22
1800
-1822
109
-80
-27
-2
3
1
4
-6
1
2
-6
2
-2
0
30
-27
0
-3
2
-1
14
-9
-5
7
1
24
-29
-2
0
-2
95
-94
13
-14
12
0
-10
-1
8
-9
5
2:-2
0
1
26
1
-29
50
-50
6
0
9
-8
-5
-2
932
-931
78
-77
11
-13
2:0
1
-1
3
-3
0
13
5
-16
3
-5
0
5
52
-57
56
-52
2
361
-364
-2
2
56
-59
0
2
-2
3
-1
3
1
-5
1
30
-30
-2
2
-2
4
46
-36
0
-14
0
6
216
-92
-122
-6
0
2
2:-1
36
786
-817
-5
185
-187
3
5
24
-29
6
188
-190
795
-796
-6
2
0
139
-141
0
1
3
4
-5
2:-1
4
-3
-2
5
141
-146
0
7
191
-198
16
-4
-12
6
-3
29
-31
0
65
-65
6
1
-8
46
-46
279
-279
8
28
-36
2
11
-10
10
-3
54
-58
0
-4
10
47
-14
-15
-30
1
0
2
53
-56
0
59
33
-88
-3
2
5
-7
0
3
-4
4
-3
-1
9
59
-66
0
-2
1
0
4
-4
3
-1
-2
0
4
-5
1
5
-3
0
210
-211
-1
0
3
-3
1
-1
38
-38
-1
0
21
1123
-1144
1
-1
8
-7
0
1
10
87
-95
-4
1
2
1
-2
13
-15
16
-10
6
-12
0
7
-1
10
-2
-14
3
-3
38
-33
2
2:0
-2
11
-15
0
2
31
-21
2
-13
6
-7
1
-2
3
7
-9
6
-5
-2
2
9
35
-34
-12
10
-7
1
-4
2
0
-2
0
1
-1
24
-24
5
573
-575
6
-8
155
338
719
-1207
-6
9
-7
8
323
-331
13
-2
-3
-10
1
0
1
0
50
258
-303
-5
-1
3
-3
4
38
-33
2
44
87
323
-461
17
23
-45
2
-2
4
-2
12
-8
0
2:-2
15
-16
12
-13
1
36
-35
6
-3
19
-9
55
-68
-2
53
-53
0
14
46
-45
12
-26
0
151
-150
-2
3:0
1
-1
0
1
-1
1
-1
3:0
2
-2
4:0
1
-1
19:0
1
-1
19:0
1
-1
7:0
3
-3
5:0
1
-1
6:0
1
-1
23:0
3
-1
-2
4:0
1
0
-1
1
-1
23:0
1
-1
4:0
1
-1
12:0
1
-1
1
-1
4:0
1
-1
3:0
1
-1
2:0
1
-1
0
2
-2
2
-2
0
1
0
-1
3:0
1
-1
2
-2
0
1
-1
0
2
-2
3:0
1
-1
2:0
1
-1
4:0
1
-1
3:0
1
-1
4:0
1
-1
6:0
1
0
1
-2
3:0
1
-1
1
-1
4:0
2
-2
3:0
6
-6
2:0
1
-1
4:0
2
2:-1
11:0
1
0
-1
10:0
1
-1
0
2
0
-2
13:0
2
-2
3:0
1
-1
15:0
1
-1
1
-1
5:0
1
2:0
-1
3:0
1
-1
0
1
-1
0
1
-1
1
-1
5:0
1
-1
2:0
1
0
-1
2:0
1
-1
17:0
1
-1
6:0
3
-3
3:0
1
-1
2:0
1
-1
0
2
-2
2
-2
0
1
-1
2:0
4
-4
6:0
2
-2
2
-2
2:0
1
-1
2:0
3
-3
5:0
7
-6
-1
9:0
2
-2
0
end
