v1
734
69
183
661
65
146
105
239
301
2:314
295
56
22
28
118
542
165
328
284
117
23
292
300
159
32
202
108
347
240
31
411
24
235
99
167
326
341
401
54
366
135
31
225
349
32
66
275
74
257
275
178
98
104
166
44
246
217
275
431
494
212
58
172
59
280
65
4
57
31
884
135
84
281
1
257
167
288
114
23
212
77
255
77
7
394
275
16
4
153
323
93
288
294
279
125
80
95
33
14
15
45
38
43
19
16
3
213
7
4
6
118
54
19
9
74
45
14
64
30
35
3
92
257
0
5
85
362
78
95
120
225
414
88
22
28
276
10
39
116
146
192
121
141
227
59
31
169
433
129
79
233
299
15
31
2
66
87
229
41
161
262
330
758
301
93
367
56
109
2
66
152
90
60
75
265
440
143
163
13
6
258
33
270
42
128
19
107
15
147
40
2
281
110
599
113
82
102
412
40
175
191
8
11
32
74
226
63
89
100
54
103
5
35
60
52
88
153
59
5
20
3
104
89
3
2
106
45
106
313
132
252
64
13
15
47
31354
5
22
9
52
185
50
47
85
88
76
120
15
21
8
22
1152
68
111
71
166
15
3
47
3310
2211
328
1553
5140
8690
2126
2650
11
4755
5782
6140
2988
4449
2
10917
1825
15
1533
920
5157
6
10
2
1433
21
123451
7741
73
9417
32379
42
22
33
247
20
89
5
54647
816
47
27
157
24
12
57
6
12
162
27
10
3
2
9
1
11
3
950
7825
8455
4654
3093
5057
13131
1060
1183
873
2
86
101
665
968
2
1
2
4
7
38
2:2
86
2
52
40
37
3
1
43
47
9
1
30302
10004
64
176
226
599
1
190
119
68
17
202
99
178
9
21
36
18
41
19
84
132
623
25
50
19
0
17
38
14802
87
56
15
67
1990
9722
2:1
162
116
28
30
32
2
73
5
82
0
43
2
-488711
384
100
59
224
92
346
21
139
100
390
5
23
26
82
116
345
448
301
195
175
10
46
529
29
0
142
123
751
204
6
262
223
169
67
228
566
476
71
302
53
51
290
106
153
6
26
137
0
112
109
0
270
39
421
8
0
115
135
258
141
0
62
242
146
269
3
190
377
118
187
150
45
221
361
84
335
616
237
143
216
109
61
1014
26
38
572
318
80
61
12
404
53
333
1364
4
45
19
39
44
43
5
10
34
8
46
2
3
14
147
107
60
21
4
78
59
51
35
4
15
56
16
55
14
113
109
56
27
0
102
0
252
11
137
143
344
0
36
61
213
263
200
126
100
180
401
101
297
154
19
78
39
131
171
254
17
33
144
267
848
20
52
132
36
962
178
7
186
47
401
147
37
5
182
507
168
27
62
260
17
291
1
146
25
31
8
125
208
353
569
113
162
83
59
0
59
84
10
164
232
3
0
84
287
90
44
18
25
328
499
507
9
0
409
50
68
86
110
41
114
31606
12
83
34
27
5
4
82
253
48
1
1244
143
9
300
110
5527
2201
3442
2025
4607
2324
3221
5464
9773
2291
1389
2605
1744
0
11615
2
17
7115
983
4168
19
4948
116404
3544
1736
6083
41882
75
66
40
146
19
11037
25036
19327
219
106
47
8
192
56
11
790
12
9
19
73
61
12802
12405
9030
8793
1072
279
907
188
1147
542
9
17
5
162
44
43
60
31844
8324
256
217
77
16
120
421
82
90
41
384
244
209
224
36
15
4
97
206
294
37
145
14828
12041
111
81
16
20
52
93
30
27
1422030600
399:0
1
333:0
31
-19
-6
299
-296
5
-6
-4
7051
-7009
106
884
-1016
219
-188
-44
-2
92
-23
-67
18
301
-227
-92
-3
2612
-2612
21
-11
93
-90
7
39
-57
20
-21
33
-31
7
35
-45
94
937
-1028
-1
65
-63
15
-18
4
-4
10
0
-9
70
-63
-1
318
-256
-45
1
-18
200
-204
308
-311
2
356
-358
11
4
41
286
-149
-52
-87
-51
-3
12
-12
0
9
-7
34
264
-275
1704
-1630
-96
1
354
-357
99
-94
-6
0
7
25
-15
-9
-1
32
2249
-2283
-3
31
-30
47
-20
165
-177
-1
74
217
-143
-165
24
72
-90
94
-4
-87
117
0
-21
-93
193
-204
82
-61
-8
-9
25
439
-467
15
112398
-105429
-6812
-128
-18
-7
-4
-3
-14
-1
4
22
-23
-1
1
65
-32
-27
333
-339
9
17
886
-911
411
-411
78
2
-62
3394
-3412
12
160
-170
-1
4
8305
-2313
-5975
-25
72
46
-68
-12
-14
-13
1
-4
1857
-1850
216
-194
35632
-35669
2
0
452
-444
142
-149
22
-22
72
-46
-9
5268
-5168
-102
596
-597
-16
1
16
47309
-47327
3409
-3402
0
1
171
-166
29
3522
-3522
1820
-1850
0
-11
415
-416
15
-14
0
11
947
-915
-44
1
8
849
676
-1241
-202
-92
8
14
142
-133
135
-118
74
-121
763
-743
148
-8
-153
10
-12
109
-88
7
10
143
-103
187
-115
603
-758
715
645
-1360
13
2:12
246
-265
23
-38
0
175
-176
12
1234
-793
-451
48052
-48056
-1
44
237
-266
7843
-7853
93
364
-461
6
-5
1133
1159
-2031
-210
-40
6
-9
-5
2
7
43
-43
20
-31
9
5
-8
156
-33
-61
-42
146
-172
422
-394
112
-142
34
-30
465
-467
0
-1
14
137
-149
30
-33
-1
0
52
-47
2
21092
-20922
-177
9992
-9982
99
11908
-9117
-2886
-12
4
400
-403
38
32
23
52
-135
193
-178
-25
333
-265
-56
-12
33
788
-804
157
4303
-4439
6858
-6881
8
37
-55
-6
19
2
-13
161
-52
-116
472
-469
34
-9
-30
1874
-1807
201
-76
-175
-15
5
219
-119
-96
11
1
-19
23
-28
-3
1
2:-1
4
-3
2
0
-3
0
1
-1
0
2:1
2
-3
-1
3
-1
-2
2
2:-1
1
2
0
3:-1
2:1
0
-2
2
-2
2
-1
1
-1
2
-2
0
2
-3
2:1
-1
0
3
-3
1
-1
1
-1
1
-2
2
1
-2
0
-1
3
-2
2
-2
1
-2
0
2
-1
0
1
2:0
2
-4
0
4
-1
0
1
3:-1
2
-2
2
-2
3
-4
3
-3
1
0
-1
1
3
-1
2:0
-1
0
-2
0
4
-4
2:1
-1
0
-1
1
0
1
-1
3
-4
1
-1
2
0
-2
2
1
-1
-2
3
-3
1
3
2:-1
2
-3
2
-1
2
-2
-1
1
2:0
2
-3
2
-1
0
-1
3
-3
-1
2:2
-2
2
-3
2
-2
2
-1
0
-2
3
-2
3
-4
3
1
-2
0
-2
2:0
4
-3
-1
3
-3
1
0
2
-3
4
-3
2
-1
0
-1
2
3:0
-2
-1
1
0
1
-1
0
-1
3
-2
-1
3
-3
4:0
2
-1
0
-1
0
2
1
-3
3:0
3
-3
3
-1
-2
3
-3
2
-2
2
-2
1
-1
1
0
1
2
-2
2:-1
3
-1
1
-3
4
-1
-2
-1
0
3:1
-2
2
-2
1
-1
1
2:0
-2
3
3:-1
4
2:-2
3
-3
2
-2
3:1
-3
2
1
-3
2
-2
2
-2
3
1
-4
1
-1
2
-1
3:0
-1
0
4
-3
-1
2:0
2
-1
2
-3
3:0
2
1
-3
2:2
-3
-1
2
1
3:0
-3
2
0
2
2:-2
2
0
2
-4
0
4
-3
1
4:0
4
-4
0
62
-62
4
1
2
-3
-2
16
-18
0
12
-12
1
-1
7
-7
0
97
-97
1
-1
3
-2
5
-5
-1
5
-5
0
1
-1
3
-3
4
26
-29
-1
2:0
4
-4
0
3
-3
4
-3
0
-1
2
7
-8
0
-1
0
21
-20
10
-11
0
4
-4
2
0
2:-1
2:0
10
-10
5:0
2
0
21
-22
3
-4
4:0
39
-39
1
-1
0
5
-5
2
-1
23
-22
-2
0
5
-2
-3
0
21
-7
-14
3
25
-16
-10
0
2
-3
4
-4
1
-2
0
12
-9
20
-23
9
-7
-2
1
-1
67
-67
6
1774
-1679
-89
-11
1
3
-4
0
2
-1
0
7
-7
-1
0
6
-4
-3
40
-40
4
-2
22
-24
2
0
16
2:-7
33
-34
2
6
-10
-1
0
452
-323
-127
-1
1
0
-1
2
0
1
-3
1
67
-65
12
-14
503
-503
2
-3
21
-22
6
-6
6
-4
15
-9
-8
113
-56
-52
-5
0
3
-3
6
698
-703
93
-93
-1
2
8
-6
9
159
-168
312
-310
-5
-1
51
-51
3
-1
2
0
49
-53
3
-3
0
3
79
-75
5
-12
2
-2
22
-21
41
-40
25
-27
128
-124
18
-15
-6
6
-3
24
-28
3
0
1
6
7
5
8
-30
24
18
-42
2
0
-2
13
5
1
-16
-2
0
-1
0
1
-1
1
186
-186
0
11
-12
4
322
-326
2:4
-7
0
-1
9
115
-122
6
-8
4
0
-4
0
5
4
-7
9
-8
0
3
-6
18
-14
-2
-1
1
-1
7
-4
0
-3
2
-2
13
-12
-2
2:0
23
-21
-1
0
-1
0
1
2:0
16
-14
-3
308
-305
25
327
-57
-297
-1
3
50
-53
6
0
3
6
-3
43
-53
-2
18
19
-36
-1
4
13
-14
63
242
-307
29
-18
-1
-3
-8
2
4
0
-2
12
-16
0
27
-27
0
2
-1
17
-9
3
13
-25
0
2
26
-14
-12
10
0
-11
-1
19:0
1
0
-1
4:0
1
-1
5:0
1
-1
2:0
1
-1
8:0
1
0
-1
12:0
1
-1
3:0
1
-1
11:0
1
-1
12:0
1
-1
0
2
-2
0
1
-1
2:0
2:2
2:-2
14:0
2
-2
7:0
2
0
-2
4:0
1
-1
4:0
1
-1
3
-2
0
-1
2
-2
0
1
0
-1
3:0
2
0
-2
4:0
1
0
-1
6:0
1
-1
5:0
1
-1
2
-2
0
4
-3
-1
1
0
1
-2
11:0
1
-1
10:0
2
-2
1
-1
5:0
1
0
-1
1
-1
15:0
1
0
-1
2:0
2
-2
2
-2
4:0
2
2:-1
2
-2
1
0
-1
2
-2
0
1
-1
1
-1
5:0
1
-1
14:0
2
-2
3
-3
15:0
1
-1
4:0
1
-1
2:0
1
-1
2:0
1
-1
3:0
1
end
