v1
997
439
304
486
52
115
38
34
598
17
14
538
57
56
22
28
99
240
275
118
93
32
27
451
59
43
140
261
31
15
285
393
275
180
271
101
310
14
10
216
285
160
58
108
194
53
244
34
217
111
444
31
51
112
62
534
20
156
86
336
57
139
93
62
23
98
59
45
210
160
193
110
275
431
1
89
23
381
212
230
339
69
57
809
241
104
223
38
72
14
244
95
281
356
44
365
7
200
194
257
18
16
15
28
50
64
55
361
40
248
294
34
551
56
12
16
17
38
25
18
4
15
8
11
77
5
144
4
118
73
9
10
64
14
31
14
64
7
4
54
38
19
38
144
118
85
362
173
120
225
281
133
110
304
10
33
6
116
146
138
54
121
141
85
101
41
198
61
146
287
129
275
6
31
299
10
38
64
2
87
163
107
753
758
301
460
56
31
78
2
368
75
50
1238
33
80
190
42
128
57
69
7
8
147
323
110
404
308
82
102
255
197
175
70
25
96
8
11
32
452
100
54
47
61
147
2
27
59
153
59
5
20
3
93
105
257
29
416
218
34
77
31416
5
22
9
290
44
173
76
8
112
36
8
22
1043
10
99
58
10
111
71
166
15
3
3357
2211
328
1553
3764
1376
10816
1507
1143
4766
5782
830
8298
4449
2
4
10913
882
943
2468
5164
9
2
6
1427
21
119906
3544
1
7741
73
9417
28772
3649
22
280
20
89
5
54647
731
152
7
157
36
57
6
12
17
145
27
10
3
10
2:1
11
2
787
164
16280
2923
1731
3093
10208
7980
2243
1062
665
436
366
166
2
3
6
16
28
3
86
54
40
37
3
1
43
47
9
1
40306
64
176
100
126
85
514
1
46
41
119
171
17
479
9
57
18
41
19
84
7
76
49
273
331
19
94
17
38
57
14748
84
56
82
1990
9722
2:1
162
1
115
18
72
2
11
62
5
23
59
-488652
141
87
238
40
247
202
69
2:31
304
35
26
4
119
9
258
54
170
28
115
120
68
221
69
161
5
34
120
101
282
223
270
12
132
135
162
39
241
22
121
7
283
21
32
98
32
0
80
124
19
278
42
56
64
24
133
12
295
252
48
46
8
86
126
154
65
135
8
81
99
389
22
71
113
26
291
31
23
21
158
54
12
553
153
43
39
101
30
238
2:63
102
50
289
317
428
15
84
19
216
12
116
95
94
96
173
147
112
249
214
107
31
67
277
15
83
181
60
127
17
236
35
223
219
137
175
121
0
132
429
27
39
48
288
244
35
92
110
180
202
9
63
222
113
154
104
17
24
28
138
7
506
14
19
26
79
76
161
143
12
4
2
31
0
80
67
0
3
17
23
25
1
8
48
18
54
62
11
5
14
68
22
77
2
0
186
59
20
18
43
22
19
25
14
84
40
181
102
198
7
58
86
51
101
135
144
169
35
357
518
27
390
392
31
166
33
121
19
2
76
30
140
171
52
219
124
30
136
12
26
30
1
69
16
175
124
549
8
12
52
123
62
117
644
133
44
7
173
5
17
312
246
82
168
0
102
123
113
341
0
17
178
77
66
119
35
9
13
6
286
34
1
146
56
0
6
127
94
309
399
6
435
162
2
36
104
79
64
132
115
85
77
5
3
228
269
66
1
21
60
172
22
12
17
22
373
32
300
152
69
20
3
11
129
13
0
39
15
42
154
2:50
69
7
33
9
44
102
0
20
233
28
31
16
0
31365
68
9
7
92
86
76
19
3
84
92
81
1163
64
30
50
182
175
0
75
11
58
2
2969
5096
4474
3900
3683
1805
1416
2674
9749
6930
0
3913
872
2668
8045
23
7
2
5
4661
2466
474
1523
3146
1
26
1435
3513
37
116368
5279
6083
10259
31572
46
5
7
78
42
14
40
74
14
58
19
27
11
10999
44356
57
35
8
18
21
8
64
15
104
2
15
30
42
114
97
4
1
3
6
47
696
29
14
46
67
8
55
3451
0
25639
8402
5542
247
1059
450
212
335
1826
15
35
53
45
51
35
9
41
22
3
31
29
31821
8584
306
30
49
55
56
351
365
47
23
287
24
95
16
4
136
13
22
15
138
89
5
26
11
4
9
678
45
5
51
14969
9
2049
9947
70
33
19
132
20
32
19
-488486
382
433
177
188
1195
96
992
1394
241
1286
84
1175
155
369
281
494
68
177
382
345
389
633
818
10
785
631
345
138
358
312
232
44
1685
48
34
1018
16
67
1189
878
620
406
2339
908
381
951
1597
183
6
165
130
187
1612
368
46
331
1828
20
615
229
91
742
17
355
132
31978
38
1415
403
8255
8703
31978
9479
13
3
7105
993
29395
107462
41859
178
36309
18756
580
568
72
46375
1770
176
43
40791
330
2329
49
26886
2
1422308400
399:0
1
499:0
1
96:0
472
-217
66
-297
4
9
-18
145
8731
-8861
6
149
2748
-2833
-14
-73
19811
-19659
-95
-31
-23
73
-63
4346
-4197
-148
-15
-1
12
74
1643
-1678
-35
171
-167
11
-21
57
-48
26
37
-75
7
-9
50
49
80
-181
-1
2
22
-18
66
946
-965
305
-359
12
6
62
-65
97
-70
4
-39
6
-3
21
12
-23
-15
944
-944
1
-5
11
131
-141
162
4
-157
165
-149
3
19
269
29
-257
74
-164
15
-16
119
-97
-3
278
-280
610
-440
-76
-53
-12
4
-49
9
31
611
-646
24
279
-304
23
-19
-3
2
48
513
-569
2248
-412
-1831
1
281
-280
-7
580
-395
-116
66
922
-1020
73
41
-140
-6
35
-22
92
1298
-1291
92
-188
6
193
-210
222
-14
-122
-79
-18
2
760
-754
124518
-124506
12844
-12678
-170
-5
53
1110
-1137
64
-81
503
-517
72
-74
20
-19
42
-44
22
77
-99
747
-420
-324
33
-4
248
35
-216
28
3238
-2969
-399
1
804
22759
-17149
-6391
89
-80
52
-68
5
2540
-2521
552
-582
281
51640
-51931
1065
-1028
-20
-10
132
-139
70
-16
-15
-38
32
4350
-4055
-199
-127
2827
131797
-134485
5385
-5423
-44
50
345
-428
29
14569
-14592
3486
-3466
354
-386
359
637
-1009
1896
-1899
340
6429
-6392
-91
-287
340
-174
-71
-96
179
2909
-3039
238
-278
8
787
-779
-18
204
-203
231
-218
8
59
37
1155
-926
-349
2358
2219
-4578
3219
-3029
-194
378
-152
-184
77
-53
-7
-19
-36
11
-16
-1
62445
-62435
-1
-5
15
2
100
258
28396
-19139
-9181
-454
448
-442
-3
1288
2094
-3357
-21
-8
15
157
-58
-86
83
-92
8052
-7985
-66
4
-3
-14
117
-72
764
-361
-436
5
-7
-10
65
0
66
-78
43
-40
540
-599
723
-705
12
-33
10
2
-11
140
61
56627
-56828
304
15651
-1343
-13294
-1295
20
1368
-1240
-123
-43
33
-36
36
262
565
-867
388
-387
221
104
218
750
-1030
24995
-25247
354
-308
-40
-7
25
35
-67
136
-52
-86
267
1272
-1526
33
258
-307
164
588
762
-1245
339
-592
296
-298
190
-130
-37
253
-261
28
130
-200
2
6
-3
-5
0
2:1
11
-10
-3
3
-2
7
-5
2
-5
13
-3
-7
2
6
-11
11
-6
-4
1
-2
0
9
-5
0
-2
2
-1
-2
-1
1
2
-3
9
1
-10
6
-5
2:1
2:-1
12
-13
1
0
-1
0
11
-7
1
0
-3
1
-1
-2
1
5
-3
5
0
-5
-2
3
-4
12
-9
0
9
-5
-3
7
-3
-8
0
2
-2
1
0
3
4
-8
5
8
-5
-8
0
2
-2
0
3
-2
2
-3
0
6
-4
-1
0
2
3
-4
9
1
-12
11
-8
-2
4
-3
-1
0
3:1
-3
12
-5
-6
4
-4
0
8
-10
0
4
6
-8
1
-2
4
-1
3
-4
9
-12
5
-5
5
-1
8
-12
0
9
-8
3
-3
0
-1
9
-6
0
-3
6
0
6
-7
-1
-4
3
-2
0
4
-4
-1
8
-6
10
-12
8
2:-3
0
4
-5
4
-5
2:3
-6
7
-7
2:1
-1
0
10
-3
-8
0
6
-2
1
-4
0
8
-9
0
6
-4
2
9
-9
1
4
2
-7
0
6
-10
10
-9
0
11
-10
2:-1
0
4
2
-2
-4
2:0
1
0
3
5
-9
8
-6
3
7
-7
4
-9
0
2
0
8
-10
6
-4
5
4
-6
-2
2:1
-5
3
0
1
0
1
-4
6
-7
1
0
11
-9
-3
0
3
-2
0
2:1
-3
0
5
7
-12
4
3
2
-3
-1
-3
1
-1
1
3
-5
0
2
1
-3
2
-1
1
-3
4
7
-7
-3
4
-4
3
9
-10
1
9
-1
-9
-3
3:1
-3
5
3
-2
5
-1
-8
5
-7
0
10
-6
1
-5
1
-1
8
-4
-2
1
3
-6
11
-8
2
-5
2:1
11
-13
1
2:0
5
-4
5
-7
3
-2
0
6
4
-10
-1
4
-1
-2
-1
3
-2
-1
2
-1
9
-10
7
-6
8
-7
6
-4
8
-2
-8
-1
6
-1
-4
5
-7
1
4
3
-2
-5
3
-4
9
-3
-5
0
9
-7
-2
-1
5
-2
0
5
-8
1
2
5
-3
-5
8
-7
4
-5
6
7
-3
-4
-6
12
-10
10
0
-7
2
-1
2
0
-2
-4
3
-5
7
-6
2
3
-2
7
-8
-1
-2
0
2
-1
0
8
-8
-1
2
11
-2
-8
6
-5
0
2
-4
1
-1
2
2:0
-4
1
8
-5
9
0
-7
1
-6
4
1
-1
-3
-1
5
-3
3
-6
5
1
5
-3
-1
-3
8
-10
-1
2:0
-1
0
6
-3
-2
-1
5
-6
1
2:0
-1
19:0
1
-1
5:0
1
-1
1
-1
1
2:0
-1
0
1
-1
3:0
1
-1
2:0
1
-1
3:0
1
0
-1
5:0
1
-1
9:0
1
-1
8:0
1
-1
1
-1
3:0
1
-1
0
1
2:0
-1
1
2
9
-7
-3
-1
4
-4
129
-128
0
15
5
-12
-6
-3
4
-3
-1
3
-3
2
-2
0
22
-18
-4
2
-2
12
164
-173
4
-3
2:-2
0
9
-7
13
-14
0
-1
0
5
-5
0
5
-5
2
2:0
-2
38
-35
-2
1
3
-1
-3
2
0
-3
9
-8
2
1
-3
1
0
3
19
-16
-8
3
-3
6
-5
21
-4
-13
0
-4
4
-4
-1
2:0
3
-2
3
1
2
-6
9
-4
-6
47
-46
11
-7
-1
-4
4
2:0
-4
0
3
118
-121
8
1
-7
0
1
60
-60
6
-6
0
-1
10
7
-17
-1
15
16
-28
95
-99
8
-8
4
1
5
-10
0
19
-17
2
-1
0
9
-11
20
-10
-7
0
-4
1
78
-71
2331
-2335
117
-94
-25
5
-4
6
-5
2
3
-9
1
25
-24
11
2:-6
4
3
12
-17
63
-66
2
15
-17
20
-17
11
8
32
-49
-5
6
4
711
-592
-121
1
0
-9
0
2
57
-56
51
-47
-1
458
-459
48
-53
3
-1
16
-14
26
-19
-8
-3
3
209
-102
-101
-8
24
1008
-1027
171
-171
-6
188
-163
-19
18
253
-268
718
-725
101
-98
-5
11
-2
103
-112
6
206
-193
-2
-14
36
17
-46
-6
41
230
-266
28
-35
-2
10
-10
6
10
-10
48
-53
10
-5
33
2:0
-39
38
16
-54
110
-103
-5
5
-2
7
39
-47
1
0
-1
-3
4
-1
306
-309
1
-2
4
1
25
-29
21
848
-869
-1
16
-13
-3
7
158
-162
2:-1
14
-2
-11
12
-4
0
29
-22
-14
11
-2
-7
46
-28
2:-9
-4
1
2:-1
8
-2
0
2
6
-12
48
-47
3
1
-4
2
-4
2
0
14
-15
445
-441
87
704
-66
-727
3
-3
249
-242
9
-11
-8
0
-1
56
117
-168
-3
-1
11
38
-27
11
92
481
-606
27
12
-40
1
18
-14
-3
5
0
5
10
-22
2
-2
31
-31
6
1
26
-14
15
-33
30
-29
13
18
-27
13
-17
-2
107
-107
10:0
3
-3
3
-3
2:0
5
-4
0
-1
1
-1
1
2
-3
4:0
44
-44
2:0
1
-1
7:0
1
0
-1
10:0
1
0
2
-3
4:0
5
-5
4:0
1
-1
1
2:0
1
-2
0
2:1
-2
5:0
1
-1
0
1
-1
14:0
1
-1
2:0
2
-2
2:0
2
-2
4:0
2
-2
2:0
1
-1
8:0
2
-2
1
-1
2:0
1
-1
4:0
1
-1
10:0
1
-1
4:0
2
0
-2
3:0
1
-1
0
1
0
6
-7
0
3
-3
0
1
-1
3
-3
3:0
2
-2
4:0
6
-6
4:0
1
-1
0
2
-2
3:0
2
0
-2
2
0
2:-1
1
0
-1
3
-3
0
4
-4
3:0
1
-1
3:0
2
-2
1
-1
2
-2
3
-3
1
5
-6
3:0
1
-1
2:0
2
-1
1
-1
0
-1
9:0
2
-2
1
0
2
-3
2:0
1
-1
2:1
0
-2
0
3
-2
-1
0
3
1
2:-2
0
1
0
-1
6:0
4
-4
3:0
3
-3
0
3
-3
0
3
-3
4
-4
1
-1
5:0
2
-2
0
2
-1
2
-3
3:0
2
0
-2
2:0
2
-2
2:0
1
-1
6:0
2
-2
0
3
-3
7:0
1
0
-1
0
1
-1
1
-1
3:0
1
0
3
-4
2
-2
0
1
4
-4
-1
8
-8
2:1
0
-2
3:0
2
-1
1
-2
1
-1
2
1
-3
0
2
2:-1
0
1
3:0
-1
0
1
0
-1
5:0
4
8
-11
0
-1
0
2:1
0
-2
1
-1
5
-2
-1
-2
3:0
2:1
-2
2
0
2:-1
2:0
2
-2
4:0
1
5
2:-3
1
-1
1
-1
2
-2
0
1
0
-1
4:0
3
1
2:-2
2:0
2:1
2:-1
0
5
-4
0
1
2:-1
0
5
2:-2
-1
0
1
-1
0
2
-2
3:0
2
-2
23:0
1
-1
16:0
1
-1
10:0
5
-5
6:0
1
-1
3:0
1
-1
16:0
1
-1
0
2
-2
7:0
end
