v1
917
743
486
52
139
39
9
8
48
176
366
17
551
58
56
168
535
784
140
592
295
98
132
323
66
205
425
204
307
160
360
41
12
78
227
190
399
187
225
534
19
500
79
196
100
650
303
275
431
113
40
341
442
126
193
20
126
775
34
106
135
104
686
496
141
416
394
275
59
530
203
85
166
120
8
59
50
532
28
17
38
43
4
15
42
8
195
4
118
73
9
74
0
45
78
30
35
3
109
82
45
118
447
293
225
414
110
304
10
33
6
116
338
262
85
142
87
172
146
287
129
298
14
299
48
152
1
229
41
516
995
301
460
165
2
368
75
50
325
666
247
33
232
208
126
7
8
147
419
14
611
81
204
275
177
175
34
165
11
32
452
58
42
54
47
31
30
147
88
217
23
2:99
257
445
104
148
31493
5
22
208
5
33
53
44
85
88
196
36
30
1152
179
237
18
34
3323
2211
328
1553
5140
10816
2650
1551
3215
4989
6933
2988
4451
14
11785
958
7610
18
124904
1
7741
73
9417
32411
10
22
92
188
109
5
55463
231
24
12
63
29
129
16
27
10
14
1
11
2
1
24977
20431
1016
46
665
802
166
5
53
86
54
9
68
3
1
90
4
5
1
40306
64
276
21
105
599
1
309
68
17
202
275
2
9
57
18
41
19
84
93
225
524
62
14945
2072
9722
2:1
162
1
101
14
90
2
11
62
5
60
7
1
2
12
-488511
42
332
369
102
38
31
581
195
234
266
215
20
163
48
173
371
233
397
45
117
490
143
86
85
382
267
340
212
68
8
258
2:105
6
118
126
119
58
42
47
281
14
147
300
17
70
42
237
290
43
185
738
86
416
294
98
59
45
544
19
4
256
246
326
266
1062
14
43
85
897
289
145
30
25
582
41
27
28
81
0
291
9
24
64
156
112
615
77
15
78
119
337
201
60
121
282
38
8
296
211
1
24
56
57
13
5
68
49
17
7
110
7
91
70
35
15
52
89
90
87
746
388
326
476
14
22
390
180
175
458
166
40
114
50
726
256
104
494
0
566
12
309
0
229
630
12
382
15
36
115
20
213
988
66
119
52
11
37
301
139
40
44
8
34
166
261
19
10
727
378
82
36
64
10
56
703
145
26
9
8
26
178
124
299
128
320
25
1
195
3
35
326
251
155
31761
207
42
12
200
79
164
1072
30
140
182
105
76
50
20122
3221
1893
13361
6268
2616
2652
8080
13
0
2812
14
4780
4693
1
1427
3523
531
115873
1
11260
102
41877
1
14
75
189
110
7239
47392
769
12
82
19
172
2
24
0
21
22
0
17
18
159
40
3:1
8
786
18
28
2:65
6
18637
2297
13301
7980
693
120
2303
1824
14
11
3
27
45
31
45
60
72
40615
700
208
14
788
40
229
26
20
34
471
0
263
15
53
55
27140
51
40
-488469
325
111
89
302
331
39
242
174
42
12
198
109
193
14
195
36
2
169
23
369
18
122
46
2
75
147
749
166
397
103
29
214
56
115
278
679
53
235
99
95
23
8
146
417
329
133
78
31
305
73
161
15
95
414
72
42
163
67
9
87
5
103
95
251
2:9
52
0
76
507
50
171
76
347
175
305
203
26
282
78
35
321
429
76
28
15
4
151
76
61
131
138
58
302
233
353
41
55
117
261
308
218
591
97
43
2
2:200
361
446
88
165
104
231
324
6
27
13
28
39
87
103
5
147
14
90
109
150
228
187
567
721
271
70
190
94
371
210
292
100
31
417
150
163
282
20
21
214
206
287
159
317
112
177
49
949
195
298
14
105
391
45
502
633
339
144
28
58
17
183
2:19
190
52
31
281
18
39
6
494
63
99
38
65
77
352
85
30
458
57
63
9
23
262
83
260
62
73
49
23
7
0
182
191
242
3
300
157
47
131
92
42
111
14
1
31
31406
89
161
1
46
191
13
72
18
152
1012
64
210
246
4
404
7107
993
2094
2064
6581
14180
2466
790
830
4874
866
1325
417
1741
3
867
2660
10899
4310
10
5143
17
10
1446
125186
6032
40860
1080
91
43
163
23
128
10928
44363
50
168
137
1054
3641
15195
24635
825
273
957
1840
13
6
19
52
92
4
145
31846
8222
578
352
479
13
119
52
25
364
84
172
3
18
96
128
42
13
203
315
135
70
5
19
66
26839
21
19
131
16
279
1422338400
299:0
1
299:0
1
316:0
28
306
-304
-8
122
-72
-45
23
515
-346
4430
-4545
14
1628
-1031
954
-1607
-38
2039
-1951
2091
-2182
41
-19
73
435
-475
435
-485
-4
56
103
-153
42
9
-43
1831
-1815
290
-279
-17
-19
3
-9
141
-115
217
-238
7
188
287
-295
-85
-71
87
-123
3
0
71
-58
24
-17
-16
68
852
-745
-107
-17
446
-497
90
-70
97
-60
-47
74
-21
495
-560
73
-76
1765
-1727
2
-33
97
-65
36
-52
285
-256
-42
8
3
-11
103
-103
12
-22
6
190
-25
-171
5
-1
418
-421
79042
-78363
3878
-4394
-126
107
-125
94
-96
2
107
-122
-1
-3
80
-39
681
-713
-5
84
66
-91
-1
122
8477
-8618
61
4426
-3004
-1488
14
-45
32
-23
239
560
-394
-416
54
15983
-16040
560
-333
-227
106
-104
141
-127
361
2199
-2349
-186
84
-46
303
20003
-20329
-61
3050
-2990
9
3762
6319
-10135
204
-199
4223
-4237
1412
-1288
1116
-1036
-183
196
-16
-200
14
82
133
-180
973
-926
-91
7
82
-35
56
16
150
1584
-1832
130
563
1746
-2341
27
-145
15
-22
69
36
-107
28
1340
12319
-13697
73
362
-400
4306
-4328
49
309
-369
20
6864
-5715
-1148
15
-35
69
283
19684
-19947
19
-108
-3
14
148
-115
-11
301
-329
5
748
-716
125
230
-304
-95
3144
-3047
17714
-17509
1542
7305
-4755
-4345
-40
6
1300
-1083
-178
-23
11
44
63
2115
-2254
420
-410
0
-22
297
971
-904
1826
-2102
920
-944
-48
2
16
-14
115
-78
-13
1098
-1016
1306
-1417
-12
196
-83
-103
10
513
-535
5
-2
-4
1342
-1231
-119
-8
1
-4
3
-3
4
2:-2
1
13
-1
-12
0
11
-9
-2
16
-4
0
-10
14
-16
7
-6
2:0
13
1
-15
1
-1
1
2:0
6
1
-8
2
-2
2:0
16
-13
2:-2
3
8
-10
9
-7
-2
8
-5
-3
3
7
1
-8
-3
3
3:-1
9
-6
13
-8
9
-17
2:0
-1
1
10
-9
-1
13
-1
-11
-1
16
-13
-1
-2
0
13
-13
11
-3
6
-13
1
-3
2
8
-9
0
1
9
-7
0
-3
0
3
-2
16
-14
9
-4
-8
-1
0
2:1
-2
2
-2
3
1
8
-12
3
0
-2
0
2
-3
10
5
-12
8
-11
18
-15
-2
16
-1
-12
-3
3
-1
-2
1
-2
1
10
-11
1
12
-12
0
2
-2
1
2
-3
1
0
-2
3
1
-3
0
13
2:-6
1
11
-13
7
-8
0
3
-3
3
-2
0
-1
0
3
-2
0
9
-7
1
10
-5
-6
11
-6
-4
2:0
-1
9
-12
2:2
13
-8
2
-10
9
6
-5
-9
7
2
-10
0
-1
3
-2
3
6
-8
0
-1
2
-1
-2
16
-6
2:0
-9
9
4
-2
-10
0
8
2
-11
9
4
-13
11
-9
6
-6
0
6
4
-12
1
-2
0
3
14
-6
-2
9
-14
6
0
-9
2
0
6
-8
2:1
8
1
-1
4
-12
13
-16
14
-1
-3
-10
3
1
0
2:5
-4
8
-18
1
2:0
3
-3
1
8
-8
2:0
13
-14
0
3
-3
0
3
-6
3:0
8
-7
-1
8
-8
1
6
-6
8
-8
-1
9
0
-9
0
1
6
1
-8
9
-2
-6
6
-6
3:0
-1
1
6
-7
2:0
2
-1
8
-9
2
8
-8
0
6
-6
0
2:-1
0
7
-7
0
1
6
0
1
0
-7
-1
1
-1
1
0
1
2:0
-1
7
-6
5
-6
-1
0
1
-1
2
5
-6
2:0
1
-2
1
9
-1
1
-3
2
-8
8
-9
8
-8
0
9
-9
2
-1
2:0
1
2:-1
2:0
2
8
-1
-7
-1
6
-6
6
2:1
-1
-7
0
1
-1
2:0
7
-7
-1
7
-7
2
-2
8
-7
7
-7
-1
0
9
-2
1
-7
5
-5
-1
2:1
-1
1
-2
0
7
-5
6
1
-7
0
-2
8
1
-8
0
8
-1
-6
0
-2
0
1
-1
8
2:1
-9
7
-6
-1
7
-7
2:0
-1
7
2
-2
3
-9
0
-1
1
9
-2
-6
0
2:-1
1
0
-1
8
0
-8
1
0
7
1
-7
2:0
6
-6
2:-1
9
-7
-1
0
-1
10
-8
0
-2
0
2
-2
1
-1
2
7
-7
-2
0
7
-5
-2
2
-1
9
-1
-8
0
6
2
-8
-1
1
-1
0
1
0
1
5
-5
5
-7
9
-7
-2
9
-8
0
8
1
-10
2:1
5
-7
7
3
-8
-2
9
-9
1
-1
1
3:0
1
-2
1
-1
2
8
-9
8
-8
0
-1
1
8
-2
-7
1
-1
2:1
-1
6
-6
6
-6
1
2:-1
9
2:0
1
-10
9
-8
-1
0
10
-2
2
6
-6
2:0
3
-3
0
-1
0
99
-98
5
19
-25
1
6
-7
5
-5
110
-109
3
-4
5
-5
4
6
-9
-1
0
11
-11
0
4
-1
8
-2
-4
-5
7
-5
2
-3
2
1
19
-18
-3
0
5
4
-10
-1
16
-15
-1
2:2
-3
-1
6
-6
1
12
18
-21
-8
-2
1
6
-7
1
51
-50
1
3
-4
1
25
-22
-6
2:1
4
1
0
25
-31
35
-26
-1
-3
-1
0
2
-7
7
-7
3
9
17
-27
0
2
29
-22
1780
-1788
71
-54
-18
2
0
-4
2
9
-7
3
1
-8
7
9
63
-79
7
-2
11
-15
12
8
25
-42
-1
354
-304
-46
-7
1
2:4
-1
43
-24
-22
-1
270
-274
44
-42
-1
21
-22
34
-29
-5
107
-20
-79
-5
-3
23
476
-489
-8
123
-117
9
129
227
-372
79
-77
12
-15
54
-51
93
-83
-13
4
2:-1
21
-20
39
-17
113
-118
-14
7
33
-43
-3
8
17
2:-6
15
7
19
-54
8
-7
1
0
26
-27
3
-3
2
143
-141
7
-12
12
682
-691
2
17
-20
0
6
58
-63
4
-5
-2
10
2246
-2256
22
-18
3
9
-9
-3
-2
2:1
5
-9
8
26
-25
0
-5
7
-9
328
-330
107
288
144
-527
-10
4
261
-258
7
-12
-3
6
18
175
-192
4
11
-16
-3
21
3
38
90
-153
17
-1
-15
-3
-1
5
11
-8
-5
15
-8
31
-38
-3
22
-14
20
-14
11
-25
1
-1
4
-4
28
-27
-1
4:0
1
-1
9:0
3
-3
2:0
1
-1
5:0
2
-2
2:1
-2
3:0
5
-5
11:0
2
-2
0
2:1
-2
2
-1
2:0
-1
1
0
-1
0
1
0
2
-3
1
-1
4:0
2
-2
1
3
-4
3:0
1
-1
2:0
10
-10
2
-2
0
1
2:0
-1
3:0
2
-2
0
4
-4
0
1
-1
6
-3
1
-2
2:-1
4:0
1
-1
0
1
-1
0
2
-2
3:0
1
3
2:-1
-2
0
4
-4
0
2
0
-2
0
2
-2
3:0
2
0
-2
4:0
1
-1
3:0
1
-1
4:0
1
3
-3
-1
0
1
-1
2
-2
1
-1
1
-1
4:0
1
-1
0
2
-2
2
6
-6
-2
3
-3
1
-1
2
-1
3
-4
1
-1
3
3:-1
0
2:3
-6
1
2
-3
3:0
2:1
8
-10
2
0
-2
4
-4
0
1
0
-1
0
2
1
-3
1
-1
3:0
2
0
-2
3
-3
3
-3
0
3
2
-5
0
5
-5
1
3
2
-6
7
-7
2:3
-5
2
-3
2
-2
0
1
0
6
-4
0
-3
3
-3
1
-1
2
-2
1
3:0
2
-3
8
-7
-1
0
1
2:0
-1
4:0
13
-13
3:0
1
-1
4:0
1
-1
0
1
-1
0
1
-1
4:0
1
-1
5:0
36
-36
1
0
-1
5:0
1
-1
2:0
2
-2
3:0
5
-5
0
5
-5
8:0
1
-1
2
2:-1
5:0
1
-1
4:0
3
-3
4:0
1
0
-1
11:0
2
-2
24:0
4
-4
3:0
1
0
1
2:-1
1
-1
8:0
3
-1
0
-2
2
2:-1
0
2
-2
5:0
4
-4
3:0
4
-4
2:0
2
0
-2
1
-1
4:0
1
0
-1
2:0
2
3
-5
4:0
2
-2
2
-2
3:0
3
-3
7:0
2
9
-11
2:0
1
4
-4
2
-3
1
-1
1
-1
3
-3
3:0
4
-4
8:0
1
-1
2:0
1
-1
3:0
1
-1
3:0
2
-2
9:0
2
-2
3
-2
-1
3:0
2
2:-1
5:0
3
-3
0
3
-3
7:0
2
-2
1
-1
1
-1
2
-2
3:0
3
-3
6:0
1
-1
2
-2
3:0
1
2
3
-4
-2
6:0
end
