v1
1142
743
486
295
559
665
22
1363
1048
179
2730
586
225
3240
341
442
339
1503
1516
394
864
1306
511
197
1042
345
524
314
39
2846
2272
56
111
368
75
1761
126
162
433
447
1146
129
11
429
155
54
108
452
23
963
189
31493
5
22
428
284
36
30
1152
68
348
61
5853
1553
5140
10816
2650
4766
14910
24836
124904
7742
9490
32443
72
317
5
16
55777
29
48148
224
140
77
3
1
100
40280
504
587
1
882
75
987
61
26740
163
116
295
56
22
-487561
115
38
34
350
479
60
40
105
133
38
19
106
99
468
582
118
170
140
319
273
159
162
78
126
190
133
271
269
166
194
307
78
82
413
411
138
366
777
115
33
20
242
257
79
271
305
210
432
306
431
90
616
145
310
183
57
809
106
135
104
19
389
278
254
27
28
93
235
925
160
16
93
44
412
312
294
95
309
237
45
6
57
22
64
47
2
150
1
118
73
19
64
59
129
95
17
14
113
118
176
271
293
217
422
257
157
43
122
284
54
121
141
85
142
259
146
29
73
185
156
52
219
14
299
15
30
3
83
70
163
66
464
93
5
7
184
41
758
301
83
10
391
138
3
26
469
215
110
684
229
33
560
13
8
106
81
283
822
184
38
207
115
52
40
175
95
96
51
43
320
89
317
92
88
153
59
25
196
5
9
196
52
255
408
157
31406
204
86
4
40
173
76
164
1064
270
19
71
46
138
47
3310
2211
4954
6302
19779
5704
423
13
7437
2
14
8068
3717
943
15
7600
10
23
4951
116404
3545
7814
41838
48
95
159
20
53
54688
890
157
7
2
27
75
162
27
10
1
2
11
1
11
85
672
16476
4654
21281
2243
1062
665
436
532
5
111
28
34
29
31
131
9
30303
10004
64
176
226
909
43
25
17
202
277
66
59
103
56
27
6
43
273
444
17
15
53
14915
2072
9722
2
163
167
38
2
73
5
23
37
22
61
49
-488776
132
110
65
191
19
12
185
145
141
210
211
122
107
53
157
49
82
228
3
357
282
159
337
39
7
66
99
32
27
36
0
444
68
97
340
5
89
54
343
74
174
225
4
340
121
24
67
417
53
80
0
244
154
65
148
180
547
1
42
318
38
171
17
102
109
182
227
240
89
158
221
91
38
110
49
12
117
0
51
106
203
212
193
0
31
79
82
102
56
27
455
101
5
272
488
47
66
67
53
145
79
93
64
45
236
45
50
186
35
462
195
42
25
85
90
154
189
66
60
0
68
0
178
248
139
455
45
351
67
10
77
37
573
263
82
114
75
172
116
178
4
6
27
174
8
11
23
0
8
65
7
96
14
13
17
83
86
245
38
35
119
249
36
2
132
220
86
309
291
35
427
475
233
62
67
320
77
18
5
28
3
166
154
267
144
281
141
199
104
329
134
100
159
143
1
151
502
364
217
2
19
231
86
47
89
60
45
140
83
75
56
767
144
143
154
9
13
6
320
1
143
53
6
27
11
42
53
94
38
290
360
625
36
45
202
945
12
139
189
239
3
77
108
300
117
24
6
5
108
19
86
451
40
32
4
17
215
140
0
28
31407
5
2
66
0
39
117
38
2:67
88
132
1221
87
453
50
9
7357
3800
1370
2
1
2467
2792
2324
4736
2699
5743
2466
1620
3485
3994
3
2611
2
2658
8056
31
2826
3373
920
13
0
474
509
1041
3126
1
9
8
1427
21
106808
18378
6038
41743
126
28
37
9
50
75
205
19
8
55423
35
8
39
86
152
38
1
19
45
7
97
62
15
787
70
31
57
12806
11227
1178
9030
8793
203
1142
540
417
1
1824
9
6
10
84
41
2
25
20
4
44
8
67
51
31821
8686
114
31
89
511
172
41
405
128
25
136
90
277
41
5
212
449
1
75
14879
222
11853
125
72
45
134
3
2
55
4
18
-488578
359
53
88
270
170
270
77
435
155
18
66
53
47
40
104
296
58
238
172
260
772
297
309
343
948
56
88
504
410
581
371
17
267
18
302
5
448
3
486
219
756
117
19
162
273
176
515
650
287
284
133
87
1518
142
465
64
388
132
8
89
15
79
33
91
1290
458
67
575
108
22
247
7
212
88
36
184
16
44
330
31
63
506
389
237
735
137
498
578
833
182
734
148
10
948
95
878
325
187
79
87
509
274
240
300
216
60
473
179
253
128
275
254
41
234
88
85
38
48
585
183
50
191
65
358
15
350
109
96
132
72
251
26
20
38
21
13
25
162
32209
1356
167
1592
4077
2201
2048
17
1377
1372
3901
10384
12237
8853
10282
32
4
16
13723
131273
41832
20
248
37
35
36129
19276
44
16
130
330
104
82
50
675
156
69
3445
34041
5707
82
749
1450
86
1695
91
10
38
5
40796
1638
250
24
544
147
15000
12027
138
91
131
99
-487670
581
21
153
252
61
486
46
93
1021
94
429
19
1100
143
389
112
313
1279
83
175
33
801
28
276
39
68
229
59
8
776
623
457
128
7
1101
630
60
575
56
636
10
496
572
814
28
607
458
33
164
12
88
397
501
122
112
360
102
37
39
5
798
476
396
1206
622
128
46
194
747
5
268
991
29
916
1105
258
24
517
139
1209
11
409
611
160
156
206
83
148
530
238
528
472
4
284
369
20
184
4
168
31821
27
208
107
41
1032
495
74
2113
21279
25412
9446
12
2825
5305
4163
16918
91357
13100
11339
41823
67
90
191
11117
44698
258
38
48163
18
321
41630
813
86
194
453
37
89
69
17014
9972
19
1422738600
99:0
1
299:0
1
399:0
1
199:0
1
141:0
917
-135
-284
4182
4808
-9132
334
-388
530
-22
-471
149
100
920
-1095
-41
28
26210
-25189
-938
-145
517
-63
-33
-138
301
322509
-317885
-3395
838
-2582
993
191091
-187070
-4028
1205
34203
-36407
1062
-539
3990
-4427
1215
2283
164037
-163236
1086
1077
-6457
1415
174
3916
-5625
127
-162
1189
-1220
1082
-1081
87
148
1302
-1469
79
149
3314
-1557
-1335
63206
-63502
-377
5811
-5509
527
64
3664
-4571
2565
39597
-42076
13906
2997
-15928
14747
-6873
-7534
1030
-764
-1702
871
1447
8714
7062
-17938
1047
19901
-21087
715
729
-1256
-463
69
74
-110
-50
40
-43
21
54
184
-252
102
119
-168
-60
41
-42
232
-219
35
21
-65
21
38
-57
2:2
136
-86
0
-42
140
-158
8
34
-20
71
-92
54
-44
-10
21
-5
-13
6
16
-16
122
-71
143
-113
-82
21
-25
6
-3
24
-19
5
9
-28
1
3
1
20
-21
64
126
-85
-98
197
-124
-35
151
-121
-33
144
-157
-20
-5
-7
173
-174
61
-59
13
-15
75
107
-115
-38
10
73
-81
236
-245
46
-67
24
142
-148
182
-64
-130
-2
95
-74
4
145
-162
24
11
-5
23
54
32
-143
30
-30
25
-12
-4
139
-144
100
-98
10
236
-108
-122
-2
75
-102
6
3
149
-138
-20
93
178
-272
20
-19
5
72
-65
120
-126
22
-18
70
-69
261
-267
171
-139
-34
61
-37
139
-164
76
-77
12
112
-69
-56
27
18
-45
0
5
43
-13
107
-109
-19
24
99
50
-158
-12
82
143
-223
-17
119
-117
272
-246
180
60
-224
-31
-17
101
76
-161
30
34
-79
253
-113
-136
35
-33
82
-79
211
-192
64
-71
58
-68
-8
-3
28
68
-59
-36
44
104
-28
-106
191
-199
2
9
0
-7
3
9
-17
-5
203
-190
88
-51
-50
12
-2
69
22
-4
-69
10
-17
1
90
-69
-8
115
-104
11
-41
50
17
-74
3
27
-11
12
-13
72
-59
-11
56
-81
205
3
-106
-87
171
9
-148
29
-64
17
-34
2:39
49
-124
26
-5
-19
111
-109
136
-79
-17
52
-71
247
-267
156
-164
173
-172
4
-17
-3
4
-3
0
10
-10
-1
2
0
-1
9
-9
1
0
2
10
0
-11
4
0
1
3
-7
-1
1
0
1
5
0
-3
0
1
-8
3
1
3
-5
2
-3
0
1
0
6
-3
8
-8
5
-2
-5
-1
0
6
-6
-1
8
1
-10
13
-13
10
2
-4
-7
3
-4
8
-1
-3
-1
-2
3
4
-2
7
-12
0
1
-1
1
10
-10
-1
6
0
-5
1
-3
1
11
-6
-1
-4
3
2:-1
6
-7
0
2
1
-3
5
-3
1
-3
-1
1
4
0
9
-10
-2
-1
4
-1
-3
2:1
-1
3:0
4
-2
1
-1
5
-4
-3
2:-1
9
-8
0
10
3
-13
5
2
-7
2:4
-5
5
-6
9
-10
-1
7
-1
6
-7
-6
11
-5
-4
0
11
-1
-3
-6
-1
5
-4
-2
1
6
-4
-3
6
-6
1
-1
0
3
6
-8
0
1
2:-1
0
7
-4
-1
7
-1
-2
3
-10
1
0
2
4
0
1
-7
0
1
-2
6
-5
4
-5
13
-2
-8
-2
0
3
-2
4
8
-13
0
12
0
-4
-8
8
-8
0
10
-7
-2
11
-10
1
8
-7
-3
3
1
3
-6
-3
2:6
-10
11
-10
4
-2
1
-2
5
-7
9
-10
-1
4
6
-7
-2
0
11
-10
0
-1
0
4
2
-5
0
-1
2
-3
5
2
-2
0
1
2:-2
4
7
-9
-2
-1
3
-4
2
1
0
2
-3
1
-1
1
10
-8
-4
0
4
-3
0
-1
6
-5
3
1
4
-8
0
2
1
-4
2:1
7
-7
0
-1
0
-2
0
13
-12
7
-6
7
-7
2
7
-9
1
6
-3
-5
-1
6
-1
8
-12
4:1
7
-10
-2
2
4
-1
4
-7
6
2
-5
0
-2
10
-4
-6
9
-8
4
-4
-1
4
0
-5
2
9
-12
12
-3
-4
1
-6
5
-6
1
9
-9
0
6
-4
-2
8
-8
9
-6
-2
0
7
-3
0
6
-11
6
-6
6
-6
6
2
-7
-1
1
-2
0
-1
0
1
0
-1
1
-1
2:0
1
-1
2:0
1
0
-1
2:0
1
-1
1
-1
3:0
1
-1
1
-1
1
-1
1
-1
4:0
1
-1
1
0
-1
1
-1
0
1
-1
0
1
-1
1
0
-1
1
0
-1
0
1
-1
2:0
1
-1
1
-1
1
-1
1
-1
0
1
-1
0
1
0
-1
3:0
1
-1
6:0
1
2:0
-1
0
1
-1
1
3:0
-1
0
1
-1
2:0
1
-1
1
-1
0
1
-1
1
-1
0
1
-1
1
0
-1
1
-1
0
1
2:0
-1
3:0
1
2:0
-1
3:0
1
-1
1
-1
0
1
2:0
-1
1
0
-1
1
-1
0
1
0
-1
3:0
1
-1
1
0
-1
0
1
0
-1
2:0
1
3:0
-1
0
1
-1
0
1
-1
1
-1
1
-1
2:0
1
-1
0
1
3:0
-1
5:0
-1
2:0
1
-1
9:0
1
-1
1
-1
1
0
-1
3:0
1
-1
0
1
2:0
-1
2:0
1
0
-1
24:0
1
-1
4:0
1
0
-1
5:0
1
-1
9:0
1
-1
7:0
1
-1
14:0
1
-1
23:0
1
0
-1
4:0
3
9
30
119
-141
-3
-15
-1
82
-75
-5
24
-14
-4
13
0
-16
5
56
-66
81
-4
-16
-43
-9
88
2117
-2070
-131
36
-40
16
1177
-1043
-102
-6
562
-547
-62
7
230
-112
-129
38
1113
-979
84
587
-796
88
-131
224
-208
-19
53
301
-320
-20
-10
43
-48
48
4
1
2
33
-84
7
273
-280
-4
845
-824
-21
11
234
-245
10
1687
-1687
15
434
-347
404
835
-1065
-265
-19
48
180
-166
733
-743
-18
-7
6
3
-38
59
-48
-8
0
-2
6
-7
6
-6
1
-1
3
-3
19
-12
-6
-1
2
-2
29
-27
-1
11
-11
3
-4
2:0
5
4
-9
8
-8
22
-21
-1
13
-13
2:0
1
-1
4
0
-1
1
-1
-2
1
0
-2
45
-36
-5
-4
4
-4
7
-2
-1
2
-3
-2
-1
1
2
-3
5
-4
2
0
-2
15
-11
0
-5
0
4
87
-91
1
6
-2
1
2:-3
2
22
-16
-7
17
26
-40
-4
10
-4
14
-18
12
-12
7
2
-11
19
-14
-5
1
-1
11
-8
34
-28
-1
3
-9
5
-7
33
-27
-6
3
11
-12
2
-3
10
9
-15
-5
67
-66
14
-15
15
-12
1
-3
4
-2
2
15
23
-41
0
-2
0
4
-1
7
-10
2:1
9
-7
-4
11
-7
-3
4
3
5
6
-19
2:1
0
45
-33
-14
4
8
-10
5
-6
-1
4
21
-16
8
2:-5
81
-87
3
-1
-3
8
-8
12
-4
-6
-2
38
23
-53
4
-11
-1
16
-5
-9
11
-12
4
40
-45
0
2:1
-1
4
7
42
-49
-5
7
-1
-6
0
3
-3
2
4
31
-17
-19
-1
1
0
1
2
3
18
-15
-8
12
-13
19
24
-38
2
-4
15
14
-10
-16
6
-6
-2
5
-3
5
-4
27
-22
-5
-2
-6
4
2:-1
10
-5
1
-8
7
14
-12
-7
4
64
-58
46
-43
6
130
-148
45
-48
1
4
12
-11
1
8
-14
-1
10
-5
1
16
-19
-1
8
16
8
-30
-4
1
119
-120
2
-2
1
-1
3:0
1
-1
3:0
1
-1
1
-1
0
4
2:-2
0
2
2:-1
2
-2
36
-36
3
-3
1
-1
4:0
1
0
-1
5:0
1
0
-1
0
2
-2
0
1
0
6
-7
4:0
1
-1
2:0
2
-2
2
-2
2:0
2
0
-2
1
-1
2:1
-2
0
3
0
-3
2
-2
0
3
0
-1
1
-3
3:0
1
0
-1
1
0
-1
1
-1
3:0
2
-2
0
1
-1
3:0
1
-1
0
1
-1
9:0
2
-2
4:0
1
-1
2
-2
4:0
2
2:-1
0
7
-4
2:-1
5
-4
-1
5
-6
1
-1
0
4
2:-2
0
2:2
0
-4
4:0
1
3
0
-4
3
-3
2
-2
2:0
4
-3
-1
2:1
0
-2
2
0
1
3
2:-2
-1
1
-2
2:0
2
-2
7:0
2
-1
0
4
-4
1
-2
1
0
-1
4
-4
1
6
-7
3
-2
-1
2:0
3
-1
-2
4
-4
5
-3
-2
2:0
2
-1
1
-2
3
-2
1
2
-3
-1
2
-2
3:0
9
-9
0
1
7
-6
-2
0
2
2:-1
2:0
1
-1
0
1
2:0
-1
1
2
-3
0
3
-3
2
-1
0
-1
0
1
-1
0
2:1
-2
1
0
-1
1
2
1
-4
3:0
2
2:-1
7
-2
-5
0
5
-2
-3
3
-3
0
1
2
1
-3
1
-2
3:0
1
0
1
-2
3:1
-3
0
2:1
2:-1
0
3
-2
11
-12
3:0
5
-3
2:-1
1
-1
0
6
-5
6
-5
-2
2:0
1
3
-3
-1
0
1
-1
2
-2
0
3:1
-3
3
3:-1
2:0
1
-1
3
-3
0
3
-2
-1
0
8
-7
1
2:-1
1
7
-4
2:-2
0
1
0
-1
9:0
1
-1
2
-2
5:0
1
-1
48:0
2
-2
5:0
1
-1
8:0
1
-1
3:0
1
-1
4:0
2
-2
0
1
-1
4:0
1
-1
1
-1
7:0
2
-2
1
-1
0
2
-2
8:0
2
-2
2:0
1
0
-1
14:0
1
-1
9:0
1
-1
1
-1
0
1
-1
7:0
2
4
-6
0
2
-2
0
1
-1
1
-1
2:0
1
-1
3:0
1
0
-1
1
-1
0
2
-2
35:0
1
-1
18:0
1
-1
19:0
2:1
-2
4:0
1
-1
15:0
2
2:-1
0
1
-1
17:0
1
-1
5:0
2
-2
6:0
1
0
-1
0
1
-1
end
