v1
809
187
12
34
84
188
62
17
159
10
15
54
233
174
31
21
15
124
14
34
26
211
113
92
142
31
126
188
312
2
37
7
15
28
42
95
355
141
0
27
0
91
15
23
36
58
270
182
102
732
74
56
29
124
38
50
22
46
0
92
10
127
1
179
66
205
22
12
27
20
29
0
67
14
47
91
106
83
53
80
86
32
126
41
27
86
154
46
94
0
166
0
63
31
1
144
13
221
22
45
348
6
153
26
8
51
66
0
89
19
242
35
109
148
20
0
156
0
53
33
112
145
79
57
29
7
103
0
93
85
95
62
45
147
49
140
1
33
193
4
106
150
125
431
201
72
108
113
82
67
239
54
126
213
126
31
109
236
28
16
237
152
106
128
7
84
20
30
62
43
88
39
55
30
244
95
2:32
179
111
48
50
26
159
44
33
64
0
268
7
46
279
69
275
16
78
79
55
11
247
79
312
110
68
116
59
45
5
170
2
101
22
175
6
26
1
29
12
16
17
6
32
12
0
28
2
1
5
14
2:8
3
22
1
7
1
46
2
23
81
30
11
2
3
1
103
15
73
8
1
12
41
21
40
19
14
50
2:30
1
4
3
54
38
17
14
59
172
85
118
16
220
8
78
95
120
225
149
11
35
16
70
133
110
304
10
33
6
116
104
42
138
54
13
108
35
0
12
94
85
27
74
41
90
25
26
57
61
30
116
5
86
11
141
29
15
129
27
52
181
52
110
189
10
23
13
2
67
16
52
18
229
41
285
24
114
105
132
43
9
703
96
192
0
16
93
42
41
10
195
172
50
6
106
3
2
24
42
6
109
23
70
94
8
0
67
18
32
47
118
18
537
12
185
13
31
19
143
40
75
33
57
119
25
31
80
53
0
37
38
19
38
69
7
8
106
41
40
2
0
115
58
108
63
33
14
10
324
176
99
2
36
45
20
184
360
20
32
0
3
37
175
70
63
58
8
11
75
26
5
12
26
178
73
19
3
29
22
16
100
40
14
47
2
1
50
8
6
29
92
20
52
36
130
23
59
5
20
3
69
0
30
5
10
79
3
2
151
96
3
7
244
69
85
27
11
9
63
21
134
34
67
25
31
31375
10
12
9
43
193
54
44
24
61
69
8
11
0
76
9
111
36
8
13
9
932
110
0
8
30
50
22
68
83
28
71
46
92
28
15
3
26
21
9
2055
1246
2211
328
1553
5140
1763
701
0
8352
2650
11
9747
1620
3485
0
1822
3
2172
816
436
1361
1267
1385
2
4
8085
2828
882
943
15
19
2447
474
509
2
1054
3104
1
7
11
5
1
2
1425
3523
531
115873
1
3543
1
7741
73
9417
28772
3649
18
2:2
21
5
7
3
6
50
75
40
73
1
19
53
4
15
17
5
16
0
65
35970
19377
35
2
52
20
157
7
2
27
3
15
22
0
17
6
12
1
2:8
34
111
27
10
3
10
2:1
6
5
2
83
643
0
29
24
94
15
63
16280
4654
3093
1178
9030
3251
4729
813
247
1105
78
828
45
0
189
665
436
489
43
2:2
1
11
1
10
9
5
13
1
3
44
5
1
8
28
8
2
24
3
17
9
31
0
6
3
28
3
1
43
38
2:9
1
30302
9978
26
64
176
43
26
120
511
125
1
46
0
41
199
0
10
13
43
25
17
77
15
0
110
49
228
9
2
0
45
10
2:9
41
103
30
22
26
7
8
2:9
0
21
186
87
116
135
99
13
12
13
0
37
13
6
3
14
15
22
1
72
14730
3
185
2
7
8
20
1990
9723
1
102
7
16
24
0
1
12
38
18
60
21
7
26
36
2
11
4
3
55
65
22
5
63
0
29
2
21
1
2:21
0
6
14
26
12
28
3
0
50
23
16
2
47
1425808200
808:0
6
14
-19
10
-11
9
-5
7
-6
-5
10
-1
6
-15
17
84
-91
-9
29
-28
-2
3:0
4412
-4400
49
-56
-4
4244
-4238
67
2
-72
-3
311
-311
0
7
-1
0
5
-10
815
-809
-6
11
93
-9
-18
-65
-12
-2
14
-14
700
-693
0
-7
0
4
-1
19
-19
-1
-2
2
-1
3:0
20
10
-17
16
-1
-24
17
-14
-8
16
-16
29
-28
1
-1
206
-203
-1
4
0
-5
12
753
-756
-9
7
30
-38
0
14
-11
1
375
-379
1
2:0
750
-751
61
-61
0
6
2
-5
2:0
4
-7
38
-18
-15
-6
1
6
2
7
-15
57
-56
2:-1
1
201
-201
132
-101
-32
38
-32
241
-115
-131
12433
-12432
92
-93
0
26
162
-178
652
-628
1
-34
9
-6
-4
9
100
90
-179
223
-216
432
-459
1
24
156
-159
-22
1
-1
72
-62
-4
-6
2
-2
19
3
-20
-3
24
-23
-1
1
204
-204
20
417
-389
-35
402
-412
4
-7
-1
7
-1
-6
9
416
-421
-4
5
-5
0
1
23
-24
15
-15
7
54
-60
6
22
-11
406
-423
0
13
-12
797
-791
9
-12
-2
2
-2
4
10
-13
-2
5
-6
0
-1
58
-52
-4
107
-107
34
-33
0
1134
-1134
8
5
-9
-4
12
-1
-10
-3
1
503
-498
3
13
-19
-4
0
141
-134
-1
-4
6
260
-264
175
24
-107
-95
0
4
-5
0
15
1059
-1071
94697
-94304
10070
-10382
-66
8
-11
30
-44
41
-38
-2
-1
23
-19
-5
9
148
-156
1
2
1
27
-32
8
-4
-3
3
2
-6
356
-356
18
-16
3
16
-2
30
-32
-15
9
518
-528
287
-288
21
13
272
-304
1
-3
933
-931
65
-42
-25
69
-67
1
8
236
-244
1
476
-480
2073
-2072
12
-10
9
216
-221
4
-11
95
-94
16
5444
-5459
1
6454
-6454
48
-50
1
-2
3
-2
0
18
-16
1
-4
0
69
-56
-10
2
-3
-1
14
-13
2:0
496
-478
-18
542
-521
51
-73
42396
-42397
3
1
-2
-1
8
-8
8
814
-818
-4
1
3
13
-3
-12
31
120
35
-188
2
-2
7
71
-3
-66
-5
18
2114
-2059
-77
0
17
-8
4
-11
4
-7
0
1
0
1
185
-187
49623
-49619
-4
2:0
1592
-1579
-1
7
-13
-6
44
-37
22
-24
2773
-2777
2278
-2275
-1
-2
2
-2
6
20
214
-237
-3
13
-8
-6
1
2
21
-19
20
-5
-14
1
1228
-1233
36
-38
2009
-2008
350
-284
-67
1
6
343
-349
21
-10
20
140
10
-175
-5
154
1084
-1210
-30
41
-29
-10
2:0
-2
3
28
-14
7
-20
64
-68
1
47
-48
43
-43
49
-35
-14
119
-59
435
-375
157
-277
2
-1
746
457
-1183
46
-23
-43
-1
52
934
-984
197
-33
-165
-1
26
53
-31
-46
210
-175
-27
252
-258
26
-29
-1
1
0
5
16
-17
40228
-40223
2
-4
-1
-4
1
10
-8
-2
97
305
-368
3794
-3830
98
41
-141
186
-186
9
-7
2
16
-15
-4
2
70
-72
2
-1
620
-622
34
4457
-4490
0
8
-8
4
15
-19
6
-1
81
-83
0
-2
8
-8
2:0
10
-2
-1
219
-226
772
-774
32
4
-27
2:1
6
2
41
423
-443
-31
-6
2
9
11
-25
3
13
10
14
-7
-26
-6
7
10
19
-27
-9
100
-101
4
-1
52
977
-1012
-13
34
-41
2
14
-16
0
84
-83
-1
3
8
10313
-10323
1
-1
9
1038
-1038
-9
22
-22
4556
-4553
2:2
-7
5
186
4188
-257
-4118
-4
48
-34
1358
-1352
84
-44
-30
24
62
261
-376
-2
194
731
-920
-2
24
-25
1
-2
-1
10
-8
37
-37
-2
0
21
-16
126
660
-784
0
-6
229
1581
4781
-6573
13
50
-82
0
16
13
-27
166
33
-196
43
144
-73
-118
5
-4
49
-48
1
2
3
46
-25
-24
14
3475
-3319
-136
-35
-3
69
34
52
-155
-2
39
224
-128
-134
2
-1
0
-1
38
565
-601
-2
146
-147
46
-44
15
-3
-7
-4
33
30
-9
92
-72
-73
-2
45
-38
9
43
-55
2
-2
-5
5
2:-2
-1
6
2
2:15
920
-958
60
1
6:0
1
-1
3:0
1
-1
1
-1
2:0
3
-2
-1
3:0
88
-88
2
-2
0
6
-6
10
-8
-2
4:0
28
0
-28
1
-1
7
-4
-3
0
18
-10
-8
3:0
2
-2
7
-7
5:0
4
-4
0
1
-1
2:0
1
2:0
-1
2:0
2
-2
1
0
-1
1
-1
3
-3
5:0
1
0
-1
2
1
-3
2:0
6
-6
0
4
-4
0
1
-1
3:0
25
-25
1
-1
3:0
1
0
-1
3
-3
4
-4
3:0
1
3:0
-1
1
0
-1
3:0
2
0
-2
7
-7
5
-2
-3
4
-4
4
-4
0
1
19
-19
11
-10
2:-1
0
4
-4
2:0
3
-3
4
-4
1
0
-1
2:0
2
-2
0
1
0
-1
8:0
3
-3
2:0
8
-8
0
29
-19
-10
0
1
0
-1
5:0
40
-40
5:0
3
-3
5
-5
1
6
-7
0
6
-6
33
-33
3:0
4
-4
1
0
-1
2
-2
2:0
2
5
-5
-2
0
1
-1
2:0
15
-15
17
-16
-1
56
-56
0
3
-3
1
2:0
1
-2
0
7
-4
-2
1
2:-1
0
7
-6
-1
2:0
29
-28
9
-5
-3
-2
5:0
41
-37
1311
-1315
82
-72
-9
0
1
4
-6
7
-6
0
-1
2
0
-2
2
2:-1
2:0
1
7
-7
1
2:-1
3:0
7
-6
1
-2
2:1
-2
12
-11
-1
0
33
-33
2:0
7
0
9
-16
1
-1
2:0
3
-2
-1
7
-7
2:0
40
-40
1
8
-9
35
-35
2
-2
2
11
-12
-1
0
5
-5
0
513
-513
0
97
-97
5
-5
2:0
1
-1
3:0
1
-1
0
4
0
-4
3
-3
0
3
-3
0
1
30
-26
-4
29
-27
-2
-1
355
-355
2
0
-2
0
4
-4
0
29
-29
2:0
2
-2
2:1
-1
14
-14
-1
2:0
2
19
-16
-5
0
1
74
-31
-43
-1
1
-1
2:0
1
-1
4:0
17
-17
492
-489
-3
2:0
70
-69
3:0
-1
10
-10
4
-2
110
-111
381
-382
2:0
3
-3
3
-2
65
-64
-2
0
2
-2
2
2:-1
1
5
0
-6
2
62
-64
17
-17
81
-81
20
-15
-5
0
3
28
-31
2
-2
0
31
0
-27
-4
37
113
-146
-4
4
-3
-1
4:0
4
-4
0
2
10
-12
0
13
-13
4
-4
3:0
4
10
8
3
-12
-13
2:0
25
12
-37
3
1
-4
2:0
82
-82
7
-3
-4
0
12
14
-25
-1
2
4
-4
2
-4
10
-10
3:0
4
-3
-1
135
-134
1
-2
3:0
7
-6
0
10
-11
7
324
-330
5
-6
0
14
-14
1
-1
0
4
-4
0
2:1
-2
2:0
4
-4
3
165
-168
0
1
-1
1
3
-4
2
3
-1
-4
5
-5
2
2:-1
0
12
-11
1
-2
0
169
-169
12
-10
-1
2:1
2:2
16
-15
-7
0
8
-1
-7
-1
2:0
23
-17
-3
3
-6
2:0
2
-2
3
-3
11
-11
1
0
4
3
2:-4
7
-7
0
2
-2
0
11
-9
-2
0
2
17
-19
3:0
13
-13
0
2
-2
143
-143
2
0
-2
1
54
134
283
-472
0
2:3
63
-67
6
-5
8
-4
-7
5
-5
0
24
75
-96
0
-3
2:0
1
-1
2
-2
15
-15
2:0
3
-3
7
13
-19
0
-1
45
146
166
-356
13
-13
-1
0
2
0
-2
2:0
6
-5
0
-1
3:0
3
2:0
-3
1
2:0
-1
1
5
4
0
-10
0
38
-36
7
-9
0
1
16
5
-22
2:0
1
0
2
13
-16
0
12
-12
2
-2
3
1
-1
-3
1
10
-11
50
-50
2:0
6
2:-3
7
-7
2:0
1
0
-1
0
1
-1
2:0
6
52
-58
3
end
