v1
614
244
8
332
159
30
273
78
98
7
31
21
15
124
14
34
177
91
21
153
28
26
119
79
47
163
25
289
6
19
37
22
146
258
22
255
7
0
77
88
59
281
142
3
127
147
10
19
160
96
141
14
145
159
136
26
72
151
124
88
363
110
214
5
0
106
83
20
91
22
244
41
113
72
321
49
18
94
1
400
333
87
142
24
58
30
75
28
34
349
32
153
20
24
132
42
44
112
145
79
150
26
20
93
85
157
192
62
7
25
129
193
21
89
85
19
171
297
134
494
350
92
126
103
110
65
1
60
555
69
185
175
59
111
92
170
55
96
148
0
30
95
238
16
27
121
218
94
137
63
132
7
394
275
16
93
119
164
183
60
75
67
0
331
55
8
59
60
155
130
181
27
29
45
6
32
43
3
1
34
23
54
2
3
1
13
128
6
118
49
24
9
12
62
45
14
9
55
30
35
3
54
38
17
14
201
30
85
341
13
8
78
95
120
94
265
26
121
243
30
117
14
143
10
33
6
116
146
138
54
121
7
134
85
101
128
111
207
287
129
27
0
52
196
6
41
289
10
5
33
153
86
143
0
41
52
313
58
280
50
662
95
1
185
116
53
18
22
176
191
56
109
2
66
115
93
94
8
67
50
215
113
386
278
246
90
41
78
39
0
11
6
80
69
53
6
57
56
13
7
8
147
323
57
6
47
447
162
102
1
82
102
130
125
157
40
34
141
34
157
8
11
32
43
3
317
39
150
54
47
0
61
35
92
20
88
153
59
5
20
3
93
11
89
5
9
110
19
13
350
69
72
60
63
98
19
72
77
15
31401
5
22
9
43
161
33
97
1
84
88
76
8
112
15
21
8
22
932
110
8
102
68
111
71
166
18
26
30
272
1783
1246
2211
328
1205
348
322
343
3099
1376
2464
1772
1020
2324
1
3235
1500
0
1150
1553
3213
11909
13
2169
819
1797
2652
0
2
4
10
8075
2
1
3707
943
15
2457
992
1014
0
21
3125
8
9
2
5
2:0
1
4993
116361
1
3543
1
0
7741
26
47
9417
32411
0
7
3
18
4
22
4
16
39
126
73
20
53
19
17
5
54647
731
50
109
59
98
9
27
32
0
25
6
12
17
129
16
27
10
3
11
1
6
5
85
692
4
40
130
16282
0
4654
3093
10208
7980
161
2001
81
1062
582
83
436
532
2
8
6
0
1
2
8
9
22
44
14
28
10
25
19
8
32
0
37
3
1
11
32
47
4
5
1
30302
1513
8273
192
26
53
11
176
15
54
31
59
67
474
125
1
87
222
12
0
31
42
0
202
124
153
0
9
21
36
2:9
41
103
30
17
46
225
87
153
56
141
25
31
14
5
13
6
3
14
38
72
14873
10
35
2
7
28
1990
9723
1
149
1
12
116
92
18
55
65
22
97
2
2:11
23
25
28
12
116
16
1425378000
613:0
0
16
7
-14
-4
0
13
-15
48
-48
3
60
-64
17
124
-142
0
2
-3
0
42
4736
-4777
2:1
180
-183
73
187
172
-397
-27
-5
1
-2
0
9
-4
1088
-1093
18
-20
2
28
-21
1
3
31
-6
-38
6
80
-69
97
-110
402
-405
4
3
166
-172
-2
6
3
65
-72
31
-29
570
-574
25
-22
-3
4
-1
33
-35
2
-1
0
-1
0
1
5
-4
0
-1
146
-134
-11
9
61
-67
-2
-4
7
-6
20
4
-23
4
1
-2
-5
2:1
-2
3
-2
250
-242
-7
1
301
663
-858
-105
494
-433
-61
287
-279
-8
377
-367
-13
25
-23
-2
41
-41
5
115
-111
-6
-1
5
-1
1
-5
77
-77
424
-414
8
-16
2
-7
0
3
9
100
-66
17
-60
3
-3
83
-84
-2
1
-1
1
30
236
-262
-2
3
2
17
-24
43
-40
0
68
838
-908
-1
9
-8
1
0
6
-9
0
8
35
-20
-22
-1
481
-410
-15
-52
7
-5
9
-15
122
-122
8
4
13
-14
-7
47
-45
-3
198
23
-223
98
-81
-16
-1
5
-5
184
-184
2
0
1
51255
-51095
12201
-12290
-64
4
13
-18
-8
2:0
2
-2
2
8
0
-10
-1
0
6
-6
13
-12
82
-78
-2
259
-259
-4
6
10
503
-519
13
-7
35
-13
-28
44
1
-44
239
-219
-19
75
-76
1634
-1627
-3
12
-16
-1
22
2457
-2479
3776
-3742
-34
0
2
-1
30
-29
2:-1
2:1
5
2
-2
-6
1
682
-684
0
4626
-4602
116
26440
-26579
5
-5
186
-183
2:0
20
-21
306
-283
-25
1
44
-45
2
-2
19
883
-845
-31
-18
-8
-1
1
100
19066
-19159
0
2309
-2243
-68
8
21
-11
-18
1035
-1037
926
-916
-11
6
68
-66
-10
2
-1
-2
2:0
74
-8
-65
2
255
-258
29
-20
12367
-12281
-25
175
-245
2
177
-177
34
84
-119
1
190
-191
653
-642
2
-3
-10
10
34
-32
11
37
-30
-3
-28
2:0
11
104
-94
209
-229
91
-90
2:-1
117
-117
0
657
-656
1
150
-151
1
2486
-2468
-10
-5
431
-436
134
-134
7
2
39
-44
4
-7
4
-5
15
-14
44
-42
-2
0
2
-1
8
-9
-1
34855
-34849
-6
9
2:-3
3
-6
0
27
-7
297
-317
22
3558
-3572
-1
1
44
-50
768
-769
0
126
-127
7
96
-102
0
-1
63
5989
-6050
9
-9
-2
7
3
-6
12
-14
-1
23
26
-35
358
-368
8
5
-13
1
2
16
89
-103
-10
15
-9
-5
38
-16
-2
34
-28
-23
11
-8
-7
73
-16
-56
32
-24
154
-141
-20
0
-2
1
-1
83
-83
9024
-9024
25
577
-596
-4
1469
-1467
-2
-1
203
5939
-4943
-1199
23
-12
-10
18
274
-282
-9
-1
168
-166
1
26
-25
-6
30
-26
-4
2
3
36
390
-431
50
-42
-1
-4
16
4
-22
0
20
40
641
-684
219
1973
3178
-5358
-1
-27
3
-2
12
90
-100
-5
1
42
-15
-27
5
-4
7
19
-2
8
78
-110
2
42
105
-29
-122
21
337
-252
-104
24
68
58
-149
-2
25
-8
14
2019
-2027
-19
5
-9
6
4
-6
212
-180
1
2:0
1
-1
3:0
2
-2
3:0
1
0
-1
4:0
3
88
-91
2:0
1
-1
4
-3
7
2
-10
3:0
15
4
-19
3
-3
3:0
5
-5
6:0
8
-7
0
-1
8
-8
2:0
2
-2
0
1
2:0
-1
2:0
1
-1
2
-2
0
1
-1
4
-3
-1
6:0
1
-1
0
10
-8
-2
2
0
-2
1
-1
2
-2
3
-2
-1
2:0
2
-2
5:0
3
-2
0
-1
2:0
2
-2
4
0
-4
16
-15
-1
6
-6
7:0
1
-1
0
1
-1
2:0
1
4
-5
1
0
-1
0
1
-1
0
1
-1
16
-10
-6
2:1
-2
6:0
1
38
-39
2:0
1
4
-4
2
-1
-2
13
-7
-6
0
2
-1
3
-4
1
-1
2:0
8
6
-14
0
22
-22
2
-2
2
-2
3
-3
9
-9
2:0
1
0
-1
10
-10
2:0
25
-24
3
0
-4
3:0
30
-30
2:0
2
822
-823
47
-45
-3
2
-2
2
2:-1
2:1
-2
0
3
-2
-1
4:0
4
-4
7
-6
1
28
-28
-2
4
0
12
-16
0
2:1
-2
2:0
5
-5
39
-39
1
4
-5
39
-38
0
1
-2
2:0
200
-199
81
-79
-3
3:0
1
-1
5:0
1
2
-3
0
31
-31
0
20
-14
-4
260
-262
1
-1
27
-27
2:0
3
-3
5
-5
2:0
10
-10
2:0
1
43
-16
-23
-4
-1
2:0
7
343
-346
0
54
-57
0
-1
5
-2
-3
76
-73
173
-175
1
0
28
-29
-1
1
-1
2:0
2
3
-2
-3
1
26
-26
22
-23
76
-63
-8
-5
2
-1
4
-5
1
20
-21
0
21
-21
67
-66
3
-3
-1
0
7
-5
0
4
6
2:-6
2:0
1
0
5
1
-7
11
-11
2:0
15
-15
4:0
12
-12
0
34
-34
2:0
40
-40
9
-9
2
0
6
-7
0
-1
1
-1
1
2:0
-1
3:0
1
2
-3
0
151
-151
2:0
2
-2
3
-2
-1
10
-1
-8
-1
3
427
-430
0
2
2:-1
9
-9
0
7
-7
2:1
-2
2:0
4
145
-149
2
-2
4
-3
2
1
-1
-3
0
4
-2
4
119
-125
7
-7
2:0
3
5
11
-19
0
1
-1
0
1
5
0
-3
2
-5
1
-1
0
10
-8
-2
8
-5
0
-3
5:0
4
-2
13
-15
1
7
-8
0
45
-44
1
0
30
130
76
-237
1
-2
0
2
37
-37
0
-2
16
-16
0
8
-6
-1
3
-4
2:0
1
12
42
-55
4:0
14
-1
-12
-1
2
1
6
-9
34
30
91
-152
4
-6
-1
6:0
1
3
-4
2
-2
2:2
-4
6
-1
-5
0
15
-10
5
-10
1
17
-8
-9
2
6
9
-14
-4
8
-8
17
10
-22
-5
3
-2
1
-2
1
4
-3
end
