v1
785
55
155
343
31
159
30
351
0
105
3
49
139
14
25
9
8
124
246
118
119
4
310
3
234
39
74
1
7
0
15
146
225
149
161
7
77
29
59
340
199
60
13
104
36
234
358
159
32
130
72
132
323
271
177
152
96
204
22
118
76
91
113
156
36
130
138
235
43
10
106
16
85
28
346
2
23
54
102
9
22
191
34
277
249
8
7
13
67
96
35
44
112
82
63
79
48
9
29
141
62
91
151
45
339
31
160
33
79
31
255
20
131
17
171
112
153
312
29
442
0
126
160
20
33
69
57
31
335
10
103
93
85
216
42
128
7
104
300
17
369
1
93
38
81
4
21
16
27
339
17
77
64
0
191
77
7
394
275
16
212
337
70
242
214
80
34
25
345
116
65
27
24
5
38
7
9
29
38
5
12
7
4
92
2
3
14
87
46
1
103
15
44
38
66
8
14
26
5
14
64
30
35
95
17
127
76
42
38
220
189
78
95
120
94
412
243
99
205
10
33
6
220
180
54
121
141
85
101
41
198
58
0
3
102
49
136
102
44
129
79
202
17
124
189
10
5
18
15
66
87
8
221
41
106
203
172
40
7
52
7
116
9
41
758
199
16
86
35
7
29
12
10
312
55
50
115
2
24
213
37
94
75
50
980
258
33
176
50
6
80
128
29
84
3
10
7
8
147
323
94
2
14
534
77
36
45
20
82
102
415
37
75
100
70
121
8
11
32
80
64
219
189
54
47
53
8
35
200
153
59
5
23
109
0
5
79
3
2
151
106
312
0
39
2
53
39
63
155
34
92
31401
5
22
9
82
208
14
30
85
88
69
15
112
2:18
8
22
1015
35
102
151
28
71
46
120
15
3
47
287
1777
1246
2211
2
326
1553
665
2408
0
2067
10816
2650
4766
2526
9396
2988
4449
0
2
14
8068
9
1
2811
14
882
943
15
2466
983
4161
7
9
2
6
1427
119927
1
3544
1735
6006
73
9417
32418
3
22
42
125
2
17
94
20
53
4
15
17
5
81
6
7168
47392
731
33
52
54
79
105
2
1
26
18
39
6
12
17
38
8
96
3
27
10
2
1
8
2
2:1
6
7
83
728
71
69
16280
2357
2297
3093
1178
3878
5152
7980
813
247
1183
454
608
665
436
532
2
1
0
8
16
28
3
44
14
28
10
44
40
9
28
3
1
43
25
0
22
4
5
1
30302
9978
26
64
176
69
7
113
280
235
121
1
46
132
174
42
202
139
136
2
9
24
33
2:9
41
103
30
17
13
23
2
8
39
186
87
153
197
25
31
2:19
3
14
15
0
22
1
72
13
14905
2
7
28
1977
13
9722
2:1
102
48
12
116
18
10
7
29
28
11
62
35
30
22
59
0
9
29
2
22
1
47
28
12
93
23
16
49
0
-487732
115
416
412
188
125
0
76
1556
164
666
467
118
426
12
44
32
128
144
22
290
201
122
63
362
161
0
1
952
540
1574
63
703
579
744
1353
208
2604
50
64
219
237
35
132
634
20
2
289
9
185
64
8
193
19
90
24
64
156
100
18
35
19
69
77
259
114
220
320
197
300
553
154
340
553
19
315
102
626
606
495
382
35
667
1967
452
426
240
162
2:19
67
321
723
63
384
362
552
247
623
181
92
0
107
144
451
69
72
144
245
31495
254
38
153
95
22
1108
42
234
299
123
2960
2236
2161
11755
2093
6346
8206
1620
4874
2605
1255
489
3530
8054
12308
7
124916
7819
40809
1045
24
4
181
203
36035
19377
109
157
54
34
182
801
22
14
169
47171
5
26
5
66
71
25
3
1
31987
8890
67
1220
264
40
229
26
35
331
292
0
14969
110
120
11990
52
53
69
220
77
1425540600
599:0
1
184:0
26
-24
19
-19
24
-18
29
0
-25
-6
12
-13
-1
3
254
-237
-15
-6
0
5361
-5360
105
-101
19
-22
-3
1609
-1608
1
50
-44
12
151
-147
-11
-12
23
1021
-1032
-8
-3
41
-43
1
7
79
-16
-60
-6
59
-63
301
-84
-192
21
124
-166
46
-36
-5
4
-14
5
21
-18
224
-220
-11
-1
8
21
4
11
-30
-9
3
-5
1022
-1006
12
-28
95
-83
67
-28
-51
62
43
-98
-10
4
-4
13
31
-3
2:-19
5
-3
-2
1
3
-7
3
97
-96
6
-4
22
-25
14
-17
1
0
27
2274
-2301
838
-708
15
-137
-5
7
57
-35
-29
34
-35
13
-14
10
-7
-3
20
-13
-1
97
-50
-55
22
-21
0
13
4
55
-73
12
-4
-5
0
4
-4
-2
1
-2
168
212
62
-437
-4
12
-12
232
-146
159
-245
-1
81
-78
-3
3
-2
358
-349
-8
4
165
-170
6
1037
-1040
-1
20
-2
44
-38
-25
-2
54
-54
45
-39
9941
-9917
16
-46
33
-27
13
-2
11
73
-92
6
-5
-3
219
-226
20
150
-167
21
2
-12
-10
84
-69
-7
64543
-64416
5640
-5774
4
37
-25
66
-80
24
113
-144
2:1
15
-9
-5
-1
8
97
-103
-4
4
46
-33
18
-26
-9
27
139
-146
-11
-9
85
165
-246
4
5
-6
-3
2
-5
79
-46
-1
37
-67
72
188
-263
0
24
-11
-7
-2
1587
-1590
10
135
-137
-9
2
2716
-1013
-1627
-75
62
-40
-14
7
13
-8
611
-631
-2
-1
574
-552
22
11909
-11952
7
-8
147
-146
1
569
-562
18
-26
91
-87
50
-54
46
-27
13
715
-682
-38
13
-37
-3
93
17885
-17971
-7
1969
-1966
443
-408
-27
2251
-1189
-1068
0
-3
18
-16
227
-221
-10
128
2
-126
2
-6
11
-2
15
824
-809
-39
3063
-2615
-432
-13
-1
10
114
-85
77
-119
32
76
-104
792
-787
33
-29
-11
39
-28
5
-8
-10
118
-99
385
-184
-217
1
139
2:-71
523
-496
-27
5
0
161
433
-369
-227
1
1470
-1409
-61
3
38
-45
2
12
6
-12
125
-130
1
100
-77
-28
80
-77
24
28286
-28292
1
32
-36
54
-72
422
-365
3718
-3770
13
228
6356
-6599
15
434
-377
-72
5
4
-9
319
3935
-4206
-50
0
9
-6
-4
7
-5
2
-3
1
14
9
-24
52
-26
-17
934
-940
-4
0
83
-55
-19
-6
0
-3
2
19
-1
26
-20
-15
-10
0
147
-134
-14
8
34
-42
14
-5
41
-27
-17
34
-36
50
-15
-32
34
-15
-20
0
-4
44
-43
364
-366
1
1235
-1213
7447
-7461
-9
939
3204
-150
-3988
-4
-1
60
-44
3
816
-830
354
-189
-145
-19
25
8
-38
3
58
166
379
-606
3
27
-14
-15
23
-1
162
293
-477
134
2307
46
-2480
40
-44
-3
14
5856
-5849
-23
48
-24
-17
-3
37
188
-208
-14
4
63
-33
-41
1
6228
-6171
4025
-4074
71
-31
60
-103
-3
61
-63
401
-190
-105
-13
930
-812
-203
32
-38
1672
-1675
38
-12
-11
31
96
-141
2:-1
849
-677
-76
-81
-9
0
-1
22
26
630
-649
1
-36
-1
0
1
0
1
-2
2:0
2:1
-2
1
-1
2:0
1
-1
6:0
1
2:0
1
-1
0
-1
1
2:0
1
-1
0
1
0
-2
2:0
2
0
-1
1
-2
2:0
1
-1
2
-1
0
1
-1
0
-1
0
1
-1
0
2
-2
1
-1
1
0
-1
1
-1
1
-1
1
-1
1
0
-1
1
-1
1
-1
2:0
2
-1
0
-1
0
2
0
-1
4:0
-1
1
-1
2:0
1
0
-1
2:0
2
0
-2
2
2:-1
0
1
0
1
-2
3:0
2:1
-2
0
1
0
-1
2:0
1
5:0
-1
2
-1
1
-2
1
0
1
0
-2
0
2
-1
0
-1
1
-1
1
-1
0
2
0
2:-1
0
1
0
1
-2
2:0
1
0
-1
1
-1
2:0
2
2:-1
0
1
0
1
-1
1
2:-1
0
2
0
-1
0
1
-1
2
0
2:-1
2
2:-1
0
5
-5
3:0
103
-103
1
-1
3:0
14
-14
0
7
-6
-1
1
0
9
-10
0
8
-7
-1
0
8
-8
1
-1
7
-7
1
-1
6
-6
1
3
-1
0
-3
2
-1
1
-2
5
-5
3:0
5
-4
-1
3:0
5
-5
2:0
1
-1
3
-3
3
-3
7
-5
-2
6
-6
1
-1
0
2:1
-2
0
6
-4
2:-1
2:0
1
-1
3:0
2
-2
4
-4
3
-3
3
-3
2:0
5
-5
0
6
1
0
-6
0
-1
10
-7
-2
-1
0
1
-1
2:0
2:1
0
2:-1
2:0
1
-1
3:0
1
-1
1
0
-1
3
-2
2:0
-1
0
15
9
-4
-19
-1
2:0
5
-5
47
-47
0
5
-5
0
1
-1
7
-7
2
-2
23
-23
3
3:-1
8
2:-3
2:-1
0
11
-11
22
-22
34
-34
5
-5
1
2:0
2
-2
9
-9
8
-9
0
14
-14
0
29
-27
2
-1
-2
-1
26
-26
7
1270
-1276
58
-59
3
0
1
-1
0
-2
-1
3:0
4
-4
2:0
1
8
-9
0
3
-2
-1
9
-8
-1
1
17
-18
4
-4
9
5
-14
3
-3
1
2
-3
0
4
-4
2
13
-15
0
26
-26
0
2
1
-3
3
42
-44
-1
8
-8
0
1
223
-163
-48
-12
1
2
-2
0
3
-1
24
-28
2:0
24
-17
-6
239
-236
-4
0
27
-27
0
3
-2
2
-3
10
-10
9
-9
4
-2
0
68
-39
-25
-4
-2
1
12
385
-395
-3
84
-82
10
2:-4
103
109
-216
2:0
3
-3
69
-67
2:-1
2:0
2
-2
4
-4
5
52
-43
-14
102
-86
-11
-5
2
0
17
-17
31
-33
1
19
-20
127
-124
2
-5
0
6
-6
5
-2
-3
19
-19
4
-1
-3
1
2
7
-10
19
-8
-11
2:0
11
22
3
-36
0
110
-105
2
0
9
-16
0
1
0
-1
2
0
-1
0
6
-7
0
1
2
151
-150
1
3
-4
4
-8
0
6
377
-378
-4
14
-3
-12
2:0
5
-5
2
-1
0
5
154
-157
-3
2
-2
2
-2
2:0
2
-1
2
-2
0
1
5
-3
2
134
-140
2:0
23
-20
0
-3
1
-1
1
9
-5
19
-21
-2
-1
0
23
-18
-5
1
3
-4
0
3
2
-5
1
11
-12
3
4
-7
5
2:-2
0
-1
8
-7
12
-13
0
20
-18
218
-215
-5
77
187
191
-454
-1
0
3
1
0
125
-126
15
-13
0
1
0
-4
-1
0
-1
16
121
-136
-1
8
3
-10
-1
0
14
6
-20
40
142
-45
-136
19
-18
-2
0
1
3
-3
3:0
-1
0
7
-5
2
-2
1
4
-7
0
1
4
17
-21
12
-12
17
-16
-2
3
-2
12
7
-20
2
34
-14
-22
2
-2
3
2:0
4
-6
-1
41
-41
2:0
21
-17
4
-7
2:1
-2
0
5
16
-22
22:0
3
-3
15:0
1
-1
5:0
2
-2
3:0
1
-1
37:0
1
-1
0
1
-1
12:0
2
-2
21:0
2
-2
1
3
-4
2:0
2:1
-2
7:0
3
-2
1
-2
3:0
1
-1
1
-1
2
-2
24:0
2
-2
end
