v1
780
199
1030
52
15
172
615
314
295
56
22
28
492
333
612
732
74
247
72
455
448
14
47
91
106
136
198
167
313
355
400
399
187
225
1053
79
289
180
443
34
193
110
275
431
273
221
388
54
339
126
31
778
106
128
7
84
20
135
88
39
424
452
26
236
339
325
69
275
94
1077
641
45
6
32
43
19
49
200
118
82
74
188
95
262
447
173
120
225
524
314
33
6
116
146
192
121
141
227
259
433
156
285
110
189
10
38
83
70
229
41
528
175
9
799
301
93
367
56
111
181
93
94
75
50
930
54
254
345
128
19
107
15
147
433
712
184
360
92
175
191
8
11
106
38
440
54
108
127
108
153
64
23
196
2
682
20
63
189
92
31406
22
9
334
85
88
196
36
8
22
1152
151
99
166
18
47
3310
2211
328
1553
5140
10816
2650
9758
1620
5307
3
2988
436
4013
2
4
10913
882
958
2466
5144
18
5
124900
7741
73
9417
32421
18
4
42
238
77
32
5
55463
231
93
19
16
145
27
24
1
6
5
2
779
172
16280
4654
3093
19001
1430
1062
665
436
532
5
22
31
58
28
34
20
77
3
1
90
9
1
30302
9978
26
64
176
43
26
756
1
352
42
202
277
9
57
2:9
41
103
30
55
8
225
87
116
259
69
3
29
22
1
72
14918
2
7
2018
9723
1
150
12
116
28
62
20
55
65
22
5
92
23
1
181
23
16
49
-488924
46
84
188
62
17
159
10
15
287
379
60
211
113
92
299
500
2
44
85
95
496
27
91
15
23
364
182
689
275
29
124
88
68
92
10
128
245
205
22
12
27
20
29
408
133
0
86
158
308
306
63
6
25
30
115
13
221
67
348
244
66
350
35
109
124
24
20
156
86
112
82
199
29
7
103
178
157
45
147
49
141
230
256
105
358
294
0
180
262
63
356
479
236
28
16
237
516
11
287
30
244
127
32
179
111
48
235
44
97
268
692
157
55
164
94
79
0
241
71
0
110
68
175
45
5
170
2
101
22
175
6
26
0
1
41
16
67
13
15
8
22
8
3
22
1
8
46
2
23
81
30
13
3
14
90
88
8
13
41
25
36
0
19
14
50
2:30
8
54
55
14
59
54
229
92
16
220
86
600
35
96
537
269
180
67
143
12
179
27
74
131
25
26
264
5
97
141
29
223
181
21
259
117
69
68
212
361
24
114
237
50
43
662
288
16
135
41
205
222
112
3
26
42
6
132
172
85
79
118
18
499
38
197
44
19
143
40
108
57
132
12
31
80
53
37
95
76
114
81
2
115
58
108
59
0
37
24
324
113
63
99
2
36
45
616
3
130
152
63
109
43
26
17
277
19
3
29
22
14
142
61
2
65
29
112
52
166
82
25
72
30
5
89
156
99
7
194
50
0
26
27
16
85
38
93
119
15
101
10
46
31385
260
51
68
130
95
8
1
168
941
54
56
8
30
50
90
111
252
29
30
2055
0
3459
8782
701
21550
4315
3997
2613
1267
1401
8075
2
4651
34
2921
509
2
1054
3104
8
17
2
1425
3523
531
115873
1
3543
46004
3616
76
5
7
59
75
40
74
19
53
122
35970
19377
89
20
164
2
27
3
15
0
22
23
12
146
53
3
108
643
29
20
98
15
3508
9355
12405
9030
7980
1060
1105
0
906
45
133
1646
47
2:6
1
19
5
13
1
47
5
45
19
0
10
22
4
31
6
3
66
9
38
40754
511
172
240
10
81
94
174
86
89
64
19
26
250
24
30
0
524
80
19
13
25
2:18
1
13
23
14840
3
202
20
4
11708
104
7
40
51
18
114
38
11
4
93
151
43
21
20
38
28
3
7
84
1425808800
299:0
1
479:0
32
-14
0
82
-76
4089
-4050
207
4166
-4355
11
215
512
-694
-22
-25
-58
10
-12
3
13
-16
15
-7
-8
1
6
178
544
-709
-13
341
293
-625
-9
-2
39
161
-86
-109
3
104
-14
12591
-12614
-75
197
279
-465
-4
2:70
-151
133
-123
283
-289
158
-165
60
-26
-27
1
178
-181
414
-380
340
67
-393
-37
-12
393
435
-832
1
78
-53
1130
-1153
485
-477
99
164
-102
22
-117
936
89172
-89770
9477
-9796
-82
13
1
-11
129
-124
311
-257
-71
-1
31
-35
520
-212
-290
4
241
738
-947
-49
63
198
202
1673
-2140
213
-129
-82
5758
518
-6258
-17
154
-94
-65
484
-481
525
-469
47652
-46940
-752
70
89
-115
-4
-51
2161
-2107
-59
1
167
49853
-48460
-1558
14
-7
2101
64
-2156
198
-210
4
-10
1180
-1165
1998
-1619
-341
284
-336
174
-51
1185
-1296
14
-21
-6
35
-10
6
-5
77
-53
250
-207
174
519
415
-1147
-42
20
973
-908
35
-126
51
-33
163
-164
210
-222
-10
38646
-38648
85
290
-354
3710
-3646
37
65
-184
50
554
-590
4467
-4479
58
-61
192
751
-934
9
-21
9
51
369
-404
-16
-6
3
22
-14
7
19
-11
986
-1013
26
-29
72
10931
-10998
938
-938
4337
-4145
4452
-530
-4081
-28
1345
-1354
85
-49
-26
21
71
242
-166
461
-640
36
17
50
745
-602
1618
4739
-6603
19
49
-67
11
16
163
-65
-116
29
-34
-1
3391
-3243
-130
49
16
74
-141
195
-91
-101
597
-454
-137
-19
17
7
12
101
-90
-26
-27
54
-54
20
783
-757
-62
-2
7
-9
12
-8
7
-6
-5
7
-1
-4
-2
3
-3
9
2:-4
6
-4
-2
2
5
-1
4
-11
1
10
-9
10
-9
-2
0
6
-7
0
2
1
-1
-2
1
2:0
1
5
2:0
-5
-2
0
7
-5
-1
13
-13
6
-5
8
-9
2:0
1
-2
6
-6
1
4
8
-8
4
-7
2
1
-5
1
6
-7
4
-4
0
1
2:0
4
-4
5
-6
0
2
-2
1
9
-7
6
2:-4
13
-13
2:0
3
-2
8
-4
-5
2
-3
3
5
-2
-4
9
-5
2
-6
-2
7
1
-3
3
-1
-7
11
-7
-4
5
-4
-1
0
8
-8
8
-8
0
7
-6
8
-8
1
10
-3
-4
0
2:-1
2
0
-2
2
-4
2:1
2
-4
0
3
1
-1
0
8
-11
7
-2
1
3
4
-10
-3
6
2
-3
-5
2:0
2
0
-2
5
0
-5
1
2:-1
1
12
-12
1
2:-1
0
12
-10
0
1
3
0
-2
4
-8
2
4
-5
0
10
-10
0
1
-1
2
-3
2:2
0
-4
6
5
-8
1
-4
1
3
9
-5
-2
-6
0
1
2
-1
1
-3
0
4
2:0
-1
-3
0
10
-7
-3
4
-3
14
-13
0
-1
2:0
-1
5
-4
0
9
-10
0
10
-4
-5
0
2:2
10
0
-12
1
4
-8
10
-7
11
-13
0
11
-4
-7
2
-2
-1
3
-3
8
-8
10
1
-6
-5
9
-1
-3
-2
2
-3
7
-5
10
2:-6
-2
4:0
3
2
0
-5
4
0
-4
0
3:1
-2
10
-2
-1
2:-4
12
-6
-4
0
-2
3
12
-9
-6
0
14
-14
1
5
-6
2:2
-3
1
2:-1
0
1
4
6
-5
-3
-2
2:0
4
-2
10
-6
1
-5
0
7
-3
0
-5
2:-1
10
-6
0
-2
1
-3
3
-1
6
-8
1
6
4
-4
7
-9
4
-7
-2
15
-3
2
-13
4
8
-5
-4
1
-1
-3
1
-2
2
9
-11
10
2
-11
0
-1
6
-3
4
-6
0
-1
3:0
3
10
-12
0
10
-11
2
-1
0
5
-3
-2
2
-2
5
-5
5
-6
5
-3
1
-1
0
5
-7
1
3
-1
-2
-1
2
6
-2
-5
0
3
-2
2:4
-7
4
3
-7
4
-5
1
-3
2
4
-5
3
-2
1
0
2
7
-7
-2
-1
8
-6
3
-2
4
-9
7
2:-3
2:1
0
-1
2
91
-91
4
2
3
-9
-2
7
12
-9
-10
2
4
-3
-2
-1
2:0
2
-1
0
2
-3
3
2
-1
-3
22
-20
-3
1
-1
0
2
0
4
-2
2:-1
3
-5
18
-4
-12
-2
0
2
-2
3
-3
1
-1
0
2
-1
0
-1
2
3
-5
23
-15
-8
42
-34
-2
-6
30
-26
-3
0
13
3
44
-58
6
-6
5
20
-17
-4
-5
49
1233
-1284
77
-67
-9
5
1
-5
-1
11
-6
-5
2
-3
8
-7
30
-31
8
-1
5
-12
4
-3
5
26
-22
22
-30
10
-7
-5
497
-398
-96
-3
0
5
-2
27
-24
20
-25
362
-335
-27
10
-10
20
-16
-4
72
-31
-41
-1
18
452
-398
-71
8
-5
97
282
-382
65
-66
6
-1
59
-51
69
-61
-16
27
-30
28
6
117
-149
0
-1
-3
12
2
-10
-4
3
11
8
2
-12
13
18
-40
0
-3
88
-81
-3
6
13
-22
1
5
-3
4
-7
134
-134
10
-11
7
307
-307
-6
13
-10
-2
2
-1
161
-160
0
10
-14
182
-170
-10
3
1
17
-15
-8
0
22
-15
-3
2
-6
10
-5
1
-4
7
-7
9
8
-19
13
-11
140
-83
128
287
-472
6
59
-65
6
-6
10
-5
-7
4
18
79
-98
17
-17
3
15
28
131
200
-379
10
-10
3
-3
0
1
-2
2
-1
2:0
2:5
-2
27
-34
9
-10
17
3
-18
13
-4
-10
2
-3
6
-7
53
-53
7
-7
6
-6
6
49
-52
-3
1
-1
3:0
1
-1
2:0
1
0
-1
9:0
23
-23
1
-1
13:0
1
-1
2:0
1
-1
1
0
-1
2:0
1
-1
0
2
-2
13:0
1
2
-3
1
-1
2:0
1
-1
2
-2
12:0
1
-1
0
4
-4
2:0
1
-1
0
1
-1
6:0
2
2:-1
1
0
-1
14:0
1
-1
4
-4
0
1
-1
5:0
1
-1
1
-1
0
2
4
-4
-2
0
2
-2
3:0
1
-1
5:0
1
-1
2:1
-2
2
-1
1
-2
6:0
1
-1
0
1
2
-3
2
-2
2
-2
1
-1
1
-1
3:0
1
-1
3:0
1
0
-1
5:0
1
-1
2:0
2
-2
3:0
1
-1
1
-1
3
-1
-2
9:0
2
-2
1
-1
0
4
-4
0
1
-1
3
-3
1
2:0
-1
0
2
-2
0
6
-6
6:0
1
-1
2:1
-2
1
-1
2:0
9
-8
-1
0
1
-1
2
-2
3:0
3
-3
1
0
-1
2:0
3
-2
-1
0
5
2:-2
-1
2
-2
4:0
2
-1
0
-1
0
2
-2
1
-1
2:0
3
-3
0
4
-3
0
-1
1
0
-1
4:0
1
-1
2:0
1
2:0
-1
0
1
-1
5:0
4
2:-2
4:0
4
-3
1
-2
3:0
10
-9
2:0
-1
0
1
-1
6:0
1
-1
2:1
4
-6
6
-5
1
-2
0
1
0
3
-4
1
2:0
5
-6
1
-1
2:0
1
0
-1
2:1
-2
2:0
1
-1
5:0
2
-2
0
2
-2
7:0
2
-2
1
-1
4:0
3
-3
1
-1
4:0
2:1
-2
2:0
6
0
-6
3:0
3
-2
-1
1
0
-1
0
1
-1
0
1
0
-1
0
1
-1
0
1
2
-1
-2
0
2
-2
0
1
-1
1
-1
2:0
end
