v1
1082
164
43
3
87
2:20
39
127
50
70
120
298
14
69
98
7
41
11
15
23
77
24
14
24
1
9
26
30
22
159
52
12
141
8
46
84
18
17
51
28
115
34
86
18
44
148
27
1
38
13
6
19
1
3
0
33
7
14
1
17
11
118
63
14
144
14
121
65
38
37
22
11
6
3
4
17
60
29
53
6
59
170
95
4
12
142
130
45
13
46
36
7
10
39
70
166
15
9
3
114
2:7
145
89
70
32
28
20
37
19
26
72
132
104
132
31
56
160
65
46
22
12
47
20
9
67
99
53
75
31
83
1
110
22
27
16
75
126
41
34
53
57
16
18
7
25
148
99
78
36
2
70
8
17
140
4
5
34
61
16
39
68
11
7
9
2
4
28
17
107
181
66
21
33
32
67
3
7
24
21
25
5
7
30
118
19
48
229
4
66
2
32
36
4
113
6
14
24
124
8
7
5
74
112
82
63
127
9
124
15
78
15
67
18
146
11
45
30
69
48
19
44
18
65
9
24
44
55
83
22
33
4
27
48
31
68
36
46
24
101
259
31
2
30
71
38
2:45
27
36
228
62
51
344
4
40
54
126
21
139
53
64
1
4
10
4
43
31
125
59
30
131
10
18
154
92
42
117
64
42
67
61
7
104
39
43
6
27
2
18
60
28
37
2
55
30
47
76
7
64
50
95
20
2:4
66
14
130
5
11
27
7
21
93
50
185
77
4
17
43
30
14
147
77
7
53
65
153
17
37
69
106
52
117
16
15
19
123
55
10
281
46
31
114
167
44
73
169
8
59
45
30
140
5
2
101
15
7
181
27
13
16
12
16
7
10
6
17
2
13
12
13
18
27
11
2:3
1
10
6
7
1
46
2
3
14
6
1
59
11
33
7
13
3
1
2
11
91
14
61
12
9
12
41
0
9
12
40
5
2:14
21
29
3
27
1
4
2:15
3
35
3
16
38
17
14
68
45
109
9
74
11
91
95
155
20
1
46
32
95
102
18
94
44
87
160
35
219
45
65
28
0
70
206
10
6
27
6
116
77
27
55
25
30
70
54
121
13
128
85
101
41
59
28
3
108
58
3
20
126
5
97
87
83
15
18
62
49
27
254
17
14
299
10
5
18
13
2
66
17
52
18
229
41
309
114
43
42
8
12
22
153
9
41
12
257
393
96
15
184
102
71
12
10
176
19
57
60
55
50
6
109
2
24
55
102
37
56
94
75
18
32
36
11
136
140
154
8
158
12
77
229
19
11
1
17
229
4
2:29
9
138
10
29
11
6
27
11
6
2
4
30
53
37
38
19
38
69
2
5
8
106
41
40
187
96
57
5
4
44
207
127
275
2
36
45
20
182
2
64
251
41
4
52
40
175
70
121
8
11
32
43
21
2:2
3:6
32
76
23
168
29
38
100
54
44
2:3
47
3
6
2
35
20
34
6
32
20
52
36
153
59
5
20
3
104
52
19
18
3
2
9
24
118
54
80
166
103
16
40
32
9
4
8
2
17
20
26
20
17
21
17
8
52
0
42
15
34
77
15
31
31370
5
6
16
9
12
31
95
0
66
83
3
2
12
30
85
65
4
19
76
0
8
33
79
29
7
8
22
986
56
8
80
22
68
111
71
43
3
15
43
4
58
15
3
47
287
1777
905
341
1897
314
325
3
1539
14
3764
1376
7580
3236
1500
1150
4323
443
3406
1583
3
790
830
4874
436
2169
819
436
489
872
432
835
1385
2
4
10
8046
22
1
6
2:1
5
2821
882
943
15
19
2447
2026
13
3104
1
7
1
8
2:2
4
2
1425
3523
530
11418
8312
96144
3544
1
7716
25
73
4
9413
28772
2624
1015
1
29
2
21
5
7
3
6
50
32
8
21
16
17
21
73
1
19
21
9
23
4
15
17
5
16
54631
687
44
50
89
20
59
32
1
65
7
2
1
26
3
15
22
1
0
11
4
1
6
12
17
36
27
66
16
4
23
10
3:1
3
5
2
2:1
6
5
2
83
643
29
133
50
13
3445
4382
8453
2923
1731
3093
4413
5795
3251
8
4721
813
247
1183
458
370
45
2
86
45
10
46
665
436
532
2
3:1
4
2:1
16
9
19
3
39
5
14
28
8
2
25
10
9
1
7
1
13
18
3:3
27
1
3
1
43
47
4
5
1
30302
1513
8264
9
25
167
26
64
9
167
69
31
89
0
280
231
125
1
46
36
0
5
209
13
12
31
25
17
77
15
19
51
40
24
25
86
50
92
9
24
33
2:9
41
30
73
30
17
5
4
22
7
8
9
2
7
21
249
24
153
178
19
25
13
18
14
5
13
6
3
14
15
22
1
30
42
13
14706
14
67
16
1
56
45
2
7
28
4
1973
13
9722
2:1
102
3
4
16
23
2
12
54
48
14
2
16
12
0
24
1
3
6
26
2
11
4
58
35
11
41
5
92
2
4
7
10
2:1
22
25
14
0
8
0
6
2:12
81
23
16
41
8
50
1425945000
1081:0
1
2
-2
5
-5
18
-16
23
-20
-4
97
-97
0
11
-11
15
67
-29
-51
-3
2
49
-36
-8
-4
54
-46
610
-604
-4
-9
5
8
-15
2
12
200
9149
-9335
-27
-2
-1
97
-91
-6
13
4
6
-14
4
326
-333
5
-11
0
1745
-1740
-4
53
-52
35
-23
-14
2:1
-1
0
-1
0
16
-12
-2
27
-28
3
-4
40
-34
-5
1274
-1267
-8
16
-10
4
-9
205
-206
0
1
3
-2
54
-44
-8
8
-3
-10
3
-3
39
-37
84
-85
17
-10
-4
2
-3
7
12
78
-97
-3
361
-361
7
61
-60
238
-243
8
29
-39
-1
9
-4
2
4
8
-14
-5
38
-15
-17
-6
14
-12
51
-51
-2
1
159
504
-657
-2
-4
3
-4
8
172
-177
0
28
-26
-4
0
5
2
-7
65
-62
0
-3
18
-18
3
-1
6
-7
1
17
-2
68
-84
2
16
-19
891
-874
29
-38
-5
-2
25
132
-151
1
-1
-5
15
-14
3
23
116
-140
298
-299
7
-12
14
-9
19
-24
24
47
-66
847
-850
5
-6
41
-35
-1
2
63
-42
-16
14
-25
6
22
-29
3:1
40
-39
13
-13
32
-33
13
-14
102
-104
7
2:-1
1080
-1082
-3
56
-54
-1
518
-518
15
-11
-2
-4
28
2056
-2084
331
-284
271
-317
587
-586
98
-100
7
19
-23
-1
63
56
-121
2
-1
29
-26
45
-43
-6
47
-29
-12
87
-91
12
144
-150
5
12
-24
1
11
-5
-2
-3
0
16
-8
13
-21
-2
6
-4
10
30
-39
-3
2:3
-7
0
5
19
52
-69
-4
-1
1
25
-4
-24
2
48
-49
5
-3
5
347
-355
8
-5
-1
3
1017
-1016
-6
563
-449
-108
-5
1
4
-3
-2
9
12
-18
235
-237
5
15
476
-489
-5
-2
7
-2
2
-7
18
25
-16
-12
-16
62
214
-275
1
46
-41
-8
2
1644
-1645
14
196
-210
42
-36
-4
21
-21
5
-2
9
20
-13
0
-17
-5
10
-8
1
24
-27
38
-29
217
-226
103
-88
60
-74
1
1621
-1600
-22
0
2
198
-197
-1
56
-53
-3
136
1472
-1525
-86
28
-26
218
-210
220
-217
-9
28
-6
-14
-3
14
-21
382
-376
-2
-3
52
-46
-1
109
-110
5
117
-127
354
-353
-3
119
-20
-60
143
-178
284
-286
-2
4
20
109745
-109767
18
6217
-6089
-145
3
-6
2
-1
16
28
68
-113
146
-83
-16
66
-103
38
-37
-9
-1
154
-149
29
-34
5
-6
2
151
-150
3
2
0
-6
23
39
-6
-4
15
-60
5
632
-639
154
-150
15
104
468
-595
2
0
-5
8
-2
-5
111
-85
-8
-18
0
12
43
-56
1
288
-287
15
2:-8
-1
8
18
2695
-2718
164
-118
21
-70
0
4
-2
1
15809
-12896
-2907
146
-155
6
-4
-1
2:1
2
0
-2
5
-1
28
-22
-12
81
79
-139
-7
-14
76
-57
-16
13
4
-19
35
-28
-8
8
19
-25
1
1564
-1540
-27
957
-956
26
92
-115
28560
-28563
-1
17
-16
64
-45
636
-653
-4
14
2:-2
9
1
-18
361
-361
5
-5
6
-5
102
-3
401
-454
2641
2663
-5291
-59
-1
0
10
-11
2
6
1682
-1685
-4
-1
2
24
745
21767
-22538
34
-30
118
-120
8
4154
-4142
-10
-9
-2
32
13
-47
209
-162
-43
4858
-4832
5227
-5239
-14
-3
39
101
343
-451
-29
478
-481
1
32
-24
1
-10
11
-12
3
6
-8
5
80
-84
14
13
18
-40
-4
-3
4
-3
3
3194
-3196
81
-74
2934
858
-3798
196
25
13
-215
-22
1
14
-7
12
-11
-8
1922
-1875
-48
83
232
-314
0
106
-87
254
-273
1853
-1825
61
-88
-1
3
-4
75
-61
132
-129
-15
11
-12
-1
2
633
-624
44
-53
1
11
-6
280
-287
77
-73
2461
-2466
190
-184
288
-293
1211
-1210
872
-873
67
-59
9
2:-1
-7
-9
1076
-1074
80
-79
-2
1
-2
2
17
91
-108
21
-15
28
-36
4
9
3
-15
10
59
-46
15
-37
49
-51
1
5
105
-75
-33
2
46283
-46286
18
-19
100
-98
3
-5
1
15
-7
38
-40
517
-405
-118
10534
-10533
0
32
-29
-4
645
-642
-1
5
-8
3986
-3987
2
0
2
-1
1
-1
41
-44
5
-4
6
-2
15
-8
222
4596
-4821
10
-5
-12
10
839
-835
-11
-5
4
64
268
-318
-15
151
-151
18
16
-37
2
-2
4
44
211
-223
660
-693
23
-23
108
-110
25
-9
-12
-4
10
2:-4
1
45
48
-22
-36
-12
-19
-4
2151
-2154
53
-7
-42
-5
32
-29
17
27
-17
6
-32
-1
49
139
-183
127
-128
-6
-1
2:2
-4
1
51
24
-47
62
-73
-14
-1
22
-11
5
-19
66
-66
13
6743
-6750
-5
3
1907
-1910
10
-11
255
27644
-27896
23
-13
-11
53
-52
1
0
-1
625
12873
-6640
-6852
24
-18
69
1866
-1947
3
-5
8
7
391
-110
-134
-156
593
-583
2
-18
-1
23
0
305
1408
-1724
-12
2:1
9
16
-12
5
-15
80
-77
-7
49
-44
73
-76
2
6
-3
609
805
-1413
98
5682
1718
-7457
-49
98
-93
-1
9
-11
-2
114
-104
-8
1
6
48
-58
40
-40
2
5
165
-145
-16
-6
3
11
78
-46
-32
-9
38759
-38592
-166
1257
-1257
-9
37
-37
246
-234
-10
24
-27
66
-41
-26
4
170
-173
1166
-817
-340
9
-19
9
-8
219
609
-829
2
334
-336
3
-3
1
7
-2
6
-11
27
0
20
-36
91
-86
-12
495
-497
510
-484
-23
16
-21
27
504
-526
60
-65
3:0
18
-10
-6
21
192
478
-691
125
82
1
3:0
1
0
-1
3:0
4
-4
3:0
6
-6
4
-4
0
3:1
-3
0
6
-4
1
-2
-1
2:0
2
-2
2
-2
0
178
-175
-1
-2
0
2
-2
3:0
1
-1
1
13
-13
-1
2:0
30
-29
-1
19
-19
4
2:-2
1
0
-1
3:0
2
-2
0
2
-1
29
-30
3:0
11
-10
-1
0
1
-1
0
24
-24
2:0
1
-1
1
0
-1
5:0
1
-1
7
-7
0
2
0
-2
3:0
14
-14
0
1
-1
4
-4
0
8
-8
1
-1
2:0
1
-1
3
-1
2
-3
-1
2
2:-1
0
2
1
3
-6
2:0
1
0
-1
5:0
8
-8
2:0
1
-1
0
1
-1
2:0
1
-1
4:0
1
-1
2:0
3
0
-3
0
1
0
-1
5
-5
0
2
-2
1
-1
11
-11
0
1
-1
3
-3
2:0
5
-5
3
-2
-1
0
1
-1
5
-5
0
9
-8
6
-7
1
-1
4
-4
2
-1
2
-2
-1
2:0
3
-2
-1
3:0
3
-3
5:0
1
6
-7
0
1
0
15
-16
4:0
9
-9
2
-2
3:0
10
-10
2:0
16
-16
2:0
9
-9
0
3
-1
-2
3
-2
-1
2:0
2
-2
4
-4
2:0
1
-1
6
-5
0
7
-8
4:0
1
-1
0
1
-1
2:2
-4
3:0
1
2
0
-3
6:0
3
7
-10
3:0
3
-2
-1
0
6
-6
2:0
5
8
-13
2:1
-2
0
49
-48
-1
24
-23
-1
0
2:1
-2
0
1
-1
0
7
-6
0
2
57
-59
-1
3:0
1
-1
0
4
6
-3
-7
6
-5
-1
0
5
-3
-2
0
60
-60
1
8
-9
4
-4
4:0
2:1
15
-9
-2
-6
0
1
-1
2:0
2:1
0
16
-18
2
-1
36
-37
0
112
-110
-2
2:0
6
-4
0
8
-8
-2
11
-11
7
-7
1
-1
16
-12
4
-7
1
2:2
-4
-1
5
-6
16
-15
-1
1
-1
1
-1
20
-20
1
9
-10
11
-10
-1
7
-4
1
2
-6
72
-72
0
2
1
1940
-1943
2
86
-60
-28
4:0
6
-3
7
-10
7
-4
3
-5
0
2
-2
-1
0
22
-22
8
-7
0
-1
1
19
-20
0
2
-1
1
-1
6
13
-14
-1
-4
-1
70
-70
1
-1
9
2
5
-16
2
-2
0
1
0
-1
6
-4
2
-4
0
3
16
-19
0
37
-37
2:1
-2
2:0
4
49
-52
5
4
6
-16
0
1
-1
1
720
-624
-96
10
-11
1
0
-1
1
0
-1
0
3
2:-1
0
-1
0
10
-10
3
1
-4
12
-11
-1
1
7
-8
4:0
4
-4
1
36
-27
-10
40
-39
8
-5
-4
326
-326
0
6
-6
0
5
45
-50
0
4
-2
0
1
0
-2
16
-17
2:0
1
-1
37
-25
6
-15
161
-88
-68
-7
-1
5:0
1
-1
4:0
46
802
-848
6
-6
2:0
1
142
-140
-3
2:0
2:2
-4
18
-11
-4
212
-212
828
-824
-7
0
4
-2
128
-129
0
3
-4
2:0
2:1
-2
2
-2
3
-2
-1
1
5
-6
0
10
-10
2:0
3
0
-3
0
126
-126
29
-27
2
191
-194
15
-6
-10
4
-4
0
4
-4
5
-4
0
60
-55
-6
0
81
-80
0
21
-22
42
-42
270
-264
10
-16
3:0
8
-6
4
5
-11
2
-2
2:0
48
-48
8
-8
0
2
0
3
-5
19
-18
45
-46
32
-31
31
-32
53
-53
72
-72
3
-2
0
5
-5
0
-1
143
-143
8
-8
2
2:-1
0
11
40
-51
2
-2
1
-1
2:0
5
-5
2:4
-8
1
-1
12
-12
0
4
-1
1
-3
1
227
-229
3
-3
8
-7
-1
2:0
12
-5
5
-11
0
12
-11
788
-790
3:0
2
14
-16
2:1
-2
14
-14
5:0
2
1
-3
3:0
1
2
5
3
215
-223
-1
-2
0
1
5
-2
-3
-1
0
16
-14
7
-9
3
-2
7
-8
4:0
17
-13
7
263
-274
2:0
31
-31
2:2
-4
0
6
-5
-1
2
13
-1
23
-28
-9
0
9
-2
-7
1
40
-39
-2
5
-5
4
2:-2
4
-4
0
9
-5
-1
14
-17
5:0
1
2
6
-4
8
-12
-1
1
2
-1
-2
0
2
0
-1
22
-22
0
-1
25
-25
1
-1
0
279
-278
3
-4
0
13
-13
0
2
-2
113
269
772
-1151
4
-5
9
326
-337
3
-3
2:0
16
-12
16
-20
14
-8
-5
-1
2:0
5
37
303
-345
2:0
1
-1
4
-4
9
-9
23
-23
1
4
-5
9
-8
-1
1
-1
28
13
-41
78
258
-117
-217
-2
39
-39
4
-3
-1
0
5
-2
-3
1
-1
12
-12
6
-6
0
1
4
1
-6
1
4
-2
2
-2
7
-10
21
-5
-14
14
-15
-1
2
-2
3:0
7
-7
24
-22
-2
2:2
-2
38
-5
-35
2:0
1
-1
9
19
-28
0
39
-39
3:0
1
-1
1
-1
4
7
-10
-1
17
-16
-1
128
-128
19
-14
-4
0
-1
6
-6
2
-2
4:0
1
0
-1
0
6
121
-127
4
-2
end
