v1
725
539
690
52
139
48
130
159
207
66
53
51
0
37
126
100
67
171
38
19
56
7
15
28
209
0
444
7
165
328
284
561
26
145
159
136
26
72
320
124
11
160
111
329
607
78
82
161
114
71
191
120
251
420
65
70
31
225
281
0
515
194
63
368
85
157
0
45
99
0
111
160
303
104
163
8
297
22
3
27
44
38
16
188
290
388
54
59
40
220
20
69
0
57
31
632
146
65
23
18
135
239
182
50
319
94
160
27
121
235
77
64
275
125
73
196
275
16
15
361
485
44
66
184
59
50
165
7
123
181
26
30
12
33
38
2:12
1
18
35
3
30
1
46
153
118
73
9
12
62
45
14
17
47
65
38
19
38
17
245
85
91
250
21
78
92
3
120
385
35
140
79
110
30
68
49
101
66
33
6
116
104
42
192
121
35
333
59
28
3
315
243
0
44
129
79
196
6
17
14
299
10
38
153
229
41
423
93
187
808
275
26
71
12
10
367
56
111
66
40
168
94
75
705
77
506
33
0
29
186
17
80
128
19
38
69
7
8
147
207
212
14
12
597
103
82
0
102
255
197
175
133
0
7
51
8
11
32
113
18
0
283
138
54
47
61
147
88
153
59
5
23
93
11
75
19
9
442
61
58
72
0
13
8
102
117
72
92
31401
5
31
43
39
122
33
97
154
19
76
8
112
36
30
932
218
2
68
83
28
71
166
18
47
3310
2211
328
1553
322
3442
1376
10816
2650
11
1542
9825
5310
2988
1797
2652
2
14
8077
2812
14
882
943
15
2457
9
5151
1
10
5
1
1427
119927
3544
1
7716
25
73
9417
32379
32
2
8
22
33
9
2:165
17
2:5
55366
7
85
0
74
157
9
27
57
6
12
17
36
109
27
10
2
1
12
6
5
2
1
774
4
14755
1697
4654
3093
5056
1
8402
4729
813
247
1183
1062
665
968
2
3
2:11
31
39
19
0
28
8
2
25
19
8
32
9
28
3
1
43
51
5
1
30302
9978
79
11
176
15
54
756
1
87
209
13
68
17
477
2
9
21
36
2:9
41
103
30
48
10
2:5
34
273
116
259
31
14
24
3
14
37
1
72
14733
140
45
2
7
8
2010
9723
1
150
12
116
28
26
1
9
26
2
18
55
65
22
68
29
2
2:11
1
47
3
25
12
40
76
16
-488993
10
25
83
65
45
446
687
480
252
135
118
219
135
643
270
3
420
992
309
86
19
169
207
1537
171
94
446
599
30
486
361
107
91
166
276
156
98
205
46
19
1678
141
37
933
397
314
287
73
170
672
40
21
737
0
735
50
404
264
49
313
166
147
331
80
78
24
3
14
396
60
34
48
151
78
45
113
89
134
38
60
631
357
55
816
180
182
219
47
0
54
300
1
150
97
341
395
63
141
30
934
13
7
185
40
0
1135
434
140
195
213
30
350
200
748
103
267
37
290
76
2
725
113
164
345
185
146
521
18
25
27
728
72
310
162
259
244
201
84
77
19
38
111
31422
320
68
13
48
186
1207
405
2249
7708
7006
3344
24743
2220
3054
8056
30
4686
2921
511
1033
3125
121380
3543
7717
41933
23
28
127
10
105
32
16
37
7296
3760
43632
1054
47
269
98
643
90
124
9
3447
39747
2139
88
1202
568
157
6
4
83
4
74
31830
8841
79
37
12
462
722
135
426
55
261
458
15028
1
72
11712
151
67
35
340
83
39
8
30
25
1425394200
499:0
1
224:0
139
-130
2:-1
4
13
-13
-3
-4
5714
-5712
-2
2
-3
220
-192
-22
-4
197
213
-407
48
-47
-4
0
2
-3
1855
-1854
50
-35
-8
89
-93
184
-189
349
-349
16
-12
-4
68
-67
52
-53
0
6
-6
47
-42
-4
40
-38
-2
9
0
386
-394
1
4
23
-20
8
-18
3
-1
19
-13
2:-2
34
-33
1102
-1076
44
-4
-59
-9
8
-10
624
-604
-19
332
-216
225
-342
85
-65
263
-258
3
68
-50
-43
-1
0
10
59
794
-840
-25
107
-38
-70
406
-350
38
-76
-10
70
-71
-6
3
125
-85
-40
18
-15
13
-20
5
354
-355
-2
2
-3
5
-6
19
24
-25
-7
276
-287
0
8
861
-853
-12
35
-34
-1
72
-55
-19
1239
-1238
66
-68
25
-26
26
169
-178
-16
20
-21
101
-100
15
-11
213
-215
227
-95
822
-956
4
-5
3
243
-244
4
-5
-1
91055
-89823
4287
-5435
-84
30
5
27
-61
108
-106
240
-242
2
3
0
2:-3
0
58
-54
1
0
75
-73
235
-237
23
437
-462
-3
17
23
-39
437
-438
15
19
2294
-2327
163
-159
0
-2
7580
-2037
-5540
-6
37
-34
2:-1
1
13
-3
1013
-1024
2
5691
-5679
-5
33344
-33353
13
117
-126
-5
0
6
0
21
-21
101
-88
-13
1
-5
11
2529
-2478
-48
-15
25
3
-26
149
39554
-39684
2292
-2215
-42
-24
-28
4656
-3308
-1353
9
-8
167
-163
0
303
-304
-1
-2
0
-1
10
-11
836
-762
-14
5337
-5248
-81
-66
12
-10
74
80
30
-182
-2
345
1059
-1349
-52
7
316
-322
18
-16
-1
220
-220
0
112
-94
279
-53
-252
7
540
-378
42
-203
81
-89
746
-666
-75
21
31
-57
6
-3
150
-148
1
109
-111
22
-11
-13
43892
-43878
3
-18
46
-47
57
-58
292
-210
6448
-6528
-1
22
101
530
-651
256
-258
1
148
5920
-6069
0
8
20
-2
-21
24
-26
47
-38
51
-52
634
-638
43
-42
-8
1
0
50
428
-401
-74
39
-36
8
-14
20
-8
4038
-4024
-22
-5
41
6
-47
120
-86
-11
-10
4
-16
32
31
10088
-10152
22
6
765
-793
3
-2
3639
-3633
-5
1
142
9409
-5452
-3935
-166
55
351
-405
259
-260
30
12
-40
2
44
268
-315
2
7
-6
6582
-6587
102
365
-450
75
1966
5882
-7938
47
-43
-6
363
-244
-119
18
-13
138
-108
22
-57
49
-14
-30
10407
-10297
578
-692
5
86
-32
141
-139
-33
916
-797
-36
21
179
-280
-31
3
395
-389
-1
-4
49
-5
3
-52
1324
-830
-491
11
532
-545
0
5
7
6
-5
102
-119
1
0
1
2:-1
1
-1
1
2:0
-1
0
2
0
-1
0
-1
2:1
0
-1
1
0
2:-1
2
-2
0
1
2:0
-1
2:1
2:0
-2
0
2:1
-1
1
-2
2:0
1
-1
2
-2
1
-1
1
-1
0
1
0
1
-2
2
2:-1
2:1
2:-1
2
-1
1
2:0
-2
1
-1
2:1
2:0
2:-1
1
2:0
1
0
2:-1
3:0
1
0
1
0
-2
1
5:0
-1
5:0
1
-1
1
-1
0
1
-1
2:1
-1
0
-1
1
2:0
-1
1
-1
2:0
2
-1
1
-2
2
-2
0
2:1
-1
2:0
-1
1
0
-1
1
-1
2
-1
0
-1
2
-1
1
-2
2
-2
1
-1
2
0
-1
1
-2
0
1
-1
2:0
1
2:0
1
2:-1
2
0
-1
1
-2
1
2:0
1
-1
1
2:0
-2
1
0
-1
0
1
-1
2:0
1
-1
2
-2
1
-1
0
2
0
-1
0
-1
2:0
1
0
-1
1
-1
1
0
1
-2
0
2
2:0
-1
1
-2
2:1
-1
2:1
2:-1
3
-3
120
-120
3:0
1
0
-1
0
2:4
-6
14
-14
-2
2:0
24
-15
-9
9
-9
0
9
-9
2
-2
9
-9
3:0
2
-2
5
-5
3:0
2
-2
0
5
-3
-2
2:1
23
-25
0
4
-3
3
-1
-2
-1
0
2
-2
0
1
0
1
2:-1
5
-5
4:0
7
-7
0
5
-5
17
-17
2:0
8
-8
0
2
2:-1
2:0
1
7
-6
-1
2
-3
2
-1
0
4
-1
-3
-1
4
-3
-1
0
14
-11
-2
-1
0
1
-1
0
53
-53
1
-1
1
2:0
-1
6
-3
-1
29
-31
2:0
4
-3
2
-3
0
8
7
-14
1
28
-30
8
-5
-2
0
4
8
-12
-1
2
-1
12
-13
2
-2
30
-30
0
13
-5
-8
2
-2
0
55
-54
1
2:-1
1527
-1525
78
-69
-10
-1
2
1
-2
0
1
-2
0
3
-3
0
2
-2
1
0
-1
0
2
7
-9
46
-42
0
12
-16
0
2
7
-9
60
-60
2
7
38
-46
8
-9
0
3
398
-279
-122
0
4
2:0
2:-2
4
-1
44
-45
-2
30
-26
-3
429
-430
3
19
-22
0
2
-2
0
4
-4
15
-10
-3
0
-2
1
91
-54
-31
-7
2:0
1
11
618
-625
66
-68
7
-3
-5
146
151
-299
3
-3
61
-60
-1
0
2:1
0
2:-1
2
-2
70
-42
-27
88
-79
-7
-3
6
-6
9
-9
31
-29
1
33
86
-110
-12
0
8
2:-4
3
0
19
-19
-2
3
5
13
12
-33
-1
17
6
24
-47
2:0
62
-57
-5
10
4
-14
3
-3
2
2:0
4
-6
5
-3
-2
215
-215
4
-4
10
-10
19
-19
0
5
455
-459
-1
0
3
0
-2
8
-9
2
6
199
-207
0
1
7
1
-4
2
-5
0
7
-6
0
232
-235
17
-14
-3
0
2
8
20
-28
-2
0
3
-3
0
4
0
4
-8
2:0
3
2:-1
12
-8
-1
-2
-1
0
3
10
-3
-10
-1
0
8
-8
2:0
60
-60
2
-1
21
256
155
-429
-3
4
37
-42
12
-12
5
3
-7
-1
18
40
-58
0
2:1
21
-23
5
10
-13
49
30
325
-406
13
-11
2:-1
2
-2
5
-4
-1
0
4
-2
2
-1
3
2:4
-5
-9
1
51
-49
26
-29
1
24
-11
0
-4
12
-21
0
-1
1
0
5
-5
5
-5
38
-39
28
-23
-5
5
-5
1
-1
0
1
0
2
4
-7
8:0
1
-1
15:0
1
-1
8:0
1
-1
10:0
1
-1
12:0
1
-1
1
-1
10:0
1
-1
5:0
1
0
-1
8:0
1
-1
4:0
1
-1
2:0
2
0
-2
8:0
1
-1
2:0
1
-1
14:0
1
-1
0
1
-1
0
1
-1
0
2
-2
5:0
1
-1
2:0
1
-1
1
-1
6:0
1
-1
17:0
4
-4
2:0
1
-1
2
-2
0
2
-2
5:0
1
-1
9:0
1
-1
2:0
1
-1
3:0
1
-1
0
1
-1
end
