v1
670
55
144
45
331
9
148
11
312
174
104
101
25
9
8
18
106
0
218
92
138
0
35
51
263
238
51
6
19
37
22
28
118
13
63
298
161
7
77
88
328
0
12
0
48
84
38
29
73
140
292
148
0
152
130
29
60
174
207
69
41
138
72
183
16
34
76
315
10
216
157
87
41
113
460
0
94
58
187
0
71
0
85
28
218
80
19
75
135
31
35
16
0
7
167
349
37
115
33
7
13
20
47
89
136
22
122
63
79
57
161
71
85
98
59
45
147
75
71
77
86
52
55
110
104
92
59
20
292
139
16
97
88
59
121
113
4
145
84
55
0
24
76
54
126
180
33
36
29
61
22
255
99
539
6
2:61
7
104
92
43
127
55
96
106
42
125
28
20
46
119
41
0
27
73
48
50
82
147
33
64
0
44
224
7
118
137
16
0
29
94
275
16
93
64
55
337
201
54
18
39
44
232
18
59
26
24
170
125
181
27
15
14
83
43
19
7
43
46
2
17
7
103
7
11
2
3
1
118
73
9
1
73
6
67
4
25
21
30
5
30
3
35
19
38
31
68
135
28
74
365
8
78
95
120
385
66
55
10
123
110
104
43
157
10
33
6
116
104
180
175
141
60
126
100
139
58
3
146
58
15
29
39
146
404
37
110
189
48
66
87
150
79
41
52
257
114
51
229
50
758
192
92
17
71
22
63
113
136
55
56
106
5
66
13
33
69
56
131
75
18
32
47
0
278
125
205
306
277
33
176
2:25
6
80
90
3
35
2:19
0
19
56
13
7
8
147
323
110
447
245
20
82
16
86
8
407
37
122
53
17
53
70
51
8
11
31
1
74
216
73
19
3
67
100
54
47
61
35
112
52
36
153
59
5
20
0
3
69
35
89
5
102
49
300
50
53
88
13
47
63
113
42
34
67
10
15
31
31370
5
6
16
9
138
66
32
54
2
42
24
0
67
82
76
8
14
44
54
36
8
22
932
220
68
83
28
71
166
18
2111
1246
2211
328
1553
5140
2464
2784
2332
3236
1500
1150
811
0
3955
4992
6917
13
1328
1660
925
3524
2
4
10
8077
3708
958
2457
9
474
509
1014
42
3104
1
7
11
5
1
1427
119928
3543
1
7741
54
19
4
9413
29228
0
3183
7
3
22
33
9
50
75
40
73
20
57
32
5
36051
18596
731
85
0
44
10
20
59
98
9
27
18
19
3
17
0
6
12
0
1
16
145
27
11
2
0
10
2
6
5
2
83
17
626
61
164
3445
12835
0
4654
3093
5056
5152
7980
813
247
1183
454
419
143
46
665
436
532
2
3
6
5
11
9
19
3
86
34
20
1
39
9
28
3
1
43
13
34
4
5
0
1
30302
9978
26
64
149
27
69
7
113
280
231
125
1
33
54
209
13
68
17
251
175
53
9
2
22
33
2:9
144
30
17
38
8
225
240
86
8
91
37
13
73
37
1
72
13
14734
126
45
9
32
1986
9722
2:1
81
68
1
12
9
45
62
18
1
9
7
19
36
2
11
62
35
4
26
22
97
2
21
0
1
76
12
43
73
16
2
47
50
1
1425977400
669:0
1
56
-57
5
-4
14
-4
-5
6
417
-422
25
149
-172
-8
24
-4
-21
0
4
0
3964
-3968
47
-41
-5
153
69
183
-354
83
-122
-9
-3
169
-169
0
4
706
-708
-1
3
-1
-3
0
190
-173
-1
-17
5
21
-12
120
-131
-2
0
12
-3
-8
-2
11
35
128
-161
-13
1
31
-17
-5
-10
1
3
-1
12
55
-53
0
-13
2
-2
-1
174
-173
5
-9
1
0
6
20
-27
2
1
-2
356
-356
1
2
23
-22
7
-11
74
-74
53
-52
3
15
49
-63
-5
3
-1
94
-76
-20
2:0
5
16
39
-56
6
20
-26
-4
7
40
-32
10
-17
-7
0
-2
1
1092
-1092
-1
0
2:1
29
-29
244
-229
-15
170
-172
9
16
-24
3
9
555
-567
31
-26
43
50
-97
5
-5
1
-1
0
39
-9
-31
1
-2
16
-11
-1
-4
0
5
79
-74
-9
98
-98
2
-3
1
63
-63
2:0
1
1458
-1252
-141
-57
-8
-1
0
9
-10
5
-5
40
-40
1
212
-204
-9
10
-1
4
-10
9
-12
109
2:-40
-21
6
-14
4
2
-4
27
-28
5
22
-24
-2
56
-40
294
1390
-1694
14
-19
-3
0
2
0
6
-5
305
-308
0
20
-8
-10
72
-69
97
-99
-2
186
-186
20
37
-30
-28
2
0
23
163
-186
59
-60
46278
-46059
7236
-7366
-89
4
7
27
-35
3
-5
11
20
-5
-19
-8
1
5
-5
8
-8
9
-11
50
196
-231
-10
-4
50
161
-212
11
-11
1
75
-72
27
-31
1
243
-242
42
-41
-3
12
1358
-1367
4
479
-483
-3
1
0
1
2466
-478
-1986
70
-72
1
0
-2
0
5
26
-19
27
-37
4
-5
10
-11
-1
317
-315
-1
1
0
2
3601
-3603
30
19402
-19434
240
445
-674
5
-15
4
130
-134
9
19
-28
18
-17
25
-23
5
608
-572
-44
71
-62
-8
13
-14
0
34
32
21838
-21897
1059
-994
-65
-8
75
-58
-10
1952
-1958
1
19870
-19868
2
228
-37
-194
6
-7
-2
4
-1
-2
27
4
-31
3
396
-399
2
36
-34
46
1037
-1088
159
-97
-62
1
4
2
-6
150
-149
-1
2
170
-165
7
-14
3
110
880
-983
51
-54
6
-13
14
-9
9
112
-109
-18
198
-170
247
-221
44
-98
0
1
249
-249
356
-355
1
45
-46
9
573
-574
90
-99
4
58
-48
-3
-9
11
38
-51
6
-3
-4
3
-1
0
13
-10
27695
-27692
-6
6
2
-10
33
291
-323
17
-18
3763
-3759
-1
1
-1
15
929
-946
2021
-2022
3
-2
151
-150
10
66
2219
-2297
9
11
-18
1
187
-148
-42
6
11
-8
2
-9
1
6
12
3
14
-28
0
4
192
-191
-2
-10
0
1
2
0
18
-12
13
-24
-1
4
-2
5
-7
24
-3
-19
19
5
-14
-3
-8
10
28
-36
-2
-1
14
36
-29
-3
13
-29
-2
12
93
-105
12
3100
-2451
-661
3357
-3354
6
-8
107
3322
-1884
-1546
2
4
8
-13
3
300
-295
117
438
-527
-37
12
307
-288
-30
2
-3
31
202
-231
-2
5
10
-8
10
-5
-9
52
210
-264
369
-319
1926
-423
-1534
55
-75
0
36
-15
-21
0
10
-8
161
-129
-19
2764
-2760
323
-342
58
-57
19
12
-31
45
-42
132
-76
-51
-7
1
949
-951
-1
219
-217
0
35
-28
-3
10
-15
7
58
-66
1
5
21
14
-36
0
-1
3
-2
-4
4
-1
105
-108
6
39
-45
1
5:0
2
-2
1
-1
2:0
2
2:-1
6:0
85
-85
3:0
6
-4
5
0
-6
1
-2
3:0
9
-9
5
-4
0
-1
3:0
1
-1
7
-7
3:0
11
-11
2:0
5
-5
2:0
3
-3
0
1
-1
1
-1
3:0
2:1
-2
2
0
2:-1
9:0
1
0
-1
4:0
14
-14
2:0
4
-4
3:0
1
-1
1
-1
2
0
-2
0
1
-1
5:0
1
0
-1
0
2
-1
0
-1
0
4
-4
1
0
-1
3:0
8
-8
6:0
6
-6
0
9
-9
0
3
-3
2:0
6
-6
2:0
2
-2
0
1
-1
3:0
3
1
-4
3:0
1
0
-1
9:0
2:1
2:-1
1
0
-1
12
-4
-7
-1
1
-1
7:0
33
-33
3:0
1
2:0
-1
5
7
-10
2:-1
0
2
2:-1
3:0
1
-1
0
8
4
-11
49
-50
3
-3
4:0
1
-1
8
-8
3:0
1
-1
0
12
-12
0
27
-27
2
-1
0
-1
0
1
2
32
-35
0
3
934
-936
43
-31
-13
0
1
2
-3
2
-2
3:1
0
-3
1
0
-1
4
-4
2
-2
9
25
-33
1
-2
2
11
-13
1
-1
0
1
-1
3
-3
0
21
-21
2
-2
0
3
36
-37
-2
5
-5
4:0
171
-125
-46
5
-5
0
1
-1
0
2
-2
2
3
-4
3:0
-1
0
29
-28
-1
3:0
14
-14
0
201
-201
26
-22
-4
3:0
5
-5
2
9
-11
3
-3
2
-2
1
36
-8
-29
7
-7
0
1
-1
0
1
5
295
-299
53
-55
1
-1
8
-7
-1
83
-83
0
1216
-1216
2
0
30
-32
1
-1
0
1
0
-1
5
-4
-1
2
27
-29
0
4
-4
1
56
-57
11
-8
-3
2:0
1
-1
17
-17
2:0
30
-30
6
-6
0
20
50
-69
1
-2
2
-2
0
1
2
16
-15
-4
6
-1
9
-2
-4
-7
-1
1
17
-18
29
-29
0
2
0
-2
58
-58
4
-4
1
16
-17
2:0
1
0
-1
2
-2
1
-1
0
2
-2
1
105
-106
0
2
1
-3
11
-10
-1
3
-3
267
-267
4:0
12
-12
3
-3
1
-1
1
-1
1
5
124
-130
1
-1
3:0
1
-1
0
4
-1
-2
2
-3
0
9
0
-4
-3
0
-2
67
-64
-2
-1
1
2:0
1
9
-9
-2
2:0
8
-8
2
-2
7
0
-7
3
-3
2:0
1
2
4
-7
1
-1
2
3
-4
0
-1
3:0
8
-6
-2
10
0
-10
116
-116
1
0
28
98
82
-209
0
1
3:0
52
-51
4
-4
5
-7
1
0
-1
3:0
10
50
-60
2:0
2
0
6
-8
0
3
9
-12
0
18
73
-4
-81
-6
2:0
1
-1
4:0
1
14
-14
8
-4
5
-10
2:0
9
-4
-5
1
0
10
-1
-10
2:0
10
-10
0
20
-20
3:0
2
0
-2
0
9
-9
2:0
15
-11
-4
1
0
1
-2
2:0
1
19
-20
0
3
-3
end
