v1
1075
317
252
660
52
139
14
34
292
204
86
33
314
237
58
56
7
15
502
292
59
612
140
7
10
423
152
159
234
36
224
15
180
72
168
31
435
194
22
244
41
160
188
87
138
495
453
324
34
0
277
257
20
87
69
343
79
57
139
335
144
271
193
4
106
275
108
78
106
139
494
388
54
126
213
69
2:433
106
135
451
339
254
27
356
77
64
98
70
107
394
106
169
16
0
810
51
214
72
8
59
50
295
116
65
56
45
6
32
43
4
15
98
17
6
1
123
4
118
73
9
74
40
5
60
18
30
35
38
74
245
447
170
3
120
225
414
110
304
10
33
6
116
459
141
227
87
169
3
0
146
5
136
146
129
312
299
10
5
33
83
299
41
516
187
9
799
301
83
377
56
109
2
368
75
50
655
336
247
33
312
128
126
7
8
147
323
110
611
36
65
184
69
383
175
70
121
8
11
32
363
89
100
54
13
34
61
35
92
22
86
153
59
5
23
125
73
257
69
376
218
34
64
28
31
31370
5
22
9
237
47
6
44
173
69
15
148
30
1152
68
111
71
166
18
47
2064
1246
2211
328
1553
3764
1376
2464
8352
2650
4766
4989
6933
2988
4451
11799
943
15
2466
474
4677
1
10
5
124900
7741
73
9417
32439
4
42
238
20
57
32
5
55378
251
65
9
27
3
37
17
6
12
17
36
109
27
10
3
11
1
6
5
2
17
66
855
13
16280
0
4654
3093
18188
813
1430
1062
665
436
532
2:2
5
18
28
3
86
37
17
40
9
28
3
1
68
22
9
1
40280
26
64
9
167
469
356
1
352
27
15
202
277
9
57
2:9
41
103
30
0
55
47
273
375
63
6
3
14
37
1
72
13
14905
2
7
28
1977
13
9723
1
150
12
102
14
28
36
28
11
62
28
37
22
97
2
22
1
47
14
2:7
12
93
23
16
49
-489069
78
67
20
33
97
202
14
19
171
2
235
0
75
94
6
101
203
13
4
18
3
23
27
158
2
35
16
152
89
49
78
9
57
1
207
38
26
38
5
37
91
38
36
78
93
36
77
68
229
47
26
49
39
7
29
48
146
266
16
132
67
60
105
12
328
5
97
27
260
50
52
105
78
27
130
31
51
56
319
48
105
12
67
9
67
61
29
16
46
403
124
106
110
82
85
50
55
98
14
131
16
1
136
47
10
112
10
113
26
91
7
193
29
6
19
21
132
3
7
2
14
8
51
37
77
341
63
373
35
44
72
122
99
91
38
7
29
79
26
62
85
6
92
104
42
57
26
22
19
14
16
14
133
82
105
27
85
99
36
46
19
5
81
4
147
128
38
36
114
45
29
23
88
36
45
72
216
71
86
479
16
143
36
0
445
247
84
97
109
61
46
20
45
24
15
53
43
127
30
25
85
6
51
60
71
1
7
301
96
45
98
240
130
132
130
63
177
27
2
35
145
29
219
50
119
10
55
48
172
52
70
22
5
134
42
83
369
15
125
15
5
2
101
15
214
4
80
41
6
7
13
2
15
5
18
3
6
17
7
1
46
5
98
33
11
5
3
6
40
55
1
23
41
27
6
11
50
4
67
0
14
4
11
70
26
7
92
31
113
76
147
45
111
54
131
79
242
358
35
86
10
100
161
2
69
0
447
27
42
68
124
61
67
28
152
39
101
45
86
39
69
173
2
56
49
29
141
66
9
125
248
6
0
17
24
130
174
32
67
87
194
385
114
105
187
700
295
144
11
18
5
17
0
128
67
117
105
37
26
78
82
0
32
43
56
37
5
67
115
38
41
136
142
68
182
223
119
44
19
12
309
50
96
10
40
6
34
10
110
16
57
0
38
273
46
69
2
39
29
153
39
15
132
73
128
113
119
115
11
0
32
65
5
54
46
10
52
195
136
24
497
3
32
8
26
19
159
124
178
1
62
51
4
10
83
58
52
273
96
11
89
3
22
13
9
109
2:54
32
3
65
142
11
58
2:19
2
40
5
8
30
72
21
17
79
31576
68
9
30
56
66
100
115
65
4
95
1
25
138
1008
64
17
378
3
15
44
77
47
11
2960
0
2877
1878
341
1724
8009
2324
1
3220
1515
2703
5739
2466
6917
2185
1741
872
2652
6
8074
12
2:1
2811
14
4293
487
509
1035
3125
1
6
10
8
2
5479
115873
1
3543
1736
6060
13
41802
32
7
23
28
7
3
117
54
146
19
38
65
35636
334
18596
781
35
47
7
1
19
59
105
2
1
44
58
149
51
5
0
4
2
741
7
22
20
161
11
18644
6565
3878
5152
3251
5745
44
825
280
404
129
3
414
1826
2
5
1
6
19
5
56
5
3
4
7
21
0
15
2
17
7
1
27
66
14
24
12
38
13
30308
1513
8191
609
31
89
37
72
402
0
5
123
44
250
13
68
94
149
0
25
239
37
108
112
12
25
21
4
1
8
207
418
89
5
23
28
14968
10
5
11779
127
38
133
2:17
3
35
17
63
30
7
4
46
54
9
35
20
18
3
77
28
51
43
1425611400
399:0
1
674:0
70
41
0
-43
-8
-41
29
-21
27
451
6634
-6877
-237
568
3079
-3644
58
-65
51
1225
-1210
163
-157
-66
4
15
47
78
-145
779
-778
33
63
-93
91
-82
35
92
-4
-136
119
-98
-30
160
-141
122
-139
12
1
-6
54
90
-45
-83
16
-35
1255
-1260
55
-56
100
-81
-14
49
32
-30
-48
209
-134
4278
-4358
54
-11
247
-289
246
-233
100
-99
-1
21
-20
15
38
-67
-3
11
179
464
136
-791
381
-366
-3
-9
347
-317
59
236
-305
-3
197
-216
20
40
-50
2
377
565
486
-1330
-106
12
5
-19
-3
73
59
-71
942
-929
54
-98
-12
120
500
-456
-181
-1
259
-119
133
-225
12
40
-82
262
-254
73740
-73751
7263
-6966
-258
224
-55
-213
-10
220
10
-223
13
114
-31
-98
16
-9
5
-16
697
-541
-34
119
-235
54
-35
17
289
-303
3273
-3274
-9
552
9600
-8754
-930
-468
-11
34
-29
21
1155
-688
-483
52
33079
-33088
1921
-1981
188
-189
293
-158
13
-83
419
-467
1889
-1718
-160
-27
44
725
32361
-33130
60
4040
-4096
13
-3
153
-109
-56
8121
-2247
-5683
225
-411
13
62
-19
2410
-2468
167
14
3220
-843
-2197
-199
-151
1
-13
1144
-814
-149
-120
1584
-1613
13
-44
28
6
106
-15
-118
38
118
57
875
-1027
-47
284
-235
956
-4
-989
-30
1524
-1518
116
-121
-2
86
-82
-11
3
4
22157
-22156
64
441
-466
10016
-10053
841
4975
-5806
252
-267
1660
4297
-5944
-18
68
-68
163
-160
29
-4
5
-24
965
-945
112
-70
-66
-3
-2
154
-125
364
-366
7
-27
39
-11
-20
-2
168
-147
14
-45
103
-96
62
-52
78
-94
-5
10
22
-15
2739
-1158
-1584
7506
-7490
-28
935
12394
-4674
-8642
37
87
2152
656
-2490
-242
-212
1850
-1388
-362
6258
-6361
15
12
-27
852
1222
-1976
7163
-4704
-2494
111
-161
3
197
-196
-15
178
-143
-32
108
-89
5386
-5297
198
-297
-10
42
26
-51
-20
136
1023
-640
-464
2816
-2866
345
-339
48
-58
21
99
-106
-13
292
926
-1056
-98
-58
78
796
-879
14
12
40
-3
738
-699
-120
3
-4
7
0
-1
-6
9
-8
8
-5
5
-1
-6
-3
5
-2
-4
1
8
-7
0
4
-5
3
-3
0
-1
0
2
12
-6
-8
2
1
4
-6
-1
1
6
-5
7
3
-12
16
-13
13
-6
-10
8
-7
0
9
-9
9
-8
9
-11
1
15
-15
8
-8
6
-4
-1
12
-13
3
-3
-1
6
-4
11
-3
-10
7
-6
0
1
0
11
-10
0
-3
13
-13
9
-6
2
7
-12
8
-5
-2
8
-3
-5
2:1
-3
15
-12
-2
0
3
0
2
-5
6
-5
-1
1
9
-8
11
-10
3
0
-5
6
-5
13
-16
2:1
3
-3
2
-3
10
-8
-3
2
13
-13
-1
10
-5
6
-7
-4
16
0
-14
6
7
-14
-1
3
-4
3
5
-7
0
2
12
-13
-1
2:2
-2
-3
7
-1
-6
3:0
9
-6
-1
3
-3
-2
3
0
2
-5
2
-1
4
-3
10
-2
3
-4
7
-13
-3
9
-8
-1
5
-2
12
-13
3
4
-6
-1
3
0
-1
5
-7
-1
2
-2
0
-1
3
-3
2
0
-1
0
1
-1
6
-5
6
4
-8
-3
-1
11
-8
-2
2
13
-12
-4
4
-4
13
0
-4
-8
-1
2:8
-15
0
6
-1
-6
3
-2
12
-2
-11
4
1
4
3
-11
5
-3
1
-2
11
-10
-1
3
-3
-2
2:2
1
-4
4
-5
2
-1
12
-11
11
-8
5
0
-7
-3
0
13
-7
-3
13
-4
-5
2:-3
0
1
-1
1
2
2:-2
2:4
2
-10
7
-4
0
1
-4
10
-9
5
6
-4
-8
2
0
1
13
-14
3
-1
10
-12
-2
3
-2
-1
2
1
-2
0
7
2
3
-5
-1
-6
15
-8
9
-1
-16
0
16
-10
-5
7
1
-5
1
2:-2
9
1
-8
1
2
-1
-3
0
5
-2
-1
-3
15
-15
2:0
2
2:-1
3
-4
0
3
1
-1
0
7
-9
8
-4
-3
7
-6
6
4
-10
5
-8
2
9
-1
-7
0
-3
2
-2
3
2
3
-6
3
-4
2:0
-1
1
-1
4
0
-2
1
-3
2
-1
3
-3
6
-1
7
-4
-9
2:1
10
-7
-4
1
10
-8
2:-2
6
9
-10
12
-17
5
-3
4
-2
8
-11
2
0
9
-11
-1
1
0
-1
0
1
5
-6
1
2:0
1
8
-8
9
-8
-1
-2
3
4
-6
1
11
-7
5
2
-11
4
-4
-1
9
5
-14
8
-8
1
-1
1
-2
1
5
2
-5
1
-3
-1
2
1
-1
-2
2
3
0
1
-4
4
-1
8
-1
-5
0
-3
2:-1
3
6
-10
16
-14
12
-14
7
1
2
-7
-1
11
-1
-8
-3
-2
2:8
-13
1
2:-1
4
-5
10
3
-14
0
5
10
-9
-3
1
0
5
-1
-7
13
-13
7
-7
8
-6
0
12
-14
15
-16
4
7
-7
1
-2
-1
12
-13
7
-8
3
2
-3
8
-3
4
-10
0
6
5
-12
0
1
-1
2
3
6
-10
6
1
-8
1
4
3
-8
0
6
-2
2:1
-1
2
-7
6
4
-6
-2
0
7
-8
10
-7
-2
2:6
-5
-6
-3
1
4
-1
-3
11
-9
4
0
1
2
-7
3
0
-1
-5
2
12
-11
5
-7
5
-5
6
9
-14
0
12
-12
6
-2
-5
11
-2
-5
2
-3
-2
10
-2
-3
-4
11
-14
2
5
-7
8
-6
-2
2
-2
2:1
11
-13
3
1
0
9
2:-1
-7
4
-4
4
-4
156
-155
0
2:17
-31
7
-11
0
5
4
-7
2
-3
1
4
-5
20
-20
2:0
4
-4
-1
9
-3
-2
-1
0
5
2:-4
2
7
-6
2:-1
2
0
2
3
-6
-2
4
3
-5
0
2
-1
-3
4
0
-2
3
11
-16
0
3
9
1
-11
9
-9
11
-10
0
-1
1
-2
-1
6
-1
3
-3
-2
1
-3
1
21
35
-58
25
-22
0
-2
3
-3
2
113
-112
-2
3
-5
7
6
2:-4
58
-57
-5
0
6
-4
-2
1
-1
15
24
-36
77
-72
-8
1
0
18
-9
0
-9
1
15
-1
-17
5
0
5
-5
63
-59
1854
-1859
88
-53
-27
-5
-6
0
2
13
0
-11
-3
-2
14
-12
4
9
-13
1
158
-161
15
-4
-7
2:0
7
24
-33
71
-66
-2
4
685
-621
-60
-11
-2
5
1
4
31
-2
-31
-2
275
-275
46
-50
1
0
18
-21
38
-30
8
-12
118
-36
-76
-8
1
35
683
-721
27
143
-168
1
-2
22
-18
11
138
452
-606
111
-105
-6
2:5
115
-124
35
-36
6
184
-164
-17
-5
-4
4
56
4
-63
4
226
-223
-2
-5
6
5
28
-27
-9
-3
5
29
4
-22
-16
26
-27
44
43
-84
-2
184
-182
45
-45
-2
3
12
-16
5
-4
194
-194
18
-19
8
865
-873
30
-6
-22
0
6
4
197
-206
-1
10
-8
0
-2
0
12
-2
-4
259
-264
28
-25
-1
1
2
4
16
-11
-14
-3
2
-2
33
-26
2:0
-2
1
-1
9
-8
15
-14
13
-18
-1
1
7
-2
32
-13
-26
346
-337
-4
166
793
286
-1249
8
3
409
-399
-12
17
-25
12
-11
34
292
-321
-7
19
-17
29
9
32
401
-159
-312
35
-36
0
3
5
-7
1
0
-3
2:5
-2
4
14
-24
9
-8
13
-11
-3
0
33
19
-50
56
-61
30
-30
7
3
-2
11
-19
1
115
-69
-42
6
-10
1
-2
2:1
-2
6
0
45
-49
-2
2:0
1
-1
2
-2
2:0
2
-2
1
0
-1
5:0
1
0
-1
1
-1
6:0
1
-1
3:0
1
-1
2:0
1
-1
2:1
-2
2:0
2
-2
4:0
1
-1
24
-24
1
-1
5:0
1
3:0
-1
3:0
2
-2
0
1
-1
5:0
2
-2
6:0
4
-3
-1
7:0
1
-1
3:0
1
-1
7:0
2
-2
4
-3
-1
2
-2
1
-1
3
-3
5:0
2:1
-2
2:0
5
-5
3:0
1
2:0
-1
14:0
1
-1
4:0
2
-2
6:0
2
-1
0
-1
6:0
1
-1
2
0
-2
2:0
3
-3
3
-3
6:0
2
-2
2
-2
2:0
2
-2
1
-1
3:0
1
-1
1
-1
6:0
2
-1
0
-1
5:0
1
-1
0
1
-1
0
3
-3
3:0
2
2:-1
6:0
1
-1
1
-1
1
-1
1
-1
3:0
19
-19
0
2
-2
9:0
3
-3
2:0
1
2:0
-1
3:0
2:1
0
1
-3
8:0
2
-1
1
-2
0
1
-1
4:0
2:1
-2
0
1
-1
3
1
-4
3
-3
2
-2
8:0
2
1
0
-3
1
-1
3
-3
3
4
-7
0
1
5
-6
3
-2
0
-1
3
-3
4:0
2
2:-1
0
3
-3
2:0
2
-2
10:0
1
2:0
-1
1
-1
0
6
-6
0
5
-5
2:0
1
2:0
1
-2
3:0
1
-1
5:0
1
-1
2:0
1
0
-1
6:0
2
-2
1
0
-1
0
1
-1
2:0
2:1
2:-1
4:0
2
-2
1
-1
3
-3
2
-2
2:0
4
-4
6:0
3
-3
3:0
1
-1
0
1
-1
0
1
-1
1
-1
0
1
3:0
-1
2
-2
2:0
8
-8
8:0
1
-1
3:0
1
-1
5:0
1
-1
3
-3
2
4
-5
5
-6
2:0
2
-2
0
3
-3
3:0
3
-2
-1
1
4
-5
0
4
-4
4
-3
0
-1
0
1
2
-3
1
2
-3
2:0
3
-2
2
-2
-1
0
2
-1
0
-1
2:0
4
-4
1
2
-3
9
-9
2
2:-1
3:0
8
-8
1
-1
3:0
1
-1
1
-1
0
2
2:-1
4:0
1
-1
0
1
-1
2
2:-1
2
-2
4:0
3
-3
2:0
1
0
-1
2:0
2
-2
3
-3
3
-3
3
-3
1
-1
0
2
0
-2
1
-1
0
2
-1
1
2:0
-2
1
-1
2:0
1
-1
5:0
1
-1
6
-6
0
1
-1
0
4
-4
3:0
2
-2
1
-1
1
-1
0
3
-2
-1
4:0
2
-2
3:0
end
