v1
716
79
108
46
19
287
45
638
7
31
21
115
15
9
10
38
186
103
166
41
119
79
9
226
67
209
19
1
18
37
7
15
642
39
7
165
59
3
266
284
140
7
49
236
94
35
26
145
159
136
98
151
293
11
271
110
219
106
460
41
160
346
161
30
270
101
45
339
36
65
70
7
24
77
120
28
349
185
262
194
63
21
58
275
14
85
157
45
26
73
48
69
25
129
303
104
163
8
297
22
0
30
82
16
478
149
293
286
33
20
69
57
31
145
481
6
146
88
18
135
196
43
127
55
50
152
167
94
160
27
121
50
185
53
2
22
64
44
231
125
73
57
139
275
16
15
28
333
385
100
44
66
152
32
58
1
50
165
130
181
27
29
12
16
17
38
43
3
0
2
30
3
6
17
8
46
2
3
142
6
118
54
28
12
62
40
5
14
17
18
29
65
38
19
38
17
14
231
0
85
20
71
263
8
173
120
94
265
26
364
30
68
206
10
33
6
22
94
104
42
192
61
60
35
333
87
172
146
5
53
44
141
29
15
129
27
248
23
14
110
189
10
35
3
66
69
18
229
41
508
20
175
10
0
303
495
275
26
71
12
10
176
191
56
66
43
2
24
42
302
75
50
215
103
156
181
325
258
33
29
147
25
14
17
38
42
15
113
22
35
56
13
7
8
147
40
283
96
14
206
128
275
103
82
102
130
125
136
61
175
70
63
58
8
11
32
2:43
0
45
86
146
189
54
47
3
58
35
92
20
88
153
59
5
20
3
93
11
94
9
248
194
61
42
88
21
30
9
63
117
72
77
15
31401
5
22
9
43
247
44
24
13
117
19
36
40
8
112
36
8
22
932
110
108
2
68
83
28
71
0
166
5
13
3357
2211
328
1553
3764
1376
13466
11
1542
3213
4992
790
6140
2169
819
4449
2
4
8038
48
2:1
2811
14
882
943
15
2457
9
474
1544
3125
7
1
11
6
2
1442
119910
3545
7741
73
9417
28772
3607
39
3
22
33
9
125
40
73
20
89
2:5
55373
85
133
98
7
2
27
18
39
6
12
17
145
27
10
3
10
2:1
6
5
2
1
725
0
49
4
22
15
129
4
3447
11138
1697
4654
3093
5056
1
2717
2434
7980
813
247
1183
1062
665
968
2
3
2:11
28
3
58
21
7
10
25
19
1
4
3
32
36
1
3
1
7
36
42
9
5
1
30302
1513
8465
26
53
11
9
167
15
54
31
369
356
1
87
0
209
81
17
202
275
2
9
21
36
2:9
41
103
30
48
10
2:5
34
273
116
259
31
14
18
6
3
14
37
1
72
14733
140
45
2
7
8
20
1990
9722
2:1
109
40
1
12
116
18
10
2
5
29
28
18
55
65
7
15
61
7
29
2
22
1
47
2:14
12
40
76
2
14
-488958
401
68
89
1223
25
447
58
1690
992
191
347
552
1156
81
33
138
1620
503
533
459
493
986
526
1078
469
13
268
924
50
1493
50
1343
1455
261
116
249
17
293
428
10
13
973
182
219
47
54
300
30
121
490
396
151
1209
258
1171
2:140
517
168
517
1474
116
1248
1012
528
375
669
105
245
0
31533
234
33
481
1684
9
2055
5660
39361
1663
14163
7607
7
1428
119928
53216
28
290
36129
19320
0
166
331
247
46
26027
20126
1290
568
61
96
97
40435
389
49
940
293
239
257
12
15879
1977
10070
341
28
1425390600
599:0
1
115:0
1
0
2
166
-81
-87
9
-6
-2
0
6
-3
2
-6
4
-3
5
-5
2
5598
-5599
1
233
-201
-33
160
-162
2
365
-364
41
-43
3
-4
1702
-1701
2:1
48
-49
-2
1
0
3
14
-1
53
-18
102
263
-417
8
-7
28
-28
1
44
-46
46
-45
38
-38
2:2
3
-8
56
-52
-2
6
4
-11
1
-1
343
-341
60
-62
23
-17
-7
2:2
10
-11
0
-3
1
6
-7
6
-4
21
17
1044
-1052
647
-607
-70
-1
7
594
-572
49
-79
404
-397
-4
269
-269
66
-46
-16
-1
-5
3
17
33
390
-432
13
-24
3
105
-106
49
-51
428
-298
-57
-73
22
-22
182
-165
-16
2:0
4
2:-3
255
-180
-71
14
-17
10
-9
33
-33
2
-4
287
-287
6
-4
1
10
-8
-3
32
-20
-7
1
261
667
-935
0
60
-61
0
1
-1
1
12
-11
8
77
-28
-43
-16
918
-913
20
8
-31
32
-32
-2
30
195
-207
-16
7
-6
1
115
-10
-108
-1
10
2
221
-100
783
-916
0
5
275
-276
-3
10
79696
-79705
4380
-4382
49
-48
20
13
-29
4
-6
80
159
-241
19
-19
-1
0
6
-6
12
-11
0
5
10
-13
-3
71
-69
-2
146
-144
97
-94
22
223
-247
-3
9
-8
0
1
30
-30
372
-373
5
15
-19
2140
-2139
1
0
142
-140
4
7798
-3718
-4074
-16
1
0
18
-18
24
-24
2
3
-6
4
9
-13
8
6
708
-721
2:1
5513
-5505
82
34126
-34218
0
-1
99
-58
-41
4
20
-18
309
-292
-22
-1
68
-66
31
-24
1
1866
-1802
-61
-11
2:-1
24
-24
0
130
38646
-38766
-10
1980
-1978
-1
76
-46
-29
10
3766
-3775
1120
-1123
11
126
-131
2:-3
306
-304
-1
0
2
27
-9
-20
523
-524
71
-71
6281
-6250
122
-131
-21
71
-71
0
123
37
-160
9
-9
315
602
-916
25
-9
-15
18
57
-74
34
-23
-9
2
203
-205
43
96
-111
240
-215
-52
250
313
-558
27
-39
0
2
740
-741
300
-283
21
-37
-2
0
5
8
-10
143
-144
4
59
-61
21
-24
-1
0
4
-3
27817
-27806
-12
1
8
33
296
-299
5333
-5372
3
6
119
3694
-3740
189
-270
2:0
-1
94
18608
-18700
9
26
-36
32
-31
5
42
-47
14
98
-102
941
-917
-29
-4
2
0
11
34
491
-469
-69
97
-93
1
2
1
-10
1
39
-38
-1
3
18
-11
3076
-3058
-25
-5
2
37
-9
-26
106
-72
-27
-4
11
-10
6
127
-64
9058
-9111
1
738
-756
-3
3065
-3069
4
10
-9
-5
116
6355
-3110
-3360
101
-102
0
38
323
-358
-2
262
-253
-5
21
-24
22
-9
-11
-3
0
41
263
-305
5
2
-5
4474
-4462
-12
90
273
-346
65
1520
6426
-8019
13
-17
-6
261
-150
-111
22
-18
63
-38
1
-25
-6
57
-42
3
2504
-2416
352
-452
-4
103
-87
58
-7
-69
91
-90
788
-641
-147
-1
87
4
63
-149
70
-75
6
267
-267
2
32
13
-36
34
-51
2
872
-492
-371
370
-379
0
5
-1
-4
218
-220
73
-73
-1
2:0
1
0
-1
5:0
1
-1
12:0
1
0
-1
0
1
-1
3:0
1
-1
2:0
1
2:0
-1
0
1
-1
0
1
-1
1
-1
2:0
1
-1
3:0
1
-1
2:0
1
-1
2:0
1
-1
1
-1
1
-1
0
1
2:0
-1
1
-1
5:0
1
-1
1
0
-1
6:0
1
-1
4:0
1
-1
1
-1
6:0
1
-1
1
-1
1
1
0
1
-1
3:0
1
-1
3:0
2
-2
1
-1
2:0
2
103
-105
2:0
2
-2
3
-3
0
8
-6
12
-14
1
15
-9
-7
2:0
10
-10
6:0
8
-5
-1
9
-11
2:0
1
-1
1
5
-5
3
-4
2
2:-1
4:0
1
-1
5:0
20
-20
4
-3
0
3
-4
2:0
1
0
1
-2
6:0
2
2:-1
5
-5
3:0
6
-5
1
-1
13
-14
0
7
-7
2
-2
4:0
1
7
-7
2:0
-1
2
-2
0
1
0
-1
5
-2
-3
1
-1
8:0
21
-16
-4
-1
2:0
2:1
-2
2:0
58
-58
3:0
2:1
-2
2
0
-2
1
25
-23
-3
5:0
1
0
9
-10
2:0
9
-7
-2
23
-23
5
-4
-1
4
-3
-1
7
3
-9
1
-2
1
-1
14
0
-14
0
1
0
39
-30
-4
-5
-1
0
45
-44
0
1
1352
-1354
62
-62
7
-7
0
1
-1
2
-1
2:0
-1
4
-4
0
2
-2
0
3
-2
-1
0
2
2:-1
6
-6
0
39
-39
0
5
-3
15
-15
-2
2
-2
2:0
11
-11
53
-53
1
7
-8
50
-48
-2
0
6
-5
0
360
-251
-110
3:0
3
-3
2
0
-1
1
-2
0
2
-2
2
-2
34
-34
2:0
26
-23
-1
359
-360
0
-1
22
-22
2:0
1
-1
7
-7
2:0
11
-9
-2
1
0
84
-46
-33
-5
-1
4:0
12
473
-482
-3
62
-62
0
2
4
-6
2
134
-135
267
-268
1
49
-50
1
-1
2:0
2
-2
0
2
-1
0
49
-50
27
-27
91
-86
7
-12
4
9
-13
2:0
33
-33
3
-2
33
60
-94
6
-4
-2
0
6
-5
-1
5
-1
0
16
-20
7
-5
4
9
1
-13
15
12
-30
2:0
1
-1
54
-54
8
2
6
-15
-1
0
4
-4
2:0
2
-1
1
-2
7
-7
0
2
-2
0
192
-189
-3
0
9
8
-17
4
397
-401
0
1
3
1
-4
11
-12
3:0
4
179
-183
0
9
-9
6
-6
3
-1
-2
5
2
-4
171
-159
-14
0
1
-2
6
3
19
-25
-3
0
6
0
-4
-2
3:0
2
1
-3
4
-1
8
-11
2:0
1
0
-1
0
11
-7
0
-1
-2
0
1
14
-16
9
-9
0
9
-9
0
53
-53
0
2:1
-2
24
214
98
-336
4
-4
0
4
28
-32
1
14
-14
-1
6
-6
4
2:-2
2:0
15
47
-62
3:0
22
-20
-2
3
7
-9
41
22
256
-319
10
-9
-2
0
2
-2
4
-4
2:0
4
-1
-3
3
-1
2
-2
8
-1
-9
3
46
-47
17
-19
0
3
-3
26
-5
-21
0
12
-4
7
-14
1
-2
1
0
3
-4
5
-4
-1
25
-25
0
21
-18
3
-6
2
-2
3:0
2
-2
6
-6
15:0
1
-1
15:0
1
-1
18:0
1
-1
7:0
1
-1
3:0
1
-1
3:0
2
2:-1
9:0
1
0
-1
5:0
1
-1
3:0
1
-1
2
2:-1
6:0
1
-1
6:0
end
