v1
1060
1281
139
48
615
609
56
168
77
397
61
113
59
16
596
732
1119
629
307
573
495
28
26
501
810
635
474
146
109
463
706
494
781
126
1840
243
11
383
416
394
275
31
197
943
404
237
45
38
25
18
12
105
3
348
133
129
112
245
478
54
85
123
506
133
110
314
39
116
338
748
562
298
14
347
66
316
41
1812
460
24
32
109
2
24
344
75
50
961
23
7
456
136
128
126
162
433
692
20
184
245
573
8
495
154
108
35
92
108
153
64
23
198
138
504
60
252
31493
5
22
9
287
47
85
88
84
112
36
8
1174
6330
6693
10816
2650
16688
2988
12533
4675
2466
983
4179
1433
131213
9490
32443
26
331
32
5
54647
1083
57
18
17
145
52
6
5
953
20934
3093
21493
665
968
2
7
18
31
86
54
77
3
1
99
1
40306
309
756
1
596
277
9
66
9
41
188
695
50
19
3
51
1
26740
1
162
199
20
246
24
204
16
49
-489069
17
128
20
3
42
119
204
157
11
312
69
12
60
33
167
38
0
24
1
35
30
74
107
55
150
54
84
18
60
98
47
41
85
3
0
15
219
78
43
15
28
99
240
4
97
41
11
122
46
77
143
4
3
167
95
4
138
16
35
22
220
10
267
23
133
2
85
154
70
32
23
81
26
72
8
28
232
7
47
133
72
88
133
15
64
9
67
99
53
75
31
14
69
133
118
19
0
107
68
86
31
16
10
8
30
10
95
0
40
82
208
8
16
6
135
16
5
138
5
11
0
130
95
100
136
23
21
33
99
34
117
108
281
63
5
32
153
87
9
27
53
12
41
33
0
112
82
63
79
48
38
110
93
85
98
104
99
48
5
14
8
50
146
43
12
31
38
69
35
0
179
65
5
0
81
4
16
186
73
38
25
125
2
72
23
4
2:18
120
243
127
84
21
103
31
54
59
66
1
160
117
1
4
0
21
0
1
35
31
77
251
4
13
28
253
35
117
64
1
41
67
61
0
7
39
65
30
52
33
2
18
127
41
14
0
274
44
14
65
0
170
15
25
40
3
2
19
7
45
266
70
2
22
64
18
57
193
165
47
66
64
225
48
77
43
50
102
130
51
5
168
227
4
81
110
7
69
53
47
127
42
0
94
0
19
5
240
66
26
1
13
67
3
16
2:25
3
22
4
2:2
11
23
7
1
46
19
6
81
43
3
1
23
95
2
7
64
21
7
55
40
5
28
4
11
35
30
5
33
35
3
16
38
31
113
76
116
373
78
263
17
29
109
22
90
8
62
35
96
261
70
39
10
157
43
117
289
175
35
106
0
85
101
41
59
28
3
315
5
0
19
165
54
44
31
177
173
29
171
159
10
121
70
86
493
4
110
54
32
19
64
111
9
3
38
269
0
393
96
199
0
9
7
157
0
12
10
30
97
68
117
328
168
102
0
85
433
84
170
136
126
63
258
33
29
0
1
50
39
32
22
13
40
6
44
23
66
37
0
57
38
76
8
2:187
96
36
34
165
150
273
61
2
36
142
5
100
0
10
52
4
191
59
24
22
55
37
47
128
16
1
53
63
77
31
1
67
11
8
6
20
105
0
2:73
22
167
101
53
15
82
6
15
37
280
20
121
6
5
0
89
3
11
142
28
26
52
29
93
72
11
50
42
2
14
19
21
41
4
8
102
21
17
3
53
61
101
25
31
31418
31
39
122
32
1
53
2
66
38
92
95
0
22
164
1043
7
30
232
5
14
71
46
59
61
15
3
43
4
9
2055
905
341
2211
1881
3764
6632
9762
3214
4992
1620
1215
6264
1255
489
3524
2
4
8085
2:1
2812
14
882
943
25
9
2438
994
4158
1
4
3
9
7
1
4950
530
115874
1
3543
1
1735
5981
51
28
19
4
40809
972
43
7
3
20
44
50
29
4
42
2
38
37
0
10
26
20
53
19
38
9619
26416
19299
28
21
29
35
54
13
7
59
33
65
7
2
0
1
44
22
20
3
13
52
2
25
66
43
10
3:1
2
6
2
1
14
726
29
60
84
40
7839
4973
3480
17955
2004
0
5976
498
0
315
165
82
825
358
2163
366
169
2:1
5
1
0
25
5
14
47
14
38
25
2:10
7
1
0
31
9
75
38
9
4
30308
1513
8222
51
192
90
9
167
11
47
42
59
0
30
0
98
182
192
39
213
209
13
43
25
17
226
25
136
90
35
23
10
123
39
30
17
36
2:5
39
173
100
388
18
14
4
14
10
13
15
81
14
13
14853
7
45
9
28
1977
9735
127
24
1
114
14
18
36
1
9
26
2
15
23
35
5
2:30
8
14
5
94
4
20
60
2:7
2:12
81
138
-487689
3714
20
44
1845
544
1097
982
51
124
128
1237
3315
9
1818
1070
131
513
1411
536
2632
324
338
2724
1047
653
549
1147
506
581
2144
494
356
125
192
125
213
32212
995
57
161
18215
16394
33217
4577
173246
11
31
56240
106
46342
43784
799
506
27322
19
190
15
181
62
1425866400
199:0
1
799:0
1
59:0
38
12
-1
13495
-12837
704
-1370
20
3
-29
2
1297
-1295
27
-3
242
-269
10
257
-17
-233
-20
15
16
-31
1
14
-11
22
499
-58
-198
-226
-36
9
4
-15
2038
-1402
-226
-412
422
19
-254
-152
-22
804
-783
258
-285
9
-12
2720
-2703
347
891
-912
-339
-9
5
1674
-433
-1246
292
90154
-83777
-6462
-191
-2
-6
0
-7
858
-861
12
495
-217
2929
-2600
-612
1038
-1017
8
12995
-11291
-1539
-187
0
-12
3
11
755
3798
21420
-25063
-916
-5
334
25
-342
2548
-2559
32659
-27363
-5290
-3
368
-354
3615
1736
-4856
-269
-242
0
2106
-1894
1898
-1697
-403
2309
-1485
5
-398
-248
87
2080
-2330
-31
1164
-983
1189
65
-243
-1197
0
24
-20
25
22788
-22809
526
11406
-9671
-2257
2064
-2073
5089
-5095
32
-28
17
612
-600
-20
-14
304
-263
-33
-8
0
26
201
-207
-21
1
3104
-425
4794
-6962
11791
-5770
-6185
2116
-2175
-263
206
1888
-1460
156
495
3391
-952
-3724
2
14
171
-204
21
8044
-7795
3616
-3449
1715
-2130
-12
1020
-1031
5
529
-525
-49
3
2
0
2:1
-7
8
-5
24
-23
1
71
-76
157
-133
-23
-1
13
137
-55
-94
-1
4
26
-32
150
-146
-3
2:0
7
-7
77
-74
-1
7
4
-8
3
73
-49
-31
2
2:-1
13
-1
7
5
-22
-4
2
9
-8
-2
0
17
-17
0
28
-26
-2
2
-2
13
-8
-3
3
-1
15
-11
119
-112
94
-103
-5
-1
4
118
-106
75
-91
0
3
5
-8
17
-16
-1
2
198
-197
-1
24
-27
1
0
9
-10
6
-5
152
-151
109
-110
7
-5
2:-1
19
-18
10
8
-19
153
-154
3
0
14
-13
3:-1
1
4
15
-15
-2
14
119
-134
1
4
-5
2:8
4
-18
-3
0
179
-180
0
10
-1
-7
15
114
-113
-17
4
8
-13
102
-101
6
15
-22
0
2
1
-1
215
-218
2
-2
4
19
-21
1
5
-5
0
2:-1
4
143
-147
0
10
-9
-1
4
-1
1
0
-2
1
0
23
80
-105
1
2
14
185
-198
-1
1
-2
-3
4
5
2
-9
1
9
64
-70
-5
0
-2
109
-93
-10
6
-7
2:-1
79
-82
2:1
132
-132
20
-22
12
-9
-1
4
-2
1
12
1
-6
-10
3
2:-1
-2
2
-1
-2
4
-1
-2
0
2
6
-8
1
9
8
2:-8
1
-3
0
8
-4
-3
4
154
-158
16
14
-31
2
-3
10
-6
-2
24
-19
0
-6
210
-210
4
2:-1
7
1
-8
-3
1
92
-91
6
-6
120
-116
20
-16
-4
-5
18
-16
-2
2
15
-15
2
-3
16
-13
10
-14
14
-13
109
-111
122
-122
0
90
-78
16
1
-16
-5
9
-13
0
180
-170
-11
8
3
-7
147
-139
-10
16
-19
0
152
-135
-18
4
-4
1
114
-116
2
2:7
-12
-3
-1
24
-21
21
-1
-17
23
151
-174
12
-2
65
-71
203
-212
2
12
-4
0
-3
2:-4
13
180
-190
-1
8
-8
-1
173
-155
154
-151
-20
-1
4
8
-11
0
1
125
24
-122
-27
0
-1
1
-3
112
-111
2
13
-3
-9
-1
17
-8
-3
-7
-1
145
-138
5
-4
1
-5
-1
-3
27
-26
2
84
42
-42
-88
3:1
23
-7
-17
95
-88
10
-17
-1
7
-6
1
19
-16
-4
118
-119
8
21
160
-175
-13
7
0
-6
146
-131
-12
2:-2
3
-3
-2
1
-1
3
-2
7
4
127
-135
102
-103
13
120
-134
142
-143
26
-23
1
25
-30
1
0
8
-7
14
-5
181
-102
-80
-7
0
5
-5
-2
4
1
8
-8
-1
-4
20
-19
7
4
-12
3
19
-22
0
5
-1
-2
2:-1
2
8
-9
-1
2
7
17
-20
-6
0
6
2
-2
148
-151
-1
110
-107
6
-11
13
0
-14
1
2
1
-1
2
-4
154
-155
17
-15
4
-5
28
-7
-20
26
88
-100
101
-111
22
-24
1
15
164
-102
83
-162
-2
2
96
-93
5
-11
3
84
-78
11
107
-126
5
-4
8
-7
5
79
-79
2:0
-2
-4
0
184
-185
6
2
17
-13
-12
7
8
-4
-2
186
-188
-4
-2
0
79
-79
5
10
-6
15
0
-25
93
-89
2:-2
8
-6
0
-2
1
18
160
-169
-9
0
-1
6
-3
74
-68
-7
1
-3
11
118
-125
5
-8
125
-122
13
-2
-5
2
20
-29
118
-113
-2
5
16
-24
20
-12
-10
2
9
-12
5
1
23
1
-15
3
-11
-8
2
6
-8
21
7
-24
-1
105
-106
0
11
-12
7
2
85
-8
-72
8
-20
14
12
-28
-1
2:0
5
-2
2:3
-7
-1
22
-16
-4
1
27
-19
106
-103
6
-13
13
-17
-3
2
144
-31
-107
10
-13
-5
12
-11
0
4
-3
-2
15
-12
1
12
-6
8
11
-20
18
-26
189
-185
11
-16
15
92
-108
146
-132
-5
-2
4
-5
13
-19
21
-8
-9
3
-6
8
-7
21
6
-21
72
-47
-25
-4
16
106
-99
-27
3
5
-6
78
-56
154
-84
-92
5
21
-17
-10
0
14
113
-115
1
17
-29
192
-193
190
-190
3
-2
4
-2
16
-17
101
-77
-27
59:0
4
-1
1
136
-124
14
-28
-1
0
1
0
13
-14
12
2:-3
-5
5
3
2:-4
0
-1
3
-1
1
-3
1
4
7
-4
5
-9
2
-6
3
0
31
15
-30
-18
3
81
-81
7
-2
52
-59
4
-6
2:2
95
-97
8
-6
10
-14
1
-1
6
-6
5
46
1541
-1497
-63
-27
5
-5
-2
6
119
-126
1
16
18
17
-54
5
1
11
-14
644
-576
-57
-10
-4
0
10
-7
43
-8
280
-258
-59
5
13
-18
3
136
-138
694
-557
-135
0
11
-7
153
421
-454
-127
1
8
111
-119
154
-123
-26
-6
51
-48
66
-59
34
164
-195
-11
38
-5
15
34
82
-163
-4
0
14
-13
169
-161
-8
727
-710
-16
8
-5
199
-201
-1
8
3
207
-201
-11
18
-7
13
-25
-3
2
6
5
-15
-1
7
16
-3
203
-106
470
387
-965
348
-354
6
27
316
-342
10
21
289
-36
-290
-2
-1
3
-3
2
4
2
22
8
-3
-36
8
11
-11
-2
98
-102
-3
2:0
1
-1
4:0
2
-2
3:0
7
-7
4:0
3
-3
0
2
-2
0
5
-4
-1
2:0
2
-2
1
-1
4:0
3
12
-14
-1
1
-1
2:0
1
0
31
-31
-1
3:0
1
0
-1
2:0
1
-1
8:0
1
2:0
1
13
-13
-2
3:0
2
-2
3:0
2
-2
2
-2
2:0
2
-2
0
2
-2
2:0
7
-7
2:0
1
-1
9:0
2
-2
3:0
1
-1
2
0
-2
3:0
5
-5
1
4
5
-10
3:0
1
0
2
-2
-1
0
3
-3
0
1
0
-1
1
14
-14
-1
0
1
-1
3
-3
2
-2
2:0
1
-1
0
3
-3
3:0
3
-3
7:0
17
-17
5:0
2
-2
2:0
1
-1
0
1
-1
3:0
8
-6
-2
1
-1
2:0
3
0
-3
2:0
4
-4
3:0
1
4
-5
1
2:0
-1
4
-4
2:0
2
-2
2:0
1
-1
4:0
2
2:0
-2
4:0
1
-1
0
2
2:-1
0
2
2:-1
2:0
6
-6
4:0
4
-4
2:0
3
-2
0
-1
3:0
2
-2
0
3
-3
9:0
1
-1
0
7
-7
6
-6
4
-4
0
2
-2
1
2
-3
0
2
1
-1
-2
1
18
-18
-1
0
1
-1
19
-19
29
-29
4:0
5
-2
0
-3
2:0
16
-12
-4
5
-4
-1
7
-6
0
5
-6
0
29
-27
-2
3:0
7
-7
3:1
0
-3
3:0
10
-8
-2
6
5
-11
2:0
6
0
-4
-2
2:1
0
1
0
-3
2:0
17
-16
-1
0
2
-2
16
-13
-2
8
-9
1
-1
4
-3
-1
2
-2
5
-1
-4
1
-1
2:0
22
-22
6:0
2
-2
2:0
2
-1
2
-3
0
2
-2
0
1
-1
0
2:3
7
-13
6:0
1
-1
8
-8
0
1
-1
0
3
-2
0
1
-2
0
4
-4
6:0
1
0
-1
8:0
2
1
28
-31
11
-11
0
20
-20
73
-73
7
-7
0
2
-2
2:0
1
-1
1
-1
38
-20
-16
-2
1
-1
3:0
9
-9
2:1
-1
3
-4
0
3
-3
0
4
-4
0
2
0
-1
1
-2
5:0
2
9
-10
-1
2:0
4
-4
36
-34
-2
3
-3
4
-4
0
4
-4
0
1
-1
3
0
-3
11
-11
4:0
6
1
-6
-1
33
-30
3
-6
4
-3
-1
1
8
17
-3
-23
2:0
3
0
-3
0
1
10
-9
9
43
-54
2
-2
4
-4
4
3
-6
-1
3:0
2
0
-2
1
-1
0
5
-5
0
13
-11
0
24
-25
-1
1
-1
15
-14
0
-1
0
6
-6
0
14
-11
-3
0
2
-1
0
-1
0
2
1
-2
0
-1
2:0
2
-2
2
-2
2
-1
1
-2
5
-4
-1
13
-13
9
0
-7
4
-1
-5
9
-9
4:0
2:2
-4
2:1
-2
1
3
9
-12
10
-8
-3
2:0
1
-1
2:2
-4
0
7
-7
0
4
-4
2
-2
11
-7
-4
1
-1
2:1
-2
0
2
-2
2
2:-1
3:0
2
-2
2:0
9
-8
2
-3
3
-3
1
-1
2:0
12
17
-26
6
-9
10:0
2
-1
2
6
-9
23
-22
5
-6
3
-3
2
71
-73
32
-28
-1
-3
0
2
5
-7
4
2
-6
1
-1
2
-2
9
-8
-1
10
-10
0
2:2
10
-12
-2
2
0
-2
6
-5
24
-24
-1
3:1
3
-6
0
17
-17
3
-3
0
120
-120
11
-10
-1
0
1
0
1
-2
5
-2
-3
6:0
1
-1
26:0
1
-1
23:0
end
