v1
971
106
146
65
426
412
74
31
21
139
39
9
496
119
188
126
237
58
56
22
0
28
42
76
496
39
172
328
211
73
147
285
148
152
191
104
26
72
322
269
0
135
34
401
68
35
91
43
97
126
41
506
67
339
156
28
155
372
31
51
174
160
189
0
152
33
20
67
175
164
30
63
79
185
11
31
62
183
203
111
160
193
110
104
171
148
149
134
18
99
0
377
22
90
330
126
213
69
57
31
884
128
7
421
30
66
178
95
281
121
0
288
88
75
116
84
255
68
71
275
16
93
283
94
143
81
167
44
250
109
295
181
27
29
12
39
32
25
18
2:4
11
19
6
11
5
55
5
14
130
4
13
105
53
29
74
59
14
2:50
15
38
57
17
127
118
85
91
270
1
31
139
3
120
225
160
254
110
304
10
33
6
116
104
42
68
70
54
121
141
227
198
61
146
0
5
282
129
275
6
17
14
299
10
36
2
57
96
229
41
516
12
175
9
3
38
758
301
71
198
76
60
55
56
0
109
2
24
82
262
75
50
6
322
327
262
63
12
246
62
157
40
6
80
128
57
69
7
8
147
42
281
110
692
20
184
412
40
175
70
121
8
11
32
74
6
137
146
89
100
54
47
61
35
112
2
26
60
153
59
5
23
198
9
110
255
77
159
92
63
155
34
64
28
31406
10
12
9
204
86
44
85
88
84
112
36
8
22
1043
109
179
71
166
18
47
3310
2211
328
1553
3764
1376
10816
2650
2368
2398
3406
2376
830
5310
2988
1797
2652
2
4
8088
3707
943
2481
2018
3125
1
7
1
8
2
5
1
4950
116404
3545
7716
25
32
41
9417
32411
10
22
26
141
133
57
32
2:5
55382
41
102
7
157
36
18
39
18
17
145
27
10
2
1
10
2:1
6
5
2
1
950
3445
0
12835
4654
3093
10208
7894
86
813
165
1265
1062
665
970
3
6
16
31
54
4
28
54
40
9
27
1
3
1
43
47
4
5
1
40088
192
26
64
34
142
69
31
351
18
356
1
309
43
25
17
202
24
253
9
21
36
2:9
41
103
60
25
26
21
273
331
44
31
19
13
6
3
14
15
22
1
72
13
14720
135
50
2
7
2018
9723
1
102
48
12
116
54
0
10
28
15
58
5
30
52
68
29
2
22
1
50
11
7
0
7
12
40
76
16
49
-488912
8
3
0
87
20
178
58
0
269
219
52
0
31
98
59
153
60
26
395
115
104
501
120
703
77
29
375
237
15
481
193
54
0
186
651
59
0
293
155
0
152
0
318
3
1
0
445
50
457
1
315
484
535
378
209
280
190
377
96
0
46
9
24
142
44
340
239
202
303
47
54
236
213
0
417
458
14
142
80
380
102
152
0
173
61
111
237
25
210
118
190
144
16
231
152
309
100
101
24
87
66
29
200
60
282
55
164
354
0
85
332
67
215
7
330
25
33
17
32
18
72
27
1
48
127
0
7
11
178
8
11
4
131
101
0
38
168
144
13
554
635
357
70
0
865
292
100
28
169
0
33
127
32
59
170
171
254
340
104
17
156
712
170
1012
185
10
620
188
0
266
0
168
262
321
211
8
254
38
60
78
0
94
6
492
158
1129
0
362
48
504
105
142
107
17
236
6
28
609
89
156
54
52
313
85
8
19
196
31569
79
156
93
12
155
86
31
7
0
1
163
1008
234
87
5
136
2249
0
905
4397
7640
2792
2324
1
15640
2837
883
2777
423
3926
3521
10922
4780
4676
1432
13
4053
127237
41852
96
115
74
0
11128
44356
92
133
197
212
0
753
43
169
25218
1995
15992
1724
1705
535
52
55
44
49
3
0
154
4
30317
0
10282
151
49
634
41
167
940
9
11
490
152
14950
226
1977
9735
382
218
42
34
25
3
49
-488921
166
213
262
1248
225
303
72
163
656
779
68
46
375
12
641
261
248
216
134
25
62
173
235
595
674
1375
561
310
147
141
157
192
447
676
262
65
136
167
49
281
488
438
497
343
20
437
450
539
195
314
111
329
586
30
329
574
230
78
89
214
341
5
113
111
122
801
170
139
180
164
270
1269
36
78
732
232
164
381
649
58
934
131
590
186
365
570
407
172
553
73
200
3
18
405
229
494
162
185
357
512
211
276
193
128
63
144
375
10
91
460
92
88
108
61
52
0
19
149
33263
319
102
179
0
8058
16798
33359
4687
3430
5633
119907
49547
2624
1210
117
92
55532
505
67
832
7896
11384
24889
1
1230
143
1715
66
5
68
40
95
37
31847
8564
1638
106
120
13
354
171
435
82
26969
26
41
85
35
2
72
54
1425498600
499:0
1
299:0
1
170:0
13
60
-66
30
-27
20
1
-24
65
-42
-8
2
10837
-10843
161
-132
359
649
-987
-2
244
-269
-24
79
-84
1539
-1543
115
95
611
-822
49
15
118
-76
-99
101
-107
58
-11
1260
-1243
353
-411
-4
42
-31
-13
3
344
-322
161
-176
173
-168
4
-18
15
16
501
-533
1
2
-4
88
-76
-12
9
-8
0
22
-17
-3
0
-2
5
34
-31
-9
86
-71
25
-23
1089
-1105
208
-156
-51
2
0
68
-64
-5
994
-991
353
-358
276
-259
65
-82
43
-42
1
2:4
42
-36
40
2
-57
72
-42
-30
71
-8
-24
171
-35
-103
-72
-2
3
6
260
-182
-18
407
-443
-28
16
27
-26
-6
0
12387
-12381
-12
-10
123
133
-176
-79
73
768
-825
-4
1
-8
208
-209
106
-103
1788
-1686
-56
-39
131
-22
419
-518
10
-31
23
24
-42
-4
-5
261
-167
54
569
-616
-92
5
3
348
-360
122463
-119533
9431
-12168
-184
-3
-5
8
-13
75
-58
247
-258
32
-36
1
7
106
-117
10
-9
254
-252
34
-37
22
786
-808
38
24
634
-693
-3
67
-51
3
-18
85
963
-1041
1
-9
85
3213
-3297
4
29
151
-167
-4
13934
-6057
-7824
19
-83
33
2328
-2349
-13
43
-38
-6
13
66
-22
1252
-1304
1592
-1597
185
99876
-100053
-2
799
-769
-28
267
-276
141
-86
-55
15
2619
-2448
-27
-138
-15
17
-13
-4
398
111750
-112102
5152
-5193
80
-90
2
77
-41
-28
3778
282
-3694
-366
-5
0
-2
-4
0
29
-24
9223
-9228
140
5094
-5232
472
-382
-82
-3
191
-182
191
-197
371
1289
-1670
1282
-1282
452
-404
-36
80
-86
2
102
50
1308
-1258
-154
584
440
-370
-703
129
-134
62
-50
1509
-1210
-310
28
71
-92
5
11
-12
2
-16
11
55
-66
19
-12
37449
-37432
-21
3
-6
171
-166
405
-400
25
5596
-5568
-33
1478
-1508
1
6
112
10
7771
-7885
-12
8
82
-82
22
190
-222
42
-7
1210
-1155
-68
-20
0
13
-12
31
108
324
-337
-123
-7
101
-97
2
69
-24
103
-143
-4
80
-27
-60
213
-44
-100
-49
-16
2:1
31440
-31444
18
2187
34855
-37055
5
0
615
15446
-11265
-4776
-10
-11
923
-292
-639
1951
-1926
37
10
-66
-4
-2
-3
3
230
831
-1047
-1
54
-4
-63
2706
-2511
609
-803
123
6652
18695
-25472
102
-34
202
-269
10
6
-19
84
-75
-7
7
37
95
1357
-1485
4713
-4482
239
-483
5
-5
16
7
120
-81
6219
-5805
-377
72
442
3458
-4067
6
276
-275
-11
59
-50
321
-196
-134
5174
-4997
1865
-1987
-55
14
-14
5
-4
19
-18
48
156
-170
-41
1
2:-1
1
5
-6
1
-1
3
-2
0
-1
2:1
3
2:-2
1
2:0
2
2:1
-5
1
2:-1
2:1
-1
4
-2
0
-2
2
-2
2:0
2
-1
2
2:-2
5
-2
0
-2
0
-1
1
0
2
-2
4
-2
3
-5
-1
1
2:0
3
-2
2
0
-1
0
-3
1
0
3
0
-4
1
3
-2
-1
1
-1
2:2
2:-1
-3
5
-1
-2
2
-2
2
0
-4
2:1
2
1
-5
5
-1
-2
-1
0
1
-1
3
-2
3
-4
0
3
-1
1
-3
3
0
-3
0
3
-3
1
3:0
1
-2
1
2
1
-2
-3
2
0
1
-1
1
-3
1
2:2
-3
3
-2
0
-1
2
-1
-3
1
0
1
2:-1
4
-3
0
4
2:0
-4
0
3
2
-3
0
-2
3
-2
2:1
-2
-1
2:1
-2
1
0
-1
4
-3
-1
1
-1
2
-3
0
1
0
1
0
-1
1
-1
2
-2
0
2:1
-1
2
-3
0
3:1
-2
0
-1
3
1
-4
2
-1
3
-4
3:0
-1
5
-3
3
-5
3
-3
2:1
0
-1
1
-1
3
-1
3
-3
-2
3:0
4
-4
1
3
-1
-2
-1
2
0
-1
1
0
1
-3
0
2
1
-4
4
-1
1
-4
2
-1
4
-5
2
3
-3
2
-3
3:0
1
2:-1
5
-2
0
1
-2
-1
1
0
1
2:-1
1
4
-2
-4
1
4
-2
3
-3
0
2:1
0
-5
0
-1
0
1
0
-1
1
-1
0
1
-1
0
1
0
-1
4:0
1
-1
0
1
0
-1
1
-1
0
1
-1
1
-1
0
1
-1
1
3:0
-1
3:0
1
-1
0
1
2:0
-1
1
-1
2:0
1
-1
1
0
-1
0
1
-1
0
1
0
-1
4:0
1
-1
0
1
0
-1
0
1
-1
2:0
1
-1
0
1
0
-1
1
0
-1
1
-1
0
1
5:0
-1
1
2:0
-1
1
-1
0
1
0
-1
2:0
1
2:0
-1
1
0
-1
1
0
-1
0
1
-1
3:0
1
-1
1
-1
1
2:0
-1
1
-1
3:0
1
-1
1
-1
1
-1
1
-1
1
0
-1
4:0
1
3:0
-1
6:0
1
-1
1
2:1
-1
1
-1
5
-3
-1
5
-6
0
5
150
-155
4
-3
13
-4
14
0
-22
-2
1
-1
0
13
-13
0
21
-19
-1
0
5
-5
2:0
12
-13
2:0
6
-6
7
-7
0
2
-2
0
2
14
-14
7
-8
7
-8
0
1
2
-2
15
-16
2
1
-3
5
-5
0
3
-3
0
4
-4
3:0
1
2:0
-1
0
2
3
-5
17
-17
1
9
-10
2:0
6
-6
0
11
-10
15
-14
3
-5
4
-2
3
2:-2
-1
1
5
2:-2
0
-2
4
-4
0
11
-10
1
36
-26
-10
0
2:-1
2:0
4
-4
142
-139
0
5
-3
5
-10
2
67
-67
3
-4
-1
1
8
-8
-1
2
18
-17
-3
2
22
-24
37
-37
74
-58
-11
-4
7
-8
17
-14
2:0
2
5
-9
1
-2
22
-22
1
26
-18
-8
2:1
71
-66
2041
-2042
132
-109
-27
-3
1
7
-8
9
-5
-4
3
6
-4
0
-2
19
-19
-1
2
1
-3
12
-13
-1
70
-70
22
-21
26
-24
5
-6
0
-2
3
17
50
-70
2:0
2
51
-47
1
-7
9
-7
0
757
-579
-173
-6
-1
7
-7
3
-3
4
-2
-1
0
8
-5
44
-46
38
-38
-1
509
-510
4
48
-45
-2
13
-18
30
-23
-6
5
188
-138
-45
-10
1
0
3
-5
24
991
-1002
138
-151
1
-1
0
16
-7
4
205
304
-430
-92
2:0
2
0
1
-1
5
92
-99
41
183
-224
23
2:-10
3
10
-14
43
-40
58
209
-266
19
-25
7
1
-1
24
-28
-1
2
11
29
-4
-38
31
5
19
-57
2
-1
0
-1
123
-117
-4
14
25
-36
-5
6
-4
6
-8
2
0
3
-5
1
272
-273
5
-3
5
16
-22
-1
0
4
540
-542
-1
12
-11
-1
0
3
6
267
-276
-1
2
-2
6
1
-7
5
13
-9
337
-327
-16
1
-2
4
-5
15
-2
27
-36
-4
-1
75
-73
0
2:5
-8
-1
-2
8
-9
0
14
-9
10
-12
-2
1
0
20
-22
0
17
221
-234
-1
-3
92
895
-40
-944
1
0
19
87
-110
27
-24
13
-16
8
-6
-2
0
1
30
118
-144
4
-8
33
-29
-5
14
17
-31
65
235
483
-781
38
-39
7
-7
14
-10
-1
0
-2
1
-2
9
-5
5
-8
4
19
23
-48
2
-2
9
-9
25
-24
32
-6
-25
7
19
22
-46
0
2
-1
-5
4
-4
1
50
-51
37
-28
8
-16
-1
2
2:0
-2
2
-2
7
24
-30
-1
14:0
1
-1
1
-1
1
-1
3
-1
-2
23
-23
15:0
2
0
-2
3:0
1
-1
6:0
1
-1
5:0
3
-3
1
-1
5:0
1
-1
2
0
2:-1
8:0
2
2:-1
3
-3
5:0
3
-3
1
-1
0
1
-1
3:0
1
2:0
-1
3:0
1
0
2
-3
2:0
5
-5
3:0
2
2:-1
0
1
0
-1
0
2
-2
0
1
0
-1
0
1
-1
2:1
-2
3:0
3
-3
1
-1
6:0
2:2
-3
-1
2:0
8
-8
2:1
-2
0
1
3:0
-1
0
1
0
-1
3:0
2
0
2:-1
2:0
1
2:0
-1
2
-2
2
-2
2
-2
2:0
2:1
-1
0
-1
3
-2
-1
0
1
0
1
-2
0
1
0
-1
0
2
0
-2
6
-5
-1
2:0
2:1
0
2:-1
2:0
1
-1
1
-1
3:0
1
-1
1
-1
1
-1
2:0
1
0
-1
2
-2
4:0
2
-2
1
0
7
-8
5:0
1
-1
3:0
1
-1
3:0
2
0
-2
3
-2
0
-1
0
1
-1
3:0
1
-1
1
3
-4
0
2
-1
0
-1
2:0
1
-1
0
1
-1
8:0
1
-1
27:0
1
-1
28:0
1
-1
14:0
1
-1
4:0
1
2:0
-1
1
-1
11:0
1
-1
4:0
1
-1
12:0
1
-1
0
1
-1
7:0
2
-2
2
-2
23:0
end
