v1
827
584
273
108
264
52
139
178
162
323
4
75
235
218
20
51
6
56
22
28
452
40
168
165
324
4
182
102
432
148
152
159
136
98
132
323
271
177
258
259
94
148
160
508
400
54
307
38
21
135
82
174
277
257
0
156
218
82
63
368
242
381
441
171
297
134
494
293
149
339
64
5
10
47
0
376
433
106
239
135
127
55
30
244
95
281
171
229
372
205
189
275
109
410
358
294
46
63
295
208
29
12
39
32
81
6
25
48
3
142
6
118
2
80
53
9
12
59
129
3
109
127
565
78
95
120
420
226
103
304
10
33
6
116
338
121
141
85
142
87
172
433
410
17
14
299
10
38
66
17
70
229
41
528
132
43
808
301
71
22
367
165
2
181
187
75
50
165
654
111
54
7
247
33
30
103
43
13
43
80
128
19
107
15
147
323
110
611
101
182
2
8
237
10
157
3
37
34
141
70
2
119
8
11
32
363
89
100
54
108
35
92
20
88
130
23
64
23
196
2
257
102
251
32
60
63
98
57
34
31498
5
17
9
43
165
29
67
30
62
23
88
84
1
111
36
30
1152
179
132
105
18
47
9
2055
1246
324
1887
328
1553
5140
2464
2792
5560
2650
9758
5105
1825
2988
4449
2
10917
882
958
2466
5143
8
11
1443
119917
3545
7741
73
9417
2665
29746
10
22
42
125
113
73
36
5
55428
109
157
36
18
45
12
17
129
16
27
13
11
1
6
5
2
17
66
672
20
12976
3480
4654
3093
5056
13132
813
1430
1062
665
436
330
202
16
11
28
3
39
19
28
35
19
40
37
1
2
1
90
9
1
40280
90
219
57
138
587
1
46
306
42
479
9
21
7
29
2:9
144
30
17
358
116
37
222
31
2:19
4
13
38
72
14918
2
7
2018
9723
1
150
12
116
28
26
10
26
17
58
35
30
22
45
52
2
22
181
5
18
16
-488765
206
28
38
174
237
75
167
7
67
172
8
44
390
54
207
38
62
236
204
44
161
159
57
338
65
199
641
31
390
1
491
223
423
41
28
105
0
12
47
20
9
214
80
49
176
22
244
0
68
86
213
180
67
278
610
251
409
107
191
14
156
42
44
278
58
86
288
98
251
63
83
35
55
538
7
168
60
263
161
776
85
584
159
177
401
68
84
59
184
185
133
20
219
119
41
342
373
77
125
164
18
200
185
43
114
8
47
337
201
155
170
104
62
193
2
304
12
89
64
17
13
0
4
2
0
96
19
107
10
16
14
90
88
4
124
60
18
30
72
1
10
9
38
220
185
296
39
356
0
122
9
98
62
11
120
44
79
0
7
115
534
5
22
42
320
28
292
100
31
315
5
68
199
144
275
210
136
5
357
71
57
437
42
8
12
169
13
310
142
541
7
185
322
111
106
29
82
131
37
5
97
332
235
205
65
24
164
9
44
48
291
197
176
116
55
197
115
0
610
113
119
43
38
142
290
224
1
4
3
16
329
152
42
25
21
84
170
29
22
217
3
147
87
23
248
25
59
43
0
5
89
14
238
3
201
158
84
35
75
79
38
98
28
31
31370
7
233
17
15
54
14
184
95
1
163
36
1029
177
182
46
76
16
43
5573
322
1209
29502
5704
4349
872
2668
8044
33
2811
1874
3430
1014
21
3133
9
7
1
2
1425
3523
20260
96145
3543
7717
37595
692
3538
108
51
181
93
72
27
11
65
6
35964
18596
731
85
106
27
8
24
73
2
59
20
5
81
87
49
3
8
2
741
43
18
14
81
17
37
3460
30790
8957
2139
133
10
1681
1
8
25
65
6
47
24
15
10
3
1
48
19
48
25
26
30308
10004
80
160
15
54
2
5
624
139
71
12
190
0
23
39
29
109
110
49
86
175
4
19
69
150
5
4
22
35
599
131
38
39
14789
140
82
2
11710
104
47
14
72
16
119
11
90
64
56
7
54
22
25
3
37
12
1425204000
399:0
1
426:0
117
-110
16
-5
10
58
-80
-2
4019
-4018
227
-22
-206
273
-272
797
2373
-3116
143
-197
50
-49
1354
-1356
17
192
-85
-100
8
160
-178
90
3250
-3316
-37
69
357
-426
30
-31
30
-28
-1
24
-22
-3
109
-108
84
-83
312
-278
-14
177
-196
-2
16
5
-4
888
-868
993
-958
-55
51
-32
135
83
-208
3
-50
14
127
53
-122
-34
-9
181
-182
20
-48
2
1
49
-39
-11
17
0
18
252
-190
-98
0
110
279
75
-440
8943
-8967
55
-37
75
79
-172
1
0
21
88
-42
20
-33
-55
325
-325
1
80
-48
228
-262
1
0
749
-749
189
-97
-93
0
248
-248
97292
-97223
6717
-6723
-27
-15
2
51
69
207
-335
96
-110
35
-17
69
-88
441
-439
12
10
46
194
-264
2
52
8
312
-342
22
2344
-2176
-201
39
6444
-1871
-4597
-22
-14
16
-14
18
64
-83
185
-157
-26
-2
1
0
549
-549
214
-184
20800
-20831
375
-373
17
-19
185
-185
-1
1
0
11
61
-71
40
-11
20
-23
897
-859
-53
-11
104
99
33427
-32629
-978
-24
0
59
-59
45
1415
727
-2174
217
-172
-57
-1
1
34
0
-35
26
1441
3508
-4976
135
-63
-58
17
49
-80
167
-166
16
198
-185
-30
159
1042
-1140
-31
15
32
-27
-5
-1
-42
91
61
-114
-10
586
-488
-9
-117
1075
-34
-222
-819
10365
-9551
-578
-223
52
-64
24
192
-158
-44
-17
35541
-35403
3
-17
416
-503
3009
-2967
-77
48
1425
-1417
-57
228
-210
40
7805
-7771
-72
-6
45
-58
380
-368
1783
-1797
37
5
-40
26
132
285
-25
-380
-26
-13
42
-42
17
21
-19
36
-38
19
-6
18
26
-30
17
107
-133
-10
105
-110
5158
-5176
12
794
-807
12644
-12629
302
-302
5439
-2844
-2610
25
529
-347
440
-525
-98
-24
289
386
-677
12
25
78
332
-446
-1
92
4167
702
-4879
-62
-19
334
-192
38
-135
-44
-1
21
-21
52
71
-10
3
-22
185
-185
178
-209
-25
186
-101
-51
-72
74
-14
-39
55
140
-120
-20
-51
22
-19
28
-54
-1
102
-88
-19
-1
2
-1
8
0
-9
2:8
-16
14
-5
-8
-1
1
2
-3
2:2
-3
0
10
-11
0
1
2
-2
1
2:-1
0
3
-2
2
-1
1
-1
1
-3
3
9
-11
-1
1
-1
2:1
2
-2
-1
0
-1
0
11
-11
13
-5
-7
8
-6
-3
0
2:1
-1
1
0
7
2
-11
12
-9
8
0
-10
-1
2:0
12
-8
-2
10
-12
0
4
-3
11
-10
-1
12
-12
-1
8
-7
-1
3
-2
-1
1
0
-1
2
8
0
-8
-2
2:0
1
2
-3
2:1
-1
11
-11
1
-1
12
-13
14
-14
0
9
-9
0
10
1
-11
2
12
-14
2
6
-6
11
-12
12
-12
1
2
2:3
4
-5
-9
2
1
-1
1
4
-6
2:0
7
-7
1
2:0
2
-1
-2
0
1
7
-8
2:0
2
-2
7
1
-8
-1
2
-1
2
0
-3
2
-2
2
1
-3
9
-6
-3
2:0
10
-10
1
2:0
7
-7
2
0
-3
2:1
0
1
-3
0
2
1
-3
1
0
1
0
9
-11
3
12
-15
2:1
-2
1
-1
10
2
-9
-3
0
1
3
11
-14
6
5
-11
1
-2
2:0
3
0
-2
-1
1
-1
0
8
-5
1
-2
0
-2
7
6
-12
7
0
-5
0
-1
6
-5
6
-7
10
-11
11
-5
-6
0
10
0
-8
-2
8
-1
-5
-3
0
12
-9
-2
1
-2
0
2
-2
2
0
-2
0
2:4
-6
12
-13
6
-6
-1
0
2
1
10
-1
-9
10
-10
0
-3
9
-6
-3
3
-1
10
-8
-3
12
-3
-6
-3
0
7
-6
5
2
-7
0
1
-1
-2
0
10
-8
-2
13
-11
-2
2:2
-4
0
1
2:0
2
2:-1
0
-1
15
-15
1
-1
0
1
2:0
-1
1
-1
1
-1
2
-2
1
0
1
0
1
-2
14
-3
-8
-3
9
4
-2
-12
10
-7
0
-1
1
-1
1
2:-1
7
-7
2:1
-3
1
2
-2
11
-8
-4
2
-2
2:1
2:-1
2
-1
0
11
-12
8
-6
-2
9
-9
1
12
-10
10
-12
6
-5
-1
8
-9
1
14
-13
3
-2
0
2
2:0
-2
0
99
-99
3:0
1
-1
3
7
8
-18
2:0
25
-16
-9
2:0
16
-15
-1
12
-12
0
14
-14
2
1
-3
2
-2
0
6
-6
0
5
-5
0
2
-2
3
-3
12
-12
5
1
-6
1
-1
4
2:-2
0
2
4
-5
4
-1
-4
22
-15
-7
2:0
2
0
2:-1
6
-3
-2
1
-2
2:0
3
-3
1
-1
8
-8
30
-20
-10
0
2
39
-41
1
3
-4
7
-6
0
29
-29
-1
1
4
-3
-2
13
0
-13
25
-24
-1
2
0
9
-11
2
0
31
-33
5
2
-6
-1
31
-29
1273
-1275
65
-51
-9
2
-5
0
-1
2
3
2
-6
-2
3
9
-12
39
-39
0
12
-4
4
-12
0
4
3
53
-59
6
33
-37
3
-2
473
-371
-102
-4
4:0
3
-2
-1
0
2
-2
1
0
35
-34
24
-24
327
-326
28
-31
4
-2
8
-9
1
-2
0
2
18
-20
1
2
-3
1
74
-41
-27
-7
2
13
472
-409
-77
2:0
3
-4
10
102
239
-351
71
-68
-2
-1
2:3
0
-5
5
57
31
-94
14
-5
-7
-2
2
-1
12
-13
3
41
-43
-1
36
107
-134
-5
0
-3
15
-9
-4
-3
3
0
-3
11
15
-7
-1
-17
-1
20
15
-34
1
61
-53
-4
17
-22
2
6
0
-3
-5
155
-156
11
4
-15
6
309
-315
1
2
9
-5
-7
5
-3
4
187
-191
4
2:-3
1
7
-5
196
-199
20
-19
0
6
0
36
-36
-7
0
2:2
-4
1
5
-1
-3
-2
4
-4
9
-4
4
-2
-7
5
-4
9
-8
18
-20
0
13
-13
213
-206
35
-42
208
336
-543
1
66
-59
-5
-4
2
-1
31
80
-111
3
19
-17
8
-12
-2
44
61
239
-329
-7
-6
2:-1
0
4
-4
5
2:-2
6
9
-1
18
-27
10
-13
10
-2
-5
7
9
-21
1
0
1
-3
17
-16
3
26
-30
0
7
-3
-4
0
11
-11
4:0
2
-2
2:0
2
-2
2
0
-2
7:0
1
0
-1
13:0
1
0
-1
0
2
-2
5:0
1
0
-1
3:0
2
-2
5:0
1
-1
5:0
5
-5
0
2
-2
9:0
2
-2
3:0
1
-1
10:0
1
-1
14:0
1
-1
1
-1
2
-2
2
-2
4:0
13
-13
2:0
1
-1
0
1
-1
1
-1
2
-2
0
2
-2
3
-3
19:0
1
0
-1
0
1
0
-1
2
0
-2
0
2
-2
6:0
1
-1
2
-2
8:0
1
-1
2:0
1
0
-1
7:0
2:1
0
2:-1
2:0
10
-10
1
0
-1
2:0
2
-2
1
-1
3:0
2
-2
0
1
-1
4:0
2
-2
5:0
7
-5
-2
11:0
1
-1
5
-5
8
-8
5:0
1
0
-1
4
-3
0
-1
2:0
2
-2
7:0
1
-1
0
1
-1
4
-4
4:0
1
-1
0
2
-1
0
-1
2:0
1
-1
3:0
1
3:0
2
-3
4:0
2
-1
1
-2
4:0
2
-2
0
5
-5
0
3
-3
2:0
4
-3
-1
4:0
1
2
-3
2
-2
4:0
2
-2
9:0
1
-1
2
0
2:-1
4
-4
2
-2
0
2
-2
4:0
1
-1
1
-1
7:0
2
2:-1
3:0
1
-1
2:0
2:1
-2
1
-1
0
1
-1
0
5
-5
3:0
1
-1
0
1
-1
2:0
end
