v1
849
252
491
298
145
43
3
28
160
14
25
9
562
53
51
28
109
26
100
237
58
56
22
28
118
374
0
122
211
328
211
73
147
433
152
159
136
26
72
275
180
160
111
22
216
197
7
61
35
113
285
506
67
70
174
95
156
420
166
225
160
226
148
176
86
257
136
29
203
287
210
118
42
193
110
104
31
140
297
134
16
2
99
36
129
212
22
420
126
213
69
57
31
440
186
6
252
128
7
104
117
230
244
95
254
27
73
48
50
238
2
22
64
44
31
116
0
77
7
37
288
69
275
16
93
45
0
723
294
274
130
181
27
29
12
39
32
12
6
33
27
3
6
0
24
47
2
17
110
14
4
5
1
118
73
9
74
59
14
2:50
15
38
3
16
38
17
14
96
17
118
176
270
1
173
120
94
291
35
96
123
65
45
314
33
6
116
77
27
42
313
141
85
101
41
59
28
111
61
146
5
267
15
156
248
6
17
14
10
289
15
33
83
70
229
41
508
195
808
301
71
12
10
312
55
50
0
6
109
2
274
94
75
50
6
649
65
137
0
60
44
19
12
246
259
6
80
101
27
19
107
7
8
147
40
2
281
110
647
45
20
184
452
175
191
8
11
32
43
88
232
189
54
47
61
35
92
20
88
153
59
5
20
3
193
5
9
248
445
63
155
34
92
31406
22
9
43
161
86
44
85
88
84
112
36
8
22
1043
109
179
43
28
104
62
18
47
2064
1246
0
2211
2
326
1553
5140
10816
2650
1553
3213
5782
830
5297
0
13
2988
4449
2
8092
2825
882
943
15
2466
2018
3125
7
2:1
10
5
1
0
124899
7716
25
73
9417
32411
7
3
20
2
26
16
121
117
77
32
5
87
55376
74
59
98
93
6
12
17
145
0
37
3
11
1
6
5
2
1
950
3445
12835
4654
3093
1178
9030
7980
978
1265
1062
665
968
2:2
1
5
1
16
31
39
19
28
54
40
9
0
22
5
1
3
1
43
47
4
6
40088
192
26
98
142
69
157
243
231
125
1
96
213
43
25
17
0
202
49
228
9
21
36
2:9
41
103
30
55
7
40
273
350
0
25
50
13
6
3
14
15
22
1
72
14873
45
2
7
2018
9722
2:1
150
12
116
4
24
26
10
28
15
3
55
5
60
22
97
2
2:11
23
25
21
19
40
76
16
49
-489056
14
10
27
81
20
3
87
20
270
75
431
643
174
5
23
26
81
90
89
214
235
82
490
213
106
118
257
400
36
234
58
198
352
294
143
102
322
42
76
21
46
147
305
18
23
39
60
126
68
133
17
1
143
346
317
138
345
238
455
297
43
20
267
224
48
179
147
301
2
46
19
290
383
431
71
151
241
111
56
122
491
142
64
14
142
309
33
372
173
152
112
170
55
96
236
233
42
64
335
380
154
87
50
16
7
20
2
200
342
55
164
94
10
166
3
256
5
524
2
116
178
36
16
42
17
63
18
17
24
20
8
195
184
15
67
52
5
7
101
116
350
145
207
99
292
139
837
47
402
68
114
650
218
216
177
143
89
310
104
11
58
104
693
7
12
93
132
773
555
382
48
165
303
168
517
93
136
56
146
108
176
83
68
153
17
388
41
188
381
113
63
99
2
38
145
16
146
195
105
52
3
500
28
74
69
197
164
128
157
50
380
127
118
63
237
61
42
16
72
13
8
87
128
33
120
14
31402
118
56
81
18
22
25
6
14
155
124
22
7
1143
56
13
165
92
134
196
8056
1707
1394
5273
1359
3434
14534
9099
2616
1267
1391
8038
18
1
28
2
4685
4444
3147
16
1435
3523
530
115874
1
3543
7709
110
38185
2624
1043
37
59
9
52
147
53
19
27
36046
19650
3
29
15
10
100
92
44
23
953
7840
35448
2199
1147
535
33
71
45
2
47
2
3
30475
1513
8746
85
89
49
621
453
385
13
136
39
89
5
41
9
11
490
119
14
32
43
9
5
169
14817
48
72
4
1973
9839
47
152
37
30
13
28
45
273
24
1425491400
499:0
1
348:0
82
-53
-14
4
1
-4
-10
57
-28
-7
-15
63
10526
-10587
-6
4
747
-575
-165
417
-415
-2
106
-116
191
-2
-189
1278
-1275
149
-38
-106
39
73
36
-83
-73
99
-103
8
78
2:-43
40
-34
-7
8
-4
-5
72
-66
0
-5
0
1
1078
-620
-448
622
-630
-2
10
-11
2
18
1083
-1023
-75
6
41
-51
55
-44
-2
17
-22
576
-393
-166
-22
-1
5
18
-22
40
-23
873
-886
346
-348
141
31
-160
-13
-1
96
-96
84
-84
11
10
74
-80
-12
16
-20
79
-53
-25
92
-77
-10
-3
11
-9
0
-5
49
-35
-6
208
-12
-151
-37
-11
-1
184
374
-558
8
-4
5
-2
39
-37
573
-575
-10
99
-86
-2
-8
2:0
11
-14
12
-11
412
-413
2
69
-19
-45
1314
-1249
-64
0
106
10
288
-393
2:-7
22
-13
41
-50
5
49
-52
-7
269
-66
-111
-89
7
-5
-6
6
26
268
162576
-160964
24310
-26051
-166
6
-10
44
-21
51
-48
92
-118
-1
2
9
10
-17
-3
85
30
-114
19
3
-16
-7
493
-492
591
-592
45
1
757
-797
52
-33
981
-975
-11
-15
78
2809
-2889
2
7
-9
250
-250
12436
-861
-11550
74
-94
2:-2
0
2159
-2156
1
-4
27
-28
0
52
-48
988
-995
1433
-1429
151
91889
-92045
255
-253
679
-678
96
-92
98
87
-136
-24
2005
-1863
-139
-23
16
-26
186
104687
-104845
3823
-3812
-30
46
8
344
-401
2780
-2785
4635
-4396
31
-259
-9
7
1
-10
7529
-7406
20408
-20069
-409
-1
509
-564
170
-120
102
-70
257
911
-799
-354
-95
150
-111
-8
-16
-17
245
-201
-29
210
-28
-20
-150
-27
979
-777
312
131
-282
-360
231
-215
-14
-1
0
1175
-954
-208
82
-86
1
-1
0
125
-106
-28
6
-6
2
6
31967
-31955
-20
1
35
-35
366
-325
5140
-5174
-8
84
-87
126
-121
63
-58
10
1740
-1700
7640
-7701
3
11
-12
327
-291
-1
-26
895
-856
2
-45
5
19
47
355
-334
-74
-21
38
-38
843
-819
36
-62
45
83
-127
186
-135
58
-82
23
-52
15
-9
2:17
541
-580
412
750
7769
-8933
3
2
-5
31
299
15676
-11928
-3901
11
-186
512
-509
605
-589
57
-62
-10
1
-5
-1
185
407
-591
1722
-1704
-8
43
-8
-39
4
107
435
-543
92
2843
16942
-19876
69
-65
1154
-1058
-107
26
-27
2
102
-104
-4
63
86
-74
-73
19703
-19491
1297
-1503
27
47
14
9
-102
4199
-2919
-698
-333
3355
-3602
1
14
165
-176
-3
-2
66
-56
-10
113
570
-423
-262
64
-65
3
72
-74
1
32
257
-247
-47
2
-1
-3
3
-2
2:0
-1
1
-1
1
-1
1
3
-4
2
-2
3:0
4
0
-4
3
-2
1
-1
0
1
-2
2
1
-3
2:0
4
-4
3
-3
3
-2
3
-1
-2
2
-2
3
0
-4
4
-2
2
-4
1
2
1
-3
1
0
-1
1
2:-1
4
-4
2
1
3:-1
0
2
-1
2
-3
4
-3
-1
2
-1
0
-1
1
2:0
-1
4
-3
0
2
1
-2
0
2
0
-2
-1
1
2
0
-1
1
-2
1
-1
1
-2
1
2:-1
2
-2
1
2
-1
1
-2
2
-1
-2
1
0
1
-1
3
-2
2:0
1
-3
2:0
1
-1
2:1
2
-2
0
1
0
1
-1
1
-4
0
1
2:0
1
-2
1
0
1
-2
0
1
3
-4
2
-1
2
2:-1
1
-1
1
-1
2
-2
1
-2
0
2
-1
2
0
-1
-2
2:1
-1
2
-3
4
-1
-2
0
-1
2
-2
3
2:-1
2
-1
-2
2
-1
3
-3
0
2
0
-2
1
-1
0
1
-2
0
3
-2
2:1
-2
-1
1
0
2
1
2:-2
2
1
3:0
3:-1
2:0
4
-2
1
-1
-2
1
2
-2
1
0
1
-1
-2
3
-3
3
-3
3
-2
0
-1
2:0
2
2:0
-1
4:0
2
2:-1
1
0
1
-2
1
0
2:-1
2
1
-2
1
0
-2
4
-1
1
-3
0
3
-4
2:0
4
-4
3
-1
2
0
-4
3
-3
1
3
-4
2:0
3
0
1
-3
2
-3
2
1
-2
1
-2
3
2:-1
0
1
2
-4
2
-2
2
-1
1
0
1
2:-1
2:0
-1
2
-1
2:0
2:1
-2
0
-1
3:0
2:1
2:2
-3
0
4
-4
0
2
-2
0
1
-1
136
-135
0
-1
3:0
14
-13
10
-10
3:0
1
8
-10
1
15
-16
1
6
-5
2:-1
14
-13
-1
1
-1
2
-1
2
-3
2:0
1
5
-5
3
-4
2:0
5
-3
0
13
-15
2:0
1
0
2
-2
-1
0
2:1
-1
2:0
1
-2
0
8
-8
4
-3
-1
0
1
-1
3
-3
17
-16
9
-9
2
-3
3:0
3
-2
3
2:-2
3
-2
1
-2
2
-2
2
-2
2:0
2
3
-5
4:0
5
-5
1
33
-27
-4
0
-3
0
2
83
-84
1
-1
1
0
-1
1
50
-50
-2
2:0
3
-2
2:0
10
-10
0
-1
1
-1
1
13
12
-26
50
-40
-8
-1
14
-14
12
-10
-2
3
-4
4
-3
-1
3
2
-3
-2
34
-26
2
-10
2
-1
0
1
-2
73
1748
-1815
110
-99
-16
-1
0
11
-9
2
0
-3
-1
1
-1
6
-1
-4
0
11
-11
0
3
-2
0
-1
18
-17
46
-48
21
-18
16
-13
-2
9
36
-48
-1
2
-1
49
-47
0
3
-6
13
-13
682
-514
-164
-4
1
-1
3:0
1
0
-1
7
-7
2
3
-4
39
-38
35
-33
-4
503
-501
-1
2
50
-53
3
-1
15
12
-21
-4
149
-108
-38
-3
-4
4
15
834
-850
105
-107
0
-1
12
-5
3
155
-161
515
-517
73
-73
-1
1
3
-4
89
-56
125
-136
-13
-9
2
-2
16
-14
43
-42
52
174
-226
8
-12
10
-3
-7
13
-13
23
-18
-5
10
-9
0
11
-12
32
13
-24
14
12
-47
3
-2
0
-1
0
109
-101
2
22
-32
2
-2
2:1
4
-6
2
-1
4
-4
244
-245
3
-1
14
-15
-1
2
458
-459
-1
3
-1
7
-7
13
-13
-2
6
2
233
-241
0
4
-3
8
1
-7
7
300
-295
1
-14
2
12
6
16
-34
-3
0
46
-44
4
2
-3
-5
3
4
-8
16
-8
11
-13
-6
0
2
-2
2
1
11
-13
-1
12
197
-207
2
0
-3
-1
68
379
329
-771
-4
0
91
-92
27
-26
-1
6
2:-3
2
-1
31
82
-114
2
3
-4
27
0
-26
-2
4
10
-14
55
213
343
-610
39
-39
4
-5
15
-7
-6
0
2:1
-3
7
-3
4
-8
7
16
26
-47
14
-14
17
-16
0
30
-8
-15
5
28
-44
0
4:1
-4
9
-9
0
60
-30
-25
-4
6
-5
2
0
-3
0
7
34
-42
1
-1
0
1
-1
8:0
1
0
-1
1
-1
0
1
-1
1
-1
0
30
-30
14:0
1
-1
1
0
-1
1
-1
0
2
-2
1
-1
1
-1
4:0
1
0
-1
6:0
1
-1
3:0
1
-1
12:0
1
0
-1
4:0
1
-1
9:0
1
-1
12:0
1
0
-1
4:0
2
-2
2
-2
9:0
1
-1
2:0
2
-2
2
-2
0
5
-5
4:0
1
-1
3:0
1
-1
5:0
2
-2
1
-1
2
-2
5:0
1
-1
0
1
-1
2
-2
2:0
1
-1
1
-1
0
1
-1
1
-1
10:0
1
-1
3
-3
3:0
2:1
-2
0
2
-2
2:0
2
-2
4:0
1
-1
7:0
1
-1
0
1
-1
5:0
1
-1
7:0
2
-2
7:0
1
-1
6:0
7
-7
1
-1
5:0
1
-1
0
1
-1
1
-1
4:0
1
-1
6:0
1
-1
0
2:1
-2
1
-1
0
1
-1
7:0
1
-1
3:0
2
-2
1
-1
2
-2
0
1
-1
2:0
1
-1
0
1
0
-1
1
-1
1
-1
2:0
1
-1
3:0
end
