v1
1118
743
538
15
124
39
547
77
126
15
173
295
56
7
15
28
99
726
284
328
92
55
414
171
191
202
322
46
358
177
258
194
18
122
167
136
24
161
39
213
339
184
392
166
225
281
241
12
176
53
33
257
79
57
139
93
183
146
124
204
193
110
104
171
925
149
293
234
105
126
376
539
128
7
104
82
53
406
145
281
121
651
394
275
16
822
39
214
80
109
295
181
56
45
38
25
18
2:19
31
46
2
141
9
1
118
82
74
59
64
30
35
38
57
17
127
118
105
71
271
173
120
225
195
86
133
110
98
216
33
6
116
146
138
37
17
64
57
141
186
41
256
3
146
287
156
271
14
291
8
46
2
153
229
41
509
19
175
9
703
96
301
460
56
109
2
24
157
187
75
50
6
694
261
23
33
221
33
312
128
126
15
147
157
262
14
692
20
82
102
412
40
175
191
8
11
32
74
289
89
100
54
47
31
30
35
200
153
64
20
3
193
5
151
300
119
132
63
189
92
31401
5
22
9
208
82
44
85
88
196
36
8
17
5
1104
48
68
111
71
166
18
3357
2211
328
1553
2387
1377
1376
10094
722
2650
4766
5782
6140
2988
436
4013
2
11799
943
15
2466
5150
12
5
1
2
1425
3523
116404
3545
7741
73
9417
32421
22
42
315
32
5
54647
703
167
20
59
98
7
2
27
40
17
2:3
12
17
29
7
2
107
27
13
10
2:1
6
5
10
943
16280
4654
3093
18188
2243
874
188
665
436
532
9
18
31
58
28
8
26
20
8
1
31
37
3
1
90
9
1
30302
1513
8465
26
64
9
167
69
31
163
562
1
296
56
42
202
49
228
9
57
2:9
41
103
56
4
25
8
13
26
273
135
240
13
56
3
14
15
22
1
72
14733
150
35
9
2018
9723
1
150
12
116
28
36
26
2
73
5
82
67
30
2
22
88
116
16
49
-489090
311
73
98
81
0
14
224
219
14
42
89
36
7
31
44
164
8
18
104
138
174
54
84
86
37
103
190
171
38
320
0
144
39
114
122
22
11
6
3
4
197
292
4
114
1
39
3
231
36
17
179
96
102
46
311
60
306
139
4
169
171
28
184
65
4
283
50
37
105
1
5
19
33
192
103
251
122
66
167
27
113
0
164
82
14
54
345
9
144
3
7
112
103
311
72
32
5
168
6
18
139
35
156
28
244
38
288
157
45
147
32
17
14
39
43
36
29
136
243
87
417
20
81
38
1
152
0
238
315
15
261
13
57
10
278
4
10
78
77
296
33
220
152
64
24
270
0
49
175
25
55
30
90
35
47
42
30
189
126
34
29
71
283
77
108
224
125
87
66
380
68
9
50
64
219
173
31
235
287
112
45
155
20
2
101
138
50
5
6
30
1
24
28
47
53
6
1
2
55
7
52
11
3
117
13
82
25
24
64
21
40
62
5
7
21
4
28
53
33
54
69
68
121
116
11
84
50
207
99
7
85
171
46
291
66
65
44
112
278
103
44
122
103
390
191
178
23
21
7
54
57
91
121
7
12
19
59
141
29
144
79
188
8
6
141
119
80
5
18
81
17
156
19
112
15
10
337
114
34
51
8
5
232
252
17
140
91
457
173
12
10
83
93
43
4
89
75
30
140
43
208
384
160
125
61
132
12
143
102
80
11
18
291
1
8
9
33
12
84
56
6
38
217
4
76
65
130
283
18
426
275
2
36
142
21
84
10
237
10
92
57
11
71
157
54
215
21
0
16
6
55
273
50
128
120
91
38
48
219
53
121
11
5
87
11
18
178
52
244
11
42
23
33
32
21
146
54
15
42
20
78
31440
4
73
37
49
66
33
346
8
18
102
1044
81
63
154
179
121
49
9
2055
3782
2219
6941
2792
2324
1
3220
9957
2463
3
1620
4874
423
2185
1744
867
2
2658
10
8046
29
2
1
0
2811
14
3373
1916
2
1033
3125
1
7
1
8
4
1451
1
119907
3543
1736
0
5981
2:51
38185
3585
11
43
7
21
15
10
5
7
39
20
75
40
73
1
19
53
19
4
99
6
6595
29369
19327
85
12
35
20
218
2
56
32
110
56
2:1
26
726
7
22
24
8
32
80
39
9
7829
10816
15594
3251
4643
247
652
247
1105
951
133
1691
3
6
44
52
47
14
3
8
24
44
63
3
9
22
3
13
4
9
40094
617
30
37
12
22
209
231
172
41
9
213
14
54
2
92
15
134
161
83
7
13
19
3
192
33
17
2
3
4
27
15
4
9
31
176
182
58
94
14
70
19
56
17
2
13
91
28
27
13272
1588
82
4
1973
9735
148
3
86
16
57
25
48
4
3
83
37
8
19
54
85
46
7
24
28
53
26
-488872
10
318
157
703
69
239
2339
228
357
584
317
622
76
140
830
110
679
180
592
606
365
292
1304
243
469
183
153
111
2:56
150
787
339
120
562
323
1191
60
519
166
218
76
103
0
698
61
262
549
42
23
92
194
425
60
135
165
301
164
681
59
595
253
913
1455
832
76
2168
97
164
168
754
194
0
206
48
124
500
1115
1438
516
335
498
168
42
508
31449
258
3
28
26
226
48427
11587
9201
177638
46
351
55489
634
745
3621
40655
1230
144
1715
5
56
41940
243
76
1321
26922
73
121
3
37
363
1425757200
399:0
1
599:0
1
117:0
34
12
-27
61
-36
-14
7150
-7154
975
-910
141
14751
-14962
21
856
-828
1319
-1290
214
-269
1341
-1357
218
-180
73
-68
-42
221
-220
37
-36
21
105
-123
6
5027
-4937
-72
104
-143
10
405
-1
2379
-2691
-23
-53
202
-222
2
2:-2
2
3
26
255
-278
-1
46
-31
658
-648
396
-405
79
588
-658
577
-531
-13
169
-153
18
-97
153
-155
92
-71
11
86
1588
-1140
-443
-112
-13
19
-4
869
-874
16
-20
57
-61
1802
-1761
-24
213
-197
-34
-3
4
1
194
41
-131
19234
-19266
60
8
64
-3
-186
-19
2693
-2675
104
16910
-17021
184
58
-187
-13
-27
2
531
957
-1285
159585
-159259
6763
-7130
-141
-38
-12
34
30
7
-59
61
44
61
5022
-5199
102
-93
-10
41
-33
126
-12
326
-426
-17
1456
-1460
207
-187
-3
-18
68
398
3145
-3567
65
621
-673
-29
25311
-15834
-9295
-132
266
-344
21
37
32
-73
16
780
280
-940
40852
-40989
165
614
-789
16
-5
369
-376
132
-43
-93
2942
-2773
-127
10
-56
-3
4797
94959
-99751
310
7968
-8282
285
-263
4556
-4574
5597
-5598
291
-288
-4
2
160
-83
2922
-2924
392
4924
-4571
-522
-300
3
473
-408
331
219
746
-1364
65
108
-143
529
-444
72
-184
198
-175
264
-142
1421
-1252
-291
9549
-9107
-459
438
993
-1381
-32
1406
-1216
-193
-3
104
-97
-29
115
-90
74
29669
-29721
-45
2
-1
-4
3
820
-421
-394
4717
-4683
223
-20
-70
-172
7596
-7600
27
34
-55
9
57
139
-208
141
-113
9
137
160
-320
1131
-1140
513
2373
-2798
-92
-4
2
14
128
727
-695
-173
196
-190
2:40
23
135
-243
115
-19
160
-223
-35
9
25616
-25590
1520
-1489
691
7632
-8293
-93
47
11894
2408
-7145
-7179
39
5029
-5095
39
138
-167
166
-175
-3
49
-47
103
91
1240
-1383
-46
29
-34
8
338
1368
-1588
2797
29663
-32568
198
-219
148
-123
134
84
-230
24
191
-157
-69
99
-88
267
-245
10433
-9873
-488
2019
-2036
-54
102
32
5082
-4928
-73
3068
-3076
-243
81
-65
-4
75
-85
243
24
373
-629
17
-29
41
2042
-2012
-78
-7
-4
1
2
0
3
-4
-2
1
2
-2
-1
13
-9
-4
10
-6
3
-4
-3
-1
11
3
-9
1
6
-8
2
-5
3:0
3
5
-5
3
-4
4
-5
3
-2
0
-2
2
12
-12
2
-4
6
0
-6
4
-4
12
-9
0
-3
2
1
2
11
-15
9
-8
-2
0
12
-7
-4
3
-4
4
-2
12
-9
1
-5
1
2:-1
1
0
-2
1
5
-4
2:8
-2
1
-6
-1
-8
11
-12
13
-8
0
-6
6
3
-8
2:0
8
2:-2
2
4
-10
2
0
6
-8
6
4
2:-4
-2
5
-1
-4
0
14
-13
0
1
-2
1
-1
0
4
2
0
-6
7
4
-7
3
-2
5
-7
-3
1
14
-15
0
1
2:2
-6
6
-4
1
2:-1
13
-11
-2
5
-5
3
2
-5
6
-1
-4
0
14
2:-7
1
2:-1
0
13
2:-6
1
-2
7
-6
0
2
3
3:-2
0
2
9
-9
0
1
0
-3
5
-4
6
-2
10
-13
6
-7
2
-2
6
-6
8
-7
2:-1
8
0
-5
-1
-2
1
8
-2
3
-6
0
-3
16
-17
9
-2
8
-12
0
-2
2
3
0
1
-6
12
0
-7
-5
1
3
-1
3
-7
4
2
-2
2
2:-3
5
-5
2
-2
1
5
-2
4
9
-15
9
-6
7
-12
9
-7
1
-3
1
3
-3
8
-9
13
-12
4
0
-2
1
0
8
-12
0
1
3
1
-1
5
2:-4
0
-2
16
-12
3
7
-12
14
-4
-10
2:-1
12
-11
13
-13
3
-2
11
-10
0
2
-4
1
2
3
2
3
-7
5
-9
10
-2
2
-8
7
-9
2:0
15
-4
-12
2:3
-1
-4
15
-15
4:0
15
-5
-9
0
5
-5
0
6
-5
0
3
-3
9
-7
-3
8
-8
9
-7
11
0
1
-14
4
-2
-1
13
-14
2
1
2
-5
1
-2
8
-5
3
-5
0
-1
2:2
-3
8
-9
13
-13
3
-3
0
2
-1
2
-1
-3
0
13
-7
-3
0
6
-6
3
-1
-4
15
-6
6
-12
-1
0
2
-1
2
1
-4
-1
6
-4
2:0
-1
0
2:-1
0
3
5
-4
7
-8
10
-13
3
0
11
-9
-2
0
2:-1
1
5
-8
2
15
2:-8
1
6
2:-1
-3
-1
5
6
-11
2
-1
5
2
-9
0
3
-1
-2
9
-5
-3
-1
13
3
-15
2
-2
1
-2
7
1
-1
9
-14
4
7
-6
-7
2:0
5
-5
0
6
-3
6
-2
2
2:-4
2:0
7
6
-2
-7
-5
1
-1
0
3
-1
4
7
-12
7
-8
2
1
-3
13
-12
0
5
-5
4
-1
-5
3
0
7
-8
12
-13
16
-15
12
-12
3
-1
-3
12
-11
5
-4
4
10
-1
-13
0
15
-16
-1
0
9
5
2:-6
6
-8
1
7
-8
6
-6
4
1
2
4
-11
0
7
-7
0
1
2:3
-5
11
-11
-2
1
12
-8
-5
1
11
-12
4
-2
-1
2:6
-8
-1
9
-13
-1
117:0
2:3
-5
9
-8
-1
155
-154
0
1
21
-4
-16
20
-20
-2
11
-12
34
-34
2
-2
18
-16
21
-22
-1
9
-8
8
-6
-3
3
7
-10
3
-3
0
7
-6
-1
2
1
31
-34
0
5
1
-4
6
-7
3
-2
-1
4
-3
-2
3
-1
3
0
-4
22
-17
-4
15
-17
18
-15
1
5
-6
0
-2
-1
1
-1
6
4
-8
21
23
-29
-15
-2
2
-2
93
-90
3
-1
6
-6
87
-86
-1
-3
7
-5
19
-14
-9
0
22
21
77
-108
-3
2
-4
13
-18
-1
14
-5
5
-15
1
24
-7
-9
-3
-4
-1
3
93
-96
2206
-2203
114
-86
-30
7
-9
8
-8
11
-8
5
-8
1
28
-22
4
-7
1
8
-13
17
-16
60
-43
-8
13
-22
6
-4
1
2
17
42
-6
-52
6
8
-17
0
1266
-1072
-186
-12
3
0
-3
0
7
-1
1
43
-2
-47
626
-627
2
60
-59
2
-4
18
-18
31
-16
-13
189
-128
-49
-15
5
-4
31
1279
-1305
-6
152
-150
14
-16
232
-228
962
-963
120
-117
-3
7
-5
1
133
-98
-36
185
-164
2:-13
11
55
-62
76
3
216
-293
-6
16
-16
10
-5
5
-2
34
-35
4
37
2
9
-58
7
15
-23
40
39
-78
2
154
-149
2:7
38
-53
-5
5
15
-18
269
-268
-3
-1
4
-3
11
21
-34
5
791
-795
14
1
-10
-1
263
-268
0
7
8
-14
15
-6
-2
-3
-5
25
-25
9
2
385
-396
1
0
33
-30
5
-6
13
7
28
-42
-9
66
-62
5
-2
1
18
-26
9
4
-11
6
-7
3
28
-31
16
-17
0
270
-269
1
9
105
322
962
-1390
8
269
-285
1
18
-16
13
-18
9
-3
-4
-2
42
218
-255
0
24
-21
-5
20
21
53
277
560
-931
41
-44
2
4
-1
-3
11
-7
-5
1
6
1
-7
16
-16
12
26
-25
-13
-2
18
10
-21
23
-9
-12
38
-20
-26
2
1
12
1
-16
151
-152
24
-15
7
-14
2
169
-168
-4
-1
2:0
1
0
-1
6:0
3
-3
0
3
-3
5
-4
-1
1
3
-3
-1
3:0
1
-1
9:0
1
55
-56
2:0
1
-1
3:0
2
2:-1
1
-1
4:0
1
-1
3:0
4
-4
7:0
1
-1
11
-10
1
-2
3:0
1
0
-1
2:1
-2
2
-2
2
2:-1
4:0
1
-1
2
-2
2
-2
3:0
2
-1
2
-2
0
-1
2:0
1
-1
6:0
1
-1
1
4
-5
0
1
-1
3:0
1
-1
2:0
3
-2
-1
0
2
2:-1
6:0
2
0
-2
3:0
1
-1
2
-2
0
1
-1
1
0
-1
0
6
-6
2:1
-2
2:0
1
-1
0
3
-3
6:0
2
2:-1
4:0
4
-4
3:0
1
-1
0
2
-2
4
-4
3:1
-3
2
-2
2
-2
0
1
2
-3
3:0
2
6
-4
-2
2:-1
0
4
-4
1
-1
2
0
-2
0
2
2:-1
2
-2
2:0
5
-5
3:0
5
-5
2:0
1
-1
2:0
1
-1
2
-2
1
-1
2:2
-3
-1
2
0
-2
0
2
2:-1
6:0
2
1
-1
-2
6
-5
-1
3
-3
2:0
1
3:0
-1
4:0
1
-1
2
-2
0
4
-4
2:0
1
-1
2
-2
0
2
-2
2:1
-2
0
1
-1
0
7
-3
2:-2
0
2
2:-1
1
5
-6
2:0
2:1
-2
4:0
2
-2
4:0
2:2
-4
0
2
-2
0
1
-1
0
1
-1
2
-2
0
6
-6
3
-3
0
4
-4
0
3
-3
0
1
-1
0
3
-3
0
1
0
2
-3
7:0
2:1
8
-10
0
1
-1
2:0
1
-1
1
-1
7
-6
-1
0
2
0
-2
1
-1
1
4
-3
-2
0
2
2:-1
2
3
-3
-2
1
5
-5
0
-1
2
-2
3:0
6
-6
2
-2
2
2:-1
2:1
0
-2
3:0
1
0
-1
0
2
2:-1
0
2
-1
3
-4
2:0
2:1
0
-1
3
1
-5
4:0
3
-1
-2
2:0
7
-7
3:0
8
-8
5
-3
16
-18
2
2:-1
6:0
4
-2
2:-1
2
0
-2
1
-1
0
3
0
-2
-1
5:0
2
0
-2
1
-1
1
-1
0
3
-3
1
0
-1
2
-2
0
1
-1
3
-3
4
-4
2
-2
1
2:0
-1
3:0
1
0
-1
4
5
-9
1
-1
7:0
1
-1
0
2
-2
1
-1
5
-5
1
-1
1
-1
6
-6
2:0
3
-3
1
-1
3:0
3
-3
2:0
2
-2
2:0
1
-1
0
3
-2
-1
20:0
1
-1
29:0
1
-1
16:0
1
-1
0
1
-1
13:0
1
-1
14:0
1
-1
0
2
-2
11:0
end
