v1
1048
2083
314
351
50
825
612
147
328
756
1556
1879
1130
1355
171
925
907
3287
1152
294
724
307
204
262
977
479
390
314
33
6
801
1622
423
1812
460
167
24
344
75
1580
181
126
162
433
1722
595
54
108
235
217
23
198
920
34
31498
31
419
172
112
36
7512
5317
1376
10816
2650
16688
27824
124905
7741
9490
28772
3713
352
55822
293
24895
20073
3111
44
42
54
8
69
3
1
100
40280
1092
873
9
66
9
993
127
26668
1
150
12
368
97
228
-488794
287
0
131
73
486
52
153
34
130
366
670
58
78
146
39
335
843
663
69
102
159
136
98
236
379
394
152
194
813
67
495
420
166
606
66
87
20
499
79
57
415
57
2
144
111
353
110
706
0
458
478
99
240
69
433
539
135
104
223
39
30
329
65
288
114
279
9
363
271
380
18
16
93
119
10
853
189
295
181
0
27
29
95
13
10
8
38
31
46
2
24
126
1
118
53
103
45
14
64
103
19
38
17
245
85
362
293
225
160
254
414
165
104
42
138
54
121
141
186
41
256
3
433
410
17
14
299
15
31
68
316
753
1
40
758
706
111
106
3
183
312
655
583
209
10
126
185
84
187
1040
65
184
360
92
175
70
121
19
32
43
320
290
59
129
20
2
239
59
221
14
693
63
281
31428
52
194
53
44
173
240
22
1152
68
182
0
46
120
18
47
3310
2211
1881
11718
11654
5782
9128
3064
1385
2
4
11795
943
15
2466
5151
16
121355
3544
49653
18
4
147
133
109
7258
28798
19486
157
7
29
57
6
65
109
27
24
1
6
5
2
755
16476
2931
1723
13301
0
7980
813
2303
189
665
436
245
287
2
25
28
61
63
59
84
47
4
5
40209
98
64
176
69
31
725
353
25
17
545
59
103
30
74
7
21
273
331
44
50
36
38
85
14914
2018
9870
132
18
36
10
26
2
11
47
15
5
181
22
0
23
25
40
117
15
-488858
6
308
144
111
376
6
67
174
24
74
26
22
158
5
31
6
27
49
3
7
82
5
8
15
196
28
47
116
90
220
74
3
43
142
110
249
75
6
103
18
77
29
117
1
52
213
16
102
202
60
65
12
71
65
127
94
23
374
2
26
23
79
204
19
15
156
122
11
72
40
159
34
67
34
42
6
146
75
0
21
93
30
36
56
30
39
28
65
59
34
119
3
79
94
67
234
88
24
1
140
175
45
85
9
86
12
178
69
153
3
7
2
99
11
91
12
48
198
137
42
110
120
32
69
74
50
22
40
60
22
113
122
30
73
31
62
85
46
156
24
123
19
170
7
40
30
117
64
15
230
74
67
256
105
54
18
83
101
154
269
354
166
150
0
20
0
23
160
132
192
0
150
105
96
21
28
145
61
19
72
82
55
10
4
106
80
30
125
69
49
1
7
282
44
16
27
2
107
62
185
141
44
31
24
69
265
140
211
333
240
83
23
30
86
29
9
104
54
90
66
176
42
25
196
4
20
2
101
15
256
11
22
6
2:19
41
8
5
2
8
14
3
17
7
52
14
5
72
28
12
127
10
7
64
4
17
135
21
22
37
5
15
18
236
223
71
250
99
7
110
63
455
27
11
48
10
211
120
49
235
250
331
392
28
3
108
207
5
6
32
30
29
170
143
28
248
147
199
35
86
70
44
42
91
402
199
8
5
7
22
110
43
313
510
177
7
41
103
29
22
176
76
135
219
14
20
168
102
85
38
209
0
434
83
66
46
73
44
19
29
234
28
29
1
159
26
11
6
38
8
103
21
57
21
88
5
243
12
223
63
381
1
112
162
2
81
73
29
100
10
234
13
160
228
293
11
2
6
31
77
23
197
38
317
34
21
53
0
13
23
228
45
96
11
127
172
174
48
24
11
50
42
16
19
21
4
28
13
8
85
38
23
2
52
19
149
11
31402
3
7
111
7
70
40
5
32
56
253
38
9
13
9
1099
42
0
94
0
50
182
8
11
137
38
1
76
1
1802
311
3143
639
2219
8374
748
611
7067
384
10517
1620
1211
3663
1764
841
3
1741
476
396
1274
1394
8028
16
2
29
2
21
2805
3373
920
487
509
2
1033
3125
9
2:8
1427
10
3513
11948
91130
13327
11311
47
4
37493
3316
983
32
7
51
6
1
11
80
39
4
40
85
8
53
19
27
11
71
7168
48095
28
9
41
35
121
12
107
45
23
11
24
145
53
3:1
2
8
16
53
672
7
36
6
12
24
4
42
25
6
63
3445
4382
4973
2890
9515
18070
1310
879
1693
1
5
1
5
1
19
61
55
2
49
17
19
2
6
27
73
1
0
12
31834
8244
320
326
66
13
22
113
96
231
172
41
9
82
131
70
107
110
24
161
103
45
118
65
36
5
26
15
9
11
132
60
71
182
235
18
6
8
18
9
29
13
18
92
14705
84
56
10
34
1
2
35
4
1973
9735
104
149
55
7
72
3
76
7
18
46
98
7
73
14
35
17
14
1425331800
99:0
1
299:0
1
647:0
9479
-9087
2620
-2560
1551
-917
-297
450
-755
6733
-6795
45
-35
-66
1032
-806
-65
-83
164
612
-864
1046
-727
-101
-238
563
126621
-125885
15343
-16643
102
332
-214
2281
-2494
106
119050
-112452
-6645
862
2526
59764
-62438
35714
-34103
174509
-171026
-4865
3813
255
-5016
587
4122
4493
-9133
1086
-859
-173
14596
-13209
3336
-4848
52
3880
-2610
56310
-57690
95
7944
-7957
980
4529
-4711
-601
2587
-2808
7515
-7438
2215
18226
-20286
268
15919
-10247
-5342
-853
952
-772
353
16417
-5702
-11166
45
5728
-5711
-179
413
-352
128
-159
-310
-35
17
74
181
-42
-223
70
-76
11
-16
5
73
-25
-50
12
215
-227
36
-37
136
-92
-36
159
-103
-60
29
8
-36
82
-85
75
17
-87
-10
133
-71
167
-223
11
171
-74
-102
8
-10
32
-33
1
53
-6
-28
221
-131
-42
-32
-35
70
-32
187
56
-222
-59
1
11
-21
136
-122
7
136
-146
-11
292
-242
-43
0
-8
47
-47
28
-11
-3
6
0
14
19
-54
37
-22
69
0
-78
76
-49
193
-157
-51
70
-63
15
-1
-32
-2
27
50
39
-65
50
-5
-64
58
-78
-12
185
-189
50
-21
25
15
-26
27
-38
-30
38
44
-85
50
-4
70
-115
30
8
128
-165
3
0
114
-34
-48
-35
216
-214
91
-93
82
-81
105
-79
-24
28
-27
51
-41
71
-73
160
-140
235
-240
106
-104
-22
-8
54
-37
-15
43
-44
153
-149
3
32
212
-225
106
173
-307
2
35
155
53
-159
-17
-50
-17
11
6
-9
61
-69
2
227
-130
126
-227
15
-2
125
56
-177
82
-70
-6
-20
22
0
-15
42
-49
161
-163
298
11
-310
92
131
-218
20
-14
38
-40
175
-178
23
-10
55
-67
1
99
162
-171
-91
62
-38
-28
8
6
-3
236
-236
4
32
90
-123
52
7
-73
-2
50
-39
-2
10
259
-273
2
56
-45
2
171
-171
5
-25
134
-96
-33
47
67
-97
57
-72
69
-68
8
52
-66
44
-45
11
206
-174
71
33
-118
247
-215
-57
172
-148
6
3
-26
96
-109
161
-143
-4
-13
27
0
214
-173
-80
2:-1
-2
0
9
-4
-3
0
-2
1
2:0
2:1
-3
2
0
-1
4
-3
-1
0
-1
1
2:3
0
-5
5
-1
-3
-1
1
10
-12
1
8
-4
6
-7
-2
2
-4
8
-4
4
-3
-5
0
13
-11
-2
2:4
-7
0
2
-3
10
-8
2
4
-5
-4
1
0
4
8
-1
-8
7
-7
9
-3
1
-10
11
-11
2:1
2:-1
0
4
5
-10
2:2
-1
3
-3
-2
5
-5
5
-5
2
0
-3
1
2
-2
0
1
-2
7
-6
7
-7
8
-1
-5
4
2
-4
8
-11
1
-3
4
-3
6
-5
0
8
-9
2
0
-1
5
-5
1
2
0
9
-7
3
-7
11
-13
-1
7
1
-6
7
-7
5
-5
9
-3
4
-10
-2
2:0
1
3
6
2:-5
1
0
-1
0
2
-2
6
-6
4
-3
-1
0
3
-3
4
-3
1
5
-5
1
-3
12
-11
1
-2
8
-7
-1
0
3
8
-10
0
3
0
-4
4
-3
-1
3
7
-7
2
-3
-2
0
8
-5
-2
-1
9
-7
-1
0
2
-2
2:1
10
1
-13
6
1
-7
-1
0
8
-4
-1
-2
1
-1
3
-2
5
-5
0
-1
8
-6
-1
8
-7
-2
0
10
-9
2:-1
9
-9
9
-5
0
-2
2
-3
0
3
5
3
-7
0
-2
-3
1
12
-7
-6
2
0
6
-6
0
2
-3
-1
5
-4
-1
5
-2
-3
2
0
4
7
-5
-6
4
-3
-1
1
-3
6
-5
8
-1
-7
0
14
-14
10
-10
2
-3
5
-1
9
-11
0
9
-8
-2
0
3
-4
0
8
-6
2
-1
1
-3
5
-2
5
-6
0
11
-12
-1
10
-11
3
-3
1
2
7
-7
-3
10
-5
-1
6
-8
6
-3
-1
-4
2
-2
13
-13
1
8
3
-11
8
-8
1
-2
1
2
-2
7
-8
14
-14
2
-1
6
5
-4
-6
3
1
-3
-2
3
-4
2
12
-14
4
1
-4
1
0
-2
1
7
-6
2:-1
3
-3
2
6
-8
8
2
-2
-5
-3
1
11
-8
10
-13
2
2:-1
1
-2
2
8
-7
7
-10
3:1
0
8
-6
-1
3
0
-5
-2
3
-1
-2
0
5
0
-2
4
5
3
-10
-1
-4
3
0
-3
2
-2
4
-1
-3
0
6
-4
-1
5
4
-6
0
-4
3
7
1
2:-2
-7
4
0
-3
6
-5
7
-8
4
-1
2
2:-3
1
3
2
-5
2
3
2:4
-14
4
2
-1
0
-2
2
6
-7
-2
3
-1
3
-6
3
-3
2
-3
14
-5
-9
7
-7
7
-6
6
-5
2:-1
2:1
2:0
-2
5
2
-1
-5
0
3
-1
5
-8
9
-9
2:6
-3
-9
6
-4
-1
2
-3
7
-5
-2
3:0
10
-6
0
-2
-1
2
-3
1
6
-1
-4
9
-10
0
-1
6
-6
11
-9
5
-7
2:0
2:4
-8
1
6
-5
2
-1
-2
8
-4
-5
1
10
-2
-5
-3
0
-1
6
-2
4
5
-13
3
-1
0
-1
8
-7
2:-1
4
-3
2:2
-4
4
8
0
-7
-1
-4
7
2
-2
0
-8
1
4
5
-8
2
-2
5
-4
-1
1
-1
1
2
-3
5
-7
11
-11
5
1
-4
0
-1
1
9
-11
7
-7
0
174
-172
10
-8
4
18
-23
-2
1
14
7
-22
1
11
-1
-6
33
-31
107
-47
-65
52
-33
2
-23
73
1940
-2005
95
-99
64
-49
52
-13
-49
-7
747
-610
-138
44
-10
443
-411
144
-187
934
-817
-126
196
345
-444
-107
118
89
-202
-5
1
53
189
-204
-38
34
0
46
89
113
-254
-34
578
-576
26
318
44
-389
11
-11
21
-22
17
288
-304
73
765
361
-1018
-146
172
-183
19
157
421
-605
3
14
-6
-17
22
49
-80
12
-13
-1
2:0
2
4
-3
0
3
-5
5
-5
10
11
-21
0
-1
3:0
10
-10
0
23
-23
2:0
7
-5
2
0
2:-1
1
-3
0
4
-3
4
2:-2
-1
0
1
0
1
-1
2
10
0
-13
21
-21
16
-9
-7
9
-4
2:-2
-1
1
-1
6
-5
2:0
-1
10
-8
-2
13
-11
3
-4
-1
2:0
3
2
0
4
1
-9
2
-3
5
2
-5
17
-15
-4
3
17
7
-27
11
-7
0
5
-5
1
-1
2
5
-6
9
-8
-3
2:0
4
21
-26
-1
3
0
7
-6
2
-7
0
19
-2
-10
2:0
10
-14
-2
0
7
-8
0
4
15
-19
9
-9
7
-7
6
-5
5
-3
-2
2
0
-1
2:1
-2
15
-16
37
-28
-6
0
81
-76
-7
3
6
-11
2:2
-3
11
2
-11
-1
7
-5
20
3
-24
-1
4
15
44
-56
7
-12
-2
5
0
-7
31
-31
2
4
19
11
-36
6
-6
4
-2
13
28
-38
-1
-3
1
18
-14
-5
13
-12
-2
1
12
-13
2
11
-13
2
11
0
-11
2
4
0
-5
21
-21
10
12
25
-43
-5
8
-2
-8
8
-4
0
2
-2
-1
1
13
-13
-4
9
-8
1
-2
0
1
7
-4
-2
1
4
-7
7
11
-6
-2
-9
48
-34
-13
37
39
-76
19
-20
2:0
10
-6
2:-2
7
1
9
-18
26
-22
-3
40
-38
0
-1
5
4
-8
-3
17
-17
14
-7
1
-5
4
-5
-2
14
-14
24:0
1
-1
2
-2
3:0
1
0
-1
3:0
1
-1
49
-49
3:0
1
2:0
-1
6:0
1
-1
3:0
1
-1
2
-2
2:0
1
-1
5
-5
0
3
-3
2
-2
2:0
2
-2
11:0
2
-2
0
1
-1
6:0
1
-1
5:0
1
-1
2
-2
2:0
2
-2
4:0
1
-1
3:0
3
-3
5:0
1
-1
0
1
0
4
-5
2
-2
0
2
-2
13:0
1
-1
8:0
1
-1
6:0
1
-1
0
1
-1
6:0
3
-3
6:0
1
0
-1
3:0
1
2
-2
-1
3:0
1
-1
10:0
1
-1
6:0
2
-2
3:0
1
0
-1
4:0
3
-2
-1
0
1
3:0
-1
2:0
1
-1
2:0
1
0
-1
3:0
2
0
-2
2
2:-1
1
-1
4:0
1
-1
0
1
0
-1
5:0
1
-1
0
2
5
-6
-1
3:0
1
-1
1
-1
0
1
-1
1
13
-14
1
-1
0
2:1
-2
4
-4
5:0
2
-2
0
4
-3
2:0
-1
2:0
2:2
-3
2:0
-1
5:0
2:1
-1
0
-1
3
-2
0
-1
2:0
2
-2
3:0
2
-2
0
6
-6
0
5
-5
2:0
1
0
-1
3
-3
1
-1
3:0
6
-6
0
2
-2
11:0
1
-1
0
3
-3
0
1
0
-1
0
1
-1
2:0
5
-5
1
-1
7
-7
1
-1
3:0
1
-1
3:0
3
-3
4:0
2
-2
2:0
7
-7
10:0
7
-7
2:0
2:1
-2
1
-1
4:0
1
-1
0
2
2:-1
2
-2
0
2:3
-6
3
-3
0
2
-2
1
-1
4
-4
7:0
6
-6
2:1
2:-1
3:0
2
2:-1
1
-1
2:0
1
0
1
-2
4
-4
2:0
2:2
-4
2:0
3
-3
1
-1
4:0
1
-1
2:0
2:2
-4
3:0
6
-6
1
-1
6
-2
-4
0
1
-1
3:0
1
-1
4:0
1
-1
3:0
3
-3
0
1
0
-1
2
-2
0
2
-2
0
1
-1
4:0
1
0
-1
0
2
2:-1
6:0
1
0
1
-2
2:0
1
-1
2
3
-5
1
-1
3:0
1
0
-1
1
-1
6:0
3
-3
0
4
-4
4:0
2
-2
1
0
-1
3
-3
0
1
0
1
-2
3:0
3
-3
3:0
2
-2
6:0
end
