v1
616
252
491
381
98
7
31
21
15
100
24
14
34
289
207
35
84
79
235
18
49
247
37
22
146
535
7
77
88
328
12
0
170
102
147
285
155
145
159
136
98
275
302
149
110
67
18
240
83
111
266
547
162
299
17
84
420
120
15
256
160
131
58
32
153
176
86
194
63
50
318
386
117
25
129
193
110
85
19
54
109
8
431
16
478
442
339
69
57
417
138
342
18
135
104
92
145
80
96
106
42
125
254
27
121
50
168
17
0
77
64
44
224
401
257
18
59
333
243
242
231
0
55
8
59
45
5
165
130
171
10
27
29
12
33
6
32
43
3
35
77
5
14
128
5
1
118
54
28
12
25
37
45
14
35
59
35
3
92
17
14
201
30
85
58
304
173
120
359
26
364
147
75
82
10
33
6
116
146
138
54
61
60
141
85
142
87
111
207
73
214
22
107
275
23
14
276
23
10
5
33
153
86
143
41
423
39
241
50
757
1
275
26
53
40
176
136
55
56
109
2
66
208
94
75
50
0
655
583
33
29
1
8
95
82
17
80
15
113
19
3
35
69
7
8
147
323
57
53
609
83
19
1
82
102
130
322
175
70
63
58
0
8
11
75
320
51
138
26
28
47
61
28
7
92
20
88
153
64
20
3
93
11
94
138
119
385
21
0
39
63
117
72
92
31401
5
22
9
0
208
29
0
11
86
173
76
120
15
21
8
22
932
0
2:110
68
111
71
166
18
2111
1246
2211
0
328
1553
3764
1376
4228
3353
3235
2650
1553
3213
4989
3
0
1620
5310
2988
1797
2652
2
4
10913
882
958
2457
9
2018
3125
7
1
11
6
1427
10
119917
1
3543
1
7741
26
47
9417
32421
18
4
0
26
7
9
165
2:73
19
17
5
54647
731
85
74
157
9
27
57
6
12
0
17
145
27
24
1
6
5
85
643
49
4
52
114
4
16282
4654
3093
18188
813
1430
1062
665
968
2
8
7
10
31
53
5
28
10
17
27
5
3
69
3
1
7
4
32
47
9
1
40088
0
192
79
11
176
15
54
31
126
599
1
87
222
12
31
25
17
202
49
75
162
21
36
2:9
41
61
42
405
375
31
14
5
19
3
52
58
14
14873
45
2
7
2018
9722
2:1
102
7
41
12
116
28
64
15
58
65
7
15
97
2
22
48
28
12
116
16
-488829
589
329
503
53
29
82
92
2195
270
234
1
205
473
223
676
1188
82
232
1598
431
533
262
51
146
46
1060
390
601
1245
619
134
329
189
1737
1343
101
243
124
37
42
639
912
309
685
905
263
57
504
33
181
171
249
5
461
392
257
1574
276
988
259
443
44
486
377
2453
210
623
248
405
391
461
31422
320
1465
118
538
14997
21550
8309
13330
22
2821
1839
3464
4177
174556
106
86
133
55795
69
98
139
10
831
135
3445
39830
825
2521
535
2
31
202
9
113
31834
10688
48
715
0
15138
11863
525
39
1425382800
499:0
1
115:0
25
-16
8
1
-4
5
-11
74
-21
-52
33
-32
-6
47
-49
3703
-3703
191
-191
40
194
-31
-168
-28
-6
-1
5
1231
-1236
19
0
-18
39
-27
-12
9
64
-74
120
325
-445
28
285
-313
0
16
81
-95
0
-3
15
-13
-2
2:3
-5
25
-21
222
-224
5
-3
8
5
-17
0
1
2
-3
10
-7
-2
2
23
-24
0
331
683
-1012
18
411
83
-512
39
195
-46
-190
41
-44
1
0
4
-3
0
79
-79
3
10
-7
5
64
300
-361
19
-34
8
11
0
-14
-3
-2
4
109
-104
65
-75
23
-21
25
-21
0
25
312
-337
-5
0
8
9
-12
2
-6
23
58
-75
1
91
742
-840
3
1
0
-5
56
69
-76
-23
-26
497
-492
2
24
-30
43
-45
1
162
-162
6
-6
0
4
78
-79
-4
253
-148
531
-635
6
220
-224
1
0
61623
-61619
14959
-14954
-12
1
36
-38
6
-2
-1
18
-18
0
20
-22
18
8
-24
1
0
5
-9
61
-57
2
133
-124
-15
25
711
-734
-1
5
24
93
-94
-28
558
-531
74
-100
-1
1848
-1845
-1
14
-10
168
3537
-375
-3316
-2
-16
14
-15
1
2
-5
3
1
-2
9
1
312
-323
0
-1
4769
-4747
59
23127
-23201
-6
181
-179
3
-4
25
-25
299
-274
27
-48
2
19
-24
-2
1069
-1012
-44
-14
1
118
-119
24331
-24327
1672
-1676
81
-78
14
45
-41
1500
-1520
1176
-1170
15
64
-76
-8
-1
1
-2
2
19
-19
538
-472
-61
11454
-11399
24
2
-86
3
-3
-1
158
-51
-104
172
-176
990
-980
25
-15
2
-16
47
-46
21
23
9
-7
-51
116
-96
-9
223
-101
-124
116
-126
1
141
498
-631
1
-3
-6
1
121
385
-281
-224
2
22
-26
-2
15
65
-76
4
-6
8
-9
0
37130
-37123
-7
10
-6
-4
0
29
237
-267
30
3313
-3277
-60
84
-2
-88
1
196
-192
2
-6
4
37
5493
-5533
10
-5
-6
14
-10
12
14
105
-135
5
434
-423
-8
-1
25
62
-78
-14
9
-3
-4
-3
10
-10
14
33
755
-793
12
57
-23
-17
-14
0
-22
-2
136
7263
-7399
13
683
-691
-2
1471
-1475
1
168
6264
-4770
-1663
0
15
-11
18
231
-251
-1
96
-91
0
41
-43
21
-13
-12
35
391
-425
53
-45
-7
-2
18
-7
-10
0
744
-734
45
2157
3375
-5560
-21
6
83
-66
24
-53
0
16
3
17
-32
83
-86
51
107
-57
-30
-72
274
-154
-122
1
34
8
120
-72
-87
-4
30
-23
12
16
1782
-1741
-69
2
-2
-6
251
-131
-121
-1
0
1
-1
1
0
-1
5:0
1
0
-1
7:0
1
-1
1
-1
1
-1
1
0
-1
1
2:0
-1
1
4:0
-1
2:0
1
-1
1
-1
1
-1
1
0
-1
0
1
-1
2:0
1
-1
1
-1
1
-1
0
1
-1
0
1
0
-1
1
2:0
-1
1
-1
3:0
1
4:0
-1
1
-1
1
2:0
-1
2:0
1
2:0
-1
1
0
-1
1
0
-1
2:0
1
-1
2:0
1
-1
0
1
2:0
2:1
-1
0
1
-1
1
-1
0
2
2:-1
0
2
-2
76
-76
1
-1
1
0
2:4
-9
0
9
-9
7
-7
3:0
10
-10
2:0
8
-8
1
9
-9
-1
1
-1
2:0
2
-2
2:0
1
-1
2:0
1
-1
0
1
13
-14
5:0
2
-2
2
-2
3
-3
2:0
1
-1
1
-1
1
-1
1
0
1
-1
1
14
-13
-3
2
-2
2:0
3
-3
0
1
-1
1
0
-1
0
2
-2
2:1
-2
0
1
0
-1
2
-2
2
6
-8
3
-3
2:0
1
-1
0
1
33
-34
3:0
3
-3
4
-4
2
-2
2
-1
6
-4
-3
2
3
-5
2:0
1
9
1
-11
16
-16
0
3
-3
3
-3
0
6
-6
4:0
10
-10
0
29
-26
2
-5
1
22
-23
0
2
928
-930
39
-38
-1
1
-1
0
1
-1
1
-1
2:0
4
-4
5:0
1
-1
7
-7
1
31
-26
-6
2
12
-14
2:0
1
-1
3
-3
44
-44
11
-11
0
42
-41
-1
2
-2
1
202
-113
-88
0
-1
3:0
-1
4:0
3
-3
31
-31
0
1
19
-14
-4
258
-259
-1
27
-27
2:0
2
-2
4
-4
11
-10
-1
3:0
54
-32
-20
-2
0
9
-9
380
-377
55
-58
1
-1
1
3
-1
79
-81
193
-194
3
39
-42
0
1
-1
0
1
3
-3
28
-9
-20
86
-77
-4
0
-5
2
2:-1
2:10
-17
24
-27
92
-92
3
1
0
-3
6
-6
2
2:4
-5
-6
2
1
0
7
11
-19
11
-13
0
14
11
-25
2:0
1
0
-1
43
-36
-6
2
3
-5
0
-1
3
-3
1
0
1
-2
0
138
-135
-3
0
2
0
-2
5
-5
0
5
374
-376
-3
4
0
-4
0
8
-6
2:-1
2
1
152
-155
0
3
-1
2
-1
0
6
-5
-2
0
122
-115
-9
3
4
12
-19
0
7
-7
4:0
2:1
4
-4
-2
10
-8
6
-6
-2
2:0
9
-2
-7
1
8
-9
0
29
-29
1
21
136
95
-253
1
2
-2
0
24
-25
0
10
-10
1
8
-7
1
-1
-2
11
29
-40
2
-2
2
-1
16
-14
-3
0
9
-9
31
29
125
-182
-3
6
-6
2
1
-1
2:0
2
4
-8
6
-5
18
-12
3
-6
-3
17
-1
-17
0
5
0
15
-19
1
-2
5
-5
0
19
0
-15
-3
0
-1
0
3
2
-5
13:0
1
-1
18:0
1
-1
11:0
1
-1
8:0
2
-2
11:0
1
-1
0
1
0
-1
7:0
1
-1
1
-1
11:0
1
-1
3:0
2
0
-2
0
1
-1
5:0
1
-1
end
