v1
687
743
486
52
15
124
14
42
607
524
28
57
56
50
118
535
7
165
340
272
732
159
162
72
166
361
199
135
42
152
106
0
194
41
24
75
76
664
95
400
555
23
8
117
62
46
277
109
148
20
242
124
133
136
139
79
301
370
197
106
255
20
292
139
0
201
293
388
54
339
65
437
44
17
140
80
258
128
7
37
67
300
47
339
217
37
27
28
311
17
409
7
94
231
69
106
9
160
16
93
64
219
81
404
294
109
25
270
181
56
45
38
43
69
51
14
7
127
118
82
74
105
18
0
65
3
54
55
82
163
176
271
78
95
120
216
9
281
243
314
33
6
116
104
234
121
141
186
41
198
494
156
254
31
299
10
5
33
66
17
52
18
86
79
64
41
423
98
182
50
758
199
102
53
40
90
277
56
111
274
72
22
75
50
655
306
277
33
312
128
124
2
7
8
147
40
393
447
200
45
204
452
175
0
70
121
8
11
32
363
189
54
47
61
35
54
60
86
153
64
23
193
3
2
33
577
53
39
46
17
189
92
51
31350
5
22
9
204
33
42
55
85
88
45
151
36
30
1152
179
43
28
166
18
47
2064
1246
2211
328
1553
5140
10816
2650
4766
4992
1620
5310
2169
819
4449
2
8082
9
2826
882
958
2466
5144
7
11
5
1
121354
0
3544
1
7741
73
4
9413
32411
0
7
3
22
42
82
62
114
57
32
5
55378
218
98
0
36
57
6
12
1
16
145
27
10
3
12
6
5
953
16280
4654
3093
5057
5151
0
7980
2243
1062
665
436
532
2
1
13
1
2
8
31
58
28
54
8
69
3
1
43
47
4
5
1
30302
9978
26
64
245
31
369
356
1
352
25
17
202
113
164
9
57
2:9
144
0
85
695
31
41
14
0
38
72
14918
2
7
2018
9723
1
150
12
116
92
11
4
58
65
22
68
29
2
22
48
156
16
-488932
106
8
539
310
401
30
386
361
86
40
67
43
179
645
311
43
266
260
181
205
509
137
163
105
56
248
160
145
76
85
542
95
104
113
31
34
328
161
22
407
371
245
30
103
383
32
329
42
156
442
71
85
303
46
447
341
272
38
96
765
124
211
0
375
837
13
98
232
30
43
182
274
497
279
33
64
44
54
151
34
150
1076
10
202
49
185
152
405
256
120
6
7
8
11
0
77
2
134
13
3
14
90
109
41
66
14
35
59
161
113
76
127
134
220
660
26
131
173
164
33
167
449
210
191
229
172
146
5
97
170
834
444
0
429
47
998
369
186
43
172
26
298
56
262
726
185
326
57
1
171
69
8
219
195
359
822
192
404
3
0
503
31
317
196
63
257
248
121
362
36
158
119
72
169
71
38
74
37
0
31495
0
165
96
54
130
0
95
8
13
117
1178
90
228
0
58
123
13
5198
22353
13311
9268
0
8038
19
0
47
2795
0
4310
993
4160
1439
13
1042
118886
5279
47935
30
121
60
2:73
19
38
6666
573
28796
18596
816
57
17
166
155
92
60
0
5
100
643
29
133
3508
4382
17378
18070
1637
2246
31
66
50
51
35
72
37
31847
8246
293
192
872
250
175
15
417
228
17
57
28
273
420
0
5
13
0
10
28
14968
82
1977
9886
157
7
358
3
28
135
20
1425460800
399:0
1
286:0
54
1
-42
31
-22
-14
4
3951
-3913
-41
900
-593
-245
-27
-38
11
985
-988
8
82
-15
-72
64
81
-84
-73
16
-15
628
-525
0
-77
-1
-15
-8
-1
10
1
-13
10
-7
6
-4
-1
241
-239
-6
114
-111
-2
228
-209
-9
-4
-1
-5
260
-255
30
-28
79
-82
19
-6
-18
27
-24
153
-87
-65
20
-19
-4
69
-67
87
6
-75
-19
91
-57
-35
38
21
-57
9
-9
0
12
-11
105
-106
13
70
-52
-20
170
-180
-4
3
2
6
3
215
-204
-25
15
-14
29
-27
214
744
-951
128
-116
-21
33
13
629
-632
-39
0
-3
75
-72
-1
116
-22
29
-125
162
-161
52
109
-162
2
126
3
56629
-56759
6768
-6674
-96
26
-7
-13
-7
322
-313
85
-94
1
10
54
-56
-7
147
-124
161
-145
-36
-5
8
57
163
-183
-42
53
-39
26
-35
279
-278
33
91
1418
-1538
127
-140
3
6607
-4570
-1993
-45
26
-11
-14
-3
147
-140
200
-199
44
17868
-17918
1878
-1878
128
-128
265
-232
2:-7
-13
-1
963
-908
-55
80
-48
22095
-22052
692
-754
-19
3
-2
15
1501
-145
-1356
-16
265
-266
1
3
5
288
-282
343
-329
-3
-24
280
-185
18
-113
2:0
47
271
-189
-121
97
967
-1029
-28
-1
-14
3
490
-330
-90
-42
68
-48
107
123
72
-112
507
-737
-10
24
456
-158
-216
-100
38
-47
11
136
-137
101
-109
364
-360
28032
-28034
12
-10
-3
27
-8
411
-389
-27
2932
-2942
-2
-5
302
741
-961
-66
399
-413
11
17
3618
-3639
-8
4
1
93
-74
-2
-14
-9
853
-821
-28
-4
0
30
10
-38
18
-17
34
-11
-24
2:3
2
39
-16
-19
33
-38
14
17
-40
7
-6
32
6794
-6819
610
6802
-7413
408
5507
-4177
-1741
1
-2
10
308
-275
193
-220
6
1
-25
0
167
265
-413
4
-9
4
38
51
256
-178
1831
-120
-1878
4
-1
117
-125
46
-56
3
22
871
-868
-23
38
-28
243
-108
-124
431
-302
-151
0
-8
19
-3
30
-30
488
-500
13
66
-49
66
-103
-2
2:2
-3
-1
2
-2
4
-2
1
-1
0
2
-1
-2
2:1
-2
1
-1
1
-2
4
-4
0
3:1
-3
0
2
-1
1
0
-2
2:1
-2
3
0
-1
0
2
-2
1
-2
0
3
-1
-3
2
0
-2
2:1
-1
1
-2
2:0
2
2:-1
5
-3
-2
2
1
-1
2
-1
1
-1
0
2:-1
1
2
-3
0
1
2:-1
0
3
-3
2:0
1
-1
3
-1
-2
3
-3
1
0
2:1
0
-2
0
1
0
1
-1
0
2
-2
-1
4
-3
-2
2
0
-1
0
2:1
-1
2
0
-3
1
-2
3
2:0
-3
0
2
2:-1
4
-3
1
2
-3
0
-1
4
-1
0
-3
1
3
-4
3
-3
1
2
-3
2
-2
2
3
-2
0
-2
-1
2
-2
0
2:2
-4
5
-1
-3
1
-2
1
2
-2
-1
2
-2
2
0
2:-1
4
-2
2:-1
1
0
1
0
-2
1
2
-3
1
0
-1
2:0
3
-2
1
2:0
-1
0
3
-4
1
0
-1
2:0
5
-5
1
4:0
-1
2:0
1
0
-1
0
4
1
-1
-4
0
4
-3
-1
2
-2
2:1
0
3
-3
-1
1
-2
5
-5
1
-1
4
-4
1
2
3:-1
5
-4
1
0
-1
2
-2
-1
1
2
0
-2
3
-2
0
2
-3
-1
3
-1
1
-3
2
-1
1
2:-1
0
2
0
1
1
2
0
-2
2
-2
0
79
-79
0
6
1
-6
-1
0
21
-17
-4
6
5
-11
1
5
-6
4:0
1
4
0
-4
-1
3:0
3
-2
0
1
-2
3:0
9
-8
-1
5
-5
1
-1
4
-4
3
-3
0
1
0
3
-4
6
-6
3
0
-3
3
-2
11
-7
-5
5:0
2
0
2:-1
1
-1
1
4
-5
0
3
-2
-1
3
-1
3
-4
-1
16
-16
0
8
-7
-1
4:0
35
-35
0
2:1
2:0
19
-19
2
-3
-1
1
5
4
12
-18
-4
1
0
2
-3
0
7
-7
10
-10
17
-15
2
1
-5
0
1
29
942
-971
47
-39
-7
-1
1
-1
0
-1
0
6
-6
4
-2
6
-7
0
32
-33
2:0
4
-4
0
8
1
-9
0
3
-3
2
1
23
-26
1
-1
33
-30
7
-9
-1
197
-127
-68
0
-2
1
2
-3
26
-26
13
-10
-2
249
-250
30
-29
0
1
7
3
-9
0
-3
2
52
-28
-26
0
5
315
-314
45
-49
-2
0
2
0
82
70
-152
-2
41
-41
1
0
1
-1
2
29
-11
-21
0
18
-12
-5
1
2:-1
7
-5
24
-26
17
92
-105
1
0
-5
5
11
-11
-3
3
-4
6
4
2
-3
16
-1
-25
4
-3
61
-62
7
-2
12
-17
1
2
-2
2:2
-5
1
146
-147
0
8
0
-8
7
-7
7
-7
268
-268
2:0
1
9
3
-13
0
2:1
2
141
-144
0
1
0
1
7
-5
-3
-2
111
-101
-9
0
-1
5
17
-21
12
-10
3
0
-6
2
1
0
6
-7
1
-1
1
-2
-1
1
-1
0
7
8
-15
8
146
-153
50
123
108
-280
0
-2
2
50
-50
8
-6
6
-6
-3
0
17
50
-68
0
10
-6
-4
6
5
18
53
45
-116
1
-10
-1
2:1
-2
0
4
29
-20
-11
10
-11
17
-11
-5
6
13
-18
-2
-1
2
-3
21
-21
20
-19
3
-4
7
2
-9
27:0
1
-1
7:0
1
-1
2:0
1
-1
1
-1
4:0
1
-1
20:0
1
-1
23:0
5
-5
10:0
2
-2
8:0
1
-1
0
2
0
-2
1
-1
2
0
2:-1
18:0
3
-3
3:0
1
-1
1
0
-1
9:0
3
-3
3:0
2:1
-2
1
-1
3:0
1
0
-1
16:0
1
-1
6:0
1
0
-1
3:0
1
-1
1
0
-1
9:0
1
-1
1
-1
3
0
-3
3:0
1
-1
5
-4
-1
1
-1
0
1
-1
0
2
-2
2:0
1
0
-1
3:0
1
-1
4:0
2
-2
0
1
0
-1
0
3
-3
3:0
1
-1
9:0
end
