v1
1072
55
514
174
486
52
113
26
48
130
366
86
33
314
237
1
57
56
7
15
502
18
274
59
340
199
73
147
10
423
152
159
2:117
36
224
15
180
72
168
31
329
106
194
307
160
275
138
480
15
28
365
60
133
77
95
53
534
20
87
69
86
56
201
79
57
323
151
45
370
0
193
110
275
186
106
139
494
442
126
213
126
376
96
337
106
135
451
339
281
356
239
70
100
7
394
275
565
312
214
72
8
59
345
181
27
29
45
6
32
25
18
4
113
17
6
124
4
118
82
74
40
5
2:14
50
30
35
57
300
447
173
120
225
414
110
314
33
6
116
146
138
54
262
227
259
146
5
136
146
129
275
6
330
10
38
66
17
70
229
41
423
86
151
43
9
799
199
102
460
56
109
2
368
75
50
991
247
33
226
6
80
128
126
7
8
147
88
235
110
647
65
184
8
444
175
70
121
8
11
32
217
235
100
54
47
61
147
2
86
153
59
5
23
125
73
9
248
34
35
376
63
117
38
34
92
31401
5
22
9
284
6
44
173
69
15
112
36
8
22
1130
22
68
111
71
166
18
47
3310
2211
328
5317
1376
10816
2650
4766
4989
3
1620
5310
2988
4451
10917
882
943
2481
474
4677
11
5
1
1427
123472
1735
6006
73
9417
32411
28
4
42
238
77
32
5
55378
316
9
27
18
22
0
17
6
12
17
145
27
12
1
11
1
6
5
2
17
738
183
13
16280
4654
3093
18188
2243
1062
665
436
532
2
3
4
1
17
28
3
86
37
17
40
37
3
1
90
9
1
30302
9978
26
64
176
469
356
1
352
25
17
479
9
57
2:9
41
0
103
30
55
3
44
273
116
259
31
19
13
6
3
14
15
22
1
72
13
14875
32
7
28
1990
9723
1
150
12
116
28
36
26
2
11
50
12
87
97
2
22
1
47
28
12
93
23
16
49
-488991
67
53
57
256
192
0
235
144
31
279
271
55
288
55
1
67
288
48
166
36
78
93
36
77
370
49
39
7
77
120
27
645
12
36
165
127
596
25
53
27
220
48
170
197
37
142
39
42
106
220
35
113
0
43
75
126
67
45
99
336
162
183
10
51
14
541
153
3
9
14
214
300
68
32
5
115
129
87
5
458
74
105
13
49
85
301
59
8
44
320
27
10
75
135
115
36
128
214
125
45
56
36
729
340
118
4
88
661
181
170
111
24
15
78
18
182
85
6
51
60
72
349
427
33
64
44
349
137
16
29
180
20
9
83
0
93
43
114
489
176
83
248
111
10
78
58
24
296
36
84
75
9
23
9
1
23
47
136
11
54
55
1
87
75
113
53
26
42
3
54
17
14
113
76
303
864
35
86
10
261
276
269
581
229
111
27
31
173
78
170
46
125
52
219
33
295
32
733
207
12
887
450
18
12
10
219
93
60
45
298
93
102
123
41
608
143
119
44
31
517
221
38
650
623
83
97
5
4
353
105
31
24
76
421
43
4
273
51
241
94
92
345
107
89
3
35
9
109
96
323
72
0
13
0
8
19
124
212
31508
39
56
66
33
24
43
115
0
124
49
1244
396
47
121
8067
10735
320
1003
7437
1
2770
16278
3524
6
10
0
8064
12
2:1
9128
21
3126
6
10
2477
2481
531
11417
104456
3544
7709
8
102
41831
51
7
59
115
93
53
19
103
54566
680
60
76
0
54
20
59
33
104
73
52
91
52
3
13
98
643
7
54
149
11
3449
4382
11376
6002
17823
247
825
276
540
2240
94
5
14
21
0
17
0
25
27
1
40
100
26
31821
8564
236
31
32
0
57
511
128
44
263
162
125
24
25
261
161
81
5
41
0
212
13
182
236
19
179
14915
45
2014
9886
14
101
32
37
52
63
41
19
81
133
57
-488734
135
134
34
3
491
87
75
277
32
238
16
70
82
225
27
302
38
114
95
412
14
996
539
384
102
28
64
248
82
102
273
115
50
76
128
494
340
72
200
243
157
314
91
492
37
77
601
211
116
59
630
47
205
13
2:33
83
64
282
132
191
124
23
68
60
74
335
45
183
112
265
7
708
680
146
89
18
157
67
103
30
75
673
338
179
83
302
132
443
119
0
57
107
121
116
197
619
7
298
163
20
2
11
9
21
3
20
8
51
21
106
69
147
57
1
30
59
9
11
66
37
459
45
555
129
522
311
476
461
140
45
55
31
633
420
130
554
1930
31
3
145
352
78
42
395
68
144
145
68
182
377
348
160
87
21
2
103
11
355
2
71
526
128
113
119
83
307
347
536
35
85
191
51
157
91
229
0
369
125
30
163
288
11
98
55
146
7
45
77
91
46
31367
9
514
4
95
1
176
995
326
330
1437
618
3459
323
1878
12398
4736
22623
10715
29
2813
9463
9
25226
96145
11289
38258
3647
22
171
17
95
118
6
11004
25036
19320
57
90
183
254
60
786
6
21
136
44803
547
133
10
1690
25
5
66
92
123
25
40055
1423
15
207
83
107
141
257
45
270
4
691
36
132
14898
11895
107
114
205
63
35
41
46
1425607200
399:0
1
399:0
1
271:0
104
-1
74
90
-207
166
-117
-75
40
-4
444
6583
-7003
-73
6
740
2600
-3343
94
-91
470
-382
1286
-1367
-1
70
-32
-43
3
15
97
-3
-74
-47
899
-884
-6
110
-108
71
-73
34
-1
-27
53
-69
151
-150
12
1
66
1
-74
68
-32
-33
153
56
-93
-119
2
-9
31
-17
1182
-1186
51
-52
49
7
-5
-59
100
-99
197
-106
3286
-3324
-34
169
-134
141
-196
3
121
-67
-20
-26
67
-64
-5
182
-41
632
-283
-291
-131
145
-180
19
262
-293
179
-193
-7
15
-18
6
742
-738
876
568
-1455
11
10
-24
53
113
1106
-1196
47
-110
2:-1
81
221
-119
-134
175
-134
-52
142
13
-179
743
84290
-84893
5076
-5000
-239
8
4
251
-86
62
-241
26
121
-47
-98
5436
-5405
17
-53
648
-646
169
-170
83
167
-218
601
-517
-8
-90
30
669
-338
2944
-3315
12
626
9769
-8749
-1498
-158
124
-116
-19
-1
29
954
-577
-395
38
26686
-26729
52
900
-740
-217
186
-179
156
-76
178
-236
2216
-2110
-109
1148
-1134
2988
14831
-17822
4198
-4235
5
123
-50
-75
7331
-1527
-5646
356
-517
21
-2
-10
90
-76
78
-37
1929
-1848
1536
952
-2341
-104
-167
-10
1326
-925
-187
-195
313
1700
-1986
-20
-32
49
-52
84
-76
82
24
-102
180
-2
741
-910
335
1340
10
-1666
-31
1035
-976
1438
-1480
193
-210
0
-5
40
-44
7
17441
-17408
-30
-9
104
-102
595
-570
10101
-10109
-8
1044
3208
-4260
70
1594
4700
-6370
269
-269
172
-166
61
-29
-26
21
-21
936
-828
-53
-63
4
28
78
-13
499
-563
4
-30
32
0
-34
163
-155
13
135
-156
74
-72
250
-234
-23
-1
1
8
-5
3438
-2098
-1324
5875
-5863
898
12789
-5822
-7842
24
2936
-3015
207
177
-234
1578
-1725
187
2859
-3041
42
-20
659
1681
-2118
5600
-2333
-3456
-3
71
-133
101
-92
10
-15
640
-571
-66
-3
9
27
71
-102
-6
5063
-4765
456
-731
-25
43
17
-59
170
1502
-1233
-384
2789
-2297
-540
39
-19
-29
21
637
-579
248
712
-906
-59
-72
87
-86
36
1
25
431
-404
-107
-1
3
10
-4
-8
0
3
7
-9
12
-6
-3
0
-4
1
5
-7
3
4
-1
3
-8
12
-12
-1
4
-4
10
-3
0
2:-4
4
-3
3
-3
2
11
0
-11
-2
0
1
2
8
-11
6
0
-5
-1
2
4
1
-7
7
-4
2
0
-4
-1
2:1
-3
1
-1
13
-13
4
-2
2
6
-8
2
-2
1
2
-5
1
5
0
1
6
-3
-8
4
-1
-4
10
-6
-2
9
-1
-10
1
4
-6
11
-5
1
-5
5
-6
2
-2
4
8
-10
2
8
0
-3
-9
8
-3
-2
1
0
-4
0
4
-1
4
-5
9
1
-7
-3
-2
8
-6
0
6
0
-7
0
1
2:2
-6
11
-11
3
9
-10
11
-11
2
-3
-1
4
-4
2
8
-10
1
8
2
-4
-6
-2
2
-1
8
-6
9
1
-10
12
-3
1
-3
-8
7
-4
-3
1
0
3
-3
4
0
4
-6
9
-10
-1
3
-6
2
1
-3
5
-3
11
-12
5
-3
3
5
2:-4
2:-1
11
-8
3
-4
-1
3
8
2
-11
8
-6
3
-8
1
10
-8
2:0
-3
3
0
9
-11
2:-1
11
-9
1
3
-2
3
-2
3
-3
3
-8
10
2
2:-4
2
-4
1
-2
6
-4
1
4
-1
0
1
-1
-4
1
10
-7
-4
2
4
-8
2
4
-4
-1
5
-1
-5
2:4
-8
-1
7
3
-10
3
-2
9
-5
6
-4
1
0
-5
-3
1
2:0
5
4
-6
3
-5
10
-9
4
0
-2
-3
10
-11
4
9
-10
4
-2
2:4
-8
-4
0
1
-2
7
0
4
-9
8
-9
-1
0
8
2
-9
7
-5
0
6
-5
-3
-1
1
0
-2
2:3
2:1
-6
0
-2
10
-8
1
0
-1
1
0
-1
0
5
-3
9
-12
11
-10
9
-10
14
-13
0
5
-5
6
-2
1
8
-12
-2
2
6
-7
4
-5
1
2:0
9
-7
-4
9
2
-3
3
2
-8
2
8
-11
2
-3
-1
0
4
-2
0
7
-12
0
-1
2
-2
2
-2
2
-1
2:0
-1
1
-1
0
2
-2
3:0
1
0
1
2:-1
4:0
1
0
1
-1
2:0
-1
1
-1
2
2:-1
1
-1
2
-2
1
2:0
1
2:0
-1
0
-1
1
0
-1
2:1
-2
1
-1
0
1
0
-1
0
1
-1
2
-2
2:1
-2
1
3:0
1
-1
1
-1
0
-1
2:0
1
3:0
-1
0
2
-1
1
-2
1
-1
6:0
1
0
-1
2
-1
3:0
-1
0
1
0
1
-1
0
1
-2
1
0
-1
1
0
-1
0
2:1
-2
2
-1
1
0
-1
1
-2
1
0
1
0
-1
1
-1
2:0
1
0
-1
1
-1
0
-1
2:1
2:-1
4:0
1
0
-1
1
-1
1
-1
1
0
-1
2
-2
2
2:-1
0
2
0
-1
0
-1
1
-1
1
-1
1
-1
2
-1
0
1
-2
0
2
0
-2
2
0
-2
2:0
2
-1
1
2:-1
0
1
0
1
-1
1
0
-2
0
2:1
-1
0
1
2:0
-1
3:0
1
-2
1
0
1
0
-1
1
-1
1
2:-1
1
2:0
-1
0
1
-1
2
0
-2
2
2:-1
2:0
1
0
-1
2:1
2:0
-2
2:0
2
0
-2
1
-1
2
-2
1
0
2
15
-13
-4
3
-2
0
3
-4
178
-178
2
1
16
14
-30
13
-16
1
2
6
-8
1
17
-16
-2
-1
5
-4
-1
16
-15
-1
2
1
-3
0
11
-2
0
-5
5
-7
-1
6
-7
3
-2
-1
1
6
-7
0
2
10
-9
-3
5
-2
-3
10
-7
-2
-1
6
-4
2
1
4
-6
18
-21
2
12
-1
-4
-7
6
-5
-2
-1
2:2
2:-2
4
5
-6
-2
0
2
22
25
-23
-24
2
-4
2
87
-86
0
1
-3
9
-5
4
56
-63
8
-10
4
-3
-1
3
7
33
28
-64
-6
0
2:-1
21
-9
0
-10
10
-2
-4
1
5
-7
61
1767
-1830
83
-46
-39
6
-2
2
-6
23
-22
0
-2
16
-11
1
-3
13
-14
110
-111
-1
11
-1
2
-8
-4
0
5
1
10
-15
31
37
-66
2
4
740
-683
-55
-11
8
-2
-5
2
5
35
-6
-31
-2
299
-303
6
45
-48
-1
18
-20
33
-24
3
-8
121
-47
-71
-4
0
44
760
-784
134
-156
0
20
-15
11
126
503
-646
117
-117
5
-4
-1
10
-6
-3
13
99
-64
-42
165
-145
-18
-9
3
52
7
-61
8
53
210
-267
0
-4
3
-3
5
3
24
-22
-5
0
34
5
-44
26
20
26
-69
-3
2
-2
173
-172
47
-47
1
-1
15
-16
4
186
-189
4
-4
25
-24
-3
7
852
-859
2
16
-5
-11
6
1
207
-215
11
-5
-1
5
-9
0
10
1
-4
273
-245
-34
-1
8
-4
7
13
0
-21
-5
2
-2
53
-49
3
2:-1
12
-9
5
-8
19
-22
-1
2:0
4
0
25
-5
-25
307
-298
150
615
554
-1324
8
376
-385
10
-3
11
-9
-8
39
290
-321
-11
24
4
11
30
378
-77
-368
0
39
-42
5
-5
12
-9
-3
4
-3
8
-7
1
8
0
-9
8
4
20
-30
-4
1
14
-13
2
26
18
-41
49
-33
-22
6
-4
5
-1
-7
13
123
-84
-44
9
-17
2
0
-1
2
4
60
-65
-2
2:0
3
-3
5:0
2
2:-1
3:0
1
-1
0
2
0
-2
0
1
-1
3:0
44
-43
-1
2:0
1
0
-1
2:0
1
-1
1
-1
2:0
2
2:-1
1
-1
3:0
3
0
-3
1
6
-7
4:0
2
-2
2:0
6
-6
1
-1
5:0
1
-1
3:0
3
-3
2:0
2:1
-2
2:0
1
-1
0
2
-2
12:0
2
-2
0
1
0
-1
4:0
2
-2
2:0
2
-1
0
-1
3
1
2:-2
0
1
-1
1
-1
3:0
2:1
2:-1
3:0
1
-1
7:0
1
-1
2:0
2
17
-15
-4
0
1
-1
3
-3
1
-1
0
2
-2
1
3
-3
2
-3
2:0
1
3:0
2
-3
3
-3
1
2:0
-1
2:1
-2
1
0
4
-5
2
-2
3
0
2
-3
-2
1
2:0
-1
1
-1
2:1
2
-2
0
-2
0
1
0
3
-4
0
4
-4
1
0
1
2:-1
0
5
-5
0
2
-2
1
0
-1
2
0
-2
2:3
-4
0
1
-3
1
-1
2
-1
3
-4
0
2
0
-2
2:0
1
0
-1
0
1
-1
0
1
-1
2:0
1
2:0
-1
0
1
-1
2:0
1
-1
0
1
8
-6
-2
0
-1
0
4
-4
2:0
1
-1
4
-4
3
-3
0
8
-5
-3
0
1
2
-2
1
-2
3:1
-2
0
-1
2:0
1
2:0
1
2:-1
1
-1
2
2:-1
4
2:-1
9
-10
-1
3:0
1
-1
2
1
-2
-1
2:0
1
-1
7:0
2
-2
4
-4
4
-1
-3
2
0
-2
2:0
1
-1
2
3
-4
1
2:-1
1
-1
5
-4
2:0
-1
4:0
1
3
2
-5
0
-1
2:0
1
-1
2:0
1
-1
0
1
-1
44:0
1
-1
22:0
2
-2
9:0
1
-1
23:0
3
-3
2
-2
1
-1
7:0
1
0
-1
0
1
-1
7:0
1
-1
7:0
1
-1
0
1
-1
7:0
1
-1
9:0
1
-1
7:0
1
-1
13:0
1
0
-1
5:0
2
0
-2
5:0
1
-1
4:0
1
-1
2:0
4
-4
0
1
-1
1
-1
9:0
1
-1
8:0
1
-1
2:0
2
-2
21:0
1
-1
1
-1
3
-3
end
