v1
1180
55
688
486
31
21
139
14
25
9
8
488
84
35
51
90
173
70
167
1
57
56
22
28
653
7
165
442
170
140
394
46
152
50
109
32
202
46
214
195
160
111
61
116
258
194
0
65
75
167
144
16
413
95
244
156
326
35
191
3
23
8
88
137
281
105
41
107
20
24
218
257
79
86
288
98
48
222
204
224
79
104
136
35
297
134
140
354
149
293
126
213
36
90
31
345
28
33
436
42
128
111
82
124
202
183
95
217
37
27
121
376
268
7
271
123
275
16
212
337
312
44
250
109
170
306
56
28
17
38
25
18
4
8
7
19
30
1
46
5
138
10
118
82
74
45
14
64
30
35
3
35
19
38
0
17
127
118
37
10
27
11
91
27
244
173
120
225
195
219
110
98
216
33
1
5
116
146
138
54
121
35
106
85
101
41
198
58
3
146
102
185
410
17
14
224
75
15
33
66
87
8
221
13
28
423
105
175
9
703
96
199
102
83
10
367
56
109
2
24
157
187
75
50
961
16
3
4
33
221
33
176
56
38
12
30
128
40
17
69
15
147
433
275
417
18
2
82
102
255
197
175
70
121
8
11
32
43
320
51
38
100
54
47
31
30
35
20
180
217
20
3
104
89
5
9
18
124
96
265
190
63
21
96
72
92
31401
5
22
9
237
22
28
3
44
85
88
84
112
36
8
22
1050
102
68
111
71
166
16
2
47
3310
1568
643
328
1553
3764
1376
5256
4838
722
2650
4766
4989
3
6930
2988
436
492
3521
2
8058
2859
882
943
2481
5150
1
9
2
5
1428
119927
1
3544
7741
54
0
19
9417
32411
7
3
22
33
9
125
2
38
73
1
76
15
17
5
55517
20
157
7
2
27
18
22
17
6
12
17
145
27
10
2
1
11
1
6
5
2
1
778
8
28
136
19211
1723
3093
10208
7980
2243
872
190
0
665
968
2:2
1
6
16
31
86
8
46
9
2:31
6
3
1
31
0
59
9
1
30302
9978
26
64
176
100
138
587
1
296
13
43
25
17
202
49
86
142
9
24
33
2:9
41
103
30
17
9
0
29
8
13
0
5
21
273
135
240
13
18
19
13
6
3
14
15
22
1
72
14918
9
28
1990
9722
2:1
102
48
12
116
53
37
2
11
4
58
87
97
2
11
10
1
48
40
93
23
16
49
-489090
276
66
209
3
28
521
43
55
74
69
155
78
159
12
49
92
5
133
2
19
102
38
20
3
42
355
7
50
23
46
93
49
19
39
175
7
135
18
41
81
152
49
42
27
281
170
29
49
171
10
39
44
171
13
1
101
61
359
62
125
314
438
35
260
189
127
6
19
225
226
69
59
13
22
50
238
15
90
232
31
60
32
17
107
241
6
21
144
459
65
72
6
355
53
145
52
220
9
142
4
86
242
45
99
80
31
160
55
138
173
23
160
139
182
101
39
63
29
20
40
312
241
21
111
44
100
4
9
186
163
69
96
46
22
69
412
152
28
36
1
108
68
39
45
135
147
55
8
147
452
50
66
42
200
41
55
185
92
382
182
248
33
17
64
65
47
878
67
45
176
1
101
15
123
49
16
40
28
11
28
19
59
14
10
36
54
23
111
13
3
14
83
7
17
7
33
35
61
6
52
12
21
85
156
4
64
121
26
103
82
41
9
63
243
7
85
217
351
61
10
44
390
47
54
2
78
246
55
380
237
55
28
3
135
185
267
33
111
27
52
196
147
30
136
15
18
23
13
314
149
271
207
64
135
38
1105
25
198
43
33
60
75
4
249
184
86
55
68
0
209
440
15
62
66
193
18
114
177
9
134
54
12
127
37
57
109
5
195
283
620
99
38
163
84
247
16
130
24
534
6
27
35
142
95
207
120
8
13
70
38
20
67
174
6
53
241
18
146
26
52
102
20
122
53
2
13
1
40
32
9
4
8
30
55
58
5
109
111
31422
73
39
56
17
49
88
9
34
124
29
23
30
42
22
9
1141
40
16
108
298
125
10
5896
2219
2410
4197
334
4114
1002
1
2507
4930
5740
880
3206
4874
423
2185
1741
476
3054
10
0
8018
10
13
5
22
7
2
1
7605
4669
1
24
4950
119948
7768
6
41899
23
1
4
66
40
21
147
53
46
76
7174
47392
680
101
35
133
28
80
54
191
56
10
2
106
635
29
56
5
66
56
3458
4382
8453
21206
5542
247
1105
1084
1690
2
16
36
42
10
72
10
58
66
9
25
26
40385
356
280
403
41
9
267
108
15
378
46
120
149
24
2
214
21
281
135
147
87
13272
1448
140
10
2049
9886
105
10
32
12
24
1
9
46
101
27
19
56
7
55
21
39
9
5
0
24
28
7
-488538
66
64
93
71
308
431
22
327
1435
388
251
102
15
93
86
49
300
69
58
129
702
349
34
46
269
294
333
340
261
5
401
822
42
33
112
289
64
426
108
430
600
139
170
24
0
50
79
326
144
501
193
183
265
512
991
190
82
55
230
552
96
311
0
441
82
108
7
129
166
9
209
343
121
474
538
50
175
180
336
308
175
185
99
97
683
326
11
66
7
319
626
805
6
120
84
855
59
276
814
3
31
1
1379
342
275
38
170
402
734
384
383
357
46
447
345
342
1068
17
597
118
89
369
391
176
89
312
15
199
31377
180
95
58
92
188
159
1093
387
53
135
2055
45417
10750
2807
5303
3
178876
55662
27
334
32
76
2:46
5
852
8001
36275
1231
1858
5
127
192
31834
9431
332
678
269
8
465
83
27350
91
50
17
104
58
87
1
25
1425768000
499:0
1
499:0
1
179:0
163
-111
-25
23
11
46
-90
6
30
-36
2:-3
7934
-7878
1094
-1083
-66
15
11
386
15773
-16136
747
-793
109
1266
-1377
191
-180
-9
1
151
-124
-23
-9
121
-119
780
1163
-1942
266
-249
13
72
-77
0
-23
492
-463
35
25
63
-143
-3
10
133
-154
1
5
44
89
-131
672
-541
-138
-1
24
54
-76
8
20
-19
15
5
37
178
-244
-2
3
19
2
-21
408
-378
-2
-26
213
-97
676
-785
991
-988
131
-136
186
-194
2:-1
48
-43
33
112
-146
7
0
40
11
-51
54
-59
10
-14
2024
-2022
569
-195
-375
431
-428
402
-378
637
-657
2:-5
58
45
-90
1150
-1002
-114
-33
121
137
-265
-6
10
-3
-5
38
171
-101
1968
-1970
-101
63
55
166
-6
-283
153
-142
-7
1
2956
-2927
273
-309
2
-1
34
-18
-15
180
425
-416
-138
-52
879
383
-1114
311944
-312048
-36
4964
-4759
-206
6
114
-82
-33
48
-15
-28
164
-164
222
175
-321
-68
124
-146
-2
60
2977
-2958
-77
466
-469
133
-57
-35
-37
420
-417
23
37
-19
-43
76
-81
581
-563
-10
15490
-15461
205
812
-927
-89
27582
-19738
-7679
-189
-7
138
-103
19
49
-88
-21
1
26
-25
40
1070
-1114
0
852
-697
40534
-40017
-671
4
1
65
-59
83
-95
130
-26
-11
-68
6064
-5891
1859
-2052
12
7
277
5526
109881
-115681
-14
4089
-4097
16
369
4655
-5027
5346
-5363
27
376
-403
3
11
0
217
104
-174
-153
16624
-12657
-3874
50
4115
-3693
-264
-252
462
-413
-87
776
116
-482
-411
331
2045
-2385
58
-27
646
-552
3
-126
340
-344
67
-72
270
48
-22
957
-995
-86
392
-555
14
1151
843
-1865
-75
-69
1667
-1525
-60
-55
-28
115
-95
-27
23
-20
13
91
98
-203
48432
-48376
-41
-2
-14
279
196
-476
7
65
4825
-4842
-56
13
469
-453
94
-123
130
-126
65
865
-864
-69
32
9825
-9507
-336
84
436
-536
102
-97
48
63
1276
-1379
2620
-2499
-132
23
-26
14
55
289
-246
317
-404
51
-62
-5
1
24
2855
-2859
8
-14
101
-23
722
-727
0
-26
46
-108
-7
29
-14
-2
18240
-16353
-1820
6640
-6722
46
-45
11545
819
-2946
-9412
-1
13
42
3993
-4044
491
-478
162
557
-656
-83
229
1097
-1311
-9
8
-12
76
-34
73
-115
145
1648
-1796
124
3181
12518
-15780
73
-111
-1
2
-2
25
52
92
629
-768
-2
62
38
53
-177
-7
-1
22
138
-157
2:12
4661
-4106
174
-750
104
-102
22
-20
5874
-5716
1460
-1300
3389
-3457
-262
2
8
27
-17
50
212
255
-530
283
-169
1171
-1227
-40
-24
81
1484
-1426
-151
4
-3
0
1
-1
9
-6
-3
-1
1
-1
5
3
-7
2:2
-4
9
-4
-5
3
1
-4
-1
2:1
-1
5
-5
2
-2
0
8
-9
2
1
-2
6
-7
6
-2
-4
0
6
-4
2
-4
4
1
-4
6
-1
0
-4
2
-2
0
4
3
-1
-6
2
-3
1
-2
4
1
0
2
-7
2
3
-5
3
-2
1
7
0
-7
1
-3
2
-2
5
-3
4
0
-4
3
2
-4
-3
7
-4
-1
6
-6
5
-7
1
2:4
-1
-7
2
5
2
-8
-1
0
4
-4
1
5
-5
3
-4
-1
0
3
2:1
-3
-2
2
-1
0
5
-4
5
-6
6
-5
-1
2
2:-1
0
9
-3
-6
9
-8
-2
0
4
2:-2
4
-1
3
0
-2
-4
4
-2
-1
3
6
2:-5
1
0
-1
1
0
7
1
-7
0
-2
1
8
-2
-6
9
-10
4
-4
5
0
-5
5
-4
1
4
-5
7
2:-2
-4
2
0
2
-2
-1
7
-6
0
4
-4
0
4
3
-8
1
0
1
-1
2
-4
4
-4
8
-6
2
-2
-1
1
2
-3
2
-1
5
2
-7
-1
1
-2
0
3
5
-2
-4
2
-2
2
0
-1
4
-6
7
-7
0
3:2
3:-2
2
6
-4
-5
9
-1
0
-3
-4
3
0
4
-6
6
-2
-4
5
-5
-2
0
4
0
-1
3
1
-4
2:-1
5
-6
1
-1
3
0
1
-2
3
0
2:-1
-2
7
-6
0
-1
1
6
-5
1
-1
2:0
-2
2
-2
0
3
4
-6
8
-6
-2
-1
1
4
-4
-2
1
0
6
-6
2
-2
-1
2:0
2:3
-2
-4
2
4
-4
-2
5
-4
3
-3
2
-2
2:0
5
-2
-3
0
2
-2
2:0
1
8
-9
1
2:-1
0
3
1
-1
0
-1
0
2:-1
1
6
-6
9
-9
0
1
6
-6
2
-2
2:0
2
-3
1
4
-2
-3
2:0
6
-5
5
2
-8
4
-2
-1
5
-7
1
8
-6
-3
2
1
-2
3
4
-6
-2
3
-2
1
5
-3
-4
7
-3
4
-7
3
-1
-2
4
-3
-2
5
-1
1
-4
1
-2
2
-2
7
-4
0
4
-7
1
0
4
-4
2
-3
2:3
-6
3
2
1
-3
1
3
2:-2
2
-5
2
0
1
-2
-1
2:1
0
-1
4
3
-3
-4
2:0
9
-10
5
4
-8
0
4
-3
1
0
-2
4
-1
-4
6
-1
1
-4
5
-6
0
1
6
-7
1
0
7
-8
3
-5
0
1
-1
0
1
-1
2:0
1
-1
0
1
-1
1
-1
6:0
1
0
-1
0
1
-1
1
5:0
-1
1
0
-1
0
1
-1
1
-1
1
-1
2:0
1
-1
5:0
1
0
-1
0
1
-1
1
0
-1
3:0
1
-1
0
1
-1
0
1
-1
2:0
1
0
-1
0
1
-1
0
1
0
-1
3:0
1
-1
3:0
1
-1
0
1
0
-1
0
1
2:0
-1
0
1
4:0
-1
1
-1
1
-1
1
-1
1
2:0
-1
1
-1
1
-1
0
1
2:0
-1
0
1
0
-1
2:0
1
2:0
-1
1
-1
1
0
-1
1
0
-1
1
-1
1
3:0
-1
1
-1
1
-1
2:0
1
-1
1
-1
0
1
3:0
-1
2:0
1
5:0
1
6
-1
-4
4
6
-10
-1
10
-9
5
-6
181
-180
2:0
-1
1
2
18
1
-2
-17
-1
58
-45
-14
18
-19
2:0
13
-13
1
0
24
-25
2:0
1
9
-10
2:4
-5
0
-3
1
10
-11
0
12
-12
0
4
-4
1
2
2:-1
2:0
16
-17
2
-2
7
-6
-1
5
3
-4
-3
7
-8
2
1
-2
-1
5
-5
0
27
-26
9
-10
15
-15
20
-18
11
-12
4
2:-2
2
-2
0
7
-5
-2
-1
2:0
2
4
-6
4
3
-6
5
-3
23
-26
60
-38
-20
-2
2
7
-9
94
-89
-5
8
-1
-6
4
83
-83
2:-2
2
-1
5
-4
-1
20
-20
-2
22
26
88
-122
-14
7
10
-5
3
-10
-1
1
-1
0
19
-16
7
-14
0
2
2:-1
1
23
-5
-12
4
-9
1
99
-101
2042
-2038
-4
138
-97
-42
5
4
0
-8
2
-1
6
-5
0
-3
32
-27
-2
8
-5
-3
8
-11
28
-25
57
-58
21
-22
12
-12
25
-21
5
-6
-3
7
13
-18
58
-58
-1
60
-52
-1
19
-26
2
1081
-920
-153
2:-6
4
-4
0
8
-3
1
-2
-3
-1
3
42
-45
4
48
-48
508
-460
-52
9
-9
7
-7
20
-17
36
2:-14
-7
223
-124
-89
-11
9
-11
5
34
1210
-1241
-8
160
-160
-1
16
224
-236
957
-955
-2
128
-131
-1
3
-2
0
6
1
-7
5
161
-129
-34
242
-214
-19
-11
-2
0
8
62
-63
64
-63
65
239
-303
4
-11
7
-5
2:3
35
-44
5
-5
5
-6
32
16
6
-45
23
-31
-1
55
3
-56
-1
5
174
-175
12
-17
9
45
-54
3
9
-11
8
-8
4
0
210
-210
-3
12
-12
30
-32
2:0
15
860
-874
4
-5
20
-16
6
-9
0
3
2
-4
3
1
0
283
-276
4
0
-7
-1
-6
8
-5
18
-17
9
393
-378
-29
4
-4
8
10
-1
31
-35
-12
-2
-1
2:0
52
-52
10
-1
-4
3
15
-23
7
0
9
-3
-13
0
4
-3
5
27
-15
-17
269
-268
10
-12
93
311
1050
-1454
0
5
8
253
-266
23
-14
23
-24
-7
-1
63
240
-302
3
0
-2
33
-28
-3
-2
20
25
-47
93
328
408
-823
49
-51
2
-5
0
3
5
-8
2
-3
15
-11
-4
4
6
-8
4
1
0
-3
13
-15
8
22
-11
-14
13
-18
-1
4
22
2
-29
12
42
-18
-36
2
14
-12
-1
17
140
-134
-17
-5
-2
10
-9
0
-2
9
156
-160
-6
11:0
1
-1
0
2:1
-2
2:0
1
-1
1
-1
4:0
1
-1
2
-2
4:0
1
-1
2:0
2
-2
4:0
1
-1
10:0
1
-1
1
-1
1
-1
1
-1
0
2:1
2
-4
9:0
1
-1
4:0
2
1
-3
0
3
-3
2:0
1
-1
0
1
-1
2:0
2
-1
1
-2
0
2
2:-1
1
-1
0
1
-1
1
-1
3:0
1
2:0
-1
7:0
3
-3
7:0
1
-1
1
0
-1
8:0
2
-2
5:0
2
-2
2:0
1
-1
2:0
1
-1
4:0
1
-1
0
8
-8
1
-1
1
0
-1
1
-1
0
3
-3
1
2
-2
0
-1
2:0
1
-1
2:0
2
1
-3
0
2
0
-2
1
-1
4:0
1
-1
1
-1
0
1
-1
0
3
-2
-1
2:0
5
-5
0
1
-1
0
2
-1
2
-2
4
-5
2
0
2:-1
2:0
1
-1
0
1
0
-1
2:0
1
0
-1
0
4
-4
3
-2
-1
0
1
-1
0
1
-1
1
-1
1
0
-1
2:0
2:1
-2
2:0
1
-1
3:0
2
2:-1
1
-1
4
-1
-3
0
1
0
-1
3:0
2
0
2:-1
2:0
2
-2
0
1
-1
4:0
2
-2
9
-9
1
-1
0
1
-1
1
0
-1
2:0
5
2:-2
-1
1
2:0
-1
3:0
1
-1
2
-2
10:0
8
-8
0
2
-2
2:0
1
-1
0
1
-1
2
-2
1
-1
1
-1
0
1
-1
0
1
0
-1
2:2
-4
1
2:0
-1
1
-1
2:0
2
5
-6
-1
6
-6
2:1
-2
1
-1
1
-1
7:0
2
-1
2:0
-1
0
3
-3
3:0
1
-1
1
0
-1
8
2:-4
7:0
2
0
-2
1
-1
1
0
1
2:-1
2:0
1
-1
1
-1
1
-1
2:0
4
-4
3:0
1
0
-1
1
-1
0
1
-1
4:0
1
-1
1
2
-3
2
0
2:-1
1
-1
2
-2
2:0
2
-2
5:0
1
-1
1
0
1
-2
33:0
1
-1
64:0
1
-1
0
1
-1
1
-1
3:0
1
-1
14:0
1
-1
0
1
-1
1
-1
0
2
2:-1
4:0
1
0
-1
17:0
2
-2
0
1
0
1
-2
0
1
-1
11:0
end
