v1
1101
297
440
6
486
52
74
65
48
8
229
259
119
188
75
51
3
234
1
57
17
39
7
4
11
642
46
106
59
612
437
143
152
130
263
455
271
177
258
194
22
285
160
275
71
67
70
324
79
50
17
9
211
290
31
225
277
104
153
20
24
139
79
257
79
57
183
291
45
370
193
4
42
64
104
171
207
85
139
16
478
442
339
69
10
47
376
205
228
64
42
128
7
104
82
35
78
491
87
7
123
37
27
356
53
24
339
300
94
275
16
15
482
131
21
212
286
8
109
149
146
171
10
27
22
7
45
6
32
25
18
17
38
60
2
3
14
130
4
118
64
2:9
74
45
2:14
50
30
35
38
19
38
17
127
118
85
362
78
95
120
225
160
131
123
110
262
42
10
33
6
116
146
138
54
121
35
106
85
101
0
41
87
172
146
5
238
44
381
29
17
14
291
8
10
5
31
2
66
87
229
41
516
12
132
43
9
799
301
71
0
22
367
56
109
2
24
157
93
94
8
67
50
6
637
57
261
30
247
33
29
1
146
56
44
36
128
57
69
7
155
30
197
96
110
510
101
36
45
20
184
415
37
175
70
121
8
11
32
86
6
360
100
54
47
31
30
35
5
87
108
122
31
64
20
3
69
30
5
89
5
119
32
106
406
39
46
17
123
32
34
92
31
31375
22
9
287
3
44
85
88
76
120
36
8
22
1080
72
179
71
46
120
18
47
3310
2211
2
326
1553
5140
7580
3236
1500
1150
4766
4989
6933
2988
925
872
2652
2
8058
33
2826
882
958
2466
474
4669
1
7
9
2
5
1
1427
4053
115874
1
3543
1
7717
24
26
47
4
9413
28772
3649
22
42
238
20
89
5
54647
870
20
127
30
7
29
18
38
1
6
12
1
16
145
27
10
2
1
2
9
1
6
5
2
1
725
49
107
63
16286
4654
3093
5056
13132
813
1430
1479
248
436
532
2:2
1
4
7
3
8
28
3
86
27
8
19
40
37
3
1
34
9
47
4
5
1
30302
1513
8465
26
64
0
176
69
756
1
46
263
43
42
202
277
9
57
2:9
41
103
30
17
64
2
19
273
375
50
13
6
17
0
38
72
14849
17
7
45
2
0
7
28
4
1986
9723
1
150
12
1
101
14
28
36
26
13
62
35
30
7
15
99
0
22
23
25
14
26
93
23
-488987
128
33
24
130
129
50
91
101
174
477
9
53
0
66
23
51
157
55
100
83
141
19
71
50
412
194
36
98
123
153
161
36
1
193
1
0
52
118
33
62
161
25
242
7
10
116
159
13
89
206
151
60
102
80
27
116
609
19
48
223
5
53
43
10
86
129
20
151
74
120
557
15
16
184
61
142
14
134
91
101
7
28
13
25
21
0
132
12
110
418
68
37
61
54
39
81
89
198
82
338
93
7
78
98
203
48
63
31
239
0
227
116
98
207
349
19
36
147
136
341
80
24
1
114
44
21
1
132
28
20
69
28
359
275
302
23
190
92
198
39
55
146
56
27
45
133
94
81
25
45
26
93
26
192
202
55
37
128
163
46
73
229
89
129
10
112
2
199
20
173
26
2
51
20
41
216
309
338
182
5
11
52
22
61
6
26
24
0
25
2
15
2:4
25
47
126
3
99
78
22
11
42
72
53
49
4
15
18
207
56
79
273
165
106
85
339
125
33
22
24
31
55
271
70
87
388
110
672
26
5
327
90
170
144
79
0
504
75
329
69
335
114
54
31
42
203
662
111
328
31
10
304
18
142
146
20
151
224
185
502
314
11
29
297
12
45
6
103
25
12
21
19
176
5
149
160
2
156
119
102
116
23
209
90
124
61
201
84
646
268
3
32
1
30
22
17
46
169
9
42
22
2:110
47
3
2
4
8
13
9
27
92
29
23
228
20
121
29
34
40
140
148
73
20
72
50
11
58
36
93
87
17
8
7
45
19
149
31423
8
33
31
152
9
4
11
2
16
25
35
4
34
176
28
34
18
1110
54
57
0
87
90
320
43
59
2055
5324
3087
0
7323
15502
2466
1620
1211
4086
2185
1741
872
1267
4
1397
0
8075
4653
34
2434
4
2006
3153
2487
167741
4299
32
0
156
29
14
40
85
61
19
27
6677
4333
25036
19327
9
41
35
74
59
107
201
58
53
2
98
650
29
25
9
92
3508
15193
6567
9030
8957
1
38
44
825
1231
143
1513
169
8
0
6
19
18
43
5
14
17
177
40498
155
151
37
61
11
530
11
74
9
133
67
175
166
8
86
140
25
7
26
250
20
505
17
36
99
38
32
2:28
108
14870
5
69
0
1975
9735
151
147
17
19
1
52
43
26
10
7
45
58
1
15
0
43
69
25
144
-488381
1129
419
281
259
526
243
1070
624
174
86
72
312
442
722
95
628
467
831
562
30
116
744
745
272
1260
458
316
262
545
434
85
1385
212
304
388
1325
207
36
28
58
94
580
153
755
439
185
716
703
1425
1823
1420
239
57
221
278
330
2587
94
400
540
138
1780
253
15
33
31547
617
16816
8337
15717
19117
18
45
12288
4948
103078
66515
5
117
56307
5
4418
40656
3206
47
2
41
3
40778
1610
17
288
27792
16
29
162
6
87
137
1425181200
499:0
1
500:0
1
99:0
11
82
-50
80
-19
-59
16
150
-97
-104
1
11075
-11051
418
-171
-230
-37
2
521
1940
3014
-5418
7
-48
-4
-12
19
1822
-1734
-98
541
-482
-73
769
-754
106
-122
1
142
-105
48
-72
-12
4504
-4377
-93
-36
19
4
-2
-22
1
216
-98
-93
-4
-5
127
-137
3
310
-311
35
9
651
-704
698
-688
2
22
16
-14
-36
906
1727
-2622
-7
319
-312
300
-201
614
-703
-6
122
-114
-11
32
-27
112
-88
71
-90
-14
-6
-2
34
21
-50
62
-29
6
-44
11
47
2907
-2927
422
8
-398
-41
-26
-3
271
-263
704
-321
-367
108
6082
-6205
34
-40
1
189
-109
-64
520
-509
-15
-13
720
-721
35
197
-234
13
68
29
-99
-6
653
-571
-83
-3
17
43
114
-77
22
-10
-107
39
-39
405
-406
178
-177
181
80
-146
-104
-3
885
-617
-275
17
95763
-95763
4699
-4510
-205
13
37
8
-56
122
-80
-23
3
128
-153
197
-193
4
41
90
-139
2
93
-1
-95
243
-241
97
202
346
-640
27
3
305
-331
-10
59
-24
-26
143
136
-266
4
16
3146
-3154
-32
121
-114
139
-49
12289
-12388
1763
-1227
-495
-43
3
1
38
118
-114
-36
6
4
18
-30
52
529
-590
1133
-1111
21165
-21152
-11
-15
616
-624
40
892
-916
0
453
-463
325
-263
161
-220
3932
-3609
-284
-37
342
-84
41
68079
-68361
-29
3259
-3257
-1
14
365
-336
1344
884
-2255
12882
-12895
-4
2
33
450
-478
-2
5
-6
110
-104
-1
639
-503
3077
-2996
-48
4465
-4354
-272
22
-34
282
-272
430
-437
773
1000
-1662
-60
-48
34
-31
-14
23
235
-29
-53
41
188
-406
1009
-840
36
-204
895
-744
6274
-6394
-28
1434
-1404
-34
0
41
198
-239
2
10
5
149
-147
419
-428
-2
200
-204
13761
-13750
19
-28
-2
69
-49
-1
17
-24
714
-720
1220
-1229
7864
-7862
45
969
893
-1761
-145
369
7290
-7648
-3
-10
568
-517
-42
43
-44
-6
9
45
-36
92
1791
-1782
-6
-67
-50
3
5
6
177
1252
-1261
-161
11
10
-35
-6
22
-7
-5
490
-492
62
-38
311
-340
80
79
-23
-129
20
-29
2:24
-40
62
-67
2969
-1425
-1523
-21
31096
-31061
1501
6362
337
-8239
48
80
-103
472
3832
-4299
-30
247
-238
75
-6
27
-77
369
1199
-1593
67
47
-29
-58
393
568
-855
2563
254
-2905
182
-180
-42
366
249
-592
1780
-1779
-18
24
-21
68
-8
286
26
607
-988
78
-22
-42
14
343
-369
-8
85
730
-346
-224
1638
-1853
-17
170
-148
107
-50
-29
-24
-32
27
-28
237
-162
-1
-24
-57
86
-38
-27
14
107
-154
7
1
-2
-6
2
0
2
1
-4
6
-2
1
-2
5
-9
8
-8
0
2
1
-3
0
3
-3
2:0
9
-8
3
0
1
-2
2
-2
3
-1
-5
3
4
-5
-2
7
-7
5
-1
-2
2:0
4
-6
2
1
-1
4
2:-3
3
-2
7
-5
5
-8
2
7
-4
1
4
-5
3
-8
7
-3
4
-5
-1
0
6
-4
2:-2
4
1
-4
7
-2
-4
0
1
4
0
-2
-4
5
-3
-2
2
0
4
-2
3
-3
-5
0
10
-8
-2
0
3
-3
1
2
2:-1
0
2
4
-7
2:1
3
1
-4
2
3
-7
8
1
-9
1
2
5
-7
-1
2
6
-1
-6
7
2:-4
9
-6
1
2
1
2:-2
-1
0
3
-4
3
1
-4
3
-1
2
-5
2
0
4
1
-2
-3
2
-2
-1
2:2
3
-1
-5
7
-7
3
-5
5
1
-4
2:0
3
-3
0
2
-2
3
1
-6
0
2:3
-5
3
-1
0
-2
4
1
-1
4
-4
-3
2:-1
4
-1
3
-6
2
3
-2
0
1
2:2
0
-8
3
-2
0
2
-2
0
4
-1
-2
2
-2
1
-3
7
-4
2
3
-3
-1
1
-5
2:0
3
-3
5
-5
2
7
-5
-4
0
2
-1
0
-1
10
-6
-4
2
-2
0
2:4
-8
0
2
-1
3
-1
4
-6
-1
0
5
-3
-2
4
-2
0
-2
8
-6
6
-8
7
0
2
-8
1
7
-7
-1
1
-1
3:1
-2
0
3
-5
2:0
1
0
4
-4
-1
9
-9
0
5
0
-3
-2
4
-2
6
2:-3
3
-1
4
-4
-2
6
-5
3
-4
-2
2
3
-5
2
-2
0
5
1
0
-4
6
-6
-1
6
-4
-2
-1
2
0
5
-6
5
-6
4
-4
4
-4
0
5
1
-6
7
-7
2
6
-1
-7
4
3:0
2
3
-1
2:-3
7
0
-9
6
0
2
-5
0
1
-2
2
-4
0
3
2:0
2:2
-7
0
9
-6
-1
3
2
-5
-2
2
-2
3
-1
4
0
3
-8
6
-7
7
-7
4
-2
3
-1
-2
2
-3
-1
5
1
3
-9
8
-5
-2
5
-6
0
2
0
-2
2:1
-2
1
6
-3
-2
0
-2
6
-4
2:-1
1
0
7
0
-4
4
-8
3
0
-3
4
-4
7
-4
6
-1
1
-3
1
-5
-2
2:1
7
-5
2
0
-4
7
-2
-1
-4
1
-3
7
0
4:-1
-3
6
0
-6
5
0
-3
-2
2
-2
3
0
-2
-1
1
97:0
2
-1
3
4
3
-10
5
1
-6
3
-1
179
-177
-4
3
-3
1
0
16
-15
16
-16
-2
13
-12
47
-48
11
2
-13
2
3
-5
32
-29
4
-4
-2
1
0
8
-7
-3
2
12
-14
2
-2
1
-1
0
1
2
5
-5
0
-3
9
-6
2
-5
2
11
-10
-3
2:1
2
-3
3
-4
0
1
0
31
-32
1
6
-7
16
-6
4
-9
-3
0
6
-8
3
0
1
-2
8
-9
-1
2:0
6
-5
-1
0
3
6
-6
-2
2
26
-26
58
-36
-22
-3
3:0
2
-2
57
-54
-3
5
-5
7
-3
-4
4
3
-1
78
-81
1
-1
-3
19
-7
-4
-8
4
10
34
-48
5
43
-43
2:-1
1
7
-6
2
-2
3
-7
13
-14
18
-17
31
-29
4
0
5
-8
-2
1
74
-77
11
1983
-1990
95
-62
-35
6
2
-1
-9
2:3
-1
0
-4
-1
31
-28
0
-3
14
-14
6
-1
6
-11
25
-24
3
-1
129
-131
11
5
-5
-9
3
-5
2:0
19
21
-38
0
5
45
-49
-1
17
-18
1
2
991
-996
82
-70
-10
-1
2:0
1
10
-4
-1
-7
3
4
-5
6
35
-38
46
-39
275
-287
0
6
63
-69
2
5
2:0
21
-23
32
-25
12
-23
157
-74
-76
-6
-2
8
33
779
-812
-7
194
-193
-2
4
14
-18
13
149
-158
731
-735
0
3
-2
128
-128
4
-3
-2
14
-13
3
-4
4
168
-161
-9
204
-180
-17
-9
4
26
-29
94
-89
67
216
-284
4
-9
8
3
-1
-8
34
-18
-6
-1
36
-47
58
-31
4
-25
53
-58
92
-90
-2
182
-180
2
-3
15
57
-73
5
-1
0
1
4
-10
15
-9
-4
4
189
-195
5
-2
-3
17
-13
-1
12
-14
2:0
10
-8
887
-889
2
18
-1
-15
-4
6
272
-274
-4
7
-8
14
-8
-4
12
-14
3
1
7
-10
383
-344
-30
2
-11
6
3
1
4
76
-76
-11
-3
8
-7
2:-1
5
2
7
-14
8
-7
19
-20
14
-3
14
-24
1
0
1
-2
-1
12
-8
23
4
-29
-2
373
-359
105
330
1243
-1691
4
5
-5
3
304
-310
2
24
-24
20
0
-16
-1
49
322
-373
-3
10
25
-29
24
19
53
75
164
-338
30
-30
2
-6
24
-19
-1
-5
9
0
-7
14
1
-2
17
-32
0
4
18
-21
0
35
-32
2:0
17
7
-21
49
-50
-5
28
-28
2
8
5
-3
-12
1
-2
94
-80
0
-3
-10
7
-7
0
2
15
-18
1
-1
2:0
1
-1
4:0
1
-1
3:0
1
-1
0
1
-1
9:0
1
2
-3
2:0
1
0
-1
4:0
1
-1
2:0
1
-1
4:0
1
-1
3
-3
3:0
1
-1
1
-1
0
1
-1
3:0
3
-3
3:0
1
-1
0
4
-4
3:0
2
-2
2
2:0
-2
1
2
-2
-1
5:0
2:1
-2
0
1
-1
0
1
-1
17:0
1
-1
2:0
1
-1
6:0
1
-1
4:0
2
-2
2:0
1
-1
2:0
1
-1
4:0
1
0
-1
4:0
1
-1
0
1
-1
3:0
2
-2
6:0
2
-2
3:0
1
-1
3
-3
1
0
-1
11:0
1
-1
5:0
2
-2
5:0
1
-1
11:0
2
-2
2:0
2
-2
5
-4
0
-1
4:0
1
-1
3:0
1
0
-1
5:0
1
-1
5:0
3
-3
6:0
1
-1
2:0
3
-3
2
2:-1
0
1
-1
0
1
-1
0
2
-2
1
-1
2:0
1
-1
15:0
1
-1
0
2
2:-1
0
4
-3
-1
0
2
-2
0
1
-1
3
-2
-1
5
-5
6:0
1
-1
3:0
1
-1
5
-5
10:0
1
-1
1
-1
6:0
3
-3
1
0
-1
1
2:0
-1
0
1
4
-3
-2
0
1
0
1
2:-1
11:0
2
2:-1
2
0
-2
2:0
2:1
-2
4
0
5
-9
10
-10
0
2
-1
0
1
-2
3:0
1
-1
0
2
-2
2:0
1
-1
0
1
-1
0
1
2:0
1
-2
4
-1
-3
4:0
1
0
-1
3:0
1
0
-1
3:0
1
-1
1
-1
2:1
0
-2
5:0
2
-2
0
1
-1
4:0
1
0
-1
0
1
2:0
-1
2:0
1
-1
6:0
1
-1
32:0
1
-1
7:0
2
-2
0
1
-1
12:0
1
-1
3:0
1
-1
17:0
1
-1
1
-1
1
-1
1
-1
10:0
end
