v1
1024
584
159
222
76
83
105
52
74
65
48
237
259
119
188
126
3
292
56
2:11
146
535
7
29
136
324
142
146
147
285
5
143
152
130
29
234
455
271
101
76
258
216
43
75
167
160
275
138
95
269
109
22
28
17
9
211
134
187
225
277
170
87
44
43
175
194
63
79
57
317
6
151
608
46
168
171
431
40
454
388
54
125
214
36
43
47
555
254
106
135
84
20
52
30
141
247
216
281
356
277
139
189
99
12
94
217
58
16
157
392
26
74
40
172
286
8
46
13
50
25
263
7
181
56
51
32
25
18
4
15
42
7
47
2
3
138
9
1
118
64
2:9
66
8
59
64
30
35
112
73
54
118
85
362
173
14
106
225
160
11
24
96
123
110
185
119
10
33
6
116
146
192
61
60
141
85
101
0
15
26
90
166
1
2
146
43
59
22
163
208
202
31
299
10
36
2
77
6
70
229
41
423
93
12
175
9
799
199
102
42
29
12
10
367
165
2
24
157
93
94
8
67
50
6
985
1
246
4
29
47
72
57
95
41
53
75
120
6
7
8
147
30
197
206
447
164
36
45
20
184
415
37
175
70
121
8
11
32
86
6
293
67
100
54
47
61
35
200
153
59
5
20
3
104
94
138
119
149
204
53
21
18
63
117
72
1
91
31406
22
9
82
208
44
37
48
88
84
112
36
8
22
932
148
50
22
179
71
166
18
45
2
9
2055
3457
328
1553
5140
7580
3236
2650
4766
7823
4099
2988
4449
2
14
12743
2457
9
5143
8
9
2
5
1
1427
119927
3544
1
7741
26
47
9417
2665
26107
3649
18
4
36
6
125
113
20
72
17
5
54647
781
35
74
55
102
0
9
27
18
38
1
6
12
17
36
39
70
27
10
3
11
1
6
5
2
1
30
695
29
190
7833
4973
3480
4654
3093
5056
13132
2243
454
608
1101
532
2
1
6
7
1
10
28
3
86
2:27
40
34
2:3
1
31
12
47
4
5
1
30302
9786
192
26
64
79
97
15
54
31
725
1
13
296
43
42
202
49
228
9
14
33
10
2:9
41
103
30
53
10
20
292
375
31
19
13
6
17
18
20
72
14873
15
30
2
7
28
2
1988
9722
2
150
12
102
14
18
10
7
20
9
26
13
4
58
35
0
30
7
15
45
54
22
48
3
25
105
0
23
-488991
54
98
2:13
11
174
276
79
273
9
7
159
1
174
38
42
18
334
82
104
38
110
59
3
132
108
46
124
1
74
46
14
111
75
24
14
21
61
215
180
65
147
203
223
32
154
107
73
322
294
15
53
100
234
19
124
316
157
12
295
189
111
224
34
88
74
23
0
29
53
142
31
115
145
16
141
32
214
34
120
85
120
75
142
8
67
37
103
261
122
205
198
156
281
139
31
62
103
80
104
147
19
43
161
13
147
20
44
229
98
208
78
38
224
23
4
36
12
128
434
335
160
122
152
18
25
266
470
126
62
148
167
10
29
55
146
78
0
50
130
97
106
16
29
26
93
26
103
159
1
23
108
224
15
58
92
97
16
229
219
121
57
113
51
127
56
301
45
144
258
129
330
1
24
2:50
43
5
10
11
17
14
72
70
28
12
13
105
2
109
71
36
28
4
11
12
5
49
4
15
10
8
35
19
9
20
9
47
654
1
68
17
7
85
217
44
0
78
107
73
40
302
264
0
67
253
180
115
73
240
6
168
28
202
121
68
170
29
144
276
22
3
174
151
18
81
329
337
148
0
4
47
13
189
43
267
395
111
359
443
53
13
111
20
151
82
142
79
528
80
45
32
185
13
31
48
291
1
5
191
6
27
143
57
38
331
206
11
6
63
33
0
116
232
275
285
66
191
105
93
33
158
233
2:35
34
79
3
96
124
22
28
177
15
28
85
72
20
45
7
432
19
18
14
24
118
54
68
13
73
20
72
61
58
72
13
38
110
8
7
60
18
24
122
35
31367
82
75
37
49
17
15
61
4
282
9
1121
42
63
6
165
228
15
120
331
3029
2536
1878
7282
1761
6576
1515
378
10527
3
1620
4874
2605
1744
872
2658
8051
34
2
1
2825
1825
22
12
1514
2930
3147
6
2
18
1446
3502
530
1
11417
104457
53193
7
44
98
39
44
146
46
7250
28796
19320
0
7
214
4
2:105
19
35
8
36
46
55
4
1
5
2
98
686
6
107
67
18639
6568
1995
7035
3257
5536
164
83
825
1230
1
143
86
0
1603
1
19
6
18
3
40
2:5
9
36
2
25
24
41
3
27
2
68
3
31847
8238
652
49
18
243
403
36
5
9
190
62
29
109
134
111
153
17
2
21
152
72
5
26
10
44
176
357
216
3
105
14720
150
76
1973
9900
53
10
9
45
52
38
78
5
31
32
19
56
7
55
21
19
46
12
95
27
1425191400
499:0
1
523:0
151
-133
6
17
-33
25
47
-44
-2
194
-223
17
8342
-8358
283
-249
822
3331
-4089
-76
-5
6
-7
-17
1521
-1519
16
73
-61
1
0
-1
405
-433
12
4173
-4144
20
-63
15
20
-34
13
0
3
30
50
-2
-56
14
-29
67
-48
-24
-18
0
115
-116
37
1
-38
244
49
-292
0
14
18
-19
-12
2:-1
751
-712
17
866
47
-780
-173
89
-103
94
-96
125
-125
2:20
-39
29
104
1
-134
85
-84
9
-11
42
-18
22
-29
-16
3333
-3334
2:21
454
-463
450
-372
-110
18
-17
261
-262
129
937
-789
-102
-165
58
-67
63
7991
-8021
775
-799
219
-208
14
-11
-24
0
15
38
-18
-17
14
-14
28
50
-61
42
396
-456
60
-63
36
90
-42
-55
-43
16
413
-409
162
-157
25
159
-166
-30
-14
2
31
840
-251
-620
15
86414
-86344
6172
-6161
-80
33
-51
40
123
-132
-6
1
-4
134
-153
-3
15594
-15477
-106
-11
0
85
11
-95
13
14
131
-130
-11
535
-552
19
10
59
87
-175
22
-20
119
-70
61
-111
365
-367
12
-9
200
3156
-3331
54
208
-192
435
7837
-8354
1807
-1468
-323
-15
-3
77
-89
40
-30
-10
16
-17
54
-44
561
-570
234
-6
-35
21780
-21933
0
596
-625
204
505
-672
-31
367
-348
60
116
-110
-84
2635
-2533
-83
-37
502
-476
627
-369
32687
-32943
2052
-2044
236
-233
-39
1721
-1708
3558
-3559
419
-433
11
-11
0
13
18
16
5
-50
2355
-2354
315
1726
-1853
-143
-48
12
86
-80
21
336
-364
256
2018
-2271
26
-18
-21
-1
29
4
-16
265
-157
-124
113
-95
21
161
590
493
-1057
-225
601
3554
-4130
147
3786
-3912
-11
71
145
-26
-227
43
-42
22
53
25986
-26047
-4
5
104
-118
674
-233
-442
79
5124
-5158
-32
61
272
910
-1255
731
-731
105
-106
12
6
7413
-7418
-14
3
-2
-1
64
-7
-55
54
-56
11
8
27
-35
1033
-926
-98
71
-54
-25
4
2
142
1168
-868
-391
-48
-6
-15
46
-9
-36
15
30
5
12
-52
73
-11
-72
72
16
12
-100
-1
24
9
-33
168
-168
2832
-1717
-1099
13565
-13503
-76
706
6653
-1531
-5801
-28
24
-4
42
3901
-3950
-12
327
-318
66
-62
85
-98
9
7
152
1402
-1569
83
-53
25
-7
-3
406
296
-750
0
175
3690
-2569
-1246
10
-35
-7
-18
110
439
-513
-4
-19
55
-57
42
-53
40
468
-455
-52
125
5
-7
14
-136
152
-141
245
36
1067
-1297
87
688
-839
2:0
132
-55
118
-194
88
124
8
-171
-38
149
-135
148
-86
-6
-55
-25
25
-2
152
-181
2
7
2
-11
2
-2
2:1
-2
0
-1
0
2
6
-8
1
2:0
8
-8
0
1
-1
3
-2
1
-1
0
11
-4
-6
3:-1
3
0
-2
2:0
-1
1
0
10
-9
0
1
-1
1
-3
3
0
-2
-1
9
-9
1
2:0
-1
3
0
2:-1
3
-1
1
-4
0
2:1
-2
3
-3
0
2:2
-3
2
-3
12
-9
-1
1
6
-8
10
-8
1
-4
4
5
-9
3
5
7
-13
1
8
-8
5
-8
0
2:1
6
0
-8
4:1
0
9
-10
0
7
2
-12
2:1
13
-14
1
-1
12
-12
3
-2
1
-2
0
4
-2
2
-2
-1
-2
0
4
-3
-1
2
13
-13
-2
4
-3
3:0
7
-7
-1
3
-1
1
-2
1
8
-7
-1
1
-2
0
3
-3
0
-1
3
-3
0
1
9
3
-4
-9
1
14
-13
9
-11
4
-2
-1
0
1
9
-7
-3
1
12
-11
-2
-1
3
0
-2
-1
2
-2
0
9
-9
15
-14
3
4
-6
0
-1
2:1
-2
14
-15
2:0
9
-9
5
-5
4
-4
0
4
11
-2
-9
-4
0
3
-2
1
-2
3
-3
2:2
-3
3
9
-11
-1
13
-10
8
-11
2
-3
0
4
0
-1
-3
1
-1
4
-3
-1
14
0
-12
3
-4
3:0
1
0
9
2
-13
1
14
-14
1
8
-1
-9
11
-11
2
-1
0
1
3
-5
1
8
-9
2:0
2
-2
3
-3
4
-1
9
-12
4
0
-3
1
2
-1
-3
0
2
2:-1
4
2:-2
3
-1
0
-1
0
-1
2
-1
14
-12
-3
14
-5
-9
1
3
-2
-1
3
2:4
-11
1
13
-14
-1
2
-1
10
-11
3
-2
0
2:1
6
-8
3:0
2
0
2:-1
0
12
-3
-10
1
8
-7
12
-13
3:0
8
-9
1
8
-7
1
-2
3
-3
1
-1
1
0
2:-1
5
8
-11
0
-1
2
10
-11
2
-2
-1
0
3
-2
-1
2
0
-2
1
-1
0
2
0
-2
2:1
-3
2:0
5
-3
12
-5
-8
9
-8
3
-5
4
2:-2
0
12
-10
2:-1
3
2:-1
3
2:5
-14
8
-8
12
-8
-3
2:0
-1
0
3
-3
1
-1
1
-1
1
11
-11
14
-15
2
0
-2
1
-1
0
14
-13
-1
4
-2
-1
0
7
-4
10
-14
1
2
-3
1
7
-8
2
-2
10
-8
12
-11
11
-1
-13
2
6
5
-11
-2
2
3
5
-9
0
8
-6
7
-9
2
-3
2:1
12
-13
14
-15
2:1
2
-3
9
1
-1
4
1
-2
-12
2
1
-2
2:0
3
2
-5
4
3
-5
3
144
-148
0
-1
17
-5
-12
11
-8
-1
45
-47
7
-5
-2
10
-9
-1
1
-1
9
-9
0
23
-20
5
-8
3
1
-4
0
1
5
-2
-4
10
-9
-1
0
1
-1
3:0
2
1
-1
0
-2
10
-9
-1
1
-1
6
-6
1
5
-6
5
-2
-3
0
14
-8
-6
9
-8
12
-13
13
-13
1
-1
1
-1
2:3
-5
2
-3
3:0
3
6
-6
-3
22
-22
0
4
36
-40
21
-19
-1
3
-4
2:0
4
-4
55
-55
1
0
1
-1
5
0
5
-10
52
-50
0
-3
2
0
-1
10
-5
-2
-4
2
15
6
-22
2
36
-38
6
-3
2:0
7
-4
-6
2
15
-18
32
-31
-1
3
4
-5
-2
2:2
0
67
-71
12
1825
-1836
89
-67
-21
5
-5
8
-4
-2
4
0
-7
0
-1
0
3
11
-12
-2
1
-1
13
-12
4
1
24
-27
-2
79
-80
2:1
13
-2
-10
1
-1
3
-4
20
-22
48
-47
3
-1
3
41
-43
5
-5
2
-2
636
-639
82
-65
-18
1
-1
9
-9
6
-6
0
1
-1
6
-4
53
-55
31
-18
-8
270
-275
0
54
-52
2:1
2
-2
21
-20
30
-22
1
-13
113
-49
-55
-8
-2
2
6
21
697
-720
133
-137
6
0
-3
152
-156
577
-573
114
-119
2
-2
2
-1
1
8
-4
-6
152
-152
9
160
-144
-16
-9
3
16
-19
2
69
-68
61
183
-244
6
-6
-3
0
8
-2
2
27
-24
-11
5
-5
9
27
3
-17
4
-24
41
25
-67
0
138
-135
8
31
-40
2
-5
7
0
-4
-1
168
-170
5
0
12
-15
11
-13
0
8
656
-664
3
2:1
16
-21
11
-8
1
-3
4
-1
242
-244
-1
5
-2
-4
10
0
-3
-7
8
-8
7
0
1
269
-275
-2
34
-31
4
-2
3
4
57
-50
-16
-3
0
6
0
-6
2:0
8
0
-2
-6
5
13
-18
5
13
-5
-13
1
0
-1
0
14
-12
21
0
-23
349
-337
-12
88
244
815
-1147
0
3
1
-2
233
-230
-5
25
-21
11
-14
6
-7
4
-3
29
267
-297
1
14
7
-15
-6
21
9
-31
0
79
73
55
-203
13
-14
-3
0
2
1
-3
0
8
-6
-1
18
-19
8
14
-21
-1
39
-34
16
-16
-5
7
-5
28
-24
33
-39
28
-24
-4
2:0
2
1
6
-7
17
-15
2:0
-4
63
-62
6
7
-12
0
-1
1
0
17
-18
-1
17:0
2
-2
5:0
1
0
-1
2
-2
2
-2
27:0
1
-1
22:0
1
-1
0
1
-1
2:0
5
-5
1
0
2
-3
3:0
2
-2
8:0
1
-1
5:0
1
-1
4:0
2
-2
9:0
1
0
-1
2:0
1
-1
2:0
1
-1
11:0
2
-2
15:0
2
-1
2
-3
0
1
-1
4
-4
2:0
1
-1
0
2
-2
3:0
1
-1
8:0
4
-4
6
-6
0
1
-1
2
-2
0
1
-1
1
-1
2:0
1
-1
6:0
2:2
2:-2
3:0
1
-1
2
-2
0
1
0
-1
2
-2
0
3
-3
2
-2
1
-1
8:0
1
-1
5
-5
0
1
-1
2
-2
3:0
1
-1
0
1
-1
0
2:2
-4
0
1
2:0
-1
5:0
2
-2
7:0
1
-1
2:0
1
-1
1
-1
1
-1
9:0
1
-1
4:0
1
-1
3:1
-3
5:0
5
0
-5
0
1
-1
3:0
3
-3
5:0
5
-5
3:0
1
-1
3:0
1
-1
4:0
1
-1
2
-2
0
2
2:-1
0
2
2:-1
1
0
-1
1
-1
2:2
-4
2
0
-2
2:0
1
0
-1
4:0
2
-2
0
2
2:-1
1
-1
0
1
-1
2:0
1
-1
0
1
-1
0
4
-1
-3
4:0
2
1
-3
0
3
-2
-1
0
1
0
-1
1
-1
1
-1
1
-1
1
0
-1
2
2:-1
0
1
-1
0
2
-2
0
2:1
-2
2:0
1
-1
7:0
3
-3
3:0
1
3
-4
2:0
1
-1
1
-1
1
-1
1
-1
2
-2
0
2
-2
2
-2
4
-4
3:0
1
-1
1
0
-1
4
-4
1
-1
2:0
7
-7
5:0
1
-1
2
-2
1
-1
2:0
end
