v1
822
207
26
302
208
181
305
31
21
115
24
48
56
170
216
54
119
51
75
62
126
237
1
57
17
39
7
15
28
118
221
153
122
22
17
7
0
106
53
6
221
119
142
3
25
7
95
104
43
435
150
130
56
109
98
36
219
20
180
72
116
83
22
155
152
106
105
89
16
2
4
0
118
167
136
24
17
92
52
32
220
95
299
0
5
96
28
17
9
192
153
34
119
34
18
99
108
277
249
8
20
67
134
41
112
82
63
79
48
9
29
110
78
198
12
47
219
196
86
107
31
354
14
276
2
139
348
146
433
9
126
160
20
33
69
57
31
77
258
10
28
0
33
255
105
12
106
6
23
16
90
84
112
43
88
39
55
30
172
167
28
185
4
37
0
27
2
169
26
142
17
55
22
64
44
124
100
7
190
65
139
115
160
16
93
64
55
337
273
39
44
5
165
72
8
58
51
150
145
115
51
5
10
4
23
24
5
45
6
32
18
7
11
7
3
0
16
42
8
46
0
2
3
14
117
13
4
110
8
64
2:9
12
62
9
50
94
0
5
30
3
54
38
17
14
68
45
118
447
2
29
15
127
120
65
0
2:160
35
86
133
12
2:98
164
42
10
33
6
116
104
110
0
70
54
13
108
7
134
85
101
41
256
3
146
102
39
131
15
129
275
6
0
17
14
110
189
48
66
87
229
41
462
46
8
12
59
116
50
758
199
16
86
53
23
17
127
185
55
50
6
0
111
24
82
75
56
37
94
75
18
32
215
110
66
252
318
277
33
29
147
10
40
6
44
36
128
19
38
63
6
7
8
147
227
96
110
12
435
164
101
27
157
64
351
37
175
70
64
6
51
8
11
32
74
2:6
277
89
100
54
47
59
2
35
112
2
86
153
39
20
5
23
69
0
30
5
89
5
9
11
131
106
194
119
85
8
30
9
63
21
125
9
34
64
28
31401
5
10
12
9
12
31
108
53
86
14
30
24
38
111
84
112
36
8
22
1055
75
22
68
111
71
166
15
0
3
43
4
2064
1246
7
2204
328
1553
663
2410
2067
3906
322
5868
720
2650
4766
11909
13
2988
436
1361
0
1267
1385
0
2
8041
1
47
2
2826
882
943
15
2457
9
1997
3146
1
16
2
5
1
2
1425
3523
530
115874
0
3545
1735
5981
25
73
9417
29228
3183
7
3
18
4
21
12
9
82
22
0
21
40
0
73
1
11
65
15
17
5
16
71
55284
7
50
35
74
59
98
7
2
27
18
0
22
17
6
12
17
36
109
27
10
3
0
3
8
1
6
5
2
83
643
29
20
176
16280
4654
3093
10208
7894
86
813
247
1101
82
1017
45
665
436
532
2:1
3
4
0
18
2:14
3
39
17
2
28
8
27
16
3
1
39
9
28
3
1
31
12
38
9
4
5
1
30302
9786
192
90
9
167
15
43
11
7
24
59
30
37
599
1
87
209
13
43
25
17
202
0
24
28
223
2
9
47
0
10
2:9
41
78
25
11
19
22
33
8
5
34
186
58
29
375
13
37
0
13
6
3
14
37
1
72
7
14911
9
32
1973
13
9723
1
150
12
89
27
28
27
35
2
0
11
62
5
6
17
37
22
5
92
2
22
48
0
14
119
39
2
32
12
3
50
-487689
233
259
310
233
486
542
104
543
157
1848
9
474
311
259
449
145
39
772
82
891
100
165
368
505
19
44
357
424
452
26
50
631
1202
15
105
462
2010
790
121
762
541
149
11
730
222
536
10
494
313
806
655
158
345
61
637
19
91
204
358
45
2571
285
135
301
610
63
329
732
2282
259
51
367
110
507
9
337
122
11
42
248
275
31698
89
202
26
1203
486
385
10885
35443
11676
7059
488
1565
3111
121373
3543
7768
42207
36145
19900
1020
12812
24686
9671
6
1
25
71
8
88
41
40172
2241
156
117
24
456
15373
12385
56
1425881400
699:0
1
121:0
6
5
-7
30
-30
-2
0
5
4
19
243
-271
13
-13
0
4585
-4463
-122
-1
63
-48
2037
-1198
-844
974
-980
39
-38
6
-7
395
-397
6
14
-18
-3
7
59
855
-919
2:-1
0
55
-53
37
-39
1
3
98
-100
26
-26
66
-69
46
-41
28
-30
-2
14
-13
20
5
-5
-19
23
-7
-16
1
0
33
-16
-19
113
-114
7
-4
11
103
8
-119
2
-8
228
-217
-11
2
7
-3
68
-69
27
-32
2
116
-52
-60
48
332
-361
-20
11
-15
14
64
-17
-45
3
17
-21
-7
31
4442
-4459
-23
469
-423
-40
0
76
-70
-12
8
5
116
960
-1088
162
285
-448
3
303
-297
11
0
-16
3
494
-501
1
-1
0
2
53
-30
-26
6
11
41
-29
-28
5
-3
2
22
-9
-12
18
-23
51
-40
-8
0
12
-15
16
7
-17
-3
0
15
-17
0
93
-90
219
-224
2
318
-314
320
-313
-10
-2
1
16
-12
25
-30
-1
56
-35
258
-278
40
-40
14
-15
12
48
-49
-10
13
-10
552
-504
-45
213
-207
-7
-4
25
-25
-1
6
-1
-5
7
-1
-4
41
23
-64
-2
106
-106
65
-53
816
352
-1170
45
-50
-4
2
0
-3
310
-301
8
-9
16
-21
60
-57
176
-41
-141
38
-36
23
2568
-2586
-1
53
519
-576
1322
-1306
-17
263
-264
2
3
86686
-86648
6642
-6513
-172
3
0
2
44
-48
28
-27
90
-10
-79
117
-94
-4
6
-27
2
5
152
-154
-1
-2
0
12
-15
0
21
442
-463
25
23
122
-165
-5
59
-59
3
85
-78
117
-127
4
226
-231
0
37
-36
10
1784
-1793
5
-3
5
12
-18
-1
-2
8
9550
-7991
-1561
240
-238
-3
-4
4
64
-11
-26
-31
15
-15
24
-22
8
60
543
-596
-13
296
613
-900
16
14033
-14057
70
201
-276
2:1
34
-35
230
-226
6
76
-9
-28
1236
-1287
9
1698
-1613
-81
-4
-6
14
-9
18
438
19329
-19780
32
2425
-2457
70
-74
86
-51
-39
2
2021
-54
-1971
1
0
-3
11
225
-235
-1
6
2:0
-4
0
10
-5
17
-14
-9
-1
79
1262
-1341
55
42
1552
-1649
197
-125
-64
-5
-3
56
-50
-6
201
-201
1
271
-258
154
635
-474
-298
-30
6
7
-8
52
-43
38
-50
0
49
-42
438
-445
133
-135
177
985
-1134
-29
0
82
-70
-12
4
340
-11
-260
-64
948
-879
-51
-26
2
1
-4
2
173
-174
1
41
-21
-18
36
-27
99
-108
6
-9
9
131
-129
25021
-25028
3
-7
34
-31
-2
0
1
94
-98
2
450
-385
4693
-4759
17
89
-77
-29
742
-742
0
122
-119
-2
-1
1
-1
3
9
-12
23
330
-349
192
2567
-2737
-20
-7
9
-4
4
-2
6
17
-17
-1
1
-9
-2
27
5
12
-28
407
-422
45
-44
-2
4
3
-9
131
-83
2
259
-278
-26
-2
4
-2
12
45
-25
-15
-7
32
2
-35
-7
2
28
-36
27
30
19
-44
-28
7
-4
-3
3
108
-115
14
1955
-1968
11
2
1866
-1880
1
3
4257
-4261
18
-13
322
6357
-1341
-5312
338
-352
170
-175
23
1800
-1830
-4
209
23
-231
41
-39
-4
340
-289
-37
-11
-2
3
55
1493
-1529
-17
4
2:2
25
-33
1
-6
-1
12
236
957
-1202
2
63
4531
-2904
-1607
-73
61
-21
72
-111
-9
16
57
-79
25
-17
142
-131
-19
7
-3
-2
8
19
0
1896
-1865
45
-105
19
106
-113
-11
80
1090
-1027
-122
2736
-2759
139
-110
-27
-2
1
-1
40
63
-102
2
-2
17
66
-83
780
-602
626
-804
-1
2
5
693
-684
554
-568
47
-32
-19
0
1
0
-1
0
1
0
-1
1
2:0
-1
0
1
0
-1
0
1
-1
1
0
-1
0
1
2:0
-1
1
0
-1
1
-1
1
4:0
-1
3:0
1
8:0
-1
0
1
-1
1
2:0
-1
1
0
-1
3:0
1
-1
0
1
0
-1
1
-1
0
1
4:0
-1
2:0
1
-1
0
1
3:0
-1
2:0
1
2:0
-1
1
0
-1
1
3:0
-1
0
1
-1
3:0
1
-1
1
2:0
-1
0
1
-1
3:0
1
2:0
2
-2
4:0
1
0
-1
0
1
-1
102
-102
4:0
1
9
-10
13
-12
9
-10
1
0
-1
2:0
1
22
-2
-21
0
14
-14
5:0
10
-10
2:0
5
-5
2:0
10
-10
2:0
3
-3
0
1
-1
3:1
-3
1
-1
3:0
3
0
-3
4:0
2
10
-12
3:0
1
-1
3:0
1
-1
0
1
-1
0
6
-4
-2
4
2:-1
-2
2:1
-2
8
-7
-1
1
-1
2
-2
2:0
2
-2
5
-5
2
-2
4
-4
2:0
4
-4
7
-7
6
-2
-4
0
13
-13
3
-1
-2
0
2
-2
5:0
3
-3
2:0
2
2:-1
3:0
3
-2
0
4
-5
2:0
1
0
1
-2
2:0
1
0
-1
1
-1
0
1
-1
11
-11
0
23
-22
14
-14
0
-1
1
0
-1
1
0
-1
0
2
45
-47
1
-1
3
-3
2:0
3
-3
2
-2
5
0
-4
30
-31
1
-1
2
-2
0
1
0
-1
12
-1
-10
4
2:-2
-1
10
-10
13
-13
1
65
-66
4
-4
0
2
0
-2
8
-7
4
-5
3
-2
-1
1
11
10
-22
2:0
1
4
-5
0
5
-4
-1
0
2
-2
43
-43
0
4
1248
-1252
55
-36
-19
3
0
-1
2
-4
4
-4
5
2
-5
-2
1
4
-3
0
-2
2
11
-9
-4
1
0
-1
1
-1
12
44
-56
8
-5
5
-8
0
4
-4
0
5
-2
8
-11
0
22
-22
0
2
-2
4
38
-41
1
-1
5
2:-3
2:0
4
322
-267
-59
10
-10
1
-1
1
2:2
-3
-1
3
-4
7
-6
-1
10
22
-29
-3
0
35
-31
-4
218
-218
1
29
-30
2:0
3
-3
11
-10
2
12
-9
1
-7
2:0
75
-39
-29
-7
2
-1
2:0
18
362
-379
-2
76
-74
2:-1
15
-8
-7
3
102
225
-330
2:0
1
0
67
-67
-1
2
2:0
-1
0
-1
3:1
-2
-1
5
58
-63
13
-12
92
-93
23
-17
-6
3
-3
1
-1
0
27
-27
0
36
-34
16
110
-122
-5
-1
1
2
-3
5
1
16
-22
0
9
-9
3
-2
4
-5
17
6
-12
-11
0
18
-18
2:0
18
24
-40
-2
76
-69
2
-7
1
-1
2
0
21
-25
1
-1
2
0
4
-5
2
-3
9
-9
2
-1
3
137
-141
2
-2
5
-4
-1
2
0
9
-11
2:0
7
407
-414
0
2:1
-2
11
-11
0
9
-9
5:0
2
-2
0
5
-3
7
130
-139
2:0
1
0
-1
3
-2
4
-3
0
-2
5
0
-3
7
-6
4
109
-116
14
-13
0
4
0
-5
8
-3
12
-9
-7
-1
2
1
-3
19
-16
3
-4
0
-2
4
2:-2
0
7
-7
2
4
-4
12
-14
2:1
-2
0
13
-12
-1
12
-12
1
-1
18
-17
0
-1
179
-178
3
-2
75
142
296
-515
2
-2
6
-3
1
156
-160
0
17
-4
-13
10
-10
0
7
-7
0
2
-2
1
20
133
-152
-2
2
1
-2
15
-11
0
-3
-2
4
6
10
-20
0
38
187
-118
-103
-4
22
-22
3
-2
1
-1
0
1
-2
0
1
-1
2
1
0
-3
2:0
9
-8
7
-3
-5
7
9
-14
0
2
10
1
-13
28
-30
20
-19
0
-1
3
0
5
4
-12
2:0
1
51
-52
7
-3
3
-5
0
2:-1
62
-62
3:0
3
-3
6:0
1
-1
4:0
3
-3
10:0
1
-1
28:0
1
-1
10:0
1
-1
0
1
-1
6:0
1
-1
16:0
1
-1
10:0
2
-2
12:0
end
