v1
645
743
486
67
180
48
304
255
188
193
43
185
19
37
7
15
28
118
415
120
172
612
157
109
466
0
139
156
0
26
72
166
695
42
18
134
106
194
41
99
76
50
41
573
95
400
555
148
62
46
534
386
133
136
139
79
301
567
106
255
20
292
139
201
293
357
31
54
99
27
213
126
376
44
17
220
216
42
128
7
37
129
30
145
63
17
244
125
217
64
28
311
17
44
195
170
7
325
69
106
169
16
93
64
704
286
8
109
25
270
181
56
83
43
19
50
51
144
4
81
37
73
9
74
59
46
83
57
44
11
245
176
271
78
95
120
225
524
314
39
116
284
175
141
85
340
61
146
0
287
156
254
330
10
5
33
66
69
18
86
79
64
41
423
58
222
50
758
199
102
53
18
22
367
56
111
346
22
75
50
961
310
226
44
42
128
124
2
7
8
147
40
283
110
611
36
65
82
102
513
114
191
8
11
226
358
54
35
12
61
35
353
59
5
23
93
100
5
376
287
39
63
189
92
51
31355
22
9
237
67
30
85
88
196
36
8
22
1152
68
111
43
0
28
166
18
47
2064
1246
2211
328
1553
5140
10816
2650
4766
4989
3
1620
5310
2988
4449
2
8042
40
0
9
1
2825
882
958
2466
5151
11
5
1
121354
3545
7741
73
9417
32411
10
18
4
42
82
62
94
20
57
32
5
54647
731
85
231
36
57
0
6
12
1
16
145
27
25
6
5
728
0
29
196
16280
4654
3093
18188
2243
1062
665
436
330
202
2
1
2
11
3
0
8
31
44
14
28
54
8
69
3
1
43
51
5
1
30302
9978
90
176
69
756
1
309
85
315
164
9
57
2:9
144
0
30
55
19
28
648
31
14
5
13
6
3
14
37
1
72
14873
45
2
7
2018
9723
1
150
12
116
18
3
7
64
15
0
58
65
22
61
7
29
2
22
23
181
16
-488826
2:8
841
167
160
396
94
54
198
235
740
548
266
182
368
742
163
105
304
72
233
76
5
622
343
362
161
800
275
103
383
37
324
87
111
82
113
29
39
46
133
71
242
146
46
447
218
123
272
38
96
79
75
326
409
503
920
13
98
115
292
1163
64
44
92
113
120
64
542
633
113
49
626
116
289
63
10
27
8
17
71
166
90
51
15
2:13
58
115
29
30
130
31
113
76
1202
466
167
44
225
390
292
128
3
587
419
369
490
257
165
34
152
1043
192
186
215
167
82
75
78
240
41
685
568
160
43
46
219
195
916
164
293
404
3
454
385
271
185
72
273
652
11
92
16
72
169
52
57
111
31495
161
100
184
95
8
13
1208
87
177
230
92
13
9763
1394
3840
12554
22587
8049
2842
4310
5153
15
10
1414
13
119928
5279
47914
172
20
2
108
23
53
19
7277
28796
19377
109
166
45
110
149
3
5
3
97
686
6
113
3508
21760
18070
825
3057
1
31
19
42
55
26
25
35
72
3
6
11
17
13
9
31825
8539
292
89
280
231
304
0
118
175
15
417
228
22
61
507
205
15024
82
1977
10050
222
62
74
1425463800
399:0
1
244:0
49
-39
33
-32
-7
34
3835
-3865
1
-6
748
-738
328
-336
27
48
-31
-43
0
998
-963
-15
-23
87
-2
-85
18
5
-14
550
-414
-144
0
17
549
-493
-71
27
-21
-3
-4
8
17
-14
-10
-1
7
-5
282
-157
111
-226
3
-9
-2
-5
24
20
-38
83
-86
10
-13
14
-15
17
172
-187
7
42
-50
27
-19
3
2:-6
12
60
-56
-13
-1
-2
0
42
-38
24
21
149
-174
-21
2
10
15
-28
4
32
-16
50
-34
134
-163
-3
-2
23
-22
179
-133
-48
12
28
-11
154
882
-1067
5
135
-139
15
-13
29
-31
681
-638
-41
0
92
-47
-48
106
7
-111
196
-193
52
102
-157
145
82821
-68157
-14713
-94
2
0
-7
5
-3
4
-1
23
-25
-1
28
-20
-7
78
-42
17
-50
-4
9
2:57
-77
-46
40
-17
21
-42
199
-178
-19
15
1627
-1633
115
-129
1951
932
-2881
32
-28
-6
0
1
184
-179
223
-209
123
19184
-19327
0
397
-398
112
-103
-8
297
-273
6
-24
1213
-1150
-32
12
21356
-21400
5
1039
-1011
-12
-23
1233
263
-1497
15
153
-170
5
4
8
274
-262
17
240
-184
32
-133
-1
37
279
-193
32
852
-998
47
-30
-21
0
-1
1
3
49
-40
62
-52
78
-68
198
-173
344
-241
226
-379
-9
6
-9
489
-290
-187
14
-22
0
1
8
-13
136
-115
162
-176
3
29339
-29309
-41
2
23
344
-339
2524
-2546
20
-28
296
-179
-92
344
-332
-37
9
7
3559
-3574
10
-4
-6
97
-74
-2
84
-95
-5
779
-757
-21
22
28
-42
-10
1
7
11
-20
37
-13
-19
25
10
-17
16
500
-533
2:12
-34
8
-2
-1
49
12288
-12341
9
619
6273
-6893
175
5354
-3622
-1912
-3
11
137
-97
180
-213
-19
22
30
416
-467
16
40
69
214
-165
1895
77
-2122
-5
-19
18
-19
7
147
-136
-16
2
0
-1
36
-30
672
-643
453
-491
56
-32
-1
-7
285
-163
-103
382
-242
-157
256
-269
-3
4
-1
42
-23
16
-35
13
607
-619
15
-21
19
72
-94
2:0
3:1
-1
-2
1
0
2
-2
0
2
2:-1
2:0
-1
2
0
-2
0
2:1
-2
1
-1
3
-2
1
2:0
-1
1
-2
3:1
-3
1
-1
2
0
-1
2:0
-1
3:1
-3
1
0
-1
2
2:0
-2
1
0
2
2:0
-1
-2
1
2
2:-1
2:1
0
-2
-1
3
-2
2
-1
-2
3:0
2
2:-1
1
0
2
-2
0
-1
1
0
-1
2
2:0
2:-1
2:1
2:-1
2
-2
1
2
-3
1
0
-1
1
0
1
0
-2
2
-2
3
-2
0
-1
1
0
1
-2
0
2
-2
2:1
3:0
-2
0
2
2:-1
4:0
2
-1
0
1
0
-2
1
0
2
-2
2:0
1
2:-1
1
-1
1
-1
1
-1
2
-1
2:1
-3
3:0
3
-2
-1
0
2:1
-1
1
0
-1
2
-1
1
-3
2
0
-2
2
-1
0
1
0
2:-1
1
-1
2:1
-1
0
-1
2:0
2
-2
2
-2
0
2
-2
2
0
-2
0
1
2
-1
3:0
-1
0
2
-2
-1
0
1
0
1
-1
1
-2
2:1
2:0
-2
2:0
2:1
-1
2:1
-1
1
-1
0
73
-73
2:0
5
-5
5
-5
8
-7
-1
2:0
7
-1
-5
-1
7
0
-7
3:0
12
-12
4:0
3
-3
3:0
1
0
5
-5
1
-2
2:0
12
-8
-4
2
-2
1
-1
2:0
2
-1
1
-2
3
-3
2
-2
1
11
-12
1
3
-4
5:0
2
-2
1
-1
0
1
-1
0
2
-2
5
-5
4
-4
0
2
-2
0
2:1
-2
16
-16
5
-5
1
-1
2:0
37
-37
0
1
2:2
18
-18
-5
2
2:-1
2
-2
14
-13
24
-22
-1
-2
5
-5
0
4
6
-10
21
-20
2:3
-7
30
930
-917
-29
-14
1
-1
1
-1
2:1
0
3
-4
-1
6
-5
-1
33
-33
0
5
-5
0
10
1
-11
2:1
-2
4
-2
30
-32
1
2
36
-36
5
-8
192
-115
-77
2:2
-4
0
1
16
-17
14
-10
-3
259
-260
3
16
-19
1
0
-1
10
-10
4
-3
51
-24
-28
5
316
-321
2
53
-52
3
-3
77
75
-155
1
35
-36
1
0
2
28
-12
-19
19
-12
-4
-2
-1
7
-6
22
1
94
-118
2
6
-7
2
-3
0
6
10
-11
-3
0
-1
9
4
-2
0
11
-6
-17
0
4
-4
54
-43
-6
4
-9
2:0
2
-2
3
0
1
-2
0
153
-154
-1
3
5
-8
7
233
-240
1
0
6
1
-8
0
1
-1
1
0
143
-144
0
1
-1
1
9
0
-5
-1
-3
122
-113
-9
6
12
-17
5
1
-6
7
-6
2
2:-1
5
-2
0
2:-3
1
0
-1
0
1
-1
0
10
8
-18
0
9
112
-120
40
138
76
-253
-2
1
50
-48
3
5
-10
2
11
51
-64
9
-10
5
4
22
44
69
-136
0
-7
1
-2
3
3:-1
1
-1
2
-1
1
-1
4
23
-28
18
-14
3
-6
20
-13
-5
1
19
-23
2:0
2
-1
0
5
-5
19
-20
0
16
-15
3
-3
4
5
-10
4:0
1
-1
21:0
1
-1
32:0
1
-1
11:0
1
-1
4:0
2
-2
3:0
1
-1
2:0
1
-1
6:0
1
-1
2:0
1
-1
11:0
1
-1
24:0
1
-1
0
2
2:-1
2:0
1
-1
3:0
3
-2
-1
20:0
1
-1
5:0
1
0
-1
3:0
2
2:-1
6:0
1
-1
1
-1
4:0
2
-2
3:0
1
0
1
-2
2:0
1
-1
0
1
-1
0
1
0
-1
6:0
1
-1
1
-1
4:0
1
-1
2:0
end
