v1
711
187
110
287
159
486
67
124
14
25
9
1
7
57
65
56
284
26
119
79
195
40
18
49
43
185
56
7
15
28
118
260
155
81
39
7
62
103
328
154
130
104
36
7
585
191
98
32
72
151
293
11
122
38
111
47
1
53
334
235
186
39
41
27
51
495
95
244
156
225
330
9
22
200
25
140
151
58
173
12
262
29
43
122
8
55
127
148
93
85
202
147
11
83
129
193
0
110
275
431
494
233
155
54
126
39
174
126
376
28
48
357
106
0
128
7
104
39
23
73
102
25
55
30
172
167
281
121
235
141
44
231
118
153
17
12
94
275
392
485
286
8
59
60
131
31
101
22
173
8
27
24
5
12
33
6
32
43
2:6
26
6
17
8
46
2
3
14
6
1
110
13
4
118
64
2:9
1
52
21
40
19
64
35
30
3
54
38
17
127
88
30
2:37
11
134
220
1
7
78
92
3
120
94
0
291
11
24
74
255
28
220
66
33
6
116
146
138
54
121
141
85
101
41
61
26
3
108
27
34
146
5
282
156
52
202
31
299
10
38
153
86
143
41
103
32
373
20
59
80
36
50
662
96
301
71
22
176
136
55
56
109
2
13
10
1
42
115
93
0
94
75
50
325
236
94
314
22
18
229
33
80
96
50
6
27
11
42
128
19
107
7
8
147
42
377
14
334
275
103
184
88
157
93
114
175
17
116
58
8
11
32
74
180
198
100
54
47
61
35
60
32
108
153
59
5
20
3
104
89
3
2
9
248
1
193
118
1
93
39
63
98
15
42
34
64
13
15
31401
5
22
9
43
247
2
42
85
69
8
11
76
8
14
98
36
30
932
111
109
67
1
83
17
11
71
46
120
5
13
25
22
281
1783
1246
2211
328
1553
5140
10816
2650
1553
3213
1
4991
790
6140
2988
1797
2652
2
4
8057
30
1
3707
943
15
2466
474
509
4167
1
9
2
6
1427
15471
104456
1
3544
7716
25
26
47
9417
32411
10
20
2
33
9
238
20
57
32
5
81
55297
9
76
74
157
7
2
1
26
3
15
22
17
6
12
1
16
145
27
10
3
10
2:1
6
5
728
7
42
174
0
2
3445
4380
7865
590
4654
3093
1178
0
9030
7980
1060
1183
873
189
665
968
2:2
1
12
10
31
39
19
28
8
2
17
7
20
8
32
9
28
3
1
43
25
31
1
30302
9978
26
64
9
167
15
54
7
24
83
642
1
33
54
222
43
25
17
25
52
125
49
70
156
2
9
21
3
33
2:9
41
103
30
17
38
8
39
186
87
331
44
13
37
13
6
3
14
37
1
72
14747
126
45
2
7
28
1990
9722
2:1
150
12
116
19
9
26
10
26
2
15
58
46
17
2
7
1
14
97
2
22
48
14
7
19
17
23
76
16
40
9
-488449
1248
2809
103
311
359
355
349
219
192
493
107
958
77
485
455
1382
254
130
942
452
1820
148
241
5
79
225
759
302
519
47
73
111
463
804
1322
248
644
789
291
50
1118
306
311
467
98
275
687
1830
185
427
657
685
170
15
44
282
525
344
44
166
557
164
0
1240
314
0
250
6
205
52
625
491
167
31645
266
50
109
2015
9763
703
9647
22138
2605
1747
11583
0
145025
38208
3667
171
114
56976
57
47252
5
13
149
31991
8874
557
172
440
655
156
540
14969
87
12486
38
80
1425646800
599:0
1
110:0
8
-6
-1
5
26
-29
13
-6
1
-2
-8
121
-18
118
-221
0
28
4847
-4535
-340
89
-87
8
12
182
1388
-1571
8
22
-42
3
55
-61
2
-5
-3
940
-934
-6
70
-65
-2
215
-140
-72
-5
11
69
-81
15
8
-15
2
-1
-7
-1
36
82
-102
-16
0
20
-21
0
6
0
1
30
-27
41
-50
59
-58
324
-326
1
5
13
-16
5
-8
2
5
-3
24
-26
0
7
-7
2:-1
2:0
11
9
21
-12
304
-316
-4
-12
70
168
-184
-55
81
-52
-19
-2
-6
0
25
-2
-22
0
147
-47
-99
9
-12
2
-3
7
-7
68
-67
1
21
-22
3
12
-16
0
81
1440
-1396
-96
-24
201
-182
207
296
-527
9
-6
-1
28
-30
9
-4
2
-4
-3
3
1
242
747
-992
-1
22
-21
-1
4
35
-38
-1
21
-21
0
2:1
112
-80
-33
1
1005
-1007
19
43
-62
4
15
-18
189
-188
74
-59
7
-23
0
89
-90
3
2
-5
5
-5
258
-253
-5
111
-68
-40
0
-3
0
4
-1
271
-270
-3
109130
-109126
17081
-17043
-24
6
39
-59
85
-83
-2
101
-104
0
1
65
-68
12
-10
11
14
-24
-1
18
-15
22
-24
216
-204
1
6
887
-902
-4
-2
3
-4
1
24
-22
-2
16
241
-256
30
-31
1
2222
-2201
23
-13
-33
63
-51
12
-4
-17
-1
5528
-1548
-3972
-8
-2
6
187
-191
-1
25
-6
-19
-1
7
20
-24
-1
22
909
-932
178
-175
75
34845
-34915
4
102
-113
29
-25
206
-210
-2
0
41
1
-38
4
-1
749
-718
2:-18
16
70
60
20360
-20504
2107
-2066
-42
14
81
-96
29
1771
-1800
1839
-1839
273
-267
155
-158
-5
0
3
-2
2:0
102
-103
0
1
14
668
-682
-1
51
-50
2098
-2027
77
-148
20
-20
127
-126
7
23
159
-190
6
-7
264
1519
-1732
-36
-10
55
-58
7
-8
29
-21
-4
0
89
-83
41
-30
2:-11
94
41
-101
269
-243
144
147
771
-1114
-8
2:0
4
642
-427
-217
0
28
-28
-1
12
-12
14
-13
249
-229
-21
2:0
8
189
41515
-41706
6
-12
11
-12
67
-66
305
-304
29
1917
-1907
47
-83
132
-133
50
-52
-2
103
-77
4987
-4996
-17
3
8
2:-1
-6
6
0
60
-68
-1
59
-42
25
-33
-6
445
-409
-25
-14
0
1
20
17
-10
279
-306
-1
9
-6
-2
15
-10
-5
12
17
-9
10
-28
-3
4
22
-24
35
-36
34
15
-34
2
-11
1
-2
189
8549
-8741
28
1160
-1191
4
-2
0
4639
-3992
-642
-7
218
5568
-2404
-3381
17
2
232
-246
70
-75
54
-33
-9
-11
19
18
-35
-2
200
245
-445
3
-4
8
-8
22
-23
3
-2
1
0
-2
57
278
-327
-8
190
1199
2846
-4221
32
-41
-4
5
-2
4
-5
7
-9
39
-38
4
-4
47
-15
-26
5848
-5740
5567
-5680
-3
88
-82
93
-99
48
-43
470
-376
-53
105
94
-245
32
-29
32
-34
10
-7
29
-24
5
56
-56
-13
48
110
-151
23
-30
-1
7
-7
1
10
21
880
-911
37
-39
8:0
1
-1
4:0
1
0
-1
2:0
1
-1
0
1
0
-1
2:0
1
0
-1
0
1
-1
0
1
-1
2:0
1
-1
2:0
1
-1
0
1
-1
2:0
1
-1
0
1
-1
1
-1
1
-1
8:0
1
-1
2:0
1
-1
1
-1
1
-1
7:0
1
-1
0
1
-1
1
-1
5:0
1
2:0
-1
1
0
-1
2:0
1
-1
0
1
-1
0
1
3:0
4
-4
2
-1
1
-2
6:0
1
83
-83
-1
1
-1
2:0
4
3
-5
4
-6
5:0
19
-19
4
-4
0
15
-13
-2
0
9
-8
-1
0
6
-6
0
2
-2
2
2:-1
2:0
2
-2
2:0
7
-7
0
1
-1
0
2
-2
2:0
1
-1
16
-16
0
1
-1
0
2
-2
3:0
4
-4
0
1
2
-3
4:0
2
2:0
1
2
-3
-2
0
20
-19
-1
5
-1
-3
-1
2:0
2
0
-2
0
2
-2
1
0
-1
2:0
1
-1
1
0
-1
1
2:0
1
-2
3:0
13
-7
-6
1
-1
44
-44
4:0
4
-4
6
-5
-1
3
-3
4
-4
26
-22
-4
1
0
-1
1
0
9
-10
1
-1
4:0
15
-6
-9
1
30
-31
0
7
-7
2:1
-2
10
-10
2
-2
1
-1
0
7
-7
3:0
1
-1
34
-32
-2
9
-8
1
0
-2
3:0
49
-49
0
1249
-1249
48
-43
-4
4
1
-5
0
1
0
2:-1
0
1
-1
0
2
-1
0
1
2:-1
4
-3
7
-8
32
-24
-8
3
11
-14
0
1
0
-1
0
1
2:0
5
36
-41
6
-7
1
52
-49
-1
4
-7
0
2
-2
2:1
0
354
-253
-102
0
-1
4:0
2:3
-6
2
-2
2
-2
0
1
26
-27
20
-18
-2
403
-403
0
11
-10
-1
0
12
-12
2:0
13
-10
-3
2:1
64
-44
-19
-3
0
2
8
434
-444
49
-48
-1
2
6
-8
4
108
-111
275
-276
2
-2
39
-39
2:0
2
-2
2:0
3
-2
-1
0
1
41
-42
2
8
-10
75
-62
-2
-11
4
-4
14
-14
1
-1
36
-35
2
-3
32
115
-140
-6
-1
5
-5
1
-1
0
6
-1
-5
14
-14
6
-6
2:0
2
-2
13
1
5
-6
6
18
-37
4:0
91
-83
-8
3
17
-20
0
4
-4
3
-3
4
1
-4
-1
0
2
-2
186
-185
1
-2
5
-4
17
-18
2:0
4
226
-230
5
-4
4
-5
2
2:-1
6
-3
147
-148
2:-1
7
-3
-1
-2
2
-3
2:0
1
2
4
-6
2
-3
143
-127
-15
2:0
-1
9
0
4
-8
-1
-4
1
-1
0
24
-23
-1
0
2:1
9
-11
2:0
3
2:0
-2
4
3
-6
-2
0
3
-3
15
0
-15
0
8
-7
-1
2:0
123
-123
1
-1
37
164
135
-336
0
5
35
-40
10
-10
4
-4
6
-6
2
-2
1
-1
13
45
-58
1
2:0
-1
21
-21
5:0
2
8
-9
-1
46
96
222
-361
8
-11
4
-4
2
8
-10
4:0
1
-1
5
-3
3
-2
12
3
-18
0
32
-30
16
-18
2:1
19
-9
-5
1
18
-26
2
2:-1
0
4
-2
2
-3
-1
4
-4
0
25
-18
-7
5
-4
-1
3:0
1
3
55
-59
1
-1
15:0
1
-1
16:0
1
-1
24:0
1
-1
10:0
1
-1
4:0
1
-1
14:0
2
-2
0
1
-1
12:0
end
