v1
949
207
45
491
486
191
39
362
79
183
314
295
56
7
15
28
118
374
63
59
211
317
180
42
73
561
19
152
159
234
300
22
133
271
283
46
607
27
1041
586
51
128
46
534
176
343
136
29
386
432
42
193
110
135
39
101
431
494
442
339
126
915
135
104
262
424
402
290
86
30
245
255
16
123
0
275
877
44
250
641
83
43
38
31
189
6
4
118
82
74
123
35
30
38
88
231
85
2
18
342
173
120
749
314
33
6
116
338
0
121
141
227
259
433
410
31
299
48
153
270
423
86
194
808
301
405
55
56
111
346
22
8
67
50
655
583
265
80
128
126
15
147
390
43
647
65
184
452
175
191
8
11
417
221
47
61
235
153
64
23
198
9
113
643
155
34
92
31
31375
22
9
3
40
0
244
47
1
84
88
196
36
30
1152
250
166
18
47
3310
2211
328
1553
3764
1376
10816
2650
4766
11922
2988
4449
2
15223
5151
9
2
5
121355
3545
7717
24
73
9417
32421
22
42
347
5
87
55577
30
36
57
6
12
17
145
27
24
1
6
5
2
17231
4654
3093
18188
813
1430
456
1271
995
31
58
28
10
44
77
3
1
43
56
1
40280
90
176
69
756
1
377
17
479
9
2
55
2:9
41
103
132
273
375
31
32
6
3
14
37
1
72
14729
189
2
7
2018
9722
2:1
125
25
12
116
64
101
87
97
2
22
23
53
12
116
16
-489007
529
676
21
74
113
8
21
49
211
12
146
23
26
84
86
28
62
191
87
133
76
129
611
7
184
13
478
316
218
198
293
28
102
204
162
245
28
193
19
25
23
137
197
216
118
126
120
234
260
70
24
1
131
9
104
71
70
1
59
375
158
96
418
2:110
21
56
43
9
92
74
194
84
58
52
144
93
85
202
101
41
5
11
8
44
270
50
37
27
15
41
127
142
177
144
30
27
44
155
348
241
355
194
71
18
88
1012
125
5
98
106
94
30
125
119
58
291
27
2
5
66
161
122
185
147
289
83
10
27
10
165
185
43
50
64
55
164
94
79
266
399
50
150
15
5
118
7
181
27
130
7
10
27
25
16
1
54
2
3
147
6
166
9
11
21
50
4
53
2:7
94
76
16
38
17
127
294
43
227
79
431
9
122
38
35
31
65
123
130
10
15
53
206
44
225
180
182
198
21
101
100
28
3
108
58
33
60
56
5
68
199
144
27
248
23
246
44
38
18
254
290
181
22
165
7
27
8
12
139
45
53
945
173
12
10
252
165
112
3
26
48
34
75
93
225
322
183
397
9
63
270
21
29
1
146
10
3
37
44
132
57
38
271
117
166
96
461
245
97
5
100
43
214
75
30
52
6
279
81
158
7
2:6
131
146
293
77
16
92
20
218
82
25
125
53
18
124
32
106
194
119
19
21
32
9
12
39
46
38
96
31565
240
33
53
68
38
92
95
8
156
34
920
54
56
1
7
12
158
57
30
24
175
77
1
2113
6001
6941
2792
4137
2923
2702
1247
5373
1586
790
830
4874
423
4796
2660
10
8075
2
2826
882
943
34
2921
0
1544
3125
1
8
16
1427
2:10
3503
103305
13100
11260
79
41847
7
2:23
5
7
59
9
10
52
6
38
73
1
19
53
7296
28462
18930
731
85
74
79
12
73
2
45
10
192
1
53
3:1
8
2
770
14
18
151
7
6
3445
9355
12405
9030
7894
1146
1637
1
3
415
88
101
1431
202
2:2
1
6
28
11
47
78
4
59
3
6
27
73
13
4
5
4
31821
8273
218
73
210
57
59
79
2:231
133
279
23
43
244
31
18
86
175
225
17
5
33
3
5
18
682
32
5
51
108
14720
83
57
9
73
11816
47
67
92
5
19
6
30
2
15
93
2
172
47
77
3
126
-488909
117
201
157
38
341
393
60
416
15
372
376
464
194
44
160
109
461
1218
188
464
28
105
99
508
385
3
79
50
296
6
932
1045
607
674
325
134
298
305
335
637
484
290
967
6
32
479
57
182
952
270
691
228
626
666
19
33
93
570
36
1
38
10
144
325
244
331
18
1668
142
209
650
717
53
531
774
844
539
381
195
223
267
110
407
577
202
19
314
922
275
201
730
515
124
499
380
650
99
363
13
56
32114
1514
3139
4083
2720
703
34390
2616
432
10282
2843
5303
9665
169260
205
27
11
55412
168
359
803
223
31803
5685
7988
1147
568
65
98
40737
362
540
399
161
256
258
18
35
192
450
19
15085
12037
85
262
26
47
31
1425409200
299:0
1
499:0
1
148:0
34
22
309
-328
-4
-5
17
0
12104
-11881
-129
599
-659
-16
300
-326
200
-142
-55
1564
-1542
324
-9
-314
-34
29
89
-67
35
-93
175
-132
28
-58
9
117
-93
452
-483
1405
-1401
680
-692
-4
12
992
-889
6
-121
62
-60
9
-10
2
783
-156
-615
597
-100
-353
-152
31
29
-57
-9
12
45
14
41
-102
37
-51
180
145
-175
-140
0
335
-324
1025
-151
-877
1
330
253
-483
-60
1148
-1119
53
-137
160
-163
51
7
-51
97
-100
256
48
-131
296
123957
-123120
11404
-12520
-156
0
-23
-10
302
-300
73
-80
12
25
657
-673
802
-818
434
-417
32
1040
-1032
2706
-2754
143
535
15870
-16558
16578
-16550
2966
-2964
17
3
1248
5439
-6597
86954
-87086
568
-542
300
-118
-94
-92
-14
4132
-4048
-51
94126
-94131
4681
-4575
13
4510
-2320
-2092
-260
14
16
352
1425
-1743
-62
6301
-6041
-99
-148
17
0
-28
158
-138
1491
-1318
222
1589
-1952
20
-75
487
-476
29
85
-54
850
-689
-144
209
116
2307
-2363
509
-487
-385
87
-22
-61
9
54496
-54488
-19
126
-116
385
-335
9315
-9377
345
73
-228
8058
-8213
456
-475
94
-103
0
7
884
-794
-100
41
-4
52
-74
-18
37
-14
111
87
-186
229
-197
128
-185
17580
-17575
2388
-2383
28600
-28338
13845
-9687
-4362
31
505
-212
-326
-77
7
150
540
-645
3
427
171
-646
94
7176
18362
-25615
17
-23
2
22
7
1
42
72
-157
13343
-13191
92
-235
7
596
-574
242
-286
6283
-5776
-397
-1
245
-155
176
2109
-2360
23675
-23104
3031
-3667
-51
-1
10
86
-119
7
-1
2:-6
17
-15
-1
2
-1
2
4
-8
8
-8
4
-1
-4
1
8
4
-13
3
-2
3
-4
4
-2
6
-4
7
-2
-5
11
-14
0
17
-17
1
0
1
0
-3
19
-6
-13
10
-9
4
8
-11
-2
2
-1
1
-1
1
0
2
-2
0
4
1
6
-10
4
-7
15
-15
3
0
4
-6
0
16
-13
2:2
-7
0
1
0
-2
0
1
2
6
-7
2
2:-1
0
-1
0
4
2
-6
16
-16
5
-5
5
7
-8
-4
0
2
9
-9
0
-1
10
-11
10
-10
1
7
-1
-6
2:3
-7
11
-11
1
2
-3
2:1
13
-14
18
-15
-2
12
-14
14
-5
-2
-4
-3
7
-6
0
8
-3
-5
2
0
16
-19
9
-4
-5
6
-6
4
11
-4
-10
9
-11
19
-19
2
-1
3
9
-11
-2
11
9
-16
-2
10
-4
13
-20
2
4
-4
-2
14
-13
9
1
-9
-3
9
-8
0
-1
3
8
-9
-2
13
-8
3
-1
10
-8
4
-13
4
1
-5
5
13
-13
-5
2:1
2
12
2
-17
17
-16
-2
5
-4
-1
2:1
17
-12
-3
8
-12
10
-5
1
4
5
-14
6
-4
-3
11
-5
-2
-3
2
7
-9
4
-1
0
-2
12
-8
5
-6
-5
3
6
-1
3
-9
-1
3
2
-6
0
15
-11
-3
1
-2
1
0
18
-18
2
-2
17
-11
10
-16
0
-1
2
3
-2
-1
1
-2
5
3
-6
2
12
-1
-6
-8
4
1
-3
14
-6
2
-13
4
5
-5
0
15
1
-16
-4
1
4
-4
12
-14
9
-6
-3
12
1
-11
5
-5
2:1
-3
0
3
-3
0
9
-4
2
-7
5
-2
-3
0
1
8
-9
-1
2
4
11
-16
-1
9
-7
18
-19
-1
7
1
0
7
-15
5
0
-3
7
6
4
1
-12
-2
2:-3
4
-4
7
-5
0
12
-11
-2
6
-4
2:-1
0
10
-10
11
-5
-6
3
1
-4
5
0
-2
11
-7
11
-18
14
-2
-11
1
-2
0
13
-12
9
1
-11
4
-2
2:-1
4
-4
0
13
-12
2:-1
20
-9
-11
4
-4
2:1
9
-5
10
2
-15
14
-9
-7
-1
0
3
0
7
-10
1
18
-4
-15
2
11
2
-13
7
4
3
-6
-5
-1
3
2
-5
4
-7
0
3
7
-3
-6
5
-7
5
1
-4
6
-7
2
17
-19
4
3
11
-7
-9
4
-4
0
-3
4
-1
-2
0
5
0
-4
1
8
2
-12
9
-9
12
-13
2:1
-3
1
-1
0
1
-1
1
0
-1
2:0
1
-1
1
-1
1
-1
1
0
-1
0
1
-1
4:0
1
0
-1
1
-1
0
1
-1
1
0
-1
3:0
1
-1
0
1
2:0
-1
1
-1
3:0
1
3:0
-1
1
3:0
-1
1
-1
0
1
3:0
-1
2:0
1
-1
6:0
1
0
-1
0
1
-1
1
0
-1
3:0
1
-1
0
1
2:0
-1
5:0
1
-1
0
1
-1
1
-1
0
1
0
-1
1
2:0
-1
3:0
1
0
-1
1
-1
1
2:0
-1
1
0
-1
0
1
0
-1
3:0
1
3:0
-1
2:0
3:1
2
0
-4
2:0
136
-135
14
1
-12
12
-14
0
-2
0
3
8
-11
2:0
14
-14
2
7
-6
9
-12
2
-1
3
-4
1
12
-12
2
-2
2:0
31
-30
3
0
-4
2:0
-1
4
-1
1
-4
0
9
-3
0
15
-8
-10
2
-5
1
2
-1
0
-2
5
-5
4
-4
0
30
2
-20
-10
-2
79
-68
39
-42
3
-7
-4
2
23
7
16
-35
2
-14
14
-10
-5
10
-6
-3
0
32
-17
-8
67
1927
-1996
102
-79
-26
0
7
-7
-2
8
3
-4
-3
2
59
-45
7
-27
-1
2
17
52
-69
49
-46
6
-11
735
-735
167
-161
0
-1
1
0
37
11
-53
525
-526
59
-57
1
26
-3
-23
1
120
-65
-58
1041
-1028
118
-119
-6
187
314
-420
-84
-4
6
-1
91
-56
-38
182
-169
-3
-12
3:0
13
-13
4
45
16
142
-194
2
-8
23
-25
-2
0
13
17
8
-40
2:19
15
-49
147
-147
6
21
-20
-5
-6
287
-287
15
5
-21
0
9
676
-685
14
5
-8
261
-271
-1
6
-5
11
-8
4
336
-327
-15
15
-7
41
-45
-5
7
0
-1
2
-5
18
-22
20
-13
9
-16
22
-21
274
-218
474
295
-820
5
100
-81
-10
-14
0
20
103
-124
34
-25
11
-24
62
65
528
-653
19
-14
-4
0
-2
4
1
-1
3
-2
16
-8
-15
14
-14
21
-16
1
23
0
-29
13
11
8
-30
3
68
-28
-32
8
-18
-1
0
10
-4
-7
-1
0
3
-3
3
-3
6:0
6
-6
1
3
-4
2:0
1
0
-1
0
30
-30
7:0
1
-1
6:0
1
-1
5
-4
-1
7
-6
-1
5
-5
3:0
1
-1
6:0
4
2:-2
6:0
2
-2
0
2
-2
0
2:1
-1
0
-1
7:0
1
-1
8:0
1
-1
2:0
1
-1
1
-1
8:0
1
-1
1
0
-1
1
-1
1
-1
2
-2
2
-2
1
-1
1
2:0
-1
5
-4
-1
1
-1
1
-1
6:0
1
2:0
-1
3
-3
2
2:-1
3
18
-19
-1
0
-1
4:0
1
-1
2
-2
2
0
-2
2
-1
4
-4
0
-1
3:0
1
-1
1
3
-3
0
1
-2
3:0
7
-7
3
1
-3
-1
3
0
-2
2
-3
4:0
4
-3
-1
0
3
-2
2
0
-3
9:0
3
-3
5
-5
3:0
4
2:-2
3:0
2
2:-1
2:0
2
-2
1
-1
0
3
-2
-1
2
0
-2
2
-2
2:0
1
-1
1
-1
2:0
3
-3
1
4
-5
6:0
1
-1
2
-2
3:0
2
-2
1
-1
0
2
-1
0
-1
12
-8
-4
0
2
-2
1
3
-3
9
-10
0
3
-3
1
3
-4
2:0
2:1
0
1
-3
2
-2
3
0
3
-6
2
-1
0
-1
5:0
5
-5
2:0
5
-5
7:0
3
-2
-1
3:0
4
-3
-1
5
-2
-1
2
-4
1
0
-1
4
-4
1
3
-4
4:0
2:1
-2
0
2
-2
0
2
0
-2
2:0
1
-1
3
-3
2:0
2
-2
1
-1
2:0
7
-7
0
5
2
-4
-3
0
2:1
2:-1
5
-5
5
-5
4:0
1
3
-3
0
-1
0
2
-2
4:0
3
-3
2
2:-1
3
-1
-2
4:0
3
-3
1
0
-1
0
1
2:2
-2
-3
2
-2
0
1
-1
1
2:0
-1
2:0
2:3
-6
3:0
2
0
-1
0
-1
2
2:-1
4
2:-1
-2
2:0
1
-1
0
1
0
-1
2:0
2
-2
1
5
2:-3
0
2:1
-2
1
-1
58:0
1
0
-1
12:0
1
-1
8:0
1
-1
14:0
1
-1
10:0
1
-1
0
3
-3
10:0
2:1
-2
4:0
1
-1
2:0
1
-1
3:0
1
-1
1
0
-1
2:0
end
