v1
865
252
491
486
52
0
115
24
48
226
389
51
38
125
0
100
18
219
1
57
56
22
146
221
153
144
17
113
53
0
6
510
102
273
459
393
455
160
111
177
152
96
10
14
180
16
6
118
167
160
109
84
220
94
1
378
22
28
371
156
31
225
277
72
185
9
11
67
175
194
63
79
57
29
188
210
47
415
86
107
4
106
275
14
278
5
134
494
442
126
180
33
69
88
77
268
433
106
135
84
102
141
94
369
213
4
37
27
28
143
26
142
17
309
100
7
271
123
275
16
15
197
10
327
273
39
214
72
8
109
295
208
29
45
6
32
18
7
12
6
61
54
5
14
6
128
118
64
2:9
74
59
14
50
30
35
3
54
38
17
14
68
45
118
447
31
47
95
120
65
2:160
121
133
110
274
30
10
33
6
116
284
54
121
7
134
85
142
87
169
3
433
129
298
14
299
10
38
153
229
41
516
12
59
116
9
41
758
301
0
83
10
312
55
165
2
24
82
75
187
75
50
643
318
277
33
47
129
10
40
6
44
36
128
19
101
6
2
5
8
147
227
96
110
609
2
0
81
20
182
2
64
351
37
175
70
64
57
8
11
32
74
12
277
89
100
54
47
61
35
92
20
88
153
59
5
23
104
0
89
5
570
93
39
46
17
155
34
92
0
31401
5
10
12
9
12
192
86
44
85
88
76
8
112
36
8
22
1130
22
0
68
0
111
71
166
15
3
43
4
9
3301
2211
328
1553
5140
10816
2650
1551
3215
11909
13
2988
436
4013
8093
2826
882
943
15
2466
474
4670
16
2
6
1427
123472
7716
25
73
9417
32421
22
42
202
36
77
32
5
87
55240
136
54
79
98
0
7
0
2
27
40
17
6
12
17
145
37
2
1
10
1
0
7
5
2
726
225
16280
4654
3093
0
10208
7980
813
247
0
1183
1062
665
968
2
3
0
22
31
56
2
28
54
49
28
3
1
31
50
9
4
5
1
30302
9906
72
26
64
9
167
69
7
24
59
0
30
280
0
356
1
13
74
209
13
43
42
202
275
2
9
57
2:9
41
78
25
11
19
17
38
8
5
34
0
244
29
375
31
19
13
6
3
14
37
73
14918
9
32
1986
9723
1
150
12
102
14
28
36
28
11
62
5
60
22
97
2
22
69
7
105
23
16
2
47
2:25
-488626
49
82
87
302
69
108
202
38
0
233
52
153
54
198
47
62
3
0
126
107
144
22
82
517
140
46
119
62
466
3
32
100
99
43
435
177
103
191
108
138
101
252
8
213
88
69
455
13
47
201
177
82
103
487
4
39
116
5
141
9
192
306
52
40
59
651
35
177
62
542
62
287
9
138
19
8
54
74
619
70
0
247
103
54
124
742
45
55
13
227
20
98
83
382
33
135
0
85
140
100
24
233
117
18
212
172
195
255
409
86
44
49
266
106
538
50
64
219
529
5
303
46
155
260
70
56
91
24
10
16
19
6
25
48
134
127
204
5
113
290
307
164
75
44
341
229
97
96
135
126
70
475
110
137
566
315
5
25
28
33
11
170
171
698
304
362
114
38
47
79
1123
16
128
11
23
144
296
190
285
97
79
278
655
74
246
9
364
95
271
840
292
155
501
268
488
320
2
46
49
60
50
228
45
51
21
30
23
74
2:11
22
96
119
194
50
11
42
88
0
13
27
104
92
33
107
3
56
31422
27
39
0
7
62
141
12
54
23
15
92
121
1203
12
244
13
271
2114
3782
1878
341
1707
6998
3352
15644
10843
872
1267
1385
8044
18
29
8117
1014
42
3112
4967
116404
1
3543
7768
51
38185
3607
62
35
3
110
17
4
40
74
19
53
19
36073
19327
159
167
44
24
132
60
30
21
0
100
14
636
22
20
21
7982
4973
29372
2204
536
1709
533
10
5
20
61
2:5
45
27
16
4
2:2
41
2
40170
0
51
473
43
168
474
172
331
109
43
37
0
54
25
136
125
23
133
141
2
214
126
81
33
98
0
137
60
130
16925
10033
37
9
26
42
44
17
162
66
52
38
99
1425878400
499:0
1
364:0
9
39
-5
-25
2
-9
35
188
-222
5576
-5561
-19
3
0
57
-59
2
1553
-1045
484
-944
-40
-13
408
-406
121
-120
47
-3
939
-934
22
-66
110
-53
-47
70
-82
14
28
-45
13
-14
22
-13
-10
33
-16
71
-83
2
78
-81
97
-100
533
-525
-2
18
3
57
-26
-59
41
-42
408
-406
7
1
69
0
-71
28
-34
4479
-4460
425
-392
-35
-18
26
99
-117
-4
-1
6
993
-873
-72
-57
207
-196
-3
-6
494
-423
95
-93
-55
-12
45
-38
53
-35
-25
-6
7
76
-76
7
-14
0
97
-100
297
-294
318
22
-290
-44
-8
6
-4
0
191
-147
-26
298
-274
-25
-12
527
-492
-42
202
-191
29
-6
-9
8
-28
52
41
-99
66
-2
-57
188
801
-956
-35
96
-79
-21
289
-285
5
-4
21
-19
56
-56
175
-62
-87
-28
6
2813
-2819
69
573
691
-1304
175
-179
-24
92377
-92351
5699
-5556
-153
21
2:-22
100
69
-59
-108
16
3
177
-197
9
3
6
-6
460
-457
35
201
-220
-26
-6
85
-77
24
25
124
-15
-147
-12
-5
2007
-1996
3
-9
-6
4
10433
-9147
-807
-482
97
-40
-30
-24
-4
14
11
-23
-3
58
867
-916
882
33
-918
-3
27
11535
-11563
59
774
-834
3
1
-5
25
-25
150
-147
0
115
-36
-41
1799
-1813
1880
-1796
-103
-6
3
65
-62
130
20396
-20467
3907
-3964
1
81
8
-64
-35
2006
1344
-3346
0
-1
284
-287
6
19
1
-16
59
1579
-1603
6
56
1680
-1783
254
-197
-60
69
-69
156
-113
209
-250
156
31
743
-488
-414
-29
5
-3
0
-1
24
-9
36
-55
45
-42
459
-457
100
600
755
-1434
128
471
-195
-1
-368
-53
2098
-2055
-28
-21
8
-9
22
-15
19
-7
-17
150
-147
18829
-18828
17
100
-122
479
-420
5062
-5083
724
-640
-123
48
63
107
3166
-3382
15
-14
3
5
36
-3
-40
-3
6
0
27
-2
22
-42
360
-335
-36
10
-8
-2
167
6
-112
273
-307
-29
22
32
-28
-13
1
-6
37
-24
-7
0
12
2
42
92
-154
-5
2
75
2179
-2254
4
1802
4683
-6491
506
9545
-3933
-6095
-14
31
-37
33
1874
-1912
-1
194
-191
227
-228
27
345
-335
-29
-5
1
-5
13
0
54
1844
-1908
10
-11
0
2:7
402
-399
305
979
-1235
7459
-5360
-2107
-56
90
-45
87
-136
3
20
52
-71
0
2
154
-107
-50
6
-7
7
9
18
1770
-1723
-71
146
-146
80
1438
-1355
292
2767
-3228
164
-165
-4
8
50
53
-112
1
107
836
-766
718
-891
-6
11
27
621
-647
43
-52
-1
-3
-4
4:0
1
-2
1
-1
1
2
0
-3
0
1
2:0
-1
5
-4
4
-4
1
-2
6
-3
-2
0
2
-1
1
-2
-1
1
4
0
-1
1
-4
2:2
-1
-3
0
-1
2
0
2
-1
-2
3
2:-2
3
-3
0
2
3:0
1
0
-3
2
3
1
-5
5
-6
2
-2
3
2:0
-1
0
-2
2
2:-1
2:1
-1
0
1
-2
3
1
-3
3
2
-4
4
-5
3
-3
-1
4
-2
3:0
2:2
2:-2
1
-1
3
0
2:-1
-2
1
3
-2
-1
1
2:-1
1
2:-1
1
3
-4
2
-2
1
4
-2
-3
2
1
-2
1
-1
2
2:-1
2:0
3
0
-4
0
2
1
-1
-2
2:1
-1
2
-1
2
1
-3
2:-1
4
0
-1
3
-6
2:0
4
-1
2
-3
2
-4
4
-1
2:1
-4
0
5
-4
2
0
-2
1
-3
2
4
-3
1
-2
4
-4
2:0
-1
0
-1
1
3
-4
6
-4
0
1
-2
-1
4
2
-4
0
2:1
0
-4
0
1
-1
2
3
-5
2
0
1
2:0
-1
4
2:-3
1
2
0
-2
1
2:-1
3
-2
0
-1
3
-3
2:3
-1
-5
1
0
-1
2
-2
3
0
3
-4
4
-2
-1
0
-2
2
2:1
-2
0
1
0
-4
2
2:0
-1
4
-2
1
-3
2
1
-4
2
0
3
-5
5
3:0
-3
-1
1
0
2:-1
4
-2
0
2
-2
1
-3
2:0
2
2:0
4
-6
5
-5
5
-4
-1
1
3:0
1
-1
0
2
-3
2:1
0
-2
4
1
-3
2
-4
1
-1
2
1
2
0
-5
6
-6
0
2:1
0
2
-4
1
-1
5
-1
0
-2
-1
1
2
-3
-1
3
0
-3
3
0
-1
0
1
5
-2
2:0
-3
4
2:-2
109
-109
7:0
10
2:2
-12
0
-2
0
2
-2
2:0
12
-12
12
-12
2:6
-10
3:0
2:-1
3
-3
3:0
4
-1
-3
0
2
9
-11
2:0
3
-3
4
-2
0
3
-3
-1
3
-4
1
-1
3
-2
5
-3
-2
0
-1
0
3
4
-7
2
2:-1
6
-6
0
1
4
6
-7
2:-2
18
-16
2:-1
3
-3
2
1
-3
0
2:1
5
-7
0
2:1
2:-1
0
1
3
-4
1
10
-10
18
-2
-14
-3
2
2:-1
0
2
-2
2
49
-49
1
0
6
-4
-3
30
-32
2
-2
4
-3
11
-8
2:-2
6
18
-24
1
69
-64
-5
-1
2
1
5
-6
3
-5
4
-2
-1
2
10
8
-21
2
0
3
-5
4
-3
0
2
35
-38
6
1334
-1339
59
-38
-19
1
2
-6
2:4
-7
-1
1
6
7
-12
-1
2
12
-14
62
-58
1
7
-11
0
-2
4
-3
3
8
13
-1
-23
0
4
42
-46
6
-6
-1
1
381
-320
-49
-13
2
3
0
-5
4
-4
7
-6
-1
7
33
-37
-3
38
-37
1
-1
230
-231
3
34
-36
-1
0
2
3
-5
12
-11
3
19
-15
0
-8
3
89
-40
-47
-5
1
3
-3
25
419
-436
76
-83
-2
1
18
-16
1
132
276
-408
1
-4
83
-79
-5
4
-4
2:3
55
-45
-1
-15
102
-102
23
-19
-4
3
-1
26
-27
48
-46
5
20
129
-145
-10
-1
2
0
-3
0
6
4
15
-25
8
-8
3
-3
2
17
7
-14
2
2:14
-42
1
-1
101
-95
-1
2
-6
0
3
-3
-1
6
-6
1
0
139
-137
3
10
-14
-2
9
470
-478
13
-3
-11
2:2
8
152
-164
0
1
-1
1
6
0
-4
0
-1
-2
5
1
-1
3
123
-117
-12
0
2
-1
7
0
9
-11
-7
5
15
-17
5
-7
2:0
2
2:-2
0
11
-7
3
6
-12
1
0
10
7
-19
0
20
173
-191
113
157
381
-653
0
3:3
207
-215
-1
19
-18
17
-18
8
-1
-7
0
2
0
-2
2:0
17
181
-198
2
-1
0
7
8
-7
-6
9
11
15
221
-126
-128
-5
20
-20
3:1
-2
-1
4
0
-4
1
0
2:1
-2
2:0
9
-8
5
-1
14
-19
3
12
3
-14
29
-34
28
-28
0
2:5
9
-19
0
54
-42
-7
1
-6
2
-2
3
70
-73
13:0
1
-1
1
-1
11:0
1
35
-36
22:0
3
-3
10:0
1
-1
41:0
1
-1
3:0
3
-3
5:0
1
0
-1
13:0
2:1
0
-2
6:0
1
-1
16:0
1
0
-1
1
-1
3:0
1
-1
4:0
1
-1
1
-1
2:0
1
2:0
-1
1
0
-1
11:0
1
-1
2:0
1
-1
8:0
1
0
-1
1
-1
2:0
2
-2
1
-1
3:0
1
-1
1
-1
5:0
1
-1
1
-1
6:0
1
-1
5:0
3
-3
3
-2
6
-6
-1
6:0
6
-4
0
-2
8:0
1
-1
3:0
2
-2
2:1
-2
3
-3
2:0
1
-1
4:0
2
-2
10:0
2
-2
16:0
2
0
-1
0
-1
2:0
2
-2
12:0
2
-2
2:0
2
2:-1
9:0
end
