v1
709
187
130
426
538
187
65
224
153
173
4
75
235
62
5
46
182
19
37
7
15
28
614
39
172
324
158
130
214
518
393
36
239
47
46
76
11
72
199
96
5
42
292
212
248
40
1
185
141
247
70
24
141
260
140
303
135
8
18
33
37
137
277
72
32
153
44
43
101
39
35
194
63
79
196
93
85
46
255
67
44
116
131
83
23
110
267
8
292
5
134
16
2
95
381
149
176
19
44
54
234
105
126
31
373
253
258
135
104
92
43
182
30
90
82
167
94
69
91
27
116
87
153
53
88
44
31
200
298
30
66
275
16
73
84
55
407
196
46
44
242
8
78
26
5
78
217
89
92
27
29
12
11
22
38
43
4
15
19
31
46
2
3
21
121
5
1
13
68
37
53
6
14
9
12
62
22
37
64
30
35
38
57
17
127
51
25
42
85
354
8
173
120
94
131
180
15
74
145
110
147
167
33
6
116
146
85
53
54
121
47
94
85
101
41
90
160
6
3
146
5
282
129
22
253
6
17
14
10
75
55
159
10
23
15
66
17
70
229
41
508
8
12
175
50
662
96
199
27
13
62
83
10
312
55
56
109
2
23
1
42
302
75
18
32
72
648
241
19
258
33
30
116
30
56
80
53
48
27
19
38
69
7
8
147
40
140
143
96
14
447
162
2
81
91
40
73
396
19
37
175
70
63
58
8
11
32
363
19
170
54
47
3
47
11
35
92
108
153
59
5
20
3
99
5
89
5
9
24
69
148
277
136
39
63
113
4
38
34
77
14
1
31
31375
6
16
9
12
192
86
44
24
13
125
11
76
1
7
112
15
21
30
932
2:110
67
1
111
71
166
18
47
2064
1246
2211
328
1553
5140
9049
1767
2650
11
800
742
815
2398
4992
790
830
5310
1755
417
816
1797
2652
2
4
5
8082
2826
882
943
15
2453
13
474
509
4160
1
7
9
2
5
1
1427
4054
115873
1
3543
1
7741
73
4
9413
32411
10
22
33
9
30
20
61
14
40
73
20
53
4
15
17
5
87
55376
74
157
9
64
20
6
12
17
145
27
10
3
11
1
6
5
2
83
643
39
10
164
2:6
3445
12835
2357
3
2294
3093
4413
643
13132
813
247
825
276
82
873
133
56
665
436
330
202
2
3
5
1
5
11
31
39
36
11
35
19
9
31
37
3
1
81
2:9
1
30302
9906
72
90
176
69
31
59
24
55
462
125
1
46
250
13
43
42
111
91
9
40
39
136
51
2
9
2
19
36
2:9
14
27
103
30
17
26
12
8
5
34
273
116
259
13
37
13
6
3
14
15
22
1
72
14888
30
9
28
1990
9723
1
81
69
12
116
28
7
19
1
37
11
62
35
11
19
22
68
29
2
11
10
1
48
2:14
52
3
73
16
49
50
-488499
111
647
495
309
1234
489
814
1426
9
519
179
1330
1479
369
467
217
1586
373
538
2024
306
312
48
1039
963
456
332
53
237
249
31
116
74
15
237
336
1151
495
42
396
794
262
18
29
57
654
229
336
543
1040
1055
27
258
176
136
549
619
191
131
285
808
460
347
691
223
124
499
1028
15
86
32575
1008
656
5198
4565
8018
7458
21361
20788
4543
4067
224873
314
32
15
384
37090
5933
856
2436
96
1629
20
51
215
41024
679
96
250
1039
62
369
14942
11930
92
28
338
283
1425994200
599:0
1
108:0
12
-11
5
-4
-1
2:1
-1
7373
-7365
-9
47
-47
0
2
170
97
50
-318
77
172
-246
-2
804
-805
-1
29
-27
76
86
-161
-2
0
1
11
0
16
212
-162
-77
2
7
-9
0
11
28
-17
-11
-6
-4
-3
8
-8
11
-10
11
2:-5
1
-1
439
-436
-2
-1
4
-5
15
-16
1
3
4
15
-16
-4
-3
3
4
-3
0
-3
-1
1
6
1
132
-103
548
-559
-9
-10
-1
-5
3
26
-29
0
140
-8
204
-336
234
-163
-71
1
12
47
5
11
-75
22
-24
3
9
-10
66
-64
10
-9
-3
-2
4
-4
11
-5
-3
-2
103
-98
-5
255
-143
-112
5
-6
2:2
223
-214
-8
-1
417
-419
1
-3
1
8
-6
1
3
19
-23
-2
31
154
-185
11
38
-35
-11
39
-38
-4
15
39
-33
63
-84
9
19
-28
-1
6
1543
-1514
17
-52
7
25
-28
95
-99
16
-8
-6
-1
3
107
-109
4
271
-212
-49
-15
2
1
-3
2
6
973
-935
85397
-85441
5048
-4920
-112
-19
5
6
3
-11
17
-3
-10
49
-56
3
6
-5
3
-5
11
-12
1
158
-150
0
-5
0
-5
1
56
-51
1192
-966
-231
-1
21
48
621
-687
1
-3
41
-38
3
45
-52
2:1
244
-246
28
-21
1872
-1878
4
70
-67
-4
-1
6716
-2103
-4610
19
-24
4
2:-2
64
-61
-1
5
-7
3
14
-17
6
384
-374
-15
5067
-5061
72
51682
-51762
0
4
3
240
527
-773
0
5
-4
-2
60
-60
2
30
-16
-9
-4
5
647
-577
-59
-12
-7
149
20038
-20171
-13
116
1476
-1592
5
10
8
-24
3610
-3609
25650
-25648
-4
3
91
-88
-7
2
4
-6
7
-7
27
-26
104
-102
432
-434
1
22
-17
2365
-2368
112
-56
-58
0
6
175
-181
0
28
121
-113
-37
36
350
-328
978
-955
-63
-17
35
-34
6
-2
10
501
-499
-3
-11
185
-172
305
-247
67
-140
244
1228
-1473
8
25
-33
19
-19
28
-29
428
-428
0
388
-388
20
24
-1
-38
-1
-5
48
-44
80
-54
-21
-3
-6
2
9
-6
4
30417
-30399
9
-25
-11
2
3
-5
78
207
-280
-5
5179
-5128
38
3756
-3834
146
-156
-1
0
1
5
6
3
-10
0
-3
68
2086
-2152
8
-4
-3
-1
-3
215
-122
-88
403
-381
-22
-2
0
12
2:11
-30
24
-30
-1
2:0
-1
43
-32
-9
42
-43
-1
13
5
-13
17
11
-33
7
-3
-4
174
-174
1
20
2
-2
-10
-2
20
-22
-5
-1
13
154
7964
-8128
57
778
-837
6187
-6188
30
93
5067
-3294
-1895
9
5
168
-180
-2
150
-133
-15
5
-9
4
-4
9
-8
55
385
-439
2
8
-9
37
-25
-11
-1
6
96
-105
1
28
389
-416
14
36
943
5152
-6147
3
15
74
-87
1737
-1737
-4
2
13
-13
98
-32
518
-584
25
7
-21
-2
-8
11287
-11185
1053
-1146
41
22
-76
47
717
-649
29
-112
295
-137
33
-223
61
-54
-6
6
115
-122
9
51
-28
-27
44
-44
-4
75
-38
-37
1
24
-25
2
3
171
-127
277
-328
2:0
1
-1
3:0
1
-1
7:0
1
-1
0
1
-1
3:0
1
-1
0
1
-1
4:0
1
0
-1
3:0
1
-1
4:0
1
-1
4:0
1
-1
3:0
1
-1
7:0
1
-1
1
2:0
-1
3:0
1
-1
4:0
1
2:0
-1
4:0
1
2:0
-1
3:0
1
-1
0
1
-1
2:0
1
-1
4:0
1
6:0
1
74
-75
0
2
-2
2:0
4
-4
8
-8
7
-5
2:-1
7
-7
0
8
-8
10
-1
-9
4:0
1
-1
5
-5
1
-1
2
-2
6
-6
5
-5
0
2
2:-1
9:0
15
-15
2:0
1
-1
3:0
3
-3
4
-3
-1
1
0
-1
6:0
1
3
-3
3
-4
1
0
-1
2:0
2
-2
3:0
16
-16
8
2:-4
3
-3
5
-1
-3
-1
1
-1
2:0
1
2
-3
7:0
1
0
-1
1
-1
0
14
2:-7
0
1
-1
5:0
36
-36
3:0
1
-1
5
-2
-1
-2
0
8
12
-18
-2
3
-3
0
6
-5
-1
1
-1
1
9
-10
0
12
-12
0
3
43
-46
6
-6
0
5
-5
6
-6
1
3
-3
-1
0
9
-9
1
44
-38
-5
-2
4:0
1
46
-47
1290
-1288
51
-42
-11
0
2:1
2
-3
0
1
-1
1
-2
2:0
2
-1
0
3
-4
2:0
2
0
-2
3:0
7
-7
0
48
-48
0
11
-6
7
-11
-1
1
2
-1
-2
10
-10
2:0
26
-26
9
-7
40
-42
1
6
-7
0
1
293
-193
-101
5
-5
0
1
-1
4
-2
2:-1
2:1
0
-2
0
45
-42
-3
21
-17
-3
373
-374
0
2
-2
21
-18
-3
4:0
4
-4
0
9
-5
-4
0
1
59
-39
-16
-5
0
24
478
-497
-5
0
52
-52
0
4
3
-7
126
-125
1402
-1402
-1
1
35
-36
5:0
1
0
-1
2:0
31
-31
1
11
-11
70
-70
13
2:-7
1
-1
21
-21
2:0
24
-20
-4
6
30
-36
109
-97
-10
-2
4
-4
0
2
1
25
-25
-1
-2
1
4
12
9
-16
-10
19
32
-51
2
-2
5:0
67
-67
0
9
-9
6
9
-15
0
1
-1
6
-4
0
-1
2
-3
0
1
-1
0
1
135
-136
1
0
-1
2
0
-1
10
-11
1
-1
361
-361
3
2
-2
3
-6
3:0
1
3
-3
2:0
-1
7
120
-127
6
-3
1
2:-2
10
-2
-5
115
-105
-12
-1
2:3
1
8
-14
0
-1
6
-6
1
-1
0
8
-8
5
-5
0
1
2:0
-1
3
-2
2
-3
0
10
-8
-2
3
0
-3
0
1
-1
1
-1
1
2
18
-12
-9
0
7
-7
98
-98
1
25
160
25
-211
1
2
45
-48
0
8
-6
-1
1
-2
2:0
1
-1
11
27
-38
0
1
0
18
-17
0
-1
0
-1
0
1
0
17
-18
4
28
62
113
-207
0
6
-4
-2
4
-3
1
-2
10
-10
0
1
19
-18
-1
2
-2
3
-4
27
-11
-2
-14
34
-24
-10
2
17
-5
-14
2:4
12
-18
-2
2
-2
2
-2
8
-8
0
3
15
-18
3
-2
0
2:2
-5
2:0
1
-1
2
28
-29
5
-6
4:0
16
-16
0
1
-1
29:0
1
-1
18:0
1
-1
8:0
1
-1
18:0
1
-1
0
2
-2
0
1
-1
10:0
1
-1
end
