v1
670
743
222
68
8
117
71
52
139
48
26
104
2
56
31
18
205
142
31
314
67
171
57
19
37
7
15
28
37
81
77
458
7
12
153
324
4
284
306
126
5
124
171
130
9
20
32
48
56
98
106
26
19
212
92
72
88
65
80
76
25
42
258
194
16
6
205
80
113
57
40
59
91
213
0
78
200
39
93
85
163
170
43
23
86
55
0
15
7
24
88
91
46
236
298
20
156
86
72
264
57
139
93
85
51
47
59
192
32
70
121
193
385
297
22
112
16
97
40
341
388
54
286
33
89
10
4
29
14
0
31
345
316
117
64
42
135
192
47
127
55
369
28
66
123
37
27
121
0
235
77
240
15
77
7
118
7
269
115
160
48
61
144
32
107
94
27
364
286
8
59
50
49
116
108
22
175
6
0
27
24
5
12
71
43
2:2
8
5
2
49
47
2
17
117
13
4
13
10
80
15
0
9
64
9
66
8
59
94
5
30
3
38
16
38
17
14
68
72
49
42
447
78
66
29
22
98
94
92
129
59
11
35
96
123
12
98
9
295
10
33
6
24
92
284
54
121
0
141
20
0
65
101
41
59
2
29
166
3
0
146
5
50
47
141
29
15
129
281
17
14
299
48
66
17
70
229
41
135
288
39
46
20
175
45
5
41
621
6
90
199
102
93
176
76
115
5
51
66
45
79
27
25
50
93
94
75
50
47
381
22
250
32
229
0
19
77
181
33
30
0
7
30
109
50
6
80
128
19
97
10
7
8
147
40
2
281
57
39
14
447
164
36
45
20
184
245
7
3
59
46
55
37
34
141
70
63
58
8
11
32
43
31
12
24
304
138
54
47
3
22
6
22
3
5
19
16
92
20
2
86
0
212
0
5
20
3
50
54
89
5
50
201
6
58
197
58
112
20
46
17
38
15
102
34
64
13
14
1
0
31401
5
22
9
43
161
33
53
14
30
85
88
76
8
112
36
30
1043
7
30
50
2:11
132
19
28
71
108
58
18
47
281
1783
1246
2211
325
3
1553
322
4815
3
6258
1322
3236
2650
811
3955
4992
6917
13
2172
816
439
2625
1385
0
2
8043
46
2
5
3703
958
19
2434
996
4160
1
7
1
6
4
4956
530
11418
104456
1
3543
1
7716
25
73
4
9413
32368
57
18
33
9
165
73
20
53
0
36
5
16
65
55246
136
74
59
98
7
2
0
30
15
22
23
12
0
17
66
16
63
27
10
3
10
2:1
6
5
2
0
726
29
14
2:6
168
3447
12835
7747
1178
3235
13775
813
247
0
2245
665
968
2
1
6
2
6
10
9
19
3
39
10
37
34
20
5
35
9
28
3
1
31
37
31
1
30302
1513
8455
10
26
64
176
15
85
59
122
544
1
46
250
13
68
17
92
110
24
253
9
21
36
2:9
3
16
2:22
81
30
17
5
21
17
10
32
0
186
40
47
212
35
128
13
56
2
1
14
37
1
72
14733
185
9
28
1977
13
9722
2:1
81
24
45
12
102
14
0
28
7
25
32
10
54
9
28
59
33
28
36
2
21
1
2
46
83
55
18
65
50
10
1426666800
669:0
16
-9
-4
-3
1
23
-23
6
70
-75
-1
13
-10
-3
5
-6
5
4674
-4673
-3
2
2396
-2397
585
-584
12
120
-126
-3
3
-10
6
-4
689
-680
-11
95
-96
1
2
-1
52
-50
-3
32
-10
-22
3
689
-690
3
-6
2
77
-64
-8
-6
0
-1
14
-9
0
45
-49
15
-15
1
0
5
-1
-2
-3
156
-104
-50
-3
1
0
2:4
-8
2
76
-79
2
0
3
-4
2:1
3
464
-470
14
-4
2
-10
-1
50
-15
-31
2
-1
-6
83
26
-109
1
0
316
-307
130
-137
20
482
-503
2:0
44
-26
88
-105
2
2:3
-6
-1
18
0
33
-48
7
-10
-1
27
75
-103
1
8
-10
71
-72
2
41
-23
-19
8
-3
9
-13
-2
11
-9
477
-478
-1
256
-110
-53
-92
0
-1
2:1
-1
0
32
-9
242
-261
41
26
-70
9
-6
-3
20
0
-17
1
10
-12
179
-177
-5
22
-22
0
6
66
-69
-2
128
-125
0
36
-41
152
-149
21
-2
-21
7
578
-575
34
-38
5
-9
104
-87
-18
19
-14
4
-11
75
-71
-4
165
59
-218
-6
26
-15
676
-686
4
-5
0
19
-14
-1
-4
2
163
-146
-19
68427
-68369
3610
-3663
99
-87
10
-19
2
14
-2
0
23
-43
314
-315
1
0
-2
7
6
-11
2:-1
3
-2
2
47
-49
0
-1
7
19
266
-267
-16
-7
14
210
-225
-1
2:0
1
65
-66
0
4
-4
1
53
-49
255
-215
-43
3
1243
-1247
15
-10
36
-42
0
2
14
-14
1961
175
-2110
-28
143
-142
61
-61
1
2
80
-84
39
-27
-10
2:-1
6
-5
13
3
-3
173
-186
0
4406
-4395
20
25199
-25229
-2
1
2:0
110
-108
3
0
-3
19
255
-276
8
-5
-3
1
7
32
-39
29
-16
1
23
383
-366
-41
-15
6
5
-9
3
77
14685
-14756
-10
0
5
-2
790
92
-882
58
-60
0
69
-49
4
-18
2
1768
-1767
2629
-2322
-315
72
119
-193
2:1
2
-4
2
-3
10
-7
10
-10
-2
0
600
-600
1
-1
20
5
-24
170
43
-196
-19
1
0
17
-4
441
-445
58
-68
33
62
47
-137
1
4
-10
2
-2
2:3
8
-3
-1
-8
40
-30
16
-22
76
70
-108
-44
117
-73
-43
1
198
-197
0
178
2428
-2531
-75
0
11
962
-959
83
-98
2
2:3
17
-25
-2
3
2
-1
73
-77
2:1
4
-2
-1
27
-29
24239
-24239
24
-22
58
-60
0
38
-33
334
-316
-18
2599
-2600
-4
1061
-1051
-6
-2
8
27
-30
2
16
1769
-1791
37
-39
9
-9
-1
35
-36
10
-4
-6
8
-8
155
-143
-7
299
-304
4
153
-142
-12
4
-4
2
49
122
-123
-45
1
-6
0
-2
2
-2
0
-1
14
-8
1
-2
32
-37
6
-4
19
4
12
-19
-12
2:-3
11
24
-35
6
3329
5532
-8867
825
-824
7322
-7323
13
-11
632
4626
-2665
-2594
0
7
251
-249
-9
14
-3
0
47
-55
-2
-1
4
23
-7
329
-350
8
-8
3
12
-14
4
-2
71
144
-218
30
535
93
-656
68
-24
-46
26
-20
-2
-4
447
-431
-6
-2
3
5
-16
5
13
-13
84
-88
2
27
-28
2
4139
-4124
1629
-1647
11
17
-28
1
46
-47
2610
-2493
584
-699
226
75
-298
80
11
-67
-25
-4
1
32
-31
42
-45
54
-51
5
19
-21
118
-124
2
95
-95
4
-2
45
-43
4712
1
4:0
4
-4
0
4
-4
7:0
94
-94
2:0
7
-7
8
-8
6
-4
-2
2
-2
0
13
-13
5
-4
-1
5
-5
3:0
4
-4
2:0
1
-1
0
6
-6
3:0
3
-3
5:0
2:1
2:-1
8:0
3
-1
-2
3:0
1
-1
6:0
1
-1
1
0
-1
14
-14
0
2
2:-1
0
2
2:-1
8:0
3
-2
3
-4
0
4
-4
2:0
3
-3
12
-12
5:0
1
0
1
2:-1
2:0
5
-4
-1
1
0
-1
4
-4
2:0
1
-1
2:0
2:1
-2
2:0
5
-5
0
13
-12
7
-8
6:0
1
-1
36
-35
-1
2:0
2:1
-2
1
0
1
-2
4
-4
11
-11
5:0
2
4
-5
2
-3
0
9
-9
9
-9
7
0
-7
1
20
-21
2
2:-1
0
4
2:-2
2:1
2:-1
3:0
10
26
-34
-2
1
-1
2
-2
3:0
1
-1
1
-1
0
24
-24
0
933
-933
46
-46
17
-15
0
-1
0
-1
2:0
2
2:-1
4:0
2
1
-3
1
-1
1
-1
0
8
-8
3:0
4
29
-33
0
3
-1
8
-10
2:0
1
-1
4
-4
4:0
7
-7
16
-14
-2
1
35
-35
-1
0
7
-7
4:0
164
-114
-48
-2
8:0
1
0
-1
4:0
2:1
-1
23
-24
0
20
-16
-4
213
-212
-1
1
-1
0
25
-25
2:0
1
-1
6
-6
4:0
1
4
-5
3
-3
0
2
51
-33
-18
-2
0
1
-1
0
6
301
-304
-3
3:0
24
7
-31
1
0
-1
1
3
0
-2
-1
93
-91
263
-266
0
2
41
-43
4:0
1
-1
2
-2
2
-2
2:0
35
-35
2:0
2
0
-2
17
8
-21
-4
2:0
2
-1
33
-33
27
-28
4
2:21
-46
0
1
-1
1
-1
3:0
2:2
-4
8
-8
2:0
2:2
8
-11
11
0
-12
0
18
-18
1
15
11
-15
-11
-1
0
19
-19
7
-7
0
4
0
4
-8
0
1
-1
0
1
-1
2:0
2
-2
0
1
-1
122
-122
2:0
3
-1
-2
6
-6
0
4
-4
256
-256
0
9
-6
-2
-1
1
0
1
2:0
84
-86
7
-7
3
-2
-1
2
-2
3
0
-3
2:0
3
-2
0
45
-46
0
15
-15
1
2
-2
2
-1
4
-5
-1
0
1
-1
5:0
2
0
-2
0
3
-3
1
-1
1
5
-3
-2
-1
3:0
6
-4
-2
12
91
-103
10
-10
132
-132
3
0
37
126
54
-219
-1
1
52
-52
-1
0
2
-1
7
-7
-1
0
6
-5
5
65
-70
-1
2:0
8
-7
0
-1
5
3
-8
20
45
7
-72
1
4
-5
5
-4
2
-3
37
-35
-1
2:0
-1
2:0
3
-3
6
-6
1
0
-1
0
79
-77
35
-37
5
-3
-2
0
3
-3
17
-4
76
-89
2
8
-10
14
1
-15
1
-1
1
-1
0
7
-7
23
-23
0
2:1
-2
6:0
2
-2
70
end
