v1
649
743
486
191
48
132
315
168
188
6
120
237
58
56
22
146
305
69
122
211
539
73
140
592
393
271
184
255
16
53
124
452
22
43
75
126
41
160
365
48
410
671
225
348
186
87
140
35
1
256
136
139
31
245
270
204
303
158
117
431
16
97
268
113
147
241
54
126
173
40
69
10
155
268
28
511
135
104
82
141
39
55
244
125
213
96
143
262
339
279
115
275
16
376
374
111
186
28
72
8
109
476
27
29
45
38
62
19
6
71
2
151
118
73
9
74
45
78
35
30
57
38
115
147
85
354
8
78
95
120
385
254
110
314
39
116
284
54
121
141
227
87
111
37
21
3
433
451
289
48
382
41
309
114
280
50
758
301
53
40
312
55
56
55
54
2
24
157
93
72
22
75
50
961
277
33
226
6
181
27
126
7
8
147
372
61
16
880
452
175
191
8
11
32
74
478
54
47
56
5
127
108
153
59
5
23
104
89
5
257
297
16
85
35
12
46
17
189
92
51
31350
5
22
9
12
70
205
47
85
88
98
44
54
36
8
22
932
111
109
179
71
166
18
47
3310
2211
328
1553
5140
10816
2650
811
740
3215
11909
13
2988
925
3524
2
4
8087
2826
882
958
19
2434
3
10
5144
16
2
5
1428
119927
3544
1
7741
73
4
9413
32418
3
22
33
9
238
77
32
5
55463
74
157
7
29
18
22
17
6
12
17
29
116
37
2
1
11
1
6
5
757
16476
4654
3093
19248
1183
1062
665
968
2
25
28
3
39
19
28
54
8
32
37
3
1
90
9
1
31815
8241
32
192
26
64
176
15
61
205
544
1
352
42
479
9
57
2:9
41
103
47
26
12
22
211
462
13
32
5
19
3
14
15
22
1
72
14729
18
171
2
7
2018
9723
1
81
69
12
89
27
28
26
10
26
13
62
87
97
2
21
1
131
89
49
50
10
-488972
0
240
995
42
18
242
174
138
86
577
824
146
282
486
1043
143
47
389
96
29
8
317
614
699
589
222
0
396
137
4
253
176
331
48
82
250
85
51
95
203
416
198
62
256
453
312
846
43
47
210
599
135
40
305
324
0
132
123
66
144
10
106
48
235
53
163
0
760
218
64
300
92
40
57
783
493
4
8
52
56
14
117
297
53
14
4
20
56
147
14
305
1013
59
14
74
22
537
43
199
27
581
101
45
55
200
30
0
116
5
97
314
281
216
124
5
18
168
177
567
989
0
432
73
113
437
158
581
407
248
82
239
50
96
94
6
126
57
88
8
496
444
113
164
36
517
140
547
277
287
99
164
158
90
259
0
105
119
255
151
200
57
31762
91
301
14
113
1530
104
0
59
7045
2718
9679
16312
8688
2158
11615
7
0
4646
3464
1014
42
3125
4
1436
3514
116405
11311
0
41883
68
48
115
74
19
7347
28798
19531
121
314
46
695
29
196
42215
813
4136
25
71
26
177
12
22
29
30308
10403
28
100
413
172
41
209
13
43
18
116
110
36
99
133
642
0
153
285
151
14937
4
11708
308
7
20
418
104
1
8
101
0
1426148400
399:0
1
248:0
26
1013
-1030
256
-251
-5
3098
-3050
-51
80
-68
293
32
-116
-208
3
-16
22
1272
-1187
-57
-17
48
-43
-36
18
262
56
-338
121
-96
-24
11
-8
408
-410
64
422
-483
-2
-3
242
-231
-3
19
-26
71
-73
24
6
-23
-4
135
-130
52
572
-617
54
-50
13
-28
-4
45
-45
14
69
-72
-3
204
-205
-7
7
-1
-6
48
-44
131
-133
102
920
-1016
15
-1
-10
-6
31
-34
568
-541
151
-28
-102
-48
11
292
-304
12
-12
309
-282
-25
-2
43
-44
31
-23
0
-3
-6
1
42
-26
-11
837
-803
-35
-5
7
88
-86
3
-12
169
-168
0
141
-141
7
68
-76
18
247
65760
-60355
-5629
-32
-3
3
-6
128
69
-199
430
-420
-11
13
-11
19
270
-252
129
-159
-6
20
-23
26
149
-170
51
-45
1399
-1409
4
-4
182
-178
-4
1
7
3245
-1216
-1992
-44
17
-5
-12
13
-14
545
54
-592
-2
15018
-14888
14
-146
96
-56
-19
2
782
-706
-89
-6
91
15430
-15523
61
1102
-1160
77
-76
-7
1813
4728
-6532
-11
88
-89
23
-23
2:0
1
-1
0
592
-578
4
34
11901
-11839
-83
-19
-4
-7
245
-246
108
-106
-1
28
289
-317
23
-21
529
-528
18
-2
129
-146
25
108
-70
212
-229
247
-77
384
914
-1215
-302
6
557
-476
-85
3
70
-69
-5
100
-100
20
-21
1
-1
0
3
37
23980
-24020
-1
4
16
14
286
-306
56
3458
-3527
48
58
-103
14
-5
0
172
3567
-3750
3
26
-30
16
-12
-4
4
51
-39
298
-301
2
-11
-3
-1
8
38
-33
10
-21
3
6
9
-19
39
-34
23
-5
-15
24
-34
2828
-1846
-982
1143
2932
-4074
11
251
2884
2:-1568
-7
455
-454
-3
0
322
-320
6
134
-141
13
151
1
98
-264
14
323
-101
-61
789
-121
-811
2:-16
273
-273
188
-174
276
-271
-20
2
7
-6
0
30
9951
-9979
2845
-2842
133
-122
-7
27
398
-286
-81
22
-88
225
-229
110
-110
-1
12
14
-17
55
-21
-5
-11
-20
5
-11
93
-33
-29
1300
-1335
0
2
2:0
-3
3
-3
4
-4
0
1
-1
4
2:0
-2
2:-1
3
-2
2
-1
2:0
-1
1
-1
1
2:-1
2
-1
4:0
2
-3
0
2:1
-2
1
2
0
-2
0
3
-1
-3
1
3
-3
2
-3
0
4
-3
2:0
-1
0
3
-1
1
-3
0
2:1
-2
1
-1
3:1
0
1
-4
4
-3
0
-1
3
1
2:-2
2
0
-1
1
-2
0
1
2:0
2
-2
-1
0
1
-1
0
1
-1
2
-1
2:0
3
-3
-1
1
-1
0
2
0
2
2:-2
2:0
1
3
-3
-1
2
-2
0
1
-1
2:0
4
-4
4
-4
2
-2
2:1
-2
2
1
-2
1
-1
0
2
-3
3
-3
1
3
-4
0
3
0
-3
1
-1
1
-1
0
3
1
-2
-1
1
0
-2
1
-1
3:0
4
-2
0
2:-1
2:0
2:1
-1
0
-1
3
-2
0
1
-2
1
3
-3
-1
3
-2
0
1
2
-4
4
2:-2
2
-2
3:0
1
2:0
2:1
-3
4
-4
2
-1
0
-1
0
3
1
-3
2
-1
0
2:-1
2
2:-1
1
-1
0
3
1
2:-1
1
-2
1
0
-1
0
1
3
1
-3
4
-4
0
62
-61
-1
1
-1
11
-1
4
-14
3:0
5
-4
9
-10
5
-1
-4
3
-3
3
-3
5:0
1
-1
2:0
3
-3
0
12
-12
2
-2
0
2
-2
2
-1
0
-1
1
-1
1
0
-1
4
1
-3
-2
0
2
-2
0
3
-2
-1
10
-9
0
-1
1
-1
5
-4
-1
0
2
2:-1
0
4
-4
3:0
9
-9
10
-2
-7
-1
1
2
-3
1
0
32
-32
2
-3
3
-2
7
-7
-1
0
5
-4
4
3
-8
42
-37
-1
-4
2
3
2:-2
-1
14
-14
1
27
-27
-1
4
-4
2
27
861
-845
-38
-6
1
0
-2
5:0
3
2
-5
5
27
-29
4
-7
0
1
0
3
20
-24
2
1
39
-39
-3
0
5
-4
-1
2:0
193
-149
-39
-4
1
3
-5
2
-2
28
-8
-18
-2
188
-188
18
-18
9
-2
-5
2
43
-12
-31
-4
6
294
-298
1
55
-57
4
-3
1
99
467
-568
0
37
-38
1
2:0
-1
3
-3
3
25
-18
-10
1
66
-58
-2
-7
1
-1
25
-24
25
-25
-1
13
57
-70
1
-1
2:1
3
2
16
-21
1
2
7
0
-4
3
14
3
9
-37
2
-2
42
-39
-1
2
12
-16
2
0
2:-1
5:0
1
121
-121
-1
3
-1
10
-12
4
-4
256
-256
2
4
-4
1
-2
0
6
111
-114
-2
-1
4:0
5
-1
2
73
-80
5
-4
-1
1
3
0
8
-10
-2
1
3
-2
0
5
-7
8
-3
-5
6
-6
12
-4
-8
12
120
-131
3
35
132
64
-232
-1
72
-74
2:0
6
-5
4
0
-4
-1
3
11
26
-39
12
-10
7
19
66
-21
-71
6
-7
34
-36
0
1
31
-23
-8
2
-2
2:1
-2
140
-138
14
-17
3
6
-8
4
2:1
4
-10
0
15
-16
16
-16
2:0
1
2
6
13
-19
-3
2
-2
1
27
-26
-2
28
-28
8:0
1
-1
9:0
1
-1
1
-1
0
1
-1
4:0
1
-1
4:0
1
-1
2:0
1
-1
5:0
1
-1
4:0
1
-1
33:0
2
2:-1
4:0
1
-1
2:0
1
-1
3:0
3
-3
0
1
2:0
-1
1
-1
39:0
4
-4
9:0
5
-4
-1
0
1
-1
6:0
2
2:-1
9:0
1
-1
11:0
1
-1
4
-4
2
-2
2:0
2
-2
4:0
1
-1
7:0
2
2:-1
1
-1
10:0
1
-1
2:0
1
-1
4:0
end
