v1
1025
55
688
394
92
27
4
21
187
130
102
118
82
18
20
26
119
20
31
28
112
123
3
78
214
19
37
7
14
1
28
118
221
222
92
7
17
148
62
262
4
284
147
158
275
152
68
62
8
21
106
30
26
72
174
101
84
96
271
34
67
228
106
194
65
41
34
126
41
160
109
304
95
400
28
26
307
38
21
33
102
24
7
35
23
167
277
257
20
24
52
80
7
35
44
1
71
122
63
79
57
29
7
29
74
31
450
79
29
1
83
77
0
193
4
106
104
171
297
134
113
381
388
54
234
52
33
20
69
10
47
31
373
253
152
106
135
186
35
11
7
88
37
32
55
339
198
56
24
3
89
0
32
235
55
22
108
31
200
233
38
123
86
20
169
16
93
119
164
104
381
44
73
177
24
35
0
220
2
300
4
0
27
29
12
33
6
13
19
25
18
4
2
0
32
23
7
47
2
3
14
7
123
4
13
10
40
55
54
19
9
12
20
42
14
31
2:14
0
50
30
35
38
3
16
38
15
0
2
82
45
27
0
91
85
91
135
136
78
95
120
225
134
61
219
110
137
64
103
10
28
5
6
116
117
167
54
121
7
134
85
142
87
169
3
146
5
7
31
229
15
129
27
248
23
14
0
110
161
28
10
5
32
1
83
70
229
41
355
68
34
20
4
27
20
175
9
1
540
162
96
192
109
83
10
176
0
136
55
50
6
109
2
24
157
93
5
89
75
50
283
292
80
77
66
163
8
11
4
254
33
29
38
13
152
80
53
75
113
20
8
27
88
32
198
125
110
447
63
99
2
81
20
48
34
4
96
2
412
3
37
175
70
121
8
11
32
43
320
73
37
0
79
54
47
31
25
5
55
92
88
153
59
5
20
3
125
68
5
119
138
70
185
58
40
32
9
12
39
63
53
59
77
64
24
4
31401
5
1
21
9
12
31
39
56
1
65
33
53
44
24
51
10
88
84
112
36
8
22
932
110
8
30
50
22
68
111
71
166
18
47
9
2055
905
341
2211
2
326
1553
3764
1376
2464
2792
1322
4238
2650
811
7361
1586
790
6140
2988
925
3524
2
4
8
2
8075
2
5
2821
882
958
1533
920
13
1997
3146
1
7
9
2
5
1
2
1425
3523
35
11913
104456
3545
7716
25
73
9417
32421
22
9
24
9
175
63
1
108
5
16
65
54566
703
28
54
31
74
157
7
0
2
15
0
12
40
0
17
6
12
17
129
16
2
25
10
0
2
1
3
7
2:1
6
5
2
1
29
53
643
43
6
105
71
3445
12835
4654
3093
5057
5151
3251
0
4729
813
247
1183
873
189
665
436
330
202
5
6
5
11
28
3
39
19
28
10
44
9
2:31
6
2
2:1
90
4
5
1
30302
1513
8246
195
24
26
64
176
69
31
59
30
37
12
43
188
221
135
1
296
13
43
42
202
24
25
3
223
2
9
12
45
2:9
41
78
25
47
26
5
7
4
1
3
5
9
25
186
40
47
116
96
35
84
19
38
18
19
13
5
1
17
15
22
1
72
14733
14
126
45
9
2005
13
9723
1
81
44
21
2:2
12
73
43
2
14
12
26
36
13
7
55
35
11
19
22
0
61
36
2
21
1
76
12
43
50
23
16
49
50
8
2
-488936
44
0
274
16
15
78
653
105
14
4
38
0
48
130
51
205
8
75
6
49
176
47
26
79
579
224
233
123
14
132
282
34
98
926
137
353
217
319
149
447
175
106
242
391
273
104
174
311
156
152
26
11
241
245
272
142
145
91
507
157
45
147
2:11
5
71
7
12
56
23
70
229
286
7
161
299
185
153
222
242
597
99
104
466
190
170
135
6
232
41
14
202
42
153
170
15
343
222
268
192
204
405
113
256
71
99
499
0
117
222
51
22
185
38
42
97
2:18
9
25
193
332
42
97
312
261
155
52
67
341
683
625
310
0
292
45
55
0
31
339
49
422
418
149
79
666
241
37
166
841
229
165
7
141
186
66
130
240
142
0
172
25
50
176
526
392
29
109
25
258
10
2:14
271
7
0
41
298
451
737
10
105
31
62
462
18
10
6
58
503
79
121
22
419
155
101
140
263
101
131
59
18
19
31834
13
41
256
31
0
9
202
970
0
67
2
248
0
9
207
65
330
0
5565
0
1867
11
7282
1761
11
1020
5545
1887
17
0
5527
0
6612
4874
1781
824
3
3880
1391
8054
4684
3463
1
1041
0
15
3105
1438
119941
11311
51
42009
10
137
57
15
36073
19578
141
12
228
5
25
0
788
14
9
63
25
33
7836
2
10811
24554
2093
1871
2:1
2
9
40
109
14
10
14
87
20
12
40145
0
575
72
168
64
279
172
95
330
660
22
48
354
71
0
243
57
87
14984
35
11860
70
117
3
51
47
81
184
26
0
325
1426959000
699:0
1
324:0
3
75
-39
72
-99
17
5
17
-45
1
363
-367
0
1
21
8401
-8422
0
-1
1
5
22
-26
1173
-1174
2083
-2078
5
42
763
-803
-5
-7
3
11
-8
1361
-1354
-11
14
147
-5
-151
-7
123
-124
1
0
8
-8
1
2
140
-84
-59
2:4
63
-71
206
-197
1870
-1873
-4
12
25
-37
10
6
-10
4
-8
17
-6
0
-14
104
100
-200
5
-11
7
-7
3
2255
-2256
19
68
-88
-1
8
69
-40
-30
94
-97
-3
42
-30
163
-173
0
-3
23
16
-5
-28
-6
0
1
2
-2
35
-28
803
313
-40
-1048
15
-51
53
-32
257
-275
0
-1
5164
-5161
158
523
-650
-36
9
5
30
53
184
-280
-1
18
7
-7
-17
-1
114
-114
86
-86
15
-13
0
2
7
370
-360
-17
15
119
-134
5
557
-563
-2
68
-69
1
4
-5
2
304
-302
2
489
-487
-6
0
-2
4
3
8
-10
57
-34
210
-224
-9
0
838
-811
-21
0
-10
1
43
-31
-14
15
-11
-2
-1
9
27
116
-149
1452
-1367
39
-100
44
1620
-1682
23
196
-205
-2
31
-50
2
168
-128
170
-176
-30
24
-25
-4
0
32
-17
-15
-2
0
197
-161
-35
4
252
-251
193
-30
-123
-47
38
90
626
-755
26
-20
190556
-190561
173
8614
-8229
-557
16
128
-104
-37
47
-49
247
-170
-72
100
-72
-34
-2
10
-8
53
-42
3
-1
-11
4
3
-7
3
26
-33
7
-4
607
-605
23
29
271
-327
-1
2
-1
1
0
6
57
-45
-20
0
2
74
-71
439
-438
189
-194
1
206
2488
-2696
116
-77
572
-597
56
-65
-4
27801
-7008
-20746
72
-119
2
-3
0
2:1
-1
2
182
-173
-12
2
-1
69
-19
-18
560
-591
42
334
-343
69
74732
-74746
-69
750
-768
0
-3
34
-20
57
-70
20
-13
-8
264
-237
113
19
-84
-53
4
2949
-2771
-178
299
-303
-20
9
0
101
148406
-148504
-13
10080
-232
-9847
4
150
-82
-61
4017
-4018
6536
-6545
28
2939
-2959
32
-38
2
0
-6
0
5
0
6
943
-954
5
2290
-2224
-67
43
660
2851
-3539
618
-367
-265
-1
-5
0
18
-16
304
-291
662
-676
3
290
-17
564
-528
0
-259
20
-67
2:-3
51
-50
402
-392
9
6
41
6
-40
-21
16
-18
187
-119
-74
799
-365
-70
266
-635
3
0
1322
2635
-3494
-442
-6
19
449
-217
-264
16
79
-99
1
-2
1
2:0
364
-355
157
-164
2
13
-17
15
-15
4
-3
44221
-44153
-64
-5
13
2
49
-64
9
94
-98
335
-312
6852
-6804
23155
-23224
5
14
-9
-13
20
5
6392
-6134
-281
12
-15
-3
4
-3
53
38
-90
3
5
-6
-1
175
-179
2
20
1509
-1494
869
-528
-279
-13
-44
-32
1
-6
0
-3
6
60
93
-130
98
-111
79
-97
2
7
-2
-3
23
-11
-3
69
-45
-21
-12
18
-17
-1
76
-66
-5
261
-262
101
-26
-66
-9
23
-28
0
-3
134
-130
14681
-4936
-8834
370
-1273
23211
-23220
28
-29
301
-299
11512
-5763
-5720
48
-32
4125
-729
-3052
-392
1
62
-18
0
-39
16
0
825
-846
4
65
-66
-2
2
355
1038
-1326
-67
0
60
-42
-21
69
-71
16
355
1485
-1852
126
665
3727
-4498
-22
62
-60
368
-369
0
-3
1227
-1225
106
651
-738
-19
1
59
821
-857
-23
2:0
31
-28
42
-8
-36
130
-95
-30
5360
-5111
158
-416
74
-66
42
2631
-2680
29
10424
-10210
1006
-1250
2
14
109
1652
-1760
387
-404
2
38
-30
3
59
-70
147
474
-620
19
292
-1
-312
41
263
-286
14
-22
1
3
35
3
32
-28
-15
-37
5960
-5967
1
2:0
2:-1
0
2:1
-2
2
0
-1
1
-2
2
-2
2
0
-1
2
-1
-2
2
-2
2:1
-1
1
2:0
-2
1
0
1
2:-1
5:0
2
-2
3
-3
1
0
1
-2
0
2
-1
1
0
-2
2
-1
0
1
-2
2
-2
0
1
0
1
0
2:-1
2
0
-2
0
2
2:-1
0
1
0
1
0
-2
0
1
0
-1
1
2:0
-1
1
3:0
2
-3
2
-2
2:1
-2
0
1
0
-1
2:1
3:0
-1
2
-3
2
-1
0
1
2:-1
1
4:0
-1
2:1
-2
1
-1
1
0
1
0
-1
1
0
-2
2
-2
1
-1
0
2
0
-2
2:1
-2
1
0
1
-2
0
3
-1
-2
1
0
1
-2
1
2:0
-1
0
2
0
-2
2
2:-1
2
-1
1
0
2:-1
0
2
-1
3:0
-1
0
2
2:-1
2:0
1
2:0
-1
1
2:0
-1
1
0
-1
2:1
-1
1
3:0
-1
1
-2
1
4:0
-1
0
1
2:0
1
2:0
-1
1
-2
0
3
-2
-1
2
0
-1
3:0
1
0
-1
0
1
-1
2:0
-1
2:1
-1
2
-2
1
2:0
2:-1
1
-1
0
2:1
0
-1
1
-2
1
-1
2:1
2:-1
0
2:1
2:-1
2:0
2:1
3:0
-2
0
2:1
-2
2
-1
2:0
-1
0
2
-2
1
-1
1
2:0
1
0
-2
1
2:0
2
-3
1
-1
0
3
-2
3:0
1
0
-1
1
-1
0
2
0
-1
10
-10
1
5
-2
-4
0
1
-1
0
1
5
158
-164
3:0
1
-1
0
30
-29
12
-12
-1
24
-21
-1
-2
2:0
37
-37
14
-14
0
1
21
-22
2:0
16
-16
2:0
1
-1
0
1
5
-6
2:0
2
1
0
-1
-2
14
-12
-2
1
0
6
4
-11
0
4
-4
4
-4
2:0
4
2:-2
1
-1
3:0
42
-42
3
-2
-1
0
1
0
-1
4
2:-1
-2
3
-3
4
-4
2:0
1
-1
2
-2
1
-1
0
1
0
3
-4
4
-1
17
-19
1
-2
9
-9
16
-16
2:0
18
-16
-1
2
-2
1
-2
1
5
-2
-4
2:0
2
-2
3:0
8
-8
3
-3
8
-8
0
1
4
-5
2
-2
0
11
-11
0
47
-47
0
12
-12
2:0
1
-1
8
-8
0
74
-73
-1
2:0
3
-2
4
0
3
-3
-4
1
-2
1
76
-74
0
-1
-2
0
6
-3
-2
21
-21
0
-1
1
2
16
-19
14
-14
41
-41
3
77
-79
-1
18
-18
4
0
-4
0
22
-15
13
-16
-4
3
-3
2:0
6
-6
3
-3
0
18
-17
1
-2
30
-28
6
2:0
-8
2
1
112
-115
0
2
1986
-1988
2
123
-102
-23
4
0
5
-8
3
-1
-3
1
2
21
-18
-5
-1
2:0
12
-6
-5
5
-4
5
0
-6
-1
12
-11
-1
0
46
-46
18
-9
9
-18
2
-2
2:0
2
1
5
-7
-1
0
3
14
-16
48
-48
7
-5
0
-2
51
-51
8
-2
5
-10
2
-3
1
992
-831
-158
-5
4:0
3
-3
1
-1
13
-9
-3
-1
1
17
-15
-3
49
-49
8
2:-4
0
575
-575
4
53
-56
-1
2:1
0
3
-5
0
1
0
17
-16
0
41
-28
-13
3
135
-71
-62
-4
0
-3
2:0
24
954
-974
-4
45
118
-163
0
13
4
-6
193
-201
1013
-1016
6
80
-85
4
-5
0
5
-5
4
-4
0
3
1
-3
-1
125
-117
-6
10
-10
153
-154
60
-46
-15
3
-3
3:0
2
5
53
-59
-1
2
74
-65
43
86
-136
5
-8
0
-1
1
-1
7
-6
4
5
21
-17
-13
0
3
-4
2:9
-18
32
14
-43
18
-21
1
-1
52
19
-39
-32
2
-1
84
-77
-6
10
26
-37
-1
1
3
0
-4
1
2:5
-8
-2
5
-6
7
-7
3
-3
242
-241
1
-2
0
1
-1
0
7
13
-20
0
8
585
-591
13
-12
2
0
-4
2
5
1
173
-181
1
0
-2
1
-1
1
19
-7
-12
0
11
-12
0
5
-3
0
10
-8
4
218
-223
20
-23
2
2:1
-3
3
-3
0
15
1
5
-14
-6
-1
0
-1
9
-9
2:0
18
-16
6
-1
0
-7
5
-3
0
8
-8
3
13
-15
8
-2
-7
-1
5
-3
-2
0
9
-6
34
178
-215
14
-15
220
-220
10
-10
69
-69
311
648
-956
-3
9
202
-208
-2
-1
0
10
-6
7
-7
2
-4
9
-11
1
4
-5
2:0
44
223
-260
-5
0
32
-29
-2
4
-7
1
19
12
-32
95
38
282
-414
0
29
-27
52
-55
2:0
3
-2
-1
12
4
-16
0
10
-10
4
-4
1
-1
10
-10
12
-7
-5
8
4
-12
142
-114
7
-35
4
-3
14
-1
-12
-1
43
-14
125
-155
2:0
9
15
-23
43
-43
-1
3
0
-1
0
-2
12
-10
0
2
103
0
-107
6
7
-13
6
-6
3
2:0
-3
21
-21
2
-2
125
-125
35:0
1
-1
18:0
1
-1
40:0
1
-1
12:0
4
-4
10:0
1
-1
7:0
1
2:0
-1
1
0
-1
5:0
1
0
-1
0
1
-1
4:0
1
-1
2:0
1
0
-1
6:0
1
-1
1
-1
2:0
1
-1
4:0
1
-1
6:0
1
-1
20:0
2
-2
18:0
1
-1
11:0
1
-1
9:0
1
-1
4:0
5
-5
0
2
-2
2:1
-2
13:0
1
2
-3
1
-1
4:0
1
0
-1
7:0
1
-1
2:0
1
-1
19:0
end
