v1
895
732
11
298
427
615
141
410
58
19
37
22
28
42
76
91
451
106
59
510
102
534
198
159
136
98
275
340
28
83
177
248
10
212
4
285
269
44
193
406
139
17
246
44
84
437
534
20
24
43
89
86
194
63
79
374
98
104
563
288
97
148
144
139
90
63
305
36
442
17
322
36
90
22
9
345
281
152
106
6
63
66
104
82
35
18
88
37
57
274
95
402
312
232
107
300
94
275
496
381
44
170
72
8
59
345
237
83
81
30
1
36
153
10
23
95
82
62
12
59
64
30
5
30
41
16
38
262
85
362
78
95
120
420
329
304
10
33
6
116
9
137
192
121
141
85
101
41
259
151
282
156
271
246
67
48
66
87
270
528
175
50
758
706
55
56
109
2
0
346
22
75
50
47
933
11
247
100
102
57
6
80
128
126
15
147
433
712
182
2
245
167
3
37
175
191
8
11
32
131
232
189
54
47
56
5
127
20
88
212
5
20
3
59
134
5
702
63
189
92
31406
22
9
43
161
130
62
23
88
76
8
112
36
30
1042
1
109
179
237
18
3357
2211
328
1553
3764
1376
10816
2650
811
3955
0
4989
1623
5310
2172
816
928
3523
8090
1
2812
1854
2466
474
509
4177
2:2
3
1428
3523
116404
3545
7741
73
4
9413
32411
10
22
9
24
9
125
40
73
77
15
17
5
54647
882
8
157
36
40
17
18
17
36
109
27
10
2
12
1
6
5
757
32
3609
12835
4654
3093
10208
7980
2243
872
1
189
665
436
532
2:5
6
3
8
31
39
19
28
54
8
32
0
36
1
3
1
99
1
40280
90
245
90
122
544
1
296
56
42
202
49
226
2
9
57
2:9
144
30
43
27
305
212
35
84
44
63
6
17
37
1
72
14747
180
2018
9723
1
81
44
25
12
116
18
5
31
10
43
58
11
54
22
97
244
49
45
13
2
18
-488605
78
567
52
139
178
2:29
31
18
53
70
82
54
66
104
13
15
9
126
100
110
3
125
38
13
0
25
76
542
8
22
53
22
17
19
169
43
269
329
95
56
13
57
166
155
104
171
112
79
204
19
171
41
92
293
12
67
30
4
194
259
82
13
86
35
91
20
181
0
166
0
194
44
9
288
29
93
1
13
125
322
44
135
31
51
7
59
74
6
305
72
373
39
36
392
5
334
210
117
63
160
66
20
74
123
20
104
136
27
95
457
169
99
13
124
209
124
144
45
21
250
33
14
65
219
125
38
33
118
0
137
182
23
276
73
170
41
134
277
226
11
16
2
354
141
44
0
92
32
8
15
77
196
70
12
380
66
11
50
218
159
79
24
157
684
20
291
15
27
41
0
16
17
6
4
15
25
34
1
8
33
1
15
2
5
47
2
3
14
128
2
3
14
90
88
71
106
11
68
18
109
14
77
36
51
0
152
405
26
318
131
39
110
74
58
0
22
111
683
180
115
95
337
83
3
166
33
28
88
58
214
47
97
275
6
31
10
75
191
13
20
5
168
247
350
165
34
0
1
744
162
281
7
0
7
173
12
10
176
19
57
348
13
195
45
290
99
110
407
156
73
19
29
154
80
28
30
68
142
0
37
125
57
10
28
59
5
12
195
48
12
217
6
96
0
461
164
81
0
97
115
0
247
60
45
126
211
171
44
3
34
114
169
34
287
627
51
34
142
54
52
194
50
68
1
72
21
19
136
102
0
111
31416
48
251
21
6
2
12
300
2
141
954
54
56
1
12
165
64
28
90
46
59
55
21
50
7724
2751
2064
4228
0
2353
1004
7437
5739
3256
6127
1358
2568
872
2652
8110
3691
943
34
2447
5144
7
1
6
10
1444
15454
104457
3543
7717
51
38236
3639
28
19
11
7
130
4
133
53
46
9
2
10999
25036
19377
0
35
54
0
79
105
2
2:45
13
145
54
2
3
7
98
643
62
27
4
64
68
12800
5840
0
24635
2188
1
1693
5
2
5
20
142
1
24
3
63
53
25
13
4
5
4
30308
1513
8491
240
11
89
600
412
23
43
25
94
15
334
328
43
3
18
2
192
53
378
38
51
0
5
51
13
14815
185
11749
315
55
20
90
38
113
21
2:1
75
55
73
18
105
1
41
1426614600
399:0
1
494:0
35
5
-18
4
9136
-8448
-708
307
-307
690
-641
508
-555
14
-13
-1
11
749
-644
31
-124
76
18
-7
-81
56
842
-911
35
-38
8
111
-119
-14
22
-23
1
117
-49
-66
48
85
-77
-6
715
-745
27
-30
-3
9
-26
1
32
-16
2:6
-6
18
-25
352
-367
1
17
-18
2
-1
81
180
-260
785
-785
223
-224
21
-8
-15
-1
144
-103
532
-488
-83
188
1887
-2048
29
-8
-48
-1
81
-81
286
-284
280
-248
244
-175
-102
49
-49
21
-4
716
-707
2:-13
669
-609
-59
1
-3
360
-180
17464
-17577
1796
-1864
161
-38
92
-198
-14
341
-306
-37
56
66
-121
183
-182
158
237
-394
1880
-1883
126085
-125426
11781
-12318
37
-116
-19
-6
5
-5
-3
53
-8
-58
2330
-2329
13
-15
39
194
-232
13
592
-607
65
-65
57
5
6342
-6313
-75
167
37
-90
23763
-10598
-13273
-21
-1
1
75
-64
29
-38
333
-241
719
458
-1250
70684
-70442
-250
-13
234
-234
-1
2
90
-78
15
987
-935
-44
-16
-18
228
111683
-111894
1914
2056
-3975
-2
44
-44
3033
-3030
6861
-6876
12
323
307
-642
1817
-1776
3514
-2947
-464
-133
113
314
-437
397
-201
-199
35
274
87
302
-697
2
36
80
-89
8
82
-49
1317
-1190
45
209
-126
1410
-1581
42
-194
0
20
463
-415
180
-248
45
-46
65
-67
82
-78
-3
2
35
42334
-42358
1
5
-5
-11
141
243
-368
29
6224
-6271
48
715
-741
-20
413
-417
2
249
-247
-2
141
5523
-5662
19
3
5
110
-127
6
1
324
-280
9
-50
-23
2
93
-41
46
-86
-14
-1
48
-5
-41
26
-27
29
176
-204
1
32
80
-112
25
-24
77
-80
1
60
7584
38740
-46366
1839
4267
-6124
36
5
-30
902
11825
-10644
-1955
241
-256
-83
-17
603
-627
124
510
-620
-13
52
-37
708
-692
219
1047
-1183
1677
24066
-25766
-59
1207
-1228
15
2
-8
-21
171
-173
106
-88
4592
-4558
423
-415
-30
347
7050
-7092
1238
-1571
151
30
216
-397
13
21
-33
-1
39
-40
34
80
-102
72
1
-86
2
8746
-8711
-40
-2
14
4
-18
14
-14
3:0
2
2:-1
5
-2
12
-13
8
-9
-1
5
6
-9
8
-9
1
0
1
-2
-1
1
3
3:-1
10
-6
-1
-3
-1
4
0
2:-2
2:1
-2
0
5
-5
4
-4
2
1
8
-8
-2
14
-14
3
1
-3
1
-2
1
-2
3
2
-2
1
-1
2
-1
-3
14
-14
0
1
-2
1
3
1
-1
13
-5
-12
3
1
0
1
-4
3
11
-14
0
12
-12
-1
3
-3
1
2
2:-1
0
1
12
-11
7
-9
15
-14
2:0
8
-8
-2
3
11
-12
10
-2
-8
-1
11
-12
2
-2
0
2
0
1
0
-3
1
0
14
-15
4
-3
12
-13
5
3:-1
0
1
-3
10
-10
5
-5
0
3
2
5
-9
3
1
-3
0
-2
0
1
0
3
-3
0
13
-13
1
15
-12
-4
1
2:-1
0
4
-4
3
-3
2
-2
4
6
-6
1
-5
0
5
-2
-3
4
10
-9
-5
2
1
-3
0
3
1
-2
0
-2
5
-3
1
-1
12
-13
-1
2:1
-2
2:2
-3
10
-7
1
-3
1
-1
0
-1
3
6
-10
12
-12
14
-10
8
-1
-9
-2
2
-1
9
2
-12
1
-1
2:1
2
-4
2
2:-1
4
-1
2
-4
4
9
-14
2
2:-1
0
2
-1
0
1
-1
2
-3
0
5
2:-2
-1
1
2
10
-10
1
-2
-1
12
-11
0
2
-3
11
-7
5
-10
3
3:0
14
-5
-8
-2
-1
0
1
-2
2
-2
1
2
-3
3
7
-10
2
10
-7
-4
2
-1
11
-11
1
11
-11
2
-1
-4
3
0
1
-4
4
-2
0
8
4
-13
-1
4
-3
-1
10
2:2
-10
-4
2:5
-9
12
-3
-7
12
-15
3
1
0
7
-9
-1
3
-2
2:0
2
11
-15
13
-11
-2
0
3
7
-6
7
-10
0
9
7
-13
-2
1
8
3
-14
4
2:0
-2
0
2
-4
2
10
-2
-10
5
-2
14
-16
-1
1
-1
1
0
1
0
2
-1
-2
4
7
-9
11
-13
2
-1
14
-16
10
-8
0
-1
2:0
3
14
-13
-3
-1
13
-14
1
2
7
2
-7
-5
3:0
10
-9
12
-12
1
2
7
-7
8
-10
2
10
-10
7
-10
-1
10
1
-6
-4
-1
13
-1
5
-2
-15
2
-2
5
-1
-4
1
0
16
-5
-11
0
11
-10
-2
4
1
-4
0
13
-13
1
15
-12
10
1
-16
10
-9
0
1
4
-4
6
152
-157
-1
12
-11
9
6
-11
-5
2:0
27
-26
4
-5
22
-22
7
-7
1
7
-7
0
-1
0
1
-1
7
-7
0
8
-8
0
2:1
-2
7
-7
2:0
30
-23
-5
1
-2
2
-3
1
3
-3
1
-2
4
2:-2
15
-15
0
4
-2
0
-2
6
14
-20
15
-15
4
-4
2
-2
2:0
4
-4
0
5
-4
-1
3
-1
-2
0
3
-2
2
-2
0
-1
4
-4
28
-18
-10
2
-2
0
2
49
-48
-1
1
42
-38
2:-3
-1
1
16
15
-12
46
-65
15
-10
2
-4
-1
15
-18
1
0
14
-14
18
-18
12
-9
-3
77
-75
1812
-1809
92
-80
-18
1
2
4
-4
-2
4
-4
10
-9
12
-12
0
-2
11
35
-44
9
7
-15
0
-2
7
-6
40
-37
0
4
0
-9
572
-439
-131
-1
1
-2
6
-6
0
2:1
3
32
7
-42
472
-425
-45
-2
10
-11
-1
2
20
-15
-6
128
-75
-45
-8
0
21
801
-820
54
60
-116
0
10
1
151
-161
775
-777
5
61
-61
-2
95
-84
111
-75
-38
-9
-2
62
-62
3
30
-33
6
37
82
-116
-9
-1
7
-2
15
-17
3
10
20
-2
-34
26
10
19
-28
-26
-1
2:0
72
-72
7
-7
28
-28
5
-4
1
2
-4
0
2
230
-232
0
2
0
4
14
-20
4
-4
612
-612
2
8
-9
7
1
-9
0
2
-2
2
3
182
-186
-1
13
-9
-4
1
11
-9
165
-168
25
-24
1
-2
13
5
-2
-13
0
-3
1
3
2
2:-3
4
8
-12
3
5
1
-9
7
-6
-1
2:0
6
17
158
-181
13
120
-132
5
0
-6
53
268
272
-586
91
-89
-4
-3
3
-5
37
86
-123
2
19
-15
2:-3
14
9
30
86
238
-353
-21
86
-88
2
3
-6
1
15
-15
5
0
170
-159
1
-16
8
-8
38
-10
107
-137
3
13
30
-46
1
4
-5
0
9
-9
3
52
-51
26
-28
-2
1
92
-93
2:0
3
2
-5
8:0
3
-3
1
-1
1
-1
8:0
1
-1
8:0
1
-1
13:0
1
-1
2
-2
4:0
3
-3
1
-1
2:0
4
-4
2:0
1
0
-1
0
2
-2
7:0
2
-2
5:0
1
2:0
-1
0
3
-3
9:0
4
-4
14:0
1
-1
3:0
1
-1
2:0
1
-1
3:0
1
-1
2:0
1
-1
3
-3
0
2
-2
9:0
1
-1
1
-1
9:0
2
-1
0
-1
6:0
1
0
-1
3:0
4
5
-7
2:-1
5:0
1
0
-1
4:0
1
2:0
-1
0
1
-1
2:0
2
-2
7:0
1
-1
1
-1
0
1
-1
2:0
2
-2
1
-1
5
-4
1
0
-2
3:0
2
2:-1
3:0
1
0
-1
5:0
2
-2
2
3
-5
9:0
2
-2
0
2
-2
4:0
1
-1
2:0
2
2:-1
3:0
5
-3
-2
0
1
2
-3
0
2
-2
1
0
-1
11:0
1
0
-1
3:0
1
-1
0
3
-1
-2
1
0
-1
5:0
2
0
-2
2:0
4
-4
3:0
4
-3
-1
1
-1
0
1
-1
1
8
-9
16:0
1
0
10
-11
2
0
-2
4
-4
2
-2
0
1
-1
0
2
-1
0
-1
4:0
1
8
-9
2:0
4
-4
3:0
1
0
1
2:-1
2:0
2
3:1
-5
2:0
1
-1
4
-4
8
-8
3:0
22
-22
2:0
1
-1
3:0
4
-4
2
-2
2:0
1
-1
1
-1
1
-1
1
-1
0
2
-2
3
-3
0
1
-1
3
-1
-2
3:0
3
-3
1
-1
3:0
1
-1
2:0
7
-6
-1
2
7
-9
5:0
4
-4
1
-1
2:0
3
-3
1
-1
0
end
