v1
715
743
486
191
48
26
3
23
13
65
2
430
53
146
45
71
12
153
182
56
22
28
118
374
41
127
165
510
102
732
159
234
136
33
18
268
305
19
8
20
96
61
44
67
76
93
111
467
13
400
94
30
356
15
399
378
34
277
104
153
312
207
79
48
9
232
242
45
166
44
463
120
128
7
12
8
297
134
16
185
293
85
192
11
100
1
53
59
0
40
27
213
47
79
404
578
61
7
186
53
88
190
178
95
281
28
93
288
363
300
94
183
92
16
157
65
397
208
34
294
58
1
222
304
27
15
14
51
32
25
15
3
4
13
21
30
1
72
0
103
24
118
9
60
12
1
26
48
45
2:14
50
35
30
38
57
17
14
113
118
74
365
8
78
95
120
533
145
71
314
33
1
5
116
104
180
84
138
94
286
139
58
3
146
5
282
0
128
1
275
6
31
299
48
153
86
143
41
508
1
12
182
9
799
60
0
132
109
93
176
191
50
115
2
66
115
93
94
75
50
16
716
229
96
181
63
37
31
128
214
126
7
8
147
40
332
61
447
202
43
20
184
261
191
175
151
48
11
32
46
22
6
120
169
34
155
54
47
3
53
3
2
19
2:108
130
23
64
23
104
89
5
9
0
142
106
313
72
0
60
176
42
34
77
15
31401
5
1
21
9
237
22
75
24
38
111
196
8
28
8
22
932
111
3
106
68
182
166
18
47
3310
2536
3
1553
322
2751
2067
2464
8352
2650
811
741
0
3214
11922
2988
4451
4
10913
1825
15
2466
5144
18
5
1445
4037
11417
104456
3544
1
7741
77
9413
28772
3533
113
3
22
33
9
121
4
113
1
19
16
0
41
15
17
5
14
7241
47392
816
54
79
98
7
2
27
57
0
6
12
17
133
12
27
10
14
1
6
5
85
672
194
16282
2356
2298
3093
5057
8402
0
4729
813
247
825
358
873
133
56
665
436
532
10
1
16
31
39
19
0
28
8
46
7
33
37
3
1
43
47
4
5
1
40280
26
64
176
69
31
89
92
140
404
1
87
290
17
202
49
86
142
9
4
17
36
2:9
41
103
73
12
26
21
186
87
218
29
84
44
13
37
19
17
37
1
58
14
14747
171
9
28
1977
13
9723
1
81
69
12
116
6
22
26
49
62
65
22
97
23
1
2
74
25
0
103
16
49
50
10
-488800
168
193
104
55
369
221
337
92
224
330
209
173
410
1660
181
414
529
46
110
3
322
50
99
130
55
19
107
41
506
1148
1021
112
598
303
46
416
86
731
380
173
1720
343
255
30
214
122
31
210
16
924
146
790
771
93
196
372
33
73
20
7
25
71
2
3
144
199
22
76
58
76
20
200
257
43
48
658
221
59
46
219
138
276
269
110
124
156
191
101
102
1091
525
133
609
12
225
129
581
233
335
297
135
55
288
451
330
77
185
67
144
143
29
147
136
147
21
17
85
469
96
348
275
2
283
247
146
24
403
10
84
37
29
597
43
112
52
248
127
132
418
126
78
38
170
155
31508
96
65
86
129
164
8
1228
237
44
209
102
2055
12942
5116
3221
12423
790
13577
8093
3708
3414
2007
42
4556
131286
41796
90
181
146
36092
19486
196
15
22
36
201
10
741
43
49
133
3445
30790
11239
1715
2:66
10
25
30478
10376
568
172
250
13
43
253
15
251
277
51
657
88
26951
164
23
34
101
158
1426329000
499:0
1
214:0
24
1678
-1699
106
-106
11
-12
129
-89
-29
-12
10800
-10799
0
2:1
-3
162
228
-299
-4
-73
66
-64
-16
690
-555
-6
9
-43
-83
37
-46
-3
2
-2
52
-51
-1
3
-3
3
-3
61
-48
17
-28
58
112
-172
13
-13
29
-6
-22
678
-638
-30
11
34
-27
0
-27
7
-8
26
-26
2:0
99
-99
-1
3
15
8
94
-102
-17
-1
60
-49
-11
3
13
-16
263
-261
-1
0
10
33
-44
78
-75
2:-1
26
54
-72
101
-99
-10
56
-55
-1
9
-8
213
1169
-1071
-284
4
-20
-12
2
-1
-2
73
264
-337
3
-2
30
-15
-16
87
-84
140
-133
-9
18
0
-18
16
532
-546
-3
1
-1
85
-21
-64
0
1
948
-946
43
-26
-5
-13
47
-47
126
-127
10
-11
2
0
315
-315
0
967
-951
81
125
-221
-2
931
85154
-85932
-152
11506
-11415
-93
3
-2
-1
43
-42
-1
17
0
-16
1
23
1
-16
-7
0
9
8
136
8926
-9071
-8
24
231
-258
2
16
-4
-14
48
-47
0
-1
232
-210
-22
1901
-1900
15
166
-170
34
-45
6889
-4106
-2745
-37
-2
16
-15
73
-71
11
-11
-2
395
-80
-304
46
46749
-46804
60
140
-190
-13
2
1
439
-401
19
-42
-15
1017
-901
-104
-15
102
-92
-10
45
-45
133
61123
-61244
-12
4167
-4167
1012
-1010
687
-642
-44
16
1477
7630
-9124
18
118
-137
0
19
3
-21
-1
0
18
-18
13
940
-954
19
-16
1635
-1637
241
-168
-73
1
610
-610
0
160
-52
-106
2186
-2188
36
-36
801
-803
31
-19
9
207
-173
53
118
-225
272
-186
-86
-1
335
-335
2085
-1099
-507
-478
0
9
632
-319
-272
-37
133
-129
397
-399
45
20269
-20317
-13
0
2
0
-1
47
215
-263
2800
-2797
23
89
-46
4213
-4268
30
-44
0
2
-2
2
-1
1
-1
1
63
4879
-4944
2
-1
8
-6
7
3
-12
11
14
1
-2
15
-27
487
-500
29
-26
-1
21
5
136
-114
-48
-2
20
-9
-8
19
9
-15
-16
1
17
-16
2:-1
35
-34
0
12
15
-18
25
-34
-1
134
6444
-6134
-421
6
1071
-1099
2413
-2375
-28
246
4296
-2116
-2435
39
-40
20
347
123
-453
117
-142
6
-17
-2
94
-92
52
280
-334
3
12
-13
15
-17
29
758
-776
-9
121
1200
7977
-9286
32
3667
-3669
-41
16
-5
2
-16
0
3
147
-120
-30
59
-57
6441
-6316
-127
637
-609
28
9
-54
-10
42
315
-279
84
-141
582
-512
-77
1
-15
12
22
72
-63
-7
153
-167
-23
9
-8
0
12
53
2
-67
3949
-3951
9
-2
-7
0
8
0
-8
2:0
5
-5
0
1
8
-4
-5
0
10
-10
1
6
-7
0
5
-5
5
-5
9
-3
0
1
-7
6
-5
-1
6
-6
1
4
2
0
-7
2:5
-1
-8
-1
0
9
-9
5
-4
-1
2:0
5
4
0
-1
0
-3
5
-10
8
-7
-1
3:0
5
-5
5
2
-6
-1
3:0
5
2
0
-7
1
0
7
-3
-4
-1
0
6
-6
0
7
-7
10
-10
3:0
5
-5
3:0
1
-1
0
1
-1
6
3
-9
8
2
-5
0
-5
0
10
-10
8
-2
0
-1
-5
6
-1
-5
0
8
-2
-6
5
1
-6
5
1
-6
5
-4
0
5
-6
2:0
1
-1
6
0
-6
10
2:-5
10
-10
3:0
6
0
-6
0
6
1
-2
5
-10
0
1
8
-3
1
-7
9
-9
7
-7
0
6
-1
0
4
-2
-7
0
8
-8
6
1
-7
8
-7
-1
0
8
-8
2:0
5
1
2
-8
0
1
6
-7
7
1
-8
8
-8
6
-6
0
1
4
-4
3
-3
6:0
88
-88
4:0
3
2
9
-11
-3
2:0
30
-27
-3
15
-7
-8
2
-2
11:0
1
-1
1
-1
0
1
-1
2:0
1
0
-1
20
-20
0
1
-1
3
-3
2:0
1
0
-1
1
2:0
-1
0
1
-1
3
-1
0
-2
0
2
-2
4:0
7
-7
3:0
6
-6
2
0
-2
0
2
-2
1
-1
2:0
2
2:-1
2:0
7
-5
19
-21
6
-6
4:0
1
38
-39
2:0
3
-2
-1
5
-4
23
-24
0
4
-4
0
3
-1
-2
2
0
-2
13
3
-15
-1
0
52
-52
2
-1
0
-1
4
-4
11
-11
1
0
-1
1
23
-24
0
20
-20
7
-3
-4
0
50
1063
-1111
-2
71
-63
-7
1
-2
0
2
-2
0
2
5
-6
0
3
0
-3
2:0
4
-2
9
25
-34
-3
2
9
-9
-2
0
1
-1
5
-5
2:0
34
-32
-2
35
-35
2:4
-7
1
-1
437
-350
-86
-2
0
5
-5
3
-2
0
-1
0
31
-9
-19
-2
281
-281
-1
18
-18
0
2
-2
17
-17
11
-9
-2
69
-46
-15
-8
3:0
1
-1
11
434
-443
-2
55
-55
59
-59
0
6
-6
5
99
565
-667
2
40
-44
2:0
2:2
-4
0
3
-3
1
56
-57
6
-4
78
-80
7
-1
-6
0
34
-34
0
38
-7
-31
127
-126
4
-5
2:0
1
0
5
17
-19
-3
2
-3
19
-3
-16
0
23
-23
29
3
-4
-28
0
1
40
-33
22
-30
1
0
3
0
-3
141
-142
3:0
4
-4
13
-13
0
259
-258
-1
0
2
9
-8
3
-6
8:0
2
123
-125
2:0
4
-4
0
4
-4
4
-2
6
0
-4
-2
102
-104
16
-16
0
6
-2
7
-8
-3
4:0
2
-2
1
-1
0
2
0
2:-1
8
-8
0
7
-2
-5
4
-4
1
15
-4
2:-5
0
12
-14
117
-117
3
22
125
176
-326
3
-2
6
48
-48
-3
2
0
-5
-1
0
4
-4
20
51
-71
0
18
-18
1
-1
3
14
-17
0
39
51
162
-250
9
58
-68
-1
10
-10
2
-2
1
-1
12
-3
-8
0
3
139
-134
-9
10
-7
11
-8
-4
-2
3
10
-4
-5
-3
15
4
-20
2:0
1
2
-1
32
-31
-1
1
-3
3:0
2
23
-22
-3
42
-42
13:0
1
0
-1
0
1
-1
0
3
-3
5:0
3
-3
0
1
-1
1
-1
0
1
-1
0
1
-1
10:0
2
-2
5:0
1
-1
1
-1
8
-8
1
-1
6:0
1
0
-1
0
1
-1
0
1
-1
2:0
1
-1
2
2:-1
7:0
1
-1
3:0
2
-2
2:0
1
-1
4:0
4
-4
1
-1
1
-1
4:0
2:1
2:-1
10:0
1
-1
2
-2
0
1
-1
4:0
2
-2
0
2
-2
0
3
-3
0
3
-3
4:0
1
-1
0
6
-6
7:0
2
-2
1
-1
8
-8
2
-2
0
1
0
7
-8
0
13
-13
1
-1
2
2:-1
2:0
1
-1
1
-1
1
2
-2
-1
2:0
1
-1
0
3
-3
2:0
3
-3
1
end
