v1
740
233
7
77
222
36
168
148
150
240
52
72
29
25
9
79
189
82
72
48
26
119
138
136
107
0
151
58
19
56
22
28
42
115
301
34
41
81
39
7
106
59
16
518
78
147
158
57
0
70
300
130
191
0
72
151
311
65
0
199
110
67
61
73
89
25
0
10
83
111
41
5
19
201
0
41
108
52
153
260
124
215
71
85
134
184
81
21
184
40
121
21
25
277
4
0
129
124
20
14
10
43
89
86
0
257
79
57
232
85
157
192
19
44
127
33
193
110
104
70
93
8
393
38
6
10
365
113
76
201
165
125
1
198
15
47
22
57
154
38
212
0
67
43
359
42
127
8
186
10
43
0
88
80
14
91
183
95
28
226
27
109
62
326
93
182
8
117
80
95
35
54
5
63
52
160
16
120
37
313
10
203
18
39
121
294
59
50
172
0
123
7
174
27
0
29
12
0
16
55
18
7
18
12
0
7
8
11
6
24
1
46
96
53
4
81
22
15
2
7
64
9
74
45
14
60
4
30
5
30
38
3
16
38
17
61
12
54
76
17
25
47
40
18
38
296
8
46
32
95
120
225
51
109
254
110
201
101
2
10
33
6
116
104
180
0
54
121
35
106
60
126
41
25
28
0
8
0
80
115
3
146
5
19
0
78
216
97
1
27
52
219
14
140
151
8
48
66
316
41
309
114
58
27
20
175
760
48
60
22
103
116
71
12
10
312
0
55
56
66
40
3
2
72
7
102
187
75
50
6
41
228
200
168
77
12
66
110
9
44
11
8
0
4
179
75
71
42
96
50
6
46
34
53
75
19
96
11
7
8
106
41
40
141
142
49
14
47
272
175
106
56
83
20
184
245
16
130
21
3
37
175
70
63
58
8
11
32
68
6
12
26
178
73
189
54
47
0
3
53
5
103
24
20
88
115
38
59
5
20
3
99
94
5
9
24
86
131
7
144
126
27
16
40
0
32
13
47
46
17
38
117
34
77
15
31
31370
5
6
16
9
43
161
4
82
44
1
84
88
69
7
8
112
36
2:4
22
932
220
68
92
8
0
11
29
0
42
105
55
6
18
47
3310
2211
325
3
1553
3764
0
1376
8672
2129
15
2650
19
792
3955
4989
793
2920
2784
436
2169
819
4449
2
4
8079
9
20
2800
887
943
15
2466
2039
3104
1
7
9
2
6
1427
17
3506
116404
3545
7716
25
73
4
9413
31578
801
32
10
4
18
33
9
46
79
113
1
19
53
4
32
2:5
9
2
55447
54
20
21
0
136
36
3
15
39
6
12
17
145
4
23
13
0
11
1
6
5
85
643
36
7
6
176
3445
0
12835
2357
2297
4271
3879
5151
7980
813
1430
873
189
665
436
532
2
3
6
16
31
39
19
28
54
5
35
37
3
1
90
9
1
30302
1513
8465
26
64
176
15
54
212
140
48
356
1
296
0
56
25
17
226
25
86
2:0
4
136
0
2
9
47
10
2:9
41
103
30
17
5
21
25
13
21
273
118
232
25
13
32
5
0
13
6
3
14
37
1
72
14747
126
15
30
2
7
28
1990
9723
1
81
68
13
102
14
21
2:7
29
26
0
2
0
73
35
30
22
97
2
21
1
18
30
52
28
3
73
16
49
50
8
2
-487856
595
6963
1282
3191
463
1774
3720
816
1017
96
581
335
811
525
3440
997
150
509
25
262
30
4852
32310
1592
423
9763
48454
186894
387
55687
69
46687
1715
42621
288
15838
12050
45
259
1426418400
699:0
1
39:0
1
47
-19
-14
-8
16
-22
0
27
42
-39
2:-14
156
-153
27
-29
-2
0
-1
4918
-4917
0
9
19
-27
-2
167
2607
-2711
-41
-23
7
-6
44
-44
17
-18
2
0
833
-830
-3
86
-51
-26
-9
1
-2
131
-129
2:-1
206
-207
2:1
-2
15
-14
6
-7
2:0
12
0
-8
6
47
-39
43
-26
-33
-1
15
-15
0
130
-116
-7
35
-42
-1
2
-2
19
185
-104
-95
-4
7
714
-676
-34
0
-10
7
137
-116
-26
-2
4
-1
0
13
-9
1591
-1592
-5
247
-249
0
3
-3
62
-49
9
-22
1
30
282
-312
66
-63
0
-3
0
6
-3
282
-284
7
-7
50
-52
13
36
-48
0
-1
1
-2
1
66
-37
-30
125
-119
-3
2:5
-12
-1
11
-10
8
57
-66
1
19
-17
0
188
-187
6
-8
2:-1
1539
-1531
-7
1127
-1125
23
25
864
-842
-73
1
-1
5
-4
0
22
610
-627
0
-4
-1
88
232
-320
-1
1
201
-190
1
-6
233
-237
8
-7
-2
1
3
-3
42
-36
-6
-1
7
-6
1
78
-74
-5
32
-29
-5
11
806
-761
-56
13
-7
13
-17
0
231
-227
-7
22
-20
3
0
-3
0
2
-3
147
-147
1
0
-1
2
194
-195
-1
112
650
-722
-38
-3
8
425
-433
3
-2
107371
-107342
7420
-7388
-58
1
2
15
20
-40
4
23
-6
100
-111
-12
1
2:0
3
11
4
33
-45
-5
-1
1
-2
4
0
4
-7
1
4
-4
4
24
112
-137
15
388
-398
-7
-1
55
-55
34
-36
48
-42
-6
35
178
-207
19
-3
-20
-1
2234
-2232
2
2:0
279
-284
0
23
8493
-5005
-3470
-41
2
-1
2:0
2
1
-2
-1
0
9
-5
-2
2:-1
0
89
-23
-59
-4
-1
10
-6
10
-17
676
-673
11
305
-283
78
76
46375
-46563
101
-92
99
-110
358
-345
-10
23
-24
3
129
110
-235
56
-64
8
-8
84
-45
-30
9
-5
995
-942
-24
98
-130
-2
-5
-4
3
114
38187
-38300
3
-4
2326
-18
-2308
0
3
40
-44
21
-13
1611
-1616
11934
-11937
82
24
-99
-9
1
8
-6
-2
3
-2
3
-4
2
0
-2
20
-19
2
-4
38
1205
-1239
48
-51
13
5556
-5569
312
-168
-143
2
1
12
745
-722
-34
152
-155
-3
7
199
1388
-1592
60
-7
-50
35
-34
-5
-1
1
6
5
-2
16
-25
6
243
-207
57
23
-99
-23
631
-540
-88
-2
1048
-1050
1
297
2418
-2482
121
-325
-12
-17
0
1
841
-842
367
-363
70
-60
-15
713
-709
12
5
11
288
-306
-14
16
1
-14
166
25081
-25199
-44
19
-21
-3
56
-57
297
-285
-13
2233
-2233
2
14
32
-46
311
-308
44
-49
0
1
0
2
6
4
-8
2895
-2899
-1
11
12
-18
17
-22
2
16
-10
-8
3
19
17
-29
300
-256
-54
15
-8
-2
38
24
2451
-1726
-789
0
-2
3
4
13
-12
4
5
2:-4
-10
14
3
12
-24
73
-72
26
37
-67
31
-30
4
-7
95
5989
-5718
-332
816
129
-977
16
141
6025
-4383
-1800
31
146
-111
-66
29
-9
8
-21
-8
27
54
-80
0
54
95
-147
-2
11
-7
46
-43
12
-19
2
-1
28
-27
-1
251
759
-979
150
2270
1214
-3651
141
-155
-2
32
348
-378
9
1
44
-53
-2
175
-153
-20
3
-1
-5
2
10
-4
4906
-4800
662
-771
-1
6
51
-55
21
-27
49
264
-139
-68
-97
898
-900
100
-105
111
-109
119
-122
2:1
-2
109
-109
83
-19
-55
-7
157
-140
-19
1
2
4
-7
10
37
54
-98
9
7840
-7853
39:0
1
2:0
1
-1
1
-1
0
1
-1
0
1
-1
4
-4
5:0
98
-98
1
-1
3:0
6
-1
10
-14
-1
6:0
21
-20
8
-9
0
17
-17
4:0
7
-7
2:0
7
-7
3:0
2
-2
6:0
1
-1
1
-1
2:0
1
0
3
-4
2:0
2
-2
5:0
1
-1
0
1
-1
0
27
-26
-1
2:0
2
2:-1
2:0
1
-1
3:0
1
3:0
-1
3:0
1
0
2
-3
0
1
7
-8
2
-2
2
-2
1
-1
0
14
-14
2:0
8
-8
1
2
-3
0
2
0
-2
2:0
2
-2
3
-3
2:0
1
-1
0
2
-2
1
0
-1
0
2
-2
0
2
-2
5
-5
5:0
16
-16
0
6
-6
7:0
2
42
-42
-2
2:0
3
-3
3:0
9
-9
2:0
23
-23
0
2
-1
0
-1
0
2
-2
0
1
11
-12
1
13
-14
0
10
-9
-1
0
53
-46
-7
0
2:1
-2
1
10
-11
0
1
-1
1
-1
0
1
-1
0
11
-11
3:0
2
24
-26
1
3
-2
1
-3
2:0
34
-34
0
2
1185
-1185
70
-59
-12
1
0
2:2
-5
-1
0
4
-4
5:0
1
-1
8
-4
-1
-3
0
1
-1
1
0
2
-3
4:0
6
23
-27
3
7
-11
0
-1
1
2:0
-1
5
-5
2:0
36
-36
1
3
-4
0
40
-40
3:0
8
-8
0
2
434
-334
-98
-4
5:0
1
-1
2:0
4
-4
4:0
5
-5
3:0
2
-2
2:0
34
-33
-1
18
-7
-10
-1
382
-381
-1
4
-4
0
35
-35
4:0
1
11
-11
-1
0
1
-1
15
-13
1
-3
1
81
-44
-30
-8
0
1
-1
2:0
9
481
-489
0
-1
68
10
-78
2:0
4
-4
6
-1
89
-93
668
-669
7
35
-42
3:0
3
-2
2:0
1
-2
0
1
0
2
-3
2:0
3
66
-69
14
-14
2
87
-89
9
-1
-8
1
-1
7
54
-61
2
34
-36
0
5
28
76
-109
2
4
-6
5
-5
3:0
2
-2
0
2
-2
0
33
-28
-3
2
3
-7
26
-4
-21
0
19
-20
0
26
5
-31
31
-29
-2
1
-1
0
51
-51
6
-1
20
-23
-2
3:0
3
0
3
-2
-4
2:0
2
-2
138
-137
0
-1
2
0
14
-16
0
4
-4
226
-226
2:0
3
-3
9
-7
4
-6
6:0
3
139
-142
2:0
2
-2
15
-15
0
4
-4
0
1
7
-6
3
110
-101
-14
2:1
0
7
4
15
-26
-2
3
-3
2:0
14
-12
0
2
-4
3
-3
1
2
1
-4
8
-6
1
2
-5
2
-2
1
-1
13
1
-9
-5
10
25
-35
4
25
141
171
-341
5
27
-30
-2
6
-5
2
0
-3
4
-3
-1
0
13
55
-67
0
-1
0
21
-19
0
-2
3:0
1
0
6
5
-12
53
33
165
-249
9
-11
2:0
51
-51
0
6
-4
-2
0
8
-1
-7
5
0
-5
2:0
1
124
-113
-1
-11
2:0
22
-22
2
-2
4
7
0
-9
-2
11
-11
22
-22
3
-2
-1
2:0
3
-1
1
-3
5
28
-32
0
2:1
-3
4:0
3
23
-22
-4
1
44
-45
24:0
1
-1
3
-3
4:0
1
-1
1
-1
3:0
end
