v1
949
584
159
486
31
21
139
48
8
122
58
49
343
18
3
14
21
173
20
100
3
110
124
1
57
17
2
37
22
146
356
18
41
120
172
510
102
5
142
537
48
321
72
46
60
165
184
7
264
22
307
96
10
194
22
118
33
134
27
133
25
84
52
252
78
261
71
85
54
345
156
31
58
167
277
257
20
156
86
1
117
76
63
79
57
139
31
62
136
13
34
474
197
106
275
127
165
139
153
120
28
160
33
357
31
54
147
192
69
14
151
268
28
288
117
64
42
135
104
135
88
39
55
91
29
102
52
95
217
37
27
21
7
56
272
77
332
7
394
106
169
16
93
129
639
286
8
59
50
170
125
177
31
29
28
17
9
29
43
3
58
8
48
3
124
24
13
10
95
82
66
8
45
14
45
19
30
35
3
54
44
11
73
172
426
21
78
95
120
186
39
160
35
219
110
304
10
33
6
116
284
54
121
141
85
142
198
58
3
248
22
163
129
275
23
305
8
10
5
33
66
17
70
229
41
309
114
232
48
808
301
76
7
377
56
109
2
66
302
75
50
47
608
77
229
277
33
67
13
106
46
27
11
42
53
75
19
107
7
8
147
419
14
125
279
288
20
98
86
315
100
37
175
70
121
8
11
0
32
385
67
100
54
47
56
5
35
92
20
88
153
64
23
99
10
84
5
257
406
39
63
155
34
92
31401
5
22
9
151
53
33
97
85
69
19
84
112
36
8
22
1050
102
179
71
166
18
47
2064
905
341
2211
328
1553
5140
7581
3235
1500
1150
811
3955
11922
2172
816
4449
2
4
8087
4666
3449
4161
6
1
9
2
5
1428
4054
115873
3545
7716
25
73
9417
1429
30982
10
18
4
42
238
73
36
5
54647
890
157
7
29
57
6
12
17
16
20
109
37
3
8
3
1
6
5
2
1
82
643
225
15690
590
4654
7506
5795
7980
813
247
1183
1062
665
436
532
2
3
4
7
11
28
3
39
5
42
54
40
37
3
1
31
12
47
9
1
40280
26
64
176
69
31
181
544
1
296
13
43
25
17
202
275
2
9
57
2:9
41
61
17
25
30
43
12
3
2
8
34
273
388
37
19
17
37
1
72
14747
171
9
2018
9723
1
81
69
12
116
64
26
2
11
62
28
37
22
97
2
21
1
0
100
31
50
23
16
49
58
2
-489116
171
14
265
0
399
56
164
310
60
271
4
141
0
5
49
0
35
358
110
40
108
36
22
506
279
77
29
666
145
17
109
400
257
210
143
53
224
99
183
50
67
76
227
0
154
13
0
74
250
576
101
37
178
153
169
256
30
62
197
53
248
246
331
372
91
303
23
120
37
87
105
19
14
276
52
22
123
27
97
16
30
117
401
56
46
26
23
0
4
84
81
179
4
530
66
1
132
48
112
219
31
93
1
577
169
228
597
66
119
189
41
148
205
57
10
106
168
34
153
11
18
35
425
82
55
321
16
261
100
227
122
92
63
141
163
16
6
40
2
26
39
19
38
2:15
26
6
2
17
5
47
19
6
1
110
13
87
20
24
64
21
0
102
33
4
81
68
3
54
87
57
52
324
8
180
47
450
112
136
65
331
204
80
104
142
55
280
292
295
151
5
6
404
282
31
0
110
166
125
81
337
412
20
27
1
7
0
5
7
184
1
40
662
0
111
184
144
29
2
20
223
89
177
69
55
102
93
21
72
132
209
296
189
291
252
57
1
146
2:25
12
40
490
68
215
709
10
2
36
64
83
100
0
103
154
136
521
0
43
277
34
17
22
156
63
162
344
25
234
18
100
54
246
50
11
15
27
2
14
13
59
236
14
153
32
31385
33
31
165
84
104
139
48
66
111
25
0
1027
405
0
59
76
59
5837
3267
676
10333
3221
12420
3
1620
5297
2182
2616
2668
4
829
7243
6
2821
882
943
2468
13
2039
3104
9
16
4950
116405
0
11252
32767
5528
0
2624
1022
51
7
221
5
41
72
36
2
7239
28796
0
19276
101
4
31
54
186
45
22
185
9
30
10
5
2
6
45
703
29
25
28
30
7931
4975
11227
1178
20126
2
86
0
1532
206
6
1
6
3
16
2:9
2
51
9
38
25
24
3
41
83
43
31821
8228
662
434
279
440
159
0
75
11
175
23
47
172
5
26
2:12
14
189
431
89
18
9
0
59
1
8
14
14881
34
82
11712
119
58
65
61
30
54
93
4
102
14
76
25
2:28
118
80
17
28
16
1426566000
499:0
1
448:0
19
12
-16
-7
24
-5
123
-142
67
828
-883
12
-23
1
6236
-6237
266
-192
-74
2:0
72
1162
309
-1511
-28
2975
-2897
-61
-16
34
-7
16
695
-717
-10
-13
7
6
34
-50
896
-893
22
2335
-2322
-39
75
-66
1865
-1863
-8
38
8
-36
-11
2:10
40
-61
4
73
-24
-48
59
-10
-28
-3
54
115
-174
-8
82
-60
102
-49
-86
9
-5
-2
7
28
-26
68
-60
-5
-13
24
-25
92
-48
-29
3
70
-28
99
-116
3844
-3886
21
-23
613
-610
-2
98
-2
82
312
-488
2
23
-17
108
-105
-11
7
31
900
-935
-3
45
-44
116
-118
2
-2
43
-23
69
-74
-13
-1
2
93
-96
-2
459
141
-596
239
-238
4
-5
118
-112
453
-454
257
-262
36
-39
304
-8
-203
-92
0
157
-140
-15
1
16
-16
9
-4
21
-13
122
-43
1121
-868
-280
-64
-4
10
77
48
9
-145
36
34
-45
65
159
-244
144
-148
23
1072
-1090
77
-80
-2
52
177
-213
101004
-100985
5812
-5731
-104
13
19
81
31
14
-153
-8
11
0
85
-62
-25
-19
14
0
53
-61
3
2472
-2469
8
-4
80
40
-136
15
46
11
-23
178
-204
9
2176
-2207
14
7
22
11460
-10476
-847
15
-196
2:2
49
84
-134
22
-20
11
-12
4
22
-30
770
-770
1458
-1451
50
24272
-23758
-180
-385
-6
115
-86
-27
200
-199
8
99
-73
476
-482
1504
-1352
1
-118
-64
88
63
45758
-45831
784
2206
-2953
-109
-2
53
-24
1666
6733
-8430
3
54
162
-216
-7
89
-74
-14
2133
-2090
46
2312
-2139
-233
-25
-3
5
597
-557
38
215
-196
117
142
-340
23
-40
20
-14
1169
-1123
-28
-16
6
-20
168
-86
1746
-1800
301
-316
500
-512
2003
-970
-1017
762
-773
3
-4
46
-44
2
77
-14
53
-125
1
13
15942
-15946
18
-26
38
137
-163
417
-404
7211
-7227
10
-5
-10
1002
-973
45
-77
365
2163
-2514
-16
11
-12
97
-76
140
-156
634
-622
-6
40
-50
-1
0
21
11
37
139
-184
-9
-12
-4
25
-7
1204
-1209
-8
23
34
-38
-14
39
-22
21
-5
30
-60
-5
6
-8
29
-34
2971
7705
-10669
1221
4173
-5385
2437
8921
-7627
-3740
42
-25
263
1220
-1476
-16
16
265
-284
2
52
382
3027
-3472
-3
1
3
9
15
1658
-1412
1036
-1255
926
-379
-552
-28
-16
39
83
1930
-2056
-2
0
7
-7
7
74
-80
6
9
10468
-10438
207
-249
2
139
-50
498
-139
-128
-94
1045
-1128
-142
38
-45
26
164
-97
-74
86
-37
-16
94
-97
-2
-46
-2
47
-39
53
-18
-23
4124
-4144
-1
-5
3:1
-3
2
0
2:-1
5
-6
0
7
-6
2
-2
-1
2
1
0
4
-4
1
0
-3
2
1
2:-1
0
3
-5
6
-6
3
-3
2
1
2
-4
6
-4
0
-1
2
1
-1
-3
3
0
-4
5
2:-2
0
1
0
-1
5
-6
2
-2
1
-1
4
3:-1
3
-4
6
-3
1
-3
1
2
-3
6
-5
2:-1
1
4
-1
-2
2
1
-3
-1
0
6
-4
0
2
-3
2
0
-2
-1
2
2:-1
0
4
0
2:-1
1
3
-6
1
4
-5
0
3
-4
6
-1
-4
3
0
-3
0
-1
2
3
0
-4
1
2:-1
2
-1
1
-1
6
-4
-3
7
0
-5
5
-4
-1
-2
2
-1
2
0
2
-5
2
-2
4
-1
-2
2:0
1
0
1
-3
7
-5
0
4
-3
0
-1
4
-2
-4
1
5
-2
-4
0
1
2
3
-1
-4
3:0
1
-2
4
-3
6
-6
0
-1
2
-1
1
-1
3:0
-1
3
2
0
-3
1
2
-3
4
-5
2
-2
-1
1
3
-3
0
3
-3
0
5
-4
4
-6
7
-1
-3
-2
4
0
-5
0
7
-6
5
-3
0
-2
4
-5
1
3
1
-3
4
-1
0
-2
-1
1
3
-2
3
-6
5
1
-3
-1
2
-5
1
0
-1
1
2
4
-6
-1
1
3
-4
7
-7
2
2:-1
1
5
-5
1
0
1
-3
1
2
2:0
2:-1
2:0
4
0
-3
-1
0
-1
3:0
6
-6
1
-1
2
5
2:-2
-3
4
-4
5
1
-1
-3
0
1
0
2:2
-5
2
3
-7
6
-3
-1
-2
3
-1
-2
1
3
1
-5
2
3
-3
-2
1
2
-3
2:0
2
0
1
2:-1
2
3
0
-5
2:2
0
-4
4
-2
-3
5
2
-6
4
-2
-3
0
1
0
3
1
-4
-1
2
1
-1
0
-2
6
1
-6
1
-2
2
-2
1
-1
5
2
-2
-3
-1
1
0
2
-3
1
2
-4
2
4
-3
2:-1
0
5
-3
2
2:-2
0
5
-4
-2
4
-4
1
0
4
-1
-3
1
2:2
0
-5
1
-1
1
-1
1
5
-7
6
-5
0
-1
6
-6
0
5
-1
-3
0
1
2:-1
1
3
-2
-1
2
-2
6
-6
0
4
-4
1
-1
0
133
-133
2:0
2
2:-1
4
0
16
-19
-1
22
-5
-16
0
-1
3
-2
8
-9
9
-9
1
-1
8
-7
14
-15
0
1
0
-1
3:1
-3
2
-1
2
-3
0
6
-6
1
-1
1
0
4
-5
0
1
2
-3
5
-2
1
-2
6
-4
1
-3
0
3
-5
0
2
5
-5
2
2:-2
4
2:-2
2
4
-6
3
7
-10
1
3
2:-2
2:0
8
-7
-1
8
-8
14
-12
-2
0
1
2:0
-1
0
1
3
-4
1
-1
3
-1
-2
3:0
5
-5
5
1
-5
-1
0
5
-5
3
13
20
-36
22
-21
-1
0
4
-1
50
-50
1
-3
4
-4
2
3
-6
3
-3
30
-26
-3
-1
4
-2
0
-1
9
-9
7
18
36
-61
6
-4
0
-3
8
0
-1
-6
4
-5
7
-6
12
-13
22
-17
-5
4
-4
5
-4
0
3
38
-33
1574
-1582
62
-45
-9
-2
-4
1
0
-4
0
2
4
2:-3
10
1
-10
2
-2
13
-10
1
104
-108
2
5
10
-7
-11
2
-2
6
2
21
-29
2
50
-50
1
6
-8
360
-310
-41
-8
-1
6
-3
2:2
-8
2
-1
7
-8
0
4
-3
30
-29
35
-31
-5
231
-230
41
-43
0
2
0
-2
14
-14
1
26
-24
12
-11
87
-37
0
-38
-15
1
16
518
-529
29
111
-145
0
1
4
3
140
634
-784
0
13
59
-70
-2
11
-9
2
70
-61
-11
143
-115
-24
-6
5
-4
64
-62
-3
50
-42
31
68
-103
3
-7
5
-2
6
20
-26
-1
-2
1
4
17
6
-17
33
-44
45
-45
66
-27
-35
79
-83
4
1
17
-19
-1
1
-2
-1
1
0
2
144
-146
3
-3
4
10
-15
0
5
574
-579
4
-4
3
16
-11
-4
0
2
131
-135
3:0
-1
8
-7
3
125
-130
3
16
-19
2:0
6
-3
16
2:-7
-3
-1
4
10
-15
4
3
-7
1
6
-5
0
9
-5
2
-2
7
-11
0
-1
0
4
-3
13
289
-303
13
228
-237
114
293
167
-578
1
5
0
265
-261
-8
7
2:-4
-1
2
24
183
-209
0
2
-2
17
-10
-8
13
19
15
102
-36
-108
-4
0
20
-19
77
-77
-2
2:0
1
-1
5
0
-5
9
164
-169
11
-15
5
10
-6
10
21
2
-39
35
-13
-25
4
0
5
3
-12
2
52
-44
-8
-2
11
0
-11
1
-1
1
28
-27
-2
103
-103
8:0
1
-1
4:0
2
0
-2
5:0
1
-1
29
-29
2:0
2
-2
9:0
1
-1
7:0
1
-1
14:0
1
-1
1
-1
1
-1
0
1
-1
13:0
1
2:0
-1
2:0
1
-1
4:0
1
-1
4:0
2
-2
3:0
1
-1
4:0
1
-1
0
1
-1
16:0
3
-3
0
1
-1
1
0
-1
2
-2
3:0
2
4
-6
2:0
2
-2
3:0
1
-1
2:0
1
0
-1
2
-2
2:0
2
-2
4:0
1
-1
0
1
0
-1
5:0
1
-1
0
3
-3
0
1
2:0
-1
1
-1
22:0
2
-2
3
-3
4
-3
-1
2:0
1
-1
5:0
2
-2
1
-1
0
4
-4
1
-1
5:0
2
2:-1
2:0
2
0
-2
2
-2
5:0
6
-6
2:0
2
-1
1
-2
4:0
6
-6
7:0
2
-2
0
1
-1
4
-4
7:0
1
-1
3:0
1
0
-1
1
0
-1
1
2
-3
4:0
2:1
-2
0
1
-1
1
-1
1
-1
4:0
1
4:0
-1
1
-1
10:0
2
-1
0
1
2:-1
5:0
1
-1
7:0
1
-1
5:0
2:1
0
-2
0
2
-2
5:0
1
-1
0
2
-2
0
1
-1
2:0
2
0
-2
6:0
3
-3
6:0
1
0
-1
18:0
1
-1
0
1
-1
5:0
end
