v1
813
732
164
333
52
23
92
24
14
34
8
18
421
49
119
141
1
46
86
40
81
29
108
19
58
19
37
7
4
11
28
118
13
433
96
106
20
39
316
8
215
73
140
231
32
34
97
0
198
159
32
130
72
166
128
28
133
72
199
22
12
295
96
10
194
22
19
21
6
72
126
41
353
86
67
6
7
16
0
38
94
154
133
13
0
37
64
45
288
0
41
25
21
166
58
0
30
112
25
255
56
215
8
20
156
86
46
148
63
79
48
29
119
93
85
98
59
75
71
65
44
160
13
73
74
33
110
104
171
322
91
18
0
113
40
341
363
79
306
33
5
31
33
10
33
0
14
31
77
268
28
17
18
370
64
42
69
59
7
57
136
28
18
0
88
124
172
72
95
35
178
4
37
27
2
26
93
50
185
77
64
0
168
23
77
0
7
118
162
114
22
84
117
52
16
32
11
114
219
243
27
2
179
34
36
81
169
8
59
45
5
25
140
5
103
22
208
29
12
16
17
6
32
60
18
3
23
7
1
46
5
14
110
18
2
3
1
13
10
73
0
22
41
32
9
66
67
64
30
31
4
3
38
16
38
0
17
59
23
45
118
374
73
31
47
66
29
20
100
94
92
39
171
24
219
110
304
10
33
1
5
24
5
87
104
180
54
121
141
85
0
101
41
36
220
3
90
24
0
32
58
44
185
129
281
17
14
110
189
10
5
33
24
59
70
0
229
13
28
52
371
85
8
12
175
9
41
0
129
629
199
102
46
25
5
329
55
50
0
6
109
2
0
181
56
37
94
75
50
798
119
44
19
11
247
12
21
47
10
23
18
78
10
40
6
44
36
128
19
3
104
7
8
147
157
166
0
57
53
441
170
36
65
82
0
102
360
44
4
7
37
175
70
121
8
11
32
0
43
0
23
8
0
12
52
225
89
100
54
47
56
5
35
20
92
47
41
153
64
9
14
104
89
5
122
135
36
158
103
16
81
42
9
218
34
64
28
0
31398
3
5
22
9
43
0
108
0
53
86
2
42
173
84
112
36
8
22
932
111
109
68
83
28
71
0
46
59
61
18
47
281
3029
2211
328
1875
2751
2067
7931
2885
1500
1150
811
3512
443
0
4989
3
4
5101
1812
13
2988
1797
428
2226
4
8
8049
30
5
2821
882
943
15
19
2447
5144
7
1
8
2
6
0
1427
14
3509
116404
1
3543
1
2718
5023
54
19
9417
23244
5528
3639
10
18
4
33
3
6
105
70
63
1
19
30
27
32
5
81
54566
731
85
54
20
91
102
18
38
1
6
12
17
38
91
16
27
10
2
1
0
10
1
0
1
6
5
2
83
650
22
24
66
106
7825
8455
2931
1723
0
3093
10208
7980
813
1072
358
1006
56
40
1061
532
2
8
1
5
11
29
2
39
5
42
8
26
20
40
9
28
3
1
31
11
1
22
25
4
5
1
30302
9978
26
64
176
69
31
59
122
419
0
125
1
87
209
56
153
54
37
49
226
2
9
21
36
2:9
41
103
30
17
5
21
12
5
3
14
25
186
87
212
176
37
13
9
14
15
22
1
72
13
14860
54
28
4
1973
13
9723
1
81
69
12
54
62
64
26
13
6
56
11
24
11
19
22
54
2:7
29
2
21
3:1
21
39
119
5
18
16
2
47
58
2
34
-489150
1601
139
115
719
1052
270
316
400
15
829
28
648
9
272
301
212
154
156
333
520
1048
1564
190
71
1088
945
132
779
899
397
1183
141
181
754
684
203
486
12
7
376
224
426
261
778
1986
2418
1805
450
414
282
1307
277
1264
201
830
22
750
234
118
225
234
118
90
93
31654
463
59
156
21764
26487
18737
2
2049
3104
2494
171971
47
112
228
99
19
27
55801
1001
44277
1230
1858
129
34
31995
7115
2648
83
20
177
16324
12418
220
268
1426831800
712:0
1
99:0
5
-4
11
20
-29
7
3
45
5
-49
-14
7
-6
7866
-7863
-1
1
40
-35
-5
-3
38
-34
663
-666
1048
-1044
-2
21
2
-7
-19
2
4
-3
0
609
-612
11
7
35
-39
2:-3
-6
4
2
122
-112
-17
8
96
-100
-5
4
13
-1
12
-22
-5
4
13
41
128
672
-853
-6
1
18
-15
36
-38
-2
9
-8
-1
3
-1
406
-383
-25
0
4
-1
-3
514
-512
38
-2
-26
126
-137
25
-22
-2
3
10
90
-102
0
-2
15
27
-25
-17
6
16
26
9
-54
-5
49
-33
-2
11
-22
-2
2
-2
14
227
-216
-24
8
16
20
14
17
-69
-7
7
-1
5
-10
960
-636
-243
-82
479
-476
-1
-2
2
-1
0
32
-12
-13
-8
0
36
-31
47
-49
729
-732
4
40
-43
60
-59
6
-2
14
-8
-11
9
33
-43
5
17
5
-4
-22
2
6
4
124
-127
-9
0
6
2
-6
-1
1011
-1013
11
479
-390
-76
-24
190
-147
-40
7
-10
1
39
-41
0
8
107
-113
11
77
183
-268
-3
69
-70
6
12
-18
17
-16
16
14
-27
130
-126
71
-77
-1
2
-1
4
0
19
-25
15
-15
1
-1
0
69
-42
3229
-3255
0
106
-105
6
689
-687
-9
15
-15
0
139
-140
2
18
-11
-2
10
-16
71
-61
232
-238
218
-223
4
-3
20
-18
186
141
-321
21
-28
31
98
191
-312
102983
-102632
-360
4871
-4873
3
193
-194
28
-3
-15
90
-98
1
46
81
-121
-9
17
319
-334
0
3
-2
0
156
-146
-11
-1
16
-17
56
-30
-15
332
-344
4
1
2
79
-85
190
-187
9
-9
0
-4
23
-11
-5
2
-10
132
-129
230
-232
1
3
2
1562
-1565
0
137
-139
14
1
-9
-6
0
4575
-3151
-1176
-248
-2
7
70
-70
80
-81
4
-9
1
2
-3
6
3
9
21
144
-160
246
-268
0
1214
-1183
29
48682
-48741
-2
4
190
130
-323
20
-1
-12
-7
0
89
-89
-2
2
1
90
-28
27
-78
498
-422
-73
0
-11
-2
3
10
0
-16
28
-19
23
18
17318
-17337
884
1959
-2865
-8
6
-5
263
-230
1086
-1118
5877
-5867
11
213
-160
-71
-5
6
-4
-2
16
-18
4125
-4111
899
-842
-30
-4
-35
-1
1390
-807
-499
-83
0
7
-3
-1
7
2
353
438
-768
126
-46
-92
-13
-12
5
8
-3
-6
44
-40
-1
-5
0
236
-160
527
-594
154
-66
873
-971
30
185
-215
966
-964
5033
-4184
-845
-4
6
55
-61
-1
9
-6
624
-590
-38
1
62
-62
2:-1
2:1
64
-60
-5
133
-133
11
153
-155
-8
11
14870
-14881
-1
24
-25
2
-1
5
1
92
-95
420
-417
13
4439
-4457
-1
6
23
7
2123
-2160
6
1
66
-68
37
-28
-12
2
-1
946
847
-1794
3
-4
6
-2
0
74
1
-74
8
-2
120
-58
476
-544
-5
54
-24
-26
5
-1
2:-2
36
-8
6
-16
51
24
-93
-4
9
-3
0
6
-10
31
-30
11
2
0
-14
44
-43
1
38
-42
43
-42
15
82
-82
-16
2
17
59
-77
2051
4207
-6258
1181
-1182
1
6862
-6846
-10
1248
5395
-3549
-3071
-28
19
-17
8
15
-26
954
-951
18
21
16
610
-665
16
37
-40
-13
-2
98
669
-727
-40
16
-18
35
-14
50
-71
287
645
-932
1479
1336
-1080
-1650
-56
-24
3
-7
316
-297
-8
-9
300
-293
12
-9
9
-11
3
-12
-1
2
1
1358
-1308
80
-132
-1
45
-30
-14
14
264
1046
-1122
495
-663
1894
-1924
108
25
-119
11
-28
68
-70
0
4
56
64
-121
-1
8
4
-8
-7
26
773
-797
-2
12
47
-59
8
51
-50
33
2
4232
-4275
-1
0
-1
0
1
-1
0
1
-1
7:0
1
-1
2:0
1
-1
0
1
-1
1
-1
1
0
-1
1
-1
0
1
0
-1
0
1
-1
1
-1
5:0
1
-1
6:0
1
-1
1
-1
1
0
-1
1
2:0
-1
1
0
-1
1
-1
2:0
1
-1
4:0
1
5:0
-1
3:0
1
2:0
-1
0
1
2:0
-1
1
-1
0
2
-1
2
0
-2
1
-1
0
3
-3
3:0
105
-105
2:0
1
-1
2:0
1
-1
10
-10
15
-14
-1
13
-12
0
-1
0
31
-31
0
6
-6
2:0
5
-3
-2
4:0
8
-7
0
-1
7
-7
2:0
1
-1
1
-1
0
1
0
4
-3
2:-1
2:0
3
-2
2
-3
6:0
4
-3
-1
4:0
3
-3
3:0
2
-1
1
-1
2:0
-1
10
-10
2:0
3
-2
0
-1
2:0
7
-5
-2
0
5
-2
1
-3
-1
4:0
10
-10
2:0
1
2:0
6
-7
0
2
0
-2
1
3
-2
7
-9
9
-9
5:0
1
-1
2:0
1
-1
0
4
-4
5
-5
0
2
-2
2:0
1
2:0
-1
0
2
0
-2
2:0
1
3
-4
3:0
6
-4
-2
3:0
3
0
14
-17
0
23
-23
2:0
15
-13
-2
4:0
1
-1
0
2
-2
0
2
42
-43
-1
2
-2
3:0
5
-5
4
-3
0
4
-3
19
-20
-1
0
1
0
1
8
-9
1
-2
3:0
16
-14
7
-9
0
17
-17
4
55
-59
0
6
-6
0
6
-6
0
3
-1
0
1
-3
0
2
22
-23
25
-26
4:0
6
2:-3
2
-2
0
5
43
-45
1332
-1331
-4
64
-64
0
19
-18
3
0
-2
2
-4
0
5
-5
0
1
5
-6
2:0
2
-2
1
9
-2
-8
1
4
-5
14
-12
0
46
-48
0
7
0
1
-8
8
-8
1
-1
1
-1
3
-2
2:0
-1
10
-10
26
-26
1
-1
3
43
-45
0
3
-4
7
0
-6
2:0
289
-256
-25
-9
0
2
2:-1
4
-4
4
-4
3:0
3
-3
1
4
-3
0
28
-30
0
35
-29
-3
215
-218
3:0
31
-31
2
-1
0
-1
0
11
-11
3:0
11
-4
1
-5
63
-21
-42
0
-1
0
-2
1
0
-1
1
-1
0
12
392
-400
22
88
-114
0
1
-1
9
-4
110
-115
477
-477
6
56
-62
2
-2
1
3:0
-1
8
-6
55
-55
6
-1
-7
0
104
-60
-39
-5
3:0
2:1
-2
57
21
-72
31
28
-59
-4
-2
1
2
-2
-1
7
-4
0
-3
0
19
-11
2
-10
3
12
6
-21
0
27
-27
33
-33
46
-28
-18
0
1
2:0
-1
2:0
74
-68
-6
0
23
-22
-1
3:0
1
2
-3
4
-3
2
-1
0
-2
1
142
-143
0
4
-4
0
1
2
-3
11
-11
2:0
6
451
-457
3:0
3
18
-19
-2
3
-3
0
3
0
-3
0
1
7
103
-109
-2
0
1
-1
1
-1
3
2
-5
5
-2
5
86
-94
0
19
-18
-1
2
1
0
-2
5
1
3
3:-3
-1
0
3
-3
0
6
-6
3
-3
1
0
2
-3
3
-2
-1
11
-10
3
-4
3
4
-7
1
2:0
8
-8
24
141
-166
16
-16
1
222
-220
-2
80
204
134
-419
4:0
4
-4
145
-145
5
2
3
-5
-4
-1
9
-9
1
-1
25
121
-146
0
3
-3
0
7
-6
-1
14
3
-17
23
57
7
-85
14
-16
4
-4
43
-42
-1
0
13
-10
-2
0
2
-1
5
-6
-1
2
-2
94
-87
13
-20
0
10
-8
-2
2
5
14
2
98
-119
29
-31
26
-26
1
2
-2
13
-14
2:0
3
32
-34
-1
0
4
-3
-1
6
-6
2:0
2:1
-2
1
19
-20
4
-3
115
-116
31:0
1
-1
4:0
1
-1
11:0
1
-1
35:0
2
2:-1
5:0
1
-1
3:0
end
