v1
948
240
131
168
204
486
191
48
130
230
72
64
119
314
110
128
38
19
56
22
28
57
138
419
211
59
330
223
104
36
7
158
256
19
152
295
76
22
275
47
133
271
101
34
42
258
194
18
4
43
75
126
41
160
346
67
305
94
150
98
247
54
133
191
34
212
215
283
86
1
193
63
79
196
155
87
138
210
160
193
79
31
104
136
35
431
16
478
149
214
0
79
234
105
69
57
22
354
28
151
102
152
106
135
221
18
125
2
329
7
88
254
34
21
405
64
75
93
100
7
259
12
27
96
115
160
16
42
51
119
10
154
104
381
44
242
8
38
21
50
288
7
181
27
24
5
76
7
25
18
38
31
46
149
3
1
13
90
15
73
9
74
45
14
64
30
5
2:15
38
19
38
17
70
133
42
447
173
120
225
195
219
110
304
10
33
1
5
116
146
138
54
121
141
85
101
41
193
5
61
114
37
282
178
263
10
153
136
48
66
17
70
229
41
703
9
53
746
301
71
12
10
176
136
55
56
31
78
2
181
187
75
50
846
123
3
19
247
33
176
136
128
126
7
8
147
433
647
45
202
2
8
404
40
175
191
8
11
32
74
478
54
47
31
19
6
5
19
16
20
72
108
153
59
5
20
3
93
11
89
5
9
142
300
50
141
60
218
34
92
31401
5
22
9
290
44
37
48
88
76
8
110
2
36
8
22
1050
80
22
68
111
71
104
62
15
3
47
2969
341
2211
328
1553
3073
2063
4
6578
1002
3236
2650
811
8947
790
830
5297
13
2988
4449
2
4
8051
3744
943
15
2466
5160
2
5
1
2
1425
3523
116404
1
3543
1
7741
32
41
9417
32421
22
26
7
9
111
10
44
73
77
32
5
55463
67
7
157
9
27
40
17
6
12
17
145
27
24
1
6
5
3
950
16280
4654
3093
10208
7894
86
813
247
1183
873
189
665
968
2
7
2
5
11
28
3
39
19
28
54
40
37
3
1
43
47
4
5
1
30302
9978
90
16
160
69
7
24
181
419
125
1
352
42
111
140
228
9
57
2:9
41
78
25
47
26
10
2
8
39
273
113
237
25
13
37
19
17
15
22
1
72
14747
171
2
7
2018
9723
1
81
65
4
12
116
28
26
38
11
4
3
43
12
35
11
19
22
54
7
36
2
11
10
1
88
132
49
50
10
-488927
340
189
508
153
25
35
26
27
189
174
61
77
123
53
50
193
43
176
25
105
363
272
7
56
437
154
231
56
275
155
56
248
18
14
28
46
18
8
30
159
45
6
113
273
119
40
65
12
11
65
219
156
103
200
333
69
49
505
82
22
55
16
71
254
140
76
2:53
75
37
77
341
68
185
9
179
41
62
43
357
57
139
85
157
87
59
46
19
173
177
51
40
216
24
93
300
5
58
166
63
48
1110
298
89
659
198
19
73
131
94
397
195
58
121
50
2:185
147
289
184
111
258
84
573
577
107
20
2
330
58
11
56
6
37
15
8
20
6
3
4
49
17
110
7
19
170
8
82
16
36
65
209
77
36
203
2
16
73
27
16
306
7
85
7
210
44
68
153
77
70
10
23
152
156
364
407
66
28
265
127
28
3
51
264
58
15
29
39
275
27
192
56
6
17
99
25
75
91
38
168
195
65
337
114
43
11
31
8
12
170
55
48
81
581
247
76
68
134
169
120
186
55
10
185
153
113
94
35
39
110
186
144
77
229
23
25
8
109
37
137
1
17
185
31
7
95
94
3
35
47
12
214
58
57
166
63
4
377
113
63
99
79
24
224
90
112
114
130
27
184
218
32
2
283
22
17
253
1
50
207
151
122
102
149
155
52
83
39
148
27
16
38
2
9
32
4
8
102
21
77
15
140
59
31381
68
156
5
100
54
247
173
977
56
38
139
93
136
92
102
5837
3926
3433
4593
12976
4989
6497
2191
2158
11568
49
1
4
2807
5303
1056
3104
7
1
13
2473
14429
91130
24587
40911
1045
23
71
75
133
53
19
36073
19327
50
89
184
47
34
122
30
17
20
34
2:1
3
5
2
15
726
29
20
107
3514
4380
4975
24686
5707
1719
507
55
86
585
476
535
2:1
31
154
13
44
39
4
59
11
31834
8273
218
73
85
97
53
119
51
213
18
403
36
5
209
13
287
9
15
264
175
72
22
26
10
470
118
60
75
14
18
10
14856
222
4
11708
177
89
49
23
74
187
1
12
42
25
22
3
49
104
124
19
1426184400
499:0
1
447:0
49
-41
6
-2
27
-32
11
25
-37
37
12
11531
-11487
-54
7
-30
740
1600
-2291
391
-453
10
48
1474
-1529
44
56
-105
1
675
-643
-34
39
85
-120
4
125
-132
123
-3
-64
-15
-38
180
130
-297
-4
-10
5
264
-270
14
-13
1
17
135
-151
11
-7
18
-24
2
-4
2512
-2513
2:1
13
-13
2
0
13
10
-20
-5
16
1
7
-6
-15
-2
22
-23
332
-270
-51
269
-273
-5
0
543
-545
159
-149
123
-124
-5
-2
8
-7
2
22
9
-22
-5
26
-31
-1
93
-96
4
51
-49
-1
-6
4
-4
1
282
-135
-137
-9
250
-248
115
-95
-22
-2
-1
5
2
-4
-2
46
-39
703
-704
8
41
-52
12
-15
19
-19
20
-13
589
-595
64
-53
-9
4
-5
0
86
-84
-2
91
-86
1289
-1198
-93
6
14
-21
-2
0
289
-290
46
-32
23
-38
-1
61
139
-14
-8
-165
-11
7
300
-307
107257
-107248
-7
50432
-50232
-177
-22
0
3
10
75
-92
51
-51
9
20
-28
-2
42
-24
-16
1617
-1600
152
453
-623
1
25
54
498
-521
-48
-8
48
459
-507
8
12
-19
2
2536
-2520
-17
58
570
-616
22143
-13300
-8827
29
-57
-2
20
12
-33
15
14
980
-358
-631
49
72391
-71911
-550
30
-30
98
-93
17
49
-30
-11
1795
-1707
-90
22
158
397233
-397408
-32
89
8100
-3395
-4793
33
-35
21
101
-92
-25
4708
-4713
11840
-11837
9
-1
193
-199
171
-171
1
11
-7
-6
1997
-1989
637
2237
-2689
51
-243
1055
-1054
783
-624
-134
-9
26
223
867
-1124
77
-90
0
49
-48
13
15
-29
252
-234
-14
22
-20
188
-153
1498
-1344
-193
38
501
-541
0
437
406
1838
-2682
61
-41
-16
699
-427
-259
38
-37
-16
11
-11
260
-256
54
36441
-36465
-33
2
7
29
-37
-1
48
21
295
-187
-141
4936
-4947
433
-459
15
512
-522
-3
2:-1
19
27
7083
-7130
13
186
-138
-54
135
-92
-27
63
-57
534
-488
-65
8
55
-54
-8
-6
3
10
-16
87
-67
266
-217
-60
-10
164
-165
99
-29
-42
-27
3
-4
1
57
-49
18312
-9931
-7745
1438
4139
-6209
397
12717
-10025
-3010
12
-88
-1
1347
-1360
2731
-2652
41
-117
6
3
-9
52
-57
86
510
-595
39
11
1163
-1070
807
-733
714
14526
-15431
-20
84
-91
2184
-2170
31
1474
-1503
26
-43
1
5175
-4906
-263
55
-61
45
22629
-22557
1003
-1014
-101
6
67
84
7088
-6420
-654
64
-145
89
371
-541
11
-18
2
-6
-2
380
-307
-71
5
-7
108
330
-382
-26
-22
18
36
-33
-27
163
-106
-57
14595
-14600
-4
0
-1
2:1
-2
1
2
-2
-1
2
1
-3
2
1
0
-2
2
-3
0
2
2:0
1
-2
0
2
2:1
-5
0
5
-1
-4
4
-3
0
-1
5
-5
5:0
1
-1
0
3
-3
6
-2
-3
0
-1
1
-1
2
0
1
-1
0
-2
6
2:-3
0
3
-3
2:1
-1
2
3
-1
-5
2:2
0
-4
2:1
4
-3
2
-4
0
-1
2:2
-3
-1
4
-3
1
3
-1
-4
2
4
-6
6
-1
-3
-1
4
-1
3:0
-3
2:1
-1
-2
5
0
-4
2:0
1
0
2
-3
-1
1
2
-2
1
-2
2
0
-2
1
-1
2:0
5
-1
-3
4
-3
-2
4
-2
2
2:-2
1
0
2:1
-3
2:1
-1
3
0
-1
0
-1
-2
2
-1
1
-1
2:0
-1
0
6
-4
-2
6
-4
-1
1
2
-4
0
5
-2
-1
3
-4
2
0
-2
5
-2
0
-2
-1
0
3
-4
2:0
4
2:-2
2
-2
1
3:0
5
-2
-4
6
-5
3
-4
4
-4
1
-1
5
-5
5
-4
1
-2
3
-3
5
-4
4
-4
3
-4
1
5
0
-4
-1
0
-1
5
-2
1
-2
-1
5
-3
2
1
2:-3
2:0
2:1
3
-3
2:-1
2:1
2:-1
1
0
2
3:-1
1
3
2
-5
2:0
-1
3:1
-3
2:0
6
-4
-2
3
-3
2
-1
1
-2
2
-2
4
-1
2
-5
5
2:-2
0
-1
3
-2
1
2
-2
0
2
-1
-3
5
-2
3
-2
-1
-2
-1
1
-1
2
-2
3
-2
4
-3
-2
2:0
1
0
1
-1
2
-2
0
-1
4
-3
1
0
1
2
-1
-4
2:3
-5
0
3
-4
2
-2
1
4
-3
3
-3
-2
1
-1
4
-4
2
2:1
-3
5
0
-5
3
2:-2
1
2
-2
1
4
-2
-4
2
2:0
4
-4
4
-4
1
-3
4:0
1
-1
0
1
2
0
2
-4
5
-5
-1
5
-5
4
-2
-1
3
1
-2
1
-4
1
3
-4
2
-2
2
-2
2:0
2
4
-4
4
-1
-3
-2
0
2
-1
1
-1
1
-2
1
0
-1
2
3
-3
-2
2
3
-2
-3
1
3:0
5
-5
1
0
-1
4
-1
113
-114
-2
1
-1
11
8
1
-11
-9
2:0
5
-4
-1
13
-12
1
-2
2:0
1
6
-6
-1
15
-14
3:0
1
-2
1
8
-8
1
2:-1
2
-1
5
-4
-2
4
-4
3:0
2
-2
2
-2
31
-31
0
3
-1
-2
3:1
-2
-1
0
3:1
2
-4
2:0
-1
8
-6
1
2
-5
2:0
16
-16
13
-10
-1
-2
2:1
-2
0
1
2
-2
-1
2
-2
2:1
-2
1
0
-1
0
1
4
-5
0
2:3
-6
3
-2
30
-30
12
-9
-4
1
0
-1
2:0
1
-1
2
96
-98
1
-1
1
4
0
1
-6
4
-4
41
-40
3
2
-4
11
-13
1
10
-10
0
22
-21
74
-64
-10
-1
5
-4
-2
1
11
-12
7
-5
4
-6
0
9
16
-14
-2
-8
0
1
70
-68
1775
-1775
0
65
-50
-17
2
-2
1
-3
1
2:0
-1
2
9
-11
2
5
-7
2:1
-2
15
26
-40
0
8
-3
9
-11
-4
0
14
34
-46
-1
4
-4
2
43
-42
-4
4
6
-8
588
-460
-127
-3
2:0
1
4
-4
-1
3
39
-17
-20
-2
450
-416
-36
0
-1
17
-14
-2
22
-22
4
143
-87
-54
-7
25
640
-657
-8
0
88
37
-125
1
-1
3
11
-8
1
153
-157
1419
-1422
3
1
68
-70
0
-2
0
2:2
-4
90
-79
-9
133
-115
-1
-16
33
-35
6
50
-54
5
-8
47
140
-181
6
-11
0
6
-2
-1
3
-7
35
-35
1
4
-5
2
2:15
2
-34
0
35
-35
2
28
16
32
-75
0
-2
-1
77
-69
3
18
-27
-2
2
1
0
2
-3
232
-233
3
-2
2
4
1
-9
1
20
-21
0
4
432
-435
9
-10
11
-6
-4
0
-1
2
2:1
188
-190
-2
16
-9
-5
0
-1
17
-15
9
183
-171
-21
7
-1
9
-16
-2
17
-11
-2
3
-5
-2
8
-7
0
12
-12
6
-2
0
-5
0
3
-3
8
-7
22
11
-33
17
182
-191
44
445
56
-550
0
2:1
111
-114
11
1
-15
6
0
-6
1
2:0
26
71
-97
19
-19
0
5
11
42
98
225
-379
-3
26
-21
129
-134
1
0
13
-8
-6
0
71
-50
-16
5
-6
-1
253
-241
15
-25
0
-4
13
-11
26
-5
-20
-4
6
11
19
-35
-1
6
-5
1
-2
0
10
-8
-2
0
59
-48
-11
7
-5
-1
1
4
-6
56
-55
2
40
-43
1
-1
3:0
1
-1
0
1
-1
7:0
1
-1
3:0
34
-34
3:0
1
-1
2:0
1
-1
17:0
1
-1
24:0
1
-1
4:0
3
-2
-1
2:0
1
-1
16:0
1
-1
2:0
1
-1
0
1
-1
7:0
1
0
-1
9:0
1
-1
6:0
2
-2
6:0
1
0
-1
11:0
1
-1
5:0
1
-1
0
2
-2
8:0
1
-1
0
1
-1
0
1
-1
1
-1
5:0
2
-2
6:0
1
-1
2:0
1
-1
2:0
1
-1
4:0
2
-2
6:0
1
-1
3:0
4
-4
1
-1
2:0
2
2:-1
4:0
1
2:0
-1
4:0
2
-2
8:0
1
-1
15:0
3
-3
0
1
-1
4:0
7
-7
5:0
1
-1
0
1
-1
1
-1
3:0
1
-1
2:0
1
0
-1
5:0
1
-1
2:0
1
-1
7:0
1
0
-1
2:0
2
-2
2:0
1
-1
12:0
2
-2
7:0
1
0
-1
2
-2
9
-9
2:0
3
-3
0
1
-1
6:0
1
0
2
-1
-2
1
-1
17:0
1
-1
2
0
-2
3:0
1
-1
1
-1
5:0
1
-1
16:0
1
0
-1
0
end
