v1
983
297
256
31
159
237
75
113
61
52
19
134
25
9
56
176
118
92
5
3
46
84
35
14
37
96
167
237
58
56
7
15
28
118
76
138
160
122
46
56
50
59
262
66
115
169
336
101
124
19
0
152
68
91
32
23
81
26
72
322
46
0
87
0
136
89
29
17
34
67
182
152
194
22
81
37
167
34
0
126
109
52
0
252
29
288
178
54
80
265
156
23
8
88
75
34
28
277
257
20
156
53
33
0
6
66
122
63
79
86
110
178
202
0
101
0
57
8
44
31
11
264
164
59
38
136
35
297
0
58
2:38
18
46
26
23
345
36
149
63
230
117
0
202
20
69
57
31
345
28
253
35
117
64
42
135
104
82
35
18
102
25
55
244
30
95
254
27
121
235
53
2:132
99
271
94
29
106
151
18
16
93
387
300
81
49
237
8
109
25
145
0
2
101
15
0
184
4
26
1
13
11
5
23
16
2:6
0
32
25
15
3
12
5
8
13
23
8
46
2
3
20
111
11
2
4
13
10
40
33
22
28
45
4
5
12
20
34
8
40
5
14
64
30
5
30
7
31
3
16
55
14
113
118
74
11
2
89
271
78
95
120
206
19
134
26
35
219
110
98
67
139
10
33
6
116
146
138
54
121
141
85
101
300
102
44
24
202
46
15
129
27
52
219
14
110
30
151
8
10
38
66
17
70
229
41
474
34
8
12
175
9
41
758
199
33
69
83
10
176
43
93
55
50
6
109
2
24
157
56
37
94
75
50
6
569
80
306
19
11
6
12
229
33
29
38
159
6
38
42
20
0
108
19
3
16
88
7
8
0
147
40
59
224
110
609
2
81
20
82
100
2
255
157
3
37
175
70
121
8
11
32
12
62
38
32
219
51
138
54
47
56
5
127
20
88
153
59
5
20
3
104
69
20
5
9
0
318
32
92
103
109
30
9
63
21
32
5
14
45
38
34
64
13
0
15
31401
5
22
9
246
44
1
43
24
0
61
84
4
76
8
58
54
36
8
22
1042
1
61
26
22
38
30
92
19
71
46
92
28
18
47
3310
2211
328
1553
2370
703
691
1376
6578
1002
3236
2650
811
741
3214
4992
790
6140
2988
1797
1267
1385
2
8091
5
11
3692
943
15
19
2434
13
5143
1
7
11
5
0
1
1427
21
3502
116404
3544
0
1
7741
77
9413
32379
42
22
9
0
24
9
79
86
72
2:1
11
8
0
53
0
4
15
17
5
55350
113
0
12
42
177
9
0
27
57
6
12
17
129
16
2
25
10
0
3
2:2
6
1
7
5
3
29
696
29
20
176
3445
12835
4654
3093
10208
7980
1060
1183
873
189
665
436
330
202
3
2:1
5
17
27
1
3
39
19
28
34
20
40
37
3
1
31
12
38
2:9
1
30302
9786
192
90
176
15
0
54
90
79
43
544
1
296
13
5
38
25
17
135
35
32
24
7
18
226
2
9
57
2:9
41
133
43
12
5
3
2:7
0
25
186
40
47
46
152
14
176
37
13
6
3
14
15
22
1
72
14733
0
140
45
9
2005
0
13
9723
1
81
69
12
89
13
14
54
36
2
11
4
58
35
11
19
22
61
36
2
21
1
76
2:12
104
0
16
35
14
45
5
10
60
10
-489186
132
475
70
706
56
104
58
154
31
156
23
291
65
150
89
0
58
38
186
324
116
97
101
14
133
170
111
429
57
218
155
364
46
84
179
16
325
139
133
88
60
418
82
138
48
39
68
199
176
104
233
69
159
16
113
17
180
195
23
119
75
66
382
75
152
77
43
20
141
208
99
91
241
434
495
94
95
109
529
45
219
88
285
79
36
672
784
47
98
65
47
25
278
44
55
11
46
60
195
300
292
115
234
77
307
415
13
169
10
154
121
52
113
68
529
278
22
249
16
98
44
24
339
47
161
46
72
0
728
52
165
243
357
759
225
182
38
588
309
789
0
10
141
49
314
402
152
6
7
537
242
450
83
371
305
56
200
397
32
485
32
213
218
120
164
64
162
524
42
958
119
403
62
415
44
37
372
38
160
62
8
479
339
85
165
241
13
223
199
31449
194
412
62
990
54
334
186
13
112
2066
905
4755
6581
2462
3355
345
1474
1402
1515
21751
3
3537
8075
1
6200
1407
4676
2
18
16896
115768
47
38189
3646
7
16
94
75
50
27
155
76
55297
50
10
92
171
32
15
262
105
650
8045
11376
15032
3251
5745
870
1229
89
1745
25
20
2:49
11
7
35
106
31881
8491
1552
655
7
13
136
109
437
32
51
69
15037
11712
303
12
23
293
45
108
189
27
48
1426878600
699:0
1
282:0
3
0
17
112
-129
1
2
138
-110
-26
8
14
-10
-8
6
41
-56
3
18
-13
-7
10673
-10672
7
-10
12
-9
1815
292
-2109
76
575
-640
-9
-2
0
21
-16
-3
3
938
-727
-213
22
104
-129
2:3
4
14
117
-140
82
120
-195
96
-102
274
-243
-30
1
2:0
69
-71
1
99
-102
2
-1
11
84
-95
4
6
11
-21
0
10
-4
-3
0
26
-23
-6
21
-10
-7
2:-1
71
-41
-31
9
-10
2445
-2417
-6
15397
-15412
-7
5
4
125
-126
-9
17
-16
28
-16
-11
-2
1
0
1
0
-1
9
18
-27
0
15
-13
17
-19
94
-91
2:0
-5
3
1
3
-6
32
-31
655
-656
141
384
-516
0
-3
11844
-11848
129
-130
9
-10
4
9
-9
1180
-1109
21
-96
210
-206
-2
143
1136
-1269
313
-325
34
-35
2
44
-20
-11
-13
20
52
-67
-6
467
-464
14
73
-89
16
-10
-7
83
-74
8
631
-590
55
-110
1
17
-21
3
-2
41
-37
6
4
-13
1
29
-32
0
17
-13
0
1137
-1039
-94
-7
3
-4
51
-16
-35
39
-30
-4
6
-5
-3
0
26
84
-105
1217
-1109
-114
75
-77
17
-18
1719
-1710
10
-13
110
-115
12
308
-140
-178
10
166
-179
21
-20
-1
4
2
25
79
-107
2
-4
18
118
-125
116
284
-409
22
-22
-1
8
24
965
-996
-1
0
288196
-284303
1657
-5370
-153
-21
44
-27
113
-66
-55
45
-56
11
-16
6
1
65
-19
-45
3
-8
1
-4
4
5
143
-145
2426
-2421
8
162
-163
576
-595
16
-4
11
56
-74
-4
77
-77
-1
331
-327
23
-12
-15
240
2377
-2539
-20
-24
600
-603
-11
-14
3
34793
-19674
-15054
-65
-5
21
-20
8
-2
97
-108
149
-133
-13
17
-12
-2
29
-4
-28
4
748
-755
1
-1
697
-689
61
-3
102972
-103039
0
6
426
-431
34
-26
-8
21
-8
144
-156
20
116
-53
-14
-62
31
25499
-25399
-109
-29
106
34
-137
199
-202
3043
84432
-87450
3750
1514
-5275
-12
168
-111
-28
3147
-2778
5278
-5673
-6
670
-244
-418
1
2:-5
6
9
-6
-7
0
15
-16
0
7
-4
61
-64
1929
-1783
-144
-1
50
-34
4382
-3891
-214
-291
82
-63
423
-444
0
4
69
377
-449
39
-41
361
151
-458
27
-81
0
4452
-4451
23
4
-17
-9
24
-2
-8
-14
570
-540
-27
135
-65
931
-685
-321
28
40
950
-1002
-16
3828
-2821
-945
-59
33
-34
62
605
-266
-403
7
27
44
-73
33
-27
-4
-5
67
-69
16
-7
40
-32
-10
39203
-39190
2
-18
57
-52
-9
-1
4
2
131
271
-395
6498
-6510
155
393
-544
-1
8
68
-77
6
-7
35
-22
95
-104
-2
5
2
8
-18
406
4980
-5288
-89
0
-6
-2
104
-93
-7
99
-81
-4
70
958
-1034
63
56
-75
-56
5
4
-8
0
5
13
-4
138
-89
-60
-1
16
-20
43
-25
37
-24
10
-41
41
-38
162
-152
18
102
-130
2
15
-18
-2
6
5
25
-32
-2
6762
3470
-9694
358
-852
5980
-6004
912
11279
-7617
-4591
-2
122
-36
-32
772
-827
-2
72
6
-50
-27
1
32
9
304
-329
126
1248
-1350
-41
42
-44
7
162
-166
1
123
-124
78
-48
-30
499
2592
-1766
-490
22809
-23593
-50
4316
-4318
210
-71
-139
276
-7
2870
-3130
593
-571
-31
2
49
-30
-19
3
85
-85
1148
-1131
3734
-3514
98
-275
6
-68
-2
89
-86
-2
86
7752
-7476
1206
-1297
337
-576
-4
332
-355
1
-8
43
-42
37
31
-56
14
112
-137
59
-61
136
-116
-15
16
-18
11
-11
50
-44
47
16
-59
4847
-4854
2927
-2936
0
-1
2:1
0
2:-1
3:0
1
0
-1
0
2
-2
1
0
1
-1
0
-1
2
-1
1
-1
1
-2
2
-2
1
-1
2
-2
1
-1
2:1
2:-1
0
1
0
-1
2
-2
2
-2
0
2
-2
2:0
2
2:0
-1
1
-1
1
2:-1
2:1
-2
2
2:0
-1
1
0
2:-1
2:1
0
-2
0
2
0
-1
0
1
-1
1
-2
0
1
-1
2:1
-2
2:1
-2
0
1
2:0
-1
1
0
1
-2
0
2
0
-1
5:0
1
-2
1
0
-1
2:1
-2
2:0
2
-2
1
-1
1
2:0
1
-1
0
1
0
-1
1
-2
1
0
-1
2:1
0
-2
2
-2
2
2:-1
1
0
1
-1
0
-1
1
-1
1
0
1
-2
1
0
1
-1
2:0
-1
0
1
0
-1
1
-1
2
-1
0
-1
1
0
1
-1
1
-1
0
-1
2
-2
2
2:0
-1
0
-1
1
-1
1
0
-1
1
0
1
-1
1
-2
1
-1
1
-1
2
2:-1
2:1
-1
1
-1
0
1
-1
1
-2
2
0
-2
2
-2
0
2
-2
2
2:-1
0
2
-1
0
1
-1
0
-1
2
-1
2:0
-1
1
2:0
-1
0
2:1
0
-2
2:1
-1
1
2:0
-2
1
-1
1
-1
2
-1
1
-2
0
2
2:-1
0
2
0
-2
2
0
-2
1
0
2:1
-2
1
-1
3
2
-5
0
2:1
-2
2:0
1
-1
0
3
-3
153
-153
1
-1
0
1
13
5
-19
14
-7
-6
0
-1
2:0
33
-33
1
10
-11
0
1
21
-22
1
0
2:1
7
-10
2
0
2:-1
0
9
-9
2:0
1
0
-1
2:0
8
-6
2:-1
5
-3
2:-1
4
3
-6
2:0
-1
2:0
5
-5
0
3
-3
0
2
2:-1
4
2:-2
1
48
-49
3
4
-5
-2
3
0
-3
2:0
3
-3
0
3
2:-1
0
1
0
2:-1
3
-3
4:0
1
-1
14
-14
3:0
1
-1
2:0
1
-1
6
-6
2
16
-18
2:0
18
-18
4
-4
2
-2
3:0
1
5
-1
-5
0
1
-1
0
3
0
-3
0
4
-3
3
0
1
-5
1
-1
6
-5
-1
38
-37
-1
21
-21
2
2:-1
4
-4
2
76
-77
-1
1
0
2
-3
1
2:0
2
-2
3
-4
0
7
-7
0
4
-3
0
60
-58
-3
1
2
-2
-1
8
-7
2
7
-8
3
-5
2
-2
4
22
-25
16
-17
0
31
-30
4
-5
94
-94
2:0
13
-13
2
7
-1
-6
-1
12
-13
1
-1
1
3
-3
2
11
-13
-1
2:0
18
-16
14
-6
-9
2
-3
0
2:1
80
-81
-1
1
1892
-1891
119
-97
-23
2:4
-2
2
-2
-3
13
-17
5
-5
2:0
15
-9
-4
-1
1
-2
2:0
1
16
-17
40
-37
-1
17
-11
10
-18
5
-1
6
-4
-5
-1
16
-16
0
44
-44
4
-4
0
3
42
-44
3
1
10
-13
1
-3
2
863
-693
-166
-5
-1
3:1
-3
0
1
7
-6
-2
3
-2
8
-9
4
-4
0
37
-36
-1
1
46
-41
-3
1
570
-573
-1
8
26
-33
-1
1
-1
0
1
19
-20
3
-2
29
-20
-8
3
142
-98
-41
-8
0
1
-1
5
-4
25
1152
-1172
52
96
-154
0
13
-5
7
192
-205
946
-947
-1
6
72
-75
0
-3
0
1
2
-2
-1
6:0
2:1
111
-105
-8
0
12
-11
187
-126
-48
-14
7
-7
73
-73
0
3
-3
81
-76
0
-5
54
113
-162
8
-13
3:0
7
-7
2
-2
4
2
-6
0
34
-28
-4
2
27
-3
17
-45
2
5
23
-30
1
46
22
-38
-31
2:1
0
88
-77
-12
-1
17
9
-21
-4
-1
1
0
3
-3
-1
9
-7
-2
9
277
-286
0
2:2
-4
0
3
-2
0
23
-24
2
548
-550
3
9
-8
2:0
-1
-3
1
-1
4
1
-5
2:0
4
0
-2
3
4
161
-169
2:0
-1
3
8
-6
0
-2
1
2
0
160
-163
25
-28
5
-3
0
2
-4
0
4
13
-2
-8
-5
-1
5
-4
-2
18
-14
0
1
-1
-2
3
-2
14
-16
6
11
-17
-1
5
-5
2
0
-1
3
-3
2
21
238
-261
16
-17
208
-205
71
313
140
-526
2:0
1
8
121
-131
0
10
5
-7
-8
0
2
16
-18
1
43
145
-187
-2
3:0
22
-20
-2
8
-7
0
2
-3
16
17
52
53
311
-443
-4
79
-81
0
1
-1
16
-1
4
-18
0
3
-4
0
6
0
-2
-3
3
-4
12
-10
146
-120
6
-33
0
-1
3
14
-16
0
5
33
-11
160
-181
18
-25
0
38
-37
2
0
-1
0
14
-14
2
-2
73
-75
6
-3
-2
5
-6
1
-1
1
0
26
-27
4
-3
-1
95
-95
6
-5
-1
3:0
1
-1
5:0
2
-2
0
1
0
-1
1
-1
32:0
1
-1
1
-1
0
2
-2
14:0
1
-1
1
-1
0
1
-1
23:0
1
-1
7:0
1
-1
4:0
1
-1
1
-1
2
-2
1
-1
17:0
2
-2
16:0
3
-3
2:0
1
-1
9:0
1
-1
8:0
4
-4
17:0
1
-1
5:0
2:1
-2
6:0
1
-1
4:0
1
-1
4:0
1
-1
2:0
1
2:0
-1
4:0
1
-1
5:0
2
2:-1
0
1
-1
1
-1
0
1
-1
0
4
-4
4:0
1
-1
5:0
3
-3
4:0
end
