v1
1109
49
490
204
128
358
52
139
14
25
9
56
74
138
182
165
51
373
3
124
1
57
56
22
28
474
162
189
612
157
113
35
427
295
98
132
323
136
135
81
20
76
73
79
96
10
194
22
43
201
41
160
17
33
363
63
47
385
399
21
135
77
12
167
277
4
68
185
44
132
86
257
79
57
29
110
178
146
11
255
160
193
4
106
275
297
134
117
377
388
54
339
69
57
31
345
316
223
135
57
182
127
424
217
37
27
73
48
235
141
268
7
119
275
106
169
16
376
485
286
8
281
123
181
27
29
28
17
38
25
18
4
34
0
31
46
2
3
21
127
118
82
32
42
45
14
64
30
5
30
38
19
38
17
127
118
176
271
173
120
225
414
110
201
103
10
33
6
116
146
138
54
121
226
101
2
39
198
61
146
5
282
156
254
17
14
299
10
5
31
2
83
70
229
41
291
132
93
12
175
9
799
301
93
367
56
109
2
23
1
157
93
94
75
50
961
36
241
33
29
38
109
50
6
38
42
53
75
126
7
8
147
40
158
221
14
447
245
20
82
102
360
92
175
70
121
8
11
32
43
342
67
100
54
47
31
25
5
35
20
72
22
86
153
59
5
23
93
6
94
5
9
142
177
123
251
63
55
100
34
92
31401
5
22
9
204
83
3
44
62
23
88
84
112
36
8
22
1130
22
68
111
71
166
18
47
3310
2211
328
1553
3073
2067
4236
6580
1889
761
811
3955
4992
790
830
3485
1822
3
2988
4449
2
4
8086
1
2826
882
958
2466
5144
7
11
6
1427
123472
7716
25
73
9417
32411
10
18
4
33
9
127
38
73
20
89
5
54647
870
13
7
157
7
29
57
6
12
17
16
129
27
10
2
1
10
2:1
6
5
2
726
29
20
107
56
13
16280
4654
3093
18188
813
247
1183
873
189
665
436
330
202
2
2:1
0
1
4
18
28
3
39
11
36
45
9
40
9
28
3
1
90
4
5
1
30302
9978
26
64
176
69
31
59
79
43
544
1
296
13
43
42
92
19
91
24
253
9
2
55
2:9
41
103
47
9
17
12
47
273
247
103
25
13
50
6
3
14
15
22
1
72
13
14720
150
44
28
1990
9723
1
81
65
4
12
102
14
64
26
2
11
4
58
87
97
2
22
51
25
12
43
50
23
16
49
50
8
2
-489102
166
62
40
181
22
2
42
78
121
39
233
113
18
0
74
216
18
53
17
141
2
88
23
44
48
54
84
105
9
109
126
3
273
13
29
40
14
147
77
158
128
11
62
99
7
93
13
91
292
16
170
89
45
108
126
166
27
0
58
0
33
30
104
170
2:17
3
55
5
23
157
145
36
2:44
187
65
50
38
145
290
351
62
32
245
6
101
33
103
114
66
19
15
138
135
288
26
279
120
111
73
37
91
304
324
39
96
5
39
2
145
82
2
97
332
124
25
34
104
101
35
11
19
43
36
212
137
59
45
144
86
75
55
182
27
36
38
0
54
48
71
66
167
97
87
2
152
21
130
76
128
1
119
141
17
60
120
36
22
228
168
410
58
22
150
99
66
14
55
25
274
71
52
662
24
139
61
55
25
0
96
163
82
107
61
91
0
135
52
50
64
55
10
235
92
26
119
211
152
28
52
61
16
0
50
25
18
144
86
15
182
32
14
2:1
7
19
37
2
70
32
2:17
5
2
66
6
52
72
3
25
4
75
24
52
0
3
19
11
50
52
33
29
2
1
86
123
71
6
112
127
118
16
0
155
151
7
173
129
265
26
11
24
357
70
204
13
33
34
79
112
261
3
126
106
286
197
173
0
6
25
47
170
46
98
0
79
196
47
9
91
30
23
113
95
42
304
362
165
0
34
72
173
409
253
48
233
14
80
33
35
25
2
10
186
136
105
0
196
27
53
78
42
182
79
228
300
80
143
119
52
3
8
29
292
17
168
57
187
2:19
190
81
2
46
298
48
205
69
334
2
36
142
21
38
0
46
10
234
3
10
136
21
230
1
266
6
18
14
8
131
146
51
36
200
6
50
6
8
13
21
63
7
89
195
78
1
106
5
13
109
17
197
4
6
29
40
33
42
100
11
2
40
15
1
19
21
32
9
4
8
123
51
41
33
107
3
49
7
31368
50
31
165
19
10
43
263
40
9
22
138
1003
56
0
8
67
175
90
124
1
407
1783
905
2877
5320
1370
3
1766
701
1764
1028
2325
3220
1905
2312
7820
6880
423
1768
0
417
2613
1267
1401
0
8046
29
7
2807
1839
34
3432
1054
3104
7
10
1456
15450
104456
1
3543
46004
3540
106
51
10
80
8
23
1
15
4
186
4
15
27
9
36037
0
19276
101
35
240
45
5
46
7
52
26
4
16
51
50
5
1
22
0
29
53
686
10
0
17
15
4
3581
4380
4975
6403
6002
19707
418
134
1699
1
19
6
66
5
0
8
37
19
7
28
1
32
16
35
31
1
8
17
1
31846
8269
295
356
37
448
26
172
41
0
95
195
2
92
174
226
35
23
250
15
2:9
194
431
32
57
0
5
82
14937
45
41
1973
9686
49
218
29
87
4
2
140
38
4
15
17
32
7
59
49
5
9
7
214
68
1426370400
499:0
1
608:0
14
11
1861
-1855
73
-38
-3
14
-64
47
-34
0
87
-99
9047
-9026
-24
222
-213
-6
1120
10820
-11878
500
-558
-7
1117
-908
-182
2:-13
89
-83
1146
-1135
44
176
-97
-112
19
35
-75
275
-256
44
49
-115
7
-11
36
39
-8
-44
-7
-15
14
-2
4
0
36
2
-29
608
-629
165
-167
83
-73
29
-28
11
-10
1409
-1425
8
174
26
-202
204
-111
-86
-8
77
1737
-1652
-149
-8
1287
-1294
217
1072
-1288
119
-101
144
-164
30
77
-95
-12
7
28
15
-45
6
363
-40
-148
-156
15530
-14070
-1451
945
-984
198
-191
-9
5
47
687
-729
-7
-3
19
57
-71
10
1417
-1403
163
-161
-23
0
13
0
5
-3
-21
91
-47
1858
-1893
154
-156
129
-94
164
40
114
-334
-6
9
-7
20
501
-520
71
903
-764
-186
777
-409
-399
177
119644
-119556
49163
-49318
-122
26
-31
339
-271
332
-338
61
-113
513
-513
-2
56
-60
-5
21
2
166
-168
6
210
227
-402
-26
105
2511
-1369
-1278
-1
117
-50
-25
441
40
-526
3178
-3096
246
279
-591
-7
-8
1
25288
-21436
-3775
-79
177
19
-169
6
-1
-31
1
-2
15
23
-13
491
156
-645
167
41208
-41403
4
-1
871
-851
-14
14
17
188
-204
121
-67
7636
-7668
2656
-2411
-255
-33
1
911
-374
39013
-39537
-15
8517
2934
-11452
27
-12
40
71
-33
-81
3736
9718
-13427
-37
169
31
-142
-60
-1
825
-729
-79
-13
-4
3986
-3877
1197
5162
-6168
-39
-122
-128
63
696
-651
685
-444
-199
872
626
-1629
75
-80
529
-460
30
-102
417
-267
131
56
-121
1567
-1581
-219
399
-385
925
-940
3793
-2327
-1467
3
32
282
-318
18
1073
-852
-230
107
-89
-3
-26
2:1
60
-52
-6
35
46165
-46185
15
86
-120
459
-396
7004
-6969
-84
1376
20162
-21400
-118
54
-82
2
8
47
4277
-4338
1
41
23
-4
-58
283
-254
-8
1
2312
-2325
131
-114
-19
-2
-1
10
267
-180
-67
787
-810
-14
37
-37
16
-4
11
-4
21
-7
48
-77
0
79
-47
21
-15
-21
-18
26
-31
7
1
0
-4
3
29
-3
8801
-6930
-1904
1195
-1175
6297
-6296
-21
857
19746
-14981
-5428
-182
38
4256
-4259
13
356
-232
-179
346
-346
35
9
-36
525
1773
-2239
-52
4
28
-47
439
-431
-11
525
2102
-2629
158
3362
4190
-7675
37
2596
-2658
1621
-1494
-100
6
-6
-34
118
-60
110
1932
-2101
41
21
27928
-27745
413
-649
3
-13
129
384
-165
1753
-1824
-160
-103
200
2823
-3023
255
-12
-190
-63
-4
3
52
256
852
-1135
-27
5
1
-2
53
14
2
118
-72
-84
-37
43957
-43964
-4
8
-6
0
1
-2
4
-5
0
2
6
-7
1
-1
9
-10
8
2:-4
3
-3
1
-1
2:0
8
-8
6
0
-1
5
-8
-1
8
-6
2
-4
5
3
-6
-3
3
-3
9
-5
-1
4
-6
0
-1
2
1
0
3
-6
0
3
1
-3
0
-1
2
1
-3
0
3
6
-8
2:2
5
-10
1
0
5
3
-9
3
-1
2:0
3
-4
5
-5
0
7
-5
-1
0
-1
5
-5
2
4
-4
2
-3
3
-4
0
-1
9
-9
7
2
-5
-4
9
0
-8
5
-6
1
2
-2
0
10
-3
-8
1
2:0
-1
1
2:0
3:1
-2
7
-9
5
1
-3
-2
1
0
-2
10
-4
4
-10
0
1
7
-8
5
-3
-1
1
0
-1
0
-1
10
-8
-1
6
-7
2
-1
0
2
3:0
-2
1
5
-6
1
7
-5
-2
2:0
2:-1
2:2
3
-6
0
3
0
-4
3
4
-4
3
-5
0
5
-5
2
3
-4
1
3
-6
6
-2
-1
0
-3
10
-10
3
-3
8
-7
-1
0
2
4
2:-1
1
3
-5
7
-9
3
-2
1
-2
-1
3
-2
2
-3
2:2
2:0
-3
-1
0
9
-8
1
0
1
4
0
-3
-4
3
0
1
2:0
2
3
-2
-7
2
-1
3
-2
9
-10
5
0
-5
3
0
-2
2
0
-3
6
-2
-4
1
-1
2:0
-1
2
5
-5
5
-1
-5
6
-6
5
2
0
-6
2:-1
10
-5
3
-4
2:0
-2
0
1
0
-3
0
5
-1
-3
0
6
-5
1
0
6
-3
0
-6
9
-9
2:0
3
6
-8
3
2
-4
-2
2
3:0
-2
4
-4
1
3
-3
2
-2
10
-11
1
0
7
-4
1
-2
8
-1
-7
-3
0
1
3
-3
-1
2:0
1
0
7
-7
1
-1
2:0
1
6
1
-5
3
-5
5
2:-2
-1
1
-2
3
-4
0
2
2:0
2
6
-8
2:-1
0
3
0
-2
2
-1
1
-3
2
-2
1
2
1
-2
6
-7
2:1
2
0
-4
2
2:-1
5
0
-5
9
-5
3
-7
2:4
-8
5
-1
-4
0
-1
0
4
0
6
-10
8
-7
2:0
1
-1
5
0
-5
-1
0
5
0
1
-4
-1
1
3
-4
1
-2
6
-5
0
8
-7
-1
8
-4
4
-5
-2
-1
1
2:-1
1
0
-1
8
-8
2
3
-4
3
-1
4
-4
-2
-1
3
4
-6
0
-1
8
0
-2
-6
3
-3
2
-1
4
-3
2:4
1
-7
4
-6
0
1
-1
0
1
-1
0
-2
4
0
-3
4
-5
4
0
-3
2:0
9
-9
0
4
-3
5
-5
-2
4
2
-1
-4
-1
5
2
-6
3:0
7
-5
5
-6
-2
0
10
-9
2
2:-1
0
8
-9
2
-2
9
1
2:-2
-5
9
-9
5
-1
0
-5
2
1
6
-6
2:2
-3
-4
2
4
-6
2:2
6
-6
-2
-1
2
-3
2
5
-7
2:0
1
2
-2
7
-7
1
-1
0
4
-1
2
-5
-1
2
0
3
-4
9
-7
7
-8
-1
3
-3
0
2
-2
188
-186
-2
1
-1
1
20
3
18
-36
-4
-2
16
3
-18
-1
0
12
-11
25
-26
4
-4
11
-11
3
0
-3
4
-4
7
2:-3
0
3
4
-6
2:-1
5
-5
0
2:3
-5
1
-2
8
16
-21
-3
1
7
-7
3:2
2:-3
1
-1
10
-9
-2
2
6
-6
-2
6
19
-19
1
-7
24
-24
14
0
-11
-1
-2
3
-3
7
-2
-5
1
2:2
-5
2
3
-3
0
2
-2
5
20
-27
52
-51
16
-12
-4
2
0
68
-67
0
-1
-2
10
-10
3
80
-79
4
-8
9
0
-5
16
-12
-2
-7
29
-4
71
-96
12
-7
9
-10
9
-13
13
-7
-4
0
13
-11
14
-17
20
1
-15
4
-6
93
-98
10
2199
-2206
100
-78
-25
8
-4
9
-13
10
-10
1
3
31
-30
-3
19
-20
0
2
5
11
-16
2
-5
71
-67
13
-1
3
-19
3
-2
4
1
-3
27
22
-52
65
-59
7
2
-15
3
-1
0
1035
-890
-137
2:-5
13
2:-6
0
3
-3
2
-2
8
-9
32
17
-43
-1
459
-459
-3
-2
70
-67
1
2:-2
26
-24
41
-28
5
-14
217
-119
-95
-5
-4
3
29
1107
-1132
-6
72
111
-183
-1
4
-4
16
-1
-6
237
1792
-2038
0
14
91
-103
-2
0
4
-1
6
-9
6
170
-152
-20
276
-259
-3
-17
0
8
119
-126
1
57
-43
61
197
-267
13
-19
8
-7
8
5
46
-48
-8
5
22
15
-13
-32
56
-59
60
-60
84
4
-86
1
-1
0
-2
0
116
-110
5
51
-58
-4
4
-1
1
-2
10
-11
2
236
-238
7
17
-23
-2
12
790
-801
0
1
17
-10
-4
-5
1
2:0
5
258
-262
0
-2
21
-10
-4
3
13
-18
10
271
-286
49
-44
0
-2
8
-7
14
-1
8
-9
-14
8
-5
-4
0
-1
33
-29
4
-3
6
-9
4
8
-9
3
0
2:-4
13
-12
1
-2
0
2
-1
5
-3
34
-20
-17
17
-17
282
-275
-6
111
311
751
-1166
-4
7
212
-220
13
-10
12
-12
0
-5
3:0
54
217
-267
0
-2
30
-31
-1
8
-7
16
32
-50
93
138
325
-552
27
-27
-4
135
-134
13
-4
-8
-1
26
-20
-2
3
-6
19
-18
299
-280
-6
-16
3
-2
16
-16
6
25
10
-38
-4
10
45
-55
39
-38
3
6
-8
-1
16
107
-116
4
-4
-8
3:1
0
-1
68
-65
-3
-1
89
-90
0
1
-1
9:0
1
-1
11:0
2
-2
0
1
-1
1
-1
3:0
2
-2
7:0
53
-53
1
-1
5:0
1
-1
11:0
2
-2
2
-2
4:0
1
-1
7:0
1
-1
17:0
1
-1
5:0
1
-1
1
-1
4:0
1
3
-4
2:0
1
-1
6:0
2
-2
2:0
1
-1
1
0
1
-2
6:0
1
-1
11:0
3
-3
8:0
1
0
-1
0
1
-1
7:0
1
-1
5:0
2:1
-2
2:0
3
-3
0
1
-1
0
1
-1
1
0
-1
4:0
1
-1
5:0
2
-2
2:0
1
-1
3
-3
2
-2
7:0
2
-2
0
1
-1
2:0
1
-1
3:0
4
2:-2
0
2
-2
1
-1
3:0
1
-1
3
-3
3
-3
2
-2
2
2:-1
4
-4
0
1
-1
2:0
2
-2
5:0
1
2:0
3
0
-3
1
-2
0
1
-1
3:0
1
-1
2
-2
0
2
-2
1
-1
1
-1
0
2
-2
0
1
0
-1
2
-1
1
-1
0
-1
1
-1
6:0
1
-1
3
-3
2:0
1
0
-1
2:0
5
-5
2:0
5
-4
-1
5:0
2:1
-2
3:0
2
-2
3:0
1
-1
0
1
-1
3:0
1
0
-1
2
-2
2:0
1
-1
9:0
5
-5
0
2
-2
2:0
2
-2
2:0
1
-1
1
-1
0
1
4
-5
3
-3
0
2
-2
1
-1
0
1
-1
4:0
1
3
-3
-1
2
-2
0
10
-10
5:0
2
-2
3:0
1
-1
2
-2
1
-1
7:0
2
-2
6:0
2:1
-2
3:0
2:1
2:-1
3:0
3
-3
1
-1
0
7
-5
-2
2
-2
1
-1
6:0
2:2
-4
2
-2
0
1
0
-1
2:0
9
0
-9
2:0
1
-1
2:0
1
-1
12:0
3
-3
0
1
-1
0
1
-1
2
0
-2
2
-2
1
0
-1
9:0
1
0
-1
0
1
-1
2:0
1
-1
2:1
-1
0
-1
3:0
2
2:-1
2:0
2
-2
4:0
1
0
2
-2
0
2
-2
2
-3
1
-1
1
0
-1
6:0
1
0
-1
2:0
1
-1
2:0
end
