v1
602
12
0
175
397
4
155
25
123
0
233
25
80
31
136
9
15
48
26
53
51
312
173
146
168
67
43
185
17
39
22
28
157
221
282
165
340
272
140
17
109
466
219
23
151
138
13
217
87
0
122
106
27
16
34
67
324
10
50
144
41
266
136
437
70
26
0
298
16
85
399
156
256
386
136
12
76
11
89
86
257
368
85
46
156
136
30
397
86
24
104
65
98
8
297
22
30
82
207
174
84
29
233
124
85
126
213
47
22
57
376
521
18
135
104
135
88
14
25
55
96
112
66
71
24
28
189
92
175
206
24
64
75
0
18
83
99
271
29
94
275
89
84
219
173
79
18
501
8
34
25
222
123
181
27
29
45
6
32
25
18
2:19
23
0
8
46
5
14
7
110
11
6
13
68
22
15
9
73
74
59
64
50
15
57
38
6
11
127
118
74
31
169
49
116
8
173
120
94
221
70
10
25
16
70
10
123
110
304
10
36
3
116
104
0
180
54
12
109
7
28
106
186
128
28
144
90
56
5
53
229
410
17
33
121
84
75
10
38
66
87
177
52
41
103
374
31
8
5
7
139
36
10
40
662
2:48
192
109
76
17
232
80
55
56
111
24
0
55
27
75
56
127
3
1
75
50
47
278
3
147
73
346
67
1
18
29
229
33
57
10
165
6
40
0
19
15
128
19
107
7
8
147
40
283
110
334
358
204
245
10
197
175
70
129
11
32
74
143
73
0
162
13
87
26
28
47
31
25
3
2
35
60
32
72
36
212
5
20
3
99
94
5
33
86
32
106
297
2
14
72
60
63
98
15
76
91
1
31401
5
22
9
43
108
53
33
53
44
24
38
23
77
11
69
7
8
112
36
8
22
932
111
109
67
1
83
28
71
108
58
5
10
3
10
37
9
3301
2211
328
1553
5140
2464
2792
2324
3236
2650
811
742
8205
6930
2988
4449
2
4
8086
1
3708
943
15
2453
3
10
983
1056
3105
7
9
2
6
1427
15471
104456
1
3544
7741
73
9417
31396
917
108
22
33
9
165
93
53
4
32
5
7255
28796
18596
781
35
74
157
7
2
27
57
6
12
17
145
27
10
3
4
7
1
6
5
85
643
49
176
3445
12245
590
2356
1
566
4824
5057
13131
813
203
44
1183
873
143
711
436
534
1
2
6
5
11
9
19
3
39
47
10
44
5
35
37
3
1
11
70
13
5
1
30302
9978
26
64
176
69
120
92
188
356
1
87
222
43
0
27
15
111
91
49
86
62
80
9
21
36
2:9
14
27
23
80
47
26
2:5
2
47
245
28
247
128
13
18
19
13
6
3
14
37
1
72
14747
126
0
45
2
7
28
4
1986
9722
2:1
81
69
12
116
28
62
2
11
62
65
22
54
43
2
22
142
62
16
49
50
1
7
2
1426248000
601:0
0
1
5
-6
3
43
-46
3
0
31
-31
31
-31
56
-50
-4
169
-172
9
-6
-3
6270
-6269
17
-19
0
92
-91
293
-272
239
-255
14
-17
839
-838
15
-17
-2
-1
79
-78
-1
42
-41
-1
0
1
0
5
-6
412
-399
-13
1
65
165
-227
20
25
195
-237
6
-3
-9
0
15
-16
140
-92
-43
483
-488
35
2:-17
15
16
-26
4
-8
2
6
-8
-2
0
17
-16
14
53
-64
7
61
-3
-68
5
15
-20
1
0
28
-30
0
248
-245
61
-63
8
70
-78
3
31
-25
32
-36
133
-138
16
-16
-1
2
-1
1
69
-71
0
3
-3
8
11
-12
-7
1
4
-4
39
-40
0
87
-36
-51
2
7
-8
18
-19
9
375
-377
4
-11
1
0
7
42
-43
-5
140
-139
2:0
61
-64
1
5
-1
31
1
-7
-30
60
41
-99
5
-3
42
-44
891
-811
-76
5
-11
117
-97
-9
-11
2:0
87
-85
-1
4
-5
8
123
-55
-1
-74
-1
0
474
-468
-6
0
1
2
108
-111
151237
-151236
18574
-18512
-62
0
15
-9
-2
7
-12
1
9
-10
230
-229
2
2:0
-1
-2
12
-8
0
-3
2:0
3
12
178
-193
11
-11
24
310
-327
2:-2
61
-65
2
-1
2
2:-1
10
-11
19
-17
185
-175
7
-17
7
1770
-1771
557
-564
1
-2
15
4
-17
-2
1
3618
-1160
-2448
-11
3
2:-1
3
-3
4
-5
2
1
31
-28
-2
29
-33
0
1
-1
7
-2
393
-394
188
-168
72
33139
-33235
2
127
-122
1
102
-107
-2
28
-10
-15
668
-581
-58
-24
-7
-2
1
2
-3
68
-67
98534
-98527
-7
3563
-3563
1498
-1494
-2
1
-4
19
-12
2069
-2058
5127
-5137
-2
172
-170
-5
-3
3
-3
0
2
-2
2
0
-2
2
642
-641
10
-9
3067
-3019
-23
-24
-3
10
-6
-2
61
-61
-4
10
11
158
-178
-1
17
165
119
-296
22
-14
746
-726
-28
2
12
-11
36
-43
71
-68
-4
21
-21
17
-5
159
-161
328
-297
229
-270
2
0
316
2262
2430
-4998
-11
556
-312
-239
7
-7
-3
0
-1
0
450
-438
-11
4
-1
-6
15
-10
-5
38055
-38052
2
-2
-3
1
14
315
-299
1946
-1977
3
52
164
-209
1
-7
4
3
33
-23
2372
-2392
0
2:3
18
21
-26
-19
6
86
-81
-6
12
236
-229
-22
0
-1
11
-7
26
-19
0
-13
1
2
6
-7
13
-1
-7
8
-13
19
-18
18
-20
3
-2
58
-60
1
34
-31
15
-19
3
2
3
153
-161
96
6880
-6342
53
-678
3624
-3633
5
135
3617
77
-3834
1
5
8
117
-120
134
-141
12
-13
11
-13
13
-9
30
177
-212
6
11
0
-17
22
-18
1
5
-9
0
388
-18
-366
143
286
1027
-1458
13
-16
27
-23
568
-567
205
-203
5
-12
1
38
113
-128
-14
-9
2:2
6
-6
6274
-6217
-9
2
-55
1
13
-7
63
-66
-4
52
-49
437
-328
27
-113
46
12
29
-102
-11
11
22
37
-43
-21
5
-2
1
-8
8
100
-71
-38
0
29
1442
2:1
-1
2:0
2
-2
9:0
2
2:-1
0
1
75
-76
3:0
4
-4
5
1
0
-6
0
15
-10
-5
8
-8
2:0
7
-7
0
2
-2
7:0
2
-2
2:0
4
-4
2:0
1
-1
0
1
-1
3:0
2
-2
1
17
-18
0
1
-1
0
2
-1
3:0
-1
1
-1
0
3
-2
2:0
-1
1
4
-4
-1
0
2
-2
2:0
2
-2
0
8
-8
9
-9
1
2
-3
0
2
-2
0
1
-1
2:1
2:-1
3:0
2
-2
4:0
1
0
-1
3:0
3
-3
0
10
-3
-7
1
-1
4:0
37
-37
0
1
0
1
-1
2
-2
-1
13
-13
1
0
1
-2
0
3
5
-6
-2
1
0
-1
9
-9
2:0
6
-4
34
-30
-5
0
-1
6
-5
1
-2
2:0
10
-10
4:0
26
-20
-1
-5
3:0
1
-1
3:0
34
-34
908
-908
56
-46
-10
0
1
0
-1
2
-2
0
1
-1
2:0
2
-2
3:0
2
0
2:-1
2:0
3
-1
19
-21
2
-2
1
12
-13
6:0
1
-1
3:0
4
-4
23
-23
5
-5
4
33
-36
5
-5
0
-1
1
0
-1
2:0
222
-152
-70
0
1
-1
3:0
2
-2
3:0
1
-1
1
-1
0
1
0
-1
0
46
-45
21
-16
-3
272
-275
1
19
-19
-1
6
-5
1
7
-5
-4
49
-21
-25
-3
5:0
12
-12
354
-353
-1
58
-58
61
-61
3:0
3
2
86
-88
418
-420
0
29
-27
-3
0
2
-2
0
2
-2
1
-1
2
-1
31
-32
7
-6
71
-66
-2
-3
-1
0
1
0
22
-23
3:0
20
-19
-1
5
21
63
-89
3
2:-1
0
-1
2:0
1
3
-4
19
-19
0
3
-3
0
2:1
-1
11
2
3
-17
2:0
12
10
15
-37
0
40
-36
1
5
-10
0
1
-1
0
2
2:-1
4:0
2
-2
139
-137
-1
2:0
-1
6
-6
3
178
-181
0
2
5
-3
2:-2
0
1
-1
3
124
-126
-1
0
1
4
0
-2
-3
2
0
5
-5
3
83
-77
-11
0
2
-2
4
-1
5
-7
-1
2
-2
13
-12
-1
3
-3
2:0
3
-2
1
-2
2:0
11
-11
0
5
-5
1
-1
2:1
-2
20
-18
-1
8
-2
0
-7
104
-103
-1
24
134
48
-206
2:0
5
20
-25
7
-5
1
-2
0
1
-2
0
13
34
-47
4
-2
0
-2
12
-12
0
1
-1
0
2
6
-7
22
44
52
-119
1
-1
7
-6
57
-58
0
1
3
-4
0
1
21
-14
-8
2
-2
0
1
0
115
-109
9
-16
2
0
5
-7
11
-11
0
2
-2
12
-1
-5
-6
4
15
-17
-2
2:0
3
1
7
-11
0
1
0
-1
1
19
-19
-1
0
2
22
end
