v1
873
743
486
52
23
92
24
14
34
8
44
78
138
179
154
14
141
133
40
81
29
108
77
17
2
37
22
146
542
165
324
186
29
73
140
7
224
170
39
152
159
162
72
132
34
156
133
72
199
22
155
152
96
10
105
89
22
19
99
55
71
41
30
88
60
175
153
6
7
54
94
184
153
64
45
288
41
25
187
55
33
137
277
34
223
44
132
12
120
148
63
79
62
134
93
85
6
92
29
75
42
59
14
94
1
160
13
147
33
110
104
171
292
30
109
113
40
341
363
79
198
141
69
10
33
14
31
77
268
45
18
370
64
42
135
193
134
39
85
244
95
94
119
41
27
2
26
56
272
77
82
173
77
7
280
114
22
84
41
128
16
43
460
46
70
61
130
17
34
117
169
8
59
50
25
140
5
125
181
27
29
12
33
6
32
25
24
32
23
7
47
2
17
128
6
13
10
95
9
64
9
66
8
45
78
30
35
41
16
38
17
82
45
52
57
9
374
73
78
66
29
120
94
92
39
160
35
219
110
304
10
33
6
116
284
54
121
141
85
101
41
36
162
58
3
114
32
5
97
185
404
23
14
110
189
10
5
0
31
2
83
70
229
41
508
195
9
41
758
301
76
17
312
55
56
111
181
56
37
93
1
75
50
732
229
19
11
247
12
21
29
18
10
23
18
21
57
10
40
6
44
36
128
126
7
8
147
157
166
57
53
441
170
36
65
182
2
255
153
7
37
175
70
121
8
11
32
43
23
8
6
58
225
73
16
100
54
47
56
5
35
0
112
88
153
59
5
9
11
3
104
89
5
122
135
194
119
40
41
51
63
146
9
34
64
28
31
31367
3
5
22
9
43
39
69
86
53
2
42
173
84
112
36
8
13
9
1130
22
179
71
105
61
18
10
37
281
3029
2211
2
326
1553
5140
10816
1500
1150
811
3512
443
4989
7
5101
1825
2988
2225
2224
2
8090
1
2826
1825
15
19
2447
5143
1
6
10
2
1433
21
3502
20260
99688
1
7741
54
19
9417
32411
10
18
4
26
16
105
60
73
1
19
89
5
55463
54
20
88
3
66
36
56
1
6
12
1
16
36
97
12
27
10
3:1
11
1
6
5
2
755
24
66
106
7825
8455
4654
3093
18188
813
1072
358
1062
665
436
532
2
1
7
1
5
11
31
39
47
54
1
39
9
25
2:3
1
31
11
1
47
4
5
1
40280
0
26
64
176
100
59
122
419
125
1
87
209
56
42
165
37
49
3
223
2
9
21
36
2:9
41
103
47
26
12
3
2
10
7
25
186
87
388
32
5
19
3
14
15
22
1
72
13
14905
9
28
1977
13
9723
1
81
69
12
54
62
28
36
26
2
11
62
11
24
30
22
45
9
45
22
2
60
119
23
16
2
47
58
2
-488808
369
349
105
501
108
21
94
135
226
363
121
4
0
170
433
202
117
171
87
12
716
5
10
476
353
28
96
316
169
76
272
67
234
8
381
133
170
369
146
50
65
643
422
271
196
74
384
170
262
51
192
11
8
242
48
337
30
117
0
421
34
101
923
131
109
31
662
412
59
228
18
169
2
11
202
195
7
182
87
474
359
74
322
137
100
344
270
2
32
857
287
98
12
5
2
8
42
5
46
124
20
3
97
63
53
121
18
237
45
119
25
261
240
677
120
331
279
5
191
55
335
743
53
633
6
402
451
54
29
288
0
93
12
52
133
169
828
173
22
417
196
450
414
348
119
816
306
64
219
802
0
118
341
105
44
49
459
43
314
14
22
183
93
57
34
105
512
118
142
83
178
264
126
31743
341
59
1097
110
1
177
97
8040
1389
676
10333
351
3295
11998
6917
2182
1744
3530
8
8077
7
3703
943
2469
2051
3113
1457
1028
14429
104456
1
6262
5100
32657
5528
3538
0
47
54
65
174
10
37
60
16
23
4
15
103
54566
1056
15
30
110
93
59
7
16
82
643
7
42
18814
573
15024
9866
3062
26
19
1
46
63
13
1
20
4
141
30337
8628
1416
215
54
935
111
20
177
19
689
18
414
15184
226
12097
95
7
138
124
219
1426830000
599:0
1
272:0
34
77
-75
-34
8
0
7
53
-58
-10
102
-97
2
1
7071
-7042
17
-48
-2
-4
34
523
-557
0
1484
-1453
-14
-13
617
-613
2
5
33
-18
-20
3
378
-391
124
-109
-9
85
-26
-65
3
4
0
46
-47
-6
5
9
36
-45
173
704
-877
3
-8
4
33
-29
-8
6
-5
5
-6
-1
154
-129
-16
-8
499
-499
22
-11
120
-113
-8
-4
88
-88
-6
21
-5
0
-16
7
24
37
-31
-24
31
-29
-5
-10
15
-15
7
-2
-5
8
-3
13
207
-204
-15
12
23
19
85
-132
-9
2
3
-4
925
-562
-300
-64
467
-463
-8
0
4
13
-7
-10
36
-32
50
-54
688
-544
-95
-26
11
-22
-1
31
-42
5
93
-77
-21
747
-723
129
-142
-2
1
-7
1028
-1024
566
-477
-72
-24
204
214
-410
-5
3
26
-31
4
-1
102
-99
88
194
-283
53
-59
8
9
17
-2
-28
399
-371
90
-114
103
-99
-12
6
1
-2
16
-14
25
-32
68
-43
396
-320
-3
-94
711
-709
29
-35
27
-15
125
-137
17
-6
12
44
-60
-7
0
254
-249
201
-196
-10
16
156
-101
-62
21
-21
26
3
335
-363
107544
-107487
5121
-5008
-154
7
-26
233
-231
10
112
-123
10
-18
16
-13
6
-9
5
155
-160
0
15
-3
51
-29
-17
2:-1
484
-496
7
75
112
-193
47
-41
-6
74
174
-246
-6
3
1515
-1385
82
-201
-15
2:1
5964
-4613
-1066
-286
3
76
-71
86
-90
13
-4
-13
3:0
7
-1
2
4
36
131
-148
203
929
-1148
62
25084
-25161
0
212
159
-371
13
11
-16
4
66
-78
1
0
74
10
103
-160
490
-424
-79
-15
5
9
-14
11
-7
-4
36
66
17654
-17711
933
1924
-2886
0
-9
262
-228
-32
1041
-1046
-4
5663
-5650
12
246
-192
-73
2
-8
0
20
3978
-3992
-6
12
922
-851
-38
-46
1
0
1654
-1266
-308
-80
0
5
-2
7
4
338
480
-791
102
32
-158
-17
21
-17
22
21
-37
35
202
-169
-17
362
-414
171
-99
-82
949
-912
216
781
-1033
5576
-4489
-1082
0
33
-38
10
555
-540
-25
7
52
-59
4
43
-47
120
-120
10
-6
168
-112
-53
13442
-13426
-13
-10
0
4
101
321
-422
28
5769
-5801
1
36
2292
-2329
12
46
-57
36
-27
-10
152
1518
-1665
2
-2
-1
56
-29
39
-55
10
106
-69
-58
493
-497
7
73
-53
-27
0
9
-1
45
-19
-10
11
28
-63
4
2
11
-17
33
-19
-5
36
35
-75
50
4
-24
-4
96
-120
2
-9
0
11
50
4062
13686
-16585
5402
-6626
23
-15
1
1355
7669
-5656
-3345
-33
13
538
-533
-11
901
-891
0
33
80
449
-563
218
-222
-5
152
715
-834
-18
-17
40
-8
-17
46
-65
7
240
908
-1155
1430
1306
-1005
-1649
-54
-23
484
-469
-19
7
-3
647
-645
26
-25
4
-6
7
-10
-3
4
-5
1971
-1929
1070
-1111
3
39
-23
-9
417
943
-1113
525
44
1351
-2169
118
-108
106
-107
-11
40
112
-158
0
67
63
-129
3
13
11
-25
6
62
-67
65
-62
33
10
4263
-4315
3
-3
1
-1
0
1
-1
4
-1
2
-5
2:0
1
3
0
-3
3:0
-1
4
-4
4
-4
0
3
1
-1
-3
0
5
-5
1
0
-1
1
3:0
2
0
1
-3
2
0
-3
3
-2
0
-1
1
-1
0
1
0
-1
2:0
1
2
-2
-1
1
3
0
-4
1
4
2:0
-2
-3
0
1
2:0
3
-3
0
2
-3
1
0
3
-1
-3
1
2
2:0
-3
0
4
-4
5
0
-4
2:0
-1
1
2
0
-2
2
-3
4
-4
3:0
1
3
-4
2:0
3
0
-3
2:0
3
-2
2
-2
3
-1
2
-4
-1
4
-1
0
-3
0
1
3:0
-1
2:0
3
-3
3
1
-1
1
-4
1
-1
1
2
-2
-1
4
-1
-2
0
2
-2
2:2
-5
4
-4
3
-2
-1
1
0
-1
1
0
-1
1
-1
3
2
-4
0
2
-3
0
1
-1
3
1
-4
0
1
-1
1
2
1
-3
-1
0
3
-3
2:0
3
2
-5
4
-3
2:0
-1
0
5
-2
1
-1
-3
1
2
-2
4
-5
1
3
-3
-1
4
-4
4
-3
4
-1
2:0
-3
0
-1
4
-1
-2
2
-3
0
3
2
-5
1
3
-3
-1
4
-3
-1
1
0
3
-4
0
1
2:0
4
-5
4
-4
4
-4
1
3
0
-4
0
4
1
0
-4
2:1
-1
4
-5
5:0
104
-103
0
-1
2:0
1
10
-11
0
19
-2
-16
18
-13
-6
2:0
6
-2
-4
3:0
8
-8
0
6
-6
2:0
1
-1
2
2:-1
1
0
3
-4
3
-1
-2
2
-2
2:1
-2
6:0
5
-4
-1
0
2
-2
2:0
2
1
-2
0
11
-11
-1
3
-3
2
-2
2:0
9
-7
-2
5
-1
0
-4
1
-1
1
-1
2:0
1
0
9
-9
-1
3
-2
-1
9
-9
0
3
-3
1
3
-2
7
-9
8
-7
-1
0
1
-1
0
1
-1
0
3
-3
5
-3
-2
2
-2
0
1
2
-3
0
5
1
-6
2:0
6
-4
-2
0
2
15
-17
24
-24
2:0
15
-12
-2
2:0
-1
3:0
2
-2
2
47
-48
1
2:-1
0
4
-2
0
4
-5
3
-2
25
-26
-1
2:0
1
8
-8
2
-3
17
-16
6
12
-17
1
52
-55
5
-5
6
-4
5
-7
4
-2
3
-5
1
-1
0
21
-21
20
-19
-1
1
4
-4
-1
2
0
-2
6
50
-51
1417
-1418
68
-49
-18
-2
-1
1
0
2
-5
0
1
0
3
-4
4
-4
1
10
-11
1
3
-3
12
-10
2
0
-5
76
-76
10
2:0
-10
2
-1
1
9
16
-27
0
2
39
-35
3
-7
-2
2:0
320
-283
-25
-11
2
-3
0
5
-5
6
2:-3
4:0
3
-3
1
3
-2
0
27
5
-30
-1
225
-228
2:0
33
-33
2
-1
1
-1
11
-12
2:0
13
-3
1
-8
64
-17
-45
-3
-2
3:0
1
-1
0
12
420
-423
17
98
-123
2:0
12
2:-5
105
-108
1
510
-511
7
56
-63
3
3:-1
1
5
-6
0
2
58
-59
9
-10
0
1
113
-56
-52
-6
3:0
3
-3
63
21
-77
32
31
-65
-5
3
-1
2:2
-1
-4
20
-16
-5
9
-9
3
12
-15
18
-10
23
6
-37
46
-28
-18
1
0
-1
1
71
-68
-4
4
17
-21
3
-1
-2
5
-4
3
2:-1
-2
0
151
-147
-4
3:0
12
-11
-1
7
486
-493
0
2
19
-20
4
-5
3:1
-3
7
111
-117
-1
2
-2
0
5
-2
-3
7
-5
6
-7
88
-89
1
21
-20
-1
0
1
0
2
1
4
-6
-1
-2
2:0
10
-10
5
-4
1
2
2:-2
14
-11
2
3
8
-16
0
2
-1
0
5
19
163
-173
231
-246
7
-7
0
94
254
128
-476
2:0
3
0
-2
177
-172
0
1
6
-7
-6
11
-11
3
28
152
-183
2:1
11
-13
6
2:-3
1
15
4
-20
28
60
-2
-84
19
-19
48
-49
-1
0
1
16
-11
-5
0
3
-3
6
-7
0
3
-3
107
-102
15
-20
0
11
-8
-2
7
14
4
105
-129
37
-39
25
-25
1
0
4
1
7
-13
0
3
38
-41
0
1
5
-6
0
3
-1
20
-22
4
-3
123
-124
16:0
1
-1
0
1
-1
2:0
1
-1
20:0
1
-1
13:0
1
-1
8:0
1
-1
17:0
1
3:0
1
-2
23:0
1
-1
12:0
1
-1
5:0
1
-1
5:0
2
-2
8:0
2
-2
9:0
3
-3
0
1
-1
6:0
1
-1
7:0
2
-2
6:0
2
-2
6:0
3
0
-3
7:0
1
0
-1
8:0
1
-1
6
-6
1
-1
1
-1
0
5
-5
3:0
1
-1
2
0
-2
2
-1
0
-1
8:0
1
-1
2:0
1
-1
8:0
2
-2
0
end
