v1
995
207
156
52
169
159
33
305
43
105
27
25
84
31
24
14
34
8
18
26
78
89
70
12
26
15
100
96
0
67
10
51
38
37
15
133
40
18
23
92
85
19
1
38
19
17
2
37
7
15
65
81
260
56
58
161
7
66
14
26
59
28
70
226
75
213
140
7
10
275
47
62
191
130
29
162
72
132
19
124
1
9
51
119
0
72
51
13
24
72
39
22
12
27
40
9
67
152
52
1
43
10
0
14
91
89
0
22
19
13
11
38
5
32
55
112
136
42
40
135
91
129
29
65
379
22
72
33
228
41
0
25
150
0
6
31
55
33
137
277
114
143
20
24
132
86
194
63
36
43
7
79
90
20
93
85
64
63
30
45
147
33
29
1
39
41
53
27
13
73
74
33
4
106
80
24
46
125
87
21
40
87
57
27
3
71
38
16
97
40
228
83
30
357
6
79
82
44
108
105
5
31
29
14
33
14
31
77
169
99
85
348
106
67
61
7
221
18
88
39
55
30
61
111
72
95
28
66
50
52
21
0
37
27
28
56
37
41
194
77
332
7
84
34
153
9
18
96
106
169
16
32
11
50
119
0
65
220
52
70
75
86
30
51
44
170
62
10
8
59
45
5
170
103
22
177
4
27
15
14
12
33
2
4
3
10
19
25
13
5
0
4
2
13
6
2
8
3
6
2
22
1
46
5
11
3
110
7
11
2
3
1
13
10
73
22
9
64
9
62
4
53
14
0
14
32
18
0
30
35
3
38
16
38
31
113
118
210
164
73
78
66
29
22
98
94
92
39
32
128
35
0
86
10
123
110
98
119
87
10
33
1
5
24
92
159
125
54
61
60
141
85
101
41
36
54
0
108
58
117
32
5
53
44
185
129
22
253
6
31
54
56
53
108
20
8
10
5
31
2
66
17
70
86
20
17
54
52
93
83
381
12
52
123
9
1
0
40
129
629
199
0
10
92
71
5
17
231
21
60
55
56
109
2
24
55
102
56
130
1
63
12
50
165
752
44
19
11
66
181
12
0
21
29
1
89
0
57
10
40
6
44
36
128
19
38
58
9
2
7
8
106
41
104
219
57
53
447
162
2
36
45
20
82
16
68
18
360
55
37
1
174
16
4
50
121
8
11
32
6
37
31
105
184
51
38
100
40
14
47
31
25
1
4
35
20
72
20
88
153
59
5
20
3
104
71
18
5
33
118
106
0
102
17
75
61
42
0
16
40
23
9
13
8
30
9
63
38
108
33
10
64
2:28
3
31370
5
1
21
9
12
31
16
23
122
33
0
53
14
0
30
37
136
28
8
48
112
36
8
13
9
932
111
7
170
87
24
71
105
61
15
3
10
37
9
272
3029
2211
2
326
1553
1711
659
703
2067
1435
13
1016
0
5116
3236
410
1090
1150
811
741
3214
2526
2463
3
5105
1825
2169
819
4449
2
4
8
8029
17
31
2
2826
882
943
15
19
0
4486
3104
1
6
2
8
2
5
1
1427
14
7
3502
116404
0
1
3543
1
7741
73
9417
28772
2624
961
22
32
10
22
9
17
0
7
9
165
73
1
19
53
4
0
15
17
5
81
54566
731
85
54
20
88
69
7
2
27
18
38
1
6
12
1
16
36
26
67
4
12
27
10
1
2
3
0
5
2
2:1
6
5
2
1
82
643
7
22
20
4
52
14
106
12800
3480
2931
1723
3093
10208
7980
813
247
825
280
78
1006
10
46
665
436
532
2
3:1
5
1
5
11
9
19
1
2
39
5
42
10
11
13
1
19
1
39
6
3
28
3
1
11
20
11
1
47
4
6
31815
7115
1127
223
26
64
176
69
31
59
310
231
125
1
46
243
7
13
12
31
25
17
92
19
11
43
37
24
25
86
140
2
9
57
9
1
0
8
41
103
47
26
5
7
0
3
2
8
9
25
173
13
87
113
99
35
103
70
1
4
13
6
3
0
14
15
22
1
72
14918
9
2005
13
9722
2:1
81
69
7
0
5
102
14
28
30
6
26
13
6
47
9
35
11
19
22
5
40
0
9
7
36
2
22
48
14
26
12
81
23
16
46
0
3
50
8
2
18
-489162
705
182
272
338
1324
81
753
1312
51
78
497
34
1637
61
674
31
772
169
289
140
654
170
77
185
254
635
568
135
696
683
309
2289
680
764
268
1112
253
210
216
244
105
501
181
496
673
253
362
287
133
2267
1435
464
1342
66
732
203
16
567
117
893
257
680
553
184
1512
31936
15
389
1036
260
6167
1878
2065
25981
10839
1300
17436
22079
148476
9157
209
7482
48116
57
92
1281
42
45559
1841
41646
901
250
48
329
159
15343
12168
325
3
1426824600
894:0
1
99:0
56
-56
2:2
64
-63
-5
1
131
-126
28
-31
18
-3
-1
54
-66
-5
4
79
-83
6
-1
-5
3
-3
3
1
-1
8745
-8745
5
31
-10
-5
5
-25
1
-3
4
27
-20
-9
895
-896
-1
1743
-1730
16
-23
20
-26
18
-4
-13
9
-7
20
-1
762
-781
-3
728
-728
69
90
-147
-14
3
-1
368
-289
-77
13
-12
144
-106
-43
19
-17
6
2:9
-1
-16
9
-11
3
10
139
-143
-13
75
-71
-7
16
-12
96
-100
7
51
1
-53
-6
226
3
446
-670
-5
9
-6
-3
13
-10
9
-8
5
28
-35
105
55
-162
27
-25
449
-448
0
19
-11
2
152
-158
1
0
1352
-1360
0
36
-28
-5
50
39
-68
26
-40
14
48
-70
37
-37
28
-27
28
-19
-10
-2
3
-1
14
-16
2:3
4
-8
0
2
129
-127
-4
3
19
-18
57
-63
159
-156
211
-208
-3
7
-5
9
-12
1
-1
22
-21
50
-51
3
-2
705
-698
146
-121
-33
0
2
898
-896
-3
6
-9
2
26
-25
-3
8
15
-19
15
665
-682
2
142
-139
5
-7
53
-58
36
-36
0
10
12
-20
3
-5
0
4
0
79
-78
-3
4
-2
-4
145
-131
-12
172
-171
4
0
1
-8
554
-530
506
498
-1025
0
-1
12
-2
-10
0
-2
67
-67
11
1
14
-19
43
-48
195
183
-371
-7
33
-16
-17
168
-168
36
344
-380
348
-317
82
-112
7
-7
-1
245
-229
-18
11
2
-10
3
136
-142
4
2
0
-1
-5
5
12
13
-5
-25
19
-17
-2
134
-76
-15
41
-59
233
-253
105
1
-96
977
-990
-2
2
6
-2
-3
-1
57
1
573
-529
-102
1
26
-19
-5
9
133
-147
5
205
-205
-5
17
-6
257
-262
12
22
-39
3
21
3
-28
2
24
252
-274
-1
2
86011
-85987
16
4774
-4819
177
-177
48
-42
-6
37
155
-125
-65
147
-148
7
-1
11
-18
6
-3
10
-8
-3
700
-682
-16
-2
1
45
-46
5
-7
2
5
45
-45
3
50
483
-524
-12
21
-28
5
4
-9
83
-81
1
3
-4
4
55
-39
-16
3
-9
0
77
-73
0
-2
313
-300
-11
-1
-3
67
-65
2668
-2567
-71
334
-356
-10
26
-6
-18
7495
-7495
1297
-1064
-233
2
-1
-3
18
-18
102
-95
-1
17
16
-32
7
-2
-12
5
6
18
170
-164
675
-708
1
102
-96
1332
-1318
44
-62
49464
-49464
3
418
62
-486
4
44
-45
29
-15
-16
10
-6
158
-74
-85
66
-72
47
-47
3
2699
-2658
521
-472
-51
-39
-1
22
-22
6
-8
604
-471
-133
24365
-24200
-162
789
-792
3818
-3793
-18
-1
3
269
-229
-27
1368
-1381
9709
-9692
-18
33
239
-280
2
4
2
-7
2
3
-4
6
-1
-3
2:0
9
-9
-2
0
3642
-3633
-8
-1
-2
1021
-812
-150
-56
0
-1
1969
-1825
335
-422
-57
7
53
-60
3
-1
0
11
-11
0
1220
-1218
1092
-1098
5
12
258
-85
-132
-58
49
-46
-3
15
-12
-3
24
-3
2
207
-227
90
2:-11
-60
-7
155
56
-206
1611
-1547
-71
-2
3
238
-241
0
8
-2
-3
1027
-1030
0
4413
-1294
-3119
35
-32
41
-42
14
543
-559
12
-6
94
-95
-5
3
1
-3
3
7
-1
0
39
-45
0
-4
6
119
-115
-9
28
10440
-10464
0
29
-34
11
-6
7
3
-10
32
55
345
-404
7770
-7801
1
-3
0
23
-3
2520
-2532
-2
2
-5
20
-20
28
-27
-2
6
18
-3
11
1424
143
-1590
18
24
-50
6
2
-2
21
30
-42
2
-12
8
7
162
-178
8
539
-548
-4
12
6
316
-285
-46
-3
19
-18
3
-3
4
60
-48
7
38
-58
25
-20
-1
-7
3
-6
8
-8
10
-6
398
-374
-25
3
13
-17
74
-3
-70
5
-6
69
-69
6
39
20
-39
97
-119
-4
0
10
-5
4
3
52
-66
8
-5
2746
17231
-19973
1334
-1336
-5
10
-5
7305
-7307
32
-28
-4
3784
6729
-6551
-3752
-213
17
-1
14
-9
1220
-1241
0
3
36
30
160
293
-520
45
136
-183
18
522
519
-1057
-2
24
-20
8
18
-19
23
-30
-1
5
26
-5
-27
56
-54
17
403
588
-932
1448
-1524
0
1158
-1111
123
-171
908
-908
11
-2
-8
15
-10
165
-158
-16
31
-16
60
-41
-25
7
-13
-1
6
-5
15
-10
-2
34
-40
4945
-4887
986
-1040
77
-51
217
-245
2162
-1781
609
-139
-846
1
2519
-2517
992
-974
-26
66
-44
35
-56
0
140
-140
2
37
168
-210
8
-2
38
-42
20
5
0
-27
8
34
-39
93
-94
69
-67
0
62
-61
23
4397
-4423
-1
70:0
1
-1
27:0
1
2:0
1
4
-5
2:0
9
-9
4
-4
1
2
-3
7
-6
-1
1
-1
9:0
128
-128
2
2:-1
1
0
-1
3:0
2
1
-2
19
-20
0
31
-31
19
-19
2
2:-1
0
1
22
-23
0
2
6
-8
0
2
-2
9
-4
-5
4:0
7
-7
1
-1
10
-10
0
2
-2
2:0
4
0
-4
2:0
1
-1
4
-3
0
-1
1
-1
3
-1
-2
0
1
5
0
-6
0
4
0
-1
-3
4:0
1
-1
3
-3
1
-1
2:0
6
-6
1
-1
4
-4
4:0
3
-3
0
1
2
-3
0
6
2:-3
3
2:-1
2
0
-3
11
-11
2
-2
2:0
6
-3
-2
-1
2:0
2
-2
0
2
-2
3:0
9
-9
0
2:1
-1
1
-2
2
0
20
-22
7:0
4
-4
1
2:0
-1
8
-7
1
2
-4
1
-1
18
-18
4:0
2
-2
2:0
4
-4
2
5
-7
1
3
-4
1
-1
3
-3
3:0
2:1
-2
1
-1
3:0
4
1
-5
3:0
4
0
-3
21
-22
1
0
-1
0
33
-33
16
-11
-5
2:0
1
0
-1
0
2:1
-2
0
1
0
-1
2:0
4
59
-61
-2
3
2:-1
4
-5
5
2
-6
11
-10
4
-6
2
-2
0
35
-33
-2
2
0
-2
0
3
-3
0
1
2:0
-1
1
-1
13
-11
-2
1
-1
4:0
14
-12
9
-11
28
-28
4
54
-58
0
1
2
0
-3
0
9
0
1
-2
-8
0
4
-2
-1
3
15
-19
0
17
-16
-1
1
-1
5
-5
0
4
-4
1
3:0
-1
5
56
-59
-2
8
1638
-1641
-4
89
-90
24
-24
8
-5
-3
6
-2
-4
2
-2
3:0
1
-1
0
1
0
-1
0
17
-5
-12
1
-1
7
-7
4:0
8
-7
2
-2
93
-94
0
7
-7
0
1
-1
14
-14
0
2:1
-2
3
-1
-2
1
-1
0
15
-15
2:0
38
-35
-3
3:0
2
52
-49
-3
12
-11
-3
4
-4
0
390
-390
49
-34
-14
2:0
-1
2:0
5
-5
0
7
-3
-4
5:0
7
-5
1
42
-45
1
-1
0
60
-51
-6
-3
248
-248
1
-1
38
-38
3:0
3
-1
-2
1
-1
16
-15
-1
15
-15
9
-9
0
18
-14
77
-36
-40
-5
1
0
-1
3
-3
1
21
-22
562
-543
-19
28
-28
177
-174
-3
0
2
9
1
-3
133
-140
711
-710
-3
7
78
-85
3
-1
0
-2
0
1
-1
2
0
1
-3
0
1
0
-1
0
7
-7
3:0
67
-63
7
-11
1
-1
137
-137
64
-57
-7
5
-5
0
3
-3
0
2
-2
0
68
-68
99
-99
0
7
37
54
-87
-11
3
-3
4:0
5
3
-8
32
-32
6
-6
8
-8
0
9
15
-24
31
-21
-10
2:0
35
-35
4:0
43
-43
0
66
-40
-26
2
-2
2:1
-2
96
-96
1
2
25
-28
3:0
1
0
1
0
-1
1
-1
0
-1
2
0
-2
0
5
165
-170
0
6
-6
0
1
5
0
-4
0
20
-21
6
634
-641
1
-1
0
1
-1
26
-26
1
2:0
2
-2
-1
1
-1
2
3:0
7
130
-137
-1
1
-2
0
2
-2
4
-2
4
-4
0
-2
7
-1
2:-2
120
-122
0
5
-4
35
-32
-4
0
9
-9
2:0
4
6
-3
5
-5
-7
4
-3
6
-7
3
-3
3:0
4
-4
4
-4
1
2
-1
2
2:-2
2:0
16
-16
2
1
4
-2
8
-13
1
-1
2:1
2:-1
6
-4
2
-2
31
198
-229
14
-16
1
0
-1
266
-266
6
-5
-1
126
481
41
-648
2:0
3
-1
2
232
-236
2:0
6
-2
13
-14
-1
2
14
-18
4
27
179
-208
-2
1
0
-1
11
-9
10
-10
-2
2:0
9
-9
2
-2
4
15
8
10
69
-106
0
128
-125
16
-16
56
-59
1
0
-1
2:0
12
2:-6
2:1
-2
11
-11
2
2:-1
7
-6
0
-1
0
10
-10
160
-155
19
-23
4
-4
7
-8
34
4
164
-196
-6
0
51
-51
37
-36
-1
1
0
11
-11
-1
14
-14
0
3
66
-69
2
2:-1
0
6
-2
1
-4
0
1
-2
3
-2
27
-28
0
5
-4
-1
143
-143
36:0
1
-1
12:0
1
-1
1
-1
21:0
1
-1
23:0
end
