v1
1126
297
446
30
456
52
124
15
48
8
488
105
14
70
482
38
19
17
39
22
28
492
122
39
84
88
324
142
44
102
580
152
159
34
200
106
154
195
160
111
81
96
258
194
140
167
160
50
8
355
364
530
156
256
277
214
43
20
406
93
79
196
276
314
160
193
110
275
431
494
147
0
295
339
69
57
376
433
64
42
135
186
180
85
244
95
281
28
6
276
349
113
300
94
275
96
781
294
59
345
208
29
28
17
6
32
6
19
18
68
47
2
3
14
110
24
118
82
12
62
59
14
50
30
35
57
38
15
2
127
118
447
173
120
225
281
133
0
110
314
33
6
116
284
175
141
85
142
259
146
272
15
404
37
299
15
31
2
382
41
365
58
105
64
111
9
36
763
301
83
262
115
165
2
181
187
75
50
991
1
246
33
29
38
209
36
128
126
7
8
147
433
611
101
184
415
37
175
70
121
8
11
32
109
4
250
89
100
54
47
50
6
5
55
72
20
2
86
153
64
23
193
3
2
257
194
251
218
34
92
31401
5
22
9
204
130
85
88
76
8
112
36
30
1152
68
92
256
18
47
9
3301
2211
328
1553
5140
10816
2650
811
3955
4989
6920
13
2988
1797
1267
1385
2
4
10
12743
2466
5143
19
5
1428
3523
119949
7717
24
73
9417
32411
10
18
4
26
16
238
73
36
5
55530
7
157
36
57
6
12
17
145
27
24
1
6
5
817
123
16293
4654
3093
10208
7980
2165
78
1062
665
436
330
202
2
7
1
17
28
3
39
47
54
40
37
3
1
90
4
5
1
30302
1513
8465
26
64
176
69
7
24
181
544
1
309
68
17
202
49
39
189
9
57
2:9
119
25
73
12
47
273
247
128
13
56
17
37
1
72
14927
2018
9723
1
81
69
12
116
4
24
62
13
62
65
22
61
36
2
22
128
3
50
23
16
49
50
8
2
-489102
118
23
137
226
11
52
147
74
0
189
140
179
93
89
53
300
15
3
130
86
87
3
89
32
12
187
90
221
61
340
425
1
281
709
22
67
35
301
120
45
106
38
362
119
116
37
68
12
67
9
219
96
2:113
19
579
121
1
71
29
108
8
16
1
367
27
6
45
288
253
58
448
0
68
229
0
43
9
133
33
194
190
9
232
85
146
11
45
158
178
194
37
27
145
22
16
144
79
245
25
33
38
39
63
26
27
36
228
13
312
176
113
316
12
17
92
0
123
250
168
325
47
99
98
13
92
25
18
182
85
35
82
380
4
21
16
48
0
52
48
235
141
18
250
278
27
30
157
15
41
19
140
58
84
55
321
16
99
142
20
247
90
112
5
146
19
311
26
25
17
117
1
2
6
5
2
8
11
102
1
110
13
3
61
44
23
45
19
10
18
95
5
181
88
4
55
240
457
149
49
402
35
196
161
276
44
225
234
27
34
330
57
45
55
28
54
57
212
97
313
1
27
254
17
124
30
151
18
5
99
17
70
786
5
59
133
40
662
285
10
178
17
31
281
79
0
1
25
6
177
224
56
153
24
146
556
185
44
48
342
96
50
2:6
32
12
83
94
187
122
2
281
111
363
184
15
36
48
45
118
94
237
167
543
328
292
4
39
54
273
85
25
85
22
103
5
137
176
74
111
2
40
15
1
38
2
32
13
8
30
72
41
72
33
107
13
46
31376
5
4
64
9
37
119
82
7
4
95
92
125
134
954
148
50
201
71
105
407
2688
18263
3626
5473
2969
2466
790
830
3485
3997
1741
11604
13
2826
882
943
1548
921
2009
3154
9
8
1414
4066
11418
104457
3543
7717
21
58
23
40809
972
50
58
59
71
44
19
74
21
36
51
2
36035
18596
731
85
133
105
2
1
29
15
22
2
14
5
15
52
96
50
3:1
3
1
6
15
733
20
2
14
6
0
172
4
3445
4380
2
4973
2890
9515
18070
825
1186
44
143
1683
2
6
0
5
1
39
60
38
25
20
7
1
37
61
40453
7
63
166
120
104
407
172
250
56
27
107
19
226
50
39
83
26
3
44
22
150
31
5
222
13
437
88
77
14789
14
126
45
2
39
11708
151
147
1
16
19
1
9
28
15
104
54
41
66
3
21
24
29
2:12
183
23
45
-489151
210
301
238
45
219
69
400
212
85
41
48
120
15
164
5
9
6
48
120
164
150
747
83
579
20
140
169
52
364
121
200
64
125
136
15
156
269
25
171
1858
105
263
97
40
33
184
13
58
43
225
545
825
274
46
19
14
462
181
105
467
561
304
181
260
101
132
317
403
108
152
243
98
277
116
80
606
108
147
242
28
148
727
270
94
493
26
5
170
291
214
27
2
15
8
274
28
248
114
207
105
17
244
724
112
59
22
40
80
331
124
713
28
593
958
247
747
157
42
207
47
701
89
144
187
2
196
381
1
55
158
82
142
1012
321
248
219
331
98
182
662
351
296
31
548
10
114
191
207
63
530
0
129
106
468
174
7
66
105
189
3
31520
222
54
215
170
1230
116
41
31
71
2234
3782
1878
15619
425
24145
2217
8065
32
4684
3432
4165
14
132676
27759
14078
108
123
2
116
87
6704
48729
604
18
768
113
45533
1693
32
69
73
25
44
41147
444
9
375
149
88
163
282
41
643
93
15102
1977
9862
50
41
19
398
38
28
272
1426295400
399:0
1
499:0
1
225:0
30
703
-552
1455
-1567
356
15
-282
-124
44
-16
13335
-13375
1009
-1012
308
780
53
-942
-199
236
-223
761
-760
1062
-1072
30
21
122
-150
11
48
-83
162
-162
770
-765
83
-50
-31
41
78
285
27
-425
2
-19
32
122
-154
10
12
765
-754
14
65
-111
23
10
11
-40
1131
-1126
34
-14
426
-107
-123
87
-243
2
42
426
-516
97
115
-209
8
5
109
-131
-3
5
-19
10
-10
0
23
-21
1
404
-356
270
58
-373
7
529
-538
118
-79
37
1255
-1329
-5
669
-606
-51
156
760
-897
118
-129
19
-28
206
-60
2462
-2614
108
-92
1
54
3
119
-180
-7
14
3
-21
391
-290
-38
242
-222
-91
65
4
343
182878
-183066
11168
-11298
-60
221
-240
35
70
53
-170
-1
370
5113
-5461
167
-192
2
711
-570
236
-320
-53
-2
56
44
-94
-5
95
101
-192
5
2457
-1179
-1167
-107
10394
-8499
-1817
-75
-18
101
-83
33
-31
-2
-7
815
-156
-660
82
25665
-24908
-837
22
118
-29
-33
-29
212
-254
2815
-2596
-216
-17
25
-33
27
268
69834
-70119
96
3546
988
-4628
53
-59
32
219
-212
4075
7800
-11749
-115
319
-364
26
31
-54
1932
-1905
1111
4423
-5310
-87
-113
1389
-590
-565
-273
242
-41
1913
-2078
-20
-38
18
384
-238
148
-166
267
-211
1678
-1734
104
641
4528
-4653
-768
7
87
1084
-1061
-84
-20
-14
108
-87
-6
59
-72
6
26861
-26844
-2
-7
74
-66
454
-456
8495
-8498
-14
119
1012
-1132
4
116
-70
29
5999
-5891
-179
53
44
32
-102
-31
447
-354
-77
490
-433
-52
138
-137
1
-21
16
-17
123
141
-267
116
-121
41
-31
28
46
-82
4
2
13
757
6024
-5062
-226
5095
-6606
489
8564
-3979
-5051
-11
177
1553
-1745
7
83
115
5
-201
-11
334
-301
38
193
1399
-1651
4
-3
11
-4
-12
483
2766
-3162
1844
10854
-12760
138
4398
-4387
-125
-32
23
1313
-1359
56
-11
9265
-9118
156
-215
103
817
-627
-256
-139
1783
-1624
-192
2:1
15
148
-155
470
-471
351
-321
69
-106
55
-42
2835
-2644
-37
-3
-131
10325
-10375
3
2
-6
3
-2
11
-12
2
0
2
11
-12
9
-11
1
2:-1
11
4
-9
-5
0
-1
1
-1
2
-2
5
2
0
-7
0
9
0
-2
0
1
-1
-6
6
-5
2
-2
0
-1
7
-2
-5
1
-2
8
-8
2
10
-11
0
3
2
-6
0
9
-4
2
-5
-1
10
-6
-2
2:6
-8
-2
0
-1
1
0
5
-7
5
7
1
2:-4
-8
5
0
5
2:-2
7
-12
4
-5
0
6
-6
2:1
14
-14
0
1
3
2:-3
4
-3
2
0
-3
2:1
-2
0
15
-12
0
-3
3
1
3
-4
-3
1
12
-12
-1
2
8
-3
-4
2:-1
0
-1
4
-2
2:0
3
7
-11
7
-7
10
-9
-2
15
-12
2:-1
1
-2
9
-2
-1
-6
1
2
4
-6
-1
2:0
5
-2
13
-7
2:-3
0
5
-7
2
-3
14
-14
7
0
-7
10
-7
11
-12
5
-2
5
3:-3
1
-2
5
-3
-2
2:1
13
-14
-1
10
-2
-6
4
10
-7
-1
1
-9
1
5
-2
-4
4
2:-2
0
12
-7
4
-7
3
5
-10
15
-12
7
-6
12
-5
-4
9
-6
-10
9
-7
13
-12
0
5
-8
5
-3
13
-13
0
-1
0
6
-1
-5
4
-4
2:0
6
-6
10
-11
4
1
5
-5
7
-10
6
-6
2
-4
7
-6
13
-13
14
-8
-2
-4
1
2
-1
-2
3
-4
3
5
-2
-4
2
-4
4
5
-5
5
-9
11
-10
2
3
2
-1
-7
15
-13
0
-1
0
5
-6
2
0
7
3:-3
13
-13
16
-14
4
0
3
-9
0
9
3
-4
-7
2
-3
7
6
-11
2
-3
13
-5
4
2
-11
0
-3
3
-3
10
-3
-6
-2
2
2:-1
5
2
0
1
-6
-2
5
-3
7
5
-4
-8
-1
2
3
-6
0
2:1
-2
0
15
0
-9
3
-5
-4
6
-6
12
-12
12
-12
3
10
-10
-2
9
4
-7
-4
5
4
-12
7
-6
1
-1
5
9
-14
6
1
-4
-1
9
-7
-5
2
8
-10
1
0
11
4
-7
-9
13
-7
-6
8
1
-3
-6
8
-8
10
3
-8
0
3
-4
4
-1
6
-3
-5
2
2:-2
1
3
-5
8
6
-14
8
-2
-1
4
0
-5
-3
7
-6
-2
-1
2
-3
0
9
7
-9
-4
2
3
-7
0
-1
0
1
5
-5
15
0
-14
1
-3
3
0
-2
9
2
-9
7
-4
-5
8
-3
3
-7
2
-4
2:1
3
4
-6
0
-4
0
-1
1
4:0
-1
0
1
-1
0
1
4:0
-1
1
0
-1
4:0
1
-1
1
3:0
-1
1
6:0
-1
0
1
-1
1
0
1
-2
2:0
2:1
-1
0
-1
2
-1
4:0
-1
1
-1
2:1
0
-2
1
-1
1
0
-1
1
0
-1
1
0
-1
4:0
1
-1
2:1
0
-1
3:0
-1
1
3:0
-1
1
-1
1
3:0
-1
5:0
1
-1
1
3:0
1
-1
2:0
-1
0
1
-1
0
1
0
-1
1
-1
1
0
-1
0
1
-1
0
1
-1
0
1
0
-1
1
0
1
0
2:-1
1
-1
1
0
-1
1
2:0
-1
0
1
5:0
-1
0
1
2:0
-1
1
-1
6:0
2:1
-1
6:0
-1
1
2:0
-1
0
1
0
1
2:-1
1
-1
1
-1
2:0
1
0
-1
1
-1
0
1
-1
1
0
-1
0
1
2:0
-1
1
0
-1
1
0
2
1
-2
9
-3
-6
2:3
-5
3
-4
192
-192
4
-3
24
-23
39
-12
-28
-1
0
3
-2
7
-6
-2
6
16
-18
5
-6
-3
16
-15
-1
3
-2
10
-10
1
2
-1
0
3
-5
-1
0
7
-7
8
-8
24
-22
-2
8
-5
-3
11
-10
0
3
-3
1
0
5
8
-4
-1
-10
0
16
-3
-11
2
-4
4
0
1
0
-5
2
-2
1
2
4
-7
3:0
31
-31
43
-15
-28
4
58
-60
4
-3
8
-10
5
-3
75
-78
2:3
-2
19
-16
-4
0
-3
24
11
90
-123
6
-1
-7
10
4
2
-10
2:-3
7
-3
16
-2
-9
-3
7
-12
2
0
67
1972
-2039
118
-99
-14
3
-8
2
-4
24
-24
0
21
-19
4
17
-23
0
85
-71
3
-18
5
3
-8
6
-4
-1
28
6
-34
-1
69
-60
10
-16
784
-704
-75
-7
0
13
2:-7
3
-1
5
43
-2
-38
-9
338
-282
-53
-1
15
-16
34
-22
1
-12
156
-82
-72
-4
-1
3
-1
33
950
-977
-8
71
148
-219
6
-2
-3
15
-6
195
1795
-1985
-15
108
-104
-2
8
-5
144
-125
-22
211
-188
-16
-9
100
-94
73
-77
16
30
183
-221
-3
-5
-1
56
-50
-2
-4
15
26
5
-24
25
3
35
-3
-82
1
-1
119
-117
4
-7
10
29
-35
-4
6
2
-1
209
-215
9
-4
24
-30
0
6
857
-861
-2
1
31
-29
2
1
-1
6
177
-187
10
-2
-8
12
-6
3
211
-180
-37
16
-5
6
-8
-11
-2
4
3
-2
-5
10
-8
16
-12
6
2:-5
17
-18
-1
1
5
-2
31
-17
7
277
-295
108
277
757
-1141
-2
6
281
-290
-1
16
-9
9
-7
-9
-2
2
0
38
252
-288
-2
19
-12
-4
-5
23
33
21
134
128
-338
22
94
-113
7
-4
-5
37
-30
-5
6
265
-256
7
-5
-12
14
12
-29
1
54
-29
-32
0
4
1
4
-7
107
-107
19
-18
7
-7
2:0
1
49
-49
3
-6
83
-84
0
1
-1
0
1
-1
13:0
1
-1
11:0
1
-1
0
1
-1
2:0
1
2:0
-1
1
0
-1
2
-2
2
-2
5
-4
-1
8:0
1
-1
1
-1
0
1
0
-1
4
-3
-1
2:0
3
0
-2
0
-1
2
3:0
-2
2
-2
2
1
-3
1
-1
1
-1
5:0
1
0
-1
17:0
1
-1
0
1
0
-1
1
-1
0
2:1
-2
0
1
-1
2:0
2
-2
3:0
3
-1
-2
2
-2
8:0
2:1
-2
5:0
1
-1
1
0
-1
6
-6
0
2
-1
0
-1
1
0
1
0
1
-2
0
1
-2
1
-1
0
2
-2
4
-4
0
1
-1
5
-5
3:0
2
-2
0
4
-3
-1
2:3
-4
-1
2
-3
2:0
2
-2
2
-2
0
1
4
-2
-3
1
0
3
-1
-2
-1
0
3
-2
1
-2
6
-4
-2
2:0
2
0
-2
3
-2
-1
0
4
-4
2:0
2
5
-7
1
-1
3:0
3
-2
4
-5
2:1
-1
1
2:-1
0
2:1
-2
2
-1
5
-5
-1
3:0
2:1
-2
1
2
-3
2:1
-2
0
1
2:0
7
-7
-1
2
2:-1
1
-1
1
0
-1
1
-1
3
-2
-1
2:0
1
-1
4
-4
3:0
1
2
-3
2:0
4
-4
0
1
4
-4
-1
2:0
1
3
-4
2:0
6
1
-6
2:0
-1
3:0
2
2:-1
0
1
0
-1
4
-2
2
-4
2:0
1
0
5
-5
0
-1
0
1
2
-3
2:0
1
-1
0
3
-1
-2
0
1
-1
1
-1
2
-2
1
-1
2
-1
0
-1
3
6
-9
0
8
-8
3:0
1
-1
0
4
-4
3
0
-2
-1
3
-3
2:0
2:1
-2
2:0
24
-22
-2
3:0
2
2:0
-2
3:0
3
-1
0
-2
0
1
3:0
2
-2
2:0
-1
2
-2
0
2
-2
0
3
-2
2
6
-9
0
2
-2
6:0
4
3
-6
-1
0
1
-1
1
-1
0
2:1
2
-4
1
-1
4:0
2
-2
0
6
-6
3:0
3
-2
-1
5:0
1
-1
8:0
1
-1
12:0
29
-29
10:0
1
-1
15:0
1
-1
2:0
1
-1
3:0
1
-1
25:0
1
-1
0
1
-1
3:0
1
-1
27:0
1
-1
2:0
1
-1
2:0
1
-1
2
2:-1
8:0
2
-2
1
-1
4:0
2
-2
8:0
1
-1
26:0
2
-2
3:0
2
-2
2:0
2
-2
1
-1
9:0
1
-1
0
1
-1
8:0
end
