v1
865
55
262
236
31
159
486
27
4
10
11
84
55
48
2:65
317
49
66
53
381
228
56
22
28
32
86
260
275
7
17
60
88
612
140
421
171
68
91
136
26
72
36
239
180
232
96
11
1
12
20
69
7
227
31
194
46
94
126
41
27
133
346
29
38
110
134
155
96
28
365
6
21
166
117
74
34
277
109
136
12
229
34
256
136
66
30
43
22
9
62
85
303
108
1
160
138
22
33
110
104
151
20
297
22
30
82
181
255
58
82
225
81
54
234
105
69
57
31
406
220
35
223
135
104
82
35
18
125
32
25
30
172
167
12
242
27
2
26
93
50
185
53
363
271
123
291
212
291
277
81
7
287
59
50
172
116
7
173
2:4
26
1
29
45
38
25
18
26
12
77
2
3
124
7
17
23
95
73
9
12
50
12
59
64
30
5
30
3
35
3
16
31
24
73
172
85
134
220
1
7
173
103
17
225
160
35
146
73
110
98
164
40
2
10
39
116
146
138
54
121
141
85
101
41
256
3
146
0
24
19
59
170
15
156
248
37
299
10
5
33
153
229
41
516
12
22
153
9
41
758
192
7
102
71
12
10
7
305
55
50
6
109
2
24
157
0
187
75
50
6
569
80
77
66
154
9
23
254
33
29
147
50
6
38
42
53
37
38
2:29
68
7
8
106
41
323
50
60
447
63
182
20
182
2
242
170
3
37
131
44
17
53
63
58
8
11
32
43
88
86
8
138
89
100
54
47
56
5
235
153
59
5
20
3
99
5
89
5
0
9
110
138
70
242
1
81
51
63
155
34
64
28
31401
5
22
9
82
155
53
44
5
19
61
88
76
8
58
54
36
8
22
932
111
87
22
179
71
166
18
25
22
9
272
3029
2211
328
1553
3764
1376
2464
8352
2650
811
3955
4992
6930
2988
4449
2
14
8068
9
5
3703
943
15
2466
983
4179
5
1428
3523
119949
7741
73
9417
32305
106
10
22
9
24
9
125
50
63
1
108
5
16
65
54726
656
74
157
7
2
27
18
22
17
0
6
12
17
129
16
27
12
1
3
7
2:1
6
5
2
40
43
643
29
14
6
70
106
3445
12835
4654
3093
1178
3879
5151
3251
4729
813
247
1183
873
189
665
436
532
2
3
2:11
31
39
19
28
10
25
19
9
5
26
9
31
1
90
9
1
30302
1513
8238
203
24
7
19
64
176
69
31
59
79
183
269
10
125
1
336
16
25
17
0
77
125
49
86
142
9
57
2:9
14
27
103
30
17
5
21
17
3
14
25
273
41
171
35
84
19
38
37
19
17
15
22
1
16
56
14747
136
35
9
32
1986
9723
1
81
21
48
12
73
43
28
26
36
2
15
58
35
11
19
10
12
61
36
2
21
1
62
26
12
81
23
16
2
47
60
40
-489024
46
429
472
181
503
92
45
132
1325
33
240
707
430
283
81
325
532
96
57
91
0
587
417
477
62
43
10
692
152
128
190
137
151
558
9
664
192
173
329
692
0
54
137
490
170
5
526
10
160
234
526
0
170
373
140
189
0
123
300
718
259
476
66
361
33
46
97
55
558
170
5
103
195
153
41
8
15
41
53
466
32
114
123
189
218
27
14
222
1
6
609
191
0
10
135
126
2
296
21
174
347
432
55
237
250
18
84
173
281
50
91
53
250
17
382
267
199
205
307
676
189
103
93
9
170
258
267
30
85
0
482
270
197
0
92
463
75
492
158
119
69
1188
146
306
81
165
12
23
541
6
764
17
98
3
311
39
26
27
0
56
32
0
21
19
196
153
11
31416
163
108
46
0
1519
177
2478
3782
1878
10074
2324
0
2515
11543
10685
2616
428
2230
8085
0
2814
1873
1514
2930
42
3104
7
1
17
121354
11363
41882
110
0
71
93
57
15
38
7239
28796
18596
731
0
136
111
89
241
78
16
8759
2
10810
28520
6
1
25
20
58
0
51
16
8
14
74
13
20
41487
0
250
13
311
0
161
122
228
48
7
15
636
32
75
15053
35
11889
41
0
97
20
3
304
87
55
183
13
29
1426946400
599:0
1
264:0
7
-3
2
-4
62
-31
-23
2:-3
22
-23
181
-104
-60
0
-12
-3
1
5539
-4993
-143
150
-535
524
-515
-29
3
2
-6
2:6
1058
-941
-100
-18
69
-80
228
-48
-174
15
57
-78
35
-35
8
18
0
-26
5
-2
-3
2
13
-14
1
3
-5
0
-1
2:7
-12
89
376
-466
0
7
-1
4
-10
161
-156
83
-87
1142
-1109
-32
22
-11
-14
129
-86
84
-126
1
31
-28
-4
2
0
-2
0
6
43
-48
-1
21
529
-526
-25
75
-36
-35
2
29
-33
0
147
-149
16
84
259
-346
4411
-4423
261
-254
4
-4
-8
43
8
-47
361
-361
16
-10
21
-24
-3
1
74
-78
22
-19
306
-308
145
-144
12
-6
37
-34
272
817
-1100
-1
2
53
-31
336
-342
-18
35
-34
3
-3
2
55
-46
2
-3
14
429
-442
-5
-1
36
-30
1
22
-28
0
95
73
-131
-31
551
-562
-1
107
-28
11
-82
68
234
-311
4
-1
0
16
8
-27
133
-126
-5
-2
0
224
-68
-148
59
-19
-42
-2
8
56
1668
-1705
92
-123
2
93363
-85667
-4223
-3471
-2
15
-3
28
-29
-10
43
-41
54
-53
2:0
5
-7
2
30
-34
4
15
264
-280
3
209
-204
-5
632
-639
16
-17
45
-42
0
350
-350
-2
335
-335
760
-735
-24
3
2691
-2694
82
-78
159
-163
44
-7
9061
5505
-14589
-14
-1
94
-95
7
64
-62
-5
105
-75
-30
64
-65
56
81
-117
-18
-1
451
-453
1
647
-618
108
-138
105308
-105296
-3
325
-334
2
3
6
-11
173
-173
2:6
85
-98
64
-60
-4
7
12
898
-827
-55
137
-172
0
27
-10
-16
3891
84297
-88183
9418
-7064
-2289
-46
-18
4152
-4155
6902
-6900
-4
5
208
-16
-191
7
-8
1
93
-100
0
16
-16
9
2035
-1998
-23
2
2725
-2478
-151
-121
2:3
347
-355
10
401
-111
-299
0
-1
197
107
-298
49
-37
-12
-4
70
-65
854
-792
-46
18
672
-705
9
230
-178
626
-411
-31
319
-569
880
490
-964
-404
0
407
-328
-75
24
-24
56
-58
-6
18
-17
1583
-1577
50
30019
-30054
-19
18
9
276
-281
5384
-5362
-39
149
847
-1000
-3
0
-2
3
1
0
30
3722
-3755
5
1
24
75
-101
-3
3
42
-46
0
34
10
139
-161
226
-245
21
-1
-23
5
1
-6
27
29
-42
44
33
-90
7
-6
1
-1
5
113
-111
-8
108
-108
1
-1
1
10
-12
32
-32
0
81
-79
39
17
-39
-11
16
-21
5
161
8852
-1861
-7159
978
-959
-19
5934
-5932
-3
19
-19
8686
-5105
-3577
51
388
-439
-3
-1
1
46
-34
-5
269
-268
10
-13
71
-58
-18
8
-8
504
459
-432
-521
-4
36
2
-42
21
5
-15
208
731
-870
265
5180
-5527
16
49
-67
9
-8
1735
-1105
-630
246
1158
-1360
-42
16
-14
-5
3
60
-5
67
-112
-7
7324
-7068
-262
430
-417
126
-85
1732
-1786
79
4353
-4147
269
-537
84
90
-187
180
-108
-73
9
-7
-2
159
1744
-1891
97
-55
83
-139
31
-12
-20
7
-7
12
-9
22
-18
43
-47
41
9743
-9786
3:-1
2:0
2
-2
1
-1
0
2
-2
1
0
-1
2:0
2
-2
0
1
0
-1
1
-1
2
2:-1
1
-1
0
1
0
1
2:-1
1
-1
2:0
1
-1
0
1
4:0
1
-2
0
1
-1
1
0
-1
0
1
-1
2:0
2:1
-2
0
2
-1
3:0
1
0
-1
1
-1
4:0
-1
1
-1
2
-2
0
1
-1
1
-1
2
-2
2:0
1
-1
2
-2
2:0
1
0
-1
1
0
-1
2:0
2
-1
0
-1
2
-1
1
2:-1
0
2
-2
0
1
0
-1
2:0
1
-1
0
2
-2
2
-2
2
0
-1
1
2:-1
1
-1
1
-1
0
2:1
-2
2:0
1
2:0
1
-2
2
2:-1
0
1
0
-1
0
2
-1
1
0
-1
1
-1
0
-1
2
2:-1
2
-2
1
-1
1
2:0
-1
2:0
2:1
-2
0
2
2:-1
0
2:1
2:-1
2:1
-2
1
-1
1
0
-1
2:1
-2
2:1
-2
0
2:1
-2
2
-2
2:0
2
0
-1
2:0
-1
3:0
2:1
2:-1
2
-2
1
-1
2:0
1
-1
0
1
0
-1
0
1
0
-1
0
2:1
-1
0
-1
0
2
-1
0
-1
0
2:1
-1
0
1
2:-1
3
-2
2:0
1
3
-4
2:0
4
-4
2
2:-1
1
0
1
-2
128
-127
10
-3
9
-13
-4
3:0
22
-22
1
10
8
-16
-3
7
-7
1
-1
2
3
-5
0
1
-1
4:0
1
-1
2:0
5
-5
0
3:1
-3
0
1
-1
3
-3
5:0
2
0
-2
1
-1
26
-25
-1
0
2
-2
3
1
-4
2:0
2
-2
1
2
-3
2
-2
1
-1
0
1
0
2
-2
-1
3
-3
2:0
2
-2
0
4
-3
-1
0
18
-18
12
-12
3
-3
3:0
7
-6
-1
0
2:1
-2
0
4
-4
0
3
-3
0
3
-3
0
1
-1
3
-3
1
-1
31
-30
-1
2:0
1
-1
47
-46
-1
2
-2
3
-3
0
6
-5
2
0
-1
43
-45
3
-3
6
15
-17
0
-4
2
17
-7
6
-15
59
-62
1
11
-8
5
-8
0
15
-14
-2
0
1
-1
6
-6
11
-9
-2
2:0
35
-21
-14
6
-5
-1
1
-1
0
73
-71
-2
0
2
1619
-1529
-75
-17
1
3
2:-1
0
-2
0
2
12
-11
0
-2
-1
1
-1
8
-8
1
3
9
-13
1
38
-28
-7
6
-9
4
-5
4
-4
1
11
-12
2
35
-37
0
5
-5
1
45
-45
3
-2
5
-5
-2
0
672
-536
-131
-5
0
4
-3
2:0
1
-2
6
-2
-4
3
-3
7
-5
1
-3
1
40
-41
0
27
-17
-6
-4
463
-456
-7
37
-36
-1
2
-1
1
11
-13
1
0
28
-29
8
-8
0
2
0
83
2:-38
-9
3:0
1
-1
24
686
-708
55
28
-76
2
-5
177
-181
696
-698
1
0
52
1
-53
2:0
-1
0
4
-4
1
0
1
94
-93
4
-5
124
-87
-24
-15
1
4
51
-56
2
-2
50
-48
0
-2
43
85
-125
3
-2
-4
0
5
-2
7
16
-23
-3
2
-2
2
6
4
13
15
-37
22
-25
29
13
2:-21
0
61
-51
2
11
-22
-1
3
-3
1
0
13
-13
-1
203
-203
2:0
10
-10
3
362
-364
1
2
5
-9
7
-7
0
1
2:0
1
130
-132
6
-6
2
12
-11
-1
4
-4
0
-2
11
0
-8
6
135
-142
12
-13
0
3
-4
2
7
-1
3
-10
-1
0
1
9
-9
-1
1
-1
20
-17
3
-5
-1
1
-1
3
-3
4
-2
0
7
-3
0
2:-1
1
-4
2:0
12
15
141
-168
8
-8
-1
137
-137
0
5
-3
263
354
-619
6
95
-99
2:-1
0
8
-8
2
1
-2
5
-6
5
-3
-2
0
1
26
126
-153
3
-3
26
-1
-25
4
-2
0
5
16
51
27
225
-326
2
19
-21
3
-3
48
-47
0
1
7
0
-9
3
-3
1
-1
2
7
1
-4
-6
94
-72
-22
31
-29
0
25
-14
-13
4
34
-15
113
-136
5
13
-18
32
-30
-1
0
2
-1
12
-14
2:2
-4
68
-68
5
4
-9
1
-1
1
-1
1
0
23
-24
2
82
-84
53:0
1
-1
21:0
1
-1
4:0
2
-2
11:0
1
-1
11:0
2
-2
7:0
2
-2
19:0
1
-1
11:0
1
-1
0
1
-1
5:0
1
0
-1
1
-1
0
3
-3
14:0
1
0
-1
0
1
0
-1
1
0
-1
0
2
-2
1
0
2
-3
16:0
1
-1
4:0
1
0
-1
2
-2
5:0
1
-1
1
-1
12:0
1
-1
15:0
end
