v1
722
743
486
191
48
8
607
188
126
219
18
58
56
22
146
305
191
39
172
539
73
140
17
575
393
455
255
16
177
452
65
2:201
365
48
394
129
371
156
256
554
24
43
175
257
79
57
37
102
276
59
211
204
303
275
431
16
97
259
122
388
54
126
173
2:20
69
866
106
128
111
223
39
55
244
125
1
212
239
601
279
115
275
16
750
111
294
109
503
29
45
38
87
76
148
118
73
9
74
40
148
95
262
447
173
120
225
56
358
110
314
39
116
284
54
121
141
227
87
148
24
433
740
48
66
316
41
703
808
301
93
367
50
117
24
344
75
50
1238
265
208
126
7
155
372
61
896
452
175
191
8
11
32
452
100
54
103
5
35
92
108
153
64
23
104
94
702
252
92
51
31350
5
22
9
12
31
165
126
173
84
14
0
98
36
30
0
1043
288
71
166
65
3310
2211
328
1553
5140
10816
2650
811
740
15137
2988
4449
2
10917
1840
7610
18
1433
123472
7741
73
9417
32421
22
33
9
238
109
5
55694
36
63
12
17
29
116
52
6
5
2
951
16280
4654
3093
18188
2243
1062
665
970
25
31
39
47
54
40
37
3
1
90
9
1
31815
8465
26
64
176
69
212
188
356
1
486
387
9
57
2:9
217
34
211
462
13
88
22
1
72
14729
18
141
30
9
2018
9723
1
2:81
116
28
36
26
13
62
87
99
21
49
172
49
58
2
-488964
377
566
284
60
242
85
89
5
3
46
170
143
1013
168
77
3
26
383
16
419
26
259
430
89
306
139
4
47
107
186
96
37
12
19
57
8
211
106
262
72
167
113
695
4
252
4
333
253
365
137
4
253
176
51
36
111
181
82
114
74
62
85
51
13
82
203
63
6
347
260
117
139
453
228
260
619
51
43
47
76
32
5
263
28
288
181
111
66
186
53
456
116
7
66
144
10
61
45
48
36
199
77
64
75
193
278
289
218
62
2
219
157
113
501
112
155
15
130
181
107
69
6
4
15
19
23
3
51
2
17
117
199
101
36
28
4
20
26
30
5
68
19
55
14
113
544
13
86
92
7
501
21
14
74
22
537
242
27
42
640
131
108
91
116
5
53
44
170
144
79
202
17
14
10
100
199
5
186
177
402
165
54
182
38
5
617
45
48
247
185
73
169
80
111
55
122
13
102
56
42
67
115
62
295
15
392
220
9
310
29
1
50
96
100
126
11
46
2:19
50
221
283
22
104
318
113
200
45
20
86
106
260
92
48
166
369
2:6
564
3
253
7
248
127
94
14
129
119
36
66
142
11
42
16
85
8
19
66
17
98
15
42
35
63
3
31423
18
103
122
83
3
129
164
66
69
983
148
50
22
68
287
76
3
56
5196
2860
11386
11323
4989
6920
1768
417
1741
872
10743
2
5
3703
977
2437
1
9
983
1014
42
3104
17
7
3
1434
3514
116404
3544
7717
57
40854
1022
1
20
30
66
32
45
38
74
19
57
15
7275
28798
19486
45
119
2
45
22
17
151
66
3
2
1
8
45
695
28665
14835
201
3145
532
4
1
6
25
19
52
9
62
11
10
7
1
40
75
22
29
31821
8273
473
85
59
28
100
552
33
41
199
10
13
43
18
226
24
25
226
127
23
55
72
38
8
10
302
153
267
5
13
6
3
14
14829
97
57
47
35
4
11708
111
41
104
59
19
36
2
27
85
169
131
73
9
101
1426145400
299:0
1
421:0
24
986
-987
276
-272
4190
-4017
-102
900
-981
583
-86
-450
-44
-4
1
-4
1346
-1346
39
-20
-13
57
-54
-1
243
128
-249
-113
-14
394
-335
431
-370
-123
28
38
-63
188
-168
52
-65
63
-56
-10
3
11
-20
144
-105
-40
173
357
-411
-98
91
-111
-2
71
-67
62
-65
2
59
122
-182
7
1
92
134
-167
858
-924
6
0
3
-4
20
575
-594
172
-27
-141
-9
237
83
-252
-51
27
-48
29
-25
6
58
-50
-14
704
-679
-23
108
-114
133
20
-140
128
-141
11
-3
499
83485
-75677
-8283
-25
8
-7
-1
114
25
315
-460
28
-7
275
-293
45
135
-165
-7
186
-153
1408
-1434
140
-156
2156
-294
-1764
-59
-30
396
92
-499
12031
-11986
86
110
-212
-5
-4
635
-567
-83
-7
110
17098
-17140
1868
-1932
7
22
-12
1321
6296
-7634
47
-45
718
-711
16
91
13939
-13962
-88
-5
-3
8
189
-102
-95
13
0
16
269
-285
0
506
-498
-13
141
-134
130
62
143
-321
123
190
-28
1662
-1744
725
-890
-63
40
38
-54
-27
16276
-16273
12
344
-344
3998
-4006
252
-260
38
-29
186
4031
-4180
-44
49
-49
360
-356
33
4
-37
12
23
-35
2
-2
3
-6
37
-20
13
-28
24
2335
-1377
117
4748
-5847
610
3672
-1875
-2383
-13
414
-431
261
-252
-3
5
310
-162
-148
203
-3
-210
394
-90
-141
886
-413
43
-507
-141
554
-576
1
10489
-10484
3457
-3469
127
-122
5
25
565
-229
-221
-148
1473
-1361
-89
-21
-7
3
41
-3
-26
-13
105
-6
-44
-55
1230
-1242
1
-2
4
-5
1
5
-6
8
-6
2
-3
6
-3
0
-2
-1
2
-2
4
3
-8
4
-2
-1
3
-3
1
-1
0
3
-4
2:1
-2
0
3
2
1
-6
9
-5
-3
-1
0
1
7
-5
3
-4
1
-2
7
-7
7
-6
-2
1
2:0
9
-9
2
-3
2
-2
1
-1
3
1
-4
3
0
-1
3
-2
-1
-2
4
-4
0
11
-1
-2
-3
2:-2
1
7
-8
2
-1
3
-4
0
1
-2
6
-6
3
2:2
-2
-4
-1
3
-2
1
0
-2
1
-1
4
-2
5
-5
-2
2
5
-1
-6
0
3
-1
9
-3
-6
2:1
5
-7
-2
3
6
0
-7
-2
1
6
-1
2
-7
10
-10
2:1
8
-4
-2
-1
4
-3
-1
-2
0
2
1
-5
1
9
-8
0
7
-7
2:0
1
-2
0
5
2:-3
4
2
3
-7
9
-2
-8
1
2
-4
3
-2
-1
0
2
1
-3
2
-2
4
-1
6
-1
0
-7
-1
8
-7
1
3
-5
10
-10
0
1
0
4
3
-5
-3
0
2:2
-4
8
-5
1
0
-4
3
2:-1
6
-7
4
-2
7
-9
3
2
-5
3:0
11
-10
0
-1
8
-7
-1
4
-3
1
5
-6
4
-4
1
-2
0
1
2
-1
-2
4
3
0
-7
1
0
7
-8
3:0
10
-9
-1
11
-3
-6
4
-4
8
-8
-2
9
-8
-1
1
4
-5
4
1
-5
8
-8
11
-11
2
1
-2
2
0
-2
2
3
-1
-2
-1
-2
1
0
-1
9
-3
-6
3
-1
4
-3
5
-6
-1
5
-5
3:0
-1
2:2
-2
0
7
-8
7
-7
-1
2
1
-2
-1
9
-2
-5
8
-8
-1
4
6
-10
-1
7
-3
-4
8
2
-10
7
-6
0
2
-3
5
4
-6
0
2
-1
-4
0
3
6
2
-6
-1
7
-7
-4
2:2
-2
-1
0
-1
5
2
-6
0
9
2:-1
3
-11
4
2:3
-7
0
7
-10
4
1
-1
7
-3
-7
-1
1
0
10
-10
4
-3
0
6
-5
-1
1
-3
2
-2
1
10
-3
0
-7
-1
3
1
-1
1
0
73
-75
0
-1
0
15
-3
0
-12
2:0
1
4
-5
6
-6
0
6
-1
-3
-2
3
-3
0
1
0
-1
0
4
-4
1
0
-1
14
-14
2:0
4
2:-2
2:0
2:1
-2
0
2
0
6
-4
-2
2:-1
5
-5
4
-3
-1
0
7
-5
2:0
2:-1
2
0
-2
0
4
-4
2:0
11
-11
13
-8
-4
-1
4
35
-36
-2
3
-2
7
-9
1
11
-1
-11
39
-33
-6
6
-6
10
17
-26
5
-6
0
2
29
979
-959
-40
-9
-1
2
-2
-1
2:0
5
3
-4
29
-32
3
6
-9
3
27
-27
42
-45
8
-8
208
-167
-32
-5
1
25
-13
-12
186
-192
23
-12
-2
-8
4
47
-15
-33
-4
11
314
-320
66
-70
2
3
-2
98
576
-676
37
-34
34
-33
-6
2
71
-64
-5
-4
2
-2
23
5
-24
-4
0
16
59
-71
0
-4
6
4
17
-24
3
5
1
-8
4
22
-3
25
-52
63
-60
0
13
-14
1
-3
125
-123
6
-8
7
300
-306
10
-6
2:-2
4
107
-110
-2
6
-1
100
-105
14
-10
11
-12
-2
4
-3
1
0
-3
10
-9
9
-10
7
6
-1
1
148
-157
51
130
131
-311
-4
89
-90
7
-3
-1
1
-2
1
-3
22
13
-32
2:3
19
87
-45
-14
-56
1
35
-28
-8
141
-138
14
-17
3
-2
8
-3
0
6
5
-15
17
-2
-16
-1
1
3
6
18
-28
1
-1
28
-26
-2
29
-29
1
-1
11:0
16
-15
-1
21:0
1
-1
1
-1
4:0
1
0
-1
20:0
1
-1
7:0
1
-1
8:0
1
-1
1
-1
9:0
1
-1
2:0
1
-1
6:0
1
-1
3:0
1
2
-3
3:0
1
0
-1
0
4
2:-2
3:0
3
-3
3:0
2
1
-3
3
-3
1
-1
0
1
-1
6:0
2:1
-2
1
-1
1
0
-1
6:0
3
-3
5:0
1
0
-1
3:0
1
-1
9:0
2:2
-4
10:0
1
-1
0
2
0
-2
6:0
1
-1
0
1
-1
8:0
1
-1
7:0
1
-1
0
3
-3
3:0
1
-1
4:0
2
0
-2
1
0
4
-5
11:0
2
-2
2:0
1
-1
0
1
-1
7:0
2
-2
3:0
2
-2
7:0
3
-3
3:0
1
0
-1
2:0
3
-3
1
-1
9:0
1
-1
0
2
-2
0
1
-1
1
0
-1
0
3
-3
2:1
-2
0
7
-7
7
-7
3:0
3
-3
0
2
0
-2
2:0
1
-1
2:0
1
3:0
1
-2
8:0
1
-1
0
3
-2
-1
0
1
-1
1
-1
2:0
2
-2
4:0
1
3:0
-1
4:0
1
-1
8:0
1
-1
0
1
0
-1
2:0
end
