v1
791
55
152
45
491
486
52
139
14
34
8
352
82
5
168
188
126
237
1
57
56
2:11
146
263
111
122
46
93
72
324
16
248
24
147
10
526
49
393
275
180
72
183
16
101
76
152
106
136
19
39
22
43
242
160
109
57
34
74
67
72
94
401
140
236
23
156
604
1
68
84
25
8
176
51
229
142
48
9
139
93
51
191
255
2:160
33
173
41
171
292
139
16
97
268
83
30
388
54
126
180
33
65
4
57
31
524
254
88
18
69
66
0
299
67
55
369
217
37
27
121
213
22
53
88
275
394
275
16
34
499
217
111
117
97
72
8
59
50
295
181
56
45
6
32
25
18
4
113
3
14
6
122
5
1
118
9
64
9
66
8
45
2:14
50
30
5
30
38
19
38
17
14
68
45
118
447
0
78
95
120
225
160
254
110
304
10
33
1
5
116
284
54
121
141
85
101
41
90
166
3
433
156
254
17
14
299
48
66
87
229
41
423
280
50
758
301
93
312
55
20
36
53
56
2
181
86
7
94
75
50
47
608
262
75
246
33
29
38
0
13
152
44
36
60
41
27
126
7
8
147
40
393
18
593
36
45
20
82
102
415
37
175
70
121
8
11
32
74
378
100
54
47
56
4
1
35
114
86
153
59
5
20
3
193
3
2
247
4
319
132
218
34
92
31
31370
5
22
9
208
29
97
85
88
76
8
112
36
30
1043
109
179
71
61
105
18
56
3301
2211
328
1553
5140
10816
2650
811
10567
5297
13
2988
1797
2652
2
4
8087
2826
1840
19
7591
16
2
5
1
1427
123471
1
1735
6006
9490
32411
7
3
18
4
42
238
20
53
4
32
5
55428
35
44
0
10
79
98
36
40
17
6
12
17
128
17
27
10
2
11
2:1
6
5
728
29
20
176
16280
4654
3093
10208
7980
813
1430
1062
665
436
532
2
3
4
1
6
11
31
39
47
10
44
40
37
3
1
43
47
4
5
1
30302
9978
26
64
29
147
43
26
212
342
202
1
46
190
60
13
43
42
202
49
90
138
9
2
55
2:9
41
61
42
47
26
12
2:13
207
87
375
13
32
5
19
3
1
13
37
1
58
14
14730
17
141
30
9
32
1986
9723
1
81
69
12
116
28
36
28
11
62
65
22
97
2
21
27
22
23
60
7
43
39
49
50
8
2
-489041
454
381
507
22
200
440
90
73
103
110
245
421
155
21
183
168
371
427
70
96
280
150
26
122
247
19
426
38
0
96
49
14
62
560
118
107
154
633
237
432
44
171
16
59
455
10
263
163
79
72
449
49
140
202
147
11
298
24
114
199
452
96
155
84
264
262
268
40
135
141
11
17
175
291
168
601
116
88
124
367
1018
165
113
179
311
81
54
1
10
397
121
694
318
15
57
104
6
11
2
13
6
24
1
46
26
237
241
152
144
105
270
243
388
44
78
204
357
70
150
72
142
111
782
28
54
148
116
5
97
87
193
34
621
5
922
42
20
220
715
247
185
186
43
173
25
196
158
471
746
340
146
10
273
369
223
444
113
63
89
305
168
79
512
148
32
2
210
96
192
142
34
87
447
132
118
106
122
175
54
0
34
13
20
31505
264
14
68
216
31
315
142
34
0
920
54
144
377
126
281
1783
12942
4445
8108
3215
11486
421
2187
5262
17
8077
0
3710
943
22
2446
13
5143
15
12
5478
115874
1
0
11311
51
38185
2624
1073
7
134
87
118
55433
29
97
166
30
15
156
51
55
22
796
15
138
7827
2
10810
6568
2613
16561
1085
1487
213
6
2
17
19
140
2:4
107
37
40593
0
144
0
30
0
37
474
213
399
705
753
14866
140
82
1977
9900
0
53
92
24
1
145
173
76
52
186
1426228800
499:0
1
290:0
20
-15
1
16
13
-27
4
-1
108
-102
-1
1
-12
4233
-4155
54
-119
-11
517
264
-777
19
-25
-1
12
0
-9
-3
721
-711
-10
6
29
-24
4
-14
161
-122
-34
13
2
248
-73
-194
3
5
19
617
-644
17
30
-18
-7
-20
1
2:-2
0
6
197
-199
42
-44
-2
25
-13
1
-6
-7
155
-59
-72
-18
-5
38
37
-74
30
-28
49
-52
17
-15
28
-29
-1
14
105
-81
-34
41
-46
1
-1
3
731
-735
127
-125
2
91
-84
-10
34
173
-177
-3
109
-131
-5
17
34
-45
17
-17
6
52
-60
0
-4
3
0
13
8
650
-621
19
-61
-6
-5
14
145
-149
20
-12
184
-203
39
-37
17
19
-26
-9
90
-59
-3
-11
-12
-1
25
-27
33
-29
36
35
-80
107
6097
-5670
-454
-79
4
-2
0
26
-27
121
-122
9
-3
6
-12
52
-41
192
-76
6
-129
12
727
-733
23
-8
209
-227
74775
-74772
-8
9662
-9583
-63
16
4012
-4021
-1
-19
141
-147
13
-7
22
-23
-2
20
-12
32
353
-378
-12
6
200
-209
51
-47
43
102
-136
-13
2088
-2090
185
-180
14
608
-626
-1
7
3940
-2739
-1055
-8
-136
3
-10
37
-11
-20
0
4
31
-43
5
-4
5
-4
471
104
-554
77
22381
-22482
295
-286
1
0
2:-3
-1
181
-183
63
-19
677
-702
1003
-875
-139
-5
31
159
53111
-53292
670
-649
2396
-2418
31
-8
11
-45
2386
-2385
8540
-8532
3
216
-210
-13
-3
3028
-3030
623
-588
-33
2
2465
-2362
-93
881
-888
298
-306
164
-163
17
387
210
-596
411
-424
37
-35
-5
480
-417
-58
146
-94
632
-669
84
203
2510
-1961
-855
0
752
-660
-91
-1
17
-15
4
66
555
-626
6
-6
24973
-24959
-13
17
-8
11
-23
414
4753
-5053
-116
19
-17
1016
-1004
1
-16
2
19
1341
1247
-2603
4
122
-7
-124
3
15
49
-66
31
-19
-12
655
-657
50
-49
5
3
2
3
-1
50
14
-74
-2
0
75
-68
-5
8
-3
29
-8
14
1
-1
-37
34
-24
-8
8
-14
17
21
310
0
952
-1299
4729
-4728
469
4706
326
-5488
-4
-9
1
585
-590
113
-101
23
-35
18
-15
25
76
-85
48
451
-518
5
14
62
-75
2:0
9
-12
149
623
-775
86
9153
-8294
-880
-58
20
-25
681
-674
-5
546
-531
-10
530
-527
-12
52
-44
-7
4
-2
8358
-8326
-34
127
-116
127
-133
2
36
-43
79
149
63
-286
13
2525
-2442
-97
1309
-1313
27
26
-39
66
-47
-33
5
6
67
-79
3
4
50
49
-62
-12
43
1610
-1688
3:0
-1
4
-4
2:1
0
-1
2
-2
2
-1
1
-2
0
3
-3
3
-1
0
-2
1
-2
0
3
-1
2
-4
3
-1
-2
3
3:-1
2:0
2
1
-2
3
-4
3
1
-4
2
2:1
-3
1
-2
3:0
2:1
-1
1
-2
0
4
-2
2:-1
3
1
-3
-1
1
-1
0
1
2:0
2:1
-2
0
1
-1
2
-1
2
-4
1
0
1
-2
0
1
-1
0
1
0
1
-2
1
0
1
-1
2
1
-1
0
-1
1
2:0
-1
-2
0
2
1
3:0
-2
0
2
-1
0
1
-1
2:0
-1
0
-1
1
-1
3
-3
3
-3
3
-3
0
2
-1
0
1
-1
2
-3
2
-1
3
-3
2
2:0
-2
-1
1
2:0
2
-2
4:0
1
-2
0
3
-1
2:0
1
-2
2
-1
2
2:-2
3
-1
0
-1
0
-1
2
-2
4
-3
-1
2
0
-1
0
-1
2
3:0
1
-1
-2
0
2
3:0
-1
3
-3
2:1
0
-2
1
2
4:-1
0
3
-1
0
-1
2
-3
4
0
2:-2
3:0
1
3
-3
-1
3
-2
2:0
2
0
-2
4:0
1
0
-2
2
1
-3
2:1
-2
2:1
2:-1
2
-2
2:1
-1
0
1
-1
1
2:0
-1
3
-2
-1
2
-3
2:1
0
1
2:-1
2
-1
0
1
0
-2
1
2:0
1
2
-3
2:0
2
-2
0
1
-1
100
-99
2
-3
0
11
0
-11
9
-9
3:0
25
-25
4
-4
2:0
10
-10
1
-1
8
4
-11
-1
1
-1
5
-4
0
2
-2
2:0
-1
1
-1
7:0
5
-5
2
-2
0
2
-2
5:0
4
-4
2:0
2
-2
1
-1
2
-1
0
-1
4
-3
-1
0
2
1
-2
2
-2
-1
2:0
1
-1
7
-6
-1
16
-16
1
2
-3
0
1
-1
2:0
2:1
-2
4
-3
2
-3
2:1
-2
2:0
2
-2
14
-3
1
-9
-3
2:0
2
-2
0
3
32
-34
0
-1
1
2
2:-1
18
-19
3
-3
2
-2
1
-1
2:0
10
16
-24
0
46
-48
7
-7
1
-1
0
4
-3
6
-5
1
-2
2:0
-1
3
5
8
1
-15
-1
6
-5
-2
2
37
-35
1227
-1228
-1
53
-40
-11
-1
3
-3
2
-2
-3
0
1
3
0
-3
2
-2
1
5
51
-57
4
-1
2
-5
3
-2
6
13
-20
0
37
-38
1
-1
1
12
-12
-1
2
234
-184
-45
-5
-1
0
-1
5
-2
2:-1
3:0
-1
1
-1
0
38
-1
-28
-9
197
-197
36
-36
1
-1
2
-2
1
14
-14
12
-10
0
-1
69
-27
-41
-3
1
17
356
-369
43
-48
109
-107
-2
7
2:-1
113
-117
796
-790
-6
63
-64
2:0
9
-7
43
-36
-7
-2
88
-73
-10
-5
3
34
-36
27
-24
2
12
82
-97
-3
4
-1
3
-6
21
-18
-1
3
13
-3
-6
2:10
13
12
-52
-2
66
-63
-2
4
10
-12
0
-1
3
-5
1
0
119
-120
1
4
-2
3
-5
-1
392
-391
1
2:-1
17
-14
-2
-1
2:1
4
124
-129
2
-3
3:0
5
-4
-1
5
1
-3
112
-114
20
-20
1
2:0
3
1
3
-5
0
-2
-1
12
-12
1
-1
2
0
-2
8
-6
3
-5
7
-8
0
1
-1
1
2
15
2:0
-17
219
-217
83
166
144
-396
2:1
-1
133
-134
5
-2
5
-8
3
-3
5
-3
-2
17
94
-110
-1
3
0
-2
5
-5
0
-1
9
10
-19
26
122
-78
-68
-2
13
-12
80
-79
-2
2:0
1
28
-25
-4
1
0
-1
2:1
165
-165
-2
13
-13
1
-1
7
5
-12
8
5
17
-30
3
25
-5
-23
1
2:0
8
-8
33
-32
-1
1
2:-1
0
1
-1
2
24
-26
2
-1
40
-41
19:0
1
-1
9:0
1
-1
12:0
1
-1
2:0
2
-2
2:0
1
-1
12:0
1
-1
12:0
2
-2
5:0
1
-1
0
1
-1
11:0
6
-6
7:0
1
-1
8:0
1
-1
2:0
1
-1
1
-1
14:0
1
-1
1
-1
1
-1
2
-2
3
-3
20:0
2
2:-1
4:0
2
-2
5:0
1
-1
6:0
1
-1
0
1
-1
2:0
1
0
-1
3:0
1
2:0
-1
7:0
4
-2
0
-2
4:0
2:1
-2
3:0
1
0
-1
2
-2
14:0
1
-1
0
2
-2
7:0
1
0
-1
2:0
1
-1
1
-1
2:0
2
-2
7:0
1
0
-1
2:0
end
