v1
521
49
167
368
78
81
425
18
43
0
171
68
0
442
28
26
119
79
453
20
57
19
37
7
15
28
42
115
374
129
165
161
167
0
284
5
135
292
129
0
171
130
29
162
72
151
124
180
122
149
101
9
219
2:53
103
0
91
49
217
41
34
126
109
250
54
495
28
26
532
58
59
108
534
44
43
175
1
256
453
191
158
11
8
171
33
193
110
572
96
0
38
90
192
212
149
293
104
235
65
61
113
291
48
422
176
123
63
6
47
127
55
96
106
72
95
28
253
242
191
108
31
61
132
196
205
275
16
0
480
91
244
332
8
59
200
15
130
181
27
29
83
25
18
38
77
19
110
7
17
23
95
73
9
32
30
12
0
45
14
17
47
30
35
57
55
14
140
91
85
125
237
78
215
639
88
0
22
28
276
10
33
6
108
8
117
29
93
45
54
61
60
7
28
106
85
101
0
131
166
3
102
49
97
170
15
156
254
31
21
255
23
15
33
153
177
93
309
199
20
175
9
1
40
319
439
35
150
14
102
269
191
50
0
6
111
0
79
102
0
187
75
50
328
404
229
277
62
1
143
3
56
8
30
42
128
19
107
7
8
17
130
323
110
447
245
204
242
13
157
3
37
175
0
17
182
11
32
43
31
289
73
116
54
47
25
31
5
235
212
5
23
93
11
89
5
50
198
203
118
1
132
63
53
45
57
34
77
11
4
31401
5
22
9
12
192
33
53
44
28
57
88
0
76
8
112
36
30
1152
59
191
105
61
18
47
2064
1246
2211
1881
5140
10816
2650
811
0
742
3213
4992
6930
4785
2652
2
8089
2:1
2826
882
958
19
0
2447
5143
7
1
11
6
1427
3523
119949
1735
6006
73
9417
2665
29756
22
15
18
9
165
73
1
19
53
19
17
5
14
67
35970
19412
74
157
7
2
84
6
12
17
129
4
12
40
11
1
6
5
2
1
725
49
8
0
168
3445
4382
10811
2296
3093
18188
978
1265
873
133
56
1636
2:1
6
5
11
9
22
39
5
42
8
46
40
37
0
3
1
43
51
6
30302
0
9978
90
176
15
54
31
59
541
125
1
309
68
17
165
37
49
86
0
142
9
2
55
2:9
19
41
84
47
26
12
5
0
42
64
185
355
32
12
31
2:19
54
1
72
14747
69
57
45
0
9
28
11713
1
81
69
12
116
54
4
34
73
0
65
22
97
2
11
10
2
22
181
16
99
8
2
1426699200
520:0
4:0
3
-3
4:0
6
1
-7
1
-1
29
-29
2
0
60
-58
2:-2
3
52
-54
-1
35
-35
260
-260
2:0
1
2
-3
2
-2
0
12
-12
4:0
1
-1
0
8
-7
-1
3:0
2:4
-2
-6
3:0
1
-1
3
-3
2
-2
2
-2
1
-1
35
-35
0
6
-6
3:0
5
-5
3:0
1
0
2
-3
2:0
166
-165
3
-1
-3
24
-24
64
-48
-11
-5
3:0
4
-4
15
-15
6
-5
-1
2:0
1
3
-4
2:0
1
-1
4:0
9
-8
-1
8
-8
0
10
-10
40
-40
6:0
6
-6
6:0
6
28
-34
2
115
-115
-2
3:0
1
-1
2:0
12
-12
1
-1
0
9
-7
-2
11
-11
1
-1
8
-1
450
-457
0
10641
-10634
61
-68
5
-4
6
-7
1
-1
0
2
-2
0
1
-1
3:0
3
-3
4:0
10
-10
3:0
3
2:-1
5
-6
0
67
-65
-2
0
2
-2
7:0
24
-17
22
-23
3
-9
4
3
-7
2:0
1031
-608
-423
2:0
2
-2
0
3
-3
2:0
2
-2
1
86
-87
4
-4
18
-18
1419
-1419
19
-16
-3
26
-26
2:0
2
-2
3:0
384
-378
-5
-1
0
10
-10
27
1665
-1692
0
149
-59
-84
-3
63
201
-267
0
36
46
-82
1
-1
2:0
77
-77
3:0
40
-40
3:0
149
-128
-21
6
18
-24
0
7
1
-3
2
1
-8
0
5
0
-5
3
-3
2:0
2
-2
4
-4
43
-41
10
1
-11
13
-8
2
5
-12
-2
1
-1
0
2
-2
3:0
2:1
-2
3:0
1
-1
4081
-4081
3
-3
290
-290
90
-89
97
-98
6
2
-8
0
3
-3
5:0
11
170
-181
0
3
-3
2
-2
1
-1
2
2:-1
5
-4
-1
5
-5
4
-3
6
-3
-1
7
-10
3:0
6
-5
-1
3:0
3
-1
1
-3
2:0
1
-1
2:0
2
5
-7
38
742
-780
16
-16
159
-159
7
-3
170
-141
-33
3
12
-15
2:0
2
-2
0
10
-9
1
-2
2
1
-3
1
-1
0
6
-5
-1
0
2
25
-22
-4
39
-19
-16
-5
1
3
7
8
-9
-4
-5
-1
34
-34
0
10
-10
0
2
600
-601
15
17
-33
4:0
2
11
13
22
-47
9
10
-20
3
-2
10
-6
1
-2
3
-7
1
-1
2:0
2:1
0
-1
723
1
3:0
3
-3
4:0
1
0
-1
2:0
36
-36
0
2:1
-1
1
-2
5
-2
-3
2:0
17
-12
-5
2:0
4
-4
4:0
5
-5
2:0
4
-4
3:0
2
-2
3:0
2
-2
0
1
-1
6:0
1
0
-1
1
-1
2:0
12
-12
13:0
2
-2
2:0
1
-1
3:0
9
-9
12
-12
4
-4
3:0
1
-1
4:0
1
-1
2:0
1
-1
2
-2
6:0
11
-4
-7
2
-2
3:0
25
-25
2:0
2
0
-2
0
13
-13
0
1
2
-3
2:0
7
-5
5
-7
27
-27
0
3
0
3:-1
1
-1
3
-3
1
-1
1
2
-1
-2
17
-17
1
-1
2:0
33
-33
0
769
-769
40
-40
7
-7
2:0
1
0
-1
2
-2
2:0
1
2:0
-1
0
1
-1
2
-2
0
9
-7
-2
2:0
1
0
-1
12
-11
-1
4
-4
1
-1
3
-3
3:0
8
-8
2:0
16
-15
29
-30
0
2:1
0
-2
2:0
185
-130
-54
-1
0
3
-1
-2
3:0
1
0
-1
2
16
-18
6
-4
0
-2
238
-236
7
-7
-2
7
-7
3:0
3
-3
2:0
40
-22
-11
-7
0
2
-2
4
318
-321
-1
19
34
-53
3
74
267
-343
0
6
19
-26
4:0
1
-1
3:0
26
-25
-1
5
-5
40
-23
-15
-2
3
-3
0
16
-16
0
23
0
-21
1
9
42
-54
1
-1
2:0
14
-14
2:0
1
0
12
-6
0
9
-7
0
-9
2:0
20
-20
5
-2
-3
5:0
1
0
1
2:-1
0
74
-74
1
0
3
-4
0
2
208
-210
0
2
-2
3
-1
-2
3:0
2
-2
3
77
-80
0
1
0
3
-3
0
-1
4
-3
1
77
-78
-1
12
-10
8
-7
6
-8
-1
0
2
-2
2:0
7
-6
-1
0
2
-1
2
-3
4
-4
3:0
1
-1
2:0
2:1
4
38
-44
2
-2
68
-65
19
-2
101
76
-197
0
41
-41
0
1
3
-2
-1
2
-3
7
-7
6
56
-62
2
11
-13
1
-1
2:0
1
5
-6
2:23
58
-104
0
6
-6
27
-25
-1
0
4
-5
3:0
4
-4
1
0
54
-52
14
-17
2:0
6
0
-5
-1
12
-2
59
-68
0
10
-11
0
2
6
0
-7
20
-20
-1
4:0
1
10
-11
0
38
end
