v1
737
130
103
306
123
1
80
486
31
10
11
34
90
15
48
8
122
102
383
51
263
3
15
0
63
157
57
56
7
15
146
496
46
17
89
2:59
21
430
102
517
44
171
8
151
80
56
26
50
22
0
46
276
133
160
68
4
39
34
76
67
24
234
53
141
266
41
173
96
237
67
10
225
53
29
22
60
495
21
135
31
88
29
108
4
140
68
30
39
68
37
136
12
20
24
132
86
72
122
63
79
196
31
62
85
1
156
146
109
160
193
110
104
163
8
292
57
0
44
38
494
82
225
17
64
54
126
213
126
31
345
76
205
152
64
42
135
104
24
58
35
175
25
30
172
72
95
28
253
356
44
9
24
13
51
75
200
271
29
10
18
66
334
66
48
65
154
94
33
46
312
49
68
62
107
8
59
50
10
160
103
22
175
6
26
1
29
12
33
38
25
30
15
11
3
20
5
2
47
5
14
117
17
13
10
2:40
15
68
5
9
32
42
45
14
64
30
5
30
38
3
16
38
15
2
127
99
19
0
74
129
71
165
1
6
1
78
95
99
21
385
35
86
10
123
110
81
120
103
10
39
106
10
104
42
138
0
54
121
141
85
101
41
90
166
3
1
145
5
19
49
179
20
15
129
27
254
17
14
299
15
33
83
70
229
13
28
42
267
114
51
34
20
175
10
40
662
96
192
7
102
73
20
252
60
43
12
50
6
66
43
2
24
55
102
56
37
72
22
8
67
50
16
0
627
155
163
48
229
33
29
1
146
56
38
8
34
53
75
22
35
69
7
8
147
198
125
50
60
334
176
202
133
49
2
255
157
40
175
70
121
8
11
32
86
131
146
22
29
138
54
13
34
56
3
2
6
13
16
92
20
88
153
39
20
5
20
3
104
89
5
20
99
138
297
15
1
72
9
51
63
0
113
42
34
64
13
15
31401
5
22
9
12
225
53
14
30
5
19
61
88
76
8
112
36
8
22
932
110
0
1
7
102
68
92
19
71
46
62
27
31
15
3
47
281
1783
1246
2211
328
1553
3764
1376
7581
3235
1500
1150
811
3955
4992
6494
430
6
2169
819
928
3521
2
4
0
8085
0
2
2811
15
882
943
15
19
1514
933
983
2
1012
0
42
3104
8
11
5
1
1427
3523
11948
104456
3544
1
7741
73
4
9413
32305
106
10
22
21
5
7
9
30
95
2
48
63
0
1
19
53
19
0
17
5
81
35970
19412
47
27
157
7
2
27
3
54
6
12
17
129
16
27
10
2
1
0
10
1
7
5
2
726
29
20
113
57
6
3445
12835
2931
1723
3093
13459
4729
813
203
1227
873
189
665
436
532
2:2
7
2:8
28
1
2
39
5
14
28
10
0
25
14
5
40
9
28
3
1
11
20
12
47
4
5
1
30302
1513
8441
24
90
9
167
15
54
31
59
79
183
404
1
309
68
17
92
43
67
49
86
140
2
9
2
19
3
33
2:9
41
103
56
4
13
15
2:1
3
14
25
273
212
35
84
44
13
37
13
6
17
37
1
72
14733
14
126
10
35
9
28
1990
9723
1
81
69
12
116
18
1
2:9
17
36
2
15
58
46
19
22
68
29
2
11
10
1
62
12
2
12
43
50
23
16
0
2
47
45
5
8
2:1
-487261
3195
938
831
1606
2276
2576
2225
718
396
1710
1553
1097
336
196
1202
2647
1928
706
1589
1085
971
145
31
2176
95060
284713
2058
1856
129
16
41434
10
172
160
16618
12936
1426938000
699:0
1
36:0
97
-96
9
-10
1
21
1
-21
0
8
-8
10
-11
17
-7
-6
9
5171
-5181
302
-293
-8
3
-5
32
106
213
-350
25
-27
19
-17
7
-5
862
-866
4
-2
93
-74
-20
131
-134
105
-101
161
-163
15
10
3
55
-83
15
-7
-10
6
45
-51
1
2
-3
24
-18
32
-38
44
-43
1
0
43
-43
3
-4
0
81
-78
0
-1
1372
-1369
-5
78
820
-897
20
-18
-3
0
6
121
-102
-21
371
-373
-2
10
-9
0
44
-11
-9
132
-155
3
-6
2:2
-1
17
-9
93
-54
-1
128
-142
-31
-2
-1
16
-7
-10
5
-4
1
250
-249
2699
-2594
-80
-27
0
5
17
171
-175
6
-24
0
154
-154
3
0
35
-34
-2
9
-12
3
5
31
-28
-8
5
-2
-6
21
-19
0
-1
1
107
-107
-2
2:2
-3
0
5
-6
27
-27
20
-19
0
522
-518
2:-2
1
-1
4
7
21
-20
-13
14
-1
3
216
-193
-38
2
8
-11
58
-57
2
3
25
-30
5
70
-66
187
-46
-150
75
-72
5
787
-794
71
-71
54
-18
-37
64
94
-156
2:1
-3
8
-6
0
9
120
-1
-132
0
1
10
-10
9
198
-201
190
-188
384
-388
12
-16
2
15
423
-440
28
-27
117992
-104422
-13569
76
-78
2
6
-4
11
-5
14
32
-48
5
-12
12
6
-18
1
3
-4
3
-4
10
43
-41
-13
0
8
-1
49
-51
145
-149
25
51
-75
385
-387
2
4
-4
-2
7
44
-16
-2
22
5
-56
-2
269
-268
10
-10
1
3
2379
-2384
2:1
9
285
-298
0
116
-116
0
1
7300
-7299
3286
-3271
-11
-1
-2
1
5
-7
78
-56
-16
-7
5
28
-30
-4
10
-9
424
-421
38
673
-696
67
74547
-74631
9
-10
177
-176
-1
1
38
-21
79
-98
11
43
-45
-3
0
742
-706
20
-58
-1
16
-19
6
3228
79727
-82960
8
1278
-1286
1403
-1403
0
61
-51
-7
9
6
-17
16
2045
-2054
6414
-6419
14
92
-110
8
-6
-1
115
-115
0
4
6
-10
1
3
15
1470
-1449
-38
10
-12
2629
-2401
-59
-148
-17
13
-17
2083
-2083
8
252
-13
-245
-3
281
-39
-206
-4
-17
-13
1
4
-2
46
-39
-8
6
658
-668
0
1
46
-46
35
863
-879
-19
196
-153
371
-313
-98
106
-108
347
-348
908
51
-957
-3
1
2
365
-364
161
-164
12
11
-22
-1
2:1
19
-21
1
-1
1
163
-165
1
6
36
-43
2
7
-8
-1
4
35574
-35574
1
2
18
-24
1
4
49
231
-259
-27
2972
-2912
-53
153
210
-366
-3
5
-6
5
-3
33
-33
1
-1
9
-9
3
4
-4
15
2292
-2292
-19
11
-9
114
-111
1
3
18
-28
24
120
-132
171
-180
28
-14
-12
-3
5
-3
-4
18
1
8
-25
9
113
-123
-1
13
-10
3
1871
-1876
1
27
-22
47
-52
-1
21
-18
39
7
-29
15
-9
-27
0
9
68
-73
-3
6149
-2129
-4021
0
828
-825
-1
2
-2
4471
-4464
-6
200
5189
-2370
-3021
-1
5
-4
12
0
166
-145
-30
1
23
449
-476
8
-6
11
-7
202
-198
-9
394
21
-411
0
15
-15
1180
-1180
7
2
-10
90
403
-497
7
-8
75
206
5102
-5376
36
-43
0
108
-104
-3
520
-510
89
-81
-1
-6
-4
-5
0
-1
10
-6
84
-79
3377
-3183
203
-403
-5
2
-1
18
-9
-8
87
6966
-6991
511
-538
162
-69
-128
16
73
-90
3
1
-4
0
154
-147
48
-2
-53
22
-15
-7
4
21
-14
-9
-2
2
3
6
-4
24
-8
-18
40
-41
-4
5
-5
6966
-6967
36:0
1
5:0
4
-4
0
3
-3
2:0
2
2:-1
0
95
-95
1
-1
4:0
7
5
-11
6
-7
0
21
-21
0
3
-3
2:0
19
-19
0
10
-10
1
-1
2:0
1
4
0
-5
0
1
-1
2:0
1
3:0
-1
3
-3
2:0
7
-7
2:0
1
-1
3:0
1
-1
3:0
1
-1
0
31
-31
7:0
2:1
-2
0
2
-2
0
3
-3
1
-1
0
2
-2
1
0
-1
0
2:1
2:-1
6
-6
3:0
1
0
-1
3:0
14
-14
6
-1
-5
5:0
4
-3
-1
4:0
1
-1
2:0
1
-1
2
3
-5
1
-1
0
1
-1
1
-1
3:0
16
-16
12:0
41
-41
6:0
4
-3
-1
1
3
-1
22
-24
0
-1
1
-1
3:0
7
-3
-4
2
12
-12
6
-8
0
12
-12
0
51
-51
9
-9
2:3
-6
1
10
-10
-1
2
-2
0
3
-2
-1
10
0
-10
2:0
1
-1
0
27
-27
7
-7
3
-3
2
-2
1
0
49
-50
0
1
1222
-1172
-51
9
-8
-1
1
-1
6
-4
-1
2:1
-3
2:0
3
-3
0
1
-1
1
-1
1
5
0
-6
0
2:1
3
-4
26
-27
11
-6
-5
8
-8
1
2
-3
0
1
3
-4
2:0
12
-12
0
34
-34
4
-4
2
0
41
-43
2
-2
1
6
-7
0
3
-3
2:0
472
-472
97
-95
-2
2:0
2:1
-2
3
0
-3
0
5
2
-7
3:0
26
-26
0
17
-15
0
334
-336
6
-6
23
-23
3:0
2
7
-9
2
13
-14
-1
1
57
-28
-25
-5
0
1
-1
0
10
490
-500
0
37
-37
69
-69
4:0
2:4
-8
3
107
-107
453
-455
4
47
-52
4:0
1
0
-1
1
2:0
-1
0
70
-68
-2
8
-8
90
-65
-17
-8
0
5
-5
38
-38
1
0
33
-33
0
31
66
-97
3
-3
-1
3:0
4
-3
-1
2
11
-13
2:0
19
-19
4
1
-4
-1
5
4
10
7
-25
22
-23
31
-31
30
-11
-18
0
-1
0
42
-42
7
-7
11
4
-14
3:0
1
-2
2:0
1
7
-8
0
4
-4
4:0
1
0
144
-145
1
2:0
-1
0
1
8
-9
4
-4
280
-279
-1
5
1
-6
0
5
-4
-1
2
-2
3:0
4
-4
1
2:0
1
115
-111
-6
3
-3
17
-16
-1
4
-1
-3
6
-1
1
94
-100
10
-7
-2
-1
2
0
-2
8
0
-5
-3
9
-8
0
-1
0
8
-5
5
-8
2:1
-1
2
-3
0
6
-5
4
-1
-2
1
-3
3:0
11
-11
0
22
83
-105
0
6
-6
3:0
102
-99
-2
26
153
190
-369
-1
2:0
1
0
28
-24
-3
-2
5
0
-5
2
-2
5
-5
5
-2
-3
16
63
-78
-1
15
-15
0
2
-2
2:0
5
9
-14
1
-1
41
22
217
-280
17
-17
0
25
-25
0
2
0
-1
4
-2
0
-3
2:0
1
3
-3
4
0
69
-52
-4
-18
0
2
-2
11
-8
-2
2
20
-10
67
-78
7
14
-23
0
2
-2
2
-2
0
1
6
-5
0
27
-29
2
1
-3
0
2
-2
6:0
10
0
-9
0
-1
3:0
52
-52
23:0
1
-1
2:0
2
-2
3:0
1
-1
2:0
end
