v1
896
743
486
52
187
130
485
314
238
57
56
7
15
28
614
123
6
23
59
259
65
148
38
102
140
7
49
365
171
295
98
726
53
48
12
64
258
194
18
23
266
321
180
72
70
218
122
71
14
54
320
25
34
129
16
8
225
277
4
68
177
8
20
156
86
257
79
57
232
527
130
193
4
106
66
84
90
35
292
5
52
82
16
97
314
67
149
293
125
214
126
479
178
152
106
135
239
127
257
72
95
281
73
130
294
268
7
259
135
115
160
16
93
768
286
8
59
50
25
140
123
7
59
122
27
29
45
38
43
8
11
8
11
6
71
2
3
131
7
6
4
118
73
9
74
45
14
64
35
30
41
16
38
17
127
118
85
355
7
78
95
120
225
160
35
31
65
123
110
248
56
10
39
116
146
138
54
121
141
85
101
41
87
169
3
146
272
15
427
14
299
10
5
33
153
229
41
703
50
662
96
301
76
17
121
55
76
60
55
50
6
109
2
24
157
37
128
22
75
50
183
328
473
254
33
29
117
2:43
38
42
53
75
19
105
2
130
32
40
379
14
378
69
164
101
184
8
444
175
70
121
8
11
32
131
232
189
54
47
50
11
35
77
15
20
2
86
153
64
23
193
5
151
54
45
434
18
63
155
34
92
31
31370
5
22
9
43
247
44
37
48
88
76
8
112
36
8
22
1042
110
68
111
71
43
123
15
3
47
281
1783
1246
2211
328
1553
3764
1376
5253
1325
4238
2650
811
742
8205
790
6140
2988
3064
1385
2
4
8087
2826
882
943
15
2453
3
10
5143
1
6
10
2
5
1428
119927
1
3544
7741
73
9417
32421
22
33
9
40
125
93
21
36
32
5
55428
35
74
157
7
2
45
22
17
6
12
17
145
27
10
2
1
10
2:1
6
5
2
726
211
14
3445
12835
4654
3093
10208
7980
813
247
1183
873
189
665
436
532
2
3
4
7
11
31
86
54
8
32
6
3
28
3
1
43
47
4
5
1
30302
9978
90
9
167
69
157
243
231
125
1
296
13
43
25
17
111
91
49
226
2
9
21
36
2:9
41
103
47
26
5
15
39
273
302
73
13
37
13
6
3
14
15
22
1
72
14918
2
7
28
1990
9723
1
150
12
116
28
26
36
2
11
4
3
55
87
61
36
2
11
0
10
1
69
19
40
76
16
49
50
-488974
316
36
124
430
103
200
24
39
17
18
53
315
48
54
84
114
135
414
169
296
186
89
7
91
133
269
154
106
181
217
38
20
5
42
101
7
275
29
32
334
236
87
381
214
5
440
126
201
565
746
152
82
37
77
32
409
197
43
96
129
62
309
1
110
178
8
194
30
71
46
63
118
55
73
138
55
587
67
229
48
153
111
53
209
111
224
249
33
133
300
497
369
29
78
28
80
14
30
367
26
159
70
119
194
41
29
26
22
108
147
355
64
316
191
257
661
339
20
2
156
174
42
16
42
38
13
9
8
5
51
1
65
128
5
104
109
50
52
36
1
42
34
38
35
88
203
204
27
16
155
460
122
290
216
228
61
85
226
159
89
114
28
369
0
54
51
269
50
18
29
141
173
27
52
202
50
394
450
216
114
34
17
34
1
19
184
53
155
543
240
7
185
41
569
13
27
168
93
94
38
41
129
39
110
152
178
77
229
19
183
138
229
143
76
19
76
335
143
444
176
99
83
268
181
85
183
399
31
6
210
95
29
15
212
65
27
36
104
40
166
62
20
25
107
103
24
86
138
84
213
16
72
21
19
104
25
52
15
14
126
13
31427
163
66
33
67
414
983
118
107
155
136
59
3
132
2960
4755
2048
703
4531
2784
2683
10301
10097
1812
3926
3535
5
8075
1
8116
1014
42
3112
17
4950
119948
7819
38185
3623
16
7
117
29
96
63
1
72
19
109
6595
573
28796
19320
7
326
78
44
32
147
10
21
27
52
17
655
20
12
7989
2
10813
18846
5707
38
869
3057
7
25
3
12
46
5
14
36
2
21
66
33
56
17
13
40365
215
117
27
169
544
41
399
245
89
64
146
17
12
72
22
2:4
25
26
85
182
180
59
208
164
14860
86
0
1973
9735
107
4
192
41
136
155
19
22
39
38
42
172
14
1426009200
499:0
1
395:0
64
1068
-1123
24
-12
10286
-10227
-68
990
992
-1975
36
827
-873
-3
1
-1
997
-982
-16
2
123
-30
-80
598
-611
0
104
8
7
-30
1180
-1265
-6
3
73
-55
-15
36
-37
-1
2
41
-46
4
-3
2:-1
18
2:-6
37
-38
12
-16
990
-991
4
3
-7
34
-32
6
10
2
-10
-6
-3
44
0
11
-52
4
1
0
6
1224
-1192
270
-308
25
-3
-31
0
321
-239
476
-552
317
843
-1165
5
-1
61
14
-67
-11
4
1
39
-26
-19
8
292
-286
45
51
-45
-64
82
-83
10
9
4
510
-517
14
21
-50
7
18
-24
-2
31
-23
-5
894
100
-943
-16
-28
-11
4
-2
1
10
-12
390
-307
26
-71
-33
4786
-4632
-146
15
17
-44
202
-200
3
16
-1
-21
85
-78
-8
246
-240
134
230
-369
72
-72
1
-1
10
333
-317
-27
119446
-108624
-10590
-196
-36
41
-14
12
27
-59
56
-61
4
15
-16
-4
42
-31
-11
21
-21
1
574
-558
54
371
-405
-36
2
48
347
-397
17
-18
-1
20
-7
2558
-2566
61
10
187
-252
40
-27
620
10803
5546
-16988
3
-7
0
56
-51
-1
-5
364
-331
-9
37
-60
568
-562
-4
380
-301
98224
-98306
192
277
-317
356
-492
2
123
-141
59
54
-100
5
1745
-1664
-85
10
-16
2767
83341
-86081
96
4682
-4800
26
-36
2:-1
60
-23
2830
20598
-23388
108
-151
1745
-1775
130
-103
-29
1
1788
-1762
-28
28
4730
-4485
-153
-112
-3
189
-187
774
-482
-246
-15
219
1117
-1353
80
-102
60
-51
11
-8
-7
2183
-2189
45
-33
-11
8
98
-70
514
-422
-115
47
-56
-4
1049
-343
19052
-19755
-1
39
708
-199
-549
19
22
-8
-27
-6
10
-8
65
-50
-13
8
-11
10
-8
43
47979
-47975
-49
56
-57
36
335
-355
4812
-4787
244
-278
463
-458
-7
-5
21
99
-56
6116
-6179
4
10
-7
-2
-4
-3
8
225
-223
8
327
-325
163
-180
2:-1
1
28
101
-111
133
-140
-13
8
20
-28
42
-42
21
-20
119
-118
8
245
-255
31
54
-51
20
-43
-2
-4
5
60
11281
-9641
29442
-31110
-34
-5
-1
838
10123
-5310
-5653
18
-6
304
276
-590
93
-68
-25
14
-2
-6
-8
5
94
229
-328
14
-3
-2
23
162
-172
20
-36
228
876
-1108
72
1579
22315
-23908
-12
-44
1370
-1371
5
39
-25
-17
68
669
-741
18
65
-81
22
-24
25149
-25085
106
-150
30
-5
-42
279
7557
-7570
-244
306
-102
-186
-7
-37
9
-7
-2
2
74
17
-10
-17
-66
40
0
138
-144
-32
-1
2
19
217
-155
85
-173
-2
2
2:0
2:-1
3
-2
1
0
2:-1
0
3
-1
2
-2
0
-1
2
-2
4
-1
-3
3
-4
2:1
-2
0
2
1
-2
-1
1
-1
0
5
2:-2
-1
4
-4
2
-1
0
2:1
-3
0
3
0
-2
1
-2
3
-2
2
1
2:-2
0
4
0
-4
1
3:0
-1
1
0
1
-1
1
-1
3
-2
2:0
-1
2:0
3:1
-4
3
-3
3
-2
0
2
-1
1
-2
2:1
-3
3
-3
3
0
-2
2
-3
2
0
2
-1
0
-2
-1
1
2:0
-1
0
3
-1
2
1
-1
-3
0
-1
2
-2
2
0
-2
3
-2
0
-1
1
3
3:-1
2:0
2
-2
-1
2
1
0
-3
3
-2
0
-1
4
-4
0
4
-4
0
2:1
-2
2:0
1
0
2
-2
-1
2
2:-1
0
2
2:-1
4
-3
0
3
-2
0
3
-4
2
-2
-1
2:0
2:2
-2
-1
3
-4
0
1
0
1
-2
2:1
-1
2:0
-1
0
4
-4
0
1
-1
3
-2
0
1
2
-1
-2
0
-1
0
1
-1
0
4
-2
-1
2:1
-3
0
1
2
2:-1
4
-2
-3
1
0
3
-1
-3
2
-2
2:0
3
-3
3
-2
3
0
-1
-2
-1
1
-1
3
1
-3
2
-2
2:0
-1
4
-3
1
-1
0
-1
3
-3
0
1
-1
1
-1
0
1
3
-4
2
-2
2
3
-2
1
-4
3
-3
1
-1
2
0
2:-1
1
2:0
-1
1
-1
4
-1
-2
0
1
2:-1
2
0
-1
0
-1
1
-1
2
-1
2:0
-1
0
2
1
-2
0
-1
2
-1
1
0
-2
4
-4
3:0
2
-2
0
2:2
-2
-1
2:1
-3
2:1
-1
0
-1
2:1
3
-3
0
-1
2
1
-4
0
1
2
-2
2
1
-2
1
-3
0
2
-2
0
1
2:0
1
2
-3
3
-2
3
-5
3:1
-2
-1
1
3
-3
2:2
-3
4
-4
142
-137
-4
15
-5
-9
11
-11
-2
3:0
10
-10
3:0
13
-11
2:-1
0
14
-14
13
-11
-1
0
-1
0
4
-4
2:0
4
-4
0
7
-6
-1
1
-1
1
-1
0
3
-3
3:0
27
-27
3:0
5
-5
2
1
0
-3
0
1
-1
4
-3
-1
3
-3
0
1
13
-13
1
-2
6
-3
-2
-1
7
-7
28
-28
7
-2
-5
0
1
7
-7
1
2:-1
2:2
-2
2:-1
2
1
3
-6
25
-25
12
-11
2
-1
0
67
-68
-1
3:0
7
-7
5
-2
4
-6
50
-45
-6
2:0
4
-4
10
-9
1
2:-1
3
11
1
-14
80
-69
-10
-1
6
-6
12
-13
0
2:2
0
10
-12
-2
36
-33
7
0
-9
2:0
-1
2
0
89
-91
2
1758
-1662
-79
-17
0
2
1
-2
1
-2
0
-2
1
9
-6
-4
11
-9
0
5
-6
1
43
-29
-9
12
-17
2:-1
17
43
-60
2
-2
2
-2
7
50
-57
7
-3
14
-17
2
-3
0
585
-438
-146
2:0
-1
7
-2
-4
-1
0
6
-6
6
-6
37
-33
-4
29
-29
493
-492
0
37
-38
2
-1
0
16
-17
22
-13
-7
-1
133
-93
-35
-5
2
30
839
-870
-1
118
-118
-1
2
2:-1
5
4
137
1149
-1291
52
-54
2:-1
0
2:2
-2
91
-80
-13
2
126
-109
-9
-8
7
21
-29
0
46
-42
6
26
149
-182
8
-11
6
-6
3
1
-5
37
-37
3
-1
-2
5
-1
11
22
-8
-28
7
-8
0
31
24
234
-289
2:2
83
-81
-6
14
15
-26
1
-2
1
-1
0
-2
0
3
0
-2
0
1
203
-205
3
5
-7
13
-14
5
501
-505
12
-8
2
-7
3
-2
-1
4
2
151
-157
3
5
2:-3
4
-1
-4
20
-17
5
178
-174
-13
2
-2
1
4
10
-1
-2
-8
-2
2
-4
21
-20
4
-1
0
-3
8
-6
-2
15
-15
4
10
-15
7
-7
3
-2
0
2:9
-7
174
-186
3
-3
2
57
242
234
-534
5
-3
2
98
-102
12
-3
-10
9
-8
-1
0
3
24
93
-120
5
-4
-1
24
-19
-1
1
-4
4
17
-22
59
104
273
-431
10
-12
2:-1
0
14
-10
-5
2
23
-23
0
3
-5
8
-8
503
-481
-13
3
-10
4
-5
5
29
-4
-27
13
12
-28
2
-3
7
-6
0
-1
15
41
-56
5
-4
2
0
3
0
-6
3:1
54
-54
0
-3
6:0
1
-1
0
1
-1
3:0
1
-1
0
1
-1
2:0
1
14
-15
4:0
1
-1
0
1
-1
8:0
1
-1
3:0
1
-1
3:0
2
-2
3:0
1
-1
6:0
1
-1
13:0
1
-1
2:0
1
-1
0
1
-1
7:0
1
-1
5:0
1
-1
1
-1
0
1
-1
0
1
-1
0
1
-1
3:0
1
-1
1
-1
4:0
1
-1
3:0
2
-2
5:0
1
-1
2:0
2
-2
2:0
1
0
-1
0
1
-1
4:0
1
-1
8:0
2
-2
6:0
1
-1
2:0
2
2:-1
0
3
-3
12:0
1
-1
9:0
3
-3
3:0
1
-1
1
0
-1
1
-1
7:0
1
-1
1
0
-1
4:0
1
-1
4:0
3
-2
0
1
-2
0
1
-1
0
3
-1
-2
4:0
1
-1
1
2:0
-1
1
-1
1
-1
1
-1
0
1
-1
6:0
1
0
-1
0
3
-3
3:0
1
2:0
-1
5:0
1
0
-1
2:0
1
0
-1
0
1
-1
2:1
2:-1
3:0
1
-1
3:0
1
-1
5:0
1
-1
7:0
1
-1
2
-2
0
1
-1
0
2
-2
5:0
1
-1
4:0
2
0
2:-1
0
1
-1
2:0
1
0
-1
0
2
-2
5:0
1
0
-1
0
3
-2
-1
6:0
4
-4
2:0
1
-1
end
