v1
625
55
132
46
306
45
457
5
78
105
31
160
48
26
104
58
154
100
54
119
79
62
240
43
108
20
57
19
37
22
28
181
157
40
155
127
77
29
59
261
351
0
140
292
300
159
162
72
151
212
5
87
160
159
5
48
137
91
96
10
50
162
23
225
20
21
170
265
71
67
235
260
54
80
265
141
15
31
0
117
62
12
34
534
20
24
43
175
1
111
145
36
91
38
110
93
85
202
101
35
2:11
212
43
95
55
110
104
163
8
110
322
493
233
19
190
282
57
66
3
10
47
31
161
212
168
85
216
42
135
186
53
125
2
55
30
339
28
189
64
433
64
75
61
132
7
300
94
275
109
119
10
15
147
96
324
57
49
245
59
50
165
108
22
181
26
30
12
33
38
12
31
4
1
33
31
46
2
3
21
110
17
0
23
87
8
9
73
1
11
20
42
40
5
14
18
28
18
65
41
16
31
7
144
51
67
85
354
8
173
103
17
225
160
35
86
133
12
98
304
10
33
6
116
104
110
70
54
61
60
35
166
25
15
86
41
87
3
108
61
30
218
185
129
27
52
196
6
17
14
276
23
10
38
153
86
143
41
309
113
44
42
8
187
12
33
667
96
199
102
83
10
176
136
55
165
2
66
13
102
49
138
75
50
47
129
556
172
13
44
19
258
33
29
38
134
31
46
34
128
19
107
7
8
147
40
283
96
14
404
43
245
202
2
8
237
207
175
20
14
99
58
8
11
32
74
52
288
38
100
54
47
56
5
127
20
88
130
23
59
5
23
104
89
5
9
29
12
69
138
122
22
100
69
123
9
63
98
57
34
92
31401
5
6
16
9
43
194
97
85
88
76
8
112
36
8
22
932
84
26
110
160
19
71
166
15
3
47
9
3301
2211
328
1553
322
2048
1394
1376
2464
1761
3356
3235
2650
811
742
11020
3679
423
13
2988
4449
2
4
8086
6
2821
882
943
15
19
2447
2039
3105
7
9
2
6
1427
23783
96144
3545
7741
73
0
9417
32379
32
10
4
18
9
2:12
9
125
114
19
53
19
17
5
14
2
7239
28796
19327
85
47
27
0
21
0
38
98
7
2
27
3
37
17
6
12
17
145
27
10
1
2
4
6
2:1
6
5
85
643
29
20
40
1
15
114
6
3445
14007
1185
2297
3093
5056
8403
4729
772
41
203
44
1183
1062
665
436
532
2:2
1
5
1
16
9
19
3
39
19
17
11
54
5
35
9
28
3
1
40
41
4
5
9
1
31815
8273
192
26
64
176
69
31
43
95
183
279
22
104
87
222
43
42
202
135
142
9
21
36
2:9
41
103
30
17
26
17
3
11
28
245
28
247
103
25
13
37
13
6
17
37
1
72
13
14720
140
45
2
7
28
4
11708
2:1
81
69
12
116
19
9
25
5
6
26
2
38
35
46
19
7
15
61
36
2
21
2:1
22
197
2
47
58
2
27
12
0
1426596000
624:0
3
5
-8
1
3
-3
-1
162
-160
2
11
7
-22
46
-42
-4
0
1
5029
-5023
1039
-985
-57
10
-12
285
-278
1459
-1422
146
-189
10
14
99
-123
13
-11
624
-627
25
-4
-14
-9
61
-57
0
331
-335
24
-24
5
4
-7
11
7
-19
1
37
-27
-12
7
10
-14
3
131
-126
6
66
32
-114
92
-67
-25
11
-9
7
-1
-2
-4
-3
3
372
-361
-12
6
-2
-3
2
-4
40
-40
0
20
-10
-7
-4
2:1
2:-1
2
3
-4
3
28
-30
-1
25
35
-60
3
90
-94
1
403
-285
91
-184
-26
4
77
-38
-39
2
-6
12
45
-25
-27
187
-165
-26
14
-15
2
79
-80
-1
2
-2
2
-1
0
24
209
-205
130
-128
-29
0
2:-1
2
-2
4
66
-69
408
-407
49
-39
-11
8
-8
1
7
-4
2
260
-266
2:0
-1
2
5
-1
-6
5
-4
0
109
-1
1180
-1289
21
-19
823
-824
26
10
49
-82
14
4
-22
3
39
35
-71
45
-32
18
-35
-2
92
-89
1
225
-170
-56
262
-253
-7
2
-5
12
-11
226
-228
71174
-71063
3627
-3681
-57
0
4
10
-10
13
-17
0
2
49
193
-83
121
-281
4
-2
-3
-1
71
-64
-1
-6
4
-4
1
-1
2
63
-47
113
-121
-10
18
278
-295
0
3
-4
4
57
-60
-1
0
48
-48
238
-234
50
-53
59
2026
-2086
270
-263
-7
27
-27
3853
-795
-3038
-18
6
-4
-3
6
-7
3
56
-52
3
-10
2
20
-22
5
396
-399
363
-349
74
66310
-66391
-3
53
134
-191
3
-4
1
319
-321
0
44
-35
-9
0
2:7
371
-349
-16
-19
0
2
-2
96
21722
-21814
1955
-7
-1945
-5
25
21
-42
17
3452
815
-4290
663
-580
-78
-6
1
-1
5
-1
-4
2
-1
6
-3
11
-15
6
738
-734
86
1429
-1492
195
-124
-103
17
612
-610
97
-114
16
70
253
-329
46
-43
-9
-7
34
-2
-5
-10
57
-73
39
-40
0
193
-167
370
-329
-66
0
1
133
-135
1
2
751
75
-757
-60
0
-9
-3
250
-103
-143
27
-31
1
0
43
-43
3
131
-134
2
-3
37
79
-116
25182
-25175
-6
1
-2
37
286
-301
3
5227
-5242
19
46
-74
164
-72
-93
6
138
-141
-2
1
-1
0
25
3490
-3516
4
-4
1
-1
7
-7
7
2
-2
2
-8
12
-11
3
110
-115
7
44
28
-62
217
-213
-8
-11
-1
5
-4
-1
18
1
-13
28
-29
-5
0
2
9
-11
17
-14
4
-5
6
-1
-5
18
-3
-15
24
-26
0
-1
1
132
-118
30
-1
-36
-7
3:0
-1
188
-188
6
5619
3985
-9596
52
604
702
-1372
2:0
127
4839
-3488
-1476
2:0
-1
16
153
-167
2
24
-9
-10
-7
1
-1
1
-4
0
2
-1
184
-185
0
10
8
-16
-1
60
337
-388
204
143
787
-1135
36
-32
-13
363
-334
-19
-10
8
-2
16
-13
-8
77
-70
8
-16
30
-28
4626
-4583
692
-736
4
-5
36
-34
18
-20
1
0
315
-160
912
-1061
81
34
-117
223
-228
9
26
-29
4
-5
27
-25
182
-178
12
-19
12
-13
-1
6
-7
-1
70
-69
40
-32
1767
-1775
107
-3
2:1
-1
7:0
1
0
-1
1
-1
3:0
86
-84
-1
0
-1
2:0
7
-7
7
3
-8
-2
3:0
17
-17
0
5
-5
15
0
-15
0
4
-4
0
3
-3
3:0
1
-1
0
4
-4
0
1
3
-4
1
-1
2
-2
3
-3
2:0
4
-4
2
-2
9:0
20
-19
-1
2:0
1
0
-1
2
-2
2:0
2
2:-1
4:0
1
-1
0
1
0
2
-3
2
1
-3
2:1
-2
0
21
-21
9
-9
2:0
3
-2
-1
2
-2
1
-1
0
1
0
1
-2
1
-1
0
2
-2
3:0
1
-1
0
1
2
-3
14
-13
1
-2
5:0
2
-2
25
-25
3:0
3
-3
4:0
17
-17
3:0
1
2:2
-5
2
-2
0
18
-1
-4
-13
9
-9
35
-35
2:0
7
-7
0
2
-2
0
5
0
-5
2:0
1
-1
0
9
-9
1
37
-34
-4
2
2:-1
2:0
1
-1
40
-40
1068
-1065
54
-53
-4
2:0
1
-1
4
-4
0
1
-1
2:1
-2
2:0
1
-1
0
4
-4
1
-1
5:0
6
-3
21
-20
-4
1
11
-12
4:0
3
-3
2:0
9
-9
29
-29
7
-7
4
36
-40
5
-5
0
2
-2
231
-156
-73
2:-1
2
-2
1
-1
1
2
-1
1
-3
1
-1
0
2
27
-29
20
-13
-7
327
-325
3
-4
15
-16
3:0
8
-8
0
8
-7
-1
0
1
0
46
-24
-17
-6
0
2
-2
15
358
-371
50
7
-59
0
2
-2
1
6
105
185
-297
8
39
-47
2:0
1
-1
2:0
1
0
-1
1
-1
2:0
30
-21
-8
55
-56
28
-19
-9
0
45
-45
28
-27
5
12
70
-85
0
-2
-1
0
4
-4
1
2:9
-19
1
-1
0
2
8
-1
15
-24
2:0
15
-15
2:0
2:14
-13
-15
0
1
-1
46
-38
-4
10
-14
5:0
7
-7
1
-1
2
-2
0
149
-147
-2
2:0
4
-4
3
0
331
-334
1
2
-3
10
-10
0
1
4
-4
-1
0
2
-2
3
119
-122
4:0
4
-4
3
0
-3
4:0
2:1
-2
0
7
-1
-3
75
-64
-14
2:0
1
-1
0
6
-1
0
-5
2
2:-1
5:0
10
-7
-3
0
1
2
-3
0
2
-2
3:0
7
-5
1
3:-1
4:0
18
-16
-2
10
93
-103
1
6
74
-81
1
-1
17
134
38
-189
2:0
1
2
32
-34
-1
5
-5
4
-4
2
-2
5:0
46
-46
1
0
14
-14
-1
4
7
-10
37
31
50
-117
12
-14
0
43
-43
1
-1
5
-5
1
-1
0
6
2
-7
-1
3
-2
94
-91
6
-10
3
-3
11
-11
6
-6
2:0
16
-5
60
-69
5
14
-20
2
-3
2:0
1
4
-5
3
-3
8
-8
19
-19
1
-1
0
1
-1
0
20
-20
2
-2
45
-45
2:0
end
