v1
1130
55
14
114
50
19
45
242
45
82
66
11
312
13
56
62
43
52
139
15
24
9
2:26
187
155
48
54
84
35
51
28
9
100
6
0
123
38
26
0
14
137
5
14
1
38
0
2:19
0
37
7
15
28
118
39
38
186
111
161
7
17
60
29
59
16
43
265
4
12
126
59
14
26
0
47
104
36
17
9
30
18
91
57
4
66
15
12
0
67
35
19
0
152
68
0
47
0
44
32
23
5
57
19
26
72
8
143
125
9
125
6
39
72
50
66
37
46
22
12
67
9
67
61
45
121
21
10
83
53
19
39
18
4
32
86
33
93
41
39
42
79
18
182
31
0
17
98
0
13
54
70
24
89
95
217
28
17
9
104
172
3
28
13
19
6
21
84
0
51
23
8
58
6
53
80
2
26
104
173
14
42
53
35
80
25
8
20
24
132
7
5
30
11
33
1
55
56
82
63
79
39
2:9
29
36
31
0
43
93
80
5
51
13
93
146
35
11
19
308
89
110
63
41
155
3
5
8
148
111
38
25
0
71
38
16
18
56
23
4
18
66
81
183
29
160
0
228
54
59
0
67
0
141
72
36
29
14
19
28
31
77
268
316
117
65
23
18
69
66
57
71
28
4
6
0
73
88
39
30
55
0
61
111
72
44
14
37
28
8
181
21
16
27
28
45
74
24
104
81
53
2
22
64
44
0
29
176
19
7
31
53
0
34
67
47
39
29
28
66
77
29
151
18
16
15
28
50
119
10
33
0
46
0
75
0
145
12
16
68
2
27
126
8
81
44
250
104
5
10
76
84
2
40
61
15
7
41
130
6
4
26
1
13
16
12
16
17
6
13
19
18
7
10
5
3
12
5
2
6
2
8
3
0
6
1
10
6
7
1
46
2
3
11
3
6
1
63
47
7
4
5
1
23
95
9
55
2:9
12
20
34
8
9
31
5
2:14
26
6
18
30
5
26
4
38
3
16
38
14
1
2
82
28
0
17
118
85
91
43
155
52
20
0
1
61
17
95
8
77
35
94
131
51
120
24
16
80
100
23
0
12
98
28
70
46
118
4
38
10
33
1
5
116
77
27
110
70
54
121
7
28
106
5
80
101
41
59
28
21
90
58
3
146
43
30
0
29
185
129
27
248
1
5
17
14
110
53
0
136
10
5
31
2
66
17
70
103
62
64
3
38
423
39
46
8
5
7
0
132
28
15
9
1
40
9
280
469
199
102
46
37
10
252
60
55
50
6
31
0
75
3
2
24
55
102
37
56
45
48
1
7
68
50
36
11
278
56
69
0
61
144
262
35
9
8
3
8
11
0
247
4
2:29
1
8
9
20
0
13
96
10
0
46
8
30
0
42
53
37
11
23
4
2:19
0
5
83
7
8
27
120
88
0
16
0
53
166
63
33
14
275
235
89
10
2
36
45
20
91
7
84
2
36
28
181
10
59
16
85
37
175
70
64
57
8
11
31
1
43
21
0
16
6
15
11
26
79
146
22
12
17
22
16
100
40
14
47
2
53
0
1
5
6
31
18
34
58
0
88
153
59
5
20
3
104
0
18
3
68
3
2
9
24
17
101
100
6
102
17
25
94
17
42
16
72
9
12
21
18
63
38
75
10
32
34
64
13
11
4
31
31370
5
1
5
16
9
12
0
31
161
15
18
53
44
1
84
88
4
24
8
40
1
0
7
21
37
54
36
8
22
986
64
80
22
179
61
10
104
62
18
25
22
9
272
1783
905
341
2211
2
323
3
1553
322
2048
1394
1372
4
2464
5116
3236
2650
811
3955
3406
1583
3
1620
1211
3663
436
1328
841
819
925
3524
2
4
0
10
8047
28
2
1
4
17
2804
882
943
15
19
1
1513
920
487
511
1012
3146
1
6
2:1
8
2
5
1
1427
3523
530
19730
96144
1
3544
1735
5981
25
32
41
9417
18301
10471
3639
7
3
18
4
26
7
0
4
5
121
91
25
2:1
19
53
4
15
4
13
2:5
76
10934
43632
680
51
38
3
9
22
13
54
20
59
29
69
7
2
27
18
34
5
2:3
12
17
16
20
46
47
4
12
27
7
3
2
1
3
1
4
0
2
2:1
6
0
5
2
83
643
0
29
2:7
0
10
17
0
19
4
69
50
8
5
0
16280
1174
3480
3093
1178
1995
7035
3251
4729
813
247
1183
455
420
86
45
56
665
436
330
202
5
4
2:1
16
9
19
0
3
39
2:5
9
28
8
2
11
13
1
10
0
9
1
4
3
1
31
2:3
31
3
1
23
0
8
11
1
0
47
4
5
1
30302
1513
8269
196
26
64
9
167
0
15
23
2:31
10
49
30
49
43
419
82
43
1
2
44
0
41
199
10
13
43
27
92
125
24
25
226
2
9
2
22
18
15
2:9
41
103
24
23
26
5
0
5
2
3
2
10
7
9
16
186
87
212
138
25
12
1
32
5
13
6
3
14
15
22
1
8
64
14733
14
126
10
35
9
28
1977
13
9666
56
2:1
81
67
2
12
38
35
43
23
5
7
20
9
26
13
4
2
1
20
35
28
7
6
24
22
54
7
0
6
13
17
2
18
3
1
48
14
26
12
81
23
16
49
50
8
2
18
22
28
2
0
1426987800
1129:0
8
-3
-5
1
0
4
3
-3
-2
-1
33
-30
6
-11
154
-120
49
-34
-47
16
50
-66
0
-1
0
-1
8116
-8109
9508
-9509
-6
8
31
-36
1
18
-17
-2
2:1
327
-332
10
-5
2:2
863
-864
-1
518
-491
47
2:-33
-12
-2
13
-11
68
-61
-5
-4
27
2496
-2523
2096
-2076
-15
51
-49
-5
-1
0
-1
172
-173
22
-10
-8
0
3
-7
0
1
-1
0
2
2:-1
6
-4
1
86
-86
-1
6
-1
64
-71
1
0
1
39
-16
19
-41
-3
3
-2
41
-41
56
-56
9
-7
7
72
-76
0
210
-215
8
-6
5
-4
19
56
-71
539
-544
114
-61
-52
-4
43
-40
12
3
-8
-9
102
-94
40
-46
-2
0
4
0
-4
202
-15
-184
-4
1
2
-3
1
0
18
-18
2
5
-8
4
154
-147
-6
0
2:2
3:-2
117
-89
-29
147
-143
24
478
-505
7
-10
1
9
62
-64
-5
40
18
-57
9
-7
10
27
-25
-15
80
-4
-57
-22
218
-214
-3
7
0
-1
40
-27
-19
7
-7
0
4
-3
2:-1
1
-1
93
-74
-18
33
-25
-5
-3
709
-703
31
-37
3
-1
-2
259
-258
-1
0
1
3
-5
0
18
-15
117
-117
1
174
126
-300
2:-1
1
-2
723
-650
-70
9
-12
121
-107
-2
255
-260
2
-8
3
381
-386
100
-98
-1
15
-15
1
-1
12
13
-3
-22
2:1
104
-103
7
-9
4
45
-50
2
-1
0
20
22
-20
-24
1
13
-9
43
-47
0
19
-14
2
-1
-6
3
0
2033
-2037
2
1
8
-10
0
12
7
-20
1081
-1080
16
-16
336
-324
-10
1
-3
5
9
-14
1
5
1
3
0
-9
114
-99
-16
17
-18
11
4
286
-301
512
-494
18
-13
-17
5
-11
8
-6
4
15
-20
2:0
38
-28
13
-24
27
-6
-8
106
-93
-20
514
-514
40
-35
14
81
-106
2
16
-13
-5
1
10
-1
-8
0
7
20
11
-27
-7
5
14
-21
24
-24
4
-6
2
249
-192
-45
82
218
-186
-126
-3
18
1400
-1413
39
-16
87
-115
8
4
33
-35
0
-9
268
-204
-60
1
343
-322
-12
101
-94
-23
53
13
-65
16
1
-6
311
-311
-7
-1
-2
0
-1
0
104
-104
19
58
-72
-5
201
-193
58
-55
-11
22
-23
2:1
20
-5
-17
924
-919
3
-5
129
-131
25
86856
-86429
-445
6328
-3392
-2943
-1
1
45
-42
54
-58
1
94
-94
91
-77
87
-86
-14
0
1
4
227
-211
-23
2
1
9
486
-378
-115
5747
-5749
2:5
26
-35
-2
-1
129
-62
-60
91
432
-504
24
-1
-49
2
168
-161
341
-349
5
-7
21
-4
-6
1
-5
-3
65
-24
-45
5
-1
-3
647
-636
202
-211
8
2
-11
3
2351
-2354
0
1
-1
11
21
413
-421
-26
2
2:-1
4
-3
11861
-11859
1228
-1081
-149
3
-2
3
-3
-1
1
9
-11
0
8
-8
2
-1
89
-7
-2
-73
34
-39
15
-15
0
7
-4
-1
7
-4
-1
21
-25
2:0
54
-50
-7
0
2
604
-606
2
-2
3
1023
-975
-11
-40
30886
-30884
1
0
1
0
85
-87
7
892
-892
-1
0
-2
26
259
-282
116
-125
53
-48
369
-365
-8
3
2:-2
10
7
89
67
41
749
-930
2700
-2529
-26
-131
-43
-2
1
-2
5
0
104
-102
1
45
-53
-1
9
1
3913
-3242
-680
48852
-48795
-57
2:1
13552
-9690
-3864
0
4
-4
10
0
242
-167
-75
2279
-2264
17554
-17560
-6
-3
-8
86
-85
328
-332
2:0
29
-28
47
-48
3
4
-7
70
-67
9
-12
9
-3
-6
269
-228
-26
-14
0
11
3060
-2944
-122
2
32
-30
40
2041
-2089
0
528
-303
-223
-2
4
0
-1
0
19
2032
-2054
228
428
-658
0
6
3
4
-2
83
-92
0
392
-98
-282
83
-97
17
-13
43
-8
-31
14
-22
271
-168
-98
53
-15
-35
6
0
236
39
-288
7
939
-535
-411
4
215
-215
335
-337
-3
2574
2555
-2829
-2250
68
-93
-19
14
-14
-5
1170
-1166
-4
121
-117
23
79
-100
-5
98
-98
5
-6
6
-4
-1
58
-30
-26
84
-82
2
-5
19
14124
-14146
4
236
-233
2:0
-6
8
35265
-35243
-18
5
-7
506
-507
-2
3
206
-215
12
392
-403
168
5639
-5806
2
-4
21
-6
-10
43162
-43153
-2
5
180
-149
-42
35
-43
83
-70
9
-18
10
-2
-10
113
4299
-4414
10
-10
27
85
-91
-21
1
65
-64
5
4
29
-32
-8
100
-86
10
132
-143
-11
69
-70
1671
-1636
508
-516
-27
2
1
2
87
-36
-55
16
-8
16
-26
5
-3
-1
13
53
-21
-26
-3
236
-210
-42
7
-5
24
-20
4
1
-6
-4
1
10
-12
2
35
-37
19
-3
112
-127
12
11
-24
0
25
-23
70
-66
1
97
-104
1
-2
0
68
-29
45
-74
83
-82
26
-36
16
86
-103
2
1
9809
-2352
-7457
-3
2
1186
-1183
-2
-3
13
2
-13
-1
11357
-11357
2:1
17
6
-26
2
1418
12272
-7858
-5832
2:-1
4
-1
1
58
-43
16
3351
-3337
-49
1
50
180
-50
-171
1
-2
-9
3
40
-12
-18
145
-151
-7
47
-41
-4
851
1317
-2165
-2
-3
9
31
-20
-1
3
-17
-5
35
-30
41
14
310
3065
-3430
-1
-3
150
628
2727
-3456
110
-153
21
1879
-1899
-3
22
-23
-3
1266
-1257
689
-697
39
-23
8
18
-41
9
-11
47
-47
3
23
292
-315
48
-47
1753
-1487
-269
285
-284
8
-4
1
2
111
-93
-20
209
-214
2
3628
-3147
76
-548
6
4134
-4151
9
219
-204
20
-44
-1
10
43
67
-118
-3
2:1
34
-35
7
-3
17
196
-207
1
-2
3
-12
263
-166
-99
3
19
-20
-1
35
-28
95
132
-194
177
-214
27
9769
-9797
1
-3
9
1
1
4:0
1
-1
1
-1
0
2
-2
3:0
8
0
-3
-5
2
4
-6
4:0
9
-9
168
-168
2:0
1
-1
8:0
1
-1
1
0
34
-35
0
26
-22
17
-19
2:-1
4:0
47
-47
2:0
15
-15
2
-2
2:1
-2
4:0
19
-19
2
0
-2
10:0
1
-1
0
12
-12
3:0
3
-3
3:0
2
0
12
-14
5:0
4
-4
3
-3
0
7
-7
2:1
-1
1
2:-1
1
0
10
-11
2
-2
5
-5
2:0
1
-1
7
0
-7
0
2
-2
7:0
8
-8
3:0
2
-2
8:0
3
-1
-2
0
2
-2
4
-3
-1
3:0
17
-17
1
-1
5:0
7
-5
-2
4
-1
-2
-1
0
2
2:-1
0
1
10
-9
-1
5
-6
2:0
3
0
3
2:-3
3
-3
2:0
1
-1
3:0
6
-4
-2
1
-1
1
-1
33
-33
5:0
9
-8
-1
7:0
3
-3
0
4
9
-13
4:0
20
-20
3:0
5
-3
-2
2
-2
2
-2
0
8
-7
8
-9
6:0
2:1
-2
3:0
1
3
-4
0
10
-10
1
-1
0
2
5
-5
-2
3:0
11
-11
0
3
2:-1
0
-1
0
2
32
-34
1
2:0
-1
0
1
0
-1
58
-58
1
-1
21
-21
3:0
1
0
-1
3:0
1
0
-1
0
3
-3
1
-1
0
1
4
-5
79
-76
0
-3
0
1
0
-1
1
0
4
-5
2:0
8
-7
5
-6
9
2:-4
4
1
-5
83
-84
3
-3
1
3
-3
-1
1
-1
2:0
3
0
-3
2:0
1
0
1
6
-3
-1
-4
2
-2
2
-2
2
-2
0
1
16
-6
30
-41
0
3
81
-84
2:0
8
-8
0
2
0
2:-1
0
15
0
-14
-1
15
-10
-4
7
2:-4
0
13
-12
-1
0
2
12
-14
0
1
-1
3:0
13
-13
4
1
-5
0
8
-7
7
-8
0
3
-3
2:0
3
0
-3
93
-92
0
-1
1
-1
10
1965
-1967
-6
113
-90
-25
1
-1
9
-7
13
-15
1
5
-6
8
1
-8
1
-2
2:0
1
25
-22
-4
2:0
3
8
4
-15
7
-7
2
0
6
-8
1
0
26
-22
-3
-1
101
-98
-1
10
-13
0
17
-17
9
-9
2:0
2
-2
7
0
-7
0
8
-7
-1
1
-1
0
19
-18
32
-33
1
3
-4
1
60
-61
3
-3
2:0
6
7
-4
-9
2:0
3
-3
0
822
-822
84
-74
-10
1
-1
4:0
1
-1
0
1
-1
2:0
1
0
8
-9
10
-9
2:0
-1
1
0
-1
4
-4
0
10
-10
2:0
9
-9
3:0
43
-42
-1
2:0
59
-50
-5
-4
357
-356
0
-1
2:0
8
-8
1
58
-59
3:0
4
-3
2
-1
-2
3
0
20
-23
0
1
0
-1
0
2
41
-28
0
-15
2
167
-111
-58
10
-10
3:0
2
-2
2:0
1
6
-6
-1
1
2
-2
44
-45
993
-984
-9
2:0
46
167
-213
0
1
-1
1
0
16
2
-13
192
-194
1144
-1142
0
-6
0
9
-9
121
-121
1
-1
5
-5
8
-8
0
1
-1
1
0
6
-6
-1
1
-1
13
-5
-8
2:0
4
160
-158
-6
4
18
-22
3
208
-211
0
74
-60
-14
0
2
0
-2
2
1
86
-89
2
98
-100
2:0
4
-4
0
5
-5
0
53
112
-161
11
-15
1
-1
6
0
-6
8
-8
37
-26
-11
6
-5
2:0
-1
14
27
-41
3
34
-1
-36
0
5
-4
56
-57
0
60
27
-60
-25
2:0
-1
2
-3
1
104
-104
0
7
-7
10
38
-49
0
2
-2
3
3:-1
0
5
-2
-3
6
-5
-1
2:0
5
-5
0
3
-2
0
3
-4
2
203
-204
2
1
-1
-2
-1
4
-4
14
-14
3:0
12
810
-822
2
-2
3
-2
1
11
-12
5
1
-7
6
-6
2
-2
4
-1
-2
0
2:2
-5
6
155
-161
2
-2
3
-2
0
-1
3:0
1
-1
17
-17
0
13
-9
7
-5
4
-10
12
-12
3
13
187
-203
3:0
2
31
-25
-8
5
-2
4
-7
3:0
2
14
-4
4
0
-4
-11
-1
7
1
2:-4
2
0
-2
2:0
3
-3
3:0
20
0
-11
-9
9
-3
-6
0
2
-1
1
0
1
13
-16
3:0
7
-3
5
-9
24
-24
1
-1
1
5
-4
-1
0
38
209
-248
2:0
16
-15
-1
2:0
3
-3
0
283
-282
2:0
2
6
-9
0
143
299
673
-1115
3:0
2
0
7
-5
5
259
-263
-5
0
5
-1
18
-21
5
0
-6
0
9
-8
-1
14
-14
0
2:1
-2
54
318
-372
3:0
1
2
-2
5
-6
0
12
-10
4
-5
17
37
-54
-1
0
85
76
121
-278
33
-35
1
70
-73
3:0
1
3
-2
12
-14
7
-7
5
0
-5
2
-2
6
-6
3
1
0
-4
23
-23
143
-125
-18
23
-23
0
2
-2
1
17
-14
0
2
-6
0
32
5
145
-182
7
45
-52
2
36
-38
3
-2
-1
2
6
3
-9
-2
2:0
13
-13
1
0
-1
107
-106
3:0
-1
12
-2
-10
0
3
-3
2:1
-2
6
-4
26
-23
-5
1
168
-169
2:0
3
0
end
