v1
643
12
175
110
278
9
79
80
148
233
27
109
105
31
72
8
18
0
53
274
89
173
314
62
5
42
1
185
56
22
28
378
282
165
340
170
242
126
466
242
47
104
322
46
76
239
43
34
295
96
10
50
185
266
573
70
340
85
225
586
349
173
12
76
11
89
86
72
1210
193
86
24
75
29
65
77
21
8
131
166
52
44
38
16
365
113
233
111
98
339
47
79
192
184
521
18
128
7
44
60
135
88
39
0
55
120
161
64
24
28
281
381
24
64
44
132
99
394
275
109
64
323
69
79
18
501
8
34
247
331
15
14
45
6
32
43
12
7
19
23
59
21
121
2
4
81
37
9
73
74
59
64
8
42
15
38
57
6
138
118
105
334
1
7
78
95
120
94
301
99
12
10
233
314
34
2
3
116
104
110
70
175
35
191
101
100
2:28
26
115
40
352
448
6
17
33
121
159
10
5
30
3
66
87
177
52
0
41
477
39
5
7
139
36
62
698
48
301
76
17
312
55
56
109
2
79
102
183
4
8
67
50
30
17
278
150
763
33
67
245
128
19
38
69
7
8
1
146
323
57
53
896
245
93
53
24
37
175
70
129
11
32
64
16
137
8
65
73
189
54
100
3
5
199
36
212
5
20
3
104
89
5
257
194
103
16
132
63
113
76
77
14
1
31401
5
10
12
9
43
194
50
3
44
24
149
196
36
30
932
111
109
68
83
99
166
18
47
9
272
3029
2211
325
3
1553
322
4818
2464
8337
15
2650
811
742
9825
5310
1755
414
3
816
925
2139
1387
4
10913
1840
3451
1039
3120
16
2
16904
104456
3545
7717
24
73
9417
31396
983
42
22
33
9
30
208
73
4
32
2:5
82
7168
28796
19412
74
157
7
2
27
57
6
12
17
145
51
1
6
5
85
856
3457
12245
590
2356
1
566
4824
18188
1060
1183
873
143
46
665
436
533
1
3
22
9
18
1
3
39
47
8
46
1
4
35
3
34
3
1
11
83
5
1
30302
9978
26
64
176
69
31
181
544
1
87
265
27
15
0
111
91
49
148
80
9
57
2:9
14
27
103
0
73
10
2
47
245
275
128
13
18
19
0
19
17
37
1
72
14747
126
10
35
9
2018
9722
2:1
2:81
116
19
9
62
13
62
65
22
61
36
2
4
18
142
78
49
50
8
2
-488938
1187
1195
94
2789
13
426
250
303
668
190
586
711
642
1035
85
202
147
19
1678
178
419
282
79
170
1375
178
312
267
387
98
384
200
228
333
127
268
788
432
46
256
114
215
87
55
14
305
1086
802
181
153
12
736
90
56
416
312
276
597
425
893
1084
208
187
38
911
44
48
319
119
102
19
200
998
358
1487
38
13
284
60
32
261
186
132
118
504
208
31824
177
15
23
157
15
156
1241
112
242
23
50170
8092
1
4651
2468
13
983
1056
3112
17
1427
123471
49545
337
93
55472
50
320
246
13
10
741
49
176
29084
13944
165
1723
414
1834
5
231
40867
946
594
245
31
765
15053
35
4
11860
220
270
87
1426251000
499:0
1
142:0
1
7
-7
3:0
15
-13
66
-69
16
-14
59
-29
105
-136
1
0
1
-1
6782
-6753
-22
-8
1
0
180
159
-278
263
-300
-24
903
-897
5
-4
-8
73
-72
-1
39
-39
0
9
-10
17
-17
2
68
152
-219
70
165
-210
-2
-26
167
-165
538
-539
42
-28
-13
32
-33
2:0
2
11
-13
23
-23
30
-29
-1
15
24
-39
71
-59
-10
28
78
-107
43
-45
2
337
-200
-138
109
-107
-2
8
22
-18
2
-13
10
-4
136
-122
2
-23
11
-10
0
66
-67
9
20
-11
-18
2:0
49
36
-59
-25
-1
46
-46
20
-20
7
329
-329
-8
17
-15
28
-19
-8
151
-134
-12
27
22
-56
35
-10
32
-56
66
-54
32
-44
1018
-950
-49
-9
-10
-2
180
-178
13
-15
2
74
-75
0
2
95
-97
70
6
-75
529
-530
0
1
182
243081
-243264
0
26729
-26679
-50
0
14
3
-16
0
-1
1
222
-223
-1
2
2:0
29
-29
0
-1
0
13
-1
-12
1
97
-97
0
-2
23
1
346
-361
127
-134
1
0
7
-9
-1
27
178
-196
81
-76
1754
-1750
-15
596
-599
56
-55
3811
-3810
2604
-2588
-17
0
1
-1
33
-33
48
-47
496
-496
6
3887
-3877
77
-94
51730
-51730
0
172
-67
-104
-2
2:1
30
-2
-27
568
-449
-82
186
-223
-1
16
-16
13
55
284346
-284414
4023
-2266
-1758
37
-37
2120
-2119
5894
-5895
7
154
-126
-35
-1
0
2:1
-1
682
-680
-1
17
-9
3416
-3424
66
-4
-64
1
7
-6
129
-130
171
83
122
-342
-16
663
-640
-33
7
-4
66
-65
25
-30
-7
232
-202
-30
334
-283
-51
238
-239
4752
-4422
516
160
-997
-7
433
-432
5
233
-92
-148
2
40
-30
-12
90
-90
0
27
-11
22765
-22780
1
16
-18
302
-275
4461
-4489
0
48
168
-203
3
28
-42
8
24
-2
3055
-3086
3:0
27
63
-67
-23
9
95
-94
0
1
236
-215
-19
14
-14
4
-16
-1
1
13
0
-5
4
-13
10
0
-8
58
-60
1
23
5
-14
-15
17
-8
194
-204
1
92
9159
-8517
-103
-632
2130
-2130
2
21
-22
256
2948
-439
-2766
3
10
136
-139
58
-65
15
-9
5
-12
68
-41
197
-226
10
-9
19
3
-22
2
10
-12
60
287
-171
346
1128
-1643
5
11
-2
816
-607
-220
-3
-6
49
138
176
-354
-10
1
29
-22
9044
-9004
3941
-3911
-78
0
36
0
61
-97
283
-153
18
-55
21
-113
115
-114
12
67
52
204
-277
-36
-16
-9
11
-10
153
-109
-43
30
1691
-1723
5
-2
3
-6
0
5
0
-5
7
0
-7
6
-6
6
2:-1
-4
0
4
-4
4
-4
0
3
-3
4
-4
5
0
-5
4
3
-4
2
-1
-4
0
3
4
-3
-4
0
6
-3
0
-3
6
-6
0
7
-4
2
-1
2:0
1
-5
6
2:-3
5
-1
-4
6
-3
4
-2
2:-1
-3
5
3
-3
2
-4
2
-5
3
4
-2
2:1
-3
-4
4
-4
7
-7
0
7
-7
5
0
-2
2
1
-6
5
-1
-4
7
-2
-5
4
-4
4
-1
3
-3
1
-1
2
-2
1
-4
7
-2
-1
1
-1
1
0
-5
0
6
0
-1
0
-5
2:3
1
-2
-1
2:1
-6
0
5
-5
4
-4
1
5:0
1
-1
2:0
1
-1
0
1
-1
1
0
-1
0
1
77
-77
-1
3:0
5
1
3
-3
-6
13
-8
-5
3:0
7
-7
0
3
-3
3:0
2
-2
2
-2
2
-2
0
1
0
-1
0
3
-3
12
-12
0
1
-1
0
1
-1
3:0
1
0
-1
3:0
1
2
-3
2:0
2
1
-3
0
2
-2
0
12
-4
-8
6
-6
2:0
1
-1
2
-2
0
1
-1
2
0
2:-1
2:0
4
-4
1
-1
1
-1
2:0
2
8
-10
7:0
37
-37
1
-1
0
1
2
-2
18
-17
-2
2
1
-3
1
0
-1
0
9
-9
7
-6
41
-38
-1
2
-5
0
11
-11
2
-2
0
15
-15
2:0
24
-24
7
-4
-3
3:0
1
42
932
-975
0
48
-38
-10
0
2:1
-2
2
2:-1
11:0
6
-5
-1
0
23
-23
1
-1
2:0
12
-12
2:0
1
-1
1
0
-1
4
25
-29
5
1
35
-40
-1
10
-10
1
-1
253
-253
87
-86
-1
0
1
-1
3
-2
0
-1
42
-42
2
18
-14
2:-3
299
-298
-1
30
-26
-4
3:0
6
2:-3
57
-25
-27
-5
4:0
1
7
338
-346
62
14
-76
4
0
100
-102
482
-484
2
48
-49
-1
2:0
1
0
-1
34
-34
0
4
-1
67
-70
6
3
-9
2:0
1
30
-31
34
-7
72
-95
-1
-2
2
-3
0
3
21
-22
-1
1
-2
4
1
-4
12
6
-19
19
-19
3
17
10
8
-38
0
50
-50
2:0
1
-1
0
15
-15
0
3
-3
3:0
138
-138
6
2
-8
0
1
203
-204
0
3
4
2:-3
-1
0
1
-1
2
129
-131
0
1
-1
6
0
-2
-4
5
-3
8
-7
2
98
-91
-10
3
0
-2
-3
0
1
-1
2
-2
2:0
2
2:0
6
-6
-2
1
2
-1
-2
0
3
19
-20
-2
0
10
-1
-5
-4
94
-94
2
2:-1
26
162
41
-229
0
3
28
-31
3
-1
1
-1
0
-2
2
14
36
-52
2
-2
13
0
-13
0
1
-1
3
4
23
54
60
-144
2
4
0
55
-60
1
3
-5
1
24
-18
-7
2
2:0
1
137
-137
16
-19
2
-2
16
-4
-8
-4
9
5
-9
0
15
-20
1
-1
0
3
0
11
-14
3
-2
-1
1
-1
25
-24
-1
1
26
-27
10:0
1
0
-1
1
2
-2
-1
20:0
2
4
-6
2:0
1
-1
2:0
1
-1
0
1
-1
3
-3
1
2:0
-1
0
1
-1
5:0
2
-2
0
3
-3
0
2
0
-2
2
-2
3:0
2:1
-2
4
-3
-1
6:0
3
-3
0
3
-3
0
6
-6
2:1
-2
3:0
2
-2
3
-3
0
1
-1
2:0
1
2:0
-1
2
-2
10
-10
4:0
2
2:-1
0
2
-2
1
-1
0
1
-1
3:0
1
-1
end
