v1
633
187
23
30
422
55
26
298
14
174
205
302
82
29
63
54
84
35
188
126
2
252
41
56
7
15
28
37
81
91
130
275
46
77
29
2:59
553
140
56
695
124
12
98
106
45
124
0
19
321
111
34
67
9
67
152
75
21
10
216
19
99
126
41
269
304
10
84
141
0
104
60
96
45
354
57
99
31
58
30
137
122
155
257
176
158
40
145
36
100
139
93
85
39
118
192
19
171
226
46
33
31
104
80
83
8
259
60
74
0
38
394
100
212
21
74
135
59
280
112
14
404
253
216
42
135
91
0
95
53
88
10
29
55
0
369
28
25
164
37
198
185
77
64
44
31
193
7
53
72
134
12
29
89
5
106
169
16
32
11
50
119
337
64
248
294
274
108
230
29
45
6
32
43
2:6
7
8
11
17
14
46
2
3
148
13
10
95
73
9
1
11
62
45
14
56
6
2
3
32
30
3
38
34
0
20
17
0
14
113
118
356
83
8
78
66
29
120
94
291
11
24
96
0
123
110
304
10
33
6
116
146
68
124
12
109
35
106
40
45
101
100
139
58
3
30
116
5
282
129
281
31
299
15
33
83
70
229
41
309
157
42
1
12
182
12
38
758
192
109
42
29
12
10
312
55
56
109
2
72
7
0
7
95
98
89
75
18
32
36
140
342
137
0
306
277
5
28
67
159
6
80
53
75
19
107
7
8
147
40
283
96
14
334
313
249
391
61
175
133
0
58
8
11
32
2:43
204
73
89
100
54
13
22
12
56
5
6
89
32
20
88
153
39
20
5
20
3
193
5
33
214
10
297
16
72
123
113
42
34
1
63
13
46
31370
5
22
9
43
152
9
33
53
44
85
88
76
8
13
10
89
8
28
30
12
920
111
37
72
179
71
108
0
58
18
47
3310
2211
328
1553
322
4818
2464
8337
15
2650
811
742
8211
406
2419
4099
2988
925
2144
2
1378
2
14
8047
21
0
9
2812
14
882
943
15
19
2435
12
0
2039
3105
6
1
7
2:2
6
1427
14
3509
37
493
102775
13099
3544
1
7741
73
9417
28772
3616
23
10
22
33
9
125
40
73
1
19
72
17
5
81
6
7168
3760
44363
85
74
157
9
27
3
60
12
1
16
117
12
16
27
10
2
1
10
2:1
6
5
2
726
43
6
41
2
133
3445
12245
590
1172
3482
3093
5056
1
13131
813
247
1183
961
101
665
968
2
9
5
11
3:9
2:1
2
39
13
34
21
33
5
3
32
9
28
3
1
90
4
6
30302
1513
7115
1056
294
26
64
176
69
31
0
59
262
404
1
296
13
43
25
17
202
24
25
76
10
142
9
21
36
2:9
41
103
30
17
26
17
10
7
25
0
186
87
338
50
37
19
2
15
37
1
72
14733
140
45
2
7
28
1990
9722
2:1
81
69
12
116
35
19
4
32
2
15
3
55
65
7
15
54
43
2
11
10
1
62
14
105
39
2
47
45
13
2
1426851600
632:0
8
2
13
-23
5
9
-13
1
1343
-1343
0
-1
0
-1
7
-6
6252
-6253
19
-18
4
896
-515
-385
9
58
-64
3
-7
0
51
-47
-3
2
693
-689
81
-68
19
30
-66
162
-140
-23
-2
0
2:1
2
35
12
-38
-13
3:0
8
6
-8
-5
2:0
41
-41
-1
5
-3
0
1
-3
0
489
-489
108
-91
22
-37
6
-8
297
-267
9
27
-66
0
1
28
-24
-5
6
-2
6
-9
6
-6
1
-1
13
-11
2
67
-54
-18
17
-7
-1
0
-9
2:0
4
175
-160
-18
0
323
-323
2855
-2853
69
-70
1
12711
-12586
-124
-2
2
140
-137
3
33
906
-949
0
70
-70
278
-277
25
-5
-16
-2
0
8
-2
-9
187
-187
2:0
2
0
-2
677
-646
4
314
-348
7
-8
1
-1
1
187
115
-293
-9
8
-2
-3
-4
195
-195
1
0
2:1
55
-57
2
-1
0
32
58
-5
26
-73
-40
783
-781
2
55
-59
31
-29
20
-18
-3
47
29
-75
12
-13
-1
2
5
-1
-4
4
63
-67
0
215
-212
-3
64
-55
258
-260
-8
6
-5
1
4
237
-244
108543
-108543
3318
-3271
-45
-1
12
-11
3
-4
18
-15
36
-40
2
3
-2
10
-13
2:1
37
-35
-2
2:10
-20
188
-177
10
63
146
-222
2:-4
1
10
43
-55
24
3
-26
245
-246
-1
3
19
-15
1848
-1733
-118
34
-38
2:0
2:1
-2
3786
-993
-2791
12
-14
1
-1
2:0
7
33
-40
8
-3
-2
23
-10
-15
262
-261
2211
-2207
58
52391
-52455
2
74
290
-365
10
62
-71
52
-25
-26
-1
13
348
-331
-22
-9
0
1
7
5
33
16242
-16286
-1
16
894
428
-1340
0
4
-2
34
0
-36
7
1969
-1976
3587
-3583
80
-83
1
-2
2
-2
2
-1
4
8
1031
-1044
86
-85
1
60
1122
-831
-271
-80
2:0
5
-2
247
-251
381
-382
7
15
-22
102
-100
168
-139
-30
5
2:1
19
-22
3
-8
0
51
-11
662
-568
-112
249
-214
-57
170
-170
1
337
326
-645
-6
-13
0
2
241
-80
-163
1
0
8
43
-50
3:0
-2
0
2
-2
1
174
-174
-1
7
0
-7
5
-3
20
-19
-3
33688
-33685
1
-4
5
-4
0
3
-3
-1
48
201
-243
3295
-3299
0
6
70
218
-294
-2
1
3
0
3
-5
-2
210
2100
-2283
-24
-3
1
4
20
-12
-3
-8
127
-129
18
-12
2
122
-117
-8
12
-8
-5
5
-6
2
12
50
-60
15
33
-53
4
-5
1
-2
8
-6
13
48
-62
8
10
-14
-5
6
0
-2
56
-58
31
6
-17
-5
-15
39
60
-101
2:3
-5
1
698
4293
-4991
1065
-1067
5123
-5123
117
-117
4
295
3644
-2297
-1624
-7
106
-108
-12
0
1
48
-50
18
-18
11
-4
0
9
-14
29
293
-310
-5
-6
1
21
-25
9
-2
-5
7
23
350
-372
216
91
1550
-1860
27
-32
2
65
-49
-19
22
-17
0
15
-16
-5
6
2
-7
3
-4
2439
-2417
268
-287
0
8
-6
59
-64
68
-65
390
-256
251
-367
390
-261
-145
-2
5
-5
-1
2
-2
53
0
-45
29
-36
1
-2
-1
3
15
0
-18
17
5
-17
16
-21
8
2437
1
7:0
6
-5
-1
5:0
70
-70
3:0
7
1
-7
2
-1
-2
4:0
8
-8
1
4
-5
12
-10
-2
3:0
5
-5
5:0
1
-1
0
1
-1
3:0
3
-2
-1
2:0
3
-3
7:0
2
-2
2:0
1
-1
2:0
15
-15
1
-1
3:0
3
-3
3:0
4
-4
1
-1
9:0
3
-3
5:0
2
-2
2:0
12
-12
5
-5
2
2:-1
2
1
-2
-1
6:0
1
0
1
-2
4:0
1
-1
0
2
2:-1
2
-2
5:0
12
-12
4
-4
0
1
-1
3:0
3
28
-31
0
1
2
-2
-1
14
-14
4:0
6
-6
0
3
-3
2
8
-10
9
-4
-5
36
-36
0
7
-7
2
-2
0
1
-1
1
4
-5
1
-1
2:0
2
0
-2
2:4
-8
0
24
-24
0
5
-4
-1
3:0
2
0
-2
47
-47
972
-972
62
-54
-8
0
3
-3
0
1
-1
0
1
-1
1
0
-1
4
-4
1
-1
3
-2
2:0
5
-6
20
-20
7
-3
3
-5
-2
3:0
4
-4
1
5
-6
26
-26
2:0
6
-5
44
-39
-6
5
-5
5:0
229
-141
-88
1
-1
4:0
2
1
-3
2
-2
0
5
-3
-2
28
-28
21
-19
-1
303
-303
1
-2
22
-22
0
10
-10
12
-8
-4
0
2
32
2:-15
-4
0
1
2:0
9
346
-356
0
3
32
19
-54
3:0
3
2
-5
1
88
-89
262
-260
25
-27
6:0
1
0
30
-31
1
-1
0
1
52
-28
-19
-6
4:0
24
-24
37
-37
2
-2
0
23
-23
59
-56
-3
2
2:-1
1
-1
2
-2
0
10
-7
-1
1
4
8
-4
-11
15
-13
-2
20
7
-22
-5
3:0
24
-20
-4
2:0
9
2
-11
5:0
1
-1
0
5
-5
0
2
0
-2
2:0
3
-3
0
135
-134
1
-2
6:0
10
-9
-1
209
-209
2:0
5
3
-5
-3
3:0
2
-2
1
2
90
-86
-7
2:0
1
3
2
-2
-1
3
-6
3
0
-3
62
-62
0
6
-6
1
2:0
1
3
-3
4
-5
0
1
-2
3:0
5
-5
0
6
-6
0
2
-2
3:0
1
9
-10
1
5
-4
-2
1
-1
10
-8
-2
0
2
-1
14
86
-101
6
-6
111
-111
3:0
27
110
43
-179
1
22
-23
-1
2:0
7
-7
3
-3
0
2
0
2
-4
7
34
-39
0
-2
0
12
-11
0
-1
0
1
2
6
-7
26
31
86
-145
10
-10
1
14
-15
2:0
5
0
-4
-1
0
5
2:-2
-1
0
62
-57
11
-15
-1
3
-3
6
-6
5
-4
18
-6
63
-76
9
16
-25
2
-2
1
-1
2:0
8
-6
-2
9
-9
1
-1
2:0
1
-1
2:0
4
-4
2:1
-2
39
end
