v1
857
187
23
374
78
70
11
10
288
188
52
139
48
130
2:29
31
49
22
52
76
24
120
0
18
35
51
13
0
15
62
73
210
128
51
6
56
22
17
11
42
36
40
421
22
53
22
17
7
12
94
59
16
43
383
55
13
102
45
95
292
102
53
104
41
130
29
83
41
12
98
151
124
47
41
99
153
28
83
22
12
67
30
4
42
152
96
10
153
41
22
32
212
41
141
19
109
44
8
5
109
71
14
44
9
235
104
72
84
265
25
84
2
23
21
166
51
7
30
103
6
28
277
72
185
20
24
43
89
12
39
35
194
63
79
57
5
227
85
98
104
30
117
19
44
6
154
86
107
90
20
178
62
27
8
32
55
61
144
139
90
63
228
13
64
36
24
333
85
17
41
46
235
36
88
2
31
0
266
79
28
33
77
178
117
106
6
63
66
39
18
47
82
35
18
88
37
2
41
14
274
41
54
28
226
27
2
71
48
50
185
53
24
64
44
31
61
32
23
77
7
259
12
29
94
275
16
43
50
176
42
65
94
27
0
76
157
131
44
170
72
8
59
200
20
125
166
15
27
15
14
0
9
3
16
17
6
32
25
17
4
1
8
26
0
7
1
15
5
2
1
36
10
2
3
14
7
110
7
6
3
1
23
80
15
0
64
2:9
62
12
40
19
62
2
30
5
30
3
0
38
16
38
17
14
77
36
51
67
74
11
0
354
8
43
35
95
120
94
131
39
110
46
31
65
12
221
304
10
14
19
6
116
9
137
71
2:121
35
106
85
101
41
4
55
28
3
166
3
67
79
5
53
15
18
181
15
32
97
275
23
14
85
147
44
23
10
5
33
66
17
52
18
229
0
41
309
153
4
50
12
175
9
41
662
96
15
170
2:7
102
83
10
0
90
86
19
117
55
56
106
3
0
2
24
55
102
67
98
21
1
75
50
47
168
110
330
0
77
66
163
19
11
132
40
75
33
29
1
37
31
71
7
50
6
38
7
35
53
37
38
19
38
17
42
2:5
7
8
17
43
87
40
48
229
6
96
14
447
164
101
182
2
8
237
10
60
45
52
3
37
175
70
121
8
11
32
46
85
63
169
22
167
54
47
31
19
6
5
127
20
88
212
5
9
11
3
59
63
51
20
5
9
24
172
52
144
2:50
55
13
1
0
38
47
27
20
63
46
7
11
49
76
77
15
31401
5
22
9
43
39
122
33
53
2
42
62
0
23
88
76
21
0
2
97
36
8
22
932
54
56
13
97
68
92
19
71
105
3
52
6
18
47
9
2055
1246
2211
328
1553
2387
686
691
1373
0
3
1435
1029
4114
1002
2:1
3219
15
2650
811
738
4
3213
4989
3
790
830
4874
436
2169
3
816
925
872
2652
2
4
10
8075
3:1
16
2809
882
943
15
19
2447
983
4161
6
2:1
6
3:2
4
1427
3523
11948
8312
96144
1
3544
7716
25
26
47
0
4
9413
32411
10
18
4
9
17
7
9
121
4
40
73
1
19
16
37
4
15
17
5
14
2
7239
3760
43632
731
85
54
12
8
59
98
7
2
27
3
15
22
2
15
6
12
17
129
4
12
27
10
3
10
2:1
6
5
2
83
8
635
29
10
22
1
27
130
6
3445
4380
2
4973
5840
2294
3093
10208
7980
813
247
1183
872
1
132
57
665
968
3
2
0
4
2
5
11
9
19
0
3
39
19
28
54
5
3
32
3
28
5
1
3
1
43
38
9
0
4
5
1
30302
1513
8465
26
64
176
15
85
59
122
188
356
1
286
10
13
0
43
25
17
135
67
49
76
99
51
2
9
57
2:9
41
103
30
22
21
16
1
3
7
32
173
53
47
212
35
122
6
13
18
14
5
13
6
17
15
22
1
72
13
14734
126
10
35
9
28
1977
13
9722
2:1
81
44
25
12
116
18
2:5
25
1
10
28
15
3
55
11
54
22
97
2
21
2:1
75
55
50
23
10
6
2
47
45
5
9
1
1426612200
856:0
4
-2
2:-1
28
-14
-13
26
-15
-7
31
-25
1
-12
7
-4
-3
2
-2
2:0
4
2:1
8917
-8912
-9
0
5
771
-778
18
-12
-4
80
526
-552
-55
359
-353
-7
10
-7
0
1
-3
3
4
2
-5
785
-785
-4
8
5
130
-13
-131
5
-3
18
17
-37
89
-88
106
-106
-1
96
-71
-25
2
-1
2:0
849
-827
27
-48
-1
14
-14
4
12
-12
25
126
-154
11
-8
-4
0
17
-17
4
3
0
-2
0
4
72
-72
-9
91
-88
64
-68
79
-78
74
-38
-34
-1
38
-34
-6
3
1
-2
3
990
-993
-1
1
21
-10
-12
26
-27
0
9
-6
32
58
751
-842
1
2
24
-12
-15
-2
2
0
2
4
-7
45
-45
10
15
-16
-7
402
-403
12
-10
0
16
-14
-4
-1
8
-4
16
-19
0
505
-497
142
-150
771
-763
-2
232
-226
2
-15
9
-9
0
-1
25
-24
129
-80
475
-418
-105
0
1
180
1405
-1559
24
-2
-35
-16
2:3
-4
72
-73
6
-3
-2
2:0
8
-8
15
-4
-13
1
70
-71
4
-2
-1
295
-295
1
38
242
-201
-74
-4
-2
1
0
2
-3
1
2:0
1
63
-61
11
0
542
-526
-32
3
8
-10
7
6
-14
16
-3
-11
0
16
-11
-3
672
-675
-1
10
-9
-1
43
7
-50
0
1
11
-12
19
-6
6
-16
7
-4
-5
0
349
-347
-2
162
14692
-14850
32
14
-25
-13
1656
-1668
135
-135
112
-112
172
-172
10
345
-355
2
28
-25
54
-12
-48
3
-1
-2
154
-148
0
4
-9
177
-177
3
142
239
-382
10
-13
0
6
-5
1
-2
1606
-1605
117797
-117796
535
10702
-11083
-6
-108
-41
54
-43
-9
31
-9
-18
57
-61
-1
1
-3
5
55
-58
8
29
-39
1
3
5
2175
-2184
1
2
18
-8
-13
7
-4
45
-39
12
229
-245
86
-89
20
-14
1
437
-446
1
7
2:-1
55
-48
-5
-8
71
-68
-3
2:3
196
-200
5
3
298
-308
3
61
2700
-2687
-52
-10
1
207
-219
-4
9
-5
292
-294
24652
-14446
-10199
-5
-4
0
5
-1
0
-4
8
-5
4
-5
-2
86
-82
-3
2
21
-19
51
-55
19
-15
2:1
71
-77
1
633
-626
-7
7
-8
0
1501
-1490
16
-28
0
80802
-80798
5
-4
-3
3
271
-272
5
4
-6
120
-125
1
3:-1
4
2
76
-60
-19
29
1193
-1091
-104
-26
23
-25
10
-8
201
115414
-115589
-30
0
1387
2089
-3456
1
38
-39
2846
-2866
151
6565
-6712
-3
1
44
395
-421
-16
-3
12
-9
-3
-1
86
-82
1
-5
7
-7
3
633
-633
-2
2:0
1
1786
-1787
48
-45
2625
-2040
-419
-151
-16
123
-114
-5
-6
205
-197
0
103
43
-155
9
0
2
263
68
-328
674
-688
2
0
-1
33
-27
-6
112
-88
-19
-6
2
36
19
-49
-8
5
110
-41
1592
-1477
-188
1
202
-199
-2
410
-413
0
3
-1
0
6
-7
1484
-873
-350
-261
12
0
-3
-7
7
16
-20
505
-507
74
193
-271
1
8
54
-59
-1
-2
9
69
-78
4
0
8
-11
79
-78
0
7
6
-16
8
-5
-1
42
36974
-37007
-7
24
-24
-4
0
13
-11
79
-79
373
-372
14
-3
64
5731
-5800
64
-73
657
-366
-287
-1
267
-270
4
3
455
-461
1
-2
14
-12
-1
164
5639
-5804
1
0
-1
13
-7
-3
-1
30
-13
-17
37
-24
-8
134
-141
0
12
-12
22
-9
14
308
-330
-5
70
-36
-23
4
-6
64
-35
66
-75
-17
-11
1
-2
2
-2
6
-5
0
1
10
21
-32
2
3
-5
1
37
-35
52
-51
4
193
-199
-1
0
36
100
-108
-27
12
0
-8
0
3
60
-70
10
-3
548
35172
-35675
1713
4248
-6013
2
35
-35
-1
12
708
10008
-8322
-2393
-11
5
30
-35
132
267
-389
-13
111
-97
22
-31
-4
6
-3
4
-4
99
204
-306
15
-7
2:0
-4
42
-46
28
593
-621
9
14
196
935
-941
633
22158
-22990
85
-93
-6
1054
-1055
27
-26
33
163
-197
3
16
23
-9
-33
174
-171
0
3
4
-5
74
-66
-13
5618
-5582
336
-371
67
-66
0
34
28
-64
0
303
-302
6957
-6789
1385
-1547
129
63
123
-318
19
-9
-14
26
-14
-8
4
-2
43
-42
29
106
-118
-15
-7
0
21
-21
3
9
-5
3
59
-70
76
-72
-1
-2
8180
1
4:0
2
-2
0
2
-1
0
2
-1
-2
1
-1
8:0
146
-145
-1
0
1
0
-1
1
-1
0
6
4
6
-16
4
-4
6:0
1
23
-24
1
7
-8
4:0
17
-17
3:0
1
-1
8
-8
4:0
6
-6
0
1
-1
0
2
-2
1
-1
0
2
-2
2:0
2
-2
7
-7
3:0
4
3
-7
9:0
3
-3
2
-2
4
-4
4:0
2
-2
5:0
27
-26
-1
1
0
2
-3
4
-4
0
2
-2
4
-2
0
-2
2:1
-2
4
-4
0
2
-2
0
1
-1
3
-3
3
-3
2:0
12
-12
3:0
4
-3
-1
3:0
5
-5
0
19
-19
2:0
11
-11
0
5
-3
0
-2
0
1
-1
0
1
-1
5
-5
0
4
-4
0
1
-1
2:1
-2
0
1
-1
3
-2
-1
3
-3
1
2
-3
12:0
1
4
-5
1
-1
31
-24
-6
-1
9:0
4
-4
0
1
48
-46
-3
0
1
-1
2
2:-1
4
-1
-3
1
-1
2:0
52
-52
0
1
2:0
6
0
-7
2:0
1
-1
2
-2
14
-14
2
0
-2
0
1
-1
0
20
11
-31
15
0
-14
1
50
-51
9
-10
4
-4
7
-5
2
12
-15
0
-1
1
2
-1
-2
2:1
-2
15
-15
1
0
-1
28
-28
0
13
-9
-4
2
-2
0
1
-1
2:0
72
-72
1732
-1732
6
75
-63
-18
1
-1
7
-5
-1
2
2:-1
0
-1
3:0
2
8
-10
3
1
-4
0
2:1
10
-12
2
-1
4
-2
-3
2:0
8
-6
0
45
-46
2
-3
11
-10
0
17
-17
-1
2:0
1
3
-3
0
-1
7
-7
2:0
2
37
-37
2:0
-2
2:0
2
47
-40
-9
5
0
7
-11
-1
4:0
557
-434
-121
0
-2
0
2
0
1
-3
2
2:-1
2:0
8
-7
-1
0
1
-1
0
2:1
2
-4
0
7
-7
0
32
-30
2:-1
2:0
39
-34
-4
-1
0
472
-470
-2
1
2
-3
46
-45
-1
3
-1
10
-12
0
1
-1
2:0
2
21
-20
-3
1
123
-71
-45
-7
2:0
-1
1
17
808
-822
-4
0
52
57
-105
-3
10
-3
159
-167
5
732
-737
2:0
6
52
-58
2:0
2
-2
1
-1
0
1
0
-1
3:0
6
-5
-1
3:0
95
-94
16
-15
117
-70
-39
-7
-3
1
-1
3
-3
54
-53
0
1
28
-30
3:0
46
70
-113
4
-7
3:0
6
-6
0
5
6
-10
-1
0
18
-13
-5
0
2
-1
17
11
4
-33
4:0
19
-19
6:0
38
2
-12
-28
0
1
-1
3:0
1
66
-67
0
8
-8
0
10
19
-28
-1
2:0
2
-2
0
4
2:-1
2
-4
3
-3
1
-1
3
-3
0
2
220
-222
2
0
-2
2:0
7
-5
6
-8
2:0
3
0
-3
585
-585
2
-2
11
-9
-2
6
1
-7
0
2
0
-2
2:0
4
-4
2
5
173
-180
3:0
1
2:0
-1
0
12
-12
5
-3
5
-6
-1
1
0
-1
9
-5
-1
177
-180
0
27
-25
2
-1
0
8
5
3
-16
-2
-1
0
5
-4
-1
4:0
18
-15
-3
0
1
-1
5
-3
-2
6
-4
0
13
-15
1
-1
8
0
-2
-6
1
0
-1
2
-1
8
-7
-2
0
10
171
-180
10
143
-154
1
6
-7
2:0
40
247
241
-528
1
2:2
-5
8
92
-100
3
6
-9
6
-5
-1
4:0
27
90
-117
0
2
2:0
-2
18
-18
8
-6
-2
1
-1
11
12
34
70
224
-347
20
-22
-2
80
-80
2:0
2
16
-18
0
1
4
-4
-1
11
-5
-6
2
4
-4
4
-2
-4
170
-160
10
-20
2
-2
0
12
1
-13
0
3
-3
39
-17
103
-125
4
8
27
-37
2:-1
0
5
-5
3:0
12
-12
2
59
-60
1
-2
1
-1
3:0
1
-1
34
-34
1
-1
0
1
88
end
