v1
1099
553
31
52
107
486
52
124
15
48
8
229
210
3
46
119
552
38
19
17
39
22
28
118
159
252
85
39
172
324
168
0
120
32
108
17
39
241
295
130
29
7
227
36
286
122
11
160
65
46
22
39
268
96
10
86
50
58
22
118
167
160
58
355
94
395
6
333
60
6
54
102
256
277
72
185
20
24
43
89
53
33
84
110
63
79
57
29
110
276
59
45
210
126
34
224
79
275
87
268
76
1
15
48
71
359
363
25
393
65
4
10
78
345
205
228
64
42
135
104
117
106
39
38
17
30
339
254
27
28
119
24
185
380
36
300
94
106
0
169
16
209
3
337
261
51
286
8
59
50
295
180
1
27
29
28
17
25
13
25
13
5
0
27
34
0
7
47
2
3
124
7
13
3
1
104
14
2
7
64
9
12
50
12
40
5
14
64
8
22
35
38
19
38
15
2
73
54
118
141
306
173
120
225
160
121
133
110
304
10
33
6
116
104
180
54
121
35
106
85
101
41
36
54
108
61
146
102
185
129
276
36
19
272
8
10
38
153
229
41
423
93
76
23
88
50
41
717
199
102
83
10
252
60
55
56
109
2
24
48
109
93
94
75
50
183
778
19
11
1
246
33
67
13
146
6
38
6
36
53
75
19
107
7
8
147
433
599
12
36
45
20
184
415
37
175
70
63
58
8
11
32
86
27
250
89
100
54
47
53
3
5
35
20
72
20
2
86
153
59
5
20
3
104
21
68
3
2
151
100
0
6
70
49
25
50
61
57
1
72
9
51
63
41
114
34
92
51
31350
5
6
16
9
43
39
7
49
70
82
14
30
85
88
84
112
36
8
22
1152
68
111
71
0
105
3
58
18
25
22
9
272
0
3029
2211
328
1553
2387
2753
8690
2126
2650
811
3955
4989
3
5105
1812
10
3
2172
816
3064
1385
2
4
10
10903
882
943
15
2466
5143
7
10
2
5
1
2
1425
4053
115874
3544
1
7717
24
73
9417
32368
43
7
3
22
26
7
0
9
30
208
77
15
17
5
54647
863
20
66
98
7
2
27
18
22
3
13
1
6
12
17
145
27
10
2
1
11
1
6
5
2
726
29
60
136
16280
0
4654
3093
18188
813
1072
358
206
0
856
665
436
532
2
3
4
1
6
11
28
3
39
19
28
35
19
1
39
8
29
3
1
42
48
4
5
1
30302
9978
26
64
176
69
31
181
544
1
82
5
209
13
43
0
25
17
202
49
39
189
9
24
33
2:9
41
78
25
47
26
10
2
8
9
14
16
273
247
128
13
50
6
3
14
37
1
72
14747
171
2
7
28
1990
9723
1
81
69
12
116
28
26
36
2
11
62
35
30
22
54
13
0
30
2
21
2:1
19
12
37
59
3
50
23
16
34
15
37
13
10
-489102
118
2:65
256
263
205
83
108
226
36
30
23
189
33
93
48
120
132
52
57
0
6
68
12
354
76
343
7
192
129
91
15
75
523
0
78
195
66
314
230
78
35
28
64
12
106
38
105
15
13
72
2:12
133
119
77
39
117
67
9
25
215
54
0
226
40
225
0
68
117
64
105
122
71
29
101
15
17
183
11
50
71
68
62
375
142
0
16
59
13
14
87
204
137
105
162
82
485
65
105
136
231
203
236
164
20
75
151
128
7
151
0
17
92
79
3
33
38
0
155
347
13
166
63
289
66
0
1
108
72
69
11
44
66
406
2
116
137
351
11
43
173
19
102
354
71
52
80
105
4
137
186
174
64
75
23
0
93
150
52
87
637
219
173
70
359
281
15
136
19
5
296
50
67
78
0
1
8
26
8
88
7
126
76
71
204
1
81
33
123
77
88
24
261
86
134
86
92
57
49
127
205
59
22
220
319
76
86
267
39
29
185
1
66
365
32
23
197
222
12
158
29
110
33
28
11
0
215
28
17
33
19
102
174
168
796
20
185
2
495
205
48
89
42
20
82
0
94
95
3
48
360
1
165
43
13
200
97
85
208
7
472
43
34
185
13
0
371
17
219
12
124
67
14
285
0
2
177
87
17
102
455
63
56
228
347
146
524
34
38
0
474
92
24
95
6
104
375
82
20
6
24
4
168
0
42
112
0
20
175
2
50
2
55
102
113
140
27
31408
42
47
116
29
55
4
29
5
38
23
0
126
120
114
67
916
54
144
182
194
111
2985
2877
1878
2751
2061
7586
3646
1480
8052
2466
790
5704
426
3923
2146
9412
28
29
0
2
5
2807
1867
6
1514
920
1
2
484
1523
42
3105
2:7
6
1418
3536
11948
104457
0
5279
6002
58
38208
2624
983
60
2
38
8
109
14
2
38
74
19
108
2
6666
47965
724
7
50
35
133
33
75
29
39
19
15
52
2
95
16
39
7
748
29
7
6
107
6
44
17
3447
4380
4975
21435
3258
7926
55
1682
1
7
25
66
3
2
3
42
0
26
25
3
38
3
66
9
25
40589
148
0
310
2:0
212
524
92
34
0
381
2
15
156
72
0
48
12
0
228
437
0
70
4
1
82
8
42
26792
0
16
91
80
89
190
16
7
55
21
25
0
28
2:12
1
191
22
1426303200
599:0
1
498:0
12
-4
23
647
992
-1587
312
-23
-202
-153
-10
-1
9
8
12278
-11260
-1020
401
1074
-466
-833
-169
-6
-14
7
-7
1030
119
-1105
-35
0
86
384
-477
5
15
-5
49
-62
55
-60
123
-92
-6
3
41
23
-88
102
-104
29
-21
490
-446
-47
630
-458
-178
4
15
0
9
274
-295
-2
15
-16
22
-21
12
40
533
-550
-31
103
-110
2
-4
74
-69
-5
13
3
64
-13
-58
6
-15
243
-243
1
23
-24
256
-255
464
-317
-114
-35
42
-39
3
-5
20
184
-204
11
225
-220
-11
-6
-1
263
-261
53
-41
66
26
-99
9
7
853
-860
6
29
-30
1
33
-24
-29
48
-41
17
344
-326
888
-921
0
5134
-5116
-28
2
-2
1
28
-10
420
-418
-16
139
436
-564
25
50
-15
-41
-34
430
-423
26
33
0
-63
-1
0
5
24
-7
-17
37
-46
1325
-1325
97
-94
149
-148
-1
34
1110
-1143
-2
82
-81
2:5
50
33
43
246
-376
-5
14
132
-143
65
-61
415
-422
132
-103
251
-225
-57
10
36
393
-432
137712
-137668
10849
-10743
-155
32
-1
183
-210
161
-147
9
121
-150
1
0
197
-186
-6
471
-474
-2
16
-18
9
87
-92
734
-704
55
141
-200
-23
61
-42
20
-28
2
73
-84
215
-211
30
-39
17
3171
-3161
40
-64
30
130
-121
-40
14514
-12811
-1363
-341
-4
2:13
-25
76
-20
-31
-27
5
1
-2
103
-14
-82
582
-591
1144
-1122
66
31732
-31081
-740
-1
26
-19
93
134
-229
124
-39
274
-359
31
2056
-1962
-101
-27
53
-17
37
118
40947
-41123
-17
2658
1118
-3760
9
16
-12
88
31
-109
-30
4504
-4513
8896
-8895
172
-19
-148
373
-359
-17
0
46
-48
2
3
6
-10
3
-2
24
-26
164
-164
14
11
2438
-2415
-14
-16
4180
-4193
164
-120
-45
2:0
23
-15
-10
-2
1033
-998
286
-302
214
2723
-2923
-6
15
-40
16
7
134
-158
-2
314
-188
-117
333
-341
9
0
199
68
1270
-1392
-145
559
-563
780
376
533
-1665
-13
-15
1
98
-76
1545
-1564
4
14
-13
77
-55
15
-45
-1
6
188
-185
-4
-7
6
17514
-17476
-17
-23
28
-29
3
-3
86
-57
374
-199
9860
-10055
-4
37
-20
3089
-3111
2
-3
19
333
-293
-51
-7
297
5545
-5845
1
133
-135
91
-80
-10
45
-41
-3
17
-9
21
30
-38
362
-233
-107
-41
-2
3
13
176
-148
104
-141
-2
7
20
2:-16
6
21
39
0
-58
-6
51
-49
-2
65
30
-15
57
-116
-11
32
-43
4
90
-53
3868
-3550
-361
1297
-1296
23933
-23933
218
-219
971
10439
-4765
-6645
67
-52
31
2127
-2153
17
-5
280
-284
-23
41
39
79
4796
-4955
11
-15
5
1
9
-10
18
2
-20
24
445
1427
-1715
-67
3552
2992
-6588
-44
20
-49
2523
-2526
62
-57
1
22
40
-26
16
340
-397
111
-82
-30
292
8665
-8760
-37
-147
11
-9
120
-122
247
491
-515
-142
-50
2894
-2634
-257
-45
39
-37
84
0
-80
44
128
-172
-4
-1
182
-176
158
-151
165
-181
9
105
-86
3
43
-64
198
-206
90
-92
14
10591
-10610
3
-4
2:1
-3
1
2:0
5
-5
2
3
-6
3
-2
-1
3
-3
1
4
2:-1
0
-2
1
2:0
-1
2
3
-4
1
-2
2:1
-2
-1
0
3
0
-1
-2
1
0
5
-4
1
-3
4
-2
2:-1
1
3
1
-5
2
2:-1
1
-1
2
-2
1
2
2:0
-1
0
-2
0
4
-3
2
-1
0
-1
2
-1
-2
2
-2
0
6
-6
4
0
-2
3
-5
6
-6
0
1
2
-3
2:0
2:2
-2
0
-2
1
2:2
-3
-2
2:1
-1
1
-1
2
-1
3
0
-5
1
5
-5
1
-1
2
1
-4
4:1
-2
-1
0
5
-3
-2
1
3
-1
-2
3
-3
4
-6
3
-3
4
-4
2
4
-5
4
-1
-4
5
2:-1
-3
0
3
-1
2
-4
6
0
-3
0
-3
3
-2
3
2:-1
2
-3
-1
2
3
-1
-4
3
-3
4
-3
-1
3
-3
3
-2
1
-2
3
-3
1
2
1
0
1
-4
3
2:-2
0
2:1
4
-4
-2
1
0
3
-3
1
0
1
3
-6
2:1
-1
0
3
-3
2:0
3
0
2
-2
-1
3
-4
4
3:-2
5
-1
-3
0
1
-2
3
-1
-2
1
-1
0
1
2
-1
0
2:1
2
-6
4
0
-4
2:2
-2
0
-1
5
2:-3
2:0
2
-1
1
-2
2
-1
1
2:0
-1
2
-2
3
-3
2:1
-1
3
-3
1
-2
1
3
-4
-1
2
0
-1
4
-4
5
-6
4
-2
1
-1
2:1
2
-5
-1
2
-2
1
4
1
-1
-4
0
1
2:-1
0
1
2
1
-4
2
-2
3
2:-1
4
-4
2:0
3
-3
2
-1
-2
5
-4
-1
3
-2
1
-1
4
-2
1
-4
5
-3
-2
3
2:-1
1
-1
2
2:-1
1
2:0
3
-4
3
-2
1
-2
2
-2
0
3
1
0
-5
6
2:-2
-1
1
-2
0
2
0
2
-4
1
0
5
-6
1
5
-3
-2
-1
0
6
-5
1
2
2:1
-5
0
3
-2
3
-1
0
-4
2
-2
6
2:-2
2
-2
1
-3
3:0
3
-3
2:1
0
1
-2
1
-2
0
2
-2
1
-1
2
1
2
-5
1
2
0
-1
3
0
-5
1
2
-2
0
1
0
1
-2
0
4
-1
-3
1
3
-3
2:-1
1
3
-1
2
0
-1
-4
2:2
-1
3
-4
1
-2
2
-3
5
-2
-3
6
-5
2:0
2
-1
0
4
2:-1
1
-5
3
0
-1
2
4
-3
-4
6
0
-5
2:0
-1
4
175
-177
0
16
-15
28
0
-29
2:-1
2:0
4
8
-8
-4
0
13
-12
1
-2
2:0
9
-9
1
-1
20
-19
-1
0
5
-4
-1
7
-6
-1
5
-4
4
-4
-1
4
-4
2
5
-6
0
25
-26
0
7
-6
-1
2
-1
1
14
-16
0
10
-9
1
-2
1
-1
1
-1
3
11
-10
-3
-1
0
4
2:-1
-2
0
6
-6
2
13
-15
0
8
-8
4
-3
-1
13
-13
2
16
-17
5
-6
1
2
-3
2
0
2
0
-4
1
0
2
-3
2
0
1
-1
6
-8
2:0
2
-2
30
-30
46
-45
0
22
-20
-3
1
2
-3
4
-1
61
-62
0
1
-2
3
-1
4
-7
6
-6
58
-55
-3
4
0
-4
4
0
-2
17
-14
0
-5
0
2
1
20
-23
30
-29
2:1
101
-103
-1
3
-2
1
-1
5
-5
18
2:-8
-1
1
-2
3
-4
2
24
-26
18
-15
2
6
-10
0
3
80
-76
1974
-1979
96
-60
-38
8
-3
6
-11
2
1
2
-6
1
2
-2
18
-15
0
17
-17
-4
2
-2
1
16
-14
130
-120
3
-6
-8
2:-1
0
3
1
-4
28
-25
38
-39
5
-7
7
61
-59
-4
3
-3
-5
10
-8
747
-676
-58
-14
1
-1
0
-1
8
4
-11
0
-1
2
-2
0
10
-10
42
-37
49
-42
-10
294
-226
-70
2:2
-3
5
14
-18
35
-24
14
-27
4
145
-81
-64
2:-2
3
6
22
811
-833
-8
62
162
-223
-2
2:2
-3
17
-10
-1
172
-177
1952
-1952
-2
14
-13
99
-96
-4
0
5
-5
2:0
2
2:-1
7
-5
-1
10
-10
-1
11
148
-143
-16
2
194
-196
25
-17
-3
-2
-3
0
1
0
1
97
-91
65
-58
42
149
-199
3
-4
-5
2
5
1
-8
0
59
-54
-6
5
-3
-1
0
14
28
0
-28
-14
61
-62
55
13
23
-89
0
-2
2:1
-2
125
-125
1
-1
7
31
-36
0
1
-3
1
2:5
-10
-1
1
189
-188
0
1
6
-9
9
-4
21
-26
0
10
929
-939
1
6
-6
28
-28
2
0
7
-10
4
0
1
3
184
-191
0
-1
1
4
-1
3
-4
5
-8
2:0
9
-1
-2
187
-152
-33
-6
3
-3
10
7
6
-11
-10
5
-5
-2
25
-24
0
5
-3
2
-6
1
10
-12
0
7
16
-5
-3
-14
4
-3
-2
2
8
-7
21
-4
-19
25
-24
331
-329
4
-8
134
270
736
-1140
11
-7
4
336
-342
12
-9
22
-20
-4
0
-1
35
268
-305
2
0
1
3
0
-4
16
-13
-3
-2
23
28
-51
73
158
-23
-201
-7
14
-12
110
-112
8
-6
-1
1
12
-9
-3
40
-37
-1
-2
-1
17
255
-260
5
-17
9
-10
24
-19
5
10
7
-24
8
59
-41
-27
-1
3
1
12
-7
-10
3
88
-88
-3
0
26
-23
6
1
-9
-1
2:0
3:2
-4
54
-56
6
-6
7
83
-90
9:0
1
-1
8:0
1
0
-1
7:0
41
-41
7:0
1
-1
26:0
4
0
-4
2:0
1
-1
4:0
1
-1
0
1
-1
3:0
1
0
-1
11:0
1
-1
4:0
1
-1
2:0
1
-1
13:0
1
-1
7:0
1
-1
9:0
2
-2
6:0
2
2:-1
4:0
1
-1
1
-1
3
-3
0
1
-1
2:0
1
-1
2:1
-2
2:0
2
2:-1
2:0
3
-3
3:0
1
0
-1
6:0
1
-1
17:0
1
-1
1
0
-1
8:0
2
0
-2
5:0
7
-6
-1
10:0
1
-1
2:0
1
-1
2:0
2
-2
0
1
-1
0
1
0
-1
8:0
1
0
-1
2:0
2
-2
3
-3
3:0
1
-1
1
-1
0
1
-1
8:0
3
-3
11:0
1
-1
6:0
1
-1
19:0
1
-1
1
-1
4:0
1
-1
6:0
4
-3
0
-1
6:0
1
-1
4:0
1
4
-5
3
0
-3
5:0
1
0
-1
2:0
2
-2
6:0
1
-1
1
2
1
-3
-1
0
2
-2
0
1
-1
0
1
-1
0
3
-3
17:0
2
-2
4:0
1
-1
0
1
-1
1
-1
10:0
1
2:0
-1
3:0
1
0
-1
7:0
4
-4
0
1
-1
4:0
1
-1
4:0
1
0
-1
5:0
end
