v1
792
109
98
90
0
20
54
168
123
70
11
93
55
89
75
95
36
26
17
191
39
9
2:26
27
189
74
8
92
15
39
0
119
51
137
86
40
113
125
38
19
56
22
28
48
9
557
26
20
77
88
538
74
104
136
192
94
54
152
57
32
41
263
151
2:18
84
184
271
53
28
20
0
9
3
216
75
21
10
194
140
19
16
91
25
16
160
13
95
139
113
53
70
24
30
371
140
251
29
135
31
88
103
34
277
4
68
37
148
176
86
50
74
0
70
63
127
9
232
231
11
45
115
32
63
2:160
0
33
79
31
104
151
11
1
8
297
52
44
0
38
16
97
40
48
180
0
61
52
124
109
156
53
59
280
47
79
404
469
42
128
7
44
15
45
19
0
63
53
88
37
0
2
55
50
46
128
0
145
28
0
210
16
27
28
93
50
144
41
53
24
64
75
18
69
106
7
271
27
2
89
5
166
109
16
43
50
16
510
70
115
57
294
78
31
25
145
2
101
22
171
10
26
1
29
0
12
33
6
32
35
5
3
4
2
6
7
8
11
23
8
46
2
3
14
7
110
13
0
3
1
108
10
69
8
5
74
19
6
20
14
46
18
35
2:15
38
19
38
17
14
59
54
118
74
11
91
263
1
7
78
95
120
48
46
326
16
203
110
98
216
33
1
5
116
146
138
54
30
31
60
7
28
12
94
0
85
58
0
43
100
0
31
25
141
3
30
0
116
5
97
39
146
128
1
0
79
196
6
17
14
171
128
46
2
66
87
229
41
309
114
43
11
31
8
5
7
127
5
43
9
41
452
210
2:48
15
184
0
102
42
34
17
176
136
55
50
6
106
3
2
23
1
42
13
0
102
98
88
1
75
50
6
41
428
180
77
185
44
19
4
179
75
33
67
109
56
46
34
128
19
107
7
8
147
40
2
71
203
7
110
334
232
126
20
182
2
245
10
6
130
0
21
3
37
61
114
17
116
58
8
11
32
43
3
34
6
23
254
34
155
40
14
47
3
53
5
19
16
92
72
36
153
59
5
20
3
99
94
5
9
142
106
119
75
61
42
16
72
13
8
30
9
63
21
77
29
62
91
1
31
31375
6
4
12
9
43
161
33
0
22
31
14
30
24
61
88
76
0
120
8
28
8
34
920
111
3
84
22
67
1
67
5
15
13
11
71
166
18
47
9
2055
1246
2211
2
323
3
1553
2370
703
691
1376
4236
3344
1110
2126
2650
811
3955
2526
2466
790
830
5310
2988
433
4013
3
2
4
10
8047
30
3708
943
15
19
2447
1997
42
0
3104
1
6
1
11
5
1428
17
3506
116404
1
3543
1
7741
73
9417
28772
3533
0
116
22
11
0
15
7
9
50
75
40
74
19
57
15
17
5
14
2
36035
0
19360
52
54
20
157
7
2
0
1
0
26
18
0
10
4
9
16
6
12
17
145
27
10
2
1
4
6
2:1
6
7
30
53
643
29
14
49
133
3445
9355
3480
2356
1
3
2294
3093
1178
3879
7155
5976
813
247
1183
873
189
665
436
532
5
6
5
0
11
9
22
39
5
14
7
21
2:4
2
44
5
3
6
26
9
28
3
1
31
0
12
26
21
4
5
1
30302
9754
0
224
26
64
9
167
69
31
32
94
12
35
8
140
279
125
1
46
250
13
43
42
92
19
140
86
89
53
9
2:2
17
21
15
2:9
41
78
25
30
17
26
10
2
8
18
21
273
209
38
128
13
37
13
6
17
37
1
58
14
14747
171
9
8
20
4
1986
9723
1
81
68
1
12
116
18
10
7
19
38
15
19
39
28
37
22
54
43
2
11
10
1
23
25
28
105
23
16
49
45
13
2
1426338600
791:0
1
138
-139
0
12
-12
14
-14
6
9
-15
0
6
-6
51
-50
0
1945
-1941
-3
184
-184
1
2:3
-9
1
-1
0
3
2
6358
-6360
-1
1
23
-21
-1
-3
295
-16
-234
150
-196
1
8
-8
2
-3
819
-818
107
-99
-5
-2
1
47
70
-118
-2
3
12
-15
2
3
-5
6
304
-235
-35
-38
-1
0
1
6
15
19
-13
-7
-13
-3
-6
0
14
4
1
40
-58
3
-4
1035
-1031
-3
4
53
-56
0
4
-1
72
-74
4
640
-602
-28
-17
2:0
21
-14
61
-68
0
59
-40
-17
37
-33
2
15
-9
-12
-2
14
4
-17
-1
9
-5
173
-177
0
2
19
49
-47
-15
-6
-1
20
-18
-3
1
2
0
1
-4
110
-110
3
-2
230
-229
241
-242
260
-255
-5
17
-17
17
-17
0
137
-135
1
128
-107
70
-60
-1
-24
-7
-3
14
-14
0
86
-86
0
1
27
-25
0
7
-3
-7
7
27
-28
-5
-1
4
2:-2
148
-147
0
1330
-1330
349
-348
1129
-1125
-6
10
-9
0
-1
8
41
262
-309
-1
2
-3
0
1
3
-3
4
1
10
-15
4
-3
14
-16
254
-246
-7
19
-1
-18
9
5
-14
4
-4
2:3
-7
11
-1
-10
0
1
-1
15
60
-70
28
-32
2
1254
-1215
-36
-5
15
-1
-14
87
-4
-84
176
-172
28
-15
16
-29
0
2
199
-204
7
-1
1
-7
385
-383
137
41
-181
0
11
-11
2
1938
-1939
215725
-215724
4
32676
-32599
-71
-1
-3
-7
-1
46
-46
8
-5
34
0
-27
-10
1
796
-795
-1
1
-1
10
49
-56
-1
142
-144
8
-9
25
-24
-1
0
1
7
0
-5
2
-4
98
-53
144
-190
27
-11
279
-295
5
6
9
-11
0
5
-10
6
-9
6
2
1
-5
-3
-2
36
-33
1
-1
253
-256
0
21
-21
4
2196
-2200
12
25
-26
231
-242
32
-23
-9
0
21
-18
-3
8844
-5102
-3735
20
-26
0
5
-4
-2
8
-3
-4
0
89
-54
-9
-15
-8
1
7
601
-608
1244
-1228
92
66698
-66757
-53
-1
6
2
283
-290
0
10
-6
2
107
-106
-6
47
-46
1
-1
-3
98
56
-115
-37
3
19
788
-242
-546
-23
2:2
1
56
-52
-9
126
-125
414303
-414294
-7
4655
-3467
-1190
6
10
-18
59
-34
-17
1380
-1384
8693
-8696
39
121
-158
3
-6
1
15
-13
-3
5
-1
-2
0
7
17
-25
-1
0
139
939
-1075
32
-34
1922
-1655
-265
77
39
-106
4
-12
-2
-3
0
3
512
-507
-2
171
-175
-1
371
-365
1253
-1231
-28
16
773
-776
-10
19
-19
14
-17
2
-2
-1
7
3
268
-203
-49
-26
1
242
-203
-25
-12
596
-480
-119
1
2
356
-359
1
0
249
235
-303
-168
-13
4
56
-60
475
88
-561
-3
19
53
-51
-21
0
16
-7
-3
377
-381
9
-6
-5
0
14
-4
-10
10
29315
-29298
-17
17
-25
2:3
-8
60
229
-265
5147
-5171
36
0
70
5267
-5371
-1
7
1
43
-43
-8
-1
1
42
-40
-2
62
3365
-3423
-4
1
-1
0
23
163
-172
-2
-9
0
2:-1
2
48
-51
-1
10
-8
0
31
37
-53
261
-225
-32
-18
8
-4
6
-8
53
-15
150
-92
-99
7
-1
-8
1
-1
9
-2
-5
13
-8
-1
-4
24
17
-43
9
-8
39
-36
3
116
-116
29
-3
-33
59
-56
-2
0
1
156
-158
8837
-8239
-595
30
-33
942
-939
-2
0
2342
-2343
434
-434
7
-2
325
4616
-1971
-2972
-1
549
-544
2
-1
10
1154
-1171
2
1
30
62
-74
-13
-5
337
-333
-8
8
-7
-1
91
-85
0
96
226
-327
8
-8
13
50
-63
18
26
-44
-1
82
411
-491
11
-7
-4
256
799
10591
-11637
-3
40
-41
1
1361
-1210
-156
0
12
-1
14
-27
19
191
-196
-12
8
78
-82
5547
-5430
-123
453
-392
-19
24
8
-75
1
49
143
-116
141
-212
107
504
-488
203
-267
-62
3
-4
22
-21
68
-71
38
68
-102
185
-172
-16
10
8
-18
0
-1
8
0
86
-45
-47
5
9536
1
4
-4
6:0
1
-1
3:0
1
-1
0
4
-3
-1
2
-1
0
-1
5:0
3
0
76
-78
-1
5:0
9
-1
9
-14
-3
3:0
23
-23
9
-9
19
-19
0
2
-2
2
8
-10
2:0
4
-4
3:0
2:2
-4
5:0
1
-1
0
2
0
2:-1
3:0
3
-2
-1
3:0
2
-2
0
2:1
-2
0
2
-2
1
-1
0
32
-32
1
-1
3:0
1
-1
2:0
1
0
-1
1
0
-1
1
2
-3
0
2
2:-1
0
1
-1
4
-4
3:0
7
-6
-1
2:0
3
-3
2:0
1
-1
2:0
4
-4
2:0
20
-20
9
-9
5
-4
-1
3
-2
-1
5:0
1
2
0
-3
0
2:1
-2
3:0
1
-1
3:0
1
-1
1
-1
0
1
0
-1
1
-1
2
-2
0
6
-6
0
2
-2
30
-30
9
-8
-1
6:0
38
-38
0
2
-2
2:0
1
-1
4
-3
4
-2
0
-2
2
-3
31
-31
0
3
-3
4:0
2:1
-1
9
-10
2
-2
0
1
-1
0
2
13
-15
15
-15
0
40
-35
-5
1
0
-1
0
7
-5
-2
11
-10
-1
2:1
-2
2:0
18
-18
4
-3
1
-2
29
-29
11
-6
-5
0
2
-2
0
58
-58
1259
-1259
2
57
-52
-7
3
-1
-2
0
7
-7
1
-1
2:0
2
-2
0
2:1
0
-2
0
1
10
-10
0
1
-2
3
-3
4
-4
2:0
1
2:0
-1
2:0
9
-9
42
-42
9
-4
10
-15
1
-1
0
3
-3
0
1
-1
0
1
-1
2
2:-1
0
12
-12
1
0
35
-36
0
3
-1
-2
41
-41
3
-3
1
6
-7
4:0
1
0
-1
626
-509
-116
-1
3:0
2
-2
3
-3
2:0
6
-2
-3
2
0
-2
2
30
-32
18
-9
-8
391
-390
-2
-1
0
5
24
-28
-1
1
2:0
12
-12
-1
0
1
0
-1
0
19
-19
5
-4
0
1
76
-40
-29
-9
2:1
-2
0
2
-2
17
-17
456
-455
0
62
22
-85
0
2
-2
11
-6
3
103
-111
906
-906
13
36
-48
-1
1
-1
3:0
3
-2
0
-1
0
4
-4
3:0
79
-78
13
-14
104
-104
0
11
2:-4
-3
5:0
39
-39
0
34
-33
0
39
-39
144
-142
-3
4
-4
2:0
4
-4
1
-1
3:0
3
2
31
-32
2:-2
0
5
6
-11
0
33
3
-36
0
1
27
-28
2:0
25
2:6
-37
0
2
2:-1
60
-53
-7
0
6
17
-22
-1
0
5
-2
-1
7
-9
5
-4
-1
0
3
-2
-1
2
160
-162
3
-2
-1
2
2:-1
16
-16
2
302
-304
1
0
6
2
-9
0
1
3
0
-4
3:0
2
-2
1
4
152
-156
-1
3:0
9
-9
4
1
-3
1
0
-3
0
2
-1
0
-1
2:0
11
-5
2
138
-117
-28
0
1
2:-1
2
9
-3
8
-16
0
4
3
-7
2:0
18
-16
-2
2
-2
2:0
3
1
-4
1
-1
3
-2
2
10
-12
6
-1
-6
7
-7
3:0
19
-17
18
-9
-11
2
-2
8
-8
2:0
120
-120
2:0
4
-4
42
180
219
-440
2:0
-1
0
1
2
52
-54
-1
0
6
-5
3
-4
4
-3
1
-2
3:0
2
-2
2
15
83
-99
0
-1
2
29
-31
1
3
-4
0
4
13
-17
2:0
1
62
55
194
-311
-1
14
-14
4
71
-75
1
-1
0
7
-5
-2
0
18
-11
-6
2:1
0
143
-134
-12
15
-12
17
2:-10
2:0
2
9
2
-9
-4
2
12
6
-20
2
-2
0
2
-2
0
5
-5
0
45
-45
4
-1
-3
2
5
-7
3:0
1
35
-34
2:-1
42
end
