v1
1011
539
193
11
478
8
31
21
124
63
496
119
214
100
289
6
56
22
28
99
19
707
393
49
127
43
147
433
152
291
102
455
271
69
181
175
10
501
62
207
44
8
252
70
425
54
345
21
135
237
19
291
243
44
132
343
136
232
242
146
109
160
0
193
110
104
136
35
297
134
494
442
339
48
78
108
836
99
7
221
18
127
705
121
376
275
394
275
16
93
387
381
294
59
526
56
45
6
32
18
7
18
38
31
0
46
2
151
118
73
9
74
59
64
30
35
38
57
17
245
447
173
120
225
226
188
110
98
206
10
33
6
116
146
192
121
141
85
142
259
151
267
15
405
36
299
48
153
229
13
28
477
32
7
187
9
799
199
102
405
55
56
109
2
274
94
75
50
961
36
241
33
30
17
265
128
115
11
7
8
115
32
433
611
285
452
175
70
129
11
32
0
144
219
89
100
54
47
56
5
69
58
22
86
153
59
5
23
193
5
642
60
218
34
77
15
31
31370
5
22
9
43
161
83
3
44
1
84
88
84
112
36
8
22
944
208
160
19
237
18
47
885
2425
2211
328
1553
5140
10816
2650
4766
5782
6140
2172
816
4449
2
4
0
10
8078
3707
958
2466
5150
10
2
5
1428
4053
119419
7741
73
9417
32411
10
22
33
9
238
109
5
16
55447
74
157
7
2
27
18
22
17
18
17
145
27
10
2
1
10
2:1
6
5
85
855
13
3445
12835
4654
3093
10208
7980
2243
1062
665
436
0
245
287
5
2:11
31
39
19
28
54
40
9
28
3
1
90
9
1
40280
26
64
191
54
169
43
544
1
296
81
17
92
110
49
51
177
9
57
2:9
41
103
47
26
59
273
116
10
121
128
13
37
0
19
3
14
15
22
1
72
14747
171
9
2018
0
9723
1
81
69
12
116
54
10
101
65
22
97
24
88
93
39
49
60
23
11
-489150
185
64
191
248
30
15
34
315
178
105
14
86
4
76
136
74
100
8
20
108
2
18
60
98
47
126
18
95
34
71
19
1
226
117
15
100
197
41
100
20
3
4
83
23
75
43
281
199
213
17
205
11
59
27
184
178
41
29
0
23
30
2
69
12
76
173
278
15
18
63
90
212
12
170
28
18
71
4
0
184
41
22
32
86
126
171
30
108
238
162
5
135
43
10
111
11
63
16
158
238
196
51
7
30
81
28
309
273
67
101
39
35
29
83
0
82
142
39
47
90
20
200
29
95
98
105
11
372
64
146
0
102
98
139
161
57
44
39
15
137
48
17
64
99
55
270
52
125
112
67
53
19
146
74
78
82
291
150
18
85
54
98
64
42
74
108
57
19
37
6
255
30
61
51
132
95
28
66
119
424
53
24
163
169
0
125
141
12
29
35
54
111
228
50
27
37
219
94
33
46
0
70
191
100
137
100
127
136
4
20
2
239
92
41
11
5
106
4
15
2:17
2
5
52
14
20
46
62
2
17
90
24
74
65
53
28
118
38
16
69
77
7
29
76
116
11
0
118
0
7
216
99
309
326
32
64
175
86
2
83
191
44
34
109
55
27
180
115
387
100
28
3
108
58
33
116
58
15
29
39
302
271
99
78
128
18
5
99
17
52
260
337
114
0
85
20
52
173
12
650
48
240
120
31
29
12
10
0
176
76
165
11
26
104
55
27
75
67
0
31
97
164
168
110
3
9
138
180
77
185
35
2:9
39
43
248
5
46
96
0
56
8
38
102
22
19
2:38
0
141
49
9
63
9
2
375
222
241
162
103
82
0
110
237
102
9
4
0
31
0
21
3
227
19
251
3
18
10
2:6
62
142
95
29
335
112
52
151
224
5
0
103
0
24
172
52
102
92
61
42
15
1
38
47
8
39
7
56
21
23
54
15
164
31416
84
79
13
85
122
254
37
132
974
0
56
8
80
90
72
15
85
56
59
76
59
2055
0
905
2554
707
3542
703
691
0
3840
0
2792
2324
3221
1515
12528
1214
6265
1744
872
1274
1394
8075
2828
1825
2468
996
1014
27
15
3104
8
1
16
1441
7
3502
0
103306
13098
1
0
3543
1736
5981
1
50
28
23
41838
106
4
32
43
40
93
53
4
15
36
7241
28462
334
19653
29
15
2
8
100
93
53
28
1
82
643
7
22
14
6
12
1
28
66
57
6
7831
4975
6403
9237
644
8402
5542
247
825
896
335
143
1681
2
6
1
25
15
4
1
46
5
71
1
14
9
0
4
1
5
62
0
36
12
30359
1513
8564
34
133
100
59
198
556
222
196
122
244
32
3
192
33
48
10
5
9
2
201
3
391
37
75
0
14
0
18
151
14821
44
72
0
1977
9735
114
63
41
80
72
2
11
4
63
202
24
3
22
83
73
33
82
8
1426439400
399:0
1
610:0
18
1
-6
7
18
-19
23
450
-397
-57
8469
-8446
-48
3
428
13412
-13464
346
-723
1
1061
-1064
33
3403
-3085
231
-579
117
-117
9
3
90
-85
-15
52
-34
11
-20
-9
48
-51
308
-302
24
34
36
254
-330
403
370
-750
-20
19
-48
14
-11
635
-631
45
89
-127
-4
23
-1
1564
-1592
227
-146
-54
81
314
286
-589
7
-109
-21
23
167
-186
-1
12
-7
205
-202
557
48
-469
8225
-8371
1
29
538
-566
18
127
-141
56
483
-544
20
-3
268
-271
-4
-5
-2
138
-10
72
2421
-2458
10
-24
-62
598
-675
8
14
129
51
42
224
-405
-65
1602
-783
-823
-6
129865
-129791
97617
-97620
-10
-47
29
-17
7
51
5
1098
-1178
27
-38
39
62
329
-376
-26
-29
1188
-1188
345
-344
33
-29
53
151
111
-319
2989
-2990
61
630
-688
11796
-3896
-7813
-89
97
125
-214
98
-103
53
1746
-1802
723
-724
9
128
93045
-92200
-947
246
-122
-93
140
4668
-4747
-105
-10
38
-49
46
121
71858
-71848
2577
3517
-6268
4
18
65
-56
-18
3517
6879
-9605
-186
-617
0
1
2181
-2097
-36
89
1491
1160
-2411
-239
-144
117
-82
41
378
-369
-84
159
-133
541
1382
-1911
53
-26
1991
-1782
-208
-21
-35
255
-261
260
-188
751
-597
293
1522
-1318
-536
-125
1284
-1295
814
-869
93
-76
-6
-12
289
-282
149
-148
2
48
109573
-109601
-14
77
339
-75
-334
3242
-3265
129
441
-565
-5
477
-435
5424
-5461
0
118
-69
-29
-18
81
-87
5
51
-48
513
1758
-2267
-13
4
-2
8
93
-28
-36
340
-379
23
534
-543
30
-40
62
-57
40
135
-106
39
-103
-3
276
-267
-13
35
-24
11250
-10084
-721
810
17825
-19056
-28
334
12527
-7419
-5453
40
1111
-1069
-71
30
-19
-4
-5
45
82
717
-855
5
33
-37
30
1091
-1107
290
2468
-2478
1500
5186
-6898
34
-114
964
-935
46
172
-247
25019
-24824
-155
-34
0
57
-61
-5
5
12277
-11913
-230
-53
-45
37
236
-10
7768
-7753
-201
33
2901
-2698
-337
484
-437
-27
193
-125
-95
-11
27
159
20
17478
-17536
-106
-59
1
-1
10
3
-13
6
-5
2:0
3
1
-4
10
-11
2
-2
0
2
-2
10
-6
7
-8
6
-9
11
-7
1
-3
-2
2
5
-7
1
7
-8
7
-6
3
8
-10
2
-2
1
-2
2:0
7
0
-1
-4
-3
0
1
-1
2
-2
9
-3
-6
0
2:2
0
-3
-1
2
4
-6
5
1
-2
-3
1
-2
1
0
2:1
-1
2:4
-10
4
-1
0
5
-5
1
5
-9
2
-2
5
0
-5
2
-2
0
1
5
-5
-1
1
0
-1
9
-1
0
-5
1
5
-6
1
-2
-1
9
-10
6
-6
3
-2
2:3
2
-9
3
1
-2
0
1
-1
4
-4
6
2
-8
-2
4
2
-4
-1
4
1
-5
5
1
-5
9
-1
-9
0
1
-1
6
-4
6
-8
0
6
-6
6
-3
8
-8
-3
6
-6
0
4
-3
2
-3
0
4
2:-2
1
-2
3
0
1
-4
7
3
-10
0
2
-1
1
-2
6
-6
12
-9
-2
-1
1
7
-6
-2
1
0
3
2
-4
7
-1
-8
1
4
-1
6
-8
-1
3
3:-1
0
6
-7
2:3
-4
0
3
6
-6
-3
-1
5
-6
2
5
-6
3
6
-6
-2
-1
0
1
-2
2
4
1
0
1
-3
-4
10
-11
2
-1
9
-10
9
-6
-2
11
-9
2:-1
3
-2
9
-10
5
-3
2
-4
8
-7
0
2
-2
7
-2
-5
-1
2
-2
0
8
-8
4
5
-8
3
5
0
-8
1
9
0
-11
5
-1
-3
-2
0
6
-3
7
-4
3
-3
-5
1
2:-1
0
11
-11
3:1
-1
2:0
2:-1
2:1
-1
2
4
0
-5
-2
12
-9
2
1
2:-2
3
-2
-1
7
-9
4
-2
1
-3
0
2
-2
6
2
-8
0
10
-10
1
0
1
-2
1
8
-1
-3
-1
2:-2
3
-1
0
-1
0
1
-1
0
2
0
-2
-1
9
-4
-3
1
2
-2
2
-3
-2
8
3
-10
1
9
-4
-6
1
3
-1
-3
3
-4
4
2
-5
0
4
-3
-2
5
-1
-4
2:0
1
5
-6
0
2
1
3
-2
0
-4
2
1
6
-4
3
2
-3
-5
-1
0
1
6
-8
7
2
-6
2
-1
2
-5
2:1
-2
1
4
-6
2:0
3
-2
3
-3
3
-2
10
-9
3
5
1
-11
0
3
-3
2
1
0
-3
5
-5
7
0
-7
9
-6
0
4
-7
10
0
-6
-3
0
4
-6
2
-2
10
-5
3
-6
2
-1
-3
0
1
2:0
-1
9
-8
2
-1
6
4
-11
2
9
-1
-5
-4
-1
0
-1
1
2
-2
2:0
1
3
-2
-1
2
2:0
6
-9
-1
2:1
6
-7
1
3
-5
1
-1
0
5
-5
0
11
-9
-1
1
2:5
-12
3
-1
-2
9
1
-10
7
-7
10
-10
12
-11
2
6
-6
-2
1
8
-4
-6
0
6
-3
0
8
-7
-4
6
-5
2
4
2
0
-3
-1
-5
2
-1
0
1
-2
2
2:0
2
-2
7
0
-3
0
-4
8
-7
0
-1
7
0
-8
0
4
2
-1
1
-1
6
-5
3
-4
4
0
133
-136
-1
2
14
7
13
-32
-4
0
10
-10
2:0
26
-26
0
11
-11
9
-8
5
-6
0
3
5
-1
-7
1
0
-1
8
-7
2
-3
2
0
2
-4
29
-29
1
-1
5
0
-5
3
-2
2
-2
3
0
1
-1
-3
-1
7
-5
1
4
7
3
-17
5
0
-5
2
6
-7
0
-1
4
2:-1
12
29
-29
13
-27
0
2
62
-62
7
-4
-3
0
68
-70
4
-1
3
1
0
9
-12
25
16
-42
68
-60
-2
4
-11
11
-11
1
4
13
3
-3
-12
1
-9
3
74
-77
6
1749
-1749
76
-62
-18
3
8
-12
4
-5
21
-20
0
7
-8
4
3
36
-32
2:-5
18
-19
0
1
4
-5
13
-12
51
-48
49
-47
-2
7
-10
874
-732
-135
0
-8
19
-17
0
-2
5
36
-41
36
-32
-4
0
484
-432
-52
20
19
-28
-6
153
-79
-72
0
-7
1
0
25
866
-887
60
72
-137
2
-2
8
-2
3
180
1103
-1271
68
-88
4
2
118
-125
30
-29
3
144
-128
-7
-10
0
-3
8
80
-88
3
51
-41
49
164
-220
15
-21
7
-7
8
27
-28
1
-8
11
15
17
-5
-6
11
13
-52
-2
99
-100
7
5
22
-31
0
2:-2
7
0
1
-6
0
221
-222
7
-7
22
-23
6
526
-532
5
4
1
-6
-1
0
215
-217
4
9
-5
-4
3
-6
5
-6
16
-6
218
-200
-28
6
-7
5
0
19
-10
12
-14
-10
-2
27
-23
2
-4
1
0
1
14
-8
4
-13
2:0
2
1
-4
3
25
-5
-23
11
156
-154
-13
67
276
554
-896
10
191
-188
-12
12
-14
7
-6
1
45
160
-206
0
40
-39
6
-3
-5
12
18
51
100
213
-391
29
-29
117
-103
-6
-11
0
11
9
-7
-9
0
2:-1
5
-7
221
-199
-1
-17
14
-5
-8
0
35
-13
-23
3
12
17
-34
0
3
-1
114
-103
2:-7
0
49
-46
76
-80
1
-1
3:0
1
-1
4:0
1
-1
0
1
-1
9:0
1
-1
13:0
1
0
-1
31
-31
5:0
1
-1
7:0
1
0
-1
2:0
1
-1
6:0
2:1
-2
7:0
2
2:-1
0
8
-8
5:0
1
0
-1
6:0
1
-1
5:0
1
-1
2:0
1
-1
2:0
1
-1
5:0
1
-1
3:0
1
0
-1
2:0
1
-1
9:0
1
-1
1
-1
0
1
-1
5:0
1
3
-4
5:0
1
-1
0
2
-2
2:0
1
-1
1
-1
5:0
1
-1
2:0
2
0
-2
9:0
1
-1
9:0
1
-1
2:0
1
-1
2
-2
3:0
3
-3
3:0
2
2:-1
6:0
3
-3
0
1
-1
4
-3
2
-3
5:0
2
0
-1
0
-1
0
2
-2
4:0
1
-1
0
6
-4
-2
3:0
8
-8
2
2:-1
0
1
0
-1
2:0
2
0
-2
0
2
-2
4:0
1
-1
1
0
3
-2
0
3
-2
-3
1
-1
1
-1
3:0
1
-1
2
0
2:-1
1
-1
0
1
-1
4:0
1
-1
2:0
1
-1
0
2:1
5
-7
0
8
-8
1
-1
3:0
1
0
3
-4
4
-4
1
-1
0
1
0
-1
3:0
5
-5
4:0
1
-1
2:0
1
-1
10:0
3
-3
0
1
-1
0
1
0
-1
7:0
2
0
-2
1
0
-1
3:0
1
7
-8
2:0
4
-4
1
-1
4:0
2
-2
7:0
1
0
-1
0
2
0
-2
3:0
1
-1
4:0
1
-1
2:0
1
0
1
0
-2
6:0
2
0
-2
2
-2
2:1
2:-1
3:0
4
-3
-1
3:0
2
2:-1
2
-2
0
1
-1
1
-1
7:0
2
2:-1
1
-1
3
-3
5:0
6
-6
3:0
6
-6
0
2
14
-15
-1
14:0
2
2:-1
0
6
-6
2:0
2:1
0
-2
2:0
2
-2
6:0
1
-1
3:0
1
0
-1
1
-1
7
-7
1
-1
2:1
2:-1
8:0
1
0
-1
2:0
2
-2
0
3
0
-2
-1
4:0
2
-2
5:0
9
-9
2:0
1
0
-1
1
0
1
-2
1
-1
end
