v1
793
207
110
222
193
11
237
170
79
191
48
2:26
27
189
228
119
214
100
113
125
57
56
22
28
614
46
77
88
612
580
152
130
263
169
18
268
116
155
53
28
20
228
75
21
10
105
89
41
99
19
148
160
13
234
113
53
70
54
371
555
31
88
103
34
277
4
429
86
50
144
63
136
317
146
11
45
210
160
193
79
31
267
8
297
52
82
381
113
442
339
126
404
511
135
104
82
53
88
37
2
85
66
273
254
27
121
50
185
53
24
157
182
300
94
275
16
93
711
57
294
59
50
476
26
1
29
45
38
35
8
4
8
7
96
5
14
133
1
108
10
82
74
19
26
14
64
35
30
57
38
17
14
113
118
85
91
263
8
78
95
120
420
329
304
10
34
5
116
104
42
138
175
35
106
85
101
297
3
146
287
410
31
299
15
31
155
229
41
466
0
11
31
8
5
134
48
9
493
210
96
199
102
93
367
56
106
3
2
24
42
115
187
75
50
6
649
306
19
4
254
33
67
109
56
46
34
128
19
107
7
8
147
40
276
7
110
692
20
182
2
245
10
6
191
61
114
133
58
8
11
32
80
6
23
254
189
54
103
5
35
92
108
153
59
5
20
3
193
5
0
9
142
300
212
30
9
190
62
92
31406
6
16
9
43
161
33
67
30
24
149
84
112
8
28
8
22
932
111
3
34
50
22
68
111
71
46
120
18
47
3310
2211
2
0
326
1553
3764
1376
10816
2650
811
3955
0
4992
790
6140
2988
4449
2
4
8087
3708
943
15
2466
1997
3146
1
7
11
5
1428
17
119910
1
3543
1
7741
73
9417
32305
116
22
26
7
9
50
208
57
32
5
14
55449
54
20
157
9
27
28
29
0
6
12
17
145
27
7
3
2
1
4
6
2:1
6
7
83
643
225
3445
12835
2356
1
2297
3093
5057
13131
1060
1183
873
189
665
968
27
31
39
19
28
54
8
32
37
3
1
31
12
26
21
4
5
1
40056
224
26
64
9
167
69
31
126
55
140
279
125
1
46
250
13
85
111
140
228
9
4
17
36
2:9
41
0
78
25
30
17
26
10
2
47
273
247
128
13
37
13
0
6
17
37
1
72
14747
171
9
8
2010
9723
1
81
68
1
12
116
18
10
26
38
15
58
65
22
97
2
21
1
88
93
23
16
49
58
2
-489062
188
74
291
174
55
164
131
26
103
144
351
8
92
15
346
86
316
1009
793
192
389
455
18
102
344
221
3
581
110
91
309
139
260
312
229
251
29
224
516
68
117
386
260
38
317
288
32
383
64
334
413
191
48
241
176
79
9
21
156
439
22
1100
51
122
255
50
316
31
210
5
66
544
193
278
27
91
171
168
66
48
462
70
458
86
56
145
103
22
115
56
78
39
68
4
9
21
11
23
8
48
24
110
13
131
60
8
104
80
68
53
147
246
300
66
348
46
51
0
494
208
249
226
234
30
31
67
40
237
143
31
25
174
121
97
39
274
1
79
196
23
185
242
666
114
105
22
913
391
34
193
136
105
140
56
200
88
173
428
257
237
194
188
690
71
654
232
43
678
21
3
229
268
342
12
195
0
64
77
180
731
102
153
42
16
72
123
21
259
32
31370
15
280
31
293
198
1038
169
68
5
15
13
322
2055
905
2877
4629
10757
12068
4086
12744
19
8047
28
7
2807
14
1859
4486
3111
18
4950
165952
3682
156
114
91
36
2
36035
19320
40
290
32
15
14
9
291
725
14
6
43
12933
5840
15595
2004
6789
3593
537
6
5
20
19
47
5
16
25
4
2
25
23
1
4
5
35
30434
10376
1180
110
135
89
64
40
229
41
521
348
14897
37
35
4
1973
10050
55
36
56
11
113
56
34
25
14
252
1426339200
499:0
1
292:0
128
-117
5
-9
6
-4
47
1957
-2008
68
-69
0
1
2:4
6697
-6704
22
-24
1
179
99
-225
140
-187
-3
7
822
-737
-42
76
-130
14
-15
1
9
63
391
-391
-37
-35
2
14
21
-10
-27
2
47
-45
-2
1
18
39
-60
0
1091
-1090
3
48
-52
2
-2
0
701
-663
-28
8
-14
57
-7
-39
15
-29
1
18
-8
-3
6
-7
-8
179
-161
47
-45
-12
16
-24
123
109
27
42
-300
6
12
113
296
-406
79
-70
-26
-4
9
100
-83
-27
6
-2
2
29
-35
1
153
1231
-990
-349
-42
1
-3
43
281
-319
-7
2
0
17
-13
-4
257
-257
13
-2
-8
9
-11
4
-2
8
65
-72
20
1293
-1276
-43
15
-4
88
24
93
-186
-16
18
-32
7
203
-210
2
0
423
-425
110
82
-186
2093
-2099
204698
-204698
35612
-35525
-87
15
-15
41
-38
22
-20
786
-784
68
71
-121
-24
1
105
-107
46
-28
-8
322
-323
0
12
-15
-4
9
-4
-3
3
-6
0
36
-37
265
-242
2240
-2252
28
-38
223
-185
-36
14
9418
-4924
-4505
15
-17
5
-8
-1
95
-53
-20
-14
-7
1
4
630
-634
1295
-1277
122
55135
-55227
-50
1
306
-301
-3
-1
108
-108
-1
44
102
60
-177
-26
18
860
-280
-583
-19
2
56
-51
123
380180
-376021
-3015
-1271
10
47
-42
-14
1585
-1587
8959
-8921
133
0
-170
3
9
-14
3
21
125
1018
-1141
2153
-1949
-182
50
-93
8
-13
0
582
-581
164
173
53
-389
1330
-1309
12
-22
825
-827
2:-6
292
-276
-12
12
21
232
-205
-49
310
-292
-24
0
629
-410
-228
2024
-1763
334
-409
-176
-1
-3
51
523
-37
-535
39
-27
-18
5
-6
227
-210
-16
9
-3
-4
31198
-31174
-21
24
-30
5
-6
43
250
-269
5488
-5483
75
3786
-3885
-3
50
-48
35
-39
59
3681
-3738
22
157
-168
-5
-8
49
-44
31
0
44
-68
318
-276
-32
-20
8
0
1
82
-90
39
-8
149
-80
-99
0
-1
2:1
-2
2
19
17
-39
36
-30
127
-131
38
-8
21
98
9260
-8780
-601
931
2154
-2650
-465
373
5140
-2462
-3053
575
-574
9
-4
14
1320
-1340
27
61
-61
-27
0
339
-331
-4
73
-77
0
98
275
-369
2
-5
64
-48
26
35
415
-482
-9
329
757
9747
-10826
0
-3
35
-38
-2
1468
-1339
-127
7
10
2
208
-219
-6
4
1
71
-77
3314
-3178
313
-395
-11
33
-17
-23
149
0
26
-212
122
563
-549
153
-221
-69
-1
34
24
-17
70
-51
-46
-9
10
-13
2
1
82
-43
-42
10322
-10328
-1
1
-1
3:0
3
-2
-1
2
-2
1
-1
0
1
2
-1
0
1
0
-3
0
3
-1
-2
2:1
-2
2:0
1
3
-3
-1
2
-1
2
-1
1
-3
2:0
2
2:-1
2
-2
0
3
-3
1
0
1
-2
2:0
1
2
-2
0
2
-1
0
-1
2
-3
1
-1
3:1
-3
0
2
-1
2:1
-3
2:0
1
0
1
0
2:-1
1
2:0
1
2:-1
1
2:0
1
0
-1
2
-1
-2
0
2
1
-2
2:0
1
-2
3
2:0
-3
1
0
-1
2:0
2
0
1
2:0
-1
1
-3
2
-2
3
2:-1
1
0
-2
1
-1
0
1
0
2
-2
-1
0
2
0
-2
3:0
1
2
-3
1
-1
1
-1
0
2:1
0
2:-1
1
-1
3
-2
-1
2
2:-1
1
3:0
1
0
-1
1
-2
2
1
0
-2
0
2
-1
-2
2
2:-1
1
3:0
2:1
0
-2
2
-2
0
-1
0
3
0
-2
1
2:-1
2:0
1
2
-1
-2
2:1
-2
2
2:0
-1
0
2
-1
0
-1
0
1
-1
0
2
-3
3
-1
2:0
-1
0
2
-3
2:1
-1
0
1
0
2:-1
1
-1
3
0
-3
0
1
-1
2
-2
5:0
1
-1
2:1
0
-2
2
0
-2
3
-2
1
2:-1
4:0
2:1
-2
1
2
3:-1
2:1
4
-3
2:0
1
-1
1
2
-2
2:0
-1
2:0
3
78
-81
3:0
8
-2
8
-11
-3
27
-27
8
9
-15
7
-9
4
-4
0
2
-2
4
-4
2:0
1
-1
0
2
-2
4:0
3
-2
-1
2:0
5
-5
2:1
-2
3:0
34
-34
0
1
0
-1
1
3:0
-1
1
3
-4
1
0
-1
4
-4
7
-6
-1
3
-3
6
15
-10
2:-5
1
-2
0
1
2
0
-3
1
0
-1
2
-2
2:1
-2
1
0
-1
2
4
-4
32
-27
-6
-1
2:0
39
-38
-1
5
-5
5
-2
-1
34
-36
3
-3
2:0
12
-10
-2
2
9
-11
16
29
-40
-5
2:0
7
-5
11
-13
2:1
-2
1
17
-15
-2
1
29
-31
10
2:-4
54
-53
1324
-1325
57
-52
-6
-1
2
6
-8
0
2
-1
0
10
-9
3
-4
1
9
-11
0
9
-5
12
-16
2:0
3
-3
2:0
2
-2
1
-1
10
-9
35
-32
37
-37
-4
1
6
-6
-1
1
619
-500
-119
-1
0
2
-2
0
5
-2
-3
3
2:-1
0
32
-33
18
-9
-5
395
-396
-3
5
30
-34
2:0
13
-13
0
-1
19
-19
4
-2
0
84
-47
-32
-6
0
-1
2
16
445
-401
22
-84
2
9
-7
2
113
-118
936
-926
42
0
-51
2:-1
2:0
4
-4
79
-67
94
-106
12
-4
-5
-3
2:0
44
-44
37
-30
33
-39
152
-150
2
-1
-4
3:0
5
-4
2:3
-7
34
-30
-2
2:4
-10
0
35
2
-36
26
-1
8
4
-38
0
2
-1
64
-58
-1
15
-20
5
2:-2
7
-3
-5
2
-3
3
160
-163
4
-3
2
-2
0
12
-13
3
313
-315
6
2
-8
1
2
-4
2
-2
5
150
-154
9
-10
6
-3
-1
0
-2
12
0
-7
1
156
-135
-26
-1
2:1
0
-2
2
7
0
7
-16
5
4
6
-13
0
-2
0
3
1
-3
3
-1
11
-13
7
-1
0
13
1
-10
-9
7
117
-126
4
38
197
262
-501
3:0
1
3
59
-63
5
-4
4
-5
4
-3
1
-2
2
-2
2
16
89
-107
2
-1
33
-33
2
1
11
-15
0
67
55
205
-326
0
-1
15
-15
2
73
-74
0
9
-6
-4
19
-10
-6
-1
0
1
-1
153
-142
1
-11
20
-10
-13
2
9
4
-12
-3
3
12
7
-22
2
-2
3
-3
6
-6
44
-40
0
-2
5
-7
0
1
33
-32
-2
48
-48
19:0
3
-3
15:0
1
-1
14:0
2
-2
7:0
2
-2
0
2
-2
21:0
1
-1
0
1
-1
5:0
3
-2
-1
0
1
-1
3:0
1
-1
13:0
1
0
-1
4:0
2
-2
3:0
1
-1
2:0
1
-1
4:0
1
0
-1
3:0
1
0
-1
2:0
1
-1
2:0
2
-2
7:0
1
0
-1
1
-1
7:0
1
-1
2:0
1
2:0
-1
5:0
1
0
-1
17:0
1
-1
4:0
1
-1
5:0
1
-1
4:0
3
-3
1
-1
8:0
1
-1
1
-1
0
1
-1
2
-2
12:0
2
-2
2:0
1
-1
3:0
1
-1
16:0
2
end
