v1
763
573
2
168
381
12
85
8
104
63
9
15
48
52
27
189
179
49
119
51
263
0
110
127
58
17
0
39
22
28
50
68
13
201
160
122
46
91
15
59
510
102
59
69
19
158
275
152
349
44
106
165
4
169
11
70
90
111
177
152
96
10
194
41
24
350
205
260
267
228
140
259
141
38
8
18
207
277
4
20
48
185
20
14
142
12
74
257
79
57
415
59
294
314
79
31
0
104
163
8
431
201
293
219
223
59
67
213
65
61
210
599
64
42
135
166
55
18
182
244
125
213
41
27
356
141
275
84
34
153
29
94
115
41
119
16
120
256
243
242
286
8
59
0
50
295
171
10
27
29
28
17
38
25
18
2:19
23
7
1
46
2
147
4
81
37
82
74
59
62
2
30
5
30
3
35
19
38
17
14
113
118
439
0
1
7
78
92
3
120
225
195
219
110
262
42
10
33
6
109
7
284
175
35
106
60
25
101
41
87
169
3
90
56
5
6
276
128
1
27
248
37
291
8
10
5
33
66
17
70
86
143
41
145
164
114
105
175
9
799
185
14
102
71
12
10
90
222
55
25
31
109
2
24
42
6
109
187
75
50
655
77
185
13
0
31
277
33
38
188
6
46
34
128
19
96
11
7
8
147
40
141
238
14
447
106
56
103
82
16
84
2
360
92
175
70
63
58
8
11
32
43
25
6
12
26
84
167
89
100
54
47
3
53
5
19
16
92
17
3
88
153
59
5
20
3
193
5
33
2:86
42
3
7
144
50
119
72
0
13
47
37
26
146
0
9
34
64
28
0
31
31370
5
6
16
9
43
247
44
85
88
84
0
112
36
8
22
932
111
12
25
72
68
83
28
71
166
15
3
47
9
3301
2211
328
1553
5140
2464
3794
4558
2650
811
3955
5782
4315
1825
2988
4449
2
4
0
10
8029
39
10
2811
14
882
943
15
7
2446
13
5144
0
2:8
2
4956
119949
1735
5981
25
73
4
9413
32411
10
4
14
4
92
75
40
0
73
20
53
4
32
5
16
55412
35
74
157
7
2
27
3
37
17
6
12
17
82
63
27
10
3
8
3
1
6
5
728
49
132
40
2:2
3445
0
4382
535
7918
4654
3093
5057
5151
9040
1183
873
143
46
665
436
532
5
11
1
10
3
25
3
39
5
14
28
54
40
6
3
0
28
3
1
43
51
5
1
30302
1513
8273
192
26
64
176
38
31
120
37
55
544
1
82
5
222
43
25
17
226
115
136
2
9
21
36
2:9
41
103
30
17
26
10
2
0
47
0
485
119
44
13
18
19
0
13
23
37
1
72
14747
171
2
7
28
0
1990
9723
1
81
69
12
116
18
10
36
26
2
11
62
65
22
7
47
43
2
21
1
23
53
55
50
23
2
14
49
51
1
6
2
-488874
20
346
771
42
0
18
416
361
402
82
85
297
271
1023
750
330
171
426
289
89
495
214
810
219
510
139
606
787
343
101
46
19
83
88
879
809
676
22
211
38
212
0
842
622
326
48
644
165
542
17
438
0
79
191
335
165
271
55
368
5
100
83
38
13
30
133
59
27
356
140
0
267
1080
261
234
40
920
133
1184
372
796
202
38
715
1055
158
262
319
318
134
280
106
284
377
217
330
753
595
524
34
334
873
251
403
15
1
308
31694
115
88
79
25
294
1209
201
176
2190
14371
3687
3646
9532
2466
22458
2
9171
3112
1444
119927
1
53205
46
0
3
127
209
0
36
56101
643
7
55
152
25216
21959
25
143
123
40638
1335
72
598
5
355
400
14962
11932
114
116
53
86
446
53
1426409400
599:0
1
162:0
11
-8
23
-22
28
-19
4
25
-13
-11
-14
184
-185
15
-7
-1
-6
5841
-5842
69
-58
8
-15
709
-713
1
2573
-2409
-150
-13
6
-8
-1
56
-46
-10
2:0
675
-674
93
-87
-4
31
-25
37
90
-136
445
-432
-6
-2
86
-78
4792
-4798
41
43
-88
10
-7
1337
-1342
27
-28
116
-109
-7
3
-3
81
-79
7
0
77
311
-367
-26
-4
1434
-1173
-65
-164
-28
-1
5
8
-11
46
-30
140
-160
8
-9
12
-1
-9
31
37
-17
-52
-1
41
188
-228
8
131
-125
-1
52
-32
-33
13
160
-171
-1
5
-4
26
-7
-14
-6
18
-14
-6
68
-68
8
-8
1298
-930
-359
78
-53
-27
37
-43
0
62
-63
526
-524
0
38
-29
-6
11
-13
140
-139
6
72
-81
21
-18
8
-9
-3
0
5
-5
0
85
-83
50
619
-611
-55
1
11
-17
10
103
-113
2
0
3
40
-45
7
112
-117
-1
0
166
-161
3
51
1276
-1312
-23
17
271
-271
-14
82473
-82458
6991
-7009
155
-153
33
-36
24
-9
-12
0
205
-208
11
-2
-7
43
-43
7
6
-14
3
-2
3
-1
-4
30
-27
10
170
-183
9
-3
1
38
221
-263
1
5
-7
86
-79
54
-45
-14
189
-192
27
0
419
-445
1625
-1624
163
-162
251
-249
3
-9
84
5648
-3467
-2217
-46
1
6
2
1
-9
48
-51
13
-11
1137
-1139
22
269
-286
9
196
-194
51
32896
-32958
94
-95
251
-234
4
-18
-4
-2
7
20
87
-33
22
-34
-55
-15
15
808
-717
-81
-22
97
-74
-4
-21
-1
3
61
34
15462
-15550
-9
1708
460
-2169
3
13
-12
5
64
-50
-14
1293
-1297
12168
-12127
78
-121
11
-12
215
-212
-5
0
1
0
2
-1
-2
148
-145
16
122
7
-136
1316
-1327
14
-5
-8
14
4873
-4834
133
-183
6
-5
16260
-16262
135
-110
9
66
1051
-1140
5
0
-20
1
24
-1
-21
41
-43
11
183
-186
66
17
-91
153
-39
327
-375
2152
-2219
8
363
1657
-1454
-562
-12
2
1029
-787
-237
53
-27
-6
-19
-7
0
4
2:1
30
-35
254
-255
-1
17
13
0
-28
11
21947
-21955
18
-17
-2
339
-323
-12
3531
-3528
33
-44
150
11589
-11739
0
2:1
24
-23
4
0
227
4334
-4556
-9
11
-6
64
-64
-1
12
-15
3
6
0
-3
290
-292
48
-33
-14
1
-9
18
4
13
-25
-11
4
2
1
-4
7
-8
2:-1
10296
-10287
15
35
-53
-3
1
21
-22
-1
35
-1
240
-271
1
-5
13
145
-157
0
3822
-3527
-291
23
1093
9576
-10686
-10
0
-2
741
5140
-2350
-3525
-2
25
280
-300
-6
-3
62
-48
203
-212
-5
24
-21
1
67
52
329
-450
5
-6
21
-19
20
-19
8
63
152
604
-828
95
930
1472
-2491
152
-156
-2
590
-584
-8
3
0
-2
3
-5
65
278
-338
-4
1
0
36
3328
-3273
258
-337
73
-86
48
-38
1
42
177
-137
-8
-69
1009
-952
-74
54
137
-186
-2
10
57
20
50
-138
1
51
-54
162
-145
-16
22
-23
9
-7
6
63
70
-141
5
8
1425
-1439
0
-1
1
-1
1
2:0
-1
2:0
1
0
-1
0
1
-1
1
-1
2:0
2
2:-1
3:0
2:1
-1
2:0
-1
1
0
-1
1
0
-1
1
0
-1
1
2:0
-1
2
-2
2:0
1
0
-1
2:0
1
2:0
-1
1
-1
1
0
-1
1
0
-1
1
2:0
-1
1
0
-1
2:0
1
2:0
-1
1
-1
1
-1
2:0
1
-1
0
1
-1
2:0
1
2:0
-1
1
-1
1
-1
5:0
2
-2
0
1
2:0
-1
1
2:0
-1
1
-1
1
2:0
-1
0
1
0
-1
2
-2
2:0
1
-1
1
0
-1
1
-1
2
-1
2:0
-1
1
-1
2:0
1
-1
1
0
-1
1
4:0
-1
2:0
1
2:0
1
0
2
-2
2:0
4
-4
1
-1
1
2
-3
1
-1
2:0
99
-99
1
-1
1
-1
8
-8
0
7
5
-11
-1
1
-1
0
2
-2
19
-19
0
5
-5
15
-15
4:0
8
-8
13
-13
2:0
1
-1
0
1
0
1
0
-2
2
2:-1
3:0
3
-3
1
-1
2
-2
2:1
-2
15
-15
1
-1
0
4
-4
3:0
3
-2
0
-1
0
2
-2
2:0
6
0
-6
0
7
2
-9
1
-1
17
-17
1
6
-7
1
-1
2
-2
3
0
-3
0
1
0
-1
3
-2
-1
1
2:0
8
-9
3:0
20
-20
0
7
-7
3:0
3
-3
44
-43
3:0
-1
3
-2
6
-7
1
22
-23
4
-4
2
-2
2:0
11
-11
1
10
-11
17
27
-41
-3
0
2
2:-1
12
-12
1
-1
0
8
-8
1
17
-17
0
-1
31
-28
-3
3
2
-1
-3
0
43
-44
3
1269
-1269
61
-64
21
-20
4
-5
2:0
4
-3
0
-1
0
5
-5
2
-2
0
5
-5
3
-3
1
-1
1
6
-6
0
36
-36
-1
6
-6
2:4
-8
2:1
-1
3
-4
5
-5
1
25
-26
2
3
-5
0
36
-36
2
-2
7
-6
-1
0
6
363
-294
-67
-8
2
-2
2:0
1
2:0
-1
0
3
-3
1
23
-23
-1
21
-15
-4
269
-267
-4
0
21
-20
-1
0
1
-1
2:0
11
-10
19
-10
-7
-3
3
65
-37
-19
-10
-2
2:1
-2
2:0
2
8
393
-403
0
48
41
-89
3:0
2
6
-4
-1
85
-88
693
-685
38
-45
0
-1
2:0
1
2:0
1
2:0
1
-1
-2
5
-5
0
2
55
-57
3
0
-3
2
87
-89
9
-6
3
-5
58
-58
31
-26
0
27
79
-110
1
-1
-2
2:0
1
-1
0
2
4
24
-30
6
-5
0
3
11
9
-7
9
-25
-1
30
-4
-3
-22
-1
0
52
-44
2
12
-19
0
-2
-1
2:0
1
0
3
-2
0
-2
0
5
-3
0
-2
0
130
-130
10
-9
-1
0
4
-4
290
-290
2
-2
1
12
-13
0
1
4:0
1
0
136
-137
0
5
-1
-4
1
0
2:-1
0
4
1
3
73
-81
17
-16
2:0
-1
10
-6
16
-19
8
-9
3:0
11
-9
0
-2
6
-3
3
-5
-1
1
0
4
-3
-2
5
-3
8
-8
-1
2:0
17
-18
2
18
-12
-8
0
14
146
-158
-2
2:0
48
153
188
-388
-1
4
62
-65
-1
0
3
-1
3
-2
-3
6
-5
0
2
17
79
-99
0
1
4
-5
12
-10
-2
0
5
2
-7
33
55
58
-145
17
-17
-1
62
-62
2:0
2
2:-1
0
11
-4
-7
4
0
-4
4
125
-123
4
-8
24
-26
7
-6
0
4
9
-2
-10
-1
15
0
-16
2
0
-2
1
2
1
0
36
-40
0
4
-3
0
4
-5
1
-1
3:0
28
-21
-7
0
1
67
-68
2:0
1
-1
2:0
1
-1
8:0
1
-1
2:0
1
-1
18:0
1
0
-1
3:0
1
-1
44:0
2
-2
2:0
2
-2
7:0
1
-1
0
1
-1
4:0
2
-2
7:0
1
-1
2:0
2
-2
8:0
1
6
-7
4:0
1
-1
16:0
end
