v1
1010
55
4
148
362
15
159
312
64
67
43
31
21
19
120
14
25
9
8
122
45
13
66
196
46
84
35
14
29
8
0
137
126
41
153
101
56
7
15
28
118
192
304
39
7
30
0
135
59
383
170
5
54
24
57
17
19
20
109
136
291
159
32
104
98
8
0
38
409
136
24
111
22
12
19
43
81
152
0
106
103
52
39
18
4
118
55
71
41
160
200
75
138
70
0
218
207
15
30
292
62
21
135
23
8
206
19
104
173
4
68
37
148
20
24
132
42
0
11
33
72
122
63
79
57
29
37
73
93
85
98
29
75
42
74
254
160
33
110
104
46
105
20
87
344
64
26
63
241
42
58
212
114
18
44
54
126
0
213
36
33
57
31
141
204
372
61
64
24
18
6
61
0
68
104
117
18
71
17
39
55
57
145
72
95
254
27
73
48
235
53
163
200
271
123
106
169
16
43
169
291
46
85
176
51
44
170
72
8
59
50
170
125
181
27
29
45
38
18
7
18
12
49
7
1
46
2
3
131
13
4
2
21
73
22
9
64
9
12
14
48
14
45
27
19
0
18
3
27
35
38
3
16
38
17
14
0
113
118
447
78
95
120
225
98
62
35
96
123
110
304
10
33
1
5
116
104
180
54
121
141
85
142
90
169
146
5
282
156
0
248
6
31
140
151
8
10
23
14
1
83
70
86
143
41
106
37
280
38
55
99
88
9
41
662
96
301
83
322
55
56
2
0
107
2
66
35
5
75
56
37
94
75
50
57
226
42
125
511
30
247
33
29
90
57
50
6
62
18
53
37
38
19
107
7
8
147
40
48
11
14
259
61
404
43
87
75
2
36
45
20
182
2
415
37
175
34
36
121
8
11
32
46
28
12
27
34
216
22
67
100
40
14
47
55
1
5
35
20
72
108
153
59
5
20
3
125
0
68
3
2
37
13
88
13
54
52
149
164
0
72
21
30
9
46
17
155
34
67
10
15
31
31370
5
2:3
16
9
43
161
33
30
23
44
85
88
84
112
36
8
22
1050
80
22
179
71
46
120
15
3
47
2064
905
341
2211
325
3
1553
3073
2067
7580
1
3235
2650
811
3955
3406
8516
2169
819
1797
2652
2
4
0
10
8068
9
21
2805
1840
19
1514
933
474
4669
1
7
9
2
5
1415
13
3523
119948
1
7741
26
47
4
9413
32411
7
3
22
11
22
9
165
2:73
4
15
17
5
16
36035
18596
731
85
54
177
7
2
27
40
17
2:3
12
1
16
36
109
27
10
2
4
7
2:1
6
5
85
643
0
29
196
20934
3093
18188
772
41
247
1183
872
0
190
665
436
532
2
3:1
4
2:1
5
11
13
15
1
2
39
5
42
10
25
19
9
31
35
2
3
1
43
47
4
5
1
30302
9786
192
26
64
9
167
38
2:31
59
122
170
18
231
125
1
82
214
13
12
56
17
165
37
24
25
226
0
2
9
40
17
2:9
41
78
25
47
5
21
5
12
26
16
273
212
35
128
13
0
18
19
13
6
2
15
28
9
1
72
14730
3
0
106
34
45
0
9
28
1990
9723
1
81
69
12
102
14
6
84
2
11
4
58
28
7
30
22
97
2
22
88
93
23
16
49
50
8
2
22
-489166
526
117
275
405
46
38
60
26
123
126
41
361
58
82
46
263
670
122
527
2:12
199
220
53
0
559
111
88
95
178
45
676
9
562
2:11
108
447
8
5
131
48
1
167
299
11
1
129
180
149
6
105
83
69
66
48
32
529
394
13
214
8
50
326
51
0
106
192
466
29
151
263
247
92
202
218
197
209
963
545
113
27
89
68
433
124
65
281
119
286
108
49
6
47
45
77
212
77
1133
46
14
443
26
177
101
15
214
15
1
26
23
11
5
13
65
1
8
23
3
17
79
6
1
0
117
9
14
11
158
169
64
17
1849
55
70
49
230
309
182
38
57
292
77
18
5
0
139
58
192
373
79
219
290
38
363
199
368
34
20
97
137
948
148
25
22
231
21
135
30
141
55
80
381
118
163
404
260
309
229
224
14
71
0
483
443
456
467
44
901
242
183
432
52
180
13
300
11
50
98
301
31624
103
108
41
60
347
7
34
1237
92
195
49
1228
4695
3943
1377
0
371
2768
3493
7060
10908
790
2041
19580
50
4
2807
896
4409
4165
18
1441
7
1021
3012
127135
32758
9041
156
169
2
38
93
99
9
55414
109
167
29
15
34
169
4
16
44
17
787
3609
30790
3251
7845
88
45
10
1715
69
2
52
2:6
35
33
16
94
31845
9881
55
107
134
140
371
10
0
53
7
4
632
6
76
8
108
14789
2185
9839
73
105
16
0
10
0
79
150
115
2
47
2:14
146
1426728600
699:0
1
309:0
6
-2
-1
2
0
26
-26
1
0
144
-144
74
-75
20
-22
22
21
-30
4
-17
402
-392
-10
35
-34
6787
-6787
0
4
1
9
-9
-1
624
-277
2350
-2688
21
-26
13
-18
-3
1288
-1288
1
0
673
-645
-15
94
-105
-2
8
-3
52
-57
2
33
-22
133
-120
3
-24
80
-85
0
1
9
472
-476
149
-156
0
1
2
11
-12
-1
0
4
-6
18
-16
19
33
-53
2
29
-26
10
-13
13
-15
2
-3
7
-1
-6
9
1
-8
58
-58
-2
0
114
-110
-2
0
-1
7
1
112
-80
-23
-16
-2
97
-82
-14
25
98
-96
-25
33
-12
-4
-15
-4
100
-98
39
-40
3
50
-53
42
-20
-8
-9
-6
3008
-2951
7
-54
-1
4
-11
-3
147
-7
-139
4
32
117
-152
0
233
-183
-25
11
-29
-6
537
-535
8
5
11
54
-62
-19
0
113
-93
-15
5
9
3
-22
13
-15
1
8
56
-54
432
-443
2:4
-5
-2
2659
-2652
305
-308
173
-81
-77
-13
8
-3
-7
6
9
-18
3
9
452
-463
17
13
107
-120
-5
47
-33
323
-280
-36
116
-152
7
-4
12
-7
-2
12
-18
6
86
-54
765
-795
90
-98
9
2139
-2148
1
85
-73
92
-96
3
-2
121
-131
134
25
-82
747
-802
9
-22
-7
0
7
384
-277
-93
27
315
-319
69
-112
2:0
56
212
-248
103122
-102818
-285
4745
-4563
-218
51
-30
203
-139
650
-601
-136
47
-46
-4
464
-463
1
17
-13
21
-25
16
325
-325
-5
-9
1325
-1325
5
-1
80
280
-369
1
-1
2
22
-22
29
-4
-24
1
81
144
-225
8
3367
-3342
-35
-1
251
-220
-1
-30
4
-4
21
-13
10831
-9744
-1003
-90
143
-139
-7
10
56
38
-72
-28
-1
1
9
13
-25
61
-46
-15
1238
-1237
4936
-4931
746
29795
-30539
4
-8
2
48
923
-971
1
3
-7
15
-10
332
-336
26
70
-99
111
-27
2
62
-111
2011
-1910
-112
-28
7
-4
81
-77
28
-34
23
341
-362
15113
-15039
-77
2030
2431
-4404
-33
104
346
-419
-29
3074
-3093
10890
-10895
-1
31
-22
268
-275
-2
-1
0
1
42
-43
6
-1
0
1
3
170
-141
-29
4
2038
-2048
-1
31
-6
177
3085
-3287
5
490
-377
-118
2
-4
10
-1
2249
-1848
-7
-293
87
365
-543
90
-97
-7
38
114
-136
-14
49
-47
224
-211
-7
-9
271
-98
-179
1000
-876
-124
150
-148
0
495
350
-148
-687
-7
891
-896
21
-11
25
133
-158
3
1
-2
-9
-2
120
-40
-80
8
3
9
-6
42
-55
49
44344
-44362
-21
17
-3
-10
107
312
-422
11
-9
10386
-10356
-41
11
2386
-2400
1
26
-27
104
-91
-4
-5
161
4994
-5155
3
204
-202
-9
6
410
-396
-15
122
-110
28
6
69
-94
-24
349
-335
57
5
-70
12
-11
-5
28
43
-41
2
-33
-3
1
1200
-1183
2
-12
151
-158
38
-27
45
-52
-1
17
51
-51
16
-32
2
-4
5
20
-23
5
4
35
-32
17
-19
3818
27074
-30907
1247
-1244
2
11290
-11286
227
-233
1487
6516
-3105
-4833
-32
-17
60
1526
-1596
-6
67
109
-153
-24
14
-11
2
10
13
35
-63
3
2
127
1574
-1663
-37
3:-3
25
17
-20
-22
25
-19
-1
565
1666
-2230
74
1286
143
-1419
-76
121
-132
5
394
-401
17
112
-82
-9
2:-10
71
-89
2
-2
5
333
-315
290
-308
8
4037
-3757
288
-576
-4
-2
1
-1
4
3
83
-24
104
9221
-7329
-179
-1863
1987
-1956
142
-188
5
-3
113
-119
66
43
-106
24
197
-117
-80
30
-24
15
39
-18
17
-80
42
8479
-8527
-3
-1
1
0
-1
2
1
2:-1
2
-2
1
-2
3
0
-3
0
2
1
-1
4:0
-2
0
2
0
-1
1
-2
0
2
-2
0
2:1
0
2:-1
1
-1
0
2
-2
2
-1
0
2
-2
2:0
-1
1
3:0
1
-1
2
-3
0
1
-1
3
-2
-1
2
-2
1
-1
1
0
2
2:0
-1
-2
0
2:1
-2
1
3:0
1
-1
1
-2
1
2:0
1
-2
2:0
3
-1
2:0
2:-1
1
0
-1
2
0
-1
0
2
-3
2
0
2:-1
3
0
-3
2
-2
2
-1
0
-1
1
-1
0
2:1
-2
3
-1
0
2:-1
1
3:0
-1
2
-1
3:0
-1
2:1
-2
1
2:0
-1
2:0
3
-2
2
2:-1
1
0
-2
2
1
-2
0
2
-2
-1
2:0
2
1
2:-1
2
-1
-2
2
-1
2
-3
2
-1
4:0
-1
2
-1
0
2
2:0
-3
1
-1
2:1
2:-1
1
-1
3:0
3
0
-2
2:0
1
-1
2
-2
0
1
-2
1
-1
1
0
1
-1
1
-2
2
-2
0
1
2
-3
1
2
0
-2
1
0
1
-2
2
-2
0
-1
2
3:0
-2
0
2
-1
0
2
3:-1
1
3:0
1
2:-1
0
2:1
-1
2
-3
2:1
-1
2:0
-1
0
2
-2
2
-1
1
0
-1
2
-3
1
2
2:-1
1
-2
2:0
2:1
-2
0
1
2
-3
2
2:-1
3
0
-3
1
3:0
2:1
-2
2:0
8
-8
4
-4
2
-1
1
3
-5
2
-2
3:0
4
-3
157
-158
0
2
0
2:-1
2:0
11
24
-32
15
-18
3
-3
2:0
23
-23
0
10
-10
0
11
-11
2:0
3
-2
-1
1
-1
0
9
-8
2
-2
10
-9
0
-2
3
-3
0
4
-4
3:0
2
3
-1
0
-3
-1
2:0
4
-1
-3
4
6
-10
2:0
4
-4
2:0
1
-1
2:0
4
-4
3
-3
1
-1
10
-10
4:0
2:2
-1
0
-2
0
-1
1
0
-1
7
-4
-3
0
2
1
2:0
-3
0
6
-6
0
2
-2
4
2:-2
0
1
14
-15
6
-6
2
2:-1
1
3
-4
2:0
3
5
-7
0
10
-10
4
-3
-2
0
1
-1
1
-1
0
6
-6
1
0
6
-7
3:0
1
0
4
-5
2:1
4
-5
3
-4
0
2
-2
2
18
-19
47
-48
20
-16
-3
0
-1
1
-1
2
2:-1
0
2
83
-82
2:-1
0
6
-1
2
-6
41
-43
3
-2
3:0
1
7
-3
2
-8
0
16
-16
27
-27
28
-27
4
73
-78
0
6
-6
6
-6
2:0
21
-21
13
-2
-10
0
5
-3
2
-5
0
1
14
4
-14
-1
2
0
-6
2
-1
0
4
61
-56
1761
-1767
-2
86
-51
-35
6
-3
6
-9
3
-5
2
16
-16
-2
13
-12
0
3
-1
2
-5
2
12
-12
2:-1
104
-104
4
-2
12
-6
-8
0
1
-1
2
-2
6
-4
-1
4
13
10
-27
0
65
-63
-3
0
3
6
-8
-1
3:0
1
566
-502
-55
-10
0
1
-1
8
-8
4
3
-6
-1
3
-3
9
-9
10
-7
-2
28
-27
43
-41
-1
256
-255
-4
3:0
59
-59
1
2:0
1
-2
6
-4
2
12
-15
20
-10
-11
13
-9
111
-51
-58
-5
0
-1
0
2:1
-1
1
32
-34
752
-727
-25
45
130
-171
-3
5
1
7
-1
148
-159
771
-773
0
10
-8
76
-78
4:0
2
-2
7
0
-5
0
-2
7
-7
2
1
111
-114
1
17
-16
0
161
-163
0
60
-56
-1
0
-3
0
3
83
-83
72
-66
42
70
-118
8
-11
2
3
4
1
-10
32
-32
9
-5
-2
-1
12
10
-23
29
-14
-15
28
-28
0
52
1
-11
-42
0
97
-97
4
-2
11
22
-31
0
-3
0
2
-3
1
2
-1
-2
4
-4
4
-3
1
3
186
-191
0
7
-2
3
11
-19
0
6
-4
728
-729
0
-1
20
-20
4
0
-4
2:2
-2
-1
5
166
-172
0
3
0
-2
2
10
-11
6
-4
-3
9
-10
4
2
-6
139
-137
28
-27
0
2
-3
0
10
-3
8
-12
-4
2:2
-1
11
-8
-4
9
-12
3
0
7
-9
0
2:5
-6
6
-11
3
-3
2
2:0
1
-2
7
-8
8
-7
32
276
-307
16
-18
1
270
-270
8
-9
119
602
21
-740
3
-3
5
240
-244
-3
9
-2
1
-8
4
-4
3
-2
17
-17
-1
1
2
19
205
-227
2
1
-3
1
19
-19
6
-7
2
2:0
19
17
-38
61
107
1
-163
-6
26
-26
1
71
-72
2:0
7
-2
-5
3
7
-8
0
-2
4
-2
1
-1
1
-3
161
-154
39
-46
1
0
-1
0
2
0
7
-6
0
35
0
178
-212
48
-51
31
-32
2
5
0
-7
12
-12
0
4
76
-73
0
-2
-5
4
-2
23
-20
2:-2
132
-133
6:0
1
-1
49:0
1
-1
5:0
4
-4
10:0
1
-1
18:0
2
-2
11:0
1
0
-1
5:0
1
-1
3:0
1
-1
24:0
1
-1
9:0
1
-1
5:0
1
-1
16:0
2
-2
9:0
1
0
-1
2:0
2
-2
20:0
1
-1
16:0
1
-1
1
-1
3:0
1
5
-6
2:1
-2
1
-1
3:0
1
-1
2:0
1
-1
2:0
2
-2
1
-1
2
-2
7:0
1
-1
4:0
1
-1
23:0
end
