v1
1048
539
28
17
159
381
105
52
178
9
130
107
64
314
262
52
237
1
57
56
22
28
118
374
41
81
152
59
293
319
305
256
171
393
271
4
47
293
111
177
248
10
103
91
65
242
160
346
67
339
55
101
28
527
256
102
432
20
156
86
257
136
100
70
62
242
45
210
160
193
110
275
431
494
388
54
339
126
31
345
539
135
104
260
2
329
0
95
402
279
372
271
123
275
16
212
309
340
241
45
8
104
177
304
56
45
38
25
18
38
79
3
14
6
1
127
118
54
19
9
74
59
14
50
3
27
5
30
38
19
38
6
11
127
118
447
31
142
120
225
160
35
219
110
304
10
33
6
116
146
138
54
121
141
85
101
41
259
146
89
183
15
427
14
299
33
15
83
70
229
41
516
12
175
9
41
758
301
405
55
50
6
78
31
2
24
344
75
50
47
608
306
277
33
232
38
42
128
126
7
8
147
433
688
24
184
452
175
15
55
121
8
11
32
552
54
47
56
5
103
24
20
88
153
59
5
23
193
5
0
9
503
172
18
252
92
31401
5
22
9
204
86
2
42
85
69
19
36
48
112
36
8
22
1043
12
49
48
179
71
166
18
3357
2211
328
1553
5140
10816
2650
811
3955
5782
6140
2988
4449
2
8082
0
2835
882
0
8575
11
5
1428
119927
3545
7741
73
9417
32411
32
42
315
32
5
54647
703
187
157
7
29
57
6
29
16
129
40
11
1
6
5
3
754
16476
4654
13301
7980
813
1430
1016
0
46
665
436
330
202
5
22
28
3
39
5
42
54
40
37
3
1
90
9
1
40280
90
176
69
169
43
544
1
296
81
17
251
228
9
57
2:9
41
103
73
12
8
14
25
273
375
13
50
6
17
15
22
1
58
14
14733
14
171
9
2018
9723
1
81
69
12
116
6
159
5
60
22
97
23
1
88
93
39
49
50
10
-489116
51
101
28
82
255
247
95
140
114
92
110
50
56
18
162
80
26
100
10
38
5
49
84
114
9
103
233
100
66
13
23
2
44
80
0
81
207
0
28
105
195
7
223
1
258
76
117
29
213
7
10
109
166
27
20
70
31
160
151
89
73
178
26
19
207
10
76
11
160
28
22
95
14
3
2
48
75
153
209
2
48
2
61
118
19
107
171
6
133
374
165
0
43
237
34
80
91
108
47
13
6
21
33
32
101
51
37
77
14
12
174
14
58
65
14
2:100
87
43
32
69
41
8
137
82
142
48
170
9
147
0
22
124
203
19
162
180
59
27
183
136
6
21
401
54
48
26
32
13
147
0
3
180
105
136
132
19
94
44
66
61
48
169
5
10
575
281
64
1
23
237
39
43
161
0
80
14
96
486
0
41
27
2
0
5
235
114
55
22
108
31
18
43
132
125
137
45
89
61
50
9
110
96
13
50
186
32
159
79
64
6
61
95
35
100
68
62
35
62
64
13
50
146
24
118
184
31
15
9
17
0
16
0
11
12
13
54
3
2
6
1
2
6
7
8
34
7
47
74
22
33
7
13
3
14
47
43
24
0
59
76
52
54
10
1
68
18
123
56
12
3
6
87
152
69
49
16
227
79
57
344
132
41
157
261
2
68
168
60
22
34
79
193
32
249
28
0
265
127
55
84
27
31
154
7
12
19
373
27
248
6
0
50
213
77
5
18
385
159
203
114
35
16
34
27
15
30
185
650
288
87
93
12
10
176
47
306
84
102
56
224
38
319
3
122
25
168
89
66
119
35
28
11
252
57
1
68
48
30
13
35
2
14
19
38
162
2:19
271
2
46
342
209
405
183
100
0
10
122
115
70
45
52
3
271
213
16
20
14
6
277
37
2
12
38
169
128
164
273
102
5
71
142
86
2:23
6
19
125
50
119
72
0
21
46
19
37
80
18
48
9
98
13
31414
81
116
78
67
0
31
23
38
0
177
10
9
1163
56
8
170
67
220
89
46
2055
905
2554
323
398
1480
2065
686
691
0
5608
3348
1
1451
14189
3
6917
2182
1744
872
2668
8041
5
29
2
0
1
4
43
2764
1839
15
19
2447
474
0
509
2
1054
3104
1
16
8
2
0
1446
3502
0
43
116362
3543
7718
50
0
28
23
40809
916
106
3
33
15
7
136
55
20
72
37
4
15
27
9
2
9619
26082
334
0
19276
0
101
43
39
7
79
107
30
15
22
35
1
52
26
66
44
10
2:1
11
15
726
43
6
4
40
0
14
50
66
3447
4380
2
11376
4824
1178
12281
5707
0
82
2055
2:1
131
57
1634
1
2
6
1
6
19
20
1
121
21
4
44
75
26
30333
1513
7115
1076
640
11
48
67
287
187
172
41
222
43
119
15
110
31
119
14
124
22
153
132
106
122
40
262
135
19
56
13
69
77
6
14936
4
11708
119
29
162
5
19
6
4
26
2
15
190
9
7
38
4
7
34
53
52
3
4
7
10
21
33
108
13
1426541400
399:0
1
647:0
162
-103
-20
77
-99
132
-99
40
-42
-22
1
15656
-6153
-9384
-124
24
-25
675
2181
-2792
31
-100
170
-52
-111
2
1019
-993
144
-164
-3
120
119
2352
-2529
-72
0
358
-346
9
11
-33
2
7
-3
10
-16
2:0
43
818
-857
3
611
-600
22
-32
109
-114
539
252
-63
-729
659
-655
2:-3
37
23
444
88
-528
39
-94
355
-9
-27
-314
-1
21
53
-65
10
25
-44
0
6
132
-148
475
-471
835
-577
-264
15
-15
34
30
-64
764
-762
33
-28
26
-26
16208
-16195
141
-90
-72
4
-3
42
30
146
-107
393
121
1185
-1707
21
-116
14
1311
-1318
436
427
-880
23
-6
31
-36
6
295
-228
24
385
-261
-180
29
-59
18
1072
-1110
140103
-139418
25589
-26072
-178
-23
5
103
-15
-24
-62
48
67
-109
-8
5
606
-584
-7
-10
-18
195
-58
-100
55
1113
-683
-512
68
-79
23
34
300
-59
3052
-3334
-5
20
164
-164
44
9391
-5316
-4115
78
-107
129
32
-163
1317
-1262
-33
411
2169
-2601
102
37549
-37280
-348
-17
167
-114
-4
-57
839
-819
36138
-35989
1937
1288
66277
-69634
2299
3418
-5755
35
31
81
-72
-60
3461
15869
-19257
258
-7
-337
21
3968
-3987
11603
-11596
0
6979
-6327
-561
-4
-94
60
346
879
-1208
239
-322
43
351
757
-1149
94
-92
87
-75
624
-445
254
-241
-182
205
-138
1010
-910
181
499
1027
-1685
-180
-29
603
-428
-174
93
-86
0
116
-117
-2
-8
61831
-61779
-36
-14
163
219
-348
5728
-5220
-109
-400
-37
31
7183
-6968
-230
-1
184
-179
308
-325
194
404
-599
67
-68
2
119
10
248
-219
-158
27
-22
11
21
-39
119
-108
-10
1
67
23702
-23760
12
-25
0
1505
3623
-1846
-3161
1192
2905
-4193
1513
14204
-11007
-4694
13
1036
-870
-161
-46
15
-4
54
226
1439
-1739
0
18
614
-90
641
-1076
1119
17860
-19047
122
1851
-2016
24
5399
-5390
11
139
-102
-71
246
-163
-83
7625
-7528
-104
63
-64
3
-4
35
135
6441
-6207
-136
-142
427
-225
-128
-154
-43
-3
80
117
-192
25
18
-46
113
-20
-79
10935
-10965
1
7
-10
-1
1
0
2
5
-6
9
-7
2
-2
9
-9
-4
4:0
2
8
-6
12
-15
7
1
6
-13
-1
9
-2
-3
-2
0
12
-15
2:1
8
-9
-1
0
5
-1
10
-7
-5
13
-14
12
-10
2
-4
1
2:-1
3
10
-12
2:0
4
-5
1
-1
4
-1
10
-6
-5
3
-2
5
-8
2:0
11
3
-7
-6
0
9
3
-13
6
2:-2
8
-8
1
0
12
-15
4
-3
3
-2
-1
11
-6
5
-10
-1
9
-9
3
-3
2
-2
1
-1
6
1
-7
1
-1
5
2
2:-3
3
2
-2
-3
9
-6
-3
14
-14
1
-2
1
-1
10
-9
7
-7
9
5
-1
-13
0
1
9
-10
0
4
3
-6
4
-2
-4
5
-3
6
-3
-2
1
2
-2
-1
8
-5
5
-10
4
1
-5
1
-2
2
-1
4
1
-5
2:1
2
2:3
1
-9
0
3
-5
14
-13
13
-10
-2
2
-4
-1
2
6
-5
-3
14
-4
3
-12
3
-2
2
-3
2
4
-6
2:0
2
2:0
-2
1
-2
16
-13
13
-5
-3
4
-10
-2
5
8
-13
3
-3
2:1
2:0
10
-12
14
-12
0
1
-2
1
7
-3
-4
-1
1
6
-2
-6
12
-11
4
-5
2:1
6
-5
2:0
-1
7
-9
5
-1
-2
1
-2
1
-1
0
-1
2
4
-6
3
-3
2
11
-13
3
-2
-1
2:1
7
-7
-1
11
-6
-2
2:-1
-2
2
3
2
4
2
-13
9
-5
8
-6
-5
0
-1
2:2
-3
5
-1
4
-3
7
-12
15
-9
-1
-6
13
-12
2
11
-5
0
-6
-1
-2
4
-3
5
-4
4
-6
1
0
-1
5
-4
-1
5
-4
2
-2
0
8
-6
-3
0
3
4
6
-12
0
1
-2
3
0
6
-7
7
-8
2:0
5
-6
4
2:-2
9
-8
2
2:0
5
-4
2
3
-4
0
4
2
-3
-6
-1
0
-1
2:1
4
2:-2
10
-5
-6
5
-6
13
1
-8
1
7
-9
-4
2:0
-1
15
-13
7
-7
0
2:-1
6
0
-6
0
1
11
-10
-1
15
-2
-11
10
-8
0
-4
8
-9
2:0
9
-7
0
4
-4
11
-12
2:7
-15
6
-1
4
-4
-3
-2
10
-9
2
2:-1
1
12
-9
4
-2
8
-11
1
2
7
-9
-4
4
1
2:-2
2
7
-6
3
4
-11
9
-5
2
-4
-2
-1
2
5
-2
-4
-1
0
2
2:-1
2
0
11
-13
6
-1
-5
2:0
1
0
9
-8
8
2
-8
-4
5
-3
8
4
-8
-6
0
5
-1
2:-2
0
3
0
-1
2
-2
0
-1
10
-10
2
-3
9
-3
-6
3
1
3
0
-5
-2
2:5
-10
4
-2
1
2:0
-2
4
-4
12
-11
1
0
6
-4
2:-1
0
3
-6
15
-15
3
13
-16
2
3
-1
2
0
-6
3
-3
2
-1
0
3:4
-11
5
-7
5
7
-11
1
2:-1
13
-11
0
6
-7
2
1
7
-10
0
-1
5
2
-3
2:-2
4
-3
2
3
-6
3
4
-6
-1
8
2
-8
3
-4
2:0
6
4
-9
5
1
-5
6
-7
-2
5
8
-13
2
-1
2
-3
12
-10
-1
1
-1
4
-3
4
2
-1
5
-3
-2
6
0
-4
2
-2
-1
0
179
-180
3
-3
1
18
6
-8
-16
0
-1
0
1
-1
10
-10
22
-22
1
12
-11
-2
1
-1
2
7
-6
-2
8
-8
2:0
5
-5
0
3
-4
0
3
-2
0
13
-14
6
-5
-1
8
-6
2
-4
0
4
-3
3
-4
2:3
1
13
-8
-3
-9
17
-4
-9
-2
-1
2
5
-6
-2
5
-3
0
1
-2
-1
20
-19
39
-35
-1
-3
-1
5
-4
2
131
-131
-1
6
-3
2
65
-71
9
0
-3
-5
-2
2
0
21
11
-34
2
77
-71
-2
-6
3
-3
4
-1
15
-14
0
2
-6
5
-1
18
-12
-10
25
-17
-4
-1
0
5
70
-72
2044
-2044
107
-87
-26
6
-3
13
-13
2
-1
-2
21
-17
-6
1
15
-14
2:4
-10
45
-45
17
-10
7
-11
1
6
-9
2
12
25
-39
57
-58
1
-1
7
2
-5
694
-570
-120
-6
2:0
8
-6
3
-5
7
22
24
-48
-7
411
-363
-48
3
17
0
2:-10
7
-2
193
-140
-44
12
962
-977
50
83
-144
4
0
8
-1
2
184
760
-943
66
-1
-78
-1
0
2
103
-100
-2
200
-177
-15
-10
7
-8
88
-85
-3
70
-70
11
53
121
-180
6
-11
2:0
2:5
-1
19
-23
1
13
18
5
7
8
14
-11
-55
-5
78
-71
3
19
-28
0
2
6
0
-8
239
-238
2:3
13
-21
9
387
-396
15
-13
-2
2
227
-228
0
2
5
-8
5
8
-11
168
-170
16
-14
10
2
9
-5
-18
3
2
2:-1
2
-4
14
-14
0
5
3
-2
-7
9
-6
-1
0
25
13
-39
21
204
-216
12
687
-90
-612
-4
129
-114
-8
1
-5
-6
2
15
156
-171
-1
24
-21
8
27
23
108
153
-317
1
77
-83
2
-3
12
-6
12
-7
-5
2
-1
-5
220
-199
-23
9
-8
1
2
19
-20
38
-1
-22
-9
16
15
-40
15
-15
0
8
1
-6
3
-5
-1
30
-28
1
113
-116
11:0
4
-4
2
-2
6:0
1
-1
9:0
1
-1
0
1
-1
2:0
1
-1
41
-41
2
2:-1
1
-1
3:0
1
-1
5:0
2
-2
8:0
2
-2
0
1
-1
1
-1
2:0
5
-4
-1
2:0
2:1
-2
2
-2
0
1
-1
2
0
2:-1
2:0
1
-1
2:0
1
-1
2:0
1
-1
20:0
2
-2
0
1
0
-1
2:0
2
-2
3:0
1
-1
3:0
2
-2
3:0
1
0
-1
2:0
1
-1
2:0
1
-1
3:0
2
2:-1
0
1
-1
4:0
1
0
-1
5:0
3
-3
3:0
1
-1
1
0
-1
9:0
3
-3
0
1
-1
15:0
2
-1
0
-1
2:0
4
-4
6:0
3
-3
2:0
1
-1
2:0
2
-2
2:0
2
10
-12
3:0
2
-2
3:0
1
0
-1
0
2
-2
7:0
1
-1
0
1
-1
1
-1
0
3
-3
3:0
1
-1
3:0
2
-2
1
-1
8:0
1
-1
3
-3
0
1
-1
2
0
-2
1
2:0
-1
2
2:-1
14:0
1
0
-1
3:0
1
0
-1
0
1
-1
3:0
2:1
-2
1
0
-1
3:0
1
-1
0
2
-2
0
1
-1
2:0
2
-2
2:1
-2
9:0
1
-1
0
3
0
-3
0
1
-1
1
-1
1
-1
0
1
-1
3:0
5
-5
2
-2
6:0
1
0
3
-4
3:0
2:1
-2
2:0
4
-4
2:0
7
-7
1
2:0
-1
1
-1
2:0
2
-2
2
-2
0
2
-2
3
-3
0
2
2:-1
1
-1
6:0
1
0
-1
0
2
-2
0
2:1
0
-2
0
1
5
0
-6
3:0
1
-1
0
4
-4
4:0
2
-2
1
-1
3:0
1
0
-1
0
4
-4
10:0
6
-5
-1
2:0
4
-4
4
-4
4:0
2
0
-2
6:0
6
-6
6
-6
1
-1
3:0
1
-1
2:0
2
-2
4
-4
7:0
2
-2
1
-1
5:0
3
-3
3
-3
0
7
-7
3:0
1
-1
2
-2
0
1
0
-1
0
2
-2
0
2
-2
0
3
-3
3:0
2:1
-1
1
-2
0
2:1
-2
4:0
1
-1
4:0
2
-1
0
4
-5
2:0
1
-1
1
-1
3:0
2
-2
0
1
3
2:-2
2:0
5
-5
4:0
2
-2
6:0
end
