v1
840
49
268
267
78
81
72
248
105
61
52
119
59
9
26
104
58
104
0
270
53
314
218
20
57
19
37
7
14
1
17
11
42
115
374
2
6
95
22
4
165
16
0
43
68
34
167
284
5
135
7
4
0
410
0
171
122
0
37
162
72
36
115
124
0
180
122
38
65
3
43
101
9
67
248
10
68
35
91
18
31
258
30
130
109
171
66
13
54
10
234
0
166
85
28
25
1
192
174
135
31
58
59
55
53
130
161
95
61
87
176
12
0
74
0
1
256
79
153
43
178
202
166
50
121
143
83
110
275
8
140
149
134
16
74
23
169
212
388
54
59
45
235
65
4
57
31
373
48
205
217
41
135
186
10
43
0
125
2
41
3
107
178
7
64
24
254
27
433
139
87
14
92
7
158
113
123
275
16
93
62
2
55
10
143
11
104
23
46
22
9
33
6
196
46
44
250
59
138
58
4
123
22
181
4
22
0
1
29
83
25
18
4
34
31
46
2
3
124
7
16
0
1
13
10
95
9
64
9
12
0
20
30
12
45
14
17
29
18
65
38
3
16
38
17
127
27
91
49
25
11
2
352
8
78
95
120
225
160
35
219
88
22
28
2
274
10
33
6
108
8
4
5
108
29
93
99
121
141
85
101
0
41
79
8
3
0
166
3
0
30
116
5
97
185
129
27
52
196
6
31
276
23
15
33
66
17
70
177
52
41
423
0
58
35
12
175
9
1
0
40
0
758
185
7
109
93
0
367
50
6
109
2
23
1
42
23
92
187
75
1
49
325
3
149
34
221
229
19
4
254
4
29
30
143
3
56
8
19
11
42
53
69
6
19
81
26
2
5
8
147
40
48
110
235
447
245
202
2
255
105
52
3
37
175
17
53
0
121
8
11
32
43
0
3
22
6
0
2:6
277
34
39
116
54
44
59
5
127
261
59
5
20
3
48
45
11
89
5
9
41
0
186
12
9
70
124
50
53
15
113
20
63
38
0
151
92
31401
5
22
9
12
31
0
161
33
53
14
30
28
57
88
76
8
13
2
97
36
8
22
1130
22
179
71
104
1
61
18
42
3
2
2064
1246
2211
328
381
1172
3764
1376
7580
2
3234
2650
811
742
3213
4992
790
830
5310
2169
819
1797
2652
2
4
8054
32
1
2826
882
943
15
2466
1997
3146
1
7
11
6
1427
3523
11948
104456
1
3544
1735
6006
73
4
9413
2665
29756
22
9
6
18
9
90
31
44
73
1
19
16
0
37
19
17
2:5
9
36037
19299
21
7
50
35
2
45
0
27
157
7
3
26
18
39
6
12
17
128
1
4
12
27
10
3
0
10
2:1
6
0
5
2
1
82
643
29
14
6
8
162
6
3445
4382
13107
0
3093
10208
7980
813
165
0
1265
1006
56
665
766
202
2
1
2
2:11
28
1
2
39
4
15
28
8
46
8
1
31
36
1
3
1
43
22
29
5
1
30302
9978
26
64
79
97
15
54
31
21
38
30
0
636
1
296
13
68
0
17
92
110
0
49
86
0
142
9
47
10
2:9
19
22
103
30
17
5
21
5
0
7
4
1
3
7
32
64
162
23
24
212
0
35
0
128
13
18
19
13
6
2
2:15
22
1
8
64
14747
171
9
2018
9722
2:1
81
69
12
102
14
18
2:5
2
24
1
37
0
73
35
30
0
22
68
0
29
2
11
10
2:1
22
25
0
40
43
73
0
16
49
50
5
3
2
-487695
342
92
28
1496
581
1082
840
478
53
560
28
856
93
1474
593
684
11
52
270
861
239
442
871
888
172
394
301
326
169
299
92
328
589
62
2
526
731
421
943
1065
170
164
1758
939
1895
673
336
437
1577
137
440
71
58
89
1612
271
770
264
34
1493
102
35
87
3
33139
279
9
408
50144
10899
1873
182214
331
118
55622
252
50
19616
24711
3272
543
25
66
97
2
148
31845
9909
724
383
191
187
32
15024
104
11747
338
117
567
1426697400
739:0
1
99:0
0
2:1
-2
55
-51
37
-36
19
-20
14
-18
36
-34
14
-12
0
2
63
11363
-11426
-6
19
314
-321
501
-509
-3
35
-35
610
-601
-1
32
4
-43
-2
0
9
853
-859
-2
6
-5
-2
2
85
-79
-6
475
-470
2
-7
0
114
-111
-2
47
-46
50
-39
-15
2
0
12
-13
9
-7
-2
49
-50
0
13
2
-9
6
71
304
-383
0
37
-40
17
-14
-2
30
-27
1
-1
-3
0
-1
59
-60
268
-187
24
237
-340
-1
1
0
4
881
-884
41
-44
5
-4
3
-1
1
2
4
-7
27
-25
-2
6
0
-3
-1
-3
0
-1
49
-23
21
-46
-1
5
842
-743
-96
-7
15
373
-314
493
-568
1
447
-266
-178
142
-123
-22
2
10
-12
26
45
242
-312
3
-2
28
-21
-10
2
-2
70
-53
-16
10
1
-8
0
1
7
11
-23
1
-1
0
143
-46
-4
-92
-1
0
5
-5
558
-555
6
-7
10
-12
1
0
6
53
-42
-18
469
-448
-7
33
-47
2
23
-19
-5
4
-2
19
87
536
-640
-3
8
15
-24
8
-10
0
8
5
-10
-1
151
-146
853
-794
-65
187
1513
-1698
2
72
-76
69
-68
50
-51
16
54
238
-305
21
-25
16
45
-59
-1
92
-92
1
11
-11
2
186
-185
138
147
-280
-7
91
-85
26
1578
-1613
0
6
122092
-120906
18502
-19692
100
-100
162
-162
21
-20
10
5
-18
15
-6
-2
37
-41
303
-304
-1
1
31
17
-49
1
8
-7
59
-62
14
-13
0
249
-240
-4
25
-30
200
-200
14
93
-108
115
401
-509
1
-6
12
15
-3
-19
2:-2
5
1
90
-99
3
306
-295
6
3349
-3334
34
-60
297
-298
56
-56
0
-8
11583
-4373
-7210
49
-47
-2
3
202
-177
-13
68
-83
87
-75
4
-2
-11
-3
7
26
-33
10
43
-51
2
594
-594
-2
1351
-1349
18
66
44609
-44695
7
-5
486
-472
-17
17
195
-203
-8
6
0
46
3
-19
-35
1
20
2925
-2847
-80
-18
1
-3
95
-93
-2
-1
4
78
-75
-6
220
116496
-116714
2225
2176
-4396
31
-25
2693
-2700
8006
-8012
67
-66
465
-95
-366
-5
-1
2
9
-10
0
3
-5
6
0
-6
18
-14
5
-1
1784
-1756
-15
3865
-3231
-368
-278
-5
1
94
-87
-11
2
407
-402
52
178
-234
18
-8
-4
214
69
-286
629
-633
13
82
-81
-11
-4
47
12
-60
2
69
-37
227
-227
495
-521
110
-79
938
-977
5
303
977
-949
-321
26
-40
23
-21
592
-595
586
-587
11
83
-89
1240
-1240
6
280
-284
-6
172
-165
-2
2
8
-13
54765
-54704
-33
-28
-1
2
-1
2016
-2017
360
-344
-16
6917
-6916
109
532
-586
-56
9
383
-393
5
-4
21
-23
19
-19
2
8
-5
85
6690
-6780
0
3
2
-5
6
31
-26
-7
5
-1
31
53
-87
-3
117
-115
2
8
1
710
-721
10
-13
56
-52
5
-6
-2
2
35
-5
-18
1
42
-55
72
-73
7
3
-12
7
-7
1
39
-37
-4
5
-1
24
-21
72
-74
2:-1
220
-222
31
23
-52
17
22
-37
5
-3
56
-57
17
1449
10568
-12036
393
466
-863
18295
-18293
17
6
-13
248
8104
-5231
-3126
-6
3
54
627
-664
61
-54
-3
-18
6
-9
24
-15
28
50
-88
-1
110
301
-309
-84
-17
1
39
-39
13
-1
6
-19
-2
228
949
-1175
114
811
30997
-31882
-28
53
-40
-18
-10
241
-237
1
43
17
-48
-7
-6
25
-28
0
102
-75
-14
4
-11
5
83
-84
-11
1
6
156
-136
-10
-5
6374
-6273
-96
762
-723
-30
9
72
-106
5257
-5018
1805
-2009
410
-440
264
-270
13
44
-32
-13
-7
5
-4
53
-56
57
-17
106
-134
1
9
-17
-4
-1
2
-4
14
-12
-2
18
-9
-6
-1
48
5
-55
0
34
6448
-6482
-1
2:0
1
-1
1
2:0
-1
1
-1
0
1
-1
1
-1
0
1
0
-1
1
-1
2:0
1
2:0
-1
1
0
-1
0
1
7:0
-1
2:0
1
-1
1
0
-1
2:0
1
0
-1
2:0
1
0
-1
0
1
-1
0
1
6:0
-1
0
1
0
-1
2:0
1
-1
4:0
1
2:0
-1
1
-1
0
1
-1
2:0
1
-1
1
2:0
-1
1
0
1
-1
5
-5
2:0
2
-1
0
-1
4
-3
-1
4:0
123
-123
0
1
6
-4
0
-2
-1
17
-17
6
-6
6:0
32
-24
-8
5:0
15
-14
-1
5:0
9
-9
0
1
-1
10
-10
3:0
4
-4
3:0
4
-4
2:0
1
3
-4
0
2
-2
0
8
-8
1
-1
0
1
-1
1
-1
3:0
3
-3
0
1
-1
2
-2
4:0
24
-24
4:0
1
-1
0
2
0
-2
3
-3
0
2:1
-1
1
-2
2:0
2:2
8
-12
0
1
2
-2
0
-1
0
8
-8
15
-15
0
12
-12
0
6
-6
1
-1
2:0
5
-4
-1
1
3:0
-1
3:0
2
-2
0
1
-1
2
-2
3:0
1
2:0
-1
20
-9
-8
-3
5:0
1
0
-1
6:0
2
-2
57
-56
-1
2:0
1
2
0
-3
2:0
2
1
39
-42
1
0
2
-3
14
-14
2:0
3
-3
0
20
-20
12
7
-19
2
66
-68
3:0
11
-10
2
-3
1
2:6
-12
0
-1
1
4
-5
1
9
-10
0
2
-2
0
32
-30
12
-11
-3
0
2
2:-1
83
-83
0
2
1614
-1611
70
-75
16
-16
4:0
4
1
-5
1
2
0
-3
0
1
-1
0
1
9
1
-11
0
2
-2
13
-13
4
-4
1
3
-2
0
3
-5
38
-38
0
4
-4
7
5
-12
2:0
1
3
2
-6
1
3:0
15
-16
0
33
-31
0
52
-54
3
0
6
-9
2
-2
2:0
543
-400
-143
3
-3
3:0
1
2
-3
0
5
-5
2
-2
2:0
4
2:-2
0
6
-6
0
32
-32
0
34
-34
6
-3
450
-452
-1
0
32
-30
-2
3
19
-22
0
1
-1
12
-2
-8
-2
0
1
107
-72
-28
-6
0
-2
5:0
3
-3
0
12
741
-753
51
65
-115
11
-5
154
-161
715
-715
2
-1
12
39
-51
-1
8:0
1
-1
2
2:-1
0
82
-65
-15
123
-75
-42
-8
2:0
3
-2
-1
0
42
-42
2
44
-43
4
-7
0
36
96
-131
6
-7
4
2
1
-6
0
19
-15
-5
0
2:1
4
6
17
-29
32
-32
16
-16
0
28
34
-40
-22
1
2:0
-1
52
-52
5
-5
12
14
-26
2:0
3
-1
-2
0
3
2
-4
2
-2
1
208
-208
2
-3
-1
4
-4
13
-13
0
5
-5
404
-403
2
4
-6
-1
1
3
-4
2:0
1
-1
2
-2
0
3
-1
6
172
-180
0
1
-1
2:0
1
2
-3
2:0
11
0
-9
-2
1
2
3
-3
4
139
-146
3
-3
28
-27
3
-1
0
-2
14
-9
13
0
-12
-6
0
-1
8
-6
-2
3:0
11
-8
-3
2
0
1
-3
8
-6
-2
0
12
-12
6
1
-7
4
-4
1
0
-1
6
-6
1
17
116
-134
0
11
-11
148
-148
0
5
-5
58
254
122
-433
-1
1
4
88
-91
3
-4
7
-8
6
-5
6
-5
-2
18
-17
0
21
82
-103
3:0
24
-24
5:0
15
5
-21
48
69
209
-326
4
20
-22
1
-3
57
-57
0
3
-3
1
-1
1
10
-11
2:0
3
1
0
-4
0
9
-5
-4
2:0
4
-4
2
-1
139
-127
-13
38
-37
11
-7
-2
-3
36
-13
101
-121
17
-20
29
-29
1
-1
0
3
-3
3
0
11
-14
2
-1
56
-57
0
4
0
-4
3:0
2
-2
5:0
18
-17
-1
0
2
88
-90
46:0
1
-1
26:0
1
-1
5:0
2
-2
16:0
end
