v1
1000
69
141
322
52
159
486
52
139
39
9
56
294
100
46
84
35
51
558
56
7
15
28
118
76
466
165
262
66
115
169
140
95
202
124
19
152
191
23
81
98
455
136
118
17
101
334
194
22
81
204
6
154
109
52
252
495
54
345
156
23
8
77
120
28
534
20
242
6
66
185
79
86
110
380
158
83
322
110
7
59
38
171
355
2:38
113
381
212
230
117
202
20
69
57
31
345
281
216
42
135
186
141
39
55
244
125
254
27
121
218
17
53
279
84
271
123
275
109
456
312
286
8
281
116
184
30
1
29
45
0
38
25
30
2:13
31
46
5
14
6
111
13
3
1
23
40
55
28
0
54
32
42
45
2:14
50
35
30
38
0
88
113
118
447
78
95
120
225
195
219
110
98
216
33
6
116
146
138
54
121
141
85
101
297
3
102
270
46
0
15
129
27
271
154
159
10
38
66
17
70
229
41
508
8
187
808
192
109
76
7
10
252
60
55
56
109
2
104
77
56
131
75
50
6
569
80
325
11
6
241
12
88
165
0
80
128
126
7
8
147
40
283
110
692
20
182
2
412
3
37
175
70
121
8
11
32
74
35
254
51
138
54
47
56
5
127
108
153
59
5
20
3
104
89
3
2
327
227
16
93
39
63
58
59
38
34
64
28
31
31370
5
22
9
82
208
1
3
40
85
0
84
4
38
46
112
36
8
22
1104
48
38
30
92
19
71
105
61
18
47
9
0
3301
2211
2
326
1553
3073
2064
3
6578
4238
2650
811
3955
5782
6140
2988
3064
1385
2
14
8082
2821
882
958
2453
13
5143
1
7
11
5
1428
4053
119419
7741
9490
32421
18
4
9
24
9
238
1
19
53
36
5
54647
890
157
9
27
57
6
12
17
129
16
2
25
10
3
11
1
6
5
3
732
218
3445
4382
8453
4654
3093
18188
1060
1183
873
189
665
436
532
27
28
0
3
39
19
28
54
8
32
37
3
1
42
39
2:9
1
40280
90
176
15
54
90
79
43
544
1
296
98
202
31
18
228
9
24
33
2:9
41
78
25
73
17
3
14
25
186
40
47
212
35
141
37
13
6
17
37
1
72
14733
150
44
2018
9723
1
81
69
7
5
102
14
90
0
13
4
58
46
0
19
22
24
73
2
0
21
1
76
2:12
104
16
35
14
60
70
-489186
185
57
7
199
66
214
272
8
105
92
40
65
55
18
108
110
0
185
69
5
8
74
100
214
65
258
1
76
419
21
139
122
22
11
90
14
0
132
171
0
95
16
53
146
132
98
39
18
21
197
368
91
60
46
56
28
195
124
47
46
59
188
0
50
15
68
12
76
60
113
46
7
89
133
211
19
107
68
0
111
47
217
104
233
69
43
61
174
207
122
73
23
119
75
37
91
18
305
301
43
20
69
12
268
99
91
9
66
30
136
85
100
57
146
46
19
44
42
122
9
125
22
112
42
52
3
92
82
15
130
17
170
150
2
72
27
18
66
109
44
88
16
7
190
151
36
153
67
193
56
203
104
220
372
64
24
47
150
13
47
25
92
285
17
40
60
27
45
123
210
90
26
0
84
67
91
226
205
110
34
68
203
120
176
43
179
275
52
10
54
49
248
524
103
236
35
16
11
8
4
75
17
38
6
7
0
49
24
121
102
24
7
12
47
76
4
102
31
28
20
22
34
16
55
154
49
13
103
11
289
66
151
221
22
265
75
13
4
55
10
398
139
157
225
614
194
207
73
624
141
204
31
18
60
254
402
157
189
57
299
242
457
33
43
536
63
78
42
213
97
55
0
277
113
0
247
157
66
164
47
291
1
62
84
48
16
0
61
0
101
0
57
38
273
838
87
255
95
20
52
331
62
294
121
44
37
2:32
146
162
13
284
112
280
141
29
51
23
11
248
255
98
45
131
32
213
31423
72
194
9
112
67
86
0
72
66
1052
54
462
26
45
65
47
2066
905
4755
3442
3840
1761
6576
4217
8206
8275
6098
0
10
8075
50
4603
34
2433
2011
3153
2
0
2:8
1444
15454
104456
3544
7717
29
22
6
41
4
41792
32
28
2
94
29
46
40
51
114
27
76
2:0
6
35964
19320
67
25
12
42
184
47
261
53
696
29
14
114
0
62
18646
15595
3251
4643
899
1073
1232
86
0
1532
204
2:1
6
1
25
18
2
51
45
13
14
20
4
44
43
20
3
9
31872
8273
473
174
98
585
160
103
5
38
25
94
15
43
35
56
251
260
10
7
13
18
7
15
2
94
456
84
89
27
29
14944
24
45
37
1977
9735
151
147
2
3
7
5
19
0
4
6
28
108
6
70
44
115
38
31
91
97
1
7
1
19
48
1426881600
499:0
1
499:0
31
-22
15
-4
158
-39
-100
-32
28
-15
-9
34
-23
-15
121
10904
-11022
1699
561
-2210
14
596
-662
2:0
1106
-918
-188
12
135
-140
-8
0
4
17
63
39
-120
85
233
-308
337
-310
97
-134
8
110
-120
1
22
40
-58
-4
1
8
16
-19
-8
4
46
-37
0
-13
2156
-2146
16512
-16511
158
-162
19
-13
16
-16
8
-18
26
-3
-23
16
-19
12
62
-64
-9
1
19
682
-578
336
-447
-14
871
-867
144
-143
-4
1
0
85
-55
149
-165
1194
-1203
250
-218
-21
-16
82
-84
22
-8
-13
84
-79
398
-288
-102
-14
46
-34
700
-685
-20
22
-21
-3
34
-35
1
1563
-1465
-63
13
-26
3
-24
0
-6
5
-3
12
-13
98
1488
-1452
-48
-85
4
1749
-1711
104
-138
238
-233
212
-213
139
-146
-6
9
4
116
6
-135
154
178
-307
-19
15
696
-683
257296
-253264
3656
-7591
-117
-4
15
9
64
-67
-19
-11
105
-102
1
0
-2
29
17
-34
-14
-1
48
-46
2678
-2673
-2
116
-29
630
-722
7
21
47
-76
380
-374
-3
8
107
87
2427
-2559
-73
627
-525
-95
-5
51171
-36510
-14576
-78
-8
31
-15
-11
122
-18
-107
12
-14
4
22
940
-252
-704
25
116655
-116688
5
462
-467
37
-34
145
-136
126
-53
-39
-43
33
2241
-2135
-112
36
-69
494
-493
3250
87623
-90832
4102
93
-4226
124
-80
-36
3360
-3017
6535
-6896
810
-810
175
-173
-2
3
-1
-2
2
6
47
-53
1608
-1483
-122
17
-16
4992
-4452
-247
-268
-26
8
-3
1071
-1079
2
87
373
-459
25
257
-74
-181
82
8030
-8122
3
-21
36
-21
-12
-1
585
-582
-5
1
-2
165
-84
-85
1058
-732
-288
4
1355
-1380
3045
-1829
-1133
-55
12
689
-432
-314
11
76
-86
35
-23
4
29
-35
-5
-3
10
-5
37530
-37520
54
1907
-1878
371
4225
-4597
-100
925
-918
4
75
-78
0
-5
0
420
5312
-5727
-2
34
-37
92
-53
-35
59
668
-731
65
55
-107
-16
1
27
57
-72
162
-121
199
-222
-25
-4
56
-48
1138
-1103
-45
138
-138
20
118
-132
19
21
-41
-2
2060
12667
-14653
779
3501
-4355
21
817
9927
-6880
-3383
-372
-35
-51
748
-713
-5
-67
-9
12
8
337
-350
129
1018
-1122
91
-2
13
-103
300
2880
-3204
1250
-543
10692
-11362
-6
3
5631
-5614
94
137
2508
-2796
-1
38
-14
-23
20
-19
2
106
-104
4191
-3934
-109
2:-76
35
98
7351
-7170
1284
-1370
18958
-18531
-634
218
-237
11
35
-49
32
-29
1
22
128
-154
59
-58
3
90
-84
-10
17
-17
23
21
-20
9
30895
-30742
-192
-1
0
-1
5
0
-4
2
-2
5
2:0
-6
6
-4
-1
1
0
-2
1
4
-5
3
2
-3
-2
0
3
-1
0
-2
5
-5
2:0
2
0
2
-4
1
0
2
0
-3
1
2
0
1
-1
3
-4
4
-6
0
1
-1
3:0
1
4
-5
2
0
-2
4
-4
2
-2
0
2
1
-2
0
-1
2
-1
4
-3
0
-2
2
-2
2:0
1
-1
3
1
-1
-2
-1
2
0
-1
2:2
0
-5
4
0
2:-1
-2
1
2
0
3:-1
2:2
-4
1
-1
1
4
0
-2
0
-2
0
1
-2
5
-3
4
-6
4
-4
3
-2
-1
4
0
-4
0
5
-5
0
1
0
3
-4
3
1
2:-2
4
1
-3
-2
1
-1
5
1
-2
-4
3
-2
4
-5
6
-6
3
-2
0
1
3
-4
-1
0
2
0
-2
1
-1
2
-2
0
2
-2
2:0
5
-2
0
2
0
-5
0
1
2:2
-1
-2
0
-2
2
-1
4
-5
3
1
2:-1
-2
2
-2
2
3
-5
2:0
3
-3
3
-2
-1
5
-5
3
-1
2:2
-6
0
4
1
2:-2
2:0
-1
3
1
2:-2
0
1
-1
2:3
-3
0
-3
0
6
-5
5
-4
1
-2
0
-1
0
3
-3
1
4
-5
1
3
-1
0
-2
-1
3
3:-1
3
-1
3
-3
0
4
-2
-4
0
4
-4
2
-1
0
-1
2:1
2:0
2
-2
-1
5
-6
1
2:0
-1
3
-3
1
-1
0
1
3
-4
1
5
-4
2:-1
1
5
-4
1
-2
1
4
-5
-1
5
-5
2:1
0
4
-6
3
2
-2
2
-5
2
2:1
-2
2:-1
6
-4
2:-1
0
1
2:0
4
-5
2
0
1
-1
-2
3
-2
4
2:-2
3
-1
-3
1
3
-2
0
-2
6
-5
0
1
2
4:-1
1
0
2
-3
3
-2
0
4
-5
4
0
-4
0
4
-3
3
2:-2
1
-1
5
0
-2
0
-3
0
6
-6
2
1
-2
0
-1
3
-3
1
0
3
-3
-1
1
0
1
2:-1
2
3
-5
0
3
-2
-1
2
-2
3:0
1
2:0
1
3
-4
2
3
-6
1
0
1
4
-5
3
1
-1
-2
-1
3
-1
-2
3
-3
1
2:-1
3
-3
0
3
2
-3
-2
1
-1
0
1
4
-5
1
0
-1
0
2:1
-2
0
2
1
-1
-2
5
-2
-1
4
-6
1
2
-3
3
-1
0
2
-3
3
-4
1
3:0
3
0
4
-4
-1
2
-4
2:0
1
0
166
-166
13
6
-19
15
-10
-5
-1
32
-25
-7
2:0
22
-20
-2
2:1
-1
11
-11
0
-1
10
-8
-2
0
14
-12
6
-5
-2
-1
10
-10
3:0
6
-2
-4
3
-2
0
1
-2
1
44
-40
3
-6
-2
0
3
-1
-2
4
0
-3
-1
6
-5
-1
0
1
9
-10
0
2
-1
6
-5
16
-18
0
18
-17
3
-3
-1
0
1
7
-6
-2
1
2
1
-4
5
-3
2
-2
-1
4
-5
1
4
-3
49
-37
-11
-1
3
-4
85
-85
-1
1
0
3
5
-6
0
66
-65
0
-4
7
-5
12
-11
-3
0
5
-3
-1
26
-11
-16
30
-28
0
86
-87
15
-12
3
-7
8
-7
11
-7
0
-3
2
12
2
-17
17
-9
2:-4
0
100
-99
1967
-1966
121
-106
-16
4
1
4
-7
3
-3
-4
16
-16
0
1
0
14
-11
-1
1
-4
13
-12
47
-45
-2
11
-4
8
-12
0
1
18
-22
47
-46
-2
2
-1
2
42
-39
-2
18
-22
2
-2
910
-720
-184
-5
-1
1
3
-4
0
11
-11
2
8
0
-8
40
7
-41
-7
540
-539
9
32
-41
2
-1
14
-13
-2
28
-16
-11
5
166
-110
-54
-10
0
3
0
28
1231
-1257
47
122
-173
16
-7
4
202
-211
1028
-1031
5
-7
69
-69
2:2
-3
1
0
-1
0
3
117
-114
5
-12
1
206
-138
-52
-17
4
-4
0
90
-88
0
-2
77
-77
8
53
110
-167
12
-16
7
-7
0
1
4
2
-7
33
-29
-1
-3
0
5
13
-18
29
18
-46
-1
41
-41
55
17
-40
-30
0
95
-87
-10
14
9
-22
0
3
2
2:-3
4
0
-4
8
283
-290
1
-2
24
-24
561
-559
-2
12
-7
0
2:-1
2
-5
2
6
172
-178
12
2:-5
-1
7
-5
5
185
-192
25
-28
3
-1
6
11
-5
0
-2
-12
1
14
-10
-3
4
0
-1
4
-7
18
-17
3
11
-16
10
-6
0
1
23
253
-281
12
212
-225
11
60
340
184
-595
1
4
3
124
-123
6
-9
-6
3
10
-11
-2
54
139
-191
16
-13
-4
2
9
23
-34
82
41
303
-419
-8
18
71
-89
1
24
2:-12
0
4
2
-7
5
0
-4
5
1
155
-136
4
-26
-4
12
-5
34
-3
162
-192
-8
26
-26
40
-35
0
-2
2
5
-6
0
-1
74
-77
4
1
0
-4
1
-2
2:1
0
22
-24
4
108
-110
2:-1
5:0
2
-2
0
2
-2
0
3
-3
0
1
0
-1
1
-1
3:0
2
-2
2:0
1
-1
16:0
1
-1
1
-1
12:0
1
0
-1
2:0
1
-1
6:0
1
-1
3
-3
6:0
1
0
-1
0
1
-1
4:0
1
-1
1
-1
1
-1
10:0
1
-1
0
1
-1
0
3
-3
16:0
1
-1
10:0
1
-1
5:0
2
2:-1
3:0
1
-1
2
-2
4:0
1
-1
7:0
2
-2
9:0
2
-2
2:0
2
-1
0
-1
4:0
3
-3
0
1
0
-1
8:0
1
-1
3:0
7
-7
2:0
2
2:-1
4:0
1
-1
2:0
1
-1
6:0
2
-2
3:0
3
-3
4
-4
1
-1
3:0
1
-1
9:0
1
-1
5:0
1
0
-1
5
-5
2:0
2
-2
7:0
1
0
-1
2
-2
1
-1
2:0
2
-2
8:0
1
-1
9:0
1
-1
4:0
2
-2
1
-1
5:0
3
-3
10:0
2
-2
3:0
3
-3
2:0
1
2
-3
2
2:-1
0
1
-1
2:0
2
-2
0
7
-7
2:0
1
-1
6:0
1
-1
2:1
-2
3
-3
1
-1
1
-1
1
-1
4:0
2:1
-2
1
4
-4
-1
3:0
1
0
-1
0
3
-3
6:0
2
0
-2
2
-2
15:0
2
-2
2:0
3
-3
3
-3
4:0
2
-2
6:0
1
-1
2:0
1
-1
3:0
1
0
-1
2
-2
6:0
1
0
-1
0
1
-1
4:0
2
-2
0
1
-1
4:0
end
