v1
1065
55
185
313
19
12
41
71
47
10
192
223
61
31
10
11
115
24
30
2:9
8
18
30
74
58
31
39
184
5
34
15
29
90
79
109
40
167
36
121
38
19
17
2
37
22
141
5
159
48
7
30
16
236
0
22
17
7
106
53
6
2:16
27
265
16
46
6
30
88
29
0
73
104
36
17
109
166
27
225
48
130
29
60
76
26
53
19
36
51
45
19
69
40
15
19
161
122
10
28
65
46
22
12
27
4
36
9
66
153
0
75
21
10
103
33
58
18
4
24
220
41
136
24
13
12
84
52
39
76
137
70
165
28
15
200
32
30
107
73
105
3
41
2
17
27
5
31
94
5
7
2
22
51
4
3
30
0
29
48
26
0
6
9
19
212
65
4
68
32
36
109
8
20
156
12
74
112
82
63
79
48
9
29
7
16
87
31
62
6
79
51
41
6
59
45
115
32
11
8
17
26
1
31
95
34
86
38
56
13
4
106
16
9
79
62
74
0
8
7
12
8
108
38
151
134
16
45
29
23
4
0
18
0
5
13
228
55
58
149
63
107
69
4
50
32
27
0
67
160
33
20
5
60
4
10
0
47
31
2:123
99
194
122
0
117
28
78
6
121
1
7
104
24
92
19
72
16
39
30
25
30
172
22
50
95
20
8
25
201
27
2
32
39
124
78
81
53
2
22
64
73
95
8
92
0
7
84
41
146
29
94
106
151
18
16
6
87
119
10
248
25
26
28
64
35
77
5
20
11
15
85
49
237
8
58
1
26
24
25
145
118
7
59
112
6
4
0
26
1
15
9
5
45
6
19
13
25
13
5
3
1
8
7
19
6
11
6
7
1
46
2
3
20
107
4
16
1
13
10
80
15
28
13
23
4
5
4
5
12
62
40
5
2:14
4
27
19
30
5
26
4
3
35
3
16
38
0
17
14
45
39
12
17
118
85
17
3
98
16
155
52
21
78
95
50
51
19
186
39
160
35
27
59
133
110
28
70
206
10
33
1
5
108
8
78
26
2:55
70
42
12
121
35
106
85
101
41
36
23
10
129
61
146
5
50
3
33
11
170
15
128
1
27
52
196
6
17
14
140
88
63
8
3:5
18
13
2
66
17
0
52
0
18
86
37
54
52
41
106
203
114
38
47
8
5
7
175
9
1
52
158
239
253
96
199
80
0
22
71
0
112
222
55
5
45
6
100
7
2:2
23
1
55
33
4
65
93
5
40
49
75
18
32
6
0
422
227
0
77
185
28
7
9
0
19
11
18
48
66
115
33
30
37
25
6
88
46
80
128
19
81
26
7
8
147
40
64
174
155
207
240
63
38
61
2
36
45
20
82
100
2
168
74
3
10
136
21
3
37
175
70
121
8
11
75
3
15
3
10
2:6
277
22
44
23
13
87
54
47
55
1
5
35
20
48
24
20
2
86
153
39
20
5
20
3
104
89
3
0
2
33
9
96
13
45
51
10
70
79
45
61
58
40
32
21
19
20
63
0
113
4
6
32
34
64
28
31
20
31347
3
5
1
21
9
43
9
37
115
15
14
4
53
7
37
85
69
0
19
4
72
0
8
14
98
36
8
22
16
928
27
72
87
22
68
111
71
15
28
23
38
62
18
45
2
3310
2211
325
3
1553
3073
2064
3
2464
2792
2324
0
1
350
2870
15
2650
811
3955
4989
3
790
830
3485
1825
2169
819
925
3524
2
4
8051
27
9
0
5
0
16
863
1942
882
943
0
15
19
1514
921
12
2039
3105
6
2:1
8
2
5
1
0
2
1425
14
3509
530
1
11417
104457
0
3543
1
7741
26
6
41
9417
32357
54
7
3
4
14
4
9
17
7
9
50
56
19
92
20
2:1
19
53
4
15
17
5
16
0
7239
28796
18596
680
23
28
54
43
35
7
20
59
98
7
2
24
2:3
15
22
12
5
6
12
17
36
93
4
12
27
10
2
1
3
7
2:1
6
5
32
53
643
29
33
161
2
3445
4380
2
8453
2360
0
2294
3093
1178
9030
2004
5976
161
652
164
83
1183
458
0
414
3:1
141
46
665
436
532
2
3
4
2:1
5
1
10
9
0
3
11
5
1
2
39
8
39
8
13
33
1
4
41
3
28
3
1
31
12
0
47
4
5
1
30302
1513
7115
1350
26
64
9
167
38
2:31
43
16
67
12
43
419
125
1
296
13
43
27
15
11
66
125
24
25
86
89
51
2
9
21
36
2:9
14
27
19
59
25
30
17
5
9
2:12
5
12
5
0
6
19
273
212
3
32
23
61
44
6
7
32
0
5
19
17
0
15
22
1
30
42
14733
140
15
2:0
30
9
28
1977
0
13
9722
2:1
81
18
6
45
12
54
48
14
6
12
3
33
1
5
30
2
11
4
23
26
9
28
7
11
19
22
5
19
30
5
2
36
2
14
7
2:1
2
20
39
14
2:12
81
23
16
49
50
0
8
2
40
1426807800
1064:0
0
3
-3
2
1
14
-16
22
-22
0
8
1068
-1067
-8
21
-11
21
-33
43
77
-115
-4
17
-14
-1
-3
173
-173
5
-4
59
-55
8312
-8308
2
-8
610
-612
8
-5
212
323
-535
2864
-2830
-34
6
-3
-5
1
-1
7
-8
-1
2
27
-19
-2
-3
1013
-1018
163
-148
-3
-6
1
-6
6
40
-26
-17
111
-113
6
-7
-1
294
-292
11
110
257
-342
-37
1638
-1637
1
49
-46
10
2:-8
1
0
9
-9
55
-53
-3
49
-49
270
-211
-35
-19
75
-55
-25
0
2:1
7
-6
17
-14
-5
0
70
-70
8
2
-4
-3
90
-92
0
1
2:-1
2
96
-97
0
-2
2
0
2:-1
17
-16
9
-8
0
2:2
41
-45
4
1
18
-23
-2
6
-5
35
-30
-5
2:1
-3
0
2
1
17
503
-521
24
-20
1
-3
4
-6
5
68
-53
-19
1
-3
1
34
-23
10
673
-658
-38
83
-47
-24
17
-28
61
-61
-1
122
-118
2
12
-18
2
1
-1
7
4
-12
49
-23
-22
-4
95
-62
71
-89
11
-26
153
-152
18
-13
-7
7
-4
3770
-3768
8
-4
115
-114
-9
11
-7
0
2
-2
1
-5
2
-2
-1
134
-133
8
-6
21
-19
296
-296
1
-2
0
-2
1
837
-836
-2
21
-22
-1
131
-115
-16
0
2
-2
6
-1
-4
1
10
-6
3
-3
14
32
-51
16
-14
-3
14
306
-320
4
-4
0
9
-6
34
-33
-3
371
-362
14
-21
-3
4
-3
3
275
-267
-10
14
-11
-3
-2
14
-12
-1
574
-573
-2
9
3
364
-350
-14
857
-778
-83
4
-6
-4
1
5
28
-33
3:-1
242
-189
-53
2
22
-22
26
505
-532
20
-20
18
-13
-5
20
-17
4
-1
-7
66
0
-66
20
-20
2
32
-30
2
-4
739
-711
-29
51
-50
1
-2
2
18
-18
-3
0
4
11
4
5
-12
8
-15
11
-4
97
-107
497
-498
103
-98
15
-21
3
21
-23
2111
-2105
129
-130
21
39
16
-80
2
166
-54
5
-115
976
-972
8
168
-164
4
0
-13
-9
-3
0
13
1
211
-210
-16
5
-2
-3
0
2
132
-130
129
-131
186
38
-220
4
21
-26
-3
-1
8
395
-403
-1
487
90556
-90974
-61
7049
-7056
120
-120
3
2:-1
21
-14
8
7
-19
16
22
389
-421
-9
3
8
-9
456
-425
-27
-7
0
2
12
-9
242
-247
12
17
-29
10
0
-8
63
-58
-5
9
17
-28
24
-19
-4
283
500
-775
-8
-1
4
1
3
-9
3
-2
90
302
-382
-4
24
-22
-2
8
-10
-1
53
-47
-6
-4
6196
-6195
6
94
-100
4
0
344
-344
1
-5
15
2177
-2190
-2
116
-98
-19
1783
-1755
-27
11
-12
1
0
17
-11
-6
-1
9718
-7588
-2129
74
-69
2:-1
-2
0
5
-7
621
-620
0
6
-1
86
-89
-3
2
145
-104
-31
13
-20
0
-4
18
33
610
-659
-1
13603
-13578
235
23236
-23498
2:3
771
-777
2:3
2
0
7
-8
-1
8
-5
35
224
-267
2
-1
1
-1
0
5
94
-52
169
-172
2638
-2526
-158
2:0
2
1
3
-4
3
-5
1
32
-33
4650
33802
-38427
-24
2087
5058
-7135
-9
42
-2
-37
10
148
-32
-130
29
4711
-4731
6797
-6794
18
-25
-1
257
-262
3
-1
8
-9
-1
8
2
-6
-1
-3
2
0
5
-4
-2
131
-126
2:-1
48
-51
24
1921
-1945
32
-32
20
-19
64
4914
-4979
649
-546
-100
1
54
-53
-4
0
21
5
-23
1002
-773
-229
1
583
-585
-2
-1
12
-13
433
254
-654
97
-128
33
-34
9
-6
31
1
81
-94
-7
331
-346
-1
78
67
-145
59
333
-278
-112
1251
-1140
-113
1
407
-406
3
-5
2
12
-14
0
456
1749
-1797
-52
59
-406
7
14
-29
622
-622
102
-95
17
76
-98
0
-1
4
-4
3
-1
-2
17
66
-79
2:-1
11
-15
2
-1
21
-22
13
-8
267
-270
9
64178
-64158
-5
0
-23
25
-24
3
12
-18
0
2
-2
8
138
296
-441
12
14
8246
-8274
39
-36
27
-29
8
785
-790
14
-5
17
-27
-2
2
-3
2
45
-40
10
-11
-2
-1
46
6156
-6203
2:0
5
3
-7
-2
2
-1
1
-3
10
12
-20
59
24
-75
-9
79
-79
9
2:-5
25
16
4
488
-533
5
-5
134
-110
-18
2:2
-10
22
50
26
-69
479
-508
4
-4
12
-11
0
17
-10
-6
0
186
-187
1
133
-89
-43
16
-18
77
-70
14
-20
4
139
-140
-1
4
-5
48
-50
2
38
4
12
49
-84
-21
2
12
-1
-3
-9
56
-58
2:1
-2
7
-7
256
11943
-12198
1190
-1191
1
13538
-13537
-2
1
4
7041
6816
-9564
-4241
-43
-1
16
-19
197
2035
-2240
1114
-1115
53
49
15
-113
14
-15
14
-4
-11
4157
-4151
-7
76
-75
289
1157
-1423
-22
18
-22
46
-40
-4
387
-387
25
-27
2
1
518
1137
-1658
168
2333
1052
-3550
33
-36
738
-534
-197
1
2:0
595
-603
17
-13
2:1
-3
43
-19
9
-36
16
-8
2
-9
0
11
-7
2
83
1087
-1176
1
7
9705
-9572
-132
395
-336
-63
-6
1
-1
10
30
-34
-3
2
426
-431
2404
-2113
675
-963
0
41
1793
-1837
27
236
-261
10
-7
23
-21
-6
16
-5
-3
0
-9
2
482
-374
-100
2
-1
302
-312
31
-25
-6
0
149
-129
-21
3
11
-13
794
-794
3
4
-3
4
28
-32
82
59
-143
0
12
17457
-17373
1
6:0
4
-4
2:0
5
-4
-1
1
-1
7
-7
0
9
-9
1
2
-3
1
-1
4:0
2
-2
168
-166
-1
0
-1
3:0
20
-20
1
25
-5
-21
1
-1
7:0
4
26
-30
0
10
-10
2:1
2:-1
3:0
1
0
-1
9
-9
3
-3
4:0
8
-8
3
-3
3:0
8
-8
2
-2
3:0
1
-1
4
-4
0
5
-5
9
-9
1
-1
0
5
-5
3:0
1
-1
1
-1
5:0
6
2:-3
2:0
1
-1
3:0
13
-12
-1
4:0
1
-1
11:0
1
-1
2
-1
1
-2
6:0
1
-1
15
-15
2
-2
4:0
2:1
-2
2
-2
2:0
4
-3
0
2
-2
-1
0
4
-4
4
-4
4
-4
2:0
1
0
-1
2:0
1
-1
2
2:-1
1
2:0
-1
0
4
-4
4
-4
3:0
1
-1
3:0
20
-20
0
1
5
-6
0
2:1
-2
7:0
8
-8
1
-1
2
-2
11
-11
2:0
1
-1
0
19
-19
0
3
-3
0
5
-4
-1
5:0
1
-1
3:0
1
2
-1
-2
0
1
0
-1
2
-2
2
-2
2:0
2:2
-4
2:0
1
5
-6
4:0
6
-6
0
1
0
-1
0
1
2:0
13
-14
3:0
34
-33
-1
16
-11
-5
2
2:-1
11:0
3
-3
5
64
-69
2
-2
5
-4
-1
1
-1
3:0
6
0
-6
4
-4
0
6
-6
1
0
49
-48
-2
3
-2
-1
1
0
2
-2
-1
0
1
0
15
-8
2:-3
-2
5
-5
13
-13
17
-17
30
-30
2:0
1
3
-4
74
-74
12
-11
1
3
-3
-2
0
14
-5
-7
-2
15
-14
2
-1
6
-7
0
6
-6
-1
2:0
4
8
-11
-1
5:0
11
-9
10
-12
0
4
-4
3
1
-3
-1
1
0
80
-81
1
6
1859
-1863
-2
104
-105
20
-20
3:0
3
-3
2:5
-8
-1
5
2:-3
0
2
-2
0
26
-20
-6
3:0
2:1
12
-14
7
-4
-3
1
3
-4
8
-8
0
1
8
-9
5
-4
-1
4
71
-72
-3
3:0
4
-4
2:0
10
1
-10
0
2
-3
2
-2
0
1
2:0
-1
0
1
-1
3
21
-24
2:0
43
-43
2:0
2
56
-58
0
10
-10
0
6
2
-8
2
-2
2:0
1
3
-4
0
646
-549
-97
9
-9
4:0
1
-1
4:0
1
0
-1
2:0
12
2:-5
-2
1
-1
0
4
6
28
-36
-2
54
-49
-2
323
-326
2:0
57
-57
2:0
1
3
-3
1
2:0
-1
5
11
-17
0
1
-1
2:0
1
26
-22
1
-3
118
-69
-51
-1
2:0
2
0
-2
0
1
-1
2
-2
28
810
-835
-3
47
120
-165
2:-1
4
-3
-1
20
0
-20
12
157
-167
791
-791
7
-9
0
84
-84
2:0
4
-4
0
1
-1
0
1
-1
2
-2
3
-3
0
7
-5
2:-1
2:0
6
108
-114
15
-15
2:0
6
198
-204
77
-65
-10
-2
0
2
-2
0
2
1
-3
67
-58
-8
0
74
-74
-1
0
7
-7
45
102
-140
8
-15
4:0
4
-1
7
-3
-6
-1
2:0
25
-19
-6
2
7
12
-21
43
-21
-22
0
44
-44
5:0
1
49
22
-37
-32
-2
0
-1
4
-4
80
-80
7
-3
7
28
-39
2:0
2
0
-2
3:0
1
4:0
-1
2:0
8
-8
0
1
4
-5
1
212
-212
2
0
-3
9
-9
2
-2
4:0
2
20
-22
1
-1
8
606
-614
1
-1
1
-1
1
20
-20
-1
3
5
-8
4:0
2:1
2:0
-2
2:2
173
-177
3:0
2
-2
0
1
-1
2:0
7
1
-8
11
-7
6
-10
4
-4
3
-3
0
10
-3
0
155
-161
1
-2
35
-33
-2
3
-2
-1
3
1
8
0
2
-14
1
3
-1
-3
0
9
-7
-2
0
5
-4
0
7
-7
-1
2
-2
12
-12
3
-3
2
17
-19
0
1
0
-1
0
2:1
13
-8
16
-23
2:0
2
0
-2
0
4
-2
0
-2
0
6
-6
18
233
-251
20
-20
0
270
-270
3:0
101
309
408
-817
1
0
2
-2
10
221
-233
1
-1
8
0
6
-14
9
-9
3
-1
-2
16
-16
0
2
-1
35
188
-222
-1
7
-8
22
-22
0
9
-9
8
-8
0
1
29
3
-33
54
101
81
-236
3
-3
4
36
-40
5
-4
-1
56
-56
2:0
1
0
-1
8
-3
1
-6
1
-1
1
-1
0
4
2:0
5
-1
-6
0
-2
149
-138
-10
34
-32
-1
-2
2:0
2
6
-7
2
0
6
-9
38
0
131
-169
1
4
30
-35
0
46
-46
0
1
3
-4
0
2:2
-4
2
-2
0
17
-16
1
6
-8
96
-96
5
-4
-1
0
10
-6
-4
0
7
-7
2:0
1
-1
0
2:1
-1
23
-20
-3
0
-1
129
-129
end
