v1
775
207
110
222
193
11
407
79
239
79
536
314
113
125
57
19
37
22
28
614
211
58
554
240
286
54
152
393
187
268
271
53
28
201
143
10
105
89
41
99
19
148
108
52
13
333
67
124
356
15
399
21
135
31
191
34
277
4
100
329
86
50
144
63
79
57
232
85
146
11
45
210
160
193
110
267
8
297
52
82
16
365
113
233
155
54
339
126
404
469
42
128
7
104
19
63
53
88
37
2
151
273
254
27
121
50
185
53
24
64
93
182
300
94
275
109
711
57
294
119
15
478
0
74
38
43
4
8
7
6
13
23
7
1
46
2
3
147
1
118
82
74
19
26
14
64
35
33
35
19
38
17
14
59
54
118
85
354
8
78
95
120
420
219
110
314
34
5
116
284
115
60
35
106
85
101
100
31
166
3
146
5
97
185
404
37
232
67
15
31
2
153
229
41
309
157
11
31
8
5
7
127
48
50
758
301
93
176
191
56
106
3
2
24
42
115
187
75
50
6
649
306
23
254
33
67
109
50
52
34
128
126
7
8
147
40
276
7
110
692
20
182
2
245
16
191
175
133
58
8
11
32
80
6
23
254
22
167
54
103
5
35
92
108
153
59
5
23
193
5
9
442
204
38
9
190
62
92
31406
10
12
9
204
33
67
30
24
61
88
84
112
8
28
8
22
932
111
37
72
68
111
71
166
18
47
3310
2211
2
323
3
1553
5140
5256
5560
1890
760
811
8947
790
6140
2172
816
4449
2
4
8085
2828
882
943
15
2466
1997
3146
1
7
11
5
1428
17
119910
3545
7741
73
9417
32305
116
18
4
33
9
125
133
72
17
5
14
2
7239
48208
54
20
157
7
2
27
18
10
13
16
6
12
1
16
145
27
7
3
14
1
6
733
225
3445
12835
2356
1
2297
3093
5057
5151
0
7980
1060
1183
1062
665
968
5
22
27
4
39
5
14
28
4
6
44
8
32
9
28
3
1
31
12
38
13
5
1
30302
9978
26
64
0
176
69
31
181
140
48
231
125
1
296
56
42
111
91
49
228
9
4
17
36
2:9
41
103
30
17
26
12
8
18
5
16
273
247
128
13
18
32
6
17
37
1
72
14722
11
14
171
9
2018
9723
1
81
69
12
116
18
10
26
38
15
58
65
22
54
5
38
2
11
10
1
88
116
16
49
58
2
-488874
539
55
321
208
74
324
92
15
0
432
316
173
9
138
465
106
118
985
0
862
591
76
3
216
0
475
0
400
252
147
541
178
806
221
20
626
38
605
32
150
297
55
128
151
564
4
84
241
134
130
65
112
439
1285
254
11
30
0
194
142
0
241
71
287
0
257
0
87
384
27
91
120
51
168
114
321
141
70
0
525
0
19
322
4
171
36
42
39
68
4
9
21
114
0
254
2:0
52
0
2:8
0
85
99
514
102
27
237
348
0
46
280
62
80
261
545
42
192
30
138
237
199
785
0
196
6
17
14
171
53
969
782
258
247
178
0
329
0
245
256
88
0
451
150
257
185
52
11
29
154
0
259
0
81
227
38
273
71
830
56
660
61
524
244
107
256
3
77
180
273
107
470
178
16
0
72
123
98
15
42
125
32
0
10
0
31439
9
531
1316
0
89
68
5
28
0
190
132
9763
703
6295
3352
3221
14043
10095
10715
0
29
0
4686
3430
1056
3111
18
5480
115875
49547
0
3697
331
0
53
0
36035
19336
317
29
15
253
5
1
23
32
53
0
704
31
25338
0
17823
2303
1825
8
0
25
19
97
2
45
4
166
40688
781
222
68
109
398
40
0
791
216
0
15019
86
0
11859
150
172
0
228
0
77
0
56
133
1426336800
499:0
1
274:0
106
-93
-1
-2
8
35
1747
-1700
-96
4564
-4543
-22
2
285
-287
245
-137
48
-154
763
-765
128
-128
0
56
50
-90
-16
6
32
45
-51
-31
43
-26
-18
28
-15
-13
2:4
-8
11
43
-42
12
-22
-2
46
-25
-21
0
73
-73
1092
-1069
-16
14
-7
-12
70
-55
-10
17
10
-33
0
1
15
-11
7
0
-10
151
-139
13
-12
-9
110
-117
2
130
-130
16
222
0
-47
-190
-2
14
-7
19
91
-117
86
-64
89
-81
-23
-3
74
-59
-14
-2
-4
3
29
-26
-5
2
145
1118
-955
1024
-1330
-2
48
245
-284
-9
6
0
3
212
-216
8
-7
2
21
-21
-10
-1
0
3
-3
9
-2
72
-46
1131
-1073
-89
12
-1
82
-94
3
-3
30
-13
-18
1
0
6
216
-213
-2
397
-386
99
22
-135
-4
1751
227751
-229502
26395
-26299
-91
-5
27
-23
33
-36
568
-570
0
9
42
54
-105
8
26
-34
0
3
93
-96
18
139
-135
-2
333
-352
6
1
2:-3
10
-11
9
-7
1
21
310
-318
-17
2172
-2170
28
-28
235
-209
-28
20
9024
-5229
-3805
10
-18
-1
1
88
-87
21
-21
1
0
-2
572
511
-1072
88
57312
-57363
-42
-1
207
-206
-7
2
107
-104
29
49
-37
-41
11
812
-303
-500
-25
0
66
-59
-8
77
363580
-358721
-3456
-1478
685
-634
-36
-15
1561
9611
-11135
126
-157
10
-17
6
15
46
1082
-1117
1745
-1777
48
92
-131
-9
-1
521
-511
-9
138
50
168
-352
1412
-1387
2:-10
796
-790
15
-17
-6
-1
218
-170
-52
239
-173
-58
-8
538
-451
234
-323
243
-243
297
-36
-257
54
557
-536
465
-524
48
-45
-24
1
11
-8
72
-36
-40
4
6
-3
27579
-27563
-22
30
-29
41
238
-266
5207
-5193
45
-69
5064
-5060
38
-47
23
-22
53
3404
-3456
-2
3
18
195
-204
0
-12
1
20
-21
10
-7
30
37
-58
-10
395
-361
-30
-6
11
34
32
109
-186
6
-3
23
-23
1
14
21
-33
-4
0
34
-36
118
-91
4
29
-56
184
-188
8577
-8050
-526
25
950
-976
0
2186
-1839
-339
-8
353
4479
-1727
-3105
498
-479
-15
8
916
-925
24
83
20
21
-150
345
-345
78
-78
6
-6
58
218
-270
-4
30
-31
-2
17
34
330
-367
-14
173
668
9376
-10209
39
-39
-4
1177
-1175
-6
12
-11
24
-10
26
163
-191
-11
6
69
-59
5375
-5253
253
-392
1
53
-19
22
-20
280
-245
79
-71
608
-564
325
-405
-41
2
1
76
-2
37
-116
-1
191
-180
-12
2:7
-13
5
72
-16
-59
8680
-8686
2:0
2
2:0
-2
3:0
2
-2
3:0
3
-3
2
-1
1
0
-1
4:0
-1
1
3:0
1
2:0
-2
0
2
2:0
-2
2
0
-2
1
-1
2:0
3
-3
0
2
-1
2:0
-1
0
1
0
1
-2
1
-1
0
2
-2
3:0
2
-1
0
2:1
-1
-2
0
1
0
-1
0
2:1
2:-1
2
2:0
1
-3
2:1
-1
1
-2
0
2
2:-1
0
2
-1
0
1
-1
0
1
-2
2
-1
2:0
-1
2:0
2
-2
2
-2
2
1
-2
-1
1
-1
0
3
-1
0
1
-2
2:0
1
-2
2
-2
0
2
2:-1
1
-1
2:0
1
0
-1
2
-1
1
2:-1
2:0
2
1
-2
0
-1
0
2
1
-1
0
-1
0
1
-1
0
-1
1
-1
2
-2
0
2
-1
0
-1
2
2:0
2:-1
1
0
1
2:-1
1
-1
2
-1
1
-2
4:0
1
0
1
0
-2
2
-2
1
0
-1
2
0
-2
0
2
0
2:-1
0
1
-1
1
-1
1
3:0
-1
1
0
2
-1
0
-1
0
-1
1
-1
2:0
2
-2
2
-2
2:0
2
-2
3:0
3
-3
0
2:1
2:-1
2:0
1
-1
2
0
2:-1
2
2:-1
0
2:1
0
-2
2
-1
3
-2
2:0
1
0
3
-3
-1
77
-77
2:0
6
-6
7
10
-14
-3
7
-7
23
-23
0
1
10
-8
-3
1
-1
4:0
1
-1
3
-3
1
-1
3
-3
1
-1
2:1
2:-1
1
-1
2:0
2
-2
35
-35
1
-1
0
1
-1
0
1
-1
2
0
2:-1
1
0
1
-1
0
3
-4
6
-5
-1
4
-4
0
5
-5
0
15
-4
-8
-1
-2
4
2:-2
2:0
1
2
-1
-2
1
-1
3
-3
2
-2
2:0
2
-2
1
0
5
-4
19
-11
-10
2:0
33
-33
2
2:0
1
17
-19
-1
2
-2
0
2:1
-2
0
9
-9
2
0
12
-1
32
-40
-5
1
-1
5
-5
0
1
3:0
-1
0
3
15
-13
-4
26
-26
6
1
-6
-1
63
1189
-1252
62
-53
-6
-4
6
-5
-1
3:1
-2
0
9
-8
-1
0
1
2:-1
0
7
-7
0
39
-29
-6
13
-17
2:0
4
-4
5:0
5
27
-28
-2
38
-37
-3
0
7
-6
-1
1
544
-434
-111
0
2:1
-2
7
-4
-2
1
-2
2
-1
33
-18
-5
-10
374
-371
-4
5
20
-24
2:0
13
-14
0
15
-9
-4
0
74
-41
-25
-9
-1
1
0
-1
8
447
-397
9
-67
4
6
-5
0
103
726
-825
32
-40
-1
1
-1
3
-3
78
-62
84
-100
10
-1
-9
0
1
41
-42
0
39
-30
32
-40
136
-134
-1
1
-3
0
4
-4
4
1
28
-28
-4
2
10
-13
0
28
1
-2
-26
29
-30
32
0
-31
0
50
-51
7
2
14
-22
2
-3
2
0
2
5
-8
1
-1
1
140
-142
4
-3
1
10
-12
2
296
-297
5
-6
8
-4
0
-3
1
-2
5
154
-158
-1
0
9
-9
6
-2
-3
1
-2
2
-2
0
8
-4
2
-6
128
-107
-21
0
6
4
-2
5
-7
16
-21
2
-3
0
4
0
-4
2:0
3
-1
11
-8
1
3
-9
18
-17
19
-10
-9
2
6
-9
0
112
-112
2
-2
37
183
171
-390
-1
0
2:1
45
-45
3
-3
7
0
-8
1
-2
4
-4
0
3
12
62
-76
-1
26
-26
0
2
1
10
-13
0
50
58
196
-301
7
-10
2
67
-68
-1
2:0
8
-7
0
17
-10
-8
1
2
1
136
-125
-1
-14
0
3
13
2:-7
14
2:-6
-3
12
8
-21
1
0
2
-3
6
-4
47
-49
0
7
-5
2:-1
4
-4
2
34
-33
-3
37
-37
4:0
2
-2
8:0
21
-21
0
2
0
-2
15:0
1
-1
18:0
1
-1
26:0
1
-1
0
1
-1
27:0
1
-1
2
-2
5:0
2:1
-2
7:0
1
0
-1
7:0
2
-2
7:0
1
-1
6:0
1
-1
10:0
4
1
-5
3:0
1
0
-1
3:0
3
-3
1
-1
11:0
2
-2
10:0
3
-3
0
1
0
-1
8:0
2
-2
0
1
-1
0
1
0
-1
3:0
1
-1
3:0
2
-2
4:0
2
-2
3:0
1
-1
3:0
1
0
-1
12:0
end
