v1
1064
106
101
536
443
43
3
49
40
147
289
326
177
137
3
38
254
56
22
28
118
374
122
46
165
59
265
215
73
140
17
575
159
232
2
455
136
89
30
16
177
258
136
58
22
858
235
260
420
33
87
15
256
281
273
156
42
301
79
57
474
45
370
193
260
125
87
205
139
16
101
377
357
85
339
65
14
47
376
521
18
128
7
366
85
339
243
38
356
141
268
7
8
386
275
16
1147
8
59
50
170
306
56
45
38
40
3
19
50
195
4
118
28
36
2:9
12
50
12
59
64
30
35
38
156
163
447
173
120
225
414
110
9
232
73
39
116
284
54
121
141
85
142
59
28
172
248
185
129
275
6
31
299
15
18
15
83
70
229
41
516
187
9
799
301
83
322
55
50
115
2
368
75
50
6
277
372
325
11
247
33
47
129
56
27
53
128
19
101
6
15
147
323
110
275
129
43
101
144
204
415
37
175
17
53
129
11
78
28
289
89
100
54
47
61
35
200
212
5
20
3
196
2
138
13
54
497
63
112
43
34
92
51
31350
5
1
21
9
43
151
93
47
85
69
19
76
120
36
8
22
1210
10
111
237
18
47
281
3029
2211
328
1553
5140
10816
2650
811
8944
1623
3485
1825
7437
2
4
8078
4675
2466
5162
1433
3523
119948
1
7741
32
9458
32411
28
4
42
212
26
73
4
32
5
16
55362
139
20
157
7
29
18
39
6
12
17
145
27
10
2
1
12
6
5
2
755
196
16280
7747
18188
2243
1062
665
436
532
3
2
4
18
31
50
36
54
40
37
3
1
43
47
9
1
30302
9978
26
64
276
725
1
309
162
125
49
3
13
212
9
57
2:9
41
103
73
12
47
623
25
13
50
6
54
1
72
14918
9
2005
13
9723
1
125
25
12
116
18
46
39
62
28
7
6
46
97
23
1
23
25
52
31
50
23
16
49
60
-488964
90
40
11
26
448
158
75
249
92
24
38
1
17
48
297
89
5
23
26
42
24
36
68
94
83
323
1
211
131
279
195
84
29
53
27
37
270
169
39
134
34
55
26
259
5
19
3
171
191
206
0
26
118
190
294
181
65
19
32
9
166
53
40
56
93
20
109
23
62
37
126
2:77
31
16
188
5
182
132
145
39
10
122
52
11
5
13
58
98
222
17
2
6
54
21
78
26
8
18
40
30
97
55
262
72
68
74
10
33
6
177
79
50
62
82
125
24
41
38
110
93
7
78
146
203
11
8
44
133
82
69
36
10
27
75
8
23
7
252
71
76
17
149
96
22
106
23
22
18
283
156
135
115
40
20
93
5
40
21
1
160
29
9
51
28
5
88
45
78
21
229
177
76
65
87
191
154
14
68
34
19
88
94
85
57
99
33
123
117
68
4
37
100
48
50
238
24
162
1
69
173
22
30
40
113
54
175
228
50
44
17
3
0
55
57
280
70
157
28
18
39
44
5
175
174
155
15
7
123
40
168
13
28
11
5
7
16
13
6
38
21
3
6
5
8
2:1
11
6
17
2
5
15
32
2
3
14
6
1
48
62
11
19
88
2
216
28
4
37
40
4
33
54
38
17
14
71
42
28
127
39
315
35
99
7
92
164
46
112
179
35
86
10
150
113
68
49
39
118
22
21
226
42
55
136
17
14
31
387
131
22
86
37
170
5
19
49
199
223
224
300
18
35
2
67
173
131
313
163
43
15
27
20
59
5
123
38
289
421
200
33
14
173
5
17
63
189
135
36
31
75
29
42
13
102
37
56
5
182
764
229
340
208
32
47
48
37
95
17
254
342
153
105
126
1
200
75
2
101
77
21
94
237
69
46
335
123
50
1
43
21
22
26
6
13
63
23
168
29
292
6
129
20
47
5
137
243
89
38
224
122
83
39
53
2
13
1
40
32
9
4
8
12
9
101
1
32
11
30
159
31477
40
37
49
66
86
68
13
220
23
97
1044
56
1
7
102
160
5
85
46
59
66
2124
905
2877
1878
2065
686
691
1372
7233
10560
443
2526
880
1586
790
2041
3
4083
1341
844
816
925
2139
1382
14
5
8027
1
47
2
5
3703
943
34
2921
509
2
1054
3104
1
7
9
3
5
2
1412
30
3549
116361
1
5279
6032
47
4
38185
2624
983
39
1
2
20
28
7
3
4
129
118
13
35
36110
18596
764
17
197
78
30
37
88
10
36
51
16
39
5
2
1
15
53
29
643
7
59
41
3563
4380
4975
8134
13301
3251
5542
164
1
82
2056
88
55
1681
2
7
5
1
19
15
4
47
14
62
1
2:10
7
1
5
35
117
9
31821
8273
291
16
151
69
90
30
37
243
23
208
172
41
37
82
68
12
26
40
25
2
15
92
19
115
111
29
111
58
47
83
72
17
5
25
1
15
11
7
93
0
201
153
184
83
5
22
14
15
21
87
14803
23
34
82
11712
83
62
111
52
26
1
3
32
2
11
4
68
1
137
38
11
32
5
21
4
11
14
12
40
14
177
2
7
1426039800
399:0
1
663:0
9
0
44
99
760
-876
4
340
-309
-61
10049
-10048
68
-48
-21
158
3531
-3635
-36
2
-20
3
-2
1005
-960
-45
0
94
322
-329
3
-31
-11
186
-154
78
-160
168
-104
-3
-39
894
-877
190
-224
74
-1
-74
-4
4
30
48
-82
371
-181
-187
48
-26
646
-633
-20
105
-94
6
27
-36
3
-7
-19
-3
966
-963
58
76
-135
-2
88
-21
43
-56
-28
28
1494
-1520
-4
-21
-2
30
-26
-1
544
-547
311
74
-341
800
-461
-382
60
-61
0
21
-19
1185
-1186
45
-11
-36
51
65
-61
395
-449
82
2923
-3003
1
64
-49
49
-30
175
-188
-23
351
-274
-34
1092
-1085
63
257
-229
-101
89211
-84373
-4695
-181
41
37
3
-40
3974
-4015
-3
60
-57
286
-289
1
3
16
31
-51
26
1096
-1030
-73
77
87
-181
89
-88
86
114
-184
0
2247
-1934
-312
595
12367
-11587
-1037
-358
113
-111
18
23
46
-64
-25
29
-27
-2
29
427
-456
155
367
-424
33169
-33267
713
-712
-2
38
-36
58
369
-425
85
-20
-67
607
1782
-2232
-158
19
1815
-1205
97
15813
-16415
4011
-4099
315
-348
5313
-5312
42711
-42715
199
-200
4
-4
83
-40
-41
72
1423
-1428
-24
3014
43
-2972
157
-118
-168
1
1760
-653
-280
-742
332
-418
272
1975
-2246
103
-101
0
20
388
-274
-8
-108
272
-256
1453
-1402
385
1362
2340
11284
-15401
279
-336
1145
-1145
119
-65
-19
2:-9
24551
-24542
-24
0
225
301
-527
13847
-13845
-2
2523
-2499
-7
68
-87
21
65
5611
-5590
-104
46
-47
27
-26
201
-201
28
0
-2
378
-296
-55
-53
-3
1
84
-54
176
-183
-22
68
-21
-25
8
34
-25
23
5
139
-190
-16
25
8
3966
-4001
1176
20223
-21381
940
8304
339
-9600
360
-263
2087
-2160
625
-448
-76
-101
289
4758
-5053
-19
45
57
63
-165
268
1494
-1402
3317
-73
-3247
-325
672
-650
-32
-20
116
92
344
-529
23157
-22964
260
-478
89
-86
265
19832
-19815
-250
-12
4847
-4615
-232
259
-265
13
-1
-26
221
182
-301
-59
-25
-20
55
-52
42
-24
106
165
-179
234
-349
-3
-5
1
-1
2
-1
2
0
-2
17
-12
2:-3
2
-1
-2
8
-6
21
-22
0
2
-2
2:0
14
-8
0
-5
1
3
15
-21
5
-4
2
0
-3
7
-7
19
-15
-3
3
14
-18
5
-5
2:3
0
-6
8
-8
2
-2
1
0
4
-5
4
-2
7
-6
0
-1
0
1
2
10
-11
-3
3
0
10
-11
4
-5
4
-6
16
-15
5
-4
2
-3
0
-1
2:3
2
-8
19
-10
-8
1
-1
7
-8
6
-4
1
-3
15
-15
4
-3
5
14
-16
0
12
-14
5
-3
-4
3
-3
4
-3
-1
1
0
6
-6
0
-1
1
-1
8
-1
1
-6
4
2:-1
19
-17
1
-1
21
-23
5
-6
-3
5
-1
-2
0
5
0
-6
2
16
-18
6
-5
21
-17
-3
-2
2:0
2
-3
4
-2
-1
2:0
-1
1
5
-5
7
-6
13
-15
3
2:1
-1
2:-2
2
0
12
-13
1
0
1
3
-6
7
-3
1
10
-13
0
7
-9
4
-2
-1
8
-7
1
-3
18
-11
-5
-1
0
5
-4
16
-18
6
-5
19
2
-19
-1
2
-4
3
-1
1
21
-21
5
-8
3
-1
0
1
15
-17
1
2
1
-4
0
3
-3
16
-9
0
-3
10
-9
-4
-2
21
-1
-2
-10
-4
3
-1
2:-3
2
-1
2:2
-4
1
2:-1
1
4
3
15
4
-21
-4
5
-7
0
25
-24
6
8
-13
-1
0
6
-5
12
-12
5
-3
-4
1
-1
0
4
13
-14
13
-12
10
-14
4
-4
0
3
16
-11
7
-11
-2
19
-19
0
-2
3
1
-3
15
2:-7
6
-6
0
-2
0
17
-15
1
-3
0
2:2
-2
24
-22
-4
0
2:1
-1
2
1
0
-1
-2
26
-18
6
-14
6
-7
16
-12
21
-25
2
0
5
-6
1
5
-4
2:-1
7
-3
-5
1
0
1
0
2:-1
6
12
-4
-11
0
-3
6
2:-3
0
18
-11
15
-20
2
4
7
-15
2:1
0
7
-7
0
3
17
-21
2
-3
9
-2
14
-19
6
-6
2:-1
15
-11
4
-4
-1
1
2
-2
0
-2
2:2
2:-3
4
2
3
-6
-2
3
-4
2:4
-7
1
21
-15
-7
6
-6
4
0
22
-23
-3
14
2
-14
-2
2
-1
-2
0
4
-3
1
0
2:-1
25
-21
-1
1
-4
4
-3
6
-7
3
16
-17
0
-1
1
6
-6
0
-1
7
-5
-2
23
-19
0
-5
6
-6
8
9
-14
16
-12
-6
7
-5
-1
0
21
-20
1
-2
20
-21
6
-6
2
-2
-1
22
-21
0
1
3
2
-6
0
16
-14
-1
1
-2
1
-1
21
-20
4
10
-12
-2
2:-1
5
-3
2
22
-25
2
3
0
-5
0
3
-1
-3
1
20
-5
-15
-1
2:0
5
-1
-2
0
21
-17
-5
13
-11
-3
2
-1
4
3
-6
5
-5
-2
5
0
-5
9
-8
20
-21
20
-11
-8
20
6
-23
-4
3
5
-7
14
1
9
-11
-6
9
-14
-3
22
-13
-9
15
-11
0
-4
4
-4
5
-4
0
-1
5
3
-8
1
4
-4
1
5
-7
0
18
-17
14
-15
7
2
13
-6
2
-17
2
-1
3
-3
6
0
-7
8
15
-18
10
-15
22
-3
7
-25
4
-5
0
15
-10
-5
1
-1
3
-4
2:3
2
-6
13
-12
3
2:1
4
-5
14
-13
1
-2
4
-3
169
-170
1
-1
0
22
11
-12
-20
0
-1
1
41
-37
-5
1
-1
12
-9
-2
9
-10
0
21
-14
-7
2:0
7
-5
2
-4
3
0
1
-3
1
-2
1
-1
1
7
-7
2:2
-5
11
-9
-1
3
-2
3
-2
-1
11
-13
0
7
-3
-4
12
-10
4
9
-13
-1
3
-1
-2
5
-5
1
2:-1
4
-4
5
-3
4
-3
22
-25
45
-17
-24
0
120
-123
1
-2
6
0
-2
48
-51
8
-6
-3
3
13
6
-22
2
0
98
-100
0
6
-6
13
-6
3
-9
-1
14
-1
-8
0
1
0
61
-67
0
1764
-1669
-49
-43
3
8
-7
-4
2
-3
-1
12
-13
14
-13
1
5
-3
10
-13
-1
196
-195
7
6
-1
-11
0
-1
11
26
-36
0
63
-65
1
9
579
-518
-53
-17
-1
0
2
-1
8
-3
-6
5
1
-5
4
36
-34
-7
49
-47
266
-266
70
-72
0
2
-2
4
24
-24
19
-16
-7
21
108
-61
-68
1
5
-2
31
689
-687
123
-157
20
-10
187
-197
1514
-1517
71
-70
1
-1
6
4
-11
7
91
-76
-22
2
154
-156
21
-12
-6
-3
0
56
-49
-5
75
-72
36
151
-189
7
-10
0
6
47
-41
-4
-7
12
0
33
-30
34
-7
27
224
-292
-2
0
134
-125
28
-32
-5
1
8
195
-196
-6
0
16
-18
0
1013
-1010
0
33
-27
-6
0
1
-1
3
195
-194
-3
1
2:3
-8
5
-4
11
-11
5
184
-159
-28
-2
-3
7
-2
15
-9
-10
-1
15
-13
-1
9
2
-5
9
-13
16
-19
2
0
3
22
-28
26
251
-268
120
826
-98
-855
7
1
351
-359
15
-11
5
-9
41
197
-236
-4
7
-2
-5
0
14
29
27
204
-29
-241
19
40
-58
8
-13
7
9
-13
-1
407
-405
20
-22
17
-17
4
25
1
-31
0
50
-17
-34
2:2
4
-8
2:0
62
-49
-8
7
-10
1
-3
1
2
1
62
-60
-6
1
-1
8:0
2
-2
7:0
3
-3
5:0
1
-1
3:0
2
2:-1
8:0
1
-1
1
-1
16:0
1
-1
6:0
2
2:-1
4:0
1
-1
2:0
1
-1
5:0
1
-1
1
-1
0
4
-3
-1
2:0
2
-2
0
2
-2
0
1
-1
3:0
3
-3
0
4
-4
2
-2
3:0
2
-2
3:0
1
-1
2:0
1
-1
4:0
2
2:-1
1
0
-1
2:0
1
-1
2:0
1
-1
5:0
1
0
-1
1
-1
6:0
1
-1
2
-2
3:0
1
-1
2:0
1
-1
1
-1
3:0
1
-1
3:0
3
-3
3:0
2
-2
2:0
2
0
-2
7:0
1
-1
4:0
1
2:0
-1
2
-2
1
-1
0
3
-3
6:0
5
-5
4
-4
2
-2
2:0
4
-4
9:0
1
-1
5
-5
2:0
18
-10
-5
-2
-1
2:0
1
-1
3:0
1
-1
1
-1
0
2:1
2
2:-1
-2
0
1
-1
4:0
1
-1
4:0
3
-3
2
-2
5:0
10
-10
2
-2
1
-1
4:0
6
-5
-1
2:0
4
-3
-1
2:0
1
-1
4:0
1
0
-1
0
5
-5
6:0
5
-5
3:0
1
-1
5:0
8
-8
2:0
1
-1
2
-2
2
-2
2:0
1
0
-1
4:0
2
-2
1
-1
5:0
2
-1
2:0
-1
5:0
4
-3
4
-5
0
1
0
-1
2:0
2:1
-1
0
-1
2
-2
3:0
1
2
-3
1
-1
2:0
1
-1
2
0
-1
0
-1
1
-1
3:0
1
-1
7:0
1
4
-5
0
15
-15
0
2
-2
2:0
4
-4
0
15
-15
2:0
1
-1
8:0
3
-3
0
2
-2
4:0
2:1
-1
0
-1
5:0
2
-2
1
2:0
-1
3:0
5
-3
-2
2
-2
0
1
-1
2:0
12
-9
-3
1
2
-1
-2
2:0
1
-1
3:0
1
-1
3:0
1
-1
3:0
2
-2
6
-5
0
1
-2
4:0
2
1
4
-7
0
2
6
-8
0
1
-1
2:0
6
-5
-1
1
-1
4:0
2:1
-1
0
-1
0
2
-2
0
2
-2
0
1
0
-1
0
1
-1
4
-4
4
-4
3:0
5
-3
-2
4:0
2
5
-5
-2
4:0
8
-7
-1
16
-15
-1
2
-2
0
1
-1
2:0
1
6
-7
0
1
-1
4:0
1
0
-1
0
6
-5
12
-13
4:0
1
-1
3
-3
6:0
4
3
-3
-4
3:0
3
-3
6:0
1
-1
1
6
-7
1
end
