v1
1115
207
536
128
358
31
21
187
268
347
70
481
1
57
56
22
28
653
172
612
157
575
393
166
202
87
160
111
69
32
76
73
175
10
194
140
167
160
413
410
85
555
31
225
281
67
1
185
176
86
257
127
148
178
157
45
370
303
275
297
134
282
212
442
339
126
31
556
328
128
7
186
459
50
95
402
288
363
394
275
496
69
312
294
59
50
172
293
38
29
45
6
32
25
18
4
34
23
8
51
144
4
118
82
32
42
45
14
64
30
5
30
38
19
38
17
14
77
36
118
447
78
95
120
225
195
219
110
201
103
10
39
116
146
138
175
141
85
142
259
146
5
282
156
52
196
37
299
15
31
2
83
70
229
41
528
175
9
41
662
96
301
83
322
55
56
109
2
66
302
75
50
997
241
71
29
203
42
128
126
7
8
115
32
323
0
96
14
712
82
102
360
52
40
175
70
121
8
11
0
32
109
343
100
54
47
56
5
89
38
22
86
153
59
5
23
99
94
5
682
20
252
92
31401
5
1
21
9
12
192
33
50
3
44
85
88
76
8
110
2
36
8
22
1043
109
68
100
11
71
46
120
15
3
47
3310
2211
328
1553
5140
10816
2650
811
8947
790
830
5307
3
2172
816
4449
2
4
10913
1840
2466
5162
5
3
1425
123472
7741
73
9417
32421
22
26
16
79
26
97
145
5
54647
890
157
9
27
57
0
6
12
17
145
27
10
2
1
10
2
6
5
2
938
13
20934
3093
18188
2243
874
188
665
766
202
3
2
22
28
3
39
19
28
54
40
37
3
1
90
9
1
30302
9978
26
64
245
31
725
1
296
56
25
17
92
387
9
57
2:9
41
103
60
13
25
0
34
273
247
128
13
50
6
3
14
15
22
1
72
14918
0
9
2018
9723
1
81
69
12
116
28
36
26
75
87
54
43
24
131
50
23
16
46
3
60
-489122
6
62
34
146
7
67
3
65
79
35
31
78
33
196
17
147
177
72
11
50
55
14
25
35
30
23
61
0
210
44
0
6
42
8
46
0
82
88
137
3
123
67
43
179
25
44
85
76
77
0
82
101
96
18
122
46
12
81
36
95
52
0
182
47
59
43
55
13
134
115
49
70
107
59
27
412
20
32
28
76
26
50
58
70
45
36
88
47
321
117
19
48
137
86
5
75
247
19
24
97
65
0
39
119
190
167
71
137
8
22
0
73
0
237
55
15
43
0
26
345
153
10
2
68
5
7
133
47
131
407
3
24
32
11
81
20
218
50
140
2
57
232
149
82
97
1
59
46
19
43
1
35
318
4
27
59
83
41
16
0
30
8
11
98
300
63
92
0
48
26
23
4
18
5
13
48
78
102
55
134
53
0
83
65
111
113
67
108
141
11
32
59
2
17
0
82
263
76
2:120
117
29
144
0
14
46
229
18
60
28
14
25
41
14
244
153
69
157
27
28
45
130
230
108
124
8
15
77
205
84
107
111
9
251
18
2:32
219
0
94
143
163
82
47
66
91
85
267
20
52
69
4
120
61
4
22
25
17
16
93
17
5
2
26
10
13
47
2
0
17
117
30
90
1
23
44
11
0
9
71
0
52
33
234
66
130
0
127
91
0
27
171
119
39
302
283
129
10
135
126
48
22
43
201
5
1
114
111
234
27
34
387
100
21
7
3
51
57
58
204
47
313
282
17
33
91
114
52
33
37
136
177
420
56
2:58
27
0
1
7
0
151
796
240
0
7
80
33
35
25
22
83
93
43
33
140
25
0
112
9
19
0
1
55
25
77
0
56
224
77
2
118
18
32
60
50
3
265
62
0
77
66
119
35
9
8
11
29
0
154
108
30
50
96
50
6
27
19
87
0
37
19
38
19
160
288
1
235
0
446
162
2
36
0
45
118
328
3
10
13
123
252
269
3
0
18
2
8
6
32
178
73
22
29
76
222
37
23
141
151
15
20
87
107
103
110
32
106
0
34
35
2
73
113
26
14
15
1
40
41
4
8
102
98
25
32
57
41
3
0
10
31413
82
9
184
27
41
31
61
92
0
120
41
94
9
992
11
64
30
50
162
20
80
25
90
124
11
272
1783
905
2877
398
809
671
3442
2
3838
6226
1398
0
713
12037
5491
1389
4349
872
10715
28
2
2812
896
943
34
1514
1407
509
2
1054
3104
8
1
6
2
8
1448
3502
11948
0
104456
3544
7717
51
6
22
13
0
38195
1118
2422
67
39
12
34
12
59
75
40
73
1
19
30
23
4
15
0
27
9
2
71
7168
2380
45715
28
0
50
12
23
47
7
65
119
3
8
21
15
51
7
50
2
46
2:51
1
2:4
100
643
7
36
10
8
94
0
3515
9355
3480
12160
5795
3251
5422
120
0
165
82
2011
0
45
1290
534
9
5
20
18
48
5
39
32
11
13
1
4
62
41
12
51
31821
8428
3
167
133
159
79
22
21
188
231
0
172
41
196
3
5
18
70
7
85
63
62
24
25
64
22
140
13
45
0
219
9
22
5
2
3
1
4
103
109
148
302
75
104
14775
14
70
56
82
4
11708
151
26
41
80
17
19
1
3
45
4
123
12
78
12
19
11
10
1
2
18
3
25
28
12
226
6
43
1426360200
399:0
1
714:0
129
-49
-22
4552
-4583
42
6
5
6849
-6775
-128
88
306
9915
-10134
238
-357
952
-803
-167
85
229
-35
-317
5
-10
132
-128
-8
61
-56
25
-17
766
-771
28
100
-110
-26
22
-20
4
1967
-1830
-134
1724
-1684
101
-122
13
12
-39
25
-38
1
396
-305
451
-514
37
-64
70
503
-120
322
-779
10
179
-156
21
-38
58
-58
-2
99
24
640
-137
-416
-149
-66
26
804
-817
685
-702
18
33
-16
-34
-1
4645
-4600
75
-115
9
-18
30
-11
-3
107
-24
1746
-1838
125
-33
-11
152
-99
-2
556
-668
-3
-4
-11
54
-16
-43
163
-42
-112
153
-52
-70
-14
644
336
-989
72
333487
-280515
-52994
-71
23
18
-27
-1
111
9
2:-66
15
-9
47
-43
8
187
-181
141
11
-132
2
40
1977
-1890
-109
-63
53
-16
118
197
-352
68
2686
-2674
-66
621
-632
52419
-44215
-8180
172
-78
-71
-27
-11
38
501
-181
-346
151
-112
72233
-72283
6
112
818
-926
-24
81
-54
-22
137
-113
5312
-5337
1862
-1586
-35
-234
-11
40
214
363044
-363283
4759
5583
-10318
-39
39
157
-153
-36
2811
7748
-10535
330
186
-539
25
2851
-2835
1344
3371
-4757
439
-365
-58
96
-91
-28
125
839
-175
-473
-136
-155
3
736
250
-999
81
861
-543
-347
-20
16
-41
202
-25
-184
50
60
53
-105
1802
-1325
-346
620
950
14351
-16116
39
254
-289
760
-767
430
-429
157
-134
-26
88
-65
21173
-21140
-55
4
602
-237
-373
6482
-6447
16190
-16218
436
-442
-2
10
95
7094
-7193
16
-3
-15
339
-326
5
-11
-5
595
-499
-93
-9
-1
6
0
33
-22
91
-85
-20
14
15
-14
170
-8
-139
-6
49
-14
-35
6229
-6260
37
1391
6897
-7972
-221
887
28596
-29575
1054
8765
-4564
-5285
175
3564
-3718
21
-37
14
5
-7
184
1035
-1170
-66
-13
40
-41
304
1460
-1595
2166
22307
-24600
98
-123
1126
-1136
36
-19
35
-34
213
-170
-44
49
-67
1
52
20829
-20631
304
-542
-5
37
-17
5550
-5437
84
-4
1468
-1374
-319
223
909
-1026
193
-301
306
-306
28
12
24
69
-129
41
3136
-3188
-8
-2
0
12
-12
4
1
-4
3
-3
9
-10
1
-1
16
-16
1
-1
2:0
9
-8
9
-9
5
4
-8
0
-2
2:0
5
-4
10
-8
-1
8
1
-9
6
3
-3
-2
-3
-1
-2
8
-2
-4
0
-1
2:1
4
1
-4
1
-5
0
9
-9
1
-1
2
0
4
-3
1
-4
0
1
-1
4
-4
2
4
-1
-2
3
-3
2:-1
2
-3
0
5
-2
-3
0
3
2:5
-10
0
1
2
10
-15
9
-10
2
-1
9
-8
2:3
0
5
-2
-9
2:-1
0
15
-14
3
-3
0
13
-8
-6
10
-8
8
-10
5
2
2:-3
1
2
-3
-1
15
-14
-1
0
3
-1
1
10
-11
5
6
-12
13
-14
0
1
-1
6
-5
12
-11
2
-4
2
4:0
-2
8
-8
7
2:-3
1
2
6
-10
8
0
-5
2
-2
3
-4
2:-1
2
-2
1
-1
13
-12
6
-3
3
-6
-1
3
-3
9
7
-16
3
-3
1
12
-8
-2
-1
-2
2
-2
1
6
-5
3
-4
9
-9
5
-2
-3
0
2
8
-9
-1
7
-5
-3
3
-2
-1
2:1
11
-12
7
-3
-1
11
-14
2
6
-2
-5
6
-5
-3
4
-3
-1
3
-3
6
-5
-1
5
-3
10
-12
5
0
-3
10
-3
-8
0
1
2:-1
4
6
4
-6
2:-2
8
-12
3
2
0
-2
-1
10
-10
1
3
2:-2
9
-9
0
2
-3
1
-2
3
-1
-2
0
1
2
-2
0
3
-4
12
-11
0
2
12
-12
-2
13
-13
-1
11
-11
7
0
-5
2
4
-5
-3
4
-2
10
-7
0
6
-10
2
4
1
-6
2
-1
4
5
-9
2
-2
13
-12
-3
0
-1
2:1
7
-8
0
-1
8
1
4
-13
1
6
-6
0
2
11
-5
-3
4
-6
-4
0
2
2:1
-3
1
9
-9
2
0
-4
5
2:-2
2
2:1
-2
1
-2
11
-12
2:2
-2
-3
13
-13
8
2
-3
-2
-5
0
2
0
1
-2
5
-6
8
2:-1
-4
1
-1
-2
3
-2
1
9
-11
3
9
-12
9
-8
-1
0
3
1
-2
-1
12
-10
2
-4
2
-1
-2
2:0
6
1
-6
0
3
-2
6
5
-5
-1
5
-12
0
5
-4
-1
2
-1
0
5
2:1
-7
2
-1
6
2
-8
-1
10
-8
2:0
-2
2
-2
2
-2
6
-5
-2
1
-1
3
-1
4
-6
2
-2
1
-1
7
0
-6
8
-7
3
-2
2:-1
2:1
-3
4
1
-4
4
-4
15
-13
1
-1
-2
-1
5
-3
7
-8
14
-15
0
4
6
-8
3
6
-10
7
-5
-2
1
-1
3
0
-4
2
3
8
-12
5
-5
1
7
-7
5
-7
0
6
-2
-1
-2
2
7
-10
1
5
-1
6
-5
-4
4
5
-9
0
3
-1
2:1
-3
7
-9
11
-11
-1
1
5
-4
0
2:-1
4
-2
7
-4
6
-10
0
-1
8
-1
8
-14
3
-3
0
14
0
-15
16
-10
9
-15
2
2:-1
9
-7
5
-5
10
-11
1
0
11
-10
1
-1
9
-9
1
3
1
4
-8
-1
-3
1
3
0
2:-2
2:0
2
6
-4
-2
4
3
-9
0
1
0
15
-15
10
-6
7
-11
7
4
-7
-1
-2
0
-2
15
-14
-1
8
-7
11
-12
3
0
-1
3
7
-12
1
3
2
3
-4
8
3
-15
10
-10
0
-1
11
-2
7
-13
5
-1
0
-7
2:1
-1
2
-3
0
1
5
2
-8
14
0
-8
-5
0
1
8
-6
8
4
-14
-2
5
2:-2
7
-7
7
-4
3
1
-3
15
-14
2
0
-3
156
-156
2
3
14
5
12
-33
-1
7
18
-26
2:9
-19
0
3
2:2
-6
2
-2
-1
1
8
-3
-4
12
-11
0
-1
1
2:0
29
-32
0
1
7
-5
4
3
-9
-1
7
-7
4
22
-23
11
-12
6
-8
9
3
4
-12
-3
-1
5
-2
1
-4
0
5
-2
2
-3
21
19
-33
-9
1
3
67
-68
1
2:-2
2:3
0
-2
59
-55
-4
-3
10
-10
5
-2
-3
22
10
62
-95
12
-8
3
5
-3
-8
14
-10
0
-2
4
-6
-1
1
14
7
-17
8
-1
2:-5
1
88
-91
2
1903
-1820
-63
-22
10
4
-11
2:-1
24
-17
-4
5
-5
-4
2
4
10
-10
-5
48
-48
15
2
-2
-7
-3
-4
2:1
22
31
-56
4
52
-50
2
5
-12
1078
-908
-166
-6
12
-11
0
-1
7
45
-7
-39
2:-3
545
-539
1
-6
72
-67
-6
12
-11
1
30
-21
8
-17
167
-79
0
-77
-13
3
29
893
-914
61
88
-160
1
0
16
-5
-2
183
1440
-1632
22
74
-97
5
133
-112
-22
223
-226
20
-8
-13
7
-6
-1
12
78
-83
61
-61
2
-9
60
177
-232
9
-13
4
-3
-2
2:8
-15
58
-58
6
-5
15
12
19
-1
-7
9
19
13
-74
-6
2
-3
97
-97
4
13
34
-46
-1
2
7
225
-237
1
2
15
-19
2
700
-701
10
-5
1
-7
2:0
7
236
-241
12
-2
0
-3
9
-1
-11
2
246
-214
-35
0
-2
7
-5
13
11
-15
-10
-4
34
-26
-3
6
4
-15
6
7
-11
6
-6
1
8
-9
31
2:-16
10
210
-207
96
284
675
-1063
6
255
-265
10
-9
9
-7
-2
56
208
-261
0
-4
28
-27
17
22
59
126
269
-491
26
-31
112
-112
0
21
-15
-5
23
-3
-18
6
-9
12
-10
242
-220
-12
-3
0
5
-12
26
-1
-21
-1
41
-6
-40
3:3
119
-126
14
-11
-1
-3
-1
68
-68
0
65
-64
-1
2:0
1
-1
2:0
1
-1
1
0
-1
8:0
4
-4
1
-1
1
-1
3:0
1
0
-1
2:0
1
-1
0
1
-1
0
2
-2
3:0
1
-1
1
-1
6:0
41
-41
2:0
1
-1
6:0
1
-1
4:0
1
-1
2:0
1
-1
12:0
4
-4
0
1
-1
1
-1
4:0
3
-3
3:0
1
-1
4:0
2
-2
4:0
2
-2
2:0
1
-1
1
-1
6:0
2
-2
13:0
2
-2
1
-1
1
-1
8:0
1
-1
2:0
1
0
-1
1
-1
1
-1
11:0
3
-3
1
-1
6:0
1
-1
15:0
1
-1
4
-4
3:0
3
-3
9:0
1
-1
0
1
-1
1
-1
1
2:0
-1
11:0
2
-2
9
-9
5:0
1
-1
3:0
1
19
-18
-1
2:0
-1
1
-1
2
-2
1
2:0
-1
0
2
-2
4:0
3
-3
0
1
-1
2:0
2
-2
1
0
-1
1
-1
1
-1
2:0
2
-2
0
6
-6
0
5
-4
-1
0
1
-1
2
-2
0
3
-3
3
2:-1
0
-1
1
0
-1
2:0
3
-3
4
-4
2
0
-1
2:0
-1
3:0
5
-5
3:0
1
-1
2
-2
1
-1
4:0
1
2:0
-1
0
2
0
1
-3
0
1
-1
2
-2
0
1
-1
3:0
2
-2
5
-5
7
-7
4:0
5
-5
1
2
3:-1
5:0
6
-6
2:1
-2
2:0
1
-1
1
-1
0
4
-4
0
3
-2
-1
3
-3
6:0
1
-1
0
1
0
-1
2:0
1
-1
5:0
1
0
-1
2
-2
7:0
3
-2
5
-6
1
2:0
3
2:-2
4
-4
3:0
1
-1
2
-2
1
-1
8:0
1
-1
0
1
-1
2:0
1
-1
0
1
-1
1
-1
3
-3
1
-1
0
1
-1
3:0
1
0
-1
3:0
3
-3
0
1
3
-3
1
2:-1
5:0
5
-2
-3
0
2:1
-2
2
-2
0
14
-13
-1
8:0
1
-1
2:0
5
-5
2
-1
3
-4
2:0
2
-1
3
0
2:-2
1
-1
9:0
7
-7
3
-3
2:0
7
-7
1
-1
2:0
1
2
7
-10
0
1
19
-20
1
-1
3:0
2
-2
3
-3
1
-1
0
3
0
-3
3
-3
0
2
2:-1
3
-3
2
-2
6:0
2:1
-2
2:0
1
0
-1
2:0
4
-4
3
-3
1
-1
3
1
-3
-1
3:0
2
-2
3:0
4
-4
2:0
1
-1
1
-1
1
4
-5
1
-1
2
-2
0
1
-1
2:0
2
4
-4
-1
0
-1
2
-2
4:0
1
-1
1
0
-1
0
1
0
-1
3:0
1
-1
2
3
-4
-1
1
0
-1
4:0
end
