v1
1121
743
30
456
176
15
48
615
552
57
17
39
22
520
161
172
612
732
393
260
901
194
140
167
573
63
417
826
491
219
894
777
275
431
494
388
54
0
339
126
376
674
1843
394
275
1171
669
55
43
117
151
118
82
74
188
357
447
173
120
749
314
33
6
116
459
368
259
433
404
336
48
382
41
703
1109
460
165
2
368
75
50
1238
473
126
15
147
433
896
415
37
175
70
129
11
584
0
54
97
6
5
235
153
64
23
193
5
954
31493
5
22
9
204
130
85
172
112
36
30
1331
237
18
47
9
3301
2211
328
1553
5140
10816
2650
811
15864
13
2988
4451
20385
132646
9490
32439
4
280
114
55530
164
93
6
29
145
51
1
11
35188
7980
4993
3
39
47
54
77
3
1
90
9
1
40306
64
252
749
1
505
140
228
9
57
2:9
119
25
73
12
47
648
69
17
37
1
72
14927
2018
9723
1
81
69
12
116
165
87
325
16
49
60
-489143
81
101
363
11
273
189
140
95
177
0
1
17
442
46
84
78
8
28
62
133
40
110
127
39
125
57
61
340
156
46
77
147
0
21
244
142
44
107
142
312
102
19
230
81
34
26
76
26
118
60
302
36
11
225
46
22
56
3
96
147
5
189
20
156
242
160
58
425
8
0
17
299
68
27
6
0
45
238
116
21
135
31
58
264
180
4
68
142
43
20
24
43
9
166
194
63
79
48
9
139
0
93
85
146
11
45
158
51
1
126
34
138
0
22
33
4
194
335
149
58
38
39
15
25
23
58
259
13
127
120
354
67
278
4
88
373
168
237
64
24
18
128
98
13
82
53
102
25
85
90
154
95
32
222
27
21
7
6
75
12
50
185
0
159
0
26
118
29
77
278
29
133
108
0
19
125
80
77
55
164
94
63
115
142
20
51
99
0
97
90
67
196
4
145
171
10
0
26
1
24
5
45
6
38
19
21
1
8
15
11
30
1
46
5
14
6
0
1
110
7
6
3
61
44
23
45
19
10
11
7
128
50
30
73
3
16
38
15
2
14
59
18
36
643
440
160
35
86
110
23
414
44
34
191
180
115
201
85
44
57
100
139
207
5
97
170
144
27
254
9
22
110
30
169
36
0
68
17
70
579
56
58
86
7
12
52
12
120
36
5
662
96
189
10
173
12
10
31
221
139
32
106
0
111
75
93
16
29
27
33
120
24
17
14
267
0
327
77
259
1
279
0
4
63
31
78
50
2:6
32
6
0
6
30
53
94
114
195
283
474
146
101
36
41
4
20
98
331
10
153
4
406
51
109
254
22
29
38
201
53
4
59
72
17
3
215
85
110
17
5
92
11
5
137
106
70
124
50
11
57
1
72
8
13
39
218
98
3
0
25
31
31381
4
64
247
0
11
95
217
134
1008
94
50
22
68
92
195
407
2688
4744
3453
3840
9852
10905
793
10925
1267
1385
6
0
10
8028
50
2825
882
943
15
2466
1997
3146
7
1
9
7
1
1414
13
3523
11948
104456
0
3544
1736
5982
97
4
41824
7
3
48
7
9
0
111
10
44
93
53
57
54631
731
85
54
20
164
3
26
40
29
0
156
39
10
2:1
0
1
3
0
1
6
8
7
726
27
2
24
159
9
4
3445
9355
3480
2360
2294
3093
1178
17823
247
825
280
78
1062
665
436
330
202
2
3
4
1
6
1
10
29
60
38
25
0
20
7
1
31
9
58
68
30308
1513
0
8465
99
0
167
69
31
89
92
12
407
0
172
41
209
13
43
25
17
0
92
110
135
172
3
0
70
22
159
22
15
312
247
103
19
37
0
32
38
108
14720
14
126
45
2
12031
14
36
1
9
26
103
37
76
7
38
11
10
0
1
23
39
14
12
40
3
50
102
36
1
7
-489100
183
119
168
0
14
238
333
131
15
224
242
6
79
41
38
10
5
130
164
5
9
192
146
150
48
572
210
140
22
248
169
329
312
104
318
67
125
21
115
370
6
116
117
67
9
294
266
0
535
237
13
16
273
500
90
50
218
39
13
58
41
0
227
221
336
643
170
274
46
19
34
139
303
97
182
7
541
63
553
175
46
384
11
36
156
358
473
240
287
4
198
195
80
109
21
116
360
64
75
358
47
93
36
166
372
507
56
483
31
165
5
432
48
21
6
27
9
316
211
1
27
0
9
77
37
182
130
127
134
455
204
65
112
59
22
40
15
65
261
194
713
365
83
993
39
99
229
18
904
247
2
47
491
210
89
144
158
34
48
145
216
25
183
13
158
224
208
741
92
291
1
248
219
72
77
41
83
58
57
41
182
54
333
44
221
48
104
38
105
10
904
3
34
640
138
221
106
235
124
413
85
20
178
10
168
14
31408
9
33
43
34
208
61
25
231
129
9
949
429
31
181
2124
3782
0
1878
2751
9647
3646
6563
5435
414
1206
3485
1389
2605
1744
11604
0
13
4685
1514
921
5176
6
5478
115875
11260
51
6
0
22
27737
13095
972
119
123
2
116
36
51
36
6668
29369
19427
118
176
34
273
722
8007
11378
7997
15993
38
1685
370
44
1
133
10
1680
10
25
167
41
30
48
27
11
40405
198
200
684
227
458
77
71
224
0
773
5
82
14903
116
0
1977
9862
50
41
19
29
117
7
101
144
20
18
286
14
4
1426293000
199:0
1
599:0
1
320:0
818
-569
1501
-1315
14
-312
14108
-13365
-430
-310
1029
-915
-5
669
218
-949
-83
45
555
-558
468
-371
-131
44
111
47
463
-673
10
-3
379
587
-778
119
-296
191
-3
265
-398
45
-86
336
-198
37
245
710
-228
-873
-33
90
-72
3062
-3047
33
184
-276
-2
293
499
180801
-181460
10861
-10990
200
-201
72
152
8971
-9027
323
-447
206
-232
154
2208
-2360
21
10237
-8007
-2257
11
625
102
-746
31804
-30681
-899
-215
16
-30
170
2830
-2888
87
-3
63403
-63583
3493
1609
-4839
230
3121
6807
-10411
212
1586
-829
5013
-5687
-224
-101
1085
-171
-637
-74
1402
-1606
16
279
153
-270
-119
166
-144
1642
-1615
85
456
5208
-5102
-752
972
-945
2
25194
-24913
6828
-7106
774
-754
7369
-7302
207
-249
-81
455
-444
180
-190
130
-45
15
591
8007
-6603
-740
7777
-8188
10525
-6972
-4465
106
1549
-1588
48
112
-171
1347
-1321
-113
370
2872
-3229
1773
13265
-15026
6
5353
-5318
-34
1168
-1164
-8
14636
-14573
87
-157
457
352
-584
-164
-45
1295
-1182
-93
423
1983
-2312
-63
15078
-15256
-9
2
-2
2:0
2
15
53
-64
-2
29
-5
-18
52
-51
-9
6
-3
-4
-1
10
-9
11
-1
-7
0
-4
4
21
-17
19
-27
2
-4
18
36
-39
-14
0
-1
4
25
-27
82
-64
-19
0
16
-12
8
-11
8
41
-46
47
-51
1
7
48
-57
5
12
-12
10
73
-58
18
-28
-12
1
-7
-1
0
14
-12
1
-2
-1
25
-26
21
0
-15
-2
38
-35
-6
94
-1
-73
-18
6
-9
14
1
29
11
-42
-7
6
4
-16
0
13
-9
5
1
-9
40
-30
38
-45
0
-4
61
-61
0
1
14
-12
-2
6
-6
1
0
39
-40
0
1
88
-87
0
6
38
-35
-9
-1
13
-10
1
49
-55
0
8
19
-27
1
29
1
-28
9
10
-19
62
-50
-14
2:13
-26
3
31
-27
-1
2:1
-3
15
-20
16
-7
68
-76
4
-3
-1
11
1
-3
-9
1
-2
2
-3
0
7
24
-24
2
-9
11
16
-27
0
74
-73
14
1
-10
73
-73
77
-59
-9
75
-64
-26
3
-2
0
5
-5
0
38
3
37
-76
2
-5
7
-2
-3
13
-15
6
-3
2
4
-3
5
-10
29
36
9
-75
10
74
-59
20
-6
-39
0
1
21
-10
58
-66
-2
11
-12
67
-60
-1
-6
6
40
-44
36
4
-37
1
-5
0
38
-29
-10
16
-14
3
5
-7
34
-26
-2
2
-3
-1
2:-2
12
-11
59
-59
-3
15
6
-18
63
-34
-25
5
-11
62
-63
11
-11
26
-26
5
8
-15
17
-10
2
-8
26
-23
-4
0
3
-3
2
-2
13
49
-59
1
-3
8
30
-10
3
4
-35
42
-42
3
5
-3
86
-92
4
0
3
28
-32
-1
22
-18
0
4
-6
68
-72
64
-62
65
-67
2
1
-3
0
52
7
-43
-1
-12
-2
20
7
-27
0
15
54
-70
22
-21
8
-1
-4
-3
77
-74
-4
3
4
-2
3
15
-16
-6
-1
6
-6
2
50
-14
-22
-7
-1
39
-30
-16
-1
18
-3
0
-15
3
5
21
-27
13
-10
51
-37
26
-37
-8
12
-11
31
-20
-11
1
35
-19
9
-5
-11
4
15
20
-49
11
-7
2
52
-42
-10
-3
6
-8
13
15
-14
-1
42
-17
-40
14
1
-10
-4
34
1
-35
49
-36
3
4
-5
-2
1
-14
7
-5
4
42
-33
-10
7
-6
-4
20
-11
-10
88
-75
-9
-2
0
41
-39
-4
7
-3
7
-12
5
-4
4
31
-34
9
-8
-1
-2
42
-32
24
-24
-4
13
-19
43
-16
-22
86
-85
2:5
79
-68
36
-4
-34
55
-72
13
-8
7
-10
-7
22
-17
-2
-6
6
3
-10
6
-5
42
-42
1
7
-3
26
4
51
-80
2
17
2
18
-42
76
-69
5
-1
-14
-1
17
0
23
-15
11
-3
-30
26
-23
-5
2
1
6
16
-24
3
-3
61
30
-91
2:2
-3
-2
19
17
-7
-27
1
8
3
-3
-6
1
2
-9
21
-11
4
-9
8
-2
-8
6
-1
32
-38
11
-11
23
-17
79
-60
-23
31
-35
41
-41
2:-1
0
1
-2
2:1
-1
1
0
-2
2
-2
0
2
-2
2
2:-1
1
0
-1
1
-1
2
-1
0
1
0
-2
2:0
2
2:-1
0
2
0
-2
3
2:-1
0
1
0
1
0
-1
0
-1
1
0
-1
1
2:-1
2
2:-1
1
2:0
1
-2
0
2
-1
0
-1
2
2:-1
2
0
1
0
-1
2:0
-1
1
-1
0
-1
2:0
2
-1
1
-1
2
-2
-1
1
0
2
-3
2:1
-2
2
0
-2
2
-2
0
3
2:-1
1
-1
1
-2
2:1
-1
2:0
1
-2
2:0
1
2:0
2
-2
-1
1
3:0
-1
0
1
-1
0
2:1
-2
0
2
0
-1
2:0
-1
3
-1
0
-1
0
1
-2
1
-1
2:1
-2
0
1
0
2
-3
1
-1
2
0
-1
1
-2
2
0
-2
2
-1
1
-1
0
-1
1
-1
2:0
1
2
-2
1
-1
1
-1
0
1
-2
3
3:-1
1
0
1
2:-1
0
2:1
0
-1
1
-2
2
2:0
1
-1
-2
2:1
-2
1
-1
0
1
0
-1
0
2
0
-2
2
-2
0
1
-1
1
0
1
-1
2
2:-1
1
0
2:-1
3
-1
-2
2
-1
1
-1
3:0
-1
2:1
2:-1
1
-1
2:0
2
-1
2
-3
2:1
0
-2
2
-2
3
0
-1
-2
2:0
1
-1
0
1
2
-2
1
-1
0
2
3:-1
1
2
3:-1
1
0
2
-1
0
-1
1
-2
1
0
-1
2
-2
2:0
2
-1
0
-1
1
2
-2
2
-1
6
-6
2:3
192
-195
19
-21
36
-7
-30
2
9
11
-10
-1
-11
5
-3
1
4
-3
-4
0
26
-26
1
0
5
13
-6
-1
-11
15
0
-3
-9
-4
7
19
14
-17
39
-61
83
-79
1
12
11
73
-92
8
0
-1
-8
-2
77
1947
-2029
114
-96
-9
-10
28
-11
-15
13
64
-68
4
-10
34
26
-54
4
792
-716
-85
7
30
0
-41
347
-289
-47
-12
41
-26
-5
164
-110
-36
0
1002
-1032
77
143
-202
-9
186
1775
-1953
91
23
-129
234
-208
-15
-11
92
-87
10
47
166
-216
-10
46
-42
-2
-5
7
35
1
-10
12
3
28
-4
-73
116
-114
43
172
-216
831
-831
26
-22
197
-200
6
4
-4
239
-202
-28
0
-3
-13
6
-5
37
-15
0
282
-195
269
698
-1070
3
243
-247
13
-20
42
223
-262
2
12
37
29
143
153
-378
22
98
-117
12
21
-30
4
285
-277
5
-5
-8
19
8
-35
3
44
-17
-22
105
-113
58
-57
85
-89
0
1
-1
2
-2
2:0
6
-6
0
1
0
-1
7
-7
0
1
-1
0
1
0
-1
0
1
-1
4:0
32
-31
1
0
-2
2
-2
3
-3
3:0
3
-3
1
-1
3:0
1
-1
2:0
3
-3
8
-6
-2
2:1
-2
4
-3
-1
0
7
-6
-1
2:1
0
2:-1
2:0
1
0
-1
0
6
-4
0
2
-3
-1
2:1
-2
0
8
-6
-1
1
-2
2
-1
9
-7
-1
0
-1
2:0
2
2:-1
2
-3
0
3
-2
1
-2
2:0
4
-4
2:0
1
-1
2:0
1
-1
9:0
5
-4
0
-1
3
-2
-1
4
-4
3:0
1
2:0
-1
0
3
-1
-2
10
-8
-2
1
-1
0
1
-1
2
0
-2
0
2
-2
1
2
-2
-1
4:0
6
-6
2:1
-2
5:0
4
-4
2:0
1
2
-3
0
3
-3
8
0
-8
4
-4
10
-4
-1
-5
3
-2
3:0
2
2:-1
21
-18
0
-4
2:0
2
-2
0
1
-1
0
4
-4
2
-2
1
-1
0
6
8
-10
-3
5
-5
-1
8
-8
2:0
4
-1
6
-8
0
-1
0
5
1
-4
-2
3
5
-8
3
-1
-2
3
-2
-1
4
0
-2
1
-2
1
2
-4
8
-7
-1
2
-2
0
2
-2
7
-5
-2
3
-2
2:2
-5
0
3
-2
1
-2
18
-18
5
2:-2
0
-1
2:0
5
-5
2:0
3
-3
1
0
-1
8:0
3
-2
1
5
0
-7
3
-3
1
2:0
-1
4:0
7
-6
2
3
-4
1
-3
0
4
-3
-1
2:2
-4
2
-2
2:0
2
6
-7
2
-2
2:0
9
-10
2:0
4
-4
3
-3
7
-7
0
3
-3
2
-2
1
3
-4
1
-1
2:0
2:1
-2
1
7
-3
-4
-1
0
26
-25
-1
1
4
2:0
-5
2:0
5
-5
3
-1
5
-5
2:0
-2
2
-2
0
2
-2
1
2
0
-3
13
-12
2:0
-1
2
2:1
-4
3
7
-9
0
-1
1
2
-3
4
-3
12
-6
-7
8
0
-6
-2
0
7
-6
2
1
-4
3
2
-1
0
-4
0
1
2:0
2:1
-3
2
-2
10
-7
-3
1
-1
2:0
1
5
-2
-4
2
0
3
-4
0
-1
2
26
-27
13
-14
4:0
25
-21
-4
3
-3
9
2:-4
3:0
1
17
-13
5
-3
-6
11
-12
7
-8
3:0
6
-5
6:0
1
6
-6
-2
3
-2
2
0
17
-19
0
11
-7
-4
-1
2
-2
4
0
-2
-1
3
1
10
-13
22
0
-24
6
-5
-1
3:0
4
-4
2:1
11
-11
-2
3:0
1
-1
0
1
-1
3
1
-3
-1
2:1
-2
0
6
-6
2:0
2:2
-4
2
0
6
-7
2
-2
0
3
0
2:-2
6
-6
1
-1
12:0
1
-1
13:0
1
-1
16:0
1
-1
10:0
1
-1
10:0
1
-1
4:0
1
-1
4:0
1
-1
5:0
4
-4
7:0
3
-3
7:0
1
-1
7:0
1
-1
20:0
1
0
-1
4:0
2
-2
19:0
2
-2
1
-1
2:0
1
-1
3:0
1
-1
7:0
1
-1
2:0
1
-1
0
1
-1
18:0
1
0
-1
14:0
5
-5
4:0
1
-1
0
3
-3
5:0
1
-1
12:0
1
-1
7:0
1
-1
12:0
2
-2
1
-1
1
-1
7:0
1
-1
3:0
3
-3
3:0
1
-1
9:0
1
0
-1
0
end
