v1
849
207
45
85
406
312
69
105
52
115
24
14
24
10
8
342
97
168
43
145
74
12
40
41
69
3
106
76
17
39
7
14
1
146
77
297
161
7
77
3
0
26
0
59
328
12
132
38
29
73
140
7
10
290
285
130
29
124
110
132
139
51
133
160
95
16
22
12
67
17
0
59
91
61
106
194
21
1
19
62
37
126
41
160
18
32
59
84
153
19
48
278
207
10
28
305
43
23
54
102
31
225
192
342
20
24
43
96
79
50
207
36
43
48
9
37
59
43
31
198
13
34
59
87
124
50
154
193
110
267
8
127
113
191
16
97
259
93
29
388
20
31
3
126
173
2:20
36
33
10
47
22
86
268
316
117
64
24
18
128
7
104
30
62
43
88
39
38
17
345
24
213
68
2
26
45
84
0
14
185
277
139
118
7
134
12
57
66
275
16
157
376
16
97
104
26
34
51
44
250
59
45
5
170
125
181
27
29
12
33
6
32
25
18
4
34
6
17
3
5
46
2
0
3
14
7
123
3
1
104
14
61
12
0
9
1
73
9
36
2:14
31
19
30
35
38
19
38
17
127
118
426
21
170
3
4
116
225
160
35
219
110
262
42
10
39
116
146
138
54
121
141
85
142
87
3
145
21
3
204
15
170
44
129
27
52
196
23
14
10
100
189
10
5
33
66
87
0
229
41
309
207
99
88
50
758
218
2:83
10
63
113
136
55
50
6
55
5
49
2
4
20
157
56
131
75
50
30
17
608
306
11
8
258
33
29
51
96
50
6
44
36
128
2:19
2
17
50
19
7
8
106
0
41
419
14
275
59
277
36
45
20
184
452
175
70
121
8
11
32
43
3
22
6
4
285
22
12
55
12
0
88
40
0
14
47
31
25
5
35
92
20
88
153
59
5
23
69
35
10
59
20
5
9
129
13
106
102
211
40
32
13
0
47
46
17
155
34
1
2:33
25
51
31350
5
22
9
12
31
39
69
53
33
97
49
36
88
38
46
58
54
36
8
22
1043
37
72
155
24
71
166
18
47
9
0
272
3029
1895
316
328
1553
663
1707
2770
10816
2650
811
3955
4989
3
1620
5297
13
2988
1797
1274
1378
2
14
8028
54
2821
882
958
7
2449
1
483
1523
27
3110
9
1
6
2
0
8
2
1433
1042
118885
1
3544
7716
25
73
9417
32411
7
3
18
4
33
9
50
94
21
73
20
57
15
17
5
55428
0
109
59
98
9
27
40
17
6
13
16
36
0
26
54
2:13
3
27
10
2
1
8
2
2:1
6
5
2
726
36
107
82
16280
4654
3093
1178
9030
7980
813
247
201
624
358
1016
46
625
40
436
532
2
3
4
7
11
28
3
39
19
28
35
19
9
31
35
2
3
1
31
11
48
4
5
1
31815
8273
192
26
64
117
59
69
31
59
122
419
125
1
46
41
187
0
35
43
25
17
92
19
91
24
25
136
90
2
9
2
22
33
2:9
41
78
25
30
17
26
12
8
14
211
257
179
26
13
32
24
3
1
13
15
22
1
72
14729
18
141
30
2
0
7
28
1990
9722
2:1
150
12
116
18
1
9
26
10
26
0
2
0
11
62
65
22
54
43
2
21
1
48
3
20
60
50
23
16
49
50
8
2
-489144
270
853
344
179
63
21
153
505
2407
172
734
343
125
272
327
798
241
252
246
1291
531
168
231
203
11
665
937
262
124
710
1669
123
66
144
10
154
26
350
2107
263
4
452
59
65
63
113
7
194
5
406
577
93
395
683
518
27
110
572
100
230
116
189
508
185
609
535
182
705
48
233
14
173
274
361
420
177
549
220
349
139
233
649
126
494
394
445
502
827
273
349
145
80
128
11
42
12
42
55
200
31709
215
31
383
7530
1878
11727
19146
8012
3
20785
3112
170919
3697
137
190
46
35712
19800
216
171
211
650
22
127
17
42224
4779
213
25
116
26
21
40913
925
10
74
651
461
177
15377
11926
35
57
5
84
85
231
160
1426139400
699:0
1
148:0
117
-115
16
11
-7
-20
31
2:-12
23
16
-41
232
-220
-12
3
5773
-5781
154
-153
33
56
-91
2
6
701
-213
-493
2156
-2089
-68
77
-52
-24
0
14
-16
0
3
-3
2
-1
1496
-1493
2:-2
2
4
80
67
-141
14
-22
81
-85
50
-48
306
-308
2
0
18
46
184
-19
-231
3
4
-5
-1
146
-144
4
-5
19
-17
43
-46
2:10
425
-446
19
-16
-3
4
8
-11
440
-267
-172
-2
10
23
-33
96
237
-330
6
-4
115
-117
53
-38
-11
66
-69
63
20
-49
-38
225
-225
1395
-1136
-259
6
2:-3
4
73
-8
-65
0
-1
127
-101
410
-439
393
-333
-35
-5
-16
13
-10
-5
20
-15
-7
13
76
-84
2
64
87
-158
4
0
-4
14
3
147
-159
12
8
91
27
-40
-86
119
-43
-92
0
41
-41
42
-32
-11
17
-8
11
-14
7
-9
3
1
16
7
-28
1125
-1127
-1
2
1
-4
1621
-1420
-193
6
-12
4
-3
17
-17
8
181
-167
265
-287
-2
36
-36
126
-121
35
9
-46
12
-14
75
-45
-7
-23
2
3
-6
1
4
-2
6
-2
47
4
-57
30
-28
7603
-7600
57
-61
5
1
616
-624
63
-57
-2
19
-18
11
20
7
89
-132
6
-3
17
-13
99
-99
121
-123
10
-2
193
-182
156
-178
17
417
-434
0
95303
-86888
-8309
-105
27
3
26
-27
-20
111
-50
-70
27
-16
5
-17
21
-14
254
-246
-13
0
1
-6
6
0
4
50
-30
1387
-851
-549
-9
3
66
105
-175
0
26
8
-20
45
-64
177
-165
-10
-3
0
24
1423
-1422
-25
0
2:4
6
-14
7
-7
-1
6666
-5731
-841
-84
185
-194
9
-4
-5
41
-10
-27
-1
-3
3
0
-2
1
363
-355
-9
29
-23
-6
541
-517
5
-16
-11
15831
-15400
125
-552
-7
16
-5
-3
-2
244
-158
-51
0
-18
1242
-1148
-95
-18
-4
2
7
-3
5
-10
2
39
-35
0
195
-193
-2
12013
-11967
-48
34
2369
-2393
9
-21
300
-278
-22
3302
30089
-33390
8
-7
2:0
248
-249
-4
0
109
-109
3
-2
15
-15
2
116
-88
-29
-1
1034
-1033
54
-56
17
37
15
3598
-3461
-181
-17
-3
0
3
-1
-2
354
-359
8
80
-87
74
-71
60
428
-476
13
270
-298
16
-16
28
-17
235
-197
8
-51
1
-8
122
-121
68
802
-838
-30
-3
204
263
696
726
-1860
-26
1
-4
6
1324
-1269
-61
0
8
57
-62
-1
-3
57
-53
91
-77
-13
-2
33
-35
1
-1
0
100
-90
-9
2:0
16493
-15669
-821
-2
2
15
-18
361
-337
4400
-4404
-16
22
-24
293
-292
524
-528
2:0
39
-38
21
-19
275
4574
-4851
1
0
24
37
-57
1
-2
34
61
-90
394
-397
0
-7
-1
2
0
59
-57
-1
7
-7
2
-1
72
-43
80
208
-279
-40
6
-1
24
-9
2:-2
-14
13
-7
8
-13
9
-2
39
-48
34
-32
30
12
46
-71
-3
10
-26
56
-48
3488
-2487
-1009
874
-869
11193
-11199
24
-9
806
5063
-1258
-4627
0
19
-14
32
1386
-1422
1
233
-214
45
-63
8
-1
-9
11
164
-172
239
62
-301
-4
2
-1
9
0
-5
17
-15
-5
0
56
-44
-2
15
155
294
-475
4
1641
5398
-6159
-821
-54
5
-10
0
473
-246
-193
95
-86
-46
1
1732
-1703
-27
5
0
-8
68
-70
13138
-13088
3979
-4027
120
-87
-24
-5
9
30
-34
78
-84
566
-231
-328
2937
-2711
-225
-11
32
-34
13
-6
3
-3
1
18
21
-41
78
1232
-194
-1101
12
-18
107
-122
3
23
6
-26
164
-141
7
-24
1847
-1860
2:0
-1
1
2:0
-1
2:0
1
0
-1
1
-1
1
0
-1
1
0
-1
1
0
-1
1
3:0
-1
2:0
1
3:0
-1
1
2:0
-1
3:0
1
3:0
-1
0
1
-1
0
1
0
-1
1
-1
2:0
1
3:0
-1
0
1
-1
1
0
-1
0
1
0
-1
0
1
0
-1
2:0
1
-1
1
0
-1
4:0
1
3:0
-1
2:0
1
-1
2:0
1
0
-1
1
0
-1
0
1
0
-1
1
0
-1
1
-1
1
-1
1
0
-1
1
-1
1
5:0
-1
2:0
1
0
-1
2:0
1
-1
3:0
1
-1
1
0
-1
1
2:0
2
-1
0
2
-2
0
4
-3
-1
2
-2
0
3
-1
-2
0
129
-129
2:0
1
2
-3
3:0
13
-13
26
-26
0
14
-13
-1
2:0
21
-21
4:0
6
-6
4:0
7
-6
-1
1
-1
9
-9
1
-1
9
-9
2:0
2
1
-3
5
-4
-1
3:0
3
-3
2
2:-1
0
4
-4
0
2:1
2:-1
6:0
8
-7
-1
2
0
2:-1
4
-4
1
0
12
-13
3
-1
-2
1
-1
2
-2
4
-4
4
-4
0
1
-1
4:0
2
2:-1
2:0
2
3
-5
0
12
-12
0
2
-1
1
-2
0
4
-4
2:0
7
-7
2:0
11
-11
1
2:0
-1
1
3
-4
1
-1
0
3
-3
1
-1
3:0
1
0
-1
2:0
3
-3
1
-1
0
1
-1
0
1
3
-4
13
-13
4:0
19
1
-17
-2
-1
5:0
5
-5
49
-49
0
3
-3
3
-1
0
3
-5
6
-6
18
-17
1
-2
1
-1
3:0
6
-3
0
3
-5
-1
1
-1
11
-11
20
-20
1
0
52
-53
5
-5
1
2:0
-1
3
5
1
-9
4
-3
0
2
4
-7
22
-22
1
-1
6
-4
2:-1
2
38
-40
3
1314
-1269
-26
-22
7
-3
2
-2
-3
-1
3
-1
-2
0
5
-5
2:0
10
-7
-3
3
-3
0
1
2:0
12
-7
-4
60
-61
3
0
3
1
-8
2:0
2:2
10
-14
21
-19
-2
2:0
4
36
-39
0
-1
2:0
8
-8
3:0
269
-232
-26
-11
0
2:1
-2
0
2
5
-5
-2
2:0
5
-4
1
38
-35
-5
0
2
-1
26
-16
-10
1
-1
208
-209
36
-36
2:0
2
1
-2
12
1
-10
4
-4
74
2:-36
-6
4:0
1
-1
0
1
-1
0
15
-15
0
448
-445
-2
1
92
-93
3
-4
12
-8
-1
135
1014
-1152
3
-3
0
1
64
-64
-1
1
-1
0
2
2:-1
2:1
5
-7
1
-1
51
-51
2:0
5
-5
1
96
-76
-13
-8
3
-3
0
2
-1
38
-39
1
38
-39
11
-11
24
85
-104
-1
-4
0
5
-5
7
-1
34
-36
1
-3
0
-2
5
-5
16
4
-8
-12
0
23
13
-2
47
-78
-2
0
-1
0
91
-86
-5
0
5
19
-23
-1
2:0
2:1
2:-1
6:0
1
-1
3:0
152
-145
-7
3
-2
7
-8
0
7
412
-419
2
2:-1
14
-10
4
-8
0
2:1
-2
2:1
3
134
-137
2:0
-1
6
-6
-1
0
11
-7
-4
150
-150
3:0
1
-1
14
-14
0
2
-1
2:0
4
-1
11
-10
-4
3
-4
0
19
-13
2
2:-4
2:1
-1
0
-1
3
5
-8
2
-2
9
-4
5
-8
-1
0
-1
6
-6
18
-4
-14
15
-14
225
-226
6
-6
86
215
154
-455
0
3
-3
2
147
-148
-1
10
-4
3
-9
7
-4
-3
2
3
-4
26
17
-43
-1
2:0
3
-2
0
13
-11
-3
1
2
-2
-1
4
8
7
-19
0
37
141
-98
-77
-3
9
-8
1
83
-85
1
-1
1
-1
0
59
-53
-6
0
1
0
4
-5
195
-193
23
-25
2
-2
5
-3
0
8
-8
3
-5
14
9
-21
33
-9
-25
-1
2
2:-1
1
0
4
0
-2
9
-11
39
-40
8
-8
5
-1
-3
-1
0
2:1
-1
41
-40
1
-2
37
-38
21:0
1
-1
48:0
1
-1
7:0
1
-1
16:0
1
-1
27:0
2:1
-2
18:0
end
