v1
930
207
90
446
40
446
52
115
24
38
10
56
440
102
17
188
126
41
196
1
57
56
22
146
535
73
11
82
6
612
140
17
116
164
295
130
61
130
72
46
409
11
61
88
95
16
177
248
10
194
22
285
27
117
16
50
59
84
82
66
72
278
195
16
6
28
371
156
9
22
77
148
277
224
33
5
15
156
86
257
79
86
288
98
48
11
45
42
168
160
55
2:69
110
104
46
125
292
139
16
101
36
341
442
126
213
65
14
47
31
77
268
521
18
128
7
104
300
47
339
254
27
21
335
77
64
275
225
163
6
275
16
93
64
392
261
51
286
8
109
504
28
45
6
3
29
18
25
1
25
89
2
3
14
130
3
1
118
73
9
12
50
12
123
30
35
3
54
38
17
245
447
78
95
120
225
160
254
110
186
118
10
33
6
116
284
54
121
141
85
101
41
87
111
61
146
102
141
44
404
23
14
291
8
10
5
18
12
3
66
87
229
41
282
141
93
187
9
41
758
301
53
30
322
55
56
111
66
40
168
94
75
50
215
746
19
11
247
33
176
56
44
36
128
40
80
6
15
147
323
110
548
99
45
20
184
415
37
175
17
53
121
8
11
32
74
38
251
89
100
54
47
61
35
92
108
217
23
104
89
5
151
106
116
33
45
251
63
155
34
92
51
31355
22
9
12
275
5
42
85
69
19
84
112
36
8
22
1043
109
179
71
166
18
47
3310
2211
328
1553
5140
6578
4238
2650
811
3512
443
10097
1825
2988
4449
2
4
8078
2835
1825
15
19
2447
5143
1
16
2
6
1427
123472
1735
6079
9417
32379
32
10
18
4
26
7
9
238
20
6
51
32
5
16
71
54560
870
79
98
9
27
40
17
6
12
17
36
109
27
10
2
11
2
6
5
2
1
82
643
29
196
20934
3093
10208
7980
813
1430
1062
665
436
532
2
3
4
7
11
31
58
28
35
19
8
32
37
3
1
43
47
4
5
1
30302
9978
26
64
176
69
7
83
30
280
356
1
296
13
43
25
17
202
275
2
9
2
55
2:9
41
103
30
43
10
2
47
273
375
13
32
5
13
6
3
14
37
1
72
14747
171
9
28
1977
13
9723
1
150
12
116
18
10
26
10
26
13
62
28
13
24
22
97
2
21
1
2
67
59
3
50
22
1
16
49
50
8
2
-488984
65
85
718
379
2:16
10
21
208
31
33
141
8
216
163
103
251
22
38
44
222
160
275
46
186
37
270
138
6
67
220
26
179
80
148
391
286
22
121
47
389
37
12
16
60
166
53
75
84
33
126
62
60
126
266
29
252
13
124
169
223
87
135
185
46
33
151
40
30
29
36
353
2:68
300
273
140
9
32
114
43
2:93
341
11
13
12
26
7
8
56
22
228
263
147
63
93
149
175
49
111
180
84
236
150
335
36
89
166
37
291
253
35
117
65
82
333
88
10
169
117
72
123
7
274
45
692
125
40
94
19
29
150
59
219
94
75
103
10
172
122
48
83
218
246
75
125
22
101
22
154
21
6
15
12
13
11
17
52
6
25
13
15
41
6
17
7
1
72
48
22
40
11
0
19
301
12
7
95
4
15
53
88
68
3
42
76
170
82
230
38
113
74
123
158
214
246
181
204
18
503
45
3
461
23
230
121
6
405
281
41
9
91
53
267
156
236
257
172
47
59
485
391
247
173
22
63
189
135
30
115
26
55
158
82
27
194
403
0
282
13
172
52
331
51
179
143
57
38
76
204
831
342
105
10
56
191
657
37
6
45
63
2
189
29
298
121
28
189
0
21
31
59
25
96
21
117
105
148
176
92
15
1
19
62
134
18
15
27
37
136
3
10
31416
15
64
161
4
29
53
253
38
2
128
1044
64
5
25
50
27
63
87
5
240
362
5565
4629
691
6632
16382
1586
1620
7482
1741
872
2663
5
8028
47
2
5
3703
965
2933
511
1054
3111
17
1415
34
3502
43
487
102776
13098
1
3543
7709
110
41723
108
97
135
80
66
19
27
36046
19327
33
5
12
35
47
27
164
3
260
43
8
3
114
769
76
4
16282
1172
1751
24072
825
276
957
86
45
10
1682
8
25
3
15
1
0
47
50
2
24
21
8
39
40190
589
600
172
41
399
19
115
25
219
39
3
70
172
46
225
240
295
136
14803
11851
266
106
221
7
101
14
9
166
17
1426047600
499:0
1
429:0
15
0
9
-8
0
9
-12
33
-39
57
694
-750
3
6182
-6174
58
-70
11
-2
4454
-585
-3610
-231
-25
-12
20
7
926
-922
391
-420
-1
33
38
-67
-4
0
84
-81
120
-100
-21
20
150
79
-242
-8
34
16
556
-599
6
-14
124
-114
-11
1
2
11
84
-98
2:4
6
11
24
-40
-9
25
-22
53
-49
108
-100
-7
2355
-2346
-8
41
-26
-19
7
29
-38
27
-16
-10
-3
213
-214
3
-1
17
1527
-1545
90
-68
63
-84
6
-3
23
56
-79
62
-65
141
-124
-19
5
0
205
-132
-60
155
-74
-63
-28
5
-3
-8
-2
28
-21
47
2367
-2414
-3
568
-135
-180
-242
2
0
-16
11
1317
-1000
-287
-36
288
-285
-8
0
264
-235
-11
-4
-15
46
-38
41
-39
-2
2
29
47
-68
1335
-1332
-18
74
-35
22
17
-59
2:-8
34
184
-134
-82
12
1137
-1087
-36
2
397
-433
19
102286
-102275
5803
-5489
-326
27
65
-31
-21
-38
2302
-2309
-11
30
-25
1
-8
143
-132
-6
-3
11
63
-33
-41
31
57
500
-576
-13
64
86
-149
13
-10
115
-111
7
49
102
-166
40
-20
1883
-1900
473
-472
-5
10
6473
-4967
-1458
-56
0
1
75
-29
-25
-11
-2
-11
13
455
-440
188
2194
-2335
12342
-12364
497
-545
144
-143
28
401
-431
68
-37
-22
275
-242
1694
-1569
-157
2:-5
23
584
-400
24841
-24987
3135
-3179
4
338
1940
47996
-50288
-6
248
-246
-4
1
24
-27
42
-23
-17
1230
-1207
24
2366
-2243
-91
-77
1884
-1889
869
-859
73
368
-353
199
1098
-1378
9
-8
2:-1
-8
669
-623
68
62
-137
1091
-1105
473
-492
488
322
2007
-2829
31
-33
1272
-1237
7
46
-59
-3
-26
12
81
-92
0
5
94
-96
19327
-19323
33
176
-208
42
5780
-5831
5
1
-3
1847
-1848
-2
68
-51
-15
54
1584
-1298
1921
-2256
-3
1
19
5
8
-36
193
-168
12
324
-352
394
-403
66
-7
-53
2:3
23
-20
11
-7
-5
-11
1
-3
1
10
6
-10
55
-46
15
12
17
-52
203
-191
3
-18
1
36
7277
-7321
1458
-1448
4802
-4790
-2
691
7843
-4253
-4287
18
-15
26
1894
-1923
440
-324
-61
-25
294
-338
0
6
5
167
680
-858
2
5
-5
1
11
-10
271
574
-848
735
1558
-766
-1448
-40
-37
2475
-2412
-64
-2
27
-13
131
-145
9
25
-24
111
-109
12848
-12814
167
-94
-112
74
-76
0
140
23837
-23794
-159
630
108
-733
-33
26
-24
4
426
-379
-31
186
-181
46
3
-70
6
1001
-1014
279
-279
51
-40
393
-398
235
-155
-26
-39
1202
-1228
1
-3
4
-3
1
3
-3
1
2
-3
2
-4
1
0
1
-1
3
-3
-1
3
0
2
-3
4
-3
-1
1
4
-6
5
-4
-1
0
-1
4
1
-3
2:0
2:-1
1
0
1
-2
1
-1
4
2:-1
0
-1
5
-2
-3
1
3
2:-2
-1
3
-3
3
2
-2
1
-4
2:1
-1
3
-4
1
4
-2
2
-3
1
-3
5
1
-5
1
-1
3
-1
-3
1
3
-3
1
-1
4
-3
-2
4
2:-1
4
-3
-2
2
-2
-1
4
-1
2:0
-3
2:0
5
-3
4
-6
0
2:2
-4
1
3
-2
3
-4
2
-2
3
-3
-1
2
1
0
-3
6
-3
3
-4
2
-3
2
-1
0
-1
4
1
-2
-1
1
-4
6
0
-6
4
0
-3
-1
3
1
-2
2
-2
2
-2
-1
4
2:-2
4
-1
1
-1
1
-4
0
5
-5
-1
5
-4
3
-4
1
2
0
-3
6
-6
2
0
2
-4
2:1
-2
0
2
-2
1
-1
2
-1
4
-3
1
0
-2
5
-5
5
2:-3
3
-2
0
3
-4
5
1
-5
4
-1
1
-5
2
3
3:-1
4
-6
5
1
-6
1
-1
3
2
-4
0
2
-1
-2
2:2
-1
-2
1
0
3
-5
5
-2
1
-1
-3
3
-1
2
-3
3
-1
-2
2
-3
2
1
2:0
-3
2
1
-1
4
-5
-1
0
3
-3
0
2:1
3
1
0
-1
1
2:-3
1
0
6
-2
-5
5
2
-1
2:-2
3
-2
-3
1
0
1
-2
2
0
-2
2
-1
4
-5
3
-2
3
-4
1
5
-3
0
2
-2
-1
0
1
0
2
-2
-1
1
-1
2
-4
1
5
-6
0
6
2:-2
-1
2
4:0
-2
-1
6
-5
3
-4
0
2
1
-2
-1
6
-5
2
-3
3
-1
4
-3
2
-3
0
3
-4
6
-7
3:0
6
-3
1
-4
7
-7
2
0
-1
1
2
-3
-1
1
0
-1
1
0
-1
2
2:-1
0
6
-4
0
4
-6
2
1
2
-3
3
-5
1
0
3
-2
2
1
-5
0
4
-1
2
-1
1
-4
0
5
-5
-1
6
-4
2
-1
1
-1
2
2:-1
6
-6
5
-5
4
-4
124
-123
1
-2
3
-1
14
10
-13
-10
-3
0
1
-1
8
0
2:-4
0
1
8
-9
2:0
16
-16
4
-4
2:0
1
7
-7
-1
4
-3
-1
2
2:-1
1
-1
0
1
-1
0
4
-4
0
1
2
-3
7
-7
1
2
-3
7
-5
-1
4
-5
3
1
-2
3
-1
-3
4
-5
2
1
-2
-1
0
5
-5
0
3
1
-4
0
10
-10
10
-8
-2
2
4
0
-4
4
-5
2:0
-1
0
1
-1
5
-5
3
-2
-1
1
2
0
1
-4
7
-6
3
16
-20
0
24
-8
-14
-2
3
-1
-2
0
2
68
-67
-3
7
2:-3
-1
43
-43
4
-4
0
17
-14
-2
0
2
-3
12
10
-20
82
-83
-1
3
5
-1
1
-5
1
-2
4
5
3
-11
-1
2
2:-1
5
42
-49
7
1544
-1550
78
-57
-17
0
4
-5
-1
2
-5
2
-2
7
2:-2
-3
12
-9
-2
0
-1
10
-7
-3
2:0
125
-121
0
3
6
-13
3
-2
3
-3
1
7
14
-23
6
-2
45
-47
5
-6
-1
1
352
-296
-49
-7
2:0
2
1
0
1
-2
-3
3
33
-36
0
47
-44
211
-207
38
-45
1
0
2
28
-29
18
-13
-7
12
-7
86
-44
-43
-3
-1
5
-3
27
529
-541
117
-131
0
20
139
1735
-1897
3
68
-68
-1
-2
0
2
5
-4
2
63
-51
-17
126
-110
2:-8
0
1
40
-36
-5
61
-46
15
110
-138
1
-3
5
-2
2
49
-50
0
4
7
14
-18
25
-35
34
26
147
-207
2
-3
122
-119
1
22
-24
-2
3
-2
2
-2
0
2
-2
-1
164
-161
4
8
-14
8
678
-687
0
1
-1
26
-25
0
9
-8
-2
0
4
3
139
-146
0
2
2:0
8
-10
10
-6
6
5
-10
150
-155
32
-27
-5
2:2
1
6
-2
-8
-1
1
5
-3
9
-7
-3
1
4
-5
11
-9
1
-3
15
-15
1
-2
0
6
17
-24
21
-19
230
-229
6
97
449
-18
-534
2
-1
1
230
-232
11
-9
11
-4
-9
-3
0
2
-2
16
123
-137
-1
3
-3
9
-6
-3
14
17
-32
42
150
-69
-118
9
-12
62
-64
1
-1
3
0
11
-11
1
0
-3
2
0
341
-340
30
-34
3
8
-9
-2
9
13
1
-19
38
-15
-26
-1
1
0
1
9
-1
-10
2:0
45
-41
-1
3
6
-12
2:0
2
2:-1
1
56
-54
1
-3
1
-2
19:0
1
-1
2:0
35
-35
5:0
1
-1
14:0
1
-1
4:0
2
1
-3
10:0
1
-1
2:1
-2
10:0
1
-1
2:0
1
-1
11:0
1
-1
5:0
1
-1
7:0
1
-1
1
-1
8:0
1
-1
13:0
2
-2
7:0
1
-1
0
4
-4
3:0
1
-1
3:0
1
-1
0
1
2:0
-1
5:0
2
-2
0
1
-1
6:0
1
-1
11:0
1
-1
0
1
-1
0
1
-1
2
-2
5
-4
-1
6:0
1
-1
5:0
1
0
-1
0
1
-1
0
1
-1
14:0
2
1
-3
2:0
1
-1
10:0
1
-1
6:0
5
-4
-1
5:0
1
-1
2
-2
3:0
1
-1
0
4
-4
0
1
-1
1
-1
5:0
1
-1
6:0
1
-1
2:0
1
-1
0
2
-2
0
1
0
-1
2
-2
6:0
2
-2
11:0
4
0
-3
-1
2:0
1
-1
2:0
2:1
-2
2
-1
0
-1
1
-1
0
3
0
-3
0
3
-2
-1
4:0
3
-3
1
2:0
-1
5:0
2:1
-2
3:0
1
-1
7:0
1
-1
0
2
2:-1
1
-1
2:0
1
3
-1
-3
4:0
1
-1
2
-2
0
1
-1
3:0
end
