v1
593
55
132
46
7
344
457
83
108
188
48
26
3
101
212
100
54
84
35
79
62
47
193
43
108
77
19
37
22
28
139
199
40
155
81
46
77
52
36
392
220
140
74
218
300
321
72
151
212
5
87
160
164
48
137
91
0
96
10
194
0
18
289
170
99
166
71
67
495
225
174
141
15
31
117
62
12
34
277
72
185
20
24
43
96
79
1
256
36
91
38
110
93
287
136
2:11
51
161
43
95
55
21
89
104
151
12
8
110
322
493
212
21
19
190
136
146
57
66
13
47
31
161
212
168
85
116
100
24
18
135
186
53
127
55
30
0
339
28
189
64
356
141
75
61
0
132
7
300
89
5
275
109
129
15
147
96
324
57
294
59
50
165
108
22
181
0
26
1
29
12
33
38
12
26
10
33
23
8
46
2
3
21
103
24
23
87
8
9
73
1
11
20
42
40
5
14
18
28
18
35
30
57
31
7
17
73
105
67
85
118
0
236
8
173
120
225
160
35
219
110
314
33
6
116
104
110
70
54
61
60
35
106
186
41
87
0
3
108
61
0
291
142
128
1
27
52
196
23
14
271
28
10
38
153
229
41
466
42
195
12
700
96
199
102
83
10
176
136
55
167
66
13
102
187
75
50
47
129
556
162
86
258
33
29
38
109
10
46
80
128
126
7
8
147
40
283
96
14
404
43
245
202
2
8
0
237
70
137
195
113
58
8
11
32
43
31
0
52
0
288
138
54
47
56
5
127
108
130
23
59
5
23
193
5
50
0
69
19
119
122
22
100
0
69
38
85
9
63
98
57
34
77
15
31401
5
6
16
9
290
44
85
88
36
0
40
8
13
99
36
8
22
932
148
72
160
19
71
166
18
47
3310
2211
328
1553
322
2048
2770
7580
3236
2650
811
742
15122
13
2988
1797
2652
6
8056
0
4697
19
2447
2039
3105
7
11
6
2
1425
15471
104456
3544
1
7741
73
4
9413
32379
32
10
4
18
9
24
9
125
113
1
19
53
19
17
5
14
7241
48208
74
59
107
27
3
54
6
12
17
46
99
27
10
1
2
4
6
2:1
6
5
85
643
90
15
114
6
3445
12835
2357
2297
3093
5056
8403
4686
0
43
813
247
1183
873
189
665
436
532
4
1
6
16
9
19
3
39
19
17
11
37
17
8
32
37
3
1
40
41
4
5
9
1
30302
1513
8273
192
26
64
9
310
16
262
404
1
309
85
0
202
135
142
9
21
36
2:9
19
22
103
30
17
26
17
3
39
245
28
0
375
13
37
13
6
17
37
1
72
14733
140
45
0
2
7
28
4
1986
9722
2:1
81
69
12
116
28
7
18
5
6
26
2
66
7
65
7
112
2
11
10
2:1
22
25
52
42
78
49
52
6
2
39
1426594200
592:0
2:4
-4
18
-20
-1
75
-75
12
19
-32
1
35
-36
2:0
3
4980
-4977
961
-967
70
-66
7
601
-603
1406
-1373
114
-156
4
11
100
-110
0
18
-23
644
-643
26
-22
-5
0
61
-57
209
-213
32
-31
5
-6
11
7
-16
2:0
35
-28
-8
0
1
134
-125
-8
20
28
-15
27
-62
9
-6
2
4
-8
-1
1
320
-319
20
-9
340
-346
-2
45
-49
-1
29
-29
0
16
-4
-9
-2
2:-1
2:0
4
-3
0
11
-12
6
-5
-1
30
-15
-14
2
94
-95
-2
1
425
-423
123
-41
-65
-16
49
-17
-34
-2
0
4
-4
10
-6
24
18
97
-119
-6
-18
1
-1
91
-90
-1
2
0
2:-1
1
0
23
242
-244
-22
151
-125
-23
-2
0
1
-2
3
47
320
-368
44
-33
-9
1
-3
1
-2
2
9
-4
-5
201
-203
3
-3
1
-1
3
0
-4
1
-1
1
91
1427
-1519
8
-7
766
-767
36
-8
65
-89
16
-3
-16
0
31
-23
57
-23
-26
15
-27
-3
-2
107
-104
-3
1
3
202
-162
153
-186
-7
-1
13
205
65374
-65482
2252
-2327
-37
0
4
11
-12
5
-9
15
230
-106
-103
-26
-8
4
-5
-1
1
66
-64
-1
6
-8
6
2:-3
0
64
-52
159
-163
15
248
-268
-3
51
-50
-1
40
-40
245
-240
38
-42
39
2049
-1854
-228
-7
24
3569
-589
-2988
-12
5
-8
1
2
41
-36
-8
2
-2
0
25
-16
258
-1
-256
88
62554
-62649
5
8
158
-173
1
7
-10
300
-299
0
1
-1
33
-34
2:4
373
-345
-6
-29
-1
1
3:0
96
19215
-19305
1460
392
-1856
20
-23
7
3
3135
1262
-3724
-576
-106
0
-1
0
1
2
-3
1
-1
1
-1
7
-6
15
-16
4
711
-714
13
82
1010
-1057
162
-154
-30
401
-413
87
-100
2:0
15
-13
79
218
-288
56
-61
33
-7
-10
-19
4
53
-15
-44
180
-171
371
-310
-71
-2
158
-156
908
-390
-455
-52
-13
211
67
-277
2
-3
2
0
121
-121
13
-15
19
17
22097
-22129
-4
4
-3
3
-1
33
264
-278
-21
5536
-5526
4
54
-69
211
-160
-41
121
-127
140
-144
2
-1
1
16
3247
-3265
0
7
-6
0
5
58
-64
34
23
-41
320
-335
20
-8
-12
0
-1
3
-2
17
23
-35
505
-508
2:-1
26
-24
2
-4
4
0
-1
11
4
-16
-2
-1
14
-13
0
128
-129
37
6
30
-53
-20
2
-2
220
-220
7
5356
3427
-8771
63
584
-666
1093
-1092
-1
108
4434
-2997
-1544
2:1
-2
18
119
-131
-5
2
20
-2
6
-25
-2
4
-5
37
170
-207
22
3
-24
-1
49
326
-369
187
166
999
-1358
4
38
-32
-10
311
-279
-27
12
-11
-6
3
79
-71
12
-23
50
-31
2781
-2760
104
-136
-6
20
3
-25
30
-30
1
43
-44
463
-369
749
-811
24
75
85
-210
-6
6
20
-23
6
-8
33
13
-42
12
-14
-2
0
13
-13
-1
3
-3
2
51
-14
-36
10
2139
-2046
2
-1
6:0
2:1
-2
0
1
-1
3:0
86
-85
-1
0
1
-1
0
9
-9
6
3
-7
-2
4:0
11
-11
0
6
-6
11
-11
2:0
4
-4
2
-2
2:0
1
-1
0
2
-2
1
2:0
3
-4
2:0
4
-4
0
1
-1
3
-1
-2
7:0
18
-18
0
1
0
-1
4:0
1
-1
2:0
2
2:-1
7:0
1
-1
2
-2
0
2
0
-2
1
2
-3
2:0
19
-19
0
6
-6
0
4
-3
-1
1
-1
1
-1
1
-1
0
3
-3
1
0
-1
2:0
1
-1
7:0
1
2
-3
0
12
-10
-2
5:0
2
23
-25
3:0
2
-1
0
-1
4:0
16
-16
2:0
1
-1
2
3
-5
3:0
13
-2
-11
5
-5
35
-35
1
-1
5
-5
0
1
-1
0
5
-5
8
-8
0
2
-2
2:0
9
-9
2:0
1
35
-32
-3
1
-2
0
1
36
963
-997
44
-41
-5
-1
0
2
-2
3
-3
2:1
0
-2
2:0
1
-1
2:0
3
-3
0
1
-1
0
1
-1
0
6
-4
24
-23
-2
11
-12
0
4
-4
0
8
-8
24
-23
4
-5
4
38
-37
-5
0
2
229
-160
-70
0
-1
1
-1
2:1
0
-2
3:0
1
2
16
1
-17
-3
276
-275
3
-3
15
-16
0
1
-1
7
-7
3:0
7
-7
0
1
34
-16
-13
-6
4:0
1
8
323
-328
39
19
-62
2
-2
1
5
98
158
-253
28
-37
8:0
2
-2
2:0
1
-1
1
28
-28
10
-9
52
-54
28
-22
-5
37
-38
20
-20
0
2:1
-2
13
71
-81
3
-6
0
4
-4
1
4
15
-18
0
1
2:3
14
-23
0
14
-14
13
7
-4
-16
0
32
-25
-7
5
-5
2:0
6
-6
4
-4
1
-1
133
-131
-2
2:0
1
-1
6
-6
3
-3
337
-337
1
2
-3
10
-10
3
2
-5
3:0
2
-2
3
116
-119
0
1
0
-1
2
0
-2
6
0
-4
71
-73
9
-9
4:0
1
3
1
-2
-1
-2
2
-2
2:0
8
-6
0
-2
1
2
-3
6:0
5
-5
5
0
-1
-3
-1
2:0
18
-16
-2
11
96
-107
1
6
-7
74
-74
0
17
121
22
-160
3:0
3
23
-26
2:0
3
-3
4
-4
3:0
8
27
-35
15
-1
-14
0
4
6
-10
36
32
56
-124
1
10
-11
0
34
-34
0
4
-4
2:0
5
4
-8
-1
5
-5
83
-78
2
-5
-2
11
0
-11
9
-9
0
5
-5
14
-5
53
-61
4
16
-18
-3
4:0
4
-4
3
1
-4
2
-2
2:0
2
-2
4:0
14
-13
-1
0
42
-42
end
