v1
1153
207
377
149
0
10
381
62
43
31
21
139
48
615
51
38
462
58
56
22
28
397
217
39
7
106
59
229
383
196
109
0
275
152
191
202
132
323
136
135
177
152
96
10
83
111
22
244
41
160
18
257
71
67
95
183
2:61
95
250
149
26
130
49
40
148
19
277
257
20
67
96
79
194
63
36
100
139
93
85
157
45
158
8
44
160
193
0
110
7
177
56
35
431
16
74
291
84
29
212
230
339
47
22
57
31
345
116
19
264
140
128
7
104
82
141
39
85
214
125
254
383
53
363
271
17
2:106
169
16
549
24
332
232
18
281
50
73
0
116
92
29
28
17
6
32
25
10
8
4
8
26
23
8
46
2
3
148
23
95
82
74
59
10
4
32
18
30
35
3
35
57
17
127
118
85
91
198
73
173
120
225
160
364
304
10
33
1
5
116
146
138
54
121
141
85
101
41
198
61
151
223
59
129
27
52
202
31
163
136
15
30
1
2
153
0
229
41
528
175
9
41
662
96
199
102
71
12
242
135
56
109
2
24
82
75
187
75
50
992
17
229
33
29
203
38
42
128
126
7
8
115
32
40
301
92
611
285
8
237
170
37
175
70
121
8
11
32
217
146
89
100
54
47
56
5
127
22
86
153
0
59
5
23
193
5
9
142
803
64
31429
5
22
9
204
33
53
44
173
84
112
36
8
22
1152
179
71
166
18
10
37
9
3301
2211
2
326
1553
3764
1376
10816
2650
811
6481
3256
4315
1825
2988
436
4013
2
11799
943
15
2466
0
2036
3124
2
5
1428
15471
104456
0
3545
7741
73
9417
32312
99
10
22
26
7
247
5
104
5
55327
51
159
157
7
2
27
57
6
12
17
16
129
27
12
1
10
2:1
6
5
728
29
60
136
12800
3480
4654
13301
7980
813
1430
1062
665
436
245
0
85
202
2:2
1
5
17
28
1
2
39
5
42
54
40
37
3
1
31
11
1
47
9
1
40306
43
21
176
100
59
79
462
125
1
377
17
202
49
228
9
57
2:9
41
103
47
26
10
7
42
173
13
87
375
13
50
6
17
15
22
1
8
64
14733
0
140
46
8
28
1990
9647
76
1
81
18
51
12
73
29
14
18
72
2
11
0
62
5
60
22
52
9
36
2
22
48
40
93
23
3
13
49
50
8
2
70
38
1
-489171
135
73
233
605
141
138
24
39
101
58
38
124
3
8
57
24
28
26
102
134
29
42
6
34
86
238
2:38
44
32
168
52
130
4
149
62
7
182
103
37
1
21
143
342
42
97
48
7
10
52
5
52
7
4
29
126
129
69
170
91
119
43
69
11
0
126
40
86
15
187
4
61
8
80
50
18
60
17
67
2:9
285
45
72
63
6
56
2:24
97
106
117
93
14
33
103
5
193
16
108
24
141
164
44
8
22
16
51
311
5
13
2
41
3
116
16
10
2
73
26
88
14
12
6
168
72
174
255
4
65
12
41
145
271
180
169
24
52
48
157
46
383
32
179
82
233
189
58
38
151
22
18
48
17
168
257
196
43
0
180
249
28
1
420
270
145
35
88
47
38
96
56
33
75
229
91
82
51
50
123
66
144
43
2
5
21
45
36
12
218
71
87
44
31
174
19
73
52
80
102
43
84
301
50
64
6
49
103
61
121
122
161
81
49
68
107
62
32
35
45
5
150
15
112
163
26
4
6
4
22
16
26
52
59
9
11
2
25
24
66
6
1
51
12
58
2
3
14
47
50
5
12
64
4
17
102
5
113
71
16
9
200
25
113
27
145
0
227
79
7
523
105
86
10
13
31
217
2
290
41
212
13
56
41
3
277
98
416
75
149
22
2
19
30
29
170
46
373
23
33
91
181
18
104
17
175
18
54
32
370
114
38
1
46
1
7
34
30
7
178
829
192
99
3
17
271
41
92
13
93
19
71
13
52
106
37
72
30
85
173
74
245
25
170
77
66
119
44
19
77
244
0
27
119
50
12
21
18
1
124
57
3
35
330
99
125
557
49
14
99
83
27
79
96
38
193
131
47
1
4
74
157
1
116
152
20
1
10
2:6
26
19
13
64
82
95
29
22
114
100
6
28
26
2
37
112
200
18
107
96
11
127
17
98
99
10
29
165
5
45
11
42
2
14
7
33
32
8
1
4
8
39
63
21
17
15
45
15
14
19
9
101
25
31
31376
9
33
31
218
26
17
115
136
28
22
44
69
1037
57
7
80
90
40
219
104
1
47
2971
2877
1878
2751
2061
2470
2792
2324
10652
4992
6494
2605
3
1741
872
432
835
1382
9
10
8038
37
2:1
2812
9
5
1859
4469
3112
9
1
2:7
6
4
2
1412
3536
531
19729
96145
3543
1736
6032
51
41792
34
5
36
3
18
10
50
29
3
39
4
40
74
72
19
4
27
7
36035
18596
740
130
111
99
6
15
24
113
66
4
49
1
2:5
18
732
36
6
36
121
17
3447
11697
548
2948
6567
3235
14752
83
825
813
417
1
133
10
1682
6
2
6
19
3
6
9
121
4
20
3
1
4
5
29
31
2
20
70
9
30308
1513
8372
59
34
99
20
216
74
46
394
289
41
214
185
29
194
51
111
13
19
3
23
250
7
8
5
519
35
84
19
31
39
14898
171
41
11708
87
90
41
90
13
12
1
4
6
43
19
70
10
34
66
56
12
74
67
64
108
6
32
39
60
1427578200
499:0
1
652:0
96
-12
-65
-2
375
-368
-12
346
-309
-5
-30
5
8365
-8368
522
-508
375
11171
-11351
-77
-95
8
-39
38
-22
-8
126
308
-415
41
-3
-73
83
-84
1
16
-14
143
-110
100
-138
19
85
-98
146
-90
449
-53
-390
-48
-19
10
3
273
-239
-46
19
125
-113
-32
14
-3
-9
49
-30
2050
-2068
71
-65
46
-52
9
575
-573
-12
-2
23
-22
4
40
-45
410
-401
47
-52
-3
7
12
-9
3
-4
480
23
-504
-8
0
930
-594
-311
16065
-15685
-405
29
290
-307
1
31
-45
33
52
-17
2
-60
-7
0
-2
43
2
65
-109
102
-96
1016
-1008
14
380
-403
194
-101
-96
718
-721
16
1207
-1175
-32
11
-1
-23
14
85
-92
12
297
12109
-12425
-4
61
-32
89
-83
-33
12
-5
-4
24
67
-35
-16
1155
-1045
-86
60
-124
23
551
1390
-1635
-334
4
24
39
-52
189
-195
30
-15
54
615
-313
-345
-30
539
249
259889
-260683
11
12765
-12498
-176
-96
-6
46
24
-28
337
-199
164
-170
-163
24
178
-184
-2
-8
-16
9
5
114
503
-576
256
65
-346
-8
27
1646
-1398
4
-260
-37
19
95
-117
303
177
-480
-1
143853
-143834
219
-61
-168
-11
26
38290
-31827
-6393
-90
-7
118
-105
12092
-12104
23
16
2342
-1825
-554
149
-113
80346
-80382
-1
626
-574
207
-241
-7
-1
119
-60
17
-42
2016
-1964
-9
-54
576
-589
310
190964
-191267
26098
-23252
-2868
3
1179
-1156
-6
-25
7365
-1530
-5806
449
-477
11
3172
-3170
67
5394
-4804
-579
-84
52
-58
1100
-536
-443
1028
200
-1309
74
383
-383
-100
48
51
3784
-3899
339
-297
146
-76
1619
-1463
-264
238
92
2002
-2284
-50
37
-37
478
-307
5
-166
109
-105
-10
28
-29
3
-4
18
62011
-61860
477
-652
107
-94
128
198
70
5739
-6146
3
2
23013
-23018
72
115
70
-194
3853
-3842
-75
40
136
-163
-7
101
-93
511
-481
371
-416
52
-30
-18
-1
12
29
41
-69
1004
-1017
9
-7
16
77
-84
9
-14
52
-57
95
-50
-26
16
-31
8
-13
75
-58
-16
-4
27
2:7
-36
14455
-12666
-1777
1248
3241
-4472
712
10501
-5810
-5355
5
-85
208
-133
3611
-3643
-20
79
-54
-42
26
77
-109
570
624
-1191
55
53
-112
779
1289
-1520
-99
10267
-10691
212
-232
3242
-3200
25301
-25274
-72
3
244
207
-433
262
-158
-90
28
3432
-3170
-309
31
27
0
-77
44
58
33
-44
-38
4048
-3735
-298
-22
222
1589
-1854
8
274
-280
79
-16
-39
-3
101
-110
7
247
167
-421
5
15
-34
102
-75
4
20
105
-102
23
12
-67
4976
-4996
-3
-2
-5
-4
5
-7
4
2:-1
-2
2
8
-9
-1
6
-5
2
-2
-1
1
6
-5
1
3:-1
2:0
4
2:-1
4
-6
4
-4
8
-4
6
-2
-7
-1
0
3
-1
8
-9
0
1
3
-3
1
3
-6
2:1
2:0
-1
0
1
-2
5
-2
-3
1
2:0
2
-1
1
-3
8
1
-6
-2
-1
0
3
2:-1
2
-1
-2
5
0
-5
0
1
3
-3
3
-3
1
-1
2:1
-2
1
-1
6
-4
0
6
-4
-3
2
-3
0
3
-4
0
1
-1
7
-5
-1
5
0
-6
1
3
-1
2
-3
-2
2:5
-8
2:1
-3
6
-6
3
0
-1
0
-2
-1
2
-2
1
0
-1
2:2
2:0
-1
7
-1
-8
2
-2
2
-3
1
-1
1
-1
4
0
2:-1
5
0
1
-7
7
-7
6
-5
7
-5
-2
-1
2
7
-10
0
5
-1
-4
9
0
-2
-6
4
-3
5
-5
6
-7
2:0
1
-2
0
6
-6
2
1
0
-3
2
1
-1
2
-1
6
-8
2
-2
0
3
1
-4
2
-1
8
-8
2
3
0
-6
1
2:-1
0
1
8
-7
7
-8
8
-8
2
2:-1
7
-6
0
-2
3
0
2:-1
2:0
4
-4
0
1
-1
0
6
-6
6
-7
5
-3
7
-5
-4
8
0
-6
-2
4
2:-1
2
2:-2
1
2
-1
-2
0
1
6
-6
0
10
-9
-1
0
-1
1
-1
0
10
-7
2
-3
3
-4
8
-6
0
2
-3
1
5
-7
6
2:0
-7
4
3:-1
3
-4
3
-1
-2
5
-3
2
-2
-1
2
2:-1
4
1
-5
7
-7
9
-9
5
-1
-5
1
-1
2
1
2
-1
-4
6
-5
-1
5
4
2
-10
7
-7
0
3
0
-3
3:2
-5
0
-1
2
-1
0
3
-5
1
3
-2
2:1
-2
6
-8
5
2
-5
-1
1
0
-2
3
-1
0
-2
2:2
-1
0
-1
0
1
-3
2:2
-4
4
-1
7
-3
-5
-2
2
0
-1
2
5
-3
-5
1
6
-5
-1
4
-5
2
0
7
-8
1
-2
2
1
0
1
0
-4
4
-3
3
2:2
-4
4
0
-6
-1
1
-2
2
-1
2:0
9
0
-7
-2
2
-1
6
-8
7
-6
7
-7
8
-8
0
2
-3
6
2:-2
2
-4
0
2
-2
8
2:-3
-1
2:0
2
4
-4
1
0
-1
0
-1
-2
3
-2
6
-3
-2
4
-6
1
3
4
-6
-2
3
1
-3
5
-3
-1
2
-3
4
0
-4
2:1
-1
0
1
2
-1
-2
-1
0
-1
6
-3
1
-3
2
-3
2
9
-11
5
4
-6
6
-8
-1
0
5
-2
7
-9
7
-7
0
2
6
-7
1
-1
0
8
-8
0
2
-3
7
-5
1
-3
3
-3
3
-1
-2
-1
9
-8
-1
6
0
-5
6
0
-4
-2
2
1
2
-6
2:1
3
-4
5
3
-4
-3
2:-1
2:1
-2
2:0
2
8
-2
-5
-1
5
4
-8
5
2
-9
3
-3
2:0
-1
3
-1
1
7
-6
-4
0
10
-8
9
-10
1
4
-5
4
3
-5
-3
0
1
0
-1
5
3
-7
-1
3
0
-3
2
1
7
1
-10
-1
4
1
-3
0
-1
2:0
1
0
-2
0
1
9
5
-3
-1
0
3
-3
0
8
-7
9
0
-7
179
-181
-1
0
20
-3
5
-19
-3
2:2
30
-34
7
-7
30
-29
1
0
-2
12
-11
3
-2
1
-3
5
2:-1
0
9
-12
3
1
3
3:-2
-1
2:2
1
-2
-1
-2
9
-9
1
-1
3
-3
5
-5
18
-18
10
-8
2:-1
3
1
0
-3
0
5
0
-2
-3
1
-1
2:0
4
-3
0
5
-7
0
2
27
-19
-9
-1
1
0
20
-19
20
-3
-19
1
3
1
-5
3:0
8
-5
4
-5
0
-2
2:1
-2
6
-5
11
-8
33
-35
-2
54
-54
19
-17
0
-2
3
0
103
-104
-1
2
0
-3
6
1
-4
11
-7
103
-109
-1
5
-3
1
4
-4
0
15
-14
2
15
-19
37
43
-72
-6
-4
2
-2
44
-28
2
-11
-5
2:3
-1
10
-17
2
0
8
12
-15
2
-4
79
-70
1937
-1951
0
109
-67
-42
7
-6
12
-5
-4
1
-4
0
21
-20
-2
12
-5
-4
2:1
-1
-4
23
-20
-2
1
60
-38
0
-15
7
-9
44
-47
2
-2
16
-17
33
-34
-2
0
84
-76
2
8
-13
-4
5
988
-834
-150
-10
1
8
-4
6
-6
-3
6
67
-14
-56
1
-6
486
-482
-4
67
-63
18
-17
-4
5
34
-29
-2
-6
233
-180
-44
-12
6
-2
106
1029
-1129
55
133
-192
-6
14
0
-1
-7
378
534
-914
123
-126
4
133
-134
1
231
-180
-42
-10
-1
2
65
47
-114
84
120
-191
2
2:-6
3
20
-18
83
-91
39
-29
25
-36
52
6
-58
45
16
10
-57
-16
1
-1
89
-82
7
-1
46
-56
-3
3
4
1
-8
5
225
-223
6
-12
5
-1
27
-32
14
640
-654
2:0
20
-17
1
2
-6
4
152
-154
0
27
-14
-12
7
-6
9
-7
6
210
-222
31
-29
2:1
2
17
-8
3
2
-15
0
-4
17
-17
3
1
-1
1
-3
13
-8
-4
2
-5
2:0
14
-13
1
2:0
4
-5
3
27
141
-170
9
243
-239
47
338
609
-1007
-2
0
5
6
176
-182
-4
37
-33
-3
1
-3
6
66
194
-265
30
-9
-19
20
24
19
72
369
-504
25
-21
31
-38
278
-244
-34
1
12
4
-12
27
-28
12
-12
90
-63
-31
6
2
0
-6
-1
8
-8
1
-2
40
8
13
-49
-2
44
-53
-1
46
-46
1
8
-5
0
9
-12
1
94
142
-236
2
7
-7
17
-17
-1
-2
66
-53
-14
3
-3
80
-79
2:0
-1
0
1
-1
8:0
1
-1
4:0
2
-2
4:0
1
-1
1
0
-1
2
-2
18:0
1
-1
18:0
1
-1
11:0
1
-1
2:0
1
-1
9:0
4
-4
2:0
1
0
-1
15:0
2
-2
1
-1
8:0
1
-1
14:0
1
-1
0
1
-1
2
-2
16:0
1
-1
3:0
4
-4
0
2:1
-2
0
1
0
-1
2:0
3
-3
3
-3
5:0
2
-2
5:0
1
-1
1
-1
1
-1
1
-1
2:0
1
-1
2:0
1
-1
0
2:1
-2
4:0
1
9
-10
2
-2
1
-1
5:0
1
-1
0
1
-1
2:0
2
0
-2
4:0
2
-2
2:0
2
-2
1
0
-1
2:0
1
0
-1
2:0
1
-1
3:0
3
-3
5:0
1
-1
6:0
2
-1
0
-1
2:0
2
-2
2:0
2
-2
1
-1
2
1
-2
-1
0
2
2:-1
1
-1
0
2
-2
1
-1
3:0
2
-2
0
2
1
-3
2
-2
3
-3
5:0
2
-2
1
-1
0
1
-1
3:0
2
-2
7
-7
0
1
0
-1
1
-1
1
-1
0
1
0
-1
3:0
1
2
-3
0
2
-2
3
-3
0
1
-1
1
-1
3:0
1
-1
2:0
1
-1
2:0
1
-1
4:0
1
0
1
-2
5:0
2:1
2:-1
0
3
-3
0
1
-1
2:0
2
-1
0
-1
4:0
1
-1
1
0
-1
0
1
0
2
0
-3
3:0
1
-1
3:0
15
-15
3:0
5
-5
2:0
3
-3
3
-3
11:0
1
-1
1
-1
1
-1
2:0
1
-1
1
0
-1
0
1
-1
0
2
-2
1
0
-1
2
-2
3
-2
-1
1
0
-1
0
2
-2
1
-1
0
3
-3
1
0
-1
2:0
2
-2
8:0
1
-1
1
-1
0
2:1
-2
2:1
-2
0
1
0
1
-2
4:0
7
-7
2:0
1
2
-2
-1
4:0
1
-1
2:0
1
-1
2:0
2
-2
0
2
-2
2:0
5
-5
3:0
1
-1
2
-2
6:0
2
2:-1
5:0
2
-1
0
-1
2
0
-2
0
3
-3
2:0
1
-1
0
1
-1
2:0
1
-1
0
1
-1
1
-1
1
-1
2:0
5
-4
-1
2:0
1
-1
1
0
-1
5:0
1
-1
1
-1
14:0
end
