v1
807
69
138
90
278
146
6
16
350
43
1
13
36
43
52
34
0
105
0
39
9
26
104
264
48
5
0
8
41
119
79
302
38
42
91
57
56
7
15
17
11
157
376
81
46
165
328
104
12
163
5
140
17
179
190
35
171
130
29
89
47
26
72
121
242
92
0
11
252
8
22
3
85
219
96
10
212
4
140
0
47
0
49
8
41
136
133
44
260
70
0
30
24
120
95
71
85
393
162
7
16
26
33
128
46
381
5
61
87
7
112
143
194
63
79
39
47
110
93
85
157
146
46
11
8
44
126
34
160
33
110
240
27
8
259
0
96
2:38
16
45
29
32
31
65
247
29
212
21
155
54
126
213
69
14
41
2
366
221
85
201
42
135
104
39
43
141
39
55
91
68
14
29
72
95
94
123
37
27
28
45
0
36
12
103
132
44
0
9
2
22
64
44
118
0
113
158
97
88
46
5
106
169
109
117
2
164
173
24
242
0
46
117
145
14
10
8
59
19
41
0
140
22
101
22
181
27
29
12
45
2:13
18
7
18
4
8
23
3
31
0
46
2
3
131
13
3
1
118
73
9
74
59
61
3
2
21
12
30
3
54
38
17
14
59
25
56
91
18
56
11
289
7
58
8
78
95
120
225
90
105
86
54
79
88
22
30
272
2
10
33
6
116
146
138
54
61
60
141
85
47
54
94
6
31
108
61
37
109
5
17
36
44
170
15
156
271
14
10
289
10
5
33
66
87
86
143
41
309
114
105
175
9
41
267
107
288
96
192
7
10
92
71
5
7
10
312
0
55
50
6
109
2
23
43
13
27
0
75
66
27
94
8
67
18
32
215
765
29
48
106
75
33
29
1
196
6
38
8
34
90
38
19
0
38
69
7
8
106
41
4
36
44
114
125
110
447
162
2
36
45
20
182
2
245
10
6
99
31
17
4
0
3
37
34
141
70
63
58
8
11
31
1
74
6
283
0
22
105
62
54
78
0
22
3
5
127
20
11
77
153
59
5
20
3
99
5
21
68
5
38
113
85
21
262
35
16
40
13
19
0
8
1
12
30
9
63
113
42
34
64
13
14
32
31375
1
21
9
43
0
165
29
22
2
31
12
0
30
24
38
23
88
76
0
1
7
112
36
8
34
0
920
110
38
50
22
68
111
71
166
18
10
37
9
2055
1246
2211
2
323
3
1553
3073
2067
4225
3
1028
2324
3236
2650
811
3955
11486
436
2988
436
489
872
2652
2
14
8075
2
1
2825
882
943
15
19
1514
920
13
0
983
4161
7
9
2
5
1
1427
17
3506
116404
3544
1
1735
5973
33
73
9417
32305
74
24
18
22
9
5
18
1
134
40
73
1
42
30
0
19
17
5
81
6
7715
27915
334
18596
731
85
74
157
7
2
27
18
10
29
6
12
17
127
18
27
10
1
0
2:1
8
2
2:1
6
5
2
83
643
0
29
32
39
125
3445
12835
2358
565
4824
1178
3878
5152
7980
0
813
247
1183
873
189
665
0
436
532
2
3:1
4
1
6
11
18
10
3
39
5
14
28
8
27
19
5
35
36
1
3
1
90
4
5
1
30302
1513
8273
192
26
43
21
176
69
31
0
43
46
49
462
125
1
87
249
16
25
17
77
15
110
31
18
0
3
73
10
142
9
2
19
36
2:9
41
78
25
47
2:13
10
7
8
34
186
87
212
39
80
26
18
13
35
2
13
6
2
0
2:15
22
1
72
14733
14
38
61
0
72
0
1
8
32
1973
13
9722
2:1
81
4
14
51
7
5
54
62
18
10
26
1
35
2
15
58
5
60
22
52
45
2
21
2:1
47
28
2:12
25
56
24
2
13
49
51
7
2
34
32
2
41
-474023
4219
4106
281
141
43414
393206
1427551200
799:0
1
6:0
2
54
-55
3
-3
66
-43
-13
7
-12
39
31
-57
1
-18
-2
2
1
86
-5
-83
12
-13
0
2
-1
0
14
7624
-7635
375
-375
-3
156
-64
6889
-6980
119
-120
207
-203
4
14
-18
74
-78
1
2:0
645
-631
-11
4
-7
2
223
-226
3
-4
1
4
5
-7
1
-3
0
-1
3
1054
-1055
7
-8
1
3
197
-200
373
-374
-1
0
1
2
37
-5
83
-117
8
26
-35
1
0
2
-2
117
-116
32
-32
267
-269
9
10
-19
2
473
-440
-34
-1
39
-39
5
-3
82
-50
-31
-1
2
10
-11
-1
21
-20
-3
3
-2
298
-294
0
-3
24
527
-548
145
259
-407
-1
7
-8
53
-32
-18
3
4
-9
9
715
-652
-53
-7
16
582
-551
624
-683
0
-1
129
-128
1
0
4
13
2:-2
2
82
-88
-4
-3
-4
26
-25
0
5
-1
-4
-1
56
-55
3
-3
1
8
5392
-5401
33
-33
1
6
35
-43
153
-146
182
-44
-43
-102
4
-3
-1
322
-322
65
-64
2:1
2:-1
581
-580
1
11
4
-13
-3
53
533
-588
2
14
3
-10
-8
0
84
-74
6
-12
756
-760
-1
444
-443
23
-10
2:-6
-1
63
-62
1
3
5
-5
-6
2
-2
172
-93
-67
536
-478
-42
-24
474
-469
-6
-3
741
-733
25
-6
-24
0
10
-9
-4
121
-121
1
6
-3
4
-2
301
-279
608
-445
-168
-23
10
-7
-3
7
42
1396
-1442
15
-15
101026
-101024
13502
-9970
-3509
-23
23
-26
66
-39
-9
-19
14
-14
0
6
-5
47
-48
8
-1
-7
5
1
-3
19
-22
3
6
13
107
-121
17
161
-186
22
-23
59
648
-702
-4
2
71
-72
-2
1
-1
8
69
-67
-3
-4
334
-333
-1
4
51
-56
-1
18929
-18929
5
-3
62
-65
9
-9
0
1
30
-30
6
9492
-9497
3459
-3458
14
-16
1
-2
4
-4
60
-43
-7
1
-6
13
-17
-1
15
-15
2292
-2290
2
-3
382
-348
57
-82
59497
-59495
-10
2:-1
10
1102
-1112
8
-2
-3
-1
5
-7
68
-66
-2
80
-79
-1
0
2
-1
5
128
-131
89
-90
5
16
2599
-2560
-59
14
-4
-13
15
4
-19
1
228
179647
-179874
0
-1
1774
639
-2404
-7
-2
64
-41
-14
3155
-3137
4372
-4388
-3
-1
73
57
-137
4
-4
1
3
-3
7
-8
3
-2
-1
2
4
-2
-4
13
-8
-4
10
2054
-2048
-18
1
6
3084
-3082
457
-187
-278
2
87
-83
-1
-5
1
2:-1
303
-300
-1
151
3
-154
2:0
5
150
1643
-1792
-7
1
14
-10
-5
3
36
-18
-1
9
-3
31
759
-800
232
-240
103
-51
-50
-10
405
-299
-107
200
-200
8
-8
183
-20
122
65
-296
-52
536
-103
-36
-399
4
16
37
-10
-41
4
-8
1
0
90
143
-235
-1
16
2:1
12
53
-81
3
60464
-60443
-12
36
-18
-29
-1
0
54
-54
-2
206
-182
3421
-3397
0
-42
118
6107
-6227
40
-42
-1
5
6
24
-30
10
-8
-7
-1
183
2080
-2243
-14
-3
-2
1
28
-28
13
19
-23
-2
0
-2
-5
0
8
118
-112
261
-276
51
-26
-13
-12
-1
2
4
-1
2
38
27
-54
290
-213
-91
-3
3
100
-104
2
4
7
54
-67
0
20
-16
-4
6
43
-1
-46
1
67
-66
14
33
-3
-40
39
-23
-22
0
8
-3
2
0
132
-113
-25
5649
-2711
-2939
0
417
-419
0
1594
-1593
8
-6
287
6257
-3459
-3069
-15
31
554
-585
6
-10
29
27
-26
26
-44
19
-23
0
-5
4
0
-5
415
177
-592
64
-54
-2
8
-13
-4
394
-394
5
16
-21
-1
9
198
812
-1018
9
81
260
6083
-6417
-11
56
-53
-5
93
-93
25615
-25500
-30
-89
48
-42
28
-32
-1
101
-84
-3
-6
56
82
-147
1
12
13
1519
-1347
-82
-113
2:-1
14
3
-2
2
34
-17
-35
0
100
-95
2807
-2679
-47
-29
-20
33
11
291
-371
76
-75
88
-83
9
-9
-7
4
59
-62
55
134
21
-207
9
-12
23
-23
41
-42
10
-4
-6
7
134
-41
-7
-25
-66
4
3898
-3902
-1
0
68
-69
6:0
1
5
-5
3:0
1
-1
4:0
3
-1
-2
0
4
0
-4
5
-5
1
-1
4:0
1
106
-107
3:0
2
7
0
-9
17
-17
2
-2
0
3
21
-18
-6
3:0
38
-37
-1
1
-1
1
8
-9
3:0
1
2
-3
0
2
0
-2
0
5
-5
4:0
6
-6
1
-1
4:0
1
2
-3
0
1
3
-3
0
-1
2:0
1
0
3
-4
1
-1
3:0
1
28
-28
-1
0
3
-3
0
1
-1
2
-2
0
1
0
1
-2
3
-1
-2
0
1
2
-3
1
-1
2
3
-5
1
5
-6
3:0
6
-4
-2
4:0
2
0
-2
1
0
16
-17
10
-9
-1
0
3
-3
3:0
4
-2
0
-2
3:0
3
-3
4:0
1
-1
4:0
2
0
-2
5
-5
3
-3
0
1
-1
0
2
-2
2:0
3
-3
3:0
39
-39
9
-9
7:0
1
-1
0
1
0
52
-53
3:0
1
0
-1
1
4
2:-2
2
-3
0
53
-53
2:1
-2
1
-1
9
-9
0
8
-7
0
-1
2:0
17
-1
-14
47
-42
-6
-1
47
-47
2:0
7
-6
1
-1
1
-2
1
-1
0
12
-12
0
2:1
-2
3
33
-30
14
-18
2:-1
5:0
72
-72
0
3
1503
-1504
85
-73
-14
5
-5
0
4
-3
3
-4
3
-3
0
1
0
17
-18
3
-3
4:0
3
-3
0
2
-2
12
-11
1
42
-44
13
-13
3
12
-14
-1
3
19
-22
2
-2
0
3
9
-11
0
-1
36
-36
1
-1
17
-17
0
55
-55
2:1
5
-7
4:0
1
-1
0
618
-618
118
-118
1
-1
1
-1
1
-1
5
-3
10
-12
0
9
-9
0
3
-3
68
-68
0
1
26
-18
-6
-3
430
-427
-1
-2
0
2
33
-35
1
-1
0
1
0
-1
12
-11
-1
0
1
-1
3:0
2
15
-16
6
-7
2:1
98
-76
-23
6
-7
3:0
1
-1
51
599
-650
2:0
41
49
-88
-2
0
9
2
-8
214
-213
547
-549
3
-5
5
57
-62
5:0
8
-7
-1
6:0
2:1
-1
1
83
-82
-3
0
1
121
-122
25
-14
-10
0
-1
1
-1
2:0
1
0
35
-36
0
4
58
-62
2:0
1
51
66
-113
-5
0
3
-3
3:0
1
3
2
3
-2
65
-71
11
-11
3
10
-14
0
28
2
-30
27
-27
2:0
4
22
13
-30
-6
-3
57
-49
-1
-7
0
13
9
-22
5
-5
0
1
0
-1
15
-15
2:0
5
0
-5
2:0
1
172
-173
2
3
-5
0
2
-2
14
-14
2:0
3
323
-326
2:0
10
-3
-7
2
-2
0
1
0
2
-3
0
1
0
1
6
111
-112
-7
2:0
1
2
-2
2
12
-14
0
1
-2
1
-1
5
2:0
125
-130
20
-18
1
-3
0
1
0
1
2
8
3
-9
1
-6
0
3
0
2:-2
0
5
1
2:-3
0
2
-2
0
1
3
0
-4
2
4
-6
2:3
0
-5
6
-7
4:0
1
-1
14
-14
0
17
96
-111
-2
7
-7
0
129
-128
2
-3
41
234
256
-529
-2
1
62
-63
1
-1
3
2
-5
11
-7
-1
1
0
-4
0
2
0
30
99
-130
-1
1
-1
19
-19
1
4
-5
1
0
-1
0
2
5
17
-24
4
58
-2
290
-349
-1
15
-15
0
23
-23
166
-165
15
-16
2
-2
3:0
9
-6
-3
2
6
0
-8
0
4
-4
59
-33
2:-13
1
-1
2:0
8
0
-7
7
-8
0
6
-6
24
-5
23
-40
9
-7
-4
16
-16
15
-15
2
1
-2
-1
0
1
6
-7
2
48
57
-107
2
-2
3
-3
8
-8
0
2
-2
2:0
41
-33
-7
-1
0
43
-43
2:0
3
-3
1
-1
0
1
-1
0
end
