v1
709
109
98
90
20
426
443
43
31
21
34
81
24
74
2:52
220
0
92
8
46
119
552
51
6
17
39
22
28
42
572
20
26
56
0
21
88
3
56
269
104
85
95
140
17
39
13
127
123
67
35
19
86
46
20
130
0
61
28
76
26
72
132
323
4
267
22
12
76
315
10
216
14
230
41
160
161
252
95
5
24
0
215
290
91
136
59
135
49
161
46
144
205
32
5
61
263
53
33
194
63
165
110
93
85
39
2:59
146
46
19
43
0
1
160
43
150
110
275
297
134
16
449
29
82
151
155
54
59
67
213
69
10
47
154
21
634
21
43
42
128
7
143
43
46
189
30
61
82
29
22
50
95
28
210
45
26
45
48
0
121
114
77
64
275
158
94
19
118
5
275
59
0
50
0
119
324
13
24
288
117
169
8
59
60
39
101
22
101
22
6
0
169
2
0
4
27
29
12
33
38
18
0
7
15
3
38
6
2
15
7
1
46
0
2
3
72
59
13
4
23
5
75
15
73
9
5
25
23
21
123
30
5
30
3
38
0
16
38
17
73
9
45
118
74
11
20
98
236
8
78
0
95
22
32
66
94
92
20
19
414
110
302
2
0
10
33
6
116
104
42
71
67
54
121
35
106
85
74
209
57
61
37
114
97
0
170
15
18
111
275
6
17
14
10
289
10
5
33
362
20
13
28
71
238
157
42
1
19
0
175
50
758
83
109
7
102
71
22
176
191
50
0
6
109
2
79
27
75
66
121
75
18
32
632
166
182
4
73
181
33
29
5
33
109
50
6
8
30
8
34
128
19
38
69
7
8
106
41
40
0
158
125
57
6
47
609
103
184
245
10
153
7
37
95
80
133
58
8
11
32
43
31
378
100
54
103
5
35
92
108
127
26
39
20
5
20
3
99
94
5
9
350
92
50
53
56
13
19
9
51
46
17
38
15
102
34
64
13
15
31
31370
5
1
21
9
43
156
5
33
53
44
24
0
61
88
76
1
7
14
0
98
15
0
21
8
22
932
54
166
68
111
71
105
61
18
10
46
2055
0
1246
2211
328
1517
36
322
2065
686
2067
7580
1092
2129
15
2650
811
3955
11486
436
2988
436
4013
2
8089
2
3708
943
15
19
0
2434
13
983
1014
3146
1
8
6
0
4
5
1
1414
13
17
119910
3545
7741
73
9417
28772
3533
74
42
0
22
9
5
28
125
40
73
1
19
53
19
17
5
81
7174
3760
43632
731
85
74
60
31
66
7
2
0
27
3
54
6
12
0
17
66
62
17
37
0
3:1
10
2:1
6
5
2
83
643
7
22
71
125
3445
12835
2358
2296
3093
1178
3235
5795
7980
813
247
1183
873
88
101
665
968
2
0
2
1
2:11
9
0
9
10
3
39
5
14
28
35
19
5
35
6
30
1
3
1
90
4
6
31815
8273
192
26
64
176
69
31
59
310
356
1
309
0
68
17
202
24
25
86
142
9
21
36
2:9
60
59
25
47
5
21
12
5
17
25
176
97
215
116
44
13
50
6
17
0
15
22
1
58
14
14733
52
61
27
10
35
2:1
7
8
24
1986
9722
2:1
81
4
14
51
12
73
43
19
9
26
49
4
58
10
55
22
52
2
7
36
2
21
2:1
47
52
25
82
13
49
58
2
41
1427542800
708:0
2
-2
0
4
13
51
-61
16
-11
-12
2
19
-20
1
5
-1
-3
-2
0
2
3909
-3816
-91
40
18
3404
-3372
46
-114
2004
-2031
2
-2
0
1
55
-55
7
-7
1
-2
758
-747
-8
-1
-2
2
-1
0
3
-4
5
11
69
-85
0
10
-10
0
4
16
-11
6
-7
139
-146
16
-17
2
94
-40
-53
-3
5
15
-16
29
-28
-3
3
0
36
-39
-1
8
-4
215
-220
2
373
-371
5
20
-28
0
1
-1
14
65
-60
-17
4
1
-4
0
57
-45
-15
-1
2
3
-2
166
-90
-79
24
135
-132
-23
37
-41
340
-330
-9
13
-14
349
-349
0
36
-33
-1
95
-95
3
16
-17
22
38
-58
7
18
-30
3
2
27
-33
0
2
2:-1
7
-7
2
0
3
-5
2:1
0
2:-1
63
3
-66
29
-27
-2
91
34
-114
0
1
-2
-7
9
-8
539
-536
2
21
495
-522
12
-8
-1
-3
-2
33
-34
0
1
2
-1
7
-4
12
589
-570
290
-323
-1
14
-14
5
23
-25
1
15
-20
2:1
-2
2
4
-4
-2
0
64
-58
2
-9
67
-60
362
-369
2
0
31
7
-16
-23
296
-297
2:1
5
16
-10
-9
-3
8
134
-126
-14
-3
0
7
185
-186
-2
732
-731
-5
166
-164
13
-15
15
0
200
-206
-7
1
124532
-124533
15639
-15583
-36
-7
-13
19
-4
8
-25
36
-33
-1
0
3
-3
3:0
-1
0
44
-44
2
6
-8
0
2
86
-85
10
-7
216
-223
33
-33
2951
-2950
-1
8
-7
0
2:1
96
-98
49
-46
9
-11
267
-137
260
-378
29873
-29883
2
-5
-1
289
-289
0
29
-28
6944
-3972
-2970
6
235
-244
5
2
-4
41
-34
-10
2
0
1
11
13
-25
6
-8
18
2151
-2168
0
487
-432
7
-58
57483
-57488
0
1
9
10
-19
222
-221
1
226
-227
1
-3
3
33
-35
80
-76
13
780
-654
-113
-31
29
-26
411
57905
-57350
271
-1194
-46
94
-91
20
-23
10
2486
-2477
2361
-2373
3
155
-157
-7
21
-19
-2
-1
4
-3
3
503
-505
4
-5
-1
9
1237
-1237
-5
5
-8
-1
3058
-3057
220
-163
-41
-17
6
-6
3
745
-743
-1
63
62
-128
0
1
-1
0
148
-146
-1
184
-179
29
-32
-4
27
-18
20
858
-887
27
1
561
-369
-209
0
24
14
211
-251
149
-157
2
1
150
90
-202
-42
64
2379
-2328
-109
-3
560
-197
-335
-18
32
-45
2
0
-1
149
-149
0
5
1
0
-4
25
64
-89
2:-1
50456
-50450
-7
0
35
0
-27
57
215
-262
2657
-2674
63
-21
-32
0
262
-239
10
-35
-6
2
13
-17
166
-167
0
78
1725
-1798
-4
-1
444
-442
7
119
-119
-8
12
-11
7
2
55
-65
16
107
-114
5
164
-164
-11
41
-39
-3
1
3
-5
0
49
-14
-22
293
-269
-37
-1
3
2:-1
5
-4
1730
-1732
17
-4
-14
2:1
24
-23
1
42
-31
-14
16
24
-21
-9
1
-8
2159
-2161
171
-173
0
18
1
6912
-5294
-1635
-2
257
-256
3279
-3279
21
-21
0
184
4450
-2707
-1910
-14
236
-229
-10
21
-8
35
-44
15
-19
1
-1
597
-371
-225
1
4
16
125
-147
4
-3
51
569
-620
77
206
6651
-6935
18
31
-49
0
300
-299
15769
-15747
12
-35
8
-8
3
90
-77
360
-344
-22
-1
-5
1584
-1498
-90
79
-74
-3
-2
7
-6
13
260
-275
32
-30
-2
68
-62
254
-209
30
-44
15
5
88
-122
94
-92
19
-40
6
-6
65
-48
40
12
115
-185
-1
18
-13
8
67
-80
70
-69
-3
87
-52
-8
-5
2828
-2848
1
3:0
1
-1
0
2
2:-1
0
10
-9
0
-1
5:0
89
-87
-2
7
-7
9
13
-19
-3
7
-7
11
-11
2:0
6
-6
4:0
33
-33
6:0
1
-1
2:0
9
-9
2:0
1
-1
0
3
-3
1
-1
1
-1
3:0
6
-5
-1
2:1
2:-1
4
-4
8:0
1
-1
1
24
-25
4:0
2
-2
1
-1
2
-2
0
4
2:-2
0
1
-1
4:0
2
2:-1
2
4
2:-3
3
-3
2
2:-1
2
0
14
-16
0
5
-4
-1
2
-2
0
1
-1
2
3
-5
1
-1
2:0
3
-3
14:0
1
-1
1
4
-5
3:0
19
-11
-7
3:0
-1
2:0
1
0
-1
0
37
-35
2:-1
0
1
-1
6:0
3
0
2:-1
3
38
-42
0
1
-1
2
3
-5
0
1
-1
1
4
0
-5
2
-2
1
-1
9
-9
2:0
12
-11
35
-36
2:0
6
2
-8
0
6
-5
-1
0
2
-2
2
2:-1
0
11
-11
3:0
1
28
-27
-1
6
-7
0
4
-3
-1
3:0
41
-41
2
0
1099
-1101
72
-57
-15
2:0
6
-3
4
-7
2
2:-1
2:0
2
-2
4:0
3
-3
1
-1
0
1
0
-1
1
2:0
38
-39
3
-3
2
-2
4:0
1
0
13
-14
8
-6
2:-1
23
-23
7
-7
42
-40
0
-2
0
8
-8
0
2
-2
487
-391
-96
3:0
2
-2
2
3
-3
2:-1
0
1
-1
7
-7
2:0
3
49
-52
0
24
-16
-6
-2
333
-332
0
-1
2
-2
0
31
-31
0
10
-10
1
-1
1
12
-13
2
2:-1
67
-40
-22
-5
1
-1
45
438
-445
18
-56
0
2
-2
3
-3
4
163
-166
348
-349
2
36
-38
6:0
2
-2
3
-3
1
-1
0
2
66
-68
3:0
1
67
-68
20
-14
-4
-2
1
-1
3
12
-15
0
1
34
-34
-1
1
-1
0
29
-29
0
76
-75
4
-5
3:0
3
4
-7
14
-9
53
-45
-12
0
2:3
10
-17
23
-23
2:0
13
-10
-3
0
16
9
-19
-6
1
42
-40
0
8
9
-19
1
-2
0
5
-5
2:0
5
-5
6:0
135
-135
2:0
8
-7
0
14
-15
1
211
-211
-1
0
2:1
2
-3
0
-1
1
0
1
-2
2:0
2
3
97
-99
-3
0
3
-1
0
10
-12
1
2:0
7
-1
-4
-3
4
1
-2
0
88
-91
0
16
-16
2:0
2:1
-2
12
-5
0
-4
-1
-2
2:1
-2
0
5
-5
8
-8
2
0
-2
2:0
2
2:-1
9
-9
0
3:1
-2
0
-1
1
-1
11
-9
0
-2
2
15
45
-61
-1
4
-4
74
-74
3
-3
0
28
152
158
-335
-3
29
-29
0
4
-4
8
-6
1
-3
2:0
23
54
-77
2:0
15
-10
-5
1
-1
4
11
-15
41
5
198
-244
0
8
-8
0
24
-24
116
-116
15
-15
3:0
11
-10
4
0
-2
0
-3
44
-32
-12
8
-8
4:0
4
-1
-3
5
-5
0
4
-3
14
-4
14
-23
10
-11
6
-7
19
-19
0
1
0
-1
4
-4
1
21
80
-102
0
2:1
-2
3
-3
9
-9
0
31
-27
-4
1
30
-31
end
