v1
1072
464
279
486
52
74
65
39
9
615
194
358
57
56
22
146
103
118
142
52
120
172
59
170
213
80
90
92
488
152
130
29
234
132
323
136
135
425
10
501
160
413
95
799
156
89
148
19
386
140
8
20
76
166
257
275
93
242
45
210
160
138
55
110
174
101
297
134
122
372
442
59
280
126
31
884
128
7
104
116
221
349
243
11
27
121
50
185
416
271
29
72
22
275
565
24
288
44
242
8
59
75
478
29
45
38
25
30
7
16
2:3
93
134
118
82
32
34
8
40
19
64
30
35
3
35
74
127
118
306
68
73
173
120
225
414
88
22
314
33
6
116
338
121
141
85
101
239
61
146
287
404
23
177
136
15
18
15
153
229
41
516
187
9
41
758
199
102
71
22
219
148
56
109
2
24
80
77
187
75
50
991
247
33
29
28
169
6
38
42
0
128
126
7
8
147
323
110
647
45
20
184
412
3
37
175
70
121
8
11
32
363
89
100
54
47
56
5
6
29
92
108
153
64
23
193
5
151
106
385
21
39
63
189
64
28
31399
7
1
21
9
334
85
88
196
36
8
22
1152
160
90
166
18
10
37
9
3301
2211
328
1553
5140
10816
2650
811
740
8997
6140
2988
436
4013
2
4
12753
2466
5162
1433
123472
7741
73
9417
32411
32
42
238
109
5
55378
159
157
9
27
57
6
12
17
63
82
50
2:1
6
5
85
672
60
136
16280
4654
3093
10208
7980
2161
82
1062
665
436
532
9
7
11
28
1
2
39
47
54
1
39
31
6
3
1
90
9
1
40088
192
90
276
59
666
1
352
25
17
202
277
9
57
2:9
41
78
25
47
26
10
7
17
25
273
375
63
6
17
15
22
1
72
14919
8
2018
9722
2:1
81
4
14
51
12
116
64
26
13
62
2:5
55
22
52
45
2
70
133
4
19
3
13
49
58
2
-488964
3
42
45
89
60
104
2:17
396
61
83
334
14
4
18
46
116
44
5
31
82
23
0
69
54
84
86
59
7
9
62
40
199
141
22
82
43
554
45
15
46
56
6
15
14
15
80
37
22
430
68
181
49
13
96
1
126
94
35
0
26
97
43
196
23
5
64
38
121
57
45
171
41
252
65
68
12
44
23
9
25
31
126
32
5
75
225
16
1
5
118
126
68
0
7
110
169
13
22
54
104
13
16
48
60
24
141
104
156
28
26
279
12
108
99
10
2
0
22
46
71
36
38
415
99
21
35
5
37
132
76
346
38
10
9
29
67
221
18
77
3
166
39
46
19
75
4
285
247
46
117
156
171
0
74
54
18
27
29
128
37
27
0
133
43
7
178
239
365
75
17
19
260
159
63
133
262
39
109
112
40
72
36
229
30
61
29
82
63
0
9
123
59
196
106
100
34
33
46
112
108
29
118
48
29
73
18
102
12
97
205
103
73
9
80
77
112
107
94
149
111
463
71
146
24
52
66
7
86
85
0
6
4
0
64
4
16
23
50
17
5
3
4
13
28
70
2
3
21
70
33
7
16
24
80
1
0
6
36
45
4
6
11
107
4
24
21
64
71
16
38
31
59
81
24
1
151
91
250
99
103
206
291
35
277
80
2
51
17
206
0
269
13
29
138
547
21
231
61
93
97
170
33
13
98
27
52
202
17
14
85
25
199
36
49
19
17
156
123
370
5
109
85
13
7
52
168
846
109
182
10
205
57
60
70
9
26
72
124
27
131
37
16
56
153
135
74
0
378
50
12
77
185
13
31
19
12
258
25
8
18
146
10
179
94
38
485
63
322
241
63
24
77
4
179
16
84
2:5
0
128
109
7
63
1
44
47
1
10
68
158
41
227
6
18
7
12
6
0
17
108
73
95
12
287
22
4
93
58
11
289
25
62
0
97
40
11
41
155
0
81
0
165
61
42
2
14
80
5
131
77
15
0
42
111
46
31370
11
68
16
149
29
22
28
3
81
220
127
1094
7
30
50
89
1
64
47
117
136
43
2070
8411
0
691
1372
3901
328
2033
1322
1
3220
1515
389
5527
1696
3296
1620
1214
6268
1741
11546
2
38
22
3
4
2
1
4
2821
0
882
0
943
28
6
2434
996
2
1012
25
2
3119
1
6
2:1
2:8
2
1442
4036
115874
1
3543
2719
5100
41834
20
28
7
39
20
29
46
40
33
19
22
72
19
0
103
55318
29
89
184
47
58
0
45
7
46
47
43
10
3:1
10
15
726
7
36
12
6
95
25
3489
15758
8
17028
6474
315
164
83
1105
951
0
771
1053
3:1
2
3
1
6
19
66
77
22
2
4
37
1
2
43
4
16
3
9
51
30308
1513
8431
60
40
200
38
31
212
558
33
62
98
90
28
162
29
90
15
7
18
63
23
140
254
21
7
4
5
24
8
7
517
0
119
19
38
32
5
23
40
41
14775
113
27
47
39
0
1973
9883
89
61
0
2
1
32
1
38
15
69
0
39
47
44
0
7
49
11
1
87
43
118
70
44
0
26
10
38
1
1427501400
399:0
1
671:0
538
-485
16
-37
-3
492
-464
6
9419
-9228
-217
3053
3638
-6532
-177
4
372
659
-841
-166
94
-119
125
123
-248
177
-156
-11
50
-65
1035
-999
-26
23
216
471
-722
45
-37
91
-34
-57
-1
4
16
43
179
-185
4
27
71
-154
-6
8
-5
118
-119
15
-11
36
-47
20
12
-32
93
-89
54
-39
69
21
-110
732
-585
-142
14
-9
46
-22
-29
46
-31
-16
5
7
121
29
-157
237
-229
18
4
292
137
-380
713
-235
-545
596
-16
-599
29
-19
14
7
8538
-8537
-33
2
0
17
-17
-2
143
-22
1832
-1922
-26
123
-120
35
220
-46
50
-262
33
-33
-3
261
-196
-34
76
268
-110
-170
519
-600
308
87071
-87389
9275
-9221
-26
59
-57
7
100
298
-333
-106
181
-150
-34
12
62
-74
537
-273
-199
53
230
-330
295
-311
46
37
-80
247
227
-478
3165
154572
-157708
108
730
-843
161
-185
13835
-11003
-2813
-6
113
-123
482
-484
6
2
12
-7
0
2106
-1914
-202
49
25570
-25469
472
-608
-17
12
189
-200
4
43
256
-70
-196
1929
-1865
-64
-31
29
415
38343
-38780
8714
-4500
-4197
62
-75
820
-805
4900
-812
-4108
245
-258
0
7
1
42
-50
2107
-2097
3
-14
5381
-5364
443
-169
85
-345
551
-61
50
-562
58
-14
1
-49
107
31
4116
-4252
651
-638
41
873
-739
269
373
3791
-2026
-2410
-187
1876
-1755
-29
-91
100
-106
38
-36
46259
-46128
76
233
-118
5291
-5604
622
-581
-39
272
5092
-5365
-11
322
-324
77
-60
3
-11
251
-208
-17
-35
33
74
-98
263
700
-946
11791
-11798
9
0
-2
147
-94
-77
98
-77
-9
21
36
-64
-5
38
-19
-9
6688
-3440
-2433
4414
-5153
-69
313
465
7831
-6430
-2176
153
870
-1038
232
-97
-123
53
704
135
-907
-2
24
35
521
1260
-1777
568
8947
-9554
191
-135
-81
615
-601
35627
-35615
71
-61
64
140
-38
-146
-34
1512
-1385
-104
-21
24
757
-774
1521
-973
-458
-110
24
14
3839
-3304
54
-630
75
74
-152
14
-5
295
828
-1077
-9
85
-99
-35
8
216
-131
107
-176
5233
-5273
1
2
5
-10
0
2
2:1
-3
4
-5
12
-10
3:0
1
-1
-2
0
5
-5
1
-1
8
3:0
-5
3
-1
-5
2:2
-4
7
-5
3
-4
7
5
-13
2:2
-3
-1
0
11
1
-12
2
9
-9
-2
12
-11
2:0
4
0
7
-2
-8
-1
3
-2
8
-8
-2
2
-2
0
5
2
-5
3
-4
6
-1
-6
3
-1
8
-9
0
14
-10
-4
-1
13
-6
-1
-5
2:0
1
4
-4
11
-12
11
-6
-4
1
-3
1
0
4
3
-2
-4
7
-8
1
-2
2
7
0
-8
0
8
-5
-3
3
-4
2:0
3
-1
-2
1
11
-9
3
-1
0
-2
5
-4
-1
-2
8
-8
-1
14
-12
0
2
-4
3
-2
7
-7
1
7
-7
-1
3
0
-2
11
-12
-1
1
-1
2:1
13
-15
9
-2
1
-6
1
-2
-1
3
10
-12
1
-1
0
-1
13
-8
-5
4
-3
4
0
-3
0
11
-13
4
-2
4
-6
1
13
-11
-1
3
-5
5
-5
0
2
0
-1
6
-6
1
8
3
-9
-4
7
-7
1
2
-3
2:2
-3
7
-8
2
1
-3
1
12
-12
3
2:-2
5
1
2:-3
3
8
-3
-8
0
8
4
2
-12
2
2:5
-13
1
-2
0
1
3
9
-3
-10
11
-3
-6
0
-1
1
5
-6
10
-6
-1
2:1
-5
2
11
-12
0
5
-6
2
-1
10
-11
0
-1
3
2
5
-2
2
-9
2
5
-7
1
4
-6
1
9
-8
8
-9
8
4
-10
4
8
-10
-5
3
9
-11
-1
13
0
-11
5
-5
-2
10
-3
-7
3
-1
5
-7
3
-2
3
-3
0
6
-5
-1
1
-2
0
2
-1
9
-9
7
-1
-6
3
-1
5
0
-1
5
-12
2
2:0
8
-7
-1
2:0
8
-1
-4
-1
2
-6
3
-2
2
2:-1
6
-7
10
-8
0
-2
2:1
-2
3
0
-1
0
2
-4
2
0
2
8
-11
1
-2
1
3
-1
2
0
7
-11
0
-1
4
-4
0
3
2:0
-3
10
2
-11
0
-1
4
2
-6
0
2:1
-2
2
1
-1
0
3
0
-3
-2
0
2:1
5
-3
-1
3
-5
1
-1
3
-1
-2
2
3
-2
11
-15
7
-5
0
4
-4
3
-5
15
-14
0
8
-7
3
0
-1
0
-2
-1
0
9
-1
1
-5
-4
11
-11
6
-3
-2
3
-4
0
3
4
-5
-3
2:0
2
3
5
-1
-8
0
4
-3
1
4
-6
1
5
-4
2:1
0
-4
5
-4
0
1
4
0
-5
3
-5
2
5
-3
-1
-2
6
-4
-3
6
1
-3
2
-5
-1
3
6
-4
1
-5
-1
1
6
-4
12
-12
0
11
-12
1
-1
5
1
-3
7
2
1
-14
12
-6
-7
1
2:0
2
1
0
-3
1
0
4
-5
8
-6
7
-4
-6
10
-8
2
7
-7
3
-3
0
-4
2
5
-6
3
-3
2
-2
2
-2
0
3
4
-4
-2
10
-9
-3
14
-7
3
-6
5
-1
-7
14
-15
0
10
-10
5
-1
-3
2:1
6
1
-7
11
-14
3
-3
3
1
9
-11
6
-6
0
10
-7
-2
-3
4
-3
0
4
2:1
-6
2
-2
1
-1
0
13
-13
1
11
-12
2:0
2
-1
-2
1
-1
4
-3
1
13
-11
6
3
-7
-4
-1
10
-10
-1
9
-3
-4
6
1
2:4
-5
-3
12
-12
5
162
-167
3
18
0
-3
-17
-1
1
-1
1
0
8
-5
-4
2:0
22
-22
3
8
-11
1
12
-12
4
-4
11
-11
9
-7
-2
8
-9
3
-3
2:1
13
-14
-1
10
-7
-3
4
1
-1
0
-3
3
-2
1
-2
5
1
-7
13
-12
15
-15
4
6
-10
13
-11
-1
2
-1
4
-7
2:0
4
-4
4
1
-3
-2
5
29
-31
0
-3
53
-23
-29
-1
6
-4
-1
59
-59
-1
6
-1
5
57
-61
-3
-2
-1
4
-4
1
17
29
12
-58
-1
9
-7
0
14
-7
9
-15
-2
7
-2
6
-10
-2
18
-4
-7
2
-5
-4
73
1816
-1887
107
-92
-10
12
-16
-1
2
-1
21
-19
10
-13
2:-1
24
-22
-2
61
-52
1
3
-10
56
-58
5
17
-20
25
-24
0
-4
60
-49
-6
12
-13
-4
2
725
-623
-100
-3
10
-7
14
-17
1
5
-6
5
0
77
-36
-43
1
355
-357
54
-57
5
-1
15
-17
0
25
-11
-4
-8
182
-135
-44
2:-1
91
909
-999
43
138
-187
2
0
11
-5
293
469
-766
117
-115
-2
-3
2
5
-5
128
-129
6
-8
239
-239
55
-45
54
-61
100
-40
93
-149
7
2:-6
11
13
-19
92
-97
29
-25
12
15
-4
2:10
26
-62
-13
0
99
-94
10
-3
39
-49
3
0
225
-205
5
-30
9
643
-652
18
-15
2:2
155
-161
9
7
-6
-9
5
-5
4
136
-141
14
-11
5
9
-5
4
-16
4
-4
20
-17
2
-2
-4
9
-9
10
-7
7
-4
8
-11
-3
7
-4
0
24
135
-145
218
-235
14
-14
109
226
471
-802
1
213
-218
11
10
-20
3
53
216
-271
-1
24
-4
9
14
11
67
224
-341
-1
28
-29
31
-34
338
-335
12
-11
9
17
-19
0
-9
85
-65
2:-9
6
-7
-2
26
10
22
-58
12
-7
46
-12
-39
4
0
5
-9
0
1
64
172
-229
-5
11
-13
-2
0
75
-66
2:-4
93
-94
2:0
1
-1
3:0
1
-1
15:0
2
-2
2
-2
3:0
1
-1
2:0
2
-2
3:0
23
-23
5:0
2
-1
0
-1
1
-1
7:0
2
-2
3:0
1
-1
2:0
1
-1
4:0
1
0
-1
1
-1
5:0
1
-1
2:0
2:1
3
-5
7:0
1
-1
1
-1
0
1
-1
0
2
-2
17:0
1
-1
2:0
2
-2
0
2
-2
0
3
-3
5:0
1
-1
3:0
1
-1
3:0
1
-1
0
1
2
-3
7:0
1
-1
4:0
1
-1
2:0
1
-1
4:0
5
-5
5:0
1
-1
7:0
1
-1
3:0
3
-3
7:0
1
-1
2:0
2
-2
4:0
1
-1
1
-1
2
-2
3:0
1
0
-1
2:0
3
-3
2:0
1
0
-1
0
17
-14
-2
-1
2:0
2
-2
1
-1
4:0
1
-1
2:1
0
-2
4:0
4
-3
-1
0
1
-1
0
1
-1
0
3
-3
1
0
-1
4:0
2
3
0
-4
-1
0
2
-2
3:0
2
2:-1
2
-2
2
-2
1
2:0
1
-2
0
1
0
-1
3
-1
-2
3:0
2
2:-1
1
-1
2:0
1
-1
1
-1
4:0
1
-1
3:0
1
-1
3:0
1
0
-1
1
2:0
-1
0
1
-1
5:0
4
-3
2:0
1
-2
1
-1
3:0
1
-1
1
-1
1
-1
1
0
-1
1
-1
9:0
2
-2
0
1
-1
9:0
1
0
-1
0
5
0
-5
11:0
1
-1
6
-6
5:0
2
-2
1
-1
0
3
-3
1
-1
2:0
3
-3
5
-5
7:0
8
-8
1
-1
2:1
0
-2
4:0
4
-4
1
0
-1
1
-1
3:0
1
-1
6:0
2
-2
1
2
0
-3
0
2
-2
1
-1
0
1
-1
0
1
0
-1
0
2
-2
2
-1
0
-1
0
3
-3
2
-2
3:0
1
0
-1
2:0
3
0
-3
2:0
2:1
0
-2
3:0
4
6
-10
5:0
2:1
-1
0
1
2
-4
4
-3
-1
5:0
1
-1
2:0
1
-1
1
-1
2
0
-2
3:0
2
-2
1
0
-1
2
2:-1
0
1
-1
6:0
1
-1
0
4
-3
-1
2
-2
8
-8
4
-4
4:0
3
-3
3
-3
5:0
1
2
-3
2:0
1
-1
1
-1
0
2
0
2:-1
1
0
2
-3
2:0
2
-2
2:0
1
0
-1
8:0
2
0
-2
7:0
3
-3
9:0
1
end
