v1
882
27
103
80
45
248
20
49
8
4
159
268
52
0
61
105
52
130
9
30
18
353
89
54
84
35
126
62
129
64
14
156
52
6
56
7
15
28
32
86
205
9
49
111
39
105
17
7
106
59
58
1
269
84
127
73
104
36
17
39
365
19
152
84
46
29
32
85
19
26
28
44
8
38
105
38
174
81
83
88
28
83
22
12
76
25
148
26
20
106
50
144
22
46
35
37
76
50
41
5
34
121
18
182
75
71
67
70
25
88
43
94
90
21
64
28
17
95
259
156
31
179
12
6
3
25
144
77
21
35
54
18
98
87
20
156
86
2:56
82
63
79
48
9
29
110
0
93
85
6
45
96
10
45
78
69
27
36
35
125
138
22
33
4
106
104
46
98
7
12
8
121
167
105
38
16
74
23
27
354
76
71
65
136
15
79
126
279
60
31
107
32
206
61
99
45
6
222
27
79
27
42
36
23
7
239
60
28
39
55
30
61
111
42
125
28
97
16
2
70
4
21
16
27
2
26
119
128
81
44
9
88
44
147
77
7
84
34
170
12
94
115
41
119
16
15
17
180
242
16
27
39
13
68
29
2
92
121
44
250
109
86
79
130
41
140
27
13
2
14
12
16
17
6
19
13
25
12
6
4
15
8
28
6
8
46
2
3
20
1
123
4
23
95
73
9
1
11
62
45
14
64
30
5
30
3
35
19
37
1
17
61
21
3
42
118
49
161
229
8
78
7
88
8
112
94
131
195
86
10
123
12
98
144
160
10
33
1
5
29
2:8
71
77
27
180
54
128
40
94
85
101
41
59
197
3
90
22
2
32
5
53
44
0
141
44
129
27
248
6
17
14
110
118
48
23
10
5
33
66
17
70
229
41
135
174
27
87
43
42
8
12
175
0
9
1
40
758
83
102
14
54
22
26
71
5
17
121
2:55
40
41
55
5
45
6
66
43
2
24
55
102
56
37
72
22
75
50
47
118
50
225
203
89
13
235
258
33
38
19
23
96
50
0
6
27
17
36
53
56
2:19
38
69
7
8
147
40
64
228
101
1
608
38
45
20
182
2
330
77
8
37
175
16
54
63
1
57
8
11
32
0
46
22
12
6
2:26
247
29
22
16
100
54
47
31
25
5
127
17
3
88
115
7
31
59
5
20
3
104
89
0
3
2
119
32
54
52
102
92
100
3
16
81
4
27
20
37
26
46
52
15
33
43
67
25
0
31406
10
12
9
43
39
122
4
29
0
53
2
42
1
61
23
88
69
7
8
112
36
8
22
17
915
111
7
80
90
111
71
0
15
93
58
15
3
47
281
1163
620
1246
2211
2
326
1539
14
322
2065
686
691
1376
5244
2337
3235
410
1480
760
811
3955
2526
2466
790
830
3485
1812
13
2172
816
1797
2652
0
2
14
8068
7
0
3:1
4
2807
14
882
943
15
19
1
2446
983
1014
2:21
3104
1
6
1
11
6
2
1425
3523
11948
8312
82818
13326
3545
7708
8
25
73
9417
32421
18
4
3:11
3
6
50
71
4
113
1
0
19
57
15
17
2:5
76
10934
43632
680
23
28
85
15
59
91
66
7
2
27
3
15
2
8
28
1
6
29
16
66
42
5
16
4
11
12
10
3
2
6
2
2:1
6
0
5
2
1
82
643
29
20
74
8
94
16280
4654
3093
10208
3251
4729
813
247
201
982
872
89
101
582
83
436
0
532
2
3
4
2:1
5
1
10
9
18
1
3
39
5
42
10
11
13
1
19
1
8
31
9
28
2
2:1
31
11
1
25
2
20
4
5
1
30302
9754
5
23
196
26
64
176
11
58
31
59
30
49
462
125
1
46
0
104
159
85
49
28
15
73
61
25
226
2
9
21
3
33
2:9
41
18
43
42
47
5
21
12
3
2
17
25
173
13
299
35
141
32
5
13
8
1
14
15
21
2:1
72
14733
14
126
45
9
28
4
1986
9722
2:1
81
69
12
13
41
19
43
2
2:26
1
35
2
18
16
39
46
19
8
14
0
61
36
2
22
131
50
23
16
49
50
8
2
70
1427008200
881:0
2
56
-24
143
-176
-1
13
-11
12
30
-40
1
6
-9
173
-150
-25
8
-4
236
-240
0
9
-7
8210
-8159
-38
165
-173
-6
19
-2
772
-247
-532
27
7
-45
15
-14
-1
10
-8
-1
3
-3
4
7
980
-984
3
2:-3
4
55
-63
22
-22
3
5
-6
90
-92
8
-6
0
-2
9
6
-16
94
-92
99
-101
9
-5
42
-44
12
-8
3
18
-23
-4
12
-11
0
8
2:-4
38
-20
-17
11
4
46
-58
165
-166
0
90
-90
-3
15
28
104
-147
39
34
-70
0
-4
1
28
-23
0
1162
-1130
-33
35
-40
1
-1
0
472
-472
1
3
8
-10
14
-15
27
-24
-3
0
2
-3
39
-15
43
-34
-31
22
-4
0
-14
-2
0
-4
3
1
4
-8
0
2
6
-6
117
-114
-3
-1
2
10
-9
-3
0
3
14
341
-355
7
-10
17
2:-8
3
-3
14
-1
-15
85
-85
350
-101
-244
-3
41
-37
-6
3
2
3
-1
-6
4
21
-25
30
4
-32
4
3
53
-47
-16
59
-57
-1
20
164
-185
17
-5
-12
2:4
28
-30
-6
2
28
46
-75
3
-4
11
-4
-1
-4
0
-2
13
-13
468
-463
-4
1
54
598
-632
-12
522
-506
53
-75
1
-4
3
-3
0
12
-12
-1
2
-1
39
-37
356
-178
-179
-1
31
-28
6
-7
0
-1
25
-21
4
102
-99
-11
163
-158
-6
13
109
-120
-1
39
-33
6
-1
5709
-5721
4
18
-11
35
269
-262
-48
455
-459
5
29
-32
3
78
-81
95
29
-125
-3
2:1
10
39
-47
112
-114
2
467
-470
-1
4
236
-226
-14
37
-29
237
-245
42
-37
38
-39
6
-9
278
-276
6
88984
-88336
-646
28131
-28140
-1
0
135
-136
2
42
-3
-30
-8
49
-42
-7
128
-122
-3
24
-30
2:5
-3
85
-89
2
-2
3
106
-84
-24
6
-8
8
33
-39
15
-19
64
-53
-7
540
-535
2
51
12
61
-135
0
5
33
-36
-2
6
-4
50
-12
-36
3
-7
88
-88
0
2
53
-53
150
-136
-14
89
-89
-2
1
2
3
1405
-1410
1
29
-30
51
2
188
-242
48
-46
0
6
7943
-6822
-948
-177
-2
3
-4
1
-2
0
1
42
-22
-20
-1
55
-49
4
-1
16
-23
19
2
-17
-3
697
-694
39
4683
-4704
1
48634
-48658
3
858
-526
-335
2
-1
7
5
-10
131
-134
-1
10
85
2:-47
20
-15
1341
-1316
748
-660
-99
-1
-19
3
4
3
120
-125
0
-2
-1
36
131
17280
-17430
-17
2044
-329
-1655
72
-128
54
-60
11
27
-15
2090
-2109
6508
-6511
43
4
-44
415
-404
-7
-6
152
-151
3
1
-6
2:3
-4
4
146
-149
1353
-1356
-1
3
-1
1331
-1330
19
-6
1709
-1725
364
-347
-9
-5
-2
1
7
2
-4
-6
192
-192
0
36
180
-215
-1
11
2:138
-272
9
-23
10
-5
-6
4
-2
64
-56
-2
-9
1
119
-117
59
247
-309
8
-6
153
-62
-93
532
-532
100
-99
2
-2
198
63
-259
2
11595
-11600
1
3488
-2650
-808
-26
-2
7
2
62
-60
1189
-1189
100
-114
9
1
53
-57
8
-14
1
0
7
-2
-4
2:2
5
-9
224
-224
173
-157
-13
-3
122
-124
5
8
-12
107
9809
-9912
-3
30
-32
8
-6
-1
4
66
-71
7
406
-386
4153
-4121
-28
2481
-2512
1
0
-1
33
-33
4
0
23
-7
2:1
-19
-3
223
2163
-2385
12
-10
15
-12
-6
3
6
418
-423
95
-29
-64
4
72
-79
2
0
-5
6
1
250
40
-271
-18
-8
9
71
-80
1
35
-32
-1
-3
4
-3
10
17
-10
8
88
-92
-14
-4
-3
11
-6
-4
4
2
15
-12
8
-13
-3
36
-26
-8
-3
55
-56
1
53
-55
30
52
-35
16
-62
13
41
-49
-6
8
-6
83
-85
1
6
2239
239
-2483
988
-985
-5
2:4
4702
-4710
1
8
-7
1906
-1908
12338
-7914
-4416
-1
19
-23
-2
65
38
-89
680
-689
-1
-4
-1
127
-118
29
-27
-11
2
35
1
-34
2:-1
62
1516
-1580
1
0
9
25
-35
4
-3
3
-3
2
13174
-13034
542
-684
3
68
1015
-67
-980
-38
-2
64
-49
-15
100
-96
11
1300
-1091
-220
6
15
-3
-19
9
-11
8
-8
1
6
137
-144
-1
1549
-1513
1091
-1125
23
-20
45
-10
-11
-22
173
-179
1193
-1000
332
-498
1029
-1056
2
4
89
-72
76
-100
3
18
-15
-6
1
63
-59
47
-50
194
-27
-144
10
64
-89
-8
11
-8
7
174
-147
11
6816
-6655
1
3:0
1
-1
3:0
2
-2
3:0
5
-4
-1
2:0
2
-2
0
1
-1
121
-121
0
1
-1
2:0
1
10
3
-14
15
-15
0
1
-1
6:0
29
-29
6
-5
1
-2
0
1
7
-8
1
-1
1
-1
0
10
-10
5:0
1
-1
15
-15
2:0
1
-1
6:0
2
-2
3:0
2
1
-3
0
2
-2
1
0
-1
2:4
-8
0
1
-1
0
4
-4
3
-3
9:0
1
2
-3
5:0
21
-21
2:0
1
-1
2:0
2
-2
2:0
1
-1
0
3
-2
0
-1
0
5
0
-4
1
-2
3:0
1
-1
4:0
8
-8
2:0
1
-1
5:0
12
-12
2:0
3
-3
3:0
2
-2
0
1
-1
0
11
-10
-1
2
-2
7:0
3
-3
2
-2
3:0
5
-4
-1
1
-1
0
1
-1
2:0
1
-1
7:0
7
-7
3:0
5
-5
0
1
-1
2:0
19
-19
3:0
21
-21
0
13
-9
-3
-1
5:0
2
-2
3:0
3
-3
42
-40
-2
0
3
-3
5
-4
-1
0
3
-2
-1
3
-3
0
36
-36
0
3
-3
3:0
2:2
9
-8
-4
-1
3
-3
7
3
11
-20
43
-44
0
5
-3
0
5
-3
-1
5
-7
-1
3:0
9
-9
3:0
20
-20
2:0
27
-26
-1
4
-4
7
-7
6
-6
1
2:0
-1
55
-55
4
1448
-1449
-3
46
-46
2:0
19
-19
0
5
1
-6
0
3
3:-1
2:0
8
-8
2:0
4
2:-2
2
2:-1
8
3
-11
0
1
0
3
-4
2:0
15
-14
0
54
-55
0
8
2
5
-15
2:0
1
-1
1
2:0
3
-1
-2
-1
0
15
-15
4:0
29
-29
1
6
-7
3:0
1
51
-52
0
3
-3
3
5
2:-4
9
-9
2:0
384
-316
-61
-6
-1
6:0
4
6
-10
0
1
-1
2:0
7
-7
1
2:0
-1
29
-26
-3
39
-28
-9
286
-288
2:0
34
-34
3:0
2
0
11
-13
0
1
14
-10
-5
3
-3
0
3
66
-24
-37
0
-8
6:0
2
-2
1
23
489
-508
-5
43
49
-90
-2
0
10
-10
0
6
-3
138
-141
603
-603
5
0
-5
73
-72
1
-2
3
-3
1
-1
0
2
-2
1
-1
6
-6
6
-6
3:0
80
-80
7
-1
96
-102
36
-32
2:-2
1
-1
4
0
-3
0
40
-41
1
2
60
-63
2
0
36
63
-98
2
-5
4:0
1
0
6
0
-7
0
23
-23
4
2
-6
2:0
7
4
-11
18
-18
14
-13
-1
2:1
27
-29
0
49
-49
0
40
-23
-15
-1
0
-1
2:0
1
77
-77
1
-2
7
0
20
-27
1
2:0
-1
3:0
1
0
1
-2
12
-11
-1
2
-2
1
-1
0
2
-2
0
2
136
-137
-1
6
-6
1
-1
0
5
6
-11
0
1
4
454
-453
-3
8
-11
0
2
-2
2
-2
3:0
6
0
-6
2:0
3
95
-98
6
-5
2:0
-1
0
2
-2
4
-4
7
-7
6
-4
0
2:-1
2:0
5
0
101
-106
2:0
1
14
-15
0
2
0
2
-4
1
0
2
0
13
0
-6
-9
-1
1
3
-3
-1
2:0
8
-4
2:0
-4
2
0
-2
3
-3
10
-10
0
4
-4
6
2
-1
2
-9
2
-2
1
-1
0
2
11
-11
-2
3
21
118
-142
13
-12
-1
0
1
200
-201
0
9
-9
79
-79
221
299
-520
0
2
-2
0
5
-5
3
113
-115
-1
2:0
8
-7
5
2:-3
1
0
5
-6
1
-1
20
160
-180
2:0
1
20
-21
3:0
1
-1
10
4
5
-18
-1
33
83
-9
-105
-2
0
18
-16
-2
39
-38
-1
5
2
-6
2:0
4
-5
6
-6
4
-3
-1
0
8
-8
0
74
-72
29
-31
1
2
6
1
-7
-3
5
-5
18
4
75
-94
28
-31
2:0
16
-16
3:0
1
0
-1
0
11
-11
2:0
46
-1
-40
-2
2
-3
-2
1
-1
6
-1
2:-2
79
-80
end
