v1
972
518
54
171
237
249
52
124
15
14
25
9
8
439
37
12
119
21
2:167
147
0
49
1
57
56
22
143
3
535
7
165
59
480
33
35
0
5
140
297
89
56
150
191
2
0
72
128
455
160
111
177
0
227
21
10
194
22
43
75
128
39
160
58
103
180
72
278
61
156
398
1
21
129
6
31
225
277
72
185
262
186
8
63
25
54
48
9
64
75
93
85
202
166
44
160
193
110
150
125
148
207
76
81
32
160
0
9
212
95
117
100
0
32
44
54
286
53
5
60
4
10
47
297
79
497
42
128
7
138
83
145
55
253
21
95
87
167
27
73
48
76
159
77
108
49
146
36
37
234
123
106
50
119
16
93
361
119
164
124
53
161
72
8
109
10
160
125
181
27
29
12
16
17
38
12
13
18
4
15
96
2
3
14
6
124
4
23
78
17
82
74
59
14
50
30
35
3
38
16
38
17
127
51
67
446
1
31
47
51
0
44
120
225
160
35
219
110
98
206
10
6
27
6
400
54
121
141
85
101
41
90
167
2
146
287
129
275
23
0
14
19
144
136
15
18
13
2
66
17
70
123
40
66
41
309
114
93
144
43
9
2
39
662
96
199
102
46
25
389
56
111
24
42
115
93
94
75
50
325
318
341
7
247
33
29
1
156
40
6
80
0
53
75
57
69
7
8
147
40
379
14
447
164
101
86
96
2
166
79
69
101
37
175
70
121
8
11
32
363
89
100
54
47
31
25
5
35
92
20
88
153
59
5
20
3
193
3
2
151
99
129
190
94
39
46
17
0
155
34
64
28
31401
5
6
16
9
208
29
97
85
88
4
80
112
36
8
17
5
1130
22
0
68
111
0
71
104
62
18
10
37
9
3301
2211
325
3
1553
2387
2753
6578
4238
2650
811
3955
4992
6930
2988
4449
2
10917
882
958
2466
983
4160
8
1
8
2
5
1
1414
13
17
3506
119948
1
7717
24
73
9417
32411
32
14
8
11
7
2
165
47
26
7
13
0
53
4
32
5
54647
731
54
262
9
27
57
6
12
17
36
109
23
4
10
2
1
0
3
8
1
6
5
2
78
677
32
24
138
2
12800
3480
4654
13301
3251
4729
813
247
1105
78
1062
665
436
532
2:2
1
6
5
11
28
1
2
39
5
42
8
2
44
1
39
9
28
3
1
43
25
22
4
5
1
30302
1513
8431
34
26
64
176
69
31
725
1
286
10
56
27
73
63
81
49
136
90
2
9
24
33
2:9
19
22
78
25
30
17
2
24
17
10
7
25
273
375
50
13
6
17
15
22
1
16
56
14927
28
1990
9722
2:1
81
0
4
14
44
19
102
14
18
0
10
27
3
6
26
13
62
65
22
44
8
45
2
4
18
23
25
2:14
105
23
16
49
58
2
70
-489111
77
332
318
450
179
11
171
101
93
48
54
84
18
208
23
167
46
201
44
4
0
196
0
182
297
115
15
53
64
22
402
83
23
29
53
89
166
638
0
306
19
120
4
485
67
9
219
53
293
220
176
30
188
314
173
21
312
47
113
111
228
173
9
406
103
94
43
89
198
696
29
19
11
192
19
127
45
0
304
699
197
132
103
349
596
157
77
163
31
71
118
17
237
345
92
131
14
200
82
54
396
273
134
0
88
75
141
52
44
47
54
187
63
509
10
0
248
4
145
75
56
30
24
23
0
310
299
101
193
52
65
19
53
15
26
30
1
72
103
7
19
101
24
45
19
21
102
5
60
121
88
59
382
164
7
259
194
293
129
263
543
295
67
0
28
166
171
55
139
175
123
0
11
170
46
379
617
319
373
20
0
186
539
847
57
60
105
72
0
124
267
30
164
653
32
66
110
9
44
19
338
154
37
175
49
225
83
66
209
6
32
482
106
99
38
0
45
97
115
904
31
64
247
29
879
127
252
8
83
75
103
16
169
47
17
60
15
31657
30
7
49
66
0
83
3
106
27
160
135
67
1141
54
101
88
48
466
3035
2521
1893
2745
691
1040
330
5262
2324
1
5124
17436
2185
1255
1358
10706
39
3708
943
2468
5157
6
2
16914
104456
11363
12078
26107
3646
21
0
13
12
5
127
114
105
27
4
72
55306
32
9
22
60
1
6
108
3
73
3
29
15
0
201
57
1
108
692
108
7893
10815
9800
16890
1779
80
18
3
108
14
28
102
55
40787
641
5
43
89
125
0
6
162
0
15
245
175
23
250
7
532
176
32
0
15004
65
11986
73
23
1
139
113
13
12
31
7
3
63
1
0
51
0
57
148
78
30
1427339400
599:0
1
371:0
9
119
-83
-37
34
2:-17
15
80
-94
12
2:-6
70
-75
10703
-10699
4
-4
-1
0
9
568
263
1873
-2634
-81
36
-13
-19
4
12
15
-30
-4
1
5
7
15
-29
-1
126
-125
2
0
2
55
-44
-14
127
-122
0
-2
25
-1
55
-14
-65
-3
1
13
-7
-2
13
-10
119
-124
6
-7
607
-570
-18
-7
56
-61
19
-28
-1
57
-54
-1
37
49
1938
-1951
-75
1617
-1614
26
-22
3
17
-28
3
105
-84
-18
-4
120
-92
-25
31
-35
0
2
0
19
845
-854
-8
-2
-1
2
18
28
-30
720
-737
23
-16
-8
91
-92
7
-4
187
-187
158
-151
4
-10
-3
4
3
8
-11
20
-1
-24
13
129
-138
5
-8
-1
16
4063
-4079
1
705
-700
-6
571
-493
-78
3
710
-707
16
-19
7
858
-386
-429
54
-93
-9
9
5
26
-34
-7
5
148
-155
8
36
39
-84
6
13
-12
89
-22
-69
51
299
-355
93
584
-634
-40
1
111
74
78
-221
-25
-20
19
87
-108
0
287
-287
86
-83
-3
6
0
8
150
-107
-50
-1
61
263
-325
5
106162
-106172
0
6237
-6175
-52
61
98
-167
87
59
-138
-10
40
-36
448
-428
5873
-5893
-2
3
-5
13
80
-85
-8
25
713
-721
147
-124
-31
-3
41
219
-257
-7
6
-6
233
-232
-3
0
1
69
-58
113
-111
-4
2833
-2827
271
-275
-12
13
-11
12073
-10937
-1001
-136
-1
10
46
-23
-7
29
-51
5
-7
53
-3
1
-51
2056
-2008
267
-307
89
19479
-19515
62
318
-443
6
21
-26
10
505
-507
-9
0
3
144
-123
3910
-3924
994
-906
-58
-35
4
233
34871
-35038
-74
2225
941
-3164
50
-52
940
-910
-23
2707
-2714
5230
-5195
-31
250
-244
-11
1
6
-2
101
-84
-21
1
2
1305
-1271
3
-34
3635
-3634
568
-487
-82
2
257
-257
475
-478
17
2540
-2327
-216
-20
33
-25
7
1
-13
4
-2
10
412
-341
-15
35
-79
1489
-1269
-116
-131
887
-800
-86
181
-182
176
1008
-1094
-79
-3
878
-870
-12
80
-57
-28
79
-75
-1
2
1
-6
6
22826
-22817
-2
61
-63
27
-38
2
166
-159
379
-325
7526
-7584
6977
-6917
-64
0
2
15
-15
2
25
1188
-1006
2
-198
-12
105
3778
-3839
-48
5
386
-388
59
-45
-9
3
258
-264
42
-43
19
-21
0
1
-1
0
24
8
-22
214
-222
1
55
-57
-2
1
0
2
75
-71
-7
0
60
-54
3
-8
75
-60
30
-27
117
-129
-6
2
4
-3
30
41
-70
8360
-5878
-2470
499
-515
3
15254
-15258
16
-15
2072
7051
-3557
-5558
-9
75
-24
254
849
-1146
-7
6
57
-46
57
-62
-4
63
364
4126
-4550
-12
2
25
-8
260
-50
-212
-10
7
1504
-591
-927
85
2084
-899
-1262
36
-35
57
-1
-56
-9
474
38452
-38924
24
3
-17
105
-114
3420
-3416
13
11
901
-835
-88
86
644
-729
220
-230
2476
-2147
-119
-2
-152
-37
-14
3193
-3197
193
-188
0
26
-28
-4
85
-71
-7
69
-42
140
107
186
-426
-39
2
3
-3
87
-91
1
54
-55
8781
-8642
-123
6482
-6495
-6
0
-1
0
1
-1
0
2
2:-1
1
2
2:-2
2
-1
2
-3
3
-2
2
3:-1
2
-1
2:1
-2
2
-3
1
-1
2:1
2
-3
1
0
1
0
-3
3
-2
3
-3
-1
1
-1
2:1
-2
1
-1
1
0
3
-4
3
-2
0
2
-1
-2
2
0
2
2:-2
2:1
0
2:1
-4
4
-3
2
-2
0
-1
3
-2
2:0
2
-2
3
-4
2
-1
1
2
-1
-3
0
2
-1
2:0
1
0
-1
2:1
0
1
-3
2:1
-2
2
-2
1
-1
2:1
-2
2
-1
-2
2:1
-2
2:2
2:-1
2
-4
0
3
-1
2:0
1
-1
2:1
-3
3:0
2
-3
3
-1
-2
3
-2
1
-1
1
-1
3
-2
1
-3
2:1
-2
1
3
-4
1
-1
2:2
-3
3
-4
1
0
2
1
-4
3
-2
-1
1
2
-1
2
-4
3:1
0
-2
-1
0
2
2:0
-1
0
-1
2:0
4
0
-1
-3
2:0
2:1
2:0
-1
1
0
2
2:0
-2
-1
2
0
-3
4
-2
2:-1
2
1
-2
2:0
2:1
0
-1
0
-1
0
-1
1
2:0
1
0
1
-1
2
-4
2
1
-3
4
-4
0
2:1
-1
0
-1
4
-4
3:1
-3
2:1
-2
0
1
-1
2
0
-2
3
-2
3
-1
0
1
-2
2
-3
0
-1
2
-1
2
-3
2:1
-2
3
0
-3
1
-1
0
1
0
-1
1
0
2:1
-1
-2
2:2
0
-2
2:-1
1
2
1
-4
2
-1
1
0
-1
2
-2
1
-1
0
-1
3
0
-2
1
4:0
2:-1
1
2
-2
2
-2
1
2
-3
0
1
-1
1
2:-1
4
-3
-1
2:1
2:0
-2
3
-3
0
1
0
2
0
-1
-2
0
4
-4
2
1
1
0
2
-1
2
-1
-2
3:0
4
-3
-1
0
1
137
-138
4:0
2
-1
10
17
-12
-16
3
0
20
-20
2
-5
0
1
0
2
0
-3
2:0
9
-8
-1
2:0
11
-7
-3
9
-8
0
2:-1
4
-2
4
-6
1
-1
5
-4
-1
1
-1
8
-7
0
-1
0
3
-2
-1
2
1
9
-11
0
6
-6
-1
2
9
-10
3
-2
0
-2
9
-7
1
-2
-1
0
8
-4
2:-2
14
-14
0
7
-7
3:0
1
9
-10
0
1
0
-1
1
3
-4
21
-21
0
6
-6
5
-5
0
2
7
-9
6
-6
0
1
2
-2
1
0
-2
2:3
-6
2:0
4
-4
0
1
-1
16
-16
1
41
-42
1
12
-10
-3
3:0
4
-4
0
7
82
-87
-2
0
2
4
-3
3
-6
2:1
28
-29
1
3
-4
0
7
-4
0
2:-1
-2
15
-10
-5
23
48
-66
-4
2
7
-2
9
-15
-2
4
-1
8
-9
-1
18
-19
10
-10
2
-2
0
1
5
1
-7
3
2
41
-46
6
1578
-1583
1
85
-77
-6
7
-4
2:-1
-4
0
-1
6
-4
13
-10
1
-4
-1
3
-4
1
18
-16
-3
1
129
-128
-2
3
-2
-1
11
-1
-8
-2
3
-2
70
-71
0
2
-1
22
-19
17
-21
1
64
-60
3
-6
-2
1
0
399
-338
-51
-10
0
-1
0
5
3
13
-19
2:-1
19
-12
0
-7
59
-58
38
-36
2
249
-251
-3
59
-58
0
1
-2
5
11
-16
2:0
3
22
-17
6
-11
112
-76
-31
-7
1
83
486
-547
-23
36
136
-173
5
-3
14
-10
1
247
-251
482
-482
-2
86
-85
-2
2:0
1
9
-10
2:0
1
80
-77
0
-1
152
-155
58
-49
-9
1
58
-55
73
-77
5
38
48
-89
-2
6
-6
3
0
-2
2:0
11
-12
25
-21
-3
2
59
-49
10
-23
33
2:-16
38
-39
39
14
-37
-15
3
74
-77
8
17
-22
-2
1
-2
0
3
2:-2
2
178
-179
1
2
0
-4
1
0
16
-17
0
11
546
-556
22
-23
1
3
-4
2
-1
2:1
-3
1
0
1
-2
6
116
-119
-2
-1
10
0
-9
3
-1
4
98
-105
13
-13
3
0
-3
5
0
-5
6
-1
5
2
-11
-1
6
-6
2:0
10
-10
6
-3
-1
-2
7
-4
-2
1
10
-8
2
-3
5
-7
0
1
-2
1
3
2
-4
25
104
-128
14
-17
0
250
-248
4
-4
109
575
-108
-576
-2
2:3
-2
226
-228
0
-2
8
-3
9
-6
2:-3
24
168
-193
0
1
-2
0
1
29
-29
-1
3
26
-1
-28
33
72
28
-133
4
-4
17
-16
1
-2
37
363
-400
2:2
-2
12
-9
43
-47
4
-4
77
-69
-9
9
3
-12
10
-10
38
2
15
0
-53
-2
0
49
-49
38
-38
0
1
-1
0
2
0
2
11
-14
51
-52
175
-169
-4
-1
1
-2
1
0
-1
2
-2
19
-16
-2
91
-92
10:0
1
-1
1
-1
5:0
1
-1
8:0
1
-1
16:0
1
-1
0
2
-2
33:0
1
-1
16:0
1
0
-1
2:0
1
-1
18:0
1
-1
4:0
1
-1
2:0
1
-1
1
-1
3:0
1
-1
7:0
1
-1
3:0
3
-3
4:0
1
-1
2:0
1
-1
2:0
1
-1
5:0
4
0
-4
4:0
1
-1
3:0
1
-1
5:0
4
2:-2
5:0
1
-1
5:0
1
-1
0
2
-2
0
3
-3
3:0
2
-2
3:0
1
2:0
-1
2:0
1
-1
4:0
1
0
-1
15:0
1
-1
12:0
2
-2
2:0
1
-1
1
0
-1
7:0
1
-1
5:0
1
-1
1
-1
1
-1
3:0
1
-1
0
2
0
-2
0
4
-4
5:0
1
-1
2
-2
2:0
1
-1
0
1
-1
16:0
2
2:0
-2
3
-3
10:0
1
-1
7:0
end
