v1
752
207
90
446
30
363
14
36
74
21
63
76
48
78
52
58
308
119
568
35
6
17
39
22
17
11
614
46
165
3
429
12
168
140
17
179
123
67
35
171
130
61
104
26
72
322
133
4
267
34
136
7
248
10
212
4
285
321
252
95
5
24
215
142
14
345
16
38
21
135
23
233
144
205
185
176
86
194
63
79
86
110
93
85
98
59
146
108
1
353
110
267
8
319
74
38
465
29
233
155
54
126
213
69
57
154
21
655
43
42
128
7
104
39
43
46
7
182
30
172
22
50
71
24
309
45
48
41
80
158
9
88
162
113
252
142
275
109
119
285
39
13
24
288
117
169
8
59
50
10
39
101
123
22
177
4
26
1
29
12
33
38
25
18
4
23
11
8
15
7
1
46
2
3
148
23
95
82
53
21
45
14
64
0
30
35
57
38
17
73
172
439
8
78
7
88
22
98
186
39
414
88
22
302
2
10
33
6
116
104
42
138
54
121
141
85
101
182
118
37
109
5
53
44
185
129
27
254
17
14
10
289
10
5
33
153
177
52
13
28
466
62
175
308
500
83
109
7
102
71
5
17
312
55
50
117
24
42
115
66
27
94
8
67
18
32
165
50
417
329
19
4
8
246
33
29
5
192
6
80
128
19
38
69
7
8
106
41
4
36
283
110
206
304
202
172
12
245
10
6
154
37
175
70
63
58
8
11
32
74
289
22
67
100
54
103
5
35
92
20
88
153
59
5
20
3
99
5
89
5
33
53
415
18
35
16
40
13
19
9
42
9
63
155
34
64
13
15
31406
22
9
43
161
33
97
85
88
84
16
96
36
30
932
54
56
110
68
111
71
166
28
37
9
2055
1246
2211
328
1517
36
5140
2463
1
5116
1092
2144
2650
811
3955
5782
5704
436
2988
436
4013
2
4
8085
2
3708
943
15
2453
13
983
1014
3146
1
14
4
5
1
1427
0
17
119910
3545
7741
73
9417
32305
74
24
18
22
9
5
193
73
1
19
72
17
5
81
6
10928
25036
18596
724
7
85
74
60
97
7
2
27
40
17
6
12
17
66
79
27
10
3:1
10
2:1
6
5
2
83
643
7
22
20
51
125
16280
4654
3093
10208
7980
813
247
1183
873
189
665
968
2:2
1
2:11
18
13
39
5
14
28
54
40
36
1
3
1
90
4
5
1
30302
1513
8224
241
26
64
176
69
31
43
326
356
1
87
249
16
25
17
202
24
25
228
9
2
55
2:9
41
103
47
2:13
12
5
17
25
173
13
87
331
44
13
18
17
2
13
6
17
15
0
22
1
72
14733
185
1
2:8
2010
9722
2:1
81
4
14
51
12
73
43
19
9
26
36
2
15
58
65
22
52
16
29
2
21
2:1
47
28
12
117
2
13
49
50
8
2
108
-488299
514
416
5
3
134
2110
282
653
626
473
560
225
354
193
787
40
339
593
61
1408
11
8
248
0
347
160
7
467
560
419
404
583
981
82
224
189
0
420
53
187
184
150
185
46
111
395
520
706
0
119
10
215
73
66
15
239
13
17
199
182
0
38
1061
160
112
641
1234
641
1042
493
444
967
9
599
190
27
1444
61
354
77
124
368
115
0
41
844
38
45
612
467
37
0
37
210
851
605
153
565
31370
6
229
91
68
185
40
1
21
9521
15619
12423
22452
4693
1514
1918
4185
16896
157842
186
19
27
55382
316
50
19868
565
6002
20214
1770
18
0
149
141
40055
68
307
1708
172
818
142
14961
38
88
86
12301
42
118
25
189
0
49
34
1427545800
599:0
1
151:0
10
-9
22
-21
14
37
10
-56
2
-6
17
-8
-11
4
3
-5
5217
-5216
1
67
15
3758
-3768
-76
226
3385
-3611
68
-66
-1
2
589
-580
-6
-2
10
-13
1
97
-98
7
-7
2
6
-8
13
-11
375
-357
-14
-3
-2
136
-137
61
-52
-8
16
-17
0
6
92
-98
13
-14
3:1
238
-238
265
-267
4
12
-12
7
76
-62
-24
2
6
-4
-6
56
-45
-10
1
262
-240
164
-93
89
-180
-3
41
420
-411
-31
2
393
-413
273
-272
92
-94
2
-2
21
47
-57
7
-17
44
17
-62
11
-10
33
-34
0
1
-2
4
-1
2
-5
0
1
13
-12
71
204
-262
19
93
4
-130
1
-1
13
-13
506
-490
-3
18
424
-454
2
11
-1
-6
-7
39
-39
7
-7
15
-9
714
-683
297
-314
-15
3
-6
23
-19
12
-12
-6
11
-9
7
137
-136
38
483
-530
34
-34
10
117
15
-84
539
-591
-6
4
1
146
-148
202
-194
-12
622
-616
164
-159
-4
5
7
1191
-1202
-6
121447
-121445
12244
-12193
-52
13
-11
18
2
7
-32
8
-9
17
-16
4:1
47
-51
2:0
1
4
67
-28
-31
-9
204
-189
-20
31
-27
80
-76
-7
62
-62
45
-41
2:3
294
-165
-136
28
-31
38390
-38389
76
-74
0
29
-30
-2
7516
-7517
2912
-2908
8
-12
0
214
-204
-9
11
-1
21
-18
-8
-3
13
21
-8
1983
-2012
3
279
-269
56
-62
59935
-59927
-12
3
384
-389
11
-7
-3
223
-224
3
38
-41
51
41
-91
4
23
1535
-1493
-52
0
-6
-13
2
404
128727
-127599
-185
-1305
-40
-3
92
-58
-23
2307
-2295
2910
-2925
-6
43
68
-114
7
-5
2
-3
1
0
3
18
-18
-4
21
-20
1
1307
-1301
-5
6
3037
-2859
-109
-64
-13
1
240
1
-91
-140
-12
153
35
-88
-94
-7
1
27
-17
-6
906
-888
619
-636
225
-221
114
-63
248
-302
148
97
-252
13
260
-231
57
161
100
-355
2
-6
537
-116
-395
-11
32
-44
-3
5
-5
83
50
-124
-4
1
-6
29
63
-93
46260
-46245
-15
40
-7
5
-35
58
236
-273
2302
-2270
-8
-46
52
554
-601
35
-34
16
-23
198
-197
81
1301
-1368
-12
-4
1
20
-17
0
5
27
-26
-7
5
-7
61
-61
16
48
-63
161
-151
48
-57
1
-4
9
-2
0
30
24
-49
337
-285
-63
3
-2
2
1
-4
3
84
-73
-8
-2
51
-55
0
65
5
-51
30
-7
-30
-11
1982
-1980
183
-160
5767
-3609
-2184
0
265
3322
-3574
-13
182
4892
-2928
-2141
-4
9
205
-212
4
-7
25
-9
39
-50
14
-14
-5
0
348
16
-364
48
-46
6
37
202
-246
9
60
744
-814
55
272
5740
-6063
69
-69
-2
172
-172
20192
-20169
45
-70
0
41
-40
104
-87
-17
5
-3
31
46
-70
29
-2
1219
-1136
-36
-79
15
41
-6
-35
47
-63
1239
-1164
-5
-25
5
42
104
-175
102
-111
27
-42
9
-6
-2
124
-91
57
111
-204
59
-55
7
2:-5
66
-66
4
25
39
-19
-16
30
-37
3376
-3400
-3
-1
1
-1
1
0
-1
1
-1
1
-1
2:0
1
2:0
-1
0
1
-1
2:0
1
-1
2:0
1
-1
3:0
1
0
-1
6:0
1
0
-1
1
-1
0
1
-1
1
-1
0
1
-1
2:0
1
-1
1
-1
2:0
1
-1
1
3:0
-1
3:0
1
3:0
-1
1
0
-1
5:0
1
2:0
-1
4:0
1
-1
2:0
1
-1
1
0
-1
1
-1
1
-1
1
3:0
-1
1
-1
1
-1
2:0
1
0
-1
2:0
1
-1
2:0
1
2:0
-1
1
-1
1
-1
0
1
-1
0
1
2:0
-1
1
-1
0
1
0
-1
2:0
1
2:0
3
-2
1
-1
3:0
1
-1
0
9
-6
-3
2:0
1
93
-94
0
7
-7
10
6
-16
4
2
5
-5
-6
2:0
36
-36
5:0
11
-11
0
1
-1
1
-1
4
-4
2
-2
3:0
4
-4
0
2
-2
3
-3
4:0
1
-1
3:0
2
-2
24
-24
0
2:1
-2
0
2
-2
2:0
4
2:-2
0
2
-2
2
0
5
-7
3
-3
0
6
-4
3:0
18
-20
12
-11
1
-2
2:0
1
3
-4
4
-3
-1
1
-1
0
1
0
-1
2:1
-2
2:0
2
-2
4:0
1
-1
3
-3
24
-15
-8
-1
4:0
1
-1
0
38
-36
-2
1
-1
1
-1
1
-1
2
-2
4
-4
2
3
33
-37
2
-3
0
7
-7
1
2:0
8
-9
1
14
-14
13
28
-42
4
-4
0
17
0
-17
9
-8
-1
2
-1
10
-8
28
-28
-3
12
-12
2
-2
0
1
-1
68
-68
3
1197
-1199
70
-61
-9
-1
5
-2
4
-6
-1
2
-2
6
-6
0
1
-1
0
3
-1
-2
0
2
0
-2
4
-3
0
37
-29
-9
2
-2
7
-7
1
9
-10
6
-5
2:0
26
-26
-1
7
-7
45
-44
6
-7
0
2
-2
0
460
-460
103
-102
0
-1
2:0
1
0
-1
0
2
1
4
-7
0
8
-2
46
-52
0
24
-19
-3
-2
372
-369
-3
1
31
-32
3:0
11
-11
1
-1
1
12
-9
-4
1
2
73
-48
-23
-4
-1
2:0
49
469
-477
22
-63
2:0
4
3
-4
181
-182
422
-424
2:2
44
-48
4:0
5
-4
-1
2
-2
0
3
-3
0
71
-70
-1
5
80
-65
-13
-6
0
1
18
-19
36
-36
-1
36
56
-85
-6
-1
3:0
1
6
5
53
-65
15
-14
5
2
10
-18
24
-9
-15
1
4
-5
19
12
-22
-8
0
1
38
-35
-1
6
14
-24
4
2
-6
0
4
-4
3
-2
0
-1
2:0
149
-149
0
5
-1
-4
1
13
-14
1
252
-253
2:0
6
-2
-4
2
-1
3
-4
0
3
4
109
-112
-4
2:0
3
-3
1
2
13
-16
0
3:1
-3
5
0
-3
93
-95
13
-13
0
1
2:0
1
7
2:0
-5
-4
0
3
-2
0
-1
0
3
5
-7
-1
1
0
-1
1
9
-7
2
-3
4
-6
2:0
1
15
-16
16
71
-87
0
5
113
-114
-4
29
183
152
-362
-2
0
34
-34
1
-1
4
-3
5
-4
1
-2
-1
0
27
51
-78
3:0
24
-18
-6
2:2
14
-18
40
8
253
-301
14
-14
0
18
-18
131
-131
12
-12
0
1
-1
11
-8
-3
0
3
2
1
2:-2
0
48
-33
2:-8
11
-10
4
-5
5
-5
17
-5
13
-24
12
-8
2
-8
20
-20
2:0
1
0
-1
7
-7
29
82
-111
2
0
-2
4
-4
11
-11
2:0
31
-24
-6
-1
2
29
-31
12:0
1
0
-1
13:0
1
-1
47:0
1
-1
5:0
1
-1
12:0
1
-1
5:0
1
-1
12:0
3
-3
0
1
-1
4:0
2
-2
22:0
end
