v1
1103
743
486
52
139
663
314
110
122
63
56
22
35
111
221
486
612
1125
322
133
271
435
216
285
160
413
94
1
269
36
95
152
98
149
21
372
19
386
148
87
369
63
275
335
415
193
214
171
431
494
442
339
126
692
0
223
128
7
134
232
38
386
217
64
356
416
288
0
106
275
16
573
207
81
294
109
480
23
41
71
47
111
2
3
21
103
24
118
82
133
64
30
35
38
74
245
447
85
88
120
225
414
110
314
33
6
116
104
180
175
141
85
142
198
61
433
441
299
46
2
423
703
808
301
460
167
66
302
75
50
980
11
247
62
203
27
53
128
57
0
69
15
147
323
57
39
14
896
452
175
70
121
8
11
32
217
235
100
54
47
56
5
127
108
153
64
23
198
511
191
252
92
31401
5
22
9
334
173
196
36
8
22
1331
237
18
10
37
9
3301
2211
328
1553
5140
10801
15
2650
811
11778
4099
2988
436
4015
10917
1840
7628
5
1428
123472
7741
26
47
9417
32421
22
389
5
55694
36
63
29
16
46
83
52
11
2
880
16351
4654
20543
738
2243
1727
436
532
11
47
39
47
54
77
3
1
90
9
1
30302
10004
64
176
100
725
1
13
69
312
202
277
9
57
2:9
41
103
73
15
2
17
25
648
63
6
32
22
1
72
14927
2018
9723
1
2:81
116
28
36
39
62
65
22
52
9
36
2
70
40
93
26
13
49
60
70
-489220
431
101
427
156
19
115
26
59
50
29
34
188
12
270
26
307
129
15
219
1
74
2
36
8
43
0
323
100
191
39
7
91
90
43
265
0
4
96
18
310
7
10
25
14
241
229
257
130
80
124
128
15
169
133
38
145
67
76
106
41
5
75
21
93
111
140
33
93
476
85
236
290
50
17
9
5
334
111
32
19
31
51
66
46
339
72
205
0
163
79
375
18
519
101
109
191
55
111
27
48
31
63
177
52
93
182
30
33
38
79
49
27
36
228
55
270
132
44
113
66
1
249
28
1
4
88
52
12
281
433
74
226
25
20
82
141
124
223
21
189
160
148
26
24
88
238
44
31
284
121
55
11
229
111
150
81
55
164
38
5
84
46
70
48
148
90
9
300
45
170
5
2
101
15
7
171
6
4
56
45
6
47
10
0
18
12
7
19
102
111
0
13
3
192
83
73
3
29
53
33
38
16
38
31
68
45
564
62
17
103
497
35
231
27
375
44
267
192
353
62
6
27
131
166
222
29
314
27
52
196
6
17
328
99
17
70
86
77
46
20
464
86
7
5
7
127
57
41
662
295
173
5
7
10
252
60
105
6
31
78
26
82
75
56
37
102
603
246
229
310
47
51
78
94
95
94
55
59
195
64
454
322
63
137
45
20
182
38
209
170
229
116
173
22
32
245
343
6
8
29
175
237
25
107
89
3
88
65
106
194
103
16
72
9
12
122
18
117
98
0
59
31367
14
114
115
33
53
129
6
118
48
1122
111
25
24
26
22
68
228
135
2114
5649
2076
5217
2792
4467
8509
2526
3256
830
10095
1267
1385
11
5
8077
3708
943
34
2434
13
1997
3146
17
0
5488
1
11417
104456
3544
2719
5100
41800
24
28
13
5
28
165
73
20
53
4
118
54566
680
51
50
35
47
27
164
2
45
39
3
15
1
188
10
3:1
10
1
7
733
7
82
136
12800
11227
10208
3257
5416
367
2245
40
1595
1
3:2
7
39
1
3
43
50
2
25
24
3
6
26
6
1
2
55
20
51
31821
8273
168
24
329
6
90
30
92
419
213
222
43
134
73
61
25
3
60
23
140
32
156
69
3
17
38
8
225
87
212
176
73
14943
40
45
2:1
35
1977
9822
14
16
35
146
3
37
0
32
29
81
6
167
1
61
258
7
123
-489183
124
677
145
341
80
18
52
141
223
138
124
52
5
143
134
109
36
247
57
594
132
37
222
165
83
52
195
259
341
70
18
3
197
143
9
537
127
57
251
21
409
17
397
84
127
39
280
52
61
104
442
313
48
299
287
176
8
53
89
81
199
48
9
20
150
116
31
1
348
36
80
245
141
0
174
384
188
97
88
147
293
36
578
0
86
102
112
317
116
419
240
254
62
306
4
199
123
266
66
6
22
12
151
57
20
92
73
662
333
94
149
70
61
243
144
10
263
4
322
44
134
35
34
7
22
121
80
189
14
93
0
433
1122
8
193
261
295
223
322
432
49
6
26
204
127
11
296
573
514
402
168
110
1722
209
240
180
159
18
142
150
168
260
14
35
105
252
54
621
213
174
859
134
28
66
125
0
105
515
40
28
38
178
95
234
65
177
280
157
122
17
309
153
42
97
31
83
53
276
31351
8
73
254
4
242
40
135
25
1940
604
4960
1879
2403
2411
2470
5114
4736
2699
2774
5435
5105
17353
8117
1014
27
3127
1
0
2485
124165
6060
38208
3646
7
16
35
3
85
160
11
107
82
35964
19682
37
179
0
6
0
78
82
686
41
23
0
3563
4382
17378
18143
752
528
658
1871
6
26
71
26
66
114
31
40281
103
235
431
536
107
10
81
404
103
315
207
315
205
5
82
77
14833
27
10
76
11926
19
0
51
47
37
200
80
205
31
112
90
1427599200
299:0
1
499:0
1
302:0
36
59
-26
-18
10101
-10068
-51
99
111
4034
-4211
-11
-19
14
-11
58
-52
-11
-1
10
15
-24
4
112
-63
-55
385
-369
-8
204
-166
-41
65
-32
-16
-20
36
41
-40
25
15
-82
19
128
-146
796
-681
579
-470
6856
-6853
-175
-11
-4
47
-39
65
-78
194
-226
55
-28
26
-10
2763
-2765
-3
481
-248
-238
601
-634
17
626
-615
-14
416
-335
716
-785
-19
24
248
-279
16
2
62
477
-551
62
2191
-2061
-144
1733
-1594
-47
-131
153
84
-189
-46
488
91097
-91600
5533
-5392
-140
20
5
119
-139
120
289
-324
7
-67
133
698
-403
2590
-2825
-197
317
144394
-144436
-284
13370
-12091
-1214
46
-68
-28
29
-44
-21
8
963
-929
-6
357
-317
15226
-15283
341
844
-826
-147
-131
-36
210
-270
1425
-1365
-53
85
419
-306
69642
-69849
827
2007
-2833
626
-583
6492
428
-6340
-609
1485
264
-1756
33
3395
-2928
-399
550
-144
-177
140
-276
-169
323
-336
6
609
-353
201
-476
198
111
-255
243
146
-85
3965
-4322
931
921
-1848
34
37
-70
93
26167
-26244
31
-27
352
-385
186
6445
-6608
2045
-2032
3229
-3248
84
1061
-907
-244
10209
-10204
140
367
-438
-59
-23
6
285
-259
-23
25
149
-157
273
3454
-1652
-1732
7340
-6294
8516
-3561
-6205
-159
3140
-3137
209
35
-227
-15
439
616
-1020
-18
-13
38
303
2110
-2428
721
733
-1379
-48
138
-184
20784
-20000
-808
200
-55
-132
2
549
-430
-89
-27
165
889
-535
-413
1130
-1142
-88
36
3
-4
-40
173
351
-527
-16
49
103
4862
-4947
11
70
-76
5616
-5647
-53
-13
1
4
6
-6
6
-10
16
-12
-7
18
-16
9
-11
22
-16
7
-10
10
0
-4
-9
1
5
7
2
-15
6
2
16
-17
-7
0
10
-9
2
-2
7
-5
10
-4
-5
-4
10
-7
0
1
14
-18
7
-7
3
-3
0
5
3
-8
16
-9
-7
25
-22
10
-6
4
-6
-3
6
17
-22
3
18
-16
-6
10
-12
0
8
-8
23
-3
-20
2:0
9
8
4
-10
-2
-6
-3
0
19
-19
15
-12
1
14
-15
9
3
-10
9
-5
2
0
-5
6
-2
-10
7
16
-20
3
13
-13
-6
12
-9
0
1
-4
8
18
-20
15
-16
2
-7
16
-16
2:0
14
-9
21
-7
-11
5
-6
-4
2
-5
17
-13
3
-7
14
-1
-13
0
16
4
-20
2:0
5
-5
25
-25
0
4
0
-4
9
-6
5
-1
-6
3
-4
11
-7
8
-6
3
-9
22
-9
13
-3
-20
12
-1
-4
-5
4
-3
-6
3
-3
9
-6
1
19
-11
-12
3
-1
7
-6
5
3
-8
-3
7
4
-7
4
-6
23
-21
-4
2
7
-9
2:9
-13
-5
0
9
-5
2
1
-7
26
-22
5
-7
-2
3
1
7
16
-6
-21
6
1
19
-20
-6
4
-4
3
0
18
-13
-2
11
-10
-2
5
-7
16
-17
15
-14
-3
17
0
-17
20
-17
16
-10
-7
5
1
12
-17
-3
5
3
7
-8
0
14
-16
-3
2:2
-6
7
4
5
-10
-5
2:2
5
9
-19
11
-7
4
-8
0
17
-13
-1
0
23
-19
9
-12
-3
12
-6
-4
-3
0
9
-9
9
7
-8
-5
4
9
3
-19
8
-8
21
0
-10
12
-20
-3
15
-15
0
6
-2
5
14
-18
-3
1
6
-9
4
5
-5
-4
22
-17
-1
17
-16
-3
17
-19
7
0
-4
0
1
-1
13
-14
14
-2
3
-9
-5
0
14
-10
-3
-4
10
-2
-3
1
6
4
-7
9
-13
-5
6
3
-6
4
-7
6
-1
-2
2
15
-6
-9
4
-4
19
-20
19
-11
-9
8
0
1
8
3
-18
2
-3
5
-5
14
-12
14
-18
6
19
-20
-2
-3
10
-12
14
2
-10
1
-2
12
-14
5
-8
2:0
4
17
-21
0
3
0
15
2
-11
10
-19
13
2
6
-4
-14
0
3
2
-5
13
-16
2:0
8
-8
12
-12
7
-4
2
-5
9
-1
-3
11
-16
25
-20
-5
10
6
-16
8
0
-8
7
-3
2
19
-20
8
-7
4
5
-1
4
-9
1
-2
5
-7
13
-19
20
-14
2:-4
1
0
-1
3
-2
-1
3
-3
2:0
1
2
-2
2:0
2
1
-3
2
-3
2:0
3
-3
1
0
-1
2:0
1
3
-3
2:0
2
-2
2:0
-1
3
0
-2
0
2
0
-2
2
-3
1
0
2
-3
1
0
-1
0
3
-2
0
2
-2
2
-2
3
-4
1
-1
2:0
1
-1
0
1
2
-2
2
0
-3
0
4
0
-4
0
3
-2
-1
4
0
-2
2
-4
3:0
3
-3
1
2
-3
3
0
-2
2
-3
4
-4
3
-3
0
1
-1
3
0
1
-3
0
-1
4
-4
4
-3
-1
3
-3
3
-2
1
0
-2
0
4
-4
2
1
-2
-1
2
1
-2
0
3
-4
0
4
2:-2
4
-3
3
-4
1
-1
2:0
1
2:0
2
-2
4:0
-1
1
2
0
-3
0
1
2
-3
3
-3
1
3
-4
2:0
3
0
-3
3
-2
2:0
3
-1
-3
1
2
-3
3
-2
3
-3
-1
3
2:0
-3
1
2
1
0
-3
-1
1
0
-1
0
3
0
-3
1
0
3
-4
3
-3
0
1
3
-3
2:0
-1
3
-3
3
1
-3
0
2
-3
0
1
-1
0
1
-1
1
-1
1
2
-3
1
3
-3
2
2:-1
2:1
0
-3
1
0
-1
0
1
0
-1
0
3
-2
-1
0
1
2
3:0
-2
-1
3
-3
0
4
-1
-3
1
3
-4
1
0
2
0
-2
0
-1
1
3
2:0
-3
-1
0
1
2
0
4
6
-4
6
158
-165
-4
0
11
7
-6
-12
0
1
2:7
-10
-5
4
0
2
-5
5
-5
5
-6
3
-3
0
4
-4
0
6
-5
-1
7
-5
3
-4
2
10
-6
-5
6
-5
-3
15
-7
7
-7
12
-18
2:0
1
-1
4
-5
1
-2
6
-5
6
7
12
-25
0
54
-21
-33
-1
1
3
71
-73
-2
16
-16
59
-57
9
-5
-1
-3
-2
10
35
26
-70
8
1
6
-14
11
8
-4
-15
2
0
6
-7
58
1656
-1714
79
-47
-33
7
-1
-3
-1
-3
0
19
-3
-10
13
-18
109
-103
41
-34
15
47
-63
-14
676
-604
-57
-14
0
6
14
-6
-15
4
54
-58
0
47
-44
249
-246
-6
0
66
-44
13
-20
8
-22
126
-62
-55
-10
3
101
672
-770
34
191
-228
20
-15
254
493
-646
-108
6
105
-102
-8
175
-109
-63
67
36
-61
95
-133
-2
0
9
-7
63
-48
44
-56
24
-3
-20
30
-42
46
4
-36
-15
117
-113
7
18
-27
7
165
-173
16
-1
-16
1
15
688
-701
19
-21
111
-107
2:0
135
-140
2
22
-16
10
-14
-4
4
5
-9
3
7
-3
3
4
-11
25
101
-113
211
-109
254
522
-881
-5
240
-247
3
39
-37
-4
31
297
-330
0
26
-9
10
26
7
62
75
-190
24
9
-39
286
-279
2:2
8
-17
-2
79
-68
4
-4
-7
22
15
14
-1
-19
-35
0
11
1
-11
95
102
-198
6
-2
10
-12
4
49
-42
-10
74
-78
3:0
2
-2
6:0
2
-2
2:0
6
-4
2:-1
1
2
-2
-1
0
5
-5
4:0
1
21
-21
-1
2
-1
0
-1
2:0
3
-2
0
-1
1
0
-1
0
2
-2
2:0
2
-2
2:0
1
-1
4
-4
0
2
-2
3
-3
2
1
-3
6
-6
5:0
2
-2
3:0
5
-3
-2
2:0
1
-1
2
0
-2
1
-1
2
2:-1
3:0
1
-1
0
4
-4
2
-2
2
2:-1
3:0
1
-1
0
1
3
-4
0
1
-1
0
1
-1
2:0
1
2
-3
2:0
1
-1
0
1
0
-1
2
0
-2
2
-2
1
0
-1
2:0
2
-2
2
0
-2
0
1
-1
3:0
1
-1
3:0
2
2:-1
3:0
2
-2
1
-1
1
-1
2:2
-4
1
6
-1
8
-11
-3
2
0
2
-2
0
1
-3
3
2:0
-3
0
4
-3
-1
2:1
2:-1
3
-1
-2
0
3
-3
0
3
-3
5
-4
-1
0
6
-6
1
5
-6
2:0
3
-2
-1
2:0
10
-10
2
2:-1
1
3:0
10
-11
0
2
6
-7
-1
1
-1
3
-3
2
-1
3
0
-4
1
0
1
-1
2:0
3
-3
2
0
-3
4
-4
4
-4
2:0
3
4
-7
2:1
-2
1
4
-5
6
2:-3
0
1
-1
0
4
-2
1
-3
0
1
-1
2:0
2
-2
4
-4
2:0
1
-1
3
4
2:-3
-1
0
2:1
2:-1
4
2:-2
3:0
1
2
0
-1
-2
2:0
5
-5
2
0
-2
0
2
-2
0
1
-1
1
4
-5
0
2:1
-2
1
0
-1
0
1
2
-3
2
-2
0
11
-11
3
1
-1
-2
-1
0
6
-6
4
-3
0
-1
0
1
2
0
-3
0
1
0
-1
2:0
2
2:0
-2
0
2:1
2:-1
2
-1
1
-2
7
-3
4
2
-8
-2
10
-10
3
0
-2
1
2
0
3
4
-6
2:-2
10
-10
2
0
-3
0
3
2
-5
2:0
2
-2
0
1
3
2:-2
4
2:-2
1
2:0
-1
7
-7
1
-1
0
1
2
-3
1
-1
8
-8
3
2
-5
0
3
-2
2
1
-4
2:0
3
-3
0
1
-1
3
-3
0
2:1
-2
2:0
2
1
-2
10
-11
2
0
-2
2:0
1
-1
2
-2
4
-4
0
1
0
3
-4
1
0
6
-7
1
-1
1
-1
8:0
1
-1
10:0
1
-1
10:0
1
-1
4:0
1
-1
17:0
1
0
-1
3:0
2
-2
12:0
1
-1
4:0
1
0
-1
2:0
1
-1
13:0
1
-1
0
2
-2
3:0
1
-1
3:0
1
-1
0
1
-1
25:0
1
-1
2:0
1
-1
23:0
1
2:0
-1
15:0
1
-1
2
-2
2:0
1
0
-1
2:0
3
-2
-1
11:0
2
-2
1
0
-1
8:0
1
-1
4:0
1
-1
10:0
1
-1
11:0
2:1
-2
18:0
2
-2
1
-1
2
-2
1
-1
4:0
5
-5
4:0
1
end
