v1
769
69
118
65
491
381
105
27
4
104
25
16
15
48
188
80
228
119
89
306
214
56
22
0
28
378
255
27
77
29
59
510
78
24
5
99
36
17
216
188
12
7
86
66
130
0
9
20
136
98
322
122
2:11
260
81
0
20
30
0
35
269
103
91
22
19
191
75
573
339
71
85
45
331
23
21
135
49
40
30
137
242
107
37
148
20
24
43
9
23
143
194
0
63
36
43
48
38
110
93
114
173
147
11
199
13
193
110
104
171
55
0
242
134
16
137
55
74
176
36
442
17
42
280
69
14
0
43
176
0
200
433
106
67
61
7
186
53
102
110
244
95
87
130
92
16
77
235
185
49
182
271
29
94
0
275
16
1075
72
8
45
64
0
172
123
181
27
29
12
16
17
6
32
25
13
9
34
31
46
2
3
131
16
1
23
95
73
9
12
62
45
14
64
65
32
6
19
55
127
27
0
91
85
118
236
8
78
95
120
94
98
33
160
35
86
10
123
110
304
10
33
1
5
116
146
138
54
121
141
85
101
41
259
146
0
5
97
185
404
23
14
85
214
15
33
66
17
70
86
143
41
508
195
808
192
109
83
10
312
55
50
6
109
2
24
80
77
93
94
75
18
32
655
0
77
76
153
19
11
247
33
29
147
56
8
37
35
53
0
75
19
107
7
8
147
323
63
47
712
184
391
13
8
0
40
175
191
8
42
1
290
256
6
54
47
31
22
3
5
6
29
92
20
88
153
59
5
20
3
104
10
24
55
5
9
139
99
155
154
99
8
39
63
53
41
95
64
13
14
1
48
31353
5
22
9
16
27
194
53
44
85
88
76
8
112
36
8
22
932
54
57
87
0
22
68
111
71
166
15
1
2
10
37
2064
1246
2211
328
1553
2370
1394
1376
5256
2324
1813
1423
1889
761
811
742
14278
857
2988
4449
2
4
8086
1
2826
882
943
15
2453
13
0
2036
3107
1
6
8
2:2
5
1428
3523
116404
3545
7741
26
47
9417
32418
3
22
9
17
7
9
238
1
6
66
4
32
5
81
6
55240
51
50
35
74
157
7
2
30
15
10
29
18
17
129
16
27
10
13
2:1
6
5
2
1
33
0
49
672
20
170
6
16280
4654
3093
1178
17010
813
1430
873
143
46
665
436
330
202
2
3
2:11
29
2:1
39
19
28
31
23
40
30
7
3
1
43
0
47
9
1
30302
1513
8431
34
26
64
176
69
0
31
125
600
1
7
289
13
43
25
17
165
37
24
25
175
53
0
9
21
36
2:9
144
30
17
26
12
5
8
9
25
273
212
119
32
12
13
37
13
6
17
0
28
9
1
72
14747
171
9
2018
9722
2:1
81
69
12
116
23
5
26
36
2
15
58
65
22
52
2
43
2
2:11
88
132
49
45
13
2
-488508
128
109
155
702
1
60
797
836
239
257
435
285
519
325
171
122
83
40
210
59
560
225
75
174
459
1489
519
293
417
303
1106
379
147
497
0
1064
877
730
497
268
0
801
113
639
372
708
47
75
31
297
231
125
237
112
287
817
82
518
998
49
4
84
276
10
51
343
27
1126
238
114
54
32
244
662
1103
27
270
164
168
57
448
78
10
492
230
68
226
215
1534
146
24
817
51
242
47
9
570
256
0
106
149
45
103
16
289
4
92
0
139
31593
88
79
25
114
1
232
1940
8831
4878
24607
0
31912
132632
79
23
41862
157
4
55975
259
0
751
0
43
12982
5838
18848
7977
1700
26
5
61
63
13
0
1
28
5
64
40623
185
139
574
41
797
317
205
213
181
290
16919
9886
216
245
64
108
188
2
1427214000
599:0
1
168:0
2
3:0
1
-1
5
13
-18
1
4
-2
10
16
-27
-2
13327
-13327
4
161
1198
-1353
-4
384
-378
-12
1
13
-11
3356
-3358
34
11
-46
2:1
2:-1
15
-13
1
0
80
-79
-1
11
59
85
-138
-20
0
4
-2
620
-620
2:4
-9
-1
0
26
88
-113
9
-10
5
12
37
-26
-28
27
-27
1
2
0
48
-46
72
-75
1135
-989
-147
4
7
24
-33
166
-167
1
-2
2
1
37
-41
344
-8
-336
8
-2
-5
2:0
-1
29
-8
-18
11
16
775
-804
-1
31
65
-89
-2
-5
13
4
414
1853
-2282
2
623
-620
-3
-1
119
-120
-1
5
1
48
-55
122
-31
-13
-75
-3
7
-2
78
-74
1
-6
-3
22
-14
-8
1
37
-26
0
145
-16
-66
-67
20
-28
646
-647
10
3
-11
1
-1
13
-4
-10
208
-197
-10
305
-274
-33
52
-26
-21
1
-4
22
-23
8
76
-80
46
-48
1152
-1153
89
-88
39
24
762
-718
-105
53
-47
-10
-1
1
71
-68
-2
1
128
-130
128
-37
-90
3
1
-2
7
8
-19
11
817
-828
100426
-100394
-26
6835
-6777
-44
-19
16
10
78
-68
-37
41
-23
-16
-1
8
7
17
-27
0
6
-11
78
-78
215
-215
2
4
-7
83
239
-312
1248
-1205
-50
398
-399
41
-31
2576
-2587
128
7
411
-461
-86
14
-12
10259
-4909
-5352
16
-15
2
4
-7
5
-5
1
56
-55
-2
2
73
-60
-15
15
-15
1
888
-889
247
-230
11
73431
-73458
-1
389
-387
135
-137
25
-16
1
55
3
-58
664
-674
43
-36
-4
345
48701
-49026
-21
-2
4400
-912
-3488
0
6
-5
222
-184
-25
5687
-5695
3457
-3462
-1
0
6
94
-88
-8
-4
0
32
-30
1
4
-2
-5
0
933
-913
-19
-1
22
-22
690
943
-1157
-306
-169
2
-3
26
265
-207
138
-212
-3
240
358
-599
21
-16
-11
4
-2
2
75
-65
59
-21
79
-130
0
59
314
-366
-1
198
629
-420
-225
-189
158
689
-847
1
-1
101
-101
1000
-983
-15
-1
413
-165
-237
64
-76
2:3
-5
1
3
102
-98
1
0
66
-71
6
-8
-3
50
47231
-47264
-3
-12
0
130
245
-355
-2
4690
-4703
89
348
-424
-16
-1
42
-15
-30
2
-2
5
28
4100
-4124
-9
72
-72
0
8
10
-3
-2
842
-853
-2
1
12
13
301
-319
26
-1
-11
-17
16
66
-77
110
-115
0
-2
1
-3
240
-230
14
-17
953
-925
-7
-29
24
-22
131
-129
-3
22
4
-22
30
-22
-9
8
-1
82
-79
-14
399
3236
-2824
-578
-233
2219
-2212
679
-463
8765
-5063
-3915
-1
-6
25
348
-371
-2
1
41
-42
29
-29
11
-6
-3
-5
679
-421
-258
3
4
5
-3
69
-26
63
-111
2:-2
150
15
484
-645
23
435
21926
-22302
-83
1
489
-490
79672
-79674
16
19
-22
-12
2
-4
3
1
45
148
-110
-76
-4
-5
2064
-2018
213
-259
22
162
-128
-58
4284
-4076
-128
-45
400
-188
-247
68
-66
3
17
-20
8
75
0
2154
-2239
14
5
-18
2:3
27
48
-78
19
2774
-2798
0
-1
1
3:0
-1
0
1
3:0
-1
0
1
3:0
1
-2
1
-1
0
1
0
-1
1
2:0
-1
0
1
0
-1
1
-1
1
0
-1
1
-1
0
1
2:0
-1
2:0
1
-1
1
-1
1
0
-1
1
3:0
-1
1
-1
1
-1
1
-1
0
1
2:0
-1
1
-1
1
-1
1
2:0
-1
3:0
1
0
-1
0
1
3:0
-1
1
0
-1
0
1
2:0
-1
1
0
-1
1
3:0
-1
1
2:0
-1
1
-1
3:0
1
-1
0
1
-1
2:0
1
-1
3:0
1
-1
1
-1
2
2:-1
0
1
2:0
-1
3:0
1
-1
2:1
-2
1
-1
0
1
2:0
-1
4:0
1
-1
1
-1
1
0
-1
2:0
1
10:0
2:2
-4
1
0
80
-81
0
15
-5
-6
2:0
-4
0
7
-7
0
18
-18
0
11
-11
0
1
-1
0
1
-1
2:0
4
-2
0
-2
2:0
7
-7
0
3
-3
3
-3
5:0
4
-3
-1
1
-1
0
4
-3
0
-1
3
-3
0
2
2:-1
0
2:1
21
-23
1
-1
4
-3
-1
6:0
5
-5
2
2:-1
1
0
-1
1
-1
4:0
2
-2
8
-8
0
1
0
2
-3
3:0
4
11
-15
1
9
-8
-2
0
4
-4
2:0
1
2
-3
2
0
1
-3
2:0
1
2
-3
0
1
-1
1
2
-3
0
3
-1
-2
19
-1
-12
-5
-1
0
38
-38
2:0
1
0
2:2
2:-1
-2
0
1
31
-33
2:0
2
-2
8
-7
0
-1
0
17
-16
12
-13
57
-57
6
-3
1
0
9
-13
1
2
-2
3:0
9
-9
-1
0
22
-20
5
0
-7
2:0
1
-1
0
1
0
48
-47
1345
-1346
0
63
-53
-10
-1
7
-3
-1
0
2:-1
2
-2
0
1
-2
6
-4
-2
2
-2
8
-7
51
-52
0
4
-4
5
14
-17
87
-77
-11
27
-27
5
-2
44
-46
4
-2
8
-12
0
2
-2
381
-274
-107
1
2:0
2
-3
1
0
-1
5
2:-2
0
4
-5
0
4
-4
0
47
-47
28
-24
-1
389
-388
-4
36
-36
10
-10
0
1
0
11
-5
-7
88
-88
9
-9
0
49
608
-654
-3
1
50
48
-99
0
1
-1
7
2
-6
118
-120
324
-324
-1
0
3
42
-45
4:0
1
-1
2
0
-2
0
62
-60
-2
0
3
-3
3
91
-49
-37
-8
2:0
4
29
-30
50
-48
-2
38
51
-89
-2
0
-1
0
2
0
5
-6
2:2
7
-11
-1
7
-5
2:-1
4
2
13
12
-31
2
15
-17
2:0
17
-17
37
-34
-3
0
46
-40
0
11
-16
-1
3
-2
0
1
5
-7
3
0
-3
2
-1
0
-1
6
199
-205
2:0
3
9
-12
0
3
330
-333
3
8
-10
0
3
-2
2:-1
2:0
1
2
131
-132
0
-2
0
1
0
10
-6
-3
1
-2
-1
0
2:3
106
-111
10
-10
2
2:1
4
0
-2
-7
3:0
1
0
1
-2
4
2:1
-4
-2
1
0
12
-13
0
1
2
-2
-1
2
-2
0
1
9
-10
0
15
91
-105
6
-7
138
-137
-1
42
153
117
-311
2:0
3
54
-57
-1
3
1
-3
3
-1
0
3:-1
19
46
-65
0
2
1
-2
17
-17
10
-10
0
-1
8
0
13
-21
24
33
186
-233
-8
0
31
-33
289
-289
1
6
-7
2:1
-2
0
3
0
47
-44
-4
1
-3
70
-60
6
-15
10
-4
-5
-2
28
-3
27
-48
8
20
-32
4
-4
1
-1
1
2
3
21
41
-68
4
-1
-3
1
-1
7
-5
-1
0
60
-61
37:0
1
-1
29:0
1
-1
2:0
1
-1
3:0
1
-1
4:0
1
-1
2:0
1
-1
14:0
1
-1
6:0
1
-1
14:0
1
-1
2:0
2:1
-2
5:0
2
-2
19:0
1
-1
6:0
end
