v1
971
187
282
274
25
5
456
31
21
74
65
48
350
146
119
79
348
182
56
7
15
146
76
222
198
211
59
265
4
114
68
102
140
0
31
134
282
145
130
191
72
132
143
47
46
87
161
28
183
76
173
85
0
136
58
140
167
12
309
252
95
244
60
81
15
53
1
86
280
144
22
18
59
11
103
34
349
37
148
20
76
423
79
196
93
85
157
45
107
134
4
125
160
33
4
106
63
177
35
349
6
0
76
18
72
8
24
372
212
176
54
59
280
47
32
47
31
345
0
41
275
117
106
128
0
7
186
35
18
127
30
25
244
30
95
97
157
27
73
237
29
17
141
168
100
7
271
29
94
223
34
18
16
43
50
62
394
24
46
157
4
81
49
165
80
59
50
295
181
26
1
29
12
16
17
38
18
7
37
19
30
1
46
5
131
13
4
23
95
73
9
32
42
40
5
14
64
35
30
32
6
3
71
127
0
118
74
11
69
22
27
16
87
25
116
78
7
88
120
94
131
160
35
219
0
110
81
17
206
10
33
6
116
104
42
138
54
262
85
101
41
259
8
138
5
282
156
52
202
17
14
291
8
15
18
15
153
229
41
466
50
71
116
9
41
662
96
192
7
173
22
176
136
55
56
109
2
66
115
187
75
50
6
505
144
77
229
277
12
21
29
1
196
6
80
128
74
52
7
8
147
157
166
110
647
45
20
184
412
40
34
141
70
121
8
11
32
74
18
49
149
73
51
38
100
54
47
56
5
58
177
153
59
5
20
3
193
5
151
300
103
0
16
72
21
39
63
0
189
64
13
15
31401
5
22
9
138
70
82
44
24
13
212
8
112
36
8
22
1042
1
109
68
87
5
19
71
166
18
10
37
9
2960
341
2211
0
328
1553
3073
691
1376
5256
5560
2650
811
3955
3406
2376
6140
2988
436
4015
4
8048
30
9
2812
896
943
15
1533
923
10
2022
3129
11
5
1428
3560
119912
7741
73
9417
28772
3649
22
14
12
7
9
50
29
86
73
20
57
32
5
36051
19327
85
67
7
157
7
2
27
57
6
12
17
20
109
16
27
12
1
10
2:1
6
5
4
753
0
196
3445
12835
4654
3093
10208
7980
813
247
1183
873
189
665
968
2:2
1
4
7
11
28
3
39
47
35
19
40
6
3
27
1
3
1
34
56
4
5
1
30302
9944
34
26
64
176
69
31
59
30
301
210
125
1
296
56
25
17
77
125
31
18
226
2
9
57
2:9
41
78
25
47
9
17
10
7
3
39
106
80
13
27
47
212
163
50
13
6
17
15
22
1
72
14733
113
72
1
8
28
1990
9723
1
81
4
14
50
1
12
73
43
18
3
7
26
10
26
2
24
47
2
2:5
55
22
52
45
2
22
48
40
43
50
26
13
49
50
8
2
70
-488669
219
105
18
66
53
401
42
180
392
93
184
72
147
129
487
130
161
7
91
15
355
238
136
1
98
404
69
170
88
3
32
28
130
22
30
143
315
101
10
103
80
76
315
113
43
3
0
67
151
6
155
133
94
226
26
278
24
43
245
371
156
82
7
121
703
65
41
33
112
281
29
67
367
203
19
50
122
246
29
148
158
139
187
22
128
89
276
77
196
588
5
308
250
318
151
1
503
185
306
66
208
62
350
108
102
45
289
642
568
417
112
177
116
216
23
131
3
1
8
5
10
18
16
56
24
140
114
19
30
25
188
38
20
18
54
69
0
77
88
168
56
788
117
183
135
761
184
47
51
28
292
77
17
6
31
19
89
58
173
2:39
170
144
275
57
65
260
68
264
32
33
189
148
114
51
7
2:27
45
133
813
68
11
73
217
93
334
196
195
102
85
994
18
329
148
3
104
166
38
271
60
780
162
295
52
331
13
4
7
3
35
36
271
108
44
35
8
31
268
65
843
341
10
121
123
55
33
66
20
111
17
60
15
14
150
3
32
31376
73
9
181
30
29
9
63
32
8
15
185
70
44
67
1064
368
71
33
32
2113
14703
9
2344
1002
1
12347
9790
423
1768
417
1741
872
428
2240
8028
47
3
4684
4471
12
3107
1
16
8
1414
3536
116404
5280
5981
102
41797
70
15
85
56
114
91
103
6
10928
44312
101
305
15
137
19
45
6
0
50
27
1
725
61
101
7888
9627
25261
479
2227
1737
33
20
60
36
13
38
42
45
32
40344
62
263
1246
73
149
322
131
25
22
198
315
116
57
32
2
24
61
22
55
14860
2059
9735
145
102
91
0
45
4
93
106
7
19
43
74
64
2
227
68
1
5
2
1427483400
599:0
1
370:0
8
-1
5
-4
127
-3
-97
-5
7
-30
2
4
3
12598
-12592
186
452
7356
-6174
-1804
-30
-3
334
-252
-17
-64
8
204
-210
12
409
-417
-1
-7
89
92
-91
-86
-2
29
-24
-5
89
-86
14
-6
87
-96
-3
-1
283
-13
2418
-2685
-2
23
-20
14
12
639
-644
-19
-3
620
-408
-209
-4
101
-102
8
-6
3
-4
2
1894
-1897
45
-41
0
21
12
-36
12
0
-11
-3
2
-1
386
-385
36
-36
6
28
-15
-17
16
347
-353
50
-6
11
-68
3
7
-10
145
-110
-34
884
-884
585
-583
107
213
-322
4
3
-9
16
50
-10
-36
0
520
-527
-2
-7
-4
6
-5
15
-12
26
-26
-4
25
-21
-2
37
-26
-4
-6
71
157
-217
-6
355
-346
-16
815
153
-962
5
-12
2
788
-789
-1
24
3
-20
44
405
-452
67
-29
-41
1
95
-46
-31
-7
15
610
-627
-3
-8
73
-72
16
-11
0
-5
27
101
-123
44
218
1852
-2106
122
-133
14
229
-179
-67
263
-127
-124
3
-2
11
201
-160
-61
98
-75
-21
-5
3
41
-3
170
-207
-5
452
-183
-118
-117
-32
0
18
0
369
-382
-7
11
246294
-246304
12719
-12663
-48
88
-88
7
114
-118
-12
67
52
-116
54
-55
134
-132
7
-8
4
-4
2
108
-103
385
-88
-201
-13
532
-624
5
-5
222
-220
10
8
31
-46
-2
386
-352
-34
9
27542
-27543
16
494
-518
13
26508
-12936
-13566
-20
-2
16
34
-44
106
-108
5
610
-608
-4
24
6
2073
-2107
3233
-3226
20
89460
-89469
-18
458
-256
-201
1
179
-183
87
-89
64
-38
-18
2209
-2059
-123
22
-55
2
29
-20
12
-18
215
123303
-123494
7083
-1823
-5285
96
-56
-42
4969
-4966
3274
-3265
146
-156
9
-8
1
-6
3
9
-1
7
0
1442
-1448
-11
1
528
4025
-4011
-289
-256
37
47
777
-861
1
-1
55
184
85
-320
93
-96
14
-3
-2
-10
1
5
10
26
-3
4486
-4508
509
-526
194
84
-15
799
-550
-485
-21
662
-667
316
2289
-2481
-97
-26
40
348
-54
-251
-11
-73
15
51
-65
13
-14
-2
89
-71
3
2:-10
-1
58138
-58115
153
-155
1089
-739
-339
3219
-3243
26
394
-405
-23
34
-30
2
-5
8
19
-22
-6
354
1478
-1832
43
-42
18
22
31
-72
1
213
-200
27
-15
1415
-1428
7
18
-16
-17
2:1
81
5
1425
-1221
-40
135
-319
-73
12
39
-38
3
-6
74
-75
-7
210
-201
40
347
-377
-17
3:-1
1
47
-45
4953
-2483
-1851
-623
3596
-3579
-17
3
-3
303
19968
-16419
-3839
-5
36
-1
869
-890
1
-8
-6
52
-60
11
-9
5
-3
-1
-2
201
852
-1050
2
-4
65
60
-92
100
-123
4
342
616
-859
436
15994
-16520
131
88
-243
12
479
-490
42868
-42840
60
-89
-2
10
-8
34
-32
153
-156
373
-212
-132
39
1456
-1271
-86
-91
-54
-20
66
-14
-55
231
7992
-7828
-280
-73
103
-37
-35
311
-373
253
-262
2
7
-10
20
7
-25
15619
-15607
107
-116
8
1
132
582
-679
-19
-28
650
-644
-5
12
449
-398
10
-75
32
28412
-28423
-24
-3
0
2
2:-1
1
2:0
2
-1
0
1
-1
-2
1
-1
3
1
-1
-3
1
2
0
-2
2:1
2:-1
2
-2
2:1
-3
3
-2
-1
0
3
-3
4:0
2
2:0
1
-2
2:1
-3
3
-2
0
2:1
0
-3
2
1
-3
1
0
2
-2
-1
1
-1
0
2
2:-1
2:0
2
-1
0
1
0
-2
2:0
1
-1
2
-1
2:0
-1
2
-2
2
0
-2
4
-2
-1
2
-3
2
1
-3
3
0
-3
0
2
1
-2
2
-1
1
0
-3
2
2:0
-1
2
-2
2:1
-3
2
3:0
-2
2:1
0
1
-1
0
2:1
-2
0
2:-1
1
-1
0
2:1
-1
0
-1
1
-1
2
2:-1
1
3
-3
2
-2
1
0
2
-2
-1
2
-3
0
1
0
1
0
-2
3
2:-1
1
-1
2
1
-3
2
0
-3
0
2
0
-2
2
-2
3
0
-3
0
1
-1
2
-2
0
4
-2
-1
2:1
-1
-2
1
-1
1
-1
4
-4
2:0
2
-2
0
2:1
2:-1
2:0
2
-2
0
1
0
2
2:-1
1
0
-2
0
2:1
0
2
-3
1
0
1
-3
1
-1
1
-1
3
-3
1
-1
1
0
3
-4
1
4:0
-1
0
1
2
-2
1
0
-2
1
-1
2
-1
1
2:-1
3
-3
1
-1
3
2:-1
0
1
0
-1
0
-1
2:0
1
3
-1
-3
3
-3
1
3
-3
-1
3
-3
3
-2
-1
2
-1
0
3
-3
0
1
2:-1
2
-1
1
-2
2
2:-1
2
2:0
2:-1
2
-2
4
-2
2
-2
-1
3
-3
0
-1
2:2
-1
-2
0
3
-4
2:1
2
-3
2
-1
-2
2
-2
1
0
1
-2
2
0
2
-3
0
-1
2
-2
1
-1
1
2
0
-2
2
-1
3:0
6
-6
1
-1
0
4
-4
3
132
-135
0
19
-5
-11
9
-11
-1
2:0
6
-6
1
0
-1
1
21
-18
0
-4
1
-1
12
-11
0
7
-6
-2
1
-1
3:0
1
0
-1
9
0
-7
2:-1
4
-4
1
4
-4
0
-1
0
5
-5
2:0
2
-2
2
-2
1
-1
0
34
-34
2:1
-2
0
4
-4
3
1
-1
-3
1
-1
2:0
2
-1
0
-1
3
-3
1
11
-12
2:0
10
-9
-1
2:0
4
-4
1
23
-23
11
-12
0
3
-3
3:0
1
-1
4
-4
0
5
0
-5
0
1
0
1
-2
1
2
-3
0
2
2:-1
2:0
1
-1
0
9
-8
-1
43
-43
0
24
-21
-3
3
-3
2:0
1
-1
0
2
-2
1
54
-52
-1
1
0
-3
2:4
-6
-2
8
46
-54
2
-2
11
-10
1
9
-8
-1
2
20
-24
22
-21
77
-76
12
-12
3
-1
6
-10
17
-17
1
-1
4
3:1
-4
-2
-1
2
-2
2
3
-5
32
-28
-4
12
-3
-8
4
-5
2:1
0
87
-89
0
4
1728
-1731
91
-76
-15
0
3
1
-3
3
-1
-4
19
-19
3
-3
19
-19
1
3
-4
3
-3
19
-15
-4
49
-32
-15
16
-18
2
-2
36
-36
2:2
9
-11
0
-2
5
-5
3
71
-69
1
4
-10
2
799
-633
-165
-3
0
2
-2
1
8
-9
2
9
-10
-1
12
-4
76
-84
44
-38
-5
503
-504
3
32
-32
-1
-2
19
-19
21
-21
8
-5
1
149
-100
-43
-10
2:0
1
4
-4
0
79
926
-1004
59
89
-150
10
-3
-2
287
-290
579
-578
65
-66
-1
2:0
3
-4
2
1
2:0
105
-106
2:0
1
145
-98
-39
-9
-2
6
56
-62
0
2
-1
56
95
-151
21
-19
-1
5
-7
1
-1
3
2
12
-13
104
-104
21
-25
7
15
1
8
24
-54
1
24
-26
49
-3
-33
-11
-2
3
57
-54
2
27
-33
-2
0
4
-4
0
2
4
-6
0
7
-6
1
245
-246
10
-11
32
-32
9
426
-435
1
17
-18
1
3
-4
2:0
4
-2
2:-1
10
139
-147
0
-2
1
13
-10
-3
7
-4
1
-1
4
115
-123
1
21
-20
2
1
0
10
0
-7
1
-9
6
0
2
-4
-1
2
-1
-3
5
-3
-2
15
-12
-1
1
2
-6
4:0
6
-5
20
113
-123
-11
169
-163
-6
2:0
55
297
285
-637
2
0
3
105
-108
-2
6
-3
16
-19
1
0
1
2:-1
3
38
101
-142
2
-1
26
-27
6
-6
7
-4
13
15
10
53
335
-428
0
14
-12
-3
42
-42
263
-262
16
-17
3:0
8
-5
18
-19
17
-12
8
-14
79
-51
-18
-9
-2
2:1
11
-13
3
32
2
10
-43
3
-7
7
14
-21
28
-28
0
1
2
-3
3
0
1
-4
7
-7
0
2
34
146
-178
0
-1
8
-9
0
-1
90
-76
-13
2:-1
62
-62
3:0
1
0
-1
2:0
2
-2
7:0
1
21
-22
10:0
1
-1
3:0
1
-1
11:0
2
-2
2:0
1
-1
5:0
1
-1
3:0
1
-1
4:0
1
-1
40:0
2
-2
5:0
2
2:-1
10:0
2
-2
0
2
-2
13:0
1
3
-4
2:0
1
-1
1
-1
2:0
1
-1
2
2:-1
0
1
-1
4:0
2:1
-2
0
3
-3
0
1
-1
7:0
1
-1
7:0
2
-1
0
-1
1
-1
27:0
1
-1
4:0
1
-1
20:0
1
-1
0
1
-1
9:0
1
-1
2:0
1
-1
1
-1
1
-1
2:0
2
-2
0
1
-1
0
1
-1
0
2
2:-1
5:0
1
-1
7:0
3
-3
0
1
-1
4:0
2
2:-1
1
-1
7:0
1
-1
3:0
1
-1
3:0
1
-1
5:0
1
-1
2:0
1
2:0
-1
11:0
1
-1
0
end
