v1
1048
187
23
42
65
152
84
14
5
171
111
375
31
21
74
65
14
24
10
188
259
49
0
119
427
125
57
56
7
15
28
42
2:76
138
84
58
59
120
7
91
15
59
229
95
4
114
68
102
32
60
48
7
189
225
19
152
130
29
55
179
132
143
180
122
14
24
111
34
143
147
101
10
194
41
24
201
41
12
148
161
252
95
140
0
104
156
420
132
12
22
225
212
137
37
148
96
80
53
33
194
63
79
57
139
335
146
65
44
2:160
143
63
177
35
297
25
33
2:38
16
48
191
239
160
52
176
54
208
131
47
17
0
5
88
246
9
406
117
65
41
135
123
63
34
19
157
25
369
0
2:97
49
11
27
21
52
48
235
44
9
24
64
0
44
0
231
271
29
72
22
106
151
18
16
15
28
112
2
323
53
40
157
131
100
186
8
104
5
295
177
4
27
29
12
16
17
38
25
18
3
9
5
2
19
17
0
6
7
1
46
0
2
3
14
7
110
17
13
0
10
87
8
9
64
9
32
24
10
0
8
45
0
2:14
42
8
30
5
30
32
6
3
16
38
17
0
127
51
67
85
91
130
141
173
120
94
131
195
96
123
39
71
304
10
33
6
116
104
42
138
54
121
35
106
85
101
41
90
108
58
3
1
7
138
287
18
111
27
248
6
17
14
85
214
15
18
13
0
2
66
17
70
209
20
41
309
0
114
85
8
12
52
123
9
41
0
758
15
152
25
7
102
71
22
176
136
55
56
109
2
24
42
115
93
5
89
8
67
50
6
726
198
31
30
1
246
33
29
28
144
25
6
38
42
128
126
7
8
147
323
96
14
611
36
41
4
20
182
2
8
237
159
8
3
37
34
0
141
70
121
8
11
32
74
18
0
198
73
89
0
100
54
47
56
5
6
121
108
153
59
5
20
3
104
0
89
5
148
3
300
105
14
85
8
39
46
17
46
143
64
0
28
31
31370
5
22
9
233
57
4
40
24
13
48
88
36
48
112
36
8
22
944
99
109
108
45
7
19
71
105
61
18
10
37
9
2055
1246
2211
328
1553
3073
2067
6258
1323
1109
2126
2650
811
3955
3406
2376
4315
1825
2988
436
1361
2654
8091
1
4
2821
882
958
19
1514
923
10
985
1051
3115
9
2
5
1
0
1427
17
119910
3545
7741
73
9417
32421
18
4
26
6
1
9
50
29
86
25
48
1
33
39
4
0
32
5
54647
731
74
78
7
157
9
0
27
18
0
39
35
82
63
27
12
0
3
6
2
2:1
6
5
757
133
10
53
3445
9355
3480
4654
3093
18188
813
0
164
83
1183
873
0
189
665
436
245
287
2
1
0
1
0
1
0
5
6
11
28
3
39
47
35
0
19
40
6
30
1
3
1
42
1
47
4
0
5
1
30302
9944
34
69
21
176
69
90
30
49
462
125
1
46
0
250
13
0
43
42
77
34
10
44
37
49
226
2
9
57
2:9
41
78
25
47
9
5
12
2:5
7
12
5
25
106
120
47
331
44
6
57
6
32
22
1
72
13
0
10999
3721
113
73
8
2018
9722
2:1
81
4
14
50
1
12
56
17
43
54
0
53
58
5
60
22
52
9
36
2
22
48
40
7
42
44
26
13
49
50
8
2
70
39
-489231
191
38
19
253
19
327
18
66
53
22
341
98
30
386
138
263
304
58
435
29
39
161
75
102
21
384
311
50
169
91
221
274
123
28
64
261
214
315
156
219
156
18
87
55
325
220
15
57
34
42
104
29
316
39
206
112
125
111
23
156
533
104
99
74
163
454
9
38
165
123
95
254
36
230
200
36
847
348
262
263
5
252
107
47
439
133
225
265
92
223
39
146
5
106
63
132
181
100
631
29
77
91
259
84
351
283
94
27
264
432
20
1
93
103
19
7
116
155
171
36
12
490
88
106
168
68
3
94
140
84
61
155
151
421
11
106
340
584
715
119
17
6
370
2:39
393
509
347
253
368
151
88
702
179
196
64
41
401
98
124
211
188
230
110
152
178
143
154
29
28
234
58
50
39
54
3
10
3
138
38
94
3
35
262
9
2
5
103
1495
0
44
0
31
17
352
108
44
43
27
83
189
65
142
157
20
34
30
563
28
220
121
83
51
42
88
8
25
18
93
92
14
19
9
111
14
49
31364
68
16
79
350
95
1172
6
88
50
130
132
56
73
19
12
7811
7276
1761
0
3
2350
4223
9127
3296
2831
3
4083
2185
1741
1300
2230
8038
47
4653
4503
8096
20260
83046
18378
6038
45
12078
28731
1119
91
4
308
9554
1380
0
25036
19320
139
118
327
16
61
30
53
0
643
61
1
157
7831
26410
9241
1437
2276
20
60
17
19
54
1
5
98
50
40107
558
871
86
255
398
302
2:4
18
194
312
3
173
32
5
104
14789
171
2014
9842
111
115
5
52
90
40
122
10
3
0
14
46
14
55
9
2
221
7
27
40
8
1427490000
699:0
1
347:0
6
1
-3
0
3
1
19
-22
113
-111
92
-49
-43
26
172
-195
-3
16
-14
-4
11
0
9244
-9055
263
-333
7192
-7317
36
534
-570
7
-11
22
428
-448
-1
24
-18
-8
21
102
-31
-75
-18
255
-231
447
-470
24
-21
-3
-2
1
4
65
-56
-7
1
1665
-1658
-4
-2
-9
41
-37
181
-177
0
-6
18
78
-58
-40
12
36
-11
-20
63
-78
54
-54
5
-3
8
635
-575
-67
-3
18
541
-560
1
73
-22
-23
-26
5
13
-18
39
119
-151
-5
-1
-4
-1
18
38
-55
18
-11
7
1212
-1208
2
36
-49
38
-43
86
-81
263
-65
-162
-41
779
-778
380
-378
-2
2
9
4
-19
2
40
-24
-11
37
-29
58
-37
-28
0
2
0
17
-3
-23
21
11
-25
25
-29
0
89
-86
10
-12
6
13
3
-25
1
341
-324
-16
41
527
-568
6
448
-450
-8
3
2:0
-3
11
844
-855
261
-260
0
510
-502
-5
36
-18
-16
310
-282
-30
99
-85
9478
-9486
-4
-3
129
-131
5
55
-58
2:0
-2
24
3
-1
-23
-2
-1
3
28
92
-121
-1
3
-5
61
-52
52
1553
-1586
-25
10
0
119
-119
0
70
-82
0
256
-186
-56
396
-296
-109
3
1
29
-12
4
2:-15
170
-152
-18
75
63
508
-511
-129
38
-33
-7
40
-29
609
-610
254979
-254991
6833
-6735
-81
76
-70
11
25
188
-198
-34
284
-113
-188
1
5
80
-86
2
76
55
-134
1
50
-45
4
-4
159
-146
51
-59
450
-459
1
441
-444
1
85
-77
62
469
-527
0
-13
12
5
103
-116
205
-195
13
-2
73
-98
146
-142
3
289
80
-374
2:1
88156
-88138
85
504
-609
2
0
1
-4
84862
-84862
6925
-6857
-63
87
-92
5
9
-5
151
-143
61
-74
97
-83
-1
17
-2
1928
-1699
-243
63
132074
-132145
88
700
-776
53
-10
-43
3
-24
272
-270
-4
3
0
18
91
-107
3
56
107
-128
4770
-4623
-141
-10
-33
0
-5
712
-700
-2
327
148634
-148931
4054
1595
-5620
-60
459
-415
-46
3929
-3569
9469
-9835
2
52
161
-192
-13
-3
34
-31
-10
7
24
-28
13
-15
1648
-1636
-5
9
-6
1630
3187
-3123
-1368
-338
2
30
522
-553
5
-6
341
-340
16
338
144
-483
180
-169
-12
83
-96
0
174
-156
2
-9
92
-23
5227
-5283
486
-509
569
-473
756
-570
-276
370
-369
-2
1
790
3162
-3849
-77
-32
82
-48
475
-353
-105
-49
79
-84
0
3
-3
-1
32
-31
2
22
-19
-3
-2
14
87
61287
-61347
-39
3
106
-108
2
256
127
-325
3178
-3219
-14
833
-832
51
-16
-36
-7
4
3
-4
15
-17
84
-86
5
1
856
2820
-3679
26
-24
11
8
4
-19
6
205
-218
-1
39
1198
-1238
43
-26
-11
2:-3
0
41
-11
109
1183
-978
-314
-31
4
16
-17
-3
30
-14
10039
-8871
-1171
-1
-2
-5
105
-97
-1
24
19
-39
59
-64
-5
2:-2
0
1
24
-1
-13
-9
35
-35
1225
1254
-1716
-761
-1
5849
-5811
-41
-2
436
20368
-17625
-3101
-71
13
-18
1
46
781
-823
32
-20
10
176
-200
-2
14
-15
6
-2
295
1128
-1427
2
8
-8
2
10
90
63
-168
36
17
1
-42
9
977
791
-1650
270
9579
-9983
33141
-32866
-278
19
-21
773
-770
20
51055
-51075
105
265
-374
1
45
-21
100
-124
1082
-887
-106
999
-668
-378
-39
-1
8
65
-40
-9
-11
836
-826
8881
-8500
-292
-99
46
58
-27
329
-418
8
327
-333
1
51
49
-87
-12
126
424
-544
9
41
-63
62
-56
36
-35
0
514
-445
-7
-63
28
6869
-6756
-146
-3
-1
1
2:-1
0
1
0
1
-2
2:0
1
2
-3
1
-1
2:0
3
0
-2
-1
2
0
1
-2
-1
0
2
-1
2:0
2
0
-2
-1
3:0
2
-1
2
-3
2
-2
3
-3
1
-1
0
2
0
-2
1
0
1
-2
1
2:0
-1
3
-2
3:0
-1
3
-3
2
0
-2
2:0
2
0
-1
0
-1
2:1
-1
1
2:0
-2
1
-1
0
1
2
3:-1
1
-1
1
0
-1
0
2
-2
3
2:0
-1
-2
2
2:-1
1
2
-3
1
-1
0
2
-1
2:0
2
-2
2
-1
1
-2
0
2
0
-2
2
-2
1
-2
3
2:-1
0
-1
3
-3
0
2
2:-1
2
-1
0
1
2:-1
2
-2
2
-2
2
0
-2
2
-2
2:1
-1
0
-1
3
-2
3:0
1
-1
1
0
-1
0
1
-1
1
-1
1
-1
2:0
1
-2
3
-2
1
3:0
-2
0
2
-1
0
1
-1
1
0
-2
2
1
2:-1
0
2
-3
0
2
-1
0
-1
0
2
-1
0
2
-3
0
3
2:-1
2:1
-2
1
-1
1
-2
2
1
-3
3
-1
1
0
-3
0
1
2:0
-1
2:0
2:1
-2
1
0
1
-2
2
-1
0
-1
0
1
0
2:1
-3
0
2:1
-1
1
0
-2
0
2
-2
1
0
-1
1
2:0
2:1
-2
-1
3
-1
2:0
1
-1
-2
0
2:1
-1
0
-1
2
0
1
-3
1
0
-1
1
0
2
-1
-2
2
-2
1
2
-1
1
3:-1
1
2
-3
2
1
-1
0
-1
0
-1
0
2
1
3:0
-2
-1
1
-1
0
2
-1
2:0
-1
2
-2
2:1
2:1
-1
5:0
3
-2
2
-2
1
-2
6
-6
0
3
-1
-2
3
0
151
-154
0
17
-6
-10
20
-18
-3
2
-2
4:0
2
22
-23
0
11
-12
2:0
1
0
22
-23
1
2
-3
3:0
13
-13
3
-3
13
-12
2:1
-3
1
-1
10
-8
0
-2
1
10
-8
-3
0
3
4
-7
2
-2
9
-9
2
2:-1
6
-2
-3
-1
1
24
-25
2:0
8
-8
2
0
3
-4
5
2:-2
2:-1
2:0
1
5
-6
4
-4
1
13
-12
2:-1
0
9
-8
-1
0
10
-10
0
1
15
-16
10
-10
2:0
3
-1
-2
0
2:1
-2
5
-1
-4
7
-7
0
3:1
0
-3
3:0
7
-7
0
1
0
-1
1
-1
1
3:0
14
-14
-1
0
42
-42
0
27
-24
-3
2:0
2
-2
3:0
7
-7
0
69
-68
0
4
-4
3
2
0
-6
0
11
73
-83
2
-2
4
-3
0
7
-8
0
-1
2
1
14
0
-14
-1
-2
2:1
19
-20
3:0
26
-27
4
77
-80
-1
2:0
13
-9
2:0
-3
-1
9
-6
-1
17
-19
3
-2
2
-2
2
2:1
-4
8
-7
-2
5
15
2
-18
-4
9
-8
1
0
-1
96
-90
1913
-1920
93
-75
-17
0
6
-1
8
-13
2
2:0
-2
3:1
17
-20
-1
7
11
-17
0
1
-1
3
-2
3
-4
21
-19
-3
2:0
54
-53
-1
18
-15
2
7
-10
2:0
3
2
2:-3
38
-37
1
0
21
-24
1
2:0
43
-43
0
-1
1
25
-18
-7
9
-9
-1
1
2:0
898
-899
161
-154
-7
1
-1
4
-4
0
11
-7
10
-14
1
0
5
-3
4
71
-22
-50
-3
493
-490
-6
56
-53
-3
0
4
-3
1
18
-17
-2
-1
1
3
30
-33
0
14
-9
0
199
-152
-46
-6
-1
2:0
4
-3
0
98
1061
-1155
68
126
-199
0
16
-4
-8
360
-358
781
-782
0
2
87
-94
2
-1
1
10
-12
1
7
-8
2
-2
115
-114
0
5
-3
2
206
-153
-50
-8
4
-4
70
-70
2:0
98
-98
7
51
90
-143
11
-16
2
7
-9
0
2
3
6
-11
18
-10
102
-107
29
-29
9
16
5
16
-49
36
-36
2:0
51
9
-38
-19
-3
2
-2
76
-67
-3
-6
47
-45
-2
2:1
-1
2
-2
-1
0
4
-3
-1
3
-2
230
-230
0
1
15
-17
2
20
-22
13
566
-578
-1
17
-12
-2
0
2:-1
1
2
-4
5
-4
-1
1
-1
0
9
168
-176
1
-2
0
21
-16
6
2
-8
-1
0
8
160
-172
22
-20
-1
1
-2
0
6
8
3
-4
2
-11
-4
0
15
-12
-3
4
2
4
1
-10
2:0
1
18
-17
0
4
1
-3
-5
2
-2
3
0
-3
0
3
0
-2
-1
3
-2
20
158
-162
-16
0
240
-231
-10
0
86
318
369
-773
1
3
-3
0
11
116
-126
2
0
-3
26
-22
2:-2
-1
1
0
51
189
-239
0
-1
2:0
3
21
-24
-1
2:1
8
-6
-4
24
11
21
61
340
-457
11
12
-20
-3
0
42
-42
0
300
-300
5
20
-25
0
6
2
17
-25
30
-21
-6
81
-53
-25
-6
2:0
1
-1
3
8
-6
-4
39
2
19
-58
7
-8
5
22
-29
0
31
-28
2:0
9
-11
-1
59
132
-190
3
5
-7
16
-17
-1
2:0
90
-65
-23
-1
0
85
-86
1
-1
7:0
1
-1
2:0
1
-1
2:0
1
-1
1
-1
26:0
1
-1
1
-1
2:0
1
-1
5:0
2
-2
9:0
1
-1
2:0
1
-1
29:0
1
-1
16:0
2
-2
4:0
1
-1
2:0
1
-1
18:0
1
-1
11:0
1
0
-1
14:0
1
-1
2
-2
4:0
1
0
-1
3:0
2
-2
17:0
1
-1
5:0
2
-2
4:0
1
-1
0
1
-1
0
1
-1
0
1
-1
11:0
1
-1
14:0
1
0
-1
1
-1
0
1
-1
6:0
1
0
-1
1
-1
1
0
5
-6
0
1
-1
3:0
2
0
-2
8:0
1
-1
5:0
2
2:-1
2:0
1
-1
3
-2
-1
0
1
-1
6:0
1
-1
5:0
1
-1
6:0
end
