v1
1125
1396
687
552
57
56
875
59
2839
2380
2381
706
1275
3019
394
275
1171
581
31
112
511
232
387
740
1053
10
39
575
624
436
788
2235
460
167
368
75
1761
126
15
147
433
1722
595
54
103
5
235
217
23
198
702
252
31498
22
343
173
196
36
1361
6151
6693
10816
2650
16688
27812
12
124905
7741
9490
32443
394
55822
13961
34353
58
39
47
54
77
3
1
100
40370
1001
1
645
237
66
9
217
17
753
60
15028
11713
1
2:81
219
270
329
-489116
197
45
20
186
163
77
312
69
13
92
31
21
139
38
10
8
18
3
27
74
264
53
3
46
84
114
109
126
3
234
52
25
44
15
65
206
135
114
144
17
7
159
330
108
78
97
5
92
0
48
17
39
236
5
89
35
171
68
91
32
104
26
72
36
286
37
85
11
112
2:24
111
34
59
8
76
152
96
93
111
18
4
63
55
19
107
2
39
160
109
166
66
5
67
70
98
110
61
55
16
85
54
186
136
23
0
21
0
33
168
11
12
19
40
46
16
12
6
305
4
68
32
46
74
33
20
24
132
7
46
0
33
72
185
79
57
29
7
60
43
93
85
98
48
11
45
166
44
160
31
0
162
214
136
27
8
297
150
365
82
31
233
130
24
1
54
59
5
40
130
85
89
79
9
77
313
48
2:223
128
7
104
88
28
0
19
88
39
55
20
10
244
95
213
41
27
2
32
39
48
194
85
33
64
44
315
187
27
2
200
0
185
93
129
154
127
46
201
30
81
117
169
112
293
7
59
122
51
5
28
17
6
0
50
7
18
4
8
2
5
8
0
11
23
7
47
2
3
14
6
1
70
40
13
3
1
23
95
64
9
83
40
5
2:14
2:25
30
0
35
38
3
16
55
14
113
109
9
85
91
27
244
46
23
9
92
3
8
337
160
35
219
110
98
249
1
52
69
104
42
138
54
262
85
101
41
90
169
146
5
19
78
314
27
52
196
0
6
31
110
161
28
10
104
17
70
229
0
41
466
6
36
8
12
175
9
41
758
192
180
5
7
0
322
105
6
109
108
75
56
37
102
85
32
6
41
118
50
256
184
77
229
19
12
17
229
33
29
147
50
44
12
30
20
127
38
76
0
195
2
115
41
125
111
274
334
2
0
36
45
20
0
82
16
86
60
185
167
0
3
212
2:10
50
121
19
31
1
43
31
12
58
52
240
16
201
188
20
241
39
20
25
0
107
89
14
110
19
13
106
70
49
30
45
61
85
87
55
26
155
98
3
25
31
31370
11
25
43
112
49
33
53
2
127
92
72
8
1
15
140
0
22
1042
6
2
102
68
92
90
46
59
61
18
10
37
9
272
1783
1246
2211
1881
3073
691
3840
2792
2325
1109
5587
3955
4992
790
830
3485
3153
1660
4449
2
14
8075
0
2
1
4
2821
882
943
15
2466
474
4670
0
7
1
8
7
1
1427
3523
116404
1
3543
7815
37497
4359
30
7
9
165
17
56
1
72
19
17
54652
680
51
50
43
39
7
13
7
88
69
7
29
18
39
6
12
146
0
16
27
11
2:1
0
3
7
2:1
6
5
2
1
725
29
183
13
16280
4654
3093
10208
3251
4729
813
247
1183
454
1
373
45
189
582
83
436
330
204
3
22
9
19
73
51
20
8
31
6
3
74
1
47
0
4
5
31816
8465
26
73
167
100
43
16
30
49
43
591
41
0
209
13
43
25
17
202
24
28
83
140
2
66
37
22
61
17
25
24
2:23
2:15
7
25
186
13
74
388
32
5
19
3
14
15
23
30
42
14873
1
44
9
2005
13
9647
75
144
6
2
85
29
14
18
36
10
28
73
35
11
19
22
52
9
7
29
2
21
1
23
53
12
43
50
39
49
50
8
1
19
-489162
503
246
134
35
343
27
205
390
0
28
166
30
37
38
14
623
279
12
200
117
110
387
431
67
648
135
279
23
86
267
50
66
105
88
294
279
49
0
231
286
13
310
32
140
280
8
305
14
106
109
24
165
782
124
334
303
0
267
59
46
0
62
15
39
74
143
630
231
128
111
81
361
63
37
495
0
73
29
33
182
267
16
285
53
98
109
2
232
175
477
261
216
361
58
122
44
121
28
0
73
69
400
682
180
232
77
19
196
5
1
295
50
9
46
15
10
31
25
31
30
226
114
2:21
11
171
17
4
21
72
85
83
2
37
56
49
468
90
583
77
70
57
0
214
455
200
185
464
162
0
91
207
324
57
203
39
24
304
395
535
3
110
126
81
621
295
80
0
346
21
19
84
17
186
55
0
200
0
88
77
232
142
318
77
0
25
53
174
366
171
198
665
84
908
28
191
59
77
686
82
73
22
29
0
292
23
4
578
177
453
35
53
9
4
8
30
195
31
0
123
32017
0
207
1569
51
5522
2201
12398
1805
3303
2323
7
1994
12706
2605
2616
1267
1391
8074
4
0
4682
12
2434
1
995
1039
17
20027
91135
24637
38232
3669
126
43
0
133
110
7237
28798
19377
168
176
10
106
16
51
50
4
57
49
686
18
0
29
66
3514
4380
17380
18026
2188
55
1690
28
15
2
1
45
21
42
16
22
30478
9780
479
685
271
341
38
35
201
146
0
23
265
527
32
103
14954
14
69
102
11897
162
5
72
19
78
116
12
30
14
394
2
1427062800
99:0
1
699:0
1
324:0
408
11153
-10742
-314
1202
245
-1360
2356
-2117
61
-199
537
-36
-436
-22
22
1209
-1377
21076
-19758
-1298
-242
348
-228
344491
-335704
-1697
5368
-12202
-299
12
2049
-2022
51727
-44684
-5358
105
16173
25458
-43143
1536
2751
175702
-171977
-3979
-4270
6598
-311
-6257
-162
1958
2371
-4123
243
-436
40
355
-390
784
-668
290
2015
-1682
-233
43544
-13487
-30574
4595
-4372
4073
-4144
-73
1257
3522
544
-4080
4487
-5709
9719
-2820
-5484
-420
-1059
1302
5538
-6223
-203
4415
-3792
97
9140
-6090
-3375
5154
-5993
682
3580
-2374
-1929
7333
-7695
6
2
185
-136
-52
41
-32
-14
3
14
2
60
-46
-25
-4
-3
7
31
-39
45
-43
6
-9
98
-96
31
1
-18
78
-93
9
-6
-2
45
-45
19
-10
19
-29
273
-266
15
-12
-8
38
-32
161
-168
0
13
-13
3
190
-188
-1
-3
105
-106
149
-150
12
-5
48
-36
-13
1
-3
7
-11
310
-305
264
-238
26
-49
4
-9
0
2
72
-72
302
-303
4
16
-22
5
53
54
-113
24
-22
5
160
-112
-34
-21
5
50
-52
34
31
-66
5
-7
2
30
1
-34
0
14
3
-12
-1
-4
2
1
2:3
-8
43
-43
1
3
37
-31
33
-37
113
-118
-2
0
1
56
-9
-36
19
-25
-2
28
-20
-12
1
8
87
-87
-5
23
-6
-20
0
10
18
-22
-4
258
-238
2:-10
8
71
-80
5
-7
11
257
-262
78
-80
0
2
19
-25
11
-9
2:-1
94
-24
191
-144
-97
-17
1
19
-19
-2
0
9
-8
115
-93
10
-35
6
66
-72
10
210
-86
-102
-26
2
-1
-5
-2
14
-14
17
2:-1
14
2:-11
7
-11
4
87
-92
7
-2
-4
7
-2
53
-60
27
-23
159
190
-323
-17
3
29
-26
0
-12
140
-146
2:-1
1
36
-36
-1
0
4
1
-1
-3
6
7
-10
9
-7
196
-164
33
151
-207
181
-160
-33
82
-58
-27
330
-295
-2
253
-282
4
59
66
-126
7
-11
354
-329
11
-31
101
-107
-2
2:5
297
-304
106
-108
18
105
232
-355
38
-37
11
164
-128
-28
-14
22
223
-200
238
-275
-10
135
-123
-15
2:-1
53
-48
1
6
12
-22
42
-42
8
99
-88
-5
127
-134
83
-4
113
-192
4
-7
9
-10
131
-130
33
131
-159
-11
1
34
-4
-13
-18
41
193
-233
1
10
-9
-1
-2
111
-111
2:2
-4
1
14
-14
11
31
-40
1
113
-99
-12
20
-9
21
-35
61
-64
6
1
8
1
3
-18
1
0
5
-6
1
-2
1
-1
0
20
13
1
42
1
187
-263
6
-2
-4
16
27
-16
-27
132
-2
53
-115
9
-76
4
-4
8
-10
29
-2
25
-28
-24
57
-54
10
2:2
-5
86
-42
-46
-9
0
18
-14
-5
346
-342
2:-2
3
2
11
-7
89
-94
47
-50
50
-51
326
-319
-2
-5
13
-9
-1
49
-52
14
-10
2:-2
34
-1
31
-59
0
-1
57
-57
-3
45
-45
0
80
19
-96
11
3
-17
93
82
42
28
-220
-25
6
-1
-2
15
76
36
-119
22
224
-246
-11
164
-131
104
-137
0
1
21
-21
2
162
-156
-4
30
-14
-17
9
3
-7
-10
0
35
-28
32
-39
25
-21
2
86
-46
-38
-5
22
-10
-5
-10
10
22
-6
-26
168
25
-169
5
-29
2
2:-1
13
22
-32
81
-75
70
-68
162
-157
7
-15
-5
109
-68
-44
13
6
-4
-10
5
15
160
-126
87
-137
20
-24
2
38
122
-119
-31
43
-42
-10
73
-80
8
61
47
-117
2:1
21
-12
66
-48
-27
4
15
-3
-18
3
5
-5
-2
16
29
-46
4
59
-48
4
-5
0
309
-321
221
66
-286
2:4
-8
30
-33
28
16
-25
-18
2
5
11
-10
-5
46
59
-108
-1
61
-33
273
-180
-110
20
-24
-7
218
-218
2
0
79
-81
70
-28
-40
12
21
-24
-10
24
111
-131
14
18
73
-101
102
-107
2:-2
9
-5
256
-260
4
2
33
56
-90
25
219
-248
11
186
-179
171
-189
29
-10
214
-179
-48
-7
141
-95
81
236
-362
20
-2
-17
75
0
31
-108
34
-27
-3
-6
0
1
2:-1
2:0
1
-1
1
2:0
-1
2
0
-1
1
0
-2
2
-1
1
0
2:-1
2
-2
0
2
0
-1
4:0
1
-1
0
1
-1
0
-1
0
2
0
-2
2:0
1
0
-1
1
-1
2
0
-2
2:0
2
2:-1
0
2
0
-1
0
-1
2:0
1
-1
0
1
2:0
-1
0
1
0
-1
2
-2
1
0
-1
2:1
-2
0
1
2:0
1
0
-1
0
-1
0
2
-1
3:0
-1
0
1
2:0
-1
1
-1
2
-2
0
2:1
-1
0
1
-1
2:0
-1
2:1
-2
1
-1
1
-1
2
-1
4:0
-1
1
0
-1
0
1
0
1
-1
1
-2
0
2
-1
1
-2
4:0
2
3:0
2:-1
2
-2
2
2:-1
1
-1
2:1
0
-1
1
2:-1
2:0
1
0
-1
1
0
1
0
2:-1
1
-1
0
2:1
-1
0
1
0
-1
3:0
1
-2
1
0
1
-2
0
2
2:0
-1
0
-1
2:1
0
-2
2
0
-1
1
-2
0
1
-1
2
0
-2
1
-1
2
-1
1
-1
0
-1
1
0
-1
2:1
2:-1
2
0
-2
1
0
-1
0
2
-2
0
1
-1
1
-1
0
2:1
-2
1
-1
1
-1
0
2
-1
0
-1
2
-2
2
-1
1
3:0
-1
1
-1
1
0
-2
2
-1
0
1
-1
0
-1
1
-1
2
-1
0
-1
2
-2
1
0
-1
1
0
1
-2
2:1
2:-1
2:1
0
-1
0
-1
2
2:-1
1
0
1
-1
1
-2
1
162
-158
8
15
-13
-12
7
20
-21
-1
6
5
32
-28
79
-100
8
59
13
-81
19
-7
0
1777
-1664
-99
-21
15
59
-43
18
-32
729
-644
-79
29
-56
415
-359
126
-141
851
-837
117
-157
209
821
-935
-101
111
93
-146
1
41
-46
95
-152
28
10
17
23
26
-110
232
-201
-32
743
-728
165
28
-206
7
22
215
-235
250
-145
443
411
-697
-251
21
293
-326
25
154
100
-208
-78
0
130
-131
53
-6
115
-123
-35
3
130
-139
0
1
-1
2:0
4
-3
-1
0
5
-3
4
1
-7
1
0
1
0
-2
2
-2
1
-1
6
-6
1
0
-1
0
1
0
-1
1
19
-20
2:0
1
-1
0
27
-27
1
-1
0
1
18
-19
0
2
-2
0
3
-3
0
1
10
-11
3
-3
1
-1
13
-13
3:0
3
-3
0
1
13
-12
-2
3
0
-2
3:0
-1
1
-1
1
-1
3
-3
12
-10
-2
1
0
1
11
-13
5:0
4
2
-6
0
1
0
2
3:-1
5
-5
1
-1
4:0
1
3:0
-1
0
10
-9
0
1
-2
4:0
8
-4
2:-2
2:0
5
0
-5
2
-2
3
2:-1
4
-4
-1
0
2:1
-2
0
23
-22
2:0
-1
14
-14
2:0
2
16
-18
3:0
1
4
-5
1
-1
2:0
4
3
-5
6
-5
-3
2:0
2
-2
2
0
-2
1
0
4
-5
0
7
-5
-2
3
-1
-2
2:0
2
-2
2
0
-2
0
1
2:0
4
-5
2
-2
2
-1
0
4
-5
1
2:0
1
-2
8
-7
2
-2
4
-3
0
-2
2
0
-2
3
-3
1
-1
0
10
-9
0
11
-8
2:-2
0
1
-1
1
2
-2
13
-9
38
-43
5
9
-12
2:2
-5
-1
19
-10
0
7
-14
-1
7
-3
-4
3
-4
19
-18
-1
0
13
-13
0
1
-1
14
-14
15
-13
-1
3
82
-84
3
-5
0
34
-33
-1
3
0
-2
8
-5
-4
1
17
-14
-3
-1
1
9
-9
2:0
2
-1
5
-7
0
20
-19
3
-1
5
3
1
2
-14
0
2
-2
4
0
-2
4
22
-27
0
2
4:0
3
4
-10
0
1
4
-3
-2
9
-9
0
2
-2
0
2
-1
3
-3
-1
1
7
0
-5
4
-7
1
-1
7
-7
6
-3
2
0
-1
-4
0
2
1
-3
2:0
1
0
-1
4
-2
0
-2
0
19
-19
3
-3
0
3
5
-8
0
16
-14
78
-80
7
-7
5:0
2
7
-7
-2
10
-9
8
-4
3:0
-3
-2
0
2
1
-3
2:0
2
-2
0
1
-1
5
-2
11
-14
18
-18
3
-3
17
-12
-5
1
0
2
-2
2:0
3
2
-6
0
3
0
7
-9
-1
1
9
-9
-1
7
-7
0
28
2:-14
2
0
-2
3
2
27
13
-42
-1
-2
1
-1
0
29
-29
2
2:0
-2
0
5
6
45
-55
2:0
9
-10
1
2
0
-2
0
7
-8
2:0
3
-2
-1
1
3
-1
-3
8
-5
-1
10
-12
2
-2
5
-1
0
-4
3
0
4
-4
7
-6
-4
1
-1
1
0
1
-2
17
-17
9
-7
2
5
3
-7
7
-8
-1
34
-32
-5
1
10
0
-9
1
2:6
12
-22
-2
-3
9
-6
-3
24
-18
3
-2
-4
-3
11
-11
5
9
-14
3:0
6
-6
14
-10
-4
0
2
1
-1
0
-2
0
1
0
14
-15
2
-1
2
-2
0
3
8
-10
13
-10
-5
10
-9
-1
15
-15
2
-1
4
-4
2:0
3
0
-4
23
-6
-17
0
1
4
18
58
-81
6
-6
0
37
-37
2
-2
3
-3
6
10
-16
0
7
-5
1
12
-13
-2
7
-5
12
-13
21
-22
0
1
2
-2
10
-11
3
-3
0
3
-3
1
48
-47
2:0
9
6
-16
1
-2
121
-121
1
-1
14
-5
-9
9
-9
1
0
1
2
22
-24
0
-2
36:0
1
-1
13:0
1
-1
1
-1
56:0
2
-2
9:0
1
-1
5:0
1
-1
12:0
1
-1
13:0
1
-1
12:0
1
-1
0
1
-1
37:0
1
-1
6:0
3
-3
21:0
1
-1
22:0
1
-1
7:0
1
-1
3:0
1
2:0
-1
11:0
2
-2
6:0
1
-1
3:0
1
-1
0
1
-1
11:0
end
