v1
705
130
567
46
298
188
221
2:9
132
160
204
17
85
17
126
188
3
234
1
57
56
22
0
28
118
263
111
333
59
17
434
102
526
54
152
159
136
98
444
171
111
53
4
78
15
179
300
22
118
167
160
359
36
18
94
1
299
101
376
23
350
62
277
203
21
53
67
432
79
196
380
370
193
110
267
8
431
113
381
348
94
339
65
897
50
29
27
0
108
421
30
339
213
4
37
148
152
83
44
33
339
300
94
275
16
15
196
539
111
286
8
59
50
49
246
237
45
38
49
6
26
31
48
3
131
13
4
23
0
95
73
9
133
94
5
30
112
73
54
118
439
8
78
7
88
120
639
110
262
12
40
33
6
116
338
121
0
141
85
398
421
15
404
6
31
299
10
5
33
153
229
41
516
0
187
50
41
717
253
48
71
5
17
121
246
25
31
479
75
50
961
277
205
54
6
44
89
75
57
69
7
8
147
40
315
0
78
692
202
2
452
175
70
64
57
8
11
32
43
98
311
100
54
103
3
2
235
153
64
23
104
89
5
257
255
190
63
189
64
24
4
31401
5
22
9
43
194
53
44
85
88
84
112
8
28
30
932
220
250
43
123
18
10
37
281
3029
2211
328
1553
5140
10816
2650
811
15877
2988
4449
2
12757
2940
1544
3125
1
18
4956
116404
3545
7716
25
73
9417
32411
10
18
2:2
280
20
57
32
5
81
55297
85
231
9
2:45
12
17
145
37
2
13
6
5
2
845
24133
10208
3251
4729
813
1430
1016
711
436
532
4
12
11
28
3
39
47
54
7
70
3
1
94
6
40246
34
90
276
59
666
1
87
209
83
15
92
110
125
150
2
9
57
2:9
144
73
17
315
446
52
1
72
14733
84
56
54
2018
9722
2:1
81
24
44
13
116
28
26
36
0
75
65
22
97
2
22
174
0
46
49
45
13
2
68
-488089
82
38
11
115
202
312
224
517
368
89
1054
346
735
98
170
304
178
203
67
258
50
86
99
225
122
32
422
587
501
7
16
96
486
185
176
86
1
342
79
50
153
91
196
101
46
191
229
210
46
572
48
26
488
304
45
417
29
182
222
606
2
49
10
150
49
47
182
202
143
52
210
71
287
344
121
770
283
78
41
54
99
257
56
313
140
326
27
22
115
56
25
52
2
145
192
133
14
64
50
72
38
465
223
699
11
120
331
46
160
242
124
83
210
166
126
300
146
416
27
254
17
305
122
780
127
37
618
690
100
222
220
26
55
102
56
37
266
118
18
537
12
66
119
63
52
239
146
55
77
34
147
3
308
275
65
4
656
38
65
192
1101
50
73
22
29
239
53
14
29
92
20
300
25
199
35
521
16
85
8
257
31855
284
135
36
1242
111
191
7835
1389
12119
16154
7479
1744
2139
9476
2
5
2807
14
1825
2481
474
1523
27
15
3105
6
10
1456
15450
108000
7772
47
41698
191
3
6
127
230
55445
175
76
86
117
90
13
8
2
1
22
718
62
28
18773
2296
3093
5056
1
14191
2056
771
1060
2:1
25
129
14
20
45
125
9
31816
8465
26
240
69
31
138
462
172
190
73
43
42
165
312
32
95
150
5
33
4
13
9
21
173
312
3
135
70
5
36
14843
14
208
1977
9886
1
110
53
20
52
3
6
190
13
30
6
18
131
50
41
94
12
1427096400
399:0
1
304:0
76
-72
48
36
-57
-27
0
270
-258
-13
1
0
55
6042
-6058
55
-76
11
161
316
375
-851
-5
27
-37
-14
-2
1140
-1128
-4
-7
28
-27
89
-15
-60
0
3
16
-21
256
-257
-12
16
-15
13
29
-43
73
-44
-19
-11
0
158
-156
-1
1
37
-39
2:1
188
-182
-7
162
-143
-3
-5
46
-41
-17
318
-317
624
-608
78
-80
-6
1063
-1072
77
40
-116
93
-94
2:14
-1
46
-71
39
-7
-33
58
-46
-13
11
-10
762
-747
69
-71
293
-230
-30
121
-168
21
4
12
270
-307
242
-168
-66
86
-92
47
234
-261
-13
6
-13
-1
0
40
34
66
9
-78
-54
508
-524
-2
120
61
-170
-10
-1
179
-177
151
-143
-9
53
25
-36
152
-195
110
61533
-61600
2579
-2502
-97
-1
6
-27
8
5
-13
25
4033
-4059
12
20
-30
39
524
-555
19
58
-60
-1
105
-80
-49
77
-19
99
-159
0
15
11
1187
-1213
25
2489
-614
-1864
-19
33
-50
16
3
4
-23
688
-629
817
-861
4830
10066
-14900
15
0
174
-200
0
309
-256
-27
21
1022
-1046
200
-156
-54
-12
12
136
3258
20545
-22620
-1322
1785
-1741
-26
2049
1456
-3518
55
118
-140
-48
18
-2
688
-685
370
-374
340
455
-537
-256
-17
78
-60
120
-129
171
-180
198
-197
194
-181
-14
8
4
0
40
-6
35
188
-268
169
-149
435
560
-811
254
3024
-3440
622
-572
-79
55
9
-76
161
-155
0
12066
-12074
39
11
-49
409
-393
3932
-3863
-47
-19
-2
740
-746
-2
419
-187
4111
-4351
8
-1
14
-23
0
180
-166
1342
-1341
-14
-1
46
-38
544
-401
-150
1
0
-2
1
0
37
-38
39
-22
-1
-2
-13
48
-47
2032
557
-717
3455
-5219
434
3730
-1822
-2452
326
420
-744
56
-56
-2
394
748
-1142
1
11
-3
-8
33
-32
6
107
263
-355
217
691
-911
387
3014
-3420
-1
1110
-1078
273
-304
1
25
-16
49
-60
770
-555
374
-589
0
556
-482
-33
-41
25
1
18
-31
25
-36
13
-14
24
0
-5
153
-173
50
6902
-6952
-1
-2
2
3
-4
8
-9
2
1
-3
10
-9
0
1
6
-8
9
-1
-8
0
7
-6
10
-3
-8
2
0
4
-5
5
-6
2
-1
2:0
5
-5
0
1
6
-7
3:0
1
-2
2
7
1
-2
-7
6
-5
-1
5
-5
2:0
-1
9
-7
0
-2
1
-1
2
6
-1
-6
-1
0
2
0
-1
2:0
1
-2
1
0
1
0
4
-5
0
1
5
1
-7
9
1
-4
0
-1
1
-7
1
5
2
-8
2
8
-8
-1
1
-1
2:0
1
4
-4
-1
1
5
4
-11
0
1
6
-5
4
-5
-1
2
3:0
2:-1
0
1
6
-1
-6
1
4
-3
4
1
-7
1
0
-1
2
3:0
2:-1
6
5
-3
-1
-7
0
2:1
7
2:-1
-7
2:0
2
0
-1
7
-7
0
6
0
-6
2:0
6
-7
3:0
9
2:-4
-1
1
5
-1
1
-6
2:1
-1
2:0
-1
2:0
8
1
-9
8
-8
0
6
-6
2
-2
9
-8
1
-1
8
-7
-2
0
1
5
-6
5
-5
2:1
-1
0
9
-3
2
2:-4
6
0
-7
0
2
-2
0
8
-1
3
-8
2:-1
1
8
-2
-7
2:0
11
-11
1
5
-4
-1
5
2:0
-6
6
-6
1
2
4
-6
2:5
-11
10
-10
10
-10
2:0
1
5
-6
2:1
4
-5
0
-1
7
3
-8
5
-7
5
-3
6
-8
0
2
-1
1
7
-8
-1
8
-8
6
-5
1
4
-6
0
1
0
1
-1
2
-2
0
1
-1
4:0
85
-85
0
2:1
-2
10
4
-5
0
-7
2:-1
0
4
-3
-1
0
8
-8
1
4
-3
-2
5
-5
0
2
-2
3:0
1
0
-1
1
6
-7
2:0
5
-5
2:0
1
-1
1
-1
16
-15
-1
0
1
-1
4
-2
0
-1
10
-11
1
-1
7
-1
-6
5
-5
5
8
-13
2:0
2
-2
0
2
-2
0
1
-1
1
2
-3
0
2
-2
1
2
-3
13
-3
-10
3:0
1
-1
28
-28
3
-3
1
5
-6
14
-14
2:1
3:0
-2
0
7
-6
0
11
-9
26
-27
2:0
6
-8
2:0
13
-13
19
-17
-1
3
-1
-2
34
-35
0
997
-995
34
-16
-18
4
0
-4
-1
2:0
4
-3
-1
0
2
-3
0
39
-32
-4
5
-6
0
1
-3
0
9
-9
22
-22
1
2
-3
39
-39
2
194
-141
-53
2:1
-4
2
4
-5
-1
24
-24
20
-14
-5
237
-237
-1
0
31
-30
1
6
4:-2
3
36
-16
-19
-4
0
3
19
313
-308
-26
67
-63
-3
101
177
-277
2
49
-52
-2
3
1
27
-28
0
6
-6
61
-26
-33
-4
3
-2
27
-27
29
-29
16
-18
55
-55
0
1
0
-1
16
-12
-4
2
-2
2
5
6
1
-2
19
2
-21
32
-40
0
20
-21
-3
0
3
-3
125
-125
2
11
-13
0
2
255
-256
3:0
10
-10
2:0
4
93
-98
2
2:1
-3
0
4
-1
69
-65
-7
-1
6
4
-4
-5
0
-1
2:0
1
-1
7
-6
6
-5
2
-4
0
8
-7
12
72
-73
126
-138
54
92
119
-265
67
-65
-1
7
-8
3
10
93
-106
2:0
5
-4
5
-6
0
11
0
2
44
1
-51
18
-13
-12
0
58
-55
11
-14
2:0
4
-2
-1
14
-2
50
-63
0
13
1
-14
2
2:0
4
-5
19
-20
2:1
-2
0
12
-9
-2
0
77
-78
11:0
1
-1
3:0
1
-1
2:0
3
-3
2:0
1
-1
3:0
1
-1
0
1
-1
5:0
1
-1
2:0
1
0
-1
20:0
1
-1
18:0
2
0
-2
2:1
-2
9
-7
-2
2:0
2
-2
10:0
1
-1
4:0
1
-1
0
4
-3
0
-1
8:0
1
0
-1
2:0
1
-1
2:1
-2
6:0
1
-1
2:0
2
-1
0
-1
3:0
1
-1
7:0
4
-4
2:0
2
-2
1
3:0
-1
1
-1
0
2
-2
2:0
1
-1
1
-1
4:0
1
-1
2:0
4
-4
17:0
1
-1
1
-1
2:0
1
-1
3
-3
0
3
-3
2
0
-2
4:0
1
-1
6:0
1
-1
2
-2
3
-3
4:0
1
-1
3
-3
6:0
2
3
-5
11:0
3
-3
2:0
1
4
-5
0
1
0
-1
11:0
2
-2
4:0
end
