v1
1010
49
60
188
272
174
129
0
108
206
43
31
21
115
38
34
447
49
119
146
168
238
57
56
22
146
535
7
77
88
59
553
157
280
22
102
171
159
162
72
87
45
264
59
136
135
101
271
53
0
10
105
31
58
22
43
201
41
136
24
166
34
146
65
2
78
200
217
28
25
280
43
0
23
54
109
2
22
206
19
349
185
20
24
63
155
194
63
24
55
48
9
139
31
62
242
211
44
160
86
107
110
104
46
90
0
35
55
32
61
111
33
63
76
153
65
276
344
44
54
319
5
15
69
55
2
31
0
345
28
288
117
88
18
135
104
30
87
106
39
38
17
30
244
95
217
37
27
28
81
12
50
26
159
416
198
196
106
169
16
43
333
145
52
142
35
12
99
294
59
50
26
262
188
27
41
16
17
6
1
31
40
3
4
15
19
23
54
2
3
14
6
1
121
2
4
23
95
61
21
119
14
64
30
5
30
38
57
17
82
163
49
398
173
120
94
131
414
110
304
10
33
6
116
185
99
54
61
60
0
141
85
0
101
300
146
287
129
27
248
6
31
85
206
8
10
5
31
2
64
2
17
70
86
143
41
516
12
175
9
799
15
184
102
71
12
100
222
55
56
66
43
2
24
42
208
94
75
18
32
643
318
19
11
18
229
33
29
9
54
84
50
6
80
128
126
7
8
147
40
64
94
125
110
548
63
36
41
4
20
182
2
245
115
48
7
37
175
0
70
121
8
11
32
2:43
277
51
38
100
54
47
56
5
35
54
38
20
2
86
130
23
39
20
5
20
3
193
5
214
43
313
93
39
63
38
8
12
97
34
1
63
28
31
31370
5
22
9
138
66
33
50
3
44
173
69
7
8
112
36
8
22
1042
110
179
61
10
166
18
10
37
9
2961
340
2211
325
3
1553
5140
6258
4558
2650
811
3955
2526
2466
790
6140
2988
436
489
3524
2
14
8068
9
2826
0
1825
15
2466
5150
10
2
5
1
1427
17
0
119910
3545
7741
73
9417
32411
10
18
4
14
12
6
1
9
165
146
36
5
54647
680
51
50
109
157
7
2
27
40
17
6
29
129
16
37
2
1
10
2:1
6
5
2
726
29
0
133
63
0
16280
4654
3093
10208
8793
1352
78
1062
1101
0
532
5
4
2:1
16
28
1
2
39
47
8
27
19
40
37
3
1
90
9
1
30302
9944
34
26
64
176
100
59
30
511
125
1
46
263
12
31
25
17
77
44
81
49
226
2
9
24
33
2:9
41
92
11
47
17
9
12
5
17
4
21
186
87
212
159
4
13
18
19
13
6
3
14
15
22
1
30
42
14733
186
8
2018
9722
2:1
81
18
51
12
102
14
64
26
75
35
30
22
52
9
36
2
4
18
1
47
133
138
8
2:1
18
21
1
58
-489220
10
151
127
10
5
166
0
742
10
95
94
17
180
165
20
69
54
84
277
219
71
19
0
17
22
207
393
0
17
122
22
130
80
90
0
229
102
175
135
165
236
0
368
14
104
0
106
143
69
102
438
0
24
11
41
11
80
128
75
328
5
32
272
66
47
301
16
36
12
84
194
252
180
0
195
36
218
77
14
323
0
249
15
169
53
145
181
0
50
31
1
47
67
0
65
156
29
117
56
8
139
0
189
194
37
75
699
54
627
0
84
268
139
205
216
283
0
24
31
562
53
27
39
73
506
690
0
112
64
30
14
49
175
73
222
315
585
116
142
649
26
50
73
177
44
23
42
46
43
15
0
1
0
16
24
183
16
192
39
32
4
81
15
96
7
54
0
161
73
591
103
0
435
62
0
60
71
100
161
2:35
46
101
0
75
350
13
112
0
505
194
58
1
32
121
97
150
53
190
1312
114
23
70
64
80
0
53
40
841
84
210
17
231
249
77
49
5
2
102
109
56
194
118
160
3
166
226
12
66
45
74
52
23
291
18
50
18
142
125
0
94
38
141
476
48
0
608
295
0
306
98
0
74
281
151
29
113
99
146
62
319
476
245
0
54
42
46
34
32
152
1
42
35
21
45
38
93
31740
9
30
113
13
55
156
4
61
4
1361
50
27
150
5
88
106
0
125
283
7443
3442
1372
5260
0
2325
3220
1515
7
382
12139
3485
1389
422
3927
872
2658
8086
6
2821
1825
34
1514
1916
1053
3107
7
2:1
12
4954
530
115875
3543
7709
59
4
47
40809
1056
158
50
63
1
76
15
54669
0
816
165
120
34
223
77
719
6
8001
35367
83
2056
143
1683
3
9
20
71
47
0
47
2
3
1
0
37
3
43
32
31872
8372
428
1053
83
107
73
68
82
209
0
53
88
120
0
539
285
18
69
14860
86
1973
9972
96
5
49
104
161
63
0
69
4
72
182
10
1427416800
599:0
1
409:0
5
1
5
-1
177
-160
-2
-18
122
90
-213
43
-38
21
38
-64
1
11753
-11748
-6
14
229
1757
-1885
-102
5
-14
-4
169
-163
85
-90
-1
2
-1
62
-33
-29
43
-43
79
-79
25
237
822
-1084
6
16
-3
3
-18
1606
-1553
-26
-33
1
17
-5
35
-42
26
-27
-4
47
-27
-19
104
-103
244
-234
8
1
-2
11
-26
-4
595
-405
-12
-161
87
-87
-16
-2
10
-7
50
1185
-1232
29
-27
26
-30
17
-18
4
-6
14
-14
36
-25
-1
167
-155
-1
234
-255
31
-25
-4
2:-1
109
-54
-33
1605
-1624
11
113
-125
9
823
-512
-322
133
-108
-8
-15
4
1
66
-73
122
-16
-99
-8
6
2:2
-3
0
-3
7
2
-7
4
38
-48
11
39
-45
59
-37
1407
-1426
297
-297
405
-354
-37
-7
54
611
-679
19
64
229
146
-454
94
-95
11
21
46
-73
-5
45
-45
5
6387
-6391
26
907
-932
31
-28
7
5
39
217
-272
-3
-1
16
160
-138
26
-62
1009
-974
-18
261
-206
-74
309
-280
-6
-3
-19
231
-190
31
9
256
-338
56
-19
252
-269
88233
-88246
4598
-4497
-108
14
17
-18
37
3
-10
26
-32
-38
239
-199
354
-384
2:14
-32
30
-32
-2
41
-41
-1
14
633
-648
13
-8
2
-4
31
382
-415
2
266
-225
58
-101
395
-183
261
-422
30
-72
2204
-2189
-23
2139
-1784
-328
12
-34
11259
-9242
-2022
74
-74
8
-7
80
-79
82
-35
578
-613
-13
7
-2
26
-2
2106
-1751
-378
121
27435
-27562
-1
15
10
1270
-1296
4
2
-4
4
2
-9
336
-334
244
-241
-1
81
-46
35
86
-110
1613
-1462
-160
-33
4
-10
-1
124
1076
22741
-23904
2456
1435
-3915
-13
8
30
-29
81
-88
64
-64
14
7233
-7242
4188
-4116
294
620
-994
2:8
-7
-8
4
5
-2
6
1481
-1467
-12
15
-28
6
3715
-3189
-425
-109
3
-4
2
6
1705
-1228
-314
331
-500
293
198
-482
73
-84
45
360
-401
10
24
47
4138
-4208
627
-634
186
-107
-80
1311
-1233
325
-395
242
4738
-4781
-196
-18
1
4
963
-881
31
-118
8
99
-106
1
-2
1
27
-28
39
-35
-2
9
30929
-30924
15
244
-272
0
14
178
203
-373
8138
-8119
-40
0
1418
-1399
-17
32
-26
7
-11
9
1401
3326
-4696
-46
-1
47
-34
396
-410
13
93
-106
15
16
471
-499
29
-28
10
-7
3533
-3494
66
-100
882
-852
-40
17
4
-13
13
-6
-13
109
-94
-3
-15
7
109
-102
33
8
131
-163
-23
-1
10
27
-20
27
3582
1575
-4556
-638
-5
5220
-5189
921
8073
-3947
-5060
61
1042
-1116
1
37
157
-120
-81
24
-9
-16
2
799
491
-1287
8
-5
0
-2
19
-19
1203
-1005
-201
4708
-3980
1295
-2025
162
421
1433
-1938
949
-294
-714
-8
1669
-1669
60432
-60432
0
19
-31
9
-6
4
128
-120
-12
-1
397
-266
-130
27
-27
9408
-9250
-159
260
-258
29
19
292
-342
9491
-9216
-52
-196
-17
1376
-1375
467
-435
-10
-8
37
-36
224
250
-499
38
-7
-32
14
1
159
-133
-39
48
1116
4694
-5858
6
-5
-2
-4
-3
1
-1
3
1
-4
1
3
-3
1
-2
4
-5
1
2
-3
5
0
-2
-1
0
-1
2:1
0
-2
-1
3:0
1
3
-4
3
0
-1
3:0
2:-1
1
2
-3
3
0
1
-4
2
-1
3
2:-2
2
-2
2
0
-2
4
-3
-1
0
2
-2
4
2:-1
3
2:-2
3
-3
1
-2
2:0
2
-2
4
-1
0
1
0
-4
2
-2
0
1
3
-3
0
-1
3
0
2
-2
-3
1
0
1
-2
0
4
-4
4
1
-2
-1
-2
0
2
1
0
1
-2
-1
0
3
-2
0
-1
2:0
2
-2
3
-1
1
0
-4
4
-1
-3
0
4
-2
-1
3
-2
-1
1
2
1
-5
2
-2
0
2
1
-2
1
0
2:-1
2
0
-2
1
2
2:-1
3
-1
-2
2
-3
0
1
2:2
-5
1
0
-1
2
-2
3
-2
3:0
2
2:-1
0
2
-2
-1
1
2:0
3
-1
-2
3
2:-2
0
5
-2
-3
0
5
-5
2:0
2:2
-2
0
-2
3
-2
-1
2:1
2:-1
0
2
0
3
-4
3
-4
3:0
1
-1
0
1
3
2:-2
4
-4
1
2
0
-1
0
2:-1
0
1
3
-3
0
3
-3
1
-1
2
-3
2
1
-1
-2
5
-3
-2
3
0
-3
2
-1
1
-1
2:2
-4
-1
5
-3
1
-2
0
-1
4
-3
-1
2:2
-3
1
2
-1
2
-3
-2
5
-2
-1
1
-3
5
-3
-2
2
1
2
-4
0
3
-4
2
2:0
-2
3
2:0
2
-3
0
3
2:-1
-2
2:0
3
1
0
-1
1
-1
0
2:-1
1
-2
2
0
-2
0
4
-4
4
-3
-1
2
-2
2:1
-2
2:0
2
-1
2
-3
0
-1
1
-1
2
-1
2:0
-1
0
1
4:0
2
1
-3
3
1
0
-4
0
3:1
-3
1
2:0
-2
0
5
-2
0
1
-3
1
0
2:-1
4
-4
2:1
0
-1
2
-2
-1
0
1
-1
1
3
-3
2
2:0
-1
4
-4
0
2
0
6
-8
2
0
-1
3
-4
2
139
-141
0
1
18
6
-10
-13
2
20
-23
10
-9
11
-12
-1
2:0
10
-9
1
9
-11
2
-2
4
-3
7
-7
-1
2:0
7
-7
1
2:2
-5
2:2
-4
2:1
-2
2:0
4
-4
2:1
-2
0
1
-1
0
6
-6
2:0
4
-4
12
-10
6
-7
-1
0
2
-2
9
-9
1
5
2:-1
-4
2
-1
0
-1
3
-2
5
2:-3
3:0
12
-12
2:0
1
-1
0
10
-10
1
11
-12
0
9
-9
0
15
-8
-7
2:1
0
-1
1
-2
0
1
4
2
-6
-1
0
3
-2
-1
1
0
3
-1
-3
2
5
-7
0
2
-2
1
6
21
-28
42
-41
23
-21
-1
1
-3
3:0
1
8
66
-72
-2
-1
3
5
-1
-6
0
5
-4
-2
58
-58
2
-2
2
1
-2
13
-7
-6
-1
2
0
-2
2
12
-10
31
-35
58
-54
0
7
-1
-10
12
-9
1
6
-10
14
-14
10
-2
5
-12
9
-8
60
-55
1740
-1747
89
-63
-26
3
1
-4
10
-1
-7
4
2:-2
15
-15
26
-23
-4
3
-3
5
-5
0
16
-17
2
-2
110
-110
3
-2
7
-8
10
0
-10
4
59
-60
17
-20
4
21
-23
1
-3
1
55
-47
-9
5
12
-13
-3
1
540
-478
-61
7
-9
3
-4
1
0
8
3
23
-34
-1
3
-2
11
-9
70
-20
-49
-3
319
-315
-5
2:3
50
-56
1
2
-3
5
2:-1
26
-28
-1
2:1
18
-10
1
-3
-4
119
-63
-53
-5
1
2:-1
1
93
708
-790
38
115
-164
-2
3
-3
0
17
-17
11
-11
5
259
-262
629
-627
83
-87
3
5
-6
2
-1
-2
-1
0
1
100
-101
3
7
-7
-2
188
-132
-50
-7
3
-1
-2
5
49
34
-88
4
0
49
76
-123
4
-9
4
2
-7
9
8
-8
132
-136
35
-40
11
9
-17
32
-14
19
-40
51
4
-38
-16
-1
0
2
84
-82
22
-24
11
23
-35
-1
3
-1
1
-2
2
3
-6
2
196
-198
7
17
-24
0
7
6
-13
8
571
-578
-1
0
23
-23
0
2:2
-1
-2
2
4
123
-129
-1
2:0
8
2
-9
8
-7
-2
8
-3
146
-150
12
-9
-4
3
0
10
-3
3
1
-12
4
-1
0
-5
11
-1
-10
9
-5
-2
0
-1
9
-8
4
0
9
-14
-1
1
0
3
-1
3
25
135
-148
-18
2
228
-219
88
499
135
-728
0
220
-222
0
2
5
6
-13
0
2
-4
2
40
208
-250
3
-4
5
-5
15
-15
1
19
-15
3
13
22
-43
58
28
141
-222
-5
26
-16
-10
30
-29
375
-372
-4
12
-12
2
-2
0
18
-15
-3
5
27
-26
-6
9
-9
88
-71
-17
12
-9
-2
17
-12
-4
34
4
25
-62
1
43
-47
35
-34
1
2
-4
3
59
135
-196
7
-3
-5
2
-2
13
-10
-3
2:0
75
-75
3:0
1
-1
10:0
1
-1
3:0
1
0
-1
5:0
2
-2
24:0
1
0
-1
23:0
1
-1
17:0
2
-2
7:0
1
-1
1
-1
3:0
1
-1
15:0
1
-1
1
-1
4:0
1
-1
4:0
2
-2
1
-1
2:0
1
-1
8:0
1
-1
1
0
-1
2:0
1
0
-1
0
2
-2
2:0
1
0
-1
1
-1
13:0
1
-1
5:0
1
2:0
-1
5:0
1
-1
2:0
3
-2
-1
4:0
1
-1
3:0
1
-1
13:0
1
0
-1
1
-1
4:0
1
0
-1
11:0
2:1
0
-2
1
-1
6:0
1
0
-1
1
-1
5:0
2
-2
3:0
2
-2
0
1
-1
3:0
1
-1
2:0
1
0
-1
8:0
2
-1
0
-1
0
2
-1
0
-1
2:0
1
-1
1
-1
0
1
-1
0
1
-1
2:0
1
-1
6:0
1
-1
3:0
2
-2
2:0
1
-1
2:0
1
-1
4:0
2
-2
8:0
2
-1
0
1
-2
2
2:-1
8:0
1
0
-1
3:0
1
-1
14:0
end
