v1
1003
56
687
237
248
1
104
191
74
199
121
46
119
79
302
228
56
22
28
332
1105
140
165
73
59
93
202
159
32
2
102
98
416
39
136
169
391
10
136
58
307
573
70
408
3
14
28
616
19
148
221
313
87
89
53
33
194
63
79
153
136
62
32
756
385
297
25
71
54
137
341
207
5
176
54
339
47
22
57
31
778
106
135
364
32
25
369
217
64
73
48
233
2
44
11
361
198
73
123
275
16
93
428
52
116
73
313
72
8
109
172
360
12
71
24
1
18
12
26
82
14
7
110
7
0
9
1
23
95
73
9
74
40
19
64
30
35
32
25
38
144
118
111
336
173
120
225
391
133
314
39
116
104
42
138
54
121
141
85
101
41
198
61
146
22
265
156
285
299
15
31
2
83
70
229
41
516
187
712
96
192
109
23
60
186
191
165
2
24
344
75
50
1009
229
62
51
152
38
42
128
126
15
147
227
206
712
184
412
3
37
175
191
8
11
32
552
54
47
31
25
5
144
3
88
153
39
20
5
20
3
125
68
5
9
142
350
264
189
31491
7
22
9
43
244
3
44
85
88
196
36
8
22
1152
160
19
71
166
28
37
9
272
3029
2211
328
1553
3073
2067
10816
2650
811
3955
11922
2988
4449
0
2
10917
6328
3138
2
1433
123472
7741
9490
32425
18
9
24
356
5
54647
890
59
98
7
2
27
57
6
12
1
16
145
37
2
11
2:1
6
5
757
102
3539
9355
3480
17955
7980
2243
1727
968
3
2
6
16
29
2
39
19
28
46
8
9
68
3
1
99
1
40057
223
26
43
21
176
69
212
544
1
296
81
17
202
24
253
9
57
2:9
41
78
25
73
17
3
9
30
273
375
13
50
6
17
15
22
73
14733
194
2005
13
9722
2:1
81
69
12
73
29
14
92
15
58
87
52
45
24
220
49
50
8
2:1
70
-489186
4
71
80
30
199
130
94
392
64
113
49
89
50
35
4
9
8
18
52
110
92
10
60
92
8
130
56
58
109
126
70
153
14
1
76
282
338
114
6
3
4
21
0
56
412
4
182
107
53
99
217
58
155
205
70
29
340
45
124
47
10
31
103
55
6
40
182
11
67
9
176
43
75
81
86
17
2
13
67
24
83
25
12
101
8
12
161
50
103
89
265
0
194
51
308
0
73
61
47
219
0
3
31
18
33
0
37
151
249
14
72
32
29
7
30
54
25
15
13
168
30
116
298
23
238
79
51
95
56
10
156
44
2:160
64
48
31
7
18
103
127
0
144
135
172
113
105
64
99
182
659
210
5
118
123
99
196
85
140
357
62
20
180
151
24
154
123
4
93
163
66
266
158
0
75
100
64
29
165
342
9
219
77
166
90
94
149
22
139
35
46
117
222
14
0
19
319
7
128
43
10
4
23
15
53
2:6
19
62
11
2
16
6
20
7
1
46
2
23
122
5
14
0
90
69
29
25
36
57
0
21
28
31
66
0
35
3
28
43
2:7
96
69
0
113
129
172
26
52
216
192
221
8
62
35
86
10
123
138
2
74
40
52
108
883
199
320
38
15
44
170
46
98
275
6
185
259
173
91
402
114
85
79
125
1
40
12
806
139
173
5
17
312
105
6
106
29
55
102
109
29
57
85
38
41
278
268
62
77
66
119
0
44
1
13
0
5
143
148
186
40
271
76
195
48
110
125
122
435
0
63
99
2
283
10
28
209
10
0
105
11
326
215
21
4
12
64
4
46
0
96
0
73
0
51
22
16
98
170
49
72
452
92
28
7
0
4
213
1
6
102
0
47
148
2
14
85
8
39
109
7
60
4
149
11
4
31401
13
2
73
152
33
53
4
45
19
13
88
117
5
2
8
1
155
1008
0
57
7
0
160
10
92
80
0
118
9
67
7413
3109
691
2
1022
348
1
2467
3794
1322
15644
790
830
4874
2605
2616
0
2668
8075
2:1
0
5
4661
2466
474
0
509
4160
1
7
17
1414
34
3502
11948
104456
3544
7717
51
47
4
41723
101
10
33
15
16
79
46
40
10
7
56
1
76
0
15
27
11
6666
4333
25036
19327
9
29
0
12
35
54
13
7
91
105
73
45
53
44
46
11
2
10
15
83
643
0
43
182
17452
1186
2296
3093
19001
165
82
2056
133
10
0
46
1431
204
4
3
27
66
50
2
11
14
24
0
3
32
31
7
34
3
9
8
29
2:5
4
30308
1513
8431
400
89
49
462
133
279
23
0
162
0
88
86
226
205
72
5
46
9
198
13
40
167
211
89
5
36
68
55
14700
205
37
0
11633
166
14
64
88
62
19
4
6
26
96
7
0
7
30
121
45
39
1
25
12
81
133
6
69
8
1427314200
399:0
1
602:0
9
520
-519
-1
44
-5
-22
-15
129
-132
61
10700
-10762
33
120
1574
-1678
122
-120
143
-173
105
-123
-1
0
113
-114
21
-21
1488
-1313
-124
-49
116
-119
43
19
-62
846
-751
-20
-13
-61
2
18
-19
2
0
1995
-1885
-63
-49
119
-98
36
-54
48
113
-165
57
-17
543
-559
1450
-1421
-53
4
-3
0
281
-238
1
-27
333
-136
-214
54
805
-859
28
24
13
-19
-44
56
-1
-58
32
-33
134
-130
24
-25
53
425
-479
42
311
-192
-162
0
22
994
-983
-32
34
-34
592
-510
-79
-3
27
2080
-2105
52
76
-92
47
-23
-5
-55
0
238
-2
-240
271
-220
110
-118
976
-825
-190
247
28
-278
538
-445
-90
24
0
109
-107
84
618
-590
-109
-33
888
158438
-147211
-11967
-116
86
-80
-14
40
-8
94
-111
120
-123
47
-50
-33
96
-17
-78
81
-80
131
200
-213
-2
-92
552
-576
240
-241
67
-63
376
93
-473
2
2420
-2334
157
-228
68508
-63678
-4779
-68
109
273
-381
224
-201
22
2538
-2217
-252
84427
-84466
528
-570
375
-274
-132
83
-22
-61
3960
-3849
248
400
135916
-136629
-48
4991
-11
-4752
-229
60
-22
-35
19
5190
-5211
6393
-6394
1211
-239
-970
35
-34
-3
2139
-2119
5527
-4876
-478
-191
-2
2
480
-445
309
-158
399
-565
308
-195
-135
150
-119
25
462
-515
1915
-1543
-197
-47
1016
-900
-248
674
-473
1751
-1094
-782
375
-381
176
-2
-137
-39
-7
-10
41507
-41516
168
139
4739
-5084
744
-744
49
99
4497
-4485
-102
-60
121
-102
-18
141
-118
8
146
-180
778
-675
-99
2:0
56
3
-62
242
-96
-144
28
355
-331
-51
34
144
-75
-67
380
-395
-25
31
-29
41934
-33967
-7912
1043
-927
4724
-4895
279
14769
-6786
-8222
770
-784
-3
5
14
18
-57
-5
3
158
1213
-1371
0
36
86
-124
395
1073
-1401
542
23470
-24039
-21
207
362
54570
-54963
-59
-80
-20
838
-874
855
-646
-189
59
3165
-3174
-20
-18
-32
176
-158
9452
-9051
-280
-56
345
-427
0
316
-315
0
21
139
403
-379
-145
-9
29
1440
-1478
98
28999
-29083
-45
4
-2
3
-4
-1
1
3
2
-5
-1
14
6
-17
-3
24
-11
-12
-1
24
-21
-3
2:1
-1
6
-6
5
1
-6
0
1
-1
2
9
-7
-5
6
-6
3
-1
3
-3
-1
2
9
6
-13
-5
5
-4
0
20
-19
-1
1
4
1
-7
2:1
2
-2
2
-3
2
-3
1
4
-1
-4
1
-1
0
1
3
-4
0
2
21
-17
-5
3:0
-1
2
2:-1
3
-3
2
-1
5
-3
0
1
-1
0
17
-18
1
21
-1
-6
-16
-1
0
1
0
4
0
-2
0
12
-12
-3
3
-2
14
-14
2
3
-4
5
-6
1
2
-3
3
-2
5
13
-5
-11
-4
3
17
-17
-3
2
-2
1
-1
0
22
-21
2
21
-21
-1
0
5
-6
0
1
2:-1
6
-5
4
-5
7
9
-15
2
9
-10
-2
15
-13
3
-1
-3
1
-2
5
-5
3
-3
3
4
-5
-2
0
1
0
2:2
-1
10
-9
9
-10
-1
0
-2
-1
7
-4
-2
6
-7
7
-6
1
20
-18
-3
-1
3
16
-17
2:1
-1
1
12
-10
-5
15
-10
-4
1
-2
-1
6
-3
-1
0
-1
16
-12
-4
3
0
-1
2
0
9
-7
10
-16
0
1
-2
3
2
-2
0
3
-4
-2
5
-2
17
-8
-9
15
-16
-2
4
-2
2:2
10
-15
11
-11
0
5
-2
-4
19
-17
2
2:0
-3
0
2
-3
3
-2
12
-11
23
-24
-1
6
2:0
10
-11
-2
13
-11
19
-24
2:1
-1
2
-2
3
-3
-1
1
15
-14
-2
16
-10
2:-3
2
2:1
-3
15
-13
0
2
-5
0
4
-3
3
0
-1
0
-2
2
1
-3
2
-1
2
-2
1
2
-4
12
-9
-3
11
-9
0
10
-12
-1
4
3:-1
1
0
17
-19
7
0
-1
-2
2
-3
-2
1
-2
4
-2
2
-3
1
-1
0
2
10
-7
-1
16
-21
2
-2
0
3
1
9
3
-16
7
-7
17
2
-16
20
-23
2
3
-5
0
1
5
-2
-1
17
-18
-1
3
-3
1
0
13
-9
-5
0
1
-2
14
-13
2
19
-19
-2
1
4
-6
3
2:0
18
-7
-13
0
1
-1
3
-4
1
2
2:1
9
1
-13
-1
5
-4
4
0
7
-6
-4
-3
0
16
-12
-3
0
16
-16
-1
16
5
-17
-3
14
-13
-1
6
5
-11
5
-5
2
-1
1
0
-3
1
2:0
2
-2
2
1
-3
-1
4
20
-1
-21
-2
7
-4
2:-1
17
-15
13
-10
8
-10
2:0
-4
5
-3
-2
16
9
-3
-17
-5
14
-9
-3
1
13
3
-15
-2
18
-20
1
6
-1
-6
6
-5
1
4
9
-15
0
3
-1
2:1
-4
0
3
11
1
-13
1
13
-9
2:-2
-3
6
-5
1
0
-1
4
13
-12
12
-13
-3
-2
17
-17
5
19
-22
3
-4
15
9
-24
1
-1
5
-5
1
3
0
12
-15
4
-6
19
5
-17
2:-3
1
-1
1
-1
23
-23
2:0
2
0
15
-18
1
2
0
1
4
2:-2
2
-2
1
-1
2:0
4
151
-154
-1
14
3
-2
-11
-4
22
-21
-1
3:0
17
-15
2:-1
0
10
-10
3
-3
3
-3
11
-11
3
2
1
-6
0
2:1
-2
1
-1
23
-23
6
-6
2:1
0
-1
6
-6
-1
3
-3
0
3
15
-15
-3
2:1
-2
6
-6
0
1
20
-5
-16
6
2:-3
0
4
0
-4
1
5
2:-3
3
-3
1
-1
8
-8
0
7
-7
5
31
-24
-11
-1
4:0
1
0
133
-130
-1
0
-2
68
-68
6
-4
-1
12
-12
0
1
-2
2:0
1
27
-28
7
-7
82
-59
-22
1
10
-12
12
-13
3
-1
1
5
-8
12
9
-10
-4
-7
73
1779
-1736
-89
-26
-1
10
-6
4
-4
2
1
-5
0
11
-12
0
13
-14
1
13
-9
-4
63
-64
8
-3
9
-13
59
-59
12
-11
38
-40
1
-1
55
-51
9
-11
575
-430
-144
-2
6
22
-28
10
-11
4
89
-53
-38
456
-458
51
-47
29
-32
2
16
-7
-11
165
-108
-53
75
886
-956
-10
63
94
-157
0
10
-6
-4
11
331
-340
499
-501
4
64
-66
1
-3
4
92
-96
199
-143
-47
-7
-1
1
56
-55
72
-30
83
-125
12
-6
-8
10
2
7
-14
-5
40
-41
8
9
27
11
-55
32
8
9
-31
-14
80
-81
5
-1
25
-31
-1
6
249
-250
18
-23
401
-401
13
-13
6
-1
155
-156
9
-13
12
-10
1
-1
4
-3
16
-19
135
-108
-25
-1
3
8
5
-3
-11
0
-3
2
-1
7
-6
3
4
0
-2
-7
3
-2
3
-4
30
136
-166
12
-12
191
-191
59
773
-191
-638
118
-121
5
-5
0
11
-8
0
-3
24
146
-170
1
23
-10
-13
21
15
4
70
234
-342
-3
23
15
313
-350
0
13
-10
26
-28
38
-33
4
-10
81
-70
-11
8
-7
2
-1
54
-27
42
-65
17
-24
0
40
-37
-1
9
38
79
-120
-6
16
-16
0
-2
0
77
-77
0
1
-1
8:0
2
-2
1
-1
0
5
-5
2:0
1
-1
0
1
-1
3:0
1
-1
1
-1
2:0
3
-2
-1
3:0
1
19
-20
5:0
1
-1
6:0
2
-2
2:0
2
-2
6:0
3
-2
-1
18:0
1
-1
1
0
-1
1
2:0
-1
4:0
3
-2
3:0
-1
2:0
1
-1
2:0
1
-1
3:0
1
-1
0
1
-1
1
-1
1
-1
0
1
-1
2
-1
2:0
-1
0
4
-4
6:0
5
-5
2:0
1
-1
11:0
1
0
-1
0
2
-2
4:0
1
-1
4:0
2
-2
0
1
-1
8:0
2
2:-1
2
0
-2
4:0
3
-3
4
-4
0
3
-2
-1
2:0
3
-3
0
2:1
-2
10
-7
-3
0
2
-1
0
-1
4:0
2
0
-2
1
-1
1
0
-1
2:0
3
-3
10:0
1
-1
2:0
3
2:-1
2
-3
4:0
4
-4
2:1
-2
0
1
-1
0
2
-2
1
-1
1
-1
3:0
2
-2
2:0
1
-1
2:0
1
0
1
0
-2
5
-5
2
-2
4:0
1
-1
4:0
1
-1
1
-1
1
-1
2:0
2
-2
4
-4
3:0
1
-1
1
2
-3
1
0
-1
0
1
-1
1
-1
2
-2
1
-1
0
4
-3
-1
8:0
1
4:0
-1
3:0
3
-3
0
1
0
-1
2:0
3
-3
4:0
6
-5
-1
7
-7
4:0
1
4
-3
-2
2:0
3
0
-2
-1
0
1
-1
3:0
2
2:-1
3
-2
0
-1
3:0
1
0
-1
0
1
-1
2
-2
8:0
1
2:0
1
-2
6:0
3
0
-3
1
4
-5
2:0
3
-2
0
3
-4
3:0
5
-5
2:0
3
-3
0
1
0
-1
0
2
1
-3
3:0
2
-2
2:0
1
-1
4:0
1
-1
1
0
-1
0
1
-1
10
-9
-1
4:0
1
0
5
-2
-3
-1
3
0
-3
3
-3
0
7
-3
0
-4
1
0
-1
2:0
2
-2
2:0
2:1
-2
3:0
1
-1
2:0
8
-8
0
1
-1
4:0
1
-1
2
-2
2:1
-2
1
-1
2:0
1
0
-1
2:0
4
-4
0
3
-2
-1
1
-1
0
3
-3
1
-1
2:5
-10
2:0
2
-2
3:0
2
-2
2:0
3
-1
-2
6:0
5
-5
9:0
end
