v1
1007
518
66
159
486
31
21
187
56
14
222
204
84
35
51
140
123
67
171
57
56
22
28
118
221
192
122
7
165
59
170
95
186
102
157
148
275
152
159
136
98
87
45
57
266
136
135
34
19
48
334
129
65
103
163
41
360
146
67
278
61
156
399
156
124
113
19
349
68
30
33
54
262
72
185
79
57
139
93
183
104
210
353
110
275
148
245
38
16
106
160
2:212
230
59
280
47
18
4
57
31
778
88
18
135
221
145
30
55
244
95
217
64
339
17
28
288
1
99
198
73
11
16
2
94
106
169
16
212
337
24
288
294
59
526
27
29
45
6
32
25
18
4
8
7
19
77
2
3
14
7
117
6
4
118
82
74
59
2:7
80
20
15
38
19
38
17
82
163
139
308
129
44
120
225
414
110
304
10
33
1
5
116
159
179
121
201
126
41
259
248
185
129
79
202
31
299
0
15
31
2
66
17
70
163
66
41
423
93
12
175
9
41
662
96
199
19
83
71
22
7
360
56
109
2
24
344
75
50
991
247
33
29
18
179
6
80
128
57
69
7
114
0
41
433
609
2
77
24
184
245
207
175
70
0
129
11
32
43
105
215
22
67
100
54
47
53
3
5
127
108
153
59
5
23
125
68
5
9
142
106
312
41
92
63
155
34
64
28
51
31355
6
4
12
9
290
44
173
36
48
112
36
8
22
1152
179
71
104
62
18
10
37
9
3301
2211
328
1553
3764
1376
10816
2650
811
4
3951
11922
7437
2
4
8087
3708
958
2466
5150
12
6
1427
123472
7741
73
9417
32411
10
4
18
14
19
9
2
163
73
109
5
55327
2:105
59
98
7
2
27
57
6
12
17
145
27
10
2
1
10
2:1
6
5
2
726
53
172
12800
3480
4654
0
3093
10208
7980
813
1352
78
0
1062
665
436
330
202
2
0
3
4
2
16
28
1
2
39
47
10
36
8
40
37
3
1
43
47
4
0
5
1
30302
1513
8465
26
64
176
69
31
59
666
1
296
13
43
25
17
121
0
81
275
2
9
57
2:9
41
103
73
2:17
25
226
259
163
13
50
6
17
15
22
1
72
14733
186
8
0
28
1990
9722
2:1
81
4
0
14
51
12
94
8
14
55
9
26
75
46
41
52
45
2
21
2:1
47
89
44
39
49
50
10
17
6
17
0
-489155
74
197
20
192
406
35
75
64
67
248
42
18
3
23
26
52
58
162
3
41
48
318
17
68
321
121
238
297
35
12
75
22
101
91
8
461
10
234
43
62
0
127
0
38
58
0
5
145
341
2
26
29
73
28
52
61
82
265
50
5
149
216
56
11
24
128
21
54
21
115
24
26
55
124
22
33
91
181
0
5
45
8
36
67
5
27
182
48
84
245
72
62
76
86
12
113
68
58
171
24
51
7
19
76
86
263
224
40
13
24
0
43
20
69
12
557
227
157
0
192
11
8
75
39
179
49
22
37
256
384
190
95
105
163
501
210
78
52
58
0
31
466
28
33
135
85
65
151
170
46
84
33
10
77
84
94
96
301
185
89
150
183
79
64
44
49
75
71
120
74
47
83
221
108
111
77
256
94
149
142
144
355
4
25
125
20
2
116
3
179
74
58
0
31
17
31
12
20
0
6
7
72
151
78
26
45
10
59
21
52
5
139
7
200
36
192
37
263
52
20
79
600
35
86
10
117
144
70
302
0
173
42
39
99
210
423
64
44
207
5
19
667
23
124
199
37
240
91
235
167
199
390
628
217
47
64
34
0
7
322
105
183
13
102
56
37
16
29
57
85
357
473
119
35
2:14
401
66
10
84
6
105
55
23
54
0
303
229
6
126
494
0
137
45
202
10
52
254
1
100
0
403
97
3
12
48
82
99
0
124
239
31
28
8
141
240
40
45
107
52
56
4
15
17
200
1
155
95
10
1
42
88
13
8
21
64
38
17
8
52
57
122
32
3
31370
79
46
70
45
4
29
26
38
242
40
9
0
109
1054
56
8
170
100
190
2187
3782
4629
2063
12320
1149
1553
8206
9099
3
1741
0
3540
8018
10
43
4
1
2
16
2809
1825
3464
4160
8
1431
30
4
4033
11417
104456
3544
7768
51
41792
73
17
6
12
28
3
78
10
4
114
72
19
27
11
0
10999
43632
0
772
9
35
162
108
49
1
23
52
46
47
53
6
0
52
53
0
672
14
12
61
40
34304
8141
817
82
2058
1824
6
7
10
9
21
108
14
24
3
1
69
34
3
51
40261
338
151
250
184
77
213
227
157
15
134
25
64
22
417
31
253
590
13
14772
227
2
1973
9862
207
4
34
11
4
57
98
39
19
0
76
39
1
13
12
2:116
7
1
19
42
0
38
1427327400
499:0
1
506:0
637
-554
-62
75
-81
34
16
9
-44
-22
22
-20
11621
-11607
-12
27
37
-65
256
2597
-2743
239
-348
507
-410
-84
-15
12
-10
289
-290
24
43
-52
11
-13
61
-29
-7
24
-62
12
-14
8
256
819
-1084
0
2
25
-27
7
86
-85
42
-22
-17
64
-70
-4
42
-32
36
746
-773
154
-171
-1
-2
368
-335
27
-58
26
9
-33
3
56
126
-173
15
-12
-11
458
-437
-27
54
-52
25
34
1997
-2055
192
-182
193
-198
-5
5
32
-32
-4
-2
105
21
-122
2:-1
0
-5
42
-37
44
-26
-5
-12
-5
69
1067
-1126
-3
-4
-3
28
233
-257
337
-283
-52
2
914
-922
632
-631
3
0
25
984
-990
1982
-1995
15
-5
33
-55
25
-2
-23
8
48
-55
37
-28
170
16
850
-906
-119
-20
0
3
0
1037
868
-1844
-60
3
-2
303
-278
67
-93
44
405
-341
-87
856
-514
111910
-112270
1
8296
-8145
-157
6
61
-68
238
-235
297
-261
403
-443
14
19
18
11
-19
-44
92
372
-451
73
-48
-29
128
270
-231
-171
-3
411
-405
-2
884
-808
328
-365
346
187
-567
-8
2245
-2194
-22
431
-457
14230
-12275
-1853
-101
89
-80
111
-118
0
42
-7
2637
-2644
290
-325
57
4
25074
-24594
-541
-1
79
-39
389
-428
93
0
301
-300
1772
-1721
-115
-29
6
18
-26
7
828
39949
-40785
8
5182
201
-5378
6948
-6897
-60
5505
-1069
-4437
44
233
-279
38
-33
-4
8
61
-62
-8
1306
-1303
31
-24
6543
-6550
3
530
-249
-281
436
74
-516
0
143
89
-231
65
-45
76
-73
423
-390
24
6
-19
1516
-1251
-190
1361
-1281
-180
602
-261
4118
-4325
-176
65
573
-635
150
-153
2
4
15
-9
-13
37724
-37715
41
115
249
-396
6368
-6356
-28
392
2262
-2654
-2
9
-9
2
11
208
5106
-5309
-13
17
-20
21
-24
5
113
-61
-41
33
262
-261
-49
1
2
0
7
21
61
-69
709
-727
-5
0
6
-1
28
-13
2
-13
-9
70
-48
-18
30
28
-27
15
11
-59
88
-73
3
-14
-1
3
0
-8
15
7003
-3785
-2491
-742
128
7995
-8098
1346
7688
-4343
-4702
12
-7
1
54
864
-935
3
139
87
-182
-20
-30
16
10
162
1302
-1485
3
-7
17
-9
51
-11
38
-84
3821
-1883
-1815
405
3583
-4088
179
321
92188
-92705
62
-71
1
147
-128
360
-175
-157
-18
1778
-1544
-175
-61
34
-4
4
-55
111
-94
1013
-564
-298
-156
0
11
78
918
3733
-4727
433
-465
169
-131
-30
78
152
176
-338
-62
49
-58
15
59
314
-353
502
-431
733
2615
-3110
-331
-2
3
-22
-3
5
-2
-4
2:-1
5
-2
2
1
-6
1
2
-1
-2
7
-5
-2
0
1
3
-2
-1
5
-3
4
-6
2
3
-3
0
-2
1
-1
0
1
0
-1
0
-1
0
3
-2
2:1
0
4
-5
5
-1
-3
5
2:-2
-3
0
-1
1
2
0
-2
-1
2
4
-6
5
-5
1
5
-3
5
-6
-1
4
-3
1
-1
0
3
-3
-2
7
-5
3
-3
0
-1
3
-3
7
2:-2
-1
2
-3
-1
0
3
-3
1
-2
4
-2
0
-2
2
-2
0
3
-1
1
4
-3
2
-5
2
4
-4
-1
-2
2:2
-3
6
-6
2:2
2:-2
1
0
4
-5
2
-1
0
2
0
-2
2
-4
0
2
-2
0
4
-2
6
-5
2
1
-5
-1
1
3
-2
4
-5
1
2:2
1
-3
-2
2
4
-6
-2
2
-2
2
4
-5
6
2:-3
1
2:-1
0
3
-1
3
-2
-3
7
-7
2
2:-1
6
-2
-1
-2
3
1
-5
3
0
2:2
-5
3
-5
2
-2
5
-4
0
1
4
2:0
-1
-5
6
-6
1
0
4
-1
2
-4
-1
0
-1
2:0
5
-2
1
-2
-1
5
-5
6
-6
2
1
0
-3
5
-3
-2
6
-3
0
-2
2
-4
2
-1
0
1
4
-5
-1
1
4
1
-5
5
-6
4
-2
3
-3
0
-2
2
4
-5
1
-2
1
2
0
-1
3
-4
1
-1
0
3
0
-2
2
-2
3
0
-2
-1
0
-1
3
-3
1
2:0
2
-1
3
-6
2:0
2
3
2:-1
3
2
-7
-1
1
5
1
-1
-4
3
-5
6
-5
2:0
3
-4
7
-6
4
3
-6
-2
4
1
-4
3
-3
0
3
-4
7
-2
-3
0
5
-4
-3
0
5
-3
5
-6
1
6
-6
2
-2
-1
0
4
-2
3
-5
0
-1
5
-5
3
2
-1
-2
2
-1
-3
3
-2
1
-1
2
-2
3
-3
0
-1
1
2
-2
5
-1
1
-5
-1
7
-5
-2
4
-2
0
-1
4
1
-2
3
-4
0
-2
1
0
-1
3
1
-5
3
1
-3
0
6
0
-6
-1
0
2
-2
2
4
-5
0
-1
7
-1
-4
-2
3
1
-3
2:0
1
4
1
-4
-2
0
6
-1
-5
0
4
-5
2
-2
6
2:-2
4
-6
3
5
-7
2:1
0
-1
-2
1
-1
7
-1
-2
-1
2
-2
2:1
-1
-3
-1
8
-4
-1
-2
2:0
1
-1
2:3
-5
-1
5
-3
-1
3
-2
0
-3
1
3:0
4
-3
4
2:-3
1
2:1
0
4
-4
4
-1
-3
-1
0
5
-2
134
-132
-5
1
-1
1
21
3:-6
-3
-1
1
0
19
-16
-1
-3
0
1
8
-9
1
-1
8
-7
-1
10
-10
1
-1
2
-2
8
-8
0
4
1
-5
2:0
5
4
-9
0
4
-3
-1
2
-1
0
-1
0
14
-13
-1
2:0
3
-1
-2
8
-5
-1
1
0
-1
2
-3
5
0
13
-19
0
7
-7
0
1
7
-7
14
-15
9
-8
0
6
-4
0
-2
-1
11
-5
-6
2:0
2:1
2
-4
6
-6
9
-9
2:0
19
-18
0
-1
1
0
34
-35
17
-15
-2
1
-1
5
61
-64
3
-1
7
-5
0
44
-48
-1
0
1
-2
4
8
-10
1
-1
2
-3
0
2:13
46
-60
-7
-6
2:1
-1
14
-12
2
-4
4
-5
18
-18
12
-12
7
3
-2
-6
58
-57
1732
-1734
-1
101
-84
-17
3
9
-12
3
-3
18
-16
18
-16
-3
1
8
3
-1
-11
-1
63
-59
-3
7
-7
12
-3
-6
-2
2
64
-67
4
-4
23
-20
-4
30
-29
0
-1
60
-48
-9
5
-6
579
-500
-76
-5
6
-2
24
-27
0
13
-10
64
-67
46
-46
-1
0
310
-258
-51
1
-2
3
21
-23
37
-25
-2
0
121
-74
-51
-6
-1
2
-2
2
81
706
-785
-3
60
123
-183
16
-8
-3
285
286
-577
2
93
-95
4
1
-5
2
4
-2
-1
95
-97
7
-8
206
-206
0
54
-50
-2
54
24
-80
4
42
63
-107
7
-4
1
5
-11
30
-24
-3
-1
46
-39
6
18
-2
-30
37
0
13
-36
-15
2
75
-67
26
-35
1
-2
2
2:0
208
-208
0
14
-16
8
521
-528
-1
0
26
-26
5
-3
-2
2:1
3
141
-146
0
7
-7
9
-7
11
-8
4
-4
0
118
-109
-13
1
0
1
3
5
-2
6
-5
-8
2
-4
9
-7
4
-3
0
1
-2
2
-1
-3
7
1
-4
1
-4
-1
16
-16
0
1
-1
1
0
2:1
17
111
-114
-17
0
217
-206
76
269
351
-705
1
3
0
4
187
-197
2
9
-3
7
-4
-8
0
6
26
201
-234
0
-1
0
14
-15
0
23
-22
33
9
-2
55
117
-210
23
24
352
-400
7
-9
2
26
-22
48
-47
2
-7
78
-67
2
-15
0
7
0
-5
2
-1
31
1
43
-76
2:0
7
27
-34
-2
36
-36
3
0
4
-7
52
129
-178
1
-3
3
-3
0
-1
2
23
-24
0
90
-91
1
-1
2:0
1
-1
3:0
1
-1
13:0
1
-1
8:0
1
-1
6:0
1
-1
8:0
1
-1
1
-1
1
-1
9:0
1
-1
1
-1
6:0
1
-1
2:0
1
0
-1
3:0
1
-1
1
-1
18:0
1
-1
6:0
3
-3
0
2
-2
3:0
1
-1
8:0
2
2:-1
13:0
1
-1
0
1
-1
3:0
2
-2
5:0
1
0
-1
2
-2
7:0
1
-1
9:0
2
-2
1
-1
6:0
1
-1
3:0
2
2:-1
6:0
2
2:-1
2
-2
5:0
1
0
-1
11:0
3
-3
1
-1
2:0
1
0
1
2:-1
1
-1
4:0
1
-1
6:0
1
0
-1
1
-1
0
2:1
-2
3:0
1
-1
3:0
1
-1
6:0
2
-2
3:0
1
-1
4:0
1
0
-1
4:0
2
-2
6:0
1
3
-4
6:0
3
-3
1
-1
1
-1
3:0
1
-1
1
-1
0
1
-1
5:0
1
2
-3
2:0
2
-2
2:0
2
-2
1
-1
2:0
1
-1
0
1
-1
1
-1
1
-1
3:0
1
-1
1
-1
10:0
1
-1
3:0
1
-1
0
1
0
-1
2:0
1
-1
2
-2
1
-1
1
-1
6:0
1
-1
2:1
-2
3:0
1
0
-1
1
-1
4:0
1
-1
2:0
2
-2
9:0
3
-3
3:0
1
-1
2:0
2
-2
3:0
1
0
-1
2:0
1
0
-1
7:0
1
2:0
-1
1
2
-2
-1
9:0
3
-2
-1
18:0
end
