v1
1015
743
443
43
31
21
187
496
119
381
171
57
56
22
853
612
92
340
5
2:295
98
132
459
135
425
10
136
58
880
288
207
53
321
2
86
116
66
148
19
534
229
369
289
497
463
275
431
153
341
442
339
65
4
57
915
135
451
620
121
290
86
275
394
275
16
222
299
52
288
294
109
472
31
29
28
17
38
25
22
8
105
151
118
82
74
40
83
30
35
95
262
85
26
336
173
120
225
414
110
314
39
116
146
138
54
121
141
186
41
259
433
740
48
153
229
41
703
50
758
301
71
389
56
109
2
24
157
187
75
18
32
991
247
33
29
1
372
38
126
7
8
147
433
207
689
452
175
70
121
8
11
32
452
100
54
103
5
127
108
217
23
193
5
151
63
534
206
92
31401
5
22
9
43
291
173
69
127
36
30
1152
179
237
18
10
46
3301
2211
328
1553
5140
10816
2650
811
3955
5782
6140
2988
436
4015
12757
7628
5
1
1427
123472
7741
73
9417
32411
32
33
356
5
54647
731
316
7
29
57
18
17
145
39
12
1
6
5
2
755
21130
3093
20431
454
608
0
665
436
532
9
49
39
47
54
40
37
3
1
31
68
1
40280
26
64
335
666
1
394
202
275
2
9
57
0
2:9
144
73
17
42
273
375
13
50
6
54
1
72
14733
186
8
2018
9723
1
81
4
14
63
116
64
101
35
2:52
45
2
70
172
49
58
2
-489116
2
52
164
24
20
35
10
133
58
179
1
247
75
241
2:69
42
122
138
82
92
5
78
55
78
8
28
9
18
208
177
41
58
82
32
129
77
137
7
14
105
30
27
82
17
39
7
77
29
80
38
21
110
134
4
12
194
136
82
7
312
82
20
19
311
32
130
178
45
109
0
62
46
28
59
112
48
68
101
43
9
294
243
4
19
0
99
43
0
44
39
177
118
15
84
81
67
5
29
48
68
200
61
14
120
8
42
47
190
68
66
79
74
3
7
6
2:18
17
20
22
4
7
65
38
6
172
357
53
24
132
12
74
194
63
127
6
3
29
90
20
178
303
65
75
95
34
55
31
52
55
4
75
135
136
90
204
38
58
166
32
467
117
21
86
69
153
0
27
193
67
17
15
45
33
123
222
28
73
215
117
0
28
60
197
45
67
65
145
55
274
7
88
20
197
37
55
328
44
33
108
49
190
197
93
2
89
111
117
83
28
50
64
10
56
18
28
107
98
0
29
0
402
242
67
220
2
50
66
7
181
42
21
5
0
39
13
6
37
11
8
25
13
23
7
1
51
6
15
110
7
4
2
3
14
10
0
104
45
19
21
50
4
53
2:14
21
64
33
35
3
16
55
14
21
50
2:21
51
178
65
43
74
153
0
79
220
89
221
8
62
35
86
271
14
56
46
118
42
16
27
1
122
184
29
151
320
146
55
139
58
149
5
97
0
150
20
33
138
52
196
6
17
99
78
108
38
5
99
17
142
14
290
36
167
114
54
31
8
12
184
1
52
207
443
111
177
7
178
17
7
188
117
79
360
57
12
4
168
200
89
389
12
77
220
9
48
61
213
26
138
50
44
0
42
53
48
46
0
2:19
47
224
64
53
166
719
2
36
45
20
98
84
2:5
32
205
0
10
136
17
7
497
2:3
25
12
15
11
251
22
29
76
0
167
49
43
54
231
107
20
25
96
11
92
2:11
17
106
62
42
10
70
174
10
1
42
2
14
38
33
1
13
8
39
63
38
8
0
66
3
40
98
24
35
31383
35
183
9
4
28
1
53
2
79
48
42
27
0
23
72
1
0
7
14
112
30
13
995
56
8
17
13
140
40
142
105
126
281
1783
905
2877
1884
2042
1394
5604
1028
2324
1110
3626
8442
0
2466
2831
2274
5738
2139
1385
6
8016
40
29
2
0
5
2821
882
943
22
12
1514
933
474
509
1039
14
3108
7
1465
3502
11948
104456
11312
4
2
45
38185
3646
3
48
6
10
125
40
10
37
26
1
72
4
15
38
36035
19276
136
54
20
59
29
78
45
0
22
17
2:3
13
142
0
3
4
39
10
1
2
3
7
98
643
7
36
6
170
0
6
3445
9355
3480
8925
9030
7980
813
247
2056
2
86
1738
1
2
4
5
11
9
19
1
46
35
17
11
13
1
24
4
65
17
32
1
27
20
4
30308
1513
8372
59
149
151
69
31
43
46
37
12
462
172
41
9
195
5
13
43
25
2
150
30
2:86
153
22
65
27
150
23
8
7
8
5
4
2
3
4
194
3
10
40
259
105
54
90
15
95
13
10999
3861
45
37
4
1973
9735
152
21
64
29
68
36
2
11
108
19
144
130
50
23
110
5
28
22
30
12
26
-488238
3116
225
6374
495
2860
2237
6080
423
4331
6876
92184
2861
240306
119495
1427409600
299:0
1
699:0
1
14:0
31
-2
932
-880
-19
-14
23
16923
-16940
-27
342
1180
-1475
-12
81
-88
-24
0
29
1596
-1605
-25
277
-262
18
2997
-1752
-1268
17
-3
45
166
-212
-16
230
-235
39
123
534
-684
-13
84
-55
-4
438
168
-572
-48
334
-152
326
-384
408
-415
-89
125
-56
-75
-27
58
-56
218
17
-31
-193
-18
66
853
-704
317
-465
-3
337
-391
104
-104
11973
-11975
818
-759
-65
164
-98
1548
-1562
-39
277
-207
348
-423
117
-108
-21
64
63
2245
-2343
-17
297
200684
-195354
-5558
-28
-34
-7
175
-169
146
-134
64
34
-126
378
-352
40
504
-340
-228
63
181
289
1636
-2169
309
-92
-182
-33
8532
-4456
-4050
24
-45
94
-100
686
-386
-155
2338
-1919
-561
114
29247
-27899
-1288
94
-194
-63
227
-236
2672
-2488
-170
-23
331
37159
-30567
6127
-13036
157
5142
-1412
-3837
303
-357
150
198
1159
-1418
-38
4900
-4575
-122
101
3020
-2961
-238
121
-33
-233
-17
-8
37
47
11767
-11321
-163
-249
1109
-1133
189
116
7194
-7199
-388
-16
3243
-3218
319
-245
-96
53059
-53054
5
189
37
140
-359
5116
-4739
1765
-2165
170
5062
-5058
-173
105
-93
-14
-3
10
417
-404
-9
34
86
-121
142
-110
-45
83
-79
92
-19
-39
2
22
11058
-11086
-24
1074
2528
-3071
9107
-9636
641
12277
-5592
-6133
-1040
468
-601
173
3
35
200
984
-1422
53
-17
723
572
-1019
-22
396
7010
-7488
2077
50287
-52488
-52
266
-286
194
1241
11214
-12488
-178
55
-37
6
359
12100
-12042
-241
-197
6
1684
-1441
-249
196
-189
292
256
-550
89
167
-229
-7
71
5043
-5162
-5
1
-1
1
-1
4
-5
2
3
-4
0
5
-4
3
-3
2
-1
16
-18
-1
0
9
-6
2
-4
8
-9
2
-1
4
-5
5
-4
3
-3
10
-10
12
-10
-2
0
5
1
-6
0
1
4
2:1
-8
7
-5
1
17
-18
1
-3
3
14
-14
-2
-1
18
-14
7
-4
6
-11
-2
2
2:0
-2
7
13
-14
-1
-4
-1
0
1
20
-20
18
-17
0
-1
13
-1
-8
7
-3
-1
-2
-5
6
-4
5
-6
-1
2:4
-3
-4
2
-3
5
-5
0
10
2
-13
6
8
-13
5
16
-14
-6
2:-1
1
0
1
5
-2
-3
3
4
0
-6
8
-5
0
12
5
-23
21
3
-17
14
-13
-8
12
-11
3
8
-12
5
3
14
-18
-2
6
3
-4
-6
18
-11
2:-4
15
3
-14
-2
21
-22
1
14
-11
7
-7
-1
2
6
-10
15
-16
0
9
-8
2:0
1
-1
1
-2
4
16
-20
5
-6
19
-15
0
19
-20
6
-8
1
3
2:-1
0
7
14
-23
2:4
2
-8
5
-2
-5
-1
0
1
0
15
-2
3
-4
-9
7
-4
0
-7
4
-3
10
8
-19
6
-3
2:1
-1
2
17
-21
21
-22
20
-14
-3
2
4
-6
-1
2
17
-3
6
-21
-3
12
1
-9
-1
1
2
-3
-4
14
7
-12
-7
21
-20
0
12
-11
14
-2
-15
1
0
-2
3
22
-19
-6
1
0
1
6
-6
3
-5
2:2
-3
0
4
-4
2
-1
-2
17
-15
1
-2
10
-7
-2
8
13
-22
10
-9
-1
21
-18
-2
1
-3
18
-18
10
-8
10
-8
-3
7
-8
10
3
8
-15
-1
0
5
-7
-3
2
8
-10
0
7
-2
13
-16
19
-20
3
-2
2
11
-9
-2
4
-7
18
-18
0
4
2
-5
-2
1
4
-1
-2
1
-3
6
-4
-1
3
14
-15
9
5
-4
12
-25
1
3
2:-1
6
-8
17
-13
-2
6
12
-3
-16
1
4
-5
-1
2
4
-6
13
1
-11
-2
9
-5
-1
-3
-1
2
5
-6
0
7
-5
9
-10
0
1
-2
1
-1
0
16
-1
0
-15
7
5
3
-15
2
2:-1
0
1
2
4
-6
3
2:-2
-1
1
13
-14
25
-7
-12
-6
10
5
-1
-12
3
10
3
-17
6
-7
11
-10
9
-8
2
-1
7
-6
7
5
-6
-8
-1
0
5
-4
0
1
5
-8
16
-16
0
5
0
-5
4
11
-14
21
-21
19
-18
-1
1
5
-2
0
5
-9
0
4
-4
2:1
0
7
-8
2
-3
1
19
-5
-14
4
-5
10
3
-13
13
-9
-3
1
-3
1
17
-17
-1
4
-3
20
-15
-5
-1
6
19
-24
0
-1
1
0
4
6
-4
1
10
-13
1
-4
-2
7
-4
9
-8
0
-3
0
4
-2
3
15
-18
-2
5
-4
1
3
19
-24
8
-6
-1
0
4
-3
21
-12
-9
11
-13
5
-4
4
-6
6
-4
0
1
14
-12
6
-2
-8
20
-3
-5
-4
-5
0
2:-1
11
-12
-1
3
13
-16
6
7
12
-24
2
-3
19
0
-14
3
-7
0
12
-9
-3
9
5
9
-21
0
-1
7
4
-3
0
-8
1
-2
1
5
-1
-6
2
0
1
5
2:0
-6
-1
1
6
-4
-1
0
-2
15
-11
-5
2
19
-19
2
2:0
-3
5
-6
14
-10
2
-5
1
6
13
-1
-3
-16
0
3
-4
10
-9
3
-1
19
-21
0
16
-2
-7
-6
12
-4
7
-4
-12
15
-15
0
10
-7
-2
-1
0
-1
15:0
6
-5
8
-8
2
3
4
145
-154
2
16
7
2:-9
6
-13
0
1
6
-6
10
-9
-2
3
-1
6
-8
2
0
-1
1
-2
4:0
1
0
19
-16
-3
3
1
-3
6
7
-4
-11
7
11
3
-20
6
-6
3
2
-4
5
-7
2:0
21
12
-17
-12
-4
2:0
8
67
-74
0
5
4
-9
4
40
-41
-4
2
7
8
14
38
-56
-12
4
1
13
-14
10
-14
-1
14
2:-2
-6
0
85
1609
-1600
-87
-10
2:3
-1
-4
2
-4
15
5
-10
62
-61
-4
2
45
-53
16
8
-23
46
-43
0
2
-2
-3
591
-482
-109
10
-12
9
-4
24
-28
-1
91
-45
-42
-1
381
-333
-51
19
11
-23
-1
-2
141
-85
-54
-4
85
806
-837
88
-141
16
289
315
-618
79
-83
-1
2
97
-88
-8
186
-133
-44
-11
61
10
-72
61
57
-113
2:1
17
-16
144
-122
-17
9
7
1
14
2:11
-44
-20
0
71
-71
22
24
-45
217
-218
3
18
-3
-20
9
520
-526
13
-11
2
152
-156
-3
7
-4
-2
4
9
121
-124
-9
15
-1
1
-11
-5
5
-1
-2
9
-12
8
-1
1
-2
2
-7
17
168
-171
197
-205
94
359
224
-684
5
160
-155
-7
17
-14
46
173
-203
-3
-14
18
12
19
-1
49
182
-261
6
282
-289
-18
15
-14
27
-21
66
-53
-17
-5
0
8
-3
31
-2
23
-57
0
28
7
-37
10
-10
64
78
-134
-1
14
-4
-14
-3
91
-90
-1
7:0
1
-1
0
2
-2
3:0
2:1
-2
2:0
1
-1
2:0
1
-1
8:0
1
-1
1
0
-1
5:0
1
23
-23
0
-1
8:0
1
-1
2:0
1
-1
2:0
2
-2
6:0
3
-3
4:0
1
3
-4
2
-2
0
1
-1
2:0
4
-3
0
-1
0
1
-1
0
1
-1
0
2
-2
6:0
1
2
-3
0
3
-3
0
1
-1
7:0
1
-1
1
0
-1
0
1
2
-3
5
-3
-2
2
-2
0
2
0
-2
3
-3
0
2
-2
2:0
2
-2
5:0
2
-2
3:0
1
0
-1
3:0
1
-1
4:0
2
-2
2
0
-2
1
-1
7:0
3
-3
3
-3
1
-1
3:0
1
-1
0
1
-1
2:0
2:1
-2
3:0
2
-1
1
-2
3:0
1
-1
0
1
0
-1
0
1
2:0
-1
0
3
-1
-2
0
1
0
-1
4:0
1
-1
5
-2
-1
1
-2
-1
1
3:0
1
2:-1
1
2:0
-1
2
-1
0
-1
1
4
-3
-2
1
3:0
2
10
-11
-2
10:0
2
-2
1
-1
1
-1
0
1
0
-1
1
-1
0
5
-5
6:0
3
-3
1
-1
0
2
-1
2:0
-1
4:0
1
-1
4:0
2
3
-4
0
-1
3:0
1
0
-1
0
2:1
0
-2
2:0
2
-2
0
4
-4
1
-1
0
3
-3
0
2
-2
4:0
1
-1
0
1
0
-1
2:0
2
2:-1
2:0
1
-1
0
1
0
-1
3
-3
8
-8
0
4
-2
2:-1
3
-2
1
2:-1
4
-4
2
0
2:-1
0
1
-1
6:0
1
0
1
-2
2:0
2
-2
3:0
8
-7
-1
3
-3
2
-2
4:0
2
-2
1
-1
3:0
2
-2
2:0
3
-1
1
-2
1
-2
3:0
3
2
-5
1
-1
2:0
4
-4
0
1
3
-4
1
4
-5
3:0
2
-2
0
2
-2
0
5
-5
5:0
2
-2
12
-12
6
-6
2:0
1
-1
1
0
-1
6:0
1
-1
0
2
-2
14
-12
-2
0
1
2
1
-4
1
-1
1
-1
2:0
7
-7
0
1
-1
2:1
-2
0
1
4
-5
0
1
-1
5:0
3
-3
2
-2
0
1
2:0
-1
1
-1
4:0
15
-15
0
5
-3
0
-2
7
-7
1
-1
2:0
1
0
3
2:-2
5
-5
3
-3
4
-4
0
1
2:0
13
-13
-1
2:0
3
-1
1
-1
-2
3:0
3
-3
2:0
4
-2
-1
3
-4
4:0
3
-1
-2
5:0
2
0
2:-1
0
1
-1
3
3:-1
3:0
1
3
-4
2:0
3:1
-3
3:0
2
-2
3:0
2:1
-2
0
2
-2
1
-1
7:0
1
-1
0
6
-5
5
-6
5:0
1
-1
6
-6
2:0
2:2
-2
-1
2:0
-1
2:0
1
-1
0
1
-1
10:0
1
-1
6:0
end
