v1
792
49
20
118
476
80
350
31
105
31
36
93
31
30
18
4
22
39
123
162
86
6
8
0
46
66
39
14
51
163
100
67
0
222
6
19
37
7
15
28
614
123
29
59
62
266
169
13
102
157
57
0
347
171
139
20
55
81
98
138
13
120
51
133
11
125
24
68
43
22
12
67
9
219
75
21
10
18
131
67
19
225
41
160
242
0
127
44
235
9
34
61
55
5
11
21
64
45
345
9
21
135
31
0
58
167
47
0
244
95
115
33
87
89
12
74
0
6
131
57
63
79
39
0
157
31
147
202
147
11
52
353
110
240
8
27
259
38
134
1
0
15
266
72
140
149
63
21
154
55
126
156
57
69
57
113
63
0
101
403
193
42
118
10
7
221
0
18
125
57
30
194
145
28
66
115
8
26
11
27
356
53
24
232
100
7
271
29
89
5
121
154
31
207
140
187
70
142
100
59
41
186
8
109
150
62
79
4
181
27
1
2:14
12
11
22
25
13
48
7
26
6
25
46
2
0
3
21
110
7
6
3
1
13
10
95
73
9
12
62
9
0
31
5
2:7
3
26
35
65
3
35
19
44
2
9
73
54
118
85
13
78
198
54
19
173
120
94
92
199
73
48
10
123
110
137
83
84
10
6
27
6
116
117
29
117
21
54
77
0
44
35
106
85
59
42
45
55
82
57
58
3
151
136
131
15
31
98
27
0
249
22
14
299
15
18
15
153
0
123
33
0
73
41
309
199
1
7
12
127
48
9
0
308
233
258
192
109
73
3
7
100
222
55
37
19
109
2
66
13
102
187
75
18
32
6
41
136
0
472
65
12
185
44
19
11
18
193
36
33
29
38
0
109
2:25
6
0
38
8
34
53
0
75
19
0
19
5
14
69
7
8
147
40
158
125
0
32
64
14
153
186
108
164
154
129
2
178
67
115
44
11
37
2:175
16
8
11
32
74
6
12
34
18
146
73
51
22
116
41
13
47
50
6
5
35
26
0
66
17
3
88
153
59
5
23
10
89
94
5
9
0
158
90
144
50
103
2
13
1
80
5
0
8
0
60
42
55
91
9
34
64
13
11
0
3
1
31
31368
2
5
1
21
9
43
161
33
53
2
12
30
1
23
4
34
88
4
19
69
7
8
112
36
8
22
932
111
109
68
111
71
61
44
61
16
12
37
3310
1232
979
325
3
1517
36
979
2785
1376
4236
409
5450
721
1500
1150
811
742
3213
4992
0
1620
4874
436
2169
3
816
925
3524
2
8089
7
2821
882
0
943
15
19
2434
13
2011
28
3111
10
2
5
1428
4053
119419
1735
5981
25
73
4
9413
32421
22
9
17
7
9
125
40
73
1
19
53
4
0
15
17
5
81
35970
19412
47
27
157
7
17
12
18
39
6
12
17
129
16
37
2
1
0
10
2:1
6
5
2
726
0
29
20
12
95
67
2
12800
3480
2358
0
2296
3093
5057
5151
3251
4729
1060
825
358
873
189
665
436
532
0
2
3:1
6
5
11
9
19
3
39
19
28
21
14
10
9
40
9
0
28
4:1
31
3
9
38
2:9
1
30302
1513
8273
192
26
64
176
69
31
59
122
140
279
0
125
1
46
250
13
43
25
17
202
24
25
228
9
21
3
33
2:9
14
27
103
30
17
5
10
11
17
3
5
2:2
5
25
273
190
22
35
84
19
13
0
25
37
13
6
3
14
0
15
22
1
30
42
28
14705
14
141
30
2
7
28
1990
9723
1
81
18
51
12
102
14
28
26
36
2
0
11
4
58
65
22
33
19
0
9
36
2
22
0
2
21
25
0
14
0
66
76
16
49
45
5
8
2
18
52
12
1427124600
791:0
12
6
-15
47
-35
-3
-9
12
7
-22
5
3
-8
10
-10
1
0
15
-16
2
-2
3
0
17
34
-51
7493
-7495
4
0
-3
-1
2
1305
-1300
1428
-1421
39
1140
-1177
-13
5
1803
-1812
2
-1
72
-18
-54
1
-1
3
96
-85
137
-148
134
-116
-22
0
2:1
8
-10
10
-7
-3
17
-16
2
0
-3
0
13
28
43
-83
0
6
-1
-6
19
-15
-3
0
-1
19
-17
3
-4
159
-45
-114
2
-1
25
-26
-1
5
0
7
-9
0
136
755
-893
2:2
8
2
-10
0
20
-23
4
1
-6
108
-94
14
9
-36
-1
7
141
-140
-8
-1
1
3
23
943
-957
52
308
-372
9
33
-43
1
7
13
-20
19
-20
38
-37
3
386
-385
114
484
-602
87
-88
4
-2
-1
0
1
52
-54
2
57
-57
-1
11
8
-20
10
-10
77
-76
4
-4
3
4
58
-63
1
6
-10
5
-5
120
-119
64
-64
125
-124
60
-59
60
-60
-2
-1
1
49
-49
1
9
464
-472
-1
12
-12
5
4
16
-19
-8
68
-66
1
4
-4
241
-244
0
18
-6
-3
-2
-4
0
14
-11
-3
296
-294
25
46
66
-83
-6
91
508
-650
143
-144
1
2
11
-9
16
-22
4
28
729
-761
2
1
-3
1
0
9
-5
89
-93
2:1
0
-3
250
-149
-4
-95
2
-1
-2
-1
1
17
1395
-1413
1
0
100637
-100633
22
6034
-5889
-170
7
-5
-1
11
-13
0
29
-28
111
-112
0
4
-5
2:1
16
-12
21
-22
-4
-1
50
-50
7
2:-1
-3
15
-14
88
-81
-9
247
-241
-3
-4
0
1
44
499
-544
2:1
4
-2
-3
1390
-1389
2:-1
0
51
-45
363
-368
0
4
-5
4
2317
-2320
11
-2
365
-365
-10
19
10698
-4743
-5971
28
-26
1
-5
0
-1
0
1
2
1
-3
23
-18
-4
44
-42
1
-2
0
3
-6
10
7
22
-18
-20
73
-70
-1
443
-445
-1
2:0
3
959
-954
16
63860
-63869
-13
2:-1
19
241
86
-345
11
-5
2:-3
12
140
-150
0
-2
25
92
-4
-59
-53
29
635
-593
-55
-14
0
-3
3
7
-2
6
-3
-8
272
-276
42327
-42307
-20
2342
1161
-3502
2:0
20
158
-140
156
-167
-17
6654
-2143
-4520
7
1
204
-209
2
9
-16
1
5:0
-1
3
1
2
1
-7
17
7
-24
6
857
-814
-46
-2
0
1
15
11
-20
114
1925
-2040
438
-274
-169
-2
0
19
-17
-2
259
-257
1
8
-10
2:0
233
-234
6
25
276
41
776
-1064
-46
-11
25
-16
-1
58
-69
1
72
-72
11000
-10999
194
-189
40
-45
550
-549
142
-120
-2
1055
-1077
0
4
1996
-1979
418
-411
-19
-8
2:4
-1
-7
408
-408
3
394
-395
374
-328
-48
0
-2
0
1
8
322
-329
7
13
-21
-1
4
-2
40810
-40784
-16
-12
173
-172
-1
338
-315
-20
5613
-5558
238
-285
-8
710
-709
1
6
12
16
-38
1
34
3
-39
20
3565
-3568
-17
1
2
14
2:-8
57
-17
-39
72
-42
-1
362
-382
19
-27
6
-5
-2
5
17
76
-84
3
50
-68
-1
7
8
-15
12
-12
3
410
-349
-64
1
36
-18
-16
4
3
7
-11
-6
101
-92
21
28
-48
-6
-1
43
-43
-3
2:0
30
87
-117
0
6354
-497
-5827
1561
-1591
2
-1
2218
-2202
-12
1
229
-235
2
13112
-10683
-2431
0
13
-12
6
28
694
-721
-8
1
46
-2
-37
6
-4
4
1
-10
-4
5
-1
559
13
-574
5
1
-6
0
6582
-6493
-88
109
1
490
-604
0
74
421
7597
-7772
-307
41
-46
-8
2:0
499
1664
-2159
-4
9
117
332
-411
-7
-40
7
-3
6
-5
-4
0
21
-12
294
-183
-119
3
1
2
7328
-7298
-38
591
-588
3
0
1
20
-27
61
-61
59
1059
-994
163
64
-341
245
-246
99
-73
-27
-3
3
-3
-5
2
49
33
-18
-60
142
29
-154
-22
86
-85
-1
0
-1
3
-1
2:1
11
-10
31
12
1
-45
36
2581
-2619
-2
224
2:1
-1
0
1
-1
1
2
0
-3
3:0
2
-2
2:0
2
-2
4:0
2
-2
0
118
-118
5:0
7
-7
14
-14
11
-7
-4
2:0
9
-9
3:0
11
-11
3:0
10
-10
2
-2
1
5
-6
2:0
1
0
-1
3:0
3
-3
6:0
6
-6
3:0
1
2
-2
-1
2:0
3
-3
0
1
-1
4:0
3
-3
3:0
2
-2
2:0
30
-30
3:0
1
0
-1
3
-3
1
0
-1
2:0
2:1
-2
0
1
-1
4
-3
-1
1
-1
3
2
-5
0
4
-4
2
0
-2
1
-1
2:0
1
-1
3:0
21
-21
0
12
-11
-1
6:0
5
-5
0
2
-2
0
2
-2
3:0
2
-2
2:0
1
-1
1
-1
4:0
1
2
-3
1
-1
20
-20
5
-5
5:0
1
-1
0
1
58
-59
4:0
2
3
-5
0
3
-2
-1
1
-1
29
-29
0
4
-4
0
8
-7
2:0
-1
1
-1
0
1
17
-18
4
8
-12
38
-38
10
-10
2:0
4
-4
1
-1
0
4
12
-16
5:0
2:1
7
-9
4:0
30
-22
-3
-5
0
1
-1
3:0
62
-62
0
1
1471
-1472
2
89
-74
-17
2:0
1
4
-5
0
8
-8
3
-2
-1
1
-1
2:0
2
-2
4
-4
2:0
7
-7
3
-3
0
3:1
3
-5
-1
28
-21
-2
-5
2:0
6
14
-20
2
2:-1
1
-1
4
-4
3:0
7
-6
39
-40
0
1
-1
0
54
-54
6
-5
7
-8
0
1
414
-297
-117
1
-2
2
-2
3:0
1
0
-1
4:0
2:1
0
-2
0
2
-2
1
5
1
-7
0
9
-9
0
36
-36
4:0
35
-32
-2
442
-443
0
2:1
-2
0
34
-34
0
2
-2
0
4
7
-11
3:0
1
19
2:-10
1
60
-31
-27
-2
0
-1
2:0
2:1
3
-5
22
-22
730
-727
-3
49
41
-90
2:0
1
-1
1
6
3
-7
156
263
-422
0
5
45
-48
0
-2
6:0
3
-3
2
0
-2
2:0
1
-1
2:0
52
-51
0
-1
2:0
5
-3
-2
5
82
-87
27
-15
-12
2:0
4
-4
0
26
-26
5:0
44
-44
8
0
22
52
-81
8
-9
0
5
-4
1
2
-4
0
21
-21
11
-11
3
-3
11
-10
20
-21
21
-21
1
25
-26
2:0
35
-35
46
-35
-11
0
2
1
-3
0
50
-49
-1
12
-11
10
13
-22
-2
3:0
1
6
-7
1
7
-8
3:0
200
-200
2:0
19
-19
2:0
2
-1
268
-267
8
-9
-1
6
-5
1
2:-1
4
-4
0
4
0
-3
3
140
-141
-3
2:1
8
-8
2:-1
1
0
6
-2
0
112
-117
15
-15
0
1
0
1
4
5
-3
-6
-2
5
-1
-4
3
-3
2:0
4
-3
5
-6
0
6
2:-3
3:1
-2
-1
9
-7
1
4
-6
-1
6:0
1
11
-10
-2
14
113
-126
14
-15
2:0
144
-142
-1
0
33
-34
0
265
96
-361
0
1
-1
0
1
79
-79
-1
0
4
-1
2
0
2:-2
2
-3
3:0
23
70
-91
-1
0
-1
0
23
-16
-6
4
0
9
-14
0
35
45
179
-259
2
14
-14
0
-2
0
42
-34
-8
0
1
-1
2
15
-14
-3
2
-2
2
-2
2:0
6
0
-5
7
-8
3
0
-2
72
-60
-13
25
-25
2
2:-1
16
-16
14
-13
1
21
1
52
-76
2
6
-8
27
-27
1
-1
4
0
-4
2
6
-5
30
-33
4:0
5
-5
5:0
1
0
-1
1
10
-11
1
-1
0
63
-63
2:0
end
