v1
1119
252
65
186
240
312
174
31
21
115
24
39
9
8
18
104
366
84
35
79
109
129
234
1
57
56
22
28
86
157
249
161
7
159
6
324
108
78
102
140
56
140
96
300
68
91
136
26
72
36
138
185
85
11
72
64
24
111
34
59
8
223
5
106
83
111
18
122
19
148
160
109
166
71
67
70
324
101
54
0
186
136
44
224
133
6
28
277
4
68
32
46
107
20
24
144
331
79
86
7
103
93
183
48
56
166
44
14
146
193
110
104
163
8
297
134
16
365
82
31
387
55
59
45
130
85
20
69
57
22
9
345
316
181
42
128
7
104
116
19
182
20
10
244
95
281
73
48
194
41
0
44
372
255
16
27
2
94
106
169
16
93
404
52
201
30
81
117
177
109
170
125
154
23
4
27
29
12
16
17
6
32
18
7
10
8
12
7
19
77
2
23
1
70
53
3
1
23
95
73
9
74
40
19
14
50
30
5
30
3
35
3
16
38
17
14
113
109
9
85
91
271
170
3
120
225
160
35
219
110
304
10
33
6
116
104
42
138
54
121
141
85
101
41
256
3
146
287
404
6
31
0
110
161
28
10
5
33
66
17
70
229
41
423
43
6
44
187
9
41
758
199
102
83
10
231
81
55
56
109
2
237
49
82
8
67
50
6
41
168
256
184
306
19
11
247
33
67
109
50
6
38
12
30
0
53
75
19
38
69
7
8
147
40
283
110
1
608
2
81
20
82
100
2
415
37
34
141
10
60
129
11
31
1
74
12
58
292
16
100
54
47
56
5
127
20
88
153
59
5
23
104
89
5
9
110
86
52
149
191
66
21
18
63
189
64
24
4
31401
5
6
16
9
43
161
33
53
44
85
88
4
72
8
1
111
36
8
22
1042
8
102
179
71
105
61
18
47
9
272
1783
0
1246
2211
328
1553
3073
2067
7581
1109
2126
2650
811
3955
4992
790
830
3485
1825
1328
844
816
4449
2
8091
1
2825
882
958
2466
2018
3125
1
6
1
11
5
1428
3523
116404
1
3544
7741
73
9417
28080
4331
32
9
17
7
9
238
73
4
32
5
16
54631
680
51
152
7
157
9
1
26
18
39
6
12
17
172
12
1
11
1
6
5
728
29
125
58
13
12800
3480
4654
3093
10208
7980
1060
1183
454
507
101
665
436
532
2
1
2
22
28
3
39
47
54
1
8
31
37
3
1
42
1
47
4
5
1
31815
8465
26
64
245
74
16
79
43
419
125
1
46
41
209
13
43
42
202
49
86
140
2
9
66
9
19
22
78
25
47
26
12
5
17
4
21
186
13
74
212
176
37
13
6
17
15
22
1
14819
2198
9723
1
81
67
2
12
102
14
18
36
10
28
11
4
58
35
30
22
52
45
2
21
1
23
53
55
50
39
49
58
2
68
-489212
28
180
62
233
9
14
22
9
82
458
164
27
205
4
132
162
3
41
48
5
3
148
38
30
37
38
14
25
359
79
66
3
80
81
98
123
37
2
155
6
97
20
110
276
111
376
55
10
280
22
67
8
27
301
61
23
51
11
268
109
62
245
113
68
88
67
14
213
136
111
32
49
59
104
2
352
13
11
164
34
316
132
21
84
8
4
13
288
14
52
54
109
0
24
35
42
11
29
46
2
14
547
209
53
33
50
22
68
54
190
9
96
198
23
157
192
62
32
142
18
79
630
97
33
229
56
7
129
361
63
37
114
25
356
102
14
19
136
46
315
103
87
150
173
2
209
23
66
95
14
25
347
105
185
41
29
6
20
0
6
113
77
273
2:44
103
77
44
47
34
40
101
469
114
55
10
154
0
127
145
77
102
310
10
67
45
176
117
66
112
50
9
2
44
6
9
10
31
35
21
2
8
20
6
5
2
52
14
117
30
114
42
4
7
15
83
41
32
17
4
178
59
10
16
37
56
49
535
32
103
628
47
214
70
250
125
10
38
162
649
54
108
212
86
11
150
20
100
71
29
23
219
154
23
182
241
123
343
27
165
34
20
59
207
621
111
177
87
93
5
100
169
19
101
19
26
0
141
55
102
93
5
88
291
18
142
3
100
32
183
77
12
13
172
55
20
17
193
98
1
27
181
40
4
50
70
34
315
134
41
175
213
122
372
36
277
181
69
98
235
171
94
342
29
319
70
338
45
125
109
68
50
225
75
61
42
16
72
9
42
46
64
85
31
1
101
10
46
31385
159
17
125
12
104
139
41
207
1034
172
290
73
5896
1878
343
1705
1394
3840
1772
1020
2324
4736
372
2323
7
1994
777
5432
9102
1744
3
869
2658
10
8064
4
2:7
9
4637
34
2435
995
1014
25
17
3113
2:8
5481
11417
108000
7746
26
47
38185
3667
2
126
43
40
72
21
72
36073
19377
82
7
108
76
7
2:25
14
10
24
98
47
53
6
5
2
15
34
735
42
71
3514
15766
5994
12281
5542
448
1998
1680
8
2
25
3
15
2
46
21
42
14
24
41
3
26
37
54
30317
10077
167
15
85
89
719
63
232
109
2:19
35
61
309
130
66
46
8
15
7
277
378
25
38
7
68
14816
83
57
45
9
28
11637
75
144
4
89
16
57
5
20
35
36
171
9
7
6
43
12
2
85
54
172
5
9
19
52
1427064600
599:0
1
518:0
6
237
-190
-13
-21
9
-16
40
331
-354
-11
17
-30
8
33
22
-63
12023
-12023
47
22
-63
845
-220
1239
-1713
-136
-15
9
12
258
-278
10
1702
-1711
-8
75
51
-115
-10
273
-121
-36
-117
185
-165
-13
43
-18
-4
-22
-5
9
-10
314
-298
274
-250
23
-56
-8
0
3003
-2983
56
-75
6
17
15
111
-149
13
4
113
-110
55
-27
39
4
-90
6
33
-28
-12
0
404
-393
-12
54
-54
1
40
-30
31
-41
71
-23
-20
-19
26
-20
-15
7
11
-17
58
-59
6
4
868
-851
-27
281
-247
625
-652
-8
9
87
-95
290
-280
-11
2
0
1101
-1089
75
-87
12
-2
83
-93
55
328
-283
-93
5
-13
8
-7
98
-89
39
44
75
-16
-118
-5
0
-19
380
426
-798
-17
13
920
-922
343
-319
-26
-2
-8
92
-92
13
-7
641
-647
1
50
-45
1989
-1974
-8
132
-134
354
-355
0
21678
-21643
-33
-13
15
113
-121
18
-24
10
-10
7
1
7
-15
250
-170
19
-86
1085
-884
-191
77
-79
274
-256
611
-340
-310
32
-24
92
-88
81
-86
2
-10
424
-410
31
50
-87
236
460
-591
-112
1
97
299
60
270284
-270696
9324
-9246
-82
-12
-20
16
235
-186
-24
270
-307
12501
-12390
-107
663
-673
-7
45
6106
-6152
8
193
-184
-16
394
-382
112
-110
101
225
-277
-56
0
5
134
-137
6
128
-134
437
-405
-42
1
17
2082
-2057
199
328
-556
-13
47555
-47554
6746
-6647
-101
2:1
-2
17
-5
29
2
66
-80
-28
19
-10
13
19
-36
24
1
-30
889
-890
0
1463
-1451
20524
33583
-54097
-16
759
-764
909
-910
9
25
45
-77
228
-222
110
-117
42
-16
117
1637
-1596
-113
-36
-26
-9
6
29
28
5625
41611
-47285
4089
1177
-5259
-21
577
-499
-56
5816
2067
-7898
134
434
-515
-51
-9
23
359
-383
1
0
571
-555
1901
-1791
-126
58
-12
4832
-4878
717
-380
-307
-25
6
-11
842
-796
285
-330
11
-3
-9
435
600
-1016
74
-93
5
49
368
-377
-45
79
23
-81
-5
-17
89
6
147
-91
1015
-946
-202
365
-381
18
732
640
-1279
26
-124
10
-15
-3
1218
-1223
12
141
-126
103
-113
-18
134
-124
26
-20
105
-109
4
674
-680
52944
-52931
7
-30
1
8
31989
-31579
-292
5847
-5876
600
31
-711
-12
17
-13
7
0
-18
202
4476
-4678
201
-185
4
-4
26
149
-176
-14
61
-55
119
-99
-6
537
-529
-19
5
1
130
-85
124
-177
-1
26
13
7
453
-451
-34
30
-19
84
-105
50
44
-105
37
48
-63
1422
-1433
-4
10
5
-15
4870
428
-4201
5544
-6646
10
8
425
9665
-655
-9441
-1
46
-53
267
1548
-1820
196
105
1010
-1280
-31
39
-10
17
-46
601
1396
-1979
-17
11
10
-11
9
102
7740
-7813
-21
331
926
-671
3790
-4391
19
-23
198
-193
1686
-1630
1672
-1670
621
-656
-38
11
17
15
-33
20
9797
-9615
-193
8
4095
-4006
-116
291
6821
-6797
775
-1052
54
4665
-4722
204
-232
3
184
-170
2475
-2498
248
-248
22
209
-191
54
-34
21
180
-261
17
-17
82
-17
61
-95
8226
-8258
-2
2
-2
5
-6
2
-2
0
2
5
-5
-1
-2
1
2
0
6
-9
4
-3
7
-5
-2
0
2
2:0
-3
9
-8
2:0
-1
4
3
-6
-1
1
9
-9
2:1
-3
3
-2
2
-1
0
5
2
-9
10
-10
4
2
-4
0
-2
2:0
3
6
-6
3
-6
1
7
-7
1
-1
3
-3
2:1
6
0
-7
-2
1
0
2
3:-1
2
-1
0
1
-1
0
5
-4
-1
0
-1
3
0
-3
8
2:-4
7
2
0
-5
-1
-2
7
-7
0
1
6
-2
-5
6
0
-7
1
2:0
2
-3
0
1
3
-3
0
2
-3
1
-1
1
6
-3
-4
1
-1
0
7
-5
2
4
-6
-2
2
-2
3
-3
1
6
-3
-2
3:0
6
-6
-1
2:0
9
-10
1
3
2:-1
2:1
-4
2:2
-4
0
2
-1
1
-1
2:0
8
-6
-3
1
2
6
-7
8
-10
4
-1
0
-2
-1
10
-9
2
0
-2
0
8
-8
2
1
-3
5
-4
1
4
-1
2
-8
1
0
-1
1
2
-2
2
-2
2:1
-2
6
-6
0
1
2:-1
8
-2
1
-6
1
-1
7
2:-4
2
2:-1
3
1
-2
1
-3
1
2:0
7
1
-9
10
-8
0
-2
0
3
0
-3
2:1
2
-1
-2
1
-2
1
6
-7
8
-7
-1
2
1
0
-3
1
0
7
-8
3
4
-6
0
7
-7
1
-1
0
2
-3
1
2:0
-1
0
1
2
-2
7
-6
0
2:-1
10
-7
-2
0
-1
3
-2
2:0
8
-7
-2
1
7
-7
2
1
5
-7
2
-3
1
-1
2:1
-2
1
0
5
-4
-2
7
-6
1
-3
1
0
7
-6
0
-1
6
2
-6
-1
-2
3
4
-5
5
-7
2:0
1
6
-7
1
0
2
-3
2:1
4:0
-1
1
-2
2:1
-1
1
-1
2:1
0
-2
-1
2
-1
0
2
5
-7
0
6
-6
0
2
-1
-2
1
7
-1
-5
-1
2:1
-2
1
2
-2
2:-1
1
7
-6
0
1
-3
10
-4
-5
2
6
-8
-1
0
7
-6
2
-1
2
3
-5
0
6
1
-6
2:-1
1
2:0
1
4
0
-4
0
-2
7
-6
-1
1
-1
0
1
-2
0
6
-6
2
7
-8
2
-2
3
-3
8
-7
7
-3
-6
3
6
-9
2:1
-1
2
2:-1
1
2:-1
0
3
-2
1
-2
3
4
-3
-2
-1
5
-3
5
2
-8
1
4
-6
9
-9
0
2:1
3
-3
-2
2
6
-8
3
-2
0
6
-7
7
-4
4
0
-8
1
2:0
3
-2
7
-7
4
-5
7
-5
0
1
2:-1
4
-5
150
-150
2
-2
1
2
9
17
-10
-19
2:0
2
-1
30
-31
14
-14
2:0
17
-14
-3
0
2
8
-10
2
-1
0
14
-15
3:0
4
-3
-1
2
10
-8
-4
4
-4
0
6
-5
0
-1
2
-2
9
-6
-3
0
1
10
-11
0
4
2:0
-4
0
2
-2
0
1
29
-29
0
1
2:-1
7
-5
-2
0
8
-6
-2
0
5
-1
2:-2
5
-4
2
-3
1
0
5
-4
-2
23
-21
7
-8
-1
0
10
-10
13
-12
-1
2:0
13
-10
-2
-1
1
0
3
-4
8
-5
7
-9
-1
2
1
-3
2
-2
5
2
-5
1
-3
12
0
-12
20
-20
2
-2
0
49
-48
18
-17
1
-3
1
2:0
2
-3
70
-70
2
-2
0
1
5
2:-1
0
-3
0
1
60
-62
1
-1
1
2
-2
5
7
2:-6
0
-1
3
-3
15
-9
31
-34
73
-63
-11
5
-7
8
2
-10
19
-18
1
0
5
-5
7
-9
2
-2
19
-19
0
11
-11
9
-1
7
-14
-1
4
69
-61
1744
-1751
107
-78
-33
-1
2:2
20
-22
4
-4
-2
4
19
-20
14
-16
1
5
1
-8
0
21
-20
1
71
-69
-1
5
6
-1
-13
2:0
1
3
-3
4
22
-22
32
-35
-1
2:0
51
-47
2
18
-22
-3
708
-706
111
-103
-10
3:0
1
3
-4
1
9
-1
-9
5
-5
12
-11
-1
6
-1
-5
31
-29
-2
54
-48
-4
408
-406
-2
58
-60
1
0
5
-4
-2
0
17
-16
35
-36
11
-11
16
148
-94
-70
5
-5
2:0
2:1
38
847
-883
50
113
-165
-2
16
-4
-1
218
822
-1045
1
127
-132
-2
1
2
-3
2:0
1
7
-1
108
-105
-8
19
-19
196
-197
72
-60
-9
-2
-1
3
61
-63
97
-98
2
3
-5
55
100
-155
11
-12
1
6
2:-1
-5
36
-23
-11
0
-2
3
0
4
23
3
4
-36
42
-43
0
58
15
-46
-26
3
-3
-1
0
120
-120
1
2
10
37
-44
-6
2
1
-1
5
-7
3
-3
0
3
242
-245
3
-2
8
-6
28
-31
10
716
-726
0
17
-12
-5
4
2:-1
3
-5
11
160
-170
5
-6
2:0
13
0
-2
-11
2
7
2
-4
6
213
-222
-2
5
0
3
21
-25
5
-6
-5
0
23
-20
3:1
0
2
-3
6
-11
0
5
6
-7
5
-9
1
0
4
-3
33
209
-233
252
-261
-1
8
105
357
499
-970
4
2:-1
12
256
-268
11
-8
12
-13
-4
14
-12
-1
0
41
292
-329
-4
0
3
-3
17
2:-4
-8
3
22
15
141
96
-279
3
-3
36
-30
73
-74
-2
6
-9
16
-16
0
6
2
-6
11
-10
2
4
-9
134
-121
-13
11
43
-9
119
-164
3
45
-47
38
-38
1
0
6
-1
-7
17
-15
-2
125
-125
12
2
-13
7
-8
2:1
3
18
-20
-2
130
-131
15:0
1
-1
7:0
1
-1
22:0
1
-1
15:0
1
0
-1
6:0
4
-4
3:0
1
0
-1
8:0
1
-1
9:0
1
-1
3
-3
5:0
1
0
-1
0
2:1
-2
16:0
1
-1
11:0
1
-1
2:0
2:1
-2
2:0
1
0
-1
11:0
2
-2
0
1
-1
12:0
1
-1
5:0
1
-1
8:0
1
-1
0
2:1
-2
2
-2
6:0
2
-2
7:0
1
-1
6:0
3
-3
13:0
1
-1
1
0
-1
7:0
2:1
-2
3:0
1
-1
2
2:-1
2:0
1
-1
1
0
1
-2
0
4
-4
0
1
-1
6:0
1
-1
5:0
3
-3
5:0
1
-1
2:0
1
-1
5:0
2
-2
2:0
2
-2
1
-1
3:0
3
-3
1
-1
3
-3
1
-1
0
3
-1
-2
5:0
1
-1
6:0
1
-1
9:0
1
-1
12:0
1
4
-5
5:0
1
2
-3
0
2
-2
4:0
2:1
0
-2
0
1
-1
0
1
2:0
-1
2:0
2
-2
0
3
-3
1
0
-1
0
4
-4
2:0
1
-1
1
-1
3
3:-1
2:1
-2
3:0
1
-1
2:0
1
-1
1
-1
0
2
0
-2
1
0
-1
5:0
2
-2
4:0
9
-9
1
-1
8:0
1
-1
9:0
2
-2
1
-1
1
0
9
-9
-1
3
-3
18:0
1
-1
2:0
end
