v1
977
49
203
411
80
298
83
105
31
21
178
9
8
21
143
120
61
89
54
84
18
17
188
26
310
28
57
17
39
22
28
99
19
443
92
7
165
59
258
23
272
32
400
5
143
152
130
29
162
72
322
133
225
46
101
228
20
76
10
83
20
91
16
6
58
60
126
20
21
160
200
75
77
61
168
110
116
79
22
374
46
132
3
31
58
20
128
19
277
257
20
51
105
7
79
194
63
79
48
9
139
93
231
11
45
42
124
5
9
30
160
138
165
104
171
431
16
97
381
212
230
339
126
113
263
63
253
117
64
42
135
57
99
210
59
26
61
131
52
95
281
21
7
93
235
141
93
83
99
271
29
94
86
29
160
16
15
78
64
112
541
51
214
72
8
109
288
7
171
10
27
24
5
7
2
3
16
17
38
25
10
8
4
15
19
23
8
46
2
17
6
71
40
13
4
13
10
95
9
26
2:19
9
12
20
34
8
40
19
14
50
30
20
53
3
16
38
17
127
118
85
73
288
1
78
95
120
225
160
35
219
110
98
206
10
33
6
116
284
54
121
141
85
101
41
87
3
169
114
32
58
229
129
275
6
17
14
110
30
131
28
10
5
31
2
66
17
299
41
365
151
12
52
123
9
799
199
102
405
55
56
109
2
181
187
8
67
50
6
159
219
101
170
233
73
30
247
33
67
159
6
38
12
30
128
19
38
69
7
8
147
323
110
611
81
20
86
50
46
2
415
37
175
2:70
51
8
11
31
1
2:43
105
261
100
54
47
56
5
95
32
20
2
86
153
64
20
3
193
5
9
142
106
149
105
59
38
94
46
17
155
34
64
24
4
31406
22
9
43
194
53
44
1
84
88
84
112
36
8
22
1043
109
68
111
71
166
15
1
2
10
37
3310
2211
328
1553
5140
5256
2324
3236
2650
811
3955
4992
6930
2172
816
0
4449
2
4
10
8082
2807
14
882
943
15
2466
474
4669
1
6
10
2
5
1
1427
119927
3544
1
7741
30
43
9417
32421
22
42
238
20
53
4
32
5
54647
764
52
54
13
7
92
65
7
29
18
39
6
12
17
82
63
27
10
2
1
4
6
2:1
6
5
2
83
643
29
127
56
13
12800
2342
1138
4654
3093
10208
3251
4729
813
1430
1017
45
665
436
532
4
1
4
18
31
39
5
14
28
10
25
19
5
3
32
6
31
2
2:1
43
47
4
5
1
30302
1513
8431
34
26
64
131
45
69
74
16
122
419
125
1
296
56
25
17
165
37
24
25
226
2
9
57
2:9
41
103
47
26
5
12
17
25
173
100
212
213
13
6
17
37
1
30
42
14733
194
28
1990
9722
2:1
81
69
12
116
54
1
9
26
2
11
27
35
65
22
45
7
16
29
2
21
1
51
130
39
49
50
8
2
70
-489008
320
19
0
8
173
15
210
250
137
55
104
34
40
58
229
249
7
30
226
113
124
39
82
320
76
139
122
123
3
11
90
213
95
4
157
231
43
62
247
105
362
23
73
2
102
10
130
13
124
473
29
59
40
27
387
26
80
0
62
56
216
142
44
59
40
35
131
16
132
79
270
80
305
66
54
109
16
59
26
497
177
237
19
126
0
598
0
98
205
46
383
33
152
46
32
135
312
203
71
246
262
308
111
261
16
5
14
197
250
73
507
69
189
47
88
69
0
25
120
269
8
210
16
29
195
344
429
61
111
130
228
0
87
0
82
164
439
146
218
35
45
278
32
217
61
44
12
18
0
6
7
1
12
19
1
23
124
0
47
5
16
0
7
181
27
55
57
113
33
52
211
49
147
269
872
145
0
126
116
339
171
281
6
148
405
309
141
29
143
795
18
86
493
114
38
0
16
4
27
245
773
357
5
7
427
112
71
13
288
94
0
357
592
55
8
29
291
1
383
23
332
2
142
14
442
240
342
21
94
28
209
208
17
174
134
137
18
10
38
178
73
51
270
28
42
387
20
121
11
92
140
313
50
53
2
86
8
5
132
101
189
31376
17
217
100
92
115
24
48
9
1227
80
182
80
522
5565
1878
5481
1801
3425
4912
1904
8933
6691
0
1812
0
2182
13330
29
3:1
4684
3432
4167
18
174539
41
24
3
56
115
10
37
14
13
91
103
55290
7
325
67
36
0
145
20
836
41
3580
16917
0
22428
403
82
1105
950
1
133
1691
9
44
110
25
57
40778
813
222
162
15
19
379
45
47
177
4
37
401
261
38
119
9
14894
34
45
0
11894
6
152
86
67
24
11
47
20
28
69
46
0
5
35
54
0
186
19
22
1427153400
599:0
1
376:0
7
3
-5
5
427
-412
163
-165
28
-14
47
-78
488
-488
0
3
2
43
-43
132
6284
-6352
10
-70
6
2547
-1771
1647
53
-2486
-3
3
-3
2
-5
2918
-2918
9
246
-168
-57
76
-106
30
25
396
-432
-18
18
-16
12
-11
384
-365
-23
301
-278
-19
0
12
238
-250
372
-375
4
-4
1
25
-10
-3
-8
-5
49
-38
-12
138
-137
167
-162
151
-152
23
803
-827
-3
20
44
-45
56
-76
19
-14
4
0
-8
35
40
-64
1122
-1103
-21
-8
14
2
50
-64
23
-23
15
-14
-5
15
-3
34
602
-641
-7
316
-292
152
569
-616
-127
22
-23
9
-3
-6
103
32
-123
-10
2
3
23
447
-474
6
37
-11
-33
-2
146
-136
-5
-6
86
1096
-1176
1015
-689
-331
11
30
-38
12
-16
12
-8
1
57
5
-61
366
-291
-57
-7
-16
44
-9
-36
26
-23
-2
85
49
-135
12365
-12365
10
37
-43
18
44
-64
22
-16
12
-6
-11
1
7
-3
204
-176
-9
86
-113
6
3
-7
1943
-1945
9
111
-14
-82
-13
-4
45
-48
-3
26
-24
1
91
-78
-17
221
-209
-12
7
84
-81
37
411
-401
-54
32
82
512
-629
10
119694
-115804
3198
-6968
-128
7
130
-75
30
241
-313
-21
1
99
-92
32
-41
358
-339
278
-293
24
6
-29
6
-11
20
-11
-8
33
667
-699
2
106
252
-359
2
60
-64
1358
-1344
124
-133
301
-293
2357
-2358
-5
168
-156
6369
-6375
2112
-2001
-119
-5
-1
2
2:1
-3
71
28
-92
0
27
7
-21
-15
16
477
-499
6
3375
-3359
125
60206
-60331
408
-418
-4
33
-30
-11
5
117
-117
85
-25
354
-418
33
1351
-1308
-73
63
-66
15
-14
13
744
39513
-40211
4299
1245
-5597
23
-11
49
173
-200
3148
-3138
3216
-3219
349
-357
-16
-18
-4
-2
0
2
10
-7
0
-3
1759
-1685
-69
13
4756
-4006
-569
-183
-5
10
391
43
-415
416
-409
180
-1
-218
72
-79
266
-261
76
-81
28
-31
2:2
5316
-5230
144
-138
784
-371
-129
-379
-1
1886
-1282
-513
-83
-4
2228
-2225
59
-8
-45
96
-106
-3
6
33
6178
-6216
-1
21
-5
-10
-6
33
316
-342
41756
-41732
-30
107
-102
-4
247
152
-387
-2
9577
-9579
1989
-1986
3
-17
13
-11
126
11105
-11217
22
-37
5
-2
11
-15
41
-41
240
-239
73
-69
15
389
-406
35
-26
-7
5
-5
230
-231
11
154
-135
45
-71
-8
4
30362
-30362
48
-37
-13
1010
-967
-32
-3
26
-29
59
-25
16
-33
5
9
-29
62
-64
-4
-1
11
6209
4216
-10295
-139
2339
-2335
0
3993
-4000
2
16
-10
497
-337
12259
-5678
-6736
93
-99
8
1098
-1077
-36
497
-374
80
1141
-1345
12
-5
-7
38
-13
-19
177
1338
-1503
9
-22
15
-18
29
-29
162
-161
608
737
-1275
597
3366
-4029
64
-68
738
-741
2754
-269
-2479
-3
28
-17
-11
41
158
-182
1879
-1790
-106
85
-42
13
-33
64
-88
2208
-1613
-122
-471
705
-507
-198
-3
208
-168
-32
-2
0
40
-43
248
-246
478
-319
22
-171
18
-25
16
3
7
161
-195
97
4298
-4393
-7
-1
1
0
-1
2:1
-1
2
-2
0
3
-2
1
-1
2:1
-2
0
1
-3
2
0
1
-2
0
3
-4
2
-1
1
-2
0
2
0
-1
0
3
-4
0
4
-2
1
0
-3
1
-1
2:0
1
-1
2
-2
2
0
-1
2
-2
0
2:1
0
-1
-2
4
-3
0
3
-4
2
-2
2:2
2:-1
1
-2
0
-1
0
2:2
1
-4
-1
1
0
1
-2
0
1
2
1
-4
2
-1
2
-1
3:0
-1
2
-2
1
2
-3
2
3:-1
2:0
4
0
-3
2:0
1
2
-1
-2
1
2
-2
3:1
-2
-3
2
-2
1
0
-1
0
3
-1
-2
0
2
1
0
-1
0
1
-2
2:0
1
0
2
-3
2:1
-2
2:0
1
0
2
-3
2:1
2:-1
2
2:-1
2:2
-4
1
-2
2
-1
0
-1
2:1
-1
2:1
-2
-1
1
-1
2:1
-1
0
1
0
1
-3
1
-1
2:0
4
2:-2
4
0
1
-4
-1
2:0
1
0
1
-1
2:0
3
-2
2:1
-1
-2
2
-2
-1
0
4
-3
0
2
-1
3:0
-2
0
1
-1
2
-1
0
3
-4
0
2
-2
1
0
1
-1
1
2
-1
-2
2
-1
-2
4
-4
0
3
-3
2
-2
4
0
-2
2:-1
0
4
-3
1
2:0
-1
3
-1
-2
2
2:0
1
-3
-1
2
-1
1
2:-1
3
-3
0
3
-3
2:0
3:1
-2
3
-2
2
-4
3
0
-2
2
0
-3
0
3
2:-1
0
2
0
-1
2
-3
2
-3
0
1
2
0
-2
4
-5
0
3
1
-4
0
2
1
2:0
-1
2
-2
1
-2
2:1
2
-5
0
1
3
2:-1
1
-2
-1
2
-1
3
-4
3
-3
1
2
0
-3
1
0
1
2:-1
1
3
-3
2:0
-1
2
2
0
-1
3
-2
-1
7
-5
2
-3
6
-7
1
-1
0
2:1
3
-4
-1
151
-149
-2
0
1
20
-21
17
-2
-14
-1
3:0
17
-6
-10
-1
0
8
-8
1
-1
2
1
-2
1
-1
8
-9
2
-2
2
0
2
-4
0
6
-6
0
3
-3
3:0
3
-3
8
-8
3:0
5
-5
3:0
5
-4
-1
2
2:0
-1
0
-1
9
-9
6
-5
-1
3
-3
3
-3
6
1
-6
3
0
2:-2
0
3
-3
1
-1
2:0
2
-2
4
-3
12
-5
-6
-1
5
-6
9
7
-12
-4
2
-2
0
1
-1
3
7
-10
0
1
-1
0
1
-1
3:1
-3
2:0
5
2:-2
-1
18
-15
-2
35
-36
1
8
-8
1
2:-1
2:0
2
-2
4
51
-54
0
1
-2
8
2
-10
5
-5
0
4
-4
1
61
-60
-2
5
-5
2:2
-2
0
9
-6
-4
-1
2:1
0
16
-18
2
22
-24
2:0
2
65
-67
0
1
12
-10
0
-1
2
-1
-2
2
-3
6
-3
0
1
9
-11
-2
0
14
-10
4
-2
2
-8
2:1
60
-61
7
1475
-1481
82
-68
-14
0
9
-7
-2
0
-2
0
1
15
-16
2
-2
24
-18
-5
0
1
2
-3
-1
0
8
-7
1
-1
54
-54
0
10
1
-12
2
-2
0
9
-5
14
-18
22
-19
52
-48
-5
9
-8
523
-524
73
-66
-9
0
1
-1
3:0
4
8
-10
-1
0
12
-12
-1
7
18
-23
-1
54
-48
-5
246
-245
38
-36
-2
1
-3
-1
2
13
-12
21
-10
0
-12
1
106
-84
-25
6
-4
0
-2
1
35
669
-696
40
97
-146
1
-1
0
16
-12
180
-182
509
-508
72
-73
2
2:-2
0
2
-2
0
2
1
0
100
-96
-6
2
145
-75
-67
-1
-2
-1
45
-46
2
65
-62
37
47
-87
5
-7
4
-4
5
-3
10
-13
2
4
-1
-2
3
13
15
0
-2
-30
-1
56
16
-54
-18
1
70
-71
3
0
6
15
-24
-1
2:0
6
-3
-1
1
2
-4
2
-1
-2
1
195
-196
0
7
2:-1
10
-14
-1
5
470
-475
18
-13
-4
-1
5
-5
6
161
-164
-3
0
1
-1
8
-8
4
-4
4
-1
7
-6
1
102
-107
18
-16
1
-1
0
-2
3
5
4
-4
-1
-5
2
1
11
-15
-1
5
-5
0
5
3
-4
-3
1
4
-4
4
-6
4
1
-5
10
-9
1
-2
2
15
186
-203
0
21
-20
0
167
-167
-1
10
-9
74
-75
287
286
-570
2:-1
1
138
-137
-2
0
9
-5
7
-12
3
-2
-1
7
-7
1
34
119
-153
1
-1
10
-11
10
-10
7
-6
22
9
21
56
85
-193
23
-22
55
-57
24
-21
7
-10
3
0
2:2
-1
5
81
-80
-11
16
-15
5
-5
4
-3
29
8
51
-91
30
5
-34
-1
1
5
-4
2:-1
13
-13
50
-50
1
0
4
0
-4
4
-5
1
12
-8
-4
-1
112
-112
23:0
1
-1
17:0
1
-1
6:0
1
-1
30:0
1
-1
2:0
1
0
-1
11:0
1
-1
0
1
-1
9:0
1
-1
2:0
1
-1
4:0
1
-1
1
-1
17:0
1
-1
4:0
2
-2
14:0
1
-1
1
-1
0
1
-1
1
-1
15:0
1
0
-1
8:0
2
2:-1
5:0
1
0
-1
2:0
1
-1
1
0
-1
8:0
1
0
-1
9:0
1
-1
5:0
1
-1
15:0
1
-1
3:0
2
-2
0
1
-1
10:0
2
0
-2
0
1
-1
1
-1
2
-2
0
1
-1
1
0
-1
1
-1
2:0
1
-1
2:0
2
-2
2:0
3
-3
2:0
1
-1
0
1
-1
4:0
2
-2
2
-2
7:0
1
-1
6:0
2
2:-1
3:0
1
-1
25:0
end
