v1
798
743
288
93
136
199
9
130
485
88
100
126
295
56
22
28
825
199
413
362
370
159
234
322
71
51
282
435
103
33
58
307
573
915
391
277
109
148
519
275
178
98
777
275
297
52
82
494
212
176
54
339
65
61
915
128
7
186
437
167
692
361
255
139
275
392
160
37
502
80
641
28
55
47
254
10
118
82
32
42
40
83
65
32
9
316
447
173
120
639
88
22
304
10
39
116
146
192
121
141
227
198
61
114
32
287
208
532
48
83
70
229
41
703
808
0
301
93
367
56
109
2
368
75
1288
62
203
208
126
15
147
433
896
404
48
175
199
11
32
552
54
103
5
89
146
153
64
23
198
9
561
132
252
92
31401
5
22
9
51
240
43
173
196
36
30
1042
110
179
71
166
18
10
46
2055
1246
2211
328
1553
5140
10816
2650
811
9737
6140
2988
436
4013
2
12757
7626
2
6
1427
123472
7741
9490
2665
29756
4
18
14
28
165
182
5
54647
890
157
36
63
12
17
145
27
24
1
6
5
4398
12835
12803
5152
7980
2243
1062
665
968
5
22
31
39
19
28
54
40
37
3
1
43
47
9
1
40280
26
240
825
1
309
68
17
121
81
49
228
9
57
2:9
41
103
73
17
3
7
32
273
116
96
163
63
6
17
15
22
1
72
14846
81
2018
9723
1
81
4
14
26
25
12
116
165
65
22
52
45
2
70
40
132
49
50
8
2
-489147
31
4
128
110
54
167
51
253
158
157
49
43
52
139
74
44
290
82
54
170
28
115
80
160
98
20
2:38
205
221
39
236
39
7
83
85
56
330
43
93
234
126
780
121
85
17
304
40
72
151
42
24
43
0
9
219
322
118
126
146
221
76
133
48
268
217
45
9
98
73
174
264
102
572
28
67
89
86
336
34
23
0
29
7
60
74
62
67
220
101
46
19
43
1
2:160
37
210
151
128
413
23
281
71
392
1201
325
224
83
125
2
55
96
178
123
253
2
119
235
185
31
93
47
218
40
7
480
93
118
1
10
19
216
23
139
242
59
49
178
86
203
101
22
181
27
41
33
62
11
8
3
9
5
0
2
4
15
23
8
46
2
0
3
14
7
110
130
78
4
6
118
14
94
5
33
35
19
38
17
14
39
74
203
354
86
440
90
32
104
65
263
272
2
43
1
405
401
0
101
100
197
154
267
47
97
281
17
14
19
0
92
203
99
173
91
0
309
93
199
1
7
12
184
41
950
7
173
5
193
19
117
105
141
55
102
109
171
32
6
159
312
34
397
9
246
108
38
138
50
86
53
94
38
76
195
2
46
12
223
557
162
2
81
20
182
247
141
18
11
246
36
121
94
6
25
216
124
239
96
92
320
25
196
43
84
29
54
52
0
244
11
42
56
53
12
90
21
77
15
4
38
98
13
0
46
31383
2
33
31
8
148
5
33
22
31
14
54
13
25
115
72
8
58
98
1065
7
30
13
37
89
98
0
3
128
185
885
4961
395
1125
1015
2785
6632
2324
3221
4218
8205
2834
2271
3997
1741
872
2658
8085
2
5
2807
14
1825
2468
5164
0
16
5482
115873
1
3074
469
0
1736
6079
4
38185
3639
41
23
1
134
25
0
88
77
53
65
7
10927
25036
19327
132
86
53
52
32
0
152
70
49
1
2
10
741
29
20
107
47
16
6
7825
9627
1186
2296
3093
0
19001
247
73
1565
418
1290
534
2
6
1
5
20
19
52
45
2
11
2:14
32
22
126
0
30308
1513
8273
158
0
124
245
90
30
511
172
41
142
67
56
177
91
111
140
13
247
17
14
17
24
5
61
28
162
19
5
354
32
25
37
23
15041
1
40
1973
9735
0
151
115
37
67
2
0
15
0
12
34
58
29
52
70
11
23
108
183
33
5
1427388000
299:0
1
497:0
58
-39
125
-127
92
78
-150
9832
-9807
174
-212
206
149
-352
245
-219
68
-31
-45
13
70
-101
94
11265
-11263
683
722
-1514
197
-193
56
-36
177
1180
-1380
55
-51
25
-30
15
6
614
8
-638
-4
0
83
-55
-13
473
370
-739
-52
-9
2
8
-67
4
35
18
-6
-39
135
15
-145
-13
716
-713
559
-542
72
293
292
-413
-129
-106
585
-604
182
-193
59
156
-135
-84
57
108
-45
-31
-74
-9
306
-288
118174
-110354
-7751
-85
13
-11
49
114
-164
-2
22
-30
59
-53
50
273
-329
17
37
350
-169
-209
1
179
-204
2286
-2234
-10
559
11365
-6467
-5435
-29
-25
2090
-1962
-136
83058
-81849
-1034
-178
38
17
1797
-1753
-87
199
38847
-35563
718
-4211
73
-49
5390
-2000
-3274
-139
-3
-1
975
-935
-34
3068
-2471
-423
-180
3
931
-767
258
-252
460
548
-919
-172
-67
19
-35
1970
-1658
-228
78
-149
495
-433
508
-380
267
-458
-15
741
-632
20
-129
38
341
-364
37157
-37170
54
62
191
2817
-3092
137
-172
178
-110
-44
-23
26
1820
-71
-1765
4
24
-25
-10
178
-143
-35
31
-2
-36
252
-240
32
114
-147
8
111
-130
22
85
-105
24
155
2491
-2001
-326
2987
-3332
313
8000
-4666
-3611
-32
-1
269
-166
-85
10
477
-123
-372
142
-145
7
-16
2
167
362
-471
449
19676
-20181
66
163
46929
-47156
1
59
-63
128
-131
2900
-2559
-314
39
-61
1220
-1057
-126
-33
-2
19
5611
-5417
106
-302
-22
432
-269
535
-467
-225
29
191
252
-481
9
21
-7
61
-25
-45
15
4738
-4777
2
-5
3
-3
3:0
2:1
-2
-1
1
5
-5
0
-1
1
-1
10
-5
-4
-1
3
1
-3
8
-8
2
5
-7
0
3
-2
2
0
2
3
-4
2:-2
0
2:1
8
-7
-4
1
0
5
-3
-2
0
2
1
-4
1
2:0
-1
4
8
-12
0
4
-4
3
-3
3
0
-2
10
1
-11
2:0
2
-3
2
6
-5
-1
0
2:2
-4
2
6
-1
-7
1
-3
1
2
-2
8
-8
-1
9
-7
-1
2
-3
1
-1
8
2
-4
-5
12
0
-13
4
-2
3
-4
0
5
7
-11
1
5
-6
-1
1
-1
4
-5
1
-1
2
1
-3
2:2
1
0
-5
11
-10
2:0
2
10
-8
2
4
0
-6
0
-2
1
-2
0
-1
0
1
10
-12
8
-1
-7
2:2
2:-2
5
-4
7
-7
-1
13
-9
2
5
-9
10
-1
1
-10
7
-8
0
1
2
-3
9
-10
3
-2
-1
0
2:1
-1
6
-5
3
-2
-1
-2
1
6
-1
-6
5
1
-6
7
-6
1
-1
3
-2
-1
1
0
-1
0
7
-5
7
-7
0
-1
8
1
-11
2
1
-2
4
-4
1
-2
13
-12
6
3
-9
1
-1
1
2:-1
0
4
-3
1
6
2
-6
0
1
4
-5
-3
2
-2
1
-1
2:0
4
2
-6
0
1
11
-3
-9
8
0
-6
-3
9
-5
-2
11
-10
1
7
-1
-10
4
1
2
-7
5
3
2:-4
3
6
2
-10
6
-7
0
9
4
-12
8
-6
0
-2
-1
0
11
-4
3
-9
1
4
-1
6
-10
0
-1
10
-9
4:0
10
-11
3
2:-1
1
2
-1
-2
-1
13
-12
0
10
-9
2:0
-2
2:1
5
-6
0
4
0
-5
0
3
0
-2
1
-1
9
3
-7
1
0
-1
0
-4
-2
10
-8
0
-2
10
-9
-1
11
-10
-1
6
-5
1
0
2
0
4
-4
-2
-1
1
6
-6
0
-1
0
2:2
-3
-2
3
1
5
-2
-6
3
-3
0
-1
2:1
0
1
-2
8
-3
1
-6
0
1
-2
5
-1
-3
2:2
-5
12
-12
3
-2
0
2
-3
10
-8
0
2
3
0
2
-7
2
3
-1
5
-7
1
-2
3
-3
-2
2
10
-1
-11
0
-1
1
6
2:-1
-4
-1
2
3
-5
0
11
-11
1
4
-4
4
-3
0
6
1
-6
-3
2:1
-2
8
-7
2
5
-1
-5
0
-1
8
-7
9
-6
-2
3
-5
0
3
8
-7
2
-1
3:0
1
-1
109
-109
1
-1
9
2
4
-13
3
-5
10
-10
6
-4
2
-4
3
-3
3
5
-7
-1
3
5
-3
-2
25
-27
0
2:2
-3
0
-2
4
5
-8
-1
2
4
-4
0
16
0
-18
4
2:-1
2
-3
0
1
-2
4
-4
16
-3
-13
0
1
0
49
-45
-5
30
-30
0
18
1
33
-52
12
-11
5
7
-13
0
7
18
-14
-7
2:-2
78
-76
1557
-1489
-55
-14
2
2:-1
2
-2
5
-6
1
8
-8
10
22
-33
9
-4
10
20
-25
0
12
-16
57
-54
-5
7
433
-333
-104
9
-10
61
2:-33
450
-406
-32
-13
14
-2
99
-70
-32
29
715
-707
52
-98
16
-7
247
113
-310
-55
3
-5
71
-67
-5
97
-53
-37
-8
0
38
17
-5
45
-86
-8
2:0
8
9
-13
109
-100
-14
4
2
22
-5
-9
13
15
-37
-4
33
-29
8
-4
19
-22
-6
213
-210
2:6
-15
269
-269
3
-3
9
-7
4
-4
3
117
-118
3
-1
-3
1
0
87
-82
-8
12
-5
1
5
-9
-2
-3
2:2
2:-1
5
-4
-2
5
11
92
-109
9
124
-128
34
201
214
-453
2:1
66
-61
-6
0
26
71
-96
-2
14
-13
3
-5
2:9
39
22
217
-293
13
10
181
-207
0
16
-15
-1
1
33
-11
-17
-1
-5
61
-43
2:-9
8
-5
26
-5
38
-61
1
-1
5
9
11
-23
0
40
27
-68
2:2
-5
10
-11
1
0
54
-55
1
-1
1
-1
2:0
1
-1
1
-1
3:0
2
-2
3:0
6
-4
-2
12:0
18
-18
0
1
-1
12:0
1
-1
1
0
-1
5:0
1
-1
8:0
1
-1
5:0
1
-1
7:0
1
-1
1
-1
16:0
1
-1
2:0
1
0
-1
2:0
1
-1
3:0
2
-2
13:0
2
-2
5:0
2:2
-1
0
-2
-1
8:0
3
-3
1
6
-7
0
1
-1
0
1
-1
1
-1
0
3
-3
1
2:0
-1
7
-4
-3
2:0
1
-1
8:0
1
-1
8:0
2
-2
0
4
0
-4
1
-1
3:0
1
-1
1
0
-1
0
1
-1
1
0
-1
0
3
-2
-1
0
1
-1
4:0
1
-1
1
0
-1
6:0
3
-3
2
-2
3
-2
-1
0
4
2:-2
0
1
-1
1
-1
0
2
-2
11:0
1
0
-1
2:0
5
-3
-2
2:0
2
-2
8:0
4
-4
3:0
1
0
-1
9:0
1
-1
5
-5
4:0
2
-2
0
1
-1
9:0
2
-2
6:0
1
-1
8:0
1
0
-1
0
1
2
-3
1
0
-1
0
1
-1
4:0
1
-1
4:0
4
-3
-1
3:0
1
-1
2:0
2:1
-2
3:0
2
0
-2
0
1
-1
2:2
-2
-1
0
-1
2:0
5
-5
2:0
4
-3
0
-1
3:0
1
-1
0
1
-1
0
2
0
-2
4:0
2
-2
0
2:1
0
2:-1
0
4
0
2:-1
1
-3
1
2:0
-1
3
1
-4
3:0
1
-1
2
-2
5:0
1
-1
0
2
-2
3
0
-2
4
-4
0
-1
6:0
3
0
-3
3:0
1
-1
8:0
end
