v1
872
21
34
83
95
19
251
230
10
0
30
282
174
52
15
8
92
24
39
9
8
18
30
132
49
195
25
39
81
3
18
17
188
86
40
28
81
4
124
1
57
56
7
4
11
28
118
77
0
144
153
161
7
106
2:59
0
265
4
12
177
22
68
0
5
140
7
10
39
236
5
89
35
26
145
122
16
18
58
62
117
13
22
71
45
15
38
32
40
168
11
112
48
111
51
50
9
67
152
53
22
21
10
50
33
72
39
22
43
15
60
126
41
5
22
109
24
25
33
95
8
114
4
80
54
70
24
1
183
200
11
6
33
21
98
209
38
21
132
3
7
24
58
30
29
108
277
1
3
10
95
115
33
5
15
67
89
12
74
194
63
79
86
110
93
85
6
0
151
75
117
19
44
35
125
86
74
33
79
31
104
65
30
76
127
266
38
1
15
65
32
40
48
17
55
9
99
0
77
36
212
61
34
81
54
59
67
60
153
69
57
31
345
63
434
0
42
67
8
53
7
129
63
4
25
22
94
29
55
4
26
61
117
66
0
95
0
28
189
37
27
171
144
41
53
24
64
176
15
77
0
7
259
39
2
88
6
106
169
16
43
6
44
64
219
451
34
7
37
56
114
72
8
59
50
43
103
24
103
15
7
72
99
10
27
15
14
45
6
4
13
2
13
25
10
8
12
7
19
0
22
1
8
46
2
3
20
0
1
63
58
5
1
23
95
9
19
34
2
2:9
66
8
45
2:14
50
30
5
30
57
38
17
127
88
30
85
20
71
205
58
7
1
31
15
127
8
112
225
162
33
219
110
30
68
46
160
10
6
27
6
116
104
180
54
61
60
141
85
101
41
87
169
1
2
1
29
84
32
58
15
51
148
15
129
79
196
147
189
10
5
33
66
17
70
36
158
35
41
309
114
39
5
41
0
8
12
87
88
9
41
129
629
199
102
71
12
10
195
117
55
56
109
2
79
102
93
94
75
38
12
47
118
107
239
221
162
23
44
8
11
148
110
33
29
39
0
108
10
29
11
6
44
36
90
38
2:19
5
0
83
7
8
147
40
178
9
2:96
14
15
432
63
99
83
0
20
53
129
2
130
99
186
37
18
157
70
64
57
8
11
32
6
37
31
6
128
82
73
89
35
65
54
47
55
2:1
2:2
35
92
20
88
153
59
5
20
3
104
5
84
5
151
54
52
149
105
43
16
72
51
9
63
21
17
75
42
0
34
64
24
35
17
3
31350
5
22
9
12
31
116
45
33
53
44
62
23
88
76
1
7
112
25
11
25
5
932
54
57
87
22
67
1
92
19
71
65
101
15
3
10
37
9
272
1783
1246
2211
328
1553
1711
1362
2063
0
4
7580
1
3220
15
1878
772
811
3955
0
4992
6920
10
2988
1797
2652
2
4
10
8075
2
5
2807
14
1840
13
6
2434
13
982
1015
3147
6
1
9
2
5
1
1427
4054
11417
91135
13321
1
3543
1
7741
26
47
4
9413
32411
10
18
4
9
33
50
71
4
40
10
63
20
53
19
17
5
81
6601
4333
43632
680
51
72
13
54
108
0
69
9
0
27
3
15
39
6
0
12
0
1
16
142
3
27
10
3
10
2:1
6
5
2
1
82
672
14
113
69
7827
8453
4654
3093
13465
4723
813
247
826
357
872
0
190
665
436
532
2:2
1
4
2
1
4
11
9
19
0
3
39
5
14
28
8
13
14
19
40
6
3
28
3
1
31
3
9
47
9
1
30302
1513
8431
34
26
64
176
38
2:31
59
280
261
125
1
46
0
240
10
13
43
25
17
11
81
73
0
37
24
0
25
86
140
2
9
21
3
23
10
2:9
19
22
2:39
25
47
26
10
7
3
5
2:2
5
4
2
19
273
212
35
128
13
30
2
5
13
6
3
1
13
37
1
72
1
14816
101
9
28
1990
9722
0
2:1
81
31
38
12
55
47
14
18
10
2
23
2:1
0
3
6
26
2
73
46
19
7
15
52
45
2
18
3
1
76
105
23
2
14
49
58
2
40
30
1427172600
871:0
1
21
-4
-18
1
-1
1
50
-7
-44
3
16
7
-23
2
52
-35
-12
108
-108
-9
0
7
-6
-1
122
-42
-78
3
-1
8184
-8186
31
-32
36
-38
9
108
258
81
1549
-2004
32
377
-397
26
-36
0
2
7
13
-21
-1
2120
-2121
-1
42
-42
173
-173
16
-16
2
19
-12
11
-17
16
-18
-1
15
-13
-2
32
-29
-2
-1
3
5
76
-85
2
-2
0
2
40
32
-74
29
-13
-10
-2
214
-217
7
-8
6
-5
-1
9
442
-404
-45
1
-1
72
586
-647
-12
96
-94
32
-33
8
-10
138
-126
11
-22
25
-25
-1
4
76
-79
5
-1
-3
-2
2
29
-26
6
-8
-1
319
-319
4
0
-5
1
18
-14
-6
338
-324
-14
1
12
-5
-8
55
-52
190
-187
0
-6
10
-7
55
24
-82
30
-22
-5
2
0
10
-15
2
3
1
-4
171
-172
1
8
-8
8
32
-41
-1
117
-73
-43
546
-547
4
-1
9
2566
-2577
11
-5
8
-13
1
-2
56
-51
0
-5
4
90
-94
16
-10
155
-149
15
-26
10
-8
2:-1
39
-38
-2
15
59
-74
-1
2
1
-2
1
5
-6
0
7
420
-425
2
1
11
3
-19
5
24
-7
-5
-9
19
-25
3
9
-13
277
-274
-3
1190
-1189
3
54
-57
424
-422
235
-162
-76
2:-1
25
-19
74
67
-146
11
-11
46
693
-472
-265
58
-60
0
5
-2
7
4
-14
19
-14
51
-52
259
-224
-35
-2
-1
-2
104
-101
-1
14
-10
27
-30
0
-2
3
23
5
107
-135
5
0
3
-11
10
-10
45
247
-204
-69
-17
2
-3
-1
580
-567
56
-65
15
-15
70
67
-139
129
-129
3
8
-14
14
241
-252
0
-3
311
-311
4
99
-91
-3
-4
-1
185
-123
-64
2
66
172
-240
-2
4
0
84907
-84910
18
4102
-3955
-166
2:13
-24
26
134
-129
-31
143
-96
-8
-40
34
-32
-3
3:1
-3
128
-126
326
-318
-2
16
-22
88
-64
-25
386
-383
10
7
-20
0
68
165
-232
-2
8
10
-9
-4
-2
0
6
1631
-1629
-10
-1
59
-45
128
-128
2:-7
0
11
1330
-1307
22
68
-124
7
-2
9708
-8441
-1269
90
-92
4
-4
8
-7
-2
5
-2
3
-2
-4
42
-19
-7
-13
0
3
4
-9
2
100
-98
58
-63
553
-545
-7
1
-1
205
-192
34
27840
-27877
-11
3
2
111
125
-239
2
-2
4
0
-1
13
-16
3
184
-188
1
3
88
-93
25
49
452
-512
881
-744
-91
-55
-3
12
-13
0
2
4
140
-126
291
16170
-16397
-84
1743
-1744
7
2185
-2185
34
-31
4775
-4739
-44
2295
-2282
4589
-4600
4
58
136
-195
-4
2:-1
6
-3
2
31
-37
38
-30
-7
2
3
10
5
1197
-1211
48
-51
1
34
-33
10699
-10049
-571
-83
0
-2
7
-5
15
273
-290
96
161
-254
8
-1
195
-202
142
-142
34
-33
-4
7
3
-6
-3
0
1
64
-60
3
38
-40
18
988
-504
-419
-79
-8
127
-36
838
-570
-359
3
-3
-1
182
-183
4
-4
448
-446
500
-473
-14
1
-17
0
486
-439
-44
10
69
-79
6
-8
3
4
-8
10
52
-59
-1
0
11
-12
3
95
-89
1
-1
25933
-25909
-29
24
-28
-1
4
13
-7
-9
187
227
-409
30
-36
3565
-3546
25
-44
418
-412
8
-8
-6
0
8
-8
51
-49
4
-5
263
2254
-2517
1
-2
7
-7
0
8
-5
12
-12
0
43
-44
-2
26
-26
2
49
-33
-1
1
-3
6
174
-193
59
-55
3
1
2
9
2
10
132
-157
2:-4
16
-16
23
-18
-4
21
-4
4
-19
30
-26
-3
-2
27
-28
1
12
2
-16
93
-85
-7
11
12
-20
-4
15
84
-99
4
-2
1639
1740
-3373
-3
379
-376
-8
8
5666
-5660
-13
4
1576
4550
-2666
-3441
-15
-4
65
-65
606
-592
-16
-2
12
22
-12
1
-22
5
8
15
2:-14
80
812
-888
-3
10
-2
-10
16
-16
4
48
-50
2:-1
43
-41
0
46
-48
9
151
517
-676
5
-3
46
798
-274
-566
14
-21
2
44
-45
228
631
75821
-76681
2
20
-23
55
893
-945
6
-3
10
-7
3
-1
-10
0
7
1640
-1615
-32
11
1
1861
-1860
139
-152
-1
6
10
-16
186
-183
0
3369
-3187
6
-189
9
954
-960
7
85
-90
14
-21
0
2
8
-1
-8
39
-37
-1
46
-42
6
0
86
497
-530
11
-75
3
-3
3
17
-14
-7
18
126
-96
7813
-7860
1
2:1
-1
4:0
2
0
-2
0
4
-3
-1
0
3
-2
0
4
-5
0
2:1
-2
2:0
2
-2
1
-1
120
-119
-1
4:0
1
-1
11
8
-19
2
7
-8
1
-2
3:0
2
9
-11
8
-8
8:0
7
-5
-1
2:0
-1
1
0
-1
0
1
-1
3:0
1
4
-5
8:0
2
-2
0
7
-7
1
-1
1
-1
3:0
3
-3
2:0
2
1
-2
-1
5
-4
3
-4
2:0
1
-1
1
-1
1
-1
2:0
6
-6
5:0
2
-2
3:0
3
-3
1
0
-1
2:0
1
-1
10
-9
-1
4:0
6
-6
1
-1
2:0
2
-2
9
-8
-1
4
-3
3:0
3
-4
4:0
8
-8
0
1
-1
4
-4
2:0
11
-11
1
2
-3
2:0
2
2:-1
6:0
6
-5
-1
0
1
5
-6
1
-1
12
-10
-1
2:0
-1
2:0
6
-6
0
2
4
-6
6:0
1
-1
3:0
2
3:0
-2
1
-1
2
2:-1
8
-8
1
-1
2:0
1
0
21
-22
3:0
32
-32
7
-6
-1
5:0
1
-1
1
-1
2:1
42
-44
1
-1
3:0
2
-2
2:0
2
9
-11
9
-7
-2
3:0
17
-16
-1
3
-3
3
-3
4:0
12
-8
2:-2
0
2
-2
2:0
6
0
5
-11
3:0
2
36
-38
5
-4
0
-1
7
-4
-2
5
-6
0
4
-3
-1
25
-25
5:0
17
-17
3:0
6
2
-8
0
2
42
-44
2:0
4
1203
-1207
2
51
-31
-22
3
0
-3
5
1
-3
-1
-2
0
1
-1
3
-3
2:0
1
-1
3:0
10
-10
2
0
-2
13
-12
-1
68
-68
1
6
-7
0
2:6
-12
2:0
1
3:0
-1
0
14
-13
-1
0
7
-5
23
-24
1
2:-1
1
46
-41
-4
11
-13
0
2
278
-238
-42
8
-8
1
-1
1
-1
2:0
2
-2
1
-1
3
2
-4
-1
0
2
-2
2:0
13
-13
5
-5
20
-18
0
-2
0
23
-19
-1
175
-177
-1
0
1
-1
31
-31
1
-1
2:1
0
1
-3
1
8
-9
0
3
11
-14
5
2
-7
4
52
-14
-35
-7
0
1
-1
2:0
1
3
-4
88
355
-430
-13
30
-30
0
121
-121
1
0
13
2:-7
137
-136
326
-326
-1
4
53
-56
-1
1
-1
0
2
0
2:-1
7
-4
-2
-1
2:1
0
47
-48
1
2:-1
2:0
104
-43
-57
-4
1
-1
1
-1
3
30
-33
3
47
-48
-1
4
32
-37
58
-58
7
-7
1
0
2
-2
-1
2:0
5
2
-7
19
-18
4
-2
4
-7
0
1
7
2
14
-14
-10
3:0
18
-18
2:0
34
-34
46
-33
-11
0
-2
0
59
-58
-1
10
6
-15
0
1
-1
0
-1
0
2
-2
2:0
2
-2
0
1
0
1
0
144
-146
0
3
-3
2:0
5
-3
-2
14
-12
-2
5
-5
357
-355
-2
0
17
-17
4:0
1
-1
2
-2
1
0
4
100
-104
-1
6:0
1
-1
0
6
-3
2:0
-3
0
1
3
-2
2
0
-3
78
-79
20
-20
4
-2
1
4
-3
10
-11
-2
-1
0
4
-4
0
4
-4
4
-2
1
-3
2:1
-2
0
5
-5
2:0
5
-5
15
-14
-1
1
2:0
-1
1
5
-4
2:-1
16
112
-126
-2
11
-10
-1
0
221
-217
-4
1
71
224
69
-365
0
2
1
-2
123
-122
-2
0
4
0
6
2:-5
2
-1
7
-8
1
14
90
-105
1
-1
2
-2
2
-2
13
-13
3:0
16
-16
0
6
-6
2
11
12
-25
2:0
22
53
-5
-70
3
-3
0
9
-8
36
-37
517
-517
1
-1
0
2
-2
0
3
-3
3
-3
1
6
-7
0
2
41
-42
-1
4
2
54
-57
18
-21
0
2
6
-7
8
-8
0
33
-9
35
-60
1
31
-32
0
24
-24
4:0
1
0
-1
2:0
1
8
-8
0
-1
26
122
-143
-1
-4
2
-2
0
1
-1
0
7
-4
-2
72
-73
0
end
