v1
631
207
26
351
146
499
31
129
7
38
34
484
131
79
302
171
57
56
21
1
28
7
5
106
77
263
103
99
159
65
553
104
62
162
233
26
145
848
16
255
404
21
245
266
173
153
109
22
116
95
400
28
124
268
142
24
206
19
4
277
253
183
5
74
422
110
93
445
52
14
146
407
163
8
431
104
36
325
241
21
155
54
126
108
11
94
36
33
10
47
31
556
328
128
130
328
339
94
187
356
53
24
154
174
4
7
300
25
344
7
9
34
59
0
480
40
81
36
20
216
189
373
31
171
10
42
14
82
1
43
4
8
7
16
3
23
8
46
5
14
5
85
40
4
2
11
105
9
64
9
1
61
12
59
64
30
35
112
127
118
85
91
271
129
0
44
99
21
14
192
19
195
96
233
304
10
33
6
29
87
104
180
54
61
60
141
227
87
111
58
3
146
272
15
31
98
51
230
330
48
83
70
229
41
477
0
31
27
168
712
96
199
54
48
0
71
22
0
151
81
10
70
55
56
109
2
24
42
6
109
93
94
75
56
516
386
22
31
48
229
33
29
197
86
15
113
126
7
155
40
48
110
125
110
334
265
10
83
20
184
255
75
82
40
34
141
70
63
58
8
11
32
86
58
219
89
100
54
47
61
127
20
88
212
5
20
3
104
89
3
2
33
118
106
84
110
204
7
22
18
84
59
75
34
91
1
31
31370
5
22
9
43
156
5
33
0
53
2
42
173
76
29
91
36
8
22
932
54
56
110
68
92
19
71
43
123
5
11
2
47
9
3301
2211
328
1553
5140
10816
2650
4766
5782
8312
816
4449
2
14
8076
1
5
2817
886
943
15
1533
920
13
1997
3146
1
2:8
2
6
2
1442
3506
37
116368
3543
1
7741
73
9417
32421
18
4
161
46
72
13
8
89
5
16
54631
731
50
35
12
62
157
9
27
18
10
29
6
12
1
161
27
10
3
10
2:1
11
2
726
61
24
71
63
6
16280
4654
13301
2004
1247
4643
86
575
1668
167
895
665
0
970
3
6
16
30
1
53
5
28
62
1
31
9
28
3
1
40
3
47
4
6
30302
9735
269
64
176
121
38
30
49
587
1
46
41
222
85
202
24
253
9
28
29
18
144
88
14
30
186
418
57
37
19
4
13
38
17017
9723
1
162
1
72
29
14
18
10
-487678
236
365
714
1317
0
924
17
1825
151
827
262
22
404
252
0
517
526
109
482
312
38
288
202
166
772
457
88
1161
89
451
183
156
0
300
1035
0
399
171
973
570
469
97
358
22
208
41
141
114
0
83
43
279
121
2:33
0
98
64
266
458
1794
0
317
195
37
1097
260
0
917
5
43
116
0
1680
17
1769
0
288
260
23
592
444
817
1028
1543
195
224
31753
33
43
210
236
1433
15194
29862
1741
25344
119927
1
49547
3752
11
29
42
36282
19497
0
222
36
156
48
46304
0
1832
26
66
0
101
157
41703
308
786
72
365
14967
2199
9849
196
0
80
1417866000
499:0
1
130:0
96
-94
8
14
9
-29
-2
4
96
-78
-8
1783
-1797
9
7
117
8267
-8392
5
160
-171
-2
13
-5
-4
-2
3
-5
3
40
-41
-2
3
-3
9
146
-137
-15
35
-30
-2
128
-125
-10
28
-28
0
22
41
-56
-6
6
655
-662
24
-21
377
-373
3
72
-79
1
10
-13
14
-14
7
-2
-5
19
-19
26
3
282
-310
9
-10
2
-1
2
117
-114
-6
0
83
-80
19
-23
260
-234
-26
24
-24
8
-3
34
-31
6
-14
3
5
-7
180
-180
51
36
-85
21
-23
96
-92
-3
0
398
-400
1
257
-192
-49
41
-28
-30
6
0
-5
71
-71
77
-73
2
-4
2:-1
2
2:-1
2
14
-14
-3
0
6
74
-65
-14
46
-41
5
437
-445
-1
21
-12
57
-45
140
-156
-6
89
-85
9
226
-238
0
20
-2
237
-255
1
2:4
-10
3717
-3713
121641
-121636
6193
-6188
77
-76
-10
0
4
-7
9
64
-69
-7
3
20
1669
-1687
2:-2
11
19
-27
56
1004
-419
-635
7
271
-286
0
-1
4
0
2
43
-48
14
84
-4
-95
20
0
-19
-1
0
1
282
-146
-132
6
-2
131
918
-1028
6
7792
-4653
-3174
2:-1
17
-16
3
23
-15
1
25
-20
14
527
-9
-541
32847
-32850
118
-123
-1
288
-288
2718
-2710
16
81
102
-207
1
3
75
-55
-18
133
-127
5
1911
-1261
-614
-50
53
-50
192
2249
15842
-18280
1500
-1508
17
52
-47
456
-476
1515
-1503
-10
2
41
-47
5
0
-6
14
-4
152
-154
-3
-4
-1
13
452
-463
-1
6
-2
4812
-4794
27
-49
6
2
84
4
-94
-3
451
-325
-107
33
67
792
-882
574
-595
68
-74
13
61
-71
44
1387
-1436
243
-242
378
-365
-13
38
37
-46
264
-169
82
233
877
-1294
-16
-7
177
-166
30
-35
-1
-2
-3
1
21
-2
35
511
-455
-103
-5
-2
0
4
238
40855
-41088
-2
34
10
-51
-1
1
25
192
-174
2352
-2251
-138
96
9
-102
-8
5
-4
97
770
-865
-4
24
-3
85
-104
42
14
-51
14
-19
2
6
818
-829
0
29
-25
10
-11
0
880
-851
-24
34
-41
2:0
12
-12
3
0
12
-15
3
-1
357
-350
384
-383
-10
12
-11
0
36
-32
-5
7
782
-776
48
-54
1
8
-13
3
0
471
17459
-14541
-3350
6
-47
-4
868
-864
-4
139
-103
18
-55
13
-8
-2
169
-35
-72
-59
206
-174
-32
-6
31
873
-902
742
1844
-2549
-30
61
-56
13
-26
4
15
65
-85
28
117
-114
154
-160
1357
-1378
2
6
64
-19
253
-310
0
-1
5:0
1
-1
1
2:0
-1
2:0
1
-1
2:0
1
2:0
-1
1
-1
0
1
-1
1
2:0
-1
0
1
-1
0
1
-1
0
1
2:0
-1
1
-1
1
0
-1
0
1
0
-1
1
-1
4:0
1
-1
4:0
1
0
-1
0
1
2:0
-1
5:0
1
-1
1
-1
1
0
-1
0
1
-1
0
1
2:0
-1
1
2:0
-1
1
-1
1
0
-1
1
0
-1
4:0
1
0
-1
2:0
1
-1
2:0
1
-1
0
1
0
-1
0
1
-1
1
-1
2:0
1
3:0
2
-2
2:0
1
-1
0
65
-65
1
0
2:1
-3
8
-5
-3
0
1
-1
2:0
17
-17
0
8
-7
-1
3:0
7
-5
-2
1
-1
1
5
2:-3
3:0
3
-3
5:0
1
-1
22
-22
0
2
-2
0
2
-2
2
-1
0
-1
3:0
1
0
2
-3
0
1
-1
2:0
6
-6
2:0
7
-7
4
-4
3
-3
3:0
1
-1
3
-3
2
2:-1
1
-1
19
-18
2
-3
1
0
-1
1
-1
2:0
1
-1
0
5
-5
0
38
-38
1
-1
1
-1
3
-3
10
-9
-1
3:0
2
-2
1
3
-3
0
-1
0
1
13
-14
1
6
-7
1
26
-27
0
4
1
-5
0
6
-3
-2
10
-10
2
21
-24
0
2
-2
1
-1
2:0
1
-1
41
-41
1044
-1043
82
-83
13
-13
2:1
-2
1
-1
1
-1
0
1
7
-2
-6
2
-2
4
-4
2
5
29
-36
5
-1
7
-11
0
2
-2
1
2
11
-14
0
14
0
-13
4
0
-5
3:0
10
-4
-6
2
-2
1
-1
1
4
254
-145
-113
-1
4:0
3
1
-1
-2
2
-2
30
-25
0
294
-295
-5
1
0
27
-28
2:1
-1
0
15
-16
2:0
12
-12
1
-1
1
0
58
45
-100
-4
0
1
2
5
360
-366
51
-53
0
9
6
49
-62
366
-368
2
-2
5
-4
0
1
-2
2
-2
0
1
0
-1
2:0
67
-67
2:0
1
97
-95
8
-11
2:1
3:0
-1
13
12
-23
-3
18
72
-83
12
-18
1
-2
0
2
-2
10
2:-5
37
-37
2
2:-1
0
2
4
6
8
-12
10
47
-64
1
-2
10
-2
14
-22
0
2
-2
0
1
4
0
119
-123
2
-3
3:0
1
138
-135
8
-12
7
-7
2:0
5
-5
9
203
-204
-7
6
-7
5
-5
2:0
2
53
-54
-1
1
0
6
-7
14
-11
-1
-2
1
-1
4
14
-16
-2
15
-15
1
0
2
81
-78
-3
-1
2
-4
2:0
1
-1
0
3
-3
3:0
5
-3
0
-2
4
-4
0
2
-2
0
2
-2
1
-1
5:0
1
57
296
-285
-67
2
-4
0
34
-34
0
12
-5
-3
-4
1
-1
0
20
9
-28
1
10
-4
-6
-2
2
11
-13
117
113
-223
-7
2
4
-6
2:0
4
2
-6
9
4
-10
5
-5
25
-28
1
-1
14
-12
1
-3
36:0
1
-1
5:0
1
0
-1
31:0
1
-1
1
0
-1
6:0
1
-1
5:0
1
-1
2:0
1
-1
13:0
2
-2
14:0
end
