v1
607
297
221
225
79
158
113
136
52
7
108
24
48
8
166
127
49
3
94
0
3
46
119
188
193
171
57
17
39
7
15
28
37
318
119
18
168
245
0
274
258
58
82
307
133
152
89
70
60
76
98
87
45
0
143
1
120
59
271
22
12
401
149
185
167
78
40
280
175
172
106
482
134
187
88
103
34
144
242
5
122
13
8
20
83
159
257
79
196
93
103
21
2:59
45
302
347
24
87
17
171
131
161
139
113
9
43
53
64
81
60
71
2
158
52
76
60
40
54
161
163
15
69
57
175
70
131
539
67
61
7
196
131
39
55
30
339
254
383
77
154
101
77
7
118
180
96
56
219
16
157
289
75
28
24
157
2:46
39
10
34
242
8
59
45
0
5
170
197
94
5
10
27
13
61
6
32
43
61
7
1
46
2
17
7
121
2
4
13
83
14
8
73
9
74
40
5
14
6
58
35
30
112
127
118
47
40
352
8
78
215
94
16
310
219
110
30
68
206
10
39
116
173
58
53
54
30
22
69
141
85
101
41
25
28
6
139
8
53
146
58
15
29
141
44
129
27
254
17
24
120
33
136
46
2
64
19
70
0
229
41
309
114
105
234
0
749
57
244
42
19
10
22
211
12
8
81
55
50
6
106
5
24
66
14
133
37
0
72
22
75
18
32
47
281
63
341
66
0
163
277
33
30
50
39
113
6
38
126
38
19
38
69
7
8
115
32
40
0
283
110
339
270
2
4
77
20
77
107
3
35
414
175
70
121
8
11
32
80
111
63
109
22
12
39
16
100
54
47
31
22
8
55
72
20
2
86
153
59
5
20
3
93
11
89
5
33
429
39
113
49
39
63
155
34
77
15
8
23
31370
5
22
9
43
16
178
97
85
88
66
3
7
8
112
15
21
8
22
12
920
54
57
87
22
68
92
19
71
43
123
16
2
47
3310
2211
328
1553
663
4477
1448
4810
2420
2123
15
2650
1545
3221
4606
1176
4315
0
1389
0
423
0
3001
925
3524
2
8089
2
5
3703
943
15
19
1514
920
13
5143
0
8
1
7
3
1433
119927
1
3543
1
7716
25
73
9417
32411
7
3
18
2:2
21
142
4
2
111
20
53
19
17
2:5
11
36035
18596
731
9
41
35
12
62
92
65
7
2
45
10
29
19
161
27
10
1
2
8
3
1
11
2
726
29
14
6
12
9
41
36
9
54
15
20934
13301
3251
4729
575
238
1430
539
334
143
0
46
665
436
532
2
1
2
5
1
5
20
22
58
62
60
9
28
3
1
43
42
5
4
6
30302
9755
249
64
176
15
54
7
24
59
541
125
1
46
41
222
85
167
35
24
253
9
22
2
33
18
41
61
42
47
13
42
30
661
0
4
33
19
4
0
13
38
8
17009
9723
1
162
1
101
14
28
7
55
13
1417507800
606:0
3
24
-5
-21
2
163
-136
-25
1
-6
2
16
-14
19
2:-11
-1
2:0
739
-734
1377
-1376
0
29
915
-950
2863
-2854
0
115
-121
-1
33
41
-66
-7
0
16
-16
-1
24
-6
127
-52
-91
6
-10
1
2:0
18
0
-12
-6
24
-14
95
-105
23
-22
3
-1
72
-75
8
-7
16
-16
5
-5
6
13
-18
3
32
-37
2
15
-18
1
30
18
49
-84
-9
27
-30
3
0
12
-15
24
-12
2:-7
6
-5
45
42
-88
2
165
-158
-5
-2
0
-1
0
-1
35
-32
-2
24
-24
14
-11
53
-47
-9
181
-177
45
-50
3
5
41
-42
3
-3
-7
27
-27
0
5
43
-39
-1
-6
35
-4
-31
257
-258
0
199
-193
36
-37
7
-10
82
-82
509
-398
-112
-1
5
6
-10
58
-14
-24
-19
0
8
-11
2
6
-5
1
2
-3
19
-12
10
-11
-1
-4
2
-4
3
66
-69
5
37
-34
-8
31
-32
48
-37
306
-287
-26
-5
2
1
2
-3
61
-57
-6
98
-98
2:1
240
-237
25
-30
1
12
-9
227
-230
0
11
55477
-48187
-7115
-187
0
4
17
-20
0
13
180
-189
32
158
-178
-15
-2
1
2
11
-13
7
5
-5
-3
30
-20
-2
-11
4
-4
-1
0
95
-76
195
-214
325
-323
0
26
246
-236
-31
-7
18
0
27
-34
40
-51
2:0
7
-7
3
-3
3
62
-57
122
-131
9
-9
1
-1
3:0
5
1619
-311
-1271
-13
-27
2
-4
15
-12
0
4
11
17
-33
3
-5
25
-24
155
-155
377
-378
5
857
-857
20
-17
15733
-15738
2:0
207
-179
-14
5
-22
13
36
-48
343
-342
0
74
-54
-21
4
806
192
-970
-32
1
2
-4
6
-6
1
43
2
20235
-20281
7
-1
1938
-1944
1
26
116
-68
-69
10
540
-551
1981
-1977
10
49
-26
-40
-1
2:0
1
29
-28
17
374
-392
-1
1
2
-2
3349
-3339
95
-99
-6
5
60
-66
89
-90
4
7
-1
4
-13
453
-450
513
-516
3
2:0
8
4
-7
-8
72
-62
-7
90
-86
4
72
-58
-2
152
-96
-65
133
-147
1
10
-11
175
5842
-6012
12
-12
3
-6
5:0
86
-79
1
20
-30
0
1
12
-11
73
-64
-10
9
-11
2:0
3
-2
0
22872
-22847
384
-409
9
25
-9
299
-183
1518
-1660
6
116
818
-939
1607
-1606
0
1
-2
17
-10
-7
3
400
542
-944
9
-10
14
-9
17
-12
21
-29
-2
11
9
-7
-10
-3
1
12
6
11
-16
-6
-9
12
-9
978
-960
17
-31
-3
34
-36
1
0
-3
1
4
2
-6
9
-2
-3
-4
28
745
-771
17
-18
1
-3
0
42
-38
21
-12
14
-18
-1
-8
1
58
-59
34
-30
0
11
-10
2249
14300
-13976
-2562
-16
25
-3
682
-687
-8
444
-395
65
-121
10
252
-241
25
-48
169
-78
-45
-46
316
-278
-33
0
20
1
2458
-2477
-7
2624
-799
-1812
-10
6
-8
-1
45
-29
-16
0
81
-75
5
-8
0
9
92
-89
-3
365
-280
5065
-5162
40
89
-94
-34
354
-341
1
0
1
-1
2:0
1
-1
3:0
1
-1
8:0
59
-59
0
1
5
-6
11
-10
1
0
-2
3:0
9
-9
3:0
1
-1
0
1
5
-6
3:0
2
-2
5:0
1
0
-1
1
-1
0
1
7
-8
2:0
4
-4
1
-1
0
1
-1
0
7
-7
4:0
2:1
-2
4
-2
0
-2
1
-1
2:0
1
-1
2:0
2
-2
0
4
-4
0
5
-5
6:0
2
-2
5:0
5
-5
0
10
-10
4:0
4
-3
2:0
-1
4:0
2
-2
1
-1
3:0
4
-4
0
16
-16
9
-9
8:0
1
-1
0
1
40
-40
-1
6:0
2
-2
2:0
1
6
-5
2:-1
3
-1
-2
3:0
4
-1
-3
2:0
8
-6
16
-17
0
-1
0
1
0
-1
3
-3
0
9
-9
0
1
15
-16
5:0
31
-31
0
3
784
-727
-49
-11
2:0
1
-1
2:0
4
-3
0
-1
3:0
1
-1
3
-2
-1
0
3
-3
7
-5
-1
1
2:-1
2:0
9
-9
29
-29
0
1
0
3
4
-7
3
-3
-1
0
5
-5
7
-7
2:0
1
-1
2:0
1
8
-9
3
-3
4
-4
3:0
2
0
-1
135
-93
-42
1
-2
5:0
5
-4
3
-4
2:0
3
-3
2:0
37
-37
1
16
-16
0
-1
187
-185
0
-1
13
-12
-2
1
-1
4
-3
-1
20
-20
0
12
-11
-1
1
47
106
-149
-5
6:0
2
6
230
-238
1
0
53
-52
-2
1
-1
10
-10
6
41
-43
304
-308
3
4
-3
-4
4:0
6
-5
2
40
-43
1
-1
2
-2
86
-84
5
-6
-1
0
13
-13
23
-23
2:1
0
4
-6
73
-73
15
-15
1
-1
2:0
3
-3
0
9
-8
-1
38
-38
0
2
-1
5
6
-2
-10
5
-5
3:0
24
61
-85
3
-3
7:0
2
-2
8
-1
-7
4:0
4
-3
-1
1
-1
2:0
1
-1
0
89
-88
1
-1
3
0
-4
0
13
232
-244
-1
2:1
-2
4
-4
1
0
-1
3
-3
0
1
0
45
-46
2
-2
2:1
-1
1
4
-6
1
-1
4
-3
2
-3
0
10
-10
16
-15
1
-2
5
-4
90
-88
-3
2
4
-4
-1
1
2:-1
2:0
1
-1
2:1
-1
0
2:3
-7
4
-4
1
-1
0
3
-2
1
0
-1
0
-1
1
-1
0
2
2:-1
3:0
91
233
-209
-112
-3
3
-2
83
-83
-1
4
5
0
-9
3
-1
-2
5
-5
24
29
-44
-8
9
2:-5
4
-1
-2
21
-22
0
96
-20
-75
0
2
-1
-2
0
5
-5
2:0
1
0
-1
0
5
2
-6
0
6
-2
30
-35
1
12
-13
0
5
-3
end
