v1
812
252
53
279
159
381
157
187
350
146
35
84
51
223
277
1
57
56
7
15
28
614
46
91
74
58
1
281
272
91
49
7
585
139
20
162
72
322
133
16
144
106
5
177
474
285
81
79
153
0
193
67
94
141
53
51
55
101
0
54
366
135
31
58
167
277
133
38
86
262
194
63
79
86
203
85
98
59
211
381
16
110
87
188
431
90
210
194
442
30
96
213
65
1
3
57
31
144
634
106
67
61
111
39
23
200
257
384
37
27
84
37
651
8
263
123
275
16
124
98
47
177
173
131
30
18
12
51
117
177
59
26
196
116
7
177
4
56
45
6
32
43
17
21
23
8
46
2
17
7
96
27
3
1
118
68
5
9
74
40
5
2:14
50
35
30
95
17
220
25
85
296
66
85
88
120
72
153
22
173
219
110
304
10
39
24
92
104
42
138
54
121
141
85
101
0
41
198
58
3
146
272
15
116
13
27
248
23
313
33
13
2
66
17
70
229
41
309
114
105
184
41
758
301
93
176
55
136
5
51
111
24
250
94
75
1
49
6
319
684
229
33
80
109
43
27
53
0
128
57
69
2
5
8
147
40
0
283
110
609
2
0
38
43
20
82
102
360
55
37
28
147
70
121
8
11
32
74
12
26
251
51
0
38
100
54
47
31
30
35
112
88
153
59
5
20
3
104
89
5
151
255
106
65
78
47
46
17
155
34
77
31413
3
5
22
9
237
53
2
42
173
76
8
112
36
8
22
986
29
137
68
100
11
71
166
18
47
3310
319
1892
328
1553
3073
691
1376
1784
6894
1052
1086
2650
4766
4989
3
790
830
8298
925
3524
2
4
8056
2843
14
1825
0
15
19
4444
3154
9
2
5
1
1414
13
106829
16642
1
7716
25
73
9417
32411
10
18
4
26
7
174
93
89
5
54647
0
863
27
0
157
7
2
27
57
18
162
27
10
3
8
2
2:1
11
33
724
20
40
121
15
3445
14007
3482
3093
1178
9030
7980
575
238
1430
1727
968
2
3
14
8
23
8
49
47
49
0
4
31
8
29
3
1
34
9
47
4
5
1
30302
9685
319
64
104
72
69
7
83
666
1
46
41
222
85
202
24
253
9
24
33
18
41
103
47
36
5
44
49
224
331
57
56
4
13
38
14889
138
1990
9722
2:1
162
1
93
8
14
60
30
-488262
272
303
357
3
0
164
108
234
200
61
31
132
31
17
14
73
259
117
38
545
962
134
40
369
284
187
153
235
15
371
102
12
67
228
96
245
121
104
28
173
94
92
637
113
609
37
103
325
0
100
319
0
598
20
49
331
563
86
112
0
207
67
341
19
445
245
132
19
25
0
45
68
265
168
377
646
196
726
582
139
87
106
0
707
28
169
164
94
709
601
28
96
21
16
8
33
6
204
11
90
69
23
12
132
29
97
35
19
31
151
492
151
600
121
341
103
146
199
1
136
6
148
31
67
0
28
218
6
113
55
0
31
135
64
121
99
214
410
21
392
131
511
223
27
45
123
0
9
256
43
768
0
104
0
5
7
0
186
241
112
3
25
158
56
42
869
143
171
154
94
84
143
3
10
0
52
0
32
95
37
57
382
204
119
204
132
65
426
64
475
294
182
29
40
141
255
96
15
50
886
246
159
118
0
20
115
0
15
140
28
31134
346
95
37
29
284
202
53
1156
182
8
190
52
21
1
15055
4114
0
1002
7439
6619
23997
47
2
0
2812
4320
474
1536
3133
1
8
4966
11948
104456
1
11311
0
51
38185
0
3607
227
117
73
57
7237
3762
44413
397
146
0
36
25
726
43
18
9
86
12869
5840
0
17599
7036
1721
1
2159
8
25
20
43
79
17
7
43
31949
9811
125
505
0
45
232
245
298
7
45
0
170
66
3
14815
0
150
2049
0
9886
148
16
23
45
7
1417470600
499:0
1
311:0
10
4
13
314
-305
-1
-11
-18
26
-27
4067
-4053
-4
15
-3
84
2591
-2688
-3
478
-379
-46
-59
118
1098
-1187
-27
66
-56
277
-286
127
-130
54
-53
3
4
18
-25
8
432
-364
-76
260
-110
-136
-15
11
0
-6
0
2541
-2540
42
93
-80
-24
0
-29
-3
12
-15
47
1041
-1088
9
26
-37
33
-28
4
-5
-1
33
-36
374
-357
-13
8
-12
5
-2
72
-60
6
-19
78
113
-161
-32
443
-401
293
-330
139
-143
2:1
60
-63
491
-488
2
-1
71
-54
6
-18
-1
-5
96
-93
51
-54
257
-160
-44
-48
-5
1
-1
5
46
-48
-1
15
206
-214
146
-156
7
-5
13
561
-524
-40
-2
-3
4
93
-81
-22
13
-10
153
-159
15
-15
4
17
18
-23
191
-158
-47
44
591
-575
-60
10
50
-61
195
-178
256
-270
3
-5
57
-51
271
-168
-109
125
-99
-26
90
-89
7
-7
278
-231
121356
-110895
-10479
178
-206
43
-12
-11
32
96
-52
-94
-6
328
-215
-81
497
-525
1
77
-51
366
-397
18
-17
43
100
102
143
-389
47
5
115
424
-585
2
1
-7
-2
101
-14
-82
-5
7
17
-23
5
13
-13
-2
66498
-61007
-5483
32
-44
7
-6
116
-89
-27
49
-34
-14
1
0
1196
-1187
638
-647
3
43
40699
-40744
-1
8
361
-370
11
2:-2
25
-18
-12
693
-680
-15
104
-104
36
109
-143
31506
-26890
-4597
4
-24
691
-691
7
1
-8
32
57058
-57073
-5
4633
-4642
10
238
-242
44
2061
-2042
7611
-7652
1
-23
11
-14
2:-4
3
130
-134
6
3
1231
-1178
-62
930
3305
-4130
7
-29
-83
2
369
-219
-135
-14
337
1055
-1363
797
-828
179
400
-546
-34
127
-117
1175
-1169
-14
342
-343
55
1071
-459
-660
-1
202
-203
5
53
604
9731
-10216
-174
-5
227
-2
278
-505
12
76
-78
21
-32
4
5
1
17
-23
-1
10
-7
47043
-47022
-25
-2
50
-40
-2
911
-915
284
-158
5960
-6090
7
-8
783
-778
7
29
-32
349
1584
-1938
-1
-2
25
11
19
-4
-52
78
-29
-25
37
-46
11
-26
2
9
2229
-2216
552
-576
3
0
-2
1
4
-6
198
-182
-15
1
49
42
-72
-17
40
-28
44
-17
-42
-1
0
10
30
-40
9
-6
0
7
12
-20
1226
25013
-20780
-5457
48
-48
12
70
885
-961
2
76
242
-327
11
0
185
-199
495
-234
-110
-150
449
-219
-96
131
-52
4353
-4525
1623
18452
-20048
-26
-42
6
115
-49
55
-122
1
-2
718
-723
22
311
-327
-5
42
-28
576
-489
3871
-3960
1
31
186
-230
196
-202
3
1
-3
1
0
2:-1
4
-4
5
-1
2:0
-1
-2
3
-3
0
2
-3
4
-3
3:0
3
-2
0
-2
2:1
-1
2
1
-3
-1
1
2:0
4
-4
0
-1
1
2:0
1
2:0
-2
2:0
1
3
-3
3
-1
0
-1
0
-1
2
-3
1
2
-2
3
-4
2:0
2
1
0
-3
1
2
-1
-2
2
0
-2
2
0
-2
2
-1
1
-1
2
2:-1
2
1
-3
0
-1
2
-1
2
-2
3
0
-3
2
-2
2:0
2
-1
0
-1
3
-2
0
2
-1
1
-4
2:1
2:-1
2:1
0
-1
3:0
1
0
2
-1
0
-3
1
0
3
-3
4
-1
-4
5
-4
3
2:-1
3
-5
2:1
2:0
1
-2
-1
0
5
-4
-1
1
3
-3
-1
1
2:0
-1
2:1
-2
1
-1
2
0
-2
0
1
0
1
3
-2
-3
3:1
0
-2
3:0
-1
3
1
-2
0
-2
1
2
-3
2
2:-1
0
5
0
-3
1
-2
1
2:-1
1
3
-2
2:-1
0
2
-1
4
-5
1
2:0
2
-3
4:0
3
-3
2
0
1
0
-2
2
-2
-1
1
0
2
-1
3
-5
0
2:1
-1
2:1
3:0
2:-1
0
2
-3
0
5
-4
3
-2
2
-4
5
-4
2:1
-2
2
-2
3
-2
2
-4
1
2
-2
1
-2
3
-3
0
3
-1
0
2:-1
1
2:0
1
0
-2
2
-2
2
2:0
-2
0
1
-1
0
3
-3
0
1
2:0
3
-3
4
2:-2
3
-3
103
-103
2:0
1
8
4
-11
4
-5
0
31
-32
2:0
1
-1
11
-11
3
-3
9
-9
1
-1
1
-1
3
-3
0
1
4
-4
-1
25
-25
3:0
1
2
3:-1
2:0
2
0
-2
4
-4
1
-1
28
-26
-2
0
2
10
-11
0
-1
1
2:0
-1
1
0
-1
0
1
0
10
-8
-3
0
6
5
-10
-1
15
-15
2
0
2:-1
0
1
7
-8
1
-1
1
2:0
-1
2:0
5
-5
0
3
-2
-1
23
-13
-8
-2
7:0
1
2
-2
75
-75
-1
3
-2
3
-4
7
-5
1
-1
27
-26
-3
4
0
9
-5
-6
-2
1
-1
6
-6
14
2
-16
1
27
-20
-8
1
3
-3
5
-4
11
-13
4
-4
8
-8
0
13
-13
10
2:-5
5
-5
2
-1
56
-41
1464
-1379
-101
17
-15
-2
6
-4
3
2
-4
2
-1
0
-3
1
13
-15
2
11
-12
3
-4
3
-2
12
-13
0
42
-42
3
7
-2
12
-16
2
-1
-3
-1
12
10
-23
0
1
7
-8
5
-1
-2
2
334
-237
-101
5
-5
3
-2
6
-3
-4
0
7
-6
1
0
47
-47
27
-29
3
1
334
-332
0
-1
35
-39
-1
2:0
2
0
-2
24
-24
0
31
-31
5
-2
-3
120
128
-243
-4
-1
1
0
5
0
-6
13
562
-568
-4
111
-114
2
19
-21
33
68
-95
699
-695
-5
-3
-2
1
-1
2:0
2
-1
5
1
113
-118
-2
1
168
-151
-5
-10
-2
-1
23
25
-45
0
28
110
-129
47
-59
0
4
2:-2
19
-15
64
-65
-1
5
-7
12
8
31
-50
1
19
-21
2:0
34
126
-154
-6
1
-1
1
8
-9
14
22
-34
-2
0
2
2:0
-1
0
-1
6
-5
223
-224
2
-2
2
-1
3
12
-16
0
15
386
-400
-1
0
9
-9
2
-1
1
4
56
-60
0
-2
22
1
-15
-4
-3
-1
13
-5
26
-29
8
-9
2:-1
79
-73
0
-8
3
-3
2:0
1
0
-1
5
-5
0
5
3
-6
-2
7
-5
9
-9
0
-2
1
-1
2
-2
0
1
2:0
4
-5
110
528
-462
-176
6
-6
5
-5
154
-153
-1
1
8
-9
10
-8
-1
3
47
49
-81
-16
22
3:-7
9
33
-42
215
102
-317
14
-13
-5
2
12
-14
2:1
-2
7
-7
2:9
-16
-2
3
2
18
-15
52
-60
0
1
29
-30
10
-10
18:0
1
-1
13:0
1
-1
2:0
2
-2
14:0
1
-1
1
-1
21:0
1
-1
0
2
0
-2
2:0
1
-1
15:0
2
2:-1
1
-1
3:0
1
-1
2
-2
1
-1
17:0
1
-1
6:0
1
-1
3:0
2
-2
6:0
1
0
-1
2:0
1
-1
2:0
1
0
-1
3:0
1
-1
1
-1
6:0
1
0
-1
11:0
1
-1
8:0
1
3:0
-1
5:0
2
-2
17:0
3
-2
-1
2
-2
5:0
1
-1
2
-2
0
1
2:0
-1
3
-2
0
-1
6:0
4
-4
6
-6
2:0
2
-2
3:0
1
-1
3:0
2
-2
23:0
4
0
-4
5:0
end
