v1
904
28
556
288
357
31
21
153
34
615
89
140
322
1
57
56
7
15
28
492
168
83
0
1585
32
85
117
132
1264
266
160
483
208
116
167
86
452
161
46
212
841
136
139
178
412
463
104
163
8
521
404
723
58
69
57
1017
26
7
221
106
94
30
20
319
281
7
308
41
77
139
189
11
259
410
109
480
288
294
109
172
239
65
56
45
81
19
25
17
8
48
120
12
219
1
118
14
94
35
3
35
57
17
30
300
91
349
7
414
19
226
188
110
314
39
116
104
42
138
54
347
552
0
97
185
441
345
2
83
70
229
16
25
528
1689
55
165
2
237
37
94
75
50
485
432
92
241
21
232
70
10
15
113
19
107
7
155
198
125
57
53
599
12
81
186
18
130
567
129
11
395
189
54
108
89
58
2
298
5
20
3
198
451
469
34
31493
5
31
138
66
33
67
30
85
88
84
112
36
30
17
1026
177
111
71
6080
1553
3764
12192
2650
4766
4989
6497
3424
925
3524
8098
3703
943
15
1533
933
5144
18
2
2:3
1425
119927
11286
9490
32411
32
207
93
94
36051
19299
28
50
35
67
218
39
18
189
10
2
1
11
1
13
726
21159
13301
9040
2056
189
665
973
49
4
149
68
3
1
43
47
4
6
40306
316
24
725
1
46
348
122
80
286
57
18
41
13
178
44
698
19
17
38
14805
84
2115
13
9722
1
163
1
101
32
72
13
42
-488407
45
570
1130
12
84
114
196
554
264
155
81
39
73
158
265
16
272
732
156
3
960
22
29
278
106
1074
431
118
330
69
109
598
37
148
44
144
74
194
179
49
185
104
367
30
49
138
996
936
59
1215
106
1133
46
524
44
502
414
694
216
237
287
346
99
55
26
77
26
117
10
118
73
4
79
123
191
113
118
447
173
120
94
1002
521
201
186
41
259
860
124
189
15
99
69
597
1202
301
100
224
186
6
31
1002
809
62
9
188
355
151
1141
82
110
444
175
140
2:51
221
69
107
256
55
169
72
349
5
79
156
106
255
42
211
31709
299
217
2:38
164
1008
144
22
416
18
47
9
3301
2211
7021
24014
13579
4
8086
17251
119949
7767
47
41812
26
20
35
356
55533
9
157
7
29
63
65
109
2
818
20
12
95
69
25205
17585
238
1430
1006
1689
17
38
61
122
111
40400
176
238
897
564
228
52
10
791
15078
11714
278
54
56
-488516
43
93
11
87
256
130
85
51
199
402
337
377
143
0
396
38
282
1072
310
7
24
266
425
89
64
45
171
63
630
28
76
106
99
62
94
357
0
114
5
107
33
449
194
122
85
265
275
15
0
31
88
414
0
277
156
379
81
10
711
225
5
0
150
365
317
96
239
81
72
373
334
250
300
587
376
69
510
1134
0
589
181
134
164
173
70
595
45
507
1
41
23
47
36
11
14
0
10
107
130
0
104
3
24
45
111
0
31
54
11
124
0
16
387
587
0
451
175
219
148
170
306
35
43
105
138
374
6
0
28
169
0
421
223
196
122
224
23
362
499
0
38
954
288
7
76
4
0
105
477
91
475
726
45
117
98
153
121
821
470
8
0
201
275
40
140
14
91
62
28
0
173
0
99
47
79
457
0
12
299
29
227
15
53
54
339
180
103
215
73
93
122
69
114
0
14
105
0
4
2
14
40
48
120
14
31481
116
0
40
64
0
24
297
22
105
0
1365
5
197
405
4926
4920
348
9647
4743
383
12138
1211
4086
13
3427
0
1358
1267
7
9422
18
22
1
4693
7607
1422
119941
11252
110
37493
4374
268
37
56
27
11
54631
0
1213
157
803
8
0
140
3460
34041
5707
2137
2
1823
2
6
17
9
71
45
26
11
14
73
14
29
45
14
40668
38
541
5
852
140
39
61
49
39
102
18
20
279
181
323
40
26873
164
114
-473987
245315
109472
299
-369178
204
237
206
954
131
126
519
707
716
355
207
495
130
110
484
2390
672
1140
287
166
177
187
1428
2537
30
1232
175
1985
288
57
158
464
96
813
1991
1189
27
254
513
260
536
204
1193
454
1534
289
210
308
271
600
1101
3
890
270
135
555
134
114
84
314
47
253
31732
221
1386
10380
5217
3794
16966
22458
2
7606
4669
8
5004
119911
1736
47937
28
141
186
55744
182
70
48184
176
28
40
27
30407
10313
120
1257
378
150
55
634
117
15006
1417980600
299:0
1
199:0
1
299:0
1
3:0
2
99:0
21
4
-9
4
-6
23
-23
16
4358
-3423
-950
2
1
271
6659
-6911
292
82
-401
18
-10
10
22
-40
17
-2
-16
2
2282
-2282
32
453
758
-1209
-35
5
8
559
-568
25
439
-469
5
30
-31
1806
-1810
350
-326
-20
19
1088
-1098
286
-287
337
157
-495
28
-34
6
1125
-1120
-4
242
-253
3
8
359
177
-533
-15
1128
-1117
675
-676
422
-428
-2
4
17
-16
-4
0
-2
6
-7
21
-3
-16
31
612
-644
5
8
-7
314
-319
5
9
5
-14
15
-13
4
-2
-6
29
2756
-2059
-260
116129
-99119
-17222
-256
10
5
18
-35
7
3
-10
24
-21
357
133
-486
4
20
-28
1552
-1535
-13
306
-301
-6
-7
13
41670
-33707
-7976
12
-6
19
-25
2
0
9
2
244
309
-553
2505
-2511
117122
-116616
-508
-2
310
2088
-2400
10
-10
341
-308
-6
3836
-2911
-951
1879
91146
-89093
-3929
24
-22
263
1468
-1735
3658
-3631
-5
-15
1534
-1266
5906
-5920
-224
-40
13
-9
492
-480
219
-233
405
502
212
-1120
28
-29
465
-457
922
5827
-6480
1187
3555
-4632
-375
11
725
-748
8
410
-413
17
10
1882
-1910
22
44488
-44514
11
-7
3
9
257
3093
-3351
9713
-9723
856
-144
-702
-11
6
8
892
-896
-10
16
-13
32
-36
2
6
1608
-1603
1020
-1025
13
-22
0
4
23
-6
-10
-5
15920
-15928
2691
34403
-31800
-5272
-14
26
441
629
-1099
26
490
-165
-337
326
-345
27
2617
-1867
13839
-14616
25
-1
-8
3
298
-305
332
-340
2
8
17
-25
2695
-2394
-293
-1
29265
-28995
-283
39
26
-69
2:-1
116
-115
1
-1
0
-1
1
108
-6
-102
0
109
-108
91
23
-114
53
63
-117
1
-2
51
43
-94
2:1
114
-115
1
-1
64
-14
-50
120
-120
4:0
2
-3
1
0
63
173
-235
0
91
-90
2:-1
1
0
67
-67
68
-8
-61
0
102
-32
-23
-47
0
120
-28
-16
19
-94
148
33
-182
0
136
38
-119
83
-137
82
-84
82
-25
15
-6
-64
-1
62
64
-126
2
-2
140
10
-149
-2
0
114
-113
143
-34
5
-115
2
86
-87
69
28
-20
92
-104
-65
92
-29
-63
0
101
-17
-84
178
-38
-140
1
86
-87
1
-1
0
-1
79
-15
174
-237
57
7
-63
-2
113
52
-87
32
-108
96
-27
95
3
-86
-83
1
56
87
-143
170
-29
-91
-48
-1
107
-108
54
40
84
-51
-40
-88
64
88
-150
2:-1
1
0
1
191
-192
60
-60
150
-149
46
-47
136
-136
69
27
-95
169
-2
-95
-73
57
-56
0
118
34
-153
1
-5
2:0
1
2
-2
-1
3:1
-1
1
0
-2
2:1
0
-2
-1
3
-2
2:0
-1
2
-1
0
2
-3
1
0
2
-2
-1
0
1
3:0
2
-2
0
-1
1
-1
0
1
2
-1
0
1
-2
1
0
1
-3
2
-1
1
-2
2
-1
0
2
-1
0
1
-3
3:0
1
-1
2
-1
0
-1
0
2
0
-1
0
-1
1
2:0
2
0
-1
1
-3
0
2:1
-1
1
0
-2
2
-1
0
-1
3
2:-1
2:0
-1
2
1
-1
0
-2
2
3:0
-2
1
-1
2
-2
3
-3
2:0
2
-1
0
2
-2
2:0
1
-2
2
0
1
-3
1
4:0
2
2:-1
2:0
-1
1
2:0
-1
2
-2
1
-1
1
4:0
-1
2:1
-1
0
-1
1
4:0
-1
0
1
0
2
-1
1
-3
0
3:1
-2
2
-2
0
1
-1
1
-1
3:0
1
-1
1
2:-1
2:0
2:1
2:0
-2
1
0
2
-1
0
-1
1
2:0
-2
0
1
0
-1
1
0
1
-2
3:1
-2
0
1
2:-1
1
-1
2
-2
3
-2
1
-2
0
2
-2
1
2:0
1
-2
2
2:0
-2
2
-1
1
2:0
1
-3
1
-1
0
3
0
-1
1
-3
1
0
1
-1
2
2:-1
0
-1
3
-3
2
1
2:-1
0
2
-3
2
-2
0
3
2:0
-3
3
-1
-2
0
1
-1
3:0
6
2:1
-1
1
-2
1
-1
2
-1
1
-2
2:1
-2
0
2:1
-2
1
-1
2
0
1
-2
-1
0
3
-3
0
2
2:-1
0
2
-2
2
0
2:-1
2
-2
1
-1
0
2
1
2:-1
1
0
-2
0
1
0
1
-2
2
-2
0
2:1
0
1
-2
0
-1
0
2
-2
1
2:0
-1
2
2:-1
1
-1
0
1
-1
2
-1
2:0
-1
3
-3
0
2
-1
1
-2
3
-3
1
0
-1
1
1
2:0
3
-3
4
-4
1
106
-107
2:0
3
10
0
-10
16
-15
-3
26
-27
0
2:1
-2
2
-2
0
12
-11
0
-1
2:0
1
0
-1
25
-23
3
-2
-3
7
-6
1
2:-1
13
-9
2:-2
18
-14
0
-4
2:0
1
0
2
-3
0
6
-1
-4
-1
2
0
-2
42
-38
-4
8
-5
-3
1
201
-201
3
-4
5
2:-1
3
-5
-1
3
0
1
-4
0
39
-39
4
2
-4
14
-14
-1
0
8
-9
4
-4
5
-2
-3
4
-4
3
84
1669
-1645
-76
-33
-1
5
-1
-2
-1
2:0
5
-4
-2
41
-40
7
-4
-5
24
-19
-4
12
-8
2:0
-1
567
-460
-110
-1
2:1
-2
4
1
-5
4
-2
41
-30
10
-19
365
-369
2
-2
45
-44
-1
7
-7
28
-28
5
151
59
-211
19
664
-586
-101
4
-4
113
-21
-88
743
-740
-5
1
188
-190
228
-212
-17
4
1
-5
39
-38
52
-52
35
156
-130
-62
2:1
27
-26
24
15
-33
30
95
-128
-5
0
11
-7
14
-17
0
1
-1
115
-113
-4
230
-230
1
5
2:-3
0
473
-471
7
-4
-3
72
-73
1
2
4
-2
-6
6
9
0
-7
2:-3
7
144
-145
-6
16
-14
0
-3
6
-3
1
-3
-2
10
-9
179
1528
-1528
-176
1
-1
132
-106
-29
1
51
81
-121
5
-18
8
26
177
256
-467
0
3
11
-2
-3
1
19
-28
0
2
7
-7
21
7
-30
2
10
4
-16
-1
2
-1
0
-1
8
-8
2
2:-1
0
1
-1
3
-3
2:0
1
14
-3
-12
1
5
-6
2:0
4
1
-4
-1
0
1
-1
0
1
3
-4
0
5
-5
4:0
1
-1
2:0
6
3
-8
-1
4
-4
0
1
-1
0
6
-6
2:0
1
-1
31
-29
8
-5
-4
-1
18
11
-23
-5
11
-5
-7
0
13
4
-10
0
-6
0
-1
4
-2
-1
21
-21
-1
19
-19
2:0
3
13
10
-26
0
1
4
-4
-1
11
-1
-10
0
3
-3
10
-10
2
29
-24
-7
2
9
-11
2:0
18
-18
1
12
-13
0
10
-10
1
-1
1
0
10
-4
47
-54
15
-3
-12
1
12
50
-60
2
-5
9
15
2:-11
52
-52
-2
9
15
-21
11
-14
2
-1
1
3
-5
27
-13
-10
1
4
-7
25
-27
1
-1
0
1
0
1
0
-1
11
-12
7
-7
0
1
8
-9
22
-16
-4
14
-4
15
-27
0
1
-1
10
9
-19
16:0
2
2:-1
0
2
-2
27:0
3
0
-2
-1
1
0
-1
9:0
1
0
-1
1
-1
9:0
1
0
-1
3:0
1
-1
3:0
1
0
-1
0
1
-1
4:0
1
0
-1
1
2
-3
15:0
1
-1
8:0
1
0
-1
6:0
2
0
-2
2:0
1
-1
6:0
1
-1
11:0
1
-1
1
-1
11:0
2
-2
3:0
1
0
-1
3:0
1
-1
10:0
2
-1
0
-1
0
1
2:0
-1
30:0
2
-2
4:0
1
-1
0
2
-2
7:0
1
-1
5:0
1
-1
2
-2
7:0
1
-1
0
1
-1
2:0
1
-1
14:0
2
-2
2:0
1
-1
1
-1
2:0
1
-1
7:0
1
-1
0
1
0
-1
3:0
1
-1
0
2
1
-3
2:0
1
-1
3
1
-3
1
-2
0
3
-3
0
1
2
-3
0
2:1
-2
0
3
-3
2
-2
2:0
1
-1
0
5
-5
4
-4
4:0
1
0
5
-6
1
3
-4
2
0
2:-1
0
3
5
-8
0
1
3:0
-1
1
0
-1
2
-2
4
3:-1
1
end
