v1
803
207
536
222
264
52
637
165
188
363
1
57
17
39
7
15
65
81
103
393
528
82
213
140
592
159
234
46
86
143
435
16
101
76
452
22
118
167
348
158
67
278
27
190
399
156
7
24
225
291
58
111
74
96
7
80
46
33
257
79
48
9
29
110
93
131
52
59
805
188
292
5
134
90
404
212
230
60
66
213
36
33
57
775
34
64
42
501
55
369
254
27
28
328
77
140
14
111
34
40
8
386
275
549
16
24
157
80
345
59
50
373
130
29
28
17
38
43
19
36
6
8
46
2
3
14
130
4
96
22
73
9
74
45
31
42
5
65
112
245
446
1
173
120
94
131
414
110
304
10
39
116
284
54
121
141
64
21
142
25
231
3
146
5
282
404
336
15
31
2
153
229
41
521
182
808
199
102
71
22
312
55
56
111
24
42
208
94
75
50
6
946
9
56
221
33
29
203
44
164
43
14
69
15
147
40
379
14
339
171
182
20
184
452
175
70
121
8
11
32
101
351
100
54
35
12
61
95
32
20
2
86
153
59
5
23
69
35
2
87
5
257
445
63
155
34
123
31368
7
22
9
12
225
53
44
85
88
76
8
112
36
8
22
1130
22
179
237
15
3
47
9
3301
2211
328
1517
36
5140
8678
2138
2650
1551
3215
4989
9921
1797
2652
2
8096
3703
943
15
19
7590
1
18
6
2
1425
4053
102776
16643
7741
73
9417
32310
101
7
21
4
280
109
5
16
54631
731
50
35
12
62
157
9
27
57
18
162
27
10
3
10
2:1
11
21887
21281
575
238
247
1183
539
523
665
436
532
3:1
2
6
5
11
28
3
58
122
37
3
1
43
47
4
6
40306
64
176
76
83
666
1
46
263
85
202
24
251
2
9
57
18
41
103
47
85
173
525
19
17
38
14805
150
72
1990
9723
1
162
1
101
14
8
11
71
13
-488517
75
118
4
187
133
12
235
3
219
5
8
14
287
41
24
14
21
4
35
104
107
64
52
143
84
352
78
195
125
470
22
47
121
197
27
21
186
74
259
144
45
129
244
73
178
151
102
72
36
153
133
46
247
145
97
70
37
71
20
106
131
0
15
3
66
59
186
177
8
2
62
105
6
27
89
66
245
237
243
479
114
337
104
145
52
132
12
595
48
141
202
370
86
52
59
69
13
24
104
163
330
71
178
61
84
151
60
386
113
40
207
630
1
325
147
40
59
71
379
441
129
8
197
394
31
61
132
210
482
43
50
176
201
219
87
85
44
242
112
151
4
20
52
73
181
40
28
83
26
8
2:1
7
5
18
2:3
25
2
73
230
211
12
7
6
40
140
165
497
12
151
7
23
119
176
240
2:35
96
234
29
68
0
49
399
27
97
167
418
128
111
280
29
170
144
281
17
14
413
666
114
34
51
8
12
184
41
258
404
439
41
93
334
115
74
17
1
189
88
94
360
12
103
537
321
89
62
43
2
33
106
37
57
94
134
129
235
478
142
99
285
10
52
270
26
56
3
71
158
334
1
253
14
37
32
132
171
437
72
162
172
42
155
60
50
143
8
85
38
17
18
38
4
77
106
31398
51
31
16
145
4
96
241
39
40
25
62
990
54
122
89
23
92
90
43
5711
1865
677
2410
9647
345
4780
10519
1620
1211
3663
4349
1304
2236
8022
53
2
21
2805
3373
933
5151
1
8
4995
116367
3544
1736
6032
41843
46
16
13
81
75
133
53
19
11037
25036
19344
306
47
38
169
51
9
743
29
127
63
6
18640
5387
1178
9030
8141
337
1912
705
1
143
463
0
1220
5
1
26
19
124
14
6
8
40
30
13
23
36
30332
10057
115
141
31
21
68
670
39
15
103
714
17
138
102
28
230
54
186
88
128
19
169
14847
11834
177
133
5
19
1417582800
399:0
1
402:0
231
-213
3
58
-50
1373
1371
-2672
-72
301
-146
-176
1094
-1055
36
-74
-1
4
49
-51
1
5
-8
49
-12
-38
10
22
-31
5
888
-872
-5
-3
8
-16
434
-439
17
223
-170
-39
-31
5
43
-44
1329
-1179
-155
61
-60
2
-1
68
-51
76
-57
-30
2
209
-203
-4
-6
-1
125
62
-176
-13
86
-80
-6
141
-75
190
-257
96
-97
0
241
-214
-22
34
-21
-16
-2
60
-55
-3
48
-35
-15
-1
26
-4
-14
37
-38
-7
576
-564
357
-153
-177
197
438
-412
-233
168
-196
19
-8
-1
6
-13
12
74
-58
-32
948
-938
17
26
-51
3
84
-69
29
-37
44
-53
270
-249
-15
-5
87
-59
60
-82
192
-167
92
-114
-9
16
7
-14
277
-260
65615
-59813
-5566
-247
25
-19
211
651
-864
2898
-2887
70
-82
-20
9
41
-42
81
1880
-1725
116
-357
91
105
-197
-1
35
-35
77
-18
-51
-8
80
-75
-3
20
-22
-2
15035
-14283
-726
-26
6
-2
17
19
-36
680
-658
-16
1396
-1381
-22
308
-304
11900
-11883
-23
453
-427
-28
35
-14
292
-215
-84
597
-595
3379
-2161
-1193
-39
169
23
12645
-12823
49
2036
-2094
-6
11
93
188
-288
130
1707
872
-2714
26
3909
-3904
59
-89
30
1512
-1535
487
-487
10
3554
-3459
-100
-13
113
-109
419
-422
198
-191
-6
83
1230
-1141
558
-727
3
135
113
-252
56
-33
870
-747
-133
964
-980
50
108
-155
771
8131
-8866
67
-73
-23
-9
3
46
-42
26
-17
44
-57
40
-39
16091
-16089
55
-57
13
-11
97
218
-209
4694
-4806
0
-2
6
2100
-2067
474
294
-775
54
26
-87
18
-30
1591
-1514
-89
77
-28
-37
13
-16
2
-12
33
1727
-1741
407
-424
64
448
-504
-9
25
-22
18
-11
38
46
-90
3
-3
3
-4
40
-37
-7
316
-306
12
3140
49255
-42558
-9814
-22
22
1645
14
-1562
-84
34
-65
423
959
-1335
321
-365
2
-27
673
-546
15497
-14307
4226
-5478
-4
-65
50
-48
3
7
-6
2401
-2273
-103
-30
22
308
604
12526
-13454
114
1387
-1508
1
223
-209
-22
2
-2
0
3
0
-3
-1
1
0
2
1
-2
0
-2
4
0
-3
2
1
0
-1
-3
0
4
-1
-2
-1
2
3
-3
-1
2
-1
4
2:-2
2
-2
0
-1
2
-2
-1
3
1
2
-5
6
-6
6
-7
2
0
1
-3
1
2
4
-6
3
-4
2:0
5
-1
1
-2
-3
0
1
3
2:-2
4
-4
2
0
-2
2
-2
2:1
2
-3
2
-2
1
5
-5
4
-2
-1
-2
2:2
5:0
2:-2
4
-5
4
-2
-1
3
-4
5
-3
0
-2
3
-1
1
3
-4
2
-4
2
-1
1
-2
2
1
2:-1
1
2:2
-6
2
3
-5
4
1
-1
1
-4
6
-5
-1
1
2
-3
-1
4
-3
2
-1
0
2
-3
2
0
-1
0
4
2:-3
2
3
-3
1
-2
2:0
1
-1
0
3
-3
2:1
-2
2:3
-7
4
0
-4
0
6
-3
0
2
-5
2
1
2:-1
2:0
4
2:-2
2:2
-1
2:0
-4
6
-5
2
-3
5
-4
1
0
-2
1
0
2
-2
-1
2
-1
0
1
-2
0
1
2:0
2:1
4
-5
3:0
4
-4
0
-1
5
1
3:-2
1
-2
5
-4
1
-2
6
0
-5
4
-3
4
-2
-4
6
-4
5
-1
-2
1
-3
1
4
-6
3
-2
2
1
-2
2:-1
6
-6
2:3
-5
1
3
-3
2
0
2:-1
1
-1
1
0
-3
1
2
-2
3
0
-1
-4
3
-3
2
0
1
-3
4
0
-3
5
-2
2
-4
3
2:-2
2:1
0
4
-7
5
-5
6
-2
1
-3
0
1
2:-1
2
-3
1
3
-1
-3
1
-1
4
-3
6
-1
-6
1
-1
0
6
-1
-3
-2
6
2:-2
0
-1
2
-1
1
-2
-1
0
2
2:0
-2
7
-5
0
1
0
2
-3
-1
1
-1
3
-2
-1
0
3
-4
0
2
0
-2
5
0
-4
1
-2
2
-2
2:1
0
2
-2
-1
2
3
-5
2:0
-1
1
2
-2
5
-2
-3
81
-81
1
0
6
-6
15
-16
5
-4
-1
4:0
4
-3
3
-4
1
-1
1
0
-1
9
-9
1
3
-3
0
22
-23
0
9
-2
-7
1
0
1
0
2:6
-13
0
-1
1
-1
0
1
0
7
-7
0
1
-2
2:1
2:-1
1
-1
1
6
-7
0
2:1
3
-5
4
-4
0
18
-18
3
-3
2:0
2
2:0
2
0
-3
2:0
1
2:-1
2:0
1
7
-8
22
-12
-10
4:0
92
-92
2:0
3
0
-3
4
17
-17
2:-2
5
3
-5
-1
0
1
4
6
-13
15
-13
16
-13
-5
2:0
10
-5
2:1
-7
16
-15
3
-2
0
-1
52
-43
1195
-1121
-55
-22
-3
1
-1
-4
6
-6
1
0
4
-3
-1
12
-13
21
-21
0
108
-103
2
1
-8
0
11
-11
19
-19
1
-1
9
-5
3:-1
3
254
-219
-36
-3
1
6
-6
3
-1
24
-26
-1
38
-38
5
20
-24
232
-223
-10
31
-27
-3
7
-1
28
-11
-20
-2
0
2:93
-185
-3
3
16
354
-372
20
102
-122
2:0
-1
11
-7
67
-16
441
-496
13
38
-40
-7
-1
2
-3
6
66
-71
-3
113
-107
-1
-5
5
-4
30
-29
41
-40
0
20
101
-113
15
-26
1
19
50
-69
4
1
-4
-1
5
11
-17
18
-6
-12
40
94
-134
7
-5
0
-1
4
15
-17
-2
3
-2
0
-2
2
125
-124
17
-18
-2
0
18
-18
13
618
-631
0
1
2
11
-11
2
35
-38
2:0
2:2
-6
6
1
-4
0
2
0
19
-23
5
-1
-3
103
-103
11
-9
0
2
-4
-1
2
-2
3
-2
4
5
-11
2
0
-2
2:0
1
0
3
-3
3
185
987
-958
-215
4
-2
243
-205
-20
-12
-7
-1
34
72
-96
4
-10
0
-4
-2
6
34
80
-11
-107
16
-19
5
-4
4
-3
1
7
-9
-1
1
2
8
-3
61
-67
1
26
-29
0
13
-11
-2
3:0
1
-1
9:0
2
-2
16:0
22
-22
1
-1
9:0
1
-1
1
-1
4:0
1
-1
4:0
3
-3
5:0
2
-2
21:0
3
-2
-1
5:0
2
-2
0
1
0
-1
0
1
-1
10:0
1
-1
17:0
2
-2
3:0
1
-1
0
2:1
-2
6:0
1
-1
1
0
-1
0
2
-2
0
1
-1
2
-2
0
1
-1
8:0
2
-2
2:0
1
-1
6:0
2
-2
4:0
5
-4
-1
2:0
5
-2
-3
0
2:1
-2
0
1
-1
10:0
1
0
-1
9:0
1
0
-1
4:0
1
2:0
-1
1
-1
5:0
1
-1
2
-2
4
-4
0
1
0
-1
2:1
-2
2:0
1
2:0
-1
7:0
1
-1
1
-1
5
-5
1
-1
1
-1
3:0
1
-1
3:0
1
-1
1
-1
9:0
4
-4
1
-1
0
2
-2
1
-1
2
-2
3:0
3
-2
1
2:-1
3:0
2
-2
0
2
-2
3:0
2
2:-1
6:0
1
-1
1
-1
1
-1
4:0
2
-2
5:0
2
2:-1
3:0
2
-2
3:0
2
-2
0
1
0
-1
7:0
1
-1
9:0
1
-1
0
1
-1
end
