v1
850
207
1022
52
187
615
214
100
237
1
57
56
22
127
19
413
356
477
49
756
159
366
594
0
101
528
103
163
41
481
92
871
23
187
225
534
176
53
33
194
27
36
136
139
276
59
0
415
578
292
5
25
109
90
50
796
339
69
57
376
539
135
327
463
309
93
312
339
8
386
275
16
573
288
294
59
526
56
45
116
26
8
51
144
3
1
118
82
74
123
65
38
63
11
245
447
173
120
225
414
110
36
268
10
33
6
116
104
180
316
227
25
231
3
433
116
13
611
46
2
83
70
229
41
423
280
808
301
71
389
191
344
75
265
1023
265
80
128
126
162
40
393
339
308
45
20
184
452
175
17
53
81
40
8
11
32
385
29
38
100
54
47
61
55
92
2
86
153
59
5
23
104
89
156
551
46
172
34
92
31
31370
5
22
9
290
44
173
196
36
8
0
22
1152
179
237
15
3
47
3310
2211
328
1553
5140
10816
2650
4766
7823
7087
4449
2
11799
943
15
3448
4169
9
2
5
1
1427
119927
3544
1
7716
25
26
47
0
9417
32379
32
10
18
4
72
317
5
55694
36
57
1
179
50
2:1
11
884
15759
26525
575
1668
539
523
1101
532
2
1
2
53
86
55
39
37
3
1
43
51
6
30302
10004
64
176
76
83
666
1
46
263
85
202
24
253
9
22
35
18
41
235
734
38
8
14797
2212
9723
1
162
1
101
14
90
13
-488517
75
43
37
42
45
221
35
190
30
192
45
21
2:62
105
110
26
24
0
39
13
4
0
48
23
368
49
66
18
192
165
59
291
43
37
0
158
43
101
119
0
75
127
53
0
24
82
38
27
207
0
74
92
180
10
121
16
29
28
243
96
123
257
28
57
45
72
87
32
141
15
154
476
150
21
85
86
63
185
22
281
42
30
2:95
37
84
332
116
5
11
85
45
217
131
27
0
144
110
84
19
213
76
22
14
95
5
122
41
76
14
108
116
65
199
19
29
10
28
67
136
85
82
120
166
44
83
9
37
334
87
1
308
272
0
54
48
154
205
283
151
25
180
124
86
68
215
63
187
470
23
24
321
29
120
25
55
91
29
462
68
8
76
316
172
116
11
2:33
0
91
34
153
27
0
211
32
187
333
94
27
24
28
413
120
65
54
39
49
125
73
50
22
166
4
38
41
16
23
44
28
3
4
1
7
32
24
47
2
72
22
158
90
123
5
14
6
0
8
3
25
4
11
42
87
38
220
127
2
294
65
79
149
0
160
0
16
275
35
0
31
65
261
2
68
49
0
536
0
6
11
107
30
91
35
191
101
100
28
3
108
207
5
68
370
52
196
6
30
1
291
23
345
4
213
402
8
12
0
225
638
24
0
295
178
17
223
8
0
21
60
111
106
3
2
66
38
33
0
44
56
37
0
45
27
21
94
32
325
3
63
90
317
163
162
178
8
42
96
10
40
33
200
38
76
114
71
83
85
125
57
324
239
99
201
0
442
59
534
0
51
232
73
248
22
0
6
97
32
345
72
127
2
33
224
117
77
157
47
27
83
53
31626
238
5
0
4
29
50
2:48
36
40
25
99
1
7
0
120
7
25
1012
57
37
50
67
23
0
182
43
197
5514
1530
335
2384
703
9647
1098
4027
2313
1
7819
1176
830
5310
6052
1401
8077
2826
1859
1514
933
0
1997
3146
1
8
6
4997
11911
104457
5279
6038
0
45
32657
9124
50
51
7
59
71
4
40
37
35
1
20
16
37
19
38
7237
28798
0
18596
160
571
50
35
74
164
2
45
23
34
1
52
91
45
10
2
1
3
748
29
14
15
12
19
58
63
15
7827
4973
8134
3093
1178
0
9030
2004
1247
4726
816
247
2910
972
6
1
6
10
9
18
1
47
2
3
1
8
21
15
0
26
1
0
16
8
4
37
3
102
20
40098
401
126
31
98
502
139
69
5
9
94
64
430
47
140
100
130
0
47
13
28
0
49
168
488
37
19
4
15011
0
2044
9735
177
0
111
15
92
1417492200
299:0
1
549:0
132
-91
-15
18
3434
-3368
-62
-5
403
107
768
-1301
13
-6
3679
-3135
-496
48
-41
-43
104
25
10
-129
-12
27
-33
1203
-1185
308
-237
-88
43
171
-221
6
68
-70
95
-67
-25
1
-8
299
-278
0
-19
42
-40
41
-29
1280
-1275
-23
69
219
-254
33
49
-56
-42
-10
21
968
-986
-10
410
-381
706
-676
-61
880
-857
54
74
-144
-8
11
-10
0
143
-145
27
18
-25
50
245
-273
-20
363
-358
-21
-5
192
-115
-76
42
-27
192
79
-275
32
71944
-71972
5288
-4240
-1043
-16
259
-86
-167
-12
39
162
-176
-16
63
253
120
-86
-358
25
155
-168
-7
155
-21
-98
0
-28
15504
-14697
-808
22
-28
6
1340
-805
5789
-6317
222
-220
175
-191
56
352
-311
-97
-4
3867
-3831
-7
2795
-829
-1956
34
206
-90
-131
19338
-19251
3496
-3624
-14
114
374
-484
-9
850
17911
-18756
289
-288
35
56
-70
665
-580
9
1537
2204
-3752
-58
-42
549
-365
-112
920
-855
6
7808
-7927
297
501
-738
-44
125
-31
-83
4010
-3906
-126
495
25825
-26008
-331
-19
6
2:9
-21
3468
-3452
157
-176
16096
-16072
57
-81
417
-406
51
-58
317
-186
16
-6
5629
-5772
104
-96
-2
914
-880
460
84
-494
44
-126
-11
24
70
1348
-1422
19
-36
62
-3
261
-86
-180
131
-172
46
-55
9
-3
964
-961
14
-3
2485
26071
-18165
-10410
15
1486
-1494
25
21
5
-17
114
142
1380
-1615
236
-241
-13
-49
116
3123
-3240
4481
-708
-3712
-32
11
3
174
-169
-8
4743
-4673
4055
-4148
62
1312
-887
-502
-20
2:-2
4
13
-7
8
1
-6
-11
11
-12
-1
4
11
-10
-3
10
-11
0
16
-9
-7
0
7
-4
-3
6
-7
4
2
12
-14
3
-7
3
0
5
2:-3
2
-2
-1
10
-6
0
-1
-2
2:0
-1
2:0
2
8
-6
-3
5
-6
1
8
-9
12
-5
-8
10
-4
0
-5
6
-7
0
7
9
-16
1
5
-6
6
5
-8
6
-7
4
3:-2
4
12
-10
3
-3
8
-10
-4
1
2
0
-3
3
-1
1
-3
6
-6
12
-11
11
-11
7
5
-9
2:0
6
-2
-5
14
-15
3
4
2:1
-8
6
-7
-2
5
1
-4
-1
1
-2
8
-5
-1
-2
15
-11
-3
5
-6
3
1
15
-18
5
-5
0
-1
5
-1
-3
-1
3
-2
7
-1
-7
3
0
1
2
0
-6
1
7
-7
9
-5
0
3
-7
0
4
0
-4
1
0
6
-5
0
16
-12
-7
1
18
-13
2
-4
0
-3
9
3
-9
0
5
-1
-2
1
-3
-4
17
-7
2:-4
-1
10
-4
4
-6
-3
0
4
1
-6
1
3
0
-4
0
2
-1
13
-15
1
13
-13
0
1
0
3
5
-7
0
-1
1
-2
8
-4
0
-3
2:3
-4
-3
-1
1
2
0
-1
-2
20
-20
10
-9
17
-11
-6
6
-5
-2
13
-9
8
0
-11
15
-16
1
9
-6
2
-4
1
-2
2:0
4
0
3
-8
1
0
3
-2
1
-2
0
1
0
5
9
-16
10
-4
2:-3
5
0
4
-9
3
2
-4
6
-6
1
15
-16
1
-2
0
2
-2
0
2
-2
1
-1
1
11
0
3
-4
-5
-6
15
-15
1
2:3
1
-6
-1
2
0
1
5
-8
0
1
-2
4
13
-16
0
1
3
-1
3
-4
1
14
-16
13
-10
5
-10
4
13
-11
-6
2:2
-1
0
1
-4
0
6
-5
5
2
-6
11
-12
2
0
-3
3
-3
7
-6
3
0
5
-6
-1
7
-8
2:2
-2
-3
2:3
0
13
-19
2
-1
4
2
1
-8
13
-7
-3
11
-3
0
-9
1
-2
13
2
-15
3
5
-8
0
3
-3
0
3
-2
2
-4
4
3
-4
-2
0
3
-4
5
7
-3
-4
0
-4
7
-6
0
9
-5
-4
13
-7
2
2:-4
-1
7
-2
1
0
-5
4
12
0
-14
-4
5
3
7
-8
-3
-4
8
-6
-1
10
-11
2
2:-1
9
-1
-3
-4
1
-1
8
-3
6
-8
-2
1
-2
6
-7
0
3
-2
0
1
2
0
-3
4
0
-3
1
3:-1
2:1
0
4
5
-7
-2
2:-1
5
-4
-1
1
-1
6
1
-4
1
-2
2
-1
9
-5
10
-17
3
0
-1
2
5
-2
7
1
-14
0
8
6
-14
0
5
-6
2
2:2
-1
5
96
-103
0
1
3
7
9
-13
-7
1
0
-1
2:0
5
-4
1
7
1
-8
2:-1
2
16
-18
6
-6
3
-2
7
-5
-3
1
2
-3
0
5
-5
3
-2
2:0
-1
9
-9
0
1
6
-5
-2
6
5
-7
2:-2
4
0
-4
2
-2
0
1
9
-10
35
-30
-3
-1
3
53
-53
-1
2
-3
-2
5
2
-6
9
-9
6
8
13
-26
6
4
-11
-1
6
7
0
-11
-2
2:1
50
-52
12
1227
-1238
76
-42
-34
6
3
-10
0
2
4
11
-16
3
15
-18
95
-95
6
3
6
-9
-4
8
5
-14
8
-8
349
-310
-41
3
2
-3
47
-26
173
-184
22
-32
-1
9
-3
11
15
-30
-1
11
-13
7
90
146
-237
-5
2
-1
12
403
-394
103
-126
3
-3
19
-15
15
51
414
-474
12
-18
4
-7
7
57
-64
2
-1
135
-123
-6
-3
28
9
-19
87
-100
0
24
-31
10
44
-54
1
9
-9
7
12
-1
-11
14
136
-150
-11
3
6
10
-17
1
-3
0
9
-6
156
-159
4
0
-1
4
0
-7
0
1
23
0
356
-378
-2
1
2
14
-16
5
44
-42
-5
5
-8
17
-8
53
-57
2
-6
-1
12
-6
0
-4
2
1
6
-7
-2
3
2
-7
2
4
58
530
-428
-158
-4
185
-187
3
7
9
-19
9
22
74
-104
23
-16
2
-9
5
36
-44
157
-48
-106
-1
9
-4
-7
2:2
4
5
59
-70
1
28
-19
-8
-4
4:0
3
-3
1
-1
0
1
-1
3:0
1
-1
4
-4
8:0
1
-1
4:0
1
-1
4:0
1
-1
2:0
22
-22
9:0
2
-2
0
1
-1
3:0
1
2:0
-1
0
2
-2
7:0
2
-2
10:0
4
-4
0
2:1
-2
15:0
1
0
-1
0
1
-1
2:0
1
-1
2:0
1
2
-3
1
-1
4:0
1
-1
5:0
1
-1
10:0
1
-1
4:0
1
0
1
-2
10:0
2
0
-2
7:0
1
-1
12:0
1
-1
0
3
-2
0
-1
2:0
3
-2
2
-2
-1
2
8
-8
-2
2:0
1
-1
2:0
1
0
-1
5:0
1
0
-1
4:0
1
-1
0
1
0
-1
0
1
0
-1
1
-1
8:0
1
-1
3
-3
5
-3
-1
0
1
-2
3
-3
2:0
2
2:-1
0
1
-1
1
-1
4:0
1
0
1
-2
1
0
-1
7:0
2
-2
0
3
-2
-1
4:0
3
0
-3
3:0
1
-1
6:0
1
-1
3:0
1
0
4
-3
0
-2
3:0
2
-2
2:0
1
-1
2:0
1
-1
3:0
2
2:-1
4:0
5
-5
0
1
-1
7
-7
1
-1
1
0
1
-2
2:0
3
0
-3
4:0
2
-2
0
3
-3
1
0
-1
2:0
2
-2
3:0
1
-1
3
-3
0
1
-1
2:0
2
1
-3
4:0
1
0
-1
2:0
1
0
1
-2
2
0
-2
5
-3
-2
0
1
-1
2:1
-2
0
1
-1
3:0
2
-2
0
1
0
-1
0
3
-1
-2
0
1
2
-3
0
1
2:0
3
-4
2:1
-2
1
3
-4
3:0
1
2
1
-4
2:0
6
2:-3
1
-1
1
-1
0
3
-3
3:0
1
2:0
-1
2:0
1
0
2
-3
0
1
-1
2
0
-2
7:0
2
0
2:-1
6:0
2:1
2:-1
8:0
1
0
-1
3:0
1
0
3
-4
4:0
1
3
-4
2
-2
0
1
4
-5
4:0
end
