v1
620
252
45
7
13
426
288
0
198
52
115
24
48
130
220
146
102
17
51
177
47
106
43
185
19
37
7
15
28
533
77
50
0
66
158
155
374
24
140
297
143
7
145
159
162
204
323
271
309
15
111
86
374
41
11
149
17
8
215
66
107
70
98
171
156
152
140
107
21
72
63
31
58
30
91
46
281
115
138
20
156
12
74
257
47
80
14
134
93
62
180
45
0
166
507
248
27
393
38
90
371
4
0
377
44
50
339
69
0
57
31
214
0
159
0
288
0
223
29
99
7
98
141
127
55
369
281
28
45
283
53
24
139
24
92
15
58
4
7
147
153
369
16
43
0
61
469
207
47
34
105
189
259
22
101
22
181
40
16
12
33
38
25
18
12
7
8
11
23
7
1
51
14
130
4
13
0
90
0
7
8
2
71
0
9
57
17
7
52
64
2
9
19
35
3
35
0
74
118
9
55
63
85
20
71
27
129
94
13
8
78
95
120
94
45
86
160
35
31
298
98
0
206
10
33
6
116
146
117
75
30
91
35
106
186
0
16
0
84
31
0
166
3
146
5
97
185
31
125
248
6
31
110
189
15
33
83
70
229
41
309
68
0
46
43
11
31
8
12
139
36
808
301
93
231
81
55
33
23
44
62
3
2
24
42
115
56
37
5
89
75
50
328
0
580
53
162
115
33
29
51
18
0
48
86
44
0
2
34
0
90
38
19
107
7
8
147
40
158
125
110
609
2
81
20
77
21
86
60
270
82
40
175
34
99
58
8
11
32
191
0
99
73
22
0
29
38
100
54
35
12
53
8
35
20
34
58
88
153
59
5
20
3
104
0
89
5
33
224
194
204
47
21
63
134
34
77
14
31402
5
22
9
12
139
53
33
50
3
11
33
85
69
19
66
10
8
21
91
8
0
28
2:4
22
930
2
54
28
116
22
68
111
71
15
151
18
47
281
3029
2211
328
1553
2370
1394
1376
2464
5116
3236
2650
4766
4992
790
830
8298
4449
2
8091
5
2821
882
958
1533
933
474
509
1014
3153
1
11
6
2
1425
119927
3545
1735
6006
26
47
4
9413
32305
74
32
10
22
11
22
0
39
81
8
2
4
40
47
26
73
19
17
5
16
65
35636
19661
50
35
47
27
32
125
7
2
45
10
12
16
1
6
12
157
5
27
10
2:1
0
1
10
2:1
739
7
54
32
117
3
2:6
3445
17489
13301
7894
86
575
441
1227
873
133
56
665
968
2:2
1
5
17
27
2:2
49
9
28
10
84
9
8
14
6
3
1
43
37
2:10
40306
64
176
69
31
59
666
1
46
41
0
222
85
92
110
124
15
0
138
9
2
20
6
29
18
41
103
47
13
18
0
10
14
30
64
109
131
184
116
57
37
19
17
38
14955
52
1997
13
9722
2:1
162
1
12
60
29
14
18
10
7
19
1
3
32
17
3
35
1417792800
619:0
4
-2
-1
11
3
-15
0
83
-78
2
-5
10
8
-15
7
79
1411
-1489
-13
9
0
2
266
-275
11409
-11410
31
113
-145
6
-3
0
1
0
22
-19
35
-32
-9
14
-8
164
-151
-18
12
-12
199
-182
-19
9
235
-231
20
-26
13
-20
0
1
-1
13
-4
-9
54
-3
-49
-2
77
476
-552
3
8
62
-74
0
386
-379
325
-285
134
-172
-7
21
-19
-3
0
2
9
-12
0
6
-6
0
2
4
-5
94
-90
321
-324
3
-5
0
4
5
233
406
-640
0
164
-166
-5
1
-2
3:0
12
36
-47
17
113
-116
-9
0
33
-37
35
-33
-2
6
-6
471
-472
0
5
105
-96
-14
707
975
-1649
-6
-27
0
9
443
-436
-10
512
-502
70
-85
-1
4
-1
2
-1
-4
3
9
1568
-1575
-4
0
11
-12
9
22
-30
13
56
1500
-1179
-293
-98
3:0
2
32
-34
7
0
400
-407
78
-74
27
75
-102
-4
-1
257
-253
-3
1
14
-16
3
-3
99
-86
-12
1
-1
2:1
-2
268
-266
27
-5
-23
2
4
-1
-5
34
325
-360
0
15
68870
-68383
3227
-3610
-75
-44
8
-9
24
-10
32
-38
-7
2:0
1
-1
0
1
9
956
-950
-13
34
-36
0
123
-119
4
-5
62
93
21
-76
-99
31
1184
-1216
-5
0
34
-25
-7
2
-3
1
-1
10
27
36
-50
-23
1
252
-226
2:-13
4
70
-67
-9
1
0
1
28
-26
6880
-1087
-5795
1
0
-1
3
-5
33
-30
50
-52
-1
0
8
16
-21
0
-2
19
0
-17
1154
-1154
85
-81
103
31505
-31610
-5
2
193
-193
-1
18
-11
5
-12
619
-617
2
1
45
-45
87
-89
23
1958
-1491
-449
-45
0
2
3
-5
0
6
8
16
19803
-19833
0
3
2129
-2126
42
-35
-10
154
-141
36
561
-605
2669
-2674
0
89
-36
-48
17
-16
0
54
-60
-3
152
311
-460
97
-97
2368
-2332
136
-171
-2
11
1413
-1422
2
836
-683
-152
-2
105
-106
10
-7
-3
274
-278
0
902
-895
19
582
-603
7
-8
2
-1
29
-22
60
-61
-11
8928
-8920
492
-497
-1
20
217
109
-346
-1
256
-257
1
356
937
-1178
-109
39
-45
157
-136
7
-24
-2
0
2
205
-197
-11
2
-2
2
-3
0
55551
-55550
30
7
-38
10
-9
246
-248
64
-58
3782
-3785
2
1
211
340
-555
-2
0
14
-12
54
-52
3
2
-5
1
-5
6
131
624
-761
2
-1
8
17
88
-96
-2
-12
14
-17
2:0
1
-1
2
26
3638
-3655
-10
34
-33
8
-11
2:0
4
-3
1608
-1515
-85
1
-8
0
56
-58
12
-12
1
10
-8
108
-66
-40
-4
45
-46
0
12
-4
8
27
-42
15
-14
15
-17
11
4
-13
8
37
-45
2
3
-4
0
311
28031
-23516
-4823
-5
28
90
987
-1092
-5
-4
6
28
62
893
-951
-43
0
2843
-2765
-77
37
-37
-1
0
33
769
-802
3
4
1660
7109
-8773
31
-30
-4
3
0
526
-293
-202
-34
3
-2
3
2
-2
18
64
-80
220
-225
100
-101
11
-10
303
-287
2210
-2222
-3
0
20
104
7
-65
-58
-10
12
1
83
-88
-6
32
1
6:0
1
3:0
1
-2
0
1
-1
56
-56
4:0
11
-11
8
-7
11
-10
-2
0
17
0
-17
3:0
2
-1
0
-1
0
9
-9
0
1
-1
3
-3
0
3
-3
1
6
-6
0
-1
6:0
2
2:-1
0
2:1
-2
0
2
-2
2:0
25
-25
3:0
2
-2
6
-6
10:0
2
-2
5
-5
7
-7
4:0
1
13
-5
-7
0
3
-5
6:0
3
-3
0
3
-3
0
2:1
0
2:-1
8:0
20
-19
-1
2:0
3
-3
8:0
44
-44
0
1
-1
3
-3
0
1
-1
15
-14
2:1
-1
-2
1
2:0
5
-5
1
2
11
-15
4:0
9
-9
2:0
29
-29
8
-8
3
3:-1
1
8
-9
2:0
3
-3
2:0
9
-7
-2
5:0
34
-34
5
2:-2
-1
2:0
1
-1
57
-57
0
4
1325
-1329
88
-74
-13
-1
1
-1
2
-1
3
-2
0
-2
5:0
4
2
-5
-1
2
-2
0
2
2:0
-2
9
-9
38
-38
6
-3
18
-19
-2
0
2
-2
0
3
-3
1
-1
2
0
17
-14
-5
0
5
-4
3
-4
1
4
-4
-1
3:0
1
-1
266
-162
-104
5:0
4
-2
4
-6
3:0
1
-1
2:0
7
0
-7
53
-51
12
-12
-1
350
-350
2:0
27
-28
0
4
-3
-1
0
20
-16
-4
0
15
-14
-1
1
-1
88
25
-107
-6
2:0
2
-2
0
3
-2
7
473
-481
2:0
80
-80
3:0
11
-8
2:27
-55
401
-403
0
3
5
-7
0
1
-2
2
-2
0
4
78
-81
-1
0
114
-106
1
-9
0
2
2:-1
2:0
16
-16
0
27
-27
2
2:-1
23
-23
0
98
-98
6
28
-34
1
0
-1
0
2
-1
9
-9
-1
33
-31
2:-1
2
8
2
16
-28
0
8
-8
0
15
61
-73
-3
4
-4
12
-4
9
-13
-4
0
1
4
-3
-2
4:0
1
213
-214
8
2:-4
3
-2
-1
0
4
-4
248
-248
1
0
7
8
-15
-1
2:0
1
-1
1
0
4
-5
2:0
1
4
51
-56
2:0
2:2
10
-13
11
-12
3
-3
0
2
-2
2:0
7
22
-23
-6
17
-16
2
-3
2:0
2
-1
143
-140
5
-9
2:0
2
-2
2
-2
2
0
2:-1
7
-6
-1
5
-3
-2
5
-4
1
2:-1
3
-3
2
-2
2
2:-1
0
2
-2
1
0
-1
0
48
400
-373
-74
-1
1
44
-30
-9
-4
0
-2
4
15
19
-33
-5
0
13
2
-15
3
-3
2:0
2
16
-18
1
-1
146
108
-254
12
-12
3:0
2
-1
8
-9
3:0
1
-1
4
5
-7
14
-16
2:0
1
-1
13
-9
13
-17
3:0
20
-15
-5
1
-1
2:0
4
-4
2:0
end
