v1
493
584
509
75
252
0
14
34
226
224
130
35
590
19
56
22
28
118
356
18
168
176
282
319
58
674
159
60
174
46
86
594
309
126
7
494
160
161
252
294
45
156
265
134
21
33
19
114
225
349
98
54
33
20
160
82
336
48
424
104
166
204
303
104
171
431
218
276
149
63
230
59
67
213
69
57
22
9
214
131
372
167
135
421
30
172
167
254
366
17
231
3
175
7
394
106
169
16
573
46
70
41
131
294
279
306
56
83
43
5
7
49
8
48
17
128
6
118
82
74
59
14
32
18
65
57
55
82
124
39
87
89
271
78
95
120
94
291
57
307
30
6
268
10
39
116
146
539
142
198
280
214
31
98
281
31
299
48
153
229
41
309
114
85
204
41
758
301
93
367
50
6
109
2
367
1
75
18
32
328
633
30
247
33
80
146
52
34
128
19
38
69
7
8
147
40
283
110
153
186
270
83
20
184
380
72
175
133
58
8
11
32
97
355
100
54
100
8
127
20
88
153
59
5
23
104
89
5
151
96
322
1
38
94
63
38
117
34
92
31
31375
22
9
199
5
33
53
44
125
48
76
120
36
8
22
932
54
166
179
237
18
47
3310
6
2205
2
326
1553
663
2410
2067
8678
2138
2650
4766
5782
6127
3001
3071
1378
2
11799
943
15
19
2434
2010
3154
11
5
1428
119927
1
3543
1
7716
25
73
9417
32418
3
18
4
167
133
53
19
22
16
54631
731
50
35
47
27
157
36
18
10
29
6
12
1
161
51
1
11
728
29
20
12
101
48
7842
11376
1731
13301
7980
575
1668
454
608
665
436
532
2
3
22
28
3
41
12
5
62
69
25
2:3
1
43
47
4
6
40306
64
176
76
83
666
1
46
56
207
70
15
202
24
253
9
57
18
41
103
47
85
698
19
17
38
8
14797
194
2018
9722
2:1
162
102
14
28
62
-487391
228
124
216
1715
7
176
1813
45
190
889
1302
16
763
959
470
148
1029
111
319
723
888
4444
1065
119
77
149
343
1314
1492
31
387
446
102
612
323
104
2211
41
539
29
80
419
310
51
341
66
705
80
147
382
1596
264
588
293
420
1357
31
31370
79
95
121
284
168
1044
64
3899
32447
6497
15964
7
17282
121647
44268
3951
9749
46068
268
36
48165
63
265
40576
54
400
444
1074
38
279
359
27072
150
75
1417518000
399:0
1
92:0
4
189
-192
10
0
78
-76
3
1810
-1812
1680
-1692
1595
4342
-5933
200
-200
48
2:-26
-1
13
9
-21
124
-123
2:0
2
-4
7
-2
3
-7
34
-30
3
20
-27
9
-2
19
-19
-5
-2
14
-13
111
-111
30
-17
0
103
-115
0
-1
-2
3
65
-67
2
10
50
65
-40
-86
13
-15
43
18
-56
4
94
-96
89
-95
18
-16
4
150
-124
-32
1
0
-1
29
-24
-5
0
53
-51
0
501
-362
-139
14
-10
456
-463
1
147
-146
101
-100
10
-4
-1
-2
-4
0
-1
7
0
7
70
-45
16
227
-231
-50
2
5
19
34
-58
19
-19
3
91
-97
32
238
-268
19
-6
-16
13
14
240
-259
2:42
56854
-36874
-20068
7
-10
130
-127
1
16
-17
-3
-1
3
64
94
-159
7
256
-186
-71
-7
0
9
2
69
-62
289
-307
151
-150
3
-1
2912
-649
-2261
7
-13
5
7
3
-12
2
14
-14
-5
1430
-1429
0
368
-366
58
26669
-26729
3
269
-272
8
-7
1
-1
322
-323
59
-56
3
-3
1862
-1185
-666
-13
2
40
7769
-7811
1524
-1524
17
77
-89
1
1636
789
-2421
0
28
9
-44
8
-12
-1
10
-9
1
0
250
-252
0
2118
-2101
61
-35
-37
-4
-1
57
-55
40
-32
7
288
-302
428
-423
-9
18
67
-39
-46
33
-17
-15
14
-12
66
23
-91
0
171
-163
156
2364
-2220
-288
-19
130
-131
29
-3
-13
-14
185
-178
1
0
-6
7160
-7155
3
-5
-4
9
12
-18
229
-202
2335
-2359
5
-6
1648
-1652
2
-1
0
805
-805
2:-1
4
66
205
-248
-3
-9
-16
2
9
-3
-6
39
-33
1344
-1335
-7
-8
1
17
-13
-6
4
0
-1
27
-27
28
562
-571
-23
9
-8
0
11
19
-30
53
-19
20
-55
150
-143
1
-7
13
425
14090
-12485
-2007
-35
-2
243
-242
228
-205
27
-45
174
5292
-5448
-23
206
-205
18
-18
22
-1
2149
-1780
1370
-1758
19
-20
5
-3
12
-13
111
-110
-4
18
-16
-1
89
-36
504
-514
184
-186
-16
-27
-1
0
1
-1
1
4:0
-1
0
1
-1
1
0
-1
0
1
-1
1
2:0
-1
4:0
1
-1
2:0
1
0
-1
0
1
-1
1
-1
1
-1
6:0
1
0
-1
1
-1
3:0
1
0
-1
0
1
2:0
-1
1
0
-1
5:0
1
-1
6:0
1
-1
5:0
1
-1
4:0
1
2:0
3
0
-3
1
-1
1
-1
38
-38
5
-1
-3
1
-2
2:0
8
-8
0
2
-2
7
-7
1
0
-1
3:0
1
-1
6
-6
0
2
-2
1
-1
2:0
1
-1
0
1
9
-10
3:0
1
-1
4:0
1
-1
3:0
4
-1
-3
1
-1
0
5
-5
1
6
-7
3
-3
0
1
-1
0
2
-2
3:0
4
-4
4:0
2:1
7
-9
3
-3
3:0
1
-1
32
-31
0
1
4
-4
-2
0
2
1
-2
0
-1
7
1
2
-8
2:-1
1
0
5
-4
-2
2:0
6
-6
0
24
-24
2:1
-2
2:0
26
-26
0
2
680
-634
-46
2:-1
2:0
1
2
-3
0
1
-1
5
15
-18
2
7
-10
-1
3:0
2:2
-2
5
-6
1
-2
3
-3
115
-56
-58
1
-2
4
-4
1
-1
0
1
-1
1
43
-44
0
10
-6
-1
194
-195
2
8
-12
2:0
2
-1
13
-14
6
-5
-1
1
2:47
-94
-1
0
9
213
-222
43
-43
0
7
-7
3
41
178
-217
-3
-1
0
-1
0
1
-1
2
2:-1
2
27
-29
0
53
-48
1
-5
1
-2
0
4
-4
20
-17
5
38
-43
17
-20
2
-2
6
8
-14
0
2
-2
2
-2
6
13
-19
0
7
-7
6
53
-56
-3
0
4
-4
9
-2
-7
5:0
1
108
-109
2
-1
2:0
1
-2
0
4
256
-260
0
1
9
-9
-1
1
-1
29
-27
-2
1
-1
14
-13
2:0
-1
2:0
4
-4
3
-3
9
100
-108
0
2
-2
-1
2
-2
5:0
1
6
-3
-4
1
0
-1
2
0
-2
2
-1
2
-3
5:0
33
221
-193
-60
0
-1
34
-34
7
-1
-5
-1
14
8
-19
-3
10
-10
5
-5
2
-1
16
55
17
-88
4
-5
5
-1
-3
6
-2
-5
4:0
4
-3
16
-16
12
-11
2
-4
4:0
8
-8
7:0
1
-1
11:0
3
-3
11:0
1
-1
6:0
1
-1
14:0
2
-2
3:0
1
-1
0
1
-1
2:0
1
-1
0
2
-2
2:0
1
-1
2:0
1
0
-1
3:0
end
