v1
834
207
164
213
288
357
52
187
450
165
51
137
364
57
56
22
28
614
0
211
612
147
585
265
388
30
301
135
629
22
285
434
139
278
772
31
225
534
20
242
194
190
148
618
329
381
431
90
404
442
30
309
36
90
555
254
106
239
233
29
55
281
88
478
491
84
8
386
275
16
212
361
288
294
59
50
295
65
116
56
83
55
49
8
48
150
1
118
82
74
123
65
95
17
245
447
173
120
225
524
304
10
33
6
116
284
175
141
186
239
61
433
116
294
330
46
2
83
299
41
423
86
203
82
717
301
71
12
377
56
106
279
94
75
50
1238
33
29
283
128
126
7
8
147
433
447
164
81
20
184
360
92
175
70
129
11
32
452
100
54
47
31
30
147
88
212
5
23
104
2
87
5
702
46
206
31490
8
1
21
9
292
42
1
172
76
120
36
8
22
1312
19
0
71
166
18
47
5521
328
1553
5140
10816
2650
4766
14910
4449
2
10917
1825
15
7628
5
3
1425
123471
1
7741
73
9417
32411
32
280
73
36
5
16
54631
816
67
164
7
29
56
1
180
27
10
13
2:1
11
757
21130
3093
18188
575
1668
539
523
665
968
2
3
6
44
1
2
180
37
3
1
43
47
4
6
40306
64
176
76
83
666
1
13
33
348
202
52
225
9
2
55
18
41
103
83
15
34
717
17
38
30
14775
150
2062
9723
1
162
1
101
14
90
13
-488517
75
0
167
72
184
0
190
76
161
416
24
77
324
227
2:176
106
1
0
127
503
39
92
63
0
103
24
77
29
91
292
142
122
0
456
308
0
151
60
102
72
132
42
189
66
26
14
146
133
12
67
30
46
132
20
189
20
0
108
0
24
39
2:93
154
23
24
275
71
162
140
314
86
125
109
25
21
254
415
103
5
74
118
132
7
46
369
57
232
85
98
59
0
45
166
28
176
110
193
255
7
0
45
229
171
63
49
337
8
248
143
33
113
40
99
146
64
55
279
99
28
48
0
26
214
181
111
66
44
148
80
27
152
172
380
41
27
2
111
8
235
53
2
86
0
75
0
160
33
91
68
357
0
333
65
154
173
26
73
41
121
95
242
93
19
155
15
7
182
13
136
13
0
61
6
13
62
3
2
12
2
19
2:3
71
19
117
13
6
11
90
24
187
5
14
6
8
0
45
40
0
68
3
16
182
205
0
18
334
7
79
117
32
160
291
0
254
39
99
2
0
117
426
110
6
118
30
0
317
201
28
3
0
78
237
5
24
43
200
46
98
79
233
276
33
5
30
69
87
183
193
0
203
148
20
39
12
175
10
40
957
10
185
312
105
115
2
24
42
6
247
48
0
94
172
0
185
3
115
7
35
476
30
26
284
146
56
27
17
33
93
57
2:19
189
1
81
2
0
115
18
23
0
125
57
392
171
99
38
0
247
40
0
50
0
141
16
163
119
291
137
23
254
22
0
12
17
292
32
11
20
72
0
238
23
84
72
280
54
52
122
72
11
50
42
0
56
45
110
56
42
0
15
42
157
31370
79
12
4
140
5
33
22
31
91
15
0
92
55
30
18
120
32
0
1012
57
87
22
45
0
23
225
61
4
73
34
25
3301
2213
323
0
2221
0
1705
0
703
10745
14543
3
790
5704
423
13
3913
872
1258
1391
9
10
8068
7
2
4685
2434
13
474
4669
1
7
1
16
4987
0
103269
13098
5280
5981
102
0
41831
3
18
152
19
133
21
51
27
36046
19336
41
82
27
166
45
57
80
66
4
52
25
726
43
27
35
51
1
25273
9030
3251
4726
501
315
247
0
825
525
706
88
55
0
1147
533
3
5
7
14
6
0
21
45
5
9
28
8
0
41
14
8
32
43
0
54
30337
1513
8222
578
0
118
2
511
198
118
45
144
0
107
134
98
13
173
155
89
41
217
188
127
173
0
32
5
23
59
14880
0
1
138
1977
9735
151
0
137
22
1417570800
299:0
1
533:0
79
-17
-45
73
220
-276
-15
2136
1046
-3182
119
-47
283
1654
-1959
-45
21
-2
-26
19
-19
105
-103
2
113
286
-396
3
415
-262
-149
36
886
-881
92
91
-213
-6
-11
94
54
-151
69
-75
87
-85
63
1378
-1398
-16
463
-483
96
-82
-9
192
1510
-1708
-4
4
35
-37
131
-118
-10
4
335
-94
-222
-24
710
-670
81
-128
11
2
-12
137
-104
29
-52
6
147
-158
-6
59
4
325
-321
-18
266
-312
24
157
-134
14
140
-158
140
-99
87038
-87117
5454
-5075
-373
12
189
1579
-1267
-441
-29
708
-752
39
382
207
-111
-429
156
-255
15
3
67
38
54
700
-788
-77
5
-17
2
11639
-10768
-806
13
-64
87
-96
1447
-1035
-418
19
12399
-12019
-395
2
-1
24
824
-844
37
-45
17
1657
60
-1687
162
-105
31932
-32003
5017
-2042
-2994
527
-435
2759
12879
-15745
5351
-5307
3
-39
127
559
-660
3212
-3204
22
-36
9
105
-106
253
-289
137
1072
-1182
859
-888
145
5
289
-186
-239
-11
129
1133
-1200
410
-76
8180
-8456
-82
-40
65
-67
271
-148
32724
-32812
15
7
154
-127
239
-254
6748
-6812
2741
-2734
42
487
25
-526
71
-101
157
-96
-71
131
-106
-9
177
-179
7
-10
3222
-3209
230
-230
-25
6
60
347
410
-739
-28
-44
20
-29
15
-8
-9
7
22
7
3121
65386
-61417
-7110
15
65
1069
1215
-2326
20
-55
28
363
80
-376
-11
515
-510
-16
158
3140
-2216
-13
7799
-8912
67
-116
7
47
-29
-3
301
-304
123
-116
32
5960
-5963
6086
-6139
96
95
-46
-142
-16
-4
0
7
1
-6
-1
12
-14
7
-3
-2
0
5
2:-3
-1
5
-4
0
15
-13
0
-2
3
2:0
2
0
6
-5
-6
7
-8
0
2
-1
0
9
-10
1
8
-6
1
-2
1
7
-5
-2
1
4
-4
-2
7
-1
-2
-1
-4
3:0
4
-2
2:-1
4
-3
11
-7
0
4
-9
2
1
-3
-1
11
-6
-4
-1
6
-5
3
-1
4
-6
7
-2
5
4
-11
0
-4
0
4
2
-5
4
2:1
-7
3:0
3
-3
8
2:-3
2
7
-8
-1
1
0
4
-6
6
-1
-6
11
-10
2:0
5
3
-8
3
11
-10
-5
1
2
5
-8
3
6
-6
2:-1
2
5
3
-10
-1
0
2
0
2
-1
-2
7
-8
0
2:1
8
-4
-3
-2
3
-2
6
-1
7
-13
4
-4
0
1
-1
9
-9
0
5
0
-5
12
-10
-2
4
3
-2
-5
4
6
-5
-6
9
4
-8
2:-2
14
-12
9
-11
1
0
-1
0
-1
7
-6
2:5
-11
0
15
-13
-2
8
-7
1
7
-7
1
6
-9
6
-6
0
3
2:-1
3
1
-2
-1
1
0
3
-6
2:0
12
-9
7
-5
-1
-2
4
-1
6
-8
4
2
-7
11
-2
-9
-1
0
-1
13
-13
2:3
4
-9
2
1
-3
8
-7
-2
8
0
-5
13
-16
7
-7
0
1
2:0
3
2:-2
1
0
8
2
-5
5
-11
4
-3
3
-2
2
-2
1
10
-10
1
9
-12
0
2
-2
-1
0
6
0
8
-10
1
-4
0
6
-7
0
1
2:0
1
-1
7
2
-5
4
-6
-2
0
1
4
-5
-1
10
-10
2:0
4
12
-11
-3
10
-3
-7
2
-3
3
5
-8
2:0
1
6
-6
2
0
1
8
1
-5
-6
0
-2
-1
3
12
-12
8
-11
2:0
1
0
6
4
-9
0
-2
4
2:-1
12
-13
0
9
-5
1
-2
1
-4
5
4
-8
-1
4:0
2:1
12
-5
-7
-1
-2
4
-1
6
0
-8
1
0
11
-9
-3
2:5
0
-6
-3
3
0
11
-8
8
-16
0
3
7
-9
8
-9
0
2:5
-1
-6
3
10
-10
5
-8
-3
2
12
-10
6
3
2
1
-14
10
-11
12
2
-15
5
-3
-1
1
-1
1
7
-7
4
0
3
-8
0
1
0
1
11
-10
1
-2
1
-3
5
1
-7
2:0
2
1
2
-3
-2
1
0
1
3
-4
5
-5
2:0
13
-13
2:1
2:-1
4
-4
2
1
-3
4
-2
-1
1
2:0
3
-2
-1
12
-12
-2
4
-4
0
6
-1
5
-10
-1
0
2
8
-2
2
-10
2:1
2
2
-1
2:0
4
1
-3
-1
104
-104
0
-1
11
10
-8
-12
2:0
-1
4
-3
9
-10
3:0
3
-2
2
21
-24
6
2:-2
4
11
-12
-4
5
-6
1
4
-5
1
10
-8
0
2
0
-5
15
-15
2:0
1
3
-1
-3
3
0
-3
5
-5
0
10
-10
47
-39
-6
2:-1
4
72
-75
3
-1
-3
5
2
22
-28
9
-1
-7
1
8
4
11
-20
8
4
-17
9
3
-8
0
-1
2
51
-47
1341
-1350
77
-38
-36
1
2:-1
0
16
-4
-12
2
8
-12
84
-84
8
0
-5
-4
1
-1
13
8
-20
0
8
-3
-6
7
387
-340
-48
0
-3
28
-29
40
-7
-32
-3
253
-218
-34
0
6
1
23
-30
27
-25
-2
2:91
-176
-4
5
500
-491
-16
145
-144
18
26
56
488
-583
58
-51
-8
-2
-3
136
-137
131
-130
7
2
-9
19
-19
56
-52
29
94
-116
26
-38
20
0
-16
65
-65
-2
2:14
-20
-2
23
95
-120
-2
4
22
-28
2
-2
171
-172
15
-13
6
5
-14
11
642
-653
21
-18
3
1
45
-48
2:-1
-2
10
-4
-2
-4
9
26
-35
3
0
149
-142
-2
-5
4
-4
6
0
6
-9
1
-3
3
-5
0
2
-3
-1
5
7
198
652
-628
-226
-2
2
258
-205
-40
-9
-11
5
46
48
-99
14
2
-4
-13
12
32
-44
149
58
-203
18
-22
1
4
-2
6
13
-22
3
-3
3
7
-3
53
-59
0
22
2:-10
-3
6:0
2
-2
0
1
-1
0
1
-1
2:0
1
-1
8:0
28
-28
9:0
1
-1
0
2
2:-1
2:0
1
-1
3:0
1
-1
1
-1
2
-2
4:0
1
-1
0
2
-2
18:0
2
-2
2:0
2
-1
2:0
-1
2:0
1
-1
2:0
3
-2
-1
4:0
1
-1
9:0
1
-1
0
2
-2
6:0
1
-1
6:0
1
-1
3:0
1
0
-1
5:0
2
-2
5:0
1
-1
2:0
1
-1
0
1
-1
6:0
2
-2
0
4
-4
0
2
-2
3:0
1
-1
0
6
-6
0
3
-3
1
-1
1
-1
0
3
-3
3:0
1
0
-1
0
2:1
-2
4:0
3
-3
0
2
-2
10:0
2
-2
0
5
-4
-1
3:0
5
-5
4:0
1
-1
4
-4
1
2
-3
1
2
-3
2:0
2
-2
2:0
2
2:-1
3:0
1
3:0
2
-1
1
-3
1
-1
4:0
1
-1
3:0
5
-5
0
1
-1
3
-2
-1
2:0
1
2:0
-1
0
7
-7
9:0
2
-2
0
3
-3
7:0
1
0
-1
4
-4
5:0
1
-1
3:0
3
0
-3
2
0
2:-1
0
1
0
-1
3:0
1
-1
3:0
3
2:-1
0
-1
2:0
1
0
-1
3
-3
5:0
4
-4
2:0
1
-1
0
2
-2
0
1
-1
2:0
1
-1
1
2
-3
6:0
2
-2
1
-1
3:0
2:2
-3
-1
0
2:1
-2
2:1
2:-1
3
-2
0
-1
4
-3
5
-6
7:0
1
-1
1
-1
2
2:-1
2
2:-1
0
2
-2
8
-4
0
3
-7
2:0
5
-3
2
-3
-1
4:0
1
2:0
-1
6:0
1
2:0
1
-2
2:0
1
-1
2
0
-2
0
1
-1
6:0
1
-1
2:0
2
-2
0
1
0
-1
1
-1
5:0
1
-1
0
1
-1
3:0
1
-1
3:0
1
3
-1
-3
3:0
1
0
2
-3
3:0
end
