v1
930
2083
89
576
50
1364
2115
745
967
912
1189
1296
171
431
995
280
126
1050
1078
565
189
11
1258
582
724
511
262
357
1191
298
314
39
116
827
692
788
423
2505
302
75
1761
126
15
147
198
235
599
297
826
11
584
54
108
163
284
5
23
1152
31498
365
173
196
36
30
1152
6330
1553
15956
2650
19676
18741
6095
132646
73
9417
32443
300
94
56018
14
43741
4421
217
3
1
100
40306
240
825
1
309
573
57
18
993
4
51
26740
163
206
55
-488586
179
368
9
238
407
31
21
89
50
14
34
29
467
198
150
85
238
38
19
78
146
260
155
120
7
83
82
324
288
5
99
92
536
159
234
106
170
450
324
111
235
374
213
252
70
218
207
66
86
301
133
58
121
258
174
115
33
176
7
79
257
79
86
110
93
85
202
196
14
160
303
267
305
96
128
111
226
152
357
375
33
494
74
325
79
224
45
87
106
89
5
244
30
95
281
121
235
77
64
93
175
91
187
2:27
326
13
5
16
93
657
111
44
5
354
172
123
116
65
40
16
45
6
67
8
3
16
19
6
1
24
48
132
18
119
73
83
45
14
64
30
73
19
38
17
127
203
91
250
21
78
95
120
225
195
14
205
88
326
43
226
42
138
54
121
141
85
101
100
51
149
146
5
97
314
275
6
31
140
159
15
31
68
17
70
229
350
114
38
47
20
887
96
199
102
460
50
6
109
2
24
250
219
6
322
157
432
52
40
229
12
21
29
9
151
43
70
10
15
132
2:114
81
283
57
745
20
166
26
352
92
175
70
121
51
86
204
73
34
17
239
150
58
2
86
153
84
196
5
257
122
175
130
64
172
31527
27
9
199
5
33
53
0
2:7
115
40
84
40
128
36
1064
1
87
90
111
71
166
18
47
3310
2211
2
2542
2410
0
691
1376
6578
5745
5909
4989
793
6127
3926
872
1267
1385
2
8091
4651
15
2466
5143
1
23
3
1425
3523
116404
3545
7818
41824
10
55
114
60
182
36056
19327
50
35
74
157
7
29
18
39
6
12
150
12
2
25
10
2
1
12
11
777
62
45
21003
13301
7980
813
1430
873
189
665
436
330
202
3
2
25
27
59
32
31
28
31
9
29
46
51
30308
10068
252
83
546
167
245
103
202
277
125
103
47
41
14
30
604
90
4
36
14843
84
66
2062
9722
2
163
101
14
18
36
49
46
-488563
8
41
83
17
301
34
204
25
0
51
577
63
35
53
274
388
62
6
81
42
78
32
124
52
25
44
238
144
200
0
187
0
11
0
147
281
412
0
234
0
63
22
67
397
28
64
45
197
143
180
160
145
143
105
1
0
41
5
53
22
167
58
140
126
119
30
36
41
33
51
188
9
40
161
141
104
60
37
0
193
106
144
15
21
26
158
70
414
4
105
168
24
511
91
326
98
0
59
211
14
3
187
13
30
150
79
181
105
0
4
126
149
0
33
412
81
140
233
334
297
74
144
1
228
469
109
0
228
0
26
113
42
25
85
0
244
378
26
949
228
267
63
0
134
57
107
0
153
165
116
404
45
0
293
7
177
30
1
41
58
12
19
7
13
22
10
33
1
54
19
77
53
3
14
87
3
24
209
32
135
16
116
0
716
302
112
179
131
13
83
338
488
148
31
273
191
17
6
31
108
58
23
0
228
170
47
0
124
248
23
99
191
0
466
536
8
196
703
295
173
29
410
37
13
248
56
581
407
66
96
67
0
31
279
80
147
5
36
229
71
72
654
201
275
40
287
20
0
28
167
152
0
5
3
112
240
145
6
25
120
191
51
156
49
65
42
6
9
0
78
238
203
11
2:5
82
150
109
29
226
42
12
0
4
85
0
8
35
4
84
21
2
9
45
15
153
15
31
31376
112
31
46
49
55
24
304
152
1012
64
262
5
266
331
7432
10085
24462
423
2182
3
1255
0
1358
2658
10
8075
2:1
5
2807
14
882
5434
3142
0
16
124898
1736
6032
0
10893
27343
3646
23
13
15
7
130
4
149
0
56
0
27
11010
43632
680
23
160
375
64
57
781
32
44
0
105
9
3451
15766
4816
1178
12281
5707
82
1641
414
1
133
96
1604
16
0
9
18
2
0
51
30
15
37
14
71
16
29
45
0
31830
8701
0
99
844
103
189
241
0
251
50
0
240
23
113
109
72
181
0
267
0
56
21
0
32
14925
76
0
12042
4
45
4
3
1417985400
99:0
1
399:0
1
429:0
3793
-3352
4520
-4636
-35
537
1242
-693
-905
40
1176
-1171
-26
-20
71
-208
262
-337
-4
-13
462
-17
-234
-231
496
-365
-131
1993
-1468
216781
-188496
-28719
-99
6492
-6221
1211
5505
39618
-40394
-5860
-263
278
112850
-112955
-129
1399
-1337
2125
-1566
615
112731
-110503
-3541
22
1164
2273
-2458
3746
-4578
-169
53
1254
-1185
878
-243
3845
-4542
5366
-5106
1157
40834
-42234
-126
2743
-2642
717
-510
1204
-835
-662
10765
-7972
28316
-27870
-3168
642
-731
234
-143
20046
-18206
-1527
9042
-9377
-62
33
2205
-1280
-913
25
-274
24
-24
-4
-11
6
2
20
18
-46
9
7
81
-39
-57
5
3
1
-4
186
-169
-23
0
2
67
-28
161
-193
72
14
-95
6
-6
104
-35
-31
-38
2
165
-168
45
-35
-10
2
95
-43
-41
-12
48
-47
124
-123
-2
7
2
-7
181
20
-194
-8
125
-105
36
-39
2
-14
-5
11
-12
8
-9
11
1
-11
6
18
-24
6
1
193
-180
-8
0
-11
0
39
-16
-24
26
6
-31
-1
8
-7
17
7
85
-101
2
55
-65
-1
1
-1
1
-1
14
-14
18
60
-69
3
9
-14
72
-60
-10
-3
9
14
-30
22
-14
0
-7
12
-12
7
28
-26
56
-50
-8
42
-50
87
-20
12
-57
11
101
-116
-4
-8
19
45
-62
14
-2
-4
100
-106
60
98
-115
-52
30
153
-183
17
54
-57
40
-24
4
-15
105
-114
67
-76
-1
146
-137
2
-5
5
-9
-1
5
70
-40
56
74
-166
38
-5
15
-46
12
-13
-1
0
-1
141
-138
73
29
-105
14
2
-6
-9
9
23
-26
-6
16
-9
2
38
44
-85
-4
87
-89
1
5
7
13
130
-136
-11
-9
7
42
-41
17
18
-37
78
-77
108
-59
5
-1
28
-88
1
12
82
-95
91
-84
27
-26
111
-87
-23
35
17
-60
2:0
25
-8
10
138
-72
63
-155
-1
23
32
-10
-44
-1
29
-18
27
4
-43
57
-51
22
10
-25
191
-171
134
-95
43
4
-37
-80
4
33
12
-8
154
-197
0
138
-116
5
-26
2:-1
1
26
69
-90
13
24
-33
-9
19
8
-12
44
-11
-38
60
-69
9
8
-12
-6
63
36
-80
-3
-2
74
-14
38
60
-51
-121
61
35
-76
-14
41
83
-106
-10
-8
14
11
99
-130
1
-1
25
1
39
-64
78
-77
30
-12
-8
-6
142
-142
22
19
-24
-23
2
-2
7
22
-28
0
28
13
-28
62
-65
20
-30
23
-24
118
-93
98
-117
70
-75
31
43
-48
3
-29
21
1
-5
2
-18
72
-66
34
20
-5
38
92
-185
6
-8
2:-2
2
6
-8
0
9
0
-9
0
2
2:0
-2
2
0
7
-1
-6
6
1
-7
0
6
-7
6
-5
-2
2
-2
0
1
3:0
2:1
-2
0
-1
0
1
8
-8
2
-2
2:0
7
2:0
-7
6
2
-8
2:0
2
-3
0
2
0
-1
0
6
-6
2
0
2:-1
2
0
-2
2
-2
5
0
-4
-2
0
6
-5
1
-2
6
-4
6
-6
0
7
-1
-5
0
-3
3
4
-6
0
2
6
-7
-2
3
6
-9
8
-7
1
-2
0
3
0
-3
0
3
-1
-2
2
3:0
4
-4
6
-8
2
-2
0
1
0
2
3
-4
5
-7
0
6
-4
-2
3
4
-4
-2
0
6
-5
0
-2
2:1
0
1
-3
0
3
6
-8
1
0
-1
0
-1
7
1
-6
3:0
1
6
-7
-1
7
-5
0
-1
2:0
7
-9
7
1
-7
0
-1
2
1
2:0
-2
-1
9
-6
-3
0
2
2:-1
6
-6
3
0
-2
0
9
-10
2:0
2
4
1
-5
-1
0
1
5
-5
5
-4
2:3
0
-6
-2
-1
3
-1
0
-1
0
2:1
4
2:0
-6
0
7
-6
7
-9
9
-8
2
-2
1
-1
2:0
1
2:-1
0
9
-6
-1
0
1
-2
5
-4
2:-1
2
5
1
-7
2
-3
0
6
-3
-2
6
2
-3
-4
1
0
-2
2
3
-5
0
5
-5
0
2
-1
6
-7
0
2
-3
3
-3
0
2:1
0
-2
0
1
6
-6
0
2
-3
2
0
7
-8
2
-2
1
-2
1
5
2:1
-7
0
2
3:-1
2
7
-7
-2
1
6
-5
-2
0
3
-1
5
-6
0
7
-5
5
-6
-1
8
1
-7
6
-9
3:0
3
-1
6
2:-1
-4
5
-5
7
-7
1
-3
0
3
3:-1
7
-4
-1
-2
9
-7
1
3
-3
5
-5
-2
0
-1
1
-1
2:0
2
-1
1
-2
8
-6
0
-1
0
1
-1
0
6
0
-6
2
-2
2:0
-1
2:0
8
-8
2:1
-2
0
1
0
5
-5
0
7
-2
-5
0
6
-6
6
-4
-1
108
-107
14
-12
2:-1
20
-20
28
-27
0
11
-4
-5
12
-10
0
-5
0
40
-33
-7
209
-172
3
-25
1
-16
78
1527
-1506
2:-49
14
46
-37
-24
537
-425
-73
-7
-29
369
-372
36
-36
34
126
82
-224
633
-527
-124
114
-12
697
-594
21
-178
18
-36
155
-133
-42
27
3
-1
96
-128
118
104
-229
14
512
-517
-7
60
93
-152
1
9
198
1560
-1559
-74
-100
-27
47
68
-101
17
177
203
-413
-8
27
0
9
-17
-19
-1
1
-1
2:0
2
-2
3
-3
2
-1
0
-1
5
-5
2:0
3
-2
13
3
-17
0
2:1
34
-36
2:0
17
-17
2:0
12
-9
3
-6
0
9
-9
7
-7
1
-1
9
-6
-2
1
-2
1
-1
0
1
-1
2
2:-1
15
-14
-1
13
-6
-4
-3
3
-2
2
-1
-2
2
-2
4
-2
-1
0
4
-4
-1
0
14
-14
1
-1
2:0
8
-8
0
1
-1
0
2
-2
1
4
2
-6
2:0
1
-2
2
-2
3:0
1
-1
7
-1
-2
-3
1
0
-2
1
0
1
-2
6
-6
6
3:-2
6
-6
1
6
-7
0
5
-5
2:0
29
-26
8
-6
1
-3
-1
-2
2:2
6
-8
-1
0
-1
11
-8
5
-1
-3
-4
0
1
-1
6
-2
2
-4
3
2:1
-3
2
3:-2
31
-28
-1
0
3
-3
0
1
-3
16
-13
-2
-1
2
11
-8
-4
1
-2
4
0
-4
17
-14
20
-9
-14
8
-2
-1
-4
4
-1
-3
-1
0
1
-1
2
9
-11
1
10
-11
0
3
-3
4
-2
16
-14
-4
5
0
-5
10
2:-5
2
1
30
-26
3
-6
5
-9
2
3
-4
1
19
-21
4
-4
21
-17
2
2:1
-7
-1
0
1
0
7
-8
14
3
-15
0
2
2:0
-4
0
3
-2
-1
15
-14
12
-12
-1
3
4
21
-20
47
-50
0
4
10
-19
0
2
0
-1
14
-15
0
2
1
-2
-1
5
-5
1
18
32
-45
-3
2:0
-3
1
-1
10
-7
4
-6
17
-18
2
-1
1
-2
8
-3
-5
2:3
-1
23
-19
-4
0
2
15
-12
7
-14
27
-30
9
0
-6
8
-1
2
-12
2:0
7
-2
6
-9
13
-10
1
-4
1
-3
4
-2
1
-3
4:0
2
4
-6
1
3
-1
0
18
-20
3
-4
16
-16
21
-9
-1
-10
24
-18
-3
3
4
-6
-5
9
5
-12
-1
1
3
-3
5
2:-2
15
-6
-12
2
-2
6:0
1
0
-1
10:0
1
-1
2:0
1
-1
2
0
-2
8:0
1
2:0
-1
4:0
1
-1
4:0
1
-1
12:0
3
-3
1
-1
0
1
-1
4:0
1
0
-1
5:0
1
2
-3
4:0
1
-1
3:0
5
-5
2:0
1
-1
9:0
1
-1
5:0
1
-1
14:0
1
-1
0
1
-1
0
1
-1
13:0
2:1
-2
6:0
1
-1
3:0
1
8
-9
0
3
-3
2:0
1
-1
2:0
2:1
-2
2:0
1
-1
11:0
3
-2
-1
1
-1
0
2
-2
3:0
2
2:-1
1
0
-1
3
-2
-1
0
3
-2
-1
4:0
4
-4
1
-1
0
2
0
-2
1
-1
0
3
-3
2
-2
3:0
1
-1
0
1
0
-1
7:0
1
-1
2:0
1
-1
0
2
2:-1
5:0
1
2
-3
3:0
1
-1
4:0
2
-2
3:0
4
-4
3:0
1
-1
7:0
2:1
-2
4:0
1
-1
11:0
2
-2
2:0
6
-5
-1
0
1
-1
2:0
4
-3
1
-1
0
-1
5:0
2
-2
5:0
1
-1
1
-1
1
-1
0
2
1
-3
5:0
2
-2
4:0
1
-1
1
4
-5
0
2
-2
0
2
-2
5:0
1
-1
0
1
-1
6:0
2
-2
15:0
2
-2
2:0
2
-2
3:0
2
-2
0
end
