v1
792
872
357
52
187
130
320
165
188
363
58
56
7
4
11
338
29
1025
73
32
700
283
110
591
135
936
573
278
61
156
45
375
135
31
58
167
534
20
242
384
148
93
854
106
275
297
134
494
212
230
30
309
36
33
57
809
106
135
104
519
167
309
93
567
84
8
386
275
16
212
57
304
237
51
294
109
476
27
29
83
78
26
8
48
147
4
118
82
74
59
64
65
95
262
447
173
120
225
195
329
314
39
116
338
121
141
85
340
58
3
151
282
116
13
281
41
153
136
46
2
83
70
229
41
491
1020
301
460
56
109
25
345
75
50
961
30
247
33
29
283
128
126
15
147
40
393
339
272
81
204
360
92
245
121
8
11
32
86
277
22
67
100
54
47
61
147
88
153
59
5
23
106
87
5
702
46
172
34
31493
5
6
16
9
204
33
55
42
1
172
196
36
8
22
1152
68
111
71
166
3375
2211
328
1553
2370
1399
1042
329
9730
1086
2650
4766
4989
9921
4449
2
8082
4660
15
7616
12
5
3
124897
7741
73
9417
32411
32
281
108
5
16
54631
781
35
74
157
9
27
56
1
6
174
27
10
13
2:1
11
21887
21281
575
1668
454
85
523
665
968
54
4
140
9
68
3
1
43
51
6
40306
64
176
69
31
59
666
1
46
263
85
135
67
277
9
57
18
41
61
42
88
44
698
74
30
14925
11785
1
162
1
101
14
90
13
-488442
0
122
117
126
44
14
31
159
76
577
24
14
28
448
54
84
86
90
0
173
3
78
29
128
0
163
37
13
328
153
83
46
0
77
0
88
80
0
309
262
101
0
234
160
206
131
20
32
28
102
118
104
19
0
194
88
4
112
48
242
0
198
106
194
41
99
89
37
9
43
70
55
24
13
81
247
785
181
165
110
109
9
71
297
94
135
132
12
75
335
57
29
288
98
59
0
45
166
75
0
129
193
77
40
248
151
130
171
89
23
0
88
700
94
40
62
73
24
61
177
345
28
13
55
39
0
2:181
224
44
108
100
67
55
159
85
30
349
27
2
82
325
2
22
64
75
51
142
278
790
94
0
79
26
0
16
314
5
68
159
10
0
67
45
30
125
145
221
67
44
0
13
18
12
0
7
0
19
6
71
5
85
0
76
0
90
24
64
71
52
5
20
93
15
18
38
71
14
113
0
205
0
116
178
112
32
287
22
291
0
254
140
117
157
242
27
180
488
14
94
6
31
327
60
0
30
393
197
36
110
204
99
131
535
114
38
13
54
175
9
50
948
0
185
17
224
21
0
165
112
29
42
171
35
2
45
142
357
407
220
22
6
12
25
311
0
119
50
0
6
27
19
124
60
35
71
5
159
153
41
0
125
57
56
606
103
182
231
186
212
351
327
14
191
43
54
11
0
20
40
377
107
21
106
118
54
52
122
83
50
42
23
78
110
0
38
20
40
168
15
31
31461
0
144
80
0
11
106
147
0
12
28
8
1
32
94
983
0
54
524
73
0
3
47
9
5514
323
14276
1098
15336
4812
892
0
423
3926
3521
9
10
8077
4685
1514
920
13
2010
3133
8
1
16
1427
3523
43
11905
104456
1
3543
7717
92
10
41781
11
39
21
30
7
130
4
40
77
0
16
21
32
36092
19327
132
65
126
47
10
47
53
27
64
2
4
51
1
2:4
18
0
50
675
29
20
10
2
0
95
1
53
15
7827
16200
1178
9030
8478
315
165
1184
954
88
1202
534
1
0
2
5
1
8
11
6
19
2
44
1
14
59
24
39
9
43
79
30312
1513
8686
64
0
102
68
49
1074
0
134
28
67
3
166
22
23
113
106
13
23
15
207
253
235
56
4
13
28
14815
224
1975
13
9722
288
11
16
83
1417563600
299:0
1
491:0
70
231
-273
-1
-5
2328
1214
-3473
-74
347
4900
-3209
-2029
10
-17
73
-72
48
-49
132
-132
1
299
-243
5
-29
-32
10
-11
1449
-1418
-7
92
-111
340
-346
6
1
70
-71
33
-38
4
58
102
-167
1142
-1141
82
-64
299
-301
-4
311
-253
-13
-38
669
-621
-12
-42
52
-48
-4
3
288
-49
-244
-7
-4
646
-622
-10
20
-25
14
-4
7
106
-127
19
98
-110
-9
166
-120
358
-343
-59
32
247
-282
129
-58
27
-91
51
-51
397
88811
-82991
-5683
-538
10
124
-104
401
-386
25
-69
157
627
-537
-226
24
396
-445
403
-163
272
-513
30
492
-522
103
-23
-66
21
1124
-1155
8382
-6668
-1710
-8
3
62
-54
18
6
1356
-791
-552
28190
-28229
265
-196
-71
-7
491
-484
91
-96
19
1916
23
-1958
-3
53
-48
292
-237
15018
-15075
4391
-4369
257
-251
-15
1552
4031
-3726
-1852
-3
-6
72
-54
956
-430
3598
-4154
61
-10
-42
434
-402
201
-207
155
-60
1246
-1342
570
-571
-28
240
168
-203
64
-226
885
-681
-44
46
27
-205
-64
329
3806
-3944
-190
63
-45
2
769
-561
-232
55
56185
-56227
-10
142
115
-178
7678
-6862
196
-1103
351
1214
-1551
58
-63
-2
2
53
-55
73
-46
-11
76
-48
-43
-7
17
5088
-5079
32111
-32136
93
193
40449
-40636
-94
27
-7
45
-47
520
-538
-4
3017
54425
-53706
-3734
38
1062
452
-1503
-31
-21
15
4
191
67
-200
45
714
-713
-40
143
2877
-2433
8463
-9131
49
40
-3
-46
-32
400
-409
17
4505
-4470
3086
-3139
15
224
-128
-113
-15
0
-2
13
-7
2
-5
2
2:-2
-1
5
1
0
-4
0
-2
3
0
1
0
-3
-1
2
0
-1
9
-1
-6
4
-6
2
1
3:0
-1
-2
0
1
-1
3
0
-4
2
-1
5
-4
1
-3
4
2
-3
-2
0
6
-4
4
-5
1
-2
0
7
-1
8
-12
0
-2
0
1
11
-5
-6
1
-2
1
2
-4
4
-4
3
-2
11
-9
12
-14
2
4
-5
2
4
-8
16
-15
13
-13
0
10
-4
-5
0
-1
8
-7
7
-9
0
6
-5
6
-6
2:0
5
2:-1
5
-7
-2
3
-2
-1
10
-7
1
-2
0
11
-12
1
-2
2:4
-2
0
-5
13
-13
9
-10
1
7
5
-12
5
-4
1
5
-8
1
6
-5
0
5
-5
0
-2
0
1
13
-2
-10
0
13
-7
0
-4
10
-13
11
-10
0
6
2:-2
3:0
-4
0
9
-4
-3
0
-1
0
-1
2
1
0
6
-1
-8
0
2:2
-3
8
-4
-3
3:0
-2
3
0
5
0
-6
-1
0
14
-14
2
9
-7
2
0
-3
12
-16
2
-2
3
0
1
-4
2:0
8
-8
2
6
-1
3
2:-2
-3
10
-6
2
-4
-3
0
7
2
-6
-3
0
-1
10
-4
3
-1
-8
7
1
-8
4
-2
5
-8
5
-1
0
-2
0
6
-4
0
-1
0
3
-4
-2
12
-11
13
-13
3
-3
0
3
-3
-1
0
8
-5
-3
4
2
0
-4
1
-1
3
-5
2
0
-2
3
7
2:-4
-2
3
-3
6
-2
-1
0
-2
5
-6
2
0
-1
2:0
14
-13
-1
1
2:-1
1
0
11
-11
2:0
5
7
-10
-3
0
2
-1
0
-1
2:2
1
6
-2
-5
-2
2:-1
16
-14
3:0
3
1
-4
0
-1
6
1
-8
11
-7
-3
-1
16
-9
0
6
-4
-9
8
-5
2
-4
11
-12
0
2
6
-6
13
-11
0
-3
0
1
2
0
4
-5
8
-9
11
-9
-4
5
6
-10
7
-1
-2
2
-7
2:0
15
-11
-3
2:0
-1
4
3
-6
3:0
1
2:0
2
-1
11
-4
-2
0
-4
-2
2:1
-2
0
7
-6
-1
11
-12
8
-9
2:0
3
-3
0
1
2
1
-3
15
-11
-4
5
10
-13
0
-2
0
-1
10
-9
2:0
-1
7
-2
-3
-2
3
-3
1
10
-11
15
-5
-8
-1
4
11
-13
11
-12
11
-13
8
5
-2
-8
-2
9
-10
1
3
-2
1
-2
1
94
-95
1
14
-5
-4
-6
8
-8
2
-1
3
-4
14
-14
3
-3
4
15
-13
-4
-2
2:0
4
-3
3
-3
18
-18
0
7
-7
3
-4
1
2
5
-8
2:2
-3
6
-6
15
-16
3
-2
2
-2
4
-4
-1
6
-6
2:0
2
-2
26
-15
-11
4:0
4
37
-41
3
1
-1
17
-20
6
1
-5
4
5
9
7
-19
-7
4
9
-13
10
-3
2:-2
3
-4
49
1317
-1278
-42
-46
-1
4
1
-6
-1
22
-21
16
-13
1
-2
-3
1
6
-6
43
-43
4
0
8
-13
14
2
-7
-1
-6
-2
345
-274
-67
-2
-1
4
1
12
-15
40
-11
-30
261
-255
19
-26
-1
4
25
-28
25
-23
1
101
104
-205
-3
-1
2
0
8
454
-460
123
-125
17
-15
28
26
512
-509
-52
-5
3
-7
9
132
-139
155
-157
6
-3
-1
2
-4
25
-25
49
-22
108
-123
34
-44
-1
20
-16
66
-69
14
10
-1
-25
2:0
9
-9
28
106
-127
-5
2:3
16
-24
2
-2
3
183
-186
18
0
-18
15
545
-558
16
-18
8
39
-46
0
2:1
9
-5
-2
-4
-1
15
-15
29
-27
2
-2
158
-149
-2
-6
9
-6
5
-11
2:4
-4
1
-5
3
-3
3
136
409
-361
-182
0
189
-153
-22
-6
-11
0
4
47
60
-101
4
-7
-9
7
3
29
104
71
-212
-1
16
-14
12
-8
21
-28
0
15
-8
53
-58
-1
24
-14
-9
-2
10:0
1
-1
3:0
1
-1
8:0
1
0
-1
1
-1
0
28
0
-27
0
-1
4:0
2
0
-2
11:0
1
-1
5:0
2
3
-4
-1
2:0
1
-1
3:0
1
-1
9:0
1
-1
0
3
-3
8:0
1
-1
9:0
1
4:0
-1
19:0
1
0
-1
6:0
3
-3
7:0
1
0
-1
9:0
1
-1
2:0
1
-1
3
-3
0
1
3:0
-1
3:0
7
-7
2:0
1
0
-1
4:0
2
-2
2:0
1
-1
2
-2
7:0
1
-1
3:0
2
-2
0
6
-6
2:1
-2
4
-4
1
-1
6:0
2
-2
3
-3
0
4
-3
-1
1
3
-3
-1
0
1
2:0
-1
5:0
2
-2
1
-1
3
-3
0
2:1
-2
6:0
2
-2
0
3
-3
3:0
1
-1
3
-3
6:0
2:1
2:-1
0
2
-2
1
-1
1
0
-1
4:0
5
-3
-2
0
1
-1
4
-2
2:-1
3:0
1
0
-1
2:0
2
-2
6:0
5
-5
3:0
5
-4
-1
6:0
1
0
1
2:-1
4:0
1
-1
3:0
3
-3
2:0
3
-2
-1
0
2
-2
1
3
-3
1
-2
2:0
1
0
4
-3
2:-1
1
-1
2:0
3
-3
1
-1
4:0
1
-1
3
-2
0
-1
0
2
5
-7
4
-3
0
-1
3:0
7
-7
4:0
7
-7
10:0
3
0
3:-1
5:0
1
-1
1
-1
3:0
2
-2
6:0
4
2:-2
1
-1
2
-2
3:0
1
-1
1
0
-1
7:0
2
-2
2:0
1
-1
1
4
-3
6
-8
2
-2
1
0
2
-3
0
1
-1
end
