v1
645
106
101
90
0
287
235
274
136
31
136
63
9
0
447
168
228
324
57
17
39
21
1
28
7
111
77
366
99
777
104
43
300
133
152
159
234
455
271
47
54
324
10
501
326
175
19
53
95
400
0
28
124
231
37
166
51
155
19
291
169
74
20
499
79
153
43
178
98
270
43
1
14
146
197
106
275
297
134
117
23
742
54
161
125
53
36
33
10
47
31
246
310
328
128
7
123
43
161
124
339
94
119
25
16
27
28
93
288
24
328
11
271
29
369
16
93
480
40
117
20
111
105
189
109
146
118
202
6
4
27
29
12
52
19
18
37
57
51
14
130
4
2
116
0
73
9
74
59
64
30
35
38
3
87
229
176
271
78
51
44
120
225
195
329
304
10
33
6
29
87
104
42
68
70
115
60
141
186
66
62
169
3
146
24
248
15
129
51
261
177
122
15
18
15
83
299
41
309
114
38
48
194
808
279
22
46
47
252
115
50
6
109
2
0
65
1
115
187
8
67
97
883
229
79
33
29
69
128
6
23
57
128
126
7
8
147
11
77
110
125
110
599
10
2
81
20
184
60
392
34
141
17
53
121
8
11
32
363
51
38
100
40
14
47
53
6
2
127
20
88
153
59
5
20
3
104
89
3
2
151
54
52
0
353
74
18
63
98
15
33
9
34
77
10
36
31375
22
9
43
161
33
9
44
2
42
154
19
2:38
120
8
28
8
22
986
13
81
72
68
111
71
43
65
58
18
56
272
604
2425
2211
328
1553
3764
1376
7580
1110
2126
2650
4766
4992
790
830
7482
816
3071
1378
0
2
8089
2
5
2821
882
943
15
1533
920
13
5152
10
6
2
1445
3503
116404
3544
1
0
7741
73
9417
28772
3646
3
22
33
128
6
40
47
38
8
53
19
17
2:5
11
36035
19327
50
35
74
157
9
27
18
39
4
2
12
162
27
10
1
10
2
2:1
11
2
54
672
61
158
6
7825
13109
21281
575
485
1183
167
849
1147
532
2
3
5
45
3
120
21
8
31
37
3
1
40
3
47
4
5
1
30302
1513
8491
64
176
11
4
96
48
563
103
1
46
41
222
85
202
25
110
4
138
9
57
18
41
103
47
41
10
0
4
30
186
87
388
37
0
19
4
13
38
8
14881
118
1997
13
9723
1
112
50
1
72
29
14
18
72
-488326
510
781
873
147
142
69
862
6
599
71
138
1061
616
25
84
198
566
561
123
98
110
245
112
152
91
705
109
74
66
191
704
1628
128
637
268
67
108
52
43
879
217
251
166
134
204
762
171
238
683
506
650
390
310
31
79
11
15
54
96
319
128
3
1805
917
52
396
94
768
281
204
1105
240
1042
266
662
1033
684
8
219
309
727
560
1161
416
396
691
439
31602
340
31
84
1670
264
33
16
5523
4266
4516
3493
1002
1322
15644
12989
1394
12762
4444
3146
8
13
4991
127629
101
42136
55905
15
201
836
3585
4380
26410
2004
1247
5227
2618
1833
25
66
101
44
43
40756
1017
67
352
173
2
23
219
258
72
15332
222
1977
10125
1417860000
499:0
1
144:0
13
57
-62
2
8
-17
82
-48
-34
6
15
5
-4
-22
1471
-1471
589
-213
-370
5314
-5315
10
62
4
-69
-3
-5
19
9
-32
3
14
34
24
120
-134
-61
226
-227
4
-4
13
-4
10
-13
-5
20
11
-9
0
-23
7
-6
843
-814
-29
3
945
-946
-3
119
-106
3
30
-45
16
-16
81
-77
-4
3
1
24
-25
0
11
3
282
-296
6
-9
229
-188
-41
183
-183
8
-5
154
-142
-15
0
56
-52
6
-10
0
-1
9
28
-36
43
-43
4
8
68
-80
7
4
213
-204
-20
71
-40
17
-45
345
-348
16
8
-14
2
21
-29
-4
27
-22
95
-92
-8
49
-49
9
77
-35
-51
12
114
-116
-6
61
-47
18
-13
-14
358
-337
-31
42
-12
52
-76
9
-14
199
-196
228
-228
1
22
250
-267
0
261
-267
101200
-101189
5435
-5439
88
-74
-18
-3
7
2:1
158
-171
537
-529
-4
14
2220
-2237
4
26
-30
34
-31
-3
217
-213
1318
-1188
327
-437
170
-194
3:0
6
22
-29
164
-163
408
-402
362
-368
15
-6
-2
4
-7
491
-466
5878
-5901
2435
-2441
17
-4
41
-50
17
-21
25
-26
0
21
521
67
-602
54
19478
-19536
144
-146
5
201
2194
-2398
80
-56
28
152
-206
127
-101
6
-30
117
-102
2099
-1375
-690
-47
107
74
1787
-1970
13068
-13052
-19
27
1003
-1029
18
28
-46
26
694
-715
3894
-3889
-4
22
20
-41
-2
2:2
-9
10
121
-126
-5
0
136
-122
482
-486
-10
14
3975
-3953
19
-55
7
56
-63
4
-4
442
-442
55
-55
21
91
-109
1086
-967
288
-347
-52
-5
11
39
41
-89
-8
0
188
-176
266
-274
-4
40
-8
271
-128
-172
135
-138
0
223
876
-1078
-13
-5
-3
6
110
-117
8
6
35
-49
9
-2
-6
15
4
94
244
-268
-85
2
35921
-35922
17
-22
41
-37
2
13
4
218
-204
2767
-2801
2
117
1087
-1204
88
-94
4
3
5
-7
-4
0
58
574
-629
4
-7
2:11
81
-68
24
-55
12
-17
14
-13
495
-487
23
-11
-9
-11
20
-16
2178
-2160
7
10
-35
5
-9
7
-4
-3
17
-5
992
-1004
22
-22
0
7
4
20
-8
-23
1509
-1478
-31
2:0
7
634
18221
-15697
-3156
8
-14
316
-319
939
-936
-3
169
-142
4
-31
14
-9
6
1
192
15
-211
-3
290
-263
-18
-6
-9
10
42
826
-75
987
-1782
11
-17
9
-8
-2
217
-205
19
-31
6
15
3
5
-29
27
152
-174
-1
103
-107
34
160
-143
-51
610
-593
-12
34
65
733
-643
-195
2
-2
2
0
1
-1
1
-1
0
-2
0
2
1
-3
0
3
-3
2:1
-2
2
-2
2
-2
1
2
-1
-2
2
1
-1
0
1
-1
1
-1
0
-1
1
2:0
1
-3
3
-3
2:0
2
-2
2
0
-2
2
1
-1
2:0
1
-1
1
-3
0
2
1
-1
-2
0
2
1
0
-1
-2
0
2
-2
3
-3
0
2
1
-1
1
-3
0
2
0
-2
2
2:0
-2
3
-1
3:0
-2
2
1
0
-2
2
-3
2
0
1
-1
2:0
1
-1
2:0
-1
2:1
-3
0
2:1
0
1
-1
-2
2
-2
2:0
2
-2
2
-2
3
-3
3
-1
-2
2
0
-2
0
2
0
-2
1
6:0
2
-2
2:0
2
0
-2
61
-61
1
3
-4
7
-7
5
-4
-1
1
-1
0
10
2:-5
1
-1
1
6
-7
1
0
3
-4
1
-1
2
0
-2
1
-1
2
-2
1
2:0
-1
0
1
0
-1
0
19
-19
0
4
-4
2
-2
0
1
0
-1
4:0
2
-2
0
5
-5
3
-3
2:0
11
-11
0
15
-15
2:0
1
-1
2:0
3
-2
0
-1
3:0
4
-4
2:0
2:1
-2
2:0
2
21
-18
-5
0
7
-6
-1
2:0
3
-3
2:0
36
-36
4:0
4
-3
1
-2
0
19
-19
0
3
-1
1
-1
10
-12
13
-2
-10
19
-19
-1
0
3
2
-5
2:0
14
-13
24
-25
1
3
-4
0
3
38
-39
974
-975
69
-70
15
-15
2:0
3
-3
0
2
2:-1
2:0
7
0
-7
0
8
-8
3:0
11
-8
-3
17
-17
6
4
-10
1
-1
0
1
7
-8
15
-15
3
-3
8
-8
4
-2
2:1
-4
0
1
251
-252
92
-92
0
1
5
-5
6
-7
1
0
-1
5
35
-31
-5
-3
261
-262
2:0
2
21
-22
0
-1
0
5
17
-22
20
-20
1
-1
1
-1
75
57
-123
-7
0
1
3
-6
310
-304
-5
-1
64
-64
1
7
-7
13
52
-64
359
-359
2:0
3
-5
0
2
0
-2
3:1
-3
3:0
75
-75
2:0
107
-103
4
-8
1
2
-3
2
-1
23
-24
25
-25
5
25
-30
94
-89
13
-17
-1
0
1
3
7
-8
-3
1
33
-34
1
-1
0
1
4
9
-1
-13
4
-4
0
21
56
-76
1
-2
2:0
5
-5
4
0
15
-19
1
0
-1
0
2:3
107
-112
-1
0
138
-136
6
-8
6
-5
0
3
0
-4
7
256
-263
0
5
4
-9
2:0
2
-2
0
1
-1
0
1
53
-54
3
-3
0
3
5
1
-6
-3
1
-1
3
-3
15
-13
10
-10
0
-2
1
2
63
-61
-3
0
-2
9
-9
1
0
-1
1
3
-1
-3
5
-5
0
1
-1
1
2
-3
1
2
-3
2:0
1
72
272
-243
-102
4
-3
0
-1
72
-70
-1
13
-7
-1
-6
2:0
2
-2
25
17
-35
-6
14
-11
0
-4
2:0
3
15
95
59
-172
10
-10
3:0
8
-3
-5
2:0
3
1
2:-2
3
6
-9
3:0
2
12
-8
-5
23
-23
2:0
18
-15
4
-8
2:0
1
-1
17:0
1
-1
3:0
1
-1
5:0
1
-1
12:0
1
-1
8:0
3
-3
4:0
1
-1
1
-1
0
2
-2
6:0
1
-1
1
2
-2
-1
0
1
2:0
-1
5:0
1
-1
7:0
2
-2
2:0
1
2:0
-1
6:0
1
-1
2:0
1
-1
2:0
1
-1
2
2:-1
1
-1
14:0
end
