v1
810
55
152
2:45
256
22
168
171
179
167
21
178
9
2:4
71
417
119
157
31
149
214
1
57
56
7
4
11
146
356
57
182
24
82
6
32
30
204
74
14
185
60
13
5
135
526
1
65
159
32
100
30
72
132
297
186
111
22
4
8
67
76
152
106
240
57
37
126
41
27
146
35
95
216
54
209
69
116
5
11
85
158
218
23
21
135
31
88
103
34
349
98
87
20
76
2:7
74
4
30
11
33
72
0
65
120
127
9
29
36
31
43
93
85
82
16
59
338
9
37
334
87
17
171
121
171
5
25
109
64
26
128
276
212
0
136
40
54
59
102
145
33
36
33
57
286
118
511
135
57
270
94
30
90
249
254
27
28
56
37
235
77
255
10
34
40
335
59
275
16
470
27
24
28
24
288
286
8
46
13
50
0
25
125
123
203
27
29
28
17
6
19
13
35
8
19
25
17
7
1
48
3
14
55
75
3
1
118
82
74
45
78
65
95
6
256
446
1
78
95
120
94
131
160
35
219
110
30
6
268
10
39
116
284
54
121
7
134
85
101
41
25
62
169
3
146
24
49
0
29
170
15
116
40
248
6
31
271
28
15
31
2
83
70
229
41
52
371
34
59
19
168
9
41
662
96
301
71
22
252
115
56
111
24
113
137
72
22
75
18
0
32
6
41
278
3
404
506
33
80
96
50
6
27
17
36
128
19
38
69
2
5
8
147
30
10
48
235
57
53
153
186
270
83
20
184
356
0
59
37
175
17
1
52
121
8
11
32
363
22
0
29
22
10
6
100
54
35
0
12
31
0
22
8
55
94
86
153
59
5
20
0
3
69
24
11
89
5
151
106
205
92
15
133
46
55
117
20
14
88
35
31375
1
5
16
9
43
39
117
5
33
26
27
44
85
88
76
0
8
112
36
8
22
932
54
166
68
111
71
15
89
62
18
47
9
3301
2211
328
1553
5140
2811
4769
0
1092
6
0
2138
2650
4766
4606
1176
9128
2229
826
9
1385
0
2
4
10
8082
3703
943
15
19
1514
0
1915
4161
1
0
7
11
6
1427
119927
3544
1
7716
25
26
47
4
9413
32379
32
7
3
22
33
39
22
113
73
20
89
5
16
9619
45012
731
9
41
35
74
157
9
24
3
41
16
1
70
91
18
27
10
13
2:1
11
2
1
725
43
15
27
4
67
54
15
25205
9030
7980
575
118
0
120
1430
539
523
665
436
532
2
1
2
4
10
8
31
120
1
28
2:31
6
1
2
1
43
27
24
6
30302
8628
1376
64
176
69
7
24
59
354
0
187
125
1
254
55
70
15
202
24
28
225
9
57
18
41
103
47
0
41
10
34
661
0
4
33
19
17
38
8
14797
2199
13
9722
2:1
139
23
1
101
14
28
7
0
55
13
-488442
309
64
0
81
0
396
51
248
141
77
441
92
132
62
87
362
162
302
321
83
908
408
45
284
261
0
368
792
108
0
451
202
52
410
175
49
1102
22
236
0
204
1642
0
110
167
12
455
0
434
612
493
1262
637
958
0
228
204
178
169
750
288
309
390
88
96
203
45
142
0
6
8
85
87
55
127
205
0
294
293
913
49
542
11
137
0
126
423
108
945
299
104
250
443
172
1270
110
0
240
8
298
71
24
0
147
74
663
317
503
62
0
749
85
856
168
41
74
30
353
0
17
0
541
0
1305
28
0
380
150
137
72
53
200
27
31399
3
0
6
514
100
106
28
25
1069
0
269
133
5711
22038
0
14699
436
3913
0
3539
8078
21
7111
5150
10
5488
0
115875
5279
38740
5528
3667
48
123
0
112
93
11037
25036
19661
0
294
822
77
36317
5973
3262
1683
32
0
18
62
0
79
0
4
47
0
26
40144
51
291
288
0
579
0
316
296
162
36
47
0
89
239
102
1417496400
599:0
1
209:0
5
158
-146
1
3
-17
5
-4
32
-31
16
0
-3
-13
-3
4
2
2994
-2998
6
-8
41
379
894
378
-1542
-150
14
8
4
3393
-3419
2
-2
1
-1
513
-512
0
8
75
-84
20
-18
0
11
-13
95
-46
-29
-18
-1
0
26
-20
-7
195
-193
-2
3
1
7
5
-12
-2
147
-141
16
140
-148
-11
-5
2:1
64
112
-164
-10
2
-6
6
-6
123
-115
185
-186
62
-66
2
235
-229
1
3
-13
3
43
-47
0
-1
6
105
-86
-24
0
8
20
-13
8
-21
-3
8
9
-7
-10
1
343
-295
-48
0
2
1
-4
4
58
-53
-9
98
-45
-17
-21
45
-59
167
-163
0
16
-17
66
-68
-2
3
267
-254
-3
74
-87
8
57
-29
-8
-3
-25
4
0
51
57
-111
6
5
9
-19
14
-8
-2
3
426
-435
475
-193
-274
-8
1
39
-40
836
-696
581
-670
-47
208
-207
0
-4
1
4
18
-18
3
-5
34
-34
0
82
-84
21
-17
-1
45
-43
6
18
-15
13
-25
19
-23
62
19
245
-306
-17
63
74
-131
14
226
-245
181
-175
9
45
-64
28
92
-118
10
163
-175
42
-26
53105
-49364
-2903
-841
25
-31
-5
249
-227
-2
152
-133
-41
2:7
-12
-2
13
0
-13
0
33
23
-46
-4
-3
-1
-2
163
-163
281
100
-203
-168
57
67
-134
14
28
95
-128
4
-8
-1
-3
123
-6
-68
-42
-6
4404
-4386
-19
46
-43
-1
5
9105
-8063
-1016
10
-18
-20
-6
1
-1
4
40
-38
-4
7
-5
82
232
-255
-42
1390
-1403
3
492
-503
1
35
8815
-8835
23
-38
2
3
300
-304
26
-22
70
8
680
-763
0
8
110
-87
-28
13
3278
-3277
4118
-2495
-1576
-64
2:0
17
-13
-4
262
-137
17511
-17636
-1
175
-162
0
29
3504
-3518
118
214
-341
0
654
-672
0
22407
-22408
32
-11
293
-236
-55
-12
-11
4
-2
53
32
-81
13
-18
767
-768
0
2103
-2104
1
131
-46
-85
0
4
-2
12
-12
28
491
-512
233
-229
0
-13
79
622
-662
943
-979
0
48
-41
144
-143
-5
-4
183
-176
239
-242
249
-195
5008
-4902
-122
-10
-33
0
-1
13
0
492
11789
-12068
-224
0
22
-24
6
13
17
-3
6
-39
3
-3
33
-25
110
-110
2:3
22
-28
-3
0
205
16298
-16480
-13
390
-386
41
-39
333
-209
75
-220
3360
-3355
124
-126
57
1691
-1751
4
-3
0
23
-21
599
140
-730
-12
51
-49
1
8
5
-13
102
-98
-2
115
-119
25
-10
-16
2
43
-29
-7
-5
1160
-1136
98
-115
-6
-2
2
-5
1
6
17
-24
10
-4
-2
61
231
-295
0
10
142
-105
-4
-24
30
162
-194
-16
-1
1
4
-5
877
-872
-6
4
22
601
1557
-2164
28834
-18049
-10801
-2
27
1161
-1173
-17
63
33
-11
-85
233
-213
-11
-4
0
-5
377
-114
-263
266
-264
40
14
-39
-18
105
18421
-13117
-2635
-2701
-62
3
0
-10
0
43
-45
0
9
-6
2
50
2
164
-216
-1
23
-26
5915
-5869
-44
4924
-4874
53
1185
-1290
-1
0
587
-554
-36
-1
0
1
-1
0
2
-2
1
3:0
-1
0
1
0
1
-1
1
2:-1
2:1
0
-1
2:0
1
-2
1
0
-1
1
0
-1
2
-1
2:0
-1
0
1
8:0
1
-2
0
2
-1
0
-1
2:1
2:-1
2
-1
0
1
0
-2
3:0
2
-2
1
-1
2
-1
3:0
1
-2
0
2
-2
2
-1
0
-1
2
0
2:-1
2
-2
2:1
-1
2:0
-1
0
1
4:0
-1
1
-1
1
0
-1
2
2:-1
2
-2
1
-1
0
1
0
1
-2
2
-1
0
1
-1
1
0
-2
2
-1
1
-2
0
2
0
-2
2
0
-2
1
0
-1
2
0
-1
1
2:-1
1
3:0
1
0
-2
1
3:0
1
-1
0
-1
1
2:0
1
2:-1
2
-1
0
1
-2
2:1
-2
2:1
-1
0
-1
2
-1
1
-2
2
-2
0
2
3:0
-1
0
-1
0
2:1
2:0
-1
0
-1
2
-2
1
2:0
2
2:-1
2
-2
2:0
3
-3
4
-4
2:0
3
82
-85
1
-1
2:1
6
15
-18
-5
5
-4
-1
2
-2
6:0
1
0
1
-2
4
-3
2:0
-1
5
-4
0
-1
0
1
-1
2:0
5
-5
0
1
-1
2:1
2
-4
0
2:1
19
-21
4:0
6
-6
8
-8
0
1
0
-1
0
1
-1
0
2
0
-2
11
-10
1
-2
8:0
1
2:0
-1
3
-2
-1
3:0
2
2:0
-2
1
0
-1
2:0
1
-1
0
8
-8
3:0
4
-3
1
-2
7
-7
0
1
-1
4
-4
0
1
13
-13
2
-2
-1
2
0
1
-3
0
2
-2
0
3
-1
-2
1
-1
2:1
-2
3:0
5
-5
29
-24
-4
-1
3:0
1
4
-4
52
-53
7
-7
4:0
3:1
-2
1
-2
1
18
-19
2
2:-1
14
-12
3
-1
-3
0
-1
4
-4
11
7
8
-25
1
6
-2
-5
-1
8
-7
15
-14
-1
1
-1
1
-1
2:0
40
-41
0
6
1132
-1062
-51
-20
-3
-1
0
6
-3
-1
-3
1
-1
1
2
2:-1
2:0
1
-2
14
-12
-2
0
1
-1
0
25
-24
0
70
-71
2:3
13
-19
7
-7
2
-2
2
-2
1
0
14
-2
-13
1
0
12
-11
2:0
-2
1
-1
284
-237
-46
0
2
-3
3:0
1
5
2:-3
3
-2
4
-4
2:0
53
-49
-2
22
-25
0
1
215
-216
10
-10
1
-1
30
-30
2
0
5
-1
22
-28
0
1
25
-20
-5
-1
8
-6
84
137
-215
-7
2:0
1
0
-2
3
10
332
-344
0
17
-17
0
-1
116
-116
0
16
-12
14
29
-42
0
413
-418
0
12
6
-14
-1
4
-7
2:0
6
2:-3
4
-4
75
-75
0
119
-119
1
11
-8
-3
2:0
3
-3
-1
4
21
-23
45
-42
0
-4
13
85
-93
26
-32
1
2
-1
7
-6
-3
0
58
-57
10
-11
1
13
2
0
2:-8
2
0
-2
2:0
30
129
-150
-9
0
1
-1
0
1
5
0
16
-22
0
1
0
-1
2
2:-1
2:0
4
-4
0
7
136
-139
0
-1
1
4
-8
2:0
22
-22
361
-359
-2
2
0
19
-20
-1
2:0
4
-3
3
40
-41
-3
4
-3
-1
0
4
-2
10
-11
-1
3
-3
4
-4
2:0
17
-14
0
-3
63
-59
7
-8
-3
6
2:-3
0
1
3
-4
4
-4
2
4
-1
-5
0
1
7
-5
0
-1
3
9
-10
-4
1
-1
2:0
7
-4
-3
2
0
-2
76
-76
512
-332
-175
-5
4
154
-156
-2
4
13
4
-20
2
-3
5
-5
2:0
29
60
-89
19
-19
2:8
-13
-3
11
35
95
-59
-79
-1
1
0
2:-1
3
-3
0
-1
4
-4
14
-9
-4
-1
3
2:-1
10
-3
-8
56
-53
2
15
-20
2
0
9
-6
-5
18:0
24
-24
14:0
1
-1
21:0
1
0
-1
3:0
4
-4
4:0
1
-1
1
-1
2
2:-1
0
1
-1
8:0
2:1
-2
21:0
1
-1
15:0
1
0
-1
23:0
1
-1
3
-3
3:0
2
0
-2
4:0
1
-1
2
-2
4:0
1
-1
4:0
2
0
-2
4:0
1
-1
18:0
end
