v1
814
584
540
474
320
165
524
27
1
57
56
7
14
1
28
339
1098
526
206
159
366
594
101
835
573
244
95
156
54
336
30
166
225
97
247
190
176
86
257
165
203
85
440
435
275
297
134
90
32
372
212
230
339
69
57
692
223
29
106
366
257
167
281
7
114
567
92
386
257
18
16
573
40
137
60
51
294
641
64
19
81
23
8
46
5
14
134
118
73
9
74
59
64
35
30
112
245
176
271
173
120
225
195
329
304
10
39
116
338
121
141
85
101
41
256
3
151
267
15
116
294
330
46
2
83
70
229
41
508
1003
301
83
377
167
368
75
50
961
0
277
33
29
241
42
128
126
15
147
433
692
20
184
360
92
175
191
8
11
32
112
273
29
38
100
54
47
31
30
147
88
212
5
20
3
104
2
87
5
702
252
123
31370
5
6
16
9
204
86
44
173
76
120
36
8
22
1152
68
111
237
65
9
3301
2211
328
1553
5140
10816
2650
4766
5782
9128
4451
12757
7628
6
1427
3523
119949
7741
73
9417
32421
22
26
254
109
5
54647
703
78
35
74
157
7
29
57
18
162
27
10
2
1
11
1
11
777
107
34304
7980
575
1668
1062
0
665
968
56
2
180
37
3
1
43
57
30302
10004
64
176
69
7
24
59
666
1
46
145
118
85
202
277
9
57
18
144
83
5
44
604
113
4
13
38
90
14799
110
2018
9723
1
162
102
14
90
-488504
75
77
90
208
238
37
42
211
196
52
115
24
14
34
268
228
0
198
135
0
100
315
123
81
159
101
80
0
156
46
275
47
183
0
59
118
22
49
764
131
75
5
46
56
72
0
106
169
180
14
434
152
0
106
86
63
67
244
52
70
92
35
113
180
5
302
0
659
163
75
146
0
190
187
152
53
76
0
80
7
5
268
161
177
31
304
211
204
13
164
16
117
61
116
56
19
147
128
2
132
39
112
88
496
30
86
25
128
26
0
3
66
1
62
452
201
96
325
12
173
61
173
26
135
94
30
244
732
55
161
0
18
126
49
278
507
283
121
122
70
216
177
65
32
80
5
146
26
123
181
27
13
11
33
17
6
57
18
17
0
8
2
8
82
24
110
13
17
2:91
36
49
34
5
20
0
8
118
35
19
38
31
71
13
29
192
11
118
243
366
22
291
121
27
106
208
103
115
31
0
1
267
39
35
64
84
404
108
226
126
102
314
3
24
52
140
56
19
4
0
14
276
38
30
69
131
198
337
114
93
0
12
175
9
0
41
662
295
76
119
7
305
105
0
6
109
26
48
109
56
0
37
102
257
75
110
3
404
66
154
28
321
196
6
27
200
114
195
48
110
125
111
262
346
2
140
153
404
3
65
217
50
165
31
0
216
73
278
26
142
32
55
183
23
262
21
11
33
32
183
244
53
15
39
47
27
83
43
15
55
42
87
24
15
41
31357
82
16
96
44
9
29
50
201
88
0
15
1108
2
54
64
17
63
272
104
4
73
59
5514
314
9
384
3542
703
691
1047
8260
747
14543
3
6917
13
2172
2217
828
835
1385
16
8075
2
5
12
5
0
2804
882
943
34
1514
933
474
511
1012
0
3146
8
19
1412
3579
488
11417
91358
13098
0
1
3543
0
7717
1
50
27765
10471
3515
92
32
28
2
35
130
4
133
53
19
38
72
55290
132
193
15
30
203
54
12
15
31
695
0
29
14
18
158
6
3445
0
4382
4973
6403
1731
3093
1178
12281
4726
164
2955
1823
0
2:1
2
5
7
19
21
42
17
38
45
8
37
3
102
0
11
9
4
5
31816
8273
647
49
462
213
9
283
0
107
134
2:111
0
107
49
23
38
94
8
38
207
100
215
173
37
51
10
3
18
50
14747
120
30
74
1975
9735
111
188
4
12
19
1
-487128
15947
5471
4557
3808
492
1518
814
31921
1438
302201
972
47216
58624
1417553400
299:0
1
499:0
1
13:0
27
4
-8
2741
1083
-3717
-91
23
248
4366
-4660
3
7
398
-319
-43
-22
82
-87
-17
486
-480
146
-136
-18
20
-18
75
-52
79
70
676
-842
304
-303
-9
19
-13
16
25
-32
36
-39
424
-231
-192
15
42
-30
-33
229
168
-392
475
-451
31
2
-68
38
-5
-24
-9
658
-541
-116
3
596
-600
169
-64
659
-715
-7
-14
-23
140
-134
-9
136
-133
16
-19
-1
11
-10
79
-56
-13
786
-752
488
-495
-38
359
-351
74
-68
115
77
-183
-13
-12
414
-376
105510
-91931
-12924
-677
7
323
-267
-77
199
-149
-21
-25
-1
28
205
-202
3
394
-189
133
-365
106
537
-640
76
-44
-47
21
171
15351
-7972
-7564
12
6
27
-44
32
-37
2
1541
-536
-631
34572
-34783
-150
-3
608
-568
17
-54
27
21563
-20522
-986
352
-450
9
487
-464
65362
-65323
-64
4802
-4795
119
-121
3114
-3119
6987
-6991
11739
-11697
85
-132
1508
-1498
711
3890
-4541
4
149
-223
6
256
-84
-175
255
1730
-1966
1793
-1778
27
163
800
-892
-135
243
-188
703
-417
-208
1133
3282
-4113
-404
593
-571
-50
56613
-56607
137
-124
55
223
-189
5678
-5787
764
-764
-2
135
1705
-1838
9
-6
4
28
120
-138
161
-42
-135
21
-10
-11
124
-127
4929
-4908
45
280
-335
-8
62
-48
704
-697
-4
11
-11
-10
13684
-13685
1695
41168
-39734
-3104
546
-580
234
-183
-50
-1
30
-27
11
416
-52
-296
-13
671
250
-919
82
4701
-2342
7239
-9720
-30
46
40
-86
197
-175
-22
51286
-51284
104
-100
22
376
-179
2692
-2848
165
-156
-91
-3
10
-7
-3
7
-8
0
1
13
-2
-12
5
1
-5
0
7
0
-7
4
-2
-1
0
1
4
-1
-3
-1
2:0
6
-8
2:1
0
7
-6
-1
6
-7
6
-2
-5
1
2
-1
0
2:-1
6
-3
0
1
0
2
-6
2:2
-3
13
-1
-12
1
5
-4
1
-2
1
3:-1
8
0
-6
-1
5
0
-2
0
12
-16
1
7
-8
5
9
-4
1
-10
0
12
-7
6
-9
6
-8
1
-1
3
0
-3
-1
10
-9
0
2
0
2
-3
6
0
-5
0
8
-10
0
8
-5
-3
4
-2
11
-8
-6
7
-4
7
-9
2
-2
1
0
-1
0
8
-6
10
-13
1
2:0
2
0
3
-4
3
5
-9
0
8
2
-10
1
11
-3
0
-1
-8
0
1
2:0
-2
6
3
-9
2
2:1
-3
2
0
-2
8
-7
2
0
2
-4
12
-8
5
4
-14
0
4
-4
13
-10
10
-9
2:-2
7
-7
4
0
-4
2
-1
0
1
7
-9
-1
15
-5
-7
-3
2
3
-4
6
-6
2:0
4
9
-5
-7
0
1
-3
1
0
8
-6
-2
13
0
-12
0
13
-9
2
0
-5
0
-1
2
1
5
-7
1
0
7
-8
3
8
-13
2
-2
7
-7
2:0
7
-5
-1
0
5
-6
5
1
8
-13
2:6
-8
-5
2
10
-7
-4
0
1
-2
2
5
-6
3
10
-15
2:2
0
-1
-2
4
-5
7
0
3
-10
6
-6
8
-8
1
-1
6
-5
2
-2
2:1
0
9
-12
0
3
7
-7
-2
4
-4
5
-6
3
-2
0
-1
2
11
-3
-6
0
-3
-1
2
3
4
-9
9
-6
2
-1
0
12
-5
-9
-1
12
-5
-7
3:0
12
-4
-7
8
-10
2
7
-9
2
13
-13
-2
4
-2
3:0
6
-6
9
-6
1
0
7
-13
2
0
-1
8
6
-14
2:0
-1
2:1
0
-1
3
0
6
-2
-6
3
-3
-1
0
4
-1
0
1
-4
3
2
0
-3
10
-12
9
-9
9
-5
-3
8
-10
13
-11
2
4
0
2
-1
-6
-3
3
-1
2:0
1
-2
8
5
-8
-3
2:-1
5
-4
0
8
0
-2
-8
2
-2
2:0
9
3
-5
4
-4
5
-8
2:0
7
-6
-2
2:-1
11
-7
-2
1
-3
1
3
1
0
-5
3
0
1
3
-7
0
-1
0
6
2:1
-1
5
-4
-6
2:-1
1
6
-2
-5
15
-13
8
2
-10
-1
0
2
-3
15:0
1
2:0
1
95
-96
2
-2
13
1
-10
-4
7
-5
-2
8
-8
12
-10
0
4
0
15
-17
-3
-1
2
2:-1
2
1
31
-34
2
-1
3
2
-6
2:0
3
-3
3
8
-10
5
2:-3
5
-5
12
8
-17
-2
0
8
-9
2
-2
1
4
-4
-1
0
1
-1
33
-33
9
-6
-3
1
2
-2
0
67
-66
-1
27
-21
4
-5
7
-12
1
13
2
-17
46
-40
1
-3
0
5
-1
2
-9
15
-3
-9
-4
2
75
-68
1592
-1499
-24
-75
4
1
-4
2
-5
1
6
-5
-2
13
-12
3
10
-14
50
-49
14
-12
13
-16
19
1
-17
3
-4
363
-254
-109
2
2:0
-1
7
-9
3
43
-20
-24
378
-346
-31
1
23
-29
19
-13
0
141
56
-196
-7
2
3
-3
9
692
-687
-16
135
-134
16
9
66
-86
656
-658
75
-73
0
-2
110
-114
2
188
-189
10
8
-16
0
31
18
-49
29
136
-156
37
-45
4
15
46
-68
1
6
12
0
19
-21
17
125
-152
-7
9
14
-24
240
-236
1
-3
11
-13
21
560
-580
7
-7
1
5
78
-83
-2
3
0
20
-18
2
-2
8
-1
13
-22
2
-4
6
185
-178
-13
2:0
3
5
-2
6
-5
0
-6
4
-5
5
2
113
451
-412
-156
110
-113
24
-9
-8
-6
-2
1
8
41
56
-90
-16
18
1
-13
1
37
141
164
-329
-19
2
14
-13
3
-7
5
34
-39
2:0
5
14
-10
40
-48
26
-15
-12
0
1
-1
6:0
2
-2
1
-1
2:0
2
0
-2
5:0
1
-1
4:0
19
-19
17:0
2
-2
3:0
1
-1
2:0
2
-2
11:0
1
0
-1
0
1
0
-1
0
4
-4
4:0
1
-1
2
-2
0
1
-1
2:0
1
-1
6:0
2
-2
9:0
1
-1
5:0
1
-1
2
-2
4:0
1
-1
4:0
2
-2
13:0
2:1
-2
3:0
4
-3
-1
1
-1
2:0
1
-1
3
-3
0
3
-3
3:0
1
-1
0
1
0
-1
0
1
-1
3
-1
-2
7:0
2
-2
9:0
1
-1
0
4
-4
3:0
2
-1
1
-2
1
-1
0
2
-2
2:0
1
-1
5:0
3
0
-3
0
4
-4
2:0
2:1
2:-1
2:0
2
1
2:0
-3
1
0
-1
1
0
2
-3
10:0
4
-4
2:2
0
-4
2
4
-6
0
2
-2
5:0
1
-1
3:0
2:1
2:-1
4:0
1
-1
4:0
3
-3
3:0
1
-1
1
-1
0
2
3
-5
5:0
1
-1
2:0
1
0
-1
5:0
2:1
-2
2:1
2:-1
0
2
-2
11:0
1
-1
4:0
9
-8
-1
4
2:-2
4:0
2
-2
0
4
2:-2
3:0
1
4
-5
6:0
1
2:0
-1
0
1
-1
2:0
1
-1
1
0
-1
0
2
0
1
-1
1
-3
4
-4
3
-2
1
0
-2
3
-3
0
5
0
-3
-2
1
-1
0
1
0
-1
2:0
2
-2
2:0
1
-1
1
-1
2:0
1
0
-1
0
2
-2
3:0
1
0
-1
3
-2
0
-1
4
-3
-1
2:0
1
-1
0
3
-3
1
2:0
1
2:-1
2:0
1
-1
3:0
1
-1
1
0
1
4
-6
4:0
2
-2
2:0
4
1
-5
2:0
1
-1
15:0
end
