v1
606
207
536
486
52
802
79
196
106
43
0
185
56
22
28
610
50
159
6
588
24
147
10
16
264
150
145
159
162
50
22
132
483
111
34
275
126
52
164
19
234
32
435
66
72
339
71
85
399
21
166
18
40
167
281
2:34
185
176
4
82
194
63
79
48
148
178
303
65
162
55
125
165
190
85
148
111
172
90
371
33
0
442
59
280
36
33
57
31
373
288
144
0
79
29
99
7
123
43
161
14
25
55
202
42
30
95
281
121
567
77
307
94
0
275
16
43
50
64
136
83
21
152
24
288
294
24
80
177
123
166
15
56
45
12
25
1
25
15
3
2:19
0
23
8
46
19
134
13
105
73
9
32
42
59
2:3
53
5
65
3
35
3
54
17
127
118
0
74
102
0
27
237
7
78
95
120
139
246
35
192
137
4
59
251
33
6
24
238
38
100
54
121
0
35
106
85
142
198
61
146
73
29
185
129
27
285
299
48
153
44
169
16
41
423
105
175
808
60
241
42
29
12
10
121
111
135
56
105
4
2
24
82
75
56
131
75
50
16
0
901
35
9
31
246
62
1
143
3
64
200
19
38
69
15
147
40
117
276
334
5
260
113
77
107
60
352
40
175
0
133
7
51
8
11
32
43
31
57
159
2:73
16
100
54
35
12
59
2
17
18
112
88
153
59
5
20
0
3
99
5
89
5
247
10
0
102
210
133
46
17
155
34
92
31406
22
9
43
194
53
9
2
33
85
88
105
91
8
28
8
22
932
111
87
22
68
92
19
71
61
105
18
43
4
3310
2211
328
1553
5140
10816
2650
4766
4989
6497
3424
1797
0
2652
2
14
8075
2
1
4
3703
943
15
2940
1523
0
3165
2
2:3
1425
106829
13099
3544
7741
73
4
9413
32411
10
22
33
48
80
2
44
47
26
20
89
5
55428
35
47
27
60
97
24
12
57
6
12
157
0
5
27
10
13
2:1
11
2
47
679
43
119
48
9
0
6
34235
7894
86
575
118
1550
873
189
665
968
2
3:1
2:11
31
58
28
94
9
28
3
1
70
20
10
40088
218
64
245
31
59
79
56
406
0
125
1
46
41
0
222
85
202
24
95
16
142
9
22
2
4
11
2:18
41
103
47
31
10
44
237
456
5
19
4
13
38
15007
1997
13
9722
2:1
162
1
12
89
14
18
17
55
-488547
646
373
1585
224
777
235
64
324
946
468
466
295
2467
560
2263
396
593
475
1965
1137
1210
35
710
549
70
26
30
129
123
469
54
1134
229
128
602
16
333
184
512
145
212
761
2303
155
992
539
840
1032
927
97
171
181
1038
227
951
409
195
222
14
31701
36
1782
43017
3913
11622
2821
9457
121372
53299
86
125
80
55619
106
45
38
164
21
35
1
8
14
21888
4271
3879
16390
1147
568
18
39255
1685
1678
8
219
13
114
131
15436
12236
1417706400
505:0
1
99:0
13
12
78
-100
1661
-1659
8
12
-18
0
130
2878
-2672
-115
-227
2
-2
23
-15
1
-2
-6
70
-69
3
142
-39
-107
0
113
-106
-5
165
-168
17
-8
7
-9
-6
0
61
87
-145
3
137
-143
20
-4
-9
38
-39
63
359
-424
-5
142
-113
-9
-19
2:10
-19
17
-18
17
-15
-1
1
7
-6
3:2
275
-285
1
26
-22
-2
-1
0
194
-191
286
-289
3
150
-148
-6
-1
2
0
83
-27
-51
-4
1
-5
9
-7
24
-17
14
2
-24
24
-20
14
6
-13
-9
96
4
-71
-12
-18
0
4
-4
21
-21
-1
550
-209
-219
-120
-2
1
4
-1
2:5
-3
-8
-3
38
-38
8
-7
14
-9
0
2
-6
2
1865
-1792
-76
30
11
175
-215
120
-41
-81
7
-1
119
628
-753
3
2:-1
4
-5
92
9
-88
-11
0
-1
4
284
-286
23
-3
-21
-2
12
7
235
-249
-4
73573
-73542
5175
-5175
-27
-6
2
48
-31
-1
25
223
-262
16
-19
6
878
-883
2
20
-18
-4
6
71
100
-170
-7
5
8
790
-784
-16
-4
55
-55
80
-73
-8
5
38
-41
0
7
165
-116
-44
-6
-4
0
-2
0
3872
-207
-3659
-5
0
2
-3
6
152
-139
10
-29
-1
7
-6
1388
-1385
10
218
244
49541
-50011
-5
207
-207
1
3420
-3414
-8
207
-206
0
33
-28
2:0
-2
5
2475
-1422
-1048
-13
4
-4
0
23
-23
6
25
22030
-22062
3
2
2311
-2309
1
20
314
-326
48
1135
-1197
0
3995
-3997
4
16
13
-32
19
-13
-4
26
-20
-8
2
5
452
-451
2386
-2342
43
-92
38
-41
-2
1101
-940
-159
167
-165
50
-51
858
-849
824
-816
-10
-9
33
-20
-13
50
-43
-7
10379
-10363
-6
28
-14
-21
235
-113
133
364
1637
-1862
-367
-28
236
-236
0
13
9
4
-23
-3
5
-7
12
-6
149
-148
-1
0
34777
-34779
35
-19
68
-84
-4
88
140
-143
-83
4444
-4435
68
327
-404
-2
60
-59
9
-9
2:0
33
866
-897
120
-118
9
-15
11
-9
180
-92
1349
-1433
-3
0
26
-23
8
-12
220
-163
-45
-9
-1
1
-2
-1
7
-2
0
-1
-3
107
-95
-13
6
22
-28
6
8
10
11
-8
-26
6
4
63
339
-398
4
-9
-8
326
22046
-19875
-2495
3
138
-134
112
-89
-35
1
2
9
-11
1
0
180
72
-210
-42
0
3373
-3333
-27
-14
277
-273
33
972
-1001
-9
4
-5
592
9327
-9902
13
-26
-1
141
156
-284
-10
2
27
-23
45
77
-8
-121
12
-7
380
-362
859
-881
-4
22
193
-121
-92
19
-23
4:0
1
-1
4:0
1
-1
2:0
1
-1
0
1
0
-1
0
1
0
-1
1
0
-1
2:0
1
-1
0
1
-1
1
0
-1
2:0
1
-1
0
1
-1
0
1
0
-1
0
1
-1
0
1
0
-1
0
1
-1
3:0
1
0
-1
1
0
-1
1
0
-1
1
0
-1
0
1
-1
14:0
1
-1
4:0
1
-1
0
1
0
3
-3
58
-58
4:0
6
3
0
-6
-3
8
-8
2:0
2
-2
4:0
5
-4
-1
2:0
2
-2
2
-2
0
3
-3
3:0
7
-7
2:0
2
-2
2:0
1
0
-1
0
18
-18
0
1
2:0
-1
6
-6
2:0
2:1
2:-1
1
-1
2:0
3
-3
4
-4
0
3
-3
0
2
0
17
-19
11
-11
0
3
-3
4:0
3
-3
0
1
-1
3:0
1
-1
3:0
2
2:-1
0
3
-3
13
0
-7
-5
-1
3:0
1
-1
2:0
1
60
-61
2:0
1
-1
3
-3
1
-1
0
7
-7
0
1
-1
2:0
3
-2
1
0
15
-16
10
-10
19
-20
11
-8
-3
5
-3
1
8
-11
1
-1
0
2
-2
6
0
-6
4:0
29
-28
5
-6
0
1
-1
0
42
-42
0
1127
-1127
77
-77
1
-1
2:1
2
0
-4
5
-2
-3
2
-2
2
-2
1
2
-2
0
-1
9
29
-36
-2
0
2
17
-14
-3
-1
5
-6
14
-14
1
0
3
-4
0
5
2
-7
3
-2
-1
2:0
1
207
-114
-94
2:0
1
-1
1
-1
3
7
-9
-1
1
-1
52
-45
-5
11
-13
365
-358
-7
26
-26
0
2
1
-3
28
-27
-1
12
-8
0
-4
0
1
68
32
-98
-3
0
1
-1
2
-2
1
6
433
-440
1
-1
77
-77
0
2
11
-11
39
28
-68
0
358
-359
1
3
-3
-1
3
-1
-2
0
2
-2
0
2
56
-57
113
-107
4
-10
2
-1
-2
0
20
-19
28
-29
14
-14
83
-76
16
-22
0
-1
3
-1
-2
10
-8
-2
29
-26
-3
2
3
-3
14
1
-9
14
52
-68
-5
-1
7
-7
0
10
7
-17
2
-2
0
1
-1
1
3
-3
2:0
176
-177
0
6
2:-3
0
6
-6
4
-3
236
-237
4
2
-6
2:0
1
7
-8
1
-1
3
41
-43
15
-16
8
-8
3
-3
1
9
25
-30
-5
0
10
-9
2
-3
33
-27
-5
-1
0
9
-9
0
2
2:0
-2
2:0
2
-2
0
5
-4
0
1
2:0
2:-1
2
-1
4
0
-5
0
5
-5
50
419
-402
-67
0
40
-40
8
-1
-7
4:0
1
0
20
24
-40
-3
0
10
-2
-4
-6
1
-1
2
19
-20
-1
2:0
108
115
-221
8
-10
0
1
10
-11
0
2:4
-8
5
9
-14
0
3
1
9
-8
9
-14
0
1
20
-16
-5
4
-4
34:0
1
-1
3:0
2
-2
7:0
1
-1
2:0
1
-1
10:0
1
-1
1
-1
3:0
1
-1
9:0
1
-1
1
-1
0
2
-2
9:0
1
end
