v1
805
207
377
175
221
106
7
136
0
239
0
580
35
14
481
56
1
57
56
22
681
231
553
140
440
152
393
132
594
329
106
216
43
75
167
81
492
278
217
54
345
187
172
53
281
63
42
148
20
76
133
33
257
77
64
134
155
121
397
43
34
578
431
90
488
358
339
5
64
57
809
106
135
665
125
87
126
41
27
84
677
11
259
41
150
219
173
300
64
52
157
131
294
59
50
264
208
4
56
28
55
40
3
19
42
8
46
0
2
3
14
130
4
118
82
74
45
78
30
5
30
41
16
55
93
34
118
426
21
78
215
225
195
31
298
30
274
10
33
6
116
104
180
54
262
227
259
146
5
282
740
10
23
15
83
299
41
423
330
0
638
120
301
93
367
50
6
109
2
24
157
93
94
8
67
50
325
605
87
0
142
79
33
29
203
80
128
126
7
8
147
30
168
125
110
599
12
81
20
184
360
92
34
141
17
53
0
121
8
11
32
113
272
1
28
38
100
54
47
61
35
20
92
2
86
153
59
5
20
3
88
16
89
5
151
106
194
251
63
155
34
123
31370
5
22
9
82
122
4
29
53
42
2
85
88
76
8
112
36
8
22
1048
82
22
68
65
46
71
166
18
47
3310
2211
328
1553
5140
6258
4558
2650
4766
2526
2463
9921
4449
2
8139
3660
943
15
1533
920
5156
19
6
2
4948
531
119418
7741
73
9417
32395
26
18
4
207
73
109
5
16
0
55447
74
157
7
2
15
12
57
6
12
162
37
2
0
1
11
1
11
2
0
769
113
54
34250
7980
575
2730
1101
532
2
3
2:11
31
46
0
95
8
31
9
28
3
1
34
9
47
10
40088
218
64
176
76
0
24
89
636
1
13
33
0
263
85
202
277
9
22
2
33
18
14
27
61
89
55
728
19
17
38
15027
1977
13
9723
1
162
1
101
14
18
10
62
-488372
65
251
0
240
222
431
76
288
374
0
51
212
312
2
44
501
103
99
159
0
272
74
107
202
8
0
102
53
326
61
304
23
32
135
366
133
160
133
12
39
23
35
46
105
143
250
220
219
257
66
483
129
107
140
263
7
82
30
118
173
25
170
111
262
410
57
0
93
77
62
85
447
322
69
37
104
46
94
0
4
0
7
12
267
38
251
377
254
247
67
0
35
581
0
520
147
99
0
373
0
55
0
30
577
45
354
77
139
0
193
73
205
0
14
215
200
152
45
401
6
43
0
39
209
247
395
7
21
176
104
6
38
21
24
41
73
121
5
121
7
64
0
142
14
0
32
616
270
86
88
202
0
194
109
60
194
138
119
690
317
33
54
0
14
128
111
58
251
170
46
98
27
248
23
8
0
16
153
128
122
87
786
187
308
0
404
439
0
34
7
93
112
0
28
8
369
40
0
261
454
47
586
282
126
78
0
50
44
6
0
51
75
57
38
59
0
212
48
87
259
124
0
82
402
156
191
583
0
269
83
310
10
260
0
3
100
449
30
10
240
6
202
0
47
95
11
14
0
28
12
44
40
0
40
96
25
7
227
0
1
0
31575
13
0
108
28
0
17
184
0
96
159
38
974
0
13
51
249
0
146
469
0
5242
323
1878
2751
9647
3221
0
4218
8205
2831
3249
0
414
436
3913
1304
842
1384
10
8046
18
0
11
7
16
0
4652
4456
3154
1
0
1443
3560
116368
3543
1736
47914
23
35
59
75
0
92
0
33
0
8
53
0
19
0
55349
23
28
9
361
110
91
1
0
5
50
12
741
61
9
144
11
20934
4271
3235
9046
7099
745
1
1825
0
4
3
7
19
0
71
4
2
0
3
17
45
11
66
94
16
31829
8222
309
269
0
52
579
213
0
107
118
174
134
111
153
26
110
0
141
38
34
173
13
0
475
15140
11821
126
62
1417849200
399:0
1
404:0
26
-15
2
18
-23
56
-29
4
-5
2
-26
2957
-2884
-64
0
393
-240
1873
-2025
18
-26
12
-16
20
41
589
-607
39
130
-212
5
-1
13
697
-677
-24
-11
2
0
81
267
-243
107
-188
15
-39
15
-19
7
-7
20
7
-26
3
2
2:7
-20
5
181
3
-177
36
-45
114
-52
-65
10
-8
17
12
-20
2
52
-65
38
-36
9
-11
375
-51
-312
25
-32
144
-119
-4
22
429
-468
442
-370
-75
31
-14
73
-59
-20
-16
1930
-1926
28
-32
9
257
-240
-1
-26
58
-57
0
25
45
232
-257
25
-56
-10
8
53
-62
6
138
-99
-46
275
-278
268
-263
495
-479
11
396
2432
-2857
27
68135
-68156
4425
-4204
-214
7
-23
231
-57
21
-184
8
133
-107
-41
1067
-840
-32
-148
86
-104
-25
0
-8
75
77
-108
-28
-12
-3
3953
-3934
-13
14
1
9347
-9364
1277
-1270
12
-20
3
2
-3
56
-52
272
-278
10
392
-112
-287
11
17987
-18000
-1
0
381
1834
-2141
-41
-24
225
-207
75
-83
9
-18
143
-11
-134
1986
-678
-1282
64
-102
12
-2
233
1434
54671
-56342
1332
-1321
3
-12
87
258
-336
16
1669
-1693
3671
-3668
-1
-10
62
-64
3
0
95
-94
21
692
8708
-9015
4520
-4846
-42
-39
0
53
-47
-7
2
281
-279
89
-87
-3
31
1032
-952
310
58
-478
18
-23
0
115
-109
231
56
-267
34
592
155
-720
-3
34
1931
6122
-7892
-274
4
37
-16
38
5310
-5333
-34
162
1373
-1492
-36
24263
-24269
9
420
-441
106
217
-220
4137
-4072
-98
-62
906
-880
-21
-6
490
-489
0
60
-66
76
-75
-1
3
2
-5
2886
-2878
55
-53
-7
4
-9
953
-913
102
-134
0
7
117
-112
-9
13
2569
-2576
38
-36
5
7
-23
-3
521
-518
0
-2
332
-325
-11
2486
16327
-14898
-3915
15
21
1354
-1386
483
-396
-64
-18
-8
2:8
285
108
-393
10
-2
378
186
-571
196
1452
-1651
-16
1769
-980
-775
21
110
-142
113
-98
-14
-1
228
-221
10
28
99
-57
2501
-2514
-28
201
-166
232
47
-365
-2
-4
0
2
-3
4
1
-1
-3
0
2:1
4
-7
2:0
6
0
-4
0
2
1
-5
6
-5
0
-1
5
1
-4
5
-5
1
-3
0
5
0
-4
0
4
-1
-4
7
-4
-3
7
-7
5
-4
4
-5
3
2
-5
5
-2
1
0
1
-3
2:1
-4
3
1
2:0
-4
3
-2
4
-5
7
-3
0
2
0
-5
0
-1
2:0
3
-3
2:1
5
-7
5
-1
0
2
-5
0
2
2:-1
0
3
0
-2
0
4
-6
3
-3
5
-4
0
2
-2
2:0
4
-5
1
-1
0
1
-1
4
0
-3
2
-1
5
-1
-6
6
-1
0
1
-5
5
1
0
-4
-1
-2
4
-3
0
3
-3
0
2
0
-3
6
1
-6
0
-1
3
-3
7
-6
2:0
6
-6
2:0
3
2
-1
-4
-1
5
3:-1
1
-1
2:0
-1
2:2
3:-1
1
-2
0
5
-5
0
1
-2
2:1
0
-2
2:1
2
0
-4
2
0
5
-4
-2
1
0
3
-3
-1
0
6
-1
-6
6
-6
0
4
3
-4
0
-1
0
2
0
-4
0
2
0
1
-3
4
-2
3:0
2
-1
3
-6
7
-2
-3
0
-2
0
1
2:0
2
0
-1
2:0
-1
2
1
2:-1
0
-1
0
2
-2
0
1
-1
4:0
4
-5
1
2:0
4
-2
-1
2:0
-1
0
-1
0
2
1
-1
2:0
-1
4
0
-3
0
-1
1
-2
1
-1
0
6
-3
-1
0
2:1
2:0
-3
2:3
-3
0
1
0
-4
2:3
-6
2
-2
1
-2
0
2
0
2
0
3
-6
4:0
1
5
-4
-1
1
-2
2:0
6
-6
3
2
-5
0
2
0
3
-6
0
2
0
5
-7
4
0
-3
-1
3
-3
0
6
0
-4
0
-2
2
1
-1
-2
5
2
-6
-1
0
4
-2
2:-1
2
2:0
-2
0
3
1
-4
3
-2
0
-1
3
1
3:0
-2
4
1
0
-2
2
-1
4:0
5
0
-3
0
-2
84
-84
2:0
1
6
5
1
-11
-2
6
-6
0
7
-1
-6
4
0
-3
-1
2:1
13
-15
2:3
-4
-2
2:2
-4
20
-19
2:0
1
-2
2:0
3
5
-8
1
3
-4
1
-1
0
5
11
-9
-5
-2
6
4
-9
2
-2
0
4
-5
2:2
-4
0
2
0
-2
35
-28
-7
2:0
11
-11
3:0
1
2
64
-66
1
-2
0
7
-4
-3
30
-30
6
-4
0
4
2:0
-4
2
2:-1
10
13
3
-22
-4
1
0
-3
5
-5
2
3
-5
3
10
-13
27
-24
-3
3
-3
0
41
-41
11
1334
-1344
94
-69
-22
3
-5
1
-3
7
2:-3
12
3
-15
-1
56
-55
7
9
-12
-5
2:0
21
8
-23
0
-4
2
7
-2
-8
6
-2
318
-323
60
-60
1
-1
3:0
5
0
12
-13
-1
41
-27
-11
-5
237
-238
5
-2
35
-37
0
5
-3
30
-30
28
-31
6
-6
11
0
-5
97
86
-184
-5
1
-1
8
-2
9
355
-367
101
-103
-1
2
-2
28
-25
20
49
-69
449
-452
2
4
0
-5
-1
2:1
0
2
84
-79
-7
178
-176
2
-6
1
2
-1
3
-5
44
-41
46
-47
-1
12
135
-142
20
-26
0
5
-3
-2
18
-14
60
-62
0
2
14
2
-6
-8
-6
37
66
-99
-3
0
4
9
10
-22
-1
1
-1
106
-106
1
175
-175
11
1
-14
12
-12
16
492
-508
4
-3
12
-8
-2
0
52
-50
0
1
3
-3
-4
-1
0
1
5
15
-14
24
-25
-6
0
1
79
-76
3
-8
0
2:1
-2
1
6
-3
0
4
2:-2
0
-4
3
1
-4
0
1
0
6
-5
174
413
-369
-220
5
-1
196
-200
27
-7
-10
-9
-1
1
0
44
77
-122
14
0
-2
-6
-1
7
17
-28
0
146
-35
-112
3
-2
1
7
0
-7
1
10
-11
-1
5
3
1
54
-62
3
20
-13
-11
9
-10
11:0
1
0
-1
3:0
26
-26
23:0
1
-1
2:0
4
-4
9:0
3
-3
11:0
1
-1
1
-1
1
-1
5:0
2
-2
3:0
1
-1
6:0
1
-1
4:0
1
0
-1
3:0
1
-1
0
1
-1
5:0
1
-1
15:0
2:1
-2
3:0
1
-1
0
1
-1
2:0
1
-1
2:1
-2
12:0
3
-3
3:0
1
-1
2
2:-1
1
-1
5:0
3
-3
3:0
1
-1
26:0
1
-1
0
7
-7
5:0
1
-1
5:0
1
-1
1
0
-1
2:0
1
-1
1
-1
4:0
1
-1
14:0
1
-1
22:0
1
-1
3:0
2
-2
6:0
1
-1
4:0
1
-1
4:0
2
-2
2:0
1
0
4
-5
4:0
1
0
-1
3:0
2
-1
3:0
-1
3:0
5
-5
3:0
1
-1
1
3
-4
3:0
1
0
-1
4:0
1
0
-1
2:0
2
0
-2
10:0
1
-1
5:0
1
0
-1
2:0
2
-2
0
1
-1
3:0
2
0
-1
0
-1
2:0
1
0
end
