v1
725
207
377
0
645
205
530
119
551
58
56
7
15
28
539
187
11
676
24
447
285
138
53
202
46
86
323
160
111
119
58
258
194
41
225
41
160
341
19
148
114
685
21
166
225
534
176
12
74
194
63
79
57
232
179
4
59
718
28
247
87
174
170
0
113
823
324
15
126
176
379
342
18
29
106
327
94
30
339
283
5
21
93
235
332
79
5
271
123
275
16
43
50
119
164
145
52
288
286
8
104
170
450
25
18
12
7
19
7
24
195
3
1
118
73
9
12
62
40
5
2:14
45
5
65
95
262
74
165
135
73
173
345
281
243
98
206
10
33
6
116
459
141
186
41
198
61
146
73
68
262
294
31
112
51
184
153
229
41
309
114
38
47
8
12
225
12
746
0
199
19
83
93
312
55
56
109
2
368
75
50
961
8
269
33
29
1
89
113
95
113
19
38
69
7
8
147
40
283
110
692
20
184
38
414
175
191
8
11
32
109
181
73
89
100
54
47
61
147
88
130
23
59
5
20
3
106
87
5
247
10
313
85
131
134
34
77
46
31368
2
5
1
21
9
204
33
53
11
33
173
76
8
58
54
36
8
22
17
1026
109
0
68
111
237
16
2
47
3310
319
1892
328
1553
5140
667
8011
2138
2650
4766
3841
1148
3
790
830
5297
3001
4449
2
8089
1
6
3703
943
15
19
4444
3165
8
1425
1042
122429
1
7741
26
47
4
9413
32411
10
22
280
73
19
17
5
55378
50
35
74
157
24
12
18
39
6
12
162
27
10
3
11
1
11
6
751
32
95
63
3451
21760
9030
7980
575
118
120
165
82
1183
873
143
46
665
968
58
86
59
44
28
3
1
16
2:27
30
30302
10004
64
176
69
31
59
79
587
1
46
263
85
202
277
9
47
10
18
41
103
88
44
610
107
17
38
17004
13
9723
1
124
38
1
101
14
18
72
-488262
256
238
0
240
0
2
13
235
139
0
48
296
284
10
76
501
205
618
83
436
0
661
618
32
28
0
871
30
198
52
140
0
248
178
124
438
278
61
55
101
265
111
379
10
427
382
406
25
312
303
65
44
163
10
0
184
226
49
15
277
261
61
13
32
26
246
100
24
477
349
644
87
99
0
381
262
279
50
107
0
82
144
43
21
0
52
169
191
163
169
849
653
95
5
330
49
147
116
7
181
40
16
45
86
20
36
54
19
117
30
114
68
6
125
0
16
51
39
33
38
0
16
18
37
14
113
203
440
309
326
31
188
208
49
0
201
125
100
81
0
99
54
30
317
398
23
0
131
97
185
129
27
52
0
222
0
21
304
99
17
312
337
271
132
991
0
155
647
40
168
694
505
0
29
27
282
0
129
0
83
0
11
8
538
348
502
0
104
61
286
352
3
71
42
169
63
183
12
328
298
57
524
245
255
45
251
46
17
98
15
10
31638
165
96
0
67
48
124
41
202
915
110
8
80
0
272
3865
2212
9160
21172
6082
2605
0
5284
0
426
0
7651
3708
2491
933
474
4677
17
4950
0
116404
1
5279
44268
3697
7
48
82
4
40
37
56
110
10999
0
44335
37
314
2
248
11
53
2
741
131
94
12800
4652
3482
3093
3173
15012
981
1804
1624
535
2
6
16
0
9
20
60
38
66
18
9
43
79
4
31821
0
8172
50
358
340
724
0
91
0
125
76
241
111
173
67
177
51
271
277
90
57
60
109
26681
177
126
12
1417632000
399:0
1
324:0
15
18
-8
97
-118
19
2419
-2260
-101
13543
-13592
-19
345
-353
-2
1
11
12
-13
174
-158
185
-202
1
-1
77
-77
210
-194
-26
1
12
-5
-7
444
-444
0
12
26
-39
158
-149
91
542
-72
-552
-17
14
-2
12
-24
17
37
200
67
-313
306
-301
281
-268
-26
141
-1
-132
274
-272
307
-175
-120
1
-22
75
-22
-54
9
-2
15
-9
-14
449
-449
10
-9
20
-20
2:0
180
-96
-68
-15
-2
0
22
56
383
-428
-33
485
-484
24
35
-59
8
31
-22
8
-17
0
7
26
97
-105
33
399
-450
135
-93
-58
128
-128
3256
-3222
998
-1023
78
-27
-60
16
166
-91
-89
6
490
-496
8
119940
-119950
5742
-5428
-303
23
-26
132
-128
36
-31
-4
-13
18
19
-36
7
39
172
-182
45
1373
-1453
23
-25
22
-7
5
-18
-1
132
4
-136
11
70
2:-41
394
-384
-1
0
7152
-1128
-6020
1
-14
42
-26
27
-41
130
-132
116
1060
-1157
-17
923
-925
40
135581
-135612
7
131
-132
7
337
-359
86
-50
-6
2262
29337
-31543
-85
2:0
7
59
23604
-23660
2852
-2838
86
-110
27
326
1222
-1567
3799
-2442
-1348
72
-46
-44
1
157
-77
-71
828
-837
7
-7
2005
5837
-7843
53
190
-242
53
-52
354
-105
-133
-75
-4
-39
134
439
-544
4026
-4053
0
23
6
-20
260
629
-898
45
66
-68
-44
52
547
388
-791
-195
8
338
19004
-19143
-209
1
16
43
-60
1
230
-215
3
-17
-1
1
0
12
44
-58
1
22320
-22232
-11
-77
0
139
140
-279
4596
-4596
5406
-5376
20
832
-859
-24
2
215
847
-984
-72
23
6
208
-243
124
-125
21
75
-86
37
-47
15
0
1863
-1808
-26
962
-1006
0
1
-2
151
-150
13
67
20
-82
-18
1
-1
109
-82
-26
35
-28
39
-2
-24
-22
2
1595
54566
-53703
-2431
-8
-21
225
-216
674
-662
13
4
-25
23
-35
203
49
-226
372
-209
-166
36
1472
-1531
1565
15342
-16898
33
-30
82
-94
157
-148
177
-186
32
449
-418
-62
2254
-1973
-213
351
-150
-214
-54
-5
2:0
-1
0
2
4
1
-7
0
1
7
-8
2
9
-11
9
0
-8
-1
0
2:1
2:-1
0
3
-1
-2
7
-7
0
1
6
-6
10
-11
5
2
0
-5
-1
2:1
3:-1
2
9
-9
-1
7
-1
-6
0
6
-6
0
5
-4
0
1
-2
5
0
-4
8
-8
4
0
2
-8
2:0
2
0
-1
9
-9
3:0
7
-7
0
5
-6
0
2
0
-1
0
-1
0
8
-2
-4
-1
6
1
-2
2
-7
-1
2:1
7
-7
-1
2:0
1
5
-7
0
2
-2
10
-8
-1
0
1
-1
6
-4
-2
7
-8
2
5
-6
10
-4
-6
0
1
2:0
-2
0
8
-7
0
9
-1
-9
0
3
-2
5
2
1
-9
3:0
2
0
4
2
-6
3
-3
1
-3
0
9
-8
1
0
9
-10
0
1
-1
6:0
1
6
-6
-2
2:0
1
0
1
9
-10
-1
2
0
-1
6
1
-2
-5
1
0
1
-1
-2
10
-8
-1
1
-2
2
4
-4
-2
0
2
5
1
-8
5
-2
0
6
-9
0
7
-5
-1
1
0
-2
1
5:0
1
3
1
0
2
0
-1
-6
0
1
-2
2:1
-2
3
-3
1
6
-6
1
0
2:-1
0
3
4
3
-2
-6
1
-2
6
-5
0
4
-4
-1
7
2
-8
-1
4
6
-4
-6
8
0
-8
0
-1
6
5
-9
-2
9
2:-4
9
-4
-6
0
2
2:0
5
-7
3:0
2
1
7
-9
9
-10
11
-3
1
-7
4
-3
6
-1
1
0
-7
-2
2
-1
0
2
-2
2
86
-87
10
-8
-1
4
-2
-3
-1
2:0
6
-6
8
-8
0
1
0
1
-2
4:0
1
0
-1
0
14
-14
5:0
1
4
31
-34
3
-5
5
-4
1
-2
0
1
-1
1
-1
2
-2
4
-4
0
4
-1
-2
15
-16
12
-11
-1
2
-2
6
-6
2
-2
2:0
2
-2
3:0
2
-2
3:0
24
-17
-6
-1
0
2:1
-2
0
3
-3
175
-175
0
17
-17
5
-4
1
3
-5
4
-2
-1
14
-3
-11
24
-25
10
-8
-2
3
-2
0
3
11
-14
7
-8
2:0
26
-20
-5
-1
72
-72
7
1479
-1486
99
-70
-27
-1
2
2:0
5
-7
0
-1
0
1
-1
0
1
27
-18
-5
13
-17
1
-2
2
0
4
-6
0
12
0
-12
0
16
-14
-1
9
-6
-1
0
319
-169
-151
3
-5
5
-1
22
-26
0
1
-1
53
-48
-3
24
-23
0
371
-370
1
27
-30
2
27
-31
17
-11
-4
102
40
-138
-4
-1
2
-2
7
591
-594
82
-86
4
-5
3
131
-43
-89
557
-525
-29
-4
-1
1
0
-1
2:1
115
-115
2:-1
4
183
-187
9
3
-12
2
0
-2
26
10
-33
-2
-1
25
106
-117
32
-46
0
3
0
3
13
16
-35
5
-1
-3
-1
10
8
17
-17
-18
0
22
111
-128
-5
0
4
-3
-1
0
12
-4
10
-17
-1
0
3
-1
1
-3
1
203
-177
-25
-2
0
16
-16
1
12
-12
356
-355
-1
11
-10
-1
0
2
69
-71
0
3
12
-3
-13
3
-1
9
-10
5
18
-24
4
-1
99
-95
-3
-4
0
1
-1
0
2
-1
0
6
-5
-2
2:0
1
9
-8
-2
3
2:1
-2
-3
1
0
83
1627
-1598
-113
1
-1
90
-88
17
-11
2
-7
0
3
-6
46
20
-56
12
-12
2:-4
27
-29
182
192
-373
13
-14
15
-15
6
-1
12
-14
-2
21
-17
-5
32
-29
-2
24
-16
-3
-5
-1
6:0
1
-1
0
1
-1
5:0
29
-29
20:0
1
0
-1
0
1
-1
3:0
4
-4
0
1
-1
13:0
3
-3
0
1
-1
6:0
2
-2
3:0
2
-2
11:0
1
-1
2:0
5
-5
1
-1
3:0
10
-10
1
-1
8:0
1
-1
3:0
3
-3
0
1
-1
1
-1
2:0
1
-1
6:0
2
-2
0
2
2:-1
0
2
-2
5
-4
1
-2
4:0
1
-1
1
-1
1
-1
1
-1
4:0
3
-3
2:0
1
-1
14:0
2:1
2:-1
5:0
2
-2
0
2
2:-1
0
1
-1
4:0
3
-3
3:0
1
-1
7:0
2
-2
10:0
3
0
-2
2
-3
3
-1
-2
6:0
1
-1
0
1
-1
7:0
2:2
-4
2:0
1
5
-6
1
-1
0
1
0
-1
2:0
1
-1
0
1
-1
2:0
2
2:-1
2:0
3
-2
-1
0
1
-1
11:0
1
-1
1
-1
2:1
-2
5:0
2
0
-2
0
end
