v1
810
151
59
107
426
0
237
79
170
52
187
56
74
366
119
314
129
108
1
51
6
19
1
36
7
15
28
0
37
5
450
37
85
0
392
431
140
440
86
66
159
55
75
104
132
158
325
111
22
155
227
225
22
19
266
136
24
48
113
114
66
72
95
140
43
61
93
63
399
21
135
31
58
167
154
227
153
176
86
257
136
29
7
28
75
93
183
59
211
44
84
253
20
106
28
59
188
431
90
404
442
30
228
81
69
57
31
0
556
328
29
106
327
124
339
254
27
7
66
48
235
332
84
288
0
106
275
16
76
300
121
76
177
30
81
117
177
104
5
165
99
31
181
56
51
32
18
17
8
12
7
19
31
46
2
17
124
6
4
118
9
64
4
5
74
40
5
14
6
53
5
65
41
16
38
17
98
29
27
91
85
362
173
120
72
153
160
35
86
133
110
304
10
33
6
76
40
146
138
54
121
141
85
101
41
25
36
198
248
170
15
116
13
27
248
6
17
313
10
5
31
2
66
17
0
70
8
221
41
309
114
85
8
19
177
799
301
93
231
136
165
2
237
37
94
75
50
16
324
392
506
33
29
1
68
134
38
6
36
15
113
57
69
7
8
147
40
283
110
609
2
81
20
82
102
60
348
44
34
141
17
53
121
8
11
32
74
35
108
2:73
51
38
100
54
47
61
127
20
88
153
59
5
23
104
2
87
5
451
119
85
8
19
0
11
9
218
34
31493
5
22
9
204
33
50
47
85
88
76
8
112
36
8
22
1043
37
72
68
92
19
71
166
18
47
3310
2211
328
1553
5140
2464
5461
753
2138
2650
4766
4989
793
2041
7087
439
4010
2
8096
4646
15
0
2466
5136
7
17
2
6
2
1425
14
123457
1
7741
73
9417
32421
18
4
11
156
40
93
16
37
36
5
16
10999
0
43632
731
50
0
35
74
157
9
15
12
18
39
4
2
12
144
18
27
10
2
1
8
2
2:1
11
3
725
29
14
113
54
3460
20582
10208
7980
575
118
285
1265
539
335
188
665
436
532
2:5
48
50
8
91
31
9
28
3
1
43
47
4
6
30302
10004
64
176
69
31
59
30
636
1
46
41
196
26
85
202
277
9
22
2
33
10
8
144
52
36
44
173
253
235
37
19
17
38
14889
66
2049
13
9722
2:1
162
102
14
18
72
-488056
0
27
54
238
574
24
14
25
359
0
3
227
114
10
338
46
117
599
186
106
33
380
531
288
301
718
305
248
153
212
248
161
149
0
77
14
146
161
23
150
271
109
113
275
64
147
35
267
35
14
100
110
516
489
943
176
290
2
36
96
115
36
35
246
85
378
454
29
735
423
37
20
117
145
146
111
72
691
257
24
109
56
4
91
105
82
457
50
520
292
274
257
0
101
243
2
26
33
37
26
43
0
19
17
7
52
0
131
16
82
199
46
0
42
25
39
33
35
316
11
127
104
286
7
110
32
582
261
116
31
398
97
19
148
31
481
34
3
166
154
68
18
13
0
37
354
1531
225
258
560
132
180
12
0
93
211
18
105
6
135
157
138
389
110
473
96
67
8
40
114
324
226
52
0
5
280
425
1253
93
477
80
0
7
288
10
44
216
0
6
121
353
352
96
79
358
14
67
21
32
122
106
31
31367
82
95
152
81
10
164
31
98
37
1100
8
257
199
4
74
330
5242
314
3935
1394
13692
23897
1384
8085
2
4685
1514
1407
1523
3154
1454
3513
0
37
0
20223
83046
13099
0
11311
28
23
41700
92
0
85
5
7
0
9
90
31
117
1
118
76
0
55314
209
182
72
106
855
152
1
7838
13107
4271
17823
164
83
2055
1
133
1700
16
9
63
3
5
45
26
42
129
29
31816
8222
0
630
746
41
14
746
319
0
560
116
89
2:28
14948
12032
85
12
19
56
1417642800
499:0
1
309:0
5
-1
9
-6
0
25
-19
-7
23
-10
-11
6
14
8114
-8136
39
436
-466
-8
66
-66
-2
4439
-4365
-55
15
2
-36
18
-12
-7
3
0
1
63
-54
12
-11
143
-144
44
-55
23
22
-34
3
54
-67
-2
61
-54
-8
3
47
-49
1
-1
1
2
7
16
-16
-11
15
55
322
-360
198
24
-245
5
38
422
-472
-2
26
-19
26
-7
-25
10
76
-84
5
21
391
-406
-14
9
-8
8
-5
334
-323
-13
1746
-1741
16
163
120
-284
-16
499
-492
729
-731
1
-5
82
-40
-44
248
-202
-35
2
11
346
-375
98
-91
12
-1
-15
4
272
-263
34
-44
10
-16
721
-683
-36
46
-47
362
-358
-4
50
-32
-2
20
-13
-14
141
-150
-1
23
721
-735
9
49
-58
7
-9
14
3
130
-37
-117
56
-53
687
-540
-148
2
16
-18
2966
-2910
464
-515
-1
10
4
-15
2
-3
189
-158
133
-72
-51
-39
28
-24
17
-12
-2
668
-659
99990
-100011
19031
-19027
388
-385
-2
8
16
41
28
-91
165
-136
-33
46
-48
1
40
-41
6
-2
10
28
-44
66
-66
2
174
116
-291
11
0
24
32
-45
629
-636
-15
3
-2
-1
3
37
45
-72
-7
32
-31
40
-46
-1
17240
-12168
-5031
-40
20
-21
58
-34
42
-66
1
89
-89
1
18
72
832
-905
1043
-1062
279
132490
-132757
6
177
-190
-5
13
27
-19
343
-365
1
111
-94
32
-43
16
-19
2140
-865
-1174
-103
5
19
-26
7
31
-18
159
44253
-44382
4872
-4922
94
1894
-1966
392
1356
27895
-29659
727
-695
11
-31
18
221
-256
2
0
4
30
-35
843
1526
10607
-12908
179
-248
16
-13
392
-393
122
-117
-1
158
1238
-1345
843
-901
0
76
17
-93
195
-187
188
-74
-103
296
-252
1091
-927
-50
-172
12
-3
757
40388
-41014
-135
75
-84
160
-161
24
39
228
17
-272
4
-34
-4
6
783
47664
-48449
55
-31
-26
1
230
119
-104
5872
-6113
-7
763
-714
-16
-26
5
-13
1
285
620
-903
-1
0
34
-36
10
6
4
25
37
-79
2
61
-67
55
-55
509
-482
-24
24
-6
-9
-2
11
-21
41
2416
-2344
61
-173
5
-5
3
2:0
-4
29
-22
92
-36
-47
-16
97
-95
-1
2
51
-52
39
-10
-30
383
-376
-8
4
41
-40
527
61696
-56421
-5759
-30
-15
519
-507
1207
-1133
-57
-8
7
-17
-12
267
237
-423
-77
-5
2118
-1820
-260
249
1900
-2187
85
1644
-1729
9758
-9689
-70
6
19
-21
-4
3
-1
497
-493
344
-235
-114
1
69
2
2138
-2000
3453
-3663
266
218
-426
-63
0
3
0
-3
2:2
-1
0
-1
0
-2
3
2:-1
3:0
3
-1
-2
4:0
2:1
-3
2
1
-3
2:1
2:0
2:-1
2
0
-1
1
-1
2:0
-1
0
1
0
1
-1
0
-1
1
0
2
0
-3
1
2
2:0
2:-1
1
-2
1
2
-1
0
1
-1
1
-3
3
-2
0
1
-2
1
2
-2
0
1
2
-2
-1
2:0
2
-2
-1
0
2
0
-2
1
-1
2
-1
2:0
-1
0
2
1
0
-1
0
-1
0
-1
2
-2
0
3
-2
4:0
-1
2
0
1
-3
2
-1
0
2
-2
0
-1
3
-1
-2
1
-1
3
-2
2
-2
2:0
-1
0
3
-3
3
0
-2
2:1
0
-1
0
2:-1
2:2
-1
0
-1
1
-2
2:1
-1
2
-1
-2
-1
2:1
2:0
-1
0
-1
1
2:0
1
0
-1
3
-1
-3
2
0
2:-1
2
1
-2
3:0
2
-2
1
-1
2
-2
2
-1
-2
3
-2
-1
3
-2
-1
2
-1
2
-3
1
0
1
0
-1
2
0
-2
1
-2
4
-4
2
2:1
0
-2
2
-4
2
0
-2
0
1
0
-1
0
3
-1
1
-2
1
0
-2
2
2:0
-2
1
-1
1
2
-1
2:0
-2
1
-1
1
0
3
-1
-2
0
2:1
0
-2
2
-2
2
2:0
-1
-2
2:0
1
2:0
-1
2
-2
0
2
0
-2
2
-1
2
-2
-1
2:0
3
0
1
-3
-1
2
-2
3
-2
3
1
6:0
2:1
2:-1
0
4
87
-91
0
2
0
-2
7
-6
-1
5
-3
4
-4
0
-2
3:0
1
0
-1
9
-9
1
-1
10
-10
2:0
4
2:-2
0
3
-2
-1
1
0
-1
1
11
-11
0
-1
1
-1
0
7
-7
2:0
1
-1
5
-4
1
-2
3
-3
24
-24
2:0
2
7
-5
-3
-1
2:0
1
0
-1
2
-2
1
-1
0
2
2:-1
0
10
-7
1
-2
8
-10
0
18
-15
1
-3
0
-1
6
-6
1
-1
0
3
-2
3
-3
-1
0
2
-2
2
-1
0
25
-22
-3
-1
5:0
1
-1
228
-228
3:0
2:3
2:-3
30
-30
0
7
-6
0
7
-6
7
-8
-1
0
4
10
-2
-10
1
-2
33
-25
-9
0
5
2:-2
7
3
-11
3
-2
6
-7
1
-1
9
-6
19
-15
-4
-3
2
0
2
-4
1
69
-63
1546
-1553
85
-85
37
-36
2:1
3
1
-3
1
-5
2:0
14
-12
-2
16
-16
2:1
-1
4
-4
14
-15
2
-2
36
-36
2:0
10
-10
5
17
-14
-6
2
-3
-1
1
4
20
-24
-1
8
-4
4
-8
4
345
-249
-95
-5
0
1
8
-3
25
-31
1
4
-5
0
9
-9
49
-46
23
-23
3
299
-299
-3
32
-32
-2
7
2:-4
37
-33
-4
24
-24
8
-7
2
-2
131
52
-181
-2
2:0
-1
2
7
-6
10
558
-559
116
-128
3
13
-15
182
-65
501
-614
23
-16
-8
-4
5:0
1
4
-4
112
-111
247
-239
3
-10
3
-6
35
-33
33
-31
-2
34
106
-133
54
-63
0
11
-8
-3
13
-10
55
-56
3
0
7
8
12
-18
-14
2:0
41
93
-127
-6
3
-4
6
-6
13
21
-33
3
-1
0
-2
-1
1
2
199
-201
16
-16
-1
3
13
-16
16
451
-467
1
17
-15
-2
2
-2
-1
2
8
51
-60
2:0
-1
2
3
0
-3
17
-7
-8
-4
1
2
11
-14
2:6
-12
19
-15
3
-6
7
-6
5
219
-216
-3
-6
7
-7
-1
1
-1
0
1
6
2
-4
-5
0
9
-8
-1
3
1
-4
6
2:-3
4
-4
2:0
7
-6
95
2040
-1962
-169
-5
1
138
-137
35
-18
-7
-8
-3
7
-6
46
42
-71
-16
-3
20
-5
-6
2
25
-36
3
194
-197
303
-282
-21
0
21
-17
-4
1
3
4
-2
20
-25
0
2
1
5
16
-15
46
-56
28
-15
-7
-6
4:0
1
-1
6:0
1
-1
4:0
34
-34
8:0
1
-1
2
-2
22:0
2
-2
3:0
1
-1
26:0
1
-1
2:0
2
0
-2
2:0
1
-1
5:0
2
-2
1
0
-1
7:0
1
-1
5:0
1
-1
13:0
1
-1
12:0
1
-1
6:0
2
-2
5:0
2
-2
6:0
3
-3
10:0
1
0
-1
0
3
-2
-1
3:0
1
-1
1
-1
0
1
-1
2
-2
19:0
1
0
-1
4
-4
0
1
-1
2
-2
35:0
1
0
-1
3:0
1
0
-1
0
2
2:-1
5:0
1
-1
12:0
1
-1
0
1
-1
1
-1
0
end
