v1
628
12
221
71
13
663
61
52
57
79
205
42
122
485
141
134
39
67
43
185
19
37
7
15
28
37
81
159
337
39
7
83
82
151
0
77
1
383
140
307
133
152
159
234
108
347
271
435
235
144
122
11
562
63
31
89
95
10
51
156
66
74
125
68
66
21
43
92
31
51
0
37
5
132
349
42
143
20
24
218
257
165
90
20
93
183
104
42
207
424
0
104
144
19
8
431
90
264
140
344
98
339
69
57
31
430
348
106
135
421
369
94
187
121
288
24
220
15
93
4
7
149
520
16
480
0
93
121
7
160
294
59
50
295
166
5
10
56
12
33
6
31
1
43
12
7
42
8
46
5
14
130
3
1
118
21
56
0
5
74
40
19
64
30
35
3
35
74
14
39
74
118
0
85
91
264
7
111
62
99
4
17
94
131
195
86
243
28
276
10
33
6
116
146
138
54
121
226
101
0
41
259
146
73
29
185
156
248
37
163
136
48
135
18
229
41
423
85
195
808
253
48
71
22
264
103
33
17
0
6
109
2
24
42
115
56
131
75
56
726
277
150
79
4
2:29
18
129
56
46
34
128
19
107
7
8
147
323
110
599
93
20
82
102
412
40
175
70
63
58
8
11
32
74
12
277
51
138
54
47
53
8
55
72
20
2
86
153
59
5
20
3
104
89
5
151
106
149
164
40
72
2
18
63
155
34
91
31402
5
22
9
204
33
97
173
36
40
1
119
36
8
22
932
54
144
22
11
57
92
19
71
43
123
18
47
281
604
2425
2211
328
1553
5140
6258
1322
3236
2650
4766
4992
1620
5297
3001
4449
2
4
8085
2
5
2807
1839
15
1533
933
5150
0
12
8
1425
17
3506
116404
3544
1
1735
6006
73
9417
32411
10
20
2
26
7
128
2
4
40
73
20
72
17
5
54647
731
50
35
47
27
32
125
7
29
57
6
12
162
27
10
2
1
8
2
2:1
11
728
7
22
14
113
54
15
12800
8134
3093
13459
4643
86
575
238
1430
873
189
1633
1
4
22
31
49
9
62
29
8
23
9
28
3
1
43
27
30
38930
1376
64
176
159
30
636
47
144
119
85
202
139
138
9
22
35
18
41
103
47
31
10
14
30
173
100
425
19
4
13
36
2
14830
0
125
72
1990
9722
2:1
130
32
73
19
10
14
18
10
62
20
-487159
938
818
282
159
6
451
308
10
1076
913
271
0
696
34
921
984
115
1162
0
211
676
0
1598
0
854
383
146
2121
8
91
526
490
204
509
353
216
60
143
84
352
195
279
244
794
1053
0
148
0
126
386
0
768
79
202
1329
0
184
53
0
1170
146
677
221
281
404
779
125
37
414
69
610
176
0
446
355
71
0
347
253
1988
60
31302
264
329
129
299
1561
11289
0
26220
5310
15529
3709
8567
0
17
0
8
0
16898
107531
8237
38236
3752
329
10999
44554
379
895
3585
9355
32664
1725
18
0
166
158
41460
797
19
0
3
255
733
88
26980
0
1417952400
499:0
1
127:0
2:2
-3
54
-31
11
61
-52
15
46
-98
5
3724
-3728
-7
8
-5
5
90
-97
13156
-13153
2
141
-26
-106
-10
-3
2:-1
59
-59
2
0
2:2
52
-48
35
20
136
-197
95
-99
1
16
-3
33
18
-6
-39
135
-134
-20
2
-2
1
7
3
46
74
-129
-2
0
4
-2
24
-4
-21
0
9
-6
897
-900
2
39
66
-105
14
-14
9
-12
6
609
-612
110
-111
-2
1
0
2036
-2037
42
30
127
-193
-7
91
-82
95
-11
-87
469
-445
-29
2
81
2:-40
1
0
-4
12
-12
11
-10
-1
211
-210
209
-210
7
101
-107
0
391
-391
-2
15
22
31
-65
18
-15
-3
0
91
-92
3
-1
-3
85
-85
0
9
-10
1
14
-14
3
-4
3
122
-82
-35
-6
0
341
-257
-84
-1
12
-5
60
-58
-9
3
-3
-1
3
102
-4
-100
5
2
306
-313
16
-11
-2
69
-72
15
0
-8
269
-270
16
116824
-116816
6750
-6672
-98
-5
116
-91
-13
-16
0
107
-89
1921
-1928
-9
4
-2
8
7
-18
178
-63
-115
12
23
281
-225
-90
26
17
-27
133
-141
19
576
-215
-387
-3
0
-1
8
1
29
-33
36
-41
6426
-3856
-2566
-5
6
0
45
-44
-3
17
-13
-1
5
-7
30
811
-835
297
-304
91
35102
-35187
232
2066
-2277
59
-72
635
-648
77
-74
6
-2
-10
2165
-1280
-878
-7
-1
2
-1
33
28065
-28099
0
1255
-1255
3
8
7
47
-57
25
626
-659
3270
-3268
0
24
18
40
-84
8
-7
3514
-3516
129
-119
-8
887
-887
717
1187
-1873
67
-91
5
165
-13
-124
24
-65
65
438
-431
507
-575
0
-3
2
161
-149
-15
68
-62
88
44
-94
-44
0
2
33
-8
278
-127
-139
-32
-6
192
1025
-32
-1183
-4
2
166
-156
36
-47
0
2
-2
1
23
225
138
-376
-10
0
45530
-45522
-9
33
16
-48
110
-51
-59
241
-208
2494
-2483
20
-64
563
-559
-4
124
-125
2
17
0
-3
-16
55
558
-613
4
10
1135
-1146
35
-39
23
805
-823
12
293
-302
23
-10
-14
-1
0
2:-1
721
-708
-2
-10
2
-6
2
-2
22
-11
-12
230
-218
-7
125
-123
-2
-3
19
-15
27
-8
-23
5
37
4232
-4272
1
-4
5
10
14
-22
793
21101
-18794
-3091
-14
111
-110
265
-239
-13
-9
-5
282
-260
-2
437
-421
68
-78
3
755
-780
446
1086
-1526
23
-35
6
2:-1
191
-195
2
18
28
-43
31
-36
213
-212
0
-1
76
-56
-16
151
-58
-97
500
-486
-11
33
16
-19
150
-117
-65
-3
1
2:0
-1
1
0
-1
0
1
-1
2:0
1
-1
1
-1
1
-1
0
1
-1
4:0
1
-1
1
8:0
-1
1
5:0
-1
7:0
1
-1
9:0
1
2:0
-1
1
4:0
-1
2:0
1
-1
0
1
0
-1
0
1
5:0
-1
0
1
2:0
-1
6:0
1
2:0
-1
0
1
-1
1
0
-1
0
1
-1
5:0
1
0
-1
4:0
1
-1
0
2:1
-1
5:0
1
-1
2:0
70
-70
4:0
4
-4
7
-7
2
0
-2
3:0
1
11
-12
5:0
9
-9
0
1
8
-9
3:0
3
-1
2
-4
8
-8
1
-1
4:0
1
0
-1
1
-1
2:0
2
-2
1
2
-3
3:0
19
-19
0
1
-1
0
5
-4
-1
2:0
1
-1
2
-2
5:0
1
3
1
-4
-1
2:0
12
-5
-7
6
-6
2:0
4
-3
2
-2
2:0
-1
0
1
-1
0
21
-21
4
-4
5
-3
-2
5:0
43
-42
-1
2
-2
2:0
3
-3
1
-1
0
16
-16
3:0
1
4
-5
1
-1
0
11
-5
-6
2:0
23
-14
-9
3
-3
1
3
2:-2
1
-1
2:0
8
0
-8
2:0
35
-35
3
-3
0
2
0
-2
2
-1
41
-42
5
1003
-1007
60
-50
-11
1
0
6
-5
2:0
-1
4
1
-6
0
3
-3
0
2
-2
13
19
-32
10
-8
18
-19
0
3
6
-10
17
-16
1
-2
11
-11
2:0
3:1
-3
1
2
-2
258
-164
-94
-1
0
2
5
-7
2
3
-5
1
0
-1
5
32
-32
6
-10
0
312
-312
29
-29
4
-1
-4
18
-18
13
-12
-1
1
-1
82
36
-117
-1
0
3
-1
5
346
-352
0
44
-45
3:0
9
-7
10
42
-53
377
-377
0
3
1
-3
-2
3
-3
3:0
2
-1
92
-92
-1
103
-100
10
-12
2
5
21
-29
8
-8
19
76
-90
17
-21
3:0
-1
1
-1
11
-7
-4
25
-21
-4
2:0
2
6
5
13
-19
-7
1
11
55
-64
-3
2:0
9
-1
15
-23
2:1
-1
0
2
0
85
-85
-3
0
132
-131
-1
0
8
-8
3
5
-8
0
3
212
-214
2
-3
8
-8
1
-1
0
2
7
-9
1
-1
3
58
-61
2
-1
11
-12
16
-16
1
2
-3
10
2
-8
12
-14
1
-3
2
-2
2
83
-79
-3
5
-8
1
-1
4:0
4
-4
2
-2
5
-1
-4
6
-3
2
-1
-4
2
1
0
-3
2:0
1
-1
5
-5
60
274
-261
-71
-2
45
-45
12
2:-4
2:-2
25
-21
-4
13
-5
-3
-5
4
16
-20
135
96
-231
11
-10
2:0
-1
8
-8
0
5
0
-4
2
-3
13
-13
2:0
3
-2
0
5
2:-3
21
-20
-1
1
3
0
-3
2
-3
2
-2
0
12
-12
3:0
1
-1
57:0
1
-1
33:0
1
-1
6:0
1
-1
0
2
-2
3:0
2
-2
8:0
end
