v1
756
743
486
52
317
2
483
141
468
56
22
28
660
106
273
110
16
272
732
393
189
133
404
435
235
99
167
11
490
71
1
63
276
55
101
66
354
166
225
349
205
242
556
566
567
171
297
134
882
54
339
69
57
31
745
139
925
402
235
77
139
101
88
451
229
16
573
288
49
245
59
220
306
101
38
25
30
26
178
52
118
21
61
74
59
64
65
38
319
85
91
271
173
120
225
226
188
110
98
206
10
39
116
146
138
54
121
141
186
300
146
24
263
441
299
48
153
229
41
423
1088
301
71
22
176
191
56
292
93
94
8
67
50
961
56
221
62
147
136
128
126
7
8
147
433
599
195
102
452
175
70
121
8
11
32
452
100
54
108
235
153
59
5
23
193
156
533
18
252
31498
22
9
204
4
29
53
44
173
76
120
36
2:4
22
932
220
68
111
114
123
5586
328
1553
3764
1376
10816
2650
4766
5782
9128
4449
2
8089
2
3708
958
1533
1407
4688
8
1442
3506
116404
3545
7741
73
9417
32395
26
22
42
165
182
5
55378
50
35
47
27
157
7
29
57
0
6
12
162
0
37
3
11
1
11
4398
17489
3093
18102
86
575
1668
1062
1101
532
2:58
28
94
37
3
1
43
47
10
40088
218
64
276
59
666
1
46
263
85
479
9
22
35
18
102
42
88
44
273
424
20
17
38
14805
202
20
1990
9723
1
124
38
73
43
18
10
27
35
-488450
585
125
3
438
160
14
34
496
183
15
0
196
39
67
171
262
363
225
141
226
213
40
28
242
7
776
51
36
71
0
90
86
144
551
0
18
0
47
143
95
491
367
34
42
55
210
116
221
84
25
107
195
208
7
59
16
455
105
324
12
331
21
97
137
51
6
56
0
85
1
156
45
0
180
0
203
180
110
248
47
501
50
61
153
7
20
113
112
389
858
0
19
43
283
12
241
104
62
55
145
0
55
607
43
409
132
124
100
7
84
187
54
0
10
306
201
55
90
158
89
598
112
151
26
123
177
60
12
39
67
5
3
17
10
8
26
8
46
2
3
14
6
124
3
14
90
88
4
124
17
2:3
66
0
39
0
18
38
0
16
38
17
14
113
321
223
13
93
191
111
251
75
11
260
360
46
384
105
31
95
191
0
178
0
17
1
36
0
108
82
6
124
97
314
27
248
6
51
663
59
485
9
11
31
8
12
175
62
1130
8
419
50
65
2
24
206
269
10
199
517
427
112
38
108
86
38
95
26
11
57
38
271
60
98
56
0
69
63
381
358
20
39
38
83
84
28
0
157
115
52
74
444
25
131
146
22
17
12
239
67
29
20
34
58
198
127
107
94
257
149
0
45
44
6
26
27
16
40
27
128
21
1
16
42
33
42
111
14
32
31103
315
0
31
42
28
150
24
84
117
55
41
127
70
1030
8
0
80
272
184
47
281
6
0
2682
341
1897
0
1023
0
1500
2397
9995
1110
14531
3
10843
2139
1391
8086
6
17
4629
2481
1997
3154
1
0
2:8
1447
3540
116368
3543
7796
12101
29746
28
25
12
0
88
42
0
4
2
110
21
0
53
19
11037
43632
922
134
45
10
190
1
13
32
12
11
741
29
14
167
9
6
12800
4652
16783
8793
2446
711
970
2
1
6
2:8
1
8
71
45
27
28
0
40
43
29
30
24
30308
1513
8381
0
365
54
52
68
9
40
0
385
77
141
72
0
103
0
64
32
17
256
37
24
60
51
4
171
4
11
99
128
13
18
15
5
4
206
61
484
108
1
14897
0
76
1973
0
9735
266
68
4
52
35
1417965600
299:0
1
455:0
13
41
-39
21
-23
3533
-3527
130
19143
-19273
149
-154
21
19
82
71
-27
8
20
-163
-29
44
-41
68
17
-52
-25
-9
93
26
-85
-27
55
-58
34
212
-183
994
-1063
210
-198
19
24
2299
-1855
-478
18
194
-35
518
-717
400
-376
-25
131
-94
-14
-22
-2
274
165
89
-526
2
942
-469
-315
-156
119
-7
-116
4
2
41
-41
62
-67
13
79
-52
-42
566
-463
-102
3
675
-664
62
-52
-15
217
-152
-14
-44
1390
-1245
659
-820
102
125475
-104977
-20440
-148
-14
14
1085
-1083
-3
19
1392
-1410
31
-11
67
-5
-91
6
1763
-1747
-9
140
-154
8
0
289
-279
-18
1
11083
-7632
81
-3523
-12
43
0
-44
19
3
572
-105
-481
31
40988
-40822
2337
-2463
84
-112
-42
-4
-3
3609
-2826
-780
2101
-1999
26572
-22727
-3839
-87
32
1221
1792
-3058
-13
6311
-6120
1145
2576
-3878
63
-94
-1
74
-75
407
-242
-102
54
996
-1100
3
1242
-1260
33
-32
1049
-911
9
-115
362
266
-461
-37
537
1732
-2095
-290
176
-216
79
-86
23
-19
125
516
-644
51468
-51467
13
65
-76
266
-56
-180
5929
-5909
73
632
-757
-1
6
695
-696
2
1559
-1567
48
-42
239
-159
-66
0
203
-214
10
0
-14
102
1176
-1263
108
-105
26
-27
19
-29
4
27
-10
-30
-2
5542
-5539
47
-26
433
23849
-20827
-3477
8
557
-563
267
-264
15
-17
295
-29
-252
2462
-2356
-37
876
-963
1499
10776
-12139
-25
-74
-25
-14
239
-94
-143
383
-324
-5
-35
-5
796
-703
193
398
-692
41
138
-128
-59
97
-101
-8
0
2
6
-7
0
10
-4
-8
3
0
2
-4
2
-1
0
-1
0
1
-2
1
4
-1
-4
1
11
-12
1
-1
2:0
8
-3
-2
3:0
-2
8
-8
4
-1
-4
0
3
6
-7
-2
0
2:2
-3
9
-6
2
-2
1
-3
3
-4
6
1
-7
8
-7
3
-2
0
6
-3
-5
-1
0
1
0
6
-5
3
-3
0
2:5
-12
0
11
-7
-3
1
2:-1
3:0
2
-1
5
-4
0
7
-9
0
9
-8
10
-10
1
-1
7
-4
-2
2
-1
0
-2
0
1
-1
2
-2
3:0
3
-3
4
-4
2
-3
7
-7
1
5
-1
-4
4
0
2
-3
-1
5
-4
-2
1
-2
2
-2
5
3:-2
3
2:-1
3:0
5
-5
0
4
2
0
-7
5
0
-1
-2
5
-5
-2
1
9
-10
1
6
-7
2:0
2
-2
4:0
2:2
-1
0
-1
-2
6
-5
2
3
1
-3
3
-6
2
-2
2
-2
1
3
0
-1
1
-4
-1
2
-1
0
9
-1
-2
5
-8
4
1
-8
0
9
-10
5
1
-5
3:0
6
-5
-1
0
2
-3
0
6
-6
2
3
5
-3
-6
2:1
-2
2:0
3
-1
-3
0
9
-8
1
-2
1
5
4
-7
5
-6
-2
6
-5
8
-5
6
1
-11
2:0
2
-1
0
4
5
-9
9
-3
1
-8
0
8
-6
2
2:-1
2:0
-1
0
8
1
-4
-6
0
2
4
-5
1
0
-1
3
-1
0
-3
10
-2
2:-4
3
0
-1
8
-9
0
2
0
2
0
-2
0
-2
6
-7
9
-5
0
1
5
1
-6
-5
8
-5
0
-1
5
-5
3
-5
5
-3
-1
3
4
-3
1
-6
8
-8
0
6
4
-8
1
2:0
6
-9
4
-3
6
-4
2:-1
1
0
3
2
1
-7
1
3
-3
3
5
-7
2
3
-4
-3
8
-3
-6
9
-6
2
4
-9
0
6
-5
2:1
0
2
-1
2
-2
5
1
-8
-2
0
4
2
-6
5
-4
2:0
3
-1
-2
-1
3:0
2
-1
1
-1
4
-2
-3
7
0
2
2:-4
4
1
-6
12
-12
2:3
-5
6
-2
-5
1
2
0
2:-1
1
3
2
-6
1
2:0
3
2
-3
-1
0
74
-74
5
1
2
-7
21
-22
3:0
16
-5
-10
0
-1
7
-4
-1
-2
5
-5
1
-1
2:0
1
-1
2
-2
3
-2
27
-27
-1
4
-4
2:0
4
-3
2
-2
12
0
-11
2
-3
-1
6
-1
-4
2
-2
-1
0
24
-24
4
0
-4
2
-2
78
-77
-1
6
-3
26
-28
1
2
-4
18
0
-18
29
-18
-9
1
9
-10
10
-8
-2
27
-25
1
-1
-4
0
69
-69
3
1364
-1274
-74
-18
3
2:1
-4
2
12
2:-8
6
-1
16
11
-18
-12
19
-13
3
7
-16
3
-5
11
-8
-2
2
407
-409
141
-141
3
-4
5
0
-4
4
51
-35
-13
-7
384
-347
-38
0
17
2
-17
-2
1
113
57
-163
-7
12
570
-498
-70
-9
28
52
487
-567
-2
-3
1
125
29
-147
-5
-1
-2
2:2
18
6
-19
20
120
-150
11
32
-43
6
-3
17
-20
47
-38
7
24
-37
2:11
65
-87
0
-1
9
24
-31
2
-4
3
100
-104
199
-190
-10
18
-15
13
-16
6
312
-318
8
3
-11
2:1
71
-69
-1
9
-10
18
-17
1
-2
11
0
11
-14
9
0
-13
-2
120
-119
2:0
-3
2:-1
7
-4
1
2
-6
2
7
-9
2
7
55
524
-474
-113
4
79
-84
14
-6
-8
3
28
49
-70
9
-3
-11
26
-30
176
180
-357
16
-15
13
-12
-2
11
-3
22
-27
-3
1
0
7
-2
-5
28
-28
11
-6
-5
-1
9
-9
5:0
1
2:0
-1
1
2:0
-1
12:0
2
-2
4:0
1
-1
7:0
3
-3
7:0
1
0
-1
1
-1
4:0
1
-1
2:0
1
-1
0
1
-1
0
2
-2
7:0
1
-1
0
1
-1
10:0
1
-1
0
2
-2
4:0
1
-1
2
-2
2:0
2
-2
15:0
1
-1
2
-2
3:0
1
-1
2:0
3:2
-6
2
-2
3:0
1
-1
1
0
-1
7:0
1
-1
0
1
-1
2
-2
2
-2
0
1
-1
12:0
1
0
-1
5:0
1
-1
3:0
3
2:-1
2
-3
5:0
2
-2
7:0
6
-5
0
-1
4:0
2:1
-2
0
1
-1
3:0
5
-5
2
-2
1
-1
0
3
-3
0
3
-1
-2
2:0
2
-2
6:0
1
-1
2
-2
0
2:2
-4
5:0
6
2:-3
1
-1
0
1
-1
3:0
2
2:-1
1
-1
4:0
1
-1
5:0
3
-3
7:0
1
-1
1
-1
2:0
4
-3
0
-1
3:0
2
-2
0
1
0
-1
1
0
-1
2:0
3
3:-1
0
2:1
0
-2
1
-1
2:0
3
-3
2:0
1
-1
0
1
-1
6:0
2
-2
4:0
1
-1
1
-1
6
-2
-4
3:0
1
-1
2
9
-11
2:0
1
0
-1
0
3
-3
0
4
-4
4:0
1
-1
2
-2
4:0
2:1
-2
0
1
0
-1
5:0
1
-1
13:0
1
-1
0
1
-1
0
1
-1
0
4
-4
1
-1
4:0
1
-1
3:0
1
-1
0
1
-1
4:0
end
