v1
774
207
377
159
486
52
266
51
485
317
207
28
57
56
149
557
169
340
14
182
349
164
295
159
494
184
11
271
101
593
242
213
360
713
47
321
225
534
229
33
532
276
146
735
171
121
176
134
140
354
442
324
15
36
198
807
556
369
87
418
209
339
394
275
16
376
197
46
242
294
332
72
265
23
32
43
19
42
8
48
147
4
118
69
4
9
74
118
5
65
357
447
518
160
364
304
10
33
6
116
284
175
141
85
101
41
87
42
130
151
282
129
611
46
2
83
299
41
309
114
1088
301
71
22
423
109
183
93
94
75
50
6
955
31
246
62
63
81
3
136
128
19
38
69
162
419
14
339
108
63
89
12
101
184
452
75
100
17
53
129
11
32
86
277
89
100
54
47
61
127
20
2
86
212
5
23
106
87
3
2
257
194
105
99
93
58
148
31498
22
9
12
196
29
97
173
196
36
8
22
1152
179
71
166
0
3375
2211
328
1553
5140
2466
8350
2650
4766
19361
8091
5
4661
7617
9
2
8
1425
119927
3544
1
7741
73
9417
32443
121
232
36
5
16
55311
51
159
157
93
6
65
91
18
40
11
12
2
1
754
127
15759
3521
23004
575
238
1430
539
523
1633
11
47
96
17
76
28
3
1
43
51
6
40306
64
176
76
24
89
636
1
309
85
479
9
57
18
41
191
217
525
19
4
51
17004
13
9723
1
162
1
101
14
18
72
-488264
2
142
272
457
228
24
48
168
328
84
86
137
126
276
82
15
146
413
83
46
106
118
170
310
73
140
36
143
661
2
143
527
221
79
228
75
31
194
46
220
201
17
674
121
74
211
51
180
135
866
20
80
343
79
48
9
144
88
85
202
302
178
50
83
60
68
52
135
52
55
0
99
136
199
27
101
55
0
433
95
81
113
67
282
57
404
405
64
109
580
372
144
16
27
121
26
209
0
277
464
45
358
169
258
440
304
0
220
53
41
212
27
13
16
45
4
81
8
5
2:9
3
30
47
5
21
126
14
114
99
107
6
93
71
16
55
14
71
42
144
499
7
39
49
120
420
86
271
2
437
401
487
197
149
73
29
170
419
6
17
24
100
181
18
5
186
44
139
595
0
8
21
88
78
9
299
1089
172
167
66
301
454
0
404
66
0
219
254
276
145
0
57
95
8
187
158
125
444
275
0
83
138
64
62
4
296
44
4
276
134
129
308
28
22
0
10
64
82
58
99
20
333
84
102
5
210
35
359
2
39
18
0
39
42
0
52
63
53
102
157
31495
201
2
59
45
23
164
1
176
21
932
42
57
7
80
90
64
0
23
5
8
266
47
8065
315
1392
18208
7783
3
1620
5297
3
2998
925
3
869
1258
9
1385
8091
3
0
2825
882
943
34
2447
474
4669
1
23
1
121355
11315
47
41718
106
28
0
2
27
0
1
7
120
14
40
0
72
1
36
56
55450
35
238
17
12
18
5
33
19
80
64
5
8
32
10
6
7
2
64
675
29
14
0
6
21
149
6
17452
1188
2294
4271
9030
8478
0
480
155
1983
132
0
722
436
533
2:1
2
5
6
11
3
75
11
28
94
6
75
57
30305
1513
8273
527
90
541
139
33
36
404
110
24
264
87
88
42
47
85
244
360
130
27
19
3
15016
2
11710
315
13
55
7
-488406
31
837
897
2913
1023
129
117
913
1209
599
1339
842
444
766
2311
591
308
515
314
4
295
619
1717
513
529
115
747
221
1271
1169
2903
10
380
117
312
433
2292
791
1202
523
65
714
172
458
30
205
148
31480
289
241
3
1390
5959
12275
17968
14373
12760
7611
174889
55691
106
48469
18
45
270
40677
792
1074
15649
12066
105
71
20
1417669800
299:0
1
399:0
1
73:0
170
-159
40
45
-88
0
60
3053
-3111
84
-84
261
3479
-3558
-127
-57
1
43
-44
32
-31
76
139
-187
498
-498
43
-66
-5
123
-119
109
-111
45
1254
-1159
-79
75
-135
-1
309
-309
-2
91
-91
143
-79
-37
41
-23
-41
25
7
-36
45
-42
55
-57
105
-103
586
-504
27
91
-204
603
-604
241
-111
-123
-4
2:0
156
-129
-28
3
126
-127
65
-22
35
-77
-2
234
-121
2449
-2535
0
283
-170
-94
-45
185
-185
78562
-78560
3475
-3218
-221
-41
252
-223
114
83
-226
48
-15
64
7
-102
120
251
-13
227
-475
169
-278
-1
48
55
-44
-58
3
-4
0
2
8679
-7876
-682
-122
-3
2
45
0
-47
1
2
25
1247
-1270
0
927
83570
-84500
677
-635
-44
6
-5
31
353
391
-676
-95
-1
1
105
2200
-737
-1538
-32
-3
45
203
20689
-20842
2977
-3067
30
65
266
-249
556
3026
-2388
-1306
0
71
-76
1
98
34
-66
549
20
4612
-5148
-44
1470
-1526
49
165
-33
-135
844
-859
430
-429
137
-130
84
11
-44
-57
798
-784
69
669
-460
7570
-7727
-114
-55
238
-149
-84
295
13387
-13642
23
-67
1
80
277
-286
5111
-4705
-48
-425
99
560
-662
1
-2
1
85
-50
3321
-3320
-32
62
-63
2212
-2058
-157
0
4
-6
3
-3
42
64
-106
104
252
-352
53
-57
37
-33
-5
7
2900
35890
-34409
-4342
4
1199
3400
-4446
-153
-9
-39
-1
295
1024
-1126
-44
77
13241
-13118
3287
-3598
3194
-3232
0
5
-4
93
-91
45
2051
-1866
2196
-2389
38
721
63
-635
-230
-3
-1
0
4
-1
-3
20
-20
18
6
-24
5
14
-19
3
22
-19
2:-3
3
15
4
-22
4
10
-12
2:-1
4
-2
14
-13
12
-2
-13
2
3
18
-22
1
19
2
-7
-13
-3
1
29
-24
-1
-4
3
-1
11
7
-16
13
-18
2:3
-6
2
4
-4
-2
4
-3
2
-2
-1
3
0
1
27
-29
2
12
-13
0
2
15
-20
25
-21
12
-10
-6
15
-15
3
-3
5
-5
2
16
1
-15
-3
0
-1
4
-2
0
-2
3
-3
3
0
-3
2:13
7
-10
-23
14
-9
-4
1
4
-6
1
2
-3
1
0
19
-18
3
-3
29
-27
-4
2:1
0
-2
13
-13
0
26
-23
3
-6
5
14
-16
27
-30
0
14
-14
2:0
2
18
-20
3
1
2
-4
-2
0
2
-2
2
22
-10
-14
0
1
0
1
14
-15
1
3
-4
-1
23
-19
-2
2
-1
0
27
-29
0
20
-7
9
-22
0
3
14
15
-1
-32
0
1
2:0
22
-21
-1
0
1
3
-5
0
23
-8
-14
0
4
-2
1
0
-3
1
-1
2
23
-25
1
-2
15
-15
26
-10
-11
-4
2:0
-1
1
0
19
-16
1
18
-17
-1
18
-23
2:0
3
2
-4
5
-6
1
2
0
-2
17
-15
-2
2:0
-1
3
1
22
-21
-5
2:1
13
-15
0
1
3
13
-16
-1
1
13
-13
13
-14
1
0
3
10
4
-12
-6
3
24
-5
-22
16
-13
-3
4
-2
-1
2:0
1
-1
0
3
-4
0
2
1
-1
-2
26
-26
2
12
7
-7
-9
27
-32
2:0
14
-14
13
8
-21
6
9
-15
20
0
-20
2
11
-10
2:0
-3
2
-2
4
-1
2
1
-2
-3
0
2
30
-33
3
0
-1
0
1
17
-16
20
-22
2
-1
-3
1
2
13
-11
1
-6
3
12
2
-16
14
16
-29
-2
19
-17
-2
30
-28
-1
17
-17
30
-18
5
-16
-2
14
-10
-3
-1
2:3
-3
2
-5
28
-28
-1
22:0
1
-1
8:0
1
-1
20:0
1
-1
16:0
1
2:1
4
3
-6
-2
0
87
-87
2:0
13
2
-14
-1
2
-2
1
-1
2:0
5
-3
-2
0
1
3
-4
0
16
-16
2
-2
1
18
-5
2:-7
4
-2
2:-1
0
15
-15
3
2
-5
6
0
-6
9
-7
-2
1
0
2
-3
0
2
4
18
-6
-17
-1
2:0
2
103
-105
1
-1
1
27
-20
-6
3
5
-8
4
5
17
-28
2
22
-15
-7
3
-3
9
6
-14
-3
39
-30
1125
-1134
70
-38
-23
-7
2
2:0
-3
0
-1
5
-5
12
-9
15
-18
92
-92
7
9
-16
6
5
1
-9
-1
2
2:-2
2
227
-181
-43
-5
3
-3
3
9
-12
0
2:1
39
-38
-2
22
154
-177
36
-30
-6
1
-1
2
4
30
-18
-17
-1
1
9
70
78
-155
-1
2:0
17
319
-320
91
-106
1
-4
17
53
-5
386
-424
-22
-4
6
-6
1
-2
0
1
-1
82
94
-168
-4
-3
-1
4
19
23
-33
101
-111
24
-23
16
-14
45
0
-49
9
5
-7
1
-10
43
72
-107
12
-16
-4
3
0
-2
144
-134
-6
0
1
5
-11
19
476
-478
-16
2:3
43
-48
-2
0
8
1
-3
25
-29
-1
29
-29
112
-106
-7
0
3
-2
-1
0
9
-5
-3
4
2:0
6
-9
3
-5
0
1
192
1071
-1072
-187
4
218
-193
-13
-4
-15
-1
0
51
53
-97
2:0
31
73
0
-111
2
-1
4
-5
0
5
-2
-1
13
-6
42
-49
0
26
-18
-3
-8
1
-1
4:0
1
-1
2
2:-1
0
2
-2
2
5
-6
-1
0
15
-15
3:0
1
-1
6:0
2
-2
2:0
2
-2
2:0
1
-1
3
-3
7:0
2:1
-1
0
-1
0
1
0
-1
4:0
1
-1
7:0
1
-1
6:0
2
-2
4
-4
8:0
2
-1
0
-1
13:0
6
-4
-2
1
0
-1
0
1
-1
4:0
4
-3
2:0
-1
2
-2
2
2:-1
1
-1
6
-6
0
3
-3
2
2:-1
0
1
0
-1
0
2
-2
3:0
3
-2
0
-1
2:0
1
-1
3:0
2
1
-3
6:0
1
-1
1
-1
10
-9
-1
1
-1
0
1
-1
2:0
3
-3
3:0
2
-1
4
-5
2
-2
2:0
7
-6
-1
1
2:0
-1
2:0
3
-3
0
2
-1
0
-1
5:0
1
0
-1
5
-5
4
-4
1
-1
5:0
4
-3
-1
9
-9
0
4
-4
3:0
1
-1
3:0
1
-1
2:0
1
-1
5:0
5
-5
3:0
1
-1
4:0
1
-1
1
-1
0
4
-4
3:0
1
0
-1
1
-1
1
-1
0
1
2
-3
1
-1
0
2
0
2:-1
2:0
1
-1
0
2
1
-3
3
-3
0
2
-1
5
-6
3
-2
-1
0
7
-7
1
-1
0
2:1
-2
1
2
-3
9
-6
-1
0
-2
5:0
2
2:0
-2
3:0
1
-1
0
1
-1
0
4
-4
4
-4
0
1
-1
3:0
1
-1
2:0
2
-2
0
2
4
-6
0
8
-8
0
13
-12
-1
2:0
15
-12
1
-4
1
7
-8
2:0
1
-1
0
1
-1
5
-5
37:0
2
-2
23:0
2
-2
3:0
1
-1
5:0
end
