v1
759
42
67
21
239
70
304
222
103
25
136
191
178
107
213
130
35
126
62
126
237
1
57
56
7
15
28
37
184
318
201
144
207
51
23
14
156
102
140
307
285
68
91
234
46
86
57
2:133
255
16
101
528
22
244
41
435
66
5
67
95
183
61
156
399
21
33
102
31
225
277
14
90
153
20
24
59
80
46
33
521
235
52
59
45
209
119
180
59
0
106
104
171
288
4
30
109
113
27
145
209
212
176
54
60
66
213
36
33
832
140
29
106
366
55
318
51
254
27
28
119
24
262
154
46
65
34
40
300
94
275
16
497
36
16
24
89
27
41
80
51
294
46
58
5
150
114
109
103
0
27
29
28
17
7
31
43
2:19
17
6
7
1
46
5
14
117
13
3
1
96
22
82
74
45
31
47
65
112
127
118
447
78
92
3
120
94
131
160
35
219
110
1
29
0
274
10
2
37
116
104
97
83
54
121
141
64
21
101
41
25
62
169
3
146
5
97
170
15
129
281
41
289
46
2
153
229
41
309
114
34
64
182
808
301
71
22
312
55
56
111
24
213
37
94
75
18
32
6
322
633
56
221
33
29
63
134
6
44
164
57
56
13
15
147
40
393
368
142
99
2
81
20
184
8
352
92
175
70
121
8
11
32
80
0
32
273
67
100
54
47
61
95
32
20
2
86
153
0
59
5
6
17
104
2
87
5
205
52
297
148
63
21
35
98
1
34
31498
10
12
9
12
192
4
29
53
14
30
62
23
88
76
8
112
36
8
22
932
198
0
22
179
71
166
18
47
3310
2539
1553
5140
8678
2138
2650
1551
3215
4989
2834
4096
2991
925
872
2652
2
8096
3703
943
15
19
7591
7
9
2
5
1
2
1425
4053
115874
3544
1
1735
5981
25
73
9417
32310
101
7
21
4
44
236
5
68
36
5
16
54631
816
12
62
157
7
2
15
12
18
38
1
18
162
27
10
2
1
10
2:1
11
0
884
63
20940
13301
7980
575
238
1430
539
523
665
436
532
2:1
2
1
6
0
5
11
28
3
44
14
63
59
37
3
1
43
47
4
5
1
30302
10004
64
104
72
69
7
24
59
541
125
1
46
263
85
202
277
9
22
35
18
41
103
57
41
34
173
525
19
17
38
14805
150
72
1977
13
9723
1
162
1
101
14
8
11
16
55
-488538
34
0
75
80
38
4
567
227
350
59
4
9
330
0
911
2
201
4
352
22
168
77
0
88
847
70
244
374
28
102
178
262
159
153
68
12
97
198
106
7
76
48
84
119
311
2
167
6
334
93
0
300
8
68
583
37
80
29
414
74
150
100
12
138
320
185
141
368
470
37
668
54
74
406
1309
271
122
76
1061
126
125
477
31
193
1068
400
306
65
263
127
243
28
37
72
9
1
7
0
29
27
73
230
0
211
0
19
6
89
91
69
96
184
325
158
142
176
96
144
188
0
74
138
836
512
767
299
13
292
122
3
460
355
13
34
20
7
177
41
258
404
439
227
241
189
0
17
190
88
466
103
509
0
417
78
83
53
90
57
688
382
526
40
22
278
0
18
56
469
74
277
14
69
740
234
83
385
11
172
134
45
214
31367
82
16
228
48
249
127
32
1229
17
92
8386
2410
9647
5125
10133
386
1620
5297
13
5213
846
1384
10
8022
0
53
2
7132
5152
5003
127679
41
41802
0
97
134
205
27
55373
346
227
11
796
43
18822
10444
16247
143
1685
3
1
26
71
86
6
8
40
43
59
40017
602
78
792
533
439
89
13
33
225
58
417
0
15000
11850
310
24
1417586400
499:0
1
258:0
2:6
-9
5
-4
37
-20
-17
16
31
-45
9
-9
1597
-1595
2717
-2701
83
-98
25
-26
204
1148
-1288
254
-284
-34
2
-3
38
-41
2
6
-8
2
-2
14
2
-4
56
-68
67
-66
14
39
-50
-4
16
-13
380
-355
7
-11
-19
417
-418
10
5
210
-226
13
-15
1
6
-8
5
38
1238
-1126
-153
12
-14
27
3
-30
78
-62
76
-65
-23
139
9
-129
-15
-6
3
-3
2
-1
3
35
107
-144
26
-29
204
-199
-1
-4
43
-38
-6
118
-113
7
142
-118
-28
7
58
-69
7
0
-3
75
-41
-11
-24
-3
10
-9
25
12
-42
5
-3
567
-569
218
65
-276
-7
78
133
402
-612
0
225
-199
-15
91
-103
6
30
-34
20
10
-22
-2
-5
19
-22
9
-5
20
6
-28
-2
758
-726
-33
10
44
-45
96
-95
23
49
-53
-10
61
139
-161
-44
-12
12
82
-53
-42
186
-32
-152
9
2
21
-12
2:-10
9
-10
229
-231
11
0
10
64280
-64299
5651
-5427
-225
2:3
-5
7
242
619
-833
830
1232
-2051
-44
-3
14
-8
9
-12
-2
64
-55
-10
474
-382
1
256
-343
47
35
-67
-18
8
-3
-2
30
23
8
-58
-1
62
-60
0
-6
-1
1
8539
-7376
-1167
48
-45
-3
7
31
-1
-27
78
-83
-1
26
21
1356
-1405
-1
2461
-2447
13348
-13343
175
-191
1
-4
35
-18
14
344
-347
-12
43
-33
-25
15
2725
-1498
-1207
-35
2
185
-184
294
-72
11527
-11706
1915
-1955
-6
12
86
189
-279
0
101
710
-805
2883
-2863
2277
-2298
93
-99
2:-2
21
160
-186
0
1
36
393
4298
-4729
91
-59
-29
8
-9
6
8
-1
245
-259
8
169
-152
-24
60
474
-329
306
-504
2
0
-3
54
-54
245
-238
6
19
772
-766
75
-111
619
555
-1134
121
-166
-3
21
-1
-17
-2
6
57
-60
24
0
92
-101
-10
-5
-2
17368
-17368
14
20
-28
11
2
-15
75
-82
0
315
-233
4086
-4166
11
-13
0
2364
-2361
13
-16
5
555
138
-662
-34
45
-42
-2
64
-65
2:4
32
-40
89
-48
-26
2
9
-18
-6
4
14
1502
-1500
183
-146
-58
2
0
-1
48
272
-305
22
3488
-3507
-15
8
86
-101
8
-8
30
-20
-1
56
-46
-15
292
-295
0
-1
23
2028
47848
-41988
-7827
-65
16
-2
2551
-2583
1094
-970
-119
20
-25
32
-3
8
-38
234
170
-361
289
-311
3
71
13599
-13693
1297
1974
-3200
-11
-59
2:5
-7
-1
13
3
192
-208
30
-32
0
36
168
-56
8981
-9111
108
324
-451
6
-3
84
-91
1
-1
2
-1
2:0
-2
3
-3
1
2
0
-1
0
1
-3
3
0
-2
1
-1
1
0
2:-1
2
-2
1
-1
2:1
0
1
-3
2
2:-1
1
0
-1
2
-2
2
-1
3:0
-1
2
2:0
-2
0
3
-3
2
-1
2:0
2
-2
-1
3
-3
0
2
2:-1
2:1
-1
2
0
-2
-1
3:1
-3
2
2:-1
2
0
-1
2:0
-1
2:1
2:-1
1
2
-1
1
-1
2:0
1
-1
4:0
1
0
-2
-1
3
-2
2:0
1
0
1
0
-2
1
2:0
1
-3
2:0
1
2:0
2
-1
1
0
-2
-1
2
-1
0
1
-1
0
1
-2
3
-1
0
2:-1
2
-2
0
2
-1
2
2:-1
0
2
-2
2
-3
2:1
-2
2
0
1
0
-2
2:0
2
0
-2
-1
1
-1
3
-2
0
1
-2
2
-1
2
-2
2:1
-3
2
-2
1
-1
3
-1
0
1
0
-2
2
-3
0
1
0
2
-3
2
0
-2
0
2
0
-2
2:1
2:0
2:-1
1
-1
0
1
0
2
2:0
-3
2:0
3
-3
2
-2
0
3
2:0
-2
2
-2
2
-3
3:0
2
-2
2:0
2
2:-1
2:1
-1
2
-2
-1
1
4:0
4
-4
2:0
4
2:-2
3:0
81
-81
0
2:1
-2
9
8
-17
7
-6
-1
3:0
1
-1
4:0
4
-3
-1
5
-5
3:0
1
-1
0
2
-2
5
-5
2
-1
5
12
-18
2:0
5
-5
1
-1
1
-1
1
-1
2:2
9
-12
-1
0
2
-2
2:0
1
0
5
-6
0
1
-1
6:0
1
0
12
-13
0
2:1
-2
0
1
6
-7
0
4
-4
2
11
-12
2
-3
3
-2
1
-2
2
-2
4
-2
-1
0
-1
6:0
6
-5
20
-10
-9
-2
0
1
-1
4:0
2
88
-90
5:0
3
0
-2
2
-3
2
-2
12
-8
-2
0
-2
7
-7
5
1
-6
3
-1
1
-2
10
-11
16
6
-12
-10
1
4
2:-1
-3
4
11
-15
0
1
3
-3
0
1
2:-1
38
-38
1
0
5
1043
-1049
72
-42
-30
1
3
-3
0
4
-5
5
-2
-1
-2
1
-1
6
3:-2
1
11
-6
-5
-1
18
-18
78
-75
2:5
-12
3
-3
-1
0
12
3
-13
-1
0
10
-5
-2
-3
0
3
186
-146
-43
4
-5
1
5
-5
2
1
12
-16
1
3
-4
42
-41
-1
25
-23
209
-203
19
-27
3:0
3
2
26
-30
3
17
-19
-1
0
93
73
-165
-2
3:0
6
13
303
-310
85
-96
2:0
-1
12
-7
0
55
-14
-46
405
-398
37
-37
-1
-4
3
-5
5
-3
-2
0
1
3
53
63
-119
5
2
-8
4
-4
2:1
0
21
-22
0
34
-32
-1
9
99
-100
11
-21
1
0
-1
14
-10
47
-48
1
-1
10
0
-5
-8
36
72
-108
10
-10
2:0
1
3
-4
4
17
-20
0
4
-1
-2
0
-2
0
108
-108
3
16
-18
-1
3
1
8
-10
-2
0
11
510
-521
3:0
13
-13
4
-4
4
0
32
-35
-1
5
-5
3
4
-6
3
-4
1
-1
0
6
-2
13
-15
4
-6
5
-3
77
-74
2:0
-5
1
2:0
3
-2
0
3
-2
1
-2
1
7
-10
2
-2
3
-3
2:0
3
-1
1
-3
2:0
3
163
947
-945
-160
-5
1
-3
170
-170
35
-20
-16
8
-7
-1
2
1
-3
37
67
-97
10
-13
5
-1
27
-35
124
-17
-104
11
-14
1
2
-2
3
-1
4
3
-10
1
-1
1
3
8
-6
56
-60
1
22
-25
2:0
7
-7
20:0
19
-19
48:0
1
-1
11:0
1
-1
11:0
2
0
-2
4:0
1
3:0
-1
29:0
1
-1
3:0
1
-1
9:0
1
-1
0
2:1
-2
22:0
1
-1
3:0
1
-1
6:0
1
-1
28:0
3
-2
-1
2:0
1
-1
2:0
2
2:-1
9:0
3
-3
11:0
end
