v1
552
317
45
50
172
159
350
375
8
44
78
485
141
134
39
110
19
166
56
22
28
118
535
90
296
79
319
447
285
295
98
455
271
309
586
41
160
10
403
168
171
55
16
85
420
135
31
225
386
10
138
20
242
532
276
59
45
42
328
124
179
275
259
96
76
494
392
50
126
213
65
4
57
267
648
128
7
239
102
25
424
309
733
4
7
147
153
369
16
157
416
121
36
20
111
294
85
312
228
28
33
38
25
18
23
15
23
8
46
149
4
13
105
82
74
40
5
181
74
35
295
341
21
173
99
21
749
314
39
116
104
42
138
54
121
141
85
401
146
5
282
95
309
6
0
31
110
189
15
33
83
70
229
41
466
42
195
50
69
689
253
48
93
312
55
56
109
2
274
94
75
97
685
66
163
8
40
229
62
117
86
80
15
113
126
15
147
40
283
110
352
0
247
93
20
77
107
221
231
175
70
121
8
11
32
363
89
100
54
47
53
8
89
38
20
88
212
5
20
3
106
92
151
106
194
119
85
47
178
40
34
31493
5
22
9
204
33
97
85
88
77
7
112
36
2:4
22
12
920
54
166
68
111
148
89
18
1493
1523
2552
2
326
1553
5140
7581
3235
2650
4766
4989
9921
3064
1385
2
8091
5
3703
943
15
19
1514
933
474
1523
3165
8
1425
15471
0
108001
7741
73
9417
32421
22
26
82
55
4
2
38
146
36
5
87
10928
44363
50
35
47
20
7
157
7
29
18
39
6
12
162
37
3
11
1
11
728
61
149
9
12806
12405
9030
7894
86
575
238
247
1183
873
189
665
968
2
3
22
80
9
28
62
32
9
8
20
3
1
40
60
30302
9786
218
64
176
159
30
636
1
46
263
85
202
277
9
28
29
18
41
32
71
78
10
44
173
13
151
361
19
17
38
17017
9723
1
162
1
101
13
1
0
18
10
27
3
32
13
-487592
440
1291
44
703
1639
0
683
340
768
212
617
525
140
286
1333
80
1420
29
1426
1904
256
0
2365
99
167
479
475
6
56
82
71
224
117
95
232
130
70
368
106
50
502
326
1166
418
100
31
211
16
161
245
1
395
191
1260
1043
173
422
117
41
230
25
88
9
1078
198
112
30
146
83
200
114
243
331
908
414
74
274
399
95
29
688
978
0
72
80
33
153
14
1
31727
14
0
184
1683
3541
2536
9160
3794
649
2478
13839
0
790
24482
9471
13
4
1433
123465
1
7716
57
12123
29714
345
19
72
55570
21
134
246
20
25
920
21003
8149
8403
5745
2243
1715
5
13
2:2
232
32
47
40071
1398
0
819
242
0
13
317
319
17212
9735
0
334
61
1417783200
399:0
1
151:0
45
-42
8
-2
1
55
-62
95
739
-819
2793
-2809
2
15
-12
7
59
8065
-7922
-118
-96
5
-4
8
-2
18
-7
118
-136
151
-150
523
-516
-7
9
-6
30
-31
-3
54
-53
2
28
858
-875
-13
398
-398
335
-312
121
-137
3
107
-116
37
-35
7
-7
13
27
-44
3
246
-234
-9
74
-78
187
-185
2
71
-74
34
-37
6
-1
-4
0
15
-14
51
-47
-2
685
878
-1559
23
-31
433
-433
1
4
120
-83
-35
8
-15
2:0
105
-99
-5
0
3
39
-32
-9
5
70
-77
5
242
-205
-39
-3
0
1
0
11
-11
352
-320
-27
2
319
68136
-61995
-6385
-82
16
-15
3
-3
3
-5
4
1340
-1333
34
-45
97
-95
0
3
-4
64
-65
322
-241
-78
20
862
-879
-4
-1
10
-7
23
-8
85
-84
-20
311
-310
7
-7
20
4212
-1234
-2999
1
2
-3
28
-25
14
2
-19
20
-8
-11
1038
-643
-298
21480
-21573
-4
184
-182
0
-2
0
380
-368
763
-770
16
-17
3
12
688
-113
-582
-9
65
-59
11992
-11994
-7
1798
-1795
-4
5
193
-172
740
-765
5699
-5677
-18
-4
4
6
-10
16
183
-193
121
107
-234
1957
-1951
138
-143
86
325
-408
100
-104
1
95
553
-589
-31
383
-412
16
39
19
-60
60
-59
60
-70
-5
-1
7
-3
202
-137
918
-986
207
1070
-1247
299
-236
-77
-2
2
-17
0
1
0
171
-170
6
-4
8
-12
42450
-42426
-5
7
86
-107
217
-190
2181
-2199
170
-145
-39
2
-1
6
11
-17
68
401
-397
-73
2:6
99
-111
15
6
-11
-5
-3
-1
9
657
-666
10
0
-10
761
-733
-11
-17
3
-3
1
2:0
2
94
-90
-6
2:-1
80
-77
15
-18
19
5
-20
10
-13
3
21
-19
10
-14
-1
224
18016
-14232
-4006
153
-151
68
627
-668
-4
-27
10
74
73
-137
24
76
-113
12
1108
-1111
382
2421
-2803
-12
36
-19
-18
7
128
-94
50
-76
0
-10
138
-138
151
-138
936
-957
18
-8
66
1
3234
-3258
-46
0
65
-69
-5
0
1
2:-1
2:0
2
-1
2:0
-1
2
-2
1
4:0
-1
1
-1
2:0
1
0
-1
2:0
1
2:0
-1
0
1
-1
1
5:0
-1
0
2
-2
1
3:0
-1
1
3:0
-1
2
-2
2:0
1
0
1
-2
0
1
2:0
-1
0
1
0
-1
2
-1
1
-2
2:0
2
-1
0
-1
0
1
-1
2:1
0
-2
2
-2
0
1
0
-1
0
1
0
1
-2
2:0
2:1
-1
0
1
-2
1
2:0
-1
1
5:0
-1
2
-1
4:0
-1
1
-1
0
1
-1
1
-1
1
0
1
0
-2
0
2
2:-1
4:0
2
-2
2:1
-2
1
9:0
47
-47
4:0
4
-2
3
-4
-1
4:0
2
-2
7
-7
2
-2
1
-1
0
5
-5
3:0
2
-2
2:0
2
-2
0
19
-19
3:0
5
-3
-2
0
1
-1
2:0
2
2:-1
0
6
-6
0
5
-5
9
-9
2
0
-2
3
-3
3:0
1
2
-3
9
-5
-3
-1
2:0
2
-2
5:0
37
-37
2:0
1
-1
10
-10
3
-3
2:0
6
-3
-2
11
-12
0
13
-7
-5
-1
2:1
-2
1
-1
31
-28
-3
1
40
839
-821
-49
-10
3
-3
2:1
-2
0
2
1
-3
1
-1
2
2:0
1
-3
7
-7
26
-26
0
1
16
-17
2:1
-2
0
10
-10
11
-10
-1
3
-3
2:1
0
168
-79
-91
5:0
1
4
-5
0
3
-3
44
-38
-4
264
-264
-2
16
-16
2:0
2
0
-2
21
-21
10
-9
-1
1
55
40
-93
-1
0
-1
288
-288
0
53
-54
2:0
13
0
46
-59
243
-235
-8
0
2:2
-2
-1
2
-3
1
44
-45
77
-76
8
-8
2
12
-15
22
-22
0
19
48
-67
1
19
-19
1
0
2
-2
7
-9
26
-25
-1
1
3
-4
10
6
-10
-6
13
42
-53
-2
6
-6
4
-1
-3
0
2
1
-1
-2
2
-1
0
-1
149
-144
-3
-2
1
2
-2
1
203
-203
7
-8
-1
2
-2
1
2
-2
5
40
-46
0
1
2
11
-14
0
7
-4
-2
-1
1
2
24
-22
3
-5
-2
87
-83
-5
4
-4
1
-1
4:0
5
-5
1
-1
5
-4
1
-2
2
-1
2:1
-3
0
1
-1
2
2:-1
34
274
-244
-64
21
-21
0
7
-1
-3
-2
0
12
23
-34
5
-6
0
1
14
-15
90
41
-130
-2
6
-6
0
7
-6
0
-1
6
-2
-1
9
-11
8
-6
9
-12
2:0
11
0
-5
-6
2:0
4
-4
4:0
6
-6
35:0
1
-1
0
1
-1
10:0
2
-2
13:0
7
-7
14:0
1
-1
0
1
-1
2:0
2
2:-1
13:0
1
-1
8:0
2
-2
8:0
2
-2
2:0
1
-1
2
2:-1
2
0
-2
5:0
1
-1
3:0
end
