v1
546
21
296
95
172
159
350
136
31
160
14
384
265
79
302
62
166
17
39
22
28
531
122
7
159
6
62
0
18
679
300
12
121
152
130
29
132
102
106
187
162
271
34
290
80
31
216
151
134
129
7
34
336
67
122
217
156
45
247
128
166
225
344
0
42
10
138
20
24
218
304
32
48
148
93
232
55
166
170
34
43
260
244
4
7
20
131
224
2:38
423
71
149
293
32
0
307
69
57
404
110
63
220
118
128
7
84
306
61
226
113
94
160
230
206
24
328
4
0
307
369
16
573
40
81
36
131
214
72
0
8
85
194
94
212
40
16
12
33
38
43
19
4
2
13
77
136
11
2
4
13
105
59
2
21
74
45
14
60
34
35
57
55
14
39
74
118
176
106
50
115
78
95
214
326
329
30
68
206
10
39
116
146
27
111
0
54
30
91
141
85
101
41
259
58
88
5
24
112
275
27
248
6
17
191
122
15
31
2
83
70
0
229
41
309
114
43
6
36
195
50
758
199
102
71
22
185
67
60
55
33
17
6
109
2
24
213
37
94
75
50
325
407
229
0
8
154
0
115
1
0
32
29
1
196
6
46
34
15
113
19
107
7
8
27
120
40
48
235
110
599
50
43
20
182
2
221
94
137
34
5
54
82
70
0
63
0
58
8
11
31
1
109
181
73
51
38
100
54
47
53
8
35
54
146
153
64
20
3
106
87
0
5
9
142
106
313
40
45
38
9
63
22
58
33
42
0
34
77
15
31
31370
5
22
9
43
161
86
11
33
85
88
69
8
7
112
36
2:4
22
12
920
54
166
68
111
71
77
31
58
16
2
47
5521
2
0
323
3
1553
3764
1376
4236
3344
1
3235
2650
4766
4989
3
6494
3424
4449
2
14
0
8077
5
4646
15
19
1514
933
0
474
4677
9
2
6
2
1425
15471
104456
3544
1
1735
6006
73
9417
32421
18
2:2
26
141
0
40
74
19
53
36
5
16
71
55291
50
35
47
27
157
7
2
15
12
18
34
4
1
6
65
104
5
37
3
11
1
11
728
29
14
27
35
14
12906
8134
4271
0
12281
4643
86
575
238
203
0
44
1183
828
45
189
1633
2
3
22
9
18
2:1
2
53
5
62
21
7
20
0
29
20
3
1
11
32
27
30
31815
8246
245
64
176
76
83
30
636
1
46
160
103
0
85
77
125
277
9
22
6
29
18
41
103
51
9
28
10
4
30
173
0
13
59
226
133
94
19
17
38
19
14786
150
2049
13
9723
1
162
1
101
14
18
72
13
1417777800
545:0
1
23
-15
-2
9
77
-70
-21
0
9
-6
1662
-1667
36
-24
41
-45
5401
-5258
-113
-33
12
-15
2
-3
4
0
-1
-2
26
-24
4
143
-151
18
-2
10
-25
-1
4
457
-460
-1
3
-1
24
-25
11
-9
24
-21
-5
123
-124
37
-24
-12
-1
754
-751
393
-394
0
-1
318
-308
62
-69
1
-4
7
-7
8
-5
-3
35
-33
-2
35
-35
43
-29
-14
-1
53
-53
1
2
162
-165
18
-9
120
-127
0
111
-104
90
-98
-1
0
1
37
-37
4
20
-24
4
9
3
-15
4
1
2
-2
35
-40
0
1424
-1410
1
333
-349
1
150
-142
-9
1
0
68
-62
-8
25
-19
-6
32
-31
1
20
-22
3
2
-4
2
-1
-2
63
-55
33
-41
21
-19
0
4943
-4892
-51
2:-1
5
33
-34
1
-3
-2
5
112
-116
0
-1
186
-184
20
-19
0
209
-212
1
2
53861
-47919
-5866
-73
-5
5
-2
9
-13
3
23
-26
4
136
-136
-3
1541
-1535
82
-88
4
9
-14
3
-2
-1
54
-53
8
179
-176
-9
-1
16
598
-616
1
4
20
-19
-5
9
10
-19
90
-87
8
-11
3
-2
1
-2
-1
3
19
-7
9
-23
28
3203
-1811
-1411
-10
0
1
3
16
-18
0
1
0
2
-4
9
-9
2
0
-2
6
1
763
-766
772
-770
64
-70
15346
-15347
0
1
247
2158
-2405
3
356
-360
771
-765
-5
74
-75
1
0
6
5
0
-7
-1
9
739
-308
-443
19
-19
-1
8
-8
88
-41
11363
-11401
-9
1570
-1564
43
71
-119
626
-623
3281
-3267
-6
0
8
-18
-2
10
-8
-1
11
-12
206
-202
3
-7
3
2:1
137
-141
-1
0
3
2366
-2341
65
-92
2
-1
-2
383
-374
76
-83
0
-1
33
527
-497
-36
105
-132
5
29
-18
-14
38
-38
21
-24
1181
-1181
18
-7
-1
-8
-2
0
133
-79
-54
829
-829
2
0
172
881
-1028
74
-96
1
60
-63
105
-103
0
-5
0
12
106
-112
2
-6
-1
5
2:-3
38619
-38617
12
-3
3
-13
7
43
-51
264
-233
1468
-1446
-49
-1
1339
-1342
2
0
27
-26
-1
3
45
244
-293
48
-3
-34
79
-91
3
27
-24
0
5
-7
-3
-1
6
9
627
-637
-4
17
-8
-9
593
-549
-33
-12
524
-519
-5
2:0
3
21
-22
0
-1
85
-37
495
-537
-5
0
2
9
-10
-1
18
-6
10
-19
15
-20
0
3
-3
15
285
-296
3
-5
9
-7
1
-3
657
16104
-12863
-3900
4
-3
294
-292
-3
599
-545
-42
-5
19
-10
37
237
-277
-13
61
1
-34
-27
10
6
802
-818
4
452
524
-948
-12
-16
-5
5
3
6
-3
-10
1
60
-62
1
5
15
-13
3
136
-147
2:2
-4
10
82
6
934
-1030
9
165
72
-180
-53
1
3:0
1
-1
5:0
42
-42
1
-1
4
-4
4
0
-4
0
1
5
-6
8:0
7
-7
2:0
1
-1
2:0
4
-4
5:0
2
-2
2:0
2:1
-2
4:0
1
-1
16
-16
6:0
3
-3
2:0
1
-1
6:0
3
-3
2:0
2
-2
2:0
7
-7
2:0
7
-7
0
4
-4
1
-1
3:0
4
-4
5:0
2
-2
4:0
11
-10
3:0
-1
8:0
26
-26
7:0
8
-8
4:0
1
-1
0
2
4
-6
2
-2
0
12
-5
-7
3:0
1
0
2
-3
2:0
9
-9
2:0
25
-24
2:0
-1
24
-24
0
3
748
-690
-48
-13
5:0
2:1
-1
0
-1
1
-1
3
-3
3:0
1
-1
1
-1
0
6
-6
0
23
-23
1
2
-2
9
-10
3:0
2
2:-1
4
-4
14
-12
2:-1
5:0
1
-1
4
-3
-1
2
116
-48
-70
2:0
2
0
-2
6:0
4
-4
3:0
2
-1
39
-38
6
-6
0
-2
224
-224
2:0
18
-17
-1
3
-1
-2
22
-22
0
8
-8
5:0
1
0
-1
50
34
-84
1
-1
0
1
-1
2:2
246
-248
-2
55
-54
-1
9
-9
39
-39
217
-209
-7
0
-1
2:0
1
-1
0
1
-1
3
-2
-1
0
1
-1
1
29
-30
1
-1
0
64
-61
3
-6
1
-1
0
16
-16
21
-21
2:0
12
46
-58
1
17
-18
0
2
0
-1
6
-5
-2
0
20
-20
4
-4
6
-6
2:0
7
2
-8
4
-5
2:0
14
30
-42
-1
0
-1
7
-6
10
-11
3:0
1
2:0
3
-3
0
1
2:-1
128
-127
4
-4
-1
0
1
3
-4
2:0
179
-176
-3
1
8
-9
2:0
3
-3
2:0
3
29
-32
1
-1
3
5
-8
4
-2
0
2:-1
4:0
3
17
-19
-1
10
-8
-1
75
-72
-3
2
-3
5:0
1
-1
0
1
-1
4
2:-2
3:0
2
-2
0
3
-3
0
2
-1
1
-2
2:0
1
-1
7:0
42
234
-219
-57
2
-2
21
-21
0
9
1
-7
-3
5
-5
9
26
-34
-1
8
0
-7
-1
1
2
9
-12
0
81
18
-98
5
-6
4:0
5
-4
2:0
-1
2:0
5
-5
2
10
-12
2:0
2:1
2
0
11
-15
0
12
-8
-1
-2
end
