v1
901
279
18
278
168
298
188
52
187
56
440
119
188
129
234
1
57
56
22
65
81
316
180
39
172
16
523
73
140
297
295
393
189
266
271
101
208
126
235
5
261
160
413
495
399
21
0
166
206
19
534
20
67
9
166
257
79
37
159
93
0
183
104
761
16
171
431
90
27
377
85
357
126
213
126
31
541
343
135
327
39
55
30
244
0
7
88
637
309
96
11
471
198
537
52
177
111
294
59
50
472
4
56
51
32
25
18
19
42
8
46
2
151
118
73
9
74
52
71
30
35
38
57
17
245
85
91
271
78
92
3
120
225
160
254
110
304
10
33
0
6
116
104
180
54
121
141
186
41
87
169
3
146
5
282
129
281
31
19
280
10
36
2
382
557
12
175
712
96
301
83
10
367
56
109
2
66
6
202
72
22
75
50
1238
33
29
283
15
113
19
107
7
8
147
40
379
14
609
83
20
184
229
223
175
17
53
121
8
11
32
86
45
101
182
138
54
47
53
8
6
141
0
88
153
59
5
20
3
104
89
5
205
307
150
40
252
24
40
59
31370
5
6
16
9
82
155
53
4
40
173
76
120
36
8
22
1043
37
72
68
111
237
15
3
26
21
9
3301
2211
328
1553
5140
10816
2650
4766
4992
9918
4449
2
8096
2821
882
943
15
1533
6077
18
5
3
1425
3523
119949
1735
6006
73
9417
32380
15
16
10
22
207
73
36
73
5
54647
816
67
7
157
7
29
18
39
6
12
55
107
27
10
3
10
2:1
11
2
1
732
149
21003
21281
575
1668
828
234
665
436
532
2
0
3
6
16
28
3
86
63
31
9
22
6
3
1
43
47
4
6
30302
10004
64
176
100
523
202
1
13
33
263
85
226
253
9
57
18
41
0
103
102
30
186
87
425
19
17
38
14805
84
138
1990
9722
2:1
162
1
72
43
18
10
62
13
42
-488407
416
47
249
341
136
24
138
40
320
112
142
52
5
168
105
4
167
82
535
168
83
76
86
392
287
215
85
114
385
107
70
134
143
47
107
186
145
85
58
152
96
24
69
53
80
151
93
68
714
110
0
116
37
118
98
301
102
86
136
178
18
187
37
336
367
91
279
47
157
187
38
30
35
4
121
87
37
14
22
143
423
133
11
5
96
54
48
49
172
151
14
8
380
19
25
51
62
345
4
178
55
32
247
354
135
99
111
117
186
18
328
181
94
43
0
28
93
103
209
64
44
31
193
125
87
50
16
29
35
165
185
43
50
364
13
0
27
52
64
6
157
95
34
177
65
267
145
207
1
41
89
37
13
2
17
16
8
2:26
0
14
110
3
4
13
3
104
17
7
19
116
21
31
5
28
118
38
16
182
51
172
519
210
109
217
357
439
186
17
13
471
201
31
0
18
0
33
57
56
594
248
47
153
58
55
137
818
48
12
134
57
41
9
17
924
7
452
115
186
295
48
132
209
110
125
58
224
0
185
52
22
0
318
186
2
50
126
95
141
247
166
111
333
171
284
5
4
96
57
5
4
24
272
418
454
89
140
92
24
41
20
72
230
314
35
118
106
29
89
76
119
40
45
29
9
55
17
42
73
75
31617
62
8
36
4
98
7
0
115
69
85
1246
17
335
43
62
407
5242
322
2220
1707
703
8325
1322
3221
10837
12429
872
2658
8075
12
1
20
7098
13
0
474
0
4669
8
9
8
2469
105787
13098
3544
7717
102
38185
2624
983
39
50
107
35
133
72
11037
25036
19327
18
15
292
87
161
55
4
1
747
0
29
32
24
12940
3480
17955
3251
5422
323
1681
418
1826
7
6
1
42
48
47
0
45
40
35
2
14
88
38931
1805
0
491
221
0
12
15
152
32
481
117
22
219
23
0
41
5
760
59
0
26842
66
89
0
-488400
49
566
121
1239
963
338
372
679
1185
1533
66
1216
868
740
829
128
170
134
1091
373
86
44
1760
478
669
68
1604
690
390
423
209
354
18
1350
374
780
153
137
512
364
31
229
110
637
1244
29
909
619
1091
464
72
430
2648
465
22
51
10
262
1248
124
114
31743
92
584
1012
321
27887
21194
12293
130832
1
23440
29774
2
165
36282
19904
873
155
36239
6669
120
203
2233
1725
3
17
292
40698
579
412
445
430
53
264
243
369
26964
28
1417923000
399:0
1
400:0
1
99:0
11
4
-2
7
5
-3
100
-67
557
-599
2682
-2683
9
-7
2
406
6385
-6789
35
-24
-10
42
-38
1
19
-18
-8
237
-238
94
-94
-4
29
65
-85
-10
11
521
-462
16
154
-140
-78
41
-54
0
814
-801
128
-133
-8
-7
-2
19
1
-17
7
-8
94
-60
143
-175
11
-14
665
-367
-290
43
80
-131
88
-75
591
-603
-2
632
-581
-45
101
1400
-1507
51
-42
0
1726
-1678
-23
-3
2372
-1562
-839
50
-2
471
-467
277
-225
-103
16
77
110
-200
-6
178
-174
-3
-1
25
2:-13
1
70
42
-80
222
-206
160
-156
-20
342
-365
-8
23
288
-310
0
220
-222
2
26
53
-35
80
673
-363
-266
64847
-64983
23
27297
-27037
-318
3
11
1
193
-205
152
-107
21
70
-132
12
23
-14
-1
-14
2
68
-81
330
-15
-299
128
-132
10
-8
109
-13
-110
0
22
-22
3849
-3799
188
1909
-2116
-29
11168
-9918
-1225
64
-48
249
-290
-1
647
-646
1015
-1016
38
106687
-106697
216
330
-576
12
21
676
-684
112
-80
-52
213
-205
2460
-916
-1529
0
45
-73
9
66
80630
-80683
-22
3019
-3019
37
1
350
-374
31
955
-1000
8851
-8845
1696
-1601
30
-132
123
2599
-1219
-1502
42
-41
445
11918
-12361
76
3
-57
405
-426
182
103
-36
-240
160
1789
-1940
932
-872
-60
2:-10
371
-87
-276
30
-36
0
4
31
385
342
-579
2
1550
-340
-714
-684
22
-3
62
16
-99
6
1
166
1408
-1577
23263
-23266
20
-17
93
-7
-88
322
-114
4124
-4321
76
-61
19
15205
-15221
-22
-9
293
459
-731
-7
-12
16
33
-40
86
-85
4
1317
-1317
287
-223
-25
-45
-8
17
1153
-1152
132
-148
96
-96
15
-15
95
263
-260
-92
-2
-5
28
548
-570
2
10
-16
-4
1585
9526
-11095
1
33
-47
58
3080
20974
-17751
-6357
12
-10
1928
-1920
4593
-4494
-99
-14
46
304
1549
-1892
82
72
-103
-57
309
1519
-942
5480
-6332
-10
12
76
-71
-21
-24
13
-9
16
251
-184
-70
36
34
-86
409
-357
6131
-6117
-65
105
142
-50
268
-459
2:-6
-2
-4
2
-1
1
0
-2
4
0
-2
0
-1
1
6
-6
0
6
-1
-5
2
-4
1
-1
1
-1
2:2
-1
-2
-1
2
6
-7
2
5
-3
-4
3
2
-4
-2
4
0
4
-7
1
0
7
-8
1
0
6
-8
3
-2
5
-5
3
-2
5
-7
2:0
3
-2
2
1
-2
0
-1
6
-7
7
-1
-4
-1
0
-1
2
6
-8
3
1
-3
4
-4
1
2:0
1
-2
2:2
-5
2
-1
0
1
4
-4
-2
0
1
8
-4
2
2:-3
0
-1
6
-2
-4
2
2:0
2
-3
8
-6
4
-6
6
-6
6
0
-6
1
4
1
-3
-1
1
-4
2
1
-1
7
-7
1
-2
7
-8
6
-5
-1
5
-2
2
-4
4
-4
1
-1
4
-4
-1
0
4
2
-5
0
-2
2
5
-1
-3
-2
4
-4
1
-1
2:3
-5
0
7
1
-5
-3
1
-2
6
-6
3
1
-1
-2
1
0
2
-2
4:0
1
2
-4
6
-4
-3
1
-1
2:0
8
-5
-1
2
-3
1
0
-2
0
8
-1
-7
2
5
-4
-2
0
3
-3
0
1
0
2
-4
5
-2
4
-7
8
-6
-1
3
-4
1
4
-3
-2
1
3
0
-2
0
2
0
-3
0
3
0
-4
8
-4
-3
-1
3
-2
7
-5
-2
3
2
1
-7
1
0
2
-2
8
-3
-6
0
5
-5
1
-1
4
5
-9
6
-3
3
-1
0
-1
2:-2
6
-6
8
-8
2
7
-3
-6
3
1
3
-1
2:-3
5
3
-4
-3
8
-8
5
-5
2
-2
2:2
2:0
-4
1
4
-5
2
-3
9
-2
-7
4
-3
7
-7
0
2
-3
7
-4
2:-1
2
-3
0
9
-6
2
1
-3
-2
4
-1
1
4
-7
6
-7
8
-9
2:0
2
2:-1
3
0
3
0
-6
5
0
-3
2
-1
-3
5
0
-1
4
-4
-3
5
3:-1
-2
-1
8
2:0
-7
6
-3
2:-2
0
5
0
1
-6
5
-1
-5
0
1
-1
4:0
1
-1
3:0
1
2:0
-1
1
-1
1
0
-1
5:0
1
0
-1
1
-1
1
-1
0
1
-1
10:0
1
-1
0
1
-1
0
1
-1
1
3:0
-1
1
0
-1
1
-1
0
1
0
-1
0
1
-1
0
1
-1
0
1
-1
1
-1
1
-1
0
1
-1
2:0
1
0
-1
10:0
2:1
-1
5
-5
2:3
-1
-5
2
96
-96
-2
0
1
15
2
-5
-13
1
-1
0
5
-5
2:0
4
-4
0
9
-5
-3
1
4
-5
-1
6
9
-15
18
-16
12
-11
0
-1
0
14
-16
10
-8
0
-2
0
6
-1
-5
0
1
3
0
-4
4
-4
1
31
-29
2:1
3
-8
9
-8
16
-16
-1
1
5
-6
2
-1
4
-1
-3
0
-1
4
-1
-3
37
2:-18
8
-8
-1
0
5
74
-78
-1
1
7
2:-3
55
-55
-2
1
5
3
0
-3
8
5
-17
25
-23
-4
7
1
6
-11
-1
7
6
-15
0
20
-19
-1
2
1
4
-6
1
43
-35
1399
-1409
0
80
-50
-28
2
0
-2
1
0
-3
1
0
30
-27
-1
15
-14
2
0
-4
25
-24
-2
69
-67
-1
3
-4
-1
20
6
-25
-1
6
-3
6
-1
-8
0
4
-3
548
-492
-52
5
-4
8
-10
-4
51
-46
31
-32
0
203
-194
-13
53
-51
7
-2
23
-30
41
-32
-9
15
-13
120
118
-236
2:-2
0
6
13
513
-523
-7
139
-139
3
0
24
-25
25
51
-76
677
-674
9
-9
-7
2:0
5
193
-198
0
3
-1
199
-201
12
-3
-9
6
1
-7
36
20
-44
17
135
-156
27
-35
0
4
-1
23
29
-54
6
-7
3
-1
5
17
7
-7
-13
39
83
-121
-11
1
10
26
-38
0
2
-2
5
88
-91
171
-173
8
-5
10
8
-19
-2
17
603
-620
0
4
2
12
-14
-1
-3
9
53
-59
2
-5
11
1
-8
-2
8
-4
11
-10
-7
30
-21
2
-2
-7
116
-113
4
-5
-4
2:1
6
2
-6
8
-12
7
-3
2
5
-10
0
4
-4
0
3
11
-15
2
9
-8
-3
193
575
-499
-266
5
-4
254
-255
41
-22
-11
-8
-3
58
114
-171
17
4
-10
-9
6
38
184
-39
-191
0
16
-4
-9
-4
1
9
-6
10
7
-20
-1
6
-3
-2
16
-3
56
-66
-2
21
-11
-12
9
-4
-3
-2
5:0
1
-1
6:0
2
-2
4:0
21
-21
10:0
1
-1
3:0
1
-1
2
-2
3:0
1
0
-1
6
-6
0
3
0
-3
2:0
1
-1
5:0
1
-1
2:0
1
-1
1
-1
0
1
-1
7:0
3
-3
3:0
1
0
-1
2
-2
7:0
1
-1
7:0
2
2:-1
2:0
1
-1
0
2
0
-2
0
2:1
-2
4
-4
1
-1
1
-1
1
-1
3:0
1
0
-1
1
0
-1
1
-1
4:0
1
0
-1
1
-1
2
-2
0
2
-2
0
1
-1
2:0
2:1
-2
2:0
2:1
-2
1
-1
4
-4
3:0
1
0
-1
0
3
-1
-2
1
-1
1
-1
6:0
3
2:-1
0
-1
5:0
1
-1
5:0
1
-1
6:0
1
-1
2:1
-2
1
3:0
-1
0
2
0
2:-1
6:0
1
0
-1
5:0
1
-1
0
1
-1
1
-1
4:0
2
-2
4:0
2
-2
0
2:1
2
-4
0
1
-1
2:0
1
-1
9:0
1
-1
2:0
1
-1
1
-1
0
4
-4
6:0
1
-1
4
-4
0
1
-1
1
-1
2
2:-1
0
6
0
-5
3:0
1
3
-5
2:0
4
-4
4:0
1
-1
1
0
-1
2
-2
4:0
5
-4
-1
1
-1
0
15
0
-13
-2
3:0
2
-2
9:0
1
2:0
-1
3:0
2
-2
0
3
0
-3
2:0
1
-1
4:0
1
-1
6
0
-5
-1
6:0
1
-1
12:0
1
-1
17:0
1
-1
14:0
1
-1
5:0
1
-1
2:0
1
-1
10:0
1
-1
1
-1
10:0
2
-2
13:0
end
