v1
538
743
104
246
136
205
649
609
5
51
7
15
28
179
561
85
612
666
66
159
55
175
4
455
271
177
227
271
94
167
11
495
67
244
95
421
321
225
501
262
33
0
384
38
386
104
166
204
303
275
297
134
494
442
339
69
57
31
1019
421
30
226
113
254
799
84
310
291
573
157
20
405
585
27
41
33
81
5
263
118
82
74
65
53
5
65
110
2
245
447
173
120
420
8
211
110
314
33
6
116
284
54
262
186
41
87
67
251
287
31
85
624
48
153
229
41
466
237
50
758
199
102
93
367
33
23
109
67
209
94
75
50
325
636
198
141
283
128
38
88
7
8
147
433
161
178
557
360
92
374
11
32
552
54
47
61
127
20
88
153
59
5
23
104
2
87
5
151
106
194
204
47
218
34
31498
22
9
43
161
33
97
154
19
36
40
120
36
8
22
999
81
72
68
111
71
166
0
5586
328
1553
3073
2067
8690
1405
721
2650
4766
14910
4449
2
8091
2812
1854
7626
2
5
3
1425
119928
3544
7716
25
9490
32418
3
22
163
226
5
9635
45828
74
157
9
27
57
6
174
40
10
2:1
11
771
25387
3878
13046
86
575
1668
1062
665
970
3
22
28
3
58
28
94
37
3
1
43
51
6
30302
10004
64
176
76
83
666
1
46
0
263
85
202
246
31
9
28
29
18
232
44
36
568
113
32
23
26740
1
162
102
14
18
10
62
13
-488275
221
273
31
147
217
234
1047
89
79
135
146
280
135
81
46
159
758
447
421
45
348
759
126
460
684
10
14
821
144
524
4
68
37
251
77
276
63
275
178
1782
861
203
311
339
627
69
72
413
157
205
185
235
240
169
307
369
565
312
286
633
99
24
1
30
7
8
28
13
1
46
2
17
5
125
131
19
116
71
132
38
198
205
15
541
191
545
140
274
0
533
317
201
139
0
280
29
314
27
254
17
290
68
0
200
649
43
42
13
490
1411
0
478
79
136
734
92
229
33
47
99
27
3
50
29
57
15
132
309
283
0
444
200
75
2
81
264
584
174
50
148
216
22
67
297
20
333
490
31
265
11
297
69
20
148
31398
329
9
1402
54
56
321
8335
13149
3654
17828
3913
3540
7999
2904
1825
4478
3154
17
1444
119910
3544
1736
33797
14168
274
72
4
34
72
35963
19377
47
122
208
189
10
0
6
5
17
726
43
6
157
4
15
3445
30790
2004
6992
44
2056
1290
568
18
53
71
77
17
50
40145
527
52
68
511
213
911
150
0
13
17
543
210
23
0
13
14843
2212
9724
163
169
1
1417691400
299:0
1
237:0
39
1304
-1275
-59
-3
1478
-1255
-178
1600
-1644
-3
146
-144
0
2
9
44
14
-43
-25
7
17
19
-36
-7
-3
11
239
-238
5
-15
14
-9
21
10
-25
763
-776
20
-13
0
-5
25
64
14
-101
28
-26
319
-312
94
-25
392
-472
-1
39
-29
-4
-6
-1
7
-2
10
-4
-6
246
-43
160
-215
-138
25
-38
-2
2
4
-6
4
33
-24
216
-195
-33
3209
-3189
1
39
-31
94
140
-248
-6
16
361
-387
123
80611
-80710
6115
-6097
-39
68
28
-96
112
-111
-3
1285
-1273
25
-37
98
27
-119
24
212
-243
4
2
20
47
24
-36
191
-250
84
-53
-29
-2
2808
-1368
-1441
-1
3
6
22
-31
579
-579
121
-100
27
14997
-14872
-169
19
956
-917
-8
682
-233
-485
-16
12133
-12131
1189
-1151
-24
272
-290
9
546
1970
-2525
59
-57
27
-25
-1
-2
4
122
-124
151
2392
-2542
89
-93
1
48
51
-98
116
-79
-38
55
810
-853
515
-508
-19
48
-48
106
-102
59
-5
-49
175
-128
-54
183
-185
3
306
1264
-1301
-188
-72
-10
7
-8
45
21
21005
-21064
48
-52
2
5
-8
210
1010
-1223
2
357
-360
5
751
-754
136
-135
22
-20
13
-12
1507
-1493
-19
9
815
-817
-6
-2
0
16
-10
-4
569
-548
-9
-13
24
-23
53
-55
124
-111
-3
-9
626
24004
-22702
-1929
9
336
-342
80
-59
5
0
-19
113
-20
-45
3
7
-54
-6
-8
28
386
-411
232
1980
-2177
-34
9
-6
3
-8
88
104
-194
1352
-1330
110
187
-316
418
-413
-11
1
0
-1
3:0
1
2:-1
4
-1
-2
-1
2
-1
3:0
2
2:-1
0
1
0
2
-2
2:-1
4
-3
0
2
2:-1
2
-1
1
-3
3:1
-3
3:0
2:2
-3
1
-2
1
-1
4
-3
0
-1
2
-2
1
-1
2
0
1
0
-3
2:0
3
0
-2
0
-1
3
-3
2:0
1
-1
1
-1
3
-3
3
-1
-2
4
-3
0
1
2:-1
3
-1
0
-2
1
-1
2
-1
1
-1
1
0
1
0
1
-3
0
-1
2
0
1
0
-1
-2
3
1
-3
1
0
-2
2:1
-2
4
2:-2
1
0
2
-1
2:0
-2
3
-3
2
-1
2
-3
1
2
-2
2:0
2
0
-3
1
0
-1
2:0
2
-2
3
-3
3
1
-2
2:0
-1
0
3
-3
2
-3
0
2:1
-1
0
2
-1
2:0
1
-3
1
-1
2:1
0
-1
2:0
-1
1
2
-1
0
-2
1
-1
0
4
-1
-3
1
0
2
0
-2
0
2
-2
-1
6:0
4
3:-1
1
-2
0
2:1
0
-2
1
-1
2
2:0
-2
2:2
0
-1
-2
0
1
2:0
1
-1
48
-45
-3
6
-3
-2
2
-3
2:0
4
-4
5
-5
2:0
1
-1
5:0
2
-2
0
1
-1
3:0
14
-14
0
4
0
-3
-1
3:0
2
0
1
-2
0
-1
9
-8
-1
2
-2
4:0
1
-1
1
-1
12
-11
-1
2:0
38
-36
0
-1
1
2:-1
2
3
7
-7
-3
-2
3
-2
-1
2
6
17
-23
0
2:-1
0
29
652
-681
53
-45
-8
3
0
-2
0
-1
0
3
-1
-2
0
7
12
-15
2
4
-10
2:0
4
-3
15
-12
2:-2
3
-2
-1
1
113
-56
-57
-1
0
1
2
-2
31
-32
9
-2
-6
189
-167
-23
1
17
-18
10
35
32
-71
-6
229
-226
12
-15
0
7
-7
11
37
158
-203
3
-5
2
-3
1
-1
0
2
-1
25
47
-72
9
-8
-2
4
2
-6
24
-24
1
12
45
-53
7
-12
0
3
-2
8
-8
11
0
-10
10
-2
-9
3
-4
0
13
29
-41
5
6
-9
0
-3
1
-1
116
-115
10
-11
0
2
-2
0
173
-171
-1
7
-8
0
39
-38
7
0
-6
0
-1
3
25
-18
-11
1
89
-82
-8
1
2:0
-1
2:2
2:0
-3
0
3
2:-2
2
2:-1
0
37
270
-258
-48
0
19
-18
4
2
-5
-3
3
11
8
-14
0
5
-9
2:-2
2
6
-7
60
35
-96
3
-2
0
1
-2
7
0
-7
15
-14
15
-9
-7
1
-1
10:0
1
-1
3:0
10
-10
20:0
1
-1
4:0
1
-1
16:0
1
-1
6:0
3
-3
1
-1
18:0
1
-1
12:0
1
-1
1
-1
8:0
1
-1
6:0
1
-1
1
3:0
-1
15:0
1
-1
1
-1
3:0
1
-1
9:0
1
-1
8:0
1
-1
6:0
1
-1
4:0
2
-2
5:0
4
-3
-1
9:0
2:1
-2
4:0
1
-1
1
-1
19:0
end
