v1
840
207
361
661
52
187
615
317
64
151
19
1
57
56
22
912
258
23
272
622
110
159
556
133
72
199
435
194
307
313
260
339
156
399
156
23
8
225
534
262
56
201
136
232
131
52
634
143
104
140
31
322
109
140
354
442
59
280
1041
135
366
336
88
969
73
11
300
369
16
780
30
51
294
109
503
29
83
43
19
25
11
14
51
14
130
4
118
82
74
153
35
357
447
518
195
31
298
304
10
33
6
116
284
54
262
186
41
259
175
258
129
611
46
2
382
41
423
1088
301
71
104
285
165
2
274
94
75
50
732
506
33
276
36
15
113
14
43
69
7
8
147
433
599
113
184
452
175
70
121
8
11
32
414
38
100
54
47
61
147
88
212
5
23
106
3
84
5
655
47
218
34
31493
5
22
9
204
33
97
85
88
76
120
36
8
22
1331
71
166
18
47
9
3301
2211
2
326
1553
5140
10816
2650
4766
4989
2834
7087
4449
2
8096
3703
958
2456
5154
16
2
8
1425
123471
1
7741
73
9417
32421
22
280
109
5
55378
50
35
231
36
63
174
39
1
10
2:1
11
3
754
42411
575
238
1430
1062
665
968
2
1
2
50
3
86
131
3
1
34
56
4
6
30302
10004
53
11
176
100
59
546
120
1
46
263
85
202
277
9
22
2
33
18
41
103
47
41
44
698
23
13
38
58
14747
2212
9723
1
162
1
101
14
18
72
0
13
-488275
0
142
64
81
86
73
79
143
81
0
76
14
124
216
48
181
163
96
0
84
86
263
201
111
46
80
455
0
41
44
83
77
14
15
27
26
0
6
324
428
0
133
286
303
0
89
306
231
358
106
0
30
4
66
0
128
96
10
83
46
7
80
19
62
124
39
122
474
285
5
6
132
37
94
8
57
181
128
142
0
112
24
85
255
50
0
14
53
5
37
324
0
7
5
41
34
303
0
32
48
38
99
11
31
147
18
139
45
166
79
18
0
150
0
43
52
413
7
141
27
111
0
24
110
54
74
111
442
0
239
180
160
122
10
47
36
241
127
41
47
0
63
242
0
76
24
85
2
59
91
155
182
445
202
3
28
93
451
193
15
110
164
6
440
0
114
55
0
337
24
213
361
67
19
0
56
0
121
4
138
79
94
4
11
84
17
6
57
56
23
5
49
2
99
35
11
5
121
71
19
73
31
5
0
14
0
14
50
31
0
4
15
53
19
38
17
127
246
48
0
205
45
52
0
47
116
99
0
94
48
134
0
109
11
0
143
23
77
20
120
117
49
350
0
69
74
148
34
57
35
191
0
48
147
0
6
28
3
108
58
61
69
19
5
97
0
170
46
410
224
85
0
104
17
52
18
579
0
152
5
8
34
0
1
7
21
166
9
541
0
457
185
93
112
28
0
8
186
6
135
42
40
0
75
280
197
163
149
4
0
162
155
0
154
9
19
9
2
26
233
50
1
139
0
57
6
46
108
16
57
0
19
209
81
140
18
125
57
206
0
357
101
81
97
105
362
55
229
116
152
31
0
4
2
6
110
21
169
164
65
41
50
6
37
54
38
0
331
86
0
35
351
102
0
47
0
106
57
1
0
112
83
98
183
31
31368
13
68
156
0
91
9
126
0
63
55
0
63
1095
0
118
0
102
68
143
82
62
0
7492
358
3442
3505
5451
4736
8442
2466
1620
3485
1822
2175
1741
872
1267
9476
2
4651
2481
0
474
4677
13
3
1
4987
0
493
19730
82822
13322
5280
6037
41870
7
178
10
0
4
40
93
53
19
0
27
9630
26416
0
19424
0
55
7
0
32
0
132
85
1
18
98
46
0
13
2
30
10
11
743
7
54
9
35
114
17458
1188
2294
13301
8996
1354
746
143
628
519
0
543
16
9
0
20
48
0
3
9
91
31
6
28
5
45
31872
0
8273
534
45
68
0
511
213
9
187
365
256
1
5
251
38
4
203
13
58
366
83
24
45
0
15037
2
1975
9972
62
4
1417755000
299:0
1
539:0
206
-186
85
-69
-10
2529
-2538
20
-22
14
345
-36
456
-775
1119
-1113
-7
-1
105
-19
-28
-50
-5
214
-6
-213
16
95
-100
35
-3
-42
65
-34
-23
1052
-725
-313
-8
-13
0
13
-15
104
133
7
-236
11
-11
63
-42
-26
91
316
-351
-50
1731
-1724
-6
-3
42
-6
-42
276
794
-92
-777
-133
-57
11
-16
94
-49
-36
-6
93
-73
-15
-14
543
-417
-89
74
-62
-5
77
294
-370
298
-264
219
-132
-143
-7
355
-148
-214
69898
-69899
9156
-8825
-304
30
166
-230
145
-131
-12
35
21
-11
206
93
-182
61
-222
45
41
-43
-35
-4
16684
-16484
-185
15573
-14544
-1019
-13
-9
-7
3
11
4
1325
-1335
-12
461
-456
6
14641
-14366
2075
-2021
323
-505
-141
244
-231
1544
178
-1700
-52
478
-430
10598
-10580
3383
-3405
551
-507
792
5995
-6695
-166
-11
214
-198
74
-94
641
-251
4959
-5294
24
-79
79
100
-177
210
-198
33
1512
-1449
463
-337
-226
551
-554
218
-221
85
-20
-65
501
-431
13
1105
3932
-5034
-76
-14
10
-8
223
729
-951
99
-99
37
-34
28372
-28354
-1
-17
82
268
-279
4588
-4629
1041
-1076
1459
-1024
-320
-113
31
57
-76
1069
-1050
-32
-2
22
692
-683
127
-65
-85
52
224
-283
88
-44
-39
71
-77
33
-23
-10
719
-704
4274
27369
-23979
-7677
3
7
2640
-2646
4218
-4224
108
-92
-6
185
-174
142
89
-208
150
-102
-66
158
13775
-13959
119
1211
-369
-929
93
-125
18
14
-19
-3
-4
114
-29
41
-119
268
-209
8187
-8255
20
981
-643
-272
357
-432
-30
0
2
1
3
-6
12
-9
0
-2
0
4
7
-12
4
2
-3
2
-4
0
9
-2
-4
-3
2
4
3
-9
0
-1
12
1
-12
2
8
2:-5
0
5
-6
7
1
2:-1
-6
0
2
-1
3
6
-2
-1
-6
6
-6
0
5
-5
13
-11
0
1
-1
-3
6
-2
0
-4
2:1
0
4
-6
13
-10
3
-4
-2
1
4:0
-1
7
-4
-1
9
-3
2:1
-9
0
12
-7
-1
-4
2:0
10
-8
11
-13
12
-6
-4
2
-3
7
-8
5
-5
3:0
3
2:0
10
-10
-1
1
0
3
-4
0
1
-4
2:0
5
9
-9
5
-8
8
-8
-2
1
4
-5
0
10
-9
0
2:6
-13
0
13
-12
1
3
-5
4
10
-5
2:-3
2
-2
4
-6
2
5
-1
-4
-1
0
10
2:-5
0
11
-11
0
-2
0
1
2
-2
2
-3
2
11
0
-8
5
-3
-4
4
-7
3
-1
2:3
5
-10
0
-2
8
1
-7
-1
2
1
-1
-3
11
-11
0
2
3
2
-8
5
-3
2
-2
-1
0
-1
5
-5
0
5
-4
7
-2
-3
-2
6:0
6
4
-9
7
-7
0
-2
0
2
4
-6
4
3
-6
4
9
-13
-1
0
1
5
2:-2
7
-9
6
7
-9
-3
0
13
-13
8
-7
1
-1
9
-9
3
0
-5
0
6
-6
2
-1
0
2
11
-5
-8
6
-5
0
1
2:-1
1
-2
0
2:2
-2
5
-4
-1
0
-1
1
-2
4
2:-2
0
8
-7
0
2:4
-8
1
12
-9
3
6
-11
-2
0
8
-2
-6
0
2
5
-2
-3
2:4
-7
0
1
-2
-1
1
2
7
-2
-5
0
8
-12
3
2:-2
1
0
1
4
1
-1
-5
3
-1
-3
2
7
-8
12
-4
-5
0
7
-9
0
5
-3
-4
0
1
0
-1
0
1
0
-1
6
2:-3
6
4
-9
6
-5
0
7
-9
2
0
1
0
-1
1
-3
0
3
-1
4
-3
-2
13
-13
0
5
-4
-2
2:2
-1
2:1
-4
0
11
-7
6
-11
5
3
-4
4
-6
1
2:2
-6
11
-6
-5
2:0
5
-6
2
4
2
-3
-4
6
-7
0
2
8
-5
1
-5
2:0
1
-1
0
-1
0
11
2:-2
-6
2:0
2
10
-3
0
-6
-2
6
-6
2
10
-14
1
3
-3
8
-9
4
6
-5
-1
-3
1
3
-2
-3
4
5
-1
-5
6
-9
0
5
-4
0
8
-6
10
-2
-8
-1
0
5
-6
0
4
3
-7
8
-2
-5
-1
2
-2
1
12
-4
-8
-2
6
0
-1
2
-4
4
-7
10
-9
0
10
-3
-4
-3
9
-6
1
0
3
-1
3
83
-88
0
1
0
2
11
4
-11
-7
2:0
3
-2
6
-6
-1
3
-2
7
-6
-1
10
-10
6
-7
1
2
-2
-1
5
6
-7
0
-4
4
-3
0
-1
0
2:1
2:-1
9
-8
3
-4
6
-2
-4
10
-5
2:-2
-1
3
-3
22
-8
-14
5
-1
-4
1
3
88
-90
2:0
23
-17
-5
-2
-1
6
0
-4
2:3
17
7
-25
1
2
0
9
-16
-1
-2
42
-33
1295
-1303
72
-39
-26
-5
3
-2
-4
3
-3
11
-6
6
-11
103
-94
4
-9
11
9
-20
-4
5
4
-5
2
250
-205
-45
-5
2
0
-1
2:1
36
-40
1
25
-24
-1
198
-160
-37
2
32
-15
-17
2
0
78
131
-211
0
-2
11
344
-334
79
-98
14
45
28
370
-445
-16
7
-1
-5
6
-3
82
-85
163
-154
-3
-4
0
26
-26
33
-31
14
90
-103
25
-12
-15
59
-59
1
-5
4
8
-10
15
-1
-3
16
98
-120
-2
-5
3
4
12
-17
-2
4
-4
4
-1
197
-189
-5
2
7
-15
13
500
-513
17
-15
7
43
-49
0
4
2
-7
16
2
-18
4
-3
106
-105
6
-6
2
5
-6
-4
5
-2
-1
11
-12
-1
4
-3
11
-12
173
1128
-1085
-217
3
2
238
-240
26
-29
25
-14
-8
5
-8
31
66
-87
9
-11
-3
8
18
-31
1
144
-37
-105
22
-21
-2
2
3
-6
6
5
-12
3
0
7
1
55
-65
2
26
-14
2:-1
-10
-3
3:0
1
-1
1
-1
10:0
1
3:0
-1
2:0
2:1
-2
3:0
25
-25
5:0
1
-1
9:0
1
-1
5:0
1
-1
2
-2
6:0
3
-3
3:0
1
-1
5:0
1
-1
10:0
2
-2
7:0
1
-1
2:0
2
-2
2
-2
0
1
-1
8:0
2
-2
4:0
1
-1
1
-1
5:0
2
-2
11:0
1
-1
0
2
-2
0
1
-1
0
1
-1
0
2:1
-2
3:0
1
0
-1
2:0
1
-1
13:0
5
-4
1
2:-1
1
0
-1
3
-3
0
2
-2
8:0
3
0
-3
1
-1
2:0
1
-1
2:0
3
-1
-2
8:0
1
2:0
-1
9:0
1
-1
7:0
2
-1
2
0
-3
5:0
1
0
-1
0
4
-3
-1
0
1
-1
3
-3
5:0
3
-3
20:0
1
2:0
1
-2
9:0
1
0
-1
2
-2
2:0
1
-1
7
-6
-1
0
1
3
-4
2:0
2
0
-2
0
4
-4
0
2
-2
3:0
1
2
-3
2:0
1
-1
5:0
1
-1
6:0
1
-1
1
0
1
0
-2
2:0
2
1
-3
8:0
1
-1
1
-1
2:0
1
-1
0
2
-2
8:0
1
-1
1
-1
0
1
-1
2:0
2
-2
0
1
-1
0
1
-1
3:0
3
-3
2:0
5
-5
1
0
-1
3
-3
0
1
-1
4:0
2:1
-2
1
-1
0
1
0
-1
4
-3
0
1
0
-2
6:0
7
0
-7
3:0
6
-1
-5
1
0
-1
0
1
3
-2
3
-5
3:0
1
-1
0
1
-1
5:0
2
1
-3
2
2:0
2:-1
4:0
4
-4
2:0
2
2:0
-2
2:0
1
0
-1
1
-1
7:0
2:1
-2
3:0
4
-4
0
1
-1
4:0
end
