v1
776
207
346
190
486
52
187
130
230
136
119
146
444
2:19
37
22
28
533
81
39
381
379
24
666
66
159
234
132
139
455
51
384
194
41
266
178
395
339
156
384
15
156
256
242
0
39
220
33
176
343
79
57
5
312
157
382
336
104
158
13
148
283
90
846
272
67
69
57
587
328
135
104
117
106
124
339
288
21
93
235
216
87
113
394
275
16
480
93
405
169
8
59
222
304
27
29
28
55
25
18
12
7
19
23
8
48
150
1
118
73
4
5
74
59
35
29
65
3
54
38
144
118
85
362
173
55
65
94
0
131
414
110
304
10
33
6
116
146
0
138
175
141
85
101
41
259
146
102
185
129
53
422
136
48
153
229
41
135
288
1088
209
92
93
176
191
56
109
2
24
344
75
50
460
501
48
229
33
29
170
113
128
19
38
69
15
147
433
447
162
83
20
82
9
75
18
8
404
40
34
141
70
121
8
11
32
112
178
2:73
16
100
54
47
61
40
107
88
212
5
20
3
69
124
5
0
257
398
265
34
123
31370
5
22
9
237
53
44
24
149
76
120
36
8
22
1050
37
65
68
111
71
166
18
47
3310
2211
328
381
1172
5140
10816
2650
4766
4989
793
7485
1643
4449
2
8020
70
2:1
3707
943
2955
4670
16
2
6
1427
3523
116404
0
3545
1735
6006
73
9417
32418
3
22
26
181
93
16
37
19
17
2:5
11
54631
731
9
41
35
47
27
157
7
29
57
6
12
146
16
37
3
10
2:1
11
2
769
18
164
20934
3093
1178
9030
7980
575
1668
1062
1101
156
376
5
6
47
58
28
49
45
9
28
3
1
90
10
30302
9800
204
64
176
69
7
24
59
666
1
309
43
42
135
67
277
9
2
22
14
4
15
18
41
103
78
15
5
34
661
37
19
17
38
17017
9722
2:1
105
57
116
2
16
10
30
32
13
4
58
-488486
39
130
222
14
261
446
160
14
60
551
6
96
15
9
100
14
153
72
124
1
823
12
212
329
400
686
159
27
123
398
18
365
384
166
118
101
45
99
1
99
257
71
162
140
82
93
671
0
18
59
129
181
187
37
0
410
0
72
122
190
0
483
254
248
0
471
375
38
239
0
81
212
24
88
35
216
25
113
67
210
0
505
95
60
245
33
64
170
130
243
55
202
448
2
202
178
27
24
64
264
216
83
440
50
16
267
145
229
26
46
88
524
103
22
175
16
30
61
6
19
61
30
33
47
5
14
6
124
17
114
53
0
134
5
0
60
14
34
5
98
44
0
14
318
89
198
65
345
162
117
36
26
35
86
0
271
545
81
183
512
6
197
290
177
379
17
14
133
143
38
116
649
199
1
194
50
409
548
173
12
195
187
120
108
0
6
0
65
44
186
89
5
0
357
125
458
61
11
325
142
48
8
32
138
76
69
6
20
177
18
158
125
63
33
970
0
348
7
503
37
23
22
334
185
83
331
7
31
186
5
103
369
176
0
16
93
39
63
38
8
52
15
153
14
1
31134
315
101
0
48
43
154
61
230
62
0
32
43
945
24
0
56
88
333
0
120
45
5851
1878
3442
5611
3345
1
15643
0
6930
2169
1744
2146
1384
8085
2
2821
1845
19
1514
933
5143
8
1
5003
6
11905
104457
3074
469
49619
8
2:23
35
130
74
43
11129
44384
12
292
30
15
10
0
12
16
163
13
44
0
752
156
18709
13161
0
11227
165
38
1149
951
854
985
19
21
91
27
0
28
41
3
75
31872
8779
111
754
292
107
134
25
86
0
187
53
88
89
5
0
12
38
0
203
576
40
13
0
14775
150
2049
9886
26
41
81
16
25
71
0
14
1418325600
399:0
1
375:0
39
-31
18
-2
-15
36
35
2148
-2219
5058
-5055
-3
140
-129
1554
-1404
71
1712
-1568
-376
60
-62
57
-56
150
-54
-83
1
-13
191
-187
-3
4
11
62
-79
40
-39
4
233
-182
-48
448
-451
2
-5
188
-150
-30
15
49
480
-546
-3
-6
12
19
1864
-1826
522
-508
-22
-38
328
-343
504
-479
45
-74
90
556
-563
-75
-5
-6
4
333
-329
19
-19
286
-111
24
50
-213
9
-52
557
-548
150
66
-225
2
-1
-2
18
20
73
-61
27
-61
51
-28
-13
-17
-10
57
49
-90
41
-49
646
-614
776
-662
-39
650
-723
-30
12
17
5
-29
145
-112
-6
-18
-22
3
-1
-4
425
-420
111975
-111955
6841
-6636
-197
-3
-31
19
336
-318
-31
170
-162
30
-43
40
-39
2
7
65
317
-358
20
588
-570
-34
139
-176
327
-326
-1
23
-21
733
-717
-19
9944
-871
-9060
-10
6
72
-31
-40
310
-162
-132
1207
-1232
10
528
-310
88422
-88246
-363
-20
-23
30
128
-157
5
840
-845
14
53
-57
25
253
-273
5954
-5298
-454
-215
6
-9
65
-43
98
85493
-85574
6221
-6253
15
102
20
1253
-1397
4636
-4628
1
193
37
-238
0
1
871
-846
222
22982
-23200
216
-245
-2
210
-210
191
154
-129
789
-981
749
-774
28
408
-435
235
-165
627
-684
94
-65
8
314
-312
150
111
681
4236
-1015
-4215
59
-5
279
-316
34
-49
5
-8
3
-1
9
658
-649
-1
55071
-55042
-33
2
-9
2
507
-499
294
-236
14576
-14651
22
869
-888
27
-30
1
3
-2
92
545
-626
-5
15
-19
74
-71
909
-914
20
57
-54
296
-291
158
-188
11
28
2:-10
198
2092
-2273
449
-482
8
47
-58
1
907
-905
5
16
68
62
-138
-13
289
-233
-57
2
648
-651
3
-4
14
-15
455
41813
-37814
-4450
419
-408
-11
152
-135
55
-65
-9
22
-23
249
-35
-162
-47
212
-209
-1
83
2393
-2483
1
-1
1
1242
16766
-18006
141
-47
-88
231
-210
-27
1
93
-79
338
-315
-32
959
-873
-94
280
155
-326
0
-98
8
242
-263
26
83
-114
-2
5
-3
4
-6
2:0
3
-2
1
2
-4
5
-4
0
-1
2:3
-3
-2
2
1
2
-6
1
4
2
-5
3
-3
4
-1
0
-4
-1
0
3
-3
1
6
2:-1
0
-5
1
2:0
1
2:2
0
-5
3
-2
0
2
0
-3
-1
2:1
5
-7
2
0
-2
5
1
-5
2:1
-1
1
-2
1
2
-2
0
3
-5
0
5
-5
0
6
-5
1
2:0
1
2
-2
-1
0
3
2:-2
3
-4
1
2:0
-1
6
-4
1
0
-1
2:0
-1
2
-2
2:0
-1
2:3
-3
-2
0
3
2:0
-1
0
2
-4
1
2:-1
0
5
-4
2
-3
2:1
4
-4
2
0
-3
6
-4
0
3:-1
0
1
3
2:-2
0
5
-5
2:0
2
-2
5
-5
0
4
-3
4
-4
-1
0
2
0
1
0
1
2
-6
0
2
2:1
-2
0
2:1
-4
0
1
2
-3
2
-2
2:0
1
0
-1
6
-1
-4
0
4
-1
2
-1
-2
-3
6
-3
2
2:0
-3
-2
2
-2
0
6
-5
3
-3
0
3
-4
2
-1
2:2
-4
-1
0
3
-3
0
5
-4
1
0
-2
1
4
-4
2
1
-3
4
-4
-1
0
3
-2
5
-1
-3
2:1
-2
4
-4
-2
0
3
-2
2:2
-1
2:-2
2
-2
4
-3
-1
3
1
-4
2:1
3
-5
4
1
-4
3:0
3
-3
5
-6
6
-6
3
0
-3
3
-2
5
0
-5
-1
1
5
-4
-2
1
-1
4
-4
1
-1
2
-2
5
1
-5
3
0
-4
1
-1
2:0
5
-4
1
-2
5
2:-2
-1
0
4
2:0
-3
4
2
-1
-6
1
6
-7
1
2
-1
-2
4:0
2:1
-2
0
1
3
-1
-3
4
-2
2
0
-3
-1
0
5
-3
0
-1
4
-3
-1
1
-2
1
0
2
1
-1
3
-4
-1
3
92
-95
0
10
-10
21
-12
2:-4
-1
1
-1
0
9
-9
8
-7
2
-3
0
4
-4
4
-4
3
11
-14
4
-3
0
-1
1
0
24
-25
4:0
3
2:-1
1
-2
5
-3
-2
2
0
-2
7
-5
2:2
4
-10
20
-18
1
-3
6
-4
-2
3:0
1
2:0
2:1
-2
-1
5
24
-25
-1
-3
2:0
1
138
-139
1
2
-2
5
-5
23
-23
1
-2
1
5
-4
1
-3
1
12
-2
-11
1
33
-27
-2
-3
0
10
-9
0
2:-1
7
-6
18
-14
-6
3
-2
0
-1
0
78
-73
1549
-1554
113
-89
-24
0
3
2
0
-2
2:0
6
0
-7
6
-3
-5
0
12
27
-30
-9
26
-26
2
12
-14
34
-32
-1
8
-6
1
0
-4
380
-246
-131
-3
5
-4
2
-1
6
-8
3
39
-38
0
12
-14
420
-385
-24
-10
1
2
-5
0
-1
26
-26
1
18
-19
7
-4
-1
134
-3
-122
-11
2
1
-3
2
16
639
-646
82
-93
0
14
59
18
-90
481
-482
6
2:0
-5
0
2
95
-98
0
168
-162
14
-20
6
15
-21
43
-37
30
100
-132
37
-41
0
10
-9
9
-2
24
-29
1
-1
10
13
-26
35
-19
22
74
-106
-6
1
-1
7
11
18
-36
1
3
-4
1
7
-7
-1
1
294
-295
3
2
-2
0
18
-19
-2
10
524
-534
1
10
-10
4
-5
2:1
-1
3
69
-73
2:1
2:-1
2
1
-2
14
-10
0
-1
9
-1
-5
-6
19
-11
1
-4
81
-82
4
-8
0
-1
2
-1
2
-2
3
4
-6
10
-7
-5
0
6
2:-3
5
-5
2:0
6
-4
121
1178
-1167
-131
95
-97
-1
15
-8
5
-12
1
2:0
35
46
-73
-8
11
-11
4
0
28
-32
-1
2:0
141
264
-403
14
-4
-6
-4
17
-18
2:3
2
19
-23
-2
15
-10
-8
23
1
-10
-9
-5
2
6
-6
0
2
-4
0
1
0
-1
8:0
2
-2
6:0
26
-26
3:0
1
-1
0
1
-1
13:0
1
-1
1
2:0
-1
6:0
2
2:-1
3:0
2
-2
11:0
1
-1
14:0
1
-1
1
-1
3:0
1
-1
1
-1
2:0
2
-2
2:0
1
-1
7:0
1
-1
5:0
7
-6
-1
9:0
1
-1
3:0
2
0
-2
1
-1
6:0
1
0
-1
10:0
2
-2
6:0
2
-2
0
3
-3
12:0
1
-1
3:0
1
-1
5:0
4
-4
4:0
1
-1
5
-3
4
-6
4:0
1
-1
4:0
1
-1
2:0
1
-1
5:0
2
-2
0
1
-1
0
1
-1
1
-1
8:0
1
-1
7:0
1
-1
1
2:0
-1
10:0
1
2:0
1
2
-4
2:0
2
0
2:-1
4:0
2
-2
1
-1
1
-1
1
-1
6:0
3
-3
2
-2
5:0
1
0
3
-4
5:0
1
-1
2
-2
0
2
-2
5:0
2
-2
1
-1
1
-1
2
2:-1
6:0
2
-2
9:0
1
-1
0
1
-1
7:0
end
