v1
542
207
45
65
426
237
113
136
191
48
8
4
66
52
38
274
54
119
88
293
228
56
22
28
118
319
25
40
112
46
159
6
199
94
241
78
92
74
48
223
210
20
65
89
53
17
132
80
20
2
726
101
223
111
235
62
204
160
25
128
206
54
94
1
400
105
294
21
158
8
18
40
59
74
34
501
33
262
1
193
0
63
201
74
93
85
98
104
101
65
43
119
45
190
110
184
71
20
431
113
381
319
123
126
193
20
69
57
31
145
228
110
359
42
374
88
94
369
213
41
116
320
24
64
30
45
200
394
275
16
93
62
57
164
81
116
44
2
131
111
49
245
46
358
0
181
27
14
15
51
32
43
4
8
2:7
12
31
21
25
5
19
112
13
4
60
58
21
61
74
59
35
11
14
4
35
30
3
54
85
186
29
74
129
236
8
173
120
0
385
66
55
60
73
110
304
10
39
116
146
138
54
30
31
201
85
101
100
31
39
127
3
146
5
282
129
27
248
6
31
10
125
42
122
33
15
83
70
229
41
309
199
20
225
500
258
301
76
17
176
191
161
4
2
24
48
109
186
1
75
18
675
480
115
33
29
18
154
31
80
128
19
38
58
11
7
8
147
40
117
160
6
110
125
209
113
245
20
184
8
41
363
3
37
192
0
116
58
8
11
32
112
19
159
37
36
51
38
100
54
47
50
11
89
110
36
153
59
5
20
3
193
3
2
9
24
0
214
3
304
2
13
1
132
63
21
134
34
91
32
31370
5
22
9
139
69
29
53
44
24
61
88
76
8
112
36
8
22
12
920
54
81
85
179
71
104
4
27
31
18
25
22
287
3023
1893
318
2
326
1553
3073
691
1376
2464
1772
3344
3236
1889
761
1553
3213
4992
393
9525
1797
1267
1385
2
4
8087
48
2764
14
882
943
15
1533
920
13
5158
4
8
1425
3523
116404
3544
1
1735
6006
32
41
9417
32421
18
2:2
167
40
93
72
17
2:5
55423
35
47
27
54
6
25
72
7
0
2
27
20
8
29
6
12
159
3
27
10
2
1
8
2
2:1
11
728
70
84
56
9
16286
2357
2297
3093
1178
3879
5151
7980
575
1668
873
189
1633
5
22
9
22
43
137
9
28
3
1
40
0
50
4
5
1
30302
9786
103
115
64
176
189
3
513
120
1
46
0
41
222
85
202
24
17
94
142
9
21
1
6
14
15
18
144
78
15
39
488
116
44
50
19
17
15
23
14802
153
72
1990
9723
1
149
13
102
14
18
10
7
55
13
62
5
23
7
1418905800
541:0
43
-42
48
-44
-3
66
-64
-1
0
154
-152
-5
84
-83
-1
4
4938
-3511
-1055
73
-359
-83
158
-154
-1
-10
1
61
-58
30
-29
6
0
-5
26
-27
0
-4
1
-1
33
41
-71
2595
-2511
-69
-14
-4
24
-1
-21
0
5
1
-4
29
-29
-5
17
-17
4
-3
7
-3
-1
1
142
-147
25
-19
135
-139
-1
217
-217
22
-5
-15
-1
0
8
-4
-6
11
-11
98
-86
-12
0
1
3
-4
0
5
-5
0
371
-354
-17
4
9
155
7
-87
53
-127
-3
9
-13
-7
0
13
-1
0
-10
30
-6
-23
53
-56
11
-10
4
-3
1
-1
79
-40
30
-70
7
-7
9
-3
346
-353
2
-1
234
-232
41
-40
-2
0
31
-29
7
8
-10
151
33
-191
2:0
6
19
-24
2
-2
6
-9
3
-1
92
-94
19
-14
294
-261
-33
-4
2
-1
27
-25
112
-100
71
-61
-26
87
-86
2
4
247
-180
-58
0
-14
-1
0
1
4
120
-97
104481
-97326
-7110
-60
7
23
-44
4
11
380
-390
2:0
9
-13
11
-7
-2
62
-61
8
-5
13
-17
1
-3
0
50
1437
-1328
-143
-12
47
529
-578
4
-5
0
19
10
435
-464
114
-107
566
-549
-12
-8
8
-14
0
1
3657
76
-3733
1
0
17
-7
-12
0
8
-4
7
1734
-1732
-9
-4
523
-502
31
34404
-34456
1
0
4
167
-172
4
19
-10
-9
97
-100
52
-49
0
29
-31
0
3
4
745
-431
-302
11
-30
0
-2
8
6
-2
45
12056
-12109
-1
2054
-2054
-3
666
-660
15
981
-993
2636
-2599
-46
28
-27
1
0
-2
0
5
-5
2
34
-33
-2
1
2
415
-417
29
-23
3480
-3410
127
-205
2:5
-9
171
-171
-1
156
-152
2
56
938
-996
616
-619
9
-6
-3
24
25
-37
-11
7
-8
90
-28
-63
40
-39
10
-8
132
-60
119
-67
-126
7
1160
-1163
10
-15
242
-241
7134
-7135
34
-33
7
105
-103
-10
13
22
-35
2
-2
3
32
3
-35
28
-26
4
-9
2
36439
-36438
8
-7
1
-3
35
-35
250
-252
4
4511
-4291
-222
1
386
-383
-4
1
3
115
578
-676
55
-11
-64
10
-10
-3
1
5
10
0
-9
201
-207
-1
7
462
-463
-4
24
31
-51
0
7
-12
10
222
-222
32
-37
-5
-1
30
-28
360
-362
11
19
-27
-2
52
-45
10
3
-17
16
23
-42
23
-24
33
-31
20
-3
143
10633
-8304
-2489
0
3
2:-2
128
-122
48
-52
40
-7
-27
-8
-1
0
57
63
-118
0
-2
100
-76
-9
-12
4
-4
28
516
-547
14
-8
19
357
1705
-2043
238
-282
24
-24
0
33
-27
67
-67
3
30
71
-100
-7
6
57
-32
-31
403
-323
11
-78
28
-41
11
-11
246
-241
-5
13
2
-1
6:0
2:1
-2
0
1
-1
0
2
42
-43
2
-1
4
1
-4
-3
4:0
6
-6
4:0
6
-6
5:0
5
-5
2
2:-1
3:0
3
-2
-1
4
-4
0
7
-7
9:0
1
-1
1
-1
3:0
13
-13
1
7
-8
2:0
1
-1
0
1
-1
2:0
1
-1
4:0
1
-1
0
2
1
-3
2:0
10
-10
0
9
-7
-2
2:0
1
-1
0
1
-1
0
1
2
-3
8:0
17
-9
-7
-1
8:0
1
-1
30
-30
3:0
1
-1
2
-2
9
-4
-5
3:0
4
-3
-1
3
-2
-1
2:0
12
-12
4
-4
20
-15
-4
-1
2:0
1
0
11
-12
2
-2
0
5
-5
0
1
26
-21
-5
2:0
-1
3:0
32
-30
846
-803
-34
-11
2:2
-4
0
1
2
-1
0
-2
2:0
3
-2
-1
4
-4
1
-1
4
-4
3:0
5
-5
31
-31
3
1
9
-13
0
1
-1
0
4
24
-28
3
-3
7
-7
5
-3
2:-1
2:0
148
-65
-83
2:0
2
1
-3
0
1
2:0
53
-50
-4
0
13
-2
-11
252
-252
3:0
19
-19
0
3
-1
-2
11
-11
3:0
11
-11
2:0
1
48
26
-71
-4
3:0
2
2:-1
8
337
-345
0
51
-51
0
19
-18
11
34
-46
266
-264
-2
3
-3
7:0
16
-16
3:0
50
-50
1
-1
83
-80
6
-9
3:0
8
-8
0
30
-28
0
16
63
-80
25
-26
2:1
-2
3
6
-6
-2
-1
0
16
-9
-7
2
-2
2:0
5
-5
11
7
-18
0
21
-20
-1
0
13
-12
56
-57
2
-2
0
3
-2
-1
5
7
-12
2
-2
2:0
2
-1
2:0
-1
1
-1
157
-156
0
-1
2:0
10
-10
1
-1
1
214
-210
-5
1
8
-8
1
-2
3
-2
44
-45
1
10
-11
6
-6
2:0
2
-1
0
1
0
-2
0
1
9
2:-5
4
-3
2
-2
3
-4
0
35
-34
0
9
-10
2:0
1
13
-13
2:1
-3
2:0
2
-2
6
-4
1
7
-10
3
-1
0
-2
7
-3
18
252
-232
-42
4:0
25
-25
2:0
6
3:-2
2:0
15
19
-34
2:0
4
-1
3
-6
2:0
4
10
-14
0
1
3
55
76
-123
-10
0
5
-7
0
1
0
1
2
-4
4
1
-4
-1
2
5
-5
-2
9
-8
9
-10
4:0
20
-18
-2
1
end
