v1
639
207
536
222
155
30
0
36
2
41
369
366
119
51
281
277
19
37
7
15
28
458
34
47
75
39
7
431
219
103
24
140
7
285
5
295
159
60
97
209
143
18
715
118
35
53
141
41
266
178
7
335
53
95
244
55
101
54
366
135
0
7
24
58
167
212
137
152
33
20
242
257
136
139
178
98
104
673
104
163
8
319
112
117
24
13
340
388
54
272
67
69
57
31
441
443
135
104
554
132
281
121
235
44
33
108
31
200
271
123
39
236
9
7
480
93
332
242
8
404
166
71
12
39
32
55
7
2:25
46
2
3
14
117
13
3
1
118
9
64
9
12
62
40
19
5
59
35
30
3
35
57
17
14
47
142
42
85
91
27
0
236
1
7
78
95
120
225
160
35
329
304
10
39
24
376
54
121
35
106
186
41
0
259
146
272
15
129
281
330
48
66
87
229
41
423
43
42
0
8
187
50
758
253
48
71
22
83
93
136
55
20
36
106
3
2
4
19
43
171
37
93
1
75
425
100
245
289
229
33
29
63
84
56
80
128
19
107
7
155
40
283
110
599
10
83
20
184
60
348
4
3
37
175
199
11
32
74
12
110
189
51
116
40
14
100
8
35
54
38
20
88
153
59
5
20
3
193
5
14
0
137
0
96
323
40
45
3
44
209
9
34
77
14
1
31134
264
8
22
9
43
194
97
37
48
88
76
120
36
2:4
22
932
111
7
102
68
0
111
71
166
18
47
9
272
604
2425
2211
328
1553
2725
2415
10801
15
2650
4766
4992
790
6127
1358
1643
925
3524
2
8090
1
2826
882
943
15
19
2434
13
5144
7
11
5
1
2
4948
116404
3544
1
1735
6006
73
9417
28772
3649
20
2
33
120
14
40
47
0
14
0
13
19
53
19
17
5
55428
35
47
27
157
7
2
27
57
6
12
1
161
27
10
2
1
11
1
11
2
726
29
14
121
15751
5244
0
4271
12281
4729
575
118
120
165
0
1265
828
45
189
1633
2
2:1
7
5
11
27
0
4
58
28
31
0
32
31
9
28
3
1
40
54
6
30302
10004
64
176
48
52
59
666
1
46
8
249
6
85
202
139
138
9
42
15
18
41
103
78
54
176
210
102
116
57
37
19
17
0
15
23
14889
118
2010
9722
2:1
0
149
13
116
18
10
27
35
41
14
20
-487154
277
878
655
1896
449
47
804
495
249
600
159
16
748
838
32
963
1023
380
116
524
354
782
61
77
359
872
465
320
863
1007
376
212
26
101
230
155
11
16
11
7
16
7
550
77
76
16
674
300
272
153
207
211
587
39
183
138
374
6
221
568
594
235
687
2345
94
357
407
427
1047
736
241
153
973
251
51
236
104
666
224
194
242
72
113
33
166
31610
59
27
106
1503
478
20498
15290
14376
8085
16
13733
131225
38230
3697
137
11246
44363
370
216
855
3609
15195
15595
11239
1147
537
31
165
2
99
39007
1449
215
21
120
49
675
292
352
153
22
4
284
9
203
520
152
12
16919
9912
41
116
1418226600
499:0
1
138:0
39
-27
-9
1
-1
0
7
-8
18
22
-40
2635
-2631
1
206
-194
-10
4
7
231
-235
-14
4
47
-50
-1
5
-4
3
13
-13
2829
-2831
-2
109
-26
-84
1
13
-14
2:1
-2
2:1
19
-15
2499
-2502
7
-8
34
-34
79
-81
2
11
-2
-4
0
-3
43
-2
448
-492
2
3
45
154
-181
-4
-8
1
-5
282
-285
203
-119
-83
476
-415
147
-214
310
-307
141
-132
156
-159
356
-356
106
-92
2
42
-52
-11
-2
50
-26
-10
-12
-3
16
-16
223
-221
0
116
-114
10
-7
-2
8
414
-216
-205
340
-346
0
53
-53
3
35
-38
11
15
-26
3
2:-1
47
-47
38
-39
116
-60
-56
40
297
-334
53
-42
18
-29
77
-80
282
-273
-4
16
-9
57
-55
-13
42
-39
5
-8
0
2
4
218
-223
60
254
-315
22
-17
179
-174
83653
-79278
-4373
-9
30
-20
13
6
-26
99
0
-95
14
-20
15
-20
8
221
-94
-132
2
17
798
-819
0
5
-1
-5
4
-2
57
-29
67
-97
17
-17
17
-15
193
-191
-2
2:0
7
-5
-4
15
-12
11
-15
8530
-4474
-4055
8
2:-4
27
8
533
-568
2
-1
23
988
-988
477
-494
60942
-60939
-10
173
-169
2
-4
1
223
-226
0
2:1
122
-110
2627
-2001
-632
-8
3
-3
4
70
-16
-57
25669
-25670
2695
-2683
-11
-1
13
145
-152
19
760
-782
2022
-2020
59
-63
3:0
1
0
-2
7
-5
12
-15
10
399
-408
162
-159
-3
0
3961
-3933
240
-267
217
100
-318
3
141
-127
236
604
-808
-47
991
-991
2
-2
39
-40
0
62
1196
-438
-748
-24
-48
-1
0
172
-147
325
0
-349
171
-171
317
600
-871
-45
66
-67
141
119
-261
14
23
-24
-9
54
-50
-8
208
-175
-15
2:-8
0
61021
-61007
-10
1
6
-13
3
252
-255
236
-189
10861
-10908
84
-81
100
-96
-7
7
13
-14
-1
-4
0
-1
2
62
-59
28
1186
-1208
64
-67
7
16
-17
-13
137
-119
150
-160
11
23
69
-100
-9
-1
1543
-1476
-64
64
-68
1
25
-27
0
5
1
16
-22
14
-3
-11
5
-2
3
55
-55
-3
47
-50
34
-33
-1
3
8
12
-22
0
131
-123
60
-64
1
-6
19
-15
326
34830
-32277
-2883
3
180
-173
273
-258
15
-41
66
-32
89
6
-111
11
-18
239
-187
26
-59
-8
680
-559
158
8828
-9107
9
27
-23
-33
1
7
-8
2
5
142
-144
-1
2
142
-143
104
-103
0
296
-298
1
-3
1871
-1732
-64
-63
-8
54
-61
0
12
-13
0
-1
1
2:0
-1
3:0
1
4:0
-1
3:0
1
0
-1
2:0
1
0
-1
1
-1
1
2:0
-1
1
-1
1
-1
1
-1
3:0
1
0
-1
1
-1
4:0
1
0
-1
2:0
1
-1
1
-1
1
-1
1
-1
1
-1
1
-1
0
1
8:0
-1
1
-1
0
1
-1
1
-1
2:0
1
0
-1
4:0
1
-1
1
-1
2:0
1
-1
1
-1
1
-1
1
0
-1
1
-1
1
2:0
-1
2:0
1
2:0
-1
1
-1
4:0
1
3:0
-1
6:0
1
2
-2
3:0
1
-1
2:0
1
64
-65
0
9
-9
2:0
6
-4
-2
0
1
-1
0
14
-14
2:0
3
-2
2
-2
-1
8
-8
11:0
14
-14
4:0
2
-2
1
-1
2
1
0
-3
0
1
20
-21
2:0
3
-3
10
-10
2:0
1
-1
2
2:-1
0
7
-7
2
-2
2:0
2
-2
9
-9
15
-14
2:0
-1
5
-4
-1
0
3
0
-3
4:0
2
-2
0
13
-13
1
-1
5:0
50
-50
0
3
-3
0
8
-7
-1
0
1
4
-5
0
2
-2
2:0
9
-8
0
-1
23
-23
5
-5
5
-5
4
-4
11
-9
-2
1
3
-4
2:0
5
-5
3
-2
2:0
-1
33
-32
7
-2
-5
0
-1
42
-39
1172
-1094
-81
2
4
-1
-4
2
1
-4
0
7
-5
-2
8
-6
1
6
16
-25
4
-3
16
-14
-3
1
2:0
-1
2
8
-10
14
-14
5
-5
1
-1
10
-10
2:0
3
-1
-2
2:0
1
2
-2
245
-132
-114
2:0
1
2
4
-4
-3
2:1
2
35
-37
16
-15
340
-340
-2
32
-33
0
2:1
17
-19
2:0
2
13
-12
77
29
-106
-3
4:0
8
-8
494
-494
54
-53
-1
2:0
6
-4
11
41
-51
341
-342
2:-1
8:0
1
-1
5
70
-75
0
2
-2
0
110
-108
6
-7
1
17
-19
0
31
-28
23
88
-114
2
34
-36
2:0
3
-3
0
8
-5
20
-22
3
-4
3:0
2:8
9
-25
13
-13
15
54
-67
0
2:-1
0
13
-13
9
11
-19
3:0
-1
3
-2
0
2
-3
0
309
-309
3
-1
0
-2
2
8
-10
0
4
435
-438
2
-3
3
-1
-2
1
4
-5
5:0
4
-3
3
46
-48
10
-12
6
2:-1
-2
-1
7
9
-15
-1
13
-13
3
-4
2
75
-70
-4
-1
3
-4
-1
2:0
1
0
1
-2
4
-1
-3
3:0
10
-10
1
11
-11
0
-1
2:0
2
1
-3
0
5
-4
2
-3
2:0
3
-2
42
445
-412
-76
0
50
-48
2
5
-1
-8
2
-2
25
21
-45
-1
0
16
-3
-8
-4
0
18
-16
104
149
-254
12
-4
7
-17
0
2
-2
0
8
2
-3
-1
-5
12
-12
-1
2:1
12
-14
1
-1
14
7
-19
0
-2
1
-1
0
5
-5
63:0
1
-1
13:0
1
-1
0
1
-1
4:0
2
-2
1
-1
7:0
1
-1
8:0
1
-1
2:0
2
-2
1
-1
5:0
1
-1
7:0
1
-1
2:0
2
-2
2:0
end
