v1
706
5
202
311
66
645
52
187
52
563
314
210
85
56
2:11
28
614
46
374
115
288
732
159
234
132
323
271
518
418
439
134
339
156
152
247
156
256
381
153
20
242
336
57
415
314
463
104
171
431
141
353
442
339
126
376
539
135
166
624
254
460
109
230
394
275
16
93
480
288
294
397
244
83
47
40
167
57
118
73
9
12
54
8
40
19
64
65
3
54
55
240
5
440
7
173
55
65
749
314
39
116
146
138
54
121
35
106
85
101
300
433
156
584
46
2
153
229
41
423
105
184
799
301
460
56
177
208
94
75
50
700
98
96
344
62
241
42
128
19
10
28
69
15
147
433
447
265
82
102
452
175
10
181
8
11
32
102
312
38
100
54
108
147
88
153
59
5
23
193
5
451
119
132
252
31498
22
9
43
161
86
44
173
76
30
90
36
8
22
17
1135
68
111
71
166
65
5521
328
1553
5140
10816
2650
4766
14910
4449
2
11799
943
15
1533
6095
5
1
2
1425
3523
119949
7716
25
73
9417
32421
22
33
174
2:73
36
5
7255
48173
35
74
157
36
57
6
12
162
37
14
1
11
6
941
16286
7747
5056
13132
1060
1183
1062
1101
532
2
9
47
58
28
94
37
3
1
90
10
40088
218
64
1001
1
46
144
119
85
202
277
9
28
14
15
18
144
78
10
5
39
717
17
38
15007
2010
9723
1
162
116
2
16
10
7
55
80
-488618
0
166
46
19
287
204
0
222
159
272
24
52
400
32
60
170
6
22
196
258
19
38
82
259
317
107
13
3
16
446
445
14
7
0
29
261
10
12
403
26
160
289
59
0
478
241
19
152
194
41
225
0
119
66
16
275
31
342
43
116
431
50
40
142
0
24
179
193
239
115
221
458
148
178
157
45
466
376
98
455
119
147
90
0
22
247
86
130
25
180
68
214
10
518
43
0
383
257
117
200
30
207
37
376
0
28
61
32
235
91
143
175
266
12
160
220
246
0
164
119
54
97
48
56
228
169
54
235
123
171
10
68
96
18
19
8
11
31
46
19
133
104
43
49
198
107
3
16
140
0
42
203
2
116
236
86
7
302
131
160
35
333
0
94
43
51
9
61
40
2
43
226
264
138
374
6
197
149
12
129
164
13
98
275
6
17
323
0
5
380
48
337
394
50
967
163
198
0
136
60
19
141
2
818
135
0
63
209
229
310
30
27
0
175
70
100
171
195
48
235
719
2
0
81
97
34
334
147
7
86
143
0
189
0
110
6
210
73
34
256
59
21
0
16
92
345
107
16
120
106
3
106
244
0
149
5
110
0
38
4
0
71
42
111
0
14
1
31134
267
0
6
143
124
55
79
48
124
0
48
58
69
63
974
56
0
465
0
30
49
932
2425
15490
1322
5125
10519
9102
1741
2139
1391
8056
22
7
2
48
0
2778
4292
1
13
474
4677
9
16906
104456
1
53080
5
433
16
56
38
10999
0
44364
131
0
90
101
47
10
28
163
22
23
12
1
8
2
15
1
725
43
21116
4271
0
9030
8555
403
2992
973
22
9
21
50
9
59
18
22
32
26
0
46
30362
9885
192
236
120
49
385
77
213
217
427
0
175
0
65
0
177
0
9
42
4
216
213
27
0
167
11
57
37
51
14828
2199
9735
151
0
96
19
10
25
33
1
3
107
1418403000
299:0
1
405:0
13
87
-86
278
-277
-2
3
0
1472
-1474
0
714
196
-894
107
129
-242
-13
58
-54
32
71
-27
166
-232
1166
-1101
-76
10
-10
6
37
-45
78
-62
190
1619
-1791
-10
207
-203
46
-58
34
5
-51
39
-6
142
57
-191
123
396
-361
-128
24
-36
-24
-25
-13
1
49
-34
251
-216
-20
-31
481
-427
86
-114
-27
25
2170
-2187
20
65
-87
50
422
516
-578
-387
-17
6
-13
322
-229
-99
26
35
3
-58
215
-201
-1
13
252
99528
-92667
-6918
-172
-48
61
-35
-21
45
-47
-2
2
3
-8
92
-53
255
-287
125
318
-100
-354
13
115
-9
145
-259
26
-24
5199
769
-5971
25
-14
-1
30
-30
-11
15
1286
-1298
96
-101
1271
-1227
62408
-62218
-211
-12
16
289
-245
-71
134
-124
3754
-3229
-521
7
-9
0
296
31820
-29304
-2809
71
-84
28
578
1114
-1717
46
-21
-22
-9
969
3884
-4814
93
-126
3
31
151
-58
305
-424
254
757
-1024
1318
-784
-487
-34
82
-92
78
-74
548
1
-277
455
-289
2181
-2358
-95
-174
57
-46
403
40
-449
55736
-55728
-13
0
20
-3
358
-298
178
-185
8572
-5244
-3192
-205
4
7
-10
168
506
-669
-5
63
-33
-22
74
-73
272
-282
42
-41
1790
-1718
-5
1039
-1104
1
3156
-3131
-24
5
52
19
-69
-11
38
-15
66
-92
34
-30
321
35333
-33083
-2102
50
-473
22
-64
58
219
-284
8
272
-254
-19
33
1725
-1756
263
704
4159
-5091
467
-354
-122
-19
83
-89
451
-370
-87
578
-512
1137
-1061
-138
-3
22
-19
55
-33
-41
0
-1
8
-6
4
-4
0
1
4
-4
1
-4
0
1
-1
4
-3
-1
6
-5
3
-4
0
1
7
-6
1
-3
7
-4
-2
7
-7
0
-1
7
-4
0
-3
3
-3
1
2:0
2
-3
0
4
-4
5
-4
2:0
-1
2
2:0
1
-3
5
-2
0
2
-4
2:0
6
-6
1
6
1
-8
4
3
-2
-6
5
-1
2
-2
2:0
-2
0
1
-2
0
8
-5
-4
1
7
-1
-7
1
0
1
2
7
-9
0
-1
2:2
0
1
-6
3
-3
1
0
5
-4
-1
1
-2
1
0
1
2
0
-4
4
2:-1
-2
1
0
3
6
-7
2
1
-2
1
2:-2
3
1
-5
3
-2
-1
2:0
4
0
7
-10
0
2:3
-6
0
1
3
-4
0
4
3
0
-7
0
4
-5
9
-7
2:2
1
-3
-1
-3
3:0
1
10
-10
3
2:-1
0
1
2:0
-2
0
5
-6
1
2
6
0
-2
-6
2:0
4
-5
1
8
0
-9
1
0
9
-10
10
0
-10
5
0
-3
8
-10
1
5
-4
0
4
-4
0
8
2:-5
2:0
1
0
1
0
-1
0
1
2
-1
0
-2
3
-3
1
0
7
1
-1
0
-6
-2
0
-1
7
-6
0
2
7
-9
0
-1
1
2:0
2:2
0
-2
1
-1
-2
0
3
-4
7
-5
1
-1
0
-2
3
2
-5
2
-2
5
0
-3
0
-2
6
-3
-1
-2
1
3
1
-5
0
6
-3
-1
8
3:-3
0
3
-4
5
-1
6
-8
6
-8
2
-2
4
-3
2
0
6
-1
-7
2:0
4
0
-4
9
-2
-6
2
-4
0
7
-1
3
-6
2
-3
4
-4
0
-2
1
0
8
-7
2
-2
8
-7
-3
0
1
10
-8
-2
2
1
-3
2:0
8
-2
-5
1
2
-4
-1
2
-2
2
2:0
-1
5:0
8
-6
4
-1
-6
1
0
-1
1
3
-1
-2
3
0
2
-1
0
-5
3
0
1
2
5
-6
5
2:1
-1
2:1
0
1
-2
72
-72
-1
11
-3
-8
14
-10
-4
14
-14
0
6
1
-4
0
-2
-1
2
-2
8
-8
2
0
2:-1
0
3
40
-42
3
-4
5
-5
2:0
1
-1
0
2:3
-6
4
14
2
-14
-5
3
-4
0
2
-2
1
-1
2
22
-21
0
-2
-1
2
61
-61
-1
10
-11
2:0
24
-3
-21
25
-25
0
6
-6
4
-2
12
-11
2
-4
-1
4
-3
34
-32
-3
2
55
1384
-1366
-49
-25
0
6
-1
-5
3
-2
2
5
-7
-2
9
-8
38
-30
0
9
-17
1
-2
10
17
-20
-5
-1
0
347
-223
-124
-1
1
-1
6
-6
0
5
41
-41
-5
4
15
-15
380
-357
-17
-8
-2
26
-14
-9
-3
0
110
-8
-98
-4
3
-3
10
529
-464
-73
6
-6
19
43
381
-441
-1
1
-2
1
110
13
-120
9
-15
0
5
13
25
-42
-1
21
117
-135
28
-31
4
-3
10
-6
24
-27
12
1
24
-27
4
73
-81
-4
1
28
-29
-3
14
-13
246
-248
2
3
1
3
5
-13
-1
10
432
-428
2:-6
2
-2
0
5
49
-55
2
7
9
-15
-3
8
7
-5
6
-14
74
-71
2:-3
2:1
2
-4
4
-3
11
-7
-2
2:-1
0
2
-3
2
1
76
379
-351
-105
58
-59
8
-2
20
32
-56
-3
5
0
-3
0
20
-20
7
126
229
-348
-6
-10
7
2:1
-2
14
-21
0
14
-7
13
-4
-16
3
-3
3
1
-1
-3
9:0
2:1
-2
10:0
1
-1
4:0
1
-1
5:0
1
-1
32:0
1
-1
2:0
5
-4
-1
11:0
1
-1
9:0
1
-1
3:0
2
0
2:-1
17:0
1
-1
0
1
4:0
-1
5
-5
0
3:1
-3
7:0
5
-5
0
1
2:0
-1
0
1
-1
6:0
1
-1
4:0
2
-2
6:0
3
-3
4:0
1
2
-3
2:0
4
-4
2:0
2
-1
0
-1
5:0
3
-1
-2
4:0
1
0
-1
4:0
1
-1
5
-5
2
2:-1
0
5
-4
-1
10:0
1
-1
0
2
-2
4:0
3
0
-3
4:0
1
0
-1
6:0
1
-1
3:0
1
-1
4:0
1
-1
0
1
-1
11:0
1
-1
4
-4
1
-1
3:0
2
2:-1
0
1
3
-4
5:0
2
-2
8:0
1
0
-1
5:0
2:2
-4
1
-1
3:0
3
-3
1
-1
0
11
-11
3:0
2
2:-1
2
3
-5
2
-2
1
-1
7:0
2
-1
0
-1
24:0
2
-2
9:0
1
-1
0
1
end
