v1
737
207
26
64
175
112
159
16
334
31
105
3
49
0
84
55
56
18
470
88
31
194
120
67
14
28
128
58
17
2
37
22
28
118
496
39
7
394
99
71
111
26
76
0
5
135
7
300
285
89
304
46
229
93
124
234
191
92
152
212
141
148
27
407
139
278
61
108
33
15
124
256
19
21
135
31
35
190
162
80
292
96
87
0
79
46
10
138
63
79
57
139
22
9
0
62
85
157
45
328
42
272
181
58
40
27
431
90
192
154
25
33
442
0
59
67
180
18
15
69
57
22
0
9
345
28
51
342
0
118
29
106
327
94
202
42
125
145
68
41
27
2:171
14
53
132
46
8
117
60
189
146
59
275
16
157
364
28
0
24
177
111
44
170
0
80
24
21
14
50
10
160
2
116
7
175
6
27
24
5
45
2
4
32
25
18
3
9
5
2
16
20
60
2
3
14
117
7
6
4
118
9
64
9
74
45
14
64
30
35
3
54
55
73
172
74
99
3
40
210
14
7
78
95
54
66
225
195
219
5
105
98
206
10
33
1
5
116
104
113
67
54
121
35
106
85
74
27
41
87
3
169
56
90
5
267
15
208
233
299
10
5
18
14
1
83
70
217
12
41
423
38
55
19
168
7
801
301
71
22
367
33
23
109
2
0
24
42
115
187
75
18
32
460
272
0
198
31
56
221
33
29
69
21
27
80
0
50
36
53
75
19
38
56
13
7
8
147
40
18
265
57
39
14
1
333
113
63
99
3
80
20
82
102
412
0
3
37
175
18
52
63
58
8
11
32
43
49
271
22
51
16
100
54
47
53
8
35
112
88
153
59
5
20
3
93
11
89
3
2
151
106
194
103
130
18
0
63
98
0
25
32
34
91
32
0
31370
5
22
9
43
39
69
53
86
44
37
48
88
76
30
90
36
8
22
932
111
109
68
111
71
166
15
3
47
281
3029
2211
328
1553
5140
9385
1431
2650
4766
4989
3
790
6127
3001
1797
1267
0
1385
2
8089
2:1
2826
882
943
15
1533
933
5151
9
2
5
1
2
1425
3523
116404
3544
1
1735
5981
25
73
4
9413
32395
16
7
3
22
26
0
137
44
73
20
53
36
5
16
7239
48173
35
74
157
7
17
12
3
15
0
2
37
6
67
107
27
10
3:1
10
2:1
11
2
755
14
57
119
6
16280
2360
2294
3093
10208
3251
4729
575
686
982
873
133
10
46
1101
532
5
2:11
31
94
51
0
35
9
28
3
1
11
79
4
5
1
30302
9786
218
64
176
69
41
715
1
46
29
21
94
119
70
15
202
25
250
2
9
28
14
15
18
41
39
64
47
31
15
9
30
186
475
37
0
19
17
38
85
0
14942
4
1986
9722
2:1
162
1
115
2
16
10
7
55
13
4
58
0
5
-487817
637
351
100
89
1536
285
495
116
391
125
689
116
326
903
684
52
46
256
11
105
89
649
488
108
650
386
314
463
668
54
185
1375
339
178
351
173
175
758
469
393
87
1278
739
348
684
53
1897
180
469
30
137
2819
20
31
20
1367
818
384
18
1118
62
6
161
68
1344
384
247
163
359
163
19
46
583
24
36
34
1154
308
168
31522
273
6
285
1187
240
277
9821
17
686
9647
3221
18917
4349
19734
4158
1
5505
127126
38295
3838
114
91
9657
45744
246
78
308
29
718
62
3608
14009
7751
21984
19
2
45
5
4
57
154
22
31850
9431
213
533
283
3
798
250
14976
104
1975
10004
65
77
1418546400
599:0
1
136:0
23
-18
8
-8
2:4
21
13
-43
38
-26
-13
2:0
25
-12
-6
-8
5
2265
-2270
9
-6
6
5
-5
1537
-1543
-2
4342
-4333
18
-28
38
-34
2:-1
0
1
12
-8
22
0
-26
45
2110
-2106
81
-132
778
-776
2
3
-5
2
-3
1
0
1
-4
100
-97
0
309
-311
16
-17
9
665
-674
1
4
1
19
-18
-4
611
-614
2
12
0
-13
0
10
-11
33
-27
20
-26
29
-22
86
-89
0
53
-57
0
41
-15
-12
-11
225
-228
20
86
-73
-28
163
-163
9
-10
110
1
10
-102
-16
-7
185
-178
8
-14
0
32
-1
-32
6
-5
0
21
-22
6
20
-25
2:2
25
-18
12
-18
-5
-1
1
-1
1
-1
0
40
91
349
-464
6
345
-193
89
-263
1
3
0
405
-341
-53
-3
-11
1
93
-60
-35
5
33
6
-26
87
-62
-36
1
-2
-6
2
204
-175
-29
-1
149
-140
-6
-4
3
-3
2
-1
12
-13
10
-1
4
-13
1
-1
67
-16
-49
-2
269
-179
-84
28
-19
-11
82
-86
6
2
1
268
-277
2:0
18
-16
8
195
-200
13
-13
13
7
-16
0
3
293
-303
18
71109
-70999
-129
8431
-8292
-137
-1
0
20
-6
167
47
-226
1
13
235
-250
-1
36
-38
22
-14
-5
24
-27
6
73
-79
8
1328
-872
-195
-10
-255
-3
184
46
-169
-59
-1
3
-5
7
56
31
-90
332
-263
-69
7
3
-10
0
27
-29
31
5402
-3883
-1551
31
-32
1
0
14
-13
57
54
-100
25
-39
92
-82
2
0
-8
6
-8
2979
-2976
3
5
558
-353
267
38877
-39355
-6
13
11
-21
111
-114
0
92
-93
1
1317
-1296
97
-118
802
-791
0
-11
89
-47
-42
40
-38
13
1490
-952
-498
-42
-9
61
-65
1
193
-104
23545
-23622
-12
1488
-1485
50
22
-76
40
540
-578
2124
-2126
2
8
-4
183
-152
-21
7
-21
22
-10
-3
2:-5
0
1
13
869
-881
-2
0
-1
13406
-13354
34
-74
-11
-1
2:0
95
-95
12
8759
-8760
-11
74
685
-726
354
-374
-2
2:1
42
4
95
-145
22
0
-25
-3
112
555
-482
219
-406
516
5464
-5436
-541
-4
7
-4
119
-122
1
0
5
35
-41
14
-11
-3
70
-70
398
-386
-10
0
66
36960
-37022
-5
4
-1
7
-9
-2
43
-37
81
94
9
-181
6902
-6807
-96
-8
67
6299
-6365
0
1
11
9
-15
15
162
436
-620
3
0
78
-68
70
-77
5
130
-140
0
1
30
-2
98
-127
18
14
-26
-4
2
9
-11
452
-400
25
-76
-1
0
-3
2:1
21
-11
12
17
-25
-16
42
-35
-5
42
-43
-1
13
59
50
-96
-11
4
7
0
-26
1
0
32
-33
4994
6178
-8741
-2422
20
-17
-6
1168
-1174
337
-272
-2
-50
-11
-1
150
111
-253
-7
0
20
329
-349
70
-70
11
58
-57
1160
-1173
169
210
1142
-1500
-22
34
-4
-22
1
24
-17
3
1
-14
-3
5
28
217
-252
0
99
-99
24
16
232
-249
1113
-1101
83
-117
11
4
-15
111
-66
-41
14
22
81
-124
2:0
-1
1
5:0
-1
2:0
1
2:0
-1
2:0
1
0
-1
3:0
1
3:0
-1
1
-1
0
1
0
-1
3:0
1
-1
0
1
-1
0
1
4:0
-1
1
-1
1
-1
1
-1
0
1
2:0
-1
1
0
-1
1
0
-1
1
2:0
-1
2:0
1
-1
1
-1
2:0
1
0
-1
1
-1
1
-1
0
1
2:0
-1
1
2:0
-1
1
0
-1
1
3:0
-1
1
-1
0
1
0
-1
1
-1
1
-1
0
1
0
-1
0
1
-1
1
0
-1
2:0
1
-1
0
1
0
-1
1
-1
1
0
-1
2
-1
7:0
3
-2
-1
0
2:1
-2
0
1
-1
60
-60
1
-1
1
-1
0
8
-8
0
7
-4
-3
3:0
16
-16
2:0
1
-1
6
0
-6
0
2
-1
5
-6
4
-4
6:0
2
-1
0
15
-16
0
4
-4
3:0
2
-2
4:0
1
-1
18
-18
0
2
-2
2:0
4
-4
2:0
4
-4
3
-3
3:0
1
-1
3:0
1
-1
2:0
1
7
-5
-2
1
-2
0
3
10
0
-9
-3
-1
0
14
-13
0
-1
0
3
3:-1
1
0
-1
0
2
-2
1
-1
0
1
-1
6:0
1
-1
3:0
5
-5
0
21
-17
-4
6:0
2
-2
2:0
54
-54
0
1
-1
2:0
2
-1
0
-1
3
-2
-1
4
-3
-1
0
22
-21
2
-3
2:0
2
-2
0
6
-5
0
1
2:-1
0
11
3
-14
0
19
-10
-9
4
-3
1
7
-8
-1
1
-1
12
-12
0
1
-1
2:0
28
-27
1
-1
1
-2
3
-1
-2
45
-45
7
1148
-1153
-2
83
-65
-18
2:0
4
-2
-1
2
-2
0
3
2:-2
0
5
-5
3
-3
0
6
-6
1
17
-18
1
-1
0
45
-45
4
-4
12
-2
-6
-4
4:0
16
-1
-13
4
1
-6
3
-3
2
0
-1
-2
5
245
-185
-65
1
-1
3:0
1
-1
7
-2
-1
-4
2:0
1
4:0
85
-86
2:0
21
-12
-5
238
-241
-1
2
2:-1
20
-20
0
6
-6
2:0
2
1
-3
26
-26
0
1
19
-15
-5
4
-3
2
82
27
-103
-7
-2
1
0
-1
3
11
342
-353
-3
74
-74
1
18
-18
19
26
-44
393
-395
2
1
-2
7
-8
2:1
-2
2
4
-1
-5
3:0
4
80
-84
2
0
-2
123
-113
-3
-6
0
-1
1
0
14
-15
1
37
-34
-4
21
77
-97
18
-19
0
4
-1
2
-2
32
-34
5
-1
-5
2
14
0
-2
4
-18
28
42
-68
-2
3:0
5
-5
2:0
8
14
-21
-1
4
-4
5
-5
10
-8
-2
0
1
157
-158
1
2
-3
5
-3
-2
11
-10
-1
0
17
-16
514
-512
-3
0
5
8
-13
2:0
9
-9
0
1
2
32
-35
1
0
10
-2
-3
-2
-4
4
-3
2
0
-2
0
19
-20
14
-10
-1
-3
0
5
-4
32
-28
-3
-1
2:0
-1
0
2
0
-2
3
0
2
-5
8
-7
-1
9
-8
-1
0
2:5
3:-3
2
-1
-2
2:0
3
-2
114
303
-290
-127
2
-1
-2
107
-107
1
9
3
-10
-3
0
27
69
-92
-4
1
-1
13
-13
13
-12
-1
0
4
18
-21
5
85
34
-125
0
14
-13
0
2
-2
1
-2
0
3
0
-2
2
11
-14
0
2
-2
4
-2
6
-5
20
-21
12
-14
2
-2
0
7
3:-2
1
-2
14:0
1
-1
14:0
1
-1
23:0
3
-3
15:0
1
-1
5:0
1
-1
12:0
2
-2
14:0
5
-5
2:0
2:1
-2
10:0
2
-2
9:0
end
