v1
545
207
26
0
84
267
159
325
18
7
31
105
31
208
12
526
77
188
126
295
56
7
15
28
73
45
415
28
0
53
39
7
245
532
58
195
226
253
130
161
102
455
160
111
135
494
22
24
8
253
136
82
217
66
72
95
400
140
125
119
36
0
135
31
88
137
281
105
0
61
87
7
169
0
86
72
185
21
144
110
93
85
98
440
34
43
236
24
275
431
16
74
50
61
442
293
125
1
282
10
47
31
306
67
0
469
42
135
366
257
167
164
90
337
123
139
189
4
7
84
153
22
41
171
198
0
589
157
20
40
71
294
59
196
118
268
45
38
43
4
15
19
77
19
128
6
118
82
74
40
0
19
35
22
3
4
65
3
123
79
34
118
87
89
205
66
78
95
99
2
0
2
17
216
9
0
160
35
329
28
276
0
10
39
116
284
54
61
201
85
101
127
112
56
5
146
21
266
129
281
17
99
92
122
10
38
382
0
41
38
423
199
88
5
758
301
93
7
360
20
36
109
2
181
56
0
37
72
22
75
50
6
969
184
79
33
29
0
1
17
33
121
25
33
53
15
0
113
19
107
15
147
40
48
345
599
93
20
82
100
2
8
52
195
105
31
24
37
175
17
0
182
11
32
147
216
22
29
32
106
54
108
147
88
217
20
3
104
89
5
151
106
170
228
47
63
38
15
102
34
123
31375
22
9
204
32
0
54
14
30
85
88
76
1
155
8
22
986
144
22
5
0
63
111
71
0
166
0
5
10
0
3
47
5521
328
1553
5140
5256
2324
1
3235
2650
4766
5782
5704
3424
4449
2
4
8088
2825
882
943
15
1533
933
1997
27
3119
9
8
2
5
1
3521
1429
0
530
119418
1
1735
6006
73
9417
32421
18
4
42
125
0
40
43
30
92
0
17
2:5
54642
731
50
35
47
27
157
7
17
12
18
0
39
6
12
53
106
3
39
0
1
10
2:1
11
0
2
726
29
2:7
6
12
21098
16552
4729
575
2541
189
665
436
532
4
1
22
9
22
56
2
0
28
34
21
39
6
3
0
28
3
1
11
29
3
41
10
5
1
30302
0
10004
64
176
189
121
390
125
1
46
263
85
92
110
24
253
9
24
33
18
14
27
205
30
173
463
25
37
19
17
38
17004
13
9723
1
162
102
14
18
1
9
7
55
13
42
-487583
1447
78
1826
49
263
1834
1302
164
2570
1386
532
93
1328
529
348
730
2362
875
729
574
458
465
1329
512
1580
579
1401
371
819
2354
1921
239367
38287
3952
11128
44554
1300
25319
21959
43
310
41474
1074
376
1418032800
499:0
1
44:0
128
-125
-2
28
-15
-5
-6
13
19
6
45
-81
5
-7
1
1855
-1858
1
925
-729
-195
6
175
-177
5
-5
-2
1
13
-18
0
3
28
-31
25
-14
109
-118
36
-16
2:-11
13
-6
53
-23
30
-67
52
92
-138
-6
1
19
21
-32
-9
128
-126
2:-1
3
20
-23
480
-479
2:0
7
30
-36
2
0
9
-13
6
-5
29
-30
3
-3
14
-7
35
-42
9
91
-67
-27
-6
1
11
-12
2
120
-116
-3
33
-36
6
10
-14
-1
0
-1
18
2384
-2362
-39
16
-17
5
-2
4
-2
144
-146
11
-8
-6
11
74
-62
-8
-1
351
-197
-165
14
-4
31
7
-38
11
48
-72
28
14
1874
-1914
16
-17
1
46
-9
-26
205
-188
-29
0
14
-14
-1
0
7
22
-26
99
2
-104
130
-130
2
55
172
-225
14
-11
7
0
-13
9
-10
4
0
-4
0
114
-112
2
0
74966
-69591
-5319
-55
13
-13
146
258
-394
-15
2
-1
11
1793
-1759
0
-39
-5
76
-78
0
56
-44
139
-147
1
167
-172
2
-2
0
6
15
48
-10
-53
232
-230
13
-13
17
-13
-11
0
19
-18
2699
-627
-2063
5
-15
1
2:19
-36
0
-4
0
5
1
2:-3
11
-10
0
893
-893
756
-725
23196
-23228
0
258
2030
-2246
147
-170
-19
510
-508
1
0
-1
-2
0
127
-119
-4
-1
1285
-760
-495
-27
-4
0
-2
1
23
11089
-9329
-1751
13
501
-539
2452
-2457
6
16
-24
9
-10
3
113
-114
5
-7
6
296
-299
2864
-2829
31
-65
2
-2
-3
-1
378
-378
98
-86
-12
286
-278
370
-378
19
-1
-17
0
-1
118
-114
0
55
10
-67
-1
2:0
20
71
452
-412
39
-167
-1
0
440
1005
-1436
3
-7
215
-218
41
-46
2
-2
103
-83
259
-178
-100
1
13
-15
2
16
32101
-32107
-12
0
6
11
-17
32
51
-83
113
-80
1904
-1910
-25
465
-466
2:0
17
-17
10
-9
-1
1
627
-627
4
1
0
61
-67
7
3
-9
0
10
-11
0
10
385
-388
-8
242
-222
-18
-1
12
-13
385
-364
140
-143
-15
-3
0
16
-14
-2
2
4
-6
14
563
-577
18
-8
-6
30
-34
1
7
-8
2
6
-6
-1
14
-13
-1
13
-13
5
-3
432
22351
-19395
-3391
0
22
-21
13
-13
286
-270
-4
117
-124
11
-17
0
1
76
59
-128
114
-62
-60
10
-7
21
1048
-1065
292
322
-610
30
-31
1
-11
0
7
-3
24
-25
29
-31
4
246
-142
1252
-1359
204
461
-666
7
-6
32
-26
-5
-4
44:0
1
2:0
1
0
-1
4:0
2
-2
3:0
34
-34
0
9
1
-10
2
0
-2
6:0
10
-10
7
-7
0
1
8
-9
0
1
-1
3:0
1
-1
2:0
4
-4
3:0
2
-2
7:0
2
-2
21
-21
3:0
1
-1
2:0
3
-3
1
-1
2:0
1
-1
2:0
2
-2
0
1
2
-2
2:0
-1
2:0
8
-8
0
2
-2
1
-1
4:0
4
2:-2
0
3
-3
4:0
8
-8
5:0
2:1
0
-2
4:0
32
-32
2:0
3
-3
7
-6
0
-1
0
1
-1
0
9
-4
6
-8
-3
0
1
-1
3:0
2
-2
3:0
6
-6
2:0
17
-17
3
-3
3:0
1
-1
4:0
24
-24
2:0
723
-675
-41
-4
-2
-1
2
1
-1
-2
2:0
3
0
-3
0
1
-1
3:0
10
-10
20
-19
0
8
-9
4:0
3
6
-7
-2
6
-6
4
-4
3
-2
-1
0
1
-1
107
-52
-55
3:0
2
0
-2
4:0
1
-1
0
3
-3
0
31
-30
10
-10
196
-196
-1
18
-18
4
-1
-3
0
15
-15
1
-1
3:0
12
-11
-1
0
45
37
-79
-3
1
-1
2:0
8
214
-169
-51
5
43
-48
219
-221
2:1
-2
1
-1
2
-2
3:0
1
36
-37
79
-75
0
-4
1
0
-1
0
13
-13
20
-17
-3
58
-56
13
-15
0
2
-2
2:0
12
-10
1
11
1
-15
4:0
6
4
6
-13
-3
1
-1
13
42
-55
1
-1
4
1
10
-15
2:0
2:1
4
14
-18
-2
4:0
104
-104
2:0
5
-1
-4
2
3
-5
0
3
161
-162
-2
7
-7
2:0
4
-4
1
-1
2:0
29
-29
0
1
-1
9
-9
4
-1
-3
4:0
2
3
-2
-3
0
11
-11
0
4
-4
44
-40
4:-1
2:0
1
-1
0
2
-2
2
1
-2
1
0
-1
3
-4
2:1
0
2:-1
4:0
2:1
-2
2:0
65
237
-237
-65
3:0
2
-2
35
-34
0
8
-9
3
-3
2:0
11
25
-31
3
1
-9
2
-2
1
12
-12
69
1
-71
2
-1
1
-2
2:0
2
1
-2
3
-4
2
7
-3
14
-20
12
-7
-5
2:0
2
-2
17:0
1
-1
7:0
1
-1
18:0
end
