v1
810
207
1876
551
58
56
327
256
616
288
140
592
159
234
726
53
716
167
967
500
21
372
19
1506
98
777
275
148
777
348
94
339
69
57
0
773
142
356
230
741
552
99
394
275
16
120
453
177
405
641
83
163
148
118
82
74
123
65
37
320
447
173
120
225
226
298
314
39
116
459
226
101
41
249
7
3
433
788
382
41
1511
301
460
87
78
370
75
1041
247
33
327
113
126
15
147
198
235
896
452
175
191
8
11
484
100
54
108
147
88
212
5
23
193
5
954
31498
22
9
334
173
196
36
30
1152
179
237
65
3310
2211
328
1553
5140
10816
2650
19676
4451
20385
4956
119949
7741
73
9417
32443
353
36
5
55463
231
7
29
63
67
91
16
27
24
1
11
21887
3093
18188
575
1668
454
608
1633
58
79
61
77
3
1
43
57
31815
8491
64
176
100
725
1
309
85
479
9
57
18
41
103
78
54
717
17
38
26740
1
162
116
18
72
0
-488262
20
222
204
30
49
158
248
1
52
139
14
34
26
104
107
213
46
88
82
263
218
20
120
15
28
118
374
122
46
106
59
58
0
1
413
38
78
456
148
282
191
80
158
23
47
35
4
93
87
17
143
133
97
58
258
14
180
22
246
18
99
9
49
24
0
18
30
10
51
251
53
235
104
156
45
9
0
186
315
31
58
156
151
31
106
4
100
5
0
36
112
7
37
123
9
53
33
257
47
71
18
139
481
65
43
1
88
158
111
0
113
56
41
502
62
38
90
23
4
5
79
442
63
21
111
202
392
386
626
7
84
20
88
174
22
33
4
328
37
254
0
55
287
41
216
318
87
304
256
77
219
81
13
27
364
44
242
67
50
165
47
76
123
65
26
42
33
6
19
0
38
18
12
5
10
0
11
6
17
7
1
46
2
120
14
13
3
0
102
0
213
5
2:14
0
80
38
54
0
38
17
127
93
110
2
18
98
223
99
116
72
121
44
68
117
36
26
35
86
10
123
208
125
81
43
226
180
54
61
67
28
106
263
25
29
108
207
5
267
0
144
27
271
99
214
15
99
17
70
123
54
299
103
114
38
16
31
8
12
225
933
24
175
332
111
66
45
24
80
170
187
32
183
142
318
214
0
88
16
19
320
1
62
84
0
50
6
38
42
142
5
38
71
5
195
283
719
83
20
5
77
9
75
273
75
17
0
350
0
172
43
66
181
95
51
217
31
22
43
92
261
84
0
96
11
127
224
14
0
105
0
193
1
40
83
9
63
155
98
13
46
31368
2
79
194
53
14
92
23
6
63
55
40
8
152
4
1152
90
363
3
5570
314
4636
693
10048
2129
7431
11922
2169
3
1741
2146
1378
16
8074
1
2
1
2811
896
943
0
15
1533
920
13
1997
3147
7
9
7
1
2
1412
0
13
15471
104456
1
0
3543
46004
3623
16
76
119
44
73
1
0
19
99
54642
731
9
41
109
166
15
30
39
18
144
1
54
3
8
2
15
726
43
46
122
8
12806
12405
0
9030
3251
7511
289
44
134
10
711
436
330
204
3
6
5
1
99
36
47
8
31
6
3
25
18
0
79
4
30308
10077
243
83
30
683
36
514
24
95
16
155
18
2
18
96
105
23
36
5
14
203
13
512
23
28
53
0
55
14720
150
72
2
1975
13
9873
14
72
29
37
5
2
5
72
58
-487934
759
13
802
341
58
38
426
238
991
430
82
280
1047
163
2465
870
369
188
1126
564
330
435
849
979
88
231
605
452
208
148
36
699
37
898
559
22
398
99
7
96
373
851
1070
393
322
167
463
505
610
2912
149
399
313
912
870
181
1201
167
254
94
751
139
227
764
830
168
15
31717
1619
333
11706
8587
1091
14552
12147
10310
1
2828
9470
108037
18601
48338
11010
44843
929
60
136
46102
1087
80
96
43
123
41460
292
16551
12026
122
70
1418253600
199:0
1
509:0
1
99:0
303
4777
-5019
301
1852
-2130
2961
-2995
-2
102
18
-74
507
-464
1587
-1482
-66
953
-990
415
-413
124
-195
252
3
525
-731
1134
-1048
-77
236
-313
220
-103
1710
-1796
95
-61
79
-103
40
746
-697
-116
40
449
-478
87
-100
343
-60
-246
31
537
-594
183
59
-268
46
49
-52
19
-56
-1
285
98380
-91334
-7110
-221
38
1316
-923
-365
-16
736
-786
257
-213
552
-447
-24
-129
-6
1
17477
-14556
-2921
11
17
-20
879
-576
30
43460
-43704
211
45
-223
-123
2
6010
-4713
-1205
10
34976
-31193
-3891
106
-75
1624
48
-1704
83
963
4829
-5819
81
597
-652
200
840
-567
-525
155
-115
42
145
-220
961
-580
-146
885
8075
-9167
52
67895
-67987
166
49
-170
16723
-16322
-287
178
1157
-1509
16
-7
247
159
-427
17
-2
-18
1989
-1918
2
-52
14
8
36
33
-36
-33
1809
-1776
18
128
1375
33123
-27710
-6994
1276
-1216
1952
-1980
365
-390
65
308
-127
-247
274
1605
-929
9566
-10537
50
-23
-24
177
34326
-34350
1193
-1194
1114
-1110
587
-601
-8
-176
3
8
12
-5
2:-10
1
25
6
-31
11
5
-17
2
9
-5
-1
-4
8
0
-9
9
-10
25
3
-26
3
22
-18
2:5
-17
0
5
0
9
-13
-3
16
-15
1
2
4
1
2
-8
3
-4
3
-2
4
-5
-1
21
-10
-7
14
-15
-1
1
-2
17
-16
-1
2:0
4
-4
1
3
30
-32
32
-26
-8
2
0
-3
31
7
-35
8
-11
8
-4
2
2:-2
-1
0
6
-6
6
2
-1
-7
27
-5
11
-34
21
-16
-5
1
27
-25
1
-3
2:0
5
27
-33
1
-1
35
-23
1
-13
1
2
-3
2:0
8
9
-9
-6
8
25
-20
-15
0
3
16
-17
0
7
-5
3
0
2
-9
5
12
-16
-1
4
-4
2
14
-12
-2
4
21
-21
0
3
1
-6
-3
6
-4
10
-11
20
14
-20
-13
-2
13
4
-17
-2
2
0
5
13
-12
-3
24
-23
-3
-2
8
4
-9
3:0
-3
9
-1
-7
0
7
-2
1
0
3
1
-7
-3
5
-2
-1
-3
5
-1
2
-6
25
-23
20
-20
13
-4
-3
8
-14
3
-3
3
7
5
-15
22
-12
-7
-6
2
11
-11
4
-2
0
18
-22
4
1
10
-11
-3
3
19
-17
32
-33
31
-30
-3
-2
1
-1
5
-4
7
-7
17
-17
3
0
-2
-1
14
-13
32
-31
-2
3
-2
28
-31
6
0
-4
0
1
4
-4
33
-30
-4
6
0
6
-5
2:9
-26
4
-1
-3
10
-6
15
-18
23
-3
-19
13
-13
2
3
-1
-3
0
13
2
9
-8
-17
-2
25
-17
25
-30
1
2
14
-17
2:0
-3
10
-10
1
2
0
-2
0
-2
11
2:-5
37
-27
2
-9
-3
1
5
-1
-4
19
-13
-4
0
8
20
-30
0
29
-28
7
20
-29
28
-27
25
-7
15
-33
1
-2
7
10
-15
-1
20
-12
-8
3
7
-11
0
6
-7
4
0
4
0
24
-4
0
-21
-5
24
-22
24
9
-34
3
2
0
23
-29
2
-2
0
1
13
1
-5
-10
2
17
-3
-14
0
3
-6
25
-24
5
7
8
-14
3
-6
27
-10
-19
-3
14
2
-9
28
-33
3
0
-4
2:2
19
-16
0
7
-11
-2
0
4
-4
1
27
-4
-21
12
-4
0
-4
0
-8
1
0
1
34
-34
20
-19
2:0
19
-8
-5
-6
2
-3
6
17
-24
26
-18
-6
-4
25
-8
-6
-4
-5
3
10
-11
20
-4
-17
29
-2
-23
-4
1
0
1
18
-20
17
-18
1
26
-23
25
-24
9
-10
-4
23
-18
-5
26
-28
1
-1
0
1
0
-1
0
1
-1
2:0
1
0
-1
2:0
1
3:0
-1
1
-1
1
0
-1
6:0
1
-1
1
-1
1
-1
1
0
-1
5:0
1
-1
1
-1
0
1
-1
0
1
-1
1
-1
0
1
0
-1
1
0
-1
1
-1
0
1
-1
1
3:0
-1
1
2:0
-1
2:0
1
-1
2:0
1
-1
2:0
1
-1
6:0
1
-1
2
103
-100
12
-6
-9
-1
1
4
-1
4
-4
-2
2:-1
2
12
-14
3:0
21
-16
-4
1
7
-9
3
-3
8
7
-10
2:-1
-3
5
-5
4
0
-4
7
14
-12
-5
-4
2:0
79
-76
29
-29
14
9
2
-16
-6
6
-12
10
4
-8
1
-3
-4
45
1417
-1357
-82
-16
-5
2
-4
0
3
14
-7
25
-29
12
1
-4
-9
-6
2
374
-303
-73
9
2
-11
47
-23
-21
273
-276
38
-4
2
-31
-3
146
20
-168
6
532
-429
-107
17
11
71
380
-477
3
125
74
-196
-1
19
9
-12
122
-107
-31
7
12
-24
1
4
17
-4
-7
21
79
-107
23
260
-282
4
-13
8
867
-864
-10
10
49
-57
2:2
-3
11
-14
0
27
-21
87
-85
-4
-1
1
7
-10
6
-8
9
-2
-3
-4
0
130
528
-457
-197
174
-177
31
-11
-12
-9
53
70
-114
-3
6
19
122
104
-255
18
-9
5
-4
-1
6
7
-14
25
-2
-30
14
0
-17
2:0
1
-1
3:0
2
0
-2
0
4
-4
3:0
3
-3
5:0
13
-10
-3
2:0
24
-24
3:0
1
-1
15:0
1
-1
0
2
1
-3
2
-2
12:0
4
-4
3:0
1
0
-1
2
1
-3
13:0
2
-2
5
0
-5
0
3
-2
-1
12:0
8
-7
-1
8:0
1
-1
5:0
1
2
-3
3:0
1
2:0
-1
2
-2
9:0
2
2:-1
6:0
4
-4
2
-2
2
-2
0
1
2
-1
-2
1
0
2
-3
1
-1
7
0
-7
2:0
4
-4
5:0
2
-2
0
2
-2
1
0
3
0
-4
5:0
2:1
-2
0
3
-3
3:0
1
0
-1
4:0
5
-1
-4
7
-4
-3
2:0
3
-3
3:0
4
-4
2:0
4
-4
2:0
8
-7
2:0
4
-4
-1
5:0
1
-1
3
-3
0
1
-1
0
3
-3
9
-9
2:0
1
3
-4
1
-1
2:0
2:1
-2
4
-3
-1
1
0
2
-2
0
2
-3
2
-2
0
4
-2
1
-3
5
-2
-3
7:0
1
0
3
-4
3:0
1
3
-4
2:0
1
-1
1
0
-1
4
-4
1
-1
4:0
2
-2
0
2
2:1
-4
0
1
-1
2:0
4
1
-5
0
2
-2
2:0
5
-5
1
4
-5
2
-2
1
-1
4:0
2
0
-2
2:0
2
-2
6
-4
-2
1
0
-1
0
1
2:0
-1
2
-1
0
-1
2:0
4
-4
1
2
-3
0
5
-4
3:0
1
-2
0
1
-1
1
4
-4
-1
3:0
2
0
-1
3
5
-5
-3
3
4
5
-12
-1
5
-2
-1
1
-3
8
-8
2:0
1
3
-4
0
3
-3
2:0
1
3:0
-1
2:0
4
-4
0
1
-1
3:0
7
-7
3
-3
1
0
4
-1
-4
3:0
1
3
-4
6
-4
-2
3:0
1
-1
2:0
4
-4
0
4
-4
1
10
-10
-1
5:0
1
-1
2
1
-3
2
-2
0
1
-1
3:0
2
-2
29:0
1
-1
1
-1
43:0
1
-1
10:0
2
-2
9:0
end
