v1
632
151
56
26
64
20
218
49
159
144
27
66
249
230
9
56
361
79
86
33
188
126
113
23
102
57
56
7
15
28
7
0
92
0
515
46
106
59
32
556
24
45
95
421
171
130
29
85
4
145
132
323
61
99
111
48
53
18
316
235
266
78
235
122
31
201
23
378
358
62
166
58
30
137
4
273
14
0
58
32
66
87
20
156
7
79
50
371
255
606
55
224
0
24
104
171
431
494
233
209
59
280
69
57
574
299
42
258
43
255
369
87
7
187
28
328
53
24
139
459
12
123
106
169
0
228
309
52
288
286
8
397
188
27
0
29
12
71
43
12
5
2
19
30
1
46
25
122
6
13
105
73
9
74
40
5
14
64
65
3
35
3
16
182
118
85
58
33
205
58
8
78
95
120
203
22
160
35
31
55
221
22
304
10
39
116
146
138
54
121
141
85
201
139
30
28
3
146
5
68
214
129
27
254
31
299
45
1
2
83
52
18
229
41
309
165
42
12
175
50
758
199
102
71
22
367
56
111
368
75
50
6
322
404
277
150
79
33
29
147
50
6
44
26
10
15
113
19
107
7
155
40
283
110
692
20
53
24
5
102
8
0
52
254
101
37
175
191
8
11
32
74
4
203
171
100
54
108
35
54
38
108
153
39
20
5
20
3
198
151
96
10
297
56
92
209
9
34
123
31375
22
9
55
144
38
53
44
37
48
6
34
48
4
72
8
0
58
0
54
36
2:4
22
932
220
179
71
166
18
3357
2211
2
326
381
1172
663
4477
8672
2144
2650
4766
14910
1797
2652
2
8089
1
2823
4
882
943
15
1533
933
474
1523
3147
16
2
8
121352
1
3543
1
7716
25
32
41
0
9417
31578
833
10
4
16
2
121
86
2:73
19
17
5
54647
781
35
74
157
7
2
15
12
28
29
6
12
159
3
27
13
8
2
2:1
11
2
17
34
675
49
113
3508
9355
8134
3093
10208
0
7242
738
575
403
38
1227
873
143
46
665
968
2
1
2
22
27
2:2
43
6
37
27
28
39
37
3
1
43
38
19
30302
9786
218
240
159
39
40
275
312
1
46
263
43
42
202
24
253
9
2
20
0
20
15
18
41
103
102
30
273
375
50
19
17
38
14805
84
118
20
1977
13
9722
2:1
162
102
14
18
0
17
20
35
65
10
5
-488134
0
989
39
288
64
25
156
0
96
47
324
178
1
298
250
0
30
118
967
7
1144
110
116
0
1596
34
501
762
404
393
80
9
0
550
528
563
197
447
2087
529
884
283
408
275
685
93
402
1271
159
23
35
56
278
68
582
1629
556
0
321
280
501
47
170
398
1110
195
0
103
1315
186
136
80
416
1180
198
338
33
428
154
931
219
567
196
462
124
319
560
0
245
300
580
31656
5178
13806
18980
1620
7065
0
2158
11617
186917
77
32
55989
226
845
158
25211
3879
14108
83
3881
7
0
45
1
119
127
67
40571
54
844
842
224
41
5
207
0
548
14976
12204
1418658600
499:0
1
131:0
6
74
-77
0
7
16
-23
12
-13
-1
14
2:-5
23
-26
0
4
-4
4940
-4874
-65
52
-54
10
178
259
-444
7
46
-48
0
11
5
-16
-6
85
-55
-31
4
7
-11
-1
4
134
-129
5
-13
85
-74
-2
2965
-2941
-28
4
3
-8
-1
-2
11
26
-38
2:5
-9
4
-5
11
-11
5
1
19
-24
315
-315
5
1
0
-6
4
56
-53
226
-234
3
14
-16
10
3
-11
-3
7
0
18
1848
-1167
-692
92
-106
113
-113
334
-327
69
-36
-17
18
8
-4
-15
-1
-30
1
0
119
-119
30
-15
-13
2
1
131
-135
17
0
-7
20
386
-21
-366
79
-61
-33
-11
-2
6
-7
19
31
-49
-2
19
-16
-3
3
2
-4
3
198
36
-214
43
297
-223
-123
-18
15
-9
328
-324
-7
-2
36
-30
79
-79
-5
5
-7
3
283
-281
44
-18
-28
10
-9
1
-5
110
-101
538
-543
103711
-94876
-8720
-107
22
-8
-5
51
-72
-1
261
-246
-14
12
-7
1091
-1096
50
-50
0
4
0
68
-68
42
217
-262
19
-11
25
598
-629
-3
1
0
12
-13
99
-98
100
-98
13
177
-191
14
9032
-6193
-2824
-28
-2
-1
0
-1
41
-25
-10
-5
-1
3
58
-49
14
-15
1944
-1940
123
-112
70046
-70069
8
225
-225
2
4
-10
5
119
-128
0
-2
0
1
68
-59
0
2728
-2411
-316
-10
-1
0
5
51
21654
-16791
-4902
2
-18
487
-483
-4
27
664
-683
1793
-1779
-17
-6
8
-1
-7
575
-571
1
788
-793
3993
-3909
91
-174
4
-2
10
157
-155
-15
46
-42
175
-170
11
-13
0
-5
-1
144
868
-1008
1
360
-362
41
7
-36
241
-243
-13
36
-36
202
-71
45
-176
709
-684
384
1283
-1539
46
-199
14
17
-32
265
-264
7
23
-23
235
-242
11
540
-549
127
-125
57976
-57977
-4
5
3
38
-32
231
-245
20
-3
5653
-5657
3
74
-88
0
1337
-1340
8
2:-2
7
151
578
-716
-14
230
-214
6
-27
-1
1
173
-173
34
363
-389
-12
26
5
-17
-11
-2
724
-672
-39
21
71
-99
2
0
-8
5
-6
1
2597
-2579
-3
27
-35
-8
5
-3
60
-53
21
9
-36
19
6
-29
9
13
-6
2
173
-181
-5
58
-58
-1
12
390
18313
-15718
-2988
-12
218
-212
-4
142
-112
42
-73
4
-2
58
82
-138
229
-223
79
-59
-28
36
1091
-1126
-2
0
75
502
8945
-9522
17
-14
56
-56
334
-333
40
-18
371
-399
46
58
-103
4
7
-9
236
-222
1095
-1093
177
-187
-6
5
0
16
-24
12
23
-37
5:0
1
-1
0
1
4:0
-1
2:0
1
-1
1
-1
1
-1
2:0
1
-1
0
1
3:0
-1
0
1
-1
1
6:0
-1
1
-1
0
1
2:0
-1
1
-1
1
3:0
-1
2:0
1
-1
1
3:0
-1
2:0
1
0
-1
1
6:0
-1
0
1
0
-1
1
2:0
-1
2:0
1
4:0
-1
1
-1
0
1
0
-1
1
3:0
-1
1
-1
1
0
-1
1
-1
4:0
1
3:0
-1
1
3:0
-1
0
1
-1
1
1
2
-2
7:0
2
-2
1
3
-4
0
3
-3
73
-73
3:0
1
6
-3
-4
6
-5
-1
0
1
0
-1
9
-9
2
-2
0
2
-2
2:0
9
-9
2
-2
1
-1
0
3
-3
0
1
-1
2:0
1
0
9
-10
1
0
-1
4:0
2
0
2:-1
20
-20
6:0
2
-1
0
-1
9
-9
2:0
1
-1
2:0
2
0
1
0
1
-4
7
-7
23
-22
4
-5
3
0
-3
2:0
3
-3
1
0
-1
0
3
-2
0
-1
0
13
-13
2
0
2:-1
0
3
-3
50
-49
1
2:-1
4
-3
11
-10
0
-2
2:2
-3
0
3
-4
0
21
-20
17
-18
28
-17
-10
-1
1
0
16
-17
1
-1
2
0
3
-4
-1
1
-1
0
27
-26
6
-7
0
1
-1
4:0
61
-57
1322
-1263
-46
-17
3
1
2:0
-1
-3
2
-2
0
4
-2
2
-4
2
2:-1
1
0
9
-10
1
29
-30
0
7
-5
10
-11
-1
0
2:1
-1
12
-13
17
-17
3
8
-11
5
237
-122
-118
-2
1
-1
2:0
2
1
-2
-1
0
2
-2
0
3
-3
83
-80
10
-12
320
-319
0
27
-25
-3
-1
2
-2
15
-15
0
1
-1
0
13
-7
-5
96
3
-95
-5
3:0
11
467
-412
-66
0
1
13
-14
0
18
34
-51
373
-370
-3
0
2
-3
0
2
-1
1
66
-67
119
-111
7
-16
2:0
6
10
-15
-1
2:0
33
-32
4
-5
3:0
18
101
-119
3
29
-32
3
2
0
34
-37
-2
7
-6
11
-12
26
-26
14
-14
22
59
-77
8
-12
7
10
-15
-2
0
2
3
-4
2
-2
5
-4
0
2:-1
206
-205
1
-2
7
4
-11
2:0
4
0
312
-316
2
4
-6
0
12
-12
3
-3
0
3
1
54
-57
0
11
3
-10
-5
1
-1
1
-1
8
7
-8
-7
14
-10
-1
-2
-1
48
-43
-3
2:-1
0
7
-6
-1
1
-1
0
3
-2
0
-1
2
-2
2:0
8
-8
0
10
-10
4
-3
-1
2:1
2:-1
3
-3
1
2
-3
0
7
55
378
-364
-75
-1
54
-54
0
6
-1
-5
3:0
13
27
-40
13
-13
18
-10
-8
1
20
-21
2:0
3
108
163
-274
13
-13
16
-16
16
-12
-1
6
7
-16
1
-1
0
4
2:-2
11
-8
15
-17
18
-16
3:-1
2:0
4
2
-6
0
1
-1
8:0
1
-1
21:0
1
-1
2:0
1
-1
19:0
2
-2
11:0
1
0
-1
8:0
1
0
-1
1
0
-1
10:0
2
-2
5:0
1
-1
10:0
1
-1
4:0
1
-1
5:0
end
