v1
845
5
202
333
44
159
486
239
130
366
119
51
28
235
18
219
52
6
19
0
37
7
14
1
28
458
195
113
544
127
147
300
285
159
689
7
264
177
452
307
435
138
78
417
45
21
143
190
187
58
167
242
205
54
209
86
194
63
79
93
125
644
387
104
171
148
283
90
192
212
442
339
69
644
47
281
128
0
7
143
184
77
530
137
7
114
50
185
416
118
276
275
16
93
283
121
76
177
45
66
117
169
8
279
184
178
28
17
6
32
25
18
38
23
8
46
2
3
14
134
118
73
9
74
45
14
64
65
37
58
17
127
118
447
173
120
94
131
160
364
304
10
33
6
116
284
54
121
141
85
101
0
41
256
3
146
272
15
740
46
2
83
70
229
41
528
225
758
185
116
93
367
50
6
109
2
274
94
75
50
732
229
30
18
193
36
33
29
51
146
6
38
11
121
2:38
19
69
7
8
147
323
110
447
245
19
1
82
84
18
412
3
37
175
70
121
8
11
32
86
328
22
16
100
54
47
59
2
89
58
88
153
59
0
5
23
69
124
5
205
52
398
47
218
34
31498
10
12
9
237
53
2
42
173
76
120
36
8
22
1050
102
68
111
71
166
18
47
3310
2211
328
381
1172
3764
1376
10801
15
2650
4766
14910
4449
2
8139
6151
1407
4670
7
9
2
6
2
1425
3523
37
119912
1735
5981
25
73
9417
28772
3623
48
167
40
93
89
5
54647
781
35
74
157
36
57
6
12
146
0
16
27
10
2
12
1
11
728
61
164
20934
3093
1178
9030
7980
575
1668
873
189
665
436
532
5
22
27
4
149
31
9
28
3
1
43
38
9
10
40006
300
64
176
138
21
30
636
1
46
263
43
42
202
277
9
4
38
15
18
41
103
47
31
10
2:5
4
30
698
19
17
38
14805
0
222
1990
9722
2:1
162
102
14
2
88
13
62
-488447
23
94
13
377
51
69
8
158
74
70
157
52
87
74
536
194
214
197
38
464
119
81
0
198
88
59
281
48
84
116
200
256
94
54
282
9
139
43
72
46
86
236
247
60
120
32
228
6
100
50
36
17
46
331
0
48
150
183
118
34
296
9
73
77
129
322
40
0
30
135
77
42
197
221
100
158
82
369
99
91
9
170
62
85
157
45
42
73
67
226
5
0
44
51
55
4
42
33
7
111
153
15
12
0
401
54
106
43
562
345
0
98
0
102
39
43
47
0
22
354
194
436
148
19
12
0
57
0
28
146
22
277
30
95
94
144
71
119
262
24
332
16
177
85
27
2
106
249
187
55
94
191
78
186
15
0
483
151
127
0
22
175
6
27
0
41
89
17
20
23
6
3
24
196
109
237
90
33
0
35
19
385
2
61
28
27
223
67
15
17
421
214
14
413
103
127
20
225
42
39
183
31
432
49
37
108
175
37
86
0
11
39
177
98
281
0
13
4
14
163
146
5
363
55
10
134
203
27
87
0
38
0
55
19
177
1
0
449
548
173
12
205
294
134
190
913
21
252
333
142
10
90
51
0
38
403
158
221
548
75
2
0
154
24
14
7
146
4
181
115
48
359
145
0
31
6
210
73
22
256
65
27
16
92
223
7
115
107
18
109
118
85
0
276
58
178
17
21
17
4
81
130
13
0
14
1
31134
273
68
5
132
29
76
2:12
67
48
69
55
41
65
62
0
1100
25
396
451
11255
3470
1423
345
2346
1002
1110
7574
2389
4571
790
830
5310
3913
872
2668
8075
2
1
2825
882
943
15
0
19
2447
2024
3140
16902
8312
83046
13098
1
3074
469
48628
983
39
23
155
91
2:36
37
19
27
11
10999
44495
81
110
2
45
10
127
0
64
13
45
25
733
86
126
3451
9355
5838
13163
5685
5707
1187
950
0
1833
0
1
25
19
52
86
79
47
45
30317
1513
8287
520
0
162
675
399
43
91
264
22
12
11
477
13
475
37
132
14897
74
2
1973
0
9849
63
121
1
0
16
72
0
3
21
0
1418334600
399:0
1
444:0
23
-7
-8
2:6
68
-60
116
-133
4801
-4798
4
-1
-8
16
-15
117
-112
0
2765
-2771
0
33
172
-206
9
7
-16
183
-164
-7
84
-76
2627
-2645
355
248
-600
130
-132
21
-21
16
-17
20
74
286
-341
-40
395
-384
430
-285
50
-202
-5
24
53
-54
-13
-2
15
1940
-858
-1104
45
-20
-24
8
415
-52
-293
-79
2
9
-5
0
269
-276
208
-201
2:-3
422
-304
-117
9
134
-144
165
408
-493
-59
-14
-8
640
-591
-46
453
-434
-7
205
-214
-4
27
7
-33
4
523
-423
-17
-68
-8
67
-75
-2
30
-26
127
-75
-8
587
-580
-55
23
100
83
-186
-21
-1
6
78
61
-48
-39
-48
30
-14
337
-362
97412
-97413
6880
-6563
-310
42
-24
314
-275
-59
0
1341
-1263
-48
11
-46
65
11
-74
247
-245
8
310
313
-633
1
77
-44
186
-211
4
-16
1
105
-94
16
17707
-10384
-7329
-23
3
1
6
-2
67
-39
9
-43
0
-1
29
8
-38
1093
-1091
2
480
-481
16
46725
-46732
354
-306
-52
-7
1
234
-234
296
-285
-13
168
-135
830
-830
6845
-5912
-932
-32
2
80
-58
153
105941
-106023
-87
6703
-6712
26
159
-182
172
0
1063
24618
-25856
16
81
-13
-82
-3
20
-11
1455
3970
-5433
147
91
-218
-10
-11
220
-38
-29
-33
1404
-1483
482
-520
94
-3
68
-146
647
-655
234
-90
-62
525
-518
156
-216
329
-306
1643
6249
-4008
-3483
-446
63
395
-462
601
-576
-34
6
74032
-74039
0
60
-6
-55
771
-769
24
264
-213
9233
-9300
5
720
-734
18
-12
156
1146
-1305
2:5
35
16
270
183
-179
-303
-3
0
22
-26
-11
-16
1404
-1328
-22
-56
40
-34
10
1985
-1996
0
61
24
46
-133
29
-32
10
31
-27
-12
6
566
-572
10
-12
516
32293
-29155
-3623
-30
4
712
-710
484
-392
-61
39
-60
-10
205
306
-506
955
-963
38
1
169
2780
-2982
45
1040
3381
-4463
25
-35
79
-80
8
105
-112
21
-24
74
-67
259
-259
0
171
-139
-34
1620
-181
-652
-764
130
-55
62
-163
90
-97
4
-5
0
-1
7
-8
5
-2
-1
1
4
-6
2
-2
-1
4
-1
0
-3
7
1
-7
0
1
2
1
-5
2:1
5
-5
1
-1
2
-1
0
-1
4
1
-5
-2
2
3
-4
2:1
-2
4
0
-5
0
5
-5
4
0
-4
0
1
2:0
-1
1
-1
2
0
-2
4
0
2
2:-3
4
-3
5
2:-3
2:4
-5
-1
2
-1
-3
2
-2
8
-6
-2
2
-1
2:0
1
-2
6
-4
-2
5
-5
0
2
-2
4
0
-1
3
-3
2
2:-2
3:0
1
3
2
0
-3
-4
5
-1
-3
4
-5
1
4:0
5
0
-6
2:3
-6
7
-7
3
-2
5
-6
5
-2
-1
4
-4
-2
1
-1
0
3
5
-8
0
4
0
3
2:-3
0
-1
0
7
-6
0
3
-3
3
-4
2:2
2:-2
8
-7
2
-3
1
0
3
1
-1
3
-7
3
4
-5
4
-5
4
-2
3
-3
0
-3
2
0
-2
2
-2
0
5
-5
0
7
-1
-5
1
-1
0
6
-7
4
-2
2
0
-1
2
0
-5
6
-6
5
-5
0
1
5
-5
4:0
-1
0
2:2
0
3
-7
2
2:-1
1
2
1
-1
-3
2
3
-5
2
4
-5
0
1
5
-7
3
-2
6
-6
2:0
2
0
-2
-1
1
-1
5
-4
3:0
3
-4
2:0
6
-6
6
1
-7
3
-3
3
-1
2:0
2
0
-3
0
4
-1
2:0
-4
0
1
0
3
-3
2:0
6
-1
0
2:-2
3
-2
-3
8
-6
2
-4
2
2:1
-3
2:0
2
2:0
4
-6
0
-1
3
4
-6
3
1
-3
1
-2
2:1
-3
3
-1
-2
7
-6
3
2
0
-2
0
-2
5
-7
6
-5
2:0
-1
2
-2
6
-6
3
-3
0
3
-3
3
1
-1
2:0
-1
-2
0
2
4
2
-6
2
-3
0
-1
6
-4
4
-4
2:0
1
-1
-2
0
4
-3
2
-2
3:0
2
-3
6
-6
2
4
-4
-2
5
-2
3
-2
0
-3
2
-1
2:1
3
-5
-1
2
-3
3
4
1
-3
0
-4
5
-6
2
-2
2:2
-3
0
6
-6
0
3
-3
0
1
2:0
3:1
0
1
-2
95
-96
2
-1
-2
2
-2
9
-9
0
18
-18
0
11
-8
-3
3:0
6
-5
-1
10
-7
1
-4
6
-6
0
21
-21
8
-8
4
-4
2:0
3
-2
-1
25
-25
2
-2
1
6
-6
1
2:-1
2:0
2:1
15
-17
4
2
-6
2
9
5
-10
-6
0
5
-5
0
3
-2
-1
2:0
3
-3
1
-1
1
6
-7
27
-22
2:-2
-1
2
-2
2:0
5
-5
1
159
-158
-2
7
-6
2:0
29
-28
3
0
-4
2:3
-7
2
-1
16
5
-18
21
-15
-9
2
0
9
-12
2
1
-2
8
4
-7
0
-2
1
-4
51
-47
1587
-1590
111
-79
-27
5
-9
2
-2
2:0
1
-4
12
-2
-10
8
5
-12
35
-36
9
-2
14
-19
0
10
-12
33
-31
3
-5
3
2:0
-1
348
-241
-104
-5
2
-2
3
-3
11
-1
-4
-6
0
2
-2
2:0
32
-32
3
22
-23
-1
319
-317
43
-33
-9
-4
2
0
-2
29
-29
0
24
-17
-5
0
169
-5
-161
-3
1
-2
-1
19
564
-572
-11
96
-96
0
10
-8
70
2
27
422
-523
8
2
-9
2
-3
5
-1
126
55
-185
6
9
-12
1
-3
25
6
-27
30
140
-169
33
-37
6
-4
7
-2
31
-37
3
0
12
21
-39
28
-28
21
-18
36
72
-101
-6
13
21
-37
2
-3
1
-1
1
271
-270
2
1
3
-8
24
-23
-1
1
9
687
-695
1
10
-12
2
-1
4
48
-52
2
-2
20
-19
3
4
2:5
-20
0
25
-20
2
-6
79
-70
-5
3
-7
1
2
1
-4
1
9
-8
5
-7
8
-5
-4
4
1
-3
0
3
-4
3
-2
134
1182
-1155
-155
-8
0
134
-134
22
-3
-8
-11
1
0
36
73
-104
8
-14
9
-2
2
31
-40
2
185
198
-382
18
-17
6
-10
2
-2
1
20
-18
9
-6
21
-26
2:0
2
0
12
-6
22
-30
30
-22
-6
-1
1
-3
7:0
1
-1
0
1
-1
3
-3
3:0
1
-1
6:0
1
-1
6:0
1
-1
3:0
4
-4
5:0
2
-2
0
1
-1
11:0
1
-1
5:0
1
-1
0
1
-1
4:0
1
-1
4:0
2
-2
2
-2
5:0
1
-1
1
-1
9:0
2
-2
15:0
1
-1
5:0
1
-1
0
1
-1
0
1
-1
2:0
2
-2
3:0
1
-1
5:0
2
-2
0
1
0
-1
3:0
1
-1
3
-2
0
-1
7:0
2
-2
2:0
1
2:0
-1
0
1
-1
0
1
-1
2:0
3
-3
1
-1
4:0
1
-1
2:0
1
-1
0
3
-2
-1
5:0
1
3:0
-1
1
-1
5:0
1
-1
1
-1
10:0
1
0
-1
14:0
2
-2
6:0
1
-1
0
1
-1
4:0
1
0
-1
2:0
1
0
-1
0
1
-1
4:0
2
-2
1
2
-3
2:0
1
0
-1
7:0
1
-1
5:0
1
-1
1
-1
0
2
-2
10:0
1
-1
2:0
1
-1
2:0
5
-4
0
-1
0
1
-1
0
5
-5
0
2:1
2:0
-2
2:0
1
-1
2:0
1
0
-1
2
-2
3:0
1
-1
2:0
2
2:-1
1
-1
2:0
3
6
-7
0
-2
3:0
1
-1
3:0
1
-1
2:0
3
-3
6:0
2
-2
0
1
0
-1
0
3
1
-4
3:0
1
-1
3:0
2
-2
0
1
-1
0
3
-3
1
-1
8:0
1
-1
0
1
-1
0
end
