v1
668
104
103
8
18
336
222
490
139
39
9
8
18
26
139
110
195
119
14
74
226
67
43
108
19
58
20
36
22
28
7
111
221
153
122
112
99
268
72
272
140
7
285
300
138
1
20
162
72
106
26
42
97
51
293
111
101
334
216
244
41
506
67
244
251
45
375
142
249
349
185
20
156
86
257
453
98
654
123
24
64
160
19
8
322
11
98
465
29
70
79
239
54
339
69
57
376
0
28
168
237
106
128
98
95
141
39
55
85
284
217
829
7
118
276
275
16
43
112
2
55
57
107
121
76
40
248
294
59
19
319
161
17
52
14
70
13
43
4
1
2:7
19
23
8
46
5
131
7
6
4
118
73
9
74
6
53
64
65
3
54
38
17
14
16
43
54
118
87
116
13
223
8
173
120
203
22
195
329
314
39
116
146
192
121
141
227
198
61
129
17
272
15
156
52
202
17
313
15
33
83
52
18
229
41
423
85
1
19
237
746
301
93
176
19
172
20
36
109
2
24
42
115
93
94
8
67
97
653
32
45
184
169
108
33
176
56
80
128
19
24
14
69
7
8
147
40
0
283
110
447
162
2
81
20
82
1
101
8
247
114
43
3
37
175
191
8
11
31
1
78
285
89
100
54
47
0
61
35
112
88
153
59
5
20
3
198
37
390
143
132
105
71
42
34
31490
8
22
9
85
249
85
88
66
3
7
8
112
36
30
932
54
166
68
97
14
71
61
43
1
61
18
3357
2211
328
1553
322
4818
2464
4114
2820
1418
1500
1150
4766
4989
3
790
5704
3424
4449
2
4
8085
3710
943
15
1533
933
1997
3161
2:2
5
3
0
1425
3523
119949
1735
6006
26
6
41
9417
31396
983
32
7
3
18
4
26
7
0
11
77
42
44
73
109
2:5
11
55412
35
74
85
81
27
20
32
4
1
6
12
53
90
19
27
13
11
1
11
3
725
29
0
14
18
95
63
16286
2357
2297
3093
1178
16924
86
575
686
982
872
1
189
665
972
1
22
27
2
2:1
49
37
10
39
45
9
28
3
1
65
29
6
40306
64
176
825
1
46
41
222
85
170
32
41
236
9
5
17
6
14
0
15
18
144
47
30
1
2:10
34
186
111
313
38
50
19
32
23
14802
225
1977
13
9722
2:1
124
25
13
102
14
2
26
7
19
36
13
62
5
-488535
129
64
494
438
205
64
207
205
224
28
109
40
401
746
56
377
776
5
210
174
130
434
156
980
933
762
38
187
502
433
618
335
146
65
43
271
787
128
449
8
90
880
362
168
410
61
7
1071
310
46
53
400
81
87
523
50
520
297
51
272
326
154
27
107
38
54
27
24
66
133
279
69
172
18
1337
532
206
449
84
317
101
94
6
346
29
243
1079
308
148
152
55
7
190
990
1055
180
41
281
973
196
139
451
110
569
560
417
528
4
572
56
373
341
224
122
276
376
14
31399
276
238
272
1064
6437
1878
2048
31099
9278
15209
1997
3147
6
1
25227
99688
49673
302
53
55391
28
111
229
2:15
1164
3516
30790
8673
120
3593
536
32
20
112
176
40740
1046
527
92
196
212
100
331
89
1
17082
9886
159
1418999400
499:0
1
167:0
2
55
-51
-6
6
-5
7
-7
3
169
-69
-103
6
-2
17
-14
2986
-2976
1875
-1888
0
-4
33
-13
289
-310
513
-493
-8
28
-29
-10
48
-2
-12
-15
-20
1
76
-50
-26
3
140
-142
4
11
-5
83
-94
2:16
-32
0
9
377
-378
4
-12
0
274
-274
19
-8
10
-18
14
-13
340
-341
-3
161
-158
12
-2
-8
176
-165
-5
-11
11
5
42
1049
-1107
0
52
-49
306
-305
-4
29
264
-192
-79
226
-240
0
-8
-1
1
5
-2
3
105
-105
1703
-1679
-26
28
-32
3
250
-252
51
-40
618
-629
12
-6
-7
0
4
-4
354
-353
4
49
1699
-1752
-1
3
59
-58
44
-42
72
-55
-8
-15
23
-23
19
30
-44
-5
5
-1
15
-12
55
-30
9
442
-424
-45
23
77
226
-333
-4
8
-7
48
-52
13
-13
65
-59
-2
2:28
808
-808
848
-908
11
-5
436
123760
-118302
-5824
58
-109
-8
38
-42
-13
9
31
-39
0
59
-60
0
30
-30
120
-117
113
-77
-35
6
43
749
-802
25
-25
11
-11
54
467
-430
-53
25
628
-691
12
4
-4
43
-28
-27
11
6218
-6229
3560
-3559
22
-23
0
8
319
-252
-51
-2
-15
17
1830
-1851
0
1
389
-372
75
52413
-52502
2
-3
174
-159
-17
-4
6
-2
1
17
177
-199
4
3
-1
-5
73
-57
2
3687
-3166
-522
1
-18
8
13
10
38432
-38457
1
2894
-2902
16
461
-251
-214
872
-868
1782
-1730
-68
0
58
-45
-13
0
13
475
-487
1548
-1481
-6
-55
218
-221
202
-206
2:4
41
147
540
-39
-690
-7
25
-19
-6
15
162
-177
10
-10
193
-160
122
-89
225
-28
-262
1413
-1408
-6
1
463
-445
2160
-2157
-15
0
-1
-6
136
-106
21
20
-68
26
-22
217
-224
4
-4
0
47
17187
-17214
-12
-1
-3
9
184
-188
257
-266
8
39
5634
-5681
1
3
0
138
-122
3596
-3608
0
-2
2
3
-8
19
-15
134
238
-379
11
-6
94
-84
-15
8
101
-109
0
39
3
181
-214
226
-221
17
-27
4
273
-207
-67
30
-30
4
-4
31
-38
3
-3
1199
-1199
143
1948
-2079
-5
-3
-4
8
129
-137
9
18
-22
-2
835
-814
559
-582
3
10
-14
26
-26
6
5
6
236
16564
-13900
-2914
6
158
-156
19
-7
51
126
-186
-14
89
-60
-5
32
-43
43
609
-659
3
-4
3
-2
6566
-595
-5922
-50
-5
6
32
-38
45
-23
356
-374
14
186
-15
-162
95
163
-266
-18
21
-8
165
-144
-35
-1
579
-571
129
889
-931
-87
-7
1164
-1156
180
-181
-6
-2
3
-3
3
-1
-2
2
-2
3
3:0
-3
3
-3
0
3
0
-3
3
-1
-2
2
-2
2
2:0
1
-3
3
-1
1
-3
2:0
2
-2
2
1
-3
3
0
-3
2:0
4
-1
-3
0
2
-2
0
2
1
-1
1
-1
-2
0
2
2:1
-1
-3
2:0
3
-3
4:0
4
-1
-3
3
4:0
-3
0
3
-1
-2
2
-2
3
-3
3
-3
0
3
-3
3
0
-1
0
-2
0
2
3:0
1
-1
1
-1
-2
2:0
2
-2
2:0
2
2:0
1
4:0
-1
-2
0
3
3:0
-1
1
-3
3
2:0
-3
3:0
2
0
1
-3
0
2
2:0
-2
4
-4
2
-2
4
2:-2
2:0
3
-3
2
0
1
0
-1
-2
0
2:1
-1
6:0
2
-2
0
1
0
-1
1
78
-79
2
-2
4:0
13
-13
5
-1
-3
2:0
-1
0
1
-1
2
-2
0
9
-8
-1
0
11
-11
3:0
3
-3
5:0
4
-3
4
-5
0
11
-11
1
-1
2
-2
2
0
15
-17
2:0
1
2
-2
2
-3
0
1
-1
3:0
5
-5
0
1
-1
8
-8
2:0
12
-1
-9
2
-4
4:0
1
-1
0
7
-6
0
-1
0
1
-1
1
0
-1
14
-10
2:-2
0
2
-2
6:0
38
-38
1
-1
2:0
1
6
-7
11
-5
-6
3:0
5
-2
-3
2
0
2:-1
1
10
-1
-9
24
-18
-7
5
-1
11
-15
1
-1
2
-2
3:0
6
-5
-1
0
3
43
-41
0
-5
0
2
74
1076
-1079
-57
-16
2:2
-4
2:0
3
-3
1
-1
5
-5
1
2
-3
12
-10
31
-33
0
7
-3
11
-14
0
-1
4
-4
8
20
-21
-7
0
9
-9
4
2
2:-3
2:0
2
316
-318
104
-103
-1
1
-1
1
-1
5
1
-5
2
-1
75
-77
2:0
25
-17
-6
338
-336
0
-3
20
-15
-4
-2
4:0
14
-13
-1
0
1
-1
12
-12
0
94
-9
-85
4
-4
3
-2
7
455
-461
0
61
-63
1
18
-18
10
40
-50
446
-443
-4
0
19
-18
-1
2:0
99
-99
42
-34
1
-9
22
-20
31
-33
0
5
-4
35
79
-88
-27
0
1
0
-1
7
28
-35
2
-2
29
-25
-1
12
5
16
-36
42
-42
2:0
33
-33
76
-72
-4
3:0
9
1
23
-30
-2
3
-3
8
-8
1
-2
2:0
203
-203
1
0
-1
2
9
-7
-3
-1
1
2
291
-294
0
2:1
5
-7
5
-5
1
0
-1
0
1
2
-2
-1
50
-50
2
-2
16
-2
-14
2
2:-1
2:0
7
9
-11
-2
-3
12
-12
0
31
-22
-9
0
14
-12
2:0
-2
2:0
12
-12
1
4
-4
1
0
-2
0
11
-11
2:3
-6
2:0
3
-3
0
1
0
-1
1
-1
2
1
-3
46
334
-303
-77
0
49
-49
6
-5
12
41
-52
-1
4
3
-8
5
-3
3
14
-19
0
1
2:0
96
223
-309
-11
0
2
-2
0
7
-7
3:0
9
2:-4
17
-11
-7
3
1
-4
11
-10
-1
0
13
-13
15
-13
2:-1
0
7
-4
24
-26
-1
3:0
2
-2
8:0
15
-15
14:0
1
2:0
-1
13:0
1
-1
7:0
1
-1
2:0
1
-1
0
1
-1
8:0
1
-1
2:0
3
-3
1
-1
1
-1
2
2:-1
7:0
1
-1
2:0
1
0
-1
16:0
1
-1
3:0
1
-1
5:0
2
-2
0
1
0
-1
0
3
-3
1
-1
4:0
3
-3
0
1
-1
3:0
2
-2
8:0
1
-1
2:0
3
-3
0
end
