v1
590
207
2:45
0
20
255
171
350
136
205
25
9
2:4
18
470
119
79
238
59
8
59
81
8
19
58
56
22
0
28
118
496
39
7
165
259
3
4
346
5
135
7
184
101
15
79
206
159
32
100
102
166
94
15
174
299
12
67
228
75
31
194
18
4
19
266
337
236
278
217
45
354
156
31
58
30
137
8
204
169
153
20
76
166
257
368
183
104
183
490
150
98
7
20
146
285
90
192
212
442
126
198
15
69
57
1033
383
85
172
42
30
95
217
92
328
77
139
193
7
189
205
275
16
549
24
157
131
286
8
85
34
160
94
9
15
7
72
43
66
27
13
16
83
43
4
8
0
26
7
16
8
46
5
21
110
11
2
3
1
13
105
82
74
40
33
4
42
4
30
35
38
19
182
76
42
216
231
78
0
95
120
420
329
304
10
33
4
2
116
146
192
121
141
85
101
41
87
172
151
267
15
129
275
36
1
299
38
10
66
316
41
528
175
50
0
758
301
83
10
176
43
93
55
56
109
2
66
115
187
75
50
6
955
19
11
247
33
29
51
96
2:25
86
15
113
19
107
7
155
40
283
0
110
334
113
162
83
20
82
102
88
226
98
40
34
211
121
8
11
32
363
51
0
22
16
100
54
47
53
8
147
88
153
59
5
20
3
193
3
2
151
227
134
143
47
63
43
103
9
34
91
32
31375
22
9
204
33
97
85
88
76
8
112
15
21
8
22
986
166
68
111
71
136
30
18
47
3310
2211
328
1553
663
2410
2067
8690
2111
15
2650
4766
1696
3293
793
5704
3424
4449
2
8061
30
5
3703
943
15
2466
5151
0
9
2
6
2
1425
8
3515
11948
104456
1
3543
1
1735
5981
25
73
9417
28772
2624
1015
10
18
4
163
4
40
93
53
19
17
5
16
65
10934
44396
17
35
47
27
60
97
36
3
0
15
39
6
12
162
27
10
2
9
2
2:1
11
2
726
29
64
132
0
16280
4654
7506
13775
575
485
201
982
1062
665
436
532
2
1
0
2
2:11
31
86
10
49
3
32
1
36
3
1
37
6
47
4
6
40306
64
176
69
631
125
1
46
0
263
85
122
80
277
9
28
14
15
18
144
47
31
15
9
30
173
0
13
59
291
162
19
4
51
17017
9722
2:1
162
102
14
2
16
2:5
7
55
17
58
5
-486729
557
2205
2418
102
549
377
2446
868
518
173
288
304
849
339
3276
10
220
1338
161
16
413
171
42
39
33
65
58
280
785
112
190
701
352
137
317
178
1066
31
314
186
779
2748
1273
135
225
260
1424
554
291
1003
20
575
69
49
184
31644
340
92
385
21743
7439
4909
14139
11587
30
22
186884
442
55297
219
489
891
7831
16202
10208
9241
1855
1858
21
198
40483
1100
972
710
198
14928
2114
9886
152
1418376000
499:0
1
89:0
30
-20
-3
1
6
-5
6
27
20
-61
2
1
-2
4
-4
1
2655
-2656
1088
-961
-128
37
-33
12
5
1602
-1460
-155
-2
157
163
-309
-16
0
4
1
304
-304
3
-4
2
1881
-1887
226
-226
2
107
-106
-3
5
756
-754
-7
1
67
-20
-45
5
10
-17
54
-46
-7
6
9
19
-35
38
-40
9
-3
52
-51
73
57
-136
300
-299
5
45
-2
-38
-8
9
-5
-7
99
-71
-28
8
-8
10
-10
35
-20
9
-21
-1
64
-15
-49
15
91
-84
-4
-16
23
-24
-1
29
-30
73
-7
-68
1
10
-7
0
38
-23
120
-135
6
-3
352
-291
129
-189
31
15
-36
-17
29
-29
0
1
-1
2:0
4
-5
42
-31
38
1689
-1736
0
16
-16
-1
1
-1
33
29
-60
106
-108
16
25
50
-70
270
-227
-62
3
-6
0
20
-18
27
-26
2
-2
1
83
-68
115
-127
-2
16
1
0
118
-137
57079
-57047
-34
5391
-5307
-72
7
66
-76
-10
79
35
-106
-3
-4
3
48
-47
95
-85
-15
45
-42
238
-237
208
-26
-182
3
11
0
14
57
-88
71
-66
-5
0
19
-14
114
-108
-9
0
2441
-748
-1619
-75
3
5
12
-7
30
-26
6
-14
-7
-1
11
-14
1214
-1210
149
-147
29055
-29056
2:1
142
-148
43
-40
331
749
-1083
166
7
-174
1
49
-45
7
3
1714
-1096
-619
-13
2:1
2
12
20
13201
-13210
-23
2877
-2868
43
-51
8
490
-196
1278
-1576
7
-4
0
-10
-2
0
3
6
76
46
-131
140
-139
14
2533
-2510
24
-63
4
139
-126
40
-51
0
24
-29
536
-504
441
-473
12
-4
62
-66
-4
679
-626
95
-140
28
227
-200
-62
0
287
-287
7
465
308
1377
-2159
2
7
-9
104
-101
36
-39
0
8
-5
2
45
-47
-1
1
74
33210
-33257
-19
-10
6
10
-9
13
-20
4
127
-130
5338
-5039
-217
6022
-6097
-7
14
21
-13
280
-300
-3
6
-6
32
-33
17
705
-719
-3
0
4
13
50
-66
0
-1
33
83
-114
0
-1
4
305
-306
10
4
-12
3
1
0
1024
-996
2
-36
-1
-2
25
-23
-1
22
-21
-2
7
823
-824
-7
22
49
-70
26
-13
10
-22
0
5
8
12
48
-70
0
-4
10
-8
-2
417
13733
-12294
-1850
91
-94
7
166
-70
-73
-19
-13
6
84
59
-142
-4
123
-122
983
-984
38
708
-749
106
335
-192
-231
-5
-6
0
-4
1
-4
0
16
-17
-1
5
13
-14
78
-72
10
98
-78
447
-469
126
-126
173
-191
24
-22
83
-83
6
4
-13
2:0
1
2:0
-1
0
1
-1
0
1
-1
2:0
1
-1
0
1
-1
1
3:0
-1
3:0
1
-1
1
-1
3:0
1
-1
0
1
3:0
-1
1
-1
2:0
1
-1
2:0
1
-1
8:0
1
0
-1
1
0
-1
1
0
-1
1
0
-1
2:0
1
0
-1
3:0
1
-1
1
2:0
-1
2:0
1
2
-1
2:0
1
-1
1
-1
4
-4
6:0
48
-48
7:0
7
0
-6
0
1
4
-6
0
6
-6
3:0
2
2:-1
3
-3
3:0
6
-6
2:0
5
-5
3:0
2:1
-2
2:0
1
-1
2:0
1
2
-3
0
2
2:-1
2
-2
2
2:-1
17
-17
0
1
4
-5
0
6
-4
-2
0
1
-1
2
-2
2:0
3
-3
3
-2
-1
1
6
-7
0
11
-9
2:-1
1
-1
3:0
4
-4
2:0
2
-2
0
5
-5
19
-18
0
-1
4:0
35
-35
5:0
1
-1
0
1
0
-1
0
3
2
-5
1
2:0
-1
1
-1
2:1
2:-1
2
2:-1
7
-6
4
12
-9
-8
3:0
2
-2
2
-2
3:0
8
-8
19
-18
0
2
-1
1
28
-30
800
-799
-2
56
-45
-11
1
2
-2
-1
2
2:-1
1
-1
0
8
-5
-3
2:0
11
-11
29
-28
2:5
-11
2
1
0
8
1
-12
3
-2
-1
0
6
-5
-1
2
-2
0
135
-75
-59
-1
1
-1
0
1
4
-5
2:1
-2
3:0
32
-32
12
-9
190
-189
-3
0
19
-20
5
-5
1
0
-1
18
-18
2:0
9
-9
1
-1
67
22
-87
2:0
1
-3
0
2
258
-254
-5
51
-52
8
-7
7
41
-46
218
-219
-2
2:1
-2
0
1
-1
3
-3
2:0
25
-24
1
69
-65
2:-3
1
9
-9
18
-18
0
10
-11
64
-60
9
-13
0
1
7
-5
-3
14
-10
-3
-1
4
11
-6
-9
0
6
-6
1
16
29
-41
-5
1
2:0
2
-1
13
-15
1
-1
0
2
1
-2
-1
0
1
145
-146
2
-2
0
6
-6
7
-7
2
6
-8
3
-3
6
398
-404
2:0
2
1
4
-6
-1
3
-3
2:0
2
28
-29
-1
1
-1
1
10
-11
3
-3
2
0
-2
0
1
0
9
-8
6
-7
-1
2
2:-1
36
-28
-5
-2
3
-4
0
2
0
-1
1
-2
3
5
-8
0
7
1
-7
-1
2:1
-1
0
-1
2:1
2:-1
5:0
84
192
-201
-75
0
2
0
38
-28
-5
-3
-4
0
14
38
-51
0
2
0
-3
4
-1
13
-15
2
60
-10
-50
-2
2
-3
2:1
-2
4:0
1
-1
1
6
-5
-2
10
-6
13
-17
10
-9
4
-5
0
1
2
-3
4
-4
29:0
1
-1
9:0
2
-2
17:0
1
-1
2:0
1
-1
1
-1
10:0
2:1
-2
2:0
1
-1
0
1
-1
1
-1
0
end
