v1
536
233
84
267
159
288
37
25
31
105
31
105
103
12
526
46
31
188
207
78
136
56
22
28
73
45
221
194
28
53
46
493
284
58
138
57
206
20
253
130
146
15
102
455
160
0
111
22
307
113
187
46
8
0
86
167
136
299
66
0
72
95
140
0
260
140
244
15
187
88
137
281
166
87
7
0
169
86
72
185
21
144
203
85
98
59
381
34
2:43
0
193
24
275
393
0
38
16
74
0
50
61
735
125
1
213
69
10
78
373
110
0
401
128
0
7
341
25
257
167
281
310
99
24
108
31
71
118
4
7
84
175
41
171
198
16
573
157
20
40
365
59
179
17
118
31
181
40
16
45
38
43
4
65
46
19
128
6
118
82
74
40
19
35
29
65
3
54
55
93
34
118
87
89
205
66
78
7
88
99
2:2
17
216
9
160
35
329
28
276
10
39
116
284
0
54
30
31
201
85
101
94
145
61
146
21
266
129
27
254
17
191
122
10
38
423
309
0
152
199
43
45
5
758
83
218
93
7
169
191
20
36
109
2
181
56
37
72
0
22
75
18
32
6
969
184
79
33
29
1
17
154
25
6
27
53
15
113
126
7
8
147
40
48
345
599
93
20
82
100
2
8
247
105
31
0
61
175
0
17
174
8
11
32
46
101
216
0
22
29
22
0
10
106
54
47
61
147
241
59
5
20
3
104
89
5
20
0
13
118
0
106
123
47
24
50
69
85
0
8
39
63
38
15
102
34
92
31
31375
22
9
204
32
1
0
53
0
14
30
85
88
76
1
119
36
8
22
986
144
22
5
63
111
71
166
15
3
0
47
5521
328
1553
5140
5256
2324
3236
2650
4766
11486
3424
4449
2
4
0
8088
2825
882
943
15
1533
933
474
1523
25
2
3128
8
2
5
1
2
1412
0
2107
1429
530
119418
1
1735
5973
33
26
47
9417
32421
18
4
42
125
40
43
0
30
1
0
19
72
17
5
54647
731
50
35
47
27
157
7
17
12
18
39
6
12
53
106
3
37
2
0
1
10
2:1
0
11
2
726
7
22
2:7
6
0
12
21098
4271
12281
4729
575
1668
1062
0
665
436
532
5
0
22
9
22
56
2
28
55
39
9
28
3
1
11
29
3
41
10
6
30302
9998
6
64
0
176
159
30
121
390
125
1
46
41
0
222
85
0
92
110
24
25
228
9
24
33
18
14
27
103
60
0
42
30
636
25
37
19
55
17004
13
9723
1
162
102
14
18
10
7
55
13
42
1418033400
535:0
3
29
-21
-5
-6
3
36
-5
55
-84
5
0
-9
3
-1
1908
-1910
-1
0
878
-740
-127
135
-139
6
-11
5
0
14
-19
-2
22
-21
-1
27
-27
13
98
-108
1
39
-35
4
-12
0
19
-14
-5
0
65
12
-77
0
89
-41
73
-121
2
0
42
-7
-37
0
10
-10
3
-1
22
-23
489
-486
3
29
-32
1
0
7
-11
8
-8
29
-26
0
17
-18
6
38
-46
4
0
6
92
-68
-35
1
114
-114
-1
0
13
-12
143
-137
-4
70
-33
-39
15
-13
-3
0
19
-19
0
51
-50
40
-40
23
-24
4
2
0
-4
4
-6
164
-160
13
-12
5
68
-53
-13
-1
331
-181
-157
14
28
8
-53
14
9
-23
3
-3
65
-66
45
-7
1934
-1970
0
1
42
-9
-10
201
-193
-31
15
-16
8
19
-26
-2
0
104
-104
120
-119
1
62
167
-228
-4
17
-9
9
-13
8
-11
3
-3
2
126
-129
5
77528
-72007
-5468
-50
-4
14
-18
5
140
190
-307
-28
4
7
1796
-1759
-3
-42
1
2
76
-81
49
-34
143
76
-235
1
2
-2
1
-2
6
28
-32
53
-20
-27
-8
252
-244
8
-8
20
-14
-13
21
-20
0
3042
-1035
-2009
12
4
-15
1
22
10
-32
-1
2
5
-5
-2
0
10
-7
582
218
-797
28
27531
-27565
0
213
2098
-2258
118
-151
-18
503
-505
5
-3
-2
-1
132
-118
0
-10
-3
1308
-782
-495
-32
7
-5
0
1
-2
-1
0
2
22
11652
-11673
1730
-1699
-33
18
577
-586
3815
-3822
8
10
-20
-1
0
2
0
10
-7
-5
2
-2
2:1
0
-1
121
-119
6
-9
8
265
-272
3
1028
-994
47
-81
-3
-1
0
2
0
-1
400
-398
112
-99
-15
69
197
-258
363
-369
16
-1
-16
0
126
-125
80
-81
2:0
19
66
482
-439
15
-140
-2
430
974
-1397
-3
231
-232
39
-43
0
3
-4
106
-85
315
-241
-95
5
-5
0
14
-12
16
32391
-32398
-12
11
-11
1
2
18
-20
31
33
-63
-2
259
-258
38
1983
-1998
-20
644
-646
1
12
-13
0
10
-12
0
3:1
663
-658
0
3
75
-84
2
8
-10
0
11
-12
22
3564
-3575
-11
7
16
-14
-7
-3
11
-10
426
-411
-3
6
-15
-4
2
0
9
-7
-2
0
4
-1
-2
0
15
537
-544
2
3
4
-14
6
-7
-2
17
-20
4
5
-8
21
-19
8
-9
420
22202
-19507
-3116
0
22
-22
16
276
-277
-16
98
-93
0
9
-14
2:1
2
97
13
-102
-12
0
131
-71
-1
-58
11
-9
-3
24
1076
-1092
305
369
-667
24
-29
-10
0
9
3
-11
2:4
19
-6
-20
4
274
-161
1169
-1285
202
466
-665
-6
35
-26
-4
2:1
0
-1
4:0
1
-1
5:0
37
-37
2:0
7
1
-6
0
-2
5:0
8
-8
6
-6
3:0
1
9
-10
10:0
1
-1
3:0
5
-5
3:0
2
-2
6:0
2
-2
19
-19
0
1
-1
2:0
3
-3
1
-1
0
1
-1
3:0
1
-1
2:0
1
0
2
-3
0
2
2:-1
3:0
8
-8
0
8
-6
-2
4:0
4
-4
5:0
3
-2
-1
5:0
10
-10
4:0
2:1
-2
4:0
31
-31
4:0
1
-1
3
-3
8
-7
2:0
1
-2
0
8
-1
4
-8
-3
1
-1
0
2
-2
4:0
6
-6
2:0
20
-20
0
3
-3
2:0
1
-1
3:0
22
-22
1
712
-666
-41
-2
0
-3
-1
0
2
1
-1
-2
0
2
1
-3
6:0
9
-9
20
-12
-8
3:0
1
-1
0
3
-3
8
-6
-2
0
7
-7
3
-3
4
-3
-1
1
-1
0
106
-50
-56
4:0
2:1
-2
2:0
3
-3
2:0
3
-3
28
-18
-9
0
196
-194
-3
17
-17
5
-2
-3
1
14
-15
4:0
11
-10
0
-1
0
51
37
-85
-3
0
1
0
-1
4:0
7
220
-226
45
-44
-2
13
40
-51
219
-221
2
0
-2
4:0
1
-1
3:0
2:1
0
-2
4:0
1
32
-33
0
74
-69
-1
-4
6:0
14
-13
20
-18
-3
10
46
-53
11
-14
0
2
-2
0
12
-9
14
-17
3:0
5
2:6
-14
-3
1
12
33
-46
0
4
1
8
-13
4:0
2
4
12
-16
-2
5:0
100
-100
0
1
2:0
-1
3
-3
2
3
-5
3:0
4
160
-162
-2
8
-8
0
3
-3
0
1
-1
4:0
30
-30
1
0
8
-9
6
2:-3
3:0
4
3
-4
-3
0
13
-13
2:0
3
-3
46
-43
0
-2
0
1
-2
2:0
1
-1
0
1
0
-1
0
3
0
-2
2:1
-1
-2
3
-1
0
2
-2
0
-2
2:0
2:1
-2
67
236
-242
-61
3:0
2
37
-38
-1
8
-8
0
4
-4
3:0
11
23
-27
-7
0
9
-1
0
-8
2
-2
0
1
11
-11
70
-1
-70
2
0
-2
0
2:1
-2
0
3
-1
1
-3
2
9
-5
16
-22
12
-7
-5
0
3
-3
0
end
