v1
672
207
332
45
159
343
100
43
167
72
158
17
321
119
274
1
106
170
1
38
13
6
19
37
22
28
614
46
165
262
78
272
580
152
159
234
132
483
111
34
401
501
573
244
95
156
28
328
24
19
21
166
225
349
164
21
20
242
99
158
368
51
132
474
3
575
431
436
58
388
54
126
213
79
12
35
31
884
135
366
424
281
542
30
528
66
275
16
212
295
42
24
288
294
158
427
27
29
12
71
43
19
96
5
144
4
2
101
15
73
9
74
40
19
29
6
29
65
112
30
215
87
287
73
173
55
65
94
326
31
55
243
304
10
34
5
116
146
138
54
121
141
118
68
41
90
166
3
146
443
295
289
10
38
153
229
41
423
93
12
175
50
758
253
48
93
18
349
165
2
230
44
93
1
75
50
328
910
33
29
241
42
15
113
19
107
7
8
147
433
599
10
83
20
77
107
8
400
4
3
37
175
191
8
11
32
336
27
73
116
54
108
127
20
88
212
5
20
3
99
94
5
9
142
403
23
78
47
143
109
31490
8
22
9
43
194
97
37
136
76
8
112
36
8
22
932
220
68
111
71
43
18
105
15
50
9
3301
1900
311
316
9
3
1553
3764
1376
10816
2650
4766
5782
9128
4449
2
4
10
8028
48
49
2764
896
943
15
2466
5143
1
18
5
1
2
1425
3523
119948
1
7741
26
47
9417
32418
3
22
207
165
17
5
16
10999
44363
33
52
47
27
157
7
2
27
57
6
12
159
3
27
13
10
2:1
11
2
769
138
29
13
2
25205
9030
8555
403
1265
873
189
1635
14
11
31
86
27
8
22
2:37
3
1
11
29
30
20
4
6
30302
1513
8273
218
64
176
100
600
126
46
263
85
202
277
9
22
2
4
14
15
18
144
78
10
5
9
30
173
488
32
5
19
17
38
14805
202
20
11713
1
162
116
55
48
62
0
-488579
1365
14
42
122
536
263
289
25
44
501
75
6
121
437
56
157
267
7
10
216
489
61
92
560
377
303
167
80
24
342
127
129
514
262
311
206
112
414
333
80
20
12
124
286
86
110
178
157
608
110
608
60
151
1231
404
105
591
0
428
381
390
235
44
9
24
280
52
7
53
789
219
78
631
179
10
493
15
14
45
108
11
22
1
7
1
65
117
144
220
32
20
28
92
38
233
114
341
13
1
76
449
160
394
543
171
219
191
101
239
212
267
15
32
124
248
6
17
24
304
99
666
328
66
1180
198
136
75
36
135
42
164
0
44
102
332
296
18
191
12
248
517
6
536
117
262
348
354
453
10
105
337
70
188
45
13
146
124
160
79
96
353
180
6
5
133
218
262
21
30
237
113
111
11
31645
86
14
0
92
23
124
0
2
104
1106
56
542
2
932
5345
3897
13216
19353
15481
47
2
22
2804
3373
6084
5497
115875
11362
41824
14
51
11
119
4
87
26
20
53
46
55382
41
47
150
123
38
149
16
55
73
679
29
32
95
3514
38770
813
164
1188
1095
710
436
533
4
31
18
2
147
0
4
40
72
3
27
40728
86
675
300
233
27
0
324
0
49
128
51
460
323
15054
1973
13
9722
152
114
32
5
67
41
1418141400
399:0
1
271:0
178
-155
-5
21
-35
0
1210
-1212
38
-22
-16
1
4379
-4368
-2
11
-12
51
-59
-1
90
-90
646
-636
218
-219
-8
1
29
119
-98
-43
113
-57
115
-164
-8
44
-52
18
5
11
-34
156
-155
-1
0
1
118
-106
94
787
-885
-9
8
148
-139
-16
0
13
-3
253
-230
-34
443
-425
-18
55
62
-65
-51
497
-497
1506
-1475
-32
110
-91
1
4
-23
17
262
-280
100
-87
1052
-1065
16
-16
399
-373
199
-205
2
-20
5
0
27
-27
4
10
-14
426
-295
204
-342
25
52
204
-227
-26
113
-141
1
142
450
-593
273
-192
-71
-10
270
-211
8
-41
-26
8
427
-435
370
-313
94338
-94394
5867
-5742
-103
-15
5
6
37
-56
2
18
-8
66
-78
8
-6
-2
63
-62
331
-316
20
404
-369
-71
0
2
-1
56
-46
113
-88
-36
213
-189
-16
-8
8
-8
7041
-2917
-4112
-4
40
-37
0
-11
37
-16
927
-937
336
-336
12
59699
-59489
2283
-2508
-7
13
-14
919
-918
-1
17
-16
48
-29
6
2178
-1505
-671
-28
9
83
-25
22639
-20022
-2683
21
80
-79
543
-548
1958
-1976
11
8
-19
1
-1
17
-9
14
-11
642
-652
3203
-3170
227
-248
1
172
-185
151
-133
-2
48
893
-943
1388
-1402
677
-664
65
-72
-5
-1
205
-129
-48
279
-142
-90
-30
-1
87
98
63
-272
260
153
5216
-5399
-84
-65
-85
15
-31
6
0
1
3
-10
8
3
113
-117
-8
1
123973
-123951
-22
-1
11
45
-56
405
-119
-285
39
31997
-32037
93
64
-77
-72
121
866
-995
0
1
33
21
-47
12
15
-26
0
26
-27
192
-190
213
-186
67
-91
-3
939
-866
-71
-4
-8
0
1
21
-21
-1
15
3
-17
107
23
-115
28
2
-37
177
-170
-5
-10
-1
170
252
24224
-21653
-2993
2:0
15
-7
298
-306
11
-1
176
-147
-26
23
-36
130
-111
3286
-3269
-15
-8
956
-955
15
-29
53
432
9497
-9967
58
-58
-14
8
18
-26
2:0
-1
89
-81
332
-340
138
-138
521
-500
324
-179
-155
-2
112
1
-122
-1
0
-1
4
2
-5
1
-1
7
-7
-1
0
5
-4
5
1
-6
0
-1
0
6
-1
0
2
-6
5
-5
6
1
-7
4
-4
-1
0
2
5
-6
2:0
-1
2:0
1
8
-8
-1
1
3
-3
6
-6
4
-5
6
-5
4
-5
0
1
0
8
-1
-8
5
-4
5
-5
7
-7
0
3
-4
1
-1
0
4
-3
8
-8
0
5
-6
1
-1
6
-1
0
-5
7
-1
-5
7
-4
2
-5
7
-8
1
4
-5
6
-1
-5
1
0
4
2
-3
2:1
2:-1
-4
4
-3
2:0
1
2:-1
1
0
3
-4
4
-3
7
0
-3
-1
-2
6
0
-8
1
0
-1
0
1
-1
5
-5
1
3:0
6
-2
0
1
-6
0
4
5
-9
1
7
-7
7
0
-2
-6
2
4
-5
3
-3
3
-3
0
4
-4
-1
0
1
-1
2:0
8
-8
0
1
0
-1
1
4
-5
1
0
-1
8
-8
9
-9
5
-4
0
4
-4
-1
0
1
7
-8
2:0
1
5
2
0
-6
3
-4
-1
0
1
-1
0
6
-6
0
8
-8
4
-3
-1
6
-5
0
3
-3
0
5
-1
2:1
-1
-6
1
0
-1
2:0
2:1
5
-5
-2
1
-1
1
7
-8
6:0
1
0
-1
0
8
-2
-5
7
-8
0
6
-6
3
2:-1
2
-2
3:0
2
2:-1
0
62
-62
3:0
3
-3
0
6
-6
9
-1
-6
-2
17
-17
2:0
10
-10
7
-5
1
-2
-1
3
-3
5
-3
2
-4
3
-2
-1
2:0
3
-2
2
25
-28
0
1
-1
7
-7
6:0
3
-2
-1
1
-1
8
-8
17
-17
0
1
-1
7
-5
-1
2
-3
0
1
-1
17
-15
0
-1
0
-1
0
1
59
-60
1
2:0
1
11
-11
-2
6
-4
-2
25
-25
0
15
-14
25
-19
-7
7
-7
0
1
7
-7
-1
5
-5
0
36
-30
-6
1
-1
3
-3
0
64
-59
1277
-1282
73
-52
-21
3
2:-1
3
-4
2
2:-1
0
2
2:-1
0
4
-4
33
-29
1
13
-16
-2
3:0
10
-10
7
-1
-6
7
-5
2:-1
1
-1
293
-184
-109
1
2:2
-1
-4
7
-5
44
-45
9
-5
-4
383
-354
-27
-2
0
4
-5
16
-16
0
1
-1
9
-6
-2
85
11
-92
-5
2
-1
10
510
-459
-62
1
3
11
60
-71
321
-325
3
0
-3
1
0
-1
0
1
0
65
-65
115
-110
5
-11
1
17
-18
24
-22
-2
23
86
-106
30
-32
2
-1
13
-10
-5
0
28
-27
2
-3
2:0
11
-11
0
16
18
-33
14
1
65
-77
-2
5
3
12
-22
1
-1
0
1
-1
2
1
-2
3
-3
-1
241
-241
2:0
2
6
-7
6
-7
2
0
1410
-1412
3
7
-6
-3
3
52
-55
-1
1
-1
13
-13
18
-13
-3
1
-3
5
10
-13
-1
14
-15
5
-2
80
-78
-3
0
-2
5:0
2
0
-2
12
-10
-1
2:0
-1
5
-3
-2
2:0
3
46
406
-370
-84
-1
0
1
2
58
-60
1
-2
13
-4
-7
-1
0
45
-42
13
-11
-3
-2
14
-14
-1
2:0
129
123
-248
11
-14
-1
0
14
-10
-3
0
1
6
-5
13
-16
2:0
11
-7
11
-1
-14
0
1
0
-1
8:0
1
-1
2:0
17
-17
3:0
1
-1
32:0
1
-1
8:0
2
-2
4:0
4
-4
6:0
1
-1
1
0
-1
2
-2
2:0
1
0
-1
5:0
1
0
-1
10:0
2:2
-2
0
2:-1
2
-2
2:0
1
-1
3:0
1
-1
2:0
1
-1
0
4
-4
3:0
1
-1
4:0
1
-1
8:0
1
-1
3:0
1
-1
0
3
-3
3
-3
2
-2
0
3
-3
2
-2
7:0
1
-1
6:0
1
-1
6:0
1
-1
2:0
2
-2
0
2
-2
7:0
1
0
-1
2:0
2
-2
10:0
7
-7
2:0
1
-1
7:0
2:1
-2
6:0
1
-1
4:0
1
-1
10:0
1
-1
4:0
1
-1
end
