v1
548
207
365
521
341
34
130
44
441
524
27
58
56
22
28
118
496
470
3
4
346
147
585
393
449
299
12
401
501
385
188
495
399
187
93
132
381
153
20
242
257
354
14
183
104
921
27
431
282
212
307
135
339
69
57
277
638
874
51
254
460
339
394
275
16
76
497
288
286
8
281
92
212
41
15
83
46
1
34
7
89
128
6
13
105
82
74
73
50
65
3
109
245
216
231
173
99
21
225
524
314
39
116
146
85
53
54
121
141
186
41
405
272
15
740
48
153
229
41
535
218
758
301
93
367
167
66
115
93
94
75
1209
79
33
312
128
19
107
0
7
155
433
447
164
101
82
102
88
154
210
34
332
8
11
32
363
22
67
100
54
108
35
112
218
82
5
20
3
193
3
2
0
257
238
270
189
91
32
31375
22
9
138
70
29
97
173
84
112
36
8
22
1152
68
111
71
166
18
47
5521
328
1553
5140
4236
6580
2650
4766
14910
4449
2
8096
4646
15
1533
920
5173
2
8
4948
116404
3545
7716
25
73
9417
32411
32
167
40
165
17
5
7255
48123
85
74
157
93
6
12
162
37
2
9
3
1
11
821
126
16286
7747
10208
7980
498
77
1668
1062
1633
2
56
53
96
68
3
1
43
51
6
30302
10004
64
1001
1
46
263
85
0
202
286
22
6
14
15
18
144
78
20
34
337
361
19
55
17017
9722
2:1
162
116
2
16
72
80
-488322
252
663
49
139
490
0
314
243
0
288
0
319
186
191
7
227
690
17
280
0
425
538
88
385
307
261
80
62
70
460
342
183
245
237
155
254
486
1277
37
211
43
204
236
24
255
413
54
74
0
282
355
268
67
1382
373
55
650
89
483
405
922
111
378
328
151
24
103
243
142
35
3
77
5
21
123
107
76
154
60
107
88
39
74
596
356
291
35
633
83
450
715
222
343
281
208
99
1002
0
8
187
191
809
7
185
0
427
6
109
276
0
225
322
589
44
486
2:25
12
89
94
395
679
46
554
217
442
63
152
0
31
35
0
181
73
290
31
65
92
261
191
20
0
225
54
123
50
176
16
85
148
60
168
0
31656
86
106
114
33
40
128
990
110
218
1258
2425
2213
2542
2410
9647
1110
2111
18917
6488
9476
2
22
4663
2447
22066
104457
53244
127
10
87
50
53
46
11
55363
324
24
6
15
10
127
77
55
15
726
8050
13109
4271
3235
14273
562
2011
44
855
979
16
30
131
5
14
31
131
9
0
31816
0
8555
176
159
30
511
22
150
41
196
96
241
264
175
89
46
284
291
125
60
13
14904
24
2127
10037
19
53
58
1418383200
299:0
1
247:0
29
-10
30
-30
-12
42
74
1369
-1485
14
48
117
-173
214
-201
4
-16
306
-314
26
2178
-2092
864
-868
-109
5
3
18
-3
-22
0
30
-21
-10
234
-184
-8
48
-73
-15
3
-4
101
-86
-4
737
-737
-3
61
-69
67
205
-247
-5
-17
13
-16
51
-52
9
13
100
-101
3
-10
354
-151
-209
30
-35
21
-23
3
34
-37
2
1438
-1441
27
-22
66
-5
55
-117
255
-203
-54
10
57
-58
3
53
-52
130
-128
-12
16
-18
132
74597
-71245
-3394
-78
-10
-4
23
-21
24
-26
73
-69
-4
38
2
77
-115
23
514
-538
49
-36
57
-68
366
-364
20
-21
-5
2791
-984
-1803
10
-11
0
1298
-1299
73
-44
-28
26935
-26903
-14
-19
93
-92
211
-16
-196
16
-16
2
1035
-511
-517
-11
1
9
-5
17006
-14705
-2306
12
-11
12
564
-565
1192
-1197
18
-16
1
9
-19
2
209
-210
5
2841
-2834
169
-172
-3
-5
99
-25
-74
35
837
-627
39
-278
-2
87
-85
44
-45
164
-146
215
-148
264
-351
286
1146
2637
-3895
-178
31
-28
6
3548
-3554
0
115
38092
-38205
27
-31
29
31
167
-156
3932
-3981
178
-164
-35
4
38
720
-745
-1
55
12
-75
10
343
-361
4
-2
-5
1
298
-282
63
-62
91
-109
1
8
1
-10
457
-434
42
-50
6
25
158
-204
260
12339
-10828
-1666
-102
133
-134
49
-51
35
41
-76
195
-185
-2
3
710
-719
16
90
221
755
-1073
18
-25
18
35
-41
10
35
-58
11
134
-123
291
-236
-72
323
-242
-81
-12
0
1
-1
0
-1
0
2:1
0
-2
0
2
-2
2
-2
3
3:-1
2:0
1
0
4
-3
1
3:-1
2:2
-2
-1
3
2:-2
3
0
-2
2
1
-3
0
3
-4
0
1
-1
0
1
2
2:-1
0
2
2:0
-2
3
-1
-3
1
3
-3
4:0
3
-4
4
-3
2
-3
2
-2
0
4
-3
3:0
1
-2
2:0
3
-2
3
-3
1
-1
1
0
2:-1
2
0
-1
3
-3
-1
4
-4
2:0
1
2
-3
1
2
-2
2
0
1
-3
2
-2
1
-1
2
0
-1
-2
2:0
1
-1
2:1
-2
0
4
0
2:-2
4
-2
0
2:-1
0
3
-3
4
-4
0
3
-2
-1
3:0
3
-2
0
-1
1
0
-1
1
2
0
-1
-2
0
3
0
-2
3
-3
0
2
1
-1
-3
3
3:-1
2
0
-2
1
0
3
-3
0
-1
1
3:0
-1
1
0
2
-1
-2
2:1
-2
1
4
-1
-2
0
-2
4
0
-4
2
0
1
-2
0
-1
3:0
2
0
-1
2
0
-1
2
-1
-2
2:0
-1
1
2
-3
2:1
2:-1
2
2:-1
4
0
-4
2:2
1
2:0
1
0
-1
0
43
-43
0
2
5
-3
-1
-3
4:0
5
-2
4
-4
-3
0
1
0
3
-4
2
-2
1
-1
0
16
-15
1
-2
4
-3
-1
4:0
2:1
-2
4
-4
5
0
-4
1
-1
3
-4
3
-3
1
3
10
-13
-1
3:0
1
41
-42
0
1
-1
3
1
-4
5:0
8
-8
4
8
2:-6
0
6
-4
-1
3
-4
14
-12
-2
1
0
23
777
-752
-38
-11
2:0
4
-3
-1
2
-2
1
-1
6
-4
18
-12
-6
8
-10
5
0
6
-10
9
-8
-1
0
-1
134
-63
-71
2
-1
2
22
-25
6
0
-4
214
-203
-5
-8
4
-4
15
-15
0
5
-5
1
55
12
-65
-1
-2
0
2
271
-230
-43
2:0
11
32
-40
221
-223
-1
1
0
-1
2:0
34
-32
-1
55
-52
2
-6
0
1
5
16
-20
10
59
-67
15
-17
-1
7
-5
8
-7
-3
5
2
8
2:-8
16
26
-37
-2
2
5
-10
3
4
-5
-2
1
157
-157
10
-10
4
-5
0
6
293
-299
6
-4
1
-2
2
31
-28
-5
13
-12
3
1
5
-8
6
-7
2:-1
36
-34
1
-3
1
-1
2:0
4
-4
2
3
-1
1
-4
0
-1
1
40
201
-182
-60
1
25
-25
6
-6
11
17
-27
1
-2
0
2
12
-15
2:3
43
57
-102
3
-7
8
-8
3
0
5
-8
0
13
-11
9
-2
-7
2:0
-2
14:0
1
4
-5
13:0
1
-1
2
-2
5:0
1
-1
15:0
2:1
-2
10:0
1
-1
0
2
0
-2
1
-1
8:0
1
-1
4:0
1
-1
0
1
-1
12:0
1
-1
4:0
2
-2
17:0
2:1
2:-1
2:0
1
-1
2:0
2
-2
9:0
2
2:-1
17:0
2:1
-2
0
2
-2
13:0
2
-2
4:0
2
-2
1
-1
7:0
2
-2
0
1
0
-1
5:0
1
-1
4:0
2
0
-2
4:0
1
-1
8:0
1
-1
2:0
end
