v1
843
55
152
3
329
204
381
105
52
139
48
301
149
46
66
35
18
603
6
56
7
15
338
304
39
98
74
59
265
288
147
10
423
152
89
67
3
162
72
132
57
266
136
135
22
79
234
100
194
18
23
266
160
341
5
67
489
6
54
322
23
21
162
4
58
105
43
19
281
68
42
143
20
76
133
33
194
63
368
136
151
642
306
297
134
90
404
442
104
215
20
69
57
277
130
508
69
59
7
104
117
200
30
339
254
27
121
26
24
139
46
216
101
304
95
94
226
49
16
93
377
79
24
237
51
16
270
8
255
149
59
171
7
28
17
6
19
13
25
18
69
46
2
3
117
27
4
60
58
73
9
7
67
45
2:14
32
18
0
30
35
37
1
3
16
38
17
127
118
74
102
211
59
1
46
127
120
225
160
35
219
110
292
12
10
39
116
117
167
54
121
7
28
106
85
101
41
256
3
146
5
267
15
129
275
6
17
14
299
10
36
2
153
8
221
41
309
219
225
758
199
102
71
29
360
56
109
2
274
94
75
50
325
407
229
277
33
29
147
50
6
80
128
113
13
7
8
59
88
40
283
110
275
172
245
20
82
100
2
245
207
175
2:70
51
8
11
32
67
19
277
51
38
100
54
47
61
19
128
88
212
5
20
3
196
2
31
174
52
122
72
103
16
132
63
21
93
41
34
92
31399
2
5
22
9
237
50
3
44
85
88
76
8
112
36
8
22
1043
109
68
111
71
166
15
3
47
3310
2211
328
1553
322
341
3101
1376
10801
15
2650
1552
3214
4992
790
8312
816
3064
2
1383
0
2
8089
2:1
5
2821
882
943
15
2466
474
4670
16
2
5
3
1425
20
3503
119948
1
7741
73
9417
2665
29746
10
22
124
83
72
1
73
36
5
16
54631
781
35
74
157
7
2
27
3
15
39
6
12
17
129
16
27
10
2
1
10
2:1
11
757
127
6
12863
3480
4654
3093
1178
9030
7980
575
1668
454
608
665
968
3
2
2:6
41
49
37
49
5
40
9
28
3
1
43
47
4
5
1
30302
10004
64
176
69
31
32
27
666
1
46
240
23
43
42
202
24
17
236
9
42
15
18
41
103
47
5
26
3:5
9
30
273
375
50
19
4
13
38
14802
2215
9722
2:1
149
13
1
101
14
18
2:36
13
52
10
5
23
7
-488372
256
31
0
148
308
53
167
199
35
324
92
96
203
188
314
465
114
0
168
493
114
228
82
56
260
70
23
38
126
0
142
0
160
216
63
106
485
370
0
167
324
128
91
135
13
482
43
61
60
0
44
72
0
25
408
3
99
7
75
26
11
0
91
463
204
101
265
193
9
685
44
353
197
447
373
78
102
0
42
27
15
157
0
273
100
195
21
221
177
89
79
41
0
55
39
3
58
0
301
109
251
183
44
0
252
366
45
407
24
255
242
0
113
39
25
393
454
83
39
815
300
6
27
13
2
26
0
35
0
10
44
63
0
6
16
0
1
78
0
1
310
0
19
53
8
52
36
70
618
306
309
102
0
10
228
293
52
117
200
175
315
203
343
3
0
135
0
623
0
295
0
153
151
99
780
38
5
0
42
152
52
0
299
404
0
480
233
0
89
245
1
295
0
142
360
624
349
240
0
227
650
15
9
601
178
171
191
141
0
12
7
71
451
24
17
3
0
14
259
265
6
50
14
104
17
261
39
117
280
457
47
27
2
0
194
10
0
52
91
0
14
32
31376
42
280
196
55
200
0
958
54
0
64
80
454
5895
14276
12767
2874
1623
4874
4349
1304
2226
8088
0
20
1
4663
1514
0
920
0
2037
3144
16898
0
104457
5279
6083
0
41852
167
0
4
133
72
27
82
0
55291
38
442
27
3
61
0
60
0
1
73
682
51
161
6
0
3445
11697
3495
0
24391
165
38
44
2055
1
1858
0
18
145
8
83
31904
8241
0
679
511
213
0
292
268
0
224
100
776
146
102
14899
66
2049
10050
0
1418860200
499:0
1
342:0
11
74
-78
-1
6
43
23
-54
-11
3
-4
9
-5
12
-12
3865
-3874
436
2388
-1326
-1458
-34
7
-7
95
-20
-78
13
37
-52
9
17
68
-77
-16
23
-6
42
-58
-4
22
-1
351
-373
21
-18
27
-27
-3
35
309
-341
0
-3
123
-79
-5
12
-48
61
-54
10
7
-24
1
13
225
-241
49
-49
2
5
22
-27
0
3:3
-11
2
-1
1223
-967
3223
-3465
693
-556
-133
-10
549
-527
-17
-13
1
47
55
-84
25
-44
33
-12
-5
-14
21
345
1922
-2291
-1
3
10
4
68
-82
2031
-1632
-399
1435
-1431
0
-5
-2
514
-513
13
2:-3
75
-81
13
-14
1
40
-41
142
-128
-13
396
-325
47
-22
-94
0
-2
-1
3
105
-109
39
1803
-1338
-492
98
-98
-2
0
1975
-1745
-2
-232
762
-738
107
-127
254
-255
15
-23
329
-319
-8
27
-28
130
-129
41
113
-101
-46
2
7
232
-248
58
93247
-85269
-7813
-225
10
15
11
-22
-11
136
-46
393
95
-573
853
-854
20
-7
31
-51
3
38
-17
-22
98
-99
14
424
-431
-7
243
313
-549
-8
-1
159
-156
440
-392
-47
468
-467
35
335
-372
10742
-8938
-1776
-20
-10
7
57
82
-119
-19
-7
10
47
3051
-3110
1634
-1620
2
-14
32797
-32783
0
200
-211
29
57
-83
-1
-5
372
-371
145
-100
-4
-42
34
3826
-3200
-652
-4
0
172
-149
29
52
30378
-30469
5268
-5285
10
23712
-23706
1832
-1844
3480
-3485
66
-65
295
-294
1
44
97
-17
-5
-113
-9
15
-1
1044
-1011
-37
1240
8284
-9200
19
-351
-1
0
348
-293
204
-193
-61
109
1460
-1537
488
-522
555
-553
116
-74
220
-268
72
217
-117
-37
973
-902
-207
8
-3
1378
-1371
514
18669
-19122
3561
-3633
2
441
-398
-42
4
6
0
100
-114
1
2:0
3
15
511
-476
-40
-12
14
-12
58782
-58749
-35
3
-4
27
-26
300
81
-305
7624
-7618
-83
0
1279
-1279
21
-22
23
227
-160
880
-961
25
-18
-10
10
39
-31
-20
48
22
-72
80
180
-252
2266
-2219
-18
-24
-15
1
9
42
331
-289
-10
-75
-9
1
11
1904
-1911
101
-105
15
69
-50
89
20
-92
-28
1977
-2000
8
0
27
-5
-31
19
-10
470
-420
70
848
21769
-17479
-5266
55
-27
-25
1010
-1002
194
1132
-1276
-54
10
-17
0
425
421
-832
7
408
-322
78
-108
-72
2
315
4485
-4796
713
4673
-5361
61
-89
2
-5
12
11
-4
-25
102
-100
20
-7
1030
-1039
12
181
-130
46
-84
1388
-1077
-337
1681
-1669
46
82
-60
-79
86
-88
12
1698
-1648
-66
14
-17
2
-4
0
1
3
-4
1
2:0
1
-1
1
-2
3
1
0
-3
0
4
-3
0
-2
4
-2
0
1
-3
3
-3
0
3
0
-1
3
-1
1
-5
3
0
-1
2
0
-2
2
-4
0
1
3
-3
0
1
-2
0
5
-2
2:1
2:-2
2:1
2:0
-1
0
-2
1
2:0
1
-1
2
0
-2
0
3
-1
0
-3
1
-1
1
0
3
0
-2
0
2
1
-4
0
2
2:0
2
2:-2
0
1
-2
3:1
0
-2
3
-3
3
-3
-1
1
0
1
2:-1
4
-3
3
2:0
-4
3
0
-2
-1
3
0
-3
0
1
4
-4
0
-1
2:0
2
-2
0
2
1
0
2
-3
-1
1
2:-1
3
2:0
-3
2:0
5
-3
-1
1
-1
3
-4
1
0
-1
0
1
0
2
0
-3
0
2
0
-1
3
1
-4
2:0
2:1
0
-1
-2
0
2
-1
0
3
-4
2
-2
0
1
0
1
2
-1
0
-2
3
-2
0
2:-1
2:2
-4
2:0
4
-3
-1
1
2
3:0
2
-3
-2
1
3
-4
1
2:2
-3
-2
3
-1
-2
1
0
2
2:0
-1
-2
0
2
1
2:0
-1
1
-3
3:0
1
0
2
-3
1
2
2:-1
3
0
-2
2
-2
1
-2
0
4
-3
0
-2
0
1
0
4
-4
-1
0
2
2:-1
0
2
-1
0
1
-1
4
-2
-3
0
4
-4
2:2
-3
-1
3:0
1
2:0
1
-2
1
0
2:1
-2
0
2:1
2:-1
0
-1
1
0
3
-3
1
2
-3
2
0
2
0
-5
0
2
-1
0
1
-1
3:0
4
-2
1
-1
0
1
2
-2
0
1
-1
4
2:-1
0
2:-1
3
-3
0
98
-98
22
-6
-11
9
-14
0
1
-1
3
-2
-1
8
-7
-1
2
8
-10
0
2
2:0
-2
0
2
-2
8
-8
2:0
2
-2
0
1
11
-12
0
1
6
-6
2
-3
0
2
2:-1
6
-5
-1
0
10
-10
1
-1
2
-2
2:0
2
0
-1
2
-3
1
-1
12
-12
11
-7
2
3
-9
1
15
-14
2:-1
0
5
-5
1
2
-2
0
3
-4
1
0
-1
3
-3
2:0
3
-3
2:0
3
29
-32
22
-22
1
0
-1
4:0
1
63
-63
2
-3
0
8
-8
3
2
-5
33
-33
6
3
-3
-6
3
-3
1
16
-17
22
-20
23
-25
6
-1
-3
-2
4
1
0
-3
13
-15
2
-2
2
-1
5
-6
11
-11
3:0
12
-11
5
-1
2
-2
-4
0
62
-63
11
1380
-1299
-66
-26
3
0
3
-6
1
6
3:-2
3
26
-26
-4
1
7
-6
-2
2
-2
1
16
-15
-1
36
-31
-6
10
11
-19
1
-3
12
-8
31
-33
-2
8
-5
0
10
-10
405
-336
-69
2:-1
2:2
25
-27
-2
2:0
2
66
-69
36
-34
2:-1
305
-301
0
26
-30
3
1
2:-2
0
28
-28
23
-14
-5
-3
2
121
11
-132
-2
2
4
-2
-3
14
540
-552
132
-134
-1
44
-29
63
-78
506
-506
4
-5
2
0
2
-3
-1
44
-34
-6
-3
-1
4
130
-134
2:1
205
-197
-1
-9
2:0
19
-16
50
-46
-3
32
109
-137
31
-39
5
-2
12
0
34
-49
6
-1
0
14
9
-17
-10
-1
1
80
-81
31
82
-113
7
-6
-1
2
3
-5
0
14
0
17
-28
-3
2
-2
0
3
2:0
3
-6
0
2
246
-246
1
-2
-1
6
-5
22
-23
9
627
-636
1
-1
21
-21
9
-8
2:0
6
53
-57
2
1
-5
10
2
-8
-1
-3
0
2
11
5
-8
-11
0
25
-22
0
-1
4
-3
44
-36
-5
2:-3
2:0
13
-9
4
-8
3
8
-8
7
-10
8
-6
12
-14
3
-3
2
3
-4
2:0
-1
10
-1
147
383
-334
-203
4
-2
-4
199
-197
14
5
-13
-5
-1
-2
0
49
86
-128
-5
17
-18
10
2
-12
0
8
46
-54
109
184
-292
30
-30
-2
4
-4
1
4
-4
15
-16
2:4
2
-8
10
-3
-8
4
-2
12
0
-13
37
-39
2
22
-20
-2
7
-7
0
59
-55
-6
2:1
2:-1
6:0
2
-2
4:0
1
0
-1
0
17
-17
2:0
1
-1
11:0
1
-1
1
0
-1
3
-3
4:0
1
-1
5:0
1
-1
5:0
1
0
-1
4:0
1
2:0
-1
1
0
-1
1
-1
8:0
2
-2
21:0
1
-1
6:0
2
-2
4:0
2
2:-1
0
1
0
-1
5:0
1
-1
14:0
1
-1
5:0
1
-1
17:0
1
-1
5:0
1
-1
10:0
1
-1
1
-1
8:0
3
-3
17:0
1
-1
18:0
1
-1
12:0
1
-1
5
-5
6:0
1
0
-1
5:0
1
-1
2:0
1
2:0
-1
0
1
0
-1
2:0
1
0
-1
12:0
1
-1
2:0
1
-1
4:0
2
0
-2
2:0
1
-1
3:0
1
2:0
-1
8:0
1
0
-1
0
end
