v1
827
207
93
1120
27
50
101
485
88
463
39
19
17
2
37
7
43
766
59
612
447
285
89
41
395
594
34
401
501
506
67
495
399
21
224
167
534
519
264
11
276
262
83
129
193
86
24
275
431
494
442
339
126
31
345
860
35
145
85
339
288
114
312
240
99
394
275
16
157
416
288
294
274
123
66
229
32
25
18
35
26
7
66
134
13
105
73
9
1
73
59
46
18
65
112
30
215
85
223
79
60
173
120
203
303
243
98
206
10
33
6
116
284
175
141
85
142
256
154
97
341
254
376
2
66
17
299
41
42
711
758
301
93
417
6
385
94
75
1059
229
33
226
6
208
19
107
7
8
147
40
393
712
184
49
311
55
37
374
11
32
43
320
189
54
47
61
235
212
5
23
198
151
305
207
39
63
155
34
123
31370
5
22
9
290
44
154
19
76
66
54
36
30
1152
179
237
3375
2211
328
1553
5140
10816
2650
4766
14910
4449
2
11799
958
7626
2
8
124896
1
7741
73
9417
28772
3671
26
181
73
20
89
5
54647
781
35
231
9
27
57
6
158
16
27
10
13
2:1
11
3
881
12869
3480
7747
18188
813
247
1183
1062
1431
204
3
22
23
188
35
2
3
1
43
51
6
30302
10004
240
69
756
1
309
85
202
277
9
42
15
18
47
97
93
9
678
45
5
19
17
38
30
16987
9723
1
162
102
14
2
16
17
55
75
5
23
-488450
227
101
0
44
159
30
449
7
52
153
34
26
52
190
228
84
86
13
15
195
413
561
351
3
231
31
186
78
69
13
82
440
86
196
29
117
45
108
70
0
169
93
87
61
99
146
66
90
68
245
228
37
0
126
201
48
10
95
599
96
114
120
398
14
51
112
304
39
273
67
175
1
392
29
60
143
85
157
45
142
24
17
26
204
196
41
127
319
149
96
54
74
282
271
239
113
349
461
17
90
76
222
88
18
135
645
239
50
94
43
339
17
53
163
193
507
0
9
646
143
469
65
67
50
295
181
27
14
15
45
2:50
19
31
46
2
99
48
131
12
73
102
5
108
0
5
15
18
0
35
57
31
342
37
28
270
0
47
463
9
195
219
99
39
292
266
29
13
0
179
448
100
31
108
28
33
146
55
217
15
95
34
275
37
276
23
10
28
163
693
38
0
16
51
52
1130
173
12
186
76
115
165
2
24
65
148
130
0
126
325
420
216
13
326
147
10
126
15
75
78
17
15
247
57
110
236
446
162
2
81
97
5
100
10
30
370
4
74
141
191
137
40
164
0
107
17
38
204
56
91
6
32
0
20
241
84
107
89
3
35
172
5
47
70
1
15
63
45
118
86
256
176
31358
8
0
42
31
112
49
33
188
166
24
132
1008
234
2:182
2
43
4
281
7443
341
2408
693
3840
5116
3221
0
13213
830
4874
2605
0
3
1252
489
11615
2:1
2822
4
1825
1548
933
5152
15
1
1414
13
3523
11948
104456
1
5279
47907
28
21
16
9
125
186
46
0
10214
45318
164
17
87
53
149
25
726
0
7
36
19
18801
2296
4271
12281
5304
2674
721
968
10
1
5
3
36
3
86
63
37
0
3
42
1
79
40030
350
276
59
541
172
41
265
429
103
26
39
49
22
128
31
20
34
273
369
79
109
0
27
14720
222
11712
151
150
-487951
275
680
327
89
616
109
621
1024
102
827
473
46
24
63
448
327
1789
275
73
884
107
1304
982
1480
326
242
146
64
300
218
354
189
526
349
1226
953
76
296
78
31
48
43
60
268
399
924
199
353
302
189
142
253
264
60
2611
199
8
495
892
374
838
145
129
460
44
1126
110
599
16
231
530
1265
9
638
138
166
123
48
180
50
223
34
168
15
31856
1979
5850
1878
2048
701
3119
14388
18140
2628
1391
20369
174754
247
55362
202
168
262
1
51
781
3585
41886
1858
71
45
226
31816
8205
626
138
967
241
111
289
458
359
15197
11861
14
66
180
1418759400
299:0
1
399:0
1
126:0
113
-103
2
81
-84
6
4284
-1026
-3264
6
72
489
-567
1667
-1662
206
-206
32
29
-65
205
-206
10
-2
85
-93
1
120
-120
46
43
1
14
-105
761
-757
2
-3
1
95
-98
7
1
-4
35
-37
1422
-1382
166
201
-179
353
-583
45
-38
50
1989
-1993
-47
529
636
-1170
88
-87
350
-264
2:-21
436
-445
137
-128
-14
-29
-1
112
-56
-26
-24
-5
-4
55
58
66
-109
25
861
-955
105
418
-447
151
-55
-173
45
83
-128
6
31
135
-95
0
-75
-2
455
-451
1
106852
-106848
7851
-7591
-267
7
102
178
148
-373
493
-552
-5
37
104
169
-310
82
129
639
-848
292
-146
720
-529
-165
-173
80
13951
-3990
-10042
139
-131
-9
89
2903
-2991
2507
-2506
152
50396
-50547
517
-288
-36
-130
-58
-2
235
24047
-23638
-441
-206
1
38
54085
-53931
4910
-4347
-615
988
2468
-3536
4
-58
-9
104
-104
6
2176
-2144
496
4186
-4429
71
-358
520
-523
325
-269
-55
223
1058
270
-1009
-470
181
-213
48
709
-603
2277
-1830
5693
-6250
206
-257
41
-42
-33
57
48818
-48789
-80
40
240
-191
6467
-6401
652
-693
-112
87
-96
107
233
-331
-6
32
39
-69
69
-8
511
-572
57
-56
46
-51
2066
-2005
-60
420
1150
-1432
-4
2096
-2177
-54
1
84
-38
730
-778
0
6
75
-19
-62
1809
42068
-40572
-3297
-4
439
-442
530
-492
-34
958
-696
647
-815
2972
-2958
1582
-1695
380
12481
-12859
366
-326
-43
255
-253
6
152
-152
497
-502
49
856
-769
412
-546
258
-261
1619
-1619
60
1357
32233
-33595
-63
3
-1
0
17
-13
-4
-2
23
-18
1
18
-25
0
1
18
-15
-2
5
-2
-5
19
-19
4
2:-1
0
27
-25
-4
2
23
-18
18
-7
17
-33
29
-30
2
1
17
-21
0
38
2:-16
-4
-2
2:0
5
-4
-1
3
-1
5
13
-2
8
-26
39
-38
5
-4
-2
7
17
-23
6
-2
20
-21
2
-4
5
15
-18
-1
2
-4
-1
4
-1
-3
1
2:3
-6
2
0
-3
6
-4
1
-2
2
20
-22
-1
35
-31
-4
1
38
-18
-21
0
7
-6
3
-4
0
24
15
-37
2
-1
2
-3
0
-1
2
0
2
-4
38
-37
4
0
13
-19
1
38
-33
12
-13
32
-12
-24
3
22
-19
28
-31
-3
1
-2
1
0
2
28
-29
1
-1
3
-4
0
-1
0
6
2:0
-6
1
-1
3
17
-17
0
30
-7
-25
2
24
-26
34
-3
-29
32
-10
-20
0
-4
6
-1
14
-19
3
22
-21
-4
0
2:1
-2
0
-1
2:3
15
2
5
2:-2
-24
4
-3
0
24
-23
2:-1
5
1
-3
2
15
-18
2:0
34
-34
0
-2
0
2
24
-23
-3
24
-21
17
-19
1
0
-1
21
-19
29
-5
-25
-1
4:0
21
-17
-4
0
2
2:0
35
-9
-27
4
2:-1
-4
0
5
-4
1
-2
1
-1
37
-33
-2
-1
6
-2
-4
0
2
0
24
-24
18
-18
2
-4
22
-19
19
3
-25
21
-22
27
-22
-5
5
-5
1
2
-1
2:1
16
-18
-2
1
0
3
-4
1
4
0
-3
-2
1
31
-28
22
-22
35
-34
-3
23
11
-35
4
0
-1
36
-38
1
-1
2:0
5
-6
1
33
-3
-7
-3
0
-2
-14
26
-28
-1
-2
1
0
-2
5
1
-4
17
-16
21
-6
-14
0
15
-18
0
30
-6
-25
1
2
25
-24
-3
5
-6
37
-37
3
0
15
-16
2:2
-4
0
19
3
-24
6
31
-33
24
-23
2
-6
2:0
32
-29
-1
16
-19
4
-5
0
1
0
-1
3:0
1
-1
2:0
1
-1
1
2:0
-1
0
1
-1
1
2:0
-1
1
-1
1
0
-1
2:0
1
0
-1
2:0
1
0
-1
1
0
-1
5:0
1
0
-1
1
-1
5:0
1
-1
5:0
1
2:0
-1
0
1
-1
4:0
1
0
-1
1
-1
0
1
-1
2:0
1
2:0
-1
1
-1
0
1
-1
1
-1
14:0
1
-1
1
6:0
-1
2:0
1
-1
2:0
2
-1
3
-3
0
1
85
-86
2
-2
9
-9
1
6
-7
4
-4
1
7
-8
10
-10
0
1
3
-4
3
14
-17
5
-3
0
2:-1
29
-27
2:-1
1
-1
2:0
2
2:-1
3
8
2:-4
6
13
-18
-4
1
-1
0
1
-1
2
-2
2:1
-2
2
26
-17
-8
-3
0
2
115
-117
2:0
2
30
-28
5
-8
0
-1
1
16
-15
21
-19
49
-53
13
-5
-8
8
6
-11
-3
9
-8
-1
0
14
-8
0
-6
1
59
-58
4
1697
-1702
94
-64
-28
0
1
-1
-2
1
6
-8
2
-1
0
54
-55
3
5
19
-27
2
11
48
-60
1
-1
2
373
-242
-134
2
1
-1
1
87
-87
33
-35
1
397
-394
40
-42
21
-23
1
0
19
126
3
-145
-3
1
9
679
-676
107
-87
18
38
430
-514
-5
-2
0
3
2
1
136
-138
-3
197
-188
8
-10
11
-18
52
-42
-10
27
157
-146
-35
16
18
-36
18
9
-2
74
-63
74
-110
3
8
40
-48
-5
4
283
-283
-1
16
-19
14
616
-630
14
-12
4
-2
-3
7
49
-56
2:1
9
-8
-2
11
-3
-9
19
-19
2
-2
71
-65
-6
-1
1
-1
8
4
-1
-9
-1
7
1
-9
0
3
-3
0
11
-11
112
912
-889
-133
-1
107
-107
15
2:-7
40
44
-77
3
5
-11
28
-32
143
283
-428
29
-26
-2
7
-7
5
0
2
21
-29
5
14
-9
17
-27
21
-19
2
-4
5
53
-46
-11
-1
3:0
1
0
-1
0
2
-1
0
2
-3
2:0
3
-3
1
-1
1
-1
12
-12
4:0
1
-1
3:0
1
2
-3
4
-4
6:0
1
-1
2:0
1
-1
0
1
-1
2:0
3
-2
-1
2:0
1
-1
3:0
1
-1
5:0
7
-7
1
-1
0
2
0
-1
1
-2
2:0
1
-1
2:0
2
-2
3:0
1
-1
2:0
1
3
-4
5:0
7
-5
-2
3:0
3
-3
3:0
2
-1
0
-1
4:0
1
-1
0
4
-4
0
3
1
-4
0
7
-4
3
-4
-1
1
-2
2:0
2
2:-1
5:0
1
2
-3
3:0
3
0
-3
0
1
2:0
-1
1
-1
0
1
-1
0
5
2:-2
-1
2
-2
8
-2
-6
1
8
-9
2
-2
2
-2
9
-9
0
13
-12
-1
2:0
1
-1
2
-2
1
-1
0
12
-8
2
-5
-1
3:0
1
-1
3:0
3
-3
0
3
-3
1
-1
1
-1
4:0
5
-4
-1
2
-2
1
-1
5:0
3
0
-2
-1
1
0
-1
5:0
1
2:0
1
3
-5
3
3:-1
7:0
1
-1
7:0
2
-2
0
2
-2
3
-3
6
-6
4
10
-14
1
-1
2
-2
6:0
1
0
1
0
-2
4:0
2
0
-2
4
-4
0
3
0
-3
2:0
2
-2
2:4
-8
3
-2
-1
6:0
1
-1
2:0
12
-9
-2
8
-9
1
-1
6
1
-7
1
-1
0
1
0
-1
0
1
3
2:-1
-2
1
-1
0
2
-2
3:0
2
-2
0
2
-2
10
-10
0
1
2
-2
-1
0
1
-1
0
1
-1
2
5
-6
12
-13
7:0
5
-5
15:0
1
-1
1
-1
2:0
1
-1
21:0
1
-1
37:0
2
-2
5:0
1
-1
4:0
1
-1
4:0
2
-2
3:0
2
-1
1
-2
11:0
2
-2
4:0
end
