v1
911
55
91
61
90
208
63
16
21
138
350
136
52
84
31
72
237
64
195
101
18
146
42
126
110
127
1
57
56
7
15
70
76
60
134
221
120
7
77
104
324
132
38
102
208
0
239
219
66
18
71
49
18
3
117
45
72
46
229
88
66
26
136
135
34
14
53
76
152
96
10
274
186
41
129
377
14
53
70
8
200
61
0
60
82
68
13
198
65
3
87
135
23
8
18
99
80
2
26
291
90
46
107
19
1
67
89
7
79
56
138
63
79
48
9
29
88
22
31
62
85
29
17
111
415
138
59
75
31
88
111
56
7
13
259
33
30
109
90
291
13
100
85
127
151
25
54
59
45
22
149
11
53
69
165
268
135
298
64
42
29
99
7
104
117
145
0
55
30
172
72
95
238
16
27
121
82
153
77
137
39
156
7
118
68
85
64
59
115
160
16
33
10
50
64
219
121
52
24
40
76
41
80
12
39
0
294
59
50
150
22
116
7
181
26
1
29
45
38
25
18
0
12
7
16
3
23
7
1
5
41
2
3
14
7
121
2
3
1
13
105
73
9
12
62
73
3
29
18
0
30
5
2:15
37
20
38
17
127
76
42
87
89
270
1
157
16
120
203
22
160
49
72
133
110
30
232
42
10
39
116
104
180
54
121
7
134
85
101
41
90
166
0
3
129
17
5
54
213
15
129
79
202
17
13
1
10
289
33
13
2
83
70
229
41
106
352
58
187
0
50
758
301
71
12
308
14
55
50
6
109
2
24
77
161
12
72
22
75
18
32
490
242
66
163
277
33
29
1
50
146
12
2
19
11
6
36
15
38
75
19
107
7
8
147
40
57
181
141
14
447
63
99
2
81
0
20
82
102
360
31
17
7
37
175
18
52
121
8
11
32
2:43
131
146
51
38
100
54
35
12
57
0
4
35
92
20
88
153
59
5
20
3
93
6
5
89
5
9
24
118
54
174
27
105
43
15
1
38
2
92
63
43
112
34
91
32
0
31375
22
9
12
31
16
30
62
53
4
29
53
44
85
88
36
40
1
40
79
15
21
8
22
986
81
63
22
58
10
111
71
166
18
47
281
3029
2211
328
1553
1711
2053
1376
6258
2432
2111
15
2650
1553
3213
4989
793
830
1211
3663
423
3001
925
2139
7
1378
2
8091
5
16
2805
882
958
2453
13
983
1041
3120
7
1
8
2
5
1
2
1425
3523
116404
1
3543
1
1735
5981
25
73
9417
2665
29620
126
0
7
3
18
4
26
0
66
75
2
38
37
36
20
53
19
17
2:5
11
54631
769
12
35
67
7
47
110
7
2
21
6
18
39
6
12
17
33
3
92
5
0
9
3
2
25
10
2
1
10
2:1
11
2
1
725
29
177
19
12800
2890
590
4654
3093
1178
9030
7980
575
238
247
201
624
280
78
872
1
2
187
665
436
532
2
3
4
2
5
3
8
31
47
49
45
8
31
1
36
3
1
43
47
4
6
30302
9786
218
64
176
100
59
30
0
636
1
46
263
85
202
24
17
94
142
9
4
20
4
14
15
18
41
103
47
31
10
5
9
30
297
25
212
114
13
37
19
17
38
14802
153
72
2
1988
9722
2:1
149
13
1
115
2
16
3
7
62
13
4
48
10
5
23
7
-488429
122
0
286
472
4
335
9
8
71
274
89
5
0
314
611
313
301
786
142
10
280
363
361
224
0
335
301
0
121
0
1
0
90
22
701
239
654
386
1153
584
402
0
180
0
556
605
178
310
23
866
339
127
0
75
35
58
90
0
282
1113
0
473
0
88
99
334
47
50
0
641
1
57
644
224
277
316
4
46
28
0
39
67
12
34
101
112
16
128
0
135
0
88
97
300
0
906
0
264
0
653
353
879
309
0
736
204
32
67
780
86
0
1426
53
43
474
115
98
0
429
0
746
367
115
14
0
54
87
156
204
129
69
0
149
17
821
183
10
56
165
127
52
4
312
223
14
293
105
166
77
180
380
92
109
252
103
50
0
143
0
363
31550
151
27
0
28
13
22220
14058
1586
10353
2620
16606
487
4669
0
15
127627
4990
41808
321
2:0
236
55470
14
526
47
852
18709
17599
0
8673
4
2240
33
19
61
87
31991
0
8212
1432
292
0
492
810
27363
0
10
5
1418960400
699:0
1
210:0
24
-22
150
-141
-8
14
4
-15
17
-14
27
-30
-3
8
-9
7
-3
-2
17
4740
-4759
59
-54
-1
29
377
-12
1377
-1772
78
-81
73
-69
21
-22
15
-14
-3
18
14
-32
15
84
-98
0
8
-6
67
-69
4
-1
-2
56
-57
9
16
-25
17
20
-22
-8
313
-135
-181
4
14
182
-202
-4
1
4
-2
266
-268
1
4
292
-294
-4
4
13
0
-16
9
-7
0
46
-33
-6
24
-27
-7
1550
-1548
2
5
-9
43
-28
17
-32
77
-44
-22
-7
2
14
-10
-2
-8
48
-30
-15
16
-18
-1
34
458
-483
-8
8
63
-57
-6
2:-3
34
-25
-7
573
-565
-11
75
-74
8
-10
144
-76
-67
1
142
-144
0
2:1
60
-62
10
-10
23
-21
223
-215
-6
29
308
-309
26
111
-170
7
26
-31
21
-15
0
6
-10
-2
4
48
-50
186
119
-161
-127
14
-30
2:-2
4
387
-389
-1
2
0
465
-469
744
-264
-451
-25
0
4
14
-19
-2
453
-453
-1
9
-7
-1
7
0
143
-137
70
-84
5
1
3
20
-21
16
96
-109
108
-107
5
0
-14
-3
2
-2
15
-13
914
-915
7
12
-8
25
12
-44
2
-6
54
-45
87
-1
494
-587
67
-69
-1
2923
-2877
0
384
-429
-1
370
-333
-36
12
0
-8
-4
379
-379
0
63
89
-150
3
862
-865
26
59
-84
-3
15
229
-245
0
24
79185
-73874
-4986
-345
30
-10
-12
7
293
-300
0
157
-166
-1
0
32
-28
7
-8
3
-1
50
-41
-16
190
-186
8
-3
-6
74
1336
-1409
521
-491
33
24
82
-170
16
-15
-2
0
4
161
-14
-87
-62
0
-4
663
-661
11
-2
334
-319
-25
24
-14
5
13409
-11411
-2004
305
3193
-3504
-3
1
86
4
-87
-4
24
-21
-1
-3
1
11
155
-147
-20
4
2118
-2119
1259
-1253
16
22271
-22295
2
17
-17
412
-407
-4
56
-45
2
-1
20
-31
258
-254
-5
-4
19
93
-56
-18
230
-244
2146
-1137
-972
-54
0
-6
0
4
31
109
35809
-35951
91
-92
0
3444
-3434
-2
28
756
-780
35
728
-775
3009
-3009
3
-5
18
112
-128
-1
7
-7
2
4
37
-40
5
38
-46
4
-2
22
-23
7
1047
-937
-111
0
3372
-3308
-21
-47
10
-8
1
-7
3
1
108
-111
189
-187
229
-211
67
-87
7
112
-116
1646
-1547
362
-463
-1
2
22
-23
532
-503
470
-327
-91
19
-96
170
311
576
-781
-215
-66
434
-421
-10
0
203
12275
-12475
47
-35
-18
2
0
-3
12
19
-30
1
2
12
52
-67
947
-943
13
-14
60
-64
12
2
4
-11
-1
-5
12
21425
-21424
-7
-4
30
-3
-16
-4
-7
187
-172
-13
301
-204
4605
-4706
-1
2
0
25
50
-46
1810
-1840
1
-1
0
7
11
-14
15
-11
2:-2
1477
-1087
-395
2
4
5
0
44
-17
-4
-31
100
-75
-11
-4
110
-111
34
376
-408
1440
-1445
2
-10
7
0
-5
72
-68
32
147
-176
-4
52
99
-142
837
-849
52
-51
38
218
-258
11
54
95
-155
116
-121
5
-2
22
-18
-8
1
8
3
160
-173
7
-3
30
-18
27
58
-84
-5
-9
8
-4
-6
4
272
-276
3
-4
2
56
3618
-2173
28400
-23738
-6161
63
-53
1902
-1912
-3
302
-228
-24
-46
-4
1
0
229
2827
-3045
825
-722
-27
-82
22
-25
233
2661
-2896
53
-39
-9
820
539
-1329
53
-64
-21
18
84
-101
19
-17
-7
4
1
76
-73
8
14
117
-123
-22
25
-28
27
-18
10969
-10828
-146
3175
-3142
130
-164
59
-61
1
2129
-1742
-386
-2
1225
-1210
359
-361
-16
4:0
2
-1
1
-1
0
-1
0
1
0
1
0
-2
4:0
1
2:0
-1
0
2
-1
5:0
-1
0
1
-1
1
2:0
1
-2
3:0
1
-1
1
-1
2:0
1
-1
2:1
-2
1
2:0
1
-2
0
1
2:0
1
-2
2
-1
2:0
-1
2
2:-1
2
-2
2
-1
2:0
1
-1
0
1
-2
0
2
-1
4:0
1
-1
5:0
1
-2
1
-1
0
2:1
-2
2
-2
1
3:0
1
-2
0
1
4:0
-1
1
2:0
1
0
-1
4:0
-1
1
-1
1
2:0
-1
2:1
-1
0
-1
1
-1
0
2:1
-2
2
-1
3:0
-1
3:0
1
0
-1
3:0
2
-2
3:0
2:1
-2
1
2:0
-1
2:1
-2
0
2:1
0
-2
1
0
-1
1
2:0
-1
2
-2
4:0
1
0
-1
0
1
2:0
-1
1
3:0
2
-1
2
-2
2:0
1
-1
2:0
4
-3
-1
2
-2
1
0
-1
0
107
-107
1
0
-1
2
-1
9
13
-22
6
-7
3
-3
0
1
2
22
-24
-1
1
-1
2
10
-12
3:0
8
-8
3:0
2
-2
0
2
-2
1
0
-1
1
-1
5
-4
-1
1
5
-5
-1
2
-2
6
11
-17
2:0
12
-12
0
2
-2
5:0
2
-1
0
1
-2
0
6
-6
0
1
-1
6
-6
1
-1
8
-8
3:0
2:1
-2
0
9
-8
0
2
-3
0
4
-4
2
1
-3
0
1
-1
2:0
2
0
-2
0
2
-2
10
-10
1
-1
9
-7
-2
0
4
-4
0
1
0
6
-6
-1
3:0
10
-6
-4
4
-4
1
2
-2
2:0
1
-2
0
2
0
2:-1
0
2:1
-2
1
3
-3
-1
5
-5
2:0
1
11
-12
3:0
30
-29
11
-10
-1
2:1
-2
1
-2
4:0
1
0
-1
1
0
103
-102
2:-1
1
-1
2
7
-9
3
2
-3
25
-25
1
0
-2
-1
2:0
3
-1
6
-8
5
-1
-2
-1
0
-1
2
-2
13
-11
27
-24
33
-37
7
-6
-2
1
12
0
-8
-4
-1
15
-15
1
-1
6
-6
0
16
-16
2:0
13
-13
1
4
-5
4
0
-4
0
2
50
-52
0
9
1369
-1295
-43
-39
7
-5
-2
-1
7
-3
-1
-3
2
-2
0
11
-11
4
-3
-1
1
10
-3
-8
4
-3
-1
1
-1
18
-18
0
125
-124
5
-4
8
-10
0
2
-2
0
1
18
5
-22
1
-3
0
11
-9
4
-5
9
-8
-2
0
4
-3
385
-326
-60
7
-7
1
-1
1
5
10
-15
-1
1
-1
2
-2
2
-2
2
2:-1
0
71
-67
45
-44
-4
222
-218
-5
2:0
46
-42
-4
4
-2
-1
0
1
-1
38
-38
-1
0
2
26
-21
-7
8
-6
89
41
-127
-4
1
-2
1
4
-4
18
421
-440
31
-30
0
127
-128
3
0
29
-30
39
33
-71
585
-587
2:1
2
7
-12
0
3
-2
2
-3
2:0
2
30
-32
4
-1
3
-6
4
106
-109
2:0
183
-173
-1
-10
5
-5
1
-1
2
-2
6
-4
29
-29
44
-45
10
-11
0
28
-28
130
-124
33
-38
-1
0
3
-3
4
5
48
-11
-41
1
-6
4
38
-16
-2
-24
0
59
-59
0
1
31
69
-100
14
-14
0
-1
2:0
2:1
2
-4
0
6
19
-22
-2
-1
1
0
-1
0
3
-3
0
1
0
-1
2
206
-208
0
2:3
-2
-3
1
-1
13
-10
-4
0
16
621
-637
0
1
0
8
-6
4
21
-28
4:0
5
-5
3
-3
0
1
7
32
-40
1
-1
0
4
2
-5
5
-6
13
-9
3
-7
0
4
6
22
-26
-5
-1
1
-1
2:0
1
18
-19
3
6
-8
-1
6
30
-30
14
-20
1
9
2
-12
2
-2
0
12
-8
3
-7
0
3
1
-3
-1
3:0
18
-17
0
-1
7
-5
4
8
-14
1
0
-1
3:0
15
-15
2:0
1
6
-5
165
1045
-985
-225
4
-1
292
-297
0
24
-5
-10
-9
2:1
0
34
96
-126
6
-6
0
-4
2:-1
14
32
-46
2:1
-2
123
46
-167
30
-27
-3
-2
5
-4
6
-7
2:0
1
2:2
-2
8
-3
-6
-2
1
-1
1
3
11
4
-19
46
-44
22
-24
4
-4
0
15
-9
-5
-1
75
-72
-1
-2
12:0
1
0
-1
19:0
1
-1
23:0
1
-1
16:0
1
-1
67:0
1
-1
3:0
3
-3
42:0
2
-2
5:0
1
-1
7:0
end
