v1
746
207
110
222
45
159
381
310
34
52
4
440
119
51
37
226
237
1
38
19
17
39
7
15
28
378
275
496
16
248
24
157
39
536
130
29
89
277
143
180
61
210
1
33
85
316
194
307
313
40
167
0
392
55
101
152
268
135
31
197
28
291
58
185
20
163
79
625
960
104
171
259
172
494
363
79
339
69
57
587
286
42
128
111
317
369
281
7
114
312
240
92
7
394
275
16
73
404
44
52
288
294
579
6
56
12
71
43
38
23
8
46
122
31
13
105
54
19
9
12
62
40
5
14
64
65
3
35
19
38
144
118
85
91
271
78
95
120
203
22
160
364
304
10
33
6
116
284
54
121
35
106
85
101
41
198
61
146
5
136
146
128
1
281
31
299
46
2
153
229
41
423
85
195
808
301
71
389
165
276
94
75
50
1238
33
0
232
44
30
6
128
19
38
69
2
5
8
147
433
447
245
20
82
102
38
276
46
52
40
175
191
8
11
32
43
409
100
54
47
61
35
200
212
5
20
3
193
5
451
119
114
18
218
34
31498
22
9
43
194
97
37
117
19
4
72
8
58
54
36
8
22
1152
68
111
71
166
18
3357
2211
2
326
1553
2387
2753
6258
4558
2650
4766
5782
9128
1797
2652
2
8035
46
7
3
2826
882
943
15
2466
5144
16
2
8
4948
119949
7716
25
73
9417
32421
22
207
73
20
72
17
5
54647
781
35
74
157
9
0
27
57
6
12
0
162
27
12
1
8
0
2
2:1
11
53
831
47
3467
20582
1178
3879
5151
7980
575
1668
1016
46
665
968
4
1
22
27
4
58
28
94
9
28
3
1
43
47
10
30302
10004
64
176
76
24
89
49
587
1
46
263
85
202
24
141
112
9
22
20
15
18
41
32
71
78
15
9
30
273
24
351
50
18
1
17
38
15027
1990
9722
2:1
162
102
14
54
36
75
5
-488584
475
133
69
248
242
7
52
69
122
22
324
92
801
1
204
344
30
168
165
32
0
720
7
530
274
64
0
38
348
92
24
135
268
32
34
42
517
720
95
235
53
201
362
18
375
0
343
0
199
61
169
280
63
36
91
148
0
178
157
211
43
127
120
74
112
99
19
71
11
93
199
207
54
74
111
317
125
239
113
285
31
494
110
372
48
116
123
43
200
85
90
82
187
218
399
53
163
978
119
434
104
72
260
107
25
196
26
123
207
0
75
78
48
10
13
49
24
110
118
94
152
3
44
33
5
140
2
203
796
80
291
35
219
0
208
475
55
14
177
0
156
374
6
376
25
18
29
170
732
33
5
116
622
27
114
38
16
39
12
52
173
933
24
144
51
176
136
111
31
80
66
301
451
3
404
229
48
291
147
50
44
132
0
366
158
125
307
412
295
168
69
85
78
236
299
35
17
155
9
360
5
1
28
19
3
25
2
36
92
280
147
5
133
112
106
205
107
294
0
15
33
120
15
31
31367
3
95
79
66
80
6
2
127
1392
350
121
60
11
27
18
4
281
5565
384
1158
677
3106
1365
6584
4223
12423
9102
3887
1384
10
0
8075
6201
1407
509
1014
27
3127
1444
17
3
23763
96144
1
3543
1736
48106
2:0
243
71
10928
44363
33
193
21
76
47
110
2
109
117
672
210
9
6
15142
22344
0
5542
165
38
44
1637
2244
8
25
19
2
50
68
32
166
31821
8800
90
0
39
315
187
139
74
560
0
84
114
39
45
219
51
207
72
448
137
21
14726
150
2049
9886
14
0
12
41
64
16
5
12
0
75
45
1418667000
399:0
1
345:0
110
-88
-16
11
26
-19
114
-102
-27
100
-101
6065
-6065
1202
-1204
11
-10
-1
148
261
342
-748
12
259
-271
1
4
-5
-3
70
-70
2
173
-172
64
16
-78
-4
2606
-2574
15
-34
9
-23
3
23
27
-37
-15
4
0
14
54
-73
11
206
-216
18
-19
600
-597
-3
163
-87
-76
3
55
-52
1967
-830
-972
-157
249
-259
14110
-13725
-382
84
-89
4
53
169
-119
-70
-30
563
-567
41
-26
36
-55
1
493
-336
-104
9
-11
0
276
-280
109
-155
15
-9
10
49
-44
-24
9
12
-16
4
76
93
-127
-42
76
320
-393
111
-120
3
779
-686
361
-407
-50
0
31
-31
62
-62
4
245
-248
60
16
-78
7
-10
561
-557
104152
-104149
6152
-5930
-219
-3
0
-4
93
146
-240
36
-25
-1
-11
1253
-1248
57
-62
4
-4
3
23
106
51
-164
-10
834
-844
3
21
83
47
-136
269
-273
-12
10992
-5887
-5101
52
-34
-1
-5
106
-119
8
2620
-2625
-7
553
-549
2:4
75416
-75046
-378
3
-1
13
643
-662
1
2
0
56
-42
-5
19109
-18263
-787
-69
13
29
26946
-26972
3867
-3867
532
-502
770
-810
2588
-2594
56
-44
-8
-6
1027
-1025
1041
5644
-6491
1561
-1740
-14
1996
-1998
20
188
-208
5
-5
12
164
574
-742
944
-614
-332
57
-54
303
-287
72
18
-114
1735
-1561
-176
934
-927
858
3713
-4490
-86
306
-294
0
57
-32
-33
-6
0
35
-4
-18
57
-64
160
-165
62519
-62520
17
123
-68
213
-265
6821
-6809
1953
-1973
4
15
-25
211
439
-632
-22
1374
-1337
42
-76
0
132
-83
31
-63
2
51
-32
-40
2:1
0
-4
918
-844
24
-65
-34
6
-1
2830
-2831
2
-2
20
-18
122
-101
-9
-18
22
-19
10
-2
6
334
-342
34
-36
-6
404
27518
-25101
-2718
-95
298
-301
744
-607
-105
-35
-3
1
2
164
166
-317
90
597
-679
13
-24
63
1825
-1901
112
510
20713
-21318
-15
45
27
-16
40
-30
-66
6
2915
-2908
52
93
-128
172
-202
7
16
291
-253
770
-813
205
-224
12
11
-7
-19
-4
3
-1
0
2:-1
4
-4
1
-1
3:0
2
2:-1
1
2:2
-2
0
-1
-2
2:1
-1
0
-1
4
2:-2
4
-1
2
-5
5
-4
1
2
0
-2
3
-4
3
-1
3:0
-2
3
1
-2
1
-4
2
1
0
1
-2
-1
2:0
2
2:-1
0
1
2
-4
2
2:-1
1
-1
2
1
-2
0
1
-2
0
2
-2
5
-5
3
2:1
-3
-1
4
-1
-2
-1
3
0
3:-1
2
1
-3
0
-1
3
-2
1
0
1
0
-3
0
2
-2
0
5
-3
3
-1
-2
2:-1
4
-3
1
-1
1
0
-2
4
1
-3
1
0
2
-4
2
-3
1
4:0
-1
2
0
-2
3:1
-1
3
-3
0
3
-4
-1
0
4
-4
4
-3
3
-2
1
-1
1
2:-1
4
-4
3
-2
3
-1
-2
0
2
-2
2:-1
1
0
4
-5
2
0
-2
3
-3
4
-3
2
0
1
-3
1
0
-2
2
0
2
-2
2:-1
1
-1
2
0
2:-1
2:0
5
-3
-2
2
1
0
-1
-2
0
2:1
-2
4
-3
1
-2
2:1
0
1
-2
0
3
1
-3
-1
0
3
-3
0
3
-4
5
-5
3:1
-1
2
-3
2:1
0
-2
4
0
-5
0
2
-1
3
3:-1
3
-3
1
3
-1
-3
0
2
-3
1
-1
2:0
1
-1
2:1
0
-2
0
1
2
1
-4
1
2
0
2
-4
3
-2
0
-1
4
-5
2:0
1
0
2
-1
-2
5
-2
0
1
-2
-1
1
0
1
0
-3
1
2
-2
-1
4
1
-5
2:1
3
-3
-1
0
2:1
0
-2
3
0
-4
1
3:0
3
3
-2
2:0
2
-1
2:1
-3
0
3
80
-82
-1
0
1
-1
0
11
-11
11
-9
7
-6
-3
4:0
8
-8
0
9
-9
4
-4
1
-1
1
-1
2
-2
2:0
4
-4
14
-13
-1
2:0
1
-1
0
1
3:0
-1
29
-29
0
1
-1
0
4
-4
2
-1
3
-4
6
-5
-1
13
5
-15
3
-6
2
1
-2
2:0
2
0
-3
1
0
-1
2:1
20
-11
-8
-3
3:0
2
72
-73
5
-3
-2
21
-18
2:-2
4
0
-4
16
-16
21
-21
0
25
-25
15
-13
0
2
-2
21
-23
1
2
-3
1
7
-8
1
27
-24
5
-5
-4
2:0
54
-51
1505
-1508
100
-77
-21
2
1
-4
2:3
-6
-1
2
6
-5
9
-12
5
-5
2:2
-2
7
-8
21
-14
-7
15
-16
1
0
11
8
-20
13
-10
-2
358
-203
-156
2
1
0
-2
-1
0
1
69
-69
0
22
-23
3
-3
380
-347
-30
1
-3
0
19
-20
2:0
1
22
-18
-5
104
22
-118
-7
0
7
688
-692
89
-93
17
11
46
-73
478
-479
3
-1
-2
0
3
2
127
18
-139
5
-11
-3
17
-18
0
39
-40
5
-5
3
27
113
-136
35
-36
-6
9
-5
38
-42
2
14
-16
25
5
-30
27
-27
26
83
-104
-4
10
-9
6
33
-41
2:0
5
-4
1
3
-3
-1
2:0
262
-262
5
17
-22
-1
6
471
-476
34
-32
0
-2
4
2
59
-65
2
7
10
-13
-3
0
-4
14
-6
2:0
14
-19
-2
7
-7
0
2
65
-57
-8
-3
1
-1
4
3
-6
2:0
2
-2
13
-14
7
-6
5
-6
5
-5
2
2:-1
1
3
-3
83
653
-618
-115
-4
69
-68
16
-10
2
-9
0
2
-1
32
47
-75
7
6
-10
-7
-1
5
22
-27
2
147
257
-405
-1
17
-12
-4
-1
14
-14
1
7
0
-7
7
-1
10
-17
2:2
11
-8
13
-20
23
-23
3
1
0
-3
-1
5:0
1
-1
9:0
22
-21
-1
8:0
1
-1
3:0
1
-1
3:0
1
-1
10:0
3
-3
3:0
1
0
1
-2
3:0
1
-1
23:0
1
-1
2:0
1
-1
22:0
2
-2
3:0
1
-1
0
1
-1
9:0
1
-1
17:0
1
-1
3:0
2
-2
1
-1
1
-1
0
1
-1
2:0
1
-1
2:0
1
-1
3
-1
-2
5:0
2
-2
2:0
1
-1
5:0
1
-1
3:0
1
-1
12:0
1
-1
17:0
2
-2
6:0
1
-1
8:0
1
0
-1
3:0
2
2:-1
4:0
1
-1
2:0
2
-2
0
1
0
-1
0
1
-1
6:0
4
-4
3:0
2
-2
1
-1
3:0
1
-1
5:0
2
-2
1
-1
4:0
1
-1
5:0
2
-2
5:0
1
-1
1
-1
5:0
1
-1
4:0
1
-1
0
1
0
-1
1
end
