v1
860
207
1876
609
56
22
28
614
39
784
732
159
89
145
455
271
101
550
285
573
647
247
412
1132
1170
183
171
431
90
404
442
339
126
376
674
104
1088
451
101
99
259
135
275
16
573
288
294
724
84
203
24
13
105
82
74
94
29
65
357
447
173
120
749
262
52
39
116
600
85
142
90
169
874
299
15
33
153
229
41
1511
301
995
75
1288
292
53
128
126
15
147
433
15
881
452
374
11
584
54
47
61
110
125
212
5
23
198
823
97
34
31493
5
22
9
237
97
173
76
120
36
30
17
1203
111
71
166
3375
2211
328
1553
5140
2464
8352
2650
4766
14910
439
4012
8082
4660
7643
1433
3523
119949
2718
4998
25
73
9417
32443
389
5
55537
157
36
57
6
29
145
2
49
1
11
24980
20431
1062
1649
42
44
173
3
1
90
10
40306
64
335
79
587
1
309
85
233
246
9
42
15
18
141
852
17
38
58
16959
9723
1
162
102
14
90
13
62
-488497
381
21
0
204
79
407
13
18
21
15
69
55
48
289
207
84
86
87
137
39
109
4
124
52
230
542
77
840
589
279
45
204
190
293
145
84
317
73
387
2
50
67
9
73
53
100
13
34
141
5
14
331
217
225
195
254
486
185
20
209
33
1
256
127
9
232
85
377
8
27
160
272
31
169
79
1520
108
11
158
5
84
255
305
328
501
38
17
96
273
145
55
54
27
7
1
401
24
332
342
443
119
164
374
48
12
100
68
97
189
149
21
2
123
171
52
14
12
16
23
57
18
19
0
19
23
7
1
46
2
3
144
6
102
14
54
19
87
41
14
46
48
5
68
19
38
17
332
15
74
27
236
54
319
22
109
22
195
633
449
54
121
327
239
58
149
5
136
131
15
786
68
329
337
114
58
27
8
12
175
308
699
173
22
0
312
55
50
6
31
78
0
2
24
42
40
75
93
187
32
325
3
341
322
280
29
1
202
133
94
2:19
76
195
283
557
162
2
81
20
77
5
0
110
52
352
3
212
70
121
51
290
73
51
38
0
257
3
42
49
38
20
241
280
210
246
103
148
46
0
297
31481
0
161
4
75
7
49
252
58
62
36
1008
56
13
75
22
434
47
10475
25288
3
9102
1741
2139
1385
6
10
8076
1
2826
882
958
1533
933
474
1550
3120
7
13
4
2
108254
13098
5280
6038
41853
23
232
73
20
53
46
11
55362
9
41
35
47
20
171
2
15
30
57
53
2
134
10
3
10
15
1
754
14
104
9
63
6
3445
12835
4654
4271
2613
6417
7980
498
77
238
165
82
201
1855
854
968
5
2:6
2
8
27
90
8
2
53
8
23
9
66
9
51
5
30303
9944
300
69
7
24
89
650
177
296
110
36
252
26
88
103
78
15
5
4
30
186
407
11
57
37
51
14912
138
11712
258
24
16
17
96
14
20
5
-488452
65
278
23
31
99
131
335
72
238
35
416
136
0
665
0
1
425
779
99
215
0
152
29
0
20
384
63
219
61
668
283
0
647
121
0
79
874
104
71
33
0
370
174
63
210
27
159
570
280
0
718
179
234
515
166
577
565
138
0
683
817
79
43
824
396
132
33
0
110
63
114
912
285
14
28
26
330
359
503
0
33
60
6
59
0
65
66
117
9
7
6
122
19
55
249
15
362
39
126
253
20
79
7
115
28
271
0
300
0
10
123
0
683
97
0
13
154
126
392
28
0
376
358
0
275
47
420
247
570
276
1135
240
149
95
743
294
243
12
0
176
72
0
467
0
50
0
720
201
1155
163
359
151
12
19
6
311
49
238
49
0
453
352
83
125
296
29
81
44
69
153
15
31575
166
272
0
1706
70
331
0
18519
1322
4736
3
11695
0
830
1211
3663
5221
10732
1
10
7
9137
3133
9
1460
3
4034
11417
154004
3533
259
46
114
11
80
109
7168
3760
25036
0
18596
732
329
50
32
216
752
105
15262
4061
27418
536
6
26
3
18
50
6
0
20
157
70
15
40092
158
1208
5
0
283
250
111
153
120
0
144
0
258
548
0
67
16988
9953
19
10
87
4
52
1418415600
199:0
1
399:0
1
259:0
199
4232
-4059
3999
-4247
151
-127
-9
1136
-1157
125
-156
88
2030
-2117
-11
177
-159
3
13
-33
1012
-985
290
-341
625
-625
11
47
35
554
-228
-326
-77
50
1051
-948
-171
56
-11
186
-208
27
485
-130
274
-564
-113
31
21
89
-148
638
-597
-13
56
705
-693
31
-81
-9
587
-617
132220
-118579
-8219
-5337
3
263
-81
-260
1401
-1330
-29
424
-47
-252
297
-362
796
20780
-12328
-9346
566
-419
1380
1147
-2690
77347
-77010
-294
241
-228
20805
-20285
611
32278
-33464
4617
-4617
31
-16
1096
3809
-4914
-2
40
1092
872
4468
-6301
87
-208
141
-10
-119
21
1013
137
601
-1828
124
1473
-1497
227
14
952
-720
73
-661
382
5612
-5898
616
-675
-32
56
266
59145
-59447
323
150
-404
-83
297
-227
7207
-7038
183
125
-557
1473
-1238
233
-343
3
-105
24
977
-983
29
2440
-2175
-283
-53
1015
25675
-23093
40296
-39700
-3807
95
-271
684
-451
-439
69
298
-76
638
-856
54
1918
-2050
582
11882
-12150
-206
-102
291
-156
-136
889
-784
465
-562
419
-404
-26
1
-47
9
3
2
-5
-9
4
-4
9
-2
-6
2
-1
7
-7
0
5
-4
-3
5
2:-2
2:0
-1
1
4
-4
37
-34
3
-7
20
-19
5
-6
2
28
-30
1
4
0
-4
6
21
-18
-7
1
2:0
-4
1
8
7
-15
16
-15
7
23
-25
-5
13
-15
28
-20
-5
-3
4
-4
0
20
-17
-1
0
-1
1
25
-26
5
-5
33
-34
3
4
19
-16
-2
-5
-3
16
-13
-3
8
-4
1
6
-8
17
-16
-4
4
-1
18
-20
3:0
16
-13
-4
7
0
-1
-5
9
-7
27
-27
3
14
5
-21
1
0
29
-25
-9
5
0
2:9
-14
14
-23
37
-37
2
2:1
38
-41
6
1
-7
0
28
-2
-23
38
-32
23
-33
0
1
0
-1
25
-21
8
-8
23
16
-37
19
-24
18
-7
-3
1
-4
35
-39
-1
2
20
-22
2
-1
30
-31
-1
6
24
-18
5
-13
24
-16
10
-22
12
3
13
-17
-10
1
5
3
-10
15
-14
0
4
-4
34
-27
-7
-1
6
5
-7
17
-20
15
-10
15
-17
2
15
-18
3
-1
0
-4
-1
15
-6
20
-4
-24
38
-39
3
2:4
5
-16
7
-5
-1
5
27
-18
-8
-5
10
-6
16
-17
0
-3
3
0
-5
5
-5
42
-39
-2
7
-1
29
-35
5
-6
1
36
-36
3
34
-36
2
16
-19
2
0
9
-5
0
-6
0
18
1
-3
-14
8
-10
1
0
1
28
-29
-1
8
-5
-3
7
0
8
-15
0
-1
32
-23
0
31
-23
13
-27
14
-9
-7
6
4
-5
-6
3
5
-2
2:-1
1
2
-5
-2
10
-10
0
3
-1
12
-4
17
-21
3
23
-32
11
-11
2
5
3
-3
14
15
-22
-4
-6
12
-14
3
20
-22
12
-15
8
17
-21
12
-15
-1
2
5
-7
39
-39
3
31
-32
-2
20
-20
7
-7
0
10
6
9
15
1
-41
1
33
-18
-12
-3
6
33
-39
-1
9
-5
-4
36
-20
9
-24
4
37
-12
-33
2
3:0
2:-1
0
2:1
-2
2
-1
3:0
-1
0
2
-1
2:0
-1
1
0
1
-1
0
-1
0
1
2:0
1
-1
0
-1
1
-1
0
1
0
-1
0
1
-1
1
0
-1
1
0
-1
0
2
2:-1
0
2
-1
0
-1
2
2:-1
2
-1
3:0
-1
2
0
-2
2
-2
2
2:0
1
-2
0
1
-2
2
-1
0
2
-2
-1
0
2
2:-1
2
2:-1
2:1
0
-2
0
2
2:-1
2
-2
1
3:0
-1
1
0
1
-1
2:0
-1
0
2
-1
0
1
-1
2:0
-1
2
-2
0
1
-1
4:0
1
-1
1
0
1
-1
6:0
1
2:0
-1
1
-2
2:0
2
-2
0
1
0
1
2:0
-2
2
2:0
-2
3:0
2
-1
2:0
-1
0
1
2:0
-1
1
3:0
-1
0
2
-2
2
-1
1
0
-1
1
-2
2
0
2:-1
2
2:0
-1
1
0
-2
0
2
-2
1
2:0
1
-2
1
-1
0
1
-1
0
1
-1
2:1
-2
3:0
1
2:0
-1
2:0
2
1
-3
1
2:0
-1
0
3
-2
3:0
-1
1
2:0
1
-2
2
-2
1
-1
1
1
85
-73
2:1
-7
2
-9
19
-7
-10
-2
1
2:2
-3
1
11
-9
-5
1
36
-36
0
1
6
-4
2:0
8
15
-22
-5
3
-2
4
-5
0
2
-2
33
-28
-1
-4
2
108
-69
-41
0
15
-15
16
25
-31
-9
6
9
-9
15
-11
0
70
-79
1765
-1662
-64
-36
2:-1
-2
10
-5
17
-20
35
-21
-9
15
-7
8
486
-359
-148
0
4
29
-10
-22
457
-421
-40
31
-9
146
-23
-133
860
-864
113
-121
19
17
50
486
-567
-5
6
159
-164
215
-202
-1
-8
30
9
-37
30
126
-111
-52
1
16
-7
24
-26
19
9
16
-19
-33
35
80
-106
3
-12
41
-41
5
293
-295
2:8
-19
1
-1
12
550
-545
-9
57
-44
-10
-6
7
-2
-9
23
-24
89
-78
0
-5
5
-3
-6
8
-5
55
700
-584
-170
90
-80
-6
-9
1
21
50
-56
0
-17
9
34
-40
148
277
-428
5
8
13
-26
4
15
-7
17
-28
20
-13
-8
7
-7
0
1
2:0
-1
1
-1
0
2
-2
0
1
0
-1
1
-1
1
-1
0
1
-1
3:0
1
34
-35
3
-3
2:0
2
-2
0
1
0
4
-5
2
-2
9:0
1
-1
2:1
-2
3
-3
2
-1
2:0
2
-3
0
1
2:0
2
-3
4:0
1
-1
0
2
2:-1
0
5
-5
2:0
3
-2
-1
1
-1
3
-3
0
1
0
-1
2:0
3
-3
0
2:1
0
2:-1
6:0
1
3
-4
1
0
2
0
-3
2
0
3
-4
0
7
-7
1
3
4
-6
0
-2
-1
0
16
-16
2
-2
0
8
-7
2
-2
-1
3
0
3
-6
3:0
1
-1
3:0
5
-4
2
0
1
2
2:-2
0
8
-7
-3
2:1
2:-1
0
2
0
-2
2:0
5
-5
2:0
1
2:0
1
4
-5
5
-6
2
3:0
-2
2:0
1
0
1
2:-1
2:0
8
-2
-5
1
-1
3
-4
4
-1
6
-6
3
-6
0
4
-3
2
-2
2:0
1
2:0
2
-2
-1
8
-9
3
-1
-2
6:0
3:2
-6
2
0
2
-1
0
-3
2
0
-1
0
-1
5
-5
1
2:0
6
-6
0
-1
0
3
-2
0
1
-2
2:0
2
-2
7
-4
-2
-1
3
-2
3
-1
0
1
-4
2:0
3
-3
3
0
-3
2
2:-1
2
-2
5
-4
-1
1
-1
3
-3
0
2
3
-5
0
4
0
-4
5
-2
-1
-2
1
0
1
0
2:-1
1
-1
2:0
1
0
4
-2
0
1
-4
3
7
-10
1
-1
0
2
-1
2
-2
3
0
-4
6:0
1
-1
0
7
-7
1
-1
2:0
1
-1
10
-10
0
3
-2
-1
2:0
5
-4
1
-2
0
10
-6
0
-4
1
16
-16
-1
3
-2
8
-9
2:0
1
0
2
-1
-2
0
1
6
-3
-4
10:0
1
-1
9:0
1
-1
20:0
1
-1
8:0
1
-1
19:0
1
-1
9:0
2
-2
8:0
1
0
-1
27:0
1
-1
2:0
1
-1
11:0
2
0
-2
2:0
1
-1
4:0
3
-3
1
-1
9:0
1
-1
9:0
1
0
-1
1
-1
9:0
1
-1
25:0
9
-9
4:0
2:1
-2
11:0
1
0
-1
2:0
2
-2
0
1
0
1
-2
2:0
4
-4
5:0
end
