v1
526
207
332
204
855
159
102
105
119
424
185
56
22
28
118
340
578
55
27
31
288
140
26
87
479
159
234
444
717
212
122
167
330
582
156
19
35
302
43
21
135
31
225
349
185
20
242
257
141
165
62
85
202
166
43
161
86
217
248
19
8
297
134
494
147
241
45
9
59
280
69
57
31
483
41
360
135
421
244
125
0
281
44
45
32
235
53
24
108
625
39
236
9
219
337
24
574
8
59
222
116
178
10
27
14
15
12
39
32
43
12
32
17
56
147
3
1
118
82
74
59
64
65
41
54
17
127
118
247
192
8
105
68
120
566
183
304
10
39
116
146
138
54
121
35
106
85
101
41
59
200
151
282
94
35
281
330
15
18
15
83
70
0
229
41
309
114
93
187
50
758
253
48
93
367
56
111
24
42
115
93
21
73
75
56
955
277
33
312
128
57
69
7
8
147
40
393
0
447
152
93
20
184
330
122
34
141
191
8
11
32
74
289
89
100
54
47
61
35
200
212
5
20
3
193
5
247
10
299
146
63
38
15
136
31490
8
22
9
43
161
33
97
154
19
76
120
36
8
22
932
118
102
155
24
71
105
61
18
47
3310
1233
978
325
3
1553
5140
10801
15
2650
9755
793
9128
4449
2
8061
29
6
4646
0
15
1533
920
13
5162
5
1
4950
119949
7741
73
4
9413
23244
9151
26
22
167
40
73
92
17
5
87
55341
35
47
27
157
7
2
27
18
39
6
12
1
161
27
10
13
2:1
11
2
726
7
55
157
24033
1178
3878
5152
7980
813
165
1265
1062
1101
534
3
6
5
11
84
33
10
17
67
9
28
3
1
26
17
51
6
30302
10004
64
176
15
85
59
30
636
1
46
41
9
213
85
202
277
9
22
2
18
15
18
41
103
78
20
34
186
507
24
17
38
0
17004
13
9723
1
162
116
18
10
27
35
75
-488317
0
869
43
141
266
302
286
306
928
924
285
438
291
0
1115
245
285
307
1098
1076
89
470
1122
334
2228
1297
1213
692
1537
304
100
0
50
46
96
252
198
234
0
368
349
309
291
0
175
0
217
70
0
739
0
512
236
0
207
814
168
199
133
609
12
0
1395
382
0
92
1267
771
170
533
116
444
622
583
1230
0
289
749
265
111
0
31742
359
0
132
974
587
341
24966
17013
7879
8085
50
2764
896
3898
4677
19
3519
117833
3544
46004
3682
28
261
110
10999
43632
1317
837
18
164
47153
36
20
263
40706
1636
8
230
55
691
32
28
27220
1418215200
399:0
1
125:0
39
-17
-18
15
-15
2:1
1475
-1473
529
-448
-85
181
-183
8
15
-21
2
-1
4
-5
1
12
105
-17
373
-474
-1
11
81
-60
9
-18
-24
4
10
-14
14
-12
5
19
448
-471
15
183
-186
1
-10
13
-18
3
76
-77
19
-13
10
-12
11
7
18
-9
77
-68
-40
77
-76
76
-77
225
-221
88
-87
-8
34
-1
-21
-9
-3
13
0
-4
-9
0
6
34
-35
20
-21
203
-204
5
0
10
-13
326
-326
266
-271
0
5
-3
3
-4
9
-4
64
-66
8
-8
-2
22
-16
-5
28
-16
101
-105
286
-258
-30
51
34
-87
9
-12
-2
59
-60
-1
216
-216
69
-26
-43
118
-115
84736
-79625
-5086
-4
-20
26
-30
0
15
-13
-2
122
-120
2:-1
90
-86
0
2
61
-65
1211
-1100
552
-649
-4
14
565
-591
101
-101
1
2
56
-28
70
-75
-15
-4
-1
-3
30
-21
-5
-1
2355
1003
-3364
7
32
-12
-5
701
-723
271
-267
63
48145
-48197
58
8
-75
2300
-2275
-28
721
-724
4
6
16
-6
1026
290
-1300
-34
11
-13
12
15804
-15803
1784
-1788
137
-125
742
-763
2311
-2303
24
194
-213
-11
13
-14
4
5
431
-439
2172
-2169
100
-102
-3
10
137
-144
116
-109
109
653
-764
253
-250
-10
20
-21
58
-54
108
53
-155
183
-140
-53
26
11
219
-41
24
-238
210
706
-914
-3
196
-187
11
-20
2
-2
13
0
141
-150
105
-102
47767
-47771
-1
6
135
110
-233
-15
8288
-8292
10
33
7455
-7498
25
-21
1
18
477
-501
0
124
-123
7
0
-2
-5
64
-63
4
1525
-1528
16
9
-23
4
-7
322
-301
333
-347
-8
0
14
34
547
-588
-8
8
7
-14
-1
23
-2
272
-277
-4
2:-6
47
-32
-9
-6
10
5
-13
229
18843
-16818
-2147
-106
0
94
-95
235
-231
11
-17
3
37
-34
109
190
-287
-17
1537
-1319
-205
-14
17
481
-487
-2
131
71
846
-1051
34
7
-47
19
-3
-16
25
-23
393
-344
-45
-3
156
-149
2684
-2609
-76
327
-333
8
-11
-2
0
1
6:0
-1
1
-1
3:0
1
-1
1
0
1
-1
3:0
-1
1
3:0
-1
1
-1
0
1
0
-1
1
0
-1
0
1
0
-1
4:0
1
-1
3:0
1
-1
2:0
1
2:0
-1
2
-2
5:0
1
6:0
-1
3:0
1
0
-1
0
1
-1
0
1
4:0
-1
2:0
1
-1
0
1
0
-1
1
0
-1
0
1
3:0
-1
0
1
0
-1
0
1
-1
1
4:0
-1
1
0
1
-2
1
1
6:0
50
-50
3
1
0
2:-2
5:0
1
0
-1
0
9
-8
-1
0
1
-1
1
8
-9
2
-2
3:0
1
0
-1
1
11
-12
1
-1
4
-4
2:0
1
0
-1
1
-1
1
-1
1
-1
0
3
-3
0
1
-1
2:0
10
-9
12
-13
5
-5
1
-1
3
0
-3
0
1
0
2
-3
2:0
2:1
-2
1
11
-12
2
-2
0
1
-1
1
42
-43
3:0
1
0
-1
3
-3
0
6
-6
2:0
2
-2
0
1
14
-13
15
-15
2:0
1
-3
2:1
-2
4
-4
0
27
-27
12
-10
-2
37
-36
694
-644
-47
-2
-1
2
-2
-1
2:1
2:-1
0
1
-1
3
-3
1
2:2
-3
-1
25
-26
10
-1
-5
8
-11
0
-1
1
0
7
-8
13
-10
1
-2
0
-2
0
1
0
-1
158
-71
-87
0
5
4
-6
29
-32
9
2:-4
221
-220
15
1
-18
3
-3
0
18
-18
6
-6
2:1
53
22
-73
-3
0
-1
5
302
-306
60
-60
10
-1
36
-45
207
-205
2:-1
0
-1
1
2:0
-1
40
-40
77
-76
4
-4
-1
1
5
-5
18
-17
14
57
-73
19
-17
-2
2:0
5
-4
-1
13
-11
0
-2
0
4
-3
8
16
-17
-7
12
34
-47
0
6
3
-1
-8
0
2:1
4:0
1
202
-205
2
1
11
-14
2
0
314
-316
0
3
1
-4
4
2:-2
2
32
-34
0
15
-15
8
-5
-1
1
-2
1
0
12
-12
-2
10
-9
2
-2
42
-38
-4
-1
8
-8
3:0
2
-2
0
4
-4
0
1
4
-2
-3
4
-4
0
1
-1
3:0
3
0
31
281
-253
-62
2:0
16
-16
6
-4
4
-5
-1
2:0
17
5
-19
-2
0
11
-9
-2
1
8
-10
2:0
81
46
-127
7
-4
-3
7
-7
0
5
-1
0
2:-1
-2
8
-7
10
2
-12
-1
2:0
1
-1
8:0
11
-11
23:0
1
-1
46:0
1
-1
6:0
1
0
-1
7:0
1
0
-1
10:0
2:1
-2
10:0
end
