v1
771
55
152
45
65
222
45
159
30
661
25
9
52
444
119
51
37
226
237
39
19
56
7
15
28
378
275
7
165
0
32
292
16
248
24
5
135
17
575
130
29
89
277
143
1
179
61
99
111
34
67
334
194
307
254
59
40
167
53
339
55
95
6
152
222
46
135
31
51
112
62
349
185
7
13
156
7
79
194
314
24
93
929
31
104
54
117
431
81
413
363
25
54
245
94
69
57
584
3
222
64
13
29
128
111
19
298
120
82
167
281
7
114
235
53
24
139
101
92
7
394
275
89
20
384
44
52
288
294
382
15
188
56
83
35
8
38
17
0
6
7
1
46
2
24
110
17
13
88
17
73
9
1
11
62
40
5
14
61
3
7
23
35
38
19
38
144
118
85
91
205
66
78
95
120
94
109
22
160
35
219
110
98
206
0
10
33
6
116
146
13
125
54
121
35
106
85
101
41
198
61
146
5
136
146
129
298
14
299
10
36
2
330
52
41
423
105
175
308
500
301
93
367
56
109
2
367
1
75
66
312
404
229
277
33
232
0
44
30
6
90
38
19
38
69
7
8
147
433
447
245
20
82
102
8
30
26
181
69
46
48
4
3
37
175
17
182
11
32
43
371
38
100
54
47
3
50
8
35
112
88
153
59
5
20
3
193
5
151
96
159
45
0
119
132
218
34
77
15
31401
5
22
9
43
161
33
53
44
37
48
69
19
76
8
58
54
36
8
22
1042
110
68
111
0
71
166
5
13
47
9
272
3029
2211
328
381
10
1162
2387
2753
6258
4543
15
2650
4766
5782
6140
2172
816
1797
2652
2
8081
7
3
2826
882
943
15
1533
933
5144
7
9
2
8
1425
3523
116404
1
5279
5981
2
23
73
9417
32421
22
33
174
0
73
20
72
17
5
54647
781
35
74
64
93
9
27
57
6
12
0
162
2
35
0
2
1
8
2
2:1
11
41
843
47
16
12806
11227
1178
3879
5151
7980
575
238
203
1227
1062
417
248
968
5
6
16
27
4
0
58
28
94
9
28
3
1
43
51
6
30302
9735
269
64
176
76
24
89
9
40
462
125
1
46
263
85
202
24
141
112
9
2
2:20
15
18
41
32
118
31
15
39
173
124
351
50
0
18
1
17
38
79
14948
1977
13
9722
2:1
149
13
1
53
48
14
2
88
65
10
5
-488500
391
0
289
161
242
0
7
52
139
0
52
22
324
92
361
86
169
186
204
344
152
57
213
657
43
804
102
118
346
135
334
290
96
130
244
714
135
53
341
222
43
163
112
418
441
268
190
326
0
157
381
34
86
74
0
33
197
175
123
283
239
317
125
668
494
110
468
234
30
170
85
172
72
333
126
414
1172
0
230
247
61
160
323
177
265
92
38
3
33
86
30
10
570
0
3
82
33
107
2
0
203
89
156
269
175
107
96
840
372
295
107
15
359
6
0
31
345
25
18
29
170
46
420
266
38
765
152
16
31
8
64
930
200
144
505
447
451
135
520
29
150
141
147
50
44
615
41
125
719
194
101
52
270
78
410
118
7
35
17
155
82
22
29
227
9
34
49
36
72
447
5
26
107
218
205
50
44
106
103
253
13
31413
98
79
101
119
425
1378
115
77
0
45
5850
2219
3101
7954
15060
1586
22458
2
8115
1014
27
3126
1
1461
3
23763
99688
49650
51
127
14
243
55395
193
21
123
58
143
809
29
2:32
132
3445
15193
2
2294
16552
5706
1
38
44
1637
419
143
1682
1
2:6
20
19
2:1
50
68
127
31892
8800
770
69
5
442
202
179
811
0
205
14884
150
76
11885
121
5
12
19
53
3
35
1418668800
499:0
1
270:0
3
116
-108
14
-21
13
32
-45
152
-149
38
-36
8
4446
-4457
1532
-1529
22
-21
176
442
-617
23
339
-366
4
-4
2:0
-3
11
-3
-7
55
58
-112
1
166
-164
45
35
-69
-13
-2
2572
-2544
-4
45
-43
-24
1
45
249
-297
2:3
6
-11
21
45
-66
3
26
-30
185
-166
-8
30877
-30887
710
-709
174
-176
133
-133
2
24
-28
2
1
73
-72
11
1975
-1984
1283
-1270
69
190
-272
-5
557
-555
341
-334
114
-122
5
-6
9
-9
75
111
-66
-119
34
-34
-2
21
643
-553
751
-858
-2
17
-18
90
-85
5
334
-136
-153
-55
62
-4
262
-245
155
-230
37
-22
2
84
-94
26
-24
174
-41
-133
-9
25
-15
-8
-1
2
90
112
-205
70
-2
443
-505
11
142
-154
-2
1411
-1413
117
184
-301
721
-715
-4
35
-35
67
-68
5
-3
208
-207
57
34
-95
5
8
-14
3
11
1025
-1029
2:-4
112773
-112764
7395
-7136
-267
-1
10
8
-18
3
123
126
-246
48
-26
-10
-7
392
-398
63
-66
8
-10
29
-31
145
158
-300
28
890
-912
-4
12
22
78
48
-162
30
-33
9
-9
0
11630
-6857
-4762
-8
1
-1
61
-41
6
1
87
-110
17
-22
2830
-2826
-4
1778
-1768
6
79476
-79031
-458
15
-13
11
881
-899
4
1
-4
3
2
-4
3
-2
70
-46
-25
21022
-20146
-740
-135
-4
28
37
23721
-23760
-23
4
4682
-4673
-11
512
-512
56
859
-911
3446
-3448
13
-18
11
-2
-3
7
5
17
-23
1079
-1093
2
-1
7128
-6892
1181
-1400
-18
8
-2
2079
-2065
-20
28
198
-220
5
6
1215
-652
-563
1011
-1027
521
-509
16
3
-25
304
-305
24
-29
1
-1
145
5
1489
-1638
15
318
-332
929
-926
-4
908
3367
-4181
-64
-30
419
-98
-319
12
53
-62
1
-6
48
-6
-26
52
-70
2
158
-160
3
51282
-51283
13
15
-23
-2
1
221
-212
272
-244
7700
-7712
1761
-1789
7
-4
13
20
-31
213
566
-764
-20
1284
-1248
84
-35
-79
153
-107
45
-75
9
74
-83
-16
2
-9
12
-6
0
835
-736
-44
-62
2
5
-2
0
97
-93
-7
13
8
2:-11
-2
123
-99
-1
-21
35
-17
-13
7
14
2
394
-418
12
2:-9
482
29105
-26504
-3067
-13
238
-232
197
739
-754
-129
-58
10
-13
1
4
-5
147
131
-257
73
540
-611
23
-26
91
1765
-1876
1
81
378
20190
-20639
-7
-3
75
-6
1
-70
55
2543
-2592
4
58
77
-110
148
-183
3
-4
17
13
367
-306
-88
920
-923
2
28
221
-251
20
-19
70
-47
-27
1
0
-1
1
2:0
-2
2
-1
1
-2
3:0
3
-3
0
2
0
-2
2
-2
2
-1
1
-1
0
-1
0
3
-3
2:0
2
1
-2
-1
1
-1
1
-1
0
3
2:-1
1
3:0
-1
0
-1
2:1
2:0
-2
3
-2
0
2
0
-2
2:0
-1
0
2
-1
2:1
0
-3
1
2:0
1
0
-2
0
2
2:-1
1
0
-1
2
2:-1
2
0
1
-1
0
-2
0
2:1
0
-1
1
-2
2
-1
0
-1
2:0
1
-1
1
2:0
1
-1
1
-2
2
1
-3
1
-1
0
2
-1
1
0
-1
0
2
-3
2
2:0
-1
2
-1
-2
2:1
-1
1
0
-1
0
1
-2
2
0
-2
3
-2
-1
3
-2
2:1
-2
-1
2
0
-2
3
-2
1
-2
2:1
-1
1
2:-1
0
2
-1
2
-3
1
2
-3
3
-2
4:0
-1
1
-1
2
0
-1
2:1
-2
2:0
1
-1
2
-2
-1
3
-3
3
-1
1
2:-1
2
-3
1
0
2
-2
-1
3
-3
2:1
-2
3:0
1
3:0
-1
1
2:0
2
-1
2:0
1
-2
-1
0
2
-2
3:0
2
0
-2
0
2
-1
2:0
1
2:-1
3:1
-2
3:0
1
-1
2
-2
2
0
-1
1
2
-2
3:0
1
-1
2
0
4
-6
3
87
-90
2:0
1
-1
10
2
-11
8
-3
-6
0
21
-18
0
-3
3:0
4
-4
1
-1
10
-10
4
-4
3:0
1
-1
1
2
-3
0
4
-3
11
-12
3:0
1
0
-1
0
1
0
-1
2:1
-2
2:0
31
-31
4
-4
0
3
-3
6
-6
0
1
-1
2:1
-1
0
6
0
-7
1
-1
0
11
-11
22
-20
2
-4
2:0
1
-1
5
-4
1
-2
1
-1
1
2
0
-2
0
1
-2
1
-1
0
4
-1
23
-14
-12
1
-1
2:0
2
107
-109
0
5
0
18
-23
5
-1
-4
2:0
1
3
2
-5
-1
0
15
-14
-1
28
-28
32
-32
0
11
-10
0
4
-5
3
-3
0
19
-18
2
-3
2:3
-5
0
-1
27
-24
5
2:-4
0
1
-1
1
-1
57
-56
2
0
1552
-1555
102
-77
-25
0
3
4
-6
1
3
2
-4
-3
3
6
-5
4
-8
9
-7
2:-1
10
-10
1
26
-26
0
15
-13
2
-4
-1
10
13
-22
11
-10
1
-2
-1
350
-206
-144
1
-1
2
0
1
-1
0
-2
0
3
-2
75
-75
0
23
-21
-3
388
-346
-40
1
0
-2
23
-24
5:0
1
0
1
21
-18
-5
118
19
-132
-4
2
-1
6
720
-723
-5
1
94
-94
-1
15
-14
40
38
-78
503
-502
0
-1
1
-1
2:0
-1
2
3
127
-131
0
-1
172
-160
5
-12
-3
2
-3
20
-19
0
-1
40
-37
-3
2
29
118
-143
32
-39
6
-6
8
1
-4
40
-44
3:0
-1
3
19
0
-22
0
36
-36
32
-32
0
36
64
-95
-3
-2
1
8
-9
9
29
-38
0
2:1
3
-1
-2
-1
2
-2
-1
0
261
-260
2
6
-7
-2
1
0
-1
0
9
485
-493
27
-27
2
-1
1
-2
2
4
61
-68
2:4
12
-20
8
2:-4
13
-6
3
0
6
-16
6
0
-5
8
-8
4
59
-55
-8
-1
2:0
2:1
4
-5
-1
2:1
-2
1
-1
12
1
-13
3
2
0
-5
0
2
0
1
-3
0
7
-6
94
803
-778
-117
-3
73
-72
-1
18
-6
-2
-10
1
2
-3
1
-1
34
42
-71
3
5
-6
-5
-2
5
25
-30
0
2
142
289
-433
0
1
3
-2
15
-16
0
9
-1
0
-8
6
4
6
-17
0
2:2
-1
13
-7
-9
23
-23
2:0
19
-18
0
1
9
-7
-4
6:0
1
-1
16:0
1
-1
1
-1
6:0
2
-2
8:0
1
-1
0
2
0
-2
17:0
1
-1
2:0
1
-1
12:0
1
-1
5:0
1
0
-1
3:0
1
0
-1
27:0
1
-1
9:0
1
-1
7:0
1
-1
6:0
1
-1
4:0
4
-4
2
-2
14:0
1
-1
3:0
1
-1
11:0
1
2:0
-1
2:0
1
-1
0
1
-1
3:0
1
-1
3:0
2
-2
1
9
-10
2:0
1
2
-3
9:0
1
-1
3:0
2
-2
5:0
1
-1
2:0
1
-1
9:0
1
-1
1
-1
0
1
-1
end
