v1
773
252
283
4
45
602
95
115
63
0
9
496
119
51
330
228
56
7
15
28
533
81
46
224
265
288
147
585
89
70
157
0
77
276
450
404
31
103
91
22
19
118
68
80
160
30
136
586
92
50
14
54
366
135
49
40
167
386
148
20
76
80
86
257
136
170
147
98
270
44
118
97
31
74
0
143
275
297
134
494
442
245
94
69
57
31
90
283
51
460
135
123
20
278
30
76
0
14
82
167
213
4
64
121
50
0
238
24
139
140
49
242
69
94
106
169
16
43
530
217
71
294
24
0
35
50
295
181
56
51
32
25
18
38
6
24
1
46
2
17
117
11
6
118
73
4
5
74
40
19
64
30
35
38
3
16
38
17
30
215
74
11
91
211
60
78
95
120
225
103
57
35
249
27
53
98
206
10
6
27
0
6
116
146
138
0
54
61
60
141
85
101
100
139
61
146
5
282
129
27
285
299
48
83
70
229
41
309
114
38
47
20
983
199
102
269
191
50
6
109
2
181
56
37
94
75
50
16
160
39
746
277
33
29
147
56
27
2:53
75
57
69
7
8
147
40
393
447
162
103
82
102
391
17
4
3
37
160
15
70
121
8
11
32
74
18
198
73
51
38
100
54
47
59
2
19
108
20
88
153
59
5
23
193
5
257
351
2:47
46
17
21
59
75
20
14
77
31149
272
22
9
43
39
155
53
44
37
136
4
32
40
1
119
36
8
22
1042
110
68
111
71
166
18
47
3310
6
2205
328
1553
3073
691
1376
6258
1322
0
3221
15
2650
4766
2954
11956
925
3526
8091
0
48
2778
882
943
15
1533
933
5160
2
6
2
1425
17
3506
11948
108000
1
7716
25
73
4
9413
32411
0
10
22
33
59
29
46
40
93
53
19
17
5
54647
781
35
47
27
157
7
29
18
2
8
29
6
12
162
27
10
2
1
10
2:1
11
2
1
725
0
29
20
12
3609
9355
3480
4654
3093
1178
17010
1016
1227
873
189
0
1633
3
2
5
1
5
11
27
4
86
59
2
33
9
28
3
1
43
47
4
6
30302
9786
218
64
79
97
189
49
587
1
46
263
55
30
202
277
9
24
33
18
41
0
103
47
0
31
20
4
30
173
13
87
388
37
19
17
15
23
58
14831
118
1997
13
9722
2:1
162
1
101
14
2
16
17
20
35
75
5
-488322
114
312
30
560
477
8
92
261
444
20
379
146
96
239
131
187
323
94
145
17
705
8
530
117
610
53
634
546
122
156
103
29
25
54
2:26
88
184
244
24
51
37
91
18
0
32
273
72
152
296
20
29
228
120
351
118
45
101
108
36
138
30
662
0
320
2
95
41
240
457
31
457
237
201
95
338
173
14
47
111
52
0
210
329
349
366
426
0
165
47
692
57
173
61
402
242
86
201
2
0
308
23
172
18
0
26
59
0
20
124
107
24
223
25
24
205
23
279
116
329
110
304
300
271
809
126
12
0
411
166
204
217
223
202
116
92
132
5
524
409
288
938
166
14
334
43
17
481
357
0
267
10
492
28
52
127
210
173
557
223
102
9
333
358
61
141
263
0
463
109
97
19
68
467
35
6
50
14
573
242
3
350
69
40
253
15
168
0
31676
65
345
132
1405
46
166
285
9508
11443
14534
790
5704
5221
1267
1391
10
0
8075
23
7585
6141
119907
53245
46
81
10
105
12
36
55811
123
108
51
750
157
7886
10813
0
10446
5151
8555
0
238
1884
0
374
899
980
24
21
50
61
0
11
0
28
95
17
13
17
31845
8191
661
38
754
265
268
111
179
261
0
307
0
403
132
14797
224
11887
126
31
49
4
3
1418573400
499:0
1
272:0
11
-8
0
14
-7
12
-11
-5
0
229
-211
2822
-2837
8
818
8123
-8908
53
-66
2568
-2572
-24
-2
1
366
-369
93
-87
321
-328
3
4
-3
95
-94
11
-11
0
52
-56
5
-7
158
-117
-39
-1
12
0
-11
12
17
-24
-3
-4
6
495
-494
-4
206
-205
523
-497
-23
9
-16
25
-18
1
12
63
-14
-52
-13
-3
-1
96
-45
17
-37
344
-372
603
-475
483
-503
-103
-5
-2
29
-23
17
-5
-19
7
-5
2
296
-299
14
-14
401
-402
41
-38
0
1
8
-11
123
2
-125
1
256
-257
25
35
-50
539
-438
276
-211
-172
-2
14
-7
-8
17
16
-35
108
-99
13
-5
16
-29
-3
11
-8
28
-31
23
57
21
-97
-5
922
-748
-161
107
-101
-17
375
-314
-63
10
19
129
-151
45
-48
33
-37
17
392
-401
86
-41
3
-49
-3
7
10
12
561
-542
-34
129327
-129344
10
-3
9469
-9294
-161
-13
3
21
-32
29
-10
-18
36
-37
4
35
-27
0
69
-80
0
42
12
383
-436
24
35
313
-368
-2
-4
5
-2
120
-121
163
-162
282
-278
23
146
-165
-5
-6
7
14240
-8852
-5383
7
-20
6
-1
77
-70
-8
-4
1
8
2
-11
2979
-2963
401
-382
-18
73355
-73354
328
-327
-16
10
-6
253
-259
4
11
-13
124
-111
12
-6
30
6266
-5928
-361
21
-49
2
10
-2
8
68
22165
-22244
221
3857
-4085
0
4
170
-167
540
339
3864
-4747
40
-41
0
-1
19
-21
0
3
5
-2
35
1277
-1314
-2
2694
-2618
200
-269
-8
93
-41
161
-208
122
-126
9
1
14
400
474
-880
1361
-1378
25
-22
83
1994
-1264
-792
-25
-1
6
53
605
-187
-466
223
552
-777
-7
2
-3
896
4377
-3936
-1339
287
-283
114
-115
2:0
-2
71
-60
481
-491
13
39
48251
-48293
-5
12
1
2:-9
1
95
-50
96
-42
-98
6845
-6846
2
166
3926
-4096
0
1
-1
31
-27
-2
2
168
1078
-1244
4
1523
-1525
63
-39
-33
166
-161
-5
8
22
56
-47
-4
31
-54
2
-9
0
515
-397
-45
-75
-1
0
6
-5
1
-1
39
-33
-5
197
2903
-3098
5
-10
48
-45
28
-2
-14
-9
11
30
-42
41
-34
5
463
-446
-33
74
-5
-63
8421
18537
-23284
-3639
-28
0
698
-696
24
161
-149
-53
13
-10
1
250
94
-327
143
454
-498
-115
110
3621
-3732
847
15869
-16691
2
13
-34
-4
79
3
-63
-9
-16
41
-30
2
215
-161
-50
-17
777
-620
-156
87
-86
49
-7
1371
-1237
815
-949
-18
246
199
-454
-11
-5
114
-84
-15
-16
-2
1
-1
2:0
-1
0
1
0
-1
3:0
1
0
1
2:0
2:-1
4:0
2:1
0
1
-3
1
-1
0
1
0
-1
0
2
-1
0
-1
1
0
2
-3
2:0
2
3:0
-2
1
-1
2
1
-2
0
1
0
1
-1
0
-2
0
2
0
-1
1
-1
0
1
-1
3:0
2
-3
1
-1
2
0
-1
1
-2
3
-3
2
-1
3:0
1
-2
2
3:0
2:-1
0
2
2:-1
0
2:1
-1
0
1
0
-1
1
-1
0
-1
3
-1
1
2:-1
0
2
-1
0
-2
2:1
2:-1
1
2:0
-1
3
-3
1
-1
2:0
1
0
-1
1
0
1
-2
0
1
-1
0
2:1
-1
1
-2
2
-2
2
-2
3
-2
-1
2:1
0
2:-1
0
2
-1
1
0
1
-2
-1
2
0
-1
2
-3
1
0
-1
1
2
-3
2
-1
0
-1
0
1
0
1
0
-2
2
-1
1
-1
2:1
-3
0
2
-1
0
-1
2:1
-2
3
-3
1
-1
2
0
-2
1
0
1
-2
2:1
-2
1
-1
3
0
2:-1
1
-1
1
-1
1
0
-2
0
1
-1
2:0
2:1
2:-1
0
2
0
2:-1
1
-1
3:1
-1
-2
0
2:1
-2
0
2:1
3:0
-1
2
-2
1
4:0
2
-2
1
2:0
6
79
-85
-1
13
-2
-10
15
-15
-1
1
30
-31
0
14
-12
6
-8
2
-2
0
1
-1
4
-4
3
-3
3:0
1
-1
16
-15
-1
4:0
2
-1
2
-2
-1
0
26
-26
3:0
1
2
-2
1
2:-1
2:0
2
-2
4:0
1
5
-6
2:3
7
-13
17
-14
2
-3
-2
2
-2
7
-7
1
-1
0
1
-1
2:0
1
2
-3
0
1
-1
2:0
2:1
-2
4:0
31
-31
7
-5
2:-1
2:1
71
-73
0
2
-2
3:1
-3
32
-30
4
-2
-3
-1
0
14
-13
0
-1
0
23
5
-28
1
28
-15
-14
7
2:-3
12
-11
-1
1
-2
4
-4
8
-7
2
-3
0
34
-33
8
-3
-4
-2
2
3
-5
0
57
-57
3
1522
-1525
2:0
101
-81
-20
4
2:1
-6
5
-4
0
4
-5
0
12
-8
-1
4
-4
-3
5
1
25
-31
12
-3
5
-12
0
-2
1
2
6
-9
25
-25
12
-11
6
1
-1
-7
1
2
451
-336
-118
3:0
2:2
2:0
-4
3
-3
3
-2
83
-82
18
-18
-2
387
-383
31
-30
-3
2
-4
26
-25
0
1
-1
26
-27
6
-5
0
134
11
-141
-4
-1
2:1
0
-2
13
645
-655
-1
95
-96
-1
0
22
-20
23
55
510
-587
4
-4
-3
0
3
-2
0
-1
0
2
-2
164
-163
-1
173
-161
1
-9
-4
1
2
25
-27
36
-37
0
4
-3
30
139
-161
46
-55
4
-4
12
-6
38
-38
-6
2
-2
15
22
9
-46
5
23
-28
1
0
1
27
72
-95
-6
11
-7
33
-32
0
-5
0
8
-7
12
-12
3
-4
246
-241
2:-2
-1
4
-3
1
10
-12
0
15
-14
499
-500
0
6
1
-6
-1
0
1
6
-7
2:0
4
56
-59
2
14
-17
29
-21
-6
1
3
-6
2
6
7
-4
3
-10
4
-7
2:1
73
-65
-8
-3
0
7
1
-7
-1
0
2
0
-2
3
4
-4
0
-3
4
1
2:0
2:-2
0
-1
2
-1
0
1
5
-7
1
-1
8
-7
74
473
-423
-122
2:-1
125
-126
1
15
2:-8
6
-6
1
32
78
-106
9
-14
14
-11
5
15
-21
182
194
-377
0
21
-18
0
6
-10
0
10
-10
1
-1
1
3
5
-1
-8
24
-24
2:0
2
3
-2
18
-8
11
-24
2
17
-16
-3
2:0
4
0
-1
-3
27:0
1
-1
13:0
1
-1
12:0
1
0
-1
2:0
1
-1
0
1
-1
24:0
1
-1
16:0
1
0
-1
22:0
1
-1
18:0
1
-1
4:0
1
-1
4:0
1
-1
4:0
1
-1
5:0
3
-3
1
-1
2:0
1
-1
9:0
1
-1
3:0
1
-1
9:0
1
-1
2:0
1
-1
10:0
2:1
-2
0
1
-1
2:0
1
-1
2
-2
1
-1
15:0
1
-1
10:0
1
-1
2:0
end
