v1
856
207
90
242
14
190
222
264
50
2
153
25
9
8
18
554
35
43
508
1
57
19
37
7
15
17
11
118
421
75
39
7
106
118
451
102
140
7
10
39
251
285
159
234
189
240
26
271
177
109
49
294
22
118
126
41
210
363
278
217
140
84
41
134
0
21
135
31
58
167
381
153
20
156
53
33
257
79
57
139
93
183
474
193
110
87
95
93
431
113
52
117
212
442
272
52
15
5
31
33
57
809
88
18
135
337
29
85
214
30
95
254
27
121
288
186
170
7
335
59
275
16
269
188
13
51
28
24
237
51
44
242
8
59
50
466
10
27
29
45
6
32
43
12
7
50
46
2
3
124
20
4
191
9
1
9
64
123
30
35
3
35
19
38
17
127
118
426
21
78
95
214
131
195
219
110
192
112
10
6
27
6
116
284
54
121
141
0
46
39
101
41
259
102
44
5
16
266
129
275
6
31
299
10
5
18
13
2
66
17
70
229
41
423
280
9
82
717
215
25
13
48
83
377
56
106
3
2
24
250
93
1
75
50
325
375
269
11
7
251
33
29
9
188
50
164
57
69
7
8
147
40
48
235
110
548
51
12
81
20
82
102
64
296
55
37
175
17
53
121
8
11
32
0
363
22
29
22
116
54
47
61
7
28
92
20
88
153
59
5
23
193
5
151
457
2:47
218
34
123
31370
5
22
9
195
9
33
53
44
85
69
19
0
76
120
36
8
22
1152
179
71
184
47
287
3023
2211
2
326
1553
5140
667
6913
3221
15
2650
4766
4989
3
9918
925
2139
1385
2
8134
5
2778
882
958
1533
920
13
5144
7
1
10
2:1
3
1
2
1425
3523
531
115873
3545
1735
6006
54
19
9417
2665
29730
16
10
22
26
7
59
71
44
73
20
72
11
6
5
11015
43632
731
50
35
67
7
85
72
7
2
15
12
18
0
39
6
12
1
98
63
27
10
2
1
8
2
2:1
11
3
725
225
24027
18188
575
238
1430
873
189
665
436
532
2
3
4
18
29
2
86
34
29
31
9
28
3
1
40
3
47
4
6
30302
1513
8491
64
176
76
24
59
30
636
1
46
263
70
15
122
80
277
9
28
14
15
18
41
103
47
31
10
14
21
9
698
19
17
38
30
14925
46
26
1990
9723
1
149
13
1
101
14
18
10
7
55
13
62
-488525
21
445
471
374
900
77
3
312
243
0
515
65
88
58
121
145
215
0
105
400
0
27
362
41
61
334
844
79
669
67
79
298
384
156
67
107
452
59
11
418
68
229
0
290
27
205
185
221
147
55
30
136
0
235
12
95
0
269
158
310
0
96
54
420
335
86
25
113
67
584
131
242
425
0
111
151
141
25
989
233
127
13
178
153
429
19
59
62
221
121
0
578
184
151
24
103
197
74
16
7
116
10
3
28
2
63
3
147
159
8
0
32
102
5
2:7
0
14
3
70
143
116
0
225
20
71
0
43
521
14
202
107
0
24
38
11
381
0
2
171
147
225
0
116
148
0
126
337
0
32
162
58
170
81
0
39
0
131
171
0
267
0
4
290
0
15
332
456
152
55
12
544
638
0
195
771
706
193
89
229
13
0
327
7
43
18
0
134
38
42
166
261
97
888
46
285
0
10
30
79
0
291
0
4
74
274
121
74
0
570
28
22
6
57
372
45
72
35
92
207
42
10
0
119
30
45
50
11
42
16
40
0
155
38
75
77
96
31433
42
46
0
72
38
0
62
19
12
40
213
28
0
18
58
94
1012
234
391
17
14
272
5565
21715
8995
5704
426
5227
842
9469
2
4651
34
2921
4676
0
16916
91358
13099
3543
7718
56
0
45
38185
3667
46
0
90
160
61
46
11
71
0
55240
0
148
150
0
161
178
7
34
27
755
0
14
18
95
67
0
18640
565
1731
10867
2434
3251
5707
82
1105
532
507
1737
7
26
167
9
3
5
0
24
25
95
38945
0
1261
188
365
502
208
204
334
28
72
151
535
0
149
282
57
60
15080
0
11710
177
210
1418176800
499:0
1
355:0
103
-57
-36
-4
40
-27
27
-16
2
-22
26
-7
-18
-3
1
2055
-2056
25
483
308
-817
1301
765
-2046
-12
13
2
-20
4
-7
0
9
0
13
39
3523
-3586
5
29
-26
97
-94
170
-172
3
-10
117
-108
2:-4
15
87
-80
-20
3571
-3562
182
365
-265
-282
-10
2:5
0
-7
25
42
160
-23
-203
49
-56
2
-2
41
-4
-36
799
-794
2
226
-209
-24
2
-4
0
112
820
-929
3
6
67
17
-80
-12
781
-783
9
-2
98
-34
-69
251
-229
3
-28
10
-4
0
-5
22
-20
31
-32
997
-999
156
-141
110
-92
-17
-13
16
-17
44
-46
485
-483
95
-85
26
182
-219
50
-7
177
-209
21
-1
2
1052
-1082
11
-14
127
-112
-7
12
-2
41
-22
-21
476
-490
0
126
-110
39
99
-156
151
-152
6
0
17
206
-228
100
-100
38
-18
45
-57
-5
231
-232
31
101307
-101324
251
8190
-8193
-260
778
-777
7
0
1
-5
-1
1307
-1224
-92
8
-1
-4
70
-64
-8
0
24
15
-39
0
1243
-1125
667
-777
68
-75
163
36
-55
-146
10
46
153
-208
8
6
82
-92
10
4
-15
25
-18
126
-129
-2
16777
-13812
-2938
-33
3
-2
8
13
57
-65
-3
-10
9
-5
802
-805
136
-135
178
17535
-17711
12
68
327
-404
2180
-2187
66
-52
-11
457
-459
48
-47
87
-52
-27
101
-60
2505
-1857
-657
-2
-4
-32
20
37
313
28390
-28621
2971
-2988
-122
0
42
398
-445
119
1397
2069
-3452
308
-427
-13
4
30
-15
622
-628
6
5024
-4959
-38
-46
3
485
-423
124
-187
-2
192
-4
-160
175
482
-646
415
-433
104
-108
79
-88
-9
131
-52
-77
1128
-1037
113
-157
58
210
114
476
-804
-95
-6
58
-54
2
5
81
-89
0
12
39
-14
-29
-10
2
-4
0
7
60967
-60971
118
-100
221
-238
46
58
-89
108
9
-131
349
-351
156
22724
-22826
-56
32
-25
3553
-3561
0
15
8
20
215
-254
0
39
466
919
-1429
22
-18
12
18
243
-258
-17
62
-52
-8
6
303
-299
-2
23
611
-639
95
-95
53
54
-45
-64
-3
3
38
1299
-1336
227
-226
-5
-2
9
122
185
-310
163
-139
-1
5
-28
124
-108
-13
9
-14
18
150
-167
2:-2
211
-208
2030
41357
-38909
-4472
-1
25
-27
1116
-1105
870
4664
-5429
257
-378
20
-10
-1
191
452
-631
249
-270
52
209
-212
215
1986
-2252
87
584
4157
-4774
135
-185
1024
-966
-16
-46
29
-18
-9
15
324
-340
0
1225
-1220
57
341
-327
-71
7042
-7004
-2
356
-318
-76
-1
540
-455
-84
-9
1
4
-4
2:0
2
-3
2
-1
0
-1
2
1
-1
2
0
-1
2:0
-3
0
3
-1
-2
2:2
-4
2
4:0
-1
3
-3
2:2
-4
0
3
1
-2
0
-3
4
-4
3
2:-1
1
2
-4
0
2
1
2:0
1
-4
2:0
1
0
-1
1
0
2
-2
3
-4
0
2
-2
0
2:2
0
-2
3
-3
-2
3
-2
-1
4
-1
2:1
-3
1
0
3:-1
5
-2
1
-2
-1
4
-3
0
1
-3
2
0
2
-3
3
-3
2:0
-1
4
-4
2:1
2:0
-2
0
1
0
1
-1
2
0
-2
2
-3
1
2:0
1
-1
2:1
0
-1
0
1
2:0
-2
2:0
3
-4
0
2
-1
4
-5
3
0
-3
0
3
-2
2:1
-1
-2
1
0
1
-1
2:1
-1
2
-1
-3
0
2:1
0
3
-3
0
-2
0
5
-3
0
-2
0
2
1
2
-2
1
0
1
-5
1
3:0
-1
3:0
4
-4
2:1
-1
0
3
-3
-1
4
-2
-1
1
-2
0
1
3
0
-3
0
-1
4
0
-3
0
1
-1
1
2:-1
1
2:0
3
-2
3
-4
2:0
-1
0
4
-3
-1
2
-1
2:0
3
2:-2
3
-3
4
2:-1
0
2
-3
3
-2
1
-2
0
-1
3
1
2:0
-4
0
4
0
1
-4
2:1
0
-2
-1
5
-2
0
-3
0
5
-1
-2
-1
0
-1
0
3
-2
0
1
0
-2
2
3
-5
2
-2
2
2:-1
0
1
0
3
-4
4
-2
3
-1
0
-4
0
4
2:-2
1
-1
0
3
0
-3
2
2:-1
0
3
-3
1
2:0
-1
2
-2
2:1
-2
0
4
-2
-1
2
-3
0
5
-4
3
1
3
-3
0
2
-2
2
-2
6
-6
0
3
-1
0
-1
98
-99
3
-2
18
-18
27
-26
9
-11
1
2
-3
2:0
14
-14
1
-1
4
-2
-1
0
-1
0
8
-7
0
-1
0
1
6
-3
-4
3:0
1
0
10
-10
5
-6
2
-2
0
1
4:0
4
-4
8
-8
7
-8
2:0
6
2:-3
2:1
0
-2
2
0
-2
1
-1
10
-1
-9
0
1
7
-1
-7
0
18
-18
0
2
2:-1
1
4
-2
-3
0
2
-1
0
1
-1
1
-2
2:0
1
14
-15
31
-22
-6
-3
0
2
-2
1
-1
0
6
-5
1
113
-114
1
-2
3
-1
3
-5
3
32
-33
2:-1
8
0
-7
2
-3
2:6
-9
22
-25
0
8
1
-5
7
-10
1
-1
0
4
-3
11
-13
5
-2
1
-2
6
-8
1
57
-58
5
1389
-1394
3
86
-57
-29
0
2:-1
0
-1
3
0
-1
13
-15
2
2:-1
12
-7
-4
0
-1
11
-9
0
-2
0
103
-101
-1
0
7
3
-8
-3
2:0
14
-14
2:0
20
-19
4
-1
-4
5
-1
-2
0
-1
387
-335
-49
-3
-1
3:0
4
0
1
-5
0
1
36
-36
22
-21
-1
247
-244
-2
0
31
-33
1
0
7
-5
-3
34
-34
1
3
26
-26
-2
4
1
110
29
-140
0
-3
-1
2
-4
14
466
-454
117
-143
0
3
-1
13
-13
56
23
390
-461
3
-11
-2
0
3
5
124
-130
0
168
-162
4
-12
4
0
-1
19
-18
-3
38
1
-33
25
107
-129
30
-35
10
-9
0
2:-3
5
10
-15
32
-20
0
-12
0
3
29
95
-122
-4
1
2
0
-4
9
24
-33
2:1
2
-3
3
-3
0
-1
3
-3
332
-332
2:0
4
2
-2
4
-8
5
1
-6
2:0
17
1548
-1565
0
2
-2
23
-23
1
-1
1
9
-7
3:-1
10
43
-52
3
-1
3
-5
-1
7
-7
9
-3
0
-4
8
1
0
-3
2
-2
-8
1
27
-22
2
-7
0
-1
1
77
-76
9
-11
10
-7
-3
9
-6
-2
9
-10
2
0
1
7
-9
1
-2
2:0
5
-5
2:0
7
-6
165
1036
-990
-211
2
4
-7
266
-263
-2
36
-19
-6
-12
3
1
-2
38
87
-121
9
-14
8
-9
13
1
25
-39
0
153
24
-173
13
-14
12
-14
1
-2
9
-3
-4
2
9
-13
1
-1
2:3
7
-7
-4
37
-36
-2
25
-19
-7
1
17
-13
-3
-2
12:0
1
0
-1
20:0
1
-1
3:0
1
-1
0
1
-1
2:0
1
-1
5:0
1
-1
0
1
-1
6:0
1
-1
1
-1
13:0
1
-1
4:0
1
-1
7:0
1
-1
7:0
1
-1
7:0
1
0
-1
6:0
1
2:0
-1
1
-1
3:0
1
-1
3:0
1
-1
6:0
1
-1
5:0
1
0
-1
2:0
1
0
-1
2:0
1
0
-1
0
1
-1
0
1
-1
3:0
1
-1
1
-1
2
-2
0
1
-1
29:0
1
-1
1
-1
4:0
1
0
-1
5:0
1
-1
3:0
1
-1
2:0
3
-3
14:0
1
-1
4:0
2
-2
0
1
-1
4:0
1
-1
1
-1
3:0
2
-2
10:0
1
-1
22:0
4
-4
1
-1
6:0
2:1
-2
12:0
1
-1
0
1
-1
7:0
2
-2
0
2
-2
0
end
