v1
921
207
377
159
486
52
153
34
615
110
78
363
58
56
7
15
28
118
159
181
156
46
675
102
140
592
159
494
15
180
271
435
216
19
266
160
48
365
339
134
50
17
375
166
18
207
534
20
24
218
336
57
139
155
434
1
463
150
125
431
90
404
207
235
126
213
69
57
31
884
135
221
18
212
339
132
177
93
235
77
279
53
7
285
109
151
124
16
212
361
177
397
8
281
303
28
22
7
45
6
32
25
56
6
25
46
19
117
13
4
118
73
0
9
74
45
14
64
30
35
38
74
127
118
87
360
173
120
94
131
195
329
98
206
10
33
6
116
117
97
70
54
121
141
85
74
27
0
41
87
172
146
5
24
73
170
15
129
312
299
10
23
13
2
83
70
229
41
516
12
225
758
301
460
56
109
2
24
344
75
50
429
532
30
247
33
29
230
53
128
19
107
7
8
147
323
110
447
164
101
184
187
225
3
37
175
70
121
8
11
32
2:43
277
51
38
0
100
54
47
3
56
2
147
88
212
5
20
3
193
3
2
151
54
497
63
127
19
9
34
143
31350
5
22
9
43
194
53
44
173
76
120
36
30
1080
72
179
71
166
15
3
47
281
3029
2211
328
1553
328
4812
10816
2650
4766
5782
9128
925
3524
2
14
8076
3709
947
11
2466
474
509
1041
3126
12
1433
3523
103082
224
16642
1
1735
5981
25
73
9417
32411
10
18
4
207
72
51
59
5
54647
816
74
157
7
2
27
20
37
6
12
17
145
37
3
8
2
2:1
11
728
29
14
16462
4654
3093
10208
7980
813
1430
873
189
1101
532
2
1
2
4
2
6
41
180
37
3
1
43
47
4
6
30302
10068
176
159
666
0
1
46
263
85
202
277
9
42
15
18
41
103
11
67
3:5
9
30
698
19
17
38
15027
1990
9722
2:1
162
1
115
2
16
72
13
62
0
5
-488584
223
19
272
214
39
327
73
22
152
24
39
17
18
104
320
46
538
4
167
38
419
46
74
81
218
74
293
31
16
403
26
275
5
80
63
7
275
61
202
8
607
50
95
67
76
105
47
53
22
160
65
46
94
126
211
48
180
4
99
19
131
200
236
355
19
6
222
16
155
296
520
125
131
127
189
52
7
78
412
126
77
43
0
321
65
86
12
116
2
337
185
81
324
245
136
13
170
141
117
377
127
366
8
77
61
111
79
13
145
25
228
90
11
44
79
26
106
78
16
27
44
266
580
40
113
27
2
303
97
78
283
121
6
77
281
398
5
77
0
88
123
7
181
42
26
114
3
22
2
34
7
49
150
14
114
55
132
33
28
57
15
18
38
16
38
438
270
79
7
222
189
144
292
152
62
61
672
98
386
34
26
5
166
240
291
61
254
194
113
15
46
76
639
141
38
20
27
8
5
182
9
170
129
404
295
173
5
17
808
93
451
125
270
12
66
163
13
344
22
107
56
95
38
94
10
9
457
99
333
304
99
83
61
36
5
100
62
195
136
527
12
19
29
22
159
95
207
114
14
13
16
20
333
70
121
89
38
4
220
244
68
41
74
64
31705
112
56
61
5
100
3
112
69
55
48
58
62
36
34
1030
25
63
90
72
153
18
43
122
3321
2207
2201
2048
703
1061
7264
1322
1110
1405
706
1893
10527
1623
1211
3663
2605
2616
10743
2
0
1
12
2813
1825
34
1514
6076
8
9
8
2
5479
115873
11318
12123
29730
23
58
78
10
46
133
53
19
27
11
7239
47552
571
50
320
2
101
53
67
35
26
882
63
6
3445
21760
12281
5304
485
2055
855
984
20
66
5
61
10
21
8
40
43
12
17
40576
99
31
62
27
614
25
85
265
27
241
28
70
166
22
23
130
13
76
51
220
87
144
276
2:28
14948
30
2049
9883
3
-488231
394
991
316
100
120
36
68
368
171
87
857
6
293
899
417
793
112
68
163
506
266
284
606
1257
482
560
2053
606
340
1228
69
123
112
423
229
570
900
207
281
46
429
451
5
52
448
15
93
20
1
230
70
177
1001
515
89
110
354
1681
600
23
24
2013
828
241
493
915
119
92
292
39
103
14
740
236
752
388
163
93
259
170
229
513
500
535
103
231
22
31922
17
448
49
21
1495
18926
6436
22245
2658
165182
28731
1058
10
90
205
55963
48261
92
97
42
108
26
3
31816
10292
136
13
408
114
27486
186
56
1418516400
399:0
1
399:0
1
120:0
34
-9
11
19
-15
-10
678
4281
-4968
-7
-3
107
9736
-9825
12
65
-83
130
-140
3
79
-82
120
-116
94
-76
1342
-1330
2500
-2355
-138
281
-310
63
-57
8
180
-169
210
-247
53
291
-317
-25
291
-97
-193
-1
45
-34
774
-785
-1
8
-12
1
232
71
87
-369
-19
18
51
-71
606
-595
66
-68
2
-7
11
-14
17
-13
14
20
-20
4
-23
112
-111
326
-328
376
885
-894
-251
-107
695
-559
-140
141
-66
-74
1
207
-208
-5
11
701
-709
-3
12
96
-108
11
4
-10
112
4
-112
0
552
-503
-53
0
235
-185
290
-343
68
-63
434
-439
136
-54
-79
-4
88
-79
448
-431
2
176799
-176768
5688
-5203
-544
2:0
24
-13
9
6
-15
-7
4
3311
-3290
85
-114
2:12
-25
1
51
-1
-41
55
-65
1398
-1126
6
-220
-48
154
286
-451
22
-18
282
-191
28
-110
175
151
-321
20701
-18760
-1801
-155
-3
26
111
-117
15
75
-94
3758
-3774
2694
-2693
33
39393
-39425
395
-329
30
19
1093
-1141
-50
124
116
-216
349
-363
4251
-2992
-1255
-15
0
95
-90
12
4
557
32072
-32653
-7
0
4338
-4303
218
-207
1601
-1654
6425
-6426
29
151
-177
602
-591
9
-18
4
288
925
-1210
1771
4563
-6041
-128
-176
51
-43
216
-30
-184
126
1051
-449
-730
414
-79
-336
234
-233
0
-1
25
2
114
1106
-889
-361
510
-50
8812
-9153
-123
91
-91
18
141
-156
-1
68
-67
10
-10
7
-9
13
57
44117
-44166
122
2
-131
-11
431
-425
47
125
-91
7782
-7853
-12
-8
83959
-83954
68
-63
162
268
-433
12
319
-276
-47
-14
282
-284
435
-273
-143
1685
-1637
-50
-12
0
3
1202
-1159
229
-272
4
-8
25
-8
30
164
-130
-78
128
-126
61
-64
333
-309
46
-56
-10
6
682
-133
-518
4296
34818
-36194
-2951
10
-23
813
-805
70
212
14521
-14585
-10
278
-474
204
-152
-45
193
2425
-2625
762
4510
-5262
54
-42
-4
-37
7
8
193
-132
-73
45
-43
596
-598
19
1
912
-821
1548
-1618
178
-208
55
480
-547
31
2
19
-66
5
1
-3
3:-1
2
-3
3
-3
0
-1
3:2
-6
2:2
-2
0
3
1
-6
1
8
-7
2:0
-1
2:0
2
5
-7
2:1
-3
5
1
-1
2
-5
4
-4
1
-3
3
-3
4
-3
1
0
4
0
-2
3
-3
-2
4
3
-3
0
-6
5
-4
2
-2
7
-5
2
-2
-3
9
-5
-4
3
-1
2:4
-9
0
3
-1
5
-3
-1
4
-4
2:0
-4
2:2
-3
2
-1
2:1
-4
5
-3
3
-1
-4
0
9
-8
8
-7
5
-3
6
0
-7
-3
0
6
-5
5
-1
1
-3
0
-2
5
2
-2
-5
1
6
-5
2
-3
-1
2:3
1
-4
-1
-3
7
-7
9
-8
5
1
2:-2
-1
5
0
2
0
-6
1
-1
3
-2
-1
-2
-1
2:3
4
-1
-3
3
-3
-6
0
2:4
1
-5
-4
6
-5
2
3
-6
3
-1
5
-7
4
5
-6
-3
3
4
0
-4
-2
2:3
-4
4
3
-9
6
-3
-4
2
7
-6
0
-3
3
6
-2
-4
-3
2
1
-3
10
-5
-2
-3
9
-6
-1
2
6
-4
-3
-2
0
8
-3
2:-1
-2
1
6
-9
1
3
-4
2
0
2:2
-2
-4
0
3
5
-5
3
4
-7
1
2
-3
7
-4
-1
-5
1
4
-4
2:3
-7
5
-2
4
-4
4
-2
-1
-3
3
0
-3
-1
8
-6
1
-3
10
-7
5
1
-4
-3
3:1
-4
-1
4
-4
2
5
-5
6
1
-7
6
-2
-5
2
-2
1
8
-4
-3
6
-8
7
-4
-1
-2
-1
4
0
5
1
-5
2:-2
-1
0
4
1
-3
-2
4
0
2
-4
3
-3
2
-4
1
5
0
4
-10
6
-6
0
1
2
3
-4
-2
7
0
1
-4
-3
0
7
-8
2
-2
0
5
-5
8
0
-5
-2
7
-8
10
-7
5
-1
2
-9
0
3
1
-1
-2
3
-2
4
-2
2:1
2
-4
2
3
2:-3
0
1
-4
5
-2
-3
9
-8
0
1
2:-1
2:1
-2
2
0
-1
0
1
2:0
-1
1
2:-1
0
2
2:0
-1
2:0
1
-1
1
-1
0
1
2:0
-2
2
2:0
-1
1
2:0
-2
2
2:-1
2
-1
4:0
1
-2
1
-1
1
0
-1
2
-1
5:0
-1
1
2:0
-1
1
3:0
1
0
-1
1
-1
1
-2
2:1
-1
3:0
1
2:-1
2:1
5:0
-2
1
-1
2:1
-2
1
-1
2
-2
2:1
-2
2
-1
2:0
1
0
2:-1
2
-1
2
0
2
0
1
-4
2
86
-88
2
-2
17
-9
-6
8
-9
1
-2
0
1
28
-29
12
-10
8
-9
0
-1
2
6
-6
2:-1
8
-8
0
6
-5
-1
1
-1
2:2
-3
16
6
-23
0
12
-9
-2
0
-1
2:0
2
-1
19
-12
-5
2
-5
14
-13
23
-20
-3
0
6
-6
0
-1
1
2
-3
1
0
2
-2
-1
1
13
-14
44
-44
7
-5
-2
0
1
0
72
-72
-1
4
-4
5
-4
4
51
-55
2
0
2
8
-11
1
2
22
5
-29
0
27
-18
-11
4
5
-1
5
-13
6
-5
14
-15
17
-9
-7
-1
7
-5
67
-69
8
1647
-1655
120
-90
-31
0
2
2:3
-3
-1
-2
1
0
1
-4
23
-21
0
-2
2
-1
7
2
-3
13
-19
-1
1
49
-47
2:6
10
-23
2
-3
18
1
-8
-4
-1
7
-12
570
-470
-96
-6
2
-1
9
-6
4
-7
5
101
-105
30
-30
-1
346
-344
51
-47
-5
8
23
-33
1
3
29
-26
1
-4
157
20
-172
-9
1
0
7
-5
0
14
761
-774
-4
2
114
-115
15
9
52
-73
619
-619
-4
9
-7
0
2:2
-6
0
4
221
-225
3
247
-233
-8
-6
1
-1
34
22
-50
14
168
-132
-59
8
12
-17
43
-45
3
2:-2
5
22
12
-6
-33
27
8
91
-118
-7
5
-3
9
39
-49
-2
9
-9
2:2
-3
-1
2:0
264
-260
7
-11
0
6
15
-17
-3
-1
14
843
-857
1
-1
9
-6
-3
0
7
60
-64
1
19
2:-9
2
-3
-4
16
-5
2
-13
29
-19
-5
-3
1
81
-71
-1
-4
-3
2:-2
5
0
-2
5
-6
12
-11
1
-3
10
-12
3
1
-4
2
-1
2
8
130
498
-396
-242
3
-2
219
-219
12
2
-8
46
0
101
-146
5
-1
-4
3
21
-31
194
149
-342
33
-36
5
-4
1
6
-6
21
-18
0
2
24
-30
4
-3
14
-6
39
-45
18
-19
0
19
-20
6
2:0
-8
8:0
1
0
-1
0
1
-1
18:0
1
-1
6:0
1
-1
4:0
1
-1
1
-1
3:0
5
-5
8:0
1
-1
4:0
1
-1
2:0
1
-1
2:0
4
-4
6:0
3
-3
12:0
3
-3
4:0
1
-1
12:0
3
-3
20:0
2:1
-2
2
1
-3
2:0
2:1
3
-4
-1
2
-2
0
1
-1
2:0
2
-2
4
-3
0
-1
2
-2
0
1
-1
13:0
1
0
-1
1
-1
3:0
1
0
-1
3
-1
-2
1
-1
2:0
1
-1
3
-3
0
3
-1
-2
4:0
2
2:-1
0
1
0
-1
2
0
-2
4:0
1
-1
2
-2
1
0
-1
1
-1
3:0
1
-1
6:0
1
0
-1
5
-5
0
4
-3
-1
1
0
-1
6:0
2:1
-2
0
1
-1
2:0
1
-1
4
-4
2:0
1
-1
0
1
0
-1
8:0
2
-2
0
2
-2
6:0
3
1
0
-4
2:0
1
-1
0
1
2
-3
3
2
-5
2
-2
2:0
2:1
-2
0
1
-1
2
-2
2:0
1
-1
0
5
2
-7
6:0
1
2
-3
0
1
-1
1
-1
1
0
1
-2
1
-1
2:0
1
2:0
-1
2:0
1
0
-1
4:0
2
-2
2
-2
0
1
-1
3:0
1
0
-1
1
-1
7:0
1
-1
0
1
-1
20:0
1
-1
14:0
1
-1
3:0
1
-1
5:0
1
-1
10:0
1
-1
10:0
1
-1
37:0
1
-1
1
-1
2:0
end
