v1
565
69
138
26
285
225
350
136
52
139
14
34
2:4
18
104
38
100
174
173
4
75
0
62
173
67
3
0
40
100
85
0
56
7
15
28
118
158
338
39
3
4
165
0
259
3
4
346
140
7
10
575
130
263
17
346
252
133
12
67
137
91
0
106
86
211
70
0
93
41
78
248
11
48
188
95
183
61
71
85
399
156
31
88
91
46
349
32
153
20
76
166
194
63
202
152
14
85
120
82
209
161
303
255
12
8
110
283
320
212
112
330
59
67
0
213
69
10
47
277
127
511
135
790
281
89
0
311
33
14
125
386
208
275
16
549
24
288
214
72
8
281
92
9
22
175
6
40
1
15
83
43
4
31
3
7
16
54
5
14
130
4
13
90
15
61
21
74
40
19
14
4
46
65
3
35
74
53
32
0
160
216
231
173
99
21
75
131
19
195
86
243
304
0
10
39
116
104
42
68
124
30
91
35
191
101
41
53
203
3
146
141
131
15
18
13
98
312
276
23
48
276
106
41
508
8
12
7
168
50
758
199
0
102
71
12
10
367
56
109
2
23
1
42
115
93
94
75
56
637
89
229
48
150
79
28
5
176
136
128
19
17
21
0
69
7
114
41
88
235
63
47
334
46
67
162
2
81
20
82
102
88
154
13
160
37
175
70
121
8
11
32
43
31
216
124
38
100
54
47
61
19
16
112
88
130
82
5
20
3
104
89
3
2
9
142
106
71
48
0
2
73
103
16
132
101
151
77
10
0
4
31407
22
9
43
161
4
29
53
44
30
32
23
88
3
73
8
58
54
8
28
8
22
932
54
56
110
68
111
71
104
80
47
885
2425
2211
2
326
1553
663
1707
0
703
2067
7580
3236
2650
4766
11486
3424
3064
1385
2
8020
62
7
1
23
3686
943
15
19
1514
920
13
5143
0
17
2
6
2
1425
0
3523
11948
104456
11261
25
73
9417
32395
16
10
22
33
134
40
43
30
20
53
19
17
2:5
11
7239
3760
24702
0
19661
50
35
0
67
7
157
33
6
15
0
39
6
12
157
5
37
2
1
10
2:1
11
2
726
36
183
7831
8455
4654
3093
1178
0
3235
0
13775
498
77
118
120
165
82
201
982
828
234
665
436
532
2
1
0
2
6
16
9
21
0
1
53
82
10
0
35
9
28
3
1
43
47
9
1
30302
1513
8273
218
64
149
27
15
85
59
30
511
0
22
103
1
46
263
85
202
24
253
9
22
6
14
15
18
144
47
31
15
5
34
337
62
205
57
37
19
4
13
38
58
14747
61
2138
0
13
9723
1
149
13
102
14
2
16
17
0
20
35
75
5
0
1418386200
564:0
0
49
-44
2
1
54
-46
-12
-4
13
-7
-3
54
-57
55
-55
2:0
1423
-1406
-16
0
2
0
12
-15
1
3
4
69
-44
241
-270
12
2
10
-18
32
-39
-3
2:1
0
18
317
-331
23
-26
2335
-2337
95
-96
2769
-2768
0
3
0
2
-6
1
2:0
4
-5
11
-9
0
-1
35
-35
7
-4
27
-31
7
-7
13
-13
5
19
115
-121
-18
1
357
-354
52
-55
139
-135
1
-6
6
-5
12
-7
-4
1
18
0
107
-124
-1
16
663
-682
2:0
14
3
62
-70
-7
0
309
-286
-24
49
-38
-11
41
-32
12
-18
-3
0
11
2:-5
4
1
226
-206
-7
-19
418
-156
-259
1
58
-62
27
-27
2
-3
11
-10
17
34
-34
-11
1707
-1710
8
26
-37
1
4
9
-15
80
38
-117
29
-29
354
-288
-65
0
4
-5
19
90
-67
-43
2
-2
2
0
70
-54
175
-173
-8
20
-32
2
10
-11
65
202
-266
0
74023
-70306
-3622
-88
-3
-6
25
-24
9
-9
3
0
59
-63
4
1
8
-10
8
54
-64
-1
1
2
-3
39
82
-121
24
606
-629
0
3
4
0
2
29
-34
0
82
-86
0
22
284
-302
1
6
-12
24
4
-23
-2
3363
-703
-2659
-4
3
0
-2
2
35
-35
8
-7
2
1244
-1245
-5
2
0
184
-182
-1
39463
-39462
-3
0
93
-90
-1
60
-62
9
22
62
-80
263
-101
-172
-4
0
35
-31
-4
8
806
-176
-617
-21
2
-1
0
16
-12
18930
-18935
1921
-1917
9
2
44
-48
19
555
-566
1553
-1570
15
17
-16
-17
2
30
-28
-3
0
-2
1
-1
6
-4
-2
261
-260
2:0
4
3335
-3311
127
-134
-21
12
-3
-4
124
-127
-2
1
97
-94
-4
2
-3
47
-44
875
-518
-53
-298
-5
-3
42
-32
92
-88
26
-28
183
-196
5
19
-23
266
-160
-105
3
0
-3
366
-368
374
326
2761
-3459
150
-146
4
34
-43
5
-6
2
-2
1
5
6099
-6103
8
-3
0
-6
0
33
41883
-41835
-79
0
-2
36
-36
6
53
150
-154
4359
-4414
1
45
182
-227
92
-89
-4
13
-13
42
-27
61
691
-767
1
38
-40
1
0
45
-38
64
1
-57
133
-137
-12
6
-6
1
22
356
-371
-7
11
-1
2:-3
3
361
-325
47
-90
4
-4
179
-178
70
-72
6
-4
0
-1
0
8
-4
357
-362
3
-1
2
-3
23
-22
78
-79
-1
26
-7
-17
-1
732
-727
4
-10
1
0
66
123
-189
1
0
3
-1
256
13668
-12511
-1409
-5
0
96
-95
1
48
-43
2
2:-5
2
-4
2
3
-3
2
-4
52
49
-93
255
-246
-2
2:-4
657
-658
15
78
60
670
-809
-14
12
-13
2:7
46
-55
-9
1
25
-21
-4
2
98
-96
-3
-1
2:0
5
84
-69
-19
376
-378
100
-93
147
-152
-3
9
112
-113
7
0
1
5:0
2
-2
10:0
47
-47
4:0
1
-1
3:0
4
-1
6
-8
2
-3
5:0
9
-9
4:0
6
-6
3
-3
6
-6
3
-3
8:0
2
-2
4:0
7
-7
1
-1
12:0
21
-21
1
-1
2:0
2
-2
6:0
1
-1
8:0
2
-2
7
-7
2:0
9
-8
-1
4
-3
-1
3
-3
2:1
-2
2:0
1
-1
2:0
15
-15
3:0
1
-1
1
43
-44
2:0
2
-2
2
-2
0
2
5
-6
-1
4:0
3
-1
-2
0
10
-10
0
6
-6
18
-14
-4
4:0
5
-3
-2
4:0
5
-5
20
-18
-2
2
-2
0
1
-1
0
44
-42
0
843
-783
-50
-11
-1
0
2
-2
3
-3
2:1
-2
0
1
0
1
-2
1
2
-3
4:0
4
17
-21
3
6
-9
3:0
1
0
4
-5
0
14
-14
2:1
2
-3
0
2
-3
2:0
2
-2
152
-72
-80
0
2
-2
2:0
2
-2
1
-1
1
25
-26
3:0
6
-5
0
243
-244
2:0
12
-12
0
12
-12
0
1
3
-4
17
-17
3:0
8
-8
0
1
60
6
-63
-4
0
1
0
-1
3
275
-278
47
-47
2:0
6
-6
14
35
-47
229
-231
3
-3
2:0
2:1
-2
3:0
2
-2
3:0
41
-41
2:0
2
57
-55
2
-6
2:0
1
2
4
-6
-1
0
20
-20
1
0
-1
19
-19
88
-82
12
-17
0
-1
5
-4
4
-1
-4
3
-2
-1
2:1
-2
6
13
-19
3:0
12
-12
12
31
-38
-5
6
-6
4
8
-12
5:0
1
9
-10
2
-2
2
-2
2:0
161
-161
1
-1
0
10
-10
0
1
-1
4
244
-248
0
3
4
-7
2
1
-3
3:0
1
2
40
-43
0
7
-7
2:0
2
-2
10
0
-10
8
-3
-5
2:1
2:0
10
-8
-4
8
-3
-4
2
-2
38
-36
1
-4
7
-7
3
-3
2
-2
5:0
3
-3
1
-1
2:0
1
0
4
-5
5
-4
-1
4
-4
4:0
3
2:-1
1
0
-2
3:0
2
-2
34
211
-189
-55
-1
0
20
-20
2:0
2
2:-1
0
1
-1
5:0
12
16
-26
2
0
-1
-2
-1
13
-13
2:3
55
63
-121
-2
1
0
-2
8
-8
3:0
3
-3
0
2
11
-13
5:0
8
-7
-1
9
-9
7
-6
0
-1
2:0
2
2:-1
0
end
