v1
841
204
3
90
242
204
79
143
81
183
50
2
153
25
9
8
18
30
440
84
35
43
36
62
134
39
237
1
57
19
1
36
7
15
28
118
39
182
194
120
7
106
2:59
265
186
29
73
32
0
108
7
10
39
199
52
285
68
21
70
32
202
132
0
128
15
154
26
132
139
22
155
109
43
6
100
194
22
118
92
34
41
27
102
49
32
363
278
217
45
95
12
72
41
134
21
84
51
31
18
40
30
137
349
32
153
20
209
33
99
158
79
57
96
43
31
62
183
59
415
55
69
14
55
110
87
17
78
73
20
297
58
76
16
74
23
27
25
117
197
15
147
241
54
59
67
146
52
15
36
12
17
4
57
245
262
302
65
41
135
104
151
82
29
30
25
8
22
158
56
37
88
254
27
121
218
17
77
139
23
117
53
7
394
106
169
16
34
59
364
64
52
157
60
20
51
44
170
72
8
59
50
25
270
175
6
27
29
12
39
32
46
9
7
16
3
31
46
2
3
11
3
6
104
20
4
118
54
19
9
1
9
64
40
5
2:7
14
32
18
30
35
3
35
19
44
11
105
0
22
118
85
0
34
100
228
78
95
120
94
131
160
35
31
188
110
28
164
112
10
6
27
6
116
284
54
30
91
35
106
85
101
41
4
32
54
169
102
44
5
16
81
170
15
129
27
254
31
291
8
10
23
13
2
66
17
70
229
41
423
38
242
9
82
278
439
215
86
42
41
10
252
115
56
106
3
2
4
0
19
1
213
37
5
88
1
75
50
182
143
125
193
57
32
229
8
11
7
251
33
29
1
50
146
6
0
6
38
36
53
75
38
19
69
15
147
11
29
48
235
110
548
51
10
2
81
20
77
5
102
38
26
0
296
55
37
175
17
53
121
8
11
32
86
40
237
39
12
22
116
54
47
53
8
35
20
72
20
88
130
23
59
5
20
3
99
5
89
5
151
54
42
10
149
163
40
46
47
63
53
45
15
42
34
97
31396
5
22
9
1
194
9
4
29
53
11
31
2
85
69
19
43
33
8
112
36
8
22
1152
68
111
71
166
15
3
25
22
3310
2211
2
326
1553
5140
667
6913
3221
15
2650
4766
4989
793
5704
423
2185
816
925
872
1267
1385
2
8089
0
2
43
5
2778
882
943
15
1533
920
1
12
474
4670
7
1
6
4
2:1
3
1
2
1425
3523
531
11417
91358
13098
1
3543
1
1735
5982
24
32
22
19
4
9413
32395
16
10
18
4
26
7
9
50
71
44
47
26
20
53
19
17
5
16
71
10928
43632
731
50
35
12
55
7
85
72
7
2
15
12
18
38
1
6
12
1
54
44
63
27
10
2
1
8
2
2:1
11
2
1
754
14
18
149
13
2
12800
5840
1722
572
3093
1178
9030
3251
4729
575
238
165
82
1105
78
873
88
101
665
436
532
2
1
2
22
29
2
44
101
4
5
8
18
9
22
3:3
1
40
3
47
4
6
30302
1513
0
8491
64
9
167
76
24
59
30
9
627
1
46
263
70
15
92
0
110
24
28
72
153
9
28
29
18
41
103
47
31
10
14
21
9
36
150
507
5
19
17
38
14955
46
26
2
0
1988
9722
2:1
149
13
1
101
14
18
3
14
0
55
13
42
20
-487214
900
1215
88
1044
430
146
301
576
644
466
775
748
11
847
158
0
535
103
95
273
235
12
794
373
235
335
86
920
497
0
24
146
0
702
127
564
226
158
191
153
17
78
541
3
324
887
483
30
17
22
0
75
140
407
137
90
391
28
285
424
107
73
383
171
372
116
148
31
432
32
1373
38
292
111
569
12
887
1096
34
0
240
0
722
584
149
0
1249
104
1153
1524
288
385
143
461
31495
0
46
110
81
17
317
1087
12
42
521
5972
3926
1394
230262
3607
196
267
55620
123
216
794
156
31870
15388
0
108
0
71
0
75
74
41261
0
208
5
199
200
234
204
0
558
73
399
17055
10069
1418179200
699:0
1
140:0
2
141
-101
-31
24
-33
16
-13
97
-80
11
-18
24
-7
-19
-10
-1
25
-18
2246
47
-2298
14
-15
1
0
641
-35
-601
-7
1038
-1033
23
-2
5
-31
1
-1
29
-21
4
-12
18
-16
17
-17
51
-52
0
3632
-3631
1
86
-76
7
95
-113
-2
41
-32
68
-69
4
-12
0
11
-9
-2
125
-116
5
-5
-9
7
11
7
63
-56
-29
7
10136
-10139
-4
-3
18
219
195
-136
-296
13
-13
4
-1
20
-19
-4
43
67
-106
248
-252
190
-185
5
49
-54
2
26
-31
43
61
639
-743
21
-20
10
235
-246
15
-4
-9
-3
50
-44
-5
4
-1
-2
101
-100
32
1433
-1469
3
1
-2
11
0
-11
39
-32
-5
68
-71
3
2:2
548
-531
43
-46
-9
114
-125
-2
103
-76
233
-241
-19
3
24
-27
2:1
-2
16
-16
5
30
-29
40
-36
49
-56
8
-2
-9
720
-712
-1
147
11
-163
33
-23
-11
5
18
30
472
-524
23
-21
84
-71
-15
32
167
-195
47
-49
5
-6
204
-187
13
-21
21
438
-470
14
-10
-5
0
130
-104
-12
22
-36
2:3
6
59
-32
10
-49
13
516
-523
-1
99
-96
-6
3
-4
1
0
49
11
108
-168
97
-92
-7
16
-15
0
11
299
-310
0
2:-1
87
-78
29
34
-39
61
-93
18
1
-7
198
-208
5
-3
98603
-98586
284
5836
-5857
-262
15
-38
31
-28
178
-159
3
7577
-7602
0
5
77
-75
-2
9
11
-23
2
71
-64
-10
1
24
-24
62
-52
1236
-1129
646
-760
65
-63
151
71
-81
-144
4
5
39
-46
380
-379
86
-91
6
-2
0
23
-15
0
12
-10
-14
0
-1
134
-134
16
-10
3
14250
-11563
-2673
259
-280
-1
2:1
2
0
5
6
4
85
-79
0
-21
-3
12
-13
0
12
0
1
-13
1015
-1015
7
2336
-2161
23639
-23818
7
3
63
469
-540
2210
-2206
-1
71
-34
-45
7
413
-420
3
-4
43
-35
96
-73
-23
81
-42
1619
-910
-682
-74
4
7
-11
24
73
304
25601
-25896
-105
2973
-2965
-9
5
30
241
-275
6
92
1787
-1885
3600
-3601
8
136
318
-456
-2
-4
5
-3
4
-2
5
247
-246
-2
-6
-2
14
825
-837
6
4111
-4022
-45
-52
4
7
3042
-2456
-522
-75
0
183
-167
-14
206
-203
11
-13
184
545
-698
290
-309
6
169
-171
95
-102
84
-95
208
-70
2:-67
951
-872
37
-70
25
75
674
4328
-5047
-96
-2
-8
0
19
-9
2:-4
14
-6
101
-110
0
2
4
-4
24
15
-40
48
-36
-9
-2
13
-13
6
-5
4
-5
28842
-28842
116
-79
118
-156
73
50
-101
-17
-2
135
-139
11
122
-122
-10
360
-362
5
302
-306
22444
-22441
45
-39
2
4148
-4158
1
-3
23
1
11
-35
250
-233
-17
5
257
202
-460
-4
3
10
-4
5
33
-43
229
-221
-6
101
-85
-19
2
300
-304
1
34
1022
-1046
134
-143
7
43
55
-32
-64
-1
-3
33
1323
-1349
198
-213
15
-13
2
-4
2
43
-43
10
-10
-1
6
1
-8
3
-3
91
203
-286
-6
-1
1
175
-147
50
-29
-18
-22
135
-121
-9
9
-18
12
304
-319
-4
8
-8
3
64
-64
4
870
1188
36914
-34164
-4804
-2
20
-6
1368
-1368
-22
0
4518
-4392
-127
372
-367
0
2251
-2250
-6
208
1395
-1580
270
-290
35
-37
0
37
-38
176
-177
290
1768
-2054
592
4177
-4716
162
-210
89
-26
-18
-52
21
-20
20
-22
9
3
7
350
-369
1083
-1071
-11
0
64
-60
487
-431
-58
6922
-6889
21
154
-17
-187
-6
0
596
-580
-12
5
-11
6:0
-1
1
0
-1
2:0
1
0
-1
0
1
0
-1
1
2:0
-1
1
3:0
-1
6:0
1
-1
1
-1
1
3:0
-1
1
3:0
-1
1
-1
0
1
5:0
-1
1
2:0
-1
1
-1
0
1
6:0
-1
1
2:0
-1
1
-1
3:0
1
-1
2:0
1
0
-1
1
-1
0
1
0
-1
0
1
-1
0
1
4:0
-1
1
-1
1
-1
1
-1
1
-1
1
5:0
-1
4:0
1
-1
0
1
0
-1
1
2:0
-1
0
1
0
-1
1
0
1
0
1
-1
2
-2
2:0
13
-13
5
-5
0
4
-1
-3
0
2:1
111
-112
-1
4:0
1
16
-14
-3
24
-23
10
-10
3
-4
1
-1
2
16
-18
0
1
-1
2:0
5
-5
0
2
2:-1
3:0
8
-8
0
1
0
1
-2
4:0
1
-1
7
-7
4
-4
1
-1
2:0
2:1
-2
1
18
-19
2:0
1
6
-6
1
-2
0
1
-1
0
1
0
-1
1
6
-7
0
2
5
-5
-1
5
-5
-1
6
-6
3
-2
0
-1
1
-1
2
-2
0
1
-1
2:0
6
-6
1
0
-1
1
8
-9
0
8
-8
2:0
1
-1
1
-1
7
-7
0
5
-4
-1
0
1
18
-19
2:0
2
0
-2
0
1
0
3
-4
1
-1
9:0
2:1
0
-2
0
2
-2
1
-1
0
1
10
29
-40
6
-4
-2
4:0
1
-1
0
7
-7
0
1
139
-139
3:0
-1
3
0
2
-3
2
26
-30
4:0
7
1
-4
2:-2
1
-1
0
4
8
3
-15
2
31
-33
0
6
-5
-1
0
2
2:-1
11
-9
11
-12
2
-2
-1
8
-8
0
1
10
-11
3:0
5
-2
2
-4
1
7
-9
3:0
51
-51
0
7
1396
-1403
4
68
-34
-32
1
-7
3
-3
2
1
2:0
-3
0
2
14
-16
2:1
-2
2:0
10
-6
-4
2:1
-2
12
-9
-3
0
117
-116
0
3
4
2
-9
-1
4:0
9
-9
17
-17
1
-1
0
7
-4
-3
3
2
-5
2:0
1
0
2
-3
3
342
-289
-55
-1
9:0
5
-3
10
-9
-3
4:0
1
4
-4
39
-40
2
23
-25
231
-231
4
-2
0
37
-39
3:0
10
-4
-6
0
21
-21
2:0
2:1
25
-23
-2
5
-2
109
50
-161
-3
0
3
-3
5
-5
14
470
-450
-31
125
-128
0
3
-1
17
-19
3
55
5
-61
442
-444
3
5
2
-9
0
-1
1
-1
3:0
4
2:-2
1
0
3
118
-122
0
174
-162
-1
-11
0
5
-5
5
0
-5
0
28
-24
-4
40
-40
5
-5
29
92
-114
31
-34
-3
12
-9
52
-55
4
-5
5
4
5
-14
32
-17
-2
-13
2:1
35
99
-131
-3
-1
0
-1
1
0
3
-4
1
7
23
-30
0
-1
2:0
3
-2
2:0
2
-2
-1
3
2:-1
0
-1
0
302
-302
0
2
-1
1
3
6
-11
1
-1
5
-4
2
6
-9
0
1
-1
0
18
-18
1544
-1544
3
-3
2
20
-22
1
-1
2:1
5
-7
2
1
-3
1
8
48
-56
-1
2:1
0
1
-2
-1
0
5
-5
9
2:-3
-2
9
-3
-7
6
7
-5
-8
0
1
26
-23
0
-2
2:-1
2
69
-67
7
-11
2:0
1
-1
2:0
1
-1
1
-1
3
-3
0
1
-1
8
-5
-2
-1
2:0
11
-10
-1
4
-4
5
6
-11
2:1
-2
0
6
-6
1
-1
0
1
4
-4
-1
1
174
1147
-1098
-223
2
3
-5
293
-292
-1
0
32
-19
-14
7
-7
0
3
-3
0
30
105
-126
6
-13
6
-8
0
9
-8
-1
0
13
23
-36
161
-2
-155
7
-7
11
-14
3
-4
8
-8
0
1
3
-1
1
9
-13
0
2
-2
0
5
-4
18
-13
-6
43
-41
-1
29
-25
-5
2:0
15
-12
-3
2
-2
9:0
1
-1
0
1
-1
5:0
1
-1
12:0
2
-2
3:0
1
0
-1
21:0
1
-1
6:0
1
-1
3:0
1
-1
15:0
1
-1
19:0
6
-6
5
-5
0
2
0
-2
16:0
1
0
-1
end
