v1
593
55
189
104
630
115
31
105
31
21
139
60
2
12
26
4
163
82
52
89
173
88
103
123
237
58
17
39
22
28
118
344
77
75
46
159
6
266
268
65
13
5
135
307
133
87
65
89
125
107
72
275
180
160
111
34
290
5
96
10
194
22
19
5
94
126
41
147
38
321
67
267
119
109
28
109
15
247
156
9
22
206
19
381
66
87
44
218
21
173
63
136
139
93
85
98
59
45
101
108
358
106
104
171
259
172
16
119
147
212
22
90
37
293
286
20
33
69
10
47
31
345
28
110
295
64
32
10
128
7
84
33
304
369
254
27
28
328
141
72
3
200
300
94
176
99
16
43
169
164
197
2
5
69
0
81
20
111
196
98
45
234
103
15
7
78
103
16
11
15
14
12
16
17
6
32
25
18
26
18
24
1
46
2
3
14
5
112
17
118
9
68
5
74
45
14
64
30
35
3
35
19
18
20
17
245
439
8
173
120
225
160
35
86
23
37
123
60
30
274
10
39
116
284
54
30
232
85
101
41
59
28
3
39
69
61
146
5
53
214
15
129
281
31
299
15
18
13
2
83
70
229
41
423
43
8
54
175
9
541
258
185
14
102
93
223
144
56
31
78
2
24
250
94
75
50
325
135
183
89
162
67
30
247
33
29
18
99
26
4
25
31
80
15
38
75
19
107
7
8
106
41
40
117
166
63
47
334
113
162
2
81
20
82
69
33
452
175
70
63
58
8
11
32
36
7
43
45
63
169
22
29
38
100
49
5
47
31
30
2:55
37
2
50
36
153
59
5
20
3
104
89
3
2
33
115
57
45
7
122
72
103
2
13
1
19
66
29
18
63
38
17
43
15
42
34
92
31406
22
9
12
31
208
8
31
44
30
17
38
69
19
69
7
8
112
36
8
22
986
64
30
50
22
179
71
44
64
58
18
25
22
3310
1893
318
325
3
1553
3073
1715
352
2464
8352
2650
4766
4992
790
830
4874
423
3001
1797
2652
2
14
8077
5
2807
14
882
943
15
19
1514
933
2022
3121
15
2:2
5
1
2
1425
3523
116404
1
3543
1
1735
6006
73
9417
28772
3667
2:2
42
79
46
40
93
53
36
5
16
55334
28
50
35
74
92
65
33
3
18
39
6
12
1
16
29
7
106
3
27
10
3
11
1
11
36
692
1
218
16286
2357
3
2294
3093
1178
11034
6551
686
982
873
189
1101
532
3
2
22
9
22
43
98
4
35
9
28
3
1
43
47
4
2
4
30302
10004
64
176
159
30
3
633
1
46
41
222
85
202
277
9
28
29
18
41
103
34
13
31
15
39
245
28
375
50
19
4
13
15
13
10
14802
3
155
67
1977
13
9723
1
109
40
13
1
79
22
42
7
19
36
75
5
23
7
1418895000
592:0
2
0
1
-1
111
51
403
-562
-4
2
1
-4
0
1
2
-3
3
-3
0
2753
-1476
-1277
5
-1
609
-613
350
-349
14
1
-16
9
19
-27
23
-18
-4
0
1
21
-9
-13
6
1
10
83
-89
-11
14
-8
50
-48
-8
44
-45
2:0
254
-247
0
-6
1
30
82
-115
42
-42
0
4
3
-5
0
12
-14
5
-4
27
-13
-15
107
-104
122
-115
-8
30
560
-580
-10
15
12
20
-33
38
-51
56
-52
-4
-3
0
3
30
-33
308
-308
2129
-2125
0
4
2
-2
17
-24
53
-50
0
218
-216
-4
26
-9
-11
-7
-1
14
-13
2
5
0
-4
0
-3
28
-21
1
-3
-4
2
18
-12
-7
59
1548
-1549
-60
47
-44
-2
0
2
325
-327
-1
76
0
50
-126
117
-115
46
-49
2:1
17
-14
35
-36
1
-5
1
166
-167
1
4
3
29
-32
8
-5
4
-9
2
0
2:-2
4
-4
-1
73
-55
-18
1
187
-172
53
-64
8
-6
37
-39
-4
19
-18
7
-6
135
-126
247
-225
-24
-1
-4
15
-19
5
-5
0
269
-265
0
59737
-54054
-5157
-515
21
-36
168
-167
-2
0
2
0
-1
11
4
-8
28
-32
0
22
18
-40
0
-2
41
-30
46
-50
186
-178
-10
128
11
-144
0
-1
1
6
0
11
18
-33
1
154
-150
-9
579
-563
-14
1
23
-16
-3
2616
-461
-2139
-22
5
-2
-3
-1
3:5
49
-47
-14
4
-6
-1
6
-5
12
0
-12
1785
-1780
601
-590
10
-24
35167
-35168
-1
1
3
115
-119
20
-18
-1
104
-90
-14
-2
443
-408
-29
303
-308
2
823
-506
-302
62
-79
2:0
1
2:0
1
161
-139
-22
18012
-18004
-10
1698
-1687
-12
15
34
-49
441
-438
0
463
-458
1012
-1018
14
-10
35
-34
-7
135
-130
-4
4
-4
1
-2
122
-63
-57
-2
0
2806
-2801
-5
3
-2
0
8
167
-172
2861
-2816
46
-92
-2
3:0
450
-451
2
6
-7
114
-114
13
-9
91
522
-613
537
-537
2
-7
3
14
3
-13
7
-11
79
-19
-63
180
-179
4
122
-126
438
-247
-185
-7
770
-770
159
6952
-7076
-35
14
-11
0
2
100
-85
-11
40
-44
-4
1123
-1124
5
14
-14
74
-78
0
2:1
60
-62
1
31409
-31397
-1
-10
-1
9
-9
1
3
63
-69
276
-261
2554
-2569
7
-5
4018
-4017
-1
0
-2
0
6
37
506
-547
6
0
5
26
-36
7
1
-9
169
-169
27
705
-726
0
-6
4
-3
-2
123
-112
-9
-2
36
21
-4
-47
-4
-3
1
1058
-1058
0
6
37
-40
-2
619
-619
99
-101
22
-2
16
-30
2
5
-13
47
-45
-1
2:1
18
496
12835
-11266
-2067
-10
0
-9
331
-326
239
-228
105
-119
-2
0
72
130
-196
-6
112
-101
-7
36
736
-775
204
349
-542
30
-40
3
-2
16
-11
-5
-3
19
-13
-3
-1
0
25
-18
21
34
-62
-1
9
-10
24
657
-623
-38
2
299
-310
-9
67
-18
-50
-1
24
199
-201
-14
4
1
3:0
1
-1
1
-1
11:0
43
-42
-1
1
-1
7
-7
9
-9
1
-1
3:0
10
-10
4:0
3
-3
0
1
-1
0
8
-7
-1
5:0
3
-3
5:0
1
-1
3:0
9
-9
2:0
1
-1
0
1
-1
2:0
2
0
-2
2
-2
10
-10
0
2
-2
4
-4
0
3
2:-1
2
-2
-1
0
1
-1
4:0
4
-4
5
-4
-1
5:0
6
-6
0
10
-9
-1
3
-2
-1
2:0
1
-1
0
2
-2
3:0
1
-1
0
1
-1
1
0
-1
0
1
-1
7
-7
6
-6
0
2
2:-1
4:0
1
-1
1
-1
25
-25
2:0
1
-1
5:0
5
-5
3:0
15
-15
2
-2
2:0
1
2
-3
4:0
9
0
-9
0
16
-12
-4
1
0
-1
5
-5
5:0
8
-6
19
-18
-2
0
-1
1
-1
3:0
29
-29
4
804
-760
-40
-5
-1
-2
2
-2
6:0
2:1
-1
0
-1
2
4
-4
2:-1
9
-9
2:0
15
-15
0
4
6
-10
2:0
1
-1
2:0
7
-7
2
20
-21
-1
5
-2
-3
1
3
-3
-1
121
-56
-64
-1
0
1
-1
0
1
-1
1
7
-5
-3
3:0
1
-1
4
-3
0
51
-49
18
-17
-4
0
183
-182
-1
2:0
18
-18
4
-4
0
3
-2
-1
0
17
-7
-10
1
-1
0
58
10
-64
-4
5:0
2:1
-1
3
-4
266
-265
-1
45
-45
4:0
16
-15
3
49
-52
201
-201
1
-1
2
-2
-1
1
0
-1
5:0
25
-25
2:0
3
-1
-2
2:0
2:1
34
-36
88
-85
4
-7
4:0
15
-15
0
1
-1
28
-28
3
-3
13
41
-52
17
-19
4:0
5
-4
-1
0
19
-15
-4
4
-4
0
6
-6
11
6
-17
0
30
-30
15
43
-56
-2
4:0
6
-6
6
11
-17
2
-2
0
1
0
-1
1
-1
1
-1
0
2
-2
0
134
-134
3
-1
-2
1
0
-1
2
6
-8
0
8
279
-287
1
0
10
-11
4:0
1
-1
35
-35
2:0
1
5
-5
-1
4
-4
1
0
3
12
-14
2:-1
3:0
9
-8
3
-2
3
-3
3
-5
6
-6
0
13
-12
-1
3
2
-4
-1
4
-4
5
-5
4
-4
4
-4
2:0
2
1
-3
2:0
2:2
70
220
-238
-53
3:-1
51
-51
11
-4
0
-6
-1
0
22
24
-44
-2
6
-4
-1
3
18
-22
40
45
-85
14
-14
1
-1
4
-3
-1
2:0
5
-5
0
2
-1
0
1
2:-1
0
2:1
3
2
1
-8
2
18
-20
2:0
2
-2
0
2
22
-21
-2
1
end
