v1
625
12
15
180
90
0
275
171
298
52
31
26
79
191
544
84
35
381
46
97
28
0
57
56
22
28
118
39
496
7
165
62
167
383
5
135
7
10
275
300
276
0
117
275
1
0
179
271
177
258
194
18
36
86
126
0
41
78
140
36
247
72
172
13
93
203
8
0
6
28
17
313
0
197
31
58
59
108
140
0
22
0
50
65
72
0
9
0
23
153
262
72
122
63
79
57
139
93
85
0
98
104
158
178
34
197
75
31
267
8
355
76
16
74
154
38
212
147
2
144
149
245
39
55
36
33
57
22
255
99
179
360
91
410
55
30
339
213
68
356
44
33
139
93
96
4
7
84
216
35
59
56
65
154
16
212
164
197
157
80
3
48
44
66
176
8
46
0
13
50
10
40
223
15
7
116
65
27
29
0
12
0
71
25
11
7
12
0
26
31
46
149
4
13
87
0
3
15
9
73
74
40
5
14
0
46
18
0
30
35
38
0
19
11
27
17
127
118
176
263
8
78
193
22
0
225
160
254
0
110
28
276
10
33
6
116
104
0
42
117
75
121
141
73
12
101
0
41
53
206
146
29
243
15
129
275
6
0
116
0
214
15
18
5
8
2
66
17
253
46
41
423
34
51
8
5
14
168
9
1
40
758
192
109
76
7
0
10
18
0
65
93
76
115
5
28
17
6
109
2
24
322
22
75
50
165
18
142
452
131
9
44
13
6
258
33
29
147
48
88
15
38
37
38
19
3
35
69
7
8
147
40
340
0
39
14
153
0
181
277
101
77
0
5
9
93
168
146
98
3
37
175
70
121
8
11
32
86
204
73
51
22
16
100
54
47
3
50
8
89
38
20
88
153
59
5
20
3
104
89
5
138
13
106
405
40
63
25
164
64
31434
22
9
12
225
53
0
44
173
76
120
36
8
22
932
54
166
0
68
111
71
105
61
18
43
4
3310
2211
328
1553
663
0
2410
2067
5256
5545
15
2650
4323
443
4989
6497
2608
816
925
3524
2
8091
5
9
3694
943
15
1533
920
13
474
509
4160
19
5
1
2
1425
3523
116404
1
3543
0
1
1735
6006
73
4
0
9413
29228
3077
116
2:22
131
10
44
47
26
20
72
17
5
16
10999
0
43632
731
33
17
35
74
0
157
7
0
29
18
2
37
6
12
150
0
12
27
12
1
4
0
4
2
2:1
11
728
7
22
14
6
0
21
19
130
0
6
7825
0
2
4973
8134
3093
7774
0
2434
3251
4729
498
77
238
247
1183
873
189
0
1633
2
3
0
12
10
9
22
44
52
24
60
0
6
0
3
28
3
1
11
29
50
4
6
30302
9786
218
64
9
0
167
15
0
54
31
59
30
511
125
1
13
33
41
222
85
202
24
100
153
9
42
15
18
41
103
47
31
2:10
4
30
173
13
350
68
0
113
17
38
17004
0
13
9723
1
149
13
102
14
18
17
55
17
0
58
1418286000
624:0
1
0
32
-33
1
17
9
-26
51
-42
-2
60
-65
168
-165
1896
-1872
-24
-5
2
0
1489
-911
-575
79
172
-256
-1
0
16
-13
3
5
-3
4
1756
-1767
181
-98
-83
0
6
-5
-1
0
47
78
-124
29
22
-49
-2
2:-1
0
59
-56
2:0
8
72
-82
0
1
6
-8
0
35
-35
4
-4
0
14
-10
282
-280
474
-480
3:0
22
-18
-1
1
-4
0
12
21
5
-33
4
14
-14
0
-7
10
-11
0
11
3
-11
-2
16
-13
-2
27
-29
85
-81
2
-6
5
-5
4
141
-142
1
3
37
-45
1
104
-101
23
106
-132
5
375
-379
36
892
778
-1703
4
2
10
-19
7
13
-15
-6
2
7
-7
95
-95
61
-52
73
-77
-8
20
175
-189
1
327
-256
4
-81
7
-6
-1
58
8
-65
-1
199
-193
3
5
-14
98
-99
13
2:-5
-2
0
2
1
21
-16
-4
5
-7
0
6
3
-10
0
48
-43
-7
0
1
16
61
284
-309
-52
16
-17
0
11
-10
0
2
55
-57
2:0
1
-1
10
1
165
-174
-1
147
-144
2
-1
1
2
-8
0
1
72
-63
-1
47843
-47820
5271
-5132
-171
0
2
0
8
2
199
-210
354
-356
0
120
-120
18
7
51
-74
23
-20
29
-31
3:0
69
-70
1
6
25
-17
13
90
-120
157
3
-159
6
-6
5
0
3
10
-17
0
-2
277
-276
68
-58
-10
1
38
-40
0
3
-3
6
310
-316
2:0
45
-40
4
126
-131
3033
-1751
-1251
-10
-22
-2
0
2
-1
1
40
-38
42
-22
-18
-1
-5
28
-9
-18
-2
338
-337
0
1
240
-233
16
7442
-7461
-6
0
5
228
-232
2:0
11
-8
-3
0
6
-5
624
-625
2:0
1
40
-21
438
-444
1340
-633
-701
-20
1
-1
1
7
16
-21
10937
-10921
-18
-2
2348
-2348
9
31
284
-320
13
427
-438
1022
-1025
20
79
-102
6
13
-13
12
-14
18
545
-560
8534
-8519
10
-25
5
-11
1
57
46
-92
34
534
-558
381
-398
-2
17
0
-16
44
-38
22
85
-113
-1
139
-112
-7
264
-260
-27
1
3
159
-161
1
429
8351
-8783
641
-637
7
53
22
-79
17
-7
-17
1093
-1091
23
-16
27
-20
-16
-1
3
31
-7
32120
-32140
-3
18
-15
19
-23
-1
6
0
53
-58
301
-193
-103
0
6000
-6005
-1
11
10631
-10633
-4
-6
5
-2
30
-18
-13
162
447
-609
-3
0
2
0
2
3
14
-21
0
17
-10
-1
40
-44
62
-43
166
-182
-5
0
36
-22
-10
18
-18
-1
4
7
516
-520
10
-20
1
16
-12
-4
0
-1
7
-5
3
-5
2:0
1
4
8
0
-13
0
5
-4
4
-2
941
-942
7
42
-49
19
0
14
-25
-6
-1
11
13
-27
43
-40
4
-6
3
-1
-3
0
7
519
13225
-9694
-4056
3
-2
9
332
-336
-5
385
-375
-11
0
4
-5
0
1
25
-20
-2
-1
117
399
-470
-34
-14
55
-32
-4
-3
-17
19
2095
-1921
-85
723
-807
-3
1
9
-13
-7
89
-96
-4
41
-40
2
-2
23
-11
88
-98
1
20
96
-68
-47
505
-496
279
-169
-124
69
-68
0
35
1
10:0
2
-2
1
-1
55
-55
4:0
8
7
-12
-2
1
-2
0
5
-5
2:0
5
-5
0
1
-1
0
6
-6
5:0
3
0
-3
1
0
-1
4:0
5
-5
2:0
1
3
-4
5:0
3
-3
5:0
1
-1
13
-13
3:0
2:1
-2
3:0
1
3
2
-6
0
4
-4
1
-1
1
-1
5:0
1
-1
0
3
-3
6
-6
2
-2
2:0
1
0
-1
2:0
4
-4
0
12
-12
2
1
-3
3:0
2
-2
3:0
1
-1
3:0
1
0
-1
2:0
3
-3
0
1
16
-17
0
4
-3
-1
5:0
2
-2
0
3
35
-38
6:0
1
-1
0
2
-2
4:0
7
-5
-2
3
-3
2:0
3
2
-5
8
-8
3:0
12
-12
16
-13
-3
1
-1
0
1
-1
2:0
5
-5
4:0
1
-1
10
-10
0
13
-13
0
2
0
-2
3:0
23
-22
3
881
-884
56
-40
-17
3:0
2:1
2:-1
1
-1
3:0
5
-1
-4
0
6
-4
-2
4:0
19
-18
-1
2:0
7
-6
1
-2
10
1
-11
5:0
2
-2
2:0
7
-7
10
-10
2:0
3
-3
2:0
1
0
3
-4
2:0
2
2:0
-2
0
133
-88
-42
-3
5:0
1
-1
0
6
-2
0
-4
0
2
2:-1
0
35
-35
2:0
15
-11
-4
169
-168
-1
0
1
24
-25
3:0
1
-1
3:0
23
-23
3:0
15
-15
4
0
60
24
-87
2:0
-1
2:0
1
2
244
-240
-7
0
61
-61
2
-1
9
-10
14
33
-46
225
-225
3
5
-9
1
2
-3
2
2:-1
44
-44
93
-89
7
-11
2:1
0
6
10
-16
9
62
-69
17
-19
-1
3
0
-4
7
-3
-4
24
-21
-3
3
-2
6
4
-3
-8
2:0
10
-10
1
24
37
-62
2
-2
1
-1
4
-3
2
6
-8
0
-1
2:2
-3
2
-3
3:0
1
168
-169
0
2
0
5
-3
-4
2
0
8
-9
-1
5
-4
0
511
-512
2:0
7
-7
2:0
1
-1
3
1
-3
4
31
-36
5:0
1
2
-2
0
2
-3
0
3
2
-5
6
7
-11
-2
0
12
-11
0
2
-3
3:0
23
-20
-1
1
-3
0
3
-3
2:0
1
-1
6:0
5
-5
4:0
1
0
4
-5
2
4
-6
5
0
2
-6
2:0
-1
2
2:0
-2
2:0
2
0
-2
0
3
80
278
-289
-72
0
1
-1
80
-80
0
18
-16
-2
0
3
-3
3:0
4
-3
-1
22
29
-51
6
-4
4
-2
2
-6
0
3
17
-17
44
33
-78
6
-8
6
-6
0
3
-3
0
1
-1
2:0
2:1
8
-10
0
4
8
2:-6
24
-24
18
-13
-5
5
-5
0
3
end
