v1
678
207
110
807
105
52
187
232
293
90
79
10
225
133
14
91
57
56
22
28
614
39
7
106
118
3
262
288
176
198
58
300
159
32
130
527
305
249
142
10
460
41
27
0
163
109
274
70
24
184
61
156
374
6
19
21
135
256
381
336
79
194
63
255
20
31
62
183
59
45
101
15
447
86
24
275
108
189
134
16
74
516
251
79
339
69
57
692
223
135
104
82
180
55
30
339
637
409
7
205
189
115
160
16
157
219
7
190
288
286
8
78
26
175
125
86
95
27
29
12
33
6
32
25
18
12
26
6
24
47
2
120
25
2
4
96
22
73
9
74
45
14
64
30
35
3
109
127
118
85
355
7
173
120
94
131
160
35
86
133
110
98
206
10
33
1
5
116
104
180
54
121
47
94
85
101
41
259
146
5
267
15
156
254
17
14
271
28
15
33
66
0
17
70
229
41
423
105
175
9
799
199
102
93
312
55
5
15
4
26
6
109
2
23
251
45
49
75
50
477
255
66
119
44
8
11
258
33
29
147
56
44
36
128
57
69
7
8
147
40
158
125
110
127
207
113
241
4
20
82
102
8
352
52
40
62
113
17
174
8
11
32
349
65
138
54
47
61
147
88
153
59
5
20
3
104
89
5
33
224
149
105
45
52
2:47
21
5
37
38
117
34
91
31402
5
22
9
43
194
50
3
44
37
48
88
76
1
7
112
36
8
22
1067
85
68
65
27
19
71
166
61
3314
2211
328
1553
1711
3429
2464
2780
5572
2650
4766
5782
8312
816
925
2139
1385
2
4
8087
2812
14
882
943
15
2453
13
5151
11
6
1427
3523
531
115873
3545
7741
26
47
9417
32411
10
22
11
22
120
54
93
53
19
17
2:5
76
6
54560
781
35
74
59
98
7
2
15
32
36
1
18
145
17
27
10
2
1
0
2
8
2:1
11
3
29
696
29
14
16
166
16280
4654
3093
1178
3879
5151
7980
575
1668
206
667
189
665
436
532
2
3
5
1
5
11
27
4
86
10
45
39
9
28
3
1
81
9
4
6
30302
1513
8273
218
64
0
9
167
100
87
638
1
87
201
21
85
202
139
138
9
28
14
5
10
18
41
103
47
41
2:5
34
273
215
122
38
37
13
19
17
38
14802
3
202
24
1973
13
9722
2:1
162
1
115
18
37
35
13
62
5
-487866
1045
0
92
845
48
43
605
113
729
89
227
63
30
113
1448
452
41
1249
130
9
437
73
40
161
437
163
168
1314
42
558
130
223
0
162
430
501
519
291
110
627
571
1082
996
0
285
122
75
284
0
107
723
149
26
59
131
77
43
92
214
18
5
68
19
38
277
659
425
633
242
1240
0
78
216
97
1
540
104
946
72
181
0
281
211
457
1008
220
454
0
1049
21
1108
754
703
28
291
73
162
254
207
513
112
419
85
163
45
31824
4
96
280
159
1069
7
456
73
5
17835
9775
4909
3296
12147
10311
6201
2930
3153
16916
104457
6262
5053
47
38185
3607
16
2:23
283
19
99
11010
0
44363
370
137
0
64
0
66
4413
15766
26120
1858
132
10
12
3
151
4
40837
440
172
602
83
239
1
154
78
143
60
72
172
71
116
117
15078
11994
108
45
0
1419522600
499:0
1
177:0
7
-3
13
25
-38
1
13
-13
4112
-4114
0
2
1041
-1042
-1
53
405
-395
-6
152
-210
6
-6
4
0
2
48
-52
-2
5
129
-119
-12
9
-11
2:0
608
-597
-7
2:-1
2:0
1
23
-26
2:0
25
-17
2:-4
106
-79
14
363
-402
-2
13
123
-133
14
2:-9
3
259
-257
6
-3
-1
-7
1
1840
-1362
-452
-22
2223
-2227
4
1
-4
543
-401
-111
57
-87
15
-3
31
152
-188
0
4
35
-48
9
-10
12
179
-191
65
-10
-54
7
-6
305
-292
-1
106
-120
1
7
21
-7
-6
-8
-3
-5
6
7
69
-66
-9
0
-5
3
2
23
-28
14
-10
92
30
-125
71
-26
219
-207
-58
24
5
-31
224
-215
3
-7
105
-109
2
260
-254
-5
21
-19
-5
2
-1
13
359
-362
-9
76928
-76917
-14
5404
-5319
-79
12
-10
21
-13
3
-18
6
-4
50
-17
-24
-11
64
-43
10
275
-289
-17
127
-125
206
-188
0
-6
0
21
676
-708
-3
9
-8
24
-26
157
-139
-17
894
-895
1
5
-6
11
5
11
-26
14
-13
14700
-10511
-4182
-7
2
-3
0
12
-8
0
69
-64
-8
2
-2
408
-387
1901
-1921
177
-169
318
86593
-86920
-1
2
357
-357
-2
35
-11
-14
2
-6
177
-183
19
-2
46
-60
2
0
5
1130
-724
-378
-8
-30
46
16693
-16735
2101
-2047
153
-202
8
671
-618
2753
-2821
21
-6
-16
-1
0
206
-206
-1
0
10
-6
-4
3828
-3819
-4
679
-605
940
699
-1680
-1
-30
-5
14
-11
344
-347
8
138
-123
-25
2
291
486
-775
1000
-1002
42
-31
106
-67
-25
-4
79
-101
34
21
128
286
-444
1151
-1172
-5
828
156
-959
31
-53
398
-399
50
-17
26
-43
-14
-2
238
-221
-15
1183
-1176
22
-27
44885
-44870
-17
882
-875
-9
68
155
-221
27
3445
-3472
175
-134
-42
5
1
-7
-2
9
-6
999
-673
-329
4
73
-72
35
49
-75
-7
2
-2
6
-10
9
-10
65
-59
7
19
-17
19
-7
-22
0
34
-37
126
-100
160
-21
-168
5
22
-27
8
0
123
-127
21
-19
-1
12
-15
0
54
-48
-9
41
-39
3
5
25
-29
-3
3
104
-97
-12
569
-546
-7
-12
9
-7
190
14937
-13188
-1945
13
-9
960
-956
5
26
-17
71
-6
-80
18
-24
0
98
197
-296
0
35
36
-30
-28
104
721
-837
197
-197
417
1680
-2092
54
-59
19
-18
21
25
-11
-38
2
9
-7
9
15
-8
196
-175
-37
116
-116
-3
6
3
321
-282
4918
-4960
50
-56
8
61
-63
830
-827
-12
1
0
-1
0
2
-2
2
0
2:-1
2
-2
4:0
2
-2
2:1
0
-1
1
-2
2:0
2
-1
0
-1
0
1
0
1
0
2:-1
2
-2
0
1
4:0
-1
0
1
2:0
1
-2
2:0
1
0
1
-1
0
1
3:0
-2
2
-2
1
-1
1
2:0
-1
1
0
-1
0
2
-1
3:0
-1
2:1
-1
3:0
1
2:-1
0
2:1
2:-1
2
0
-2
0
2:1
0
2:-1
2
0
-2
2
-2
0
2
-2
0
2:1
-1
0
-1
2
2:0
-2
1
0
1
-2
1
0
-1
2:1
-1
1
3:0
-1
2:0
-1
1
3:0
-1
1
-1
2
-2
4:0
2
2:-1
2:0
1
-1
0
1
-1
2:1
-2
2:0
2
-2
2
0
2:-1
1
0
2
-1
0
3
-2
0
-1
0
72
-72
2:0
1
-1
0
6
1
9
-11
-2
-3
24
-24
1
-1
0
8
-7
-1
2
7
-9
3:0
1
-1
0
2:2
2:-2
3:0
3
-3
0
1
-1
1
0
-1
1
2
-1
26
-27
-1
6
-6
1
-1
3
-3
3:0
2:1
-2
2:0
1
5
-6
2:1
-2
1
-1
0
15
-6
-7
0
-2
2
2:-1
2:1
0
-1
3
-2
0
-2
0
17
-17
6
-5
2
-2
-1
0
1
-1
48
-48
2:0
2
-2
5
-2
3:-1
0
22
-20
5
-6
1
-1
4
3
-7
-1
0
1
14
-15
7
-7
21
-17
-3
1
2
-3
6
-7
5
-4
10
-11
0
27
-24
-3
3
-1
-2
0
1
0
56
-56
0
1160
-1160
-1
64
-50
-14
6
-6
1
-1
2
-2
4
-4
10
-5
-1
-2
2
-2
1
0
-1
-2
16
-14
27
-29
0
1
11
-6
5
-9
0
2:-1
6
-6
13
-5
-7
11
-12
2:0
3:1
-2
-1
1
-1
287
-154
-132
-1
2:0
2:2
-4
0
5
2:-2
2
-2
-1
2
54
-54
14
-13
-3
333
-331
-2
0
23
-23
0
2
-2
6
-4
-2
15
-15
0
3
15
-18
1
-1
1
78
7
-79
-6
0
4
492
-495
37
-37
2
-1
6
65
-63
392
-400
-1
2
-3
-1
5:0
4
-4
1
2
-2
2
74
-76
1
88
-86
2
-5
0
-1
2
23
-25
2
13
-10
-5
2
19
59
-77
30
-33
3
-1
-2
0
6
-2
29
-33
2
7
5
15
-29
46
-45
-1
23
36
-50
-9
0
8
-6
-2
11
3
-10
-1
-3
0
2:1
6
-7
4
-2
151
-154
2
0
-2
0
19
-19
1
6
140
-146
4
-2
2:-1
2
-2
-1
6
-4
2
54
-58
2:0
1
3
15
-14
-5
4
-3
4
-5
1
-1
13
-8
-4
14
-14
8
-8
3
0
-3
-1
43
-37
2:-3
0
9
-5
-3
-1
1
6
-5
2
-3
-1
3
2:0
5
-8
1
5
-6
0
3
-1
-2
0
2:1
2:-1
5
-5
2:0
3
1
58
273
-244
-90
0
1
59
-60
2
-2
4
6
1
-11
3
-4
0
29
25
-53
-1
7
2:-1
-4
5
6
-10
0
-2
150
68
-218
19
-16
-3
2
0
9
-9
2:-1
2
-2
9
-5
3
9
-10
-5
-1
1
2
-3
3
17
-17
17
-20
5
-5
0
7
-7
24
-23
-1
37:0
2
-2
11:0
1
-1
1
-1
5:0
1
-1
13:0
2
-2
13:0
1
-1
10:0
1
-1
17:0
4
-4
3:0
1
-1
6:0
1
-1
2:0
1
0
-1
8:0
2:1
-2
15:0
1
-1
0
1
-1
6:0
end
