v1
954
1229
770
84
381
228
17
39
22
367
314
784
59
81
592
567
281
271
404
31
194
307
573
495
399
21
135
31
225
108
319
107
20
24
475
1163
440
52
379
494
442
319
20
126
376
433
64
42
135
366
424
877
176
394
275
589
288
294
59
50
288
173
41
30
12
39
32
43
61
56
3
14
130
3
1
118
82
66
8
59
14
32
18
30
35
57
55
245
447
173
120
225
414
110
304
10
33
6
116
284
175
141
85
101
41
87
172
90
343
129
275
37
299
10
5
31
2
83
70
229
41
423
98
990
301
93
367
165
2
24
42
208
94
11
64
50
1238
33
312
128
126
15
0
147
433
447
164
81
20
184
452
175
43
27
121
8
11
32
452
100
54
47
61
147
88
212
5
20
3
193
5
682
2
81
189
31493
5
22
9
43
194
97
173
77
119
36
8
22
1220
111
71
166
18
56
3301
2211
328
1553
5136
4
10816
2650
4766
14910
4449
2
10917
882
958
2453
5164
9
2
121360
3545
7741
73
9417
32418
3
18
4
389
5
16
54631
816
133
98
7
29
57
6
174
27
10
3
11
1
11
2
1
754
41
16435
4654
3093
10208
7980
575
1668
1016
711
436
532
2
9
16
28
3
180
37
3
1
43
47
4
6
40306
64
176
69
756
1
309
85
479
9
42
15
18
41
103
78
24
30
186
548
38
14802
2215
9722
2:1
162
1
115
90
13
62
28
-488607
14
77
61
3
1
22
19
45
206
32
40
3
6
175
9
287
38
163
0
4
0
21
84
55
48
8
18
26
277
21
3
94
49
176
84
47
40
9
0
80
63
292
68
93
374
122
46
77
146
1
3
262
186
230
304
5
454
32
23
62
117
132
19
120
23
135
15
83
300
76
105
47
96
222
4
19
24
2:201
48
105
121
209
24
141
25
18
61
92
42
50
26
304
95
221
97
6
311
133
37
54
25
104
92
74
6
66
0
122
193
145
93
453
170
34
13
180
79
31
255
279
134
128
23
0
88
185
79
178
352
67
249
29
0
4
10
69
86
5
104
187
288
84
98
169
11
182
235
244
30
131
134
111
121
50
104
81
44
141
0
132
92
2
163
142
428
169
164
173
166
35
30
367
0
86
56
140
7
50
73
72
109
12
4
11
74
25
38
15
8
7
5
8
19
22
2
0
1
25
21
25
1
110
11
19
88
2
43
173
56
57
26
7
35
3
54
31
113
203
189
100
65
178
217
256
35
175
252
74
10
76
240
110
42
38
17
13
124
156
12
411
0
108
58
149
5
0
68
29
595
20
0
21
44
0
217
73
2
0
198
62
587
85
8
12
7
45
7
0
33
5
78
9
1
540
450
7
144
0
29
12
4
0
89
169
60
105
6
88
59
70
75
37
29
0
61
11
142
79
168
110
3
470
23
109
22
9
48
8
283
157
40
2:6
21
17
89
37
57
10
11
17
76
114
83
275
0
6
43
6
395
275
185
16
84
0
62
4
66
99
16
85
0
85
71
15
248
0
18
182
6
45
16
4
139
73
0
22
103
0
196
22
6
37
0
77
7
0
8
261
180
11
52
0
40
35
0
118
54
52
93
0
29
83
50
44
13
1
3
37
92
26
20
38
20
0
71
43
126
31
31561
49
86
2
0
66
38
23
6
63
95
8
7
6
9
36
62
1044
64
8
9
13
50
22
45
309
77
331
2688
2877
0
1206
1015
1705
703
691
7634
320
5738
2695
8210
3
790
830
4874
423
13
1755
2158
872
1267
7
1384
10
8041
34
3
4
2807
1839
0
34
1514
933
983
1014
3146
9
0
16
2
1425
3523
103306
13099
3543
1736
6032
38236
2624
983
32
30
74
52
43
2
38
37
36
1
58
14
46
55373
50
82
20
7
67
99
0
45
38
19
20
124
0
2:1
55
3
1
5
2
45
696
7
36
12
6
28
130
2
0
4
18638
0
573
23817
247
1641
370
178
56
1636
2
4
1
6
1
2
35
48
3
2
37
10
24
0
21
4
41
3
8
58
0
6
25
4
30
30303
1513
8649
182
98
502
172
144
189
0
217
135
172
3
4
12
137
89
41
0
5
212
100
363
0
6
75
14856
54
172
1977
10001
32
17
72
23
40
30
-488482
1723
2030
300
886
3919
205
1255
1445
1842
1
168
302
799
723
1558
94
612
207
342
279
340
1895
381
215
4844
769
61
542
1356
2145
411
371
499
525
308
32387
280
21981
15644
208286
1210
57074
37626
7847
604
1252
40989
813
816
972
128
10
15021
1419744000
299:0
1
599:0
1
53:0
108
-62
5451
-5416
814
-469
1730
-2108
-22
26
101
1108
-1203
24
-58
108
-102
1229
-1161
-66
18
227
-238
27
-21
735
383
-1080
-36
52
191
-206
103
-147
-6
872
591
-1415
-5
76
-116
83
-96
409
-366
-15
-22
-5
2
50
-43
176
226
-146
111
-323
-17
-32
-4
5
-6
77
-64
10
-13
373
-375
-8
22
47
-32
-20
-13
31
75
88
-198
110
-103
65
-40
126
-94
23
-87
50
350
-165
-231
102
-54
-53
255
-162
64902
-64956
5357
-5109
-269
10
282
-301
1
144
-121
26
-21
193
-211
-18
4
13838
-13843
8
219
217
2376
-2678
-54
229
-318
22
37
562
-591
513
-540
59
-25
12
-30
11054
-11063
619
-276
-215
-46
-87
1357
-676
-655
0
10500
-10270
-252
77
103
232
-41
-246
-92
-28
146
-153
2124
-1294
-808
347
-242
13474
-13605
4098
-4023
4169
-4245
548
-353
3885
-4057
146
-165
99
-93
1267
912
6069
-8092
-62
4
-101
267
-35
-192
38
1329
-1352
2575
-2627
1
26
129
-141
410
-406
275
1149
-1316
-129
763
-256
8129
-8466
-169
-11
84
-22
43
41
-130
-9
9
19976
-19937
49
213
-140
5943
-5921
-173
1147
649
5374
-6661
-503
1049
-1060
17
31
4
35
-83
37
48
-67
16
-28
264
-243
862
-914
56
-43
114
-60
0
-29
-22
-14
497
-414
57
-140
73
-45
-20
-4
4
99
1825
-1916
1604
20883
-17554
-4894
-32
-20
1229
-932
-115
-120
-63
670
4178
-4831
125
331
1242
-1698
631
1412
-2016
100
-53
-92
19
-18
26
166
-191
9
44
246
-289
4365
-4351
60
428
-484
786
-773
-69
1
6
1
2
-9
5
-5
2
-3
6
1
-6
1
4
-4
-1
3
2:0
8
0
9
-12
-5
1
-4
15
0
-13
-1
0
9
2:-5
10
-2
-5
-3
0
7
-2
0
-4
11
-11
18
-16
16
-2
2:-8
6
7
-13
2
12
-16
3
-2
2
7
5
-14
1
-1
13
9
-15
-3
1
-3
18
-16
-1
0
3
6
5
-13
2:-1
-2
2
4
-6
4
5
-4
-1
4
-3
10
-11
-1
13
2:-6
1
3:-1
1
2
-4
12
-13
3
0
-2
6
14
-1
-18
12
-5
-9
9
-8
7
3
-7
-5
16
-12
0
5
-3
-6
2
5
1
11
-18
0
14
-12
16
-15
-2
4
-5
12
-8
-5
19
-16
-1
0
5
2:-2
-1
10
-8
5
-8
0
1
2
0
-2
7
-5
-3
17
-14
7
-11
9
-6
8
-10
1
-1
2
-3
2
-1
3
16
-20
21
-16
-5
17
-14
0
11
-10
-1
2
-2
-1
1
-2
11
0
5
-14
6
-1
-7
9
2:-4
3
13
-16
13
-13
18
-15
-4
10
-9
12
-11
13
-13
1
5
3
-10
-1
2
6
-8
1
3
-3
1
-2
13
-13
2
1
-1
14
-15
-1
6
0
-2
13
-7
-4
0
-1
-4
6
-7
5:0
4
2
0
-5
0
21
-20
1
9
3
-15
3
0
-2
-1
16
-7
3
-9
-2
0
-1
0
4
5
-9
1
3
10
-6
-7
1
0
5
-6
9
-11
1
0
9
-3
-1
-4
11
-10
-3
8
-5
19
-20
19
-13
-2
7
-7
-4
11
-12
2
16
-7
-8
7
-7
4
7
4
-16
4
-6
0
5
-4
-1
2:2
-3
5
-3
0
-2
3
11
-6
-5
-4
0
18
2
-21
1
0
5
0
-1
1
-3
-2
2
9
0
-11
2:0
1
-1
4
-5
1
2
-2
0
13
-11
0
10
-9
0
3:-1
12
-4
9
-14
2:0
-3
2:1
-1
6
-6
4
17
-21
8
-9
2:0
4
-1
2
4
-5
-2
2:-1
1
-1
1
0
-1
18
0
-10
2:-3
-2
0
8
-4
4
-5
-3
2
3
13
-17
6
7
-7
-3
-1
0
1
-4
0
11
-10
4
2
-5
0
18
-21
1
7
-6
6
0
-6
8
-7
6
-8
1
2:0
1
0
-1
2
-3
0
2
-3
6
2:0
5
-7
0
9
-6
7
-5
6
-13
14
-13
-1
2
-4
3
6
-1
3
-10
11
1
0
-10
-1
8
-7
16
-7
-1
6
-13
6
3
-11
5
0
2
10
-2
-6
-5
3
-1
-5
16
-11
-3
-2
-1
5
1
-8
3
0
-1
7
-7
-1
4:0
1
0
1
-2
-1
2
17
-17
20
-5
1
-15
6
-5
-2
4
-4
-1
12
-8
-4
0
2:2
-4
9
-9
0
1
-1
5
-4
9
-6
2:-2
-1
1
9
0
-9
1
-1
17
-10
-8
14
3
-9
-7
11
2:0
-3
2
10
-20
0
-1
11
-9
9
7
-16
17
-1
-17
2:4
-1
-3
-5
53:0
4
-3
114
-114
14
-12
17
-3
-16
1
6
-7
0
8
-8
2:3
-5
2
-1
8
2:-4
2
-4
2
5
6
-13
0
2:3
-5
4
-5
20
-20
11
-4
0
-5
11
-12
2
-2
-1
3
-2
0
2
-3
11
24
-23
-12
3
43
-45
1
-1
2:0
4
-4
2
48
-45
0
5
-9
1
4
-2
7
17
1
-30
7
-2
-5
1
0
9
-6
-2
10
3
7
-21
7
0
-5
59
-50
1496
-1508
102
-72
-26
3
-3
1
0
-5
1
11
-12
14
-9
-5
3
26
-28
7
-8
77
-75
8
5
2
-12
-5
23
11
-28
9
-11
6
-9
1
2
496
-500
56
-51
2:1
-3
70
-37
-36
0
239
-197
-40
0
10
-7
23
8
-30
-7
14
-10
140
51
-186
-7
20
555
-570
109
-111
27
-18
79
-77
907
-914
6
-13
-2
9
119
-124
179
-162
-15
-1
-4
37
26
-64
26
181
-197
30
-34
3
-1
57
-57
-6
-1
44
-15
-6
-23
56
-8
41
-81
-7
13
10
-25
6
1
-5
2
6
186
-190
16
-22
20
837
-852
-3
9
8
-11
43
-48
1
4
-4
11
-12
1
8
13
4
-22
16
-12
28
-29
2
-10
-2
8
-8
9
2
-5
-3
0
2:4
-8
-1
14
-7
-4
-2
0
10
-3
3
201
290
-215
-276
-4
-3
260
-243
16
-22
-16
60
199
-255
11
6
14
-34
229
-3
-221
28
-31
0
1
-5
15
-1
-10
-2
7
4
-5
55
-61
14
-1
-4
38
-48
-1
3:0
1
-1
16:0
3
-1
0
-2
7:0
1
-1
0
1
-1
4:0
2
-2
2:0
2
29
-31
1
0
-1
0
1
-1
2:1
-2
3:0
2
-2
4:0
1
-1
3:0
1
-1
4:0
5
-5
3:0
1
-1
2:0
6
-6
3:0
1
-1
3:0
1
0
-1
5:0
4
-4
4:0
3
0
-3
1
0
-1
2:0
3
-1
1
-3
3
-3
0
1
-1
0
2:1
-2
3:0
2
-2
4:0
2
-2
2:0
1
-1
3:0
1
-1
0
3
-2
-1
0
2
-2
3:0
3
-3
0
1
-1
2:0
3
-3
9:0
4
-4
7
-7
0
3
-3
0
1
-1
0
2
-2
3:0
3
2:0
-3
8
-8
5:0
3
-3
4
-4
3:0
1
-1
1
0
1
-2
2:0
1
-1
3
-3
1
-1
5:0
2
-2
3:0
1
-1
0
2
2:0
-2
4
-3
0
1
-1
0
-1
10:0
5
-5
0
3
-3
5:0
1
2:0
1
-2
1
-1
0
1
0
-1
3:0
1
2:0
-1
2:0
1
-1
7:0
1
-1
2
-2
0
1
4
-5
0
1
-1
0
6
-6
3
-3
6
-6
4
-4
2:0
6
-6
3:0
2
-2
3:0
2:2
-2
0
3
-3
-2
0
1
-1
0
1
0
-1
3:0
1
2:0
-1
2:0
3
0
-3
3:0
1
0
-1
4:0
4
-3
0
7
-8
2:0
1
-1
1
0
6
-7
6:0
2
-2
1
7
-8
2
-2
3:0
3
-2
2:0
1
-2
3:0
1
-1
0
2
3
-2
-3
2:0
1
3:0
-1
2:0
2
0
-2
3:1
-3
1
0
-1
0
1
2
-3
0
1
-1
0
2
-2
0
3
-3
2:1
-2
2
-2
5:0
4
-4
6:0
2
0
-1
0
1
0
1
-1
3
-2
-3
1
6
-6
1
-2
3:0
4
-3
-1
2
-2
3
-3
1
2
-3
4
1
-2
3
-5
-1
5
-5
5
0
-1
-2
8
-10
8:0
1
-1
7
-7
3:0
2
-2
2:0
1
-1
0
1
-1
4:0
5
-4
1
-2
1
-1
5
-4
-1
1
-1
6:0
2
-2
3
-3
3:0
1
-1
2
-1
1
-2
2:0
2
1
-3
2:0
10
-6
-4
3
-1
-2
0
9
-8
0
2
1
2:-2
5:0
1
2:0
1
-2
2:0
2:1
-2
9:0
2
-2
13:0
1
-1
19:0
2
-2
6:0
end
