v1
1039
55
152
332
45
0
159
311
70
105
52
139
48
301
195
119
51
59
441
1
57
19
37
22
28
118
164
332
46
12
79
74
317
130
165
432
15
133
152
159
60
102
72
132
72
118
133
160
111
101
76
258
216
285
71
89
275
66
72
235
43
217
45
60
87
228
33
102
31
18
59
114
34
108
241
37
41
107
5
171
86
194
63
79
57
139
93
85
98
59
45
101
109
30
96
227
4
75
31
88
76
111
297
134
90
304
100
293
149
59
0
66
1
193
20
36
33
57
22
354
400
33
106
135
221
78
67
299
30
95
53
113
143
93
50
144
41
44
9
24
108
31
193
7
271
64
59
275
16
15
78
283
197
177
111
117
177
109
295
181
27
29
12
33
6
32
12
13
18
12
0
26
6
17
0
8
46
2
17
130
3
1
118
77
5
74
59
9
37
18
30
5
30
3
35
3
16
38
17
82
163
85
341
21
173
120
0
225
160
35
219
110
28
70
206
10
39
116
104
180
54
121
141
85
101
41
198
61
146
272
144
281
31
299
10
5
18
13
2
66
17
70
0
229
41
309
114
85
20
184
41
0
662
96
60
132
109
214
98
93
55
50
6
109
2
24
82
168
94
75
18
32
325
407
66
119
44
30
247
33
80
96
13
37
6
38
42
128
19
23
84
7
8
147
40
2
281
96
14
447
164
81
20
82
100
2
412
3
37
34
141
70
25
96
8
11
32
43
49
88
234
38
100
54
47
31
30
6
29
20
72
20
88
153
59
5
20
3
193
3
2
205
52
119
135
43
16
40
45
47
46
17
21
134
34
77
15
31
31368
2
5
22
9
43
161
4
29
53
2
42
150
23
76
1
119
36
8
22
1152
68
111
61
10
104
62
18
47
3310
2211
2
314
12
1553
981
4159
2464
4114
4238
1891
759
4766
4989
3
6927
2175
816
925
0
2139
1385
2
14
8027
49
2:1
47
2773
887
943
34
2447
474
1523
27
3119
1
7
9
2
6
1427
3523
20260
0
82818
13326
3544
1
7741
73
4
9413
32411
10
18
4
21
12
88
3
43
40
0
73
34
39
19
17
2:5
11010
43632
731
9
41
35
74
0
59
98
7
2
27
18
0
38
1
6
12
80
70
9
3
27
10
2
1
2
1
7
2:1
11
2
726
7
36
182
16280
1172
3482
3093
1178
9030
7894
86
575
238
1352
78
873
143
46
665
436
330
202
2
1
2
5
1
16
27
1
3
117
3
1
28
31
6
25
6
3
1
43
47
4
5
1
30302
1513
8491
64
176
100
59
30
0
49
0
462
0
125
1
46
263
85
202
277
9
2
45
10
18
41
103
47
9
32
10
4
30
186
87
46
285
44
45
5
19
17
38
14955
72
1977
13
9722
2:1
162
116
18
72
13
4
58
5
30
-488433
81
505
233
260
144
139
75
0
14
251
110
0
3
46
122
52
3
125
65
46
199
46
93
328
114
41
120
19
357
48
287
60
153
234
488
47
14
51
34
0
7
0
91
17
110
167
250
118
179
0
168
65
89
153
99
67
150
127
275
153
130
0
32
172
143
71
42
371
21
201
16
13
442
100
197
144
458
18
27
88
46
25
269
97
74
50
204
43
117
119
111
0
168
279
0
134
54
82
175
9
197
97
188
478
0
80
32
160
0
660
24
246
130
33
0
171
94
202
191
214
43
527
253
110
153
551
20
0
10
45
10
220
55
52
0
113
99
386
0
86
117
86
101
44
163
38
9
0
54
21
0
60
23
8
33
52
21
0
110
77
43
88
123
54
25
34
20
83
7
67
0
97
0
51
0
172
142
127
72
79
421
70
160
124
109
430
0
135
101
29
734
6
195
2
207
44
242
99
52
225
284
16
385
567
7
222
62
0
649
296
76
43
59
7
10
7
169
595
42
40
57
123
471
166
6
51
20
232
28
0
286
62
35
146
21
106
199
82
41
364
32
285
303
279
41
0
130
191
60
45
589
6
15
116
489
6
91
14
0
471
5
114
13
118
96
204
50
306
56
31590
85
83
149
5
12
54
0
61
69
55
30
18
0
120
990
118
30
50
177
5
0
8
41
30
128
54
10
1
330
9491
703
691
8956
7438
4910
4086
830
5297
13
4785
1274
9469
7
2821
3373
1916
4167
20
0
1442
15454
91134
18602
6032
41843
16
140
40
21
10
118
49
80
36035
19290
377
15
57
16
45
7
2
8
137
10
805
28
129
3451
15758
24072
1637
374
47
227
1599
13
17
20
60
36
47
4
9
64
0
14
29
25
0
40094
979
208
213
209
25
0
49
9
0
352
140
35
42
23
74
14
120
227
135
353
98
15044
11859
131
21
31
56
0
-487120
228
364
121
5356
2544
213
507
26
2746
2443
30
161
92
844
275
1139
163
4103
1356
1242
1140
7
186
1820
948
36239
454
30
1706
9
32584
10216
305123
1856
237
42007
665
27860
1419978000
599:0
1
399:0
1
38:0
9
219
-194
-25
0
70
-58
-4
48
-30
23
0
-49
24
6362
-6385
15
-12
-5
317
-318
2829
-2779
-16
-34
36
-34
4
16
42
22
-84
4
179
488
-674
0
201
-196
-4
2
686
-675
65
-65
-9
-4
459
-434
-10
139
-143
182
-191
0
8
-11
46
-46
23
-1
64
-77
-6
-3
0
22
21
133
-175
195
422
-604
-12
2:4
4169
-3946
-223
3
-11
23
15
-25
-9
2
3
125
-129
6
-7
30
-34
0
7
-2
-6
4
-3
36
983
-956
480
24
-568
89
-90
170
-149
0
-19
5
11
283
-301
3
391
-391
-1
0
49
20
-11
-46
3
-13
-3
8
28
-25
-2
55
89
-89
-63
14
1
-15
-2
0
99
-82
181
-198
4
403
-179
-100
-108
-15
-1
449
-452
32
-31
276
-261
-7
-3
11
25
-41
13
4
1185
-1203
14
-9
-3
1
56
-58
0
1
2:2
-3
13
53
-23
122
-63
-104
681
-582
-73
-17
32
96
-139
15
205
-216
26
-18
1
43
-14
-8
302
-292
-43
155
94
-5
160
-330
-70
-4
6
867
-865
3
18
101358
-88446
-12564
-365
0
41
57
-65
69
-107
380
-204
49
-220
13
-9
14
-22
105
-113
104
-96
7
418
-419
19
-11
-2
111
340
-463
18
-11
-10
1
-5
2
12
133
-147
-1
156
-140
-8
-6
1052
-1051
11
46
68
-71
-52
417
41305
-32825
-8901
70
-60
-5
-6
7
5
-1
102
-58
-40
-12
49
-44
42
-43
26
3500
-3508
-21
826
-819
113
35317
-35437
380
-385
82
827
-902
24
-3
67
-93
-1
550
-546
668
-461
-195
55
1111
-1167
22
14108
-12889
-1157
-99
599
-596
13
29
269
86257
-86541
148
5348
-4720
-802
23
-27
93
1675
-1765
44
1805
-1759
10347
-10389
-46
148
-152
5
-7
208
-207
12
-13
10
48
-50
62
-69
7
1972
-1979
25
-24
3
1344
9014
-10286
189
-261
-4
51
-34
62
-80
1335
-1335
284
-220
-63
339
1851
-2026
665
-763
-17
131
-181
35
-26
200
-133
31
-72
330
-357
-2
1759
-1298
-446
1650
-1667
6
1046
-1052
9188
-8916
-252
5
24
-40
836
-846
-1
9
63
50
-124
4
0
-1
10
-12
10
33
26
-68
13
250
-264
5
2
4161
-4128
-28
64476
-64461
-21
12
-16
1
4
-7
5
413
-114
-218
-71
7037
-7051
23
-12
479
-471
2
-17
7
-11
1
2
48
335
-368
-20
654
51
-697
-7
25
-15
-11
11
19
31
1
38
3900
-3924
-62
142
-152
-1
-2
46
31
-60
-15
130
-123
162
-125
1
-27
-6
3125
-3140
23
306
-174
-14
-134
-2
34
-30
9
189
-188
103
66
-159
-8
201
-166
946
-994
0
217
-213
-12
42
9
-35
-16
143
-112
-26
61
-51
1
-14
13
38
16103
-16123
-30
1
0
38
-41
30
496
27070
-22428
-5117
-41
77
-69
982
-987
-9
261
121
-223
-154
6
-14
1
18
0
-21
3
341
1351
-1680
129
28
-128
171
6117
-6078
-254
1117
14274
-15364
244
-263
-6
0
21
-4
20
-22
4
-4
-12
15
-18
18
44
12
364
8302
-8714
-28
65
2
1144
-1016
919
-812
-141
-41
-98
-18
622
-607
2:-12
4
-4
0
-1
0
2
0
-2
0
2
2:0
-2
3
1
-2
1
0
2
-4
3
-3
3
1
-1
-3
1
2
0
-3
1
-1
2:0
3
1
-3
0
2:1
-2
0
1
-2
3:0
1
2:0
-1
2
0
-1
4
-1
-4
2:0
-1
2
0
2
1
-4
1
0
-1
5
-5
-1
1
3
-3
4
-4
3
-2
3
-4
4
-5
1
2
-2
2
1
0
-2
1
-1
0
1
-1
0
-1
1
3
-2
2
-4
0
4
-3
0
2:-1
3
0
2:-1
2
-1
2:0
2
1
-4
0
4
-1
-4
0
4
2
2:-2
1
-2
0
3
-4
4
-3
1
2
-4
3
0
1
-3
3
-1
-3
0
2:1
4:0
2
-3
0
2
-3
2
0
2
-4
4
-3
3
0
-3
5
-4
0
-1
1
5:0
-1
1
0
3
-1
0
-3
0
4
-3
2:0
-1
2
1
-4
3
1
-4
3
2:-1
3:0
-1
3
1
3:-1
2
0
-2
4
-4
1
-2
0
4
0
-4
0
3
-3
1
4
2:-2
1
2
-3
3
-2
0
-1
2:0
2
1
-3
0
-1
2:3
-5
2
-2
0
1
0
-1
0
2
1
-4
2
-1
1
-1
2
0
-1
0
-1
3
-3
3
-3
2
-1
1
-2
0
4
-4
2:0
5
-5
2:1
-2
0
-1
0
3
2
0
-3
1
2
2:-2
2
0
-2
3
-4
0
2
3
-4
0
-1
2:1
-2
4
-4
1
4
2:0
-2
1
-3
3
1
-1
-3
0
1
2:0
2:-1
1
4
-1
-3
2
-1
4
-5
-1
3
1
-4
1
4
-4
-1
1
2
-3
3
0
2
-2
0
-1
-2
5
0
-2
0
-2
-1
1
0
-1
0
1
2
-1
-2
3
-2
1
0
3
-4
1
0
2:-1
6
-5
3
-3
1
-1
1
0
3
-4
2:0
-1
0
3
-3
1
4:0
4
0
-1
0
-1
0
-3
38:0
2
0
-1
2:0
2
-2
0
5
1
-3
4
-6
6
140
-147
2:0
1
16
-15
11
10
-22
-1
0
1
51
-50
-2
3
-3
1
19
-16
-4
1
10
-7
-3
-1
3
-2
-1
2
0
-2
6
-4
2
7
-10
16
-17
2
2:-1
5
-3
3
-4
0
-1
0
1
-1
3
0
-3
0
1
25
-26
3:0
7
-7
2
4
-5
2:1
3:-1
7
-6
0
1
-2
2
-2
0
4
-3
-1
5
-5
0
19
-19
4
-3
-1
3
-3
13
-11
0
-1
0
-1
21
-21
2:2
-4
2
-2
1
7
-5
-3
0
2
-2
1
4
-5
2:0
3
-3
0
3
-3
1
-1
2
0
4
7
-13
0
45
-26
-16
-3
0
1
-1
2:1
-2
106
-104
0
2:3
-3
-2
1
-1
65
-68
2
3
-5
0
7
-6
2
0
2
5
-4
0
-1
-3
24
16
-41
43
-33
-6
-5
3
11
-12
-1
15
-13
1
-3
3
-2
13
-15
13
-10
-3
26
-14
-4
2
1
-8
-3
3
95
-97
0
10
2153
-2019
-111
-30
2
0
8
-10
1
5
-8
2
18
-19
-2
5
1
-3
23
-27
12
-12
0
63
-63
4
13
0
-5
6
-15
11
-10
0
-3
2
0
1
16
-20
0
34
-34
0
1
17
-17
4
1
2
-6
0
1
732
-589
-146
7
-4
4
-6
1
4
-6
11
-1
-9
2
-3
1
11
-10
1
83
-80
-6
56
-53
-1
488
-486
-4
3
-2
67
-66
3
6
-4
-6
-1
31
-29
5
43
-48
11
-7
-6
2
232
10
-235
-7
2:-1
6
-5
18
1114
-1126
0
146
-149
-3
1
-1
4
31
-30
28
91
-108
1246
-1252
-11
9
-3
-2
-4
0
1
16
-16
2
6
-6
6
-8
5
215
-219
0
-1
0
3
260
-253
6
-14
-2
-1
5
2:-1
46
-49
80
-71
-7
54
230
-267
52
-63
-3
17
-22
17
-17
87
-79
-4
-1
59
-62
0
41
19
-60
100
-98
-1
62
-63
138
-120
-15
0
-3
3
7
-5
0
-4
21
36
-58
0
1
8
-7
-2
0
10
-3
-7
9
-5
-2
0
1
-1
3
0
291
-290
-3
2
-5
2:0
5
-2
32
-35
21
-20
1010
-1010
0
3
10
-14
2
-1
0
1
2
1
-2
-3
7
-6
15
60
-74
-2
7
-4
-1
5
-3
17
0
-19
16
-9
0
-4
1
0
-5
18
-8
5
-15
0
-1
34
-26
16
-16
10
239
-257
2
61
-46
-6
-9
12
-13
1
-1
7
-8
9
-1
-4
2
-5
3
-1
-2
-1
21
-16
-3
3
-2
0
-3
13
-8
-5
10
-8
2:-1
3
1
7
-10
-1
0
2
7
-9
1
121
673
-534
-247
-11
-1
3
281
-284
0
17
11
2
-30
2
-2
0
-2
0
2
0
71
219
-287
17
-4
-6
7
36
-53
-1
382
488
-870
57
-49
-9
0
1
0
31
-31
2
-3
3
-1
-2
12
-3
2:20
-46
-1
1
-2
5
22
-14
30
-19
-23
6
-5
-3
65
-62
1
-4
21:0
1
-1
2:0
1
-1
1
-1
4:0
1
0
-1
9:0
2
-2
7:0
1
-1
1
-1
10:0
1
-1
2:0
1
-1
2:0
2
-2
9:0
1
-1
0
1
0
-1
6:0
1
-1
14:0
1
-1
2:0
2
2:-1
4:0
2
0
-2
1
-1
3:0
1
-1
5:0
1
-1
9:0
1
-1
1
0
-1
0
1
-1
1
3:0
-1
2
-2
12:0
1
-1
0
1
-1
7:0
1
-1
2:0
1
-1
5:0
1
-1
5:0
2
-2
3:0
1
-1
2:0
3
-3
2:0
1
-1
3:0
2:1
0
-2
4:0
1
-1
2:0
3
-3
15:0
1
-1
2:0
6
-6
2
-2
2
-1
0
-1
1
-1
0
1
-1
3
-3
6:0
1
-1
1
-1
0
1
0
-1
8:0
1
-1
7:0
1
0
-1
0
1
-1
2
0
-1
0
-1
1
0
-1
3:0
3
-2
-1
2:0
2
-2
0
1
0
-1
14:0
2
-2
1
0
-1
4:0
2
-2
3:0
2
-2
8:0
2
2:-1
5:0
1
-1
1
-1
49:0
2
-2
3:0
end
