v1
782
207
90
525
407
854
427
105
19
39
19
56
21
29
1437
129
603
159
32
28
102
204
143
412
39
435
501
573
869
46
184
70
137
277
440
472
29
99
104
273
224
463
275
431
279
215
388
54
339
65
4
22
35
915
69
66
219
483
88
354
35
1
12
288
356
7
300
94
503
361
405
177
259
382
83
25
18
61
54
2
141
10
118
82
74
123
65
3
72
37
245
85
362
173
120
385
364
201
103
10
39
116
338
262
85
401
146
272
15
410
17
313
15
33
153
123
106
41
528
175
808
301
83
377
167
66
208
94
75
527
484
277
206
59
152
56
57
69
7
8
147
40
393
609
185
102
412
40
374
11
118
366
100
54
108
6
29
112
88
217
20
3
198
247
10
254
59
132
63
189
77
14
31402
5
22
9
204
130
173
196
36
8
22
1152
179
71
104
62
5586
0
328
1553
5140
10816
2650
4766
6612
5310
2172
816
4449
2
4
8087
3708
943
15
7609
9
10
2
1431
123471
1
7741
73
9417
32421
22
353
36
5
55463
231
9
27
63
111
46
17
39
3
9
1
11
884
69
3445
12835
4654
3093
10208
10223
1016
46
1635
1
55
86
10
93
28
3
1
43
56
1
31815
8491
44
20
9
167
76
24
138
587
1
46
263
85
202
41
98
136
2
9
42
15
18
144
47
85
64
653
55
14802
205
2010
9722
2:1
162
102
14
18
10
27
35
75
5
-488100
38
196
268
114
126
34
105
14
25
9
26
30
240
54
92
54
133
37
263
110
67
61
51
25
59
65
302
275
39
7
12
153
59
21
213
0
459
26
266
15
476
23
81
249
171
133
372
9
219
75
126
99
266
122
89
133
198
166
6
22
156
61
2:71
14
45
21
226
98
172
24
117
62
580
5
71
153
33
257
67
60
148
155
23
0
110
47
109
0
37
65
762
173
106
134
239
81
99
92
114
19
121
111
27
197
72
121
2:0
56
244
57
0
241
62
58
204
33
106
416
225
117
421
27
315
0
41
185
147
209
138
406
16
157
34
185
121
118
135
111
49
0
172
65
117
146
24
2
73
225
6
27
41
0
33
85
8
13
2
11
96
7
140
47
36
83
135
5
2:14
21
31
28
0
5
68
3
16
38
336
102
27
243
79
432
203
0
8
0
78
10
123
138
70
145
442
68
460
0
42
100
139
0
91
0
121
723
309
36
68
17
114
535
114
38
47
152
238
225
580
7
173
22
176
136
60
0
45
6
0
109
25
1
82
387
6
319
330
297
17
2:11
139
141
29
147
94
42
53
37
57
655
381
113
265
220
209
10
136
17
219
140
2:51
43
0
58
30
16
143
0
95
12
17
236
3
50
0
100
38
72
189
39
20
97
35
0
89
38
0
118
0
99
0
109
17
125
0
11
42
0
15
39
0
43
4
38
35
135
57
98
28
31480
0
46
110
47
44
81
117
0
57
38
8
110
10
1210
68
92
198
74
2
47
3310
2213
2542
1707
1394
0
7954
3517
2228
1958
1157
8576
8309
0
3890
9469
3
4
6194
933
474
509
0
1014
3154
7
2
4
3
1
2
4948
0
116404
11253
8
102
38185
3607
32
124
61
54
73
36
83
82
7168
3760
43632
724
16
29
12
82
27
59
105
47
39
18
144
55
3
8
2
16
82
10
633
29
14
6
21
19
0
84
46
25211
3879
13045
86
575
238
0
203
44
1105
1083
1
96
625
968
3
2
6
5
4
7
9
18
2
1
59
0
65
22
35
6
46
70
9
4
40094
647
49
462
161
49
3
533
111
4
149
22
92
181
10
0
5
9
203
100
215
0
160
50
2:18
14998
2044
9842
44
86
63
15
120
45
1419871200
299:0
1
481:0
567
-559
4
-4
4741
-4168
-572
34
-33
393
147
-383
-51
-31
-75
162
-47
-110
95
-97
1
101
105
-155
118
-101
42
-113
267
-262
-4
454
-459
3
2
0
33
49
-86
68
-66
824
2161
-2987
4117
-3851
255
-382
-54
-81
36
368
-374
32
-62
100
-103
48
-50
67
-64
126
-122
1
-1
30
808
-844
429
-427
170
-165
-5
130
-128
-1
-2
4
-6
130
-69
9
382
-364
31
680
-696
-101
-1
89
-83
249
-150
-63
-38
567
-570
6
89995
-80736
-9068
-156
6
-48
50
-43
-5
34
-34
253
-164
-24
238
-258
-43
74
279
-357
1
106
75
-127
986
-952
-39
-49
8641
-2773
-5869
0
96
-50
-47
1
2217
-2213
1619
-1623
40
79119
-79160
378
-371
-4
282
-141
4
3346
-2884
-609
7
274
48059
-44734
-3571
-35
45
167
1117
-1210
5552
-5613
-53
-2
205
-207
42
3505
-2273
-1147
-67
-18
3647
-3564
154
-280
1978
-1830
402
1031
-1232
1068
-1380
110
-110
-38
109
10
34
850
-159
703
-1201
1525
-1701
-166
-3
0
413
-368
33
-78
0
66
-3
75
-136
82
56674
-56723
-31
1
977
-710
-225
7776
-7706
484
-595
1383
175
-1474
385
-474
230
341
-568
-2
40
-41
541
-164
-330
56
-42
476
-535
118
1760
-1768
-113
63
204
-232
29
-57
143
-85
-64
5
469
17839
-11764
-6502
-43
547
-550
46
-6
366
-409
59
-58
6
30
124
324
-481
59
25
-41
-45
40
-40
167
1175
-1205
636
11932
-12591
-108
37
-40
123
-15
-57
36
-91
5
951
-861
135
-178
259
-312
112
-105
74
780
-853
3
-18
5
-5
2
14
-15
-1
22
-21
5
-4
-1
1
-2
0
23
-17
14
-16
-1
-2
5
1
-6
33
-34
5
-5
1
6
-4
22
-20
-5
4
0
18
-18
2
-1
10
-14
27
-27
3
-1
-3
1
0
4
-1
15
-14
-5
4
-3
2
-1
2:0
3
19
-23
2
18
-21
1
-1
0
3
26
-23
-1
-4
-1
2
-1
24
2
-25
1
-2
2
-2
0
6
-7
3
1
-3
0
-1
0
7
-1
-6
2
1
-3
0
6
-2
1
-5
5
-5
2
-2
2
0
-1
1
-2
1
-1
1
5
-3
39
-38
-1
-2
5
25
-29
0
18
-19
2
0
-2
37
4
-41
2
27
-29
2:0
30
-31
2
0
2:1
0
-4
2:1
-1
30
-25
-5
-1
19
0
-18
28
-24
24
-25
0
-3
-1
2
37
-14
-21
15
-16
-3
1
3
-1
0
-1
23
-19
0
-5
37
-36
0
2:-1
4
1
-5
2:1
-2
21
-21
2
-2
1
5
-5
2:0
3
-3
2
-1
0
-2
18
9
-26
22
-5
-18
5
-2
3:-1
2
-2
7
0
-6
18
-19
18
-16
0
3
-1
0
21
-24
0
-1
30
-30
2:3
-6
0
1
5
-6
22
-19
-3
5
34
-9
-27
3
-5
1
2
30
-33
4
16
-20
2
31
-30
31
-1
-33
-1
1
0
3
2:0
-3
6
20
-26
5
-5
-1
1
17
-18
21
-16
23
-25
1
0
37
-37
0
-4
2:1
0
-2
2
-1
0
17
-16
4:0
4
-1
-3
-2
1
4
27
-26
-2
0
-1
-2
0
18
-19
2
0
-1
31
-25
25
-8
18
-10
-32
3
-2
39
-35
21
-25
0
1
2
1
13
-17
-1
2:0
3
0
1
-2
1
3
-4
-2
20
-19
1
2:0
3
-4
5
37
-3
-15
-19
-4
0
20
-20
2:-1
0
3
2
-4
3
2
17
-23
1
22
-18
-5
19
-17
-2
0
20
-16
21
1
-23
-1
41
-13
-29
25
-4
-18
20
-24
2
0
3
0
-3
3
-2
1
2:0
-3
29
-24
-3
15
7
-23
0
-2
1
4:0
6
15
-7
13
-22
13
-16
16
-19
28
-27
3
-3
0
4
-5
25
-24
-1
6
-5
5
-3
3
34
-34
-2
-3
-1
1
2
37
-37
-3
37
-34
2
-2
-3
20
-18
31
-31
0
31
-15
-18
29
-27
-2
1
-1
3
1
0
-4
1
7
-6
2:0
79
-78
-1
2:0
10
5
-15
2
9
-11
13
-12
-1
1
-1
0
1
-1
5
6
5
-11
-5
3
-3
5
19
-24
1
-1
2:0
6
-6
1
0
8
1
-10
7
-6
17
-5
-13
1
-1
4
-1
-3
1
-1
0
6
-6
2:0
2
-1
6
-7
1
31
-31
-1
1
56
-57
4
31
-34
4
-3
5
-5
-2
16
3
1
-10
-5
18
-22
-1
2
4
-6
32
-21
-5
-3
67
-70
3
1519
-1421
-85
-12
-2
1
13
-11
-4
6
-2
-5
10
-1
25
-19
-15
5
11
-14
-1
9
18
-28
17
-9
-8
1
513
-360
-154
1
7
-8
3
-3
72
-70
26
-27
0
482
-478
34
-38
0
27
-27
30
85
28
-143
-1
8
721
-645
-83
-1
5
11
97
-100
789
-794
-6
0
-2
17
-11
2
118
-125
1
-1
161
-151
-1
-9
33
6
-9
185
-208
43
-46
7
-4
-8
52
-15
-1
-15
25
6
-27
48
-68
2:-2
-1
8
11
20
-38
5
0
-3
3
-4
-2
236
-236
3
-1
24
-26
6
490
-492
7
-9
5
58
-55
-1
-4
-5
19
-19
0
22
-20
83
-29
-45
-4
-6
3
1
6
-1
-6
-2
8
-9
3
-2
2:2
-3
-2
1
112
309
-264
-152
-5
101
-99
3
-7
15
-15
11
-11
1
2
27
93
-121
10
2:-3
-6
1
-1
11
15
-25
239
339
-535
-38
9
-15
9
12
-18
-3
0
4
13
-7
12
-22
23
-23
3
-3
5
31
-36
1
-1
0
1
-1
5:0
1
0
-1
3:0
2
-2
7:0
13
-13
0
1
-1
29
-29
3
-2
-1
2:0
4
-4
10:0
1
0
-1
2:2
-4
2:0
1
-1
2:0
2:1
-2
0
1
-1
3:0
2:1
-2
5:0
5
-2
-3
3:0
1
0
-1
7:0
2
-2
6:0
1
-1
7:0
1
-1
6:0
3
-3
3:0
4
-4
0
1
-1
3:0
8
-5
-3
5:0
1
-1
2:0
1
-1
5:0
4
-1
-3
0
2
2:-1
2:0
2
-1
0
-1
3:0
1
0
2
-3
2:0
1
2:0
-1
4:0
1
-1
3:0
1
0
-1
0
3
-3
4
-4
1
-1
0
1
-1
0
3
-2
-1
3:0
1
3
-3
-1
2:1
-2
3
1
-4
1
-1
2:0
1
-1
0
2
-2
2
-2
0
1
2:0
2
-3
2:0
1
-1
2:0
1
-1
3:0
4
-3
-1
0
6
0
-5
3
-4
0
1
5
-6
2
2:-1
0
6
-6
5
3
-8
6:0
2
-2
2
-2
1
-1
2:0
1
-1
3
-3
18
-18
1
0
4
-3
0
-2
4:0
1
-1
0
1
-1
0
2
-2
2:0
2
-2
2:0
2
2:-1
5:0
3
-3
3:0
7
-6
-1
1
4
3
-8
1
-1
7
-7
2
-2
0
2
-1
2:0
-1
7:0
5
-5
2:0
6
-6
3:0
1
-1
2
-2
1
4
-3
-2
0
7
-7
3:0
1
-1
2:0
2
0
-2
2:0
1
-1
2
-2
2:0
2
-2
9
-6
-1
-2
15
-7
-8
18
-10
-8
4
-4
2:0
14
-12
2:-1
4:0
2:1
-2
1
6
-4
-2
0
-1
6:0
5
-1
0
-3
-1
0
3
3:-1
5:0
7
-7
1
-1
0
1
-1
0
3
-3
4:0
1
2:0
-1
4
-4
3:0
1
3
2:-2
0
1
5
-6
9
-9
2
-2
4:0
1
-1
end
