v1
994
539
742
187
615
332
277
56
168
221
1989
556
404
435
194
485
170
225
495
1345
183
336
551
314
284
454
431
494
442
126
339
1840
281
765
7
300
94
275
16
573
691
295
207
81
19
13
55
237
219
119
14
94
35
95
17
245
85
880
524
314
39
454
121
327
1488
31
2
382
41
152
1660
83
377
56
111
368
75
1041
280
232
208
126
162
433
681
31
184
360
52
3
282
121
8
11
32
363
189
54
108
149
86
212
5
20
3
193
3
572
195
155
34
64
31429
5
74
161
86
13
31
249
120
36
8
22
1152
68
182
181
3
5568
328
1553
5140
10816
2650
4766
5782
13583
10
10903
1840
2466
474
4686
2
121360
3545
7741
26
9464
32443
26
254
114
55537
268
189
10
3
2
9
769
16476
4654
21281
3305
1633
2
9
47
180
37
3
1
43
51
5
1
40306
1066
309
287
277
9
57
18
232
44
273
461
38
15027
11712
2:1
162
116
41
2:62
5
-488342
446
381
105
1168
373
28
1165
272
432
252
48
1789
99
167
160
66
757
640
31
117
108
539
39
218
336
289
388
572
907
1074
69
833
121
18
135
366
85
251
283
93
114
235
1194
119
598
51
44
250
59
553
80
75
38
23
8
48
151
103
15
54
10
9
83
226
19
69
677
1
173
120
1011
42
165
284
316
85
401
146
73
214
410
330
10
35
69
17
70
413
166
219
184
799
199
173
554
26
42
208
219
1238
258
1
86
261
8
1272
102
554
175
694
317
92
432
94
205
52
445
63
31709
9
82
425
1593
237
65
3310
2213
33074
4099
2988
3064
1385
2
11799
943
7624
1
7
17
4950
119948
1736
6079
41893
174
146
36
55433
168
98
9
27
18
39
6
157
1
16
39
13
11
728
43
24209
1178
9030
8555
1590
78
454
562
1147
537
4
135
10
21
32
62
40480
176
100
59
666
47
348
604
6
97
47
51
4
678
17141
9887
101
55
49
20
-488524
14
10
128
45
65
227
31
247
448
126
24
14
60
3
23
4
181
113
3
89
5
49
198
59
246
168
51
69
149
88
298
72
0
50
39
7
68
23
74
59
3
255
7
347
70
11
7
433
371
31
0
71
72
36
168
3
384
24
145
35
32
146
82
0
75
0
21
93
157
220
295
0
67
81
117
332
61
123
19
68
339
6
21
144
68
12
121
27
573
108
48
12
41
227
84
106
9
139
178
157
805
52
109
7
342
71
54
2
7
52
13
192
99
457
44
113
139
47
39
35
158
10
9
246
127
151
137
117
173
191
63
35
106
94
224
20
30
189
137
7
116
269
67
132
31
405
130
393
112
221
173
222
51
325
53
33
7
312
161
27
12
30
26
33
50
13
15
6
0
22
10
70
10
19
7
110
7
6
3
14
47
79
56
15
2:52
33
4
28
53
33
38
124
74
165
129
198
52
90
9
103
206
265
26
35
109
110
12
196
228
247
13
29
219
295
99
68
53
37
108
58
33
121
97
34
280
79
233
85
191
1002
8
99
0
88
50
145
524
130
151
83
102
17
312
75
30
37
317
139
293
38
1
110
125
0
282
66
163
19
79
0
64
177
147
10
73
11
8
87
37
34
23
38
271
123
35
119
6
111
446
63
99
2
199
20
74
52
4
66
0
125
59
1
171
158
268
31
6
64
0
146
95
29
239
31
22
14
193
507
343
2
73
11
39
11
57
39
2
0
53
30
55
38
22
3
52
15
153
15
31412
233
79
5
15
64
25
23
155
137
32
0
1012
56
1
7
17
82
158
5
49
145
136
7715
2048
355
348
691
10066
12948
1586
1620
7482
1741
2146
0
9469
2
22
37
2762
3378
1916
1014
3153
14
6
1445
23763
96145
11339
38208
3607
32
7
21
2
23
132
14
114
91
27
11
71
10928
25036
18596
694
37
85
112
29
97
17
23
0
45
20
143
56
12
15
30
697
60
44
51
69
3445
9355
6411
18275
4643
899
247
2011
0
45
854
969
2
7
6
0
1
10
9
66
50
51
41
2
1
8
18
96
30312
1513
8807
113
650
74
9
200
83
107
134
17
8
86
153
22
18
233
18
4
5
10
212
175
256
89
5
19
4
59
14797
0
120
30
0
2049
9867
86
19
10
51
0
12
5
67
91
7
-487109
446
218
391
290
621
51
1520
165
249
1226
1252
253
301
221
859
30
1055
17
50
627
699
1227
83
32
719
209
8
53
1080
968
172
812
687
16
210
504
52
351
241
304
573
874
219
905
28
392
1979
288
237
382
748
830
359
281
404
569
156
1764
515
236
958
338
675
195
249
4
31875
1637
63
80
297
407
18519
4543
18917
15971
12279
174661
36373
19283
37
233
351
60
832
36375
9091
230
1612
88
86
10
87
14
15
45
40534
2888
27012
1419808200
199:0
1
199:0
1
493:0
1
99:0
38
-9
12
6164
-6150
623
-13
-627
-5
16
11
357
1292
-1678
4291
-4289
300
3368
-3650
-15
-3
337
-333
7241
-3340
-3277
-618
317
224
102
-642
-2
-12
649
-626
252
-17
-224
401
-411
-26
36
-36
5
1012
-997
-19
1062
-1056
12
358
-117
-257
23
334
-354
-5
466
109569
-102454
-7551
-22
669
261
-665
311
-553
509
792
-1061
-263
830
-838
570
16764
-14260
-3035
-14
839
3185
-2714
29596
-29774
-1119
203
186
-120
-295
3
462
-469
4446
-3782
-648
-24
2403
50817
-50193
-3002
7796
-7811
1566
-1222
9215
-9562
-5
5
32
-11
1688
-1713
1212
8024
-9238
1432
-1420
14
502
-499
647
370
-1018
1361
-856
-524
10
-7
4
578
579
-584
1146
299
32685
-34691
-24
26
7
-37
23
-21
361
-357
56527
-56528
312
-12
-297
7367
-7023
-339
-14
1077
-1070
10
-8
3
-10
13
280
-292
964
-944
-23
15
1866
-1863
1043
157
-1216
2543
47011
-44518
-4641
-392
24
468
-225
811
-1056
-12
380
4296
-4080
8050
-8634
9
-14
8
768
-797
31
5443
-5068
2647
-2792
-263
0
1460
-1456
-19
180
-167
51
-63
122
112
-226
94
-103
108
106
-212
2
109
-57
-42
-14
13
98
100
-13
-32
-161
5
1
-4
-6
9
-9
96
-87
-8
6
146
-142
-6
-4
-1
8
4
50
-61
9
-7
8
138
-143
236
-229
-3
4
62
-72
97
-2
-90
218
-222
105
-104
149
-154
74
-66
-2
185
-183
109
-3
75
-9
-171
192
-193
50
100
-43
-103
108
-19
-99
53
-56
55
-46
77
62
-144
-2
1
4
85
41
-130
82
-74
78
-83
54
146
-199
-3
9
-5
56
33
-6
152
-137
110
-215
64
-54
75
20
-96
61
-17
176
4
-233
230
-75
50
-203
217
-210
3
-11
187
-119
164
-149
43
-129
4
7
96
-103
-2
3
58
143
-206
9
-5
245
-243
110
-49
-64
164
-162
60
28
-79
43
17
-67
133
-61
-78
0
84
-78
67
117
-181
120
18
-140
71
-67
-11
13
-8
59
-64
12
115
11
-58
-72
115
-117
164
-106
7
90
-162
4
-1
2
91
-32
19
-68
105
-119
-7
-2
-3
1
-1
10
-7
0
4
-7
0
6
-6
0
4
3
-9
0
6
-6
6
-6
4
2
-6
2
3
-1
4
-8
6
-3
2:0
-1
0
10
-11
4
-3
-2
10
-4
1
2:-1
6
-11
10
-5
-2
0
6
-4
3
-8
0
4
0
2
-2
5
2
-3
0
-5
0
5
1
-3
5
-8
0
-3
6
1
-1
3
-7
1
6
-7
3
4
-6
3
-6
4
3
-5
4
5
-10
5
-2
0
6
1
-1
0
-6
4
-6
-2
6
3
-7
2
-4
3
-1
-2
13
-6
0
-7
7
-7
10
-7
-1
3
-3
0
3
2
3
-1
0
-8
7
1
-2
-4
2
3
2
-8
-2
0
2
3
-5
13
-11
-2
7
-7
2
-2
12
-5
-7
2:0
1
3
2
-1
0
2
-5
-2
2
0
-2
5
-3
1
0
-3
7
-7
9
2
-9
4
-4
8
-6
2:-2
4
1
-5
2:3
4
-7
3
-4
6
-2
-6
10
-2
2
-6
-3
-1
7
6
-13
3
1
8
-11
9
-10
10
-10
9
0
-9
6
-2
3
2
-9
2
-2
8
-8
9
-5
-2
6
-6
11
-10
-3
10
1
-8
0
2
-3
0
2
-1
7
-8
3
0
1
-2
3
-5
2
-4
2
3
-1
6
-7
0
-2
6
3
-10
3
0
-3
11
-4
-6
3
2
-4
10
-6
0
-1
2
-3
-2
3
-5
12
-5
-3
-2
0
2
-2
-1
1
-2
3
2:0
-3
2
3
-3
-1
9
-5
1
-3
0
2
4
2
-1
1
-8
10
-13
4
1
-5
2
-2
6
-3
2
-3
6
0
-8
0
11
-9
5
-3
-4
8
4
-12
3
0
4
2
-6
4
-7
8
-8
2
1
2:0
7
-10
10
-9
3
-1
-3
0
9
-9
2
1
-3
9
2
-6
-3
3
7
-2
-3
-4
0
3
6
-3
-9
2:0
3
4
-7
2
5
-2
0
-1
-4
4
0
3
1
0
2
-6
0
4
-2
3
0
-7
4
-6
1
7
-6
3
7
-9
-2
8
1
-8
-2
4
-2
3
2
1
-5
-1
-2
2
6
0
-5
2
7
-10
7
-3
5
2
-13
2
6
1
-7
2
-2
1
0
6
2
-11
2
0
-1
5
-4
7
-9
7
2
-6
3
-2
3
-1
-6
0
2:2
-4
4
-4
2:3
-6
2
9
-7
-4
3
1
5
4
-3
-6
0
3
6
-3
-8
6
0
-8
3
0
1
-2
7
-2
0
-4
0
-1
5
-7
2
5
-6
99:0
2
4
-1
142
-146
16
4
-19
-1
3
-3
2:9
-17
-1
0
6
-3
3
-5
3
-4
2:1
9
2
-10
16
-19
4
0
2:1
10
-12
27
-19
-8
-4
3
-1
-2
1
-1
64
-64
0
40
-32
-2
-1
10
-13
13
4
-19
3
77
2028
-1998
-107
7
2
0
-12
55
-41
4
-18
35
-30
15
-10
3
686
-573
-125
16
-12
86
-45
409
-396
-59
9
22
-26
1
-1
4
-6
161
84
-240
-7
28
939
-831
-137
32
-7
103
-105
1256
-1269
-10
17
-7
-2
193
-200
6
231
-236
2
4
-8
52
-41
46
226
-263
55
-68
-1
10
-13
2
50
-26
26
33
-31
71
-119
-7
2
-2
3
-3
7
-6
5
256
-255
25
-34
1
862
-852
-11
4
86
-68
-10
-8
21
-16
-2
63
-61
4
-3
-4
0
12
-14
-1
10
-4
187
549
-467
-262
-10
4
210
-207
238
-234
-3
6
24
311
399
-754
30
-26
24
7
-34
8
14
-7
33
-19
-29
5
50
-49
-6
1
-1
2
-1
21
-20
-2
10
-11
0
14
-14
0
20
-18
-1
2:0
3
-4
17
-17
0
11
-10
-1
1
2
-3
14
-12
-2
0
3
0
-2
-1
3:0
2
-1
0
1
-2
6
-5
91
-91
1
-1
11
-5
3
-3
1
9
-15
29
-31
0
4
2
-4
0
-1
0
14
-5
-3
-7
12
15
-20
-3
3
17
-17
-7
17
-8
7
-12
-4
3
0
20
-23
2
8
-8
12
-10
-1
1
-2
-1
4
2
11
-18
1
6
0
-4
13
-14
44
-30
-14
-1
4
2
1
-2
-4
9
-1
7
0
-17
82
-68
68
-78
2
-5
0
-1
7
-5
19
27
-41
-4
2
-5
7
2:-2
2
-3
19
-19
2
1
6
-7
2
1
0
-1
4
11
4
-23
-1
34
-33
18
-12
8
-14
4
-4
6
-6
-2
26
-26
6
-2
-1
-3
3:0
1
-1
38
-11
-25
1
53
-46
1
-9
-2
54
-47
-7
5
-3
0
4
-4
-1
12
-12
-1
4:0
1
-1
0
1
-1
0
1
-1
2:0
1
-1
3:0
1
-1
4:0
1
-1
3
-3
0
1
-1
3:0
59
-59
2:0
1
-1
0
1
-1
0
1
-1
0
1
-1
2:0
1
-1
4:0
2
-2
1
-1
4
0
-4
4:0
9
-9
4:0
4
-4
4:0
2
2:-1
6:0
3
-3
0
1
-1
1
2
0
2:-1
0
-1
0
2
-2
6:0
3
-3
2:0
3
-3
6:0
2:1
-2
0
2
2:-1
0
1
-1
2
-2
1
0
-1
7:0
3
-3
2:0
2
2:-1
7:0
4
-4
0
1
0
-1
2:0
1
0
-1
2:0
12
-10
-2
2:0
4
-2
2:-1
5:0
1
-1
2:0
4
-4
0
2:1
-2
3:0
2
-2
1
-1
1
0
-1
2
-2
2:0
1
-1
7:0
1
-1
0
2:2
-4
3
-3
4
-3
-1
4
0
-4
6:0
3
-3
4:0
2
-2
1
-1
2:0
1
2
-3
2:0
3
0
-3
3:0
2:2
-4
1
-1
0
6
-6
0
3
3:-1
1
-1
2
-2
2
-2
0
2
-2
0
2
-2
6:0
1
-1
1
-1
3
-3
0
2
0
2:1
-4
2:1
-2
2
2:-1
2:0
3
-3
2:0
1
0
-1
0
2
0
-2
0
1
-1
3
-2
-1
1
0
1
-2
2:0
3
-3
1
-1
0
2
2:-1
0
1
-1
3:0
1
-1
0
1
-1
4
-3
-1
0
2
0
-1
5
-6
0
4
10
-14
3:0
1
2:0
-1
4
-4
6:0
1
0
2
-3
1
-1
1
2
1
-4
3:0
2
-2
2
-2
2:0
3
-3
4:0
1
2:0
-1
4:0
4
-1
-3
1
-1
1
0
2
-1
-2
0
3
-1
-2
1
-1
2:0
2:1
0
-2
0
1
-1
0
4
-4
0
3
-2
1
-2
1
-1
3:0
1
2:0
-1
0
2
-2
0
1
-1
0
1
-1
4
1
-5
2:0
11
-9
2:-1
5:0
2
-2
2:1
-2
3:0
1
-1
2:1
-2
13:0
2
-2
10:0
1
-1
10:0
1
-1
25:0
1
-1
0
1
-1
2:0
1
-1
9:0
1
-1
5:0
1
-1
1
0
-1
5:0
end
