v1
628
37
203
12
65
213
9
119
71
3
248
106
64
79
52
139
74
104
230
255
4
184
421
56
21
1
28
42
142
11
419
46
12
156
56
265
288
92
48
26
271
30
265
159
124
38
72
726
101
76
132
15
5
106
83
176
242
299
207
67
278
61
55
101
399
21
144
22
117
62
46
391
143
44
139
79
0
194
63
165
23
87
93
7
78
157
45
101
109
203
260
275
431
16
266
203
121
35
130
78
33
54
192
147
65
4
57
21
256
99
539
135
0
186
53
127
55
369
87
7
123
64
2
354
53
187
169
7
198
100
96
275
392
197
73
152
63
294
158
123
209
95
26
23
7
12
33
6
32
25
10
8
12
7
6
2
11
6
16
1
8
46
2
147
4
60
43
15
82
20
42
12
40
19
62
2
30
35
41
16
38
17
127
118
87
116
244
173
120
94
131
195
86
133
0
2
108
98
46
160
10
39
116
146
138
54
121
47
94
40
45
142
90
166
3
146
24
0
248
15
129
27
254
17
14
36
235
28
10
5
18
15
66
17
70
229
41
309
114
85
20
52
123
45
763
301
71
5
17
176
88
48
55
20
30
6
109
2
66
302
8
67
18
32
477
166
12
77
176
9
44
256
21
33
29
90
113
8
19
2:53
48
27
57
63
6
7
8
115
32
113
85
125
110
447
162
83
20
184
8
122
282
3
37
175
133
58
8
11
32
74
57
232
51
38
100
54
78
26
4
35
112
88
153
39
20
5
20
3
93
11
89
5
33
172
86
88
61
79
51
39
46
47
46
17
64
125
91
31400
2
5
22
9
16
27
161
33
53
14
3
27
37
48
88
76
8
110
2
36
8
22
932
198
22
59
9
111
71
166
18
43
4
3310
2211
328
1553
322
341
3101
1376
649
7276
2891
2650
4766
6612
8298
925
872
2649
3
2
8060
29
2
5
2817
4
882
943
15
1533
920
13
1997
13
3133
7
1
9
2
6
1427
119927
3544
1
7741
26
47
9417
32421
20
2
11
22
9
50
0
61
54
74
19
89
2:5
82
7168
3760
44363
50
35
47
27
54
5
98
7
0
2
27
20
37
6
12
145
17
27
10
3:1
2
1
7
2:1
11
2
726
29
14
18
103
55
3451
9355
3480
4654
3093
1178
17010
0
1016
1227
828
44
1
2
187
665
968
2
1
7
6
3
8
9
22
53
33
24
10
15
10
4
31
9
8
20
3
1
43
26
12
9
4
5
1
31815
8401
90
64
176
76
162
587
1
13
33
36
204
23
43
27
15
135
0
67
24
253
9
42
15
18
13
1
27
61
42
77
1
10
5
9
30
245
28
331
0
44
13
32
5
19
17
15
23
14802
3
150
72
2:2
1973
13
9722
2:1
162
1
101
14
28
2
5
55
20
55
5
30
-486759
361
4219
2365
3904
1144
692
4139
483
6195
2661
503
531
219
309
73
1707
421
105
765
33264
193975
109204
46725
1839
17
42621
28153
1419600000
599:0
1
27:0
2
-1
3
-2
1
47
-48
3
-4
-1
16
29
-10
-30
-4
5
17
-16
2187
-2191
-3
465
-145
-318
37
23
-61
66
-63
35
-31
-6
-2
1
8
64
-70
20
-21
3
-4
132
-124
679
-680
3575
-3572
-7
280
-269
-14
2
334
-313
-18
39
-40
-1
-2
2
35
-38
14
48
-62
2
115
-116
-2
216
-211
25
0
-5
-17
0
-3
2
29
-34
6
49
-55
0
-1
5
12259
-12256
-9
685
-610
2380
-2449
-3
-2
3
-4
0
81
261
-226
-115
184
-180
1
150
97
-251
13
-3
-4
0
-7
14
7
-22
50
-48
-2
9
-8
0
3
1
107
-93
-17
11
-12
145
-125
19
244
-282
6
245
-189
-51
-12
23
-13
-8
0
75
-77
42
-40
38
-30
-8
24
-24
4
361
-367
5
1
-6
36
-35
2
-1
29
61
-93
5
33
313
-343
-8
66
-59
-4
19
-2
-19
144
-142
3
7
17
-21
82
-90
7
224
-87
-66
-67
7
-15
-3
7
0
-4
339
-340
48
-50
72354
-64498
-7747
-109
6
10
11
-26
24
-23
8
44
-54
132
-123
32
-38
0
8
-3
-7
3
-5
10
-9
2:1
66
-68
36
-36
178
-173
602
-589
-9
390
-398
-1
0
1
0
4
-6
37
74
-43
-67
24
-5
-17
5
840
-847
0
4
13
-11
62
8784
-8848
3416
-3415
15
-21
1
6
5
2:-6
8
55
-19
-2
-40
66
-62
-6
2
11
-12
0
2480
-2474
34
608
-632
160
-164
14490
-14503
7
-2
369
-328
-43
2
0
173
-176
1
-1
127
-2
-102
-11
1
1740
-1427
-292
-29
2:-3
185
-172
56
22232
-22298
-3
2034
-2029
27
222
-253
2
17
668
-528
2769
-2928
1
28
-16
-12
-1
5
-6
0
2
-1
6
-6
3
-2
1287
-1289
520
-518
-1
5
1517
-1474
148
-197
4
-3
1156
-1156
3
-5
271
-267
1
169
-163
-10
1
142
448
-574
663
-672
36
-5
-34
10
48
-36
433
-394
-63
-1
71
37
195
25
-329
-2
224
678
-900
8
169
1206
-1350
-32
218
-219
1
-1
5
24
-30
4
3
-6
-1
5
24
-29
190
-191
17
2
-17
-1
2
-2
0
3
24664
-24650
-13
-5
1
86
166
-242
22
6410
-6303
-140
157
-156
2
0
-2
0
2
12
-14
3
545
-114
-432
-1
-2
2:0
13
46
-58
7
-8
20
-2
-14
-1
3
81
-87
51
30
-59
2
79
-101
114
-108
-2
-3
8
-8
3
224
-172
-49
2:-4
20
-20
112
-113
6
-4
0
84
-39
0
-42
3
0
-5
35
-37
21
-15
-7
63
-40
-5
40
-51
2:-3
-1
59
-59
42
105
-83
-62
4
-6
2
0
21
-18
-3
173
21651
-17567
-4253
-4
-1
11
-2
20
180
-201
-7
78
-16
-47
-15
47
46
43
-135
4
-6
0
81
-80
-1
60
-57
-2
10
-7
24
910
-932
393
1725
-2120
-2
21
-5
18
480
-512
1658
-1659
4
1
-3
5
-10
0
31
-23
-1
10
2
6
-18
230
-9
-224
-3
4
-3
-2
-1
5
30
117
-120
534
-560
28
116
7
-155
-2
24
-23
364
-364
3
-4
27:0
1
4:0
1
-1
5:0
1
-1
0
1
-1
0
72
-72
0
12
-3
-9
9
-6
-3
2:0
1
9
-10
3:0
9
-9
2:0
1
-1
11
-11
2:0
1
3:0
-1
0
1
-1
2:0
6
-6
2:0
1
0
-1
2
2:-1
0
1
-1
0
14
-14
1
-1
0
1
0
-1
3:0
4
-4
0
1
-1
1
0
-1
0
2
4
3:-2
6:0
10
-10
8
-8
2
3
-5
2:0
1
-1
4:0
1
2
-3
4:0
1
-1
0
2
-2
2:0
16
-12
-3
-1
3:0
40
-40
2:0
5
-5
0
2
-2
4
-4
18
-16
-2
2
2:-1
0
1
-1
2:0
2
-1
4
-5
4
7
-11
2
0
12
-14
1
5
-5
1
-2
1
-1
9
-9
1
-1
5
-5
9
-9
0
31
-26
1
-6
2
-2
1
-1
2:0
43
-42
-1
0
1024
-951
-60
-13
3
-1
1
-2
1
-2
4
-4
0
4
2:-1
-2
0
1
2:0
-1
2:1
-2
2:0
5
-4
-1
0
27
-27
0
9
-7
12
-14
6:0
3
9
-11
-1
9
-9
2:0
15
-15
0
1
3
-3
-1
268
-268
119
-119
7:0
2
-2
4
0
-4
0
4
-4
0
3
-3
0
64
-62
-2
20
-13
-5
-2
288
-288
2
0
26
-25
-2
2:0
19
-19
3:0
8
-3
-5
3
67
-10
-54
-7
1
-1
3
-3
8
411
-419
0
48
-48
2
13
-14
-1
17
42
-52
198
-205
2
4
-6
8:0
1
0
-1
5
-5
66
-66
2:0
110
-106
1
-5
3
-3
0
2
-2
0
23
-22
1
15
-15
-2
0
16
49
-63
31
-32
-1
4
-4
3
1
8
11
-16
-7
0
4
8
0
16
-28
0
1
32
-33
0
21
9
-25
-5
7
-7
2:0
3
1
-4
1
0
-1
2:0
5
-4
3
-4
1
0
-1
3:0
1
-1
153
-153
2
-2
0
17
-17
4
0
163
-159
-8
9
-9
4:0
1
2
-3
0
3
40
-43
4:0
3
6
-9
3
-3
1
-1
2
0
-1
0
-1
11
-1
-2
-8
13
-13
9
-9
0
3
-3
1
3
20
-19
-5
1
7
-5
-3
5:0
5
1
-1
-5
1
0
-1
5
-5
0
4
-4
4
-3
2
0
-3
3:0
4
-2
1
-3
1
-1
1
-1
2:0
4
-3
0
42
235
-203
-74
0
-1
1
2:0
21
-21
-1
7
0
-1
-6
0
13
11
-24
1
-1
0
10
-10
0
5
-4
0
4
-5
3
11
-12
82
86
-170
0
2:1
10
-12
1
-1
2
-2
2
-2
3:0
3
-2
-1
6
3
-6
-3
15
-10
-5
6:0
4
3
-4
6
-9
0
12
-11
-1
0
2
-2
19
-19
1
-1
13:0
1
-1
9:0
2
-2
0
end
