v1
641
207
45
179
92
220
298
14
166
60
178
38
239
179
133
4
31
4
84
53
173
18
159
41
19
1
51
6
19
37
7
4
11
70
57
19
496
46
106
2:59
3
117
355
5
73
140
26
266
148
87
65
159
32
130
50
22
132
190
133
268
3
34
67
228
21
75
10
95
36
63
5
17
81
204
573
95
222
178
28
112
12
247
156
89
139
28
396
138
176
7
79
140
117
79
48
38
110
178
157
211
43
161
138
165
275
301
92
38
16
407
71
233
122
87
59
67
213
69
57
12
364
95
265
179
135
421
153
91
125
254
27
89
32
221
14
44
372
394
275
16
549
24
157
345
72
8
95
9
5
295
175
6
27
29
12
16
17
6
32
25
13
5
3
1
13
21
23
8
46
2
17
130
4
13
90
15
82
74
6
39
108
38
35
0
19
38
17
127
118
87
132
228
173
120
225
90
43
62
86
54
189
30
274
10
33
6
116
104
42
85
107
121
47
94
85
74
27
100
31
169
170
248
15
54
75
27
254
17
14
10
261
28
15
33
83
70
172
57
41
42
267
114
85
8
12
175
45
498
265
199
102
71
2
2:10
30
337
2:25
6
109
2
23
1
42
223
30
27
22
75
18
32
16
199
110
407
66
119
44
0
277
33
176
50
2:6
74
15
0
38
75
19
23
2:15
54
7
8
106
41
40
283
110
447
162
2
81
20
184
245
10
160
37
0
245
121
8
11
32
126
164
73
22
29
38
100
54
47
3
58
147
45
43
130
23
59
5
20
3
104
89
5
33
118
54
9
33
10
122
72
118
1
85
27
20
46
17
38
117
34
91
31400
7
22
9
16
27
161
33
50
3
14
30
85
88
4
80
0
112
36
8
22
17
1113
22
45
7
16
111
71
61
43
1
61
15
3
47
9
3301
2211
2
326
1553
1711
1014
2415
2464
2183
6169
2650
11
2357
2398
4989
793
5704
3424
925
3524
2
8091
16
2796
14
882
943
4
11
1533
920
13
474
4669
8
1
10
5
1
1427
3523
116404
1
3543
1
7741
26
47
9417
32418
3
18
2:2
153
54
73
20
53
19
17
2:5
11
7239
3760
44312
51
50
35
74
32
27
98
7
2
27
20
37
0
6
12
1
32
20
10
83
16
27
10
3
2
8
2:1
11
19
14
20
675
1
28
14
34
142
6
16280
4654
3093
18188
575
441
1227
454
419
133
56
665
436
532
2
9
5
11
3
25
3
86
10
36
9
39
9
26
2
3
1
43
27
14
6
4
6
31815
8491
64
176
69
31
59
666
1
46
41
222
85
202
277
9
2
55
18
41
61
42
47
13
18
54
695
3
19
17
38
14794
8
153
72
1990
9722
2:1
149
13
1
12
60
29
14
18
1
16
6
17
32
57
18
5
23
7
4
-487444
589
92
54
1114
1304
804
2684
42
43
50
2705
3553
1057
955
903
1571
421
47
135
1679
1271
1628
5705
2594
477
1520
32020
12294
17086
8205
22458
8117
125540
108983
1414
47387
40608
2278
824
27048
1419328200
599:0
1
40:0
170
-164
-3
-1
6
-8
4
248
-241
6
-15
0
5
-6
2
3040
-3041
2284
-2284
17
-18
2:2
0
8
-9
542
-545
150
-149
28
-20
4
-3
-2
0
-5
4
5
-12
12
-7
0
24
2
-21
-10
1
14
5
85
-95
-8
12
-13
3
2:-1
11
-13
309
-308
8
-7
6
10
-16
3
-5
2
5
763
-764
26
-20
41
-54
13
-12
5
19
57
-48
110
-140
115
-113
9
16
-30
15
-14
13
-8
-5
30
-25
0
-3
4
-7
46
-43
4
34
-35
-6
21
-20
-1
9
-9
47
-12
185
-219
167
-163
109
-114
6
2
-6
46
-22
-23
4
19
72
-47
-33
-18
1
4
-4
7
21
119
-140
0
-5
304
-98
-204
393
-367
-17
-5
0
-2
-5
7
37
-38
11
-6
-1
3
54
-66
9
118
-130
82
-82
0
11
34
-42
-3
29
-23
24
-31
1
54
195
-186
-59
0
2
-6
4
-1
13
-10
23
-29
116
-112
-5
189
-147
18
-29
-31
2
18
-19
1
309
-308
45
51020
-51056
7725
-7636
-99
4
6
5
4
-19
232
-224
-7
7
-9
2
17
-19
2
36
-37
-1
0
1
-1
1
-1
1
22
-16
293
176
-470
0
107
59
-170
-2
8
-7
4
-4
9
-9
0
14
-15
126
-119
-4
-3
76
-74
4135
-4137
1
6
4
255
-265
0
-1
13
-9
13
4902
-2959
-1957
11
-9
3
-2
-6
3
12
-15
7
70
-39
-38
5
1
-4
14
-15
3
2
1364
-1370
13
-8
8
522
-512
27
-46
23792
-23797
3
113
-90
-19
-4
12
-9
152
-156
0
18
75
-61
-26
7
844
-588
-260
-9
-1
13
-12
4
26
158
12716
-12890
16
2264
-2272
-23
725
-725
2
8
645
-544
1768
-1695
-173
27
-37
22
-20
4
-7
2
-2
2:1
4
-4
-1
7
-1
314
-320
61
639
-695
0
4072
-4051
118
-118
-27
1
8
-7
-2
0
346
-343
128
-126
16
-2
36
555
-603
361
-365
-2
24
-16
-9
7
18
347
-372
2
-2
87
-64
-12
167
-154
3
26
-49
1543
-1398
-125
-23
608
-605
-3
236
8106
-8343
0
3422
-3413
10
-15
69
-66
2
57
-65
2
-2
-1
14
-3
99
15
-124
19
1253
-1264
-8
1
70
33681
-33741
-10
3
9
26
-40
2
30
278
-302
123
5093
-5224
52
-30
-22
402
-398
0
1
-5
-1
3
7
503
-508
4
0
-6
4
-6
9
48
-46
-11
145
-98
-42
-4
59
-58
19
-9
211
-210
-13
4
5
-9
0
29
2
-15
-5
-1
-4
748
-726
-7
15
-36
122
-122
0
4
12
-16
3
-3
397
-382
27
-18
728
-752
18
-16
0
-1
25
-25
22
100
-83
-38
31
-23
-9
28
13
26
-59
-10
4
13
2:-7
671
11984
-10387
-2239
-30
1
4
11
436
-445
55
-36
-15
-9
3
84
-28
812
-870
-3
72
-50
-4
42
1591
-1646
336
11633
-11950
-25
49
-48
9
-9
4
-2
8
30
-11
95
-125
99
-99
16
-12
10
1328
-1333
-8
1921
-1918
-4
3
73
85
-24
-138
9
-6
4
39
-44
362
-363
0
9
-2
-8
40:0
1
11:0
1
-1
0
63
-63
9:0
7
-7
6
-5
-1
1
-1
3:0
11
-11
5:0
2
3
-4
-1
0
1
-1
8
-8
1
-1
6:0
3
-2
1
2:-1
4:0
1
-1
2:0
10
-9
-1
0
2
-2
2:0
1
2
-3
0
9
-9
1
2
-3
1
-1
2
-2
2:0
1
-1
3:0
1
-1
1
4
-5
0
3
-3
0
1
-1
0
8
-5
-3
12
-11
5
-6
3:0
5
-4
1
-2
0
3
-2
0
-1
4:0
4
11
-12
-3
2:0
1
-1
0
29
-28
-1
1
-1
0
3
0
2
-5
1
2:0
16
-17
0
7
-7
1
-1
0
4
-2
2:-1
2:0
4
-4
1
10
5
-13
-3
0
1
-1
4:0
6
-6
5
-5
0
13
-9
-1
0
-3
0
5
-5
0
41
-41
6
885
-891
49
-38
-11
2:0
4
-3
-1
3
-3
0
3
-3
0
6
-6
0
4
-4
2
2:-1
4:0
8
-3
32
-37
4
-4
2:5
-10
0
2
-2
0
1
-1
2:0
3
-3
19
-19
0
1
5
-6
14
-14
1
0
2:1
-3
4:0
1
260
-202
-59
1
-1
0
1
-1
0
1
-1
0
5
0
-5
0
3
-2
2
-3
0
1
51
-51
-1
2:0
13
-7
-5
-1
210
-210
2
18
-18
-2
0
3
-1
9
-10
-1
3
13
-1
-15
4
62
14
-80
2:0
1
-1
2
-1
9
302
-308
-3
57
-57
-1
11
-11
1
11
37
-39
315
-324
1
0
-2
4:0
1
-1
2:0
5
-4
-1
2
-1
2
-3
5
76
-81
0
78
-76
7
-9
2:0
1
-1
2:0
20
-19
31
-32
1
0
15
45
-58
27
-30
0
2
-2
2:0
4
10
-14
2:0
23
-23
2
2:-1
4
6
-10
16
11
-27
0
34
-33
-1
21
27
-48
0
6
-5
-1
1
8
-8
3
26
-29
-1
2:0
4
-1
-3
2
-2
1
2
-1
-2
2:1
137
-139
0
2:1
2:-1
2
5
-7
2
9
446
-456
2:1
-3
8
-8
5
-4
-1
2:0
2
37
-36
0
3:-1
1
0
5
2
-8
0
3
-2
1
-2
0
7
0
5
-8
-4
4:0
10
-9
4
-4
2:0
17
-15
3:-1
0
5
-5
3:0
1
-1
11
-9
3
-3
3
-5
4
-4
1
-1
3
-3
3
2
-1
-4
1
-1
0
3
2:0
-3
2:0
3
0
-3
58
187
-167
-77
-1
0
2
-1
66
-67
8
-6
0
2:-1
3
12
55
-70
1
5
-2
-1
2
18
-23
71
96
-165
-2
14
-14
4:0
10
-8
3
6
-11
1
-1
1
-1
0
9
-6
-2
18
-19
2:0
1
11
-12
0
1
-1
0
5
-5
22
-22
0
1
-1
32:0
1
-1
2:0
2
-2
3:0
end
