v1
824
317
34
188
36
9
159
486
0
27
25
187
52
563
79
72
229
1
43
3
182
19
37
22
28
118
345
197
12
153
482
130
140
237
355
130
29
0
162
72
207
68
451
283
152
501
136
24
413
0
94
300
101
152
206
197
31
51
134
40
710
86
257
79
39
9
148
31
62
242
255
353
86
24
87
17
171
319
112
16
627
63
21
209
59
45
43
98
94
69
57
21
355
28
393
118
135
84
72
65
106
39
85
131
129
79
217
64
121
288
352
4
7
394
275
16
376
197
177
40
71
286
8
404
86
91
4
27
14
8
7
45
38
12
13
18
12
7
19
6
71
5
147
1
118
73
4
5
74
40
5
14
9
5
21
29
30
5
30
38
74
30
97
118
74
11
118
236
7
1
85
88
120
225
160
35
0
329
304
10
39
116
146
138
54
121
141
85
101
41
198
61
146
5
282
129
281
302
28
10
5
24
9
153
229
41
423
38
47
20
175
45
763
41
152
108
71
22
176
136
55
56
31
78
2
368
75
265
110
125
467
44
277
33
226
44
6
36
53
75
57
63
6
7
8
147
323
110
447
162
2
81
20
176
8
36
209
167
40
175
191
8
11
32
290
124
38
100
54
47
0
61
35
54
58
88
153
59
5
20
3
104
94
33
217
7
205
108
0
38
47
29
18
63
38
0
15
102
34
64
28
31406
22
9
85
152
121
61
0
88
76
120
36
8
22
932
220
68
111
71
166
11
7
47
3310
2211
328
381
1172
3764
1376
2464
0
5461
2891
2650
4766
14910
3071
1378
2
4
10
8028
40
7
2
5
3703
943
15
2466
474
4677
11
5
1
121354
3544
1
7716
25
73
9417
32379
32
10
18
4
26
95
46
133
21
32
36
5
81
55297
50
35
74
59
98
9
0
27
18
2
8
29
6
12
55
91
16
27
10
2:1
3
8
2:1
11
728
49
0
36
4
130
4
2
3445
12835
4654
3093
1178
17010
1060
1183
1016
46
1633
0
5
2:11
27
1
3
86
35
59
37
3
1
40
3
51
6
30302
1513
8491
53
11
176
15
85
89
511
125
1
46
41
35
174
7
6
85
202
277
9
2
26
14
15
18
41
103
47
30
25
30
67
106
100
375
50
19
17
15
23
14802
3
150
52
20
1990
9722
2:1
162
1
101
14
41
14
35
13
62
-488430
48
301
220
268
379
39
35
160
256
54
42
409
340
91
51
240
275
39
175
59
266
431
49
330
61
364
306
190
733
75
266
344
704
26
9
34
181
81
9
80
2:121
14
172
0
112
91
18
337
101
129
163
15
5
268
228
210
270
176
171
483
387
74
188
0
404
82
746
0
233
0
218
142
192
765
96
24
154
333
16
383
185
349
182
542
55
0
693
309
50
172
372
11
120
10
34
7
1
48
24
112
11
17
47
43
0
159
0
88
115
0
38
16
111
294
38
231
151
92
57
517
55
221
0
50
0
215
330
0
295
107
374
6
31
199
218
393
1519
64
40
133
32
468
273
177
192
397
30
436
24
118
764
220
28
11
18
8
283
203
170
57
1036
570
0
56
296
51
4
71
157
124
35
116
52
8
22
0
254
0
327
57
40
32
0
72
190
155
334
23
178
45
76
29
0
126
66
115
168
14
32
31103
346
16
140
5
4
0
82
74
181
39
0
7
110
16
64
0
2
0
972
211
432
285
7443
2048
17
686
9647
16434
0
830
9223
11665
0
11
6140
0
920
996
0
1014
3146
7
2:10
0
4948
18465
0
103219
6036
0
2
45
0
38185
3669
35
91
29
54
73
119
82
7166
3762
43632
724
330
157
46
106
5
772
14
18
18805
570
15024
8793
1888
0
414
1
0
133
473
1218
1
16
17
71
94
46
8
21
2:14
77
38928
1818
898
9
31
65
107
0
249
171
269
19
5
284
354
15197
2
1973
0
9880
92
78
135
30
1419779400
499:0
1
323:0
6
2
0
-4
1
10
-10
1
0
2:3
-5
3473
-1994
-1314
-153
-15
3
661
-532
-131
371
-327
4
-44
-5
7
-6
7
-5
96
285
2549
-2766
-163
135
-1
-132
23
-29
6
23
-28
1911
-1862
-46
20
-15
0
-10
3
1685
-1636
-49
12
80
-92
3
308
274
-581
13
-19
2:0
7
-3
6
-8
144
-128
-18
19
-15
19
2994
-3003
2373
-2387
9
33
-41
344
-345
30
-24
4
157
-164
311
-15
-296
-2
-1
84
-84
0
4
-4
42
-37
24
-28
14
38
-53
0
8
-7
108
-105
14
186
-178
-24
-2
347
-266
-62
2
-13
142
-147
9
-11
10
-11
1
-2
5
-1
96
1128
-1214
-1
-5
-7
23
-21
5
-3
17
23
2
-25
-7
602
-533
-81
-2
13
3
42
-56
79
422
-442
709
-762
-5
48
-51
68
-68
3:0
41
308
-332
96
-63
-18
-32
9
0
490
-486
92268
-85382
-6706
-188
16
21
-9
-16
228
-202
-22
-17
28
-21
-9
38
-36
-3
2
90
-93
36
33
302
-356
14
1085
-1110
1
-4
1
-2
0
76
-71
118
83
-206
11
10
-14
842
-754
-89
29
-13
6946
-2356
-4599
-12
0
-1
49
23
-59
116
-87
-21
-13
-8
1764
-1757
28
592
-616
76
61566
-61643
519
-525
12
-6
42
90
-138
722
-726
3
1
85
-54
-24
3818
-3017
-785
-28
4
8
111
49258
-49370
-1
3274
-3278
25
11
220
-260
23
938
-819
5395
-5533
100
-106
2
0
120
-119
0
3
-4
0
31
2810
-2840
0
-1
4
1251
-1236
-18
2890
-2750
-9
-130
0
64
-65
0
187
-167
149
1140
-1296
780
-785
16
-5
21
36
-12
-17
-26
6
51
5
404
-453
379
-305
1489
-1598
2:2
292
2758
-2791
62
300
-595
10
-29
-4
-7
43
-44
1
0
69
-63
635
-627
-12
-2
30591
-30586
-5
4
-1
543
-544
231
-106
5428
-5556
4
236
-158
187
-258
-7
12
294
-219
-87
1128
280
-1407
3
4
52
-46
0
27
-36
0
31
-39
2:1
52
88
-105
-26
23
9
2
-18
-27
2
15
-9
789
-743
524
-573
-4
2
-4
-1
49
-31
-14
13
54
-11
-34
-20
8
-12
73
-74
39
-30
-2
24
11
-2
-28
12
282
-234
-70
19
303
18257
-15016
-3557
113
-117
474
-472
14
53
-35
30
-16
-51
-1
3
24
132
163
-307
26
325
-366
0
276
-228
-35
77
1133
-1221
4
105
363
5038
-5485
20
-44
633
-628
83
-91
0
17
8
-16
66
-58
-11
325
-296
-32
-2
93
-90
7
4
784
-709
449
-532
68
94
-167
6
48
-52
2098
-2105
2
-1
0
-1
2
-2
-1
5:0
2:1
-2
2
-1
1
2:0
1
-3
3
-3
2:1
-2
2
0
1
-1
0
-2
1
0
1
2:-1
0
3:1
-3
1
-1
1
-1
3
-1
-2
2
-2
3
-3
1
0
1
-2
2
2:-1
1
3:0
2
-3
1
3:0
-1
0
1
2:0
2
-1
-2
3
-2
0
1
-1
2:0
1
2:0
1
-2
1
0
1
0
-1
0
1
2:-1
0
1
-2
0
1
3:0
1
-1
0
1
2:0
1
-1
-2
2:1
-2
2:1
-1
3:0
-1
1
2:0
1
-2
0
2
0
-2
3:1
-3
2
1
-1
-2
0
2
0
-2
0
2
-2
2
-1
0
-1
1
2
-1
-2
2
-1
1
-1
0
-1
0
3
0
-3
0
3
-2
0
1
-2
1
3:0
-1
1
-1
1
4:0
1
-1
2
0
-3
1
0
2
-3
2:0
1
2
-2
1
2:-1
3
-2
0
2
-3
1
3:0
2
-2
5:0
1
0
-2
1
-1
2
-2
2
-1
0
1
-2
1
0
-1
1
0
1
-1
0
-1
1
-1
2
-2
2
0
-1
0
2
-2
0
1
-1
2:0
-1
3
-2
-1
2
1
-3
2
1
-2
2:0
1
0
2:-1
0
2
0
-2
0
1
-1
0
1
5:0
-1
0
1
-1
1
0
2:1
-1
2:0
-2
1
-1
3:0
2
0
-1
0
1
-2
1
0
2
-3
3
-3
1
4:0
2
0
-3
1
3:0
2:1
-2
2:0
2
1
-3
76
-75
-1
0
2
-2
0
9
-9
13
4
-13
-4
0
31
-31
1
-1
12
-12
0
10
-9
-1
2:0
2
-2
0
1
-1
10
3
-13
3:0
1
-1
4
-4
0
2:1
-2
0
28
-28
2
2:-1
0
1
2
-2
3
-3
2
2:-1
4
-5
2
9
-11
5
-4
-1
2:0
16
-15
-1
2:0
16
-15
2
-3
0
1
-1
3
-3
4:0
1
-1
2:0
8
-8
3
-3
2:0
5
-3
22
-18
-6
4:0
1
2
58
-61
2:0
3
-1
-2
0
2:1
26
-28
2
5
-5
-2
7
-7
8
-7
1
10
9
-20
2
25
-18
-10
1
2
-3
0
1
6
-7
2
5
-5
0
-2
0
7
-7
0
2
2:-1
31
-29
7
-5
1
-5
1
0
67
-62
1419
-1321
-86
-18
6
-2
4
-4
1
0
-4
0
6
-2
-4
7
-7
1
-1
10
-11
5
-5
44
-35
-5
16
-15
-4
0
2
-3
1
9
-10
0
21
-18
-1
0
-1
15
-13
-3
9
-2
405
-256
-155
0
-1
2:1
7
-7
-2
1
-1
2
-2
75
-74
-1
25
-18
-2
403
-404
29
-31
2:0
5
-3
-4
17
-17
1
0
24
-21
0
127
-2
-118
-9
0
-2
13
621
-631
-1
63
-65
2:1
18
-19
27
52
-58
653
-671
2
-6
0
2
-2
6
0
-5
0
-1
2:5
-9
0
-1
3
105
-107
1
160
-153
2
-11
2:0
2
0
44
-37
23
140
-165
37
-43
4
-1
9
6
25
-44
4
-4
2
17
-1
-18
38
-36
55
-55
0
-2
37
48
-78
3
-10
12
9
-15
-6
2:0
2
3
-4
5
-4
10
-7
-4
0
212
-213
3
2
-4
16
-17
0
12
456
-468
0
8
-3
4
-9
2:0
1
-1
2
1
61
-64
0
3
9
-4
-7
9
-6
0
-3
1
-2
0
18
2:-5
-7
1
20
-15
5
-12
1
-1
6
49
-41
-8
4
-10
3:0
2
-2
3
0
7
-2
-5
-3
2
-2
10
-10
3
2:0
3
-4
1
-3
0
5
-1
-4
6
75
383
-345
-118
9
-10
75
-74
0
8
-9
16
-3
-13
2:0
3
26
64
-90
-2
-1
2:0
6
4
-6
4
16
-23
2
-1
199
257
-456
24
-24
-2
0
15
-15
2
0
-1
6
-2
4
-8
24
-20
-3
-2
2:0
1
4
19
-20
14
-17
-1
18
-18
0
3
-1
29
-31
2:0
1
-1
1
-1
11:0
1
-1
0
1
-1
6:0
1
-1
5:0
1
-1
6:0
1
0
-1
19:0
1
-1
5:0
1
-1
8:0
1
-1
7:0
2
-2
1
0
-1
2
1
-3
3:0
1
-1
2:0
1
2:0
-1
12:0
1
0
-1
13:0
1
-1
1
-1
3:0
1
-1
13:0
2
-2
25:0
1
-1
7:0
1
-1
3:0
1
-1
4:0
2
-2
3:0
1
0
-1
4:0
1
-1
3:0
1
-1
11:0
1
-1
4:0
1
-1
0
1
-1
9:0
1
-1
1
-1
12:0
1
-1
15:0
2
-2
0
2
-2
9:0
1
2:0
-1
2:0
1
0
-1
1
-1
5:0
3
-2
-1
end
