v1
938
55
152
377
238
302
105
52
174
42
586
532
20
57
56
7
15
373
269
211
340
272
447
219
66
321
72
275
302
14
96
39
435
501
435
85
53
495
54
345
21
135
31
225
534
20
242
257
79
196
1157
171
297
25
109
494
288
8
92
54
339
69
57
372
543
321
265
339
28
253
761
11
394
275
16
573
288
294
321
320
28
17
38
43
12
49
8
46
2
147
3
1
118
82
66
8
59
14
31
1
18
30
35
38
19
55
45
82
118
447
173
120
225
90
70
364
28
276
10
33
6
116
284
54
61
60
141
20
207
259
146
58
229
404
6
31
299
15
31
2
153
229
41
423
93
12
175
808
301
93
367
56
109
26
344
75
50
61
408
53
716
33
29
157
40
6
208
19
107
7
8
147
40
393
609
2
101
82
4
98
412
40
175
18
52
121
8
11
32
86
55
222
51
38
100
54
47
61
55
92
88
212
5
23
193
3
2
151
54
42
265
58
132
63
155
34
31493
5
1
21
9
43
95
21
49
29
97
1
172
76
120
36
8
22
1220
92
19
71
104
62
0
18
47
3310
2211
328
1553
1711
1362
2067
8690
2126
2650
4766
14910
925
3524
2
4
8016
62
2835
1840
2453
487
509
4168
11
2
4954
119949
2718
4998
25
73
9417
32411
7
3
22
121
86
47
26
20
89
0
5
54647
703
78
35
74
157
7
2
27
3
54
6
156
18
27
10
1
2:2
8
2:1
11
2
755
14
113
55
16294
4654
3093
1178
17010
575
238
448
904
78
872
1
189
665
436
330
202
2
3
6
45
2
86
34
21
39
9
28
3
1
90
4
6
30302
9786
218
64
176
100
59
666
1
46
0
36
227
207
80
41
236
9
24
18
15
18
41
32
71
93
39
173
124
217
147
37
19
17
38
14802
225
1990
9722
2:1
162
1
101
14
18
10
62
13
62
5
30
-488459
0
30
64
219
52
168
237
177
0
239
9
0
63
56
181
64
141
0
28
14
12
207
1
99
126
2
1
106
4
0
201
58
18
11
118
161
33
27
16
0
23
114
41
6
0
53
0
55
6
7
106
53
38
26
694
0
7
285
5
22
67
140
225
32
248
2:185
0
13
26
210
0
8
87
67
76
99
128
21
105
54
0
67
100
110
34
0
119
57
0
1
42
170
187
393
0
126
34
25
95
0
236
245
53
109
305
150
151
43
9
360
199
232
85
98
59
45
101
65
247
95
55
197
1
68
2
26
64
0
175
299
0
74
192
191
0
254
0
259
9
186
251
82
132
131
175
0
146
112
64
1
70
99
0
111
237
69
11
0
244
30
171
0
326
138
0
97
77
332
165
47
20
34
39
2
428
50
0
64
112
228
0
122
0
48
27
36
417
67
60
16
51
93
103
15
7
59
73
75
14
2
7
2
17
39
1
43
13
12
0
10
13
21
0
30
0
66
117
30
90
17
7
52
3
19
118
31
82
0
33
38
85
0
136
132
182
615
109
303
23
110
289
367
137
154
98
219
101
100
197
154
24
44
0
343
27
52
219
0
285
5
33
23
14
67
17
649
152
67
7
177
816
168
14
278
136
33
60
288
0
40
131
0
37
93
451
150
118
50
155
163
340
8
42
179
53
122
0
63
190
129
69
42
124
111
270
176
87
95
0
63
97
105
10
28
24
112
240
153
0
195
108
44
37
305
165
0
106
50
43
0
18
74
238
0
23
84
107
10
0
59
34
24
9
215
34
0
68
0
20
2:142
85
59
71
50
117
32
31418
47
145
83
3
2:7
115
69
54
13
29
7
1164
81
90
350
105
30
272
9491
9028
1322
2516
705
4218
8202
3
0
790
830
1211
0
2274
972
417
0
2608
3871
16
1375
0
19
8077
2821
887
943
1548
933
985
1012
27
3119
0
1
6
2
6
2
8
2
0
1425
119927
3075
469
1736
6032
41903
2
38
36
207
21
53
0
9676
45743
38
12
82
238
57
50
3
148
9
743
49
40
73
2
0
55
18644
2
0
15595
2004
5238
652
1102
0
2055
0
47
141
1696
2
8
9
3
16
47
5
0
5
0
2
38
37
18
47
18
1
49
26
31846
8800
7
111
2
410
101
213
103
106
74
9
92
15
134
25
2
0
1
223
0
15
24
8
261
2:5
10
4
303
119
25
15
24
148
0
44
73
28
14978
74
1975
9886
26
41
19
45
33
23
49
0
86
1419042600
399:0
1
537:0
87
-21
-40
-4
7
408
-404
-20
3
2710
-2696
376
22
2312
-2700
6
-20
24
5
-38
34
-36
-3
105
-101
414
-411
27
275
-118
-151
-32
189
-196
54
79
-106
16
1
115
-123
852
-825
-45
-18
37
-20
-4
-1
1952
-1762
-185
-13
100
2
-103
606
-607
81
33
-105
63
130
-62
-112
1
-10
8
291
-238
305
-110
-145
43
255
-396
50
-78
1
-4
7
154
-149
117
-68
32
-96
7
24
-28
98
55
283
-428
66
-60
102
-39
2294
-2145
-183
140
-55
-129
20
749
-751
311
-169
-139
76
-70
5
15
283
-234
-98
95428
-95415
5319
-5103
-202
21
-48
2
362
1093
-1302
-121
-33
-1
61
-27
-11
-6
57
-43
-20
2625
-2590
71
269
-66
-262
-59
4
136
4
-130
388
-395
1064
-1064
14113
-12862
-1034
-128
-86
14
75
310
-403
-6
7
-2
2832
-2814
650
-668
74
27489
-27532
679
-713
65
-28
-29
46
732
-788
105
-61
88
403
-508
3620
-1964
-1297
-385
44
-16
-23
104
-41
27072
-27131
6895
-6859
-8
1164
-1183
1816
2151
-3959
12
18
-34
-9
89
-84
1
-6
-2
15
1096
-21
2773
-3871
187
9
-80
-109
23
-28
6
852
-863
408
-393
103
625
-726
686
-701
45
5
205
-254
201
2
-178
415
195
-351
1172
-1104
-340
34
1206
-1243
950
10232
-10954
-213
-26
2
119
-69
-49
3
45
2632
-2660
-22
21
-24
34792
-34788
-3
172
13
-179
262
-47
3939
-4144
42
-28
819
-846
7
-7
152
-156
13
0
455
-466
28
-30
736
-728
80
-86
4
-2
43
-10
505
-530
28
-32
-7
2:0
16181
-16136
597
-556
-4
-68
148
-125
60
-90
105
-101
54
-62
77
-44
-34
-2
1
90
-11
-71
10
-5
16
-30
122
76
-192
-6
15
19
16
-48
23
-12
5
497
17725
-13443
-4772
-15
1083
-1076
10
287
1379
-1648
-28
765
-431
1096
-1435
0
96
341
-429
10
-24
237
2864
-3060
-16
703
2948
-3620
-45
51
-16
9
-59
2
-4
11
-4
67
442
-271
-181
-37
33
-36
392
-329
3094
-3175
55
70
-99
52
242
-64
626
-887
17
-27
0
-2
1
2:0
7
-1
-7
0
-1
3
0
7
-2
-7
6
-8
0
2
-2
9
2:-3
2
0
5
-7
-1
-2
0
2
0
-1
0
9
-6
3
0
-7
0
5
0
2:-2
3:0
2
-1
3
-3
2:0
2
-3
3
-1
9
-9
0
4
5
-11
2:3
-7
4
0
7
-4
-7
1
5
-4
8
-5
-3
2:-1
2
-1
1
3
-4
-1
1
0
3
2:0
2:-2
0
3
-2
0
2
-2
9
-9
-1
8
-8
1
3
4
-6
3
1
-6
7
1
3
-8
5
-1
4
-11
9
-6
3:-1
12
-12
2
2:-1
0
5
-1
2:0
2:-2
0
1
0
2:1
4
0
-7
3
8
-7
0
2
0
5
-11
2:1
-1
0
2
-1
2
0
-2
10
-8
0
-3
0
1
3
1
4
-7
-1
3
-5
2
4
-2
-3
-1
7
-5
2
0
-3
0
2
-2
4
2
-1
-3
7
-9
7
-4
3
-7
8
-7
10
-6
-4
4
-1
3
0
-2
0
4
-7
0
3
2:-2
0
2
-2
5
2:-3
2
2:-1
1
2
-1
3
-5
2:0
2
3
-1
0
4:-1
9
-5
-1
6
-6
-3
5
-3
1
8
-4
-6
2
3
-3
-2
0
9
-10
3
1
0
-2
-1
8
-9
2:3
-3
0
5
4
-3
2:-4
0
2
3
-2
-3
4:0
-1
0
8
-4
0
1
0
-2
-1
5
-6
1
0
-2
8
-6
0
4
-4
2:0
-1
2:2
-2
3
-6
2:0
6
-5
3
-3
2
-2
2
9
-12
0
5
-3
3
-3
4
-4
0
4
-5
2:0
2
1
-3
0
5
-3
2
-4
0
2
-3
8
-7
1
-1
0
3
0
-1
-3
5
4
-8
1
-1
2
0
1
2
-1
0
1
5
-8
0
3
5
-8
-1
9
-7
4
-6
-1
8
-3
-4
0
5
0
-7
1
0
9
-10
0
3
9
-8
0
-3
1
-1
2:0
1
0
2
2:0
6
-9
8
-4
2
-6
1
2
1
-4
1
5
-4
5
-7
8
3
-10
-1
9
-9
-1
6
5
-11
8
-8
4
1
5
2
-8
2:0
6
-7
9
-9
9
-3
-9
1
-1
5
-2
4
-5
2:-1
2:0
1
2:0
2
0
3
-4
2
0
-4
0
2
-1
7
-6
9
-11
1
7
-7
1
-1
2:0
5
-6
1
2
-1
6
-5
7
-9
11
-1
-8
-3
9
-7
1
0
2
3
-6
3
-3
-1
5
2:-2
0
7
-8
0
2
-2
3
5
0
-5
7
-8
2
-4
6
0
4
-9
-1
3
-4
6
-1
-3
5
0
-4
2
-2
6
-9
5
-4
0
4
2:1
2:0
-1
12
-9
-3
0
91
-91
2
12
7
-19
7
-9
0
2
-1
5
-5
-1
10
-10
3
-2
-1
2:0
2
3
13
-18
0
10
-8
-2
2
1
-2
2
11
-7
-6
4
0
-3
2:-1
10
-9
-1
5
1
-6
2:0
7
5
-9
0
-3
11
-8
2
-3
-2
2
-2
21
28
-38
-8
-3
4
52
-56
4
-2
0
51
-47
-4
12
-9
2:0
-3
-1
2:12
16
-40
3
-2
1
-3
2
10
-6
6
-7
-1
1
-5
0
10
8
-12
-1
5
-10
7
58
-63
8
1485
-1495
93
-66
-16
-7
-4
4
3
-6
0
16
-15
-1
10
-8
-1
0
11
-7
-4
76
-67
2
2:-5
-2
4
-3
25
-2
-23
7
-5
-1
0
494
-434
-58
-5
2:0
9
7
-12
-3
1
0
67
-66
37
-32
-6
224
-218
38
-40
-2
0
2:-2
25
-24
29
-25
-5
15
-11
118
-4
-106
-12
0
3
1
2
11
551
-564
120
-124
5
39
-20
58
539
-618
-2
4
-4
6
-5
1
25
-21
3
-7
162
-160
149
-154
14
-2
-11
1
-2
1
2
33
-36
59
-51
20
144
-164
48
-52
-3
13
24
-37
48
0
-41
-6
11
33
-11
10
-45
6
83
-88
50
77
-117
-9
4
0
51
-54
-3
1
3
0
-4
0
1
2
207
-209
3
15
-19
2:0
19
623
-641
7
-5
25
-28
9
-9
8
-7
1
0
39
-39
-1
4
-2
9
-1
-9
11
-12
-1
5
17
-21
29
-25
-2
-3
4
432
-434
51
-44
0
-7
13
-14
4
-4
13
-4
-3
-7
6
1
-4
-2
-1
12
-10
-1
4
-4
6
-7
7
4
-6
-3
1
5
-6
-2
1
8
-3
127
472
-375
-221
-7
259
-259
-2
15
4
-12
-6
1
34
126
-154
0
-7
7
-8
11
-10
15
31
-46
1
140
89
-226
-2
21
-22
11
-11
-2
0
3
9
-8
10
-3
-10
3
-1
0
15
-7
49
-60
2
21
-19
-2
19
-14
52
-54
-3
-2
5:0
1
-1
5:0
4
-4
6:0
1
-1
2:0
1
-1
23:0
34
-34
3:0
1
2:0
-1
5:0
1
-1
4:0
3
-3
2:0
1
2:0
-1
8:0
2
2:-1
10:0
2
-2
0
1
-1
4:0
2
-2
3:0
1
2
-3
2:1
-2
1
-1
3:0
1
-1
19:0
1
-1
3:0
1
-1
6:0
1
0
-1
2
-2
4:0
2
-1
2
-3
4:0
1
-1
11:0
4
-4
3:0
2
-2
4:0
1
-1
3:0
1
-1
0
1
-1
9:0
1
-1
6:0
2
-2
18:0
1
6
-4
-3
2:1
-2
2:0
4
-4
1
2:0
-1
4:0
1
-1
2
-2
5
-5
1
-1
4:0
1
-1
5:0
1
-1
3:0
1
0
3
-3
-1
2:0
4
-4
0
1
-1
1
0
-1
2
-2
0
2
-2
2:0
2
-2
0
1
-1
2:0
1
-1
3:0
1
-1
3
-3
0
1
-1
6:0
2
2:1
-4
3:0
1
-1
1
-1
6:0
2
-2
2:0
1
-1
4:0
4
-4
0
3
-1
-2
2:0
7
-6
-1
7:0
1
-1
0
1
-1
1
0
-1
13:0
6
-6
3
-3
3
0
-3
1
-1
2:0
1
-1
2:0
2
-1
0
1
0
-2
0
3
-2
-1
1
0
-1
0
1
0
-1
2:0
2
-2
5
-5
9
-5
-4
1
-1
1
10
-11
0
2
-2
7:0
1
-1
6:0
3
-3
0
2
-2
1
-1
2
2:-1
8:0
3
-3
2
0
-2
0
1
-1
2
0
-2
5:0
3
-3
8:0
4
-4
1
-1
1
-1
11:0
3
-2
-1
1
0
-1
5:0
end
