v1
859
207
1074
802
88
22
499
56
50
614
823
580
152
391
2
179
547
177
493
266
573
915
391
58
328
61
54
216
79
50
758
461
564
27
259
172
201
293
296
146
147
61
131
126
873
42
135
327
214
249
217
64
772
394
106
169
7
9
157
364
12
40
582
281
40
264
107
32
35
12
8
56
199
1
118
73
9
74
59
64
30
35
38
3
54
262
447
173
120
225
211
313
304
10
33
4
2
116
284
54
121
141
85
401
146
272
15
410
330
46
2
83
70
229
41
135
1376
301
214
246
24
32
109
2
66
302
75
50
6
911
44
31
246
265
38
42
128
126
15
147
433
447
449
360
52
40
160
15
191
8
11
32
452
100
54
108
35
200
153
59
5
20
3
193
5
451
61
58
132
63
189
31498
22
9
204
86
44
173
76
120
8
28
30
1152
68
111
71
166
11
7
3357
2211
328
1553
5140
7580
3236
2650
4766
14910
4449
2
4
10913
882
943
15
4490
3136
2
5
124900
7741
73
9417
32421
22
207
182
5
55463
74
157
7
2
27
57
6
29
145
2
25
12
3
9
1
11
17233
4079
575
3093
1178
9030
7980
2243
454
608
1633
2
3
6
5
42
86
94
9
28
3
1
43
47
10
40306
64
176
825
1
82
227
85
202
41
94
142
9
42
15
18
41
103
77
1
54
648
50
19
17
38
14802
225
11713
1
162
67
35
14
28
7
55
75
35
-488614
97
378
10
13
190
298
83
0
31
74
0
86
105
48
26
264
60
64
0
28
5
3
46
102
81
77
133
40
218
20
38
13
25
48
11
146
260
275
7
106
399
55
343
14
7
10
217
85
77
387
28
306
297
26
11
69
60
153
12
67
324
10
7
62
14
129
122
126
119
82
43
100
132
71
137
30
188
29
93
63
22
28
26
139
0
187
10
172
2
22
18
46
24
75
0
16
12
6
309
110
143
176
12
189
142
21
58
0
57
29
110
178
22
135
45
101
65
44
35
93
75
117
143
88
81
71
15
12
305
25
91
19
15
48
26
8
15
160
0
200
254
335
282
10
78
345
28
33
77
73
110
79
33
88
85
19
134
19
24
238
55
274
189
195
113
235
0
77
163
169
125
87
50
43
480
119
11
32
187
38
0
17
0
52
312
49
237
67
220
125
207
1
14
24
3
33
63
18
2:19
23
8
46
2
3
0
14
117
13
17
87
10
85
71
48
5
31
29
20
33
87
55
127
192
11
20
71
264
0
85
149
269
44
76
62
35
11
346
2
68
222
226
291
418
100
0
197
154
24
289
98
27
271
14
163
8
138
277
0
51
442
114
85
20
175
317
683
7
173
2
20
176
179
17
15
17
311
0
56
0
42
379
0
371
196
93
144
11
177
114
29
209
64
25
38
37
57
38
15
61
114
81
158
125
102
342
0
265
10
2
81
20
98
146
0
185
16
436
141
74
37
46
5
159
68
27
29
236
3
31
0
22
6
91
38
20
52
228
152
69
0
23
35
172
222
127
15
113
41
0
5
0
20
38
23
9
45
34
23
35
76
15
31401
11
4
64
16
178
22
4
72
61
23
126
39
7
156
34
974
57
24
13
0
50
190
263
37
13
10475
4531
4115
4222
12423
790
5704
2608
1741
872
2668
0
8064
13
5
9
4671
0
1514
1407
4669
8
17
2
1425
3523
11948
104456
11261
51
4
2
12123
26107
3646
21
2
28
7
39
20
29
32
10
4
113
20
72
27
11
71
0
54560
0
731
9
41
305
20
52
53
30
62
1
13
7
33
3
2:4
2
66
3
71
601
7
22
14
18
101
44
5
14
3445
15192
566
22926
661
238
247
1641
414
1
143
711
436
330
0
203
0
3
6
9
8
9
20
0
1
50
9
52
35
4
48
18
29
8
9
30
24
2
30306
1513
8800
31
87
2
49
462
139
33
41
0
91
105
3
10
324
115
169
2
4
238
36
2:5
75
137
72
28
31
476
50
14971
1975
13
9854
19
131
6
10
3
9
24
1
48
28
24
15
23
1419097200
299:0
1
558:0
263
-231
4403
-2573
-1834
354
7873
-8051
42
791
-976
67
-83
-5
2:-3
185
-76
336
-327
-106
995
-925
-26
-42
7
-35
8
55
51
-115
0
222
-211
142
-101
-10
588
-409
-214
11
310
81
-81
-304
-2
700
-624
-85
81
307
506
-489
-381
-8
-24
-6
62
-36
313
90
-285
-106
-31
-7
10
75
-13
2053
-2108
-14
1905
-1811
-38
-48
396
-317
-50
59
-58
171
-97
1049
-1153
60
121
-156
3
-8
13
581
-625
227166
-226396
-247
11562
-11918
-156
45
-54
13
1
99
-110
4
50
-53
288
-278
125
-12
-120
45
800
-803
0
474
-367
702
-854
3
-5
11
40
11792
-6700
-5124
10
258
-290
13
42
-56
1
0
2858
-1456
-1177
94987
-94831
-379
199
-110
-84
63
-65
39
5
15454
-14762
-672
-59
106
75336
-69337
-6113
462
-461
31
1235
-1170
3041
-3138
51
-47
19
10
3
-3
1505
3499
-4990
78
-124
5
101
59
204
-225
-142
969
284
-1028
-231
65
7
116
-148
-15
85
-40
748
-522
1026
-1274
883
3737
-4604
57
-99
28
-33
227
-233
8
193
-192
164
46179
-46326
142
53
-186
5303
-5217
949
-1078
87
508
-582
2642
-2511
-138
-4
328
-322
38
112
-151
16
-26
2
3222
-3026
-173
13
566
-200
-392
59
-69
2
10
34
62
-88
33
-2
-43
1207
-1209
4528
-4499
-32
-2
185
21053
-13945
-7256
-25
851
-730
-97
-34
173
307
10
-177
-245
-36
-29
11
74
1636
-1647
581
25209
-25871
37
644
-595
-62
999
-1011
248
-256
422
-397
16
919
-910
394
-445
67
65
-120
-8
775
-461
-48
-290
11
-11
2
-4
8
-6
3
-1
-3
4
0
-5
0
5
-4
1
0
3
0
-5
2
-1
1
2:0
4
-4
2:1
7
-10
7
-6
-1
14
-14
0
8
0
-7
0
-2
0
2
-2
0
1
0
2:3
1
-2
-5
9
-8
0
6
-7
5
-2
-3
15
-15
-1
4
-2
9
-8
4
-1
-6
2
13
-8
-3
2:-2
1
0
-1
8
-6
-2
3
0
5
-7
3
-3
2:1
-1
12
-13
0
-1
2
0
-2
4
3
-3
3
-7
17
-15
7
0
-5
-2
11
-8
-4
10
4
-11
-3
2
-2
1
-2
4
2
-5
2:3
-6
-1
12
-8
-4
1
6
-6
7
-2
-5
2
0
-3
3
-2
5
-4
1
11
-12
2
-4
14
-5
-3
7
-11
2:4
0
-10
1
4
2
-6
1
-1
8
2:0
-6
0
1
0
-4
0
1
3:0
3
-4
5
3:0
10
-4
-7
-1
10
-9
4
2:-3
3
11
-11
9
-10
-2
10
-3
2
-3
-1
7
-5
0
-1
-6
15
-12
-5
4
1
-5
1
6
2:-3
0
-1
2
1
3
-5
15
-7
-4
-2
2:0
-3
4
-4
3
7
-2
-4
0
-2
6
2
-10
0
4
-3
0
-1
4
7
-6
5
-9
2
5
-8
0
11
-8
0
-2
1
13
-10
-3
4
-4
-1
5
-6
1
3
2:-2
2
2:-1
3
0
-2
0
4
-4
0
1
4
2:-2
8
-10
13
-1
4
-7
-5
7
-10
13
-10
-1
15
-10
4
-10
10
-11
4
0
-1
-2
10
-8
2:-2
3
2:0
-2
6
-4
-2
2:0
2
1
2
-6
17
-17
6
-1
0
-4
12
-13
2:5
-10
0
9
-4
-1
-3
0
11
-12
1
2:0
2
3:0
-1
8
-10
14
-14
2
6
0
6
-14
1
0
13
-12
-1
10
-8
-2
0
-1
3
0
4
3
-2
-5
-1
7
-6
2
0
-3
15
-11
-6
3
-1
6
-5
-3
5
8
-12
1
2:4
-9
0
1
11
-8
-3
3
0
-5
4
-2
1
8
-7
5
-7
2:0
15
-11
-4
2:0
1
9
1
-11
3
5
-6
-4
6
-3
3
0
-2
0
-4
3
-2
2:0
2
0
-2
7
2
-7
-3
18
-18
1
4
-4
1
-2
10
-1
0
-8
7
-6
-2
0
2
-1
11
-4
-6
0
-2
2
5
-7
1
-1
6
1
4
-6
-4
0
1
-2
12
-9
2
0
-2
0
-1
4
-5
3
-3
2
0
-3
0
9
-9
3
-1
-2
2
-2
2:1
5
0
1
-1
-3
-4
0
10
-1
4
-11
7
3
-9
0
3
-6
8
-3
8
4
-6
-10
3
2
-4
8
-3
-7
17
-16
16
-10
-5
1
2:-1
12
-3
-8
1
3
-5
7
-7
-1
8
5
-12
-1
12
-2
4
2
79
-82
-2
15
-2
-8
-1
13
-17
9
-9
4
-4
3
-3
2
10
-8
-2
36
-38
3:0
2:2
-4
3:0
22
-22
7
-5
0
-2
13
-13
0
14
-9
-5
4
-4
2
-2
5
-4
2
4
26
-33
15
-15
2
2:-1
2:0
55
-54
-1
5
-4
33
-33
-1
3
-2
2
11
10
-23
34
-23
-9
4
-5
10
-7
-4
2
9
16
-25
-1
4
-5
85
-78
1453
-1460
-1
82
-52
-24
3
-4
-3
7
17
-20
-6
8
-5
3
-2
23
-25
12
-4
8
-18
13
21
-34
10
-9
7
-2
-3
-2
535
-389
-141
-6
1
6
-7
11
-7
-3
3
77
-46
-32
381
-352
-26
17
-22
1
23
-25
9
-3
124
-11
-109
-9
13
645
-546
-113
31
-28
16
72
-89
650
-647
1
-5
2
25
-23
4
170
11
-185
9
-12
3
22
25
-45
26
-33
159
-114
-41
-1
8
20
9
-40
8
-4
32
-5
21
18
-70
42
58
-91
1
2
30
-38
-4
3
1
4
-8
3
243
-245
22
-23
5
458
-454
3
-8
1
58
-55
13
-4
-13
4
3
-1
2
-12
21
-21
5
-2
157
-106
-44
-2
8
-16
10
5
-12
0
3
7
-13
10
-3
-4
-3
2
-2
10
-9
2
1
76
408
-353
-130
4
151
-151
-3
2
37
92
-137
12
-6
10
-14
-2
14
15
-28
142
253
-394
23
-25
5
10
-11
6
-5
5
25
-30
-3
10
-7
20
-25
0
19
-19
1
5
29
-31
-4
4:0
1
-1
3:0
2
0
-2
0
1
-1
7:0
2
-2
0
1
-1
1
-1
1
-1
3:0
4
-4
2:0
30
-30
9:0
1
-1
2:0
1
-1
6:0
4
-4
3:0
2
0
-2
18:0
1
-1
3:0
1
-1
6:0
1
-1
2:0
3
-2
-1
0
1
-1
0
2
-2
2:0
1
-1
1
-1
3:0
1
-1
2:0
1
-1
4:0
4
-4
8:0
1
-1
2:0
1
-1
3:0
1
0
-1
1
-1
3:0
1
0
-1
3:0
5
0
-5
0
1
-1
13:0
1
2
-2
1
2:-1
0
1
-1
2:0
3
-3
2
-2
2
5
-2
1
-4
-1
0
-1
2:2
-4
2:0
1
-1
0
1
-1
4:0
3
-3
0
2
-2
5:0
1
-1
1
4
-4
-1
1
-1
2
-2
2:0
1
-1
5:0
3
-3
1
2
-3
6:0
4
2:-1
-2
2:0
1
-1
0
1
-1
6:0
1
2:0
-1
2:0
2
-2
0
2
-2
4
2:-2
2:0
2
-2
3
-2
0
5
-6
5
-4
2
-3
4:0
2
-1
0
-1
1
0
-1
0
1
-1
4:0
1
-1
4:0
1
0
-1
2:0
1
-1
2:0
3
-3
3:0
3
-3
8:0
1
-1
3:0
5
-5
2:0
1
-1
1
0
-1
1
-1
3:0
1
-1
0
4
4:-1
1
-1
0
1
-1
4:0
2
-2
0
2
1
-3
1
3
-4
3:0
9
-9
0
1
2:0
-1
2:0
2:2
-3
0
-1
3
-2
0
-1
2:0
1
3
2:-2
0
3
-2
-1
3:0
3
-3
0
1
-1
7:0
2
-2
0
9
-9
5:0
4
-1
-3
0
1
-1
2:0
11
-11
2
-2
4:0
1
-1
2:0
1
3
2:-2
2:0
4
-4
2
2:-1
4:0
1
-1
0
2
-2
0
1
-1
12:0
1
0
-1
0
1
0
3
-4
0
3
-1
0
-2
0
1
-1
4
-4
0
2:1
2:-1
3:0
2
-2
1
-1
3:0
2:1
-2
8:0
3
-3
0
2
-2
end
