v1
890
1229
854
609
17
39
21
29
118
221
314
230
259
979
207
678
282
404
21
1084
495
586
333
319
107
519
368
1287
1690
90
376
667
7
366
1871
275
589
1167
27
29
83
25
18
134
334
66
161
92
300
1379
110
314
39
116
284
316
85
101
297
436
156
248
336
15
31
2
83
299
41
521
14
1277
93
367
167
66
115
93
94
11
64
50
930
22
495
136
128
126
7
8
147
433
692
204
415
71
141
191
8
11
484
154
108
235
153
64
23
193
5
257
445
63
189
31493
5
268
97
173
76
156
8
22
1152
179
71
184
47
9
5840
1553
5140
10816
2650
19676
12547
4661
2453
5173
2
132646
73
9417
32418
21
4
300
89
5
54647
731
132
86
134
56
1
6
213
1
11
1
14
21884
3093
18188
575
4390
28
3
86
94
9
28
3
1
65
25
10
40306
309
756
1
309
287
277
9
24
4
29
18
246
216
15388
229
1986
9723
163
1
143
62
13
62
-488525
102
22
64
256
22
3
6
159
16
206
15
276
4
21
34
50
55
14
34
78
0
190
174
5
3
46
207
149
0
143
1
151
155
642
46
77
147
131
134
186
102
128
19
88
197
5
143
121
31
8
206
81
98
132
19
18
91
34
0
161
72
88
133
79
76
105
1
46
124
35
83
58
18
4
19
153
64
8
41
6
154
18
135
122
66
172
83
52
43
61
92
42
50
26
304
16
25
21
33
102
119
97
6
34
309
40
61
91
25
28
24
43
9
166
6
330
51
145
178
98
104
336
34
43
260
240
35
87
61
111
38
96
38
16
0
48
26
23
88
185
8
71
29
344
11
87
59
63
0
4
213
65
4
461
110
58
15
286
42
69
393
296
88
79
36
0
108
26
111
2
15
11
93
235
141
275
158
113
29
72
59
69
228
454
52
201
30
81
49
172
65
8
59
19
31
25
0
197
66
7
166
0
9
74
16
17
6
63
7
10
3
17
0
2
8
9
16
1
7
0
2:1
20
4
21
2
3
21
117
4
2
3
1
60
41
2
0
15
2
71
83
45
2:14
32
18
35
30
3
38
34
20
17
127
392
19
81
65
39
38
9
7
85
3
54
66
34
60
131
134
61
146
85
196
49
0
96
19
42
242
27
127
107
52
69
35
12
321
90
108
61
90
12
44
5
53
44
314
281
31
271
38
105
2:86
493
0
114
38
55
12
52
0
7
33
5
78
9
1
40
662
96
15
177
40
111
34
7
322
60
0
45
6
109
26
284
11
350
39
110
3
233
171
66
23
96
44
19
0
29
8
106
0
14
101
33
29
63
84
48
2
6
0
6
21
17
51
38
94
38
271
2
173
102
6
111
333
113
162
103
77
5
36
64
2:66
42
0
57
16
70
137
245
172
80
6
27
18
0
20
139
73
51
50
88
101
53
6
8
34
87
20
52
248
25
96
11
92
52
66
35
54
80
91
3
177
14
0
3
37
45
93
39
16
74
43
126
31
31376
21
9
12
31
112
49
4
82
44
24
0
6
7
25
23
69
53
4
39
7
112
8
990
54
64
17
63
4
86
225
61
62
15
331
2688
341
2211
2
323
1542
2384
703
691
1372
10805
4210
3221
4989
793
830
0
3485
1389
423
13
2172
1255
486
872
1274
0
1378
2
14
8064
12
1
2812
14
882
943
34
1514
933
474
509
0
2
1039
3119
1
6
2:1
16
1427
3523
531
19729
83046
13098
1
3543
1
1735
5973
59
51
41792
0
32
0
10
20
28
7
39
20
19
52
4
40
52
21
1
72
46
11
7239
3760
24702
19661
17
33
35
12
55
7
60
97
7
2
44
1
57
20
59
66
17
27
10
5
1
5
2
13
2
733
22
14
2:6
33
0
1
16416
2931
5994
9030
8793
247
1183
454
421
141
46
0
124
293
248
436
532
2
1
2
4
2:1
5
1
19
18
48
3
2
30
0
17
0
24
15
10
4
62
0
41
3
6
3
51
5
30303
10068
176
159
39
674
41
9
5
89
162
42
92
134
264
19
21
74
103
47
31
10
5
39
98
175
425
19
17
36
2
8
22
14764
233
1977
9735
2
146
3
115
14
18
1
16
72
63
23
7
1419749400
199:0
1
689:0
42
5018
-4481
-314
592
-832
-2
5
-7
19
-19
6
16
-17
2
-6
1383
-991
-384
2
1089
-1082
238
-59
-174
504
1003
-1524
10
364
-379
0
6
389
-134
68
-324
12
-15
255
-255
17
-3
217
-226
15
1
336
-357
231
67506
-60807
-6744
-178
303
-314
7
0
230
-233
6
186
-194
245
42
2268
-2554
258
-235
-25
677
-676
519
-501
4
-24
18
8460
-8467
1434
-1199
-246
25
-26
4
1517
-897
-615
171
26251
-26078
-327
805
-817
2:-6
13
2003
-1281
-364
15477
-13170
811
-3488
580
3292
-3849
202
-201
5582
-5602
1620
-508
5034
-6139
199
77
-284
1342
-880
206
-674
14
-8
0
15
259
839
-679
339
-413
1687
-2032
808
-607
-221
3
27907
-27614
-69
6418
-6630
165
1176
-1105
5434
-5080
-104
-502
24
235
-244
-12
14
215
-228
11
179
-191
662
-150
-502
-2
456
-455
814
-300
-499
-9
-16
1800
10713
-8292
-4220
0
1241
-986
-232
544
3228
-3778
-11
353
1369
-1713
-15
621
597
-1212
-4
11
-11
10
1867
2407
-4275
-8
566
14875
-14829
-636
1
4
9
-15
10
-11
2
6
2:-3
-2
3
2
106
-111
5
-3
2
4
-7
0
3
-4
7
-7
5
2
-6
0
4
93
-96
181
-182
1
16
-12
-4
16
-7
138
-147
-1
1
8
-6
8
-11
117
-106
-10
2
7
5
-14
0
10
-11
0
91
-83
-2
-5
0
3
-3
1
13
-16
1
2:3
-3
1
-3
11
-3
-4
74
-79
12
-2
-8
5
78
-85
72
-73
12
5
-13
8
-5
4
-6
11
67
-71
-5
-7
19
-10
1
103
-109
2
-6
4
0
140
-130
-11
9
-8
-3
7
-5
3
-3
2:0
14
30
-45
18
-20
123
-111
7
-16
-3
0
63
-62
0
1
16
-15
0
1
-4
0
95
-90
14
100
-114
-4
0
2
85
-85
3
-4
-2
0
13
59
-59
-12
4
-2
2
87
-91
2:0
6
2
-6
0
105
-95
-4
-9
104
-95
-5
7
-10
10
-4
0
-5
5
71
-75
168
-170
-1
2
60
-3
-54
12
-11
2:0
13
-14
-4
0
3
52
-54
0
4
-3
1
0
-3
2:0
2
0
1
-2
48
-49
0
16
-10
-6
2
4
8
-6
-8
1
7
11
-2
36
-54
4
2:0
111
-115
3
50
-40
-1
85
-47
107
-139
85
-100
-2
-1
16
40
-44
-9
-1
8
1
-9
-2
17
-17
0
14
-14
117
-115
2
71
-55
-17
-1
-2
1
3
0
-4
20
118
-136
0
-2
15
-12
2:0
-2
178
-175
0
57
8
-67
14
-10
2
-8
59
-57
11
-10
15
-18
87
-85
4
0
-3
5
-5
8
-7
2:0
-4
1
6
0
6
-8
0
91
-96
1
0
-1
0
2
-1
2:0
10
-11
71
-15
-48
4
-10
5
-3
-1
1
-3
1
-1
129
-115
-9
0
1
2:-3
0
1
145
-132
0
-9
14
-17
4
-1
0
5
0
9
-18
7
4
2
-7
-5
-1
-2
12
-10
0
18
-15
61
-63
4
-6
3
4
8
-15
0
17
-13
-3
79
55
-87
-42
-7
1
3:0
1
0
11
-6
142
-130
-12
-2
12
-12
-4
86
-87
19
171
-188
8
2
-11
0
12
-2
2
-11
0
1
3
0
-4
-1
1
10
-10
-2
6
7
-13
13
-11
156
-40
-115
123
-109
-10
-5
9
165
-175
0
-1
7
-5
-2
1
2:0
64
-64
57
-53
4
-7
5
-5
0
1
6
2:1
176
-182
-2
1
46
136
-131
-51
-4
0
11
-7
-3
7
-6
172
-157
-12
-1
0
2:-1
4
-5
2:3
2:2
-10
0
11
109
-121
1
6
-5
-2
73
56
-126
-1
-2
14
1
-14
0
2:1
-1
14
-16
51
24
-64
4
-11
2:-2
17
49
-64
13
106
-121
0
11
-8
-2
3:0
55
-53
10
2:-5
2
-2
-1
4
6
-9
13
-8
12
-5
33
-37
-3
-6
18
-18
10
55
-60
2
4
-13
106
-96
0
-7
0
9
-7
-1
0
96
-96
49
-41
-7
-3
7
46
-47
-7
156
-157
0
3
1
2:0
84
-86
3
0
4
-3
84
-87
8
114
-121
0
-3
-1
11
115
-64
-42
-18
17
-5
-11
0
11
-4
-10
5
0
-3
2
-3
0
5
0
2
-6
4
-5
2:0
-1
3
-2
62
-47
-13
5
78
28
-111
-2
6
-7
2
3
-3
2
137
-139
4
-2
-3
48
17
50
-101
-8
-1
3
2
-11
14
-4
5
52
-67
108
-106
-2
0
10
-5
53
21
-76
1
9
145
-148
66
-72
2
13
-19
2
2
93
-84
-9
18
-19
3:0
1
-1
2:0
1
-1
4
-2
-1
1
0
6
-8
0
3
4
-4
-3
0
2
1
2:0
-2
29
-24
-6
6
-3
2
47
-51
6
-4
20
-23
5
-3
19
-18
52
1359
-1315
-80
-13
0
-4
5
-6
12
-13
1
23
-16
-8
54
-53
12
-2
-11
1
34
-31
11
-5
-9
2
1
399
-403
56
-50
-6
1
6
-3
73
-49
-19
-8
215
-172
-33
23
-32
2
2:1
124
12
-139
533
-433
-80
-21
88
653
-736
7
-9
4
-3
106
-111
172
-171
33
14
-46
146
-144
16
-19
9
-1
-4
-2
-4
21
4
23
-1
47
-90
-3
9
-8
0
175
-177
21
621
-638
3
10
-16
11
37
-49
2
-1
3
-3
0
10
11
-20
4
19
-20
-3
8
-4
-2
0
-2
7
-3
-5
8
-7
94
331
-210
-216
3
170
-153
-19
41
167
-204
0
13
12
-28
-1
162
-1
-159
-4
3
-3
1
13
30
-43
0
8
2
35
-46
2:0
2
-2
9:0
5
-5
1
-1
8:0
1
-1
3:0
1
-1
8
-8
28
-28
2:0
2:1
2
-4
2:0
2
2:-1
0
5
-5
0
1
0
-1
2:0
1
-1
0
3
-3
1
-1
8:0
1
-1
4:0
4
8
-12
2
-2
6:0
5
-3
-2
2:0
2
-2
1
4
-4
-1
3:0
1
9
-10
1
-1
2:0
2
-2
1
0
2
-3
2:0
1
-1
1
-1
1
-1
1
4
-5
13
-13
0
2
-2
0
5
-5
2:0
2
-2
4:0
8
-8
0
9
-9
2:0
1
10
-10
-1
1
-1
3:0
1
-1
0
1
-1
4
-4
3:0
2
-2
0
1
0
2
-3
10
-10
7:0
1
-1
0
3
-3
2:0
36
-32
-4
3
-2
0
-1
1
0
-1
2:0
1
-1
2:0
1
-1
8:0
10
-8
0
2
-4
2:0
9
-4
-5
3:0
6
-3
6
-9
0
1
0
24
-25
1
3
0
-1
-3
1
0
-1
3
-3
2:0
1
3
-3
-1
2:0
1
-1
0
2
-2
0
2
-2
7
-7
2
6
-8
8:0
4
-4
4:0
3
-3
4:0
13
-13
0
5
-4
-1
0
4
-4
2
-2
1
-1
9
-9
1
0
1
-2
0
3
-2
0
-1
2:0
2
-2
3:0
20
-20
3:0
1
-1
3:0
2
-2
3
-2
-1
3:0
1
0
-1
4:0
2
-2
6:0
7
0
-5
-2
7
-7
0
2
0
-1
4
-5
0
3
2
-5
1
-1
2:0
1
-1
0
4
-2
5
-7
3
-3
2:1
-2
3:0
1
-1
33
-27
2
-5
-3
5:0
1
2
-3
20
-16
-3
-1
3:0
4
-4
16
-9
-6
5
-5
-1
0
2
2:-1
1
-1
0
4
0
-4
2:0
2
-2
2:0
7
-7
3
-3
10
-2
-8
3
-3
1
-1
6
26
-32
2:0
1
0
-1
5:0
19
-18
-1
1
0
-1
1
-1
1
-1
1
62
-63
1
-1
1
30
-31
2:0
1
4
-4
-1
2:0
10
-10
1
-1
2:0
1
-1
0
1
-1
1
2
-3
0
9
16
-25
2:0
4
-4
1
11
-11
-1
2:0
2
-1
0
-1
0
1
0
-1
4
-1
1
-2
1
-3
2:0
1
-1
6
23
-29
0
3
-2
-1
3:0
4
-3
0
1
-2
1
-1
0
2
0
-2
2
0
2
3:-1
0
-1
2
-2
2
8
-9
-1
4
-4
13
-11
0
-2
2
3
-5
2:0
16
-16
9
-9
2:0
3
2
-3
-2
4
-3
-1
4:0
6
-6
0
2:1
0
8
-10
1
4
-4
0
-1
0
1
9
5
-11
-2
1
-3
1
-1
0
2:1
-2
2:0
1
-1
3:0
1
-1
3
-3
5:0
7
-2
-3
-1
16
2
-18
-1
6:0
12
-11
2
-3
0
1
3
8
-8
-3
0
2
4
-7
1
5
-4
16
-18
14
-14
2:0
1
-1
5
1
-6
2:0
15
-14
-1
1
-1
1
-1
0
end
