v1
969
494
45
36
168
489
49
86
101
26
327
143
119
274
106
152
20
57
56
22
28
312
572
3
119
261
170
140
297
295
159
60
76
26
50
22
132
42
101
398
53
34
67
76
192
66
59
9
266
167
360
160
53
70
208
203
14
345
54
21
135
31
117
74
34
63
286
37
10
130
8
20
156
86
194
8
55
275
31
62
183
59
146
109
160
193
110
104
171
259
38
134
273
221
212
230
339
69
57
175
698
42
135
219
2
145
85
339
238
164
288
356
7
394
275
16
212
164
197
217
71
294
585
26
1
14
15
9
3
33
6
19
13
25
18
4
8
2:13
23
8
46
2
3
11
106
27
3
1
2
116
73
9
62
4
8
40
5
14
46
18
50
15
3
35
19
37
1
17
245
203
184
59
1
78
95
120
225
160
35
140
189
98
206
10
39
116
284
54
121
141
85
101
41
90
166
3
146
287
410
17
14
271
28
10
5
31
2
66
17
70
229
41
423
34
51
20
184
541
258
192
7
102
0
76
7
10
176
136
55
24
32
106
3
2
24
250
94
75
50
980
29
8
221
33
29
157
46
44
36
53
75
19
107
7
8
106
41
40
2
281
110
510
182
20
77
5
102
412
40
175
70
81
40
8
11
32
43
357
14
38
100
54
47
59
2
89
58
88
153
59
5
20
3
104
89
5
151
54
52
313
71
61
63
21
134
34
64
3
10
31416
5
22
9
290
44
1
172
76
8
112
8
28
8
22
1152
68
111
71
43
123
15
0
3
3357
2211
2
326
1553
5140
2464
8352
2650
4766
7823
5854
1233
1797
428
839
1385
2
14
8075
1
3709
943
15
2466
474
508
4169
9
2
5
1
2
1425
3523
116404
3544
1
7741
26
47
9417
32411
7
3
22
21
12
59
71
4
133
53
36
5
87
54560
781
35
74
59
98
36
2:28
1
6
12
99
63
27
10
2
1
2
8
2:1
11
53
704
14
6
40
67
69
3445
12835
4654
3093
1178
17010
575
485
201
982
456
417
143
46
665
436
330
202
5
6
16
31
44
42
63
31
9
22
6
3
1
43
56
1
31815
8491
64
176
100
89
324
312
1
124
185
85
202
277
9
57
18
41
103
56
27
5
10
4
30
273
331
44
50
19
17
15
23
14802
2215
9722
2:1
162
1
133
3
69
13
62
5
30
-488632
170
0
3
42
45
20
267
0
184
0
295
23
100
11
0
32
167
24
14
25
13
113
13
0
96
124
92
0
28
110
274
75
68
140
2
148
150
50
0
120
185
71
46
51
30
91
271
143
304
0
92
33
275
104
285
102
92
216
45
109
62
293
133
169
213
114
53
13
430
35
105
450
5
111
24
104
201
21
0
496
2
40
70
0
151
249
98
217
43
24
444
11
185
143
44
34
202
158
8
17
62
41
51
0
272
132
19
175
505
92
48
72
6
115
79
170
239
113
225
35
56
11
0
32
451
405
78
10
237
0
20
92
200
11
14
202
72
0
349
27
109
0
38
209
77
139
0
140
34
144
72
0
310
151
0
68
9
0
114
346
46
0
356
242
117
172
123
221
0
80
79
9
1
0
8
10
23
183
11
66
43
170
77
18
7
52
5
71
403
287
52
191
217
0
291
121
0
10
135
445
126
73
322
67
28
79
258
0
32
23
28
111
175
37
19
67
0
181
144
0
322
153
65
48
600
0
203
152
6
41
112
93
40
502
628
35
182
57
12
48
105
37
35
282
42
0
88
94
79
278
0
318
77
78
23
96
28
7
9
476
10
62
21
203
18
17
344
0
306
461
162
102
99
53
31
10
237
115
31
17
7
0
71
158
189
48
31
37
6
204
73
22
1
320
14
34
15
144
94
413
346
72
61
44
58
68
66
0
70
5
40
15
33
29
106
31409
0
71
161
59
41
54
6
7
53
119
30
11
21
44
69
1037
81
63
376
1
66
60
281
4926
639
4629
691
7634
1322
3221
1893
3571
4493
0
4086
4874
4349
1304
837
5
0
1384
8056
31
2812
14
3373
920
996
2
4158
7
0
1432
27
125193
6083
38185
0
3541
172
165
73
1
91
27
11
72
7167
3760
25036
19276
23
160
118
0
73
17
30
112
25
65
1
13
0
51
17
83
643
36
25
158
0
19217
15024
3251
4643
899
165
0
2271
1691
1
7
6
1
2
17
19
61
62
12
3
10
0
116
11
19
20
4
40621
90
28
513
172
29
12
91
308
135
132
131
19
3
4
14
224
5
26
15
212
307
124
57
14916
120
104
1975
10045
5
19
139
1419711000
499:0
1
468:0
8
11
-10
27
589
-595
-16
-2
1174
-1157
21
5060
-5046
-55
93
-90
776
-240
-448
243
-324
22
-31
114
-88
326
-353
53
73
485
-613
2
4
2
-7
6
-3
751
-658
50
-140
-1
295
-282
192
-208
2
601
-534
-69
23
25
-49
22
-18
3602
-3607
0
757
-735
23
230
-208
405
-471
-2
2
2:-1
8
100
-102
9
-14
131
-124
126
-132
42
111
-151
-3
110
-104
-2
38
-4
1305
-1334
371
-246
-135
20
-18
409
78
-485
214
-217
2
33
-22
83
-79
2
-20
50
46
-51
-42
14
1349
-1120
-157
-55
-3
-22
468
-459
183
-21
-110
78
-130
-16
14
-14
28
-20
9
7
265
-269
7
1380
-1381
-25
55
-34
76
-90
6
-13
6
0
18
-23
123
-94
61
-49
426
-467
2
64
-54
10
13
1
295
-335
313
-305
48
553
-605
12
48
105
-168
44
-41
180
-174
83
17
-71
-39
4
-3
356
-350
4
100383
-89459
-10476
-438
8
135
-9
-143
7
45
-57
4
431
-416
159
-171
-12
33
-31
125
-123
26
229
554
-810
8
27
25
372
-433
37
-41
152
-148
2
142
-141
464
-233
-8
-229
72
-61
-9
-3
831
-826
8
-9
9
10
-10
-4
19214
-13357
-5810
-49
-2
85
92
-174
1
-4
460
-428
-29
-7
2278
-2279
3441
-3432
-8
2
34899
-34895
-6
11
1504
-1503
-6
136
-142
1
451
-414
76
-60
499
-546
66
4831
-4369
-497
-39
2
-2
82
1469
73502
-75033
-2
4880
-4854
26
201
-263
51
2437
-2354
4634
-4769
24
5
12
5543
-5584
-6
6
33
34
-73
573
1016
-1562
-21
29
151
6948
-6966
31
-163
637
-672
338
-293
-39
299
-303
1028
-992
2004
-1572
-435
103
-101
-17
84
-101
0
14
157
38
-192
702
-209
924
-1424
776
1665
-2406
-33
-17
213
-205
-4
41
-9
13
-12
-32
-5
40
-29
53
-43
-9
22
81
-74
67154
-67181
22
-12
-9
-8
7
-5
3374
-3101
-282
466
7866
-8309
-23
13
347
-355
9
41
-32
-22
4
48
1339
-664
-658
-65
8
13
-2
24
381
-173
-253
1
50
845
-867
-26
56
-43
43
-58
22
-22
0
286
-175
2524
-2522
-63
-43
25
-26
22
94
-124
145
-108
38
-66
2
45
-27
74
-9
14
-100
0
29
-24
-2
54
-16
314
-341
-23
444
-443
29
-20
59
-70
12
912
27024
-23579
-4340
-18
2972
-2971
83
31
-34
-46
-44
102
61
855
-973
-18
68
-78
223
2044
-1327
12283
-13238
566
-568
8
21
-27
6
11
16
-37
20
-5
64
-24
-41
563
-570
135
-91
1954
-1957
2369
-2311
-106
40
70
-87
650
-667
0
-13
4
0
-2
2:1
0
-3
3:0
2
-3
0
1
0
5
-2
2:-1
3
-3
0
-1
0
-1
3
-2
0
1
-2
1
5
-2
-3
-1
3
-3
2
0
2:-1
2:2
-1
0
-2
1
2
-2
0
-2
6
-6
1
2
0
-3
1
2:0
5
-4
-2
0
2
-1
1
-2
2:0
6
-6
3
1
-3
1
-1
1
0
-2
2
4
-5
0
-1
2
1
3
-2
-3
0
4
2:-2
-1
6
-6
3
2:-1
0
1
-1
0
5
-4
-1
2
-1
2
-3
6
-3
-4
0
2
1
2
-4
2
2:-1
0
2:1
-1
0
2:1
0
2:-2
1
-1
3
0
-1
0
-1
5
-2
0
-2
2:-1
1
0
3
2:-1
2:0
3
-3
2:0
2
0
-4
1
3
0
2:-1
2
-3
1
2
0
-2
0
4
-5
0
1
-1
1
2
2:-2
0
2
-2
3:1
-2
2
1
-4
6
-3
1
0
3
-3
0
-3
0
5
-6
1
2
-2
-1
4
-2
-1
2
-1
3
-5
0
2
1
-1
0
3
-4
2:0
1
0
-2
1
0
3
-3
0
6
-7
2
2:-1
5
-5
1
2
0
4
-1
-3
0
2:-1
4:0
1
0
-2
3:0
2
-1
1
5
-4
1
-2
1
-3
6
0
-5
2:0
5
-5
-1
0
1
3
-4
2
-2
2
-2
4
2:0
2
-1
-5
7
-6
4
0
-3
2:0
2
-4
3
2
-5
0
1
-1
5
-2
0
-3
3
-1
0
-2
5
-4
3
-4
2
1
-1
0
3
-1
-4
0
2:1
3
-4
3
2
-4
-1
5
-5
-1
1
-1
2
-1
3
1
-5
0
2
0
3
2:-1
2:0
2:-1
0
4
0
-2
-3
5
-3
0
-1
0
2
1
2
-6
6
-5
1
-2
1
2:0
2
0
-3
4
0
-3
-1
6
0
-1
0
2:-2
-1
5
-5
6
0
-6
2
-1
0
-1
3
-2
2:1
-3
3
1
0
-4
5
2:-2
0
1
-1
0
-1
6
0
-6
2
-1
0
-1
6
-6
5
2:-2
1
-1
1
3
-4
-1
0
2
2:0
-1
0
4
-4
-1
4
0
-3
2:0
2
-1
1
3
2:-1
0
1
-3
3
-1
1
2:-2
0
1
5
-6
1
-1
2
-3
3
0
-3
0
1
2:0
2:1
3
-5
6
-2
-3
4
125
-130
2:0
2
15
0
-11
2:-3
1
0
-1
0
12
-11
1
12
-12
-2
1
4:0
-1
1
-1
8
-4
-2
0
-2
9
-9
0
2
10
-12
0
4
-2
4
-6
3
-3
0
2
1
2
-5
0
20
-20
1
-1
2:0
1
-1
1
5
-5
-1
1
2
-3
4
-3
-1
1
2
-3
0
5
-4
9
-7
-3
8
-7
1
-1
16
9
-24
4
-6
1
5
-4
-2
0
3
-3
6
-6
3
-2
-1
6
28
-27
-6
2
0
-3
0
5
77
-73
-8
2
-3
3
-3
0
2
0
-2
48
-46
8
-9
0
1
3:2
9
-8
-6
-3
0
5
-3
22
-24
7
-6
34
-33
-2
4
-3
4
1
-6
14
-14
19
-16
1
-3
-1
2
13
-2
-13
0
1
21
-18
6
-1
-7
2:-1
1
69
-70
6
1834
-1716
-85
-32
-2
5
-7
4
-2
-3
-1
1
21
-18
10
-7
-6
2
-3
16
-15
3
-4
47
-48
2
14
-3
10
-21
-2
3
5
-6
-1
16
-14
4
21
0
-28
2
2:0
-1
20
-21
3
-3
3
5
-7
0
693
-530
-161
-2
0
-1
10
2:-4
-1
2
-3
3
0
88
-89
43
-39
-6
1
545
-543
-3
8
44
-52
2
8
-8
0
28
-26
23
-16
-8
-2
-1
189
-67
-106
-15
-1
4
-2
24
976
-997
-5
137
-136
6
26
-32
35
78
-97
436
-447
5
-5
-1
-3
4
-4
-2
9
7
-13
10
163
-173
-1
1
2
198
-188
-2
-5
39
-47
35
-26
-7
35
-36
87
-78
44
-48
3
13
-16
-6
38
-37
0
6
2
23
-32
38
20
17
-75
49
52
-93
-7
-1
9
-9
0
3
9
2
-14
2:0
7
-3
1
-2
2
-5
5
0
252
-257
7
-6
3
-2
2:1
25
-29
1
16
212
-227
-1
0
19
-20
5
-5
3:0
2
5
87
-94
3
-1
2
8
-9
6
-6
-2
-1
25
-18
2
-8
22
-19
11
-14
5
-6
4
58
-54
4
-5
9
-13
-3
2
-1
1
-1
5
3
-1
-4
-1
-2
1
-2
14
-14
6
3
-1
-7
0
-1
3
0
1
-4
11
-11
2
0
7
-9
0
104
602
-512
-188
-6
57
-53
12
6
1
-22
-1
0
36
60
-96
11
5
-8
5
32
107
99
-249
25
-27
0
1
2:0
5
-3
2:0
5
-2
-4
0
37
-38
4
1
21
-20
49
-52
-4
0
10
-8
38
-39
4
-5
15:0
1
-1
2
-2
1
-1
10:0
1
-1
0
1
-1
8:0
18
-18
0
1
-1
2:0
1
-1
4:0
1
-1
0
1
-1
20:0
1
0
-1
10:0
2
-2
14:0
1
-1
4:0
1
-1
8:0
1
-1
5:0
2
-2
3:0
1
-1
2:0
1
-1
15:0
3
0
-3
1
-1
1
-1
18:0
1
2:0
-1
3:0
3
0
-2
1
0
2:-1
19:0
1
0
-1
2:0
1
-1
0
2
-2
0
3
-3
1
-1
0
1
-1
0
1
-1
2:1
-2
13:0
1
-1
1
2
-3
2:0
3
-3
5:0
2
2:-1
2:0
1
-1
4:0
1
0
1
-2
2:0
1
-1
1
2
-2
0
-1
1
-1
6:0
1
-1
8:0
2
-2
4:0
2:1
-2
3:0
1
-1
1
0
-1
16:0
1
0
-1
3:0
2
-2
1
-1
5:0
2
-2
2
-2
14:0
3
-2
0
-1
3
-3
0
1
0
2
-3
6:0
1
-1
2:0
1
-1
2:0
2
-2
11
-11
4:0
1
-1
0
1
-1
3:0
1
0
-1
0
2:1
0
-2
3:0
2
0
-2
9:0
2:1
-2
3:0
1
-1
0
1
-1
2:0
2
-1
0
-1
3
-3
1
-1
0
1
-1
3:0
end
