v1
682
59
148
90
0
256
215
156
122
47
136
86
105
48
8
18
589
51
85
78
213
105
58
19
23
33
2:11
28
99
19
443
92
7
165
16
312
12
272
140
7
123
310
152
89
194
0
38
72
108
43
0
124
169
48
234
22
79
228
106
235
225
41
136
54
311
72
70
165
43
0
61
92
28
0
36
45
285
44
16
3
6
21
142
24
191
34
89
188
104
120
33
20
24
43
0
89
7
79
194
63
79
48
51
190
85
202
101
57
51
54
30
0
77
138
55
110
87
180
0
8
153
106
172
16
74
50
354
357
31
54
339
36
33
57
31
246
0
127
110
274
9
76
42
127
1
7
221
200
244
125
238
16
27
28
93
50
61
124
309
100
7
158
142
94
106
169
16
43
169
164
66
131
207
81
44
242
8
78
203
116
7
171
10
27
14
0
10
5
12
16
17
0
6
13
19
40
3
4
8
26
23
8
46
2
3
14
117
16
1
58
2
58
82
1
73
59
64
30
5
30
38
3
16
38
6
11
127
118
85
341
21
78
7
85
0
3
120
225
51
144
16
0
70
10
44
79
110
30
114
99
61
10
33
6
116
146
138
54
61
60
35
106
85
74
27
41
36
51
3
103
63
3
30
116
5
97
185
410
0
17
3
11
299
15
33
83
70
229
41
309
114
85
13
7
52
673
258
301
93
176
136
55
24
32
66
43
2
367
1
8
67
50
47
278
125
27
255
220
9
48
229
33
29
51
106
40
6
27
17
36
53
75
19
38
69
7
8
147
40
283
110
334
0
113
164
81
20
82
36
64
2
8
237
115
0
47
5
40
175
133
7
51
0
8
11
32
49
60
17
18
219
22
29
38
100
54
35
12
53
0
6
2
127
20
52
36
212
5
20
3
175
18
3
2
33
118
54
52
255
42
0
16
85
8
19
20
63
21
134
34
123
31370
0
5
2
20
9
43
16
79
61
5
0
4
0
29
53
44
85
0
69
0
19
36
10
30
8
112
36
8
22
932
54
64
102
68
111
71
43
123
18
47
9
272
870
2159
2211
328
1553
2370
703
2067
6258
2432
2111
15
2650
4766
6612
4874
0
3424
925
3524
2
4
8087
2812
896
943
15
1533
933
474
1536
3133
17
2
5
1
2
1425
119927
3544
1
7741
26
47
4
0
9413
32310
69
32
7
3
18
4
33
120
10
4
0
40
17
56
1
35
37
36
5
16
10999
25036
18596
0
731
85
67
0
7
32
6
21
98
7
2
27
18
38
1
6
12
53
92
5
12
27
10
2
1
2
6
3
1
11
2
1
30
695
29
14
46
67
69
3445
4382
8453
4654
3093
1178
9030
2004
1254
4722
575
238
203
44
201
982
828
44
1
143
46
1101
532
2
1
2
5
17
9
21
1
43
98
4
35
6
3
28
3
1
11
32
47
4
5
1
30302
1513
8273
218
64
176
69
31
38
21
666
1
46
41
222
24
61
92
110
135
0
4
138
9
1
27
29
18
41
103
34
13
31
15
5
25
9
273
215
0
116
7
37
0
50
23
13
38
14802
0
2202
13
9722
2:1
105
0
57
1
12
41
19
29
14
18
10
7
55
13
62
35
1419845400
681:0
0
171
-169
0
-1
3
-2
-1
121
-50
-72
1
18
-17
4
4256
-4255
-2
24
169
-163
-31
437
-438
463
-458
28
-29
37
-24
2554
-2556
-15
39
-40
2:-1
74
-71
-3
1
23
79
-100
-1
0
8
32
-41
2:0
346
-271
-74
247
-238
-6
2
218
-217
-8
8
-7
16
155
-109
-52
-10
4
0
26
-29
8
0
8
2:-7
7
-11
4
13
-17
2
4
-1
221
-226
0
7
-4
23
-19
12
-17
2:0
13
-3
-9
16
-4
-8
13
75
-93
4
-5
4
-5
0
2
0
8
-10
4
7
-10
1
0
99
-101
11
1
-3
-5
5
2
-11
2
143
8
-145
0
-7
86
-86
2:0
-1
2
2:-1
22
-20
15
-4
-8
-2
11
94
-108
3
1
-1
6
-7
7
3
36
-40
270
-278
22
396
-409
43
-5
-41
-3
0
-3
320
-308
2
-8
-5
48
-49
0
3:3
4
-10
7
0
-6
17
9
-28
3
0
-2
47
198
-245
105
-58
-49
0
3
9
-9
23
-27
217
-212
-5
96
-89
-7
86
65
2792
-2897
2:-12
5
-17
72
-73
0
31
-37
-2
8
-6
214
-216
-1
178
-176
-2
1
0
29
19
3
-52
0
1
2:0
-1
1
8
206
-207
94
-102
11
68320
-66509
7446
-9173
-87
6
7
-14
23
-29
289
-281
-6
4
136
-139
-1
0
8
4
13
-26
3
-3
-2
76
-74
0
5
-7
2
225
-183
257
-109
-174
2
222
-240
6
-6
80
-73
-8
-1
33
79
-70
-41
3
557
-560
2
6
-7
34
-32
5871
-5874
2678
-2654
-24
3
-4
1
-1
2
41
-39
84
-72
-10
-6
11
2
12
-21
5
17
-23
1560
-1557
3
643
-636
25
43556
-43597
4
149
-152
0
2
14
-2
34
-43
-5
1
298
-300
2
2:0
-2
2
171
-145
-21
-4
7
-1
1556
-1048
-497
-20
6
-4
-2
12
-9
0
81
-4
11515
-11594
12
-12
0
31
2310
-2339
10
-13
326
-316
581
-433
1876
-2011
168
-190
53
-54
0
7
318
-325
2
0
4
-3
-2
16
211
-208
-20
55
903
-952
-4
0
6234
-6236
156
-60
-93
1
0
3
-2
3:0
13
191
-51
-157
0
9
0
108
-114
-3
7
-8
54
646
-524
456
-623
1
-5
22
-8
48
168
-228
134
-124
65
-36
-39
-5
4
88
518
-41
-571
1
991
-326
-658
-8
300
5114
-5397
-14
-2
0
119
-119
14
48
-52
-5
-2
69
-73
114
-114
8
-7
-1
26
-16
37308
-37300
-1
-14
2:2
18
44
230
-291
113
-119
0
3700
-3698
67
-46
-21
70
-67
251
-256
-2
1
2:0
10
-8
-2
2
-3
9
381
124
-509
-5
2
3
0
18
26
-48
0
7
-1
-6
5
8
79
-89
-1
-2
8
18
270
-277
-19
6
5
41
-44
7
-7
21
182
-207
77
-52
170
-182
-18
6
4
-1
-8
2
-2
4
0
-5
88
26
1895
-2006
2
-3
-2
19
151
-158
-11
56
-57
41
-13
1
-28
-1
81
-63
30
-28
-16
6
-9
3
-4
4
189
-191
-1
0
2
0
3
1537
10605
-7495
-4650
21
4
-21
10
778
-762
-29
-4
39
3
-20
-18
19
-21
1
102
462
-551
-16
98
-86
15
-25
54
-51
0
133
28
698
-861
17
294
1464
-1720
51
-108
1
4
74
-77
1
-1
20
-21
2:0
-1
2:0
6
-5
32
79
-105
2
-4
20
80
107
-156
-56
0
1994
-1982
-10
2:-1
20
134
-148
1
-5
101
171
1359
-1612
1
8:0
1
-1
0
2
-2
1
67
-68
5:0
7
-7
11
-11
9
-9
0
1
-1
1
28
-27
-2
2:0
2
-2
3:0
8
-8
3:0
2
-2
2:0
1
-1
0
2
-2
1
-1
5
-4
-1
2
-2
2:0
8
-8
0
2
2:0
-2
3:0
2
-2
6:0
1
-1
16
-16
3:0
2
-2
1
-1
5:0
1
0
-1
0
4
-4
10:0
2
-2
1
0
7
-8
1
-1
0
1
-1
3:0
9
11
-20
2:0
1
-1
6:0
2
-2
1
-1
3:0
6
-6
3:0
1
-1
0
2
-2
2
4
-6
1
28
-29
8
-7
-1
5:0
3
-2
-1
19
-19
4:0
4
-4
3:0
4
-3
-1
4:0
29
-28
8
-9
0
1
0
4
-2
1
-4
4
-4
0
7
-7
0
23
-7
-15
7
-5
-1
0
-2
4
-3
-1
3
-3
0
2
-2
8
-8
0
18
-18
3:0
2
1
0
-3
1
-1
4:0
1
48
-49
2:0
3
970
-973
56
-48
-7
-1
3
-3
3
-3
4
-4
0
3
-3
4:0
1
7
-8
3:0
7
-4
0
-3
0
1
6
-4
29
-29
4
-4
12
-14
0
-1
0
2
-2
0
8
4
-9
-3
1
13
-14
2:0
1
7
-8
287
-287
71
-67
-4
5:0
1
-1
6
-3
-1
-2
0
2:2
-4
2:0
1
63
-58
-4
21
-19
-4
257
-256
0
19
-20
2:0
2
2:1
-3
-1
0
28
-28
1
-1
3:0
27
-25
-2
1
2:0
76
45
-118
-4
1
-1
0
4
-4
3
-1
8
385
-395
3
-3
2:0
48
-48
1
-1
18
-12
39
-41
412
-416
5
-5
5
-4
-1
2
0
-2
2:0
5
-5
0
1
5
-2
-4
5
74
-78
-1
0
105
-105
6
3
-9
3:0
2
0
-2
0
1
0
16
-17
3:0
45
-45
0
2
-2
19
88
-102
2
-7
2
-2
1
3
2
6
-12
31
-28
-2
-1
2
-2
1
18
-11
14
-21
-1
33
-33
2:0
23
40
-61
0
-2
0
8
-8
5
9
-13
-1
0
5
-5
4
-4
1
-1
0
3
0
149
-152
1
-1
2:1
2
15
-18
1
7
-8
0
412
-412
-1
1
-1
2
-2
9
-9
0
1
-1
0
2
-2
4:0
5
42
-46
-1
4:0
8
-8
0
4
-4
2:0
3
-2
1
-2
1
-1
8
1
-1
-8
2:0
23
-22
9
-10
8
15
-22
23
-16
-5
-2
-1
0
3
-1
-2
2:0
2
0
-2
9
-4
-1
-4
1
-1
2:0
2
2:-1
1
-1
6
-6
3:0
6
2
-2
-6
3
-3
2:0
2
-2
9
-9
4:0
5
95
179
-144
-135
4
0
-4
2
95
-94
-1
-2
4
8
-2
-10
2:0
1
19
124
-139
-5
7
-7
3
-3
5
-5
2:0
12
11
-23
0
124
82
-202
13
-17
2:1
-2
2:0
2
0
-2
5:0
5
-4
7
4
-12
0
2
-1
3
1
-1
-4
0
26
-25
0
-1
2:0
12
-11
-1
0
7
-4
29
-32
end
