v1
700
207
525
361
822
49
119
88
106
187
228
17
39
22
28
118
496
1
210
389
223
104
36
592
219
174
179
416
20
111
34
602
378
834
156
555
66
23
167
722
74
257
551
634
391
19
8
632
293
296
92
54
339
69
99
873
321
604
637
216
15
185
335
59
106
561
197
177
160
237
8
274
311
27
80
32
47
34
79
151
118
73
9
74
40
19
14
50
61
4
38
319
447
173
99
21
420
329
98
206
10
37
2
116
786
41
259
146
272
15
740
15
33
83
299
41
423
739
349
301
93
367
165
2
106
168
94
75
967
321
152
246
75
19
107
7
8
147
40
393
447
162
275
12
360
92
160
15
133
66
11
32
290
316
78
30
55
34
146
153
59
5
20
3
193
5
205
365
132
21
231
77
15
31401
5
31
237
97
173
76
1
7
112
36
30
930
56
166
68
111
71
166
3375
2211
328
1553
3073
2067
6258
4558
2650
4766
4992
6494
423
3001
4451
11799
943
15
0
2453
13
5162
6
1427
17
123454
1
7741
26
9464
32411
10
22
33
356
5
55387
45
31
74
166
55
12
17
6
174
27
10
2
3
8
2:1
11
3
725
29
14
19
157
16286
4079
3668
18763
1668
2695
2
8
17
31
86
103
28
3
1
90
10
40306
64
191
811
13
165
131
85
202
277
9
22
35
18
41
103
77
11
10
682
69
55
14802
11938
1
162
102
14
90
75
5
30
-488614
14
228
435
11
350
136
52
115
24
39
177
69
113
92
8
20
224
149
324
76
44
50
371
275
7
12
470
2
440
10
430
275
61
0
85
117
106
101
64
173
0
11
160
420
2
93
49
222
94
126
41
573
426
97
112
234
46
144
73
37
671
176
158
0
206
15
100
139
93
85
202
101
65
43
503
111
98
7
413
38
64
401
8
133
456
193
146
277
127
33
66
11
183
0
112
173
68
123
298
50
184
229
187
0
121
288
24
154
178
683
43
121
57
337
70
242
286
86
31
288
214
30
45
63
10
8
5
2:7
16
26
54
5
14
117
16
97
7
1
91
6
78
40
113
26
61
38
17
319
0
11
118
471
160
109
22
133
27
51
260
81
194
393
192
30
31
60
226
201
139
309
313
1
27
254
17
14
171
174
155
123
628
27
1
7
12
175
317
233
337
293
12
262
0
135
30
0
6
0
217
168
45
174
135
140
53
470
96
263
114
29
143
60
27
2:53
147
304
110
125
263
181
358
61
41
110
404
41
33
292
40
20
31
43
49
293
29
22
16
100
98
263
228
141
11
69
23
0
35
6
112
106
205
198
3
30
72
20
24
9
227
0
31429
52
95
61
64
17
55
61
23
299
29
954
110
88
27
174
179
0
76
6277
8776
1764
2030
16963
415
6518
0
7437
6
8056
0
29
7
2807
3387
1407
509
1014
27
3127
9
10
1412
3536
11948
104457
5279
6079
38189
3646
178
14
0
40
73
20
72
109
54560
781
266
7
2
27
3
15
0
2
55
53
149
780
32
158
6
20934
4271
3878
5152
7894
86
813
247
1637
419
189
1101
535
2
11
2:20
134
3
10
4
31
9
75
38
13
30308
1513
8273
458
187
51
634
41
429
104
264
19
7
14
113
111
85
36
3
134
13
200
275
60
13
14963
102
2
1975
13
9868
85
67
10
7
68
1419084000
299:0
1
399:0
304
-300
27
-23
-2
4247
-2663
-1585
28
390
-372
2075
-2121
65
-61
217
-171
-50
2
135
-110
0
201
-29
-199
42
-40
-2
230
-228
37
-40
29
-26
76
-76
72
322
-395
3
-1
76
-76
1
31
353
-309
-78
629
-441
157
-74
-268
-2
32
1
-8
31
71
-129
52
-49
134
-80
-15
353
-366
-29
25
36
176
-237
26
181
-173
2217
-2222
-25
118
-81
-38
312
-236
-78
29
-30
56
-52
297
-300
108
197
-110
-196
30
-26
421
-424
138
148636
-148330
9131
-9504
-69
23
10
-33
47
13
57
-116
123
67
-167
275
-301
1
72
125
-164
629
-621
63
-107
1
9877
-5140
-4737
73
-3
-69
2851
-2824
289
-281
73
41428
-41536
236
-236
30
-30
110
-79
10
-37
39
-42
1211
-918
-266
-29
40593
-40593
1631
-1631
2
390
-392
33
560
538
4045
-5173
49
-50
36
157
-195
1106
-1102
87
-89
3925
-3732
-195
552
-400
433
-580
-4
291
463
-108
-646
-1
36
-34
23
523
-373
3
-131
406
94
-547
1136
-1137
547
6020
-6532
-33
1
71
86
-127
223
-222
93
0
-122
-2
47625
-47627
1
28
-25
52
159
-128
4377
-4463
223
250
-474
81
434
-367
140
-203
-35
-45
-4
58
-28
184
-179
-34
-2
2
1705
-1704
225
-176
61
-68
-44
-2
2
-2
3
650
-136
1246
-1761
36
31
2
-68
38
138
-140
-34
126
14173
-11202
-3099
408
-371
-6
-33
249
-249
0
47
-4
2:1
766
-810
295
7949
-8241
33
619
-627
16
-1
15
127
-65
52
-169
365
-271
16
754
-577
-290
1
-6
-1
3
1
0
24
-14
-12
-1
2:0
-1
1
2
-2
3:0
2
-2
2
-2
10
-11
1
16
-16
15
2
-17
0
2
-2
1
0
-2
3
-2
2:0
1
2:0
2
13
-16
2:0
10
-9
0
20
-9
-10
-1
12
-13
14
-14
20
-18
19
-21
1
2:0
-2
1
17
-17
10
-8
-2
2
-3
1
0
10
-10
0
27
-27
-1
0
12
-9
-1
19
-19
2:1
-1
-3
2
0
10
-8
10
-13
2
0
-2
0
1
0
12
-14
0
4
-3
12
-10
2:-1
15
-15
18
12
-31
1
13
-14
25
-13
0
17
-11
-17
2:1
-2
13
-13
-1
2
-2
0
1
0
20
-19
10
-1
3
-10
7
-9
23
-25
2
0
10
-12
2
-1
2
21
-21
-3
0
3
-3
1
0
23
-24
1
28
-28
0
3
-4
2
1
-1
15
-17
1
-1
16
4
-20
1
-1
1
2
1
0
-4
1
3
-3
0
1
0
-1
1
3:0
2
0
-4
16
-12
-1
-2
2
0
-3
12
4
-16
19
-18
2
12
-15
2:0
3
-2
3
-4
1
2
-2
25
-24
-1
2
24
-23
24
-28
4
-4
17
-14
-1
12
-14
0
1
2:0
-1
2
2:0
-2
4
16
-16
-4
3
-3
17
-14
-2
1
2:0
14
-14
2
-3
-1
1
0
21
-22
1
3
11
-12
-2
0
25
-24
0
18
-18
2:-1
4
10
-14
2
0
20
2:-10
0
-2
1
0
-1
1
-1
1
29
-28
-1
2:1
19
-18
-4
0
30
-27
-2
-1
2
0
10
-1
-9
0
-1
22
-12
19
-15
-3
-1
-10
1
0
1
24
-27
0
4
-3
2
-2
16
-2
-14
13
-10
13
-15
1
2:0
18
3
-24
3
-2
-1
1
2
-3
4
-3
18
-8
9
2:-10
17
-3
-14
12
-11
2
-3
4
-3
9
-9
-1
3
14
-16
0
20
-21
0
2
12
-11
19
-21
29
-30
4
-3
3
10
-13
2:1
8
-9
2
9
-8
2:0
1
82
-81
-2
1
9
-10
4
0
-3
-1
2
-2
1
-1
13
-13
0
10
-10
4:0
5
-4
-1
6:0
21
-21
4
-4
4:0
4
-3
0
-1
0
13
0
-11
-2
2
-1
3
-2
2:-1
1
-1
19
-19
1
-1
0
1
0
43
-44
1
2
-2
12
-12
7
-5
15
-3
-12
25
-25
-3
4
-4
4
-4
11
-11
14
23
-31
-6
2
-1
66
-67
9
1137
-1146
71
-54
-14
-3
10
-9
0
3
7
-6
24
-28
2
10
-11
-2
8
26
-28
9
-12
5
-8
0
375
-248
-127
3
-3
0
73
-68
21
-14
-9
313
-311
27
-32
2
-2
17
-17
16
-16
6
-3
90
-2
-84
-6
489
-490
65
-65
1
18
-17
16
42
-59
496
-497
3
-2
21
-18
-4
101
-100
-1
1
127
-116
-12
25
-4
-9
-11
-1
31
78
-71
-38
2
4
-5
13
10
6
-28
18
4
12
-34
45
-47
23
42
-62
-2
2
-3
9
25
-28
-4
7
0
-9
1
184
-183
-2
2:0
15
-15
3
274
-277
7
-1
-5
0
51
-48
-4
20
5
-23
-2
0
7
8
-3
-11
1
-2
101
-99
44
-34
-8
-4
14
-13
0
-1
1
15
-16
5
-3
2
3:-1
3
0
-2
1
35
372
-338
-72
59
-56
2
-5
54
-54
1
5
1
-2
-1
13
-17
95
230
-325
12
-12
2:0
9
-6
18
-13
2
-9
19
-19
10
-9
27
-29
21:0
2
-2
3:0
19
-19
24:0
5
-1
-4
6:0
2
0
-2
5:0
1
2:0
-1
6:0
1
0
1
-2
5:0
2
-2
2
-2
0
1
-1
0
1
-1
2:0
1
-1
2:0
1
0
1
-2
2:0
1
-1
5:0
1
0
-1
3:0
1
2
-2
-1
9
-9
3:0
7
-6
-1
4:0
1
-1
2
-2
0
6
-6
0
1
3
-3
-1
0
2
-2
0
1
-1
2
-2
6:0
3
-3
0
6
-4
-2
4:0
1
4
-5
3:0
14
-14
3:0
1
2
-2
-1
2:0
2
-2
5:0
3
0
-3
6:0
1
-1
0
2:2
-4
2:0
1
0
-1
5:0
1
-1
2:0
4
-4
2:0
5
-5
7
-6
-1
0
2
-2
0
3
-3
5:0
1
0
-1
7:0
4
-4
4:0
4
-3
-1
7:0
4
-2
2:-1
0
13
-13
0
4
-4
1
-1
5:0
4
-3
-1
0
1
-1
1
0
-1
0
1
-1
4:0
4
-4
2:0
6
-5
-1
3:0
4
2:-2
2
-2
1
2
3
-4
0
2:-1
3:0
8
-8
0
1
-1
1
-1
4
-3
-1
3
-2
4
-5
2:0
1
3
2:-2
2:0
2
-2
4:0
5
-2
0
-2
-1
2:1
-2
3
-2
0
-1
4
-4
1
0
-1
2:2
-4
0
10
-10
6:0
3
-3
3:0
3
-3
0
1
3:0
end
