v1
1021
207
29
507
538
92
23
72
56
440
119
609
56
22
28
614
39
7
12
153
43
400
169
580
152
159
234
726
177
258
235
99
126
41
208
0
365
481
14
54
366
135
31
51
174
534
183
79
50
286
121
75
93
85
412
738
925
296
146
59
88
61
131
126
176
200
211
328
135
327
94
30
90
154
95
254
27
7
545
220
118
276
106
169
7
9
533
16
24
288
117
169
8
59
50
172
40
264
68
33
38
25
10
12
1
33
23
54
2
3
14
130
3
1
118
73
9
1
73
59
64
30
20
15
57
38
17
245
387
60
85
88
120
225
524
98
49
54
103
10
33
6
116
284
54
121
141
85
142
259
146
29
243
15
129
275
6
31
163
136
15
31
2
83
70
229
41
528
983
301
60
116
38
246
56
109
2
66
302
75
18
32
992
246
33
29
241
42
128
57
69
7
8
147
40
283
110
447
162
2
101
184
412
3
37
175
70
121
8
11
32
363
89
100
54
108
6
49
92
88
153
0
59
5
6
14
3
104
94
205
365
132
63
155
34
77
46
31370
5
22
9
237
97
37
136
76
120
36
8
22
1152
68
100
11
71
104
62
18
47
2969
341
2211
2
314
9
3
1553
5140
10816
1507
1143
4766
14910
4449
2
4
10
8077
3708
943
15
2466
5162
5
1428
3523
119949
7716
25
73
9417
32411
7
3
18
4
33
130
44
73
36
14
59
5
55463
74
157
7
2
27
42
15
6
12
17
145
2
37
1
2
9
1
11
2
755
127
12869
3480
4079
575
3093
10208
7980
2243
1062
665
968
2
3
5
48
149
31
9
28
3
1
94
5
1
30302
10004
64
176
100
138
587
1
46
263
85
202
0
41
236
9
57
18
41
103
47
31
2:5
44
173
124
313
38
13
37
19
17
38
30
14772
3
84
2128
9723
1
162
102
14
18
72
13
53
9
5
30
-488614
122
33
87
197
90
449
22
157
10
7
86
40
65
14
42
70
52
160
60
50
42
120
2:18
21
47
0
28
9
53
50
123
2
66
221
25
44
0
4
89
68
194
146
38
37
144
74
15
118
51
156
51
23
199
213
7
61
65
101
63
384
0
102
59
99
50
7
33
41
45
162
150
11
140
20
58
48
2:53
175
53
242
76
36
54
277
125
303
137
24
1
0
140
32
11
10
106
0
16
113
38
310
14
9
163
112
349
65
14
95
155
13
168
146
122
0
199
519
101
57
170
97
86
52
110
120
135
7
5
300
5
96
38
16
61
13
8
43
31
29
91
414
132
44
158
22
72
47
158
1
73
2:15
151
163
48
33
77
183
79
33
64
24
85
61
91
5
34
5
6
9
78
145
228
71
60
159
60
0
63
26
159
189
46
77
64
44
29
26
169
295
10
2
35
136
0
146
34
49
28
50
119
189
293
211
5
323
26
54
121
118
7
170
37
0
1
14
10
5
51
3
72
3
2
7
15
18
23
1
71
1
0
70
40
11
19
10
0
1
96
75
17
14
0
77
11
5
28
3
1
28
86
35
3
162
36
27
66
99
11
20
71
27
236
86
149
138
22
109
182
35
219
88
0
183
412
264
31
0
387
131
108
58
105
135
352
52
219
24
10
151
523
182
203
114
51
34
13
139
93
258
242
162
281
90
68
29
12
10
7
212
23
175
72
68
1
48
109
56
439
0
74
68
3
183
221
66
163
8
11
29
27
121
144
146
48
2
33
106
463
8
110
99
24
45
48
598
93
212
52
112
188
20
11
376
71
111
6
23
17
164
95
29
162
74
3
31
22
43
164
151
298
20
14
24
0
118
208
42
28
22
105
54
4
36
5
27
104
21
2
14
40
183
31407
46
27
48
47
13
8
45
23
0
32
31
81
48
92
73
0
7
58
69
983
0
54
56
1
7
17
13
232
272
3365
1248
5208
703
4531
2181
0
2935
1
5124
772
1542
5739
2463
3
790
830
4874
2605
3
1741
872
0
1267
9476
18
868
1942
3373
920
487
511
1025
14
3119
7
2
0
2:8
2
1412
33
4033
19730
96145
3543
1736
983
4990
37
22
38236
0
2624
983
22
40
13
15
127
147
53
19
38
54631
703
28
38
302
2:15
58
8
44
91
2
13
0
30
10
6
5
2
46
695
7
36
46
18
0
40
15
0
11
46
2
4
3445
15758
6002
12281
4643
661
238
247
1230
825
1
0
143
1147
330
203
2
1
5
2
8
17
18
48
0
5
9
12
16
49
0
10
0
73
43
3
47
40389
326
28
264
249
213
91
80
28
10
56
27
241
111
417
13
33
9
66
77
132
28
119
122
90
117
28
86
14892
74
1975
9735
151
14
66
51
28
24
101
38
13
-487695
930
177
310
1288
2396
1144
2215
4822
2318
6379
2179
1557
6011
61378
18846
16187
3373
180632
57415
47433
1419109800
399:0
1
599:0
1
20:0
17
18
12
-21
-10
-2
116
-89
-21
4686
-4544
12473
-12439
109
-76
-172
-42
-1
20
-20
1239
-1137
-79
127
-73
459
-528
205
-196
-8
11
-15
198
-192
0
177
-186
151
-143
38
0
-47
29
667
-695
85
-70
49
-64
42
-38
-2
33
57
1737
-1693
480
-178
-437
-2
69
58
698
-821
28
-32
53
-14
908
-935
3
133
-144
1349
-1052
651
-628
-324
2360
-2360
692
-642
33
-71
11
366
-239
351
-434
-13
999
-903
1926
-2022
-7
-20
-28
2:13
127
-113
45
1744
-1830
36
-16
-13
9
-6
2
81
1407
-1420
23
-81
547
-422
-79
53
-6
45
-37
251
-371
34
5
268
-272
121
-158
148
51
-162
614
-635
67
-77
166
110729
-110804
3878
-3592
-366
17
-9
179
-195
513
-400
-116
11
-11
311
-317
278
-276
3
-1
86
-63
-23
390
-354
20
-13
368
-292
-32
207
-289
-5
127
522
-626
34
25583
-25557
18485
-13421
-5138
26
-25
77
-65
-2
24
-39
2315
-2320
563
-566
21
65900
-65904
18
182
-212
35
-11
1
268
-297
-2
97
-43
3411
-3097
25395
-25053
-574
-104
83
1570
95489
-88859
-8257
-48
-1
8825
-8823
0
5
1884
-1900
6
16881
-16885
607
-606
34
-35
24
-26
1651
-1647
148
-5
6449
-6489
88
-186
439
-449
317
166
-331
1077
-1227
1148
-715
-380
-41
74
14
6
139
-159
-65
-14
71
102
-166
51
-66
1490
-991
1079
1729
-3183
6840
-6401
302
-744
-39
-72
-8
0
99
-90
5
-8
51882
-51851
-38
5
2660
-2656
279
-131
7272
-7418
-12
1
16
3388
-3391
-11
-3
39
-31
-7
124
493
-609
62
14
-74
-5
303
-307
33
56
-91
871
-802
-47
-14
-6
3078
-2310
-705
83
-137
38
-27
-22
491
-222
-195
-15
-50
4
171
-161
1
71
-79
-11
4
3645
-3652
30
-29
600
29561
-27212
-2939
-1
956
-957
333
-208
-104
-22
191
320
-87
-430
111
-71
-33
0
8
120
2013
-1731
9252
-9646
75
-103
12
-9
25
3
103
39
-156
-12
2
4
54
-53
520
-499
35
-10
1
-29
1787
-1758
1298
-51
-1147
-134
970
-988
0
1128
-1089
-38
-16
-2
7
-7
2
-1
-2
0
-1
4
6
-11
4
2:-1
0
6
-4
0
-1
-3
0
3
4
-7
0
7
0
-6
2
0
-2
-1
6
-4
-1
1
2:0
1
-3
6
4
-10
1
3
-3
1
-1
4
-5
3
2
1
-2
0
1
-1
-4
3
1
2:0
8
-12
0
5
-4
2
4
3
-6
-1
3
1
-6
0
-1
7
-4
6
-7
-1
2
4
-4
3
-6
6
-3
-1
2:0
1
0
-1
1
4
0
-2
3
4
-11
2:1
-2
2
0
7
-4
-3
0
-1
0
-1
2:0
2
8
-9
2
-4
1
0
3
-1
-2
2:1
-2
-1
9
-4
6
-10
-1
9
-5
-3
5
2:-3
10
-10
8
-3
6
-7
-3
4
2:-2
-1
5
1
-2
-3
4
-5
5
3
0
-8
3
1
6
-7
3
2:-3
3
1
4
-8
3
5
-8
2:1
2:0
-2
4
-4
9
-7
-1
2
-3
3
3:-1
0
3
-2
0
9
-10
5
-3
2
2:-2
4
6
-9
2:1
-1
1
5
2
-2
-7
0
1
3
1
6
-4
-1
2:-3
12
-10
-1
-2
4
1
2:-2
0
10
-6
-5
5
-1
0
-1
-3
2
7
-7
0
6
1
0
-5
-4
2
2:3
4
-9
1
3
-6
-1
0
4
7
-3
-6
-1
6
-4
0
-2
4
-1
2:4
-11
0
4
0
-5
4
0
1
-3
-2
4
9
-12
-1
4
-3
0
-1
0
2:3
0
4
-10
9
-4
-2
3
2:-3
11
-8
3
-4
0
8
-1
0
-9
0
2
-2
0
6
-3
-1
2
-3
0
-1
0
4
2
-2
1
-1
-4
1
0
3:1
-2
-1
5
-4
0
-1
1
-2
1
-1
5
0
2
-6
3
-2
-1
3
-4
1
10
-9
-1
2:6
-9
-3
8
0
-7
0
10
-8
-1
3
-6
3
5
2
-10
4
0
6
-9
4
-5
2
4
2:-3
1
4
-5
4
-3
-1
3
-1
5
4
-11
6
-5
11
-8
4
-4
-3
0
3
5
4
-11
-2
2
0
1
6
-6
-1
0
5
0
-4
0
-3
2:1
-1
5
1
-7
11
-9
-1
0
3
6
-6
-4
2
1
2
0
3
2
-9
-1
1
2
-2
0
2
0
1
6
-10
0
8
-2
-4
-2
2:0
3
-1
0
-1
10
-7
-3
2
-2
1
4
2
-5
1
-2
0
3
-1
0
-4
3
-3
2:3
6
-9
6
-3
-1
-3
6
-8
3
0
3
0
5
-8
-2
5
-4
0
-1
0
4
5
2
2:-5
9
-3
-7
2
-2
1
4:0
-2
2
-2
7
-1
-5
8
-8
3
7
-6
2
-6
1
5
0
-7
8
-4
-3
4
-3
0
7
-7
-2
3
-2
2:0
7
-8
8
-6
0
5
0
-7
5
8
-1
-12
9
-6
-2
2
3
2:-3
4
1
-4
8
-4
-2
10
-12
2
10
-13
0
1
9
-10
1
3
-1
9
-10
2:-1
5
3
-7
9
-7
9
-12
0
4
1
-4
-1
20:0
2
-1
1
4
-5
3
0
-3
3
111
-96
3
-11
-5
-2
-1
35
-37
4
-4
0
18
-17
12
-10
0
2:-1
6
-7
2:3
9
-15
0
7
-7
4
-3
0
2:1
-3
28
-25
-1
3
-5
1
-1
0
3
-1
1
27
-25
-5
16
-15
-1
1
19
-17
-3
1
-1
8
-3
2
-4
-3
2:0
6
-5
7
-8
0
13
-10
35
-38
11
-11
3
-3
2
-2
7
-5
83
6
-89
-2
2:0
7
-7
1
42
-40
-3
2
-2
2:8
-6
2:-3
-1
2
-3
19
12
-30
38
-41
8
-3
4
-1
-7
19
-17
5
1
5
-14
21
-21
15
-9
-1
78
-83
2:0
15
1773
-1786
108
-77
-26
-2
4
-4
-2
-1
40
-37
-5
0
15
-8
-5
0
2
-3
12
-1
-11
46
-46
16
-4
18
-25
13
9
-28
2:0
9
-1
-4
13
-17
752
-607
-145
4
-3
14
-2
-8
-5
2
94
-93
38
-37
-2
467
-461
-4
38
-36
-4
-1
1
25
-26
1
41
-35
-6
0
174
-30
-141
-1
0
14
842
-736
-121
-3
3
39
-39
0
19
97
-119
7
771
-775
5
-3
18
-18
9
-11
225
-228
2
1
269
-260
2:-5
44
-46
75
-64
26
157
-186
54
-51
-5
-6
16
22
-38
57
-49
-6
-1
3
40
-44
2:0
37
35
25
-44
-53
122
-115
0
21
20
-46
4
2
0
-2
-4
6
263
-270
1
5
19
-26
0
14
593
-606
3
-4
8
11
-15
-4
6
2:-3
0
6
74
-78
26
-14
-10
3
2
-9
15
2
-6
-11
31
-30
2
4
173
-111
-60
0
-8
17
-16
-1
13
-14
12
-2
-9
6
10
-11
-3
11
-10
0
-3
8
-5
10
-7
126
563
-477
-216
-3
188
-187
19
11
-21
-9
1
48
98
-143
9
-4
2
0
-12
8
33
136
319
-492
29
-33
9
-9
1
19
-20
2:0
3
-2
5
0
3
23
-31
2
2:-1
0
24
-15
37
-47
29
-26
15
-14
-4
57
-50
-2
-4
-1
1
-1
6:0
2
-2
3:0
1
-1
1
-1
10:0
1
-1
6:0
1
0
-1
13:0
1
3:0
-1
0
1
-1
2:0
2
-2
5:0
2
-2
6:0
2
-2
0
1
-1
1
-1
3:0
1
-1
5:0
1
-1
2:0
2
-2
5:0
1
-1
2:0
1
-1
6:0
1
-1
11:0
1
-1
2
-2
9:0
1
-1
2
-2
9:0
1
-1
1
-1
3
-3
2:0
1
-1
0
1
-1
14:0
2
-2
4:0
2
-2
9:0
1
-1
3:0
1
-1
3:0
2
-2
3:0
2
-2
1
4
-3
-2
3:0
2
0
-2
1
4
-4
2:0
-1
1
-1
1
-1
3:0
1
0
-1
3:0
2
-2
0
1
0
-1
1
-1
0
1
-1
2:0
1
-1
1
-1
0
2
-2
3:0
2:1
2:-1
2:0
2
-2
2:0
3
-3
0
1
-1
9:0
1
0
-1
2
2:-1
2
2:-1
3
-3
4:0
1
0
-1
0
1
-1
0
2
2:-1
2
-2
5:0
1
0
2
-3
4:0
1
0
-1
2:0
1
-1
7:0
1
-1
2
-2
3:0
1
-1
2:1
-2
2:0
1
4
-5
0
4
-3
-1
4:0
1
0
-1
0
2
-2
7:0
1
-1
1
-1
4:0
1
-1
5
-5
2
-2
0
1
-1
2:0
4
-4
1
-1
2:0
2
2:-1
2:0
3
-1
-2
7:0
2:1
-2
2:0
2
-2
5:0
2
2:-1
3:0
3
-3
2:0
5
-5
2:0
1
0
-1
3:0
1
-1
3:0
3
-2
0
-1
3:0
1
0
-1
2:0
4
-2
0
-2
2:0
1
-1
2:0
1
0
2
-3
3
-3
1
-1
0
1
6
-7
0
2
-2
4:0
4
-3
1
2:-1
14
-14
1
-1
3:0
1
0
-1
3:0
5
-5
2
-2
0
4
-1
-2
-1
0
2
0
-2
2
-2
4:0
3
-3
2
-2
6:0
1
3:0
-1
0
2
0
-2
2:1
-2
0
3
-3
5:0
2
-2
2:0
1
0
-1
2:0
1
-1
0
1
-1
1
-1
2:0
1
2
-3
2:0
1
-1
21:0
1
-1
2:0
end
