v1
1032
297
278
9
159
486
52
84
69
25
9
29
467
119
314
3
106
24
162
17
39
22
28
118
535
11
73
88
59
0
3
262
16
170
102
5
124
11
17
275
148
152
159
60
76
26
501
186
72
39
101
76
152
106
83
111
21
20
24
75
126
41
178
18
12
18
347
231
0
47
132
85
140
86
107
66
21
130
5
31
191
6
0
28
108
426
5
39
132
7
79
194
63
79
57
139
93
85
98
59
211
44
463
88
187
259
63
109
90
404
363
25
54
126
119
94
69
57
22
149
233
372
33
64
24
18
128
7
221
106
318
57
88
281
7
114
26
168
41
216
24
169
7
300
46
48
115
160
16
33
43
81
55
164
121
76
237
51
44
170
80
59
26
24
170
125
181
26
1
29
45
6
32
25
18
3
58
7
1
46
2
3
14
6
111
13
4
13
90
15
54
10
2:9
74
40
5
14
64
30
35
3
35
3
54
17
14
231
85
91
271
78
95
8
112
225
160
35
86
133
110
98
39
85
40
42
10
33
6
116
104
180
54
121
141
85
101
41
259
146
287
129
281
31
299
15
30
1
2
66
17
70
44
173
12
41
143
0
166
114
93
12
175
9
36
763
192
7
102
83
10
83
38
191
55
56
109
2
24
42
208
94
75
50
8
317
3
633
30
247
33
176
10
46
80
53
37
38
19
107
7
8
147
40
283
110
447
164
70
11
20
184
315
45
52
3
37
175
70
121
8
11
32
74
12
23
3
251
51
38
100
54
44
3
59
2
6
49
92
2
86
212
5
20
3
104
58
31
3
2
37
114
106
66
56
27
95
11
57
1
40
92
46
17
46
109
34
92
31
31370
5
22
9
43
95
66
4
79
3
44
85
69
19
36
40
8
112
36
8
22
986
64
17
85
68
111
71
104
62
15
3
47
3310
2211
2
326
1553
5140
8690
2126
2650
4766
4992
790
2041
4099
2988
925
3524
2
4
8085
2
5
2821
882
943
15
7609
1
7
1
8
2
6
2
1425
3523
20260
96144
3544
1
1735
5981
25
4
22
47
9417
32379
39
21
2:2
153
10
44
2:73
36
5
16
55362
33
17
35
30
44
59
98
7
2
15
12
18
2
0
36
1
6
12
55
90
17
27
10
2
1
2
8
2:1
11
2
1
16
14
695
29
14
8009
8453
4654
3093
1178
9030
3251
4643
86
575
238
247
1105
78
454
562
46
665
436
330
202
3
2
2:6
10
3
25
3
47
39
10
17
36
31
9
28
3
1
43
47
4
5
1
30302
10004
64
176
69
631
125
1
46
132
118
13
70
15
202
24
253
9
57
18
41
103
47
31
10
2:5
4
30
173
100
375
50
19
17
38
30
14772
225
1977
13
9722
2:1
162
1
12
60
29
14
18
10
62
13
62
5
23
-488607
149
3
45
21
707
175
265
56
141
88
259
84
223
3
2:23
147
206
82
0
182
377
48
108
446
224
532
537
2:151
304
293
12
35
4
37
11
283
167
371
179
25
8
217
66
166
184
181
21
69
379
131
608
49
235
77
41
468
0
477
0
99
2
235
34
138
55
358
319
63
0
38
54
82
15
88
0
81
183
262
238
30
66
617
99
196
412
189
96
202
244
338
1026
314
200
78
74
55
299
12
16
201
397
222
387
104
6
48
22
11
2
0
11
77
166
88
26
68
17
124
15
17
64
87
182
544
750
15
109
217
0
2
117
712
76
40
357
54
166
59
95
490
180
63
163
136
356
12
153
1207
668
493
330
190
31
168
0
235
850
28
41
161
11
199
28
189
130
1239
10
41
11
185
0
10
20
39
1
93
235
104
31
134
83
164
95
44
236
19
65
0
92
238
23
39
272
7
281
45
17
75
157
67
18
93
17
31762
210
12
67
0
238
5
97
0
1188
333
121
58
5837
1878
2065
686
14774
10514
1623
7482
2613
2668
8064
12
2823
3377
920
2010
4618
3513
103296
13099
49547
3704
0
134
114
91
109
0
7168
28796
18596
724
69
78
57
215
36
25
0
7
10
83
856
13
94
69
12800
31576
954
1
133
1708
83
5
71
11
4
6
4
107
3
35
1
31845
8831
59
0
30
719
479
345
153
423
355
57
60
14842
12158
37
87
101
-487802
158
335
0
595
1667
649
871
61
272
205
508
64
450
371
138
0
74
425
1857
1500
515
0
317
152
122
994
643
1064
494
189
495
0
30
403
177
0
365
140
302
64
98
291
349
0
660
38
293
150
141
1092
895
659
0
274
531
479
1079
1189
0
225
259
332
77
1717
0
184
13
63
29
683
328
194
1028
0
124
370
78
157
246
23
386
484
679
351
126
0
125
0
224
32170
983
380
8045
2751
2063
7584
3232
25394
9465
17273
169929
56
110
10927
0
44335
37
0
383
88
10
137
10
813
84
60
5
3451
15193
25738
2813
20
213
40306
1263
9
465
323
40
797
27338
1419815400
599:0
1
299:0
1
131:0
20
-13
3
9
123
-113
-23
47
-47
47
-19
-29
8757
-8743
-8
8
-8
1243
97
-211
-1073
103
-151
50
824
-881
33
-37
0
1
4
10
-15
61
-63
8
0
158
-159
-7
147
-120
-21
-4
2:-1
0
32
199
617
-824
-21
1613
-1609
-7
20
-5
-15
18
-9
115
3432
-3555
2
24
124
-149
0
-3
6
3624
-3624
79
-79
-5
25
9
7
109
-149
2
-2
158
-143
62
11
-78
-7
76
-65
-12
30
-28
5
1
13
-17
393
-391
-4
4
8
-16
3356
-3350
2
645
-635
-1
-18
0
77
845
-916
92
-91
163
-170
3
-1
1
98
-92
10
136
-151
40
-41
-1
0
1604
-1564
-16
-18
53
-45
-15
7
-6
-2
5
290
-273
-5
342
-355
399
-391
-8
87
-84
-5
4
-5
419
-382
156
-188
-3
165
-65
-103
26
-25
14
-3
94
-95
23
-26
-5
581
-563
107
-128
127
-125
2
-5
23
18
98
-137
7
-5
94
-98
1
74
-50
154
-177
617
-438
-169
6
4
65
175
-26
-235
28
-25
3
44
162
163
-372
3
114
-114
114
-116
207
-139
-72
1
-1
18
673
-686
-5
1
180
-160
102727
-102744
8036
-7832
-196
10
36
-9
5
99
-152
80
58
-139
272
-272
16
7
119
-106
37
-67
433
-416
98
-44
-76
0
65
323
-369
0
-16
32
-34
14
-13
8
11
113
-131
170
166
-325
-13
-2
6
0
750
-740
135
444
-563
38
-63
8945
-6876
-2009
-48
-17
-1
4
7
96
-61
-44
737
-729
5
-8
-6
3353
-3352
1629
-1617
57
22283
-22344
-7
1156
-1159
30
2
8
241
213
-496
40
-39
41
95
6
274
-405
2739
-656
-2036
-58
0
6
-3
29
-27
213
-64
41424
-41553
-12
-10
4038
-4015
-16
27
13
9722
-9676
1331
-863
5175
-5721
-10
36
2
-10
-33
9
-9
258
-259
13
-11
4
-6
18
-19
75
-72
55
-34
33
1455
-1510
8
1531
6974
-8277
-69
-150
-15
19
41
-63
6
332
-331
-9
263
-263
114
-87
203
2218
-2394
1148
-1202
8
-8
487
-460
0
23
-46
210
-203
13
347
-364
1318
-1300
1294
-623
686
-1378
2710
7360
-9998
-75
0
29
-24
61
-53
78
24
-114
0
5
-5
577
-283
-254
29
-67
16
-11
-2
29
59415
-59432
-9
14
3
-27
2:3
338
-248
-93
333
-335
34
205
9636
-9831
-43
20
-22
489
-486
-1
2
3
7
249
377
-638
-1
4
9
-3
1486
-1465
50
-6
-27
-47
5
181
-184
16
0
-12
39
138
-153
-20
-7
76
-71
74
-70
12
9
41
123
-94
22
-124
-3
1
2839
-2832
6
-11
0
1073
-1052
34
-41
223
-235
-5
17
65
-81
7
5
107
-120
26
-10
-16
19
11
101
-118
3
1177
-1193
6
78
-55
6266
-6295
25
-15
-7
18
40
-56
3169
33929
-30906
-6132
-50
17
-14
934
-951
271
-87
-97
-73
4
171
847
-1035
-2
1
94
-92
200
-142
54
230
4367
-3975
7601
-8226
70
-172
-10
9
151
-146
16
19
-40
11
-9
-8
34
79
112
-212
-3
173
-186
111
0
5800
-5262
3657
-4260
-26
-15
80
102
-186
0
99
-84
673
-643
-43
-8
0
2:1
2:-1
0
2
-1
1
-2
4
-1
1
0
-3
-1
0
1
4:0
2
-2
1
-1
2
-2
2
-3
3
0
-2
2
1
0
-4
3
-3
0
3
-2
-1
2:2
-2
2
-2
1
-2
1
0
-2
3
-2
1
0
-1
3:0
-1
3
-2
1
-1
3
-1
0
-2
2:0
3
-1
-3
1
0
2
-3
1
-1
1
-1
2
-2
2:1
7:0
-2
2:1
2
-4
1
0
1
2
-1
-2
-1
2
-2
2
1
-2
0
2
1
0
-4
2
-1
3
2:-2
3
0
1
-3
2:0
2
-2
2:0
-1
1
-1
2:0
1
3
0
-4
4
-2
0
-2
0
4
2:-2
3:0
2
2:0
-2
1
0
2
-2
1
2:0
1
-3
4
3:-1
3
-2
0
-1
0
3
2:-2
4
-4
0
2:1
-2
0
1
2
-3
2
-1
2:0
3
-4
2
1
-1
2:0
1
-1
4:0
-2
2
2:1
-2
-1
0
-1
2
-1
2:0
1
0
-2
2:0
1
-1
2
2:1
-2
1
-1
-2
3
-3
0
3
3:-1
2
2:0
-1
0
-1
4
-4
1
0
3:1
-4
3
1
-1
-3
0
1
0
-1
0
3
0
-3
2:0
1
-1
2
2:0
2
-2
1
0
-2
1
0
-2
0
2
0
-1
2
2:-1
0
3
-3
-1
3:0
2
1
-1
0
2:-1
2:0
-1
1
-1
2:0
1
-1
0
1
-1
2:0
1
2:0
-1
0
1
-1
4:0
1
-1
2:0
1
-1
8:0
1
-1
0
1
-1
7:0
1
-1
1
-1
2:0
1
-1
1
-1
0
1
-1
1
0
-1
3:0
1
-1
5:0
1
0
-1
1
-1
1
0
-1
1
-1
8:0
1
0
-1
0
1
-1
1
3:0
-1
6:0
1
0
-1
4:0
1
0
-1
1
-1
5:0
1
-1
3:0
2
-1
1
-1
4
-1
-3
2
-2
3
-2
-1
151
-149
-2
2:0
13
-12
23
-8
-13
-3
7
-7
0
3
-3
2:0
2
-2
0
7
-7
0
3
-3
2
-2
11
-7
-3
1
-2
3:0
8
-3
-4
1
13
-15
1
-1
1
-1
0
3
14
-16
-1
0
1
9
-10
0
4
-2
2
-3
-1
0
1
2
-3
1
3
-3
-1
0
12
-12
5
-5
1
0
1
2
-3
6
-6
1
2:0
2
-2
1
-3
0
4
-4
16
-16
1
11
-10
-2
2:0
8
-7
-1
18
-14
2:-2
3:0
1
0
-1
4
-2
1
-3
1
-1
0
3
1
-4
4
-4
0
4
-3
-1
7
5
-11
-1
38
-38
21
-20
-1
0
1
-1
1
-1
0
1
6
-6
-1
80
-79
-1
2
-2
4
1
-5
5
-4
1
-2
64
-59
10
-14
6
-5
3
2:2
-4
-5
0
2
1
13
-16
2
32
-34
1
0
30
-20
-10
3
1
6
-6
11
-13
0
-2
-1
12
-12
13
-12
-1
15
-13
8
-10
2:4
-7
0
-1
4
68
-71
-1
2:0
13
1860
-1871
111
-80
-31
3
2:1
-2
0
2:-2
28
-28
15
-14
6
-1
23
-20
-10
0
54
-53
2
15
-18
0
10
8
-18
0
3
2
-3
2
-4
1
-1
26
-22
2
31
-36
-1
2:0
2
15
-11
2
3
-9
-2
4
599
-505
-94
-4
2
-2
2
-2
9
1
-9
-1
9
-5
-1
-3
84
-80
37
-37
-3
305
-302
1
62
-66
3
-4
15
-3
11
-23
2
-2
3
35
-23
-9
-3
148
79
-221
-8
0
-1
0
4
0
-2
23
838
-863
5
-4
140
-137
-3
2
-3
41
-10
71
-86
1173
-1183
-6
8
-6
5
-7
2
1
-3
0
1
4
-2
-1
9
-10
13
-11
11
-14
9
205
-212
-1
7
236
-228
-4
-8
-3
8
-8
-1
7
35
-40
0
74
-76
6
-4
43
220
-247
46
-64
0
1
3
1
2
9
-16
90
-87
7
-1
-4
47
-52
23
20
37
-79
52
49
-94
-5
-3
2:0
8
0
16
29
-50
-1
7
-7
1
11
-10
-3
2
-2
3
-3
7
257
-256
-3
-2
3
-7
3
1
38
-41
0
-1
0
1
21
864
-886
2
3
-3
12
-12
2:0
-1
6
2
59
-65
-3
0
5
-5
0
21
-15
9
-12
2
-4
4
2
-7
0
1
12
9
-4
-17
-1
32
-29
29
-30
12
-11
2
59
-54
5
-15
2
-2
1
10
-6
-4
0
7
2
-9
0
8
-8
0
2
-2
1
0
-2
18
-18
5
1
-5
3
-4
9
-6
6
-8
2:0
-1
2:8
-16
3:0
3
9
-9
207
458
-337
-316
-12
5
-5
323
-324
8
35
-23
-21
2
59
203
-258
-7
0
17
-17
19
1
-19
15
23
292
218
-542
57
-55
-6
-2
4
-5
6
16
-18
0
-4
7
-4
23
-8
-17
0
2:1
-1
6
11
-12
57
-62
-2
1
-1
25
-22
-3
12
-2
46
-48
-8
3:0
2
-2
2:0
1
-1
4:0
1
-1
14:0
1
-1
7:0
1
-1
7:0
4
-4
0
2
-2
8:0
1
0
-1
16:0
1
-1
9:0
1
-1
2:0
1
-1
1
-1
3:0
1
-1
1
-1
8:0
1
6
-7
1
2
-3
2:0
1
-1
15:0
2
2:-1
1
-1
3:0
1
-1
11:0
2
-2
0
3
-3
0
3
-3
2:0
2
-2
1
-1
11:0
2
2:-1
0
1
-1
0
2
-2
2
-2
0
3
-3
1
-1
1
-1
3:0
2
-2
1
0
-1
9:0
1
-1
0
1
-1
0
2
-2
1
0
-1
8:0
1
-1
1
0
-1
1
3
-4
2:0
2
-2
14:0
1
-1
0
2
-2
0
2:1
-2
2
-2
2:0
2
-2
1
-1
0
1
-1
1
0
-1
7:0
2
-2
25:0
2
0
-2
25:0
1
-1
16:0
1
-1
14:0
1
-1
9:0
1
-1
1
-1
4:0
4
-4
17:0
2
-2
9:0
end
