v1
964
55
51
101
3
42
445
532
52
153
34
450
165
51
263
295
56
7
15
28
118
159
383
165
32
27
200
81
102
170
732
159
136
26
72
8
124
2:297
177
152
106
194
22
19
99
33
134
136
24
275
85
53
78
17
114
272
68
86
234
25
21
166
46
42
137
534
20
242
191
66
79
57
139
93
183
104
42
59
79
65
263
55
86
299
108
323
16
49
429
212
176
0
54
59
280
69
57
376
316
117
106
135
327
94
120
249
213
189
467
177
7
84
41
175
94
275
16
15
18
124
279
97
16
24
47
241
214
62
10
8
59
50
213
82
181
27
0
29
45
6
32
25
18
12
26
23
8
48
3
14
0
130
4
118
77
5
12
62
45
2:14
50
30
5
30
38
19
153
29
118
446
1
78
79
16
120
94
131
160
254
110
98
206
10
33
6
116
284
54
121
141
85
101
41
87
172
146
102
170
15
129
281
31
299
10
5
30
1
2
153
229
41
423
93
19
168
9
799
199
102
93
280
32
55
56
82
27
2
23
1
113
231
75
50
511
727
33
29
147
56
44
36
0
128
19
107
7
0
8
106
41
40
283
110
692
20
82
102
60
352
40
175
18
52
121
8
11
32
79
284
51
38
100
54
47
3
28
30
127
20
88
212
5
20
3
104
89
0
5
33
172
42
0
76
128
119
132
63
38
76
32
9
34
31493
5
22
9
237
53
44
85
88
76
120
36
8
22
944
106
102
68
111
71
104
62
18
47
3310
2211
328
1553
5140
2464
8352
2650
4766
1696
830
4086
1211
3663
3424
925
3524
2
8082
9
2812
896
943
15
2453
13
5150
2:1
8
2
5
1
1427
3523
530
115874
3544
1
7741
32
41
9417
28772
3607
32
7
21
4
26
181
73
109
5
55378
50
35
74
59
98
7
29
18
39
6
12
162
37
2
1
2
9
1
11
2
755
14
18
9
155
12800
2890
590
4654
3093
1178
9030
7980
575
1668
873
189
665
436
532
2
3
6
16
27
2:1
2
86
10
84
9
25
2:3
1
43
47
9
1
30302
1513
8491
64
176
76
24
59
30
636
1
46
250
13
70
15
202
24
111
142
9
42
15
18
41
61
42
78
15
39
186
87
425
19
17
38
14802
225
1990
9722
2:1
149
13
1
9
92
0
14
18
10
7
55
13
27
35
5
36
-488638
260
7
13
188
13
35
118
383
39
31
272
24
39
13
4
18
26
4
297
89
54
0
307
6
80
40
314
76
18
56
36
434
66
54
84
29
44
36
37
22
315
115
29
105
26
82
7
24
135
0
235
0
39
86
285
64
108
457
11
0
149
133
12
27
40
303
21
113
46
136
68
107
259
142
28
2:78
264
104
156
20
120
280
13
122
9
538
53
5
152
77
0
124
8
204
351
20
221
39
12
106
211
172
0
32
0
43
95
165
104
144
114
57
0
4
301
43
29
375
178
195
4
7
213
108
170
0
245
220
67
101
118
183
261
72
65
120
23
0
259
71
8
51
65
63
163
100
4
332
24
21
43
162
384
64
35
0
130
6
76
117
79
364
162
131
60
742
0
155
73
2
9
112
14
9
0
1
3
15
4
41
47
254
2
17
7
0
64
10
0
4
109
36
0
29
356
171
61
28
441
297
185
61
86
10
331
15
460
0
264
126
224
199
103
5
58
154
7
61
665
44
0
222
0
68
242
37
40
14
402
152
5
42
20
185
40
1033
72
25
12
17
305
60
45
0
37
75
28
251
102
123
0
41
608
77
171
14
44
19
321
156
0
40
12
21
68
0
38
132
319
196
22
574
63
99
61
147
77
66
191
60
45
31
0
16
8
0
71
5
0
54
204
200
6
0
40
164
146
270
4
39
20
34
110
398
34
51
142
228
175
2
13
0
39
2
45
29
101
1
45
57
133
24
32
31385
64
95
66
0
83
5
40
49
161
34
5
3
7
58
1106
12
15
30
87
27
356
70
1
58
272
2688
2554
2190
2762
6299
1012
2336
1
3220
1893
783
9747
6917
4796
2
1267
1391
0
8038
0
54
2817
4
4780
509
1014
13
3134
26
0
121353
11311
41889
16
94
61
16
131
53
19
27
11
55355
362
17
56
45
98
2
0
4
9
0
51
2
32
34
745
7
3593
15192
1
13772
9719
899
164
83
1059
999
1618
0
205
1
26
6
66
50
26
21
2:4
0
103
40078
79
108
388
31
7
45
156
423
213
0
199
351
8
241
20
242
41
217
80
140
300
28
59
3
15018
2
1973
10017
191
1419299400
499:0
1
463:0
19
-8
64
-60
17
70
12
-65
-12
154
-183
4045
-4038
-8
524
2451
-1540
-1410
101
-113
-12
12
-9
3
2:-3
5
-2
175
-109
-25
-44
10
522
-532
2
-2
88
-79
-7
29
-29
653
-639
23
74
34
32
-167
-9
4
277
787
-1070
-1
5
2:-3
56
-46
-10
60
-51
-8
104
-76
-12
9
-1
-9
-14
20
-12
4
274
-257
113
15089
-15228
26
-31
3
23
2045
-2036
294
-327
42
-42
4
2:-1
72
-68
608
-613
149
-67
-81
84
62
-108
-40
0
5
48
-48
155
-158
61
984
-1039
-9
2
537
281
-762
-54
6
2
-2
458
-464
474
-478
56
-56
30
79
-6
2229
-2304
-22
-5
17
-4
2
17
-27
22
151
-121
-32
-26
5
29
101
-131
9
-11
2
110
-38
28
-97
464
-463
64
24
-94
14
242
-186
-71
367
-256
233
-328
-16
388
-353
109
-143
-3
38
244
-280
121
-80
27
316
-386
26
94936
-94745
8026
-7747
-467
58
-38
182
5494
-5694
347
-370
213
-216
1
52
12
-59
-3
0
50
-51
13
-20
192
413
-582
40
399
-383
-78
0
16
-15
276
-266
183
-193
0
3
698
-702
21
1
18
-41
17
-15
22757
-21032
-1617
75
-88
-24
-60
-11
5
144
-102
0
3120
-3167
1067
-1053
-1
6
-19
15846
-15841
12
378
-363
52
-68
800
-696
-114
110
-78
155
3059
-3210
4816
-2866
-1907
-86
25
-18
662
56
33821
-34489
-57
0
3711
-3711
22
8387
-8373
1171
-820
2869
-3254
5
10
265
-282
195
-191
-1
348
-338
1
29
6
-42
3
-2
5
1605
-544
4563
-5477
-14
-130
48
702
-764
276
-268
144
2837
-2907
779
-817
-47
55
5
-18
99
-34
61
-141
-18
348
-99
993
-948
461
-762
1411
8638
-9241
-809
552
-548
47
-43
15
-17
23
57
-85
-1
382
-369
-8
32
-31
3
-2
-6
31
-30
27725
-27698
-23
45
-28
-23
2:5
94
231
-333
313
6044
-6356
-1
23
-18
36
925
-936
-32
10
205
456
36
-704
26
10
-2
210
-238
192
-196
45
366
-393
11
-15
-16
10
18
127
-113
53
-93
14
-12
13
-21
1
16
-11
25
-11
55
-73
6
25
76
-20
-88
51
-49
2
92
-67
-22
-3
-4
48
-43
7
213
-186
-39
35
-25
-10
3377
18457
-17892
-3913
-5
-14
1362
-1372
2
317
-213
-87
-10
-4
0
-5
103
536
-631
-6
107
-106
320
-258
-58
45
143
2274
-2469
833
16313
-17103
-43
142
-140
2938
-2924
-4
0
30
31
-38
148
-162
65
-70
-8
818
-701
-124
1459
-1418
-41
14
0
108
-114
16
-25
369
-347
75
1344
-1367
-71
-11
2
-1
0
1
3
-3
0
-1
1
2
1
-4
2
-2
-1
6
-3
2
-5
0
1
0
5
-3
-1
5
-6
1
4
-6
0
4
1
0
-5
6
-6
3
1
-3
3:0
3
-2
1
-3
2:2
1
-2
0
2
-3
2:1
-3
4
-4
1
3:0
-1
5
-4
0
-1
1
-1
2
-2
2
0
-1
1
-2
1
4
-1
-2
4
0
2:-1
0
-5
5
0
-2
0
2
-5
1
5
0
-6
3
-3
4
1
-1
-4
0
2:1
-1
6
-3
-1
-2
2
-2
0
3
-3
1
2
-4
5
2:-2
-1
3
0
-3
2:1
0
-2
0
4
-4
3
-3
1
0
-1
0
4
-4
0
3
-1
-2
6
-6
6
-3
3
-4
-2
4
2:1
-4
-1
1
3
-4
1
2:0
4
-5
4
-2
2
-4
-1
1
2:0
2
0
-1
-2
2:2
2:-1
4
-4
-1
2:1
0
-2
-1
0
4
-3
0
1
-1
4
0
2:-2
-1
2
-1
4
-2
-1
5
-5
5
-7
0
5
1
-3
1
-3
5
-2
-4
3
2:-1
2:0
-1
7
-6
5
-6
2
0
2
-3
0
3
1
0
-1
-3
2
3
-3
3
-5
-1
0
5
2
0
-2
-3
0
1
-2
5
-6
1
5
0
-6
2
3
-1
2
-6
0
5
0
2:1
-5
3
-1
1
-2
1
2:-1
0
-1
2
3
-1
-5
0
6
-3
0
-1
-2
0
1
2:0
2
0
-1
-2
2:1
2:0
2
-3
-1
3
2
2:-2
2:1
-3
1
0
5
2:-2
2
-2
0
1
-2
4
2:0
-5
5
-3
-1
0
1
2
-4
1
2:0
2:1
0
-1
-2
1
-1
5
0
-2
-3
2
1
0
-2
0
-1
2
1
2:-1
3
-2
0
4
-5
4
-4
2
1
2
0
-2
-4
0
5
-3
2
3
-7
1
-1
5
-2
0
-1
2
-3
2:1
2
-4
4
1
-3
4
-5
0
4
-5
0
-1
5
-3
1
-2
-1
0
4
-3
3
-2
5
-6
0
3
-2
-1
3
-4
1
6
-5
0
-2
1
0
-1
6
-6
1
2
-3
4
-3
3
1
-5
1
0
3
-3
-1
6
-1
-2
-1
0
1
2
-3
1
-1
0
2
2:-2
4
-3
5
-1
-3
2
-3
1
-2
4
-4
1
0
1
2:0
-1
6
-3
-2
2
-3
129
-129
1
14
11
-25
3
-3
2:0
30
-30
0
-1
3:0
9
0
-6
-2
-1
3
-2
0
-1
6
-4
1
4
-5
-2
3:0
18
-18
3:0
7
-7
4:0
1
0
3
-3
2
-3
2
9
-6
-4
10
-11
3
-3
2
1
-1
-2
1
0
2
-3
3:0
1
13
-13
13
-13
-1
1
-1
1
0
4
0
14
-17
1
-3
0
2:1
2
-2
1
-3
5
-4
2
-3
2:6
-12
0
1
52
-42
-10
-1
1
0
-1
0
1
-1
0
1
-1
0
5
60
-59
-5
-1
2
4
3:0
-3
1
39
-39
3
-4
-2
10
-8
2
-4
1
2:0
9
22
-31
26
-25
6
-4
-3
0
8
-2
-6
13
-14
2
-3
2
15
-17
16
-14
-2
6
4
-10
7
-5
1
70
-72
12
1549
-1559
107
-75
-29
-1
5
-4
1
-2
-3
0
31
-30
-1
1
8
-6
-3
0
17
-18
10
-11
1
84
-74
0
2
-10
-1
-2
2
-2
24
-19
18
-22
0
2
15
-16
-2
2:3
-5
2
-3
570
-511
-52
-7
12
5
-14
0
1
-4
5
0
83
-86
38
-36
1
-4
-1
262
-259
2
56
-51
-2
-5
29
-32
1
42
-38
-5
10
-6
118
42
-159
-5
3
2:0
31
638
-658
-14
1
135
-135
2
28
-11
75
-63
621
-648
2
1
-1
-5
1
-2
0
-1
2
12
-11
4
-6
-1
0
3
199
-197
204
-198
0
-10
3
41
-42
62
-54
25
137
-162
40
-51
0
1
2
6
11
-19
54
-49
-4
6
24
2:5
29
-71
52
51
-91
-12
2
0
-2
0
3
1
10
36
-50
6
-3
0
-2
1
-1
2
-2
2
-3
3
216
-219
3
0
1
-4
0
6
17
-23
0
22
587
-608
2:0
4
9
6
-20
4
-3
4
40
-41
2
-3
12
-11
11
-12
1
7
2:6
-13
3
-4
-7
3
-5
44
-32
-3
-8
11
-8
-4
0
2:1
-2
2:2
-1
-2
2:2
-1
9
-9
5
-8
1
11
-10
0
-1
-2
0
3
-3
8
-7
-1
7
2
-9
177
523
-475
-223
3
-3
287
-288
1
17
2
-14
-6
2:0
-1
32
164
-194
1
3
-6
6
13
-17
-1
10
23
-33
155
191
-344
-3
26
-25
5
3
-8
0
11
-8
9
4
-14
0
-1
1
13
-4
-12
43
-41
-2
2:0
20
-20
2:0
18
-13
-5
60
-57
-3
6:0
1
-1
18:0
1
-1
4:0
1
-1
1
-1
6:0
1
0
-1
0
1
-1
5:0
2
-2
1
-1
4:0
1
-1
2:0
3
-3
5:0
2
-2
5:0
1
0
-1
1
0
-1
6:0
2:1
-2
1
-1
5:0
1
-1
4:0
1
-1
15:0
1
-1
3:0
1
-1
15:0
1
-1
0
1
0
-1
12:0
1
-1
16:0
5
-5
1
-1
2:0
1
-1
2:0
1
-1
9:0
2
-2
0
1
-1
3:0
1
-1
1
-1
0
2
-2
16:0
3
-3
2:0
1
-1
1
-1
3
-3
2:0
1
-1
1
-1
4:0
1
-1
0
3
0
-3
0
1
0
-1
2:0
1
0
2
-2
-1
2:0
3
-3
5:0
1
0
-1
3:0
1
2:0
-1
4:0
2
0
-2
11:0
1
-1
5:0
1
-1
2:0
1
-1
2:0
1
0
-1
2:0
1
0
-1
7:0
5
-5
14:0
2
-2
0
2
-2
3:0
2
-2
0
2:1
2:0
-2
4:0
1
-1
3:0
3
0
-3
3
-3
2:0
4
-4
1
-1
2
-1
1
-2
1
-1
9:0
1
-1
3:0
1
-1
2:0
1
-1
0
2
-2
3:0
1
-1
2
0
2:-1
11:0
1
-1
3:0
1
-1
4:0
7
-7
10:0
1
-1
end
