v1
834
207
526
10
486
52
153
25
17
18
275
195
82
37
43
45
103
399
19
56
22
127
19
535
7
165
59
553
140
7
285
15
285
0
139
103
53
26
72
455
72
199
22
12
67
30
46
152
106
83
111
41
99
167
573
78
200
16
11
168
22
54
86
72
162
0
25
165
22
225
75
137
65
14
58
32
66
87
20
148
15
129
207
79
57
139
93
183
59
45
42
328
43
95
165
275
87
61
111
172
90
27
156
121
100
388
54
339
69
88
842
42
135
337
453
217
64
121
288
24
328
4
7
300
94
106
169
16
376
197
46
161
10
120
245
59
220
241
59
6
56
51
13
19
25
18
61
56
3
14
130
4
13
105
73
9
62
12
45
78
30
35
3
35
30
33
11
30
215
447
78
95
120
225
122
292
20
90
304
10
33
6
116
284
54
121
141
20
65
101
41
256
3
146
24
263
129
312
309
5
31
2
153
229
41
423
35
77
125
43
9
1
40
171
110
477
301
83
290
32
55
56
66
43
2
279
89
75
50
328
122
282
230
55
221
12
21
176
10
40
2:6
38
164
19
38
69
7
8
147
331
102
206
241
3
149
93
0
20
184
8
407
37
34
141
17
123
51
8
11
32
80
12
20
19
7
152
73
51
38
100
54
44
3
53
8
35
112
88
153
64
20
3
99
5
89
5
33
118
54
52
398
47
63
155
20
14
123
31368
2
5
2:3
16
9
204
130
173
76
120
36
8
22
932
118
102
68
87
24
71
104
62
18
47
9
3301
2211
328
1553
5136
4
4236
4454
2111
15
2650
4766
14910
925
3524
2
14
8082
3703
943
15
2453
13
474
4677
9
2:2
0
3
1428
106828
16644
7717
24
26
47
4
9413
32379
39
3
18
4
72
135
47
26
73
36
5
16
36035
18596
764
52
133
98
24
12
18
38
1
6
58
116
27
13
2
9
1
11
3
16
0
738
14
42
16420
2931
1723
0
3093
18188
575
686
982
828
45
189
1101
532
2
3
2:6
10
28
3
2:43
34
17
12
31
37
3
1
90
4
6
31815
8491
64
176
48
28
24
59
666
1
87
222
85
202
275
2
9
2
40
15
18
41
103
93
5
4
0
303
126
249
50
19
17
38
14802
158
67
1990
9722
2:1
162
1
101
14
2
16
10
62
13
7
35
20
5
23
-488634
182
770
75
94
216
55
48
29
101
138
85
89
361
128
0
216
140
438
97
872
78
432
124
600
239
93
762
661
720
230
0
34
285
63
251
6
24
715
136
82
194
190
137
111
78
244
251
943
4
155
61
36
9
160
99
457
44
51
128
744
168
225
77
220
377
279
39
89
122
57
21
45
0
26
328
141
44
916
43
112
67
154
173
0
10
523
65
142
7
263
207
58
23
87
5
2
19
28
0
2
1
46
136
0
77
0
41
2
24
0
78
128
45
54
68
3
34
20
31
84
29
499
0
58
577
109
35
31
55
172
152
17
145
0
372
0
320
28
152
113
127
28
420
170
419
6
171
273
252
147
419
5
42
8
0
12
514
211
601
29
22
195
205
157
1
82
393
319
59
414
119
0
35
10
288
222
0
164
0
322
358
6
263
54
303
137
247
66
348
285
70
71
30
44
21
22
104
0
173
73
297
16
20
2:72
248
121
6
442
108
118
39
270
0
31648
46
49
99
22
31
2
12
115
56
66
2
48
192
1034
19
63
177
245
31
0
3684
6155
8009
2324
1
4735
9322
1200
2006
0
9226
3518
9
8051
2848
3387
2943
5627
105786
13099
1
3543
7746
41796
69
32
30
35
120
0
71
57
19
30
69
7248
2
3760
44363
97
226
32
282
2
15
726
7
149
69
0
12800
12405
18070
2055
134
96
625
978
9
17
119
89
0
69
9
56
40062
523
200
634
0
250
324
28
0
277
0
46
59
0
159
44
176
241
231
13
60
109
14892
79
0
1975
0
10021
120
74
6
0
1419571800
499:0
1
333:0
13
-9
14
12
30
-40
-17
8
86
-86
-7
0
2437
-2421
-16
7
2
141
1016
-1063
-48
-44
16
-28
10
0
36
25
-65
47
-53
131
5
-136
0
99
-91
25
-23
-4
28
-34
0
29
-28
19
15
160
-174
-21
11
21
-4
100
-116
93
-105
63
-62
7
-1
0
166
-161
2
-8
-6
2008
-1937
-71
0
30
2:-15
32
-31
9
6
-2
10
62
-65
173
-186
0
171
-138
13
-37
-11
-6
0
55
-36
97
-101
-15
1
38
-31
14
1
-17
185
-184
37
138
-170
-12
19
162
-139
-42
113
-112
6
-7
1
5
173
-168
169
-168
501
-504
152
-155
0
341
-347
1
19
-20
69
368
-431
-5
0
15
-7
-8
-1
181
-172
24
-20
33
-26
13
-18
34
-42
46
-46
340
-347
98
-40
-15
-33
90
-87
-12
-1
133
-107
-25
253
-59
-194
15
49
-6
-53
3
-8
269
-262
75234
-75187
4847
-4709
-187
14
10
384
1224
-1631
16
119
-120
27
-8
-40
228
-222
3
51
-37
124
57
-118
-59
167
-189
9
-7
9
-17
13
-12
102
-103
28
76
157
-251
-10
6
717
-712
-11
49
-30
-18
7895
-6551
-1272
-73
0
10
-9
8
123
-130
72
-58
-10
-5
9
6
-10
1327
-1322
-10
1354
-1336
503
16553
-16959
586
-702
36
-35
8
1
3
234
21
-268
18
43
-42
16
-16
-18
14
4155
-3767
-332
-70
30
-29
-1
14
-15
6
4
29
242
19562
-19843
24
-23
1486
-1486
48
800
-834
510
-353
2194
-2364
15
108
-43
-82
8
32
-16
-24
4100
-4038
-29
-24
1138
-1136
-11
176
7563
-7739
10
68
1
-79
649
-386
-254
161
219
-347
518
-552
4
-3
14
-22
47
65
-106
89
7
-82
60
67
41
338
-434
-93
620
-610
9
63
441
961
-1404
-46
-34
18
73
-91
1
21
-21
87
-62
-17
6
-8
-7
18983
-18970
0
2
4
-18
177
-172
341
-330
48
-65
5909
-5903
4
78
389
2492
-2954
-14
-1
33
-33
20
1151
-1170
-1
37
-36
56
-17
23
-56
88
-95
10
13
370
-393
39
-33
15
-10
70
-56
71
198
-281
2
187
-193
-3
118
-114
3
0
20
-12
209
-160
823
-861
-30
18
65
42
-109
-5
-4
-2
8
695
174
-884
28
8
-36
7
16
383
13405
-8798
-4992
-10
1046
-1057
195
-130
88
-152
11
8
-20
74
679
-753
14
39
-16
809
-630
1740
-1955
5
501
-34
-424
-21
-8
-14
8
-2
1
-13
7
5
-5
47
17
-43
-27
45
-17
21
165
-143
2411
-2463
16
64
913
-889
-88
37
-67
24
1760
-1010
-780
77
-79
3:0
1
0
-1
6
-2
-3
4
-6
7
-5
-1
0
1
0
-1
2:0
1
0
-1
2:0
4
0
-3
0
-1
2:0
4
-5
7
-1
-4
2:0
5
2:0
-1
-5
7
2:0
2:-3
0
1
2:-1
6
-5
4
2
-6
2:-1
1
2:0
5
-5
1
2:0
6
-3
-4
-1
0
3
4
-6
7
0
-8
2
-1
6
-7
2:0
1
-1
0
7
-1
-6
1
5
-6
0
6
0
-6
0
2:1
-1
4:0
4
-3
-2
2:0
6
-1
-3
3
0
-5
6
1
-2
3
-7
3:0
-1
2
0
-2
2
3
-3
-2
3:0
2
-1
0
4
-5
7
-6
7
-6
4
-5
6
-6
1
0
2:-1
1
0
7
-8
2
-1
5
1
-5
0
-1
7
2:0
-3
1
0
-5
0
1
3
0
-4
3:0
1
-2
2
-2
2:1
2:-1
1
5
-4
3
-5
2
-1
4
3
-7
0
8
-9
5
0
-3
6
-8
6
-3
2
-4
1
-1
4
-5
0
5
3
-7
2:0
1
-2
2:0
2
4
-4
2:-1
2
0
4
-1
-4
2:0
7
-7
0
1
0
5
-7
2
-2
2:0
2
-2
0
3
-3
2:1
3
0
2
-1
-5
0
7
2:-3
2:-1
0
2
3:0
4
-4
0
-1
7
-7
6
-2
-5
2
6
-2
-4
-1
2:0
4
-2
2:-1
1
0
4
-5
2:0
1
-2
0
5
4
-4
-5
2
4
-6
0
5
2:-2
3:0
-1
1
0
1
-1
6
0
1
0
-7
0
1
-2
3:0
1
0
5
-6
0
2
0
-1
3
1
-4
2:0
2
-1
0
-1
91
-91
3:0
14
10
-15
-8
-1
1
6
-6
0
7
2:-4
2:0
4
0
-4
3:0
2
0
-2
5
-5
4:0
4
-2
2:-1
0
3
5
-3
-5
11
-11
2:0
1
0
-1
0
1
2:0
-1
6
4
-10
0
2
2:-1
0
2:1
-1
0
-1
1
5
-4
-2
2
0
-2
2:1
2:-1
2
-2
4
7
-11
2:0
6
-5
-1
1
-1
5
-3
3
4
-8
-1
0
4
-1
-3
6
-5
1
-2
0
1
-1
4
6
-9
33
-34
3
-3
1
-1
4:0
38
-36
-2
0
1
7
-6
-2
0
40
-38
9
-4
-1
-6
1
3
13
-17
3
0
26
-29
7
-4
2
-1
2
-5
-1
2:0
10
-10
17
1
-17
0
2:2
-5
3
-3
45
-37
1331
-1337
55
-39
-16
0
4
-1
-5
2
11
-13
4
10
-6
-7
5
-3
2:-1
6
-7
29
-16
-7
1
-4
-3
0
2
-2
1
-1
2:0
4
14
5
-22
-1
2
6
-5
-3
9
-5
-3
403
-354
-39
-11
4:0
8
-8
7
-4
-2
-1
8
2:-4
64
-59
-4
27
-24
-2
199
-201
49
-49
3
-3
0
4
1
-2
21
-23
1
16
-17
4
-5
0
5
84
-36
-47
-6
5:0
1
6
-4
15
456
-474
4
-3
94
-95
4
19
-22
71
-59
110
-123
7
10
-12
-5
2
4
-4
-2
4
3
5
-12
146
-144
-2
2
149
-151
0
6
2
-7
42
-28
-8
8
42
-52
25
-30
1
0
5
-6
11
-5
-6
21
-15
-2
0
-1
9
16
-4
-24
43
-43
0
1
31
36
-59
-2
-6
5
9
-15
2
1
-3
2
-2
2
2:0
-2
149
-148
0
-1
3
-3
20
-20
0
3
9
-12
70
-69
0
1
12
7
-21
2:0
5
-4
2
38
-41
0
2
-2
7
-1
4
-9
2
-3
0
8
4
-12
15
-15
2:0
20
-17
8
-6
-5
0
10
-7
-3
6
-3
2
0
2
-5
0
5
-2
-4
2:1
4
5
-7
-1
-3
2:0
6
2
-9
1
-1
0
1
3
26
331
-231
-126
-3
27
-28
23
-12
3
-14
0
2
-1
11
15
-26
3:3
-10
9
26
-35
1
71
-43
-25
-1
-2
1
2:0
2:-1
1
-1
3
-3
11
-9
-2
2
-1
5
1
-4
43
-45
1
9
-11
3
-3
7
-5
-2
0
51
-51
9:0
2
-2
1
-1
1
-1
6:0
1
-1
1
-1
16:0
3
-3
3:0
2
2:-1
9:0
2
-2
11:0
1
-1
2:0
2:1
-2
1
-1
3:0
1
-1
3:0
1
-1
8:0
3
-3
2:0
1
4
-5
8:0
1
-1
4:0
1
-1
0
3
-3
4:0
1
-1
13:0
1
-1
12:0
3
-3
1
-1
1
0
-1
1
-1
1
-1
4:0
1
2:0
-1
3:0
1
0
-1
0
2
-2
12:0
2
-2
0
1
-1
3
-3
0
1
-1
5
-5
7:0
2:1
2:-1
29:0
1
-1
5:0
1
-1
2
-2
0
1
-1
1
-1
4:0
1
-1
2
-2
1
-1
2
-2
1
-1
0
1
-1
6
-5
0
-1
2:0
1
0
-1
5:0
2
-2
4:0
1
-1
17:0
1
-1
5:0
2
0
-2
4:0
end
