v1
809
207
0
3
42
287
204
16
334
136
31
21
139
14
25
9
8
439
49
56
63
314
218
77
17
2
37
7
15
28
99
19
374
11
150
7
165
58
1
258
236
59
140
0
133
459
393
46
205
24
180
160
111
34
67
76
147
101
10
194
103
124
80
573
239
28
11
61
156
28
237
109
181
31
88
109
28
391
36
99
8
5
39
144
74
257
79
57
170
147
98
59
87
328
138
55
4
106
275
431
90
404
85
148
122
87
126
213
65
4
229
204
28
288
181
42
128
7
327
338
125
213
68
121
279
33
332
7
84
216
94
275
16
43
114
55
321
40
288
44
250
59
222
116
188
26
75
63
13
5
4
8
49
54
2
3
148
115
3
9
73
1
61
12
45
28
32
18
65
68
27
17
245
447
293
225
195
219
110
304
10
39
116
284
54
121
35
106
85
101
41
256
3
146
5
97
185
129
281
31
85
214
15
33
83
70
229
41
106
203
114
43
62
7
168
9
0
799
185
116
71
22
7
245
115
56
31
78
2
72
202
94
75
50
215
79
438
229
277
33
38
135
13
46
44
36
53
75
19
107
7
1
7
147
433
447
245
20
77
107
415
37
175
70
63
58
8
11
32
86
131
146
51
38
100
54
47
31
28
2
147
88
212
5
20
3
193
5
205
52
122
1
26
296
46
17
53
102
34
64
13
15
31401
5
1
9
12
9
138
66
33
24
29
44
173
76
120
36
8
22
986
166
68
111
71
104
62
18
47
9
272
3029
2211
2
326
1553
2387
686
2067
6258
4558
1878
772
4766
11909
3
2998
925
3524
2
4
8084
3
21
3687
943
15
0
2466
474
4669
8
11
5
1415
13
4054
115873
3544
1
7741
73
4
9413
2665
29746
10
18
4
44
236
109
2:5
11
7239
3760
43632
890
59
98
7
2
27
56
2:1
5
12
162
27
10
3:1
2
8
2:1
11
757
60
132
16284
4654
3093
1178
3879
5151
2004
5976
575
238
1430
1016
46
1101
532
2
1
2
2:11
31
145
35
37
3
1
43
47
4
5
1
30302
9786
14
204
64
245
7
24
59
30
636
1
46
41
222
85
202
24
111
140
2
9
42
15
18
41
103
78
15
9
203
13
87
425
19
17
38
8
3
14791
225
1990
9722
2:1
162
1
72
29
14
19
16
19
36
13
62
28
-488365
238
287
0
434
59
209
386
5
105
127
164
257
67
38
0
307
95
197
173
0
407
415
7
393
459
32
130
543
277
216
91
459
107
201
58
449
74
4
334
34
732
246
174
244
92
41
39
287
239
93
62
326
0
109
0
884
301
45
224
157
285
60
64
184
26
250
33
88
421
62
295
135
98
92
257
80
501
491
14
534
382
0
9
51
347
311
34
0
508
339
123
0
254
17
68
72
43
65
117
13
0
64
100
173
94
73
3
34
0
164
492
52
13
10
76
731
0
331
103
0
146
35
303
809
219
46
361
295
177
113
951
0
51
8
144
0
43
91
621
1130
131
130
0
173
278
3
157
158
0
309
291
57
1
155
0
41
12
21
11
8
124
166
200
1002
2
70
129
84
62
254
172
463
0
38
172
329
198
61
35
375
5
0
71
56
118
225
30
150
13
41
467
31368
8
73
165
96
92
23
69
57
46
190
974
94
50
316
64
7847
2751
2063
2468
5116
7438
8206
0
1620
0
6638
0
4724
9428
48
1
6200
2957
3120
0
3:8
2
4948
11948
0
115768
41843
39
2:23
12
39
20
54
61
123
23
55419
9
41
109
171
40
284
726
49
107
65
7829
4975
24686
5789
2056
1833
25
3
16
97
16
0
79
43
23
26
31855
8731
922
0
94
458
0
236
0
22
153
89
85
39
565
32
12
45
15108
0
1975
9846
40
236
24
39
-480415
2648
6719
1439
8894
6333
31378
66855
1916
1419924600
499:0
1
299:0
3
8:0
42
-4
41
-56
-11
18
-27
71
-42
-29
21
-12
-9
23
27
-40
-11
2
-2
2845
-2843
56
60
-83
-26
664
-631
6
-34
7
296
-240
-69
25
-23
76
-85
6
35
-41
63
-28
0
39
40
-107
-7
10
-3
10
-9
226
-222
8
34
-53
-1
45
-31
1
-14
39
130
-170
1
30
-23
9
-17
52
-52
16
62
-77
5
38
-43
387
-388
25
149
-156
-19
12
22
0
-32
31
-25
0
42
-43
79
-84
0
6
232
22
-208
-43
333
-343
-1
14
58
12
46
-118
-6
-5
11
-10
-1
1
8
7
-8
9
3
66
-62
-5
7
-19
0
15
569
-584
2
673
-628
-54
6
74
-74
-5
396
3297
-3693
58
679
-737
1272
-1256
78
-71
-18
8
61
-12
-63
17
-17
183
-177
39
-45
104
-104
213
-201
-11
29
-23
31
-37
29
45
-74
5
3
309
-120
10
-142
-66
8
479
-459
62899
-55574
-6581
-760
70
-26
-56
344
-301
131
-20
-128
143
-163
-6
0
54
-47
0
3
-10
56
67
293
-399
-11
61
96
-149
-13
84
-85
8
-7
1
11
0
43
-55
160
-160
16
-17
1
520
-520
0
66
458
-510
3
11078
-9748
-1264
-77
-7
7
4
102
-84
-28
22
-3
-12
29
-13
-14
1153
-1154
642
-638
9
31
31158
-30799
-391
-7
64
-77
378
-378
267
-254
-8
-5
20
3064
-2585
-482
-18
70
3353
-3422
112
10
32319
-32433
9
2
4672
-4545
359
-484
768
-714
5908
-5968
230
-209
-29
-1
0
-8
92
-84
471
-468
54
796
-852
-8
15
58
3095
-3169
12
39
3
-28
-3
-9
-13
10
185
61
-245
206
925
-993
664
-813
29
-11
11
10
-23
211
-194
-17
13
-8
32
104
-143
1315
-1081
-71
-175
892
-893
341
-342
3805
-2386
-1419
1
31
-26
11
39
-45
-11
7
0
62
-63
134
16
-156
15
-15
24
27374
-27362
50
-74
33
-22
279
-182
271
-123
-259
5685
-5693
15
56
-53
1590
-1609
20
6887
-6438
-469
71
-71
1
55
-55
0
61
-56
1
21
-9
11
-29
498
-492
84
-74
0
-17
11
44
3071
-3116
94
-97
53
-9
-29
-23
29
406
-379
-49
-6
22
-21
12
172
-177
9
-5
64
-27
103
-139
-1
-5
-1
13
195
-213
23
1894
12285
-8754
-5426
-2
5
-20
1415
-1420
39
-39
273
-160
-105
101
-90
-19
5
276
416
-690
51
7
54
-104
21
-31
7
270
1555
-1837
572
788
-1268
13
-99
99
-88
-18
11
-5
6
-6
59
154
-33
-175
-10
22
17
-39
462
-427
2839
-2840
-34
21
162
-167
-17
1
122
-109
1008
-1022
-3
7
-6
0
-1
0
1
-1
2
0
3
-4
4
-5
1
2:0
5
-6
1
0
-1
2:0
6
0
-5
7
-2
-1
-5
2:1
3
2
-1
1
-6
1
-1
4
-4
-1
2
-2
2
0
-1
0
5
-1
2
-6
4:0
1
4
-1
-5
2
4
-6
2
4
-5
7
0
-6
-2
7
-5
-2
2:0
2
-2
7
-6
3:0
7
-6
-1
4
-3
-2
2
0
-1
0
4
-3
-1
0
4
3
-1
-6
0
-1
2
-2
5
0
3
-7
0
5
-4
-2
1
-1
8
-8
2
0
-1
0
7
-8
0
2
0
5
-7
5
-5
1
2:0
-1
2
-1
0
4
2
-6
5
2
-7
2:0
4
-5
1
2:0
6
-5
4
1
-6
0
6
-5
5
-6
2:0
5
-1
1
-1
2
-1
-6
0
2
4
-5
0
1
-1
1
5
-7
0
2
-1
0
7
-1
0
-6
1
2:0
2:-1
7
-5
0
4
-5
4
1
-4
0
5
-7
2
3
-5
0
1
-1
5
2
-5
-2
2
-1
5:0
1
4
-6
5
-5
1
2:0
1
4
2:0
2
-7
0
-1
1
4
-5
2:1
3
-4
0
6
0
-6
1
-1
6
-2
-5
8
-2
1
-6
-1
2
-1
1
3
1
-5
4
-5
0
7
0
-6
0
6
-7
1
0
-1
6
-5
0
1
-1
2:0
-1
6
-5
7
-1
-2
-3
-2
6
0
-5
0
6
0
-7
5
-4
7
-8
8:0
1
0
1
-1
1
0
-1
0
1
-1
4
-4
1
-1
6
-6
0
1
-1
93
-93
0
13
-12
-1
16
-16
14
-13
3:0
-1
2
27
-21
-7
2:0
-1
6
-2
0
-4
6
-4
-2
1
2:0
1
2
-3
2
-2
-1
0
5
-3
-2
0
11
-8
-3
0
11
-10
1
-2
3:0
5
-3
-1
5
-6
2:0
2
-1
1
-2
2
3
-4
-1
0
4
-3
0
-1
1
-1
2:0
4
5
-1
-7
2
-3
0
1
5
-6
14
-14
1
-1
0
2
-2
1
2
0
-3
0
1
4
-5
7
-5
-2
1
4
9
-14
0
26
-11
-15
1
-1
3:0
4
-4
43
-41
-2
4
2
-5
1
-2
1
8
-8
-1
4
-3
4
-4
5
-6
20
-19
17
-16
-2
2:2
-4
0
5
0
-5
1
0
17
-5
-9
3
-7
2
40
-33
1270
-1207
-52
-17
-1
3
-5
7
-4
1
-4
1
9
-9
2:0
7
-4
-1
1
-3
16
-9
45
-50
2
5
4
-12
0
8
-10
2
-2
3:0
8
-8
30
-29
2
-3
0
14
-14
0
3
1
-4
4
376
-331
-44
-4
-1
3
1
8
-7
-4
-1
2
1
-2
2
0
61
-59
38
-40
-3
2
243
-213
-26
-1
0
-5
23
-23
36
-34
2:-1
3
95
88
-186
2:0
7
-7
2
15
486
-500
1
-3
65
-60
9
-5
58
-60
730
-734
8
-8
-2
2:-1
0
6
-5
11
-12
9
107
-114
-2
1
0
157
-158
0
10
-1
-8
4
-3
-2
4
24
17
-40
20
119
-127
20
-36
-1
5
6
3
-14
68
-65
-2
1
-1
2
26
-29
21
-2
-19
3
24
-27
42
-42
78
-73
-5
0
4
-1
13
8
-22
-2
5
-5
1
0
2
3:0
-3
2
162
-162
-2
2
-1
2
-3
28
-28
15
-12
633
-636
1
3
0
9
-13
1
9
33
-42
2:1
-3
4
1
-5
11
-6
1
-6
1
9
-10
20
-18
11
-11
7
-9
3
8
231
-239
28
-30
6
-3
2:-2
5
2:2
-7
-2
6
-6
6
-3
-2
1
-1
6
-3
11
-14
-1
2:0
3
0
-3
7
101
320
-229
-198
4
-2
0
238
-241
2:0
17
0
-16
3:0
-1
39
154
-190
1
6
5
-12
-3
1
-1
16
14
-28
186
-7
-178
20
-19
-3
2:0
-1
0
5
-4
14
1
-15
-1
0
2
1
-2
15
-7
34
-41
-2
0
18
-18
2
-2
10
-6
42
-46
24:0
1
0
-1
2:0
1
-1
2:0
4
-4
14:0
1
-1
8:0
1
-1
6:0
1
0
-1
27:0
2
0
2:-1
6:0
1
-1
2:0
3
-3
2:0
1
-1
1
-1
8:0
1
0
-1
11:0
2
-2
7:0
1
-1
2
-2
4:0
2
-2
3:0
1
-1
1
-1
8:0
1
-1
4:0
1
0
-1
4
-2
2:-1
7:0
1
-1
0
1
-1
0
1
-1
1
-1
4:0
3
-2
-1
2:0
1
0
-1
8:0
1
-1
2:0
4
2:-1
1
-3
7:0
1
-1
0
1
-1
2
-2
0
2
3
-5
3
-2
9
-10
4:0
1
-1
2:0
2
-2
2
-2
2:0
2
-2
3:0
5
-5
8:0
3
-2
-1
6:0
2
2:-1
2:0
2
-2
8:0
end
