v1
1007
1229
3
49
84
103
26
589
552
57
56
7
15
305
376
7
224
265
4
284
140
165
132
295
89
70
162
118
229
340
111
53
48
334
448
53
160
413
70
40
73
211
475
79
133
117
108
0
108
426
176
343
275
93
743
217
104
131
40
431
90
846
339
126
372
4
433
64
42
135
123
243
415
9
402
312
332
7
394
275
228
361
237
51
294
404
207
1
24
5
51
13
19
12
13
18
4
8
7
6
13
23
56
3
129
2
11
2
4
110
8
73
9
66
8
68
5
32
18
30
35
38
19
38
17
127
118
87
359
1
85
88
120
225
414
110
304
10
39
116
338
121
114
27
85
101
41
87
172
146
272
15
441
299
15
31
2
83
70
229
41
309
199
27
718
258
175
24
102
83
131
246
37
128
2
24
157
93
94
75
50
14
641
143
147
35
29
229
33
29
8
139
56
208
19
107
7
8
147
323
110
447
162
2
81
204
412
215
70
121
8
11
32
452
100
54
47
57
4
35
112
88
212
5
20
3
93
11
89
5
323
247
85
47
63
38
151
31493
5
3
7
12
9
43
194
97
154
19
76
8
112
36
8
22
944
208
68
111
71
43
123
18
47
3310
2211
328
1553
5140
10816
2650
4766
14910
3064
1385
2
8091
5
2821
882
943
15
2453
13
985
4166
11
5
1
1427
3523
119949
7741
26
47
9417
23244
9135
32
28
4
92
75
133
30
23
36
5
54647
781
168
98
9
84
6
12
1
54
89
1
17
27
10
11
2
2:1
11
2
755
196
16280
1172
3482
3093
1178
17010
813
1430
326
502
0
45
189
1101
532
54
1
3
149
68
3
1
43
38
9
4
6
40306
64
176
159
666
1
46
263
85
202
277
9
42
15
18
41
103
93
5
4
30
173
100
0
375
50
19
17
38
26739
2:1
130
19
13
1
66
49
18
10
7
55
13
62
-488528
104
42
0
292
31
9
80
79
25
5
18
159
105
94
184
63
24
14
25
3
10
0
25
208
113
0
353
100
3
123
66
4
148
58
13
112
15
22
81
260
84
30
626
378
88
10
9
266
76
77
277
0
9
80
174
132
139
173
0
11
305
62
25
0
56
14
113
325
22
43
201
122
321
118
15
133
116
24
0
9
34
61
72
84
28
17
354
21
135
7
42
70
34
77
1
237
65
0
72
32
10
163
24
139
5
74
6
330
48
74
28
26
0
198
0
98
59
45
101
65
43
1
160
90
103
31
147
19
1
32
135
279
63
91
0
34
2
43
92
129
212
344
0
157
175
152
0
22
79
9
123
250
67
221
205
85
0
1112
0
27
7
102
206
85
117
345
35
33
142
209
102
74
43
50
64
112
636
242
117
288
62
126
40
1
60
56
20
19
3
27
1
23
1
46
11
8
6
0
124
3
14
68
20
14
67
19
118
31
18
0
7
0
57
33
38
51
61
0
57
0
232
749
256
35
66
65
0
806
180
188
148
211
32
23
197
173
0
78
314
11
16
248
6
302
352
42
528
38
16
51
184
1
40
12
133
822
163
0
5
17
83
0
112
222
6
177
224
250
0
136
142
3
132
183
259
15
35
9
340
50
92
29
25
12
21
2:53
97
7
11
3
14
56
215
394
793
16
7
46
97
0
181
0
10
105
47
8
307
56
96
38
58
8
108
15
0
58
73
51
242
77
21
15
333
39
34
210
35
0
224
102
17
0
3
72
5
0
45
150
12
19
66
38
25
7
45
0
57
59
0
31479
107
56
61
5
83
0
3
14
54
6
179
1276
80
376
0
4
30
0
33
10
331
9491
17
686
691
1372
4239
3345
15641
3
1620
4874
1764
3889
0
2226
10
8078
883
1928
4794
1523
3153
2:10
25208
0
96144
3544
1736
6010
38258
456
3167
3:23
5
7
174
73
119
11
7239
3760
25036
19327
30
55
47
27
181
12
174
0
101
2:1
2
749
7
36
46
73
3508
15193
565
15032
3251
5304
485
201
0
1998
711
970
0
7
2
6
0
2
8
28
2
45
5
37
34
0
25
35
9
43
59
29
31816
8244
587
138
663
7
297
92
149
111
153
45
101
29
89
36
466
187
0
57
60
0
59
8
14778
8
3
150
2049
13
10111
91
-488632
1296
488
89
412
293
797
211
451
265
62
342
500
19
287
476
83
282
25
688
32
870
1886
819
820
881
50
409
312
160
74
425
1902
547
492
111
89
506
232
1027
71
77
21
38
61
5
10
70
117
40
1
2
451
639
151
866
1430
253
559
1642
126
702
473
788
439
549
817
184
1488
105
10
28
294
975
477
432
543
68
31926
498
201
1175
7904
2384
17
38966
15670
150896
29789
11398
44582
354
4
4473
41887
1857
40960
243
599
91
308
420
1089
14812
3
12111
60
1419726000
399:0
1
499:0
1
106:0
47
722
-733
-27
2
1521
5605
-7126
1677
-398
418
-1649
462
-511
1
-2
67
-65
46
-49
3
-1
79
-79
417
-419
54
4667
-4695
246
-271
17
202
14267
-14186
-273
279
-302
-1
87
-87
-3
0
59
428
-221
-5
-239
-1
-21
19
340
-297
41
-54
-3
127
3477
-3434
-201
253
88
-225
22
-45
8
-116
49
-16
651
-651
30
0
-33
-30
49
205
-85
36
-203
409
-395
34
170
-221
113
-111
3
59
-33
113
1500
-1641
26
22
1441
-1469
-23
4
-4
4
21
-20
17
-18
-1
13
61
-76
99
-73
619
-646
99
-96
86
-23
234
-273
353
-377
637
-619
218
-213
245
-270
1
130
-129
74
93
-92
-73
647
-625
95000
-85715
-8991
-252
-42
-27
214
27
153
-287
-58
552
-596
-1
108
-86
89
-67
80
293
-421
131
-42
2811
-2880
-18
0
3
160
-164
387
-138
-207
-23
679
-696
76
38
-72
58
-99
26213
-24373
-1765
-77
2:0
-1
2
-1
116
-90
-27
1
171
-169
3122
-3100
2002
-1997
157
25475
-25659
619
-622
2:0
40
717
-758
67
96
-128
2395
-1204
-1203
252
-89
49889
-50074
24
2716
-2738
130
269
-325
1286
22709
-19498
-4197
-375
25
134
124
-265
-18
99
-62
-36
1418
-1251
9588
-9758
38
115
72
-196
1108
-701
-433
196
-161
4
192
1243
-1455
1673
-1676
52
-28
-21
-6
5
168
-94
126
9
1059
-277
-499
733
51
6524
-7593
-13
-173
27
44
-110
-2
468
-264
-204
39
-40
48
-25
66
53329
-53415
-3
23
-5
341
-64
-277
481
8880
-9344
-16
10
1
1053
-1083
1689
-326
-1346
-13
145
565
-714
19
16
24
-58
42
70
-94
-1
1
-17
0
162
-105
4
-63
2
563
-516
268
-280
5001
-4891
-88
392
-419
24
-33
22
-44
165
-163
259
0
-260
44
359
-331
-53
-5
251
-263
2012
13898
-10008
-5879
-27
30
-30
1538
-1341
3428
-2676
-869
153
749
-961
42
203
-228
207
3102
-3305
596
18694
-19231
80
-180
2
1
110
-112
56
0
-54
12
223
-205
325
-273
2034
-1963
-155
-1
2826
-2742
132
-11
-177
-13
-16
42
-24
1471
-1493
2
-3
0
-2
5
-2
0
17
-15
-5
2:0
3
-2
-1
6
-6
14
-9
-4
1
0
2:-1
1
0
5
-1
-2
0
10
-8
-5
5
-2
3
0
-1
15
-15
1
-3
-1
1
-3
3
-3
1
-1
21
-19
0
-1
1
15
-4
-8
-4
0
13
-13
21
-21
0
5
-6
0
14
9
-17
0
-6
1
13
-12
4
-2
2:0
-2
2
9
-13
6
-1
0
-4
3
15
-18
4
17
-16
-5
1
-2
4
0
-2
4
-2
-1
1
16
-18
16
-18
21
-19
20
-21
1
0
-1
2
-3
0
18
-18
3
18
-5
-15
-1
19
-18
-1
0
17
-12
10
-11
13
-16
0
1
-2
1
2
3
1
-5
0
2
11
-13
0
4
8
-12
-2
13
-13
3
0
-1
3:0
3
15
-4
-16
2
1
-3
12
-8
2
-6
2:0
4
8
-8
13
-13
-4
4
1
-3
20
-22
2
3
13
-2
-13
-2
19
-19
2
16
-14
-5
18
-16
0
21
-17
-5
-1
0
3
0
1
14
-15
-2
0
1
0
4
0
-1
-5
1
4:0
1
-1
6
-7
1
0
12
6
-19
3
0
-3
2
3
-4
0
1
16
-17
-1
2
20
-22
5
-4
5
-2
12
-15
5
-6
1
-1
1
0
1
0
-2
15
-13
0
-2
4
17
-17
-3
1
0
-2
4
2
-5
4
9
-8
-2
12
-16
2:1
-2
1
3
-3
20
-6
-15
21
-15
-1
-2
-3
16
-13
3
-3
-2
4
-3
3:0
-2
2
1
9
7
-4
-14
4
-3
11
-12
2:0
5
-4
4
-5
2
1
10
6
-19
3
17
-17
0
8
-12
4
0
-4
2:1
0
-2
0
1
0
12
-7
-6
1
2:0
11
-11
0
4
2:-2
-1
2
-1
0
15
-10
-6
0
3
1
-2
2
0
-2
-1
2:0
4
0
-5
0
16
-15
19
-17
2
1
-3
0
-3
2:1
0
-2
3
0
-3
2:1
-1
2
18
-16
-4
0
4
9
-7
-6
3:0
20
-19
2:10
-1
-6
1
-13
0
1
-4
6
-3
0
16
-18
19
-15
11
-14
0
1
11
-1
2
1
-14
13
1
-14
-2
2
3
13
-17
0
21
-21
0
3
-4
1
0
5
14
-19
0
-1
6
17
-19
2
-3
12
-14
0
5
16
-16
0
-3
15
-15
17
-3
-5
-9
1
0
-3
13
-10
-1
3
0
-4
2
10
-2
-10
0
1
-2
0
5
-6
1
-1
0
2
-2
15
-12
12
-16
1
-1
2:0
1
-1
2:0
1
2:0
-1
2:0
1
-1
1
-1
1
-1
2:0
1
0
-1
9:0
1
-1
2:0
1
-1
3:0
1
-1
1
-1
0
1
0
-1
1
-1
1
-1
1
-1
1
-1
1
-1
1
-1
1
-1
0
1
-1
7:0
1
-1
3:0
1
-1
1
0
-1
2:0
1
0
-1
2:0
1
-1
4:0
1
-1
2:0
1
0
-1
0
3
-2
5
-4
2:1
112
-113
18
-7
-10
17
-20
0
38
-38
1
-1
10
-9
-1
4
8
-12
0
1
0
1
-1
10
-11
6
2
-6
12
-13
5
-6
2:0
1
-1
0
5
-4
19
0
-20
1
0
2
1
-3
-1
9
-7
-2
43
-36
-6
9
4
-11
-3
3
-1
-2
6
1
-7
1
-1
5
-3
-2
2
10
24
-26
-8
2:-1
3
69
-71
-1
6
-6
10
-8
-2
64
-64
3
4
-7
2
-1
1
-1
3
7
-9
-2
1
0
5
14
-19
12
-10
27
-30
10
-10
1
0
7
-4
11
-14
3
-2
11
-10
17
-20
1
15
-15
8
-4
0
-2
80
-68
1821
-1727
-71
-32
4
-10
3
6
2
-7
-2
25
-26
0
17
-10
8
-9
-7
53
-52
14
-5
10
-16
-3
-1
0
14
-14
5
19
-20
-4
15
-15
3
10
-10
2:-1
598
-488
-104
-7
0
1
-1
1
0
6
7
-14
0
1
4
85
-88
44
-41
-2
347
-346
47
-50
0
1
7
19
-28
10
-5
-1
173
-15
-154
-4
25
840
-867
-1
129
-128
9
12
-3
88
-82
581
-607
7
4
3
-14
9
-8
9
-2
-7
196
-194
252
-255
1
5
8
-6
-7
63
-62
36
-31
-5
32
177
-204
46
-53
2:4
6
-1
-12
71
-63
-2
-1
38
-11
12
23
-16
49
-93
-3
-4
16
20
-31
-4
-2
7
-5
0
-2
6
-5
4
245
-249
3
2
-2
24
-28
3
12
658
-673
2
-1
6
7
-14
0
1
-1
4
2
74
-80
4
0
4
-3
19
-17
8
-15
0
1
-1
35
-28
15
-19
-1
70
-62
4
-11
8
-8
1
-3
6
-1
-4
4
-6
14
-14
2:0
4
0
6
-1
-8
3
4
-7
199
384
-335
-241
-8
5
-3
191
-180
20
-3
-27
51
65
-111
0
10
2:-3
33
-44
236
314
-547
44
-44
-3
0
19
-17
2
0
-5
4
0
5
21
-23
11
-8
-10
1
58
-55
-4
24
-20
-4
1
4
1
48
-54
7:0
1
-1
6:0
1
-1
10:0
1
-1
1
-1
1
-1
1
-1
2:0
1
0
-1
10:0
1
2:0
-1
1
-1
0
1
0
2
-3
3:0
1
-1
0
1
-1
0
4
-4
2:0
1
-1
0
2
0
-2
5
-5
2:0
1
-1
0
1
2
-2
-1
3
-3
3:0
1
2:0
-1
2:0
2
-2
0
6
-6
3
-1
-2
3:0
2:1
-2
0
2
-1
0
-1
0
1
-1
2
-2
5:0
2
-2
2:0
1
-1
0
1
2:0
-1
0
1
-1
2:0
1
-1
2:0
3
-3
6:0
1
-1
12:0
1
-1
3:0
1
-1
0
10
-10
0
2
-2
3:0
2
-2
1
9
1
-11
2
-2
0
6
-3
-2
-1
4:0
5
-5
2
0
-2
0
3
-2
0
-1
5:0
2
-2
3
-3
2:0
2:2
-4
4:0
1
-1
0
2
5
-7
2:0
8
-8
1
-1
4
-4
0
1
-1
5:0
2
0
-1
3
-4
2:0
1
6
-7
1
2:0
-1
2:1
-2
2:0
1
0
6
-7
0
1
-1
3:0
5
0
-5
3:0
1
-1
4
-4
1
0
-1
6:0
1
-1
3
-3
2:0
1
-1
1
-1
2:0
2
-2
2
-2
2:0
3
0
-3
2:0
1
0
5
-6
1
0
-1
6:0
2:1
-2
4:0
5
-5
2:0
1
-1
4:0
6
-5
-1
2:0
1
0
-1
0
2
-2
2:0
2
-2
1
-1
1
-1
1
-1
2
2:-1
2
2:-1
2:0
1
-1
1
-1
0
1
2
-2
7
-6
-2
0
2
-1
0
-1
3:0
4
-3
-1
1
3
0
1
-3
-2
2
-1
1
2:-1
4
-4
12
-12
1
-1
2:0
1
5
-5
11
-11
3
-1
-2
-1
1
-1
3
-2
2:0
-1
0
3
-3
3:0
2
-1
0
-1
1
3
-4
0
1
3:0
2:3
-5
0
-1
2:1
-3
1
-1
0
1
-1
0
6
-4
-2
3:0
3
-3
0
1
0
-1
2:0
1
-1
3:0
1
2:0
-1
2
-2
22:0
1
-1
17:0
1
-1
2:0
2
-2
5:0
2
-2
7:0
1
-1
19:0
1
-1
4:0
1
-1
4:0
2
-2
2:0
1
-1
6:0
end
