v1
910
207
3
533
16
470
52
187
52
55
23
485
314
237
1
57
17
39
7
15
127
19
496
211
16
246
350
140
56
384
152
8
313
72
726
101
334
194
18
4
24
261
348
87
138
94
387
14
399
21
166
225
281
10
90
5
148
20
242
103
154
136
139
31
62
131
322
204
303
275
431
113
381
296
92
54
104
235
633
268
140
135
221
106
463
217
64
356
77
339
300
94
275
16
43
530
177
40
71
286
8
59
50
146
24
306
27
29
45
38
43
61
8
46
2
3
14
130
3
1
13
105
82
12
62
45
78
30
5
30
57
55
245
447
78
7
88
84
36
225
524
304
10
39
116
284
54
121
46
95
186
41
198
58
3
146
272
15
129
281
330
15
18
15
66
17
70
229
41
528
132
43
808
199
102
83
322
55
56
109
2
24
344
75
50
328
404
185
44
23
7
247
33
29
197
6
80
128
126
7
8
147
433
447
164
101
82
102
229
223
175
70
64
57
8
11
32
414
38
100
54
47
61
147
88
153
59
5
20
3
198
205
52
29
37
247
132
46
17
189
31491
2
5
22
9
204
130
85
88
76
1
119
36
8
22
1152
68
111
71
166
15
3
47
3310
2211
328
1553
5140
10816
2650
4766
4989
793
9128
4449
2
4
10
8082
3703
958
2940
4676
2
10
1433
3523
11948
108000
1
7741
73
9417
32411
7
3
18
4
280
20
89
5
11
54636
731
50
35
74
157
7
29
57
6
12
162
27
10
2
1
2
8
2:1
11
728
29
14
113
12869
3480
4654
3093
18188
575
0
238
1430
1062
665
436
532
2
3
50
3
147
2
31
9
28
3
1
40
3
47
10
30302
10004
64
176
76
24
59
666
1
46
250
13
85
202
277
9
24
33
18
41
103
78
15
9
30
698
19
17
38
8
14794
225
1990
9723
1
109
53
1
101
14
35
55
13
62
28
-488641
21
13
51
0
127
0
19
45
287
238
158
113
95
56
111
41
62
1
0
35
30
23
210
64
89
8
46
81
3
0
86
37
53
47
40
46
0
60
61
137
58
162
302
314
7
0
17
206
1
21
244
16
213
187
0
80
521
142
17
3
55
412
42
93
87
160
133
3
0
284
20
75
84
244
70
294
346
345
271
86
85
0
26
99
212
59
156
9
173
143
58
98
94
0
89
92
173
95
142
48
137
189
98
146
138
29
1
118
85
137
99
0
291
305
150
2
72
128
64
0
713
120
107
122
165
13
51
12
24
306
11
349
70
0
89
0
10
111
151
111
85
129
115
189
0
52
256
420
8
23
24
0
169
15
58
0
443
51
158
124
55
10
154
60
123
202
144
328
177
149
177
8
36
11
56
19
38
13
8
9
7
8
11
0
333
43
201
3
0
1
28
17
0
69
35
201
0
155
567
230
229
62
35
86
54
287
218
0
257
42
68
154
317
201
0
31
2:0
199
188
343
28
232
0
16
0
37
54
0
109
146
28
8
68
865
0
112
133
0
41
459
161
372
68
29
22
557
251
5
0
40
112
0
277
235
111
82
27
128
154
22
6
263
0
126
0
338
0
210
124
46
110
99
26
18
0
78
167
294
164
81
59
38
21
0
258
83
1
58
1
15
82
3
113
116
130
0
169
12
24
239
36
207
92
157
72
158
222
89
36
2
105
13
63
165
0
72
0
61
138
5
8
19
11
92
1
17
75
0
10
0
23
110
24
1
31
31376
73
16
26
123
79
3
2
127
126
46
16
0
1148
12
0
52
30
219
164
43
7
129
272
5565
1542
3087
691
7634
321
1001
3221
1893
0
3140
7390
10357
486
3
869
1267
1382
0
8087
9
1
2:0
20
27
4603
2468
13
983
1014
0
3147
0
7
9
8
2
5478
102776
13098
0
1
3074
2205
5981
2:51
12078
28731
1045
35
120
10
4
2
38
0
146
0
19
0
27
0
11
10999
25036
0
19327
325
45
38
65
7
0
93
3
10
46
5
0
750
36
50
0
132
3445
12245
9515
11034
1247
0
5862
986
1085
518
1226
1
16
9
20
46
14
38
39
6
0
3
107
12
0
23
31850
0
8918
2
511
213
533
17
94
0
140
0
53
47
177
0
51
207
431
89
77
0
13359
1434
238
1975
9867
19
26
67
54
1
35
77
14
10
15
1419222000
399:0
1
509:0
59
-45
15
41
-56
33
-3
-9
61
-82
6283
-6282
16
111
455
-190
2337
-2721
6
-7
0
7
84
-101
68
-24
-29
248
-256
95
-102
9
-7
130
2220
-2351
19
399
-409
1
177
-180
-8
19
-18
72
-68
4
0
120
-43
-58
-29
13
-5
10
-14
5
-6
2:13
-27
1300
-1035
-177
-88
41
10
17
1728
-1779
173
409
-596
17
-13
430
-339
-92
6
2
254
-255
80
-54
-35
-5
0
4993
-3274
-1079
-488
-122
-30
449
-393
-23
229
-256
118
1848
-1951
-22
2:4
-5
32
46
95
-152
-1
153
-59
-96
-13
8
20
-27
24
-31
52
337
-372
51
-64
19
-22
2
134
-137
48
296
-148
-191
92
-77
-19
12
140
306
-417
72188
-68896
-3181
-117
-3
-24
3044
-2697
-311
105
-146
12
112
-111
-8
2:1
8
59
-52
8
457
-493
16
-8
161
-58
-106
68
-65
123
-129
169
-170
2
722
263
-875
405
-507
7510
-6352
-1025
-140
-3
20
-3
118
-126
71
-7
-72
-1
22
-2
2777
-1284
-1502
54
14006
-13682
-357
-33
21
-13
181
278
-383
-9
41
826
-937
2949
-2158
-696
-67
-18
122
23608
-23683
3137
-3166
1138
-1165
27
833
-808
16086
-16024
-112
-1
321
-17
-283
200
-223
5
1500
-1509
203
5339
-5376
11
-169
459
-468
270
-264
59
261
316
-640
1267
-1216
-44
53
18
4672
-4716
20
356
-284
147
849
-889
713
-590
9512
-9766
-88
-8
35
-23
159
-152
-20
189
-196
80
-36
37
-79
31453
-31389
-15
-47
2
371
-64
-74
6567
-6805
93
-42
-49
2067
-2011
-57
91
506
-596
2
-5
14
31
-43
110
-104
110
-88
367
-391
52
-15
-31
-4
-5
2855
-2845
257
-222
117
-150
11
-26
2:5
747
-718
164
-193
184
0
-187
55
-5
-49
35
465
-453
-39
-12
363
-299
-62
17
-13
4169
20441
-18311
-6302
18
290
1108
-1419
145
29
1464
-1508
-129
36
321
2033
-2370
-24
360
-276
3
59
2907
-3009
1582
1652
-3222
864
-879
-16
-8
-12
3
-8
24
349
-343
7
-10
2
907
-740
-160
1199
-1149
-37
105
-136
746
142
-44
-862
-1
-3
-1
-3
0
-3
2:0
7
-4
-3
3
0
-4
5
2:2
-8
2:0
2:3
-2
0
3
-8
1
5
3
-5
0
-1
3
-1
2
-7
2
0
1
-2
-1
6
3
-9
8
-6
1
-1
2:2
3
-9
5
3
-6
0
3
-4
3
2
4
-5
-3
3
-5
4
6
-9
2:0
7
-5
-2
4
-3
-1
0
4
0
-5
5
-5
3:0
7
-5
7
-6
0
8
-6
3
-6
0
-2
10
-3
-1
3
-6
3
-2
-3
8
-3
-5
3
2
1
-5
-1
0
-1
2:1
2:-1
2
2:0
3
-3
3
0
-1
0
3
-7
2
-2
2
-1
4:0
5
1
-4
1
3
2
-5
-4
0
5
1
-3
-2
-1
1
0
8
-8
-1
0
6
-6
5
3
-1
-4
0
6
-9
2:2
-1
8
-1
-6
-3
1
0
1
6
-1
-5
0
5
-7
-1
2
0
2:4
2:-5
2:0
8
-4
0
-4
9
-5
0
1
0
-4
-1
5
-1
-3
2
0
-2
1
5
-4
2
-4
7
-7
3:0
2
-2
0
-1
1
2:0
2
-1
8
-9
0
2:2
-4
2:5
-10
0
-1
6
0
-5
6
-7
0
6
1
-2
-1
4
-4
0
3
-6
0
2
4
3
-9
1
2
-4
6
-3
3
0
-2
2:-1
1
-3
3
2
-5
0
9
-8
0
2
2:0
8
2:-3
-2
-3
0
3
0
-3
2
-1
2:0
5
-3
4
-3
0
-1
2:0
1
-3
6
-6
9
-10
1
6
-2
0
1
-6
1
7
-6
4:0
1
2
-3
-1
6
-5
-2
0
1
3:0
3
-3
4
3
-4
2
1
2
-6
4
-2
4
-8
10
-7
2
-5
0
2
-1
0
-1
3
-3
-1
0
1
2
3:-1
6
-5
4
-2
-3
3
1
0
-3
6
0
2
-9
0
3
-3
0
5
0
-4
1
-1
6
-7
8
0
-5
5
-8
0
3
-1
7
1
-9
4
-2
-3
1
0
7
2:-3
3
-4
7
-8
3
2
-4
7
-3
-5
2:3
0
-2
2:-1
3:0
8
-9
-1
0
11
2:-3
2
-5
-1
0
1
0
-2
0
1
0
4
6
-10
0
4
-4
1
8
-9
1
0
9
-11
0
9
-6
-1
7
-9
1
2
0
2
-5
2
0
3
-4
2:2
-1
-2
0
6
-2
-3
1
3
-3
0
2:-1
1
4
-6
3
-1
-3
6
-2
1
-3
1
0
3
2:-3
0
3
0
-3
9
1
-2
-8
3
4
2
3:1
-2
1
6
-5
-2
2:0
102
-101
0
8
4
-11
20
-21
9
-10
2
-1
5
-5
-1
7
-5
-2
2
6
-8
2:0
8
-3
-2
0
-3
2:0
14
-13
-1
4
-3
-1
3
-2
1
-1
8
-7
-2
0
1
3
-2
4
-6
3
-3
3
-1
0
-2
1
-1
2
13
-5
-10
4
-4
1
3
-4
13
-13
0
2:1
0
-2
5
-5
5
-3
0
4
-4
43
-24
-20
0
-1
1
-1
3
-1
78
-77
-2
-1
0
4
2
-1
-3
38
-34
3
-2
0
3
-8
-1
7
-7
13
-12
23
6
-29
3
0
1
-1
-4
8
-6
8
9
-1
-16
2:0
-3
2:4
59
-54
963
-881
-76
-11
-3
1
-5
4
1
-6
0
1
22
-19
-3
8
-2
-5
18
-3
-17
92
-92
2
8
7
-10
-4
-3
0
20
-19
26
-27
2
14
-12
4
7
-12
471
-437
-27
-10
2
4
-1
-5
1
5
3
-5
-3
2
3
67
-29
-36
-6
195
-149
-46
1
3
-5
19
-20
43
-37
4
-10
1
111
23
-130
1
-5
24
475
-485
118
-127
24
-27
26
50
-60
555
-566
0
-7
-1
0
28
-25
-1
4
178
-184
4
167
-161
-5
-4
30
-27
54
-51
-7
34
110
-139
26
-25
-2
9
10
25
-46
7
0
-2
35
-16
-2
38
-8
46
-93
-5
-1
1
12
25
-34
-5
0
2:2
-4
2:0
200
-197
2
-4
4
16
-21
24
591
-614
7
-8
1
17
-15
-3
8
34
-42
1
0
2
0
1
7
-7
-4
15
3
-11
16
-20
3
-4
5
90
-93
33
-29
1
-4
9
-13
1
-1
13
-1
-5
-6
2
0
-4
15
-9
-3
2
12
-14
0
2
4
-9
2
7
-2
166
499
-464
-207
3
1
257
-259
12
2
-6
-11
2:1
37
146
-177
-7
11
1
4
-1
27
-42
138
43
-176
16
-20
1
-1
7
2
-9
10
-2
-10
2
1
-1
15
-7
-10
37
-33
-3
17
-17
16
-8
68
-75
-2
7:0
2
2:-1
1
-1
3:0
1
-1
13:0
3
-3
7:0
1
0
-1
0
2
20
0
-22
0
1
2:0
-1
10:0
1
-1
2
2:-1
3:0
1
-1
1
-1
3:0
2
-2
1
-1
3:0
1
-1
12:0
1
-1
0
3
-2
-1
10:0
2
-2
4:0
3
-3
14:0
1
-1
0
1
-1
5:0
1
-1
4:0
3
-3
25:0
2
-2
3:0
2
-2
3
-3
0
1
-1
3:0
1
2:0
-1
3:0
2
2:-1
4:0
1
-1
2:0
3
-3
0
1
2:0
-1
7:0
3
-3
0
2:1
-2
5:0
2
0
-2
4:0
1
0
-1
3:0
2
-2
2:0
2
-2
13:0
1
2:0
-1
1
-1
3:0
1
2
-1
-2
1
-1
8:0
2
-2
3:0
1
-1
3:0
1
-1
1
-1
0
5
-5
0
1
-1
4:0
1
0
-1
0
1
-1
0
1
-1
0
1
-1
7:0
1
-1
1
-1
3:0
2
-2
4
-3
2
-3
14:0
4
-4
7:0
1
-1
8
-8
5:0
3
-3
4:0
1
0
1
2:-1
3:0
2
-1
2:0
-1
4:0
1
0
-1
1
3
-4
0
1
-1
2
2:-1
0
2
0
-1
0
-1
3:0
4
-4
2:0
2:1
7
-9
3:0
1
-1
2:0
1
0
1
2:-1
0
2
-2
0
2
-2
5:0
1
-1
2:0
2
-2
1
-1
9:0
1
0
1
-2
1
0
1
-2
1
3:0
1
-2
3
0
-3
1
-1
1
-1
9:0
1
-1
3:0
2
1
end
