v1
883
743
486
52
139
48
52
444
119
228
86
113
124
58
56
4
18
28
660
489
288
377
355
321
72
275
47
404
177
258
68
433
160
66
209
138
339
41
109
6
45
510
31
197
28
14
403
117
262
202
34
21
368
183
314
353
110
104
171
431
494
212
176
54
104
141
94
69
57
12
903
135
366
424
402
644
7
0
271
123
275
31
254
304
157
20
111
294
59
553
29
12
39
32
12
50
19
31
46
134
15
4
118
73
9
74
45
2:14
115
38
3
16
55
30
215
85
20
341
1
173
120
203
22
502
22
98
206
10
33
6
116
146
138
54
121
141
85
74
27
41
198
61
146
287
129
611
15
33
83
70
229
41
309
212
7
983
41
260
71
143
55
136
55
56
109
2
66
115
187
75
50
961
48
229
33
226
6
80
128
57
69
7
8
147
40
393
1
509
182
20
82
102
412
40
175
2:70
51
8
11
32
385
67
100
54
108
19
70
58
88
212
5
20
3
193
5
151
96
10
255
151
39
46
17
155
34
77
15
31
31375
22
9
43
42
119
33
53
44
173
69
7
120
36
8
22
932
220
68
111
71
166
15
3
47
2969
341
2211
328
1553
3764
1376
10816
2650
4766
5782
830
5310
2988
3071
1378
2
4
8
11787
943
15
2453
13
2024
3128
10
5
1428
3523
116404
3545
7716
25
73
9417
32379
42
18
4
26
7
120
14
113
20
21
32
36
5
55327
101
35
74
59
98
9
15
12
18
10
29
6
12
162
27
10
3
2
8
2:1
11
0
2
30
725
14
176
3451
12835
4654
3093
10208
3251
4729
575
485
1183
1062
665
436
532
2
3
2:11
27
4
86
10
84
37
3
1
43
47
9
1
40306
64
176
825
1
286
23
85
202
286
42
15
18
41
103
56
46
30
199
74
425
19
17
38
14802
2215
9722
2:1
162
1
101
14
28
62
13
62
-488514
116
16
45
20
236
22
9
238
219
22
396
65
36
258
92
28
110
99
46
31
53
80
58
220
76
0
4
0
40
91
70
77
458
166
6
59
3
18
111
408
0
153
7
10
275
5
124
260
41
89
70
81
0
1
129
25
337
77
214
67
181
1
46
53
22
160
65
266
177
35
14
316
142
24
150
23
11
10
106
5
48
26
88
220
90
14
9
21
142
112
854
5
30
45
335
48
102
3
43
31
147
202
101
57
8
204
423
49
0
86
168
111
74
60
54
97
614
111
162
515
262
28
405
462
200
120
154
376
28
328
53
481
7
138
422
34
9
50
64
219
529
242
127
160
125
6
175
26
58
17
63
13
5
3
1
8
23
26
5
2
49
3
14
6
1
112
0
14
61
40
27
78
61
17
31
36
18
7
57
33
92
73
0
71
46
365
324
57
160
291
35
14
18
187
138
323
195
27
222
45
28
107
325
81
5
166
154
68
29
0
314
27
52
197
5
50
290
5
44
186
79
655
79
28
88
50
145
144
661
7
144
41
205
192
30
354
37
45
142
38
209
110
592
28
0
35
320
1
146
25
201
57
467
119
6
444
113
0
162
2
277
16
52
185
163
3
4
71
5
153
268
6
18
0
19
6
9
8
0
22
17
142
43
30
51
136
134
65
92
0
72
189
156
35
127
343
2
149
29
14
38
2
41
31
46
58
17
0
15
60
31302
267
15
159
0
61
93
12
60
55
91
35
156
16
1038
56
38
50
0
67
309
1
3
63
69
272
7784
1707
703
9647
7858
7786
2831
3663
423
2185
1741
872
1267
1401
8046
22
7
2
1
4
54
0
2753
14
1859
1514
1407
509
1014
3146
7
1
9
8
2
1445
15451
6517
1795
96145
3543
1736
6032
4
41840
31
7
2:23
100
86
61
13
91
27
11
7239
3760
25036
18596
731
17
306
0
40
117
91
2:1
13
42
4
5
743
85
4
121
11
4
25205
16272
652
899
2258
45
143
86
377
1219
2:7
2
17
66
31
68
6
40
43
29
41
13
30308
1513
8659
259
0
2
511
172
41
216
11
38
134
245
4
149
22
4
238
5
26
10
2:5
207
315
160
45
2:28
31
8
14939
72
2
1975
9842
130
78
19
56
60
23
7
1419789000
399:0
1
482:0
14
33
-22
-11
4
-7
1651
2458
-4099
5
624
-606
582
113
-571
92
-43
-198
-10
147
3671
-3629
-182
-3
3
-2
41
-21
1958
-1983
99
-63
-29
5
20
-14
10
5
2398
-1934
-325
-154
-16
613
-613
84
-73
3
102
-97
-1
-5
330
-343
9
-9
12
3222
-702
-2125
-316
-83
457
-439
-20
168
-171
448
-453
84
-62
373
-312
-75
3477
-3320
10
-175
254
-205
32
4
329
-344
40
-107
174
-177
13
-10
-1
0
1767
-690
-1079
27
31
-54
0
-3
103
-14
-10
858
-845
-91
39
28
1045
-999
-109
230
-214
21
94
-108
-28
80
237
-244
207
-280
26
-5
354
-356
-4
101022
-100924
6319
-6257
-151
-25
72
-50
23
70
-34
-78
54
-12
6
-40
6
-18
79
-79
414
-402
28
-19
839
-851
40
-43
107
-105
587
-547
-32
-15
5
854
-749
-32
81
-155
3
11882
-4958
-6896
-28
10
69
-72
152
-166
2
2019
-2014
442
-445
39
49033
-49063
1039
-1052
24
-14
11
73
815
-902
119
-104
2
-24
21
3487
-2473
-998
154
-183
63
34356
-30610
-3813
39
1
351
-345
1885
-1779
7324
-7456
27
-39
-2
-7
2
-3
44
758
-747
153
1205
-1405
-4
53
6369
-6236
-84
-108
5
763
-761
-3
1873
-1739
-137
31
448
1254
-1709
1072
-1092
30
20
-3
-5
120
-166
81
-68
79
-18
74
4912
-4635
-421
1286
705
2089
-4038
-45
-2
4
331
543
-855
114
-98
-31
55
-51
15
-25
8
137
-137
49783
-49777
-14
5
14
273
-294
262
-155
7267
-7370
52
-34
233
-250
2
2:-1
316
-45
-220
-46
1343
-72
-1275
2
28
-8
-4
23
-35
10
99
-116
8
83
-13
-67
30
-15
-5
-16
1
-1
525
-376
14
-7
-152
-13
19
-18
4
9
108
-7
29
-117
-27
-1
2
12
74
-65
-17
200
177
-360
-16
30
-36
24
-13
45
-51
13
1484
22423
-20070
-3717
-128
2
700
-633
-3
-28
68
1181
-1241
26
-34
1
2689
-2642
489
16905
-17450
33
-74
2
38
-37
18
-11
29
-17
415
-431
14
-5
3905
-3856
2047
-2088
37
190
-224
36
-55
447
-458
-4
3
2
1
-6
3
-2
5
-6
-1
3
-2
-1
4
-4
2
-2
0
3
-2
2
-3
3
0
-2
0
-1
0
1
3
-3
1
-1
1
2:-1
2:1
0
-1
0
1
-2
0
6
-6
1
0
7
-6
-1
2:0
1
2:-1
2
-2
7
2:-1
-3
3
-5
2
0
1
-1
0
-2
7
1
2:-3
0
-1
1
0
-1
2
-1
2:0
-2
6
-6
4
2
-1
1
-5
4
-5
1
7
-7
5
-4
6
-3
0
-5
1
0
3
0
-2
-1
2:0
2:2
-3
3
-1
-4
6
-2
-4
2:0
6
0
-4
6
-3
-4
3
-2
6
-4
1
-3
-1
6
-6
2:1
2:2
-6
6
-5
-1
4
-5
8
-4
-3
0
4
-3
3
-2
-3
1
3
1
-3
-2
2
-1
0
7
-4
-3
0
-1
0
3
-2
1
-2
2
6
-6
5
-5
-2
1
5
-5
0
1
2:0
2:-1
2
3
-1
-4
0
7
-6
1
0
2
2:0
-1
-2
1
4
-4
6
-8
3
-2
0
7
2:-4
1
4
2:0
3
-8
1
-1
1
2
-1
0
3
-4
0
7
2:-4
0
3
0
2
-4
3
-4
3
-2
1
0
3
-5
0
2:2
-4
0
1
3
4
-6
-1
6
-4
-2
0
3
-3
6
-7
0
4
-4
2
4
-6
0
1
-1
0
1
0
-1
0
1
2:0
1
-1
0
-1
5
1
-4
5
0
-6
0
-1
2
-1
4
-3
0
2:-1
1
6
-7
2:2
0
-4
5
-4
0
3
-4
1
7
-2
-5
0
-1
2
1
-3
5
-3
-1
2
-2
2
1
-4
1
0
1
0
-1
0
3
2:-1
5
-7
0
2
-2
0
2
0
-1
2:2
-3
-1
7
-8
5
-2
0
-2
3
-3
0
1
6
-7
3:0
-1
0
2
3
2:1
-3
-1
-2
2:1
-2
0
4
-3
1
-1
6
0
-3
3
-6
5
-5
1
-3
2
6
-5
-2
-1
5
-1
-4
1
2:0
2
3
2
-5
-2
2
3
-4
6
-6
2
3
-2
-5
7
-6
0
3
-4
7
-1
-5
-1
4
2:-1
-2
0
1
-1
3:2
-5
1
-1
3
-2
1
4
-6
0
4
-2
3
-6
2:2
-1
-2
4
-4
1
-1
6
-1
-6
5
2
-6
4
-2
1
0
-4
6
-3
1
-1
-2
-1
1
6
-6
4
-3
-2
0
7
-6
0
3
2:1
-1
0
-2
4
96
-101
3:0
14
2
-16
26
-24
30
-32
17
-14
9
-12
3:0
6
-5
13
-14
6
-5
2:0
2
-1
-2
0
5
-4
2
2:-1
28
-29
0
1
2
-2
-1
2
2:0
-1
0
1
0
2:3
0
-7
-1
17
-17
0
16
-14
3
-5
7
-2
-3
4
-6
7
2
0
-9
27
-18
-7
-2
4:0
86
-86
1
0
1
0
35
-37
0
7
-1
7
-13
2
23
2
-22
26
-21
-7
4
-7
16
-14
0
3
2
-7
9
-9
0
1
24
-18
-4
-3
3
-3
68
-67
6
1580
-1586
101
-82
-20
2
4
-2
-1
4
-7
4
-3
6
11
-12
2:-2
11
-9
31
-32
9
-10
16
-14
-3
7
9
-17
32
-30
-2
0
3
10
-8
-2
5
-7
0
526
-374
-148
2:-2
4
-3
-2
5
-1
78
-79
34
-34
1
482
-479
44
-50
-1
12
-9
-3
21
-19
25
-18
-6
-2
2
132
36
-160
-10
-1
15
758
-688
-85
1
2
21
3
71
-77
833
-843
-7
2:-2
3
-3
0
7
-1
3
2
120
-129
2:0
172
-164
13
-23
0
4
-3
3
35
20
-59
5
30
216
-234
37
-53
5
-1
9
-3
51
-61
9
-9
-1
3
29
-8
17
-39
56
-19
51
-85
-4
2
-3
18
-16
18
19
-36
-3
8
-6
1
-3
8
-8
0
281
-281
0
5
1
19
-25
1
10
636
-646
2
1
5
-9
5
-5
2
1
-3
0
3
4
64
-70
4
1
19
-23
8
-3
-7
3
-2
0
27
-22
5
13
-19
17
2:-11
3
61
-51
-2
0
-9
-1
8
-7
-2
5
8
2:-4
-1
-4
3
0
-1
12
-11
1
0
2
-4
0
-1
2:0
2
-2
-1
6
116
571
-520
-159
-11
1
175
-165
12
-13
32
116
-161
6
11
-4
21
-34
301
270
-567
31
-35
1
18
-19
4
5
-5
17
9
-29
0
5
26
-25
16
-22
-1
23
-23
4
-2
18
-20
22:0
1
0
-1
3:0
1
-1
2:0
1
-1
10:0
2
-2
2:0
2:1
-2
7:0
1
0
-1
0
2
-2
3:0
1
-1
3:0
1
-1
2:0
2
-2
9:0
2
-1
1
-2
7:0
1
-1
2
-2
9:0
1
-1
11:0
3
-3
0
3
-3
1
-1
1
-1
6:0
1
-1
5:0
5
-4
-1
3:0
1
0
-1
2
-2
3
-3
1
-1
0
1
-1
1
-1
8:0
1
0
-1
2:0
1
-1
5:0
1
-1
0
1
-1
6:0
1
-1
5:0
1
-1
4:0
2
2:-1
0
4
-4
0
4
-4
6:0
2
-2
4:0
1
-1
0
3
-3
6:0
2
-2
2:0
2
-2
3:0
4
-4
0
1
-1
1
2:0
-1
2:0
1
-1
2:0
2
-2
13:0
1
-1
1
3
-4
1
-1
6:0
1
-1
3:0
11
-11
5:0
1
0
-1
2:0
2
-2
3:0
1
0
-1
2
-2
3:0
1
-1
8:0
1
3:0
-1
6:0
1
-1
2:0
2
2:-1
4
-1
-3
4:0
2
-2
6:0
1
2:2
-2
-3
5:0
1
-1
1
-1
1
-1
1
-1
0
2
-2
2:0
4
-3
-1
2:0
1
0
-1
4:0
1
-1
4:0
3
9
-12
2
-2
2:0
1
-1
0
2
-2
1
3
-4
2:0
1
-1
0
2
-2
3:0
3
-3
10:0
3
-3
4:0
2
-2
2:0
1
2
-3
2
-2
1
0
1
-2
2:0
1
-1
5:0
1
-1
1
-1
2:0
2
-2
0
end
