v1
917
187
20
45
332
113
46
281
205
52
139
14
484
46
119
382
150
19
58
19
37
7
15
28
118
496
39
73
99
539
73
59
81
592
159
162
72
132
0
190
133
136
135
69
108
14
138
341
99
167
71
16
49
42
328
14
53
70
269
60
96
66
333
21
166
88
137
554
209
33
6
93
31
127
79
57
139
93
85
202
166
44
353
110
88
16
171
110
321
494
212
61
23
146
59
67
21
192
69
57
915
135
104
82
180
260
69
95
254
27
28
143
185
77
64
268
7
260
134
275
16
93
11
53
219
157
40
288
286
8
59
50
149
16
130
181
27
29
12
33
6
32
43
38
23
8
46
2
17
134
118
54
19
9
74
29
16
14
45
19
30
35
38
57
144
118
105
205
77
60
78
7
88
120
206
19
195
329
98
0
2:103
10
33
6
116
104
127
53
54
121
141
186
41
256
3
146
287
129
275
6
31
299
15
31
2:1
66
69
18
229
41
135
288
105
983
301
53
40
312
55
56
109
2
24
80
264
75
50
469
263
229
13
264
33
29
147
10
40
33
181
57
69
7
8
147
40
158
125
110
609
2
81
20
82
102
360
52
3
37
160
15
70
121
8
11
31
1
363
51
38
100
54
47
31
30
35
54
38
20
88
153
59
5
20
3
104
89
5
205
174
191
132
46
17
21
91
43
34
92
31406
10
12
9
43
194
53
44
85
88
76
8
112
36
8
22
1043
37
72
68
92
19
71
166
18
47
3310
2211
2
326
1553
3073
2067
6258
2432
2126
2650
4766
5782
9128
925
2139
1382
3
2
4
8078
14
2821
882
958
1533
933
474
509
4167
0
1
9
2
5
1
2
1425
3523
116404
3545
1735
6006
32
41
0
9417
32418
3
22
26
7
10
29
20
75
40
73
20
14
0
39
36
5
55387
41
35
74
157
7
2
15
12
57
6
12
53
109
27
10
3
2
8
2:1
11
10
13743
3480
4654
3093
1178
9030
7894
86
575
1590
78
454
418
190
1101
532
2
1
2
53
1
85
34
60
6
3
28
3
1
43
47
4
5
1
30302
1513
8491
64
176
159
666
1
46
250
13
85
202
24
17
236
9
57
18
41
103
47
31
2:5
44
273
349
26
13
37
19
17
38
14802
87
138
1977
13
9722
2:1
105
57
1
101
14
18
72
13
62
5
23
7
-488518
352
72
480
300
104
0
9
4
264
120
54
261
464
0
305
397
121
91
0
398
186
249
49
241
22
487
36
26
7
156
41
19
0
262
48
332
79
303
21
0
10
50
0
329
81
0
176
73
118
0
105
35
201
150
44
762
66
16
0
451
4
63
5
37
148
176
441
0
29
365
264
15
100
120
47
147
64
0
48
200
461
166
63
228
0
84
8
0
254
44
67
162
354
0
59
2
0
390
0
110
290
0
5
64
0
306
14
18
0
166
94
293
478
396
526
626
285
6
72
5
39
64
32
46
116
28
56
394
0
59
316
0
4
32
34
24
36
44
10
0
12
8
5
10
0
41
52
21
0
123
100
0
31
139
84
1
28
53
15
11
0
7
54
55
150
4
165
11
289
1252
449
42
11
31
167
98
0
55
359
0
6
31
108
151
61
7
90
70
323
0
219
99
224
622
148
158
41
8
187
50
0
258
0
242
273
177
7
178
7
427
391
170
264
110
3
22
127
34
287
0
369
134
50
152
0
95
75
57
21
290
0
344
476
0
18
63
173
5
0
63
0
38
83
21
159
235
0
253
116
195
23
17
164
0
95
12
244
65
200
479
0
35
70
48
85
21
0
149
45
61
42
15
156
82
104
134
31402
52
0
39
83
61
9
43
120
0
278
0
62
7
0
981
2
0
54
56
88
287
497
5565
1878
12398
1
1817
3307
10519
0
1620
4874
436
0
2169
3
3887
9422
47
2
2811
1874
2434
2010
1
0
3154
121371
11311
51
32657
8334
861
2
171
0
12
135
56
38
65
54566
731
349
21
107
94
0
2
55
26
1
725
43
18
32
63
0
55
14
18640
18846
5542
247
201
1988
1699
17
0
9
0
20
41
8
11
65
12
6
73
2
0
45
40306
0
338
31
118
51
22
445
134
69
0
204
93
107
245
179
8
243
33
9
203
124
307
89
14880
4
120
0
30
74
2
11854
91
0
73
102
0
1419027000
499:0
1
416:0
9
77
-78
6
-3
32
53
-58
8
-28
-2
-9
14
4893
-4907
16
0
585
-599
3058
-3060
30
-9
-19
80
534
-568
-7
-39
164
-164
11
182
-178
-7
579
-583
0
61
-45
94
35
-62
-78
-10
1
-2
41
143
-166
-11
-5
0
7
36
139
-145
-35
4
1
15
-23
5
-5
6
409
-416
29
-13
-16
27
-11
15
-14
22
-35
0
8
28
-24
27
-27
-6
-8
1978
-1558
-415
60
435
-501
4
439
-211
-229
23
8
324
-357
217
-174
-16
-28
83
-80
15
-17
5
-6
362
-363
133
-128
-4
7
98
147
-243
360
-281
-63
-19
21
-18
4
389
45
-312
-126
178
2067
-2145
-105
8
-4
11
7
0
-21
3
13
377
-389
1
-1
60
-63
17
48
28
-13
-76
74
458
-463
-79
9
3
74
33
-120
461
-365
-82
589
-280
-315
-5
30
205
-236
1
104
764
-869
57
-58
399
-394
0
5
28
123881
-123913
6758
-6321
-421
-19
582
-575
17
738
-715
480
-523
64
-61
198
-196
-3
28
-5
21
-16
2:-19
404
-387
19
-7
102
336
-372
-89
113
-6
76
-110
-76
-2
792
-759
113
-125
-20
32
15869
-9151
-6726
-9
-7
-3
34
37
-23
-52
-3
11
-9
571
2616
-3180
1570
-1556
1
33534
-33543
-15
11
270
-280
-1
23
16
-33
192
-196
36
24
67
-129
85
-6
-38
5323
-4253
-1111
179
-177
-2
2
1436
43889
-45308
-3
7034
-7048
46
12
-32
877
-886
1536
-524
-1027
6494
-6487
-7
68
-68
-2
79
-46
-34
1
0
-1
11
1365
-1327
1660
-1702
1314
-1072
-94
-138
-10
556
-540
194
-126
-90
380
1601
-1878
1047
-1108
-44
34
39
113
-134
92
260
-397
102
9878
-9710
585
491
-856
-404
1596
-1687
6
407
7273
-6939
-715
168
-202
440
-440
28
48
-19
31
-76
40
-29
-4
-14
20
-12
22
-29
0
4
15
49410
-49423
-6
-3
7
172
-180
334
-333
292
-269
24
0
4999
-5023
-16
1131
-1138
9
18242
-17423
-826
8
14
2
-22
11
0
-7
29
595
-626
9
1
31
126
-172
12
-15
100
-58
121
-140
2
23
-47
15
-8
40008
-39998
569
-466
93
-203
-3
622
-358
837
-1098
-1
-5
17
1
-5
315
-249
-69
9
-22
76
62
121
1169
2533
-3963
17
81
-50
-49
22
491
44776
-42217
-3055
-10
-6
2
846
-847
0
261
736
-877
-82
136
486
-655
-7
168
68
-148
-87
17
169
1981
-1215
14510
-15433
105
-130
-1
5
14
0
189
-178
-15
5
-16
124
-106
343
-352
2124
-2137
1
131
-116
2380
-2274
827
1026
-1972
105
64
274
-338
-101
718
-689
27
-57
-15
2:-1
1
3
-3
0
1
2:-1
5
2:-1
-3
0
2:2
-2
-1
0
3
0
-2
1
2
-3
-2
2:2
-2
2
3
-6
0
3
-4
4
2:0
-3
0
2
-1
0
-2
2
0
4
2:-1
0
3
-4
-1
2
-4
6
-4
-1
0
6
-4
-3
6
-3
3
-4
-2
0
2
2:-1
1
-1
6
-4
4
-5
3:0
4
1
-4
2:0
1
-3
0
2
-2
4
2:-1
0
-1
4:0
-1
2:0
3
-2
0
6
-2
-4
0
4
1
-6
3
-3
3
-3
5
2
-4
-1
1
-2
5
-6
7
-4
0
-1
2:0
-1
0
-1
3
1
-3
1
0
2
3:0
-2
-1
0
6
-4
-3
0
5
-4
0
3
-4
1
4
-3
-2
0
2
2:0
1
4
2:-2
-3
6
-5
5
0
-3
-1
3
-5
2
0
-2
2
0
4
-6
1
2
-2
0
1
4:0
1
3
-1
-4
5
-4
3
-4
-1
0
1
0
2
-1
2:0
-1
2
-1
4
-5
3
2:-2
2
3
-2
-1
0
-2
0
3
-3
0
7
-3
-2
2
-3
0
-1
2:0
3
-2
-1
2
0
-1
0
2
2:-1
1
2:0
5
-6
3
-4
0
4
0
-2
2:-1
3
-3
2:0
4
-2
2
-3
2:0
3
0
1
-5
1
2:0
2
2:0
-1
0
-2
0
1
2
-2
1
0
-1
2:0
1
0
-1
3:0
2
0
2
-4
3
-3
-1
4
0
1
-3
0
-2
3
-1
0
-1
0
-1
0
4
2
-5
-1
1
2
-2
0
4
-5
6
-4
-2
0
3
-2
2:0
4
-1
-4
6
-4
3
-2
-1
0
2
-4
0
5
2:-2
-1
5
-2
-1
5
-6
0
3
-3
1
0
3
-1
-2
2
0
-3
0
-1
0
1
0
2
-3
0
4
-3
5
-5
0
2
-1
0
-1
2
-3
0
1
2
0
-3
0
4
-2
-1
2
-3
6
-6
5
0
-3
3
-2
2:0
1
-3
0
2
-3
5
-5
2:0
6
-4
0
2:1
-1
2:0
2
-2
2
4
-3
-2
-1
2
116
-117
-1
1
20
-20
16
-15
9
-11
0
3
1
-4
3
-1
15
-17
0
12
-11
0
2
-2
0
-1
4
-3
8
-9
1
-1
1
-1
0
28
-28
3:0
3
-3
8
-4
-3
-1
4
-4
0
2
0
3
17
-21
0
5
-6
2:0
3
2:-1
1
-1
8
-6
2:-1
2
0
-3
0
8
-7
9
-3
-6
-1
0
13
-12
0
-1
17
-15
2:0
3
-5
6
-5
-1
1
2
-2
1
-2
0
3
-3
1
4
12
-17
36
-28
2:-4
0
1
-1
0
1
5
-5
84
-84
0
-1
0
3
2
-1
4
-6
1
-1
68
-65
-2
2
-2
9
-4
-7
18
13
-32
9
43
-44
-8
3
0
-3
8
-7
14
-12
0
-1
11
-13
2:0
20
-20
1
8
-3
-6
4
-2
80
-82
2:0
9
1797
-1805
115
-94
-19
-3
6
-4
10
5
-8
-5
-3
29
-23
1
-3
-4
2:3
6
-3
-9
-1
39
-37
-2
17
-6
11
-22
5
1
13
20
-39
1
0
15
-7
-3
1
-6
-1
588
-457
-128
-3
2
1
-3
12
3
-12
-1
-2
1
-1
89
-88
58
-54
-4
390
-376
-15
3
25
-24
-4
4
2
-6
18
-15
1
-2
32
-34
14
-11
0
169
-22
-150
8
-5
2
-4
15
822
-830
-8
146
-146
0
2:2
29
-28
27
81
-112
715
-709
-5
6
-6
-1
39
-36
-2
3
-5
0
5
190
-194
84
-85
6
9
-6
-7
1
40
-39
55
-51
-6
48
188
-227
53
-64
1
6
-5
-1
10
29
13
-49
-1
9
25
-37
34
21
-51
102
-106
0
49
70
-106
-12
10
-10
2:0
14
29
-41
-3
0
2
4
-5
2
8
-8
-3
2
2:0
1
304
-307
3
5
-6
3
-5
24
-22
-2
0
11
0
543
-547
-7
16
-15
2
-1
-2
2
0
6
-6
-2
2:0
3
0
57
-60
6
-5
22
-13
-10
6
-6
2
11
1
-1
-13
24
-24
7
-2
110
-113
58
-47
-2
-11
0
26
-18
5
-12
6
-5
4
1
-7
11
-11
0
3
-1
8
4
-14
2:4
-8
1
-1
15
-15
9
108
543
-476
-177
-3
-2
0
197
-199
3
12
5
-3
-12
42
94
-134
-7
8
7
-3
-11
0
7
29
138
336
-506
26
-29
3
-5
1
14
-14
-1
1
0
13
-7
2
21
-26
-4
2:1
3
-3
17
-12
-7
41
-41
1
27
-26
14
-15
57
-53
-2
0
-3
10:0
1
-1
4:0
23
-23
22:0
4
-4
2:0
3
0
-3
5:0
1
-1
0
1
-1
1
2:0
-1
3:0
1
-1
4:0
1
-1
9:0
2
-2
5:0
1
-1
12:0
1
2:0
-1
3:0
2:1
-2
6:0
1
-1
9:0
1
-1
10:0
2
-2
1
2:0
-1
2:0
1
-1
7:0
1
-1
2:0
1
3
-4
8:0
1
-1
5:0
3
-3
1
-1
2:0
1
-1
6:0
1
-1
1
-1
5:0
2
-2
4:0
2:1
-2
13:0
2
-2
4
-4
12:0
1
-1
6:0
1
-1
10:0
1
-1
1
-1
2
0
-2
2
-2
1
-1
3:0
1
-1
15:0
1
0
1
2:-1
4:0
2
-2
0
1
2
0
-2
1
-1
0
-1
4:0
7
-7
2:0
1
-1
3:0
2
-2
9:0
1
-1
1
-1
0
6
-6
2:0
1
-1
2:0
14
-13
-1
0
1
0
-1
3
-3
0
1
0
-1
0
2
-2
0
2
0
-2
13:0
1
-1
13:0
1
-1
1
-1
1
0
-1
1
-1
10:0
end
