v1
660
207
3
87
134
104
49
127
32
0
268
0
44
38
136
27
25
15
124
14
34
350
3
89
54
119
51
137
0
6
187
46
119
57
6
17
2
37
7
15
0
28
118
159
215
87
35
39
7
165
229
378
2:5
27
7
101
292
5
125
18
152
138
81
102
50
20
2
106
145
260
172
43
34
67
9
219
96
10
240
220
41
725
87
39
0
61
92
58
6
265
111
23
156
7
24
197
28
344
190
20
24
144
74
99
158
127
9
134
5
93
85
157
45
101
65
43
1
160
13
147
143
120
54
101
333
98
0
16
478
355
87
306
33
69
57
31
246
237
178
181
42
135
104
52
424
43
111
56
254
27
28
93
111
124
53
132
224
7
300
94
275
16
212
337
24
288
286
8
59
45
155
316
10
27
14
15
28
17
38
40
3
4
13
10
11
0
30
47
2
3
131
13
4
13
47
43
15
73
9
1
61
12
45
14
29
26
9
30
35
38
3
71
30
173
42
85
2
58
281
13
8
78
95
120
203
22
281
133
110
304
10
39
116
284
54
90
31
35
106
85
101
41
90
166
3
30
116
12
275
129
79
196
6
17
0
14
163
108
28
10
5
33
83
70
229
41
309
114
35
50
20
7
218
662
96
199
76
26
93
233
79
55
56
111
24
42
6
207
89
75
50
47
168
235
282
229
19
258
33
24
5
0
1
8
9
33
39
57
2:25
6
44
2
34
53
37
38
19
38
69
7
114
9
32
40
60
223
32
78
447
200
45
20
182
2
8
52
300
52
3
37
34
141
70
81
40
8
11
32
109
254
22
29
38
100
54
35
12
31
28
2
147
52
36
153
59
5
20
3
104
89
5
9
24
118
54
52
0
122
48
24
105
14
85
0
8
19
11
9
63
94
61
34
64
13
14
1
31401
5
22
9
43
161
86
2
12
30
62
92
19
76
8
112
36
8
22
932
220
68
100
11
71
104
62
18
47
9
3301
2211
328
1203
350
663
1707
1394
1372
4
2464
8352
410
1479
761
4766
4992
790
830
7479
3
816
925
3524
2
4
8078
7
2
14
2798
896
943
15
1533
933
474
509
4160
1
7
1
8
2
6
2
1425
3523
11948
104456
3544
1
1735
5981
25
26
6
41
4
9413
28772
3607
39
3
18
4
33
134
2
38
109
37
36
2:5
11
71
7168
3760
43632
731
9
29
12
35
74
59
105
2
27
52
5
6
12
1
98
63
27
10
2
3
6
2
2:1
11
2
726
29
14
0
6
107
69
3445
12835
2358
565
1731
3093
5057
5151
3251
4729
575
238
247
201
982
873
2
131
10
46
40
1061
532
2
3
5
17
9
18
4
96
14
22
13
35
9
28
3
1
11
32
47
9
1
30302
8628
1158
218
64
176
69
7
24
59
666
1
46
41
222
61
9
15
202
24
7
10
11
87
138
9
2
19
7
29
18
41
61
42
47
31
15
5
4
30
64
30
79
100
375
13
24
13
19
17
38
8
14797
150
72
4
1973
9735
2:1
105
44
13
1
72
29
14
18
17
55
13
4
58
35
6
1419936000
659:0
242
-57
-185
0
2
1
-2
7
0
-4
0
2
116
-111
-9
4
-3
-2
0
19
-19
0
-1
2
2896
-2892
-2
0
-4
2
328
-324
-4
49
-44
8
414
-429
23
0
23
309
-350
4
-8
18
15
-32
35
-37
2
68
-69
0
-1
85
-84
-1
1
-1
157
-156
2
7
-9
0
24
-6
-18
-1
2
286
-277
-11
1
2
0
88
-83
-8
40
-38
0
2
0
33
-33
2
125
-130
9
2
11
-22
50
-49
58
-27
126
-120
6
-36
11
-17
14
-16
4
-5
8
-6
4
47
-53
2
-2
2:1
2
0
1
226
-231
1
31
-31
7
0
-8
2:11
40
-60
70
-67
151
-152
-4
0
1
2
4
3
-9
0
41
-41
15
56
-46
-15
23
-19
-12
11
0
-14
10
68
-76
213
-168
4
-50
5
283
3265
-3552
36
641
-678
0
11
-7
-3
3
111
-111
14
66
-84
5
0
-4
2:3
0
-8
4
-1
0
1
3
58
-65
2:0
88
-81
192
-191
-8
62
-60
17
-19
1
25
-24
87
-82
4
5
16
-31
174
-168
-7
0
2:1
200
-196
36
23
-36
-12
-15
5
127
596
70102
-59750
-11000
-78
47
-46
0
6
30
-20
653
-524
-149
17
18
-34
3
-5
25
-23
1
71
-70
2:0
2:-2
3
90
-87
52
113
-129
-24
1
215
-232
2
10
-8
5
-8
1
0
63
-66
11
141
-144
-9
4
574
-573
544
-548
1
19
-20
11308
-7731
-3552
-24
4
-2
-1
0
2
59
-30
-27
1
0
-7
-1
0
6
54
-60
2
4
-1
56
-61
20
-12
-7
1189
-1181
-5
326
-320
-8
4
26185
-26191
7
-2
-4
399
-382
169
-185
4
-6
395
-393
1
4
-2
-4
270
-270
58
-49
11
-14
1270
-953
-311
-10
-1
2:0
103
-49
25070
-25126
3
1
22
2105
-1927
-204
201
-186
-10
670
-647
3520
-3547
50
34
-84
0
-1
1
3
0
-3
0
1
-1
15
-12
0
2:1
-2
122
234
-353
-4
772
-766
-4
-3
12
112
3159
-3259
166
-190
-1
13
-12
-2
590
-589
162
-9
-148
6
60
446
-347
441
-611
15
2
-17
37
-26
14
95
-100
3
-18
6
71
577
-655
299
-303
-1
64
-64
549
-548
292
-271
-21
3750
409
-4158
16
-12
-5
1
214
-216
15
23
-36
3
-5
5
-5
6
77
-78
95
-98
11
-9
-4
0
5
-3
0
1
38074
-38074
-2
6
11
-17
50
-42
59
-66
18
229
-246
8
103
-114
5554
-5549
51
-12
20
-6
1270
-1325
-1
0
11
-11
2
292
303
-589
35
-43
1
2
37
-40
-1
0
12
34
-31
-9
-3
-2
32
-34
22
97
-107
-7
-4
18
56
-55
2
2444
-2462
2
51
-41
3
24
-38
-2
1
0
1
10
-9
-2
55
-56
-3
28
30
-57
3
-4
10
159
-168
1
-2
36
-35
1
-2
3
-3
28
-17
145
-138
5
-20
4
-7
5
43
-41
-6
1
0
22
-19
104
11238
-8407
-2940
12
2:10
597
-624
-5
7
46
-13
-31
2
-5
23
-27
122
269
-386
-7
17
-15
-2
540
-493
-37
-9
-1
1
20
46
1654
-1719
-2
14
360
2238
-2576
-35
69
-62
3
-3
-6
28
-24
-4
0
-1
5
14
-18
-1
34
13
-24
96
-117
2
-2
2
-3
-2
765
-279
-455
-30
-1
2371
-2342
-27
19
181
-196
0
17
-3
-19
847
-831
-14
1
14:0
1
-1
1
-1
3
-3
3:0
73
-73
7:0
6
-6
1
10
-11
8
0
-7
-1
4:0
2
17
-16
-3
0
13
-13
2:0
4
-4
3:0
11
-11
4:0
1
-1
2:0
1
4
-5
2:0
1
-1
4
-4
1
7
-8
0
3
0
-2
-1
0
1
-1
0
1
2
-3
2
-2
10
-10
1
-1
2:0
2
-2
3
-3
2:0
1
3:0
-1
3:0
1
-1
2:0
7
-7
0
6
-6
2
0
-2
2
-2
6
-6
7
-7
4
-4
3:0
1
2:0
-1
4:0
7
-7
1
-1
3
-3
2
2:-1
4
-1
-3
14
-9
-4
-1
2:0
3
-3
24
-23
-1
2:0
2
-2
0
2
-2
1
26
-27
1
-1
2:0
2
0
-2
5
-4
-1
0
1
12
-13
2:0
15
-15
16
-16
0
6
-5
0
-1
0
1
-1
10
-10
1
-1
1
-1
8
-8
4:0
15
-15
3
-1
-2
1
-1
2
23
-20
960
-913
-45
-5
0
-2
4
-4
3
-3
2
-1
0
-1
7
-7
3
-3
3
-3
1
-1
2
-1
0
-1
2:0
15
-15
3
18
-21
5
-2
17
-20
4
-4
2
-2
3:0
8
-8
0
21
-21
2:0
16
-15
5
-6
3:0
307
-209
-96
-2
2:0
2:1
-2
6
2:-3
1
0
-1
2:0
1
-1
3:0
1
-1
0
2
-2
0
59
-56
-3
13
-12
-1
0
303
-302
-1
1
0
32
-28
-5
0
1
0
22
-23
1
0
1
-2
35
-35
2
2:-1
1
59
32
-90
-2
1
-1
0
1
4
389
-394
3
-2
-1
54
-49
-5
17
-14
5
51
-52
414
-420
6
-1
-6
1
-1
0
1
0
-1
3:0
9
-8
0
-1
2:0
2:3
-6
2
71
-72
-1
2:0
2
88
-86
2
-6
1
3
-4
0
12
-12
0
35
-32
-2
23
76
-93
10
-16
2:0
-1
11
-5
-6
22
-16
-5
-1
1
10
7
-18
29
-29
3:0
30
-30
28
-28
0
66
-60
-6
4:0
8
-8
10
7
-17
0
1
3
-4
0
1
0
2
-3
7
-7
3:0
1
-1
1
154
-155
1
-1
1
-1
4
-3
14
-15
2:0
2
-2
8
-8
543
-542
-1
0
3
-2
9
-9
-1
0
2
-2
2:1
45
-46
0
-1
2:0
3
-3
2:0
2
7
0
-9
3
-2
-1
0
7
0
-5
-2
0
10
-9
7
-7
86
-87
1
18
-16
0
-2
2
-2
-1
2:0
1
-1
2
5
-7
0
6
-2
-4
2:0
4
-1
-3
2:0
3
-3
1
-1
0
2
-2
1
4
-4
1
2:-1
2
-1
3
-4
3:0
2
-1
37
235
-193
-80
2:2
-3
73
-74
0
1
2
8
-5
-6
3:0
17
75
-91
-1
7
-7
0
9
-5
-4
4:0
6
19
-25
2:0
125
131
-253
-3
20
-19
0
1
-2
2:1
-2
2:0
2:1
-2
0
6
-3
6
5
-14
0
1
-1
0
1
4
10
-9
-6
0
21
-19
-2
0
15
-15
0
1
-1
0
24
-23
-1
end
