v1
668
116
91
377
127
32
350
136
27
25
139
38
10
353
143
119
188
193
46
119
57
6
17
2
37
7
15
28
277
215
87
35
39
7
165
328
279
2:5
40
95
56
236
130
18
152
89
49
183
70
2
106
13
203
122
11
228
43
425
10
235
5
261
501
72
94
145
39
61
150
6
45
331
23
156
31
64
161
534
5
2
13
24
144
74
99
158
127
9
139
93
85
157
45
101
65
43
174
290
248
27
297
36
98
113
381
355
87
59
247
33
69
57
277
99
28
288
181
42
57
78
221
285
11
63
154
56
254
27
121
194
41
53
363
300
70
299
16
212
291
46
24
288
294
59
200
22
304
27
14
15
12
16
17
38
43
4
34
77
19
117
13
3
1
118
28
0
54
1
61
12
45
14
55
9
65
38
3
16
55
30
173
42
74
11
118
244
173
120
203
22
281
133
110
304
10
39
116
146
138
54
61
29
31
35
106
186
41
36
54
167
2
30
116
5
282
129
281
17
14
299
10
5
18
15
83
70
229
41
309
114
85
20
7
218
662
0
96
192
7
76
26
83
10
176
0
43
14
79
55
165
2
24
42
6
296
75
50
215
235
270
12
229
277
33
24
5
51
12
27
57
56
44
2
34
128
19
38
69
7
123
32
100
255
17
61
447
2
198
45
20
184
8
237
115
48
4
3
37
34
141
20
50
63
7
51
8
11
32
131
232
22
29
38
100
54
47
0
31
28
2
147
88
130
23
59
5
20
3
104
89
5
9
142
96
180
24
50
69
85
8
21
2:9
63
94
19
33
9
31
3
64
13
0
14
1
31401
5
22
9
155
82
53
2
42
37
117
19
34
42
8
58
54
36
8
22
932
54
56
110
68
111
71
104
62
18
47
0
3310
2211
328
1203
350
3764
1376
6258
1322
3236
410
2240
4766
5782
830
4874
2608
816
925
3524
2
4
8085
2
2812
896
943
15
1533
933
474
1523
3146
9
8
2
6
4950
116404
3544
1
1735
5981
25
73
4
9413
28772
3607
42
4
0
14
2:2
33
120
14
40
146
19
17
2:5
11
71
7168
3760
43632
731
38
12
35
74
59
8
90
9
15
12
18
39
6
12
162
27
10
2
1
2
8
2:1
11
2
726
7
22
0
14
6
107
3514
12835
2358
2296
3093
5056
1
5151
3251
4729
575
0
238
1430
873
2
86
0
55
46
40
1061
532
2
3
5
7
2
8
27
4
43
15
38
14
21
14
35
9
28
3
1
43
47
9
1
38930
1158
218
64
176
69
7
113
636
1
46
263
61
24
202
24
28
87
138
9
57
18
41
103
60
18
10
2:5
34
64
30
179
24
51
300
13
37
19
17
15
23
8
14794
153
2049
13
9722
2:1
105
57
1
72
0
43
18
10
7
55
13
62
35
6
7
-484830
422
398
1010
505
9
1830
5877
957
965
450
1068
1614
1
212
47
43
324
537
281
734
875
27
813
4531
542
470
875
1653
247
241
158
1138
507
343
502
153
31656
42
58
477
7467
2219
24405
3293
10846
19732
4168
5497
127237
41723
225
56206
111
899
47258
254
39019
1058
717
30
724
292
505
19
245
13
676
1419939000
599:0
1
67:0
28
278
-302
-3
15
103
-118
2
-1
1
-1
10
-11
2
2815
-2806
93
344
-439
73
-11
-66
-3
200
-202
23
14
-33
3
-7
23
-21
-1
218
-219
1
85
-86
2
81
-83
3:0
122
-122
1
8
-9
26
-2
-23
-2
3
26
-27
389
-376
135
-143
3
20
-26
-3
-1
2:1
44
-38
303
-303
3
1
-9
58
-54
243
-57
-192
0
69
-21
-40
-4
-3
6
-5
4
3
-4
1
46
-50
4
-6
0
5
35
-37
29
-31
-1
5
-3
-1
20
83
-102
3
65
-66
180
-182
12
-11
-3
0
7
-5
4
-6
2
0
36
-23
43
-25
-32
9
-11
4
11
46
-59
3
29
-17
-16
2
10
296
3643
-3904
564
-610
-1
10
-8
8
10
-18
1
13
35
-36
-10
9
-11
21
-22
4
-6
81
-24
-56
0
224
-217
-8
70
-62
-2
-6
32
57
-85
5
-7
12
20
-34
127
-127
5
-5
250
-221
-1
6
-9
-23
7
208
-206
80039
-67912
-12065
-63
-2
3
-9
1
0
5
34
-27
132
-146
-1
0
45
-44
2:2
16
-18
-3
5
-5
86
-80
49
-46
174
-151
-23
16
226
-250
1
8
4
-12
5
-4
0
55
-57
1
9
138
-143
11
-14
2:0
-3
1
724
-724
18
-19
1
18
9305
-6326
-2964
-34
2
-3
4
0
69
-62
2:-5
6
3
52
-61
0
50
-50
19
1078
-1087
-8
366
-357
-6
37340
-37342
-3
5
142
-140
-5
214
-216
13
380
-393
-1
1
0
6
-2
215
-220
6
-5
4
-4
1
9
1397
-999
-393
-15
6
-4
-2
77
25
27334
-27435
0
13
17
2369
-2195
-39
-166
14
-7
792
-732
3206
-3271
40
-2
-40
0
8
-8
6
-6
10
-10
8
-8
3
-3
38
-31
-7
0
2
-2
729
-727
-1
0
-1
2
6
3612
-3591
28
-48
0
5
-12
116
-118
154
-20
-107
-23
24
-27
99
358
-378
524
-595
-7
-2
19
9
17
-26
8
121
-137
-10
0
46
51
471
-565
316
-139
736
-471
-446
641
-620
1447
3272
-4739
4
-5
3
241
-245
15
28
-41
0
6
-2
81
-79
64
-70
18
-15
-4
0
1
3
43642
-43642
9
23
-34
87
-88
14
227
-136
-107
5910
-5905
42
21
-66
0
27
-26
1129
-1129
-2
3
6
-5
-2
273
422
-684
1714
-1725
1
2
43
-46
-2
7
57
-43
-19
-2
20
-11
-7
142
-137
14
173
-184
9
25
-38
19
-21
1176
-1172
56
-46
-12
21
-16
-4
-6
0
197
-195
-2
5
3
-6
72
1
-63
-10
6
-8
10
149
-97
-61
23
-24
3:0
1
17
10
-27
66
-46
-15
-5
-2
4
6
-8
37
-37
-2
7
-7
2:0
24
-16
114
12074
-9097
-3092
6
14
482
-509
4
43
0
463
-496
-10
-1
121
232
-345
146
-156
32
-24
2
-11
31
13
694
-382
1938
-2271
27
-51
10
92
-95
-3
5
-7
1
2
15
-8
11
-17
33
112
-139
-5
104
-108
4
-6
2
3
13
593
-572
-39
2278
-2254
-23
0
242
-237
227
-231
12
-6
775
-764
-18
1
-3
67:0
1
8:0
1
-1
1
-1
0
59
-59
1
-1
2:0
3
-2
-1
3
-3
9
-8
-1
4:0
17
-15
-2
0
16
-16
0
4
-4
1
-1
0
11
-11
1
-1
0
1
-1
5:0
3
-3
3
-3
0
6
-6
3:0
2:1
-2
2
-2
0
1
-1
2
-2
12
-11
-1
4:0
1
-1
1
-1
2:1
0
2
-4
0
1
-1
2:0
4
-4
4
-4
0
3
-3
2:0
10
-10
0
5
-5
2
-2
1
-1
2:0
2
-2
6:0
5
-5
0
1
-1
1
-1
4
-4
0
5
-4
-1
3:0
3
24
-27
2:0
3
-3
2:1
-2
0
1
18
-15
-4
6
1
-7
0
1
-1
14
0
-14
0
18
-18
0
7
-6
0
-1
2
5
-6
0
-1
1
-1
0
10
-10
1
-1
26
-24
2:-1
2
-2
2
32
-30
979
-934
-39
-10
2:1
-2
0
2
-2
4
0
-3
-1
2:0
7
-7
2
-1
5
-5
1
-2
1
8
-8
1
-2
19
-19
6
-2
9
-12
2:0
1
-2
3:0
9
-9
1
-1
19
-18
0
-1
3:0
1
12
-13
4
-4
2:0
285
-179
-104
-2
2:0
2:1
3
-3
-2
0
1
-1
0
1
0
-1
0
2
67
-65
-4
13
-11
-2
306
-306
2:0
18
-15
-3
2:0
2
24
-26
3:0
1
0
23
-24
1
-1
1
-1
0
3
57
52
-107
-5
4
-1
-3
1
9
403
-413
0
3
-3
59
-55
9
-13
2
6
52
-52
436
-444
6
-1
-5
2:1
-2
1
-1
9
-9
4:0
6
-6
2:0
3
-3
84
-84
4:0
1
91
-90
4
-6
2:1
-2
7
-7
0
25
-25
4
-3
-1
26
88
-108
19
-25
2:0
1
3
6
-2
-8
18
-15
-3
0
2
10
5
-17
30
-29
32
-33
0
30
-30
58
-53
-5
3:0
8
-7
10
7
-18
0
4
-3
2:0
3
-4
5
-5
3:0
2
160
-160
-1
4
-5
13
-13
2:0
6
-6
464
-464
0
3
-3
3:0
10
-8
-2
0
2
-2
3
-1
39
-40
0
-1
2
-2
3
-2
-1
1
9
-1
-9
0
3
1
-4
2:1
6
1
-5
7
-11
6
-6
1
91
-90
20
-15
-6
0
8
-9
1
2:0
-1
4:0
8
0
-8
0
1
-1
3
-2
0
1
0
1
-3
3:0
1
-1
0
5
-3
-2
2
-2
0
1
0
2
-3
5:0
5
-4
27
230
-171
-85
0
-1
59
-60
0
3
7
-2
-8
2:0
20
64
-82
10
-12
8
-5
-3
2:0
7
13
114
180
-312
15
-17
1
0
2
-3
7
-7
4:0
1
0
9
-4
-1
-5
16
-16
1
-1
4
-4
3
10
-8
-5
18
-16
-2
0
19
-19
0
1
0
-1
24
-23
-1
5:0
1
-1
4:0
3
-2
-1
11:0
2
-2
7:0
2
-2
2:0
1
-1
6:0
1
-1
8:0
2
-2
11:0
end
