v1
850
207
3
42
491
79
407
52
153
34
496
81
38
551
1
57
56
22
28
614
46
66
416
23
272
273
159
148
152
321
72
106
26
104
490
101
76
106
152
501
313
260
339
296
446
51
174
534
87
9
166
257
79
196
93
85
98
104
210
463
68
199
8
431
494
442
59
280
126
809
106
135
186
35
106
463
166
88
27
121
288
356
7
125
80
189
275
16
477
96
288
294
59
345
181
26
1
29
12
39
32
25
18
4
57
8
48
147
4
118
73
9
1
11
62
59
64
30
5
30
3
35
19
38
17
245
387
60
173
120
225
195
86
133
110
28
70
206
10
33
6
116
133
13
138
54
121
141
85
101
41
198
61
146
73
214
410
31
299
15
33
153
229
41
508
8
995
199
102
76
7
377
165
2
318
50
75
50
325
913
33
29
203
208
126
7
8
147
323
110
447
245
20
82
102
255
59
46
52
40
175
70
121
8
11
32
43
69
251
51
38
100
54
47
61
147
88
153
59
5
20
3
193
5
379
190
1
81
51
63
38
117
34
123
31370
5
22
9
43
194
53
42
2
173
69
7
120
36
8
22
1152
68
111
71
166
65
3310
2211
328
1553
1711
1362
2067
10816
2650
1546
822
2398
4989
793
9128
3064
1385
2
11799
943
15
2453
5164
11
6
1427
3523
116404
3544
1
7741
73
9417
32421
22
153
54
73
109
5
88
54559
781
35
74
59
98
7
2
27
18
39
6
12
162
27
10
2
1
10
2:1
11
757
3641
12835
4654
3093
1178
17010
575
1668
873
143
46
665
436
532
2
1
7
1
16
31
120
60
9
27
1
3
1
43
47
9
1
40306
64
176
69
31
725
1
309
85
202
41
8
86
50
92
9
22
35
18
41
61
42
25
35
18
24
30
273
126
216
33
50
18
1
4
13
38
17017
9722
2:1
162
1
101
14
90
13
62
5
30
-488612
614
82
435
44
188
100
0
249
49
82
4
6
30
194
28
9
14
24
15
191
50
42
19
81
66
0
38
44
161
0
535
0
231
21
508
63
65
110
245
25
305
162
172
751
11
248
47
75
38
142
6
39
162
363
288
0
189
113
175
85
54
336
30
184
70
349
301
41
24
32
92
8
87
374
2:9
0
728
204
0
150
0
214
223
240
41
114
74
23
688
41
85
117
0
126
174
10
201
21
201
28
68
42
73
105
30
321
111
62
200
41
14
263
10
1
7
51
128
122
0
25
64
0
176
159
161
590
341
166
55
2:82
81
453
0
349
151
315
55
1
43
7
0
22
75
6
7
0
16
3
0
77
0
5
14
7
110
30
89
1
17
75
24
100
28
3
49
205
57
40
192
0
11
91
0
198
65
1
85
0
64
245
265
26
131
44
219
68
253
222
110
154
31
67
28
0
386
6
31
166
33
140
248
143
1
27
271
33
290
884
51
54
132
43
550
162
439
29
22
176
136
79
26
6
135
157
318
322
22
159
0
2
0
221
66
110
9
35
28
11
1
25
301
103
252
95
149
122
277
450
0
275
180
0
104
1
349
44
24
521
19
6
0
9
8
39
142
95
193
106
85
40
104
228
152
242
3
54
42
10
102
92
103
2
52
74
48
56
102
31556
9
89
79
66
192
23
165
7
58
69
1037
56
270
194
4
76
56
5837
384
0
1494
341
1724
686
691
7634
0
320
1002
1
3220
6988
2139
3296
1620
7482
0
1741
0
3
869
2658
8085
2
5
1
15
863
1928
14
3373
0
933
5143
17
10
16896
104457
3543
1736
6032
6
38230
3629
0
10
7
21
30
7
134
14
119
53
0
19
33
0
5
9619
45743
21
205
139
15
0
48
0
145
64
142
601
61
0
9
149
34241
8793
165
82
1059
578
2245
1
31
18
2
0
134
3
10
52
21
1
33
9
54
30308
1513
8273
0
291
236
120
262
249
172
41
199
334
0
234
30
22
4
120
118
51
220
302
172
1
14903
13
0
84
66
74
1975
0
10001
2:16
2
15
19
53
79
7
1419274800
399:0
1
449:0
84
-74
0
9
2
21
-17
2
17
-20
-6
7559
-7543
-1
414
439
-863
388
-366
-32
64
-35
-30
131
-113
-19
9
199
-209
498
-498
9
0
295
-291
-8
18
15
46
-57
12
7
-43
22
-19
329
-68
-267
51
-51
13
123
-132
62
-65
193
-151
-22
-7
322
-327
897
-851
295
-181
-166
92
-18
2:-14
-26
-15
193
-201
63
1812
-1876
479
-413
-64
102
-79
-20
9
187
-123
-75
57
473
-454
46
2065
-2187
3
30
-33
9
22
-5
170
-169
-30
31
-21
15
0
1
103
-74
-8
422
-463
5
123
858
-846
-141
-1
381
-361
-14
375
-369
38
43
-89
209
-167
410
-378
-79
0
5
459
-461
-6
7
98904
-98594
7506
-7621
-201
4
3
93
-39
95
-104
-52
52
-51
215
-191
-25
110
-78
-28
31
135
15
-169
108
533
-656
10
84
318
-244
-113
-57
760
-745
38
20
10508
533
-11078
15
31
-42
-39
2
2180
84
-2250
57
104848
-104912
531
-481
-52
33
-32
241
-246
50
51
-73
69
-14
-77
19
23717
-22751
-762
-232
46
-43
-1
8
84
42744
-42818
4876
-4883
1146
-1143
23
843
-773
5653
-5748
25
-32
10
-1
70
-67
34
-53
3
1550
-1540
128
6438
-6251
-155
-168
3
-8
9
472
-111
-370
49
1517
-684
-787
1539
-1431
-171
144
-96
186
-243
55
56
960
-747
-332
-16
1807
-615
2992
-4152
-27
87
-92
5
489
-485
23
35
-46
-14
16
-21
12
37347
-37357
12
10
2:-13
2744
-2363
-137
9270
-9479
558
-591
18
-13
133
382
-515
-4
-1
26
143
342
-418
-93
1
23
-26
20
329
-335
43
-42
-14
1
-1
4
810
-775
25
-62
0
224
-224
363
-365
11
70
60
-109
-30
35
-15
-23
43
36
-46
-26
-3
2
32
226
-227
-17
78
1065
28540
-24802
-4893
-2
80
1073
-949
-10
-157
-43
8
393
308
-503
-99
10
-86
46
-57
-17
160
1715
-1878
691
21844
-22505
-28
180
-181
1
-2
12
4
-7
25
92
-109
-4
-12
117
-108
5
720
-646
-88
1881
-1611
152
-412
-11
340
142
-482
534
-521
2:-11
2
1
-2
2
4
-3
2:-2
2
1
0
-3
4
-3
1
5
-1
1
-6
1
2
5
-9
2:2
-2
3
-4
4
0
-4
0
4
2
-4
-2
1
5
-3
-4
6
-6
1
2:0
6
-5
0
2:-1
3
-3
2
1
-2
0
1
-1
3
3:-1
3:1
3
-5
0
4
-4
6
-7
-1
0
8
-5
-1
-2
2
-1
4
0
-3
-2
0
1
6
-2
-5
4
0
-3
2:0
4
3
-7
-1
1
0
8
-9
0
8
-5
4
-2
-4
-1
6:0
4
3
-7
1
0
-1
3
-1
-2
1
4
1
-4
-1
5
0
-4
-1
2:0
4
0
-3
-2
6
-4
-1
2:0
6
0
-4
0
-3
4
-1
2:0
-3
0
2
-2
5
-5
1
-1
7
-3
-1
5
-8
0
3
6
-1
-4
2
0
-5
1
4
-4
-2
1
0
2:1
-3
3:1
4
2
-7
-1
2
-3
0
3
-2
0
-1
6
-5
-1
0
3
4
-7
8
-3
-4
3
4
0
-7
3
-4
2
1
-1
-2
0
5
-4
3
-2
3
2
-2
-3
2
-1
-2
-1
2
3
0
-2
-3
0
8
-8
1
3
1
-1
0
2:-1
1
-3
2
0
1
0
4
-6
0
1
2
-3
0
6
-6
2
-2
3:0
1
5
-7
2:1
0
2:-1
2:4
-6
-1
3
4
-4
2:-2
6
-6
0
3
-3
2
1
-1
0
-1
2
-3
0
3
-3
0
7
1
-5
-1
3
0
2:1
-4
0
-2
0
2
1
-3
8
-5
1
0
-4
2
0
-2
7
-7
6
-5
-1
0
2
-1
0
2
3
-5
5
-3
-2
-1
1
0
-2
3
0
3
-6
6
-6
1
2
6
-6
6
-8
3:0
6
-7
1
7
-2
-6
0
6
-5
-1
8
-7
0
3
-1
0
-2
0
6
-6
0
4
0
-4
1
-2
6
-5
0
-1
1
7
2:-1
-2
-4
2
-2
6
-6
8
-7
1
-2
1
2:0
6
-6
0
1
4
2:0
-4
1
2:3
0
-5
2:2
0
-8
4
2:1
2:-2
4
-4
1
4
-6
-1
2:3
-6
3
0
3
2
-7
4
0
4
-7
2
-2
0
4
-2
0
-1
2
-1
0
3
-3
4
-1
-3
2
3
-5
112
-112
1
19
-6
-7
0
-7
31
-31
0
1
22
-23
1
0
12
-13
1
-1
1
-1
8
-5
-2
-1
4
8
-12
11
-10
-1
4
-4
22
-17
-5
1
5
-4
1
-1
2:2
-6
3
-2
2
-2
0
7
1
-5
15
-14
6
-10
2:0
1
-2
1
0
5
-6
0
5
-4
-1
5
-1
-4
0
35
-25
-8
-2
0
3
93
-93
-2
5
-6
2
0
-1
2
37
-37
-1
-2
12
-7
2:1
14
-2
-17
38
-40
1
18
-14
6
-8
1
11
-13
0
-1
2
9
6
-18
16
-9
-1
0
-3
2:-1
69
-70
1
5
1628
-1631
115
-90
-28
1
3
8
2
-6
-4
-1
-2
2
24
-20
-6
9
-3
-5
9
-3
24
-18
-8
13
-17
-2
13
-11
21
-23
2
10
-9
11
-14
650
-504
-144
-2
9
1
-7
-1
72
-49
-20
-4
391
-387
42
-43
-1
0
-3
31
-30
-1
0
4
30
-27
-6
9
129
-16
-115
-7
0
2:1
-2
13
735
-742
107
-113
26
-21
33
45
-66
696
-711
0
-3
1
23
-24
5
7
-12
3
180
-182
-1
190
-180
2:-4
0
3
-5
31
19
-50
9
26
161
-185
45
-47
-1
9
1
26
-40
1
30
9
16
-60
5
63
-25
71
-114
1
7
-8
0
8
-6
16
31
-44
0
-4
-1
8
243
-249
3
-1
-2
1
21
-24
23
490
-512
14
-12
2
-5
6
47
-53
2:2
1
23
-25
7
-8
7
-7
9
0
-4
-1
15
-20
4
-2
2:1
67
-62
-5
0
-2
11
-7
2
-9
5
1
3
-4
-3
3
-4
1
3
2:-2
1
0
-2
5
-2
10
-7
-6
127
642
-604
-161
1
-2
159
-144
0
-7
-8
-2
40
102
-135
8
2:-7
-2
2:0
9
16
-25
155
369
-520
-4
43
-43
0
2
0
7
-8
-1
0
3
11
-14
8
-8
8
22
-28
1
17
-4
5
-21
0
17
-6
-10
42
-39
2:-2
15:0
1
-1
2:0
1
-1
5:0
1
-1
2:0
2
0
-1
0
-1
3:0
1
-1
1
-1
1
-1
4:0
1
-1
3:0
1
-1
3:0
2
-2
4:0
1
-1
2:0
1
-1
16:0
1
0
-1
6:0
3
-3
3:0
1
-1
4:0
1
-1
20:0
1
-1
16:0
1
0
-1
1
0
3
0
-4
0
1
0
-1
3:0
1
-1
1
-1
7:0
1
-1
13:0
1
-1
8:0
1
-1
1
-1
1
-1
0
2
-2
2:0
2:1
-2
1
-1
5:0
1
-1
3:0
2
-1
2:0
-1
8:0
2
-2
7:0
1
-1
3
-3
2:0
2
-1
2:0
-1
0
1
-1
7:0
2
-2
0
2
-2
3:0
4
-4
0
2
-2
16:0
1
-1
3:0
1
0
-1
2:0
1
-1
6:0
5
-5
3:0
1
-1
3:0
2
-2
2:0
2
2:-1
0
1
3
1
-5
3:0
1
-1
2:0
1
-1
1
0
-1
0
3
-3
5
-5
6:0
2:1
-2
7:0
1
-1
1
-1
6:0
1
-1
0
19
-19
3:0
2
-2
0
1
-1
1
-1
0
2
0
-2
9:0
1
-1
4:0
3
-2
-1
1
6
-5
-2
1
0
-1
4:0
2:1
-2
2:0
1
-1
1
0
-1
2:0
6
-1
-5
4:0
2
-2
0
1
end
