v1
921
207
1022
52
115
38
649
14
595
19
37
22
28
277
337
750
73
196
929
275
340
111
177
452
18
4
19
132
134
173
153
247
869
25
21
283
108
417
117
20
24
554
289
124
533
578
431
494
426
16
339
69
57
809
106
135
186
604
681
372
394
275
549
40
46
242
294
59
345
358
5
61
7
52
14
130
4
118
82
74
123
30
5
30
57
55
245
447
173
4
116
225
524
314
33
6
116
104
180
54
121
141
85
142
259
0
218
200
15
129
298
313
15
31
2
83
70
229
41
712
322
477
301
460
165
2
24
344
75
50
1238
33
312
128
126
15
106
41
433
712
184
360
58
34
175
70
121
8
11
32
80
305
67
100
54
47
61
147
88
212
5
20
3
198
205
246
119
132
63
155
34
123
31375
22
9
43
291
173
76
8
16
96
36
8
22
1152
179
71
104
62
18
47
3310
0
2211
328
1553
5140
10816
2650
4766
6612
3485
4813
4449
2
8082
3717
958
7617
11
1433
3523
119949
7741
73
9417
32418
25
279
1
109
5
7255
47392
816
74
59
98
7
2
27
57
6
12
145
17
27
10
5
9
1
11
53
704
14
18
164
24027
18102
86
575
1668
873
189
665
436
532
55
143
40
37
3
1
99
1
40306
64
176
100
725
1
46
263
85
135
67
277
0
9
42
15
18
41
103
83
49
273
444
17
38
14805
2212
9723
1
162
102
14
90
13
62
-488579
448
81
159
677
48
496
170
90
47
569
297
321
106
118
3
278
170
539
124
327
3
32
130
118
86
297
26
122
183
67
190
144
460
185
334
434
141
15
555
31
77
11
103
6
113
127
341
157
86
257
127
9
96
43
178
202
210
298
55
79
31
88
274
268
166
23
169
505
70
138
260
158
241
523
21
76
101
180
223
39
55
30
90
154
376
310
46
77
240
92
307
654
280
715
476
56
45
6
57
30
5
2
16
9
25
48
24
208
110
123
5
181
57
144
294
27
171
72
70
9
79
556
31
55
133
208
49
157
243
708
131
108
58
61
88
5
68
624
31
309
884
85
20
175
1180
22
195
117
105
6
292
56
37
544
135
51
221
185
63
29
291
51
152
227
101
13
478
557
133
112
616
3
497
43
23
254
51
292
135
261
186
5
89
68
88
63
192
106
291
56
31586
8
234
86
129
157
8
1171
234
97
597
19842
1109
3626
2703
2770
5435
790
10053
2139
1391
10
8075
2
1
4
4646
22
2459
2010
3150
10
124896
1736
6032
51
41824
2
26
37
120
54
93
72
27
11
55362
50
320
22
88
147
2:1
10
741
3670
17489
4271
9030
8793
247
201
1436
562
1681
1
2
4
2
2:8
27
4
86
10
93
75
47
4
30308
10147
166
90
102
252
400
209
341
422
89
31
10
14
518
116
44
13
37
51
15050
11712
165
133
17
19
53
63
30
-488459
87
599
0
82
401
328
50
0
61
92
130
8
86
37
515
69
161
415
491
553
7
227
412
128
0
32
69
180
0
224
69
432
0
195
140
0
38
208
471
128
173
0
197
125
0
82
93
21
50
0
34
189
167
674
38
72
152
216
80
98
370
339
0
517
434
10
201
187
0
150
755
111
51
422
77
162
321
877
176
342
22
147
71
381
224
0
857
343
127
0
307
337
32
85
411
59
33
14
10
17
11
0
28
13
67
22
11
8
48
21
16
0
136
14
47
67
68
6
146
100
0
18
263
465
158
213
89
291
51
0
488
153
54
0
455
98
293
0
127
258
112
419
0
52
243
0
403
69
235
0
114
248
0
152
20
765
464
148
130
523
5
202
40
27
21
173
667
6
78
154
357
199
33
132
0
95
0
58
91
113
9
1002
2
282
1
47
108
0
92
146
542
0
74
0
152
107
76
182
1
54
2
8
49
55
89
166
0
62
279
224
244
0
10
97
43
4
93
59
0
16
40
15
140
13
15
31401
118
0
3
53
1
153
66
13
213
1115
0
118
2
17
130
10208
703
691
5267
341
6569
15254
3663
5653
16512
1407
4669
9
5008
11906
104456
1
11317
38230
3693
4
66
19
242
0
9676
45692
0
436
97
95
60
18
16
13
703
78
7420
5520
32532
0
770
2:0
1061
7
19
71
61
22
3
10
4
34
119
0
31834
8580
124
216
923
66
268
25
239
0
22
288
150
62
13
302
233
14853
153
74
1975
10017
209
1419379200
299:0
1
299:0
1
320:0
99
-12
-38
20
-10
8577
-8611
473
-472
2122
-2116
138
-94
286
-315
56
-78
5
-4
770
-746
-21
-5
29
236
-261
30
187
-195
322
-132
-183
-29
88
437
-392
-70
-50
47
-17
-18
76
-17
35
2079
-1971
-218
-10
188
94
-265
375
-388
-1
28
-27
19
11
197
395
-590
321
138
-498
93
19
-97
10
-25
49
-13
-6
-25
38
-39
214
-174
505
-474
14
-88
35
168
118
-303
311
-258
95
-143
188
-187
347
94686
-95032
6233
-5976
-276
-3
3
88
79
-82
233
-175
448
-588
17
8
26
282
-317
-18
107
306
-416
0
51
536
-590
60
91
-13
640
-718
-43
-19
13250
-7832
-5389
105
-72
-53
2519
589
-3070
-37
38401
-38191
60
68
112
-459
116
-91
404
-425
2392
-1242
-1075
-77
1
0
267
65144
-65410
4061
-4052
303
-276
16782
-16275
5045
-5503
900
-957
-27
42
10
-44
2000
-1997
10001
-9989
158
-185
599
-374
-178
27
-70
146
1501
-1651
782
-249
-521
109
-42
19
-98
465
-292
3
78
960
-967
1545
-1146
3509
-3973
-182
12
111
-120
280
903
-1182
8
-9
55542
-55545
9
150
143
-85
7198
-7291
754
-857
97
-119
787
-724
-60
-4
10
147
-49
-107
-1
58
-46
255
-265
7
9
12
-27
4
386
-267
15
-81
-31
-27
14
-10
119
-14
-51
-18
13
-54
35
1
-20
75
11
-101
33
738
21172
-17838
-4040
849
1493
-2286
-77
-32
388
631
-1032
65
43
-37
-55
164
-36
3991
-4136
402
18521
-18920
310
-308
196
-193
93
-87
216
-225
20
1107
-939
1442
-1601
86
-10
-99
14880
-14902
-3
0
-1
10
-10
5
-10
5
-1
0
-2
-1
3
1
-3
6
3
8
-15
-2
0
-1
8
1
0
-6
5
-9
3
2:-1
8
0
-8
6
-5
8
-6
3
-5
-2
2:1
2
-1
-2
4
6
1
-7
-1
0
-4
19
-1
-17
10
-8
6
-9
7
-1
3
-7
6
-5
-2
10
-2
7
-10
-5
15
-15
0
3
5
-9
16
-15
9
-9
11
-5
-6
2
0
12
-5
2:0
6
-13
-3
2
11
5
-18
4
-3
-1
3
2:4
-10
16
-11
-6
3
12
2
-9
-4
4
-7
5
-6
2
-1
1
-1
0
1
0
14
-11
-5
12
-11
5
6
-9
4
-7
15
-11
-1
-2
14
-13
2
-3
9
-7
-3
18
-12
1
-6
9
-3
6
-8
-4
2
4
-6
2
-2
2:0
4
7
6
-13
9
-11
2
10
-6
-7
0
14
-9
-5
14
-15
1
7
1
-9
5
-4
8
-9
5
2:-3
7
2:1
2:-4
4
-2
1
-4
2
17
0
-5
0
-12
0
2:-1
11
1
-1
-10
10
-10
5
1
-2
-1
-2
13
-10
-4
6
-5
4
-4
-1
0
5
2
7
-3
-7
11
-12
-2
2:-1
15
-12
3
5
-7
-3
17
-7
0
-5
13
-7
-8
6
-8
4
3
-5
-4
11
0
4
-11
3
5
-12
9
-7
2
14
-14
11
-9
1
3
0
1
-6
2:1
-5
14
-15
12
-9
7
-1
1
-11
0
9
-5
13
-9
-4
1
9
3
-13
-4
5
2:6
-19
0
-1
0
-1
0
2
-1
0
2
1
-4
3
1
-2
1
-1
0
-2
3
0
-3
4:0
1
-1
2:0
1
-1
1
3:0
1
-2
0
1
-1
1
0
1
-2
2:1
-2
2
-1
0
1
2:-1
2
1
0
-2
1
-1
2:1
-2
0
1
0
-2
0
1
0
2
-2
0
1
-1
1
-2
2
0
1
0
-3
0
2
-2
1
0
2
-2
1
-2
3
-3
2:2
2:-2
3
-1
0
-2
0
1
3
-1
0
-3
3
-3
2
0
-2
2
-1
0
-1
2
0
-1
2
-3
1
3
-2
2
-2
-1
2
2:-1
0
2
-1
-2
2:0
3
-2
1
0
2
-4
2:1
0
-2
0
4
-3
2:0
2
-3
0
3
-2
0
2
-3
2
0
-2
2
0
-1
1
-1
0
1
0
1
-3
2
-1
4:0
2
-3
3
1
-1
0
2:-1
1
-1
0
1
-2
1
3:0
1
0
1
3:-1
0
2:1
2:-1
2:0
2
0
2:-1
0
2
-1
0
1
0
-1
0
2
-2
-1
0
2
2:0
-1
1
-1
2:1
0
-1
0
2
-4
0
3
-1
1
-3
0
2
2:0
-2
2
-1
1
-2
4
-1
-3
2
2:0
-2
3
-3
3
-1
1
-1
1
-2
1
0
-1
2:0
-1
2
0
1
2:0
-3
1
-1
3
-3
0
1
-1
0
2
2:-1
2
-2
2
-1
2
-2
2
-2
-1
3:0
3
-3
2
0
1
-3
2:0
3
-1
1
0
1
-2
1
-1
2:0
-2
0
4
-2
3
-3
1
101
-103
8
-8
15
-6
-9
1
2:0
11
-12
3
2:-1
1
-1
1
2:-1
2:0
19
-19
0
4
-4
3:0
16
-16
2
-2
1
2
-1
-2
1
18
-13
1
-7
10
4
-11
0
-2
2
-1
-2
4
-4
10
26
-22
-14
2:0
3
64
-64
3
-5
7
0
-7
0
2
4
8
14
-6
-16
2
-3
-1
10
-11
14
-4
-8
2
-8
7
1
66
1582
-1655
120
-94
-23
4
-3
7
-5
0
-7
25
1
-26
3
7
-2
-7
12
-2
-10
57
-57
17
-7
-1
-8
-2
17
14
-15
-12
4
-6
547
-461
-84
7
-1
-4
85
-57
-32
-2
280
-231
-38
15
-25
-1
51
-46
0
1
155
-22
-130
-9
3
-3
15
745
-753
130
-132
21
-2
89
-85
753
-773
-4
-1
24
-22
2
1
202
-208
242
-234
7
-12
28
29
-50
-8
-4
32
176
-199
43
-47
3
21
-28
46
-44
6
-4
0
27
-3
13
48
-32
48
-100
-4
-2
7
6
41
-53
2
-2
1
230
-229
0
26
-29
16
683
-696
10
-13
4
-3
69
-70
3
-3
16
-10
1
-5
6
-8
12
11
-11
-10
25
-22
4
-9
47
-35
1
-12
10
-4
-7
1
9
-10
4
-1
3
-4
5
-1
0
7
-8
-5
10
126
444
-350
-224
244
-225
-1
-13
-7
53
130
-181
4
-1
-9
13
-4
-1
26
-34
189
277
-465
27
-28
17
-15
6
7
1
-13
1
20
-17
25
-32
21
-13
-4
53
-57
0
1
-1
4
0
1
-5
4:0
42
-42
1
-1
1
2:0
-1
2:0
1
-1
2
2:-1
1
-1
1
3
-4
3
5
-8
3:0
1
-1
2
-2
2
-2
4:0
1
7
-7
0
-1
0
4
1
-5
1
-1
0
1
0
-1
2:0
2
-2
3:0
6
-5
-1
8:0
6
-6
4:0
1
2
-3
5
-5
0
1
0
3
-1
0
-3
2
2:-1
3:0
3
0
-2
-1
2:0
2
-1
0
4
-5
1
-1
4:0
1
-1
0
2
2:-1
9
-9
2:1
0
1
-2
2:0
-1
6
-2
-4
6
-5
4
-5
2:1
-2
3
2:0
-3
0
1
-1
3:0
5
-4
2:0
-1
8
0
-8
4
-2
2:-1
4
-3
1
2:0
-2
4
3:-1
2
-1
5
-4
-3
2
-2
6:0
3:1
-3
0
1
0
-1
4:0
1
-1
2
-2
6
-4
-2
1
2
5
-7
0
2
-3
3
-3
4
3:-1
1
-1
1
-2
4
0
-2
2
-4
0
2
0
3
-2
5
-8
2:0
7
-3
-1
14
-15
4
-5
3
-4
3
-2
-1
0
2
-1
1
-2
2
-2
0
2:1
-2
1
3
-1
2
-4
0
-1
0
2
-2
0
2
2:-1
0
1
3
-3
-1
2:0
2:1
9
-11
0
2
-1
2:1
-3
1
0
2
-3
9:0
1
-1
1
-1
2:0
1
-1
2:0
2
-2
60:0
1
-1
10:0
1
-1
0
2
-2
11:0
6
-6
15:0
1
-1
8:0
1
0
-1
1
3:0
-1
2:0
3
-3
8:0
2
-2
17:0
1
0
-1
2:0
3
-2
-1
1
-1
31:0
2
-2
5:0
1
-1
4:0
1
-1
2
-2
2:0
1
0
-1
0
2
-2
0
2:1
-2
3:0
2
-2
1
-1
4:0
1
-1
3:0
1
-1
0
2
0
-2
5:0
1
-1
12:0
2:1
-2
14:0
1
-1
2:0
1
3
-4
1
-1
5:0
2
-2
0
end
