v1
719
207
26
64
287
159
16
206
128
136
52
84
103
130
485
88
140
86
218
77
56
22
35
111
535
7
77
0
14
0
74
62
0
448
102
140
0
592
159
2:117
132
143
93
0
87
271
34
67
334
0
194
22
0
19
24
75
167
160
166
72
175
278
61
156
152
247
110
46
31
88
137
277
0
257
76
0
11
0
9
0
87
79
140
105
12
21
58
289
85
98
314
126
34
43
0
410
98
19
0
8
431
16
106
264
108
293
3
146
126
213
69
57
31
90
688
106
0
135
186
141
39
55
91
133
145
0
28
226
27
121
312
149
190
394
77
198
16
43
518
12
157
80
337
8
59
50
288
188
27
15
14
12
33
6
32
25
18
3
16
42
8
46
2
3
14
77
53
0
4
118
9
52
21
74
40
19
14
32
18
65
3
35
3
54
17
73
12
42
118
74
365
1
7
78
95
15
105
225
0
160
35
31
188
0
50
38
22
302
2
10
39
116
77
27
180
54
30
98
134
227
37
53
166
3
56
90
5
53
214
15
22
107
79
0
196
6
31
140
37
122
15
18
13
2
83
70
229
3
38
423
35
58
12
175
808
185
116
71
12
10
7
23
52
94
76
60
55
24
26
6
109
2
24
157
37
0
19
82
27
22
75
50
428
133
171
66
119
13
31
19
11
26
19
202
33
0
37
43
0
96
2:25
6
80
128
19
38
69
7
8
147
380
53
334
113
162
2
81
97
6
101
415
37
18
0
157
70
63
58
8
11
112
6
204
73
51
22
16
100
40
14
47
31
22
6
2
19
128
88
153
0
59
5
20
3
104
89
5
50
155
52
37
85
133
58
80
52
63
20
135
34
123
31368
7
22
9
0
43
156
38
53
14
30
85
88
76
1
7
0
112
36
8
13
9
12
920
0
111
7
102
68
111
71
43
123
15
3
43
2973
0
341
2211
328
1553
3073
2067
7581
344
2891
2650
4766
3406
1583
2834
3663
423
3001
1797
1267
1385
2
14
8075
2:1
5
3703
943
15
19
2434
13
474
4669
1
2:7
4
5
3
1425
3523
119948
0
1
2718
5023
26
47
9417
28772
3639
7
3
18
4
92
61
10
44
37
35
1
5
15
53
36
5
16
54631
0
731
50
35
74
157
7
2
15
12
18
2
43
12
146
16
37
2
1
0
2
8
2:1
11
2
726
29
14
6
16456
4654
3093
10208
7980
575
1668
1062
375
726
532
5
11
3
8
28
3
44
14
62
25
35
9
28
3
1
43
22
25
10
30302
0
9759
245
64
9
167
43
26
118
638
1
13
74
222
85
202
49
226
2
9
28
29
18
144
24
23
46
9
30
173
475
13
37
19
4
13
38
14791
11
153
11784
2:1
162
1
72
29
14
18
10
2
24
36
13
52
10
5
23
7
-488560
253
12
385
63
264
174
650
54
42
81
1244
350
750
885
42
0
468
370
3054
190
183
1196
203
299
216
0
549
103
1062
17
635
957
992
514
0
1511
526
498
32
327
1248
142
843
70
249
1
615
12
0
280
100
302
0
487
1808
0
760
0
992
171
42
0
542
2484
907
122
785
291
97
96
1156
103
32079
330
1642
20171
15644
9102
1744
3527
8085
6201
0
1916
0
4160
8
4967
121684
48106
0
163
42
0
55433
544
55
69
0
740
152
37498
7844
1
88
766
1004
66
32092
8890
958
329
799
309
109
15197
1975
10045
1419152400
599:0
1
118:0
3
1
5
-8
18
-18
2
16
52
-69
6
61
-66
2420
-1301
-1120
9
-4
1588
1787
-3355
-24
7
21
-29
11
-1
-10
1
20
-17
0
-3
40
-31
0
79
-79
-9
49
-48
-2
1
0
2
166
-160
-3
-5
0
4
5
1
-3
-5
3
81
-86
-1
0
83
-81
-3
24
-18
4
-10
7
6
-10
250
-248
0
32
-36
1
2:0
3
0
-4
8
-9
2
37
-38
2
47
-49
72
-73
1
12
-13
2
0
16
-17
1
125
41
-159
-5
4
-1
-4
711
-646
-58
123
-130
5
-7
7
29
-9
-5
1
230
-250
1571
-1575
35
-34
122
-7
-74
-13
175
-192
6
25
67
29
-136
226
-169
-54
-5
332
-95
-233
42
12
-58
22
-9
-4
-9
0
163
-146
6
-5
247
-262
42
21
-58
54
-60
-1
2
-3
8
-1
22
-8
24
43
-88
0
166
-101
-64
9
-9
2781
-2757
61
-86
3
5
2
8
-7
-10
0
266
-265
16
-13
153
-156
30
-26
38
-18
2
-28
8
69
-69
3
-11
0
287
-285
7
71751
-67989
-3668
-96
-3
8
4
87
-103
265
-148
-103
-14
139
-111
-26
12
-10
-4
108
118
-221
-5
1
-1
3
10
17
-22
-8
382
-366
45
908
-325
-465
-165
102
-113
167
-167
21
-17
-4
5
73
-19
132
-192
2
2:12
-25
2
19
-22
0
382
-366
-10
-6
0
66
-50
-17
3
0
-5
0
4
13111
-11344
-1767
19
-16
-6
65
-62
13
1
-14
15
10
-27
65
-40
-1
-25
4
0
-5
9
14
-16
10
1600
-1605
-1
257
-247
25
28817
-28861
180
-181
8
6
39
-48
-5
12
302
-294
297
-313
0
54
-54
1
13
1566
-1255
-330
16
-15
120
-109
-11
40
130
-168
11893
-11883
-6
0
-1
1644
-1648
51
211
-263
1
20
703
-701
8042
-8064
7
74
-82
24
-3
-21
0
3
18
-15
4440
-4429
-18
21
657
-677
3
3134
-3051
-62
2
59
-85
9
-3
-6
230
-225
110
-107
51
-56
-3
147
1031
-1121
-58
504
-504
2:7
-8
2
48
-47
24
16
-48
213
-183
11
-41
10
0
4
99
1101
-1070
-144
819
-819
2
448
2265
-2526
-190
4
29
-27
-6
90
1707
-1794
12
58
-72
-1
7
-7
4
16
-12
213
-218
12
-12
27
-30
1
-1
1
32017
-32015
1
4
-8
2:7
36
-49
294
-280
122
3780
-3909
1
10
30
-48
8943
-8944
47
-46
3
8
-8
8
-11
18
-18
222
229
-438
-12
0
20
-14
55
-51
34
-28
-13
3
8
-15
2
329
-326
-3
24
-10
-7
3
-4
2991
-2986
205
-187
144
-167
-5
47
-50
0
737
-728
90
-37
-48
551
-517
-11
-37
36
-21
-4
-10
-1
14
-6
20
-29
14
-11
0
22
-1
499
10220
-8463
-2276
-3
43
507
-548
-2
1
117
-101
-15
44
4
-45
-5
107
199
-301
-5
45
1535
-1536
-41
106
-22
1433
-1520
10624
-8578
-1997
-46
0
15
22
-36
-1
21
-21
48
-44
3
10
129
-142
178
-183
3
4385
-4358
919
-931
-19
12
81
-88
75
-82
7
480
-478
-8
679
-675
-4
7
-8
0
-1
1
-1
1
0
-1
1
-1
8:0
1
6:0
-1
0
1
0
-1
1
-1
1
0
-1
2:0
1
-1
1
-1
0
1
0
-1
2:0
1
-1
5:0
1
-1
4:0
1
-1
2:0
1
-1
2:0
1
-1
0
1
2:0
-1
0
1
-1
1
3:0
-1
3:0
1
3:0
-1
0
1
-1
3:0
1
-1
0
1
0
-1
0
1
-1
2:0
1
0
-1
3:0
1
-1
2:0
1
1
7:0
6
-5
-1
3
-2
63
-63
-1
3
-3
8
2
-8
-2
2:0
15
-15
7:0
7
-5
0
5
-7
0
1
-1
4:0
4
-3
0
1
0
2:-1
4:0
4
-4
2:0
2
-2
0
2
-2
1
-1
0
1
-1
12
-12
0
2
-2
6:0
6
-6
0
7
-7
0
1
2:0
-1
0
1
2:0
-1
1
-1
0
6
-2
-3
-1
0
2
-2
0
7
-7
16
-16
1
-1
0
3
-1
0
-2
6:0
8
0
-8
0
3
-3
2
-2
4
16
-20
4
-3
0
-1
4:0
40
-40
1
-1
2
-2
0
3
-1
3
-3
13
-15
9
-9
1
14
-13
0
-1
0
-1
0
6
-1
2
10
-16
-1
11
-6
-5
1
-1
2
1
2
-5
0
1
0
2
-3
0
1
11
-12
2
-2
37
-37
3
-3
3
-1
0
-2
2
2:-1
3:0
37
-37
7
990
-929
-55
-13
1
3
-3
0
-1
3
-3
2:0
2
4
-6
2:1
-2
1
4
-5
1
-1
2:0
1
2
-3
0
18
-16
-2
6
34
-40
9
-3
-6
11
-9
-2
1
2
-2
13
-14
26
-25
0
7
-8
2:0
2
-2
1
11
-12
2:1
-1
2
-3
3
-3
3:0
1
275
-215
-60
-1
0
1
2:0
-1
3
-3
3:0
5
6
0
-11
4:0
3
-2
0
74
-75
1
25
-18
-6
248
-250
30
-30
4
-2
0
-2
2:0
24
-24
30
-30
0
2
-1
0
-1
81
0
-81
1
-1
2:1
-2
1
8
-9
300
-298
-2
2:0
72
-71
2
11
-14
0
13
34
-42
383
-388
2
3
-5
3
-1
-2
2:0
7
-7
4
2:-2
3
81
-84
0
114
-109
-2
0
-2
-1
0
4
-4
23
-21
26
-24
-4
2:0
20
86
-95
-11
23
-23
0
1
-1
0
3
-3
9
3
-12
36
-36
7
-7
2:0
1
19
-5
7
-22
38
-38
0
38
24
-57
-5
1
-1
2
-2
6
-6
1
4
12
-17
2
-1
1
-2
4
-3
4
-5
0
4
-3
0
-1
2:0
145
-145
2
0
-2
4
1
10
-15
0
3
17
353
-373
1
0
3
-3
12
-13
3
-2
0
-1
0
1
-1
1
-1
2
28
-28
-2
0
2
0
15
-8
-6
-1
2
-4
0
1
0
22
-19
-3
19
-18
0
1
0
55
-55
29
-29
1
-3
10
-3
-8
0
14
-11
1
-3
1
4
5
-1
-10
4
-1
0
-3
0
1
-1
1
-1
3:0
9
-6
77
251
-232
-99
0
4
78
-81
0
-1
8
2:-4
6
-6
2
-2
23
71
-94
1
7
-4
6
-10
0
6
20
-25
67
57
-110
-15
3:0
3
-1
0
-2
7
-5
-2
8
0
-8
10
-10
1
8
-4
24
-28
0
-1
14
-14
1
-1
0
8
-5
-3
43
-42
-1
24:0
1
-1
6:0
1
-1
44:0
1
-1
2:0
2
-1
0
-1
0
1
-1
0
1
-1
2:0
1
0
-1
11:0
2
-2
8:0
1
-1
end
