v1
921
42
165
3
42
287
36
131
37
16
46
288
62
67
7
52
187
8
224
330
53
191
71
52
3
215
19
1
57
17
39
7
15
28
118
374
122
19
20
7
165
62
255
7
0
123
92
73
140
165
127
148
86
18
48
159
60
76
26
72
46
86
119
24
154
26
16
144
111
34
53
14
76
61
45
41
5
96
10
169
25
22
46
72
19
107
41
160
17
33
8
355
94
173
11
61
71
0
85
28
0
17
9
345
21
0
135
7
24
225
212
65
114
36
46
53
8
5
15
24
0
218
257
79
48
14
24
110
93
85
98
59
87
73
224
31
197
0
106
68
36
151
20
292
130
9
16
0
45
29
8
187
176
33
85
270
8
79
59
40
27
213
65
4
57
31
345
41
53
102
120
0
83
34
64
42
128
207
127
39
299
125
213
25
16
27
109
12
221
14
53
0
24
332
7
84
216
94
106
9
160
59
169
164
197
207
10
71
294
59
50
172
116
188
26
1
29
12
33
6
32
25
13
5
4
8
26
30
1
46
0
2
3
14
130
4
103
15
9
64
9
1
61
12
40
5
78
30
5
30
38
3
2:27
17
41
86
118
374
73
78
215
225
160
254
110
304
10
33
6
116
284
54
121
35
106
85
101
41
90
166
3
30
0
116
5
68
29
185
129
275
37
299
10
5
33
66
17
70
177
52
41
423
98
7
184
799
199
102
71
2
2:10
252
115
33
23
0
109
2
24
42
6
165
10
27
45
48
1
75
50
294
27
4
407
229
56
221
12
21
29
1
62
81
13
40
0
2:6
21
0
11
6
36
53
75
19
107
2
5
8
147
40
283
0
110
153
294
162
2
81
20
82
16
86
64
266
30
55
37
175
70
121
8
11
29
3
80
6
26
251
51
38
100
54
47
31
22
4
2:2
6
47
50
24
20
88
153
59
5
20
3
93
11
89
3
2
31
0
2
118
54
52
122
72
60
58
1
85
8
19
20
63
38
15
102
34
92
31
31367
1
2
5
22
9
43
39
56
66
4
29
50
3
2
12
30
62
23
69
19
76
8
112
36
8
22
986
166
45
23
87
24
71
104
62
18
47
9
264
8
3029
2211
328
1553
663
4473
4
10816
2650
4766
2526
9383
2185
816
439
2632
1378
2
14
8027
48
2
21
2805
882
943
15
2453
13
5143
1
7
9
2
1
4
1
2
1412
13
4054
19729
83046
13098
3544
1
7716
25
73
4
9413
32379
32
7
3
18
4
111
56
0
40
73
1
49
0
23
36
2:5
11
10999
43632
731
85
74
157
7
2
15
12
18
24
14
1
6
12
51
108
3
27
10
1
2:2
1
7
2:1
11
2
1
725
29
14
46
0
9
13
45
6
63
7827
8453
4654
3093
1178
0
3879
5151
3251
4729
575
1668
1062
665
436
532
0
2
1
2
4
2:1
5
11
28
3
86
34
21
2:4
31
9
0
28
3
1
43
22
25
4
5
1
30302
10004
64
176
69
7
24
89
636
1
46
41
222
85
202
24
28
83
140
2
9
2
22
18
5
10
18
41
103
47
31
15
0
9
30
39
147
87
39
208
128
0
45
5
19
17
38
8
3
15016
1990
9723
1
144
18
1
72
29
14
2
16
1
84
4
58
5
-488342
142
383
158
75
201
164
14
60
104
107
52
12
141
314
191
49
110
323
548
9
21
66
39
59
43
170
0
170
154
984
1308
175
0
118
288
143
133
340
1099
103
664
92
41
39
287
80
529
126
94
1282
323
291
334
278
84
153
9
330
0
430
106
341
80
456
882
454
0
101
0
59
377
299
12
16
356
384
121
149
171
219
28
5
207
14
47
0
273
46
79
61
209
517
388
20
256
70
86
10
261
320
306
31
647
1260
319
391
354
51
152
755
288
0
200
402
595
301
157
24
0
27
8
432
349
181
9
929
941
5
57
278
574
108
66
73
46
320
222
193
8
328
6
153
68
112
17
30
204
138
61
54
48
29
78
32010
166
1138
50
6026
4249
5234
4114
4223
4217
0
9826
10095
10736
6
4676
1526
1916
1014
3155
16914
115709
42010
437
35964
19424
35
237
41
70
91
0
61
5
792
26
79
18711
17599
1254
5535
1348
2796
17
18
79
35
47
61
14
0
49
31855
9653
94
418
719
627
14856
224
2
1973
9735
0
218
29
159
1419919200
699:0
1
220:0
8
143
-147
8
20
-9
-10
4
-13
12
43
-53
-2
87
-57
0
-26
4
2
4248
-4258
-2
2:1
3
22
592
-496
-84
1335
-1364
23
-29
35
17
-13
26
-40
-14
93
-108
14
-11
-2
3
-3
29
-7
6
-19
-8
4
0
116
-116
17
-22
5
2
-7
11
1
-12
16
4
-21
6
99
-96
30
-6
-10
-23
1
2
52
-53
34
-35
15
-10
-3
4
-5
11
17
-20
-9
6
-4
154
-152
1
3
-1
-5
-2
68
-68
2:1
0
6
0
-1
2
-10
1589
-1567
-21
9
-9
354
-351
-3
9
131
-130
-2
-4
17
11
-22
-10
-1
2
11
-2
-4
386
-366
-16
-10
1
32
-28
0
255
-259
-2
1
259
-254
-5
50
-49
0
-2
2:6
-9
8
275
-282
2
92
-31
-63
-4
25
55
-6
-64
45
-17
-22
-9
0
-3
0
-2
25
-4
48
-27
-32
3
-3
-9
34
56
-72
-17
17
80
-88
14
-26
1
2:0
10
15
1158
-1179
6
713
-722
2
45
-42
-3
6
400
-405
0
160
-77
368
-423
-32
4
15
-8
4
57
-73
16
-10
135
-136
15
27
-14
-33
2
1
4
-6
2:1
47
50
-100
51
-51
88
-87
2
291
-288
1
143
-148
-2
43
-32
64
8
-78
1
2:-2
43
-40
2
260
-267
195
-188
2100
-2015
-90
0
366
660
58843
-59863
7314
-5799
-1514
50
-11
-49
334
-318
112
25
-150
13
87
-97
-1
10
-7
-8
2
59
-42
-18
7
122
-123
88
389
-482
404
-383
-21
77
47
-28
-89
-3
22
98
-119
233
-239
107
-91
-5
24
940
-974
3
1
18
491
-507
-4
12
-15
2
12
-14
-1
15909
-14672
-1135
-101
6
-4
7
-4
3
112
-115
39
-38
2:-3
16
9
-17
0
2
-10
2
-2
3
21
11
-23
2015
-2019
380
-388
12
0
18785
-18795
2:2
468
-474
44
-27
36
-22
71
-95
-1
341
-347
-1
3
11
296
-261
-35
27
2989
-1938
-1065
20
-43
14
1305
3623
-4940
119
124
34017
-34260
6
2
-12
0
3289
-3290
0
5
-1
108
499
-598
30
814
-156
3978
-4607
-66
75
-32
172
-219
-1
2:2
96
-87
-14
0
47
-45
15
72
-89
0
36
-7
-30
24
-17
1196
-1195
-8
1
0
92
6096
-6121
39
-74
-33
10
12
-21
53
-49
28
-29
-3
328
-316
15
-28
269
-258
-4
177
1058
-1063
1910
-2089
19
-18
40
-40
53
-2
-43
252
-177
-66
14
-17
-10
26
162
1316
-1375
-128
10
1376
-911
3700
-4110
-56
-11
1
27
-26
-4
17
68
-67
-14
-5
8
3
-5
68
-68
105
-106
2
-2
0
19
1
26032
-26054
12
8
-16
72
-55
-23
6
-8
24
-21
129
-114
373
-186
-199
5803
-5803
-2
6
29
-17
1432
-1446
-1
-2
0
18
-19
2
0
-6
8351
-7917
-431
48
-47
83
-85
5
6
90
-86
-7
-2
23
-3
-21
-6
26
536
-562
112
-113
61
-49
38
-47
32
2811
-2843
167
28
-169
178
-189
-12
-2
117
-120
3
101
-94
-10
2:1
-3
1
30
520
-493
-49
0
-8
43
-36
27
146
-152
96
-117
4
145
0
-144
50
-53
16
-14
-5
6
-3
-2
286
-276
-2
-12
-1
7
13
-18
1
2413
14134
-9565
-6928
-40
17
2843
-2873
1538
-1545
244
-69
-126
-47
108
-92
-12
274
714
-979
59
24
119
-195
39
-7
-49
-4
215
2096
-2311
23
-13
-9
693
675
-1279
44
-117
9
-14
-8
14
-16
-1
16
-13
-3
9
-6
1
0
13
-12
239
-33
41
-250
1
41
363
-356
-9
6017
-5985
-72
5
208
-211
21
5
21
-50
986
-963
-27
-1
1
-1
1
2:0
1
-1
0
1
-1
0
-1
1
0
-1
0
1
0
-1
2
2:-1
1
-1
2:0
2
-1
1
2:-1
0
2
2:-1
1
3:0
-1
0
1
0
-1
1
3:0
1
-2
1
5:0
-1
0
1
-1
0
2
2:0
-2
3:0
1
0
-1
2
-2
2
-1
1
-1
0
1
-1
0
1
0
-2
2:0
2
0
-1
1
-2
1
2:0
1
-2
2
-2
1
-1
0
1
-1
1
0
-1
0
1
0
-1
0
2:1
-2
1
0
-1
0
1
0
1
-1
0
-1
1
-1
1
2:0
-1
1
-1
1
2:0
-1
1
-1
1
3:0
1
0
2:-1
1
4:0
-1
1
0
1
2:-1
0
2:1
0
-2
0
2:1
-1
0
-1
1
-1
1
2:0
-1
2
-1
0
-1
2:1
-2
2
-2
0
2
-2
1
2:0
1
0
-1
1
2:0
-1
0
1
-1
1
2:-1
2:0
2
2:-1
0
1
0
1
-2
1
0
-1
2:0
2:1
2:1
-1
0
2
2:-1
1
0
-1
1
-1
0
6
0
-2
-4
2:0
102
-102
5:0
3
7
-9
19
-19
13
-14
2
0
-2
0
4
30
-27
-7
3:0
1
-1
5
-1
-4
0
2
-2
0
8
-7
-1
2:0
1
-1
4:0
2
-2
0
6
-6
0
1
-1
3:0
3
-3
5
-5
1
-1
3:0
4
5
-9
3:0
7
-7
0
4
-3
-1
0
3
-3
4:0
1
2:0
-1
7
-2
-5
2
-2
3:0
1
-1
2
2:0
1
0
-2
-1
2:0
2:2
-1
1
-3
0
-1
2:0
1
0
8
-9
0
1
14
-15
0
7
-5
0
-2
2:0
1
-1
8
-7
0
-1
5
-4
-1
1
12
-13
2:2
1
-4
-1
2:0
1
0
-1
1
-1
2
2:-1
2:1
0
5
-7
2:0
8
-8
2
-2
3:0
1
5
8
-14
0
37
-37
0
18
-17
-1
4:0
6
47
-52
2
-2
0
1
-1
1
3
-4
2:0
49
-50
1
4
-4
-1
0
1
2
3:0
-2
3
-3
12
-13
22
-21
-1
22
-21
-1
7
-7
1
5
-3
-1
4
-6
0
1
-1
10
-10
3
13
-15
17
-16
4
5
-11
1
60
-52
1536
-1544
81
-53
-25
-1
3
-6
7
-1
1
-7
1
-1
13
-13
0
4
-3
-1
2
9
-6
-5
2
21
-22
8
56
-65
2:2
-3
9
2:1
-12
2
-1
18
-19
25
-25
2:0
2
-2
16
-16
2
2:0
5
-6
-1
4:0
1
-1
474
-420
-47
-7
0
2
-1
3
-3
11
-12
9
-7
2:-1
0
1
2:0
3
-4
2
0
-2
0
7
-4
81
-78
35
-40
2:0
214
-214
1
0
39
-41
3
-1
1
11
-9
-3
1
27
-30
2:0
2
42
-36
-7
6
123
74
-204
5
-3
-1
0
6
-5
0
22
566
-589
4
-4
0
-1
106
-106
2:0
1
4
18
-22
17
63
-70
784
-794
2
5
-7
16
-17
0
2
-2
5
0
-5
1
-1
1
18
-19
2:0
15
-2
-13
0
4
163
-166
0
-1
2:0
187
-180
6
-12
-1
2
5
-7
4
-4
5
-4
-1
34
-32
2
-4
61
-54
-4
31
136
-151
33
-52
1
-1
9
-9
12
4
-15
97
-94
-1
-3
2:0
4
46
-20
-9
-21
2
49
-10
71
-104
-8
0
2:1
-2
0
17
23
-39
-1
2
0
-2
2:2
-3
2
-3
2:1
-2
5
2
167
-174
1
6
-2
-5
4
-4
1
-1
2
-2
30
-30
0
19
-17
770
-771
-1
2
-2
3
13
-16
3
0
-3
2
2:-1
0
1
11
33
-44
0
-1
3
-3
0
8
0
-3
1
-6
1
6
-7
0
15
10
-24
-1
0
22
-20
14
-16
14
352
-364
2
37
-36
10
-12
-1
6
-4
-3
-1
1
-1
2:0
2
-2
0
4
2
0
-5
0
-1
9
-8
2
-1
2:2
-5
1
17
0
-18
-1
1
0
1
2:-1
1
3
2:-2
2:0
1
0
5
-6
0
134
447
-316
-259
-6
4
3
-6
355
-356
20
8
-17
-11
1
2
-2
53
193
-243
-1
6
5
-8
-5
-1
1
-1
18
19
-37
3
0
-3
245
-15
-226
37
-32
-6
-2
2:0
3
-4
0
1
-1
3:0
1
7
-7
23
-9
-13
-2
1
2
12
-5
-10
52
-47
-4
-1
19
-18
2
-3
6
-5
58
-54
-4
-1
4:0
1
-1
3:0
1
-1
13:0
1
0
-1
10:0
1
-1
22:0
2
-2
44:0
1
-1
18:0
1
-1
10:0
1
-1
1
-1
1
-1
1
0
-1
3:0
1
-1
25:0
1
-1
4:0
2
-2
6:0
1
-1
0
2
-2
7:0
1
-1
4:0
1
-1
0
2
-1
0
-1
2:0
end
