v1
921
1229
854
126
483
56
1683
536
1008
111
101
149
686
160
413
278
217
811
427
419
660
572
55
352
46
125
925
442
339
633
408
354
973
194
94
363
394
275
589
582
641
64
19
87
76
148
191
9
74
123
65
101
256
447
518
524
314
33
6
116
600
186
41
259
1173
48
423
1253
258
301
460
535
75
50
917
321
265
208
126
7
8
147
433
712
184
452
245
129
11
395
89
100
54
108
147
88
212
5
20
3
93
100
3
325
379
252
92
31401
5
22
9
334
173
196
36
8
22
1568
18
56
3301
2211
328
1553
5140
10801
15
2650
4766
14910
4451
10917
1840
7626
2
124905
7741
73
9417
32421
22
72
317
5
54647
949
98
7
29
63
174
27
10
14
12
757
16476
4654
3093
18763
1668
1062
1101
532
3
14
38
3
217
3
1
99
1
40306
64
176
76
749
1
394
226
253
9
57
18
144
83
10
9
203
561
38
26740
1
162
1
115
18
72
13
62
-488592
165
2:45
55
151
0
50
22
157
0
11
48
333
25
6
0
101
25
34
0
81
24
0
14
25
9
8
0
18
104
19
119
33
103
0
38
705
20
74
46
14
1
28
37
81
374
161
3
4
0
165
59
3
278
272
32
26
82
0
7
10
280
30
59
54
160
122
9
20
162
72
8
59
65
143
154
26
16
0
277
97
58
0
87
19
41
5
106
136
13
45
18
4
43
108
93
170
0
15
313
49
16
151
135
159
37
107
2
9
51
240
2:54
2:51
7
0
2
22
88
91
327
105
0
5
0
36
107
20
24
43
81
8
12
74
194
0
63
47
32
0
57
29
110
2:93
90
59
45
116
220
77
95
39
20
106
88
0
28
18
228
0
98
74
8
30
58
2:38
90
111
91
0
144
29
178
206
146
40
0
187
89
11
17
0
5
57
376
28
0
110
283
12
65
176
44
15
0
278
29
55
25
60
6
183
44
51
94
620
64
28
547
25
3
172
176
24
28
114
55
164
173
70
131
0
40
0
71
339
14
45
5
0
25
121
24
43
75
7
171
0
10
12
15
41
33
6
44
6
7
18
3
9
2
5
0
6
2
11
0
28
0
2
1
48
17
7
110
11
2
6
11
47
0
41
2
15
64
80
11
41
5
14
46
48
1
4
7
61
3
16
38
17
30
43
54
294
198
13
59
158
16
4
0
116
94
123
133
2:35
219
311
42
0
61
181
88
42
68
70
54
121
7
219
74
105
24
0
26
3
166
47
102
24
78
170
144
281
31
36
127
151
30
1
68
17
70
0
229
83
64
29
288
0
105
0
7
168
9
1
40
41
100
117
692
7
80
79
34
2
176
55
81
111
31
22
47
9
15
10
1
250
5
88
173
281
315
89
170
0
50
9
19
291
30
68
0
68
2:10
40
14
19
2:53
37
57
19
0
19
43
28
200
283
18
14
27
204
181
113
152
10
2
77
4
20
77
0
105
10
33
0
23
181
167
3
212
151
40
51
43
0
37
6
0
328
239
53
0
4
2
21
108
238
23
191
94
33
118
54
52
102
17
2:2
131
1
57
39
0
55
0
19
66
17
113
42
98
27
32
31368
81
39
7
49
66
4
29
53
2
12
54
13
48
0
122
35
7
1
133
46
938
118
17
85
179
71
104
77
50
281
2688
6144
0
676
686
1715
348
2131
5453
1110
14534
6930
0
1328
841
3
2613
1270
1382
6
0
8087
1
0
4
3703
943
1548
933
474
509
1049
0
3112
8
15
1
1414
13
3523
11948
91358
13098
1
3543
1736
0
5981
51
38692
3151
32
7
21
0
2
7
87
19
42
14
113
73
19
27
11
7239
3760
25036
19276
44
16
32
9
35
47
27
166
24
20
39
1
18
33
20
0
2
43
46
0
1
0
44
12
0
1
2
0
8
2
13
1
29
696
49
40
73
19
44
7827
0
10811
6567
3879
5151
7980
813
203
44
2055
144
463
248
970
3
4
2
2:8
0
3
6
21
40
5
0
66
10
25
0
4
5
26
9
22
41
3
6
3
26
21
4
30308
9759
554
90
28
652
33
41
199
23
27
260
41
0
94
140
13
19
3
4
14
47
27
32
29
66
54
10
44
186
87
49
104
178
44
50
19
4
13
36
10
14794
225
2
1975
9880
121
22
15
5
63
39
1
14
48
7
0
1419654600
199:0
1
720:0
94
4366
-4394
370
353
-608
-39
1030
-1054
-34
2
43
-69
476
-464
-3
5
2:0
30
-26
62
1292
-999
-341
446
-375
-47
147
-169
34
-14
4521
-4403
53
190
65
-74
-389
24
56
289
75
-444
-7
16
326
-250
-62
22
-36
228
-148
-57
439
87594
-88068
3186
-3079
126
-215
53
-73
48
375
-317
-48
-21
89
315
8708
-7983
-1129
-25
59
91
914
-449
-629
-11
25032
-24867
107
276
-363
-179
2850
-1301
-1288
-159
31
22373
-20177
-2238
826
-922
3597
-3506
2624
-2357
-356
7
271
3339
-1521
-1997
953
3920
-4923
25
169
6
-148
1817
-1821
1879
-1854
-81
1048
-775
239
494
-979
864
-588
68
7643
-6164
-1883
36
110
-103
-53
16618
-16396
45
-62
8984
-9170
1844
-1534
-187
307
390
-695
-124
64
-3
98
-105
-74
56
-15
1267
-1252
-8
-33
67
113
-110
9
1698
-1685
-79
38
1099
2566
-936
21602
-18645
-5653
968
-997
160
-108
-101
245
4113
-4162
-108
224
3241
-3265
1029
-1308
-18
19
3310
-3079
-264
172
1222
-1332
3348
-3359
64
-48
57
-2
468
-637
43
-50
-2
32
-32
0
12
-6
4
-1
11
-15
8
-14
6
0
-1
11
-15
-1
2:2
-1
1
7
1
-2
2
-12
4
-2
1
3:0
-3
4
49
-47
-4
6
21
-21
2:23
-47
9
-17
2:0
4
2
4
44
-22
-24
3
-4
0
-1
-6
5
-5
19
24
-39
-1
-3
53
-42
39
-48
-1
8
-8
-1
21
-16
-1
7
14
-21
1
-5
14
-12
0
16
-7
-10
40
-41
8
4
-10
10
-10
0
-2
6
-4
0
-2
4
9
-11
-2
6
-3
2
1
13
-1
-11
1
-8
3:1
-1
-2
28
-28
0
4
0
46
-9
3
-16
-6
-2
-11
-8
17
-11
0
28
-24
0
2:1
-10
9
1
-12
16
-4
-5
-7
5
-4
2
-2
3
4
24
-30
-2
0
2:1
-3
9
23
-22
-9
2
46
-45
2
-6
0
4
0
-3
2
5
-8
0
3
51
-52
2:0
9
20
8
-39
2:0
2
46
-47
22
-16
-7
2:1
16
-11
-4
2
6
-7
-4
36
-36
13
-12
-1
10
-7
-3
3
2
-4
4
24
-13
-16
11
-5
-4
0
2
0
29
-31
20
-21
0
1
0
14
-14
-1
14
-13
0
1
18
-20
6
-6
1
21
-20
22
-19
22
-26
-2
2
2:0
14
-15
-1
0
4
-1
0
6
19
18
-43
8
-6
22
-23
10
-14
0
4
0
38
-36
3
-8
1
11
-9
-1
16
-19
54
-51
6
-8
19
-15
44
-44
-4
9
-1
-6
0
54
-56
32
-31
0
44
-43
-1
1
-3
1
15
-15
-1
0
19
-18
8
-8
4
14
22
-10
-26
26
-27
-2
2:0
2
4
-6
14
7
-22
0
4
0
2:1
-5
0
13
-15
6
15
-11
12
2
19
-36
-6
0
2
-1
2:0
8
1
7
-17
0
42
-41
-2
3
0
-2
0
5
39
-45
2:1
6
-7
2:0
39
-39
1
12
3
-16
5
-5
0
10
9
-16
1
-1
15
-17
51
-51
2:-1
0
9
21
-18
-6
-2
31
-27
-6
-2
7
0
2:-3
0
38
-34
-4
2:0
1
-1
46
-34
-6
35
-40
55
-37
-16
-1
1
-2
2:0
-2
1
5
2
46
-52
43
10
-55
0
1
8
3
-9
42
-42
1
-1
4
-4
22
-18
13
-10
34
-35
27
-30
25
-29
-1
0
2
33
-33
1
-2
3:0
-1
0
46
-45
14
-9
3
45
-46
0
4
29
-37
3
13
-3
-2
-11
-2
-3
2
10
0
-11
1
35
-34
13
-4
-11
4
-4
39
-4
3
-37
1
25
-23
-5
7
0
-3
10
-14
7
-4
-3
30
-17
-11
0
-2
4
2
42
-42
21
-26
2
3
-4
0
8
11
-13
-7
7
3
-1
-8
0
14
-4
15
-17
27
-19
10
-27
2
5
-7
20
-19
-1
11
33
-43
1
16
-4
-2
-1
-6
-5
3
-2
4
-4
8
7
-13
2
-3
-2
0
1
3
-5
2
0
19
21
-41
9
-4
-3
0
20
29
-23
-28
10
0
33
-40
3
0
18
-23
56
-41
10
-13
-1
-2
10
24
-26
-16
5
1
-3
6
-9
-2
-1
2
0
-1
8
-3
4
18
-17
-10
12
-12
2
0
29
2
-22
1
-12
0
6
0
-5
-2
2:1
-2
0
1
11
-8
0
8
-7
23
-23
3
-6
2
49
-44
-8
29
-19
-5
-6
5
12
-14
-1
14
-16
1
25
-24
35
-33
0
8
-12
10
-9
57
-56
2:0
17
-14
4
-4
4
0
-7
13
-3
-11
2:0
2
14
-13
-3
52
-51
1
23
-3
-19
-3
-1
45
-29
-5
36
-37
-9
1
5
-4
3
-2
5
110
-114
15
4
-18
8
-8
12
-11
-2
18
-16
19
-8
-13
8
-8
0
3
-1
-2
2:0
12
-1
-4
9
-16
4
-4
0
2
-2
12
22
-14
-20
53
-47
-6
56
-56
3
10
-11
26
-23
4
1
-10
9
6
-3
52
1386
-1446
99
-78
-23
11
-12
15
4
31
-42
-9
27
-5
-9
492
-440
-56
-7
9
-1
67
-42
-27
-5
231
-192
-37
25
3
-25
124
-26
-104
2
26
570
-479
-112
21
-9
66
-69
310
-328
13
-11
-2
13
122
-134
1
182
-171
-9
25
-4
-8
95
-94
17
12
-37
-5
0
29
-2
-7
24
-49
50
15
-56
-6
18
-18
-2
2
192
-165
-30
22
228
-249
23
-24
7
50
-53
0
12
-10
-3
7
17
-20
15
-1
-11
4
-4
-1
0
-7
16
-13
0
5
-7
0
2
8
118
385
-295
-216
127
-118
22
-19
-17
32
53
-69
-15
10
29
89
-4
-87
-38
0
5
-4
-1
11
9
-9
61
-67
14
-17
11
4
38
-55
1
-1
1
-1
2:0
1
-1
1
2:0
-1
1
-1
3:0
3
-3
0
1
2:0
-1
2:2
-4
10:0
1
0
-1
1
7
-8
0
3
-3
4
-4
7
-2
-5
1
-1
0
5
-5
1
-1
0
1
-1
1
-1
2:1
-2
2:0
1
-1
2
-2
4:0
1
-1
0
1
0
-1
4:0
1
4
-5
0
2
-2
1
-1
0
5
-5
7:0
1
-1
0
1
-1
2:0
3
-2
-1
1
-1
11:0
4
-3
0
1
-2
2:0
8
-8
0
6
-5
-1
0
1
-1
6
-5
-1
0
2
0
-2
5:0
1
0
-1
5:0
1
-1
1
-1
0
7
-7
7:0
2
-2
2:0
1
-1
2:0
2:2
-3
2:0
-1
0
1
-1
2
-2
3:0
2
2:-1
4:0
5
-5
1
-1
0
1
-1
5:0
2:2
-4
6:0
4
-4
2
-2
3:0
1
-1
5:0
6
-6
0
3:1
-3
2:0
6
-6
6:0
1
3:0
1
2
3
-6
2:0
-1
5
-5
5:0
3
-3
2:0
1
3
-4
0
3
-3
1
-1
1
-1
3
-3
10
-10
0
4
-4
1
-1
1
-1
5
-5
0
4
-3
-1
3:0
1
-1
2:0
12
-12
3
-3
2
5
-4
5
-8
4
-4
7:0
6
-6
0
1
3
-3
0
-1
0
6
-6
3:0
12
0
-5
-6
-1
0
3
0
-2
0
-1
0
3
-3
0
1
-1
2:0
1
-1
2:0
3
-3
2:0
1
-1
2:0
5
-5
3:1
-3
3:0
1
0
-1
2:0
7
-7
12
-12
3:0
2
3:0
-2
5
-1
-4
0
1
0
-1
2:0
2
2:-1
4:0
5
-5
2:3
-6
12
-7
-5
5:0
1
-1
0
1
5
-6
7
0
-7
2:0
2
2:0
6
-8
2:0
1
0
4
-5
1
3
0
-4
6
-4
8
-9
-1
10:0
2
4
-6
6
-6
1
2
-3
2
-2
1
-1
2:0
2
0
2:-1
2:0
2
0
-2
0
9
-9
1
-1
0
1
-1
4
10
-6
-8
0
6
2:-3
2:0
1
3
-4
3:0
2:1
-2
2:0
2:1
0
-2
5
-5
4:0
1
3
-3
2:0
-1
3:0
1
-1
0
8
-7
1
6
-8
0
3
0
2
-3
0
-2
4
-4
2:0
6
-1
0
-3
-2
1
-1
1
-1
1
5
-5
2:0
-1
6:0
5
-3
-2
3
-2
-1
1
0
12
-3
-10
2
0
-2
3:0
1
0
5
-3
0
4
-7
0
3
2
2:-2
-1
9
-9
1
0
-1
0
1
0
-1
1
-1
4
2:-1
-2
2
-2
1
-1
4
-2
2
-3
-1
4:0
2
-2
4:0
2:1
0
1
-2
8
-9
3:0
4
2:-2
3
3:-1
1
3
-4
0
3
-3
0
6
-6
6
-6
3:0
1
-1
2:0
1
-1
2
-2
2:0
2
-2
7:0
7
-7
4:0
1
2
-3
1
-1
8:0
1
-1
0
end
