v1
956
207
33
503
79
407
52
84
90
13
8
229
45
8
325
43
83
62
126
237
1
57
19
37
7
14
1
65
81
194
122
28
0
71
6
75
39
7
77
88
80
204
40
16
103
169
140
7
285
94
206
159
60
174
46
143
133
122
11
136
135
22
47
108
132
116
10
123
71
22
285
346
0
174
53
95
183
61
156
393
6
21
166
197
28
277
4
253
96
166
194
2:63
16
57
139
93
46
137
440
34
138
165
88
16
80
91
148
144
30
109
90
304
100
2
286
8
146
59
67
213
69
57
31
345
28
405
106
135
186
124
111
8
22
55
284
28
185
41
27
2
354
77
162
166
11
118
40
142
35
59
106
169
16
47
110
416
75
19
113
367
8
59
338
168
14
6
27
29
45
38
25
18
4
34
23
8
46
2
141
6
3
1
13
105
61
21
1
65
8
0
59
46
18
30
35
3
54
55
14
0
231
439
7
1
85
0
208
203
22
160
123
131
110
147
32
125
10
33
6
116
104
180
54
121
141
85
101
27
14
87
3
166
3
44
389
404
6
17
14
10
289
10
5
31
2
66
17
70
229
41
309
114
232
48
9
41
145
355
162
96
301
42
31
10
0
377
50
6
53
56
2
24
42
115
56
37
72
22
75
50
325
144
6
225
261
23
254
33
29
157
40
6
44
36
53
75
19
38
69
7
8
147
40
48
235
110
447
162
2
81
20
82
16
86
38
11
180
183
40
175
18
52
121
8
11
32
45
41
108
169
51
38
100
54
47
31
30
6
29
18
2
72
20
88
153
59
5
20
3
99
5
89
5
33
118
54
154
152
59
123
9
46
17
155
34
91
31400
2
5
6
16
9
43
16
145
4
29
67
30
85
69
19
35
41
8
0
112
8
28
8
22
932
111
7
17
85
68
92
19
71
104
62
18
26
21
3310
2211
324
4
1553
1711
1362
2067
7581
3235
2650
4766
2954
3658
4874
3424
439
4010
2
4
10
10889
896
958
1533
1407
509
1014
3155
8
2:2
6
1425
3523
116405
3543
1
1735
983
4998
1
24
73
9417
32379
39
3
18
4
192
15
73
12
8
89
5
16
55362
50
35
67
7
157
7
29
18
39
6
12
55
91
16
27
10
1
2:2
8
2:1
11
2
17
709
7
22
14
6
0
10
34
63
0
6
49
16294
4654
3093
17450
738
575
238
448
904
78
873
2
187
665
436
532
2
3
4
2
44
3
56
30
10
53
31
9
25
2:3
1
43
47
6
4
40306
64
176
69
31
21
38
30
636
1
46
36
5
222
85
202
41
236
9
24
18
15
18
41
32
71
47
36
2:5
9
30
173
417
71
37
23
13
38
11
14790
1
153
72
1977
13
9722
2:1
105
44
13
1
101
14
2
16
10
62
13
62
5
30
-488600
77
0
94
57
226
0
17
141
248
228
87
152
24
38
452
28
128
106
443
58
125
397
250
25
18
109
42
43
209
97
305
99
430
359
81
26
70
38
239
485
295
53
60
148
161
37
292
29
45
51
0
91
74
233
1
260
44
141
60
35
216
20
186
112
302
282
107
156
7
501
288
157
45
101
65
83
14
300
358
7
515
409
170
63
32
49
95
104
380
148
291
13
35
103
17
302
169
19
79
13
39
519
222
852
100
132
127
120
188
107
61
50
119
455
143
121
328
5
146
127
154
156
44
34
0
2
7
5
9
1
37
4
66
136
180
9
156
15
6
79
53
0
201
0
192
0
80
220
786
96
261
2
148
505
154
126
392
346
5
896
173
0
337
0
147
401
60
0
2:7
259
1089
22
7
0
305
1043
404
45
21
182
37
513
143
32
253
382
93
206
127
176
279
105
174
143
0
45
85
199
224
44
35
2
210
0
95
15
306
2
25
180
449
0
23
44
65
150
119
143
163
136
5
40
15
31575
112
7
147
23
31
0
42
39
172
12
18
11
1225
40
50
27
353
5964
2224
1707
9348
2112
363
1748
12420
3
2831
3663
436
2169
3
1741
872
1267
0
9429
36
0
4
7
1
0
1
21
4664
3432
4165
0
1
7
10
16898
104456
11253
59
41843
46
16
24
70
89
78
20
55531
206
81
0
24
79
49
3
91
6
9
46
1
4
779
57
12
101
7
2:6
15690
13394
5151
2004
1247
4643
1102
44
2055
1842
17
20
51
0
45
47
4
9
42
94
30
31816
8918
0
735
190
84
0
9
107
134
7
21
255
7
8
11
250
90
150
462
15153
11821
30
159
173
1419051600
599:0
1
355:0
147
-143
14
36
58
-81
-15
-4
-7
1
0
5
-6
3261
-3256
3
-6
4
10
472
-140
-348
2470
-2467
3:4
0
-11
0
-2
0
-2
7
13
-19
4
32
20
-57
20
10
-10
-15
38
84
-124
-3
260
-148
-62
-46
664
-665
2
1
3
17
285
-160
-149
16
-15
3
-6
1
0
17
-15
151
-152
0
50
306
-358
4
-3
2
418
-311
-108
602
-600
59
-54
-9
83
-81
36
-35
33
-36
12
-9
22
-21
-4
12
-7
58
-63
0
12
1439
-1451
170
-169
3
57
-31
-26
-3
165
-166
12
528
-520
91
-103
110
-105
-1
13
-5
-21
15
52
-49
18
151
-176
-9
4
95
-48
-43
-9
5
4
-8
4
10
-10
124
357
-485
3
-1
7
471
-448
556
-588
2:0
389
-390
-1
20
13
68
-69
-28
4
1
-4
-3
146
-120
241
-254
4
-14
-4
131
-20
-96
-1
64
-72
2
46
-50
104
-107
332
-99
-225
8
0
-2
2606
-2532
-62
116
-139
22
5
-29
0
272
-271
30
166
-197
0
123
-123
73
-49
-25
13
286
-300
0
12
89270
-89262
5205
-5000
-187
-33
46
-11
700
-726
-11
31
158
-188
8
-5
52
-52
67
-62
-11
0
6
-5
1237
-1234
10
-11
1028
-1011
-20
28
97
37
-158
51
-53
7
-6
-1
-2
-1
3
137
13
-146
-7
17
0
475
-375
-88
-15
-2
415
-416
-8
13
-15
12
-9
13044
-11833
-1076
148
-265
-15
13
43
29
-2
-17
-72
-1
12
40
-48
5
1
1526
-1512
136
888
-1037
31
14506
-14523
-21
7
306
-316
399
-381
38
1
-41
-13
727
-723
1177
-1180
-2
185
-152
61
391
-461
2687
-1229
-1417
-22
-35
-10
34
-25
185
-68
17803
-17888
91
4613
-4743
62
-65
29
-23
25
1097
-1107
4
670
-585
4413
-4523
0
29
76
-99
7
9183
-9196
33
-1
-32
18
-17
81
-45
1026
-1059
24
3161
2295
-5483
193
-80
-108
-4
4
-6
15
-15
301
84
-382
276
-273
14
-18
0
106
-108
1127
-1091
1266
-1296
-5
-1
2
23
-23
14
62
39
-109
249
-231
-21
107
181
-21
-250
947
-615
-324
-25
820
-825
1915
142
-1906
-138
-13
-1
53
-47
3
114
-94
-13
-14
13
170
-180
24
-9
-18
1
9
17572
-17573
-9
15
11
-21
-3
328
-316
201
-199
-13
335
-208
4653
-4784
133
-75
-45
2323
-2336
15
89
-99
88
-88
443
-438
2
4
37
-45
10
12
104
-91
-34
20
537
-556
-10
0
44
9
-41
-5
157
18977
-19103
301
-308
189
-201
-10
-8
0
65
-57
-7
0
-1
-2
3
2:0
-2
894
-886
63
-68
62
217
-271
-8
9
107
-115
9
19
2
9
131
-28
-138
-6
-1
5
265
-267
41
-36
10
19
-23
-12
500
22895
-19106
-4288
81
-83
3165
-2932
-153
-62
-18
8
2:-4
1
235
55
-273
58
-63
554
-416
-34
-112
186
2212
-2373
-21
381
1188
-1495
-82
41
-41
727
-700
-2
-16
30
-12
13
-38
28
-30
22
223
-247
21
129
-151
24
-23
33
-6
220
-207
-33
-5
5164
-5135
57
40
-128
4
248
1403
-1592
669
-678
898
-958
3
0
1
0
-1
0
-1
2:0
2
-1
0
-2
1
-2
2
-1
0
3
-2
2:0
2
-3
2:0
2
2:0
-1
1
0
-2
3:1
-3
0
2
-1
0
-2
2
0
2:-1
0
1
3
-4
0
2
1
-1
2
-2
-1
0
1
0
-1
3
-1
1
-3
3
-3
1
2
-2
0
2
2:-2
1
3
-1
-2
1
0
1
-3
0
3
1
-1
-2
1
-1
0
3
-1
-2
2:1
0
-1
-2
1
4:0
1
0
-1
1
-1
0
3
-2
0
-2
4
-4
1
3
-2
1
0
-2
0
-1
2
2:0
2:1
-3
-1
0
3
0
-3
3
1
-2
-1
1
2:-1
0
2
0
1
0
2:-1
1
-2
2
1
-3
2
-2
3
1
-2
2:-1
3
0
-3
2:0
2
-2
0
1
0
1
2
-3
2
0
-2
3
-3
2
-1
-2
4
-4
0
2
-1
0
1
0
-1
2
-3
2
2:-1
0
3
0
1
-1
-2
0
-1
3
0
2:-1
1
0
-2
0
3
0
2:-1
0
2
-3
1
0
2:1
2:-1
0
2
-2
3
-2
1
3:0
-3
4
-2
1
-2
3
0
-2
2:-1
2
-1
1
-2
0
2
-1
2
1
0
2:-2
1
2
1
-4
0
2
1
0
1
-2
1
0
-3
2
-1
2:1
0
1
-3
2:0
-1
1
-1
2
-1
0
1
-1
2
-1
2
-4
2:0
3
-1
-2
2:2
-2
-1
2:0
3
-4
4
0
-3
2:0
-1
2
0
2
-3
1
0
-1
1
2
-3
1
-2
1
2
0
-2
2
-2
0
-1
1
2:0
-1
0
3
1
-4
2:0
1
3
-3
1
-2
2
-1
1
0
-2
2:2
2:-2
2
-1
3
4
-3
1
0
8
-6
-2
-1
1
-1
1
-1
0
103
-103
2:0
1
-1
0
10
-8
19
-20
-1
2
-1
0
-1
0
1
3:0
-1
1
26
-25
0
-2
0
1
-1
0
9
-9
1
-1
1
10
-10
0
2
-3
0
1
-1
1
-1
6
-6
1
2
-3
1
3
-4
2:0
13
-13
2:0
17
-17
1
-1
2:0
4
-3
3
-4
12
-12
0
6
-6
8
-7
5
-6
1
0
1
2:-1
2:0
2
-2
1
-1
1
0
17
-18
1
-1
6
-5
-1
5
-5
2:0
3
-1
-2
13
-12
1
-1
3:0
8
-5
-1
-2
0
-1
2
-2
2
-2
0
2:1
-2
2
0
-2
0
11
-10
2:0
-1
48
-48
19
-18
-1
2:0
1
-1
0
1
68
-67
-2
2:0
1
2
1
-2
37
-37
3
-4
-1
26
-21
3
2:-4
4
-3
14
-15
22
-22
36
-36
0
3
0
-1
1
7
-6
9
-12
0
5
-5
0
9
-10
0
16
-15
0
1
-2
4
2:-2
1
50
-51
0
10
1411
-1420
74
-41
-32
1
0
4
1
-6
0
-2
1
0
2
-2
14
-15
13
-11
-1
0
1
0
25
-26
9
-9
79
-76
-4
8
5
-2
-10
1
-2
1
-1
3:0
2
22
5
-29
0
2
0
11
-13
6
-6
3
10
-11
2:-1
2:1
-2
455
-401
-47
-6
-1
1
-1
2
-2
9
8
-15
-1
0
2
-3
4
-1
67
-68
-1
41
-36
-3
200
-203
0
4
26
-28
1
-2
6
-1
-4
-1
36
-37
3:0
34
-29
-5
11
-9
115
12
-125
-4
2
-2
6
-2
-1
15
483
-491
-9
116
-117
2
-2
0
2:2
25
-26
17
58
-77
312
-313
2
5
2
-7
-1
9
-10
0
30
-29
5
-5
5
-2
158
-160
-1
4
212
-217
16
-9
-5
-2
3
-2
4
-5
38
-32
-3
55
-58
10
-10
0
23
-22
164
-157
33
-41
2:0
1
5
-2
-4
17
7
-22
47
-42
-7
4
1
45
-50
29
0
-29
3
61
-64
56
27
-78
-5
2:0
3
-3
9
28
-36
3
-4
4
2
-3
3:-1
0
3
210
-213
5
2:0
-3
0
23
-22
-3
3:0
23
680
-703
16
-14
2
24
-28
4
-1
-3
2
0
45
-47
3
5
-1
-7
6
-2
1
-3
7
0
14
-20
-3
1
22
-16
-3
-4
8
374
-376
27
-25
9
-17
0
8
-8
18
-17
-1
5:0
3
-3
20
-16
0
-3
2
4
-6
1
-2
11
-11
0
3
2
8
2
-8
-5
-2
0
2
7
-9
1
-1
2
8
-2
-8
158
436
-363
-230
3
-4
298
-278
-4
-9
-4
-3
0
2
1
31
23
-51
-6
1
7
5
3
-16
17
26
-43
4
123
37
-157
-7
19
-17
-1
2:0
1
-1
0
-1
1
12
-13
16
-7
-9
0
3
-3
3
-1
2
-1
8
-3
-8
0
46
-44
-2
17
-17
2
-1
21
-12
48
-51
-6
-1
26:0
1
-1
12:0
3
-3
4:0
1
-1
13:0
1
-1
1
-1
0
1
-1
2:0
2
2:-1
0
1
-1
3:0
1
-1
9:0
1
-1
3:0
1
-1
7:0
1
-1
5:0
1
-1
13:0
3
-3
3:0
1
-1
0
1
2
-3
13:0
2
-2
4:0
2
2:-1
12:0
1
-1
6:0
2
-2
24:0
3
-3
22:0
3
0
-3
16:0
1
-1
1
-1
4:0
2
-2
2:0
1
-1
2:0
1
-1
0
2
-2
4:0
2
-2
3:0
1
-1
2:0
1
-1
6:0
2
1
-3
2:0
1
-1
3:0
1
0
-1
8:0
1
-1
3:0
1
-1
2:1
-2
4:0
1
-1
12:0
2
-2
13:0
1
end
