v1
692
104
103
2:45
221
51
15
697
52
87
14
21
13
615
141
286
124
1
57
56
7
14
1
28
118
115
241
140
46
165
324
4
284
32
27
107
566
321
687
111
34
143
106
64
88
235
5
261
160
153
260
164
114
217
555
7
24
51
7
167
534
44
43
89
86
257
136
139
93
388
109
463
275
297
134
381
113
388
54
59
280
69
57
176
739
135
104
92
131
124
339
281
28
93
235
53
356
7
394
115
160
50
123
219
197
121
167
294
24
35
196
4
20
2
123
181
12
44
12
33
38
25
18
4
22
12
23
0
54
2
17
103
25
2
3
1
118
73
0
9
56
18
59
64
65
3
54
43
12
14
59
54
89
29
74
11
362
78
95
120
225
160
35
219
110
30
68
206
10
39
116
104
180
115
60
141
85
101
77
51
172
146
5
282
129
281
31
276
23
46
2
153
229
41
423
51
34
20
225
757
1
199
102
71
22
312
55
50
117
23
1
42
115
93
0
94
75
18
32
732
229
23
254
33
80
96
10
40
86
128
57
69
7
8
0
147
40
2
313
78
334
113
162
83
156
48
130
165
65
55
37
175
133
58
8
11
32
49
25
12
204
73
39
12
38
100
54
47
61
147
88
212
5
20
3
10
94
89
5
33
214
10
194
105
14
38
47
27
20
63
146
9
34
91
31402
5
10
12
9
204
130
62
23
69
19
4
72
120
36
8
22
932
118
102
68
111
71
61
44
61
18
3357
2211
328
1553
5136
4
6258
4558
2650
9
4757
4992
790
830
7482
816
439
486
872
2652
2
8060
31
3708
958
2466
5143
8
11
5
1428
3523
119949
1735
5981
25
73
4
9413
32310
101
10
22
21
1
14
131
40
73
1
91
17
2:5
11
7239
3760
43632
781
35
74
59
98
7
29
18
39
6
12
53
109
27
0
10
0
2
0
1
2
8
2:1
11
2
726
7
22
14
6
113
57
20940
3093
1178
9030
7980
575
485
1183
873
189
665
968
2:5
6
11
27
4
50
0
36
94
9
28
3
1
43
38
18
0
1
30302
1513
8491
64
176
100
59
563
103
1
179
130
70
15
202
135
4
138
9
24
4
29
18
41
103
78
24
0
30
173
100
375
13
37
19
17
38
8
14794
3
150
72
1990
9723
1
162
73
29
14
18
10
62
13
62
5
23
7
-488436
1023
59
18
122
39
0
26
4
297
89
0
557
206
82
382
135
890
510
10
114
362
308
130
591
30
498
18
932
197
648
0
142
221
583
1618
98
0
365
279
451
206
0
104
138
787
0
401
620
112
170
55
273
1620
0
834
290
515
9
296
37
15
167
8
33
0
183
30
47
43
69
33
109
54
82
50
566
192
78
317
109
303
271
319
0
295
286
47
223
188
199
388
171
599
765
152
333
716
385
186
356
281
88
173
278
1178
27
0
106
37
649
87
670
0
309
858
31
168
402
6
50
207
228
117
280
457
2
193
75
153
15
31575
142
311
127
995
105
535
0
11215
8956
0
13178
11565
3883
0
15677
6084
9
2:4
2
1442
119910
0
3544
49701
95
32
14
186
128
55284
45
94
193
201
916
23
45614
1715
71
0
140
122
4
40385
0
369
58
209
444
119
173
241
528
51
15731
2079
10050
19
56
1420031400
499:0
1
191:0
6
1
73
-75
2
-4
3
1
-5
1
10
-11
9
3322
4970
-8300
57
-50
134
-6
-136
4
21
7
-18
22
-36
27
-22
6
-8
2
52
-54
1
4
142
-141
-6
50
-48
-3
2
6
250
-239
-19
51
-19
4078
-3985
-121
448
-412
-38
-4
100
-96
196
20
-121
-93
64
-70
12
-2
67
-60
-13
1
15
-15
133
-135
24
-26
33
-26
341
-344
173
-173
76
-74
62
-54
-12
-3
19
-13
91
-86
8
108
-126
3
2
-4
211
-211
29
24
-43
-9
317
-314
277
-204
-64
676
-689
-2
0
5
19
-14
-8
6
18
-17
68
-75
37
-37
1
-1
5
0
7
-11
33
-34
76
-48
-19
59
-44
-23
0
247
-248
65
-36
63
167
-253
-6
-1
7
-6
10
-7
-2
132
-131
4
250
-258
221
-169
-27
-23
1
6
445
-453
11
-8
75301
-68395
-6775
-135
16
-15
-1
23
-9
-11
3
8
6
7
-26
27
-23
-1
8
-11
63
-59
152
-138
0
154
-95
-77
5
229
-226
-9
53
-50
115
198
-270
-36
890
-900
19
6
-23
39
-39
1
4
10974
-7865
-3108
4
-9
4
-6
43
-38
17
-20
5
-3
-4
1874
-1868
589
-581
79
-1
25870
-25959
183
-186
161
-159
-2
2:4
-1
308
-315
1
2:0
211
-164
-47
8
2143
-1882
-249
-22
15
-10
-3
2:0
3
1
71
28316
-28390
2343
-2322
193
-206
1007
-949
5307
-5374
3
4
39
-45
1
8
-11
2
6
-9
0
2
14
45
-60
3
1107
-985
1121
1892
-3134
19
260
-281
166
-164
80
-10
111
-184
18
87
1204
-1285
618
-631
2
7
-7
77
-45
-36
-11
117
-75
53
89
428
288
-871
1422
-1443
635
1147
-1781
6
1
-15
0
2
74
-74
2:-1
11
18
-28
0
1
150
-140
-13
0
37530
-37520
-8
3
27
-32
1
234
-125
-110
5135
-5131
6
70
4829
-4904
64
-66
-3
11
4
-14
3
1050
-359
-687
-6
-2
3
8
-2
84
-74
-11
-3
58
61
-123
25
532
-548
-8
68
-62
-1
15
-2
-17
0
16
405
-416
83
-52
30
-63
-4
1
11
57
-68
19
22
-24
769
-783
23
-10
113
-130
33
-33
11
-10
-2
19
-19
5
32
-35
1009
-1005
0
40
-28
-19
162
12451
-8076
-4525
-10
19
0
392
-400
3
241
-218
-8
-27
0
1
302
-44
-220
-18
-25
43
-36
-5
6
29
879
-879
-36
562
3458
-4009
52
-63
6
0
52
-55
14
6
-21
1
68
-43
96
-124
4
0
-3
-1
9
560
-532
119
-156
14
79
-89
57
-43
13
384
-415
-1
2
-4
0
2:1
0
-1
0
-1
1
-1
1
2:0
1
0
-2
2
-1
0
-1
1
-1
1
-1
1
-1
0
1
-1
1
2:0
1
-2
1
-1
1
0
-1
2:0
1
0
-1
0
1
0
-1
0
2
-1
0
-1
1
0
-1
0
2:1
-2
1
0
-1
1
2:0
-1
1
-1
0
1
2:0
-1
0
1
0
-1
1
0
-1
2:0
1
0
-1
2
0
-2
1
0
-1
0
1
0
-1
0
2
-1
0
1
-2
2
2:-1
1
2:0
1
2:-1
1
2:0
-1
2
-2
1
-1
1
-1
0
1
-1
2:1
-1
0
-1
1
2:0
-1
1
-1
2:0
1
5:0
-1
1
2:0
1
-2
2:1
2:-1
1
0
-1
1
0
-1
2
-2
1
4:0
1
-2
1
-1
0
1
0
1
-2
0
1
0
-1
3:0
2:1
-2
2:1
-2
1
-1
0
1
1
0
1
-1
3:0
1
-1
2
-2
0
2
65
-65
-2
2:0
8
2:-3
-2
13
-11
-2
3:0
34
-32
-2
0
7
-7
2:0
8
-8
0
1
0
-1
2:0
5
-4
-1
4
-3
1
2:-1
1
0
-1
4:0
9
-9
0
1
3:0
-1
2
0
-1
2
-1
1
-3
4
-4
3
-2
13
-13
7
-7
1
-2
2
0
-2
3:0
6
2:-3
2
-1
0
1
-1
23
-24
3
-1
-2
3:0
2
22
-24
4:0
2
1
0
-3
3:0
22
-22
7
-7
0
2
-1
0
5
-6
2
-2
0
2
0
11
2
-15
0
19
-19
7
-3
-2
12
-14
2
-2
3
-3
3:0
12
-12
0
33
-32
7
-5
-1
-2
2:0
61
-61
0
2
992
-921
-59
-14
2
-2
2
3:0
-2
0
6
2:-3
2
2:1
-1
-3
8
-8
22
-12
-8
10
2:-6
1
-1
4
-4
9
-9
12
-12
4
-3
12
-13
3
-2
0
-1
2:1
0
364
-258
-107
-1
2
0
-2
5
-3
2:-1
2:0
3
60
-62
19
-12
-7
0
305
-304
-2
0
25
-25
1
0
2
-3
12
-12
3:0
20
-13
-7
1
99
-22
-72
-6
3:0
2
-2
1
-1
8
434
-442
62
-59
13
-8
43
-42
537
-546
3
1
-1
-2
0
5
-6
0
5
-5
2:0
2
3
-5
0
89
-88
3
93
-97
4
7
-10
10
-10
-1
0
33
-33
3
21
115
-129
14
-22
-1
2
-2
11
2:-6
0
29
-23
-2
11
-2
24
-37
40
-39
31
39
-71
3
-2
-1
2:0
7
-7
2:0
7
1
-8
2
0
4
2
-7
1
171
-173
2:0
10
-9
-1
0
5
-5
299
-299
1
4
3
-8
1
-1
0
2:1
-1
2
1
46
-50
2:0
3:1
13
-5
-10
4
1
-4
-2
6
10
-8
-7
11
-10
0
5
0
-7
0
1
55
-55
27
-19
-7
-2
12
-12
3
-3
2:0
1
2
6
-8
1
4
-4
-1
9
-9
3
-4
3
1
-4
0
3
-2
9
-10
0
2:2
-3
39
266
-222
-80
-3
2
0
48
-49
-2
3
7
-1
-7
2:-1
24
34
-58
6
-6
5
-4
1
-2
5
15
-20
1
135
264
-398
26
-27
-1
0
5
-3
-1
0
-1
7
1
-4
14
-16
-2
1
0
-1
0
13
-9
8
-12
0
15
-14
3:0
29
-30
0
1
-1
4:0
2
0
-2
6:0
2
-2
2:0
1
-1
31:0
1
-1
11:0
2
0
-2
10:0
1
-1
3:0
1
-1
2:0
2
-2
6:0
1
-1
3:0
1
-1
4:0
2
-2
3:0
2
-2
18:0
1
-1
15:0
2
-2
2:0
1
-1
1
2:0
-1
13:0
2
-2
0
1
-1
6:0
1
-1
2:0
1
-1
5:0
end
