v1
778
204
3
311
225
237
249
52
139
48
130
366
119
51
330
170
58
19
37
7
15
28
99
19
221
153
122
46
224
265
288
166
266
5
124
19
152
159
162
72
132
190
107
297
34
249
46
96
10
353
107
41
160
413
70
340
85
54
501
31
46
12
133
34
349
10
49
388
257
136
76
156
85
303
109
147
206
110
88
158
29
431
90
404
388
54
339
65
4
14
43
460
455
135
84
20
96
166
424
53
41
126
61
121
235
416
8
386
275
16
34
123
346
70
288
117
169
8
59
138
200
7
159
22
26
42
33
38
12
13
18
12
49
54
2
24
103
20
4
118
73
4
5
12
62
59
46
18
65
3
54
38
17
53
20
54
89
29
85
118
236
7
1
78
95
120
203
22
195
86
243
304
10
39
116
104
180
54
121
35
106
85
101
41
198
61
146
272
15
410
17
14
10
289
10
5
31
2
66
17
70
229
41
309
114
43
42
20
225
758
199
102
71
22
312
55
33
17
115
276
93
1
75
18
32
477
255
220
9
19
77
181
33
29
1
143
97
42
128
19
0
38
69
7
8
147
40
2
391
447
245
20
182
2
412
3
37
175
191
8
11
32
86
277
51
38
100
54
14
64
22
8
147
88
153
59
5
20
3
104
89
5
33
214
3
7
122
72
119
132
63
155
34
1
90
1
31
16
31354
5
10
12
9
43
194
53
44
37
48
69
19
76
1
119
36
8
22
932
54
166
68
111
71
166
18
56
272
3029
2211
328
1553
2387
2749
4
2464
8352
2650
4766
4992
6927
3
2172
816
439
486
2139
1385
2
8089
2
5
2821
882
943
15
2466
5144
7
9
2
5
1
1414
3536
119948
1
7741
73
9417
32411
10
22
21
12
3
36
95
40
73
41
32
19
17
5
11015
43632
731
50
35
74
59
98
7
2
27
57
6
12
53
2:46
1
16
37
3
2
8
2:1
11
2
726
43
6
176
16280
4082
572
3093
1178
9030
7980
978
82
1183
127
746
189
1101
532
2
1
2
2:11
27
4
86
10
84
9
28
3
1
36
7
38
9
10
30302
1513
8491
64
176
100
138
587
1
7
39
263
85
202
135
4
46
92
9
57
18
41
103
77
11
10
4
30
273
375
13
37
19
17
38
14802
153
72
1990
9722
2:1
162
102
14
28
62
13
16
27
19
5
-488452
46
0
3
16
45
65
177
389
328
59
179
416
0
262
21
314
3
0
762
179
234
609
88
0
227
1026
552
76
493
569
0
163
83
302
237
400
72
112
0
70
29
62
0
18
606
132
12
606
100
1040
168
342
110
60
0
20
201
0
99
208
54
84
268
810
67
43
58
674
245
139
114
786
181
175
507
9
210
59
130
153
21
60
505
452
382
28
136
6
25
65
117
30
47
120
82
0
57
0
32
186
51
84
459
128
68
9
15
142
0
272
179
51
97
0
136
0
108
173
61
85
281
104
136
717
0
434
98
79
1706
9
450
253
179
294
193
358
24
352
3
0
161
136
145
22
370
325
398
4
56
133
203
546
59
3
319
277
36
0
216
93
4
181
115
337
363
99
0
363
116
40
104
228
117
131
653
11
16
0
66
0
55
60
15
31617
126
66
99
208
101
99
0
1188
67
310
77
33
5862
5320
25390
5704
423
7456
8056
19
13
6198
0
1407
0
1548
3121
5505
115874
5280
44268
0
3596
27
0
59
113
39
247
55400
332
42
61
0
9
0
146
759
0
55
159
3449
15758
0
8
23579
1795
748
141
711
0
978
26
71
96
0
175
40089
647
13
283
215
220
276
9
0
107
134
286
64
178
0
46
212
213
102
116
176
16996
9972
61
175
7
1420041600
499:0
1
277:0
5
3
-3
1
7
55
-39
-23
146
-103
-27
4701
-4719
0
26
371
-397
258
-235
61
-69
-15
7
2
-8
134
-128
-2
12
66
-75
0
-8
3
45
109
-156
6
2
3
-1
310
-298
-22
-1
0
8
329
-330
-7
143
-137
101
-104
-3
36
4012
-3964
4
-83
-1
1
207
-211
22
-12
7
1
106
-72
-50
-1
-2
9
-2
7
-11
-2
1
36
242
-279
36
105
85
-44
-170
-13
24
38
-57
31
-35
0
13
419
-433
90
-13
-77
5
-2
33
-36
13
10
242
-231
-12
-22
3
-1
581
-563
-19
5
48
635
-685
-4
30
-28
3
45
-49
12
106
-112
-2
27
1
-17
-7
-5
-4
63
58
-46
-20
-50
-3
534
-529
74
-59
0
2
214
-227
-10
2
18
-17
6
-8
4
101
-104
-2
-1
2
216
-218
382
-336
-43
30
-33
33
911
-941
87922
-78866
-8914
-140
8
13
-20
-4
19
-15
64
-68
30
1
-29
8
-6
-2
12
2
124
-102
-31
16
-14
270
-278
126
-98
-7
560
-526
46
-103
-1
3
-2
61
-57
120
240
-329
-31
1119
-1121
-1
1
-2
105
17358
-12610
-4848
7
-11
-2
0
1
-1
3
62
-61
3
51
-34
9
-10
1597
-1616
-2
13
676
-674
48
32423
-32478
202
123
-335
7
4
-9
291
-280
-8
599
-565
-25
5412
-5111
-308
-3
-1
5
-5
87
32017
-32102
9
-12
3214
-3188
253
-267
3
910
627
2787
-4336
3
74
-81
15
-13
8
-4
11
-12
3
10
-10
1356
-1360
181
-186
0
7
959
2042
-3007
75
189
-264
0
2
255
-255
115
-39
102
-159
-14
201
1000
-1192
666
-675
-7
40
-34
140
-114
173
-163
-40
4
10
64
794
-140
-734
183
1641
-1818
269
1512
-1782
13
16
-32
6
127
-135
0
2
11
45
-59
0
3
-2
18
-9
2175
-2185
2498
-2495
-1
38289
-38271
-10
21
-21
-7
256
-4
-131
8411
-8533
129
7002
-7130
21
-23
47
-41
8
-15
4
9
-10
1301
-681
-623
8
-7
1
120
-105
-2
2:0
-5
123
107
74
-272
-41
7
-8
115
-61
-30
24
545
-580
147
-116
-28
-2
-6
-7
3
-4
80
-77
1
3241
-3237
23
-13
-18
9
63
-72
0
26
-18
69
-50
-19
14
6
15
-41
13406
-13330
-78
21
-15
173
19559
-16186
-3494
-56
-2
0
888
-877
7
44
-2
-36
-14
8
152
156
-322
5
518
-474
-29
-23
24
-24
121
670
9645
4481
-14906
105
643
-757
-3
2
44
-33
2
-13
-1
119
-84
199
-121
-108
-6
51
-50
817
-738
183
-242
182
13
-191
3
1744
-1470
364
-662
-7
1
2:0
-1
2
-3
3
-3
1
-1
1
2:0
-1
3
0
-1
0
2:-1
2
3:0
1
-3
3:1
-2
2:0
-1
1
-1
1
-1
1
0
2
-2
2:0
-1
3
-3
1
0
2:1
-2
-1
0
2
0
-1
1
0
-1
1
2:-1
1
2
-3
0
1
0
-1
1
-1
2
0
1
0
-1
2
-4
0
3
-2
2
-1
1
0
-3
3
-3
3
-3
2
1
-3
0
2
3:0
-2
1
2
-3
1
0
2
-2
0
1
0
-1
2
-2
1
0
-1
0
-1
0
3
-3
3
-2
1
-1
0
-1
3:1
-2
0
2
-2
-1
2
-1
2
2:-1
0
2:1
-3
0
1
2
-2
2
-1
1
-3
3:1
0
-3
2
0
-1
0
2
-1
-2
3
-2
1
0
-1
0
1
-2
1
2:0
1
-1
1
0
-1
0
-1
4:0
3
0
-1
3:0
-2
0
1
2
-3
1
-1
3
-3
1
2
-3
0
3
-1
0
-1
0
-1
2
0
1
-1
2:0
1
-1
0
-2
0
3
-3
0
1
2
-2
2:0
-1
3
-2
0
-1
1
0
1
0
1
-1
2
-1
-2
1
0
1
-3
2:1
2:0
1
0
-3
2
1
-2
3:0
1
-2
0
3
0
-1
2:0
1
7:0
-1
1
2:0
1
0
1
4
-3
-2
2:0
75
-76
1
-1
9
-9
9
-6
13
-15
-1
1
-1
0
3
41
-43
0
12
-12
-1
2:0
1
8
-8
-1
3
-3
2:0
5
-5
0
1
-1
6
-6
3
9
-12
3
2:-1
2
-2
1
0
-2
0
1
8
-9
2:0
4
2:-2
0
2:1
-1
0
-1
2:1
2:-1
3
7
-10
2
-1
18
-11
-8
2:0
1
-1
3
0
-3
2
2:-1
10
-10
2:0
2
0
-2
2
-2
19
-15
-3
-1
3:0
1
0
-1
27
-27
2:0
1
-1
1
-1
1
3
31
-35
0
9
-8
1
5
-6
-1
0
3
11
12
-26
0
22
-22
7
-5
-2
0
10
-10
1
-1
1
-1
0
1
-1
10
-10
2:0
1
32
-33
11
-9
-2
3
-2
0
64
-60
1247
-1174
-54
-24
4
-4
1
2
1
-3
3
-4
2
7
-7
2
-2
4
-4
0
1
9
-12
3
-3
26
-25
-1
9
-5
9
-12
13
-14
2
0
-2
11
-7
14
-17
4
-4
21
-22
2
0
-2
1
528
-402
-127
2
-2
1
-1
2
2:-1
5
-3
2:-1
2:0
3
66
-65
0
-4
21
-15
-3
300
-300
-3
38
-38
4
1
-4
17
-17
0
35
-29
-4
130
-26
-103
-3
1
2
-4
11
528
-539
3
-2
71
-69
12
-12
8
59
-57
793
-803
3
-2
-3
0
-1
3
-3
0
4
0
2:-1
107
-109
2:0
1
-1
1
130
-131
10
3
-11
-2
2
20
-22
1
-1
41
-36
-4
35
137
-166
24
-30
2:1
0
7
-2
39
-37
-8
2:0
28
-7
14
-37
0
42
-42
37
42
-77
0
-2
2:0
8
-8
1
-1
15
12
-23
1
-5
0
3
1
2
0
-5
2
-1
186
-188
5
-5
3
-2
12
-13
9
412
-420
7
3
-11
2
-2
0
2:1
-2
2:0
1
3
41
-44
1
-2
2
14
-3
-13
6
-3
6
-9
9
12
-7
-13
0
-1
0
26
-17
1
58
-64
32
-23
-11
-1
11
-11
-1
1
7
-8
5
4
-9
2
0
-2
2
7
-9
4
5
-9
6
-6
2:2
-3
8
-9
18
-15
-3
4
-1
60
263
-212
-114
1
-1
0
81
-79
3
4
9
-10
-5
-2
49
53
-103
0
7
1
-2
-6
2:0
10
15
172
278
-473
32
-34
3:0
23
-20
-1
-2
3
5
7
4
-17
0
-2
2
1
11
-3
1
-12
22
-22
5
-5
2:0
41
-40
-1
10:0
1
-1
15:0
1
-1
15:0
1
-1
14:0
1
-1
11:0
1
-1
9:0
1
-1
2:0
1
-1
6:0
2
0
-2
0
1
-1
12:0
1
0
-1
9:0
1
-1
3:0
1
-1
0
1
-1
2
2:-1
0
1
-1
18:0
1
-1
26:0
1
-1
4:0
1
-1
5:0
1
-1
7:0
1
-1
1
-1
1
0
-1
4:0
2
-2
0
3
-3
17:0
1
0
1
2:0
-2
6:0
1
-1
0
1
0
-1
3:0
2
0
-2
1
-1
0
1
-1
5:0
end
