v1
686
297
238
445
113
188
802
551
58
56
22
146
328
93
286
752
592
214
107
521
277
22
403
10
194
22
19
144
282
153
260
235
104
742
225
386
148
44
43
175
194
190
9
232
183
59
415
303
275
431
849
87
339
69
57
172
300
578
366
257
167
254
622
170
7
288
106
275
16
34
9
33
497
177
405
59
50
25
507
45
6
32
37
6
4
57
8
46
19
130
4
118
82
74
123
65
239
89
29
447
173
120
225
195
329
314
39
116
284
316
85
74
68
259
433
410
330
10
38
83
156
143
41
423
280
208
901
93
367
56
111
106
75
187
75
18
32
961
19
258
62
197
86
128
19
107
15
147
42
391
712
184
452
175
191
8
11
75
247
124
38
100
54
108
235
192
25
20
3
104
89
5
257
398
47
63
189
31493
5
22
9
43
194
50
47
154
19
196
36
30
1331
71
166
15
3
22
25
9
3301
2211
328
1553
663
4477
6258
4558
1500
1150
4766
14910
4451
4
8088
4665
7628
5
1428
123471
1
7741
73
9417
32411
10
22
21
368
5
16
54631
781
35
238
2
27
56
7
45
129
37
5
8
1
12
2
726
21159
3093
18188
575
238
1430
1727
971
2:7
41
120
60
37
3
1
100
40306
64
176
100
725
1
309
85
202
277
9
21
3
33
18
41
0
103
47
46
39
186
507
5
74
8
14794
225
11712
2:1
162
1
115
19
71
75
35
-488417
52
190
249
486
27
59
105
14
34
8
19
140
0
183
68
24
54
170
37
296
0
206
0
13
23
2
0
87
579
74
7
224
388
63
102
37
110
19
139
221
36
122
0
207
124
0
110
309
146
305
67
0
546
85
37
126
41
360
283
425
562
141
80
377
152
209
185
41
117
275
178
303
393
713
134
151
52
329
233
0
223
45
2
65
260
455
28
217
294
219
20
347
471
177
93
235
44
9
521
130
183
323
103
0
1202
15
5
2
123
208
41
33
93
0
5
0
10
8
10
72
3
177
31
67
35
94
63
14
94
5
15
72
38
17
330
132
41
0
267
149
323
139
0
110
133
138
276
78
425
61
60
35
197
223
318
102
0
393
0
219
14
10
9
0
257
38
0
186
123
0
456
172
47
266
621
295
173
12
262
60
105
37
78
26
48
202
544
125
27
255
539
80
106
46
341
114
81
48
69
166
0
444
275
2
81
102
16
94
0
175
62
13
102
55
503
25
52
237
22
165
42
61
31
22
27
180
189
59
259
118
227
0
134
58
38
76
39
63
17
60
48
0
9
126
31398
91
152
86
129
124
48
83
73
1072
17
85
68
694
5242
1865
17848
8064
2466
1620
9223
3524
8092
1
4651
1548
933
474
1550
3119
7
1
9
0
8
0
2
0
4948
116404
11363
0
41852
2
24
14
131
40
10
63
73
7296
3760
44312
89
94
27
157
54
0
39
18
1
45
7
46
47
43
12
1
8
4
768
61
83
52
7825
2
8453
8925
9030
3251
4643
1146
2056
2
130
0
11
46
1101
532
2
3
14
0
8
9
7
111
93
66
9
47
9
30303
1513
7115
1158
617
266
447
41
533
111
4
46
398
93
234
215
116
44
50
19
4
13
15067
0
2
1973
13
9829
130
73
24
49
7
0
14
31
1420020600
299:0
1
385:0
5
1
2
62
-65
2247
-2242
34
804
-822
369
-386
-3
20
5
135
-160
2
135
-20
-36
239
-114
-205
2
31
123
-156
3442
-3346
-94
0
116
92
-212
105
-104
51
17
-65
32
9
-40
24
22
-49
0
143
-122
-2
122
17
-158
24
-25
406
-385
-22
31
102
-92
26
-43
611
-630
175
-141
-37
50
-48
35
234
-271
19
584
-604
3
21
-4
-21
114
-111
28
60
-88
0
-2
99
-79
39
22
196
-229
-15
163
-196
0
189
8
-168
-26
28
-31
442
60152
-55478
-5040
-72
21
12
-36
109
-82
72
-100
49
-45
124
-96
-29
1
272
-273
0
1
214
-195
627
-650
21
-19
-2
10228
-7596
-2629
37
-37
-3
47
-47
4
0
2387
-2390
717
-531
13820
-13818
-28
-157
162
96
-204
43
1693
-1488
-302
0
16
-16
89
33228
-30856
-2367
-97
910
-861
2190
-2237
67
-24
-22
-24
2
25
572
-501
1387
-1433
176
-229
2
125
89
-138
63
-78
353
175
-493
-63
48
-81
28
-26
262
-264
85
-10
619
-374
-321
502
-50
-195
-254
1069
-897
-25
-88
-61
1
154
32375
-32509
-20
-2
109
168
-113
3420
-3580
32
99
-110
577
-70
1701
-2230
-3
52
-2
-51
42
-40
2006
-2007
39
-20
456
-473
108
32
-58
-85
941
-898
-14
63
-92
35
-31
-3
2:1
50
25
-58
120
9759
-6814
-2187
-641
-215
-11
-29
92
353
-393
-10
48
21
821
-901
-10
631
1508
-2158
25
35
-59
-4
33
-29
-4
4
181
-184
2
0
36
201
-214
1766
-1750
126
-121
29
799
-874
-5
0
-2
14
6
-20
0
1
-1
14
-12
-2
2
0
-1
2:0
21
-18
-4
1
0
2:1
-2
10
-10
0
2
-2
3
13
-13
-2
19
2:0
-20
4
0
-2
0
-2
0
1
-1
0
22
-20
0
-1
2:0
-2
11
3
-11
16
-16
-3
20
-19
12
-13
15
-15
4
-2
2
12
6
-8
-13
2
-2
-1
3
-2
17
-16
0
-1
1
-2
2
0
16
-17
2
17
-17
18
-8
-13
15
-10
-4
18
-16
-3
10
-9
-1
1
0
-1
1
-1
1
2
9
-7
18
-21
2:0
-2
3
-2
3
-1
0
17
-20
1
3
0
-1
16
-16
0
-3
2:2
2:-1
0
-1
2:0
-1
0
1
0
2
14
-16
2
8
3
-10
2:7
-13
-2
21
-22
3:0
-1
16
-15
2:0
-2
1
0
23
-23
0
3
-1
1
-3
1
2
-3
2
-3
15
-15
5
2:-2
-1
12
-11
1
-2
0
16
-14
14
-15
19
-19
2
-2
-1
2
0
-1
3
-4
12
-10
-2
1
0
13
-13
0
11
-9
-3
18
-6
-9
-3
0
2
12
8
-22
2:0
1
18
-19
3
-2
0
2:2
20
-25
5
2:-2
2
-1
0
12
-13
0
-1
0
3
8
-11
2
-2
19
-4
-15
23
-2
-21
11
-11
2
-2
18
-1
-15
15
-15
-2
14
-13
12
-11
-1
2:0
19
-18
0
-1
0
1
0
2
-2
-1
0
2
0
17
-18
1
2
12
-6
0
-9
2
0
-4
1
2
10
-11
0
17
-3
-16
17
-17
2:0
17
-4
2
-15
17
-17
2
-1
3:0
19
-19
14
-11
-4
11
-9
-1
2:0
1
13
-3
2
1
-1
-12
0
12
-14
2
21
-20
1
14
0
-3
-1
5
-19
5
10
-14
4
-5
4
0
-3
12
-9
-4
4
-3
2
0
7
13
-22
16
-16
0
2
1
17
-20
2
-2
3
7
-10
0
-1
5
2
-1
1
-1
1
70
-71
2
7
4
-12
-1
0
1
0
7
-8
1
-1
3
-3
0
5
-5
2
2:-1
2
0
-1
2:0
1
7
-8
0
-1
0
3
-2
-1
0
3
-3
0
1
-1
5
-3
-2
13
-2
-10
1
-2
0
2
-2
1
9
-9
-1
6
3
-9
23
-17
-4
2:-1
3:0
21
-21
2:0
3
-1
-2
24
-24
4
-4
6
-3
1
-3
0
5
9
-2
-7
-3
15
-18
0
12
16
-25
-3
3
-3
33
884
-861
-45
-11
1
4
-5
0
7
2:-3
10
-11
18
-17
-1
2
12
-8
-6
0
15
-13
10
-11
6
-6
-1
289
-199
-90
1
-1
0
3
-3
1
0
62
-60
24
-25
242
-244
17
-16
19
15
-29
-2
80
-6
-77
2
3
-6
9
368
-348
-18
-10
49
-38
509
-518
1
2:0
-4
2
4
60
-63
67
-60
-1
-9
2:0
12
-11
16
-4
72
-69
-2
-7
17
-23
3
-4
3
-2
2
6
3
11
-23
29
-29
30
-30
59
-56
5
15
-23
0
6
139
-145
1
0
21
-22
11
343
-354
2
6
-7
3
44
-48
2:1
6
-4
-3
-1
0
19
-19
11
-6
67
-71
25
-20
-5
4
1
3
-5
1
-5
7
-6
-1
1
0
4
-4
1
44
228
-168
-13
-87
4
-2
-8
27
95
-115
-2
-1
4
13
-21
0
108
96
-203
1
20
-16
-6
11
-11
1
4
10
-14
-1
1
2
7
-7
13
-13
9
-12
5
25
-30
4:0
2
-2
3:0
1
-1
0
1
0
-1
2:0
1
-1
11:0
1
21
-22
2:0
4
-4
10:0
2
-2
0
1
-1
3:0
1
0
1
-2
11:0
3
-1
-2
3:0
1
-1
2
-2
9:0
2
-2
1
-1
10:0
1
0
-1
3:0
1
0
1
0
-1
4:0
-1
9:0
2
2:-1
0
1
-1
2
-2
9:0
1
-1
1
-1
0
1
0
-1
2:0
4
-4
4:0
4
-3
-1
4:0
6
-6
0
2
-2
1
-1
0
1
-1
2:0
2
-2
4:0
2
-2
3:0
1
-1
1
-1
6
-6
3:0
1
0
-1
2:0
4
-4
7:0
1
-1
6:0
2
0
2:-1
2:0
11
-11
4:0
3
-2
-1
3:0
2
-2
0
1
-1
4:0
1
-1
2
-2
7
-7
0
4
-3
-1
5:0
2
-1
11
-12
0
2
-2
6
-6
0
1
-1
1
2:0
-1
0
2
0
-2
1
3:0
-1
2:0
1
-1
0
2
3
-5
1
-1
1
-1
5
-3
2:0
7
-5
-4
4:0
2
-1
3
-4
4
-4
5:0
2
-2
3:0
1
2
-3
3:0
1
-1
4
-3
0
-1
0
2
0
-2
0
2
-2
2:2
-1
-2
0
-1
0
1
-1
1
3:0
-1
6:0
1
4
-3
-2
3
-3
2:0
2
2:-1
3:0
1
-1
3:0
end
