v1
905
743
517
21
139
48
26
470
119
51
59
78
120
243
1
57
56
22
28
118
221
150
125
137
74
58
235
31
288
140
7
328
257
191
202
260
195
271
177
452
80
60
146
21
160
297
116
63
432
420
391
277
133
124
176
53
33
532
178
202
336
612
431
78
380
36
442
339
126
31
1123
223
39
85
339
1053
394
275
173
593
111
294
404
181
56
51
32
25
18
2:19
77
2
151
118
82
74
2:59
5
65
38
3
16
38
17
245
447
173
120
225
524
314
2:0
33
6
116
146
138
54
0
61
60
141
186
300
30
403
441
299
48
83
299
41
423
280
808
301
83
433
109
2
24
343
1
75
50
980
258
33
30
171
25
33
53
128
19
107
7
8
147
40
283
110
339
270
2
81
20
184
452
175
70
121
8
43
64
22
23
305
38
100
54
47
61
147
88
153
59
5
23
193
5
451
103
16
132
252
31493
5
22
9
138
66
33
53
44
85
69
19
142
54
36
8
22
944
208
179
71
184
47
3310
2211
328
1553
5140
10816
1507
10898
3
6917
3001
925
3524
2
8082
3717
2491
1407
4670
18
5
108029
228
16643
7741
73
41796
64
268
12
0
20
89
5
9635
45012
890
166
27
18
57
53
109
27
13
4
6
2
11
21887
13301
8555
1668
539
334
189
665
436
532
2
3
52
1
147
33
6
31
3
91
9
0
1
41965
280
56
224
37
741
36
-461357
242
206
50
22
9
189
686
298
273
53
314
110
179
0
25
186
24
614
258
229
140
383
85
37
0
15
374
70
83
79
50
344
269
24
145
67
228
75
21
10
216
151
93
211
43
100
8
114
70
303
165
123
346
25
156
0
31
51
146
319
58
192
13
67
9
222
62
19
57
63
79
289
183
59
87
124
44
28
54
78
303
423
174
125
48
26
23
27
717
25
113
349
268
165
41
97
295
64
128
49
221
532
250
10
31
27
8
65
40
243
240
42
434
200
9
142
34
93
520
197
95
250
2:0
34
51
34
15
66
197
166
12
78
33
9
16
60
13
28
16
8
65
117
121
87
63
29
36
21
118
7
236
203
58
382
198
223
179
11
24
86
133
208
206
10
614
35
126
152
114
28
172
151
68
29
314
275
6
340
5
99
69
18
579
27
145
47
184
292
706
178
329
55
50
37
35
16
95
171
37
94
93
32
30
185
1035
68
33
12
94
46
6
32
132
164
2
119
41
0
227
90
102
15
464
182
142
5
110
30
213
64
213
99
199
86
31
4
2
21
30
65
21
146
62
121
46
14
106
2
37
12
423
102
5
69
176
99
7
69
33
16
4
83
50
44
33
21
41
4
110
21
77
15
42
31532
6
37
31
116
49
28
122
225
8
55
72
1101
30
140
92
90
182
322
26
10176
9647
3221
12428
1615
7482
2613
2668
8068
9
1
2811
14
1825
2468
13
0
983
1014
13
3133
9
2:8
25210
96144
1
3543
1736
5973
8
51
38236
3538
101
10
18
0
30
16
50
75
40
47
99
19
55400
41
111
7
0
157
7
11
6
30
34
24
19
79
2:51
4
5
3
31
709
29
76
120
7827
4973
5838
6567
6596
10414
1016
44
1641
2240
6
2:1
6
10
27
45
3
65
12
28
5
43
0
93
12
15
30306
1513
9431
1124
32
674
216
102
-461326
99
913
76
104
161
26
405
581
101
468
55
384
103
65
383
327
416
7
696
320
56
687
313
162
11
98
5
3
74
25
312
112
579
47
166
283
518
5
331
5
30
301
2:419
273
107
178
82
96
9
724
9
779
1
523
24
196
0
68
571
51
15
240
122
96
2
0
509
50
27
463
526
601
908
139
45
480
28
13
11
106
66
79
0
147
14
169
44
88
118
15
55
28
44
220
99
458
523
43
419
71
215
481
351
406
113
60
19
695
667
601
205
35
0
763
347
470
106
446
58
110
209
318
89
285
352
78
156
130
464
1129
66
165
26
157
98
214
142
71
44
273
268
546
615
13
87
39
162
191
9
27
91
31406
2
8
284
41
92
147
41
9184
5825
11667
389
17013
5653
2222
0
4
8051
34
4653
34
3432
4165
5498
127233
40813
1029
29
10
260
11128
25036
19412
375
112
867
122
3489
32794
6789
2436
1725
3
84
72
2:4
35
52
25
42337
775
1409529000
299:0
1
399:0
1
204:0
278
115
-368
33
139
-163
-13
6017
-6018
1
19
-16
-3
828
-377
7086
-7524
245
-253
133
-63
-71
8
354
6236
-6503
-76
-14
100
-91
2973
-2879
-103
1
453
-132
-309
19
68
-67
168
-184
102
-117
143
484
-629
80
4131
-4067
-20
-54
8
-63
-23
52
-49
73
-69
822
-574
-182
-75
11
143
308
-64
-391
211
50
-202
511
1268
-1833
1088
-593
-468
403
-403
54
39
-62
-49
3
84
98
-206
4
57
-41
5
-17
102
-45
320
-241
-127
13
74
142
24
-255
-8
17
-16
132
-127
71
-58
55
1997
-2077
44
43762
-43805
8858
-8566
-247
-42
22
1
53
183
-231
-31
57
-57
138
-126
368
-188
-119
64
226
-345
-18
229
-194
1
19
-35
161
-182
7
11706
-9517
-1222
-853
-97
11
-29
236
-240
10
-6
3415
-3312
173
-247
15
22597
-22630
-10
696
-99
-578
-25
4
78
150
-160
-22
150
-198
4237
-4239
42
-35
-8
115
-98
723
25893
-26559
4795
-4640
19
-197
22855
-22467
2184
-2597
320
-345
26
-14
41
4428
-3985
1808
-2244
89
962
-1093
25
-12
653
-268
-290
82
-181
52
2168
-1388
-650
-169
-6
276
-290
47
-29
-8
217
4933
-5032
-115
3440
-3405
1310
-1349
-24
67
-66
-2
3037
-2788
-249
-4
7
18
29231
-29228
-25
71
97
257
-333
77
16435
-16599
14
5
266
-169
14807
-14879
50
3366
-3426
4
231
-115
-155
158
-121
-19
-27
1
135
214
-269
-11
-50
41
3
-20
17
-37
-22
13
70
-68
94
3913
-4012
100
-108
20220
-20193
958
-965
4
2715
-2739
4
-2
155
-77
122
-59
-161
-2
0
2:-1
1
9
-8
2:0
4
-4
0
5
1
-1
-7
2
-1
2:0
10
-9
5
1
-1
-5
-1
2
8
-9
-1
2
-1
7
-7
4
-5
2
7
5
-14
1
7
-4
-5
1
10
-9
0
2
-4
9
-5
-1
2
-1
0
2
-4
4
-5
4
-4
3:2
-1
0
5
2
3
-11
-2
5
-6
-2
11
-11
1
6
7
-10
4
-4
13
-11
-6
4
0
2:-1
14
-15
2:3
-1
-4
1
13
0
-13
2
-4
12
-10
3
-3
-2
11
2
-8
0
-5
0
2
-3
8
-2
-1
-5
16
-15
8
-3
-6
1
0
3
-2
11
-10
-1
0
-2
7
-7
12
-12
0
17
-4
0
-11
5
3
-6
0
4
9
-16
2:4
8
-11
-5
0
3
11
-15
3
-1
12
-13
5
-5
3
9
-10
3:-1
0
10
-9
3
9
-11
1
3
6
3
-14
13
-9
-1
0
6
-9
-1
9
-9
9
-2
-7
3
5
-6
2:-1
3
6
-5
-4
2
15
-15
12
-12
-2
3
13
-11
-3
11
-13
12
-4
0
-5
-3
2
5
2:-3
1
-2
6
-5
8
-6
-2
-1
11
-10
10
-10
1
0
-2
2
1
10
1
-11
-3
7
-5
3
1
-2
-1
11
-12
2
-2
0
-2
15
-15
5
-3
0
2
7
-11
1
15
-14
0
13
0
-15
2
1
-3
16
-10
9
-13
6
-7
2:2
2:-2
1
8
5
-3
-12
2:1
7
-8
0
4
-4
9
-2
-3
2:-2
10
-1
-8
1
2:-1
7
1
2:-1
2:-3
1
8
-9
14
-13
2
0
5
-2
-5
0
-1
0
1
0
7
-1
2
-2
-7
2
-3
2
16
-16
4
-3
-1
5
2:2
5
0
-13
4
-6
3
4
-8
0
5
3
-7
8
-9
2
8
-3
-7
2
4
-1
-3
12
-13
2
-2
3
0
6
-8
1
0
-1
0
-2
4
2:-1
9
3
-10
4
0
-3
2
-7
2
2:4
2
-7
-1
-3
2:-1
2:0
-1
2
2:-1
1
3:0
1
-2
1
-1
1
0
1
0
-1
1
0
-1
1
-1
6:0
1
-1
0
1
2:-1
1
5:0
-1
0
2
-1
3:0
-1
1
2:0
1
-1
1
2:-1
2
2:0
-1
3:0
-1
0
1
2:0
1
-2
1
2:0
-1
1
5:0
-1
1
0
1
-1
2:0
1
-1
0
1
-2
1
5:0
1
0
-1
3:0
-1
0
1
0
1
2:-1
0
1
8:0
-1
0
2
-1
2:0
-1
1
3:0
1
-2
1
-1
2
-1
2:0
-1
2
-1
0
-1
2
-1
1
-1
0
-1
1
3:0
-1
1
11:0
-1
1
0
-1
0
1
4:0
-1
2
-1
4:0
-1
2
-1
8:0
-1
2:1
-1
1
-1
2
-1
4
-3
6
-7
5
97
-101
-1
1
0
-1
1
17
-3
-2
-8
-3
-2
2:0
1
14
-11
-4
3
-2
3
-3
-1
10
-9
0
-1
1
3
-3
-1
0
3
-3
7
-6
-1
3
-3
4
-4
6
16
-21
2
-1
-2
12
-7
-1
1
-5
17
-12
-5
0
8
-2
4
-8
-2
0
2:1
0
3
9
33
-30
-15
-1
3
26
-24
-1
3
0
35
-42
0
2
4
25
-23
11
8
1
-23
-5
0
6
9
-11
-4
3
-3
5
6
-7
0
-2
8
40
-51
10
1321
-1327
86
-65
-24
2
4
0
-5
5
-2
-1
6
-10
17
-9
3
32
-42
3
9
2:-6
27
-11
-15
10
-8
19
-19
1
567
-521
-48
-1
0
3
-5
0
2
10
-7
100
-85
8
-19
-5
205
-205
-2
42
-41
5
-7
1
18
-10
7
2:-5
-6
119
-117
-3
7
-6
17
-18
61
398
-444
114
-123
5
4
333
-308
33
-69
8
-11
-1
1
9
320
-328
162
-152
-1
-7
0
-2
10
11
-18
7
49
-57
20
261
-262
-10
-13
2
8
-6
2
-4
0
60
-37
-1
-14
83
-93
20
-15
-5
4
10
5
321
-338
4
2:-3
2
202
-203
-1
13
5
-17
9
-6
13
-16
6
0
-5
7
413
-417
-2
252
-239
-15
88
-54
-31
67
-64
11
-15
1
16
0
-9
-8
-2
12
-7
-2
13
-9
-5
4
-2
5
-9
5
-6
18
-18
8
-1
15
-17
0
403
-408
2:2
-4
4
81
-41
-44
0
1
-1
0
1
-1
1
-1
0
1
0
-1
19:0
1
-1
2
-2
0
1
-1
3
2
-5
0
6
-6
0
1
-1
9:0
1
-1
4:0
1
-1
5:0
1
-1
2:0
1
-1
1
0
-1
2:0
3
-3
0
1
-1
6:0
7
-7
1
3:0
-1
0
2
-2
3:0
1
2
-3
1
-1
5
-5
5:0
3
-1
-2
1
2
-3
5
0
-5
2:0
1
-1
1
-1
1
0
-1
5:0
2
3
-4
1
-2
2
-2
4:0
4
0
-3
-1
3:0
1
-1
0
1
3:0
2
-3
7
-7
4:0
1
-1
3
0
-3
2:1
0
-2
1
6
-6
-1
0
5
-5
0
2
-2
3
-2
-1
5:0
1
2
-2
-1
4:0
1
-1
1
2
2:-1
1
-2
3
-3
5
-3
-2
1
-1
6:0
3
-3
4:0
4
-4
0
1
-1
3:0
6
-6
2:0
4
-2
0
2:-1
3
-3
1
-1
2
-2
3
-3
1
-1
0
1
-1
2:0
2
-2
0
4
-3
1
-2
1
0
-1
2:1
-2
3:0
1
3
-4
1
2:0
1
-1
2
-3
2:0
2
0
-2
0
2
-2
3:0
9
-9
4
-4
1
-1
6
0
-3
2:-1
1
-1
0
2
-3
2
-1
0
-1
7:0
2
0
-2
1
-1
0
1
-1
3
2
-3
-2
0
1
2:0
5
-6
3:0
2
-2
0
1
0
-1
2
2:-1
18
-18
1
0
1
-2
0
1
-1
0
1
0
-1
2
-2
1
3:0
-1
1
0
-1
0
3
-3
2
0
-2
3:0
2
1
-2
-1
8:0
1
-1
43:0
2
-2
32:0
1
-1
1
-1
14:0
2
-2
7:0
1
-1
14:0
1
-1
2:0
1
-1
8:0
1
-1
29:0
1
-1
0
1
-1
17:0
2
-2
5:0
1
-1
2:0
end
