v1
662
235
994
52
187
226
389
79
530
56
22
28
34
580
211
510
58
44
147
585
159
162
72
260
466
435
501
457
116
495
152
268
135
256
277
224
109
186
194
63
350
868
110
104
46
125
355
76
458
36
270
118
54
339
126
514
178
358
366
424
213
68
121
235
303
113
288
106
275
392
173
312
294
404
207
1
29
45
6
32
81
30
47
2
0
3
148
118
82
74
59
64
65
95
262
85
362
173
120
225
524
314
3:0
33
6
116
284
54
121
141
85
401
151
282
404
23
14
299
46
2
153
229
41
508
20
175
50
758
253
48
83
10
367
165
2
24
343
1
0
75
1011
277
222
12
58
143
38
19
38
56
13
7
8
147
2:0
40
48
345
1
338
270
2
36
65
184
255
197
175
191
8
2:43
31
12
23
254
51
38
100
54
47
61
89
56
2
88
212
5
23
198
247
518
189
31493
5
22
9
43
161
33
53
44
154
19
76
66
54
36
8
22
932
111
109
68
92
19
71
0
184
47
3310
2211
328
1553
5140
10816
1878
10527
793
5704
3424
4449
2
8091
1
3707
958
2466
1997
3147
18
5
108257
16643
7741
73
9417
32421
18
4
42
226
32
53
36
5
54807
656
74
0
157
9
27
18
57
53
109
27
13
12
11
4398
14007
3482
3093
7774
2434
10223
873
133
56
665
970
1
7
17
31
180
40
91
6
3
1
41246
1055
69
933
36
-461176
81
380
46
691
272
36
27
314
88
53
240
222
69
320
62
14
280
104
14
398
428
165
69
647
6
76
35
138
124
340
133
12
67
228
96
93
496
30
213
185
302
4
171
476
195
51
37
85
6
442
138
176
158
264
48
9
139
93
85
202
210
645
73
12
267
134
119
72
48
1110
33
10
288
92
71
405
106
33
114
131
23
161
94
600
78
405
64
75
471
414
93
283
779
0
43
16
351
175
40
28
58
75
42
8
65
117
0
16
1
13
169
13
119
5
20
0
29
97
38
16
55
61
66
192
69
296
86
421
109
44
26
2
33
359
274
16
244
51
348
292
100
198
148
55
18
29
170
425
0
171
169
104
0
173
290
203
68
0
46
38
432
469
53
96
347
25
198
241
6
0
109
239
256
6
159
633
105
42
35
29
262
30
62
94
46
6
2
38
34
53
94
19
2
88
202
281
644
158
0
242
204
173
71
158
53
63
115
0
74
210
95
221
49
57
37
2
58
32
261
87
99
5
89
262
102
92
159
53
60
63
77
15
42
34
1
76
15
31406
0
43
47
23
56
34
27
9
79
17
115
172
127
25
38
932
136
50
231
149
74
8432
2783
2025
786
6145
0
1
3645
2244
7
9747
1620
1211
453
3633
3926
872
432
2226
10
8075
2814
3387
1916
1027
3133
7
10
1435
17
106584
24587
102
41792
75
30
51
29
25
21
40
52
20
1
92
33
54636
772
91
20
171
69
36
0
62
82
5
51
9
2
1
31
709
7
22
33
43
0
51
57
12
18640
23575
575
238
247
1722
2156
5
4
2
5
20
19
6
46
96
0
3
6
60
1
17
74
9
40621
1048
268
314
0
317
551
1409489400
299:0
1
361:0
12
8
-8
164
-30
4600
-4617
158
4134
-4407
44
198
-241
302
-274
-33
33
-24
217
-199
-23
104
363
-461
147
-145
142
6
-148
25
296
-332
558
-283
-193
-74
24
-7
-18
-6
0
3
135
35
-166
-9
212
-205
4
109
-112
171
-67
-24
-86
2
23
-23
19
306
-314
61
-73
2
65
-68
393
-379
2
31
988
-1003
-32
4
11
-6
-9
13
67
-79
268
-239
-20
0
-11
73
-48
373
-189
-168
-40
359
-353
50
-31
272
-250
-13
-31
1635
-1639
5
-1
84115
-83417
7091
-7480
-309
6
87
-52
-39
-5
1
5
35
47
-67
263
902
-1006
-175
36
484
-503
-1
-17
-5
154
-154
114
-114
5
7
307
-175
-143
33
7077
-7108
9912
-9902
30
1607
-1636
-6
-7
4109
-4094
19
-33
77
-61
59
54225
-54301
0
14
53
78
-140
-6
419
-371
-16
78
148
-257
61
0
-54
1316
-1323
30
-24
29
12
-10
419
-453
325
61877
-62179
2618
-2634
-7
171
-139
6582
-6284
2003
-2207
-88
-42
1575
-367
1711
-2859
135
-194
3
-4
9
178
-181
116
-122
112
-31
1488
-1324
102
-343
5
33
-29
271
-269
-16
0
47
-20
120
-74
298
-82
-257
1313
-1341
537
-438
-100
198
-166
2255
-2279
465
-413
106
-167
0
-1
17057
-17046
59
537
-172
-413
-5
150
-158
10174
-10162
-11
186
-156
-22
24354
-24278
-78
-5
1883
-1889
148
-136
36
-23
22214
-22163
-43
-33
70
-21
-53
12
4
-13
28
-24
139
-147
56
4
-30
26
-29
-17
71
-42
62
-87
22
-33
4
501
-482
-20
-6
328
-236
-102
0
3
4
2
-10
0
1
0
2
-3
3
-2
2
-2
5
-3
0
-3
7
3
0
-6
-2
-1
2:1
-3
1
8
-8
4:0
2
5
-5
0
2
1
-4
2:0
-1
2
1
-1
-2
0
1
4:0
2
-2
0
2
-4
7
1
-7
2:0
1
3
-4
2
-2
1
2
-2
-1
5
-5
8
-5
-3
0
4
-4
0
3
-3
-1
10
-10
2
-1
2
2:-1
0
6
-6
1
-2
10
-10
7
-5
-1
2:1
2:-1
2
4
-5
1
-2
1
7
-7
0
8
-10
3
-2
0
7
-8
1
0
2:1
4
-2
-4
1
-1
9
-7
2
-5
7
-7
1
5
3
-7
-2
2
2:0
-1
0
4
-2
2
4
-6
0
-2
3
-3
3
2:0
-2
-1
3:0
7
-6
2:0
2
0
-3
1
-2
1
2:0
1
-1
6
0
3
-9
3
-2
2:1
-2
0
3
-3
-1
2:0
2
1
-2
-1
3
0
-2
-1
9
-9
-1
1
4
-1
0
-3
2:0
7
-6
-2
1
2:2
2:1
-6
0
2
4
-2
1
-4
2:-1
1
3
-3
6
-4
1
-3
-1
1
5
-5
7
-7
0
5
-5
0
1
4
-5
0
2
1
-3
9
-9
3
-2
1
-2
0
1
-2
1
0
-1
0
4
-2
-1
2
3
2:-2
1
-2
1
-2
0
1
7
-2
0
-5
4:0
2
6
-9
8
-6
-1
1
2:0
-1
0
-1
0
2
-1
6
-2
-3
-2
6
-5
1
8
-1
-8
3
0
-3
3
-4
5
2:-2
2
4
0
-6
3
1
-5
3
-2
0
2
-2
2
-2
0
8
-1
-3
3:0
2
-4
-1
2
0
-4
6
-6
6
-5
7
-7
5
-1
5
-10
6
3:-1
5
1
2:0
1
-1
69
-69
7
2
-1
-7
-1
1
10
-11
1
8
-9
10
-9
1
-1
1
-2
6
2:-3
2
0
-2
1
0
17
-7
-11
0
12
-10
-2
0
1
2
-3
0
3
-3
6
-6
3
-3
0
18
-9
-5
-3
0
1
0
1
-3
1
2
-1
-2
3
-2
21
-17
-5
1
-1
18
-17
0
3
-1
-2
4
13
-13
-5
24
-20
0
-3
16
8
1
-17
-8
1
10
-10
9
-9
19
-17
-3
0
39
-36
2:0
1220
-1222
81
-74
-5
0
7
-10
2:1
-1
4
-5
-1
4
6
-8
32
-27
-3
19
-22
3
-2
0
9
-11
14
-11
2
-3
1
10
-12
8
317
-318
113
-114
-4
-2
-1
10
-7
149
-145
-7
0
10
-1
-9
279
-269
-5
2:-2
18
-19
1
5
-5
0
9
2:-4
9
2:-4
75
-75
-2
-1
3
-3
3
12
-14
31
356
-378
61
-70
-1
4
-1
280
-253
2
-25
-6
0
155
-155
103
-92
2
-11
-1
-2
6
11
-15
46
-46
3
14
178
-188
7
-14
-1
5
-4
-2
3
-1
0
3
-4
1
21
-9
14
-18
38
-48
14
-14
1
9
16
117
-129
-14
8
-3
3
-6
-2
175
-175
8
4
-10
2
-1
3
-6
9
-8
1
0
5
-4
318
-321
1
-1
203
-203
10
-9
27
-2
-23
34
-30
-2
6
-3
-8
1
6
-5
-1
1
16
-13
-5
20
-14
-4
-2
2
1
-1
8
-3
-4
-3
3
78
-78
3
-6
107
-78
-29
12:0
1
-1
6:0
2
-2
3:0
1
-1
17:0
1
0
-1
4:0
1
-1
4:0
1
-1
2:1
-2
2:0
1
-1
4:0
1
-1
6:0
1
-1
2:0
2
-2
9:0
1
-1
2:0
3
-3
4:0
2
-2
1
0
1
2:-1
5:0
5
-5
2
-2
0
4
-4
3:0
2:1
-2
0
1
-1
7:0
5
-2
-3
6:0
1
0
-1
1
-1
15:0
1
2:0
-1
2
-2
5:0
1
2:0
-1
2:0
1
0
-1
0
2
-2
4:0
1
0
-1
1
2:0
-1
10:0
10
-10
4:0
1
3
-4
3:0
1
-1
1
-1
2:0
2
-2
2
-2
3:0
1
2
-3
3:0
3
-3
8:0
3
-3
15:0
2
-2
3:0
1
-1
2:0
1
3
2:-2
4:0
2
2:-1
4:0
1
-1
4:0
1
-1
0
1
2
-3
1
2:0
-1
3
-3
3:0
1
-1
1
-1
0
3
-3
12
-12
2
-2
0
2
-2
0
3
-3
1
-1
0
3
-3
0
1
-1
2:0
2
2:-1
2:0
1
-1
1
-1
2:0
2
-2
2:0
1
2:0
-1
0
end
