v1
950
584
159
538
74
113
615
609
56
50
614
211
262
248
102
1385
15
451
435
194
307
160
508
400
555
256
381
5
168
76
423
453
157
255
738
431
458
478
339
1486
17
94
369
94
187
121
263
388
394
291
843
62
654
181
60
41
25
100
207
135
64
18
133
129
38
57
262
447
518
160
364
314
2:0
39
116
146
192
899
282
129
275
37
347
382
41
1511
817
111
368
0
75
50
961
277
345
128
126
15
106
41
30
10
48
235
110
647
65
184
452
175
70
121
8
3:43
277
51
32
6
100
54
47
61
388
59
5
23
198
570
132
252
123
31375
31
334
85
69
19
84
148
8
22
1152
250
240
5512
328
1553
3073
2067
10816
12405
9921
4451
8022
60
3717
3411
13
983
4179
5
1428
106601
16870
7742
9490
32421
18
4
33
247
20
89
5
55537
430
40
23
757
21130
4271
6596
12657
539
335
188
1633
58
180
6
31
94
10
41965
336
10
251
741
-461348
289
807
12
93
191
14
25
310
195
133
37
59
78
3
496
146
0
1031
215
78
135
297
295
159
32
51
79
72
46
398
11
448
248
146
0
63
36
99
126
219
170
87
22
116
70
361
42
396
19
193
18
0
40
148
27
269
72
185
7
80
9
80
7
46
33
194
289
49
31
44
18
183
0
104
166
204
193
110
255
128
151
33
5
96
54
45
29
27
377
501
223
93
12
31
47
175
395
17
222
106
135
104
117
145
85
172
421
136
324
423
425
160
109
11
53
55
164
173
312
286
8
2:0
43
569
29
12
39
32
25
18
19
7
12
7
23
1
46
2
3
14
124
9
1
191
21
54
8
65
3
36
19
68
38
16
31
24
127
643
95
120
359
33
59
55
10
123
414
24
19
40
296
70
115
60
35
106
85
101
179
121
98
48
102
170
425
330
15
30
69
17
70
798
175
50
957
102
83
322
0
220
26
157
56
130
132
322
122
61
464
5
29
262
30
62
94
40
6
0
6
21
143
0
57
114
155
0
372
0
400
270
2
72
9
20
82
140
207
167
215
70
129
43
74
64
287
181
114
141
88
237
3
99
5
136
109
311
50
42
56
45
47
63
98
16
40
66
36
25
31401
5
0
10
12
147
66
4
29
50
84
212
66
54
15
63
920
117
171
92
19
30
41
43
141
47
3310
4056
3800
6620
1014
1323
4378
8799
2466
0
790
10053
0
3524
6
8085
2828
3373
2930
3146
17
1422
15484
91358
13098
1
3544
7716
98
41796
16
74
16
59
106
61
13
91
9657
45012
731
41
111
7
164
2
9
6
12
18
57
1
52
92
44
12
4
1
0
4
2
2:1
13
93
633
43
182
3445
15196
5386
10208
8555
238
247
2056
88
766
436
330
202
2
3
6
45
1
45
50
15
8
28
12
57
6
70
12
18
31816
9431
1083
41
0
32
937
-461363
138
47
6
492
0
182
241
265
35
65
4
181
113
44
221
79
302
3
168
88
32
4
0
371
46
275
7
0
30
752
53
99
275
389
29
12
89
199
126
0
259
417
182
121
177
66
141
109
0
183
26
186
164
288
95
545
11
29
33
109
91
21
0
370
184
161
115
175
40
91
133
14
25
9
0
9
164
0
24
135
140
222
689
66
137
702
274
407
213
251
83
306
548
111
20
23
414
238
172
13
383
41
0
53
88
75
237
81
153
229
340
365
220
10
60
345
85
24
87
367
12
36
16
7
145
48
81
127
13
68
39
53
22
31
88
5
20
0
12
41
55
90
279
88
289
7
151
628
0
146
53
130
123
181
10
250
9
640
142
139
58
3
30
359
471
185
120
191
104
493
114
39
10
36
503
404
96
192
42
78
31
29
5
434
37
103
43
253
49
75
427
355
162
14
9
206
324
25
77
87
97
104
7
197
156
182
39
524
300
84
2
8
247
60
45
48
7
0
71
61
220
28
154
68
237
123
70
77
1
28
22
8
37
66
24
261
87
10
112
71
5
247
10
119
75
119
19
159
38
17
75
42
31260
264
82
39
177
29
46
24
38
209
41
72
21
8
13
1139
67
127
39
100
47
404
5
5551
9
7345
0
1815
7630
722
18902
15917
2860
4312
5159
18
1430
3557
121647
6079
4
41793
0
22
41
92
32
29
127
1
95
34
71
55431
252
114
20
51
16
842
50
32
25
18701
26826
1699
17
9
2:3
12
1
42
57
18
31
36
16
14
21
69
5
11
40063
25
539
183
573
39
36
109
67
213
402
45
491
97
1409433600
199:0
1
399:0
1
349:0
641
-365
-244
925
-923
4293
-3925
8669
-8578
-443
323
-314
-7
4
389
-402
268
-272
223
144
-357
-2
-22
27
311
-332
-2
2265
-2269
1
4
-2
16
326
-337
-7
954
6090
-7046
641
-638
26
-22
8
-2
-1
521
-96
-434
2
1
12
11
-10
6
-23
251
74
-294
-25
706
-696
543
-552
-8
256
-229
-21
2
607
-605
330094
-330089
47913
-47636
-288
10
-13
28
-18
-4
-6
230
-198
467
-75
-412
280
-285
76839
-72677
-3404
-490
-263
11
3308
-2702
-276
-347
36830
-36276
-549
14
447
-97
-376
479
359
-805
896
-892
-33
23255
-23258
11
-13
22
614
-616
6627
-5685
32781
-33716
5295
-5298
12588
-11892
341
-814
-227
-20
12810
-12805
2991
-2701
110
121
17
-249
-265
1995
-1020
-599
13
299
-710
483
223
-133
-552
1329
2560
-3022
-475
4528
-4946
1
6
19
-7
-19
39956
-39690
-262
2
15
356
-364
-8
3
239
-247
11
425
366
15945
-6097
-10063
452
-205
-268
-538
-19
247
548
75
-848
-24
22
4450
-4156
-325
13314
-12628
1339
-2021
1878
-1231
-648
447
-460
-9
9
59
58
-116
5
-9
-7
17
-14
-1
2
0
-3
133
-122
-5
186
-193
2
125
-122
137
-66
-76
5
0
-4
100
-96
212
-205
-4
2:-3
4
-6
0
5
4
-7
-1
140
-62
-61
-8
9
-18
10
64
-66
0
-7
8
-5
220
-220
9
-12
-2
18
2
-16
2
99
-101
-1
11
-10
4
6
-11
0
3
177
-15
-167
102
-92
-4
-7
11
2
-12
2:0
8
-7
65
-55
-10
-1
90
-91
59
-52
-2
10
-15
12
2
63
-70
12
-14
-5
1
69
-69
6
0
127
-116
2:-5
-4
-2
0
179
-177
-3
17
73
-81
-8
65
-64
82
87
-161
5
-11
14
62
-79
2
-2
81
-70
2
-15
93
-76
153
-166
15
98
2
-114
1
7
113
-125
-1
4
8
55
-59
8
167
-8
-159
-12
5
-3
-4
5
2:-3
97
-82
-2
4
44
78
-122
59
83
-149
1
113
-123
2
4
-8
12
191
-189
-14
199
-182
72
109
-181
65
-79
99
-100
2
-2
12
0
-14
2
59
-53
-1
0
-7
18
67
-68
2
-17
-2
1
9
-8
-2
10
92
-98
7
52
-47
-16
19
-10
1
5
-9
11
137
-152
-1
1
0
-1
13
-5
48
-56
18
2:-7
0
63
-67
85
81
-162
-4
10
-2
2
0
-7
-2
89
-87
1
15
-18
0
-1
16
49
-52
-9
64
-65
13
-14
157
-146
3
77
-93
0
11
5
191
-59
-149
6
-1
12
0
-12
77
-73
-7
10
194
-202
171
-175
4
-1
17
-15
-5
1
2
1
62
-56
-1
69
-71
-6
4
15
-12
-7
87
-73
-14
91
-28
-64
154
-82
39
-97
-5
8
-15
8
-5
61
-66
5
64
15
-80
2
-2
15
42
43
-87
-15
207
-50
-79
-73
13
-19
68
-66
-3
3
0
-1
3
9
119
-118
-10
8
75
-88
8
-6
8
63
19
-86
5
-5
116
1
-109
-10
-4
180
-169
-11
115
-110
-5
5
-4
3
1
-1
-4
184
-184
5
114
-34
-13
4
-73
0
14
170
-189
-2
1
2
-2
4:0
1
-1
1
2:0
-1
2:0
1
2:0
-1
0
1
0
-1
0
1
-1
1
-1
3
-3
2
2:0
-2
1
0
-1
1
0
1
-2
0
2
-1
0
-1
2
2:-1
2
-1
0
1
-1
0
-1
1
-2
2
-1
4:0
2
-1
1
-2
-1
3
2:-1
2:0
1
3:0
-1
1
-1
3:0
2
-3
2
-1
0
-1
2
0
-1
1
-1
2:1
-2
-1
1
-1
1
2:0
1
-2
0
2
-2
1
0
1
-1
2
-1
0
-1
0
2
-2
2:0
1
-1
0
2
-2
0
2
-2
2
2:-1
3:0
-1
2
1
-3
3:1
-1
-2
1
0
2:1
2:-1
2
3:-1
3
-2
1
2:0
-1
2:0
3
-3
0
2
-1
0
-2
3
2:0
-2
2
-1
1
-2
0
2
2:0
-1
-2
1
0
1
-1
2:0
1
0
1
-1
1
-2
2
-2
3:0
-1
2:1
0
1
-1
0
-2
1
2
-3
2
-1
0
1
0
-1
0
2
-3
0
2
0
-1
2:0
1
-1
2:0
2
-1
1
-2
-1
2:1
-1
0
-1
1
0
2:1
0
-2
1
2
-1
-2
2:0
1
-1
2
-2
3:0
1
0
2
-4
4
-3
2:1
-2
1
0
-1
0
2
2:-1
2:0
2
-3
1
2
-1
1
0
-1
0
2
-3
-1
1
-1
1
3:0
-1
0
3:1
0
-2
2:0
1
2
-2
-1
0
1
0
-2
3
0
-2
0
3
-1
-2
2
-2
3
-1
1
-3
1
-1
1
-1
3:0
2:1
2:-1
2:0
2
0
-1
-2
2
-1
2:0
1
2:1
2
-3
2
102
-96
1
-6
-3
15
-12
-1
7
-8
1
7
-4
0
6
-10
-1
3
-2
17
-18
2:1
-2
2
8
-9
4
13
-11
-7
16
-6
-10
0
6
-4
-2
8
-2
-4
19
35
-53
-3
0
4
3
-7
3
1
-4
4
33
-37
41
-37
15
-17
2
11
-5
-6
0
64
-58
1506
-1510
71
-48
-28
7
-5
9
-6
-5
3
36
-31
9
5
-13
18
-17
665
-563
-110
3
-2
6
116
-106
-16
-4
391
-390
6
-6
7
41
-47
29
-6
-10
0
-10
0
141
-141
0
-1
5
17
-26
4
62
632
-675
115
-119
453
-421
13
-47
-17
6
371
-376
180
-166
14
-28
9
68
-66
323
-310
-6
-13
8
-13
69
-34
-3
-30
8
92
-77
-16
395
-405
2
4
-5
6
-4
232
-232
1
-2
4
-5
2
-2
-1
14
-13
5
-1
2
544
-152
-330
-53
15
-30
7
-7
2
15
-8
-10
8
-2
0
29
-33
0
19
322
-343
13
-13
2
132
-134
3:0
3
1
-4
2:0
4
-4
2:0
1
-1
17
-16
-1
2
-2
0
5
-5
11
-8
-1
-2
2:0
1
2:0
2
-2
-1
2:0
1
-1
5
-5
0
1
-1
4
-3
-1
3:0
4
-2
0
-2
2:0
31
-31
3
-3
2:0
3
-3
0
18
-17
0
2
-3
0
3
-3
0
2
0
2:-1
4
2:-2
1
-1
2
2:-1
2:0
2
1
-3
3:0
1
2
-3
2:0
2:1
0
1
-3
3:0
1
-1
2
-2
0
20
-18
-2
0
3
-1
-2
2
-2
2
4
22
-28
2
-1
1
9
29
-40
3:0
7
-7
3
-2
36
-32
-4
0
-1
0
30
-28
-2
0
10
-10
2:0
7
-7
0
3
-3
8
-6
0
8
-2
-8
2:0
4
-3
1
4
-6
1
-1
0
8
-7
23
-19
6
2:-3
-5
18
-18
3
1
-4
5
15
-20
0
1
4
26
-19
-12
3
-2
22
-22
2:0
2
-1
-2
1
8
-8
2:0
-1
0
4
-4
9
-9
0
1
-1
3
-1
0
15
-12
0
8
-7
-4
10
-11
0
-1
3
-2
-1
2
-2
2:0
1
3
-4
5
-5
5
-5
2:0
23
-22
3
5
-6
-3
2
3
-4
2
-3
0
2
-1
0
5
-5
2
-3
3:0
2
1
-2
10
-11
18
-15
2
-4
0
-1
1
6
8
31
-44
2:-1
0
2
-2
10
-10
1
0
5
-4
4
-6
1
0
-1
3:0
1
0
3
8
-1
23
-31
1
-2
0
1
2:0
-2
0
9
1
-11
22
-21
17
-14
-3
1
2:-1
1
5
-6
3
-1
2:0
2:-1
3
2:14
-31
0
12
56
-37
-30
4
-5
12
-11
0
-1
0
2:1
7
20
-27
-2
13
-12
-1
3
-3
2
0
1
-2
4
-4
-1
8
-8
2:0
7
-4
-2
-1
3
-2
0
-1
0
4
-4
0
14
-14
0
4
0
4
-8
1
0
-1
62
-62
11:0
1
-1
0
2
-2
1
-1
52:0
1
-1
0
1
0
-1
15:0
1
0
-1
21:0
1
-1
9:0
1
-1
10:0
1
-1
7:0
1
0
-1
6:0
1
-1
2:0
1
-1
2:0
2
-2
0
1
-1
1
-1
5:0
1
0
-1
2:0
2:1
2:-1
19:0
1
-1
5:0
1
-1
15:0
1
-1
13:0
1
2:0
-1
0
2
-2
4:0
1
-1
7:0
2
-2
2:0
1
-1
10:0
1
-1
0
2
-2
3:0
1
-1
17:0
1
-1
0
1
0
-1
1
-1
4:0
2:1
-2
6:0
1
-1
1
-1
18:0
end
