v1
909
584
552
93
52
74
113
615
609
56
22
28
825
612
140
292
148
152
159
234
260
195
271
22
403
10
136
80
285
160
297
116
495
811
277
433
86
194
63
610
45
210
35
703
431
61
29
27
740
79
339
126
1001
172
204
94
369
94
187
121
263
49
339
394
275
173
704
44
250
641
4
47
19
13
25
18
44
71
143
10
118
73
9
74
40
19
14
50
65
38
57
17
245
85
362
173
120
94
131
0
160
254
110
314
33
6
116
338
61
60
141
85
401
151
282
116
13
298
14
299
48
83
70
229
41
42
267
219
175
50
758
301
516
69
40
26
343
1
0
75
50
961
19
258
33
259
53
128
19
107
7
8
106
41
42
281
0
110
339
270
2
81
20
184
452
175
70
121
8
2:43
21
22
277
51
0
38
100
54
0
47
61
147
2
86
153
59
5
23
198
151
459
344
31493
5
22
9
138
66
4
29
53
44
85
69
19
84
58
54
36
8
22
1152
179
71
184
0
3357
2211
328
1553
2387
2753
10816
12405
793
9128
4449
2
8082
0
3717
2491
933
5160
2
5
1428
4054
102775
16642
1
7716
25
73
9417
32379
42
18
4
33
211
24
12
1
19
89
5
9635
45895
7
164
2
9
6
12
18
24
33
53
2
107
27
13
11
1
11
2
21885
10867
2434
8555
1668
539
335
853
970
3
6
5
42
180
37
3
91
9
1
41246
1055
1002
36
-461172
57
20
30
148
324
305
296
0
14
25
88
417
29
133
8
28
62
173
67
32
291
110
19
77
419
137
68
22
46
95
167
16
338
81
49
263
188
174
49
53
51
79
72
151
15
109
135
19
398
76
106
46
0
300
98
42
33
93
120
129
105
207
148
114
222
109
354
156
7
24
117
89
231
65
72
37
48
0
107
13
67
432
136
90
38
11
31
44
103
98
345
129
193
110
104
83
61
7
317
515
325
176
113
67
156
126
88
483
58
15
39
183
64
177
12
27
327
63
22
244
58
0
197
94
383
282
35
183
74
527
43
50
283
145
28
261
265
72
8
59
45
5
170
118
7
170
1
4
6
101
9
84
7
16
3
7
23
1
48
3
14
117
229
14
93
49
24
111
16
119
63
1278
31
612
2:0
369
70
193
17
12
114
166
128
169
105
44
73
199
171
248
6
340
23
12
138
356
355
85
8
232
30
932
35
41
68
29
12
10
127
185
55
162
242
131
93
38
2
8
309
125
282
260
359
12
94
46
6
89
75
95
67
2:2
3
157
30
10
158
182
700
247
2
34
4
189
2
26
59
98
3
78
151
41
64
18
59
333
95
321
6
39
3
87
18
327
107
351
194
44
75
19
66
110
64
91
126
31
20
31350
5
0
10
33
31
16
224
4
14
33
24
13
212
1266
140
284
410
5242
326
1517
1015
2094
14383
10908
1620
4874
2608
1741
870
2656
0
4
10
8075
2
0
2812
1854
2453
4
992
1014
3146
1
24
1430
119924
1
5279
15496
32310
85
30
18
21
5
66
9
106
146
19
55400
41
9
266
112
50
48
46
5
16
40
4
2
32
22
687
29
76
2
42
57
19
25205
17823
247
2056
1290
532
3
7
26
18
2
43
15
38
15
8
24
2:4
5
26
6
11
14
8
92
40094
159
372
803
36
916
192
576
296
0
-461320
195
526
6
274
34
272
327
94
133
35
1177
198
675
43
163
784
262
107
1708
148
482
175
476
574
79
184
117
0
44
330
91
147
23
0
49
349
242
227
202
405
406
169
70
421
689
331
952
198
593
69
75
109
194
5
94
561
73
229
340
302
162
121
300
115
0
255
26
331
41
111
8
20
35
207
119
2
219
0
12
186
0
760
38
9
530
44
147
10
331
98
118
250
189
786
14
112
79
12
3
44
313
80
524
23
272
91
93
509
203
703
96
811
37
523
166
212
566
142
17
458
240
93
155
967
118
137
115
237
115
466
104
31
458
339
190
110
445
215
50
236
180
31252
264
8
86
58
148
23
112
88
59
2
173
63
977
54
7
5
864
5551
9
1878
343
5124
10167
22329
2226
842
1392
10905
4780
1536
3140
1432
123485
7767
51
41726
172
55870
19
171
40
22
12
185
798
130
20450
572
21281
1261
1988
96
1594
2:8
40
53
93
44
26
17
86
31818
9603
827
831
1409443200
299:0
1
399:0
1
208:0
1597
-1508
-54
-5
787
-785
4733
-4322
6651
-7045
32
250
-248
39
-63
16
66
-61
-55
397
-167
38
-207
-60
89
72
213
-279
-72
140
-59
-102
113
131
-215
108
274
-408
1
-5
-6
8
311
-319
17
253
-258
41
34
270
-331
-24
35
693
-721
5
7
-11
8
-15
5
426
-247
-103
-82
71
-3
-6
-5
-4
-34
1
267
-198
-72
259
-238
19
62
-49
-33
416
-407
-38
-6
212
-147
188
-251
-4
30
252
-283
76
-12
175
-159
-50
0
-8
-20
350
404419
-404601
4538
-4558
-150
25
24
12
134
-131
-55
-4
280
-282
267
-242
1362
-1260
-71
20
-18
269
-296
2087
-2119
14
75
150
-46
-174
-3
17
-17
26
-45
29413
-26702
-1973
-494
-173
33
0
-81
-10
2150
-2120
516
-554
67
-59
17309
-17317
1
62
648
-700
-9
0
10
565
156
-465
-183
-6
-68
3198
-3169
-35
5
-9
12
150
-3
7799
-6863
-1054
28664
-28626
4394
-4393
-71
133
-117
32591
-32127
1109
-1249
-217
-125
4860
-4868
2836
-2592
-177
640
-697
12
-17
34
449
-11
-397
103
-166
-12
164
2288
427
-2666
213
-329
690
-630
-159
56
265
347
-397
-237
126
5300
-4170
-1271
100
-44
3848
-3897
-3
-22
-8
21
3
36420
-36248
-176
-18
62
34
0
-61
551
-235
-354
71
-65
26
203
-222
-1
70
-63
-18
366
-320
14135
-14151
66
5073
-5168
81
-83
588
-481
127
-204
-6
45
-32
258
-285
12
512
-279
160
-391
13
101
-82
197
-110
1373
-1478
-16
81
-100
1
14
4165
-4044
12577
-12714
276
-179
2792
-2818
-73
434
-166
-287
10
-5
-3
1
0
-1
-2
0
10
-5
-1
1
-3
-1
0
15
-10
0
-4
13
-15
8
3
-11
9
7
-16
2
10
-7
4
-5
1
-4
17
-18
2
4
-6
5
3
-7
1
-2
5
-1
-3
6
2
-3
-4
-1
1
4
0
-5
1
3
-4
-1
7
1
2:-4
9
-9
2:7
-12
2:0
4
12
-3
-10
9
-10
0
2
-4
0
-1
17
-7
-8
14
-7
0
-2
-5
-2
0
3
9
-12
1
-2
1
-1
0
1
5
2
-6
1
8
-2
-7
-2
6
5
-6
-4
12
-13
6
-5
-1
10
-9
3
0
1
5
4
-6
-7
8
-8
5
-5
5
-4
-1
5
-6
11
-9
0
2
-1
-3
7
-6
9
-6
-3
2
3:1
0
4
-10
5
2
1
-3
5
-2
-5
-2
5
-4
-1
1
-1
5
-4
0
-1
2:2
-3
7
-4
2:0
-2
4
0
-3
7
-4
-6
2:3
-7
12
-12
3
11
-7
2
8
-15
0
8
-7
14
-3
-11
7
-5
-3
9
-9
9
5
-14
6
-7
1
0
15
-16
7
-8
7
-2
-1
-3
12
-13
2
-1
5
-5
-1
9
-1
8
-16
5
-5
17
-11
-4
3
-4
4
-4
-1
0
1
-1
0
9
-9
5
0
9
-14
1
7
-1
-6
0
-1
6
-5
1
0
6
-6
-1
12
-4
-5
-3
2
8
-9
2
-1
4
-5
0
6
1
-2
0
4
-11
3
0
-3
2
0
-2
4
8
5
-16
-1
1
2
-2
0
3
1
-4
0
7
-8
1
4
3
-4
-1
1
0
11
-12
1
0
3
2
1
-7
10
-6
-1
-5
-1
0
5
-4
9
5
-9
-1
-5
9
-5
13
-17
2:2
9
-11
7
-1
-5
3
-6
2
3:0
1
-2
6
7
-12
2:3
-2
-6
5
-5
2
-1
4
-4
12
-11
14
2:-6
-3
0
5
2
-6
7
-7
1
4
3
2
-3
-2
-1
0
-5
2:0
-1
3
0
-2
3
-2
5
-4
-1
2
0
-5
1
-1
1
-1
2:0
1
-2
1
0
1
-2
2
-2
0
1
2:0
-1
1
8:0
1
-1
0
1
-1
5:0
1
-1
2:0
-1
2
-1
0
1
-1
6:0
1
-2
2:1
-1
2:0
1
2:0
-1
1
0
-1
1
-1
3:0
1
0
2:-1
2
2:-1
2
-1
1
0
-1
1
-1
4:0
-1
1
-1
1
5:0
1
-1
3:0
1
-1
1
-1
3:0
-1
1
2:0
1
-1
0
1
-1
5:0
1
-1
0
1
-1
2:0
1
2:-1
1
0
-1
2:1
-1
0
-1
2
-2
1
4:0
-1
1
-1
2:1
2:-1
0
1
2:0
-1
1
5:0
-1
2:1
-1
5:0
-1
1
-1
1
0
-1
1
5:0
1
-1
2:0
-1
1
2:0
1
2:-1
2
-1
0
1
-1
2:0
1
0
3
1
-4
0
116
-105
0
1
-11
13
-2
2:-6
0
8
2:-4
0
4
8
-11
2:2
-5
1
16
-15
-1
2:1
7
12
-21
19
-19
2
-1
5
-3
-4
19
-16
-3
4
0
-4
8
2
-7
-3
0
1
3
-1
-3
6
2:-3
4
18
17
-23
-11
-1
-3
27
-25
-3
6
-2
52
-55
-1
0
31
-31
26
12
-35
30
-26
-3
2:-2
3
8
-9
0
7
2
-11
10
-6
4
-7
3
0
-2
0
52
1176
-1228
90
-67
-19
-5
12
-8
0
8
-10
4
-6
2
-2
10
5
24
-39
12
-5
11
-19
2
5
-5
1
26
-4
-16
-9
6
-2
1
0
581
-525
-57
0
-4
8
0
2
-1
121
-118
13
-17
-6
-2
243
-242
-1
5
41
-44
5
-5
3
23
3
-12
1
-18
1
121
-114
-7
-3
5
6
3
0
-9
53
-43
536
-532
126
-140
-5
7
3
382
-358
36
-52
-15
0
328
-330
171
-152
-11
-4
0
-5
1
7
14
-18
10
57
-67
3
25
269
-263
-24
-8
2:1
2:0
-2
69
-44
-7
-24
8
105
-89
-23
6
21
317
-343
0
2
1
11
-13
183
-185
6
-7
11
-3
16
-24
2
22
-22
1
-3
3
13
-13
-3
4
-1
-2
7
0
424
-429
-3
272
-268
26
-30
1
3
66
-70
24
-17
-7
69
-65
15
-13
18
3
-25
10
-12
5
-1
13
-8
-9
13
-10
2
-3
-1
3
21
-19
3
16
-20
400
-396
-4
108
-57
-56
1
-1
3:0
2
2:-1
13:0
1
-1
10:0
1
-1
2:0
1
-1
1
-1
4:0
1
-1
0
2
2:-1
0
1
-1
0
1
-1
7
-7
0
1
-1
4:0
2
0
-2
12:0
1
4
-5
0
3
-3
0
4
-4
0
1
0
1
-2
2:0
1
-1
2:0
2
-2
2:0
2
-2
1
-1
4:0
2:1
-2
2:0
1
0
-1
2:0
2
3
-5
1
-1
0
1
2:0
-1
0
2
-2
3:0
2
-2
0
3
-3
2
-2
2:0
3
-3
0
3
-3
0
2
-1
3
-1
2:0
-2
-1
1
-1
0
1
-1
0
1
-1
3:0
3:2
-6
4
-4
5
-5
0
2
-1
0
-1
3
-3
3:0
5
-3
-1
2:0
-1
3
-3
2
1
-3
2
-2
3:0
2:1
-2
1
-1
0
1
3
-4
1
-1
3:0
1
-1
0
1
-1
2:1
-2
5
-4
-1
0
2
-2
8
-8
2
-1
0
-1
1
-1
4:0
2
-2
1
-1
6:0
1
2:0
-1
5:0
2
-1
0
-1
0
2
-1
1
-2
3
-3
3:0
4
1
-5
6:0
2
-2
0
3
-3
3:0
1
-1
2:0
1
-1
3
-3
2
-1
5
-6
1
-1
1
5
-4
6
1
-5
-4
2:0
2:1
0
-2
2:0
3
-2
-1
2
2:-1
4:0
1
-1
1
2:2
-2
0
-3
5:0
5
-3
-2
3
1
-4
0
13
-11
0
-2
2:0
2
-2
0
2
3:0
-2
0
2
-2
1
0
-1
4:0
5
-3
1
-2
1
2:-1
6:0
2:1
-2
25:0
1
-1
3:0
1
0
-1
24:0
1
-1
2:0
1
-1
4:0
1
-1
0
1
-1
1
-1
7:0
1
-1
1
0
-1
89:0
1
-1
31:0
1
-1
2:0
end
