v1
900
535
208
486
52
187
615
89
102
360
58
56
7
161
496
205
6
510
102
140
592
89
70
494
195
271
22
403
204
22
285
457
597
600
225
277
170
87
44
43
175
194
63
136
317
202
210
35
91
243
63
31
275
925
363
79
339
69
57
809
106
135
44
283
124
339
94
160
799
394
275
877
44
250
404
181
56
51
19
13
87
17
7
1
46
153
118
73
9
66
8
59
14
115
41
16
55
127
118
447
293
225
414
110
314
33
6
116
284
54
61
60
141
227
256
3
151
267
15
427
14
299
45
3
66
87
229
41
423
93
187
50
263
495
301
83
10
492
40
2
66
115
186
1
0
75
18
32
530
431
277
33
232
27
143
38
19
107
15
147
0
40
158
125
110
339
270
2
81
20
184
452
175
17
53
121
0
8
43
86
277
22
29
38
100
54
47
61
147
88
153
59
5
23
10
94
89
5
702
104
148
31493
5
22
9
43
161
4
55
27
44
85
69
19
76
120
36
8
22
1152
45
134
255
47
3310
2211
0
328
1553
5140
10816
12405
10846
3524
2
14
11785
943
15
2453
5175
5
1428
4054
102775
13098
3545
7741
73
0
9417
32379
39
3
22
92
208
89
5
9635
45743
159
166
15
30
57
53
30
79
4
23
13
12
11
764
21123
3093
7774
10989
1668
539
333
190
665
436
534
14
42
180
6
25
4
2
3
91
10
42245
125
39
894
36
-461357
180
17
45
256
31
238
35
184
52
60
35
72
160
0
39
35
378
43
3
46
29
90
0
43
8
90
173
238
51
84
28
99
24
159
50
160
0
354
37
1
281
171
54
79
72
43
10
9
139
132
17
126
343
130
80
28
579
212
203
131
18
192
49
38
37
22
323
65
11
181
138
95
126
173
6
10
21
64
15
5
34
51
294
21
135
95
24
109
319
90
173
163
452
11
38
65
45
75
201
12
207
68
33
76
216
55
4
84
126
46
32
8
50
15
7
220
81
143
16
2
72
23
4
168
416
5
138
38
180
672
84
97
58
15
105
205
146
19
47
84
59
219
274
295
13
7
61
28
328
77
205
24
610
30
155
93
283
81
46
18
28
70
27
84
180
245
3:0
59
26
49
66
182
15
187
28
24
17
33
9
35
19
18
8
4
7
8
11
7
72
3
14
7
126
14
187
12
14
57
36
20
40
18
8
60
35
2
35
20
99
250
129
309
95
22
192
98
33
90
70
43
226
137
262
0
10
3:0
6
253
390
191
101
0
131
358
59
0
39
262
13
79
196
6
302
38
121
52
18
312
26
241
114
43
15
27
20
184
181
0
118
699
35
19
119
5
47
222
60
105
6
134
1
213
37
669
0
205
220
19
162
149
113
45
54
30
0
10
15
25
12
32
42
15
38
37
171
155
88
111
187
33
418
243
142
5
16
84
257
59
16
85
71
274
66
42
46
0
16
13
18
9
11
35
143
160
156
78
22
6
2
37
12
46
32
22
323
102
356
118
31
45
118
20
21
50
105
55
100
69
32
25
31
31370
5
43
47
26
152
55
79
10
15
188
7
58
68
1
0
63
1031
0
177
141
41
2:0
108
132
5840
1204
2734
688
2716
4607
5560
1878
2324
5740
2466
790
5704
423
2185
816
3071
1380
0
4
8051
27
0
9
17
0
2795
3387
924
9
474
509
1014
3146
1
6
5498
115875
3543
7709
59
51
37493
4333
12
14
2
23
5
75
62
4
101
12
73
19
54669
752
20
91
27
0
164
2
27
56
20
0
50
94
5
60
2
1
14
1
725
88
3582
21760
9030
8793
247
825
1231
1620
202
5
6
19
6
19
2
44
13
40
38
11
4
5
43
22
13
23
2
33
27
31819
8769
662
209
229
174
443
652
123
43
288
-461041
255
39
1667
3111
85
559
601
225
354
428
171
547
246
523
2599
5
335
180
457
245
559
220
1617
452
88
260
133
170
619
790
135
112
175
493
367
235
108
305
270
896
1353
183
971
626
272
143
1294
601
282
407
395
505
221
779
924
762
584
325
14
120
153
993
469
256
29
137
55
180
31801
62
26
173
10275
41755
8089
23
8096
136896
40813
917
251
138
22
91
27
82
55431
176
54
22
197
896
18758
28614
113
26
50
40706
853
1409457600
299:0
1
499:0
1
99:0
35
-12
62
-40
-18
3204
-2691
-488
-15
85
3582
-1407
-2259
-9
86
158
-226
-6
205
-137
23
-48
313
-364
1041
-1042
-9
105
708
929
-1576
-124
-26
20
118
-23
59
-152
-35
9
448
-432
-16
-8
7
-2
-6
37
114
40
-193
771
-740
9
62
-9
-51
22
4
232
-254
-43
58
-18
-27
4
17
245
69
78
-390
46
-15
-36
-12
205
-10
-210
162
102
-269
23
-23
44
16
65
-112
441
-438
-15
-3
268
-128
-41
-81
-13
-1
310
-230
77
-119
-30
297
59691
-59639
2539
-2710
-180
34
1
84
132
-167
-87
19
118
-145
3
101
8125
-8094
-126
195
-199
13
109
137
-223
76
-107
109
12736
-12631
-140
-65
26
-22
24
168
1015
-1231
21312
-799
-20511
4001
-3998
703
-696
287
-272
9
14
530
-580
2493
-2453
430
-412
-52
15540
-15521
594
-594
294
-301
38
-3
-46
65
695
-731
138
63
-219
14
2
2732
-2752
36
-31
131
-16
-11
518
9516
-9987
4007
-4076
-57
-34
6830
-6314
249
902
-1665
-3
171
-159
-8
3522
-2575
904
-1653
-173
-11
-23
15
-19
9
592
29
-574
65
-101
77
3292
-2278
-984
-64
2061
-2041
56
-98
118
-156
957
903
-1748
-34
3501
-2672
-906
33
6991
-6981
0
-6
38
-78
17066
-17039
-27
164
-88
-56
64
445
-511
22
-36
41
-30
83
151
-97
191
-279
12731
-12759
-14
870
-837
2212
-2048
-101
-113
8
207
-218
5
6
118
499
-512
-107
-2
32
28
20
1107
-1079
-77
10
-11
1
-22
1689
-1500
-190
13
-10
10564
-10584
1765
2765
-4522
34
-4
164
-38
-184
-1
7
-7
9
-6
-3
0
-1
9
-5
-3
-1
0
7
0
-7
3
-2
0
13
-9
-4
1
3
2
-5
8
-5
11
0
-15
3
7
-11
7
-4
3:0
1
-3
2
-1
4
-6
14
-11
3
-5
13
-8
-5
-1
7
-7
3
4
-4
4
10
-17
3
2
0
-1
-4
0
1
3
2
2:1
-5
-3
5
-1
4
-1
3:-2
1
5
8
2
-2
-11
-3
4
-2
5
-3
2
-6
3
6
-3
6
7
-19
2
-1
0
-2
18
-11
-2
-5
13
-9
-4
2:1
-1
4
12
-13
11
-6
-9
2
-2
6
-2
0
-3
2:0
6
1
-4
7
-5
10
-8
-7
1
-2
5
-4
3
15
-15
-3
2:0
14
-14
6
-3
2:-1
5
-6
11
-8
-1
10
-12
1
6
-8
2
0
-1
0
1
0
4
1
-3
3
-6
-1
7
-2
3
-8
2
0
14
-12
2
4
-5
-1
8
5
-12
-4
18
-9
-5
12
-16
-1
1
12
-13
2
4
-4
2:7
-15
4
2:-1
11
2:-6
-2
7
0
6
-12
9
-7
1
-4
11
-11
1
-1
16
-16
7
4
-6
-1
1
-2
0
13
-11
0
1
-5
2
9
-8
6
-3
-4
14
-15
2:2
-4
0
-1
3
1
5
-9
2
3
6
3:-3
0
-2
7
2:0
-7
0
6
-6
8
-5
17
-21
7
3
-9
2
0
-3
4
2:-2
6
5
-9
17
-14
0
-1
-4
2
3
1
-2
-4
5
9
2
-12
-2
0
-1
4:0
3
2
-2
1
-5
7
-6
1
4
-5
2:1
0
-2
3:0
10
-7
-2
14
-9
-5
0
2
-4
10
-2
-5
1
16
-18
-1
7
-7
-1
2:1
2
-2
-1
3
-3
10
-11
1
8
3
-2
-10
3
0
-2
11
-10
0
-2
16
-12
14
-11
12
-8
-10
0
10
-6
3
-8
6
-1
3
-7
2:5
-7
-4
2
-2
2:0
6
-5
6
2
-5
-3
1
5
7
-14
21
-19
1
0
14
-7
8
-15
0
3
0
-1
7
-8
0
5
-4
0
-3
2
1
9
-3
-9
1
-1
6
-7
14
-13
5
1
-5
-2
3
4
10
-5
-12
19
-20
9
-8
3
-1
4
-6
16
-15
0
-1
1
-1
0
1
5
-2
2
3
7
-13
-4
2
6
-8
14
-12
6
8
2
-15
1
-3
1
12
-3
-1
-9
-1
0
3
9
-9
5
-6
1
-3
6
-4
-2
4
-1
14
-16
-1
1
7
-7
-1
2
8
-10
2:0
-1
1
4:0
-1
1
12:0
-1
1
-1
1
-1
1
7:0
-1
1
8:0
-1
1
5:0
-1
1
3:0
-1
1
15:0
-1
0
1
6:0
-1
1
2:0
-1
0
1
-1
1
0
-1
1
4:0
1
0
4
-2
1
99
-102
0
1
16
-2
-14
1
-2
0
15
-14
7
-4
2
-6
2
-2
0
4
-3
1
2
-3
10
-11
0
2:3
21
-27
8
-8
2
10
-12
4
-3
2
0
-3
3:0
1
2
13
-10
-5
7
2:1
-6
-4
2
1
-3
2:1
2
-4
2
20
26
-33
-9
-5
23
-21
1
6
3
-12
52
-53
2
0
1
33
-18
14
-29
35
-38
2
2:-1
6
-3
4
0
-5
2:7
-6
-5
-2
40
1346
-1387
86
-55
-26
3
-8
8
-4
-6
1
6
2:-3
7
-5
12
5
-20
68
-67
7
5
-4
-7
2:0
4
-3
30
-11
-21
7
-8
4
16
-19
1
6
509
-512
49
-54
8
-8
5
3
-1
4
15
-23
125
-114
12
-22
5
211
-216
-3
4
35
-35
-1
2:1
13
14
-19
4
-17
7
-2
1
102
-105
12
-8
-1
6
-8
59
385
-432
124
-130
0
-1
362
-335
21
-58
5
-3
13
-10
-4
401
-402
147
-134
-3
-4
1
-7
0
5
30
-29
9
44
-53
21
245
-237
-17
-12
-6
9
-7
0
2
-4
70
-40
-12
-10
81
-63
-15
8
340
-356
4
-7
1
0
182
-181
1
-2
12
-5
2
-9
11
1
-10
2:-1
4
8
-12
2:5
384
-390
-3
137
-118
-19
74
-46
-22
-8
69
-68
3
10
11
2
-27
10
-10
0
4
11
-1
-14
16
-1
-9
-3
2:0
38
-39
2:-1
5
3
41
382
-428
2:-1
69
-7
-63
3:0
1
0
-1
7:0
2
-2
2:0
1
-1
3
-3
0
1
-1
5:0
5
-5
8:0
1
-1
4:0
2
2:-1
0
2
-2
6:0
1
-1
1
-1
9:0
1
-1
3:0
2
-2
5:0
1
0
1
-2
2
-2
0
1
0
-1
2:0
1
-1
2
-2
7:0
1
-1
0
2
-2
3:0
1
-1
2:0
1
-1
8:0
2:1
-2
1
0
-1
3:0
1
-1
3:0
4
2:-2
2:0
1
-1
3
-2
-1
0
2
-2
2
-2
1
-1
2:0
1
-1
2:0
1
-1
2:0
3
-1
-2
5:0
1
-1
2
2:-1
0
1
-1
0
1
0
1
0
-1
3
-3
0
-1
7:0
2
-2
2
-2
1
0
-1
1
-1
3:0
2
2:-1
4:0
1
-1
2:0
4
-4
4
2:-1
0
2:-1
7
2:-3
0
1
-2
2:1
-2
1
2
-2
1
2:-1
2
-2
1
-1
2:0
2
-2
0
2:1
2
-4
10:0
1
0
2
-3
2
-2
0
1
0
-1
7:0
2
0
-2
2:0
2
-2
1
-1
1
2
0
-1
-2
8:0
1
0
-1
3:0
1
-1
7:0
1
-1
1
-1
3
-3
1
-1
0
1
-1
5:0
1
-1
0
1
-1
0
1
-1
1
-1
1
-1
0
2
-1
0
-1
0
2
-2
1
-1
2:0
2
-2
8
-7
-1
1
-1
1
-1
0
2
-2
4
-3
0
-1
1
-1
1
-1
1
-1
5:0
2
-2
1
-1
0
1
-1
1
-1
2
-2
2
-2
9
-9
0
4
-3
-1
4
-4
1
2
0
-2
0
-1
0
3
-3
5:0
3
-3
0
1
0
-1
2
2:1
-2
2:0
-2
2
-2
2:0
1
-1
6:0
3
-3
1
-1
2:0
15
-15
1
-1
2
-2
2
-2
2
-2
2
-2
1
-1
2
2:0
-2
3:0
1
0
-1
1
-1
1
-1
3:0
3
-2
9
-10
2:0
1
-1
0
1
2
-3
3:0
1
-1
2:0
1
-1
14:0
1
-1
34:0
1
-1
13:0
1
-1
7:0
2
-2
14:0
end
