v1
745
207
377
159
486
31
21
187
29
467
119
381
43
179
6
56
7
15
28
37
295
282
108
103
262
291
59
140
592
159
32
104
26
332
466
22
12
143
147
111
460
2
39
321
136
49
67
339
92
64
0
45
354
21
0
135
49
99
80
28
277
104
5
61
87
176
42
44
489
221
202
101
109
160
231
72
275
431
64
430
442
126
132
81
126
31
483
383
18
374
88
39
151
273
87
7
160
27
28
93
50
185
53
88
275
288
106
257
18
109
64
748
250
404
181
56
45
6
32
18
25
4
34
31
46
5
147
1
13
105
21
52
9
74
59
14
50
65
3
38
16
38
262
85
354
8
78
95
120
0
192
33
524
30
274
10
3:0
33
6
116
146
138
54
121
141
20
65
101
131
169
433
441
299
10
5
33
153
229
41
309
219
175
50
758
253
48
83
10
367
24
32
109
2
24
255
88
1
0
75
50
450
530
258
219
46
27
53
90
38
19
107
2
5
8
147
2:0
30
10
48
235
49
61
339
270
2
101
184
452
175
191
8
43
74
12
11
34
232
51
32
6
100
54
0
47
3
58
145
2
88
153
59
5
20
3
104
94
151
403
148
252
123
31370
5
0
22
9
43
95
66
33
53
44
85
69
19
76
66
54
36
8
22
1152
68
111
71
184
0
47
2969
341
2211
328
1553
3764
1376
10816
12405
793
6127
3001
925
3526
14
8077
4666
1533
920
13
1997
3147
8
10
5
1428
106829
13098
3544
1
7741
4
69
0
9417
32379
42
22
26
7
174
61
0
12
20
89
5
9635
45012
731
41
44
74
164
2
15
12
75
53
92
17
27
0
13
8
3
12
728
17677
3482
3093
1178
6596
11474
1183
539
334
133
56
665
436
330
204
2:7
11
27
4
140
5
9
26
40
82
9
4
5
1
31815
8535
265
631
384
301
370
69
563
74
296
36
-461357
523
336
506
74
30
183
111
97
149
19
79
158
33
85
273
440
139
251
141
139
1001
46
107
81
130
152
68
60
45
304
372
182
235
111
140
810
340
671
67
21
379
312
163
5
331
127
148
335
69
18
116
8
342
411
9
12
401
39
89
259
221
2:136
15
204
250
33
10
288
163
33
255
117
241
12
92
62
255
30
68
559
14
318
17
77
852
172
212
164
706
73
0
59
19
534
99
38
30
7
36
5
8
66
70
40
7
17
103
7
91
31
82
5
20
12
17
24
108
74
127
28
115
356
363
90
221
105
86
133
674
89
100
54
156
387
144
207
5
7
90
170
144
11
16
254
141
222
81
17
52
104
97
193
355
47
240
263
404
713
89
142
63
12
242
258
4
159
160
193
280
163
95
245
146
13
49
34
190
1209
182
97
105
10
30
217
231
211
129
86
37
46
164
363
61
35
2
0
537
94
255
76
53
72
11
50
58
2:19
2:1
176
34
39
19
42
34
31498
3
264
44
24
197
90
23
104
25
1333
95
6076
7346
1815
7632
2220
3518
7390
6494
6495
1380
4
8038
47
23
2791
14
882
4407
4160
5
12
108264
13099
11260
38287
3533
149
81
40
149
72
19
27
35712
19694
126
0
157
64
2:12
24
211
13
2
755
76
120
3445
25639
5151
7977
3
1060
3883
6
25
21
42
16
39
21
80
18
91
40394
405
670
389
156
665
-456346
424
955
1764
244
52
651
374
200
195
1542
594
603
1297
2271
714
2172
76
977
906
699
428
899
2659
1713
2345
87
520
1558
1075
33429
48
172
28050
18849
25658
230922
16
35
48337
83
41086
1565
332
154
1409410200
399:0
1
299:0
1
44:0
156
-129
-3
25
-43
18
209
-122
-97
3787
-3775
-20
9
177
5801
-5986
62
148
-207
-1
4
68
160
-234
158
123
-271
253
-259
1
6
-7
464
-467
-2
0
279
-73
-180
-26
0
75
-67
205
-104
38
-99
-43
15
-13
-1
13
273
-282
63
-66
-6
-1
576
-300
-272
23
-13
0
5
-19
38
-35
-1
18
-17
2
-1
-4
154
112
-253
-13
20
1247
-1261
171
3870
-4014
-6
38
-58
-5
7
128
-137
8
-5
-3
14
-14
21
2
81
-23
-78
-1
19
246
-263
274
-269
26
-32
6
-6
85
-72
-10
5
-2
44
190
-143
-91
-5
58
-59
32
-23
-11
178
-169
30
-17
-22
630
-486
-129
75
-11
2084
-2155
-4
50
-15
5
-39
-6
150
-147
50
75
-10
-76
-26
486
-498
-4
7
83960
-83932
0
-35
29490
-29413
-62
-8
22
45
-17
-55
27
12
-40
24
7
-3
130
-152
-6
305
-289
3
828
-845
-3
23
276
-112
-182
183
-188
30
-3
-24
-1
663
-547
-117
0
9
8008
-8005
7118
-7116
1
-12
31
-26
14
46
-55
-11
3162
-3123
99
-128
6
77
64003
-64093
-6
4
9
-1
-11
21
225
-240
9
-11
219
463
-589
-4
-77
1974
-1980
1
14
47
-71
165
147
-278
-29
634
-632
37836
-37800
-41
3181
-3171
19
8
-13
10596
-10304
-310
2862
-2872
134
-132
33
-33
5646
-5647
763
-756
2552
-2466
123
-208
55
-55
-8
21
288
-164
-135
237
-240
76
25
1438
-1062
-59
-384
-22
39
-56
17
-7
221
74
-274
282
465
1310
-1953
127
5448
-5287
-240
-172
224
-232
3103
-3105
9
54
-63
-1
-2
3
41
-39
27454
-27442
-16
88
-89
-1
48
383
-340
-90
77
-53
-21
174
816
-994
14
-13
6
125
-101
324
-337
24942
-24927
-8
-18
12
-9
10222
-10222
103
-43
-49
31
-47
-2
125
-37
46
-100
-37
70
81
-137
22
15
-33
-16
33
-30
42
-19
-21
55
-14
-39
2
-8
87
-51
28
20
-83
280
-283
6
-4
333
-287
-46
139
-120
18
1161
-1137
-48
-13
63
-45
-17
8
-8
-4
426
-152
-162
-116
-1
0
1
2:0
-1
1
-1
2
-1
0
-1
0
2
1
-3
2:1
-1
0
1
-1
2:1
-3
4:0
2
-2
2:1
0
2:-1
1
3
-4
4
-2
-1
0
-1
1
-1
3
-1
-2
3:0
1
-1
2:0
1
-1
2
-2
2:0
4
-3
-1
4
-3
-1
1
2:0
-1
1
3
-1
1
-2
-1
0
-1
3:0
2
-2
0
3
-1
2:0
1
-3
2
-2
3:1
-3
2
-1
0
2
2:-1
0
2:1
-3
1
2
2:0
1
-3
1
-2
0
1
0
3
-2
2:-1
3:0
2:1
-2
2:0
2
-1
2
-2
-1
3
0
-3
2:1
0
-2
3
-3
3
-2
1
2
0
-4
0
1
2
-2
2:1
0
-1
-2
0
1
-1
4:0
2
2:-1
3
-3
2
-2
3
-2
-1
0
2
2:-1
2
0
-2
4
-4
4
-1
0
-3
0
3
1
-2
3:0
-2
1
2
-2
-1
0
2
-1
2
-3
1
-1
0
3
-1
-2
1
0
-1
3
-3
0
1
3
-3
2
0
-1
-2
0
5
-4
-1
0
2
-2
4
-4
2
-2
0
3
-2
4:0
3
-4
2:0
2
-2
2
2:1
-3
0
-1
1
3
2:0
-2
-1
2
-2
0
-1
3
-2
3
-3
2:0
2
-2
0
3
-4
1
2
-3
2:0
2
1
0
-3
3:0
1
0
-1
3
-3
3
0
-3
1
0
-2
1
-1
1
6:0
-1
1
3:0
-1
0
1
-1
1
2:0
-1
1
4:0
-1
1
-1
1
0
-1
0
1
-1
1
-1
3:0
1
0
-1
5
-4
1
0
-1
2:3
-6
4
80
-84
0
1
7
3
-10
7
-5
-3
3:0
12
-12
0
11
-10
10
-11
2:0
1
-1
2
-1
1
2:-1
3
-2
-1
5
-5
2:0
2
0
-2
0
1
-1
0
1
0
1
-2
2:0
17
-6
-11
2
-2
2
0
-2
9
-9
4
2
-5
1
-2
0
3
6
-7
-2
1
23
-23
-1
9
-5
-4
3
-3
2:0
1
0
-1
6:0
4
-4
4
-4
1
2
-2
33
-34
8
-7
0
-1
24
-20
-2
0
1
2
24
-29
2:0
8
-4
27
-29
-2
22
-21
21
-22
1
35
-29
-5
-1
7
10
-17
2:1
-2
6
-6
0
23
-20
0
-1
0
-3
3
53
-55
1
5
1293
-1295
-1
-4
71
-59
-12
1
7
5
-12
-1
5
-3
-2
18
-13
6
3
-14
3
44
-35
-8
20
-21
0
-1
0
15
-17
17
-17
8
-6
-2
3
1
16
-19
-1
6
452
-449
95
-103
-1
3
0
-2
1
9
-4
-5
142
-134
8
-16
7
-7
306
-295
-8
-5
1
-1
2
-2
26
-25
2
-3
8
15
2:-6
-11
91
-88
-3
4
-4
0
9
8
-17
2
32
-24
408
-405
-13
85
-85
2
6
0
320
-288
-36
32
-34
13
-12
-2
2
231
-233
2
-1
124
-118
10
-16
-2
4
-4
7
12
-19
2
62
-61
3
21
174
-189
8
-19
2
5
-2
-1
-5
2
-2
4
23
-3
13
-34
4
57
-53
-8
-3
6
0
206
-210
14
-14
2:-1
5
-2
-1
-2
195
-195
2
9
-10
0
11
-10
-2
0
12
-9
-2
10
-2
-7
4:0
-2
3
1
449
-451
0
1
-2
0
275
-271
15
-20
0
23
-20
-1
56
-54
0
9
-13
8
3
12
-23
6
-5
0
-1
2
7
-6
2
-5
18
-11
-5
-2
3
-3
3
2
-4
1
-2
4
-3
23
-18
-6
5
-4
3
143
-145
-2
0
7
-7
1
3
-4
2:0
112
-70
-42
2:0
1
-1
33:0
1
-1
3:0
1
-1
2:0
1
0
-1
5:0
1
-1
10:0
1
-1
0
1
-1
5:0
1
-1
6:0
1
-1
2:0
1
0
-1
3:0
2
-2
0
1
0
-1
0
1
-1
3:0
1
-1
3:0
1
-1
1
0
-1
2:0
2:1
-2
12:0
5
-5
0
1
0
-1
2
-2
1
-1
2
-2
9:0
1
-1
14:0
1
-1
1
0
-1
4:0
3
-3
0
1
-1
0
1
2:0
1
-2
0
1
0
-1
15:0
1
0
-1
0
1
0
-1
2
-2
4:0
4
-4
3:0
1
-1
0
1
-1
0
1
-1
2
-2
0
3
-3
8:0
1
-1
2
-2
6:0
2
-2
8:0
1
-1
0
1
-1
0
2:1
-2
0
1
-1
4:0
2
-2
6:0
2
2:-1
49:0
end
