v1
582
55
152
90
20
426
381
105
52
178
9
350
265
314
67
228
56
22
28
353
472
169
443
147
433
7
95
50
191
130
327
5
15
451
177
248
10
501
457
116
235
104
71
21
64
393
27
135
23
125
108
277
72
98
87
20
0
24
43
142
33
710
765
110
267
8
121
176
134
494
363
25
54
59
280
66
60
31
483
359
42
135
219
202
224
145
21
3
193
85
100
50
185
416
288
106
115
160
16
15
846
294
0
404
72
109
27
29
45
6
32
18
52
42
46
5
34
114
13
105
73
9
1
73
9
50
6
58
65
38
3
16
38
17
245
12
13
2:178
66
173
120
225
524
314
3:0
39
116
146
192
121
141
186
0
78
222
146
287
441
299
48
66
87
229
41
309
114
85
195
9
799
253
48
76
7
10
367
167
24
113
209
22
2:0
75
50
575
157
229
277
33
232
27
0
17
36
90
38
19
107
7
8
75
72
2:0
30
10
393
70
269
270
2
36
23
22
20
184
255
197
175
133
58
8
0
2:43
31
2:6
204
73
22
1
28
32
6
100
54
0
47
59
2
0
37
108
2
88
153
59
5
23
198
247
204
314
189
91
1
31406
22
9
43
161
33
53
11
33
85
88
84
58
54
36
8
13
9
12
920
148
72
68
111
71
184
3357
2211
328
1553
5140
10816
5018
7387
3
790
2927
6201
4449
2
4
8085
2
3708
958
2453
13
5162
5
108257
16642
1
1735
6006
73
9417
32379
42
18
4
26
7
174
73
20
53
19
17
5
9635
45793
102
7
0
164
2
15
30
10
47
1
161
2
25
12
1
11
1
11
19
709
21159
0
3093
1178
3878
0
5152
8555
1668
539
334
133
56
665
436
532
2
1
2
22
9
18
1
3
117
32
5
26
17
23
12
55
24
4
5
1
31815
8800
342
289
384
30
641
69
39
101
793
36
68
-460060
0
544
119
1248
962
98
291
619
72
138
609
67
159
144
491
542
255
223
38
442
10
252
112
756
289
54
136
139
335
958
15
413
39
348
294
1931
328
66
1319
212
105
96
65
426
164
434
265
80
0
625
86
19
56
8
11
8
88
107
10
117
219
49
97
236
492
151
530
136
602
78
102
169
30
49
231
423
169
49
102
686
6
0
17
328
562
410
12
59
166
957
2
171
52
146
136
111
94
15
281
220
319
1135
49
2
194
134
483
828
133
431
100
847
44
198
43
437
3
349
225
86
92
56
83
9
101
17
43
15
42
31524
10
308
13
252
39
156
1493
9957
3404
1815
6921
20333
4349
872
432
2222
14
16192
112441
13098
11261
98
4
41831
46
125
135
11128
44404
118
245
168
17
50
770
76
31921
11227
247
3935
95
27
24
70
91
41433
0
36
1068
8
642
1409396400
399:0
1
181:0
3
1
5
1
-1
12
15
-32
14
197
-212
2449
-2444
3
107
2082
-2164
189
-221
434
-430
62
-66
46
-41
-6
169
-163
-1
-2
332
-333
27
261
-267
161
-178
169
-101
-67
0
-5
10
-4
18
23
-43
-5
85
416
-326
-154
-20
93
-80
2:-2
-3
-5
47
-41
-7
129
-130
250
-249
3
35
49
-82
-6
870
-871
54
436
-412
-36
25
6
463
-530
-1
-4
0
5
-2
-4
8
92
-73
62
-74
6
-2
125
-117
9
-36
2
30
33
-52
-8
-2
-3
1
71
-64
21
68
5
-102
5
22
729
-719
17
-52
41
-23
394
-337
13
-89
7
-3
29
320
-354
2
44
-41
14
103
-119
-3
1
4
89
-43
-39
-9
938
137254
-138194
20
6
4670
-4652
-43
32
-21
19
-17
-1
-13
4
16
-11
5
-7
246
-253
27
-25
460
-460
1
6
-6
-1
118
-115
124
-122
-6
61
-50
-2
-9
179
-177
6
2
6512
2163
-8672
16
-27
16
-8
-6
-5
14
-3
72
-78
3
1748
-1728
3
-11
69
-63
-19
-7
40601
-40599
2
81
-85
7
2
56
-48
-18
8
124
355
-483
23
5136
-5155
5
1005
-1018
8
2:1
-10
10
-9
155
-147
0
211
-189
-3
841
-868
28790
-28742
-32
-17
2191
-2185
15
4
-12
-3
5301
-5125
1951
-2107
-24
-5
2
1529
-1531
0
2230
-2163
-25
-37
226
-229
698
-700
263
-189
33
-99
39
-3
921
-572
-364
167
-162
-29
41
-37
-5
60
-58
-7
64
152
394
-399
-155
2014
-2065
261
-261
6
-7
133
60
2214
-2411
2
6
44
-52
48
70
25391
-25502
57
-59
56
-54
384
-317
-47
-20
40
-42
3417
-3420
-1
1
18
301
-320
9
21
26726
-26752
24
-28
3798
-3798
3
62
-36
25
-51
24
-18
79
-89
10
-9
10
325
-310
89
-114
15
21
-25
31
-38
7
5
-16
4
133
-130
4
49
-26
-22
128
-136
97
-102
6
13
-19
2:11
217
-239
5
-1
182
-180
461
-467
4
54
-58
9
983
-989
-2
0
11
-9
43
-41
6
68
-75
651
-615
-39
-2
-1
4:0
-1
2
2:-1
1
3:0
-1
2:0
1
2
-2
5:0
-1
2
-1
2:1
-2
1
3:0
-1
2:0
1
-1
5:0
1
2:0
-1
0
1
-1
2:1
-3
1
0
1
-1
2:0
1
-1
0
1
-1
1
-1
4:0
1
0
-1
0
1
-1
4:0
-1
1
-1
3:1
-2
1
2:-1
2
1
-2
0
2
2:-1
2:0
-1
2
2:0
-1
0
-1
1
2:0
1
2:-1
2
0
1
-2
1
-2
1
-1
1
7:0
1
0
-1
1
-1
1
-2
0
1
6:0
1
-1
1
-1
0
2
2:-1
0
1
2:0
-1
1
0
-1
1
2:0
1
-3
2
-2
2
0
-1
0
2:1
2:-1
2:0
2:1
-2
0
1
5:0
2
0
-2
2
-2
68
-68
0
8
0
2:-2
-4
11
-11
10
-10
3:0
11
-11
2:0
1
2:0
-1
1
4
-3
-2
0
2
-2
2
-2
1
-1
2
-2
2:0
15
-5
-9
-1
2
-1
0
-1
2:0
14
-10
-4
4
-4
6
-6
0
3
0
-2
-1
17
-16
0
-1
3
-3
5
-5
1
-1
3:0
2
-2
3:0
1
-1
0
3
-2
17
-17
2
-3
2:0
20
-18
0
-2
2
-2
3
0
1
19
-23
0
2
15
-13
-4
13
-13
11
-11
19
-19
6
-6
1
2
-1
9
-10
-1
2
0
1
2
-5
3:0
17
-12
-4
-1
32
917
-945
2:1
65
-64
-7
4
-1
1
-3
0
-1
5
-1
1
-2
0
30
-33
12
-12
19
-19
1
2:0
-1
13
-13
12
-12
0
5
-4
1
-2
0
1
-1
4
248
-172
-78
-2
3:1
2:-1
6
0
-7
3
-2
103
-95
3
-3
-7
-2
11
-10
252
-253
3
18
-21
0
3
-2
-1
0
1
6
13
-20
6
5
-11
2
48
-50
1
-1
2:0
1
0
7
-8
0
6
-6
3
20
-19
298
-288
-13
-1
57
-56
-1
1
0
4
197
-185
2
-15
-3
-1
1
109
-110
2
73
-67
2
-8
0
-2
6
-6
15
-15
30
-24
0
9
137
-132
-19
8
-7
0
-2
1
-1
9
-2
-7
3
23
-12
5
-16
42
-45
12
-11
1
-2
8
7
113
-126
0
5
-6
2:0
4
156
-161
5
-5
5
-5
1
6
-5
-1
3
-2
7
-9
2:1
-1
0
1
-1
5
380
-385
-1
0
194
-194
3
6
-9
18
-18
22
-21
32
-33
1
-1
6
20
-17
-6
-3
20
-17
-1
2:0
-2
0
2
-2
8
-6
1
-3
13
-11
0
-1
6
-7
1
-1
2
-1
1
0
-2
2
-1
15
-15
5
-5
-1
12
-12
2
92
-92
-2
0
4
-4
0
2
0
-2
0
62
-49
-13
29:0
1
-1
1
-1
22:0
1
-1
7:0
1
-1
9:0
3
-2
-1
7:0
1
0
-1
6:0
1
-1
2
-2
13:0
1
-1
5:0
2
-2
10:0
1
-1
3:0
1
-1
18:0
1
-1
7:0
1
-1
1
-1
0
1
-1
11:0
end
