v1
827
69
628
46
79
407
52
24
91
24
48
8
183
46
113
265
22
29
85
10
45
123
3
235
57
56
7
15
28
118
415
81
1
45
66
11
88
317
295
140
592
191
0
23
81
76
22
169
10
81
11
4
169
11
136
24
103
8
34
67
76
0
152
96
10
334
167
136
82
182
35
71
67
63
31
173
72
55
5
96
0
54
366
135
31
64
161
277
72
37
148
20
24
52
80
86
257
79
57
64
75
22
71
85
157
45
209
1
35
318
110
275
431
16
48
26
404
442
245
82
12
69
57
36
401
60
312
64
14
28
135
12
209
296
486
41
27
121
312
64
268
0
7
84
34
0
276
106
169
16
93
64
55
258
79
312
286
8
109
25
145
118
188
27
29
45
6
32
18
7
10
8
2:19
6
1
24
46
5
147
0
1
104
6
8
73
9
66
8
59
17
0
29
18
50
15
38
19
38
17
14
0
113
118
87
339
21
170
3
120
27
198
195
219
110
304
10
39
116
104
42
0
17
51
70
54
13
108
35
106
85
142
4
21
11
162
58
3
151
97
185
34
95
275
6
31
110
189
10
38
83
70
86
143
41
423
105
7
52
116
9
799
15
170
14
0
102
42
11
18
5
7
229
4
89
0
55
24
26
6
109
2
4
20
42
302
75
18
32
294
34
0
162
153
155
163
31
246
33
80
152
27
11
42
128
19
38
69
7
8
132
15
40
277
6
110
339
260
10
2
81
20
82
102
8
407
37
34
141
17
53
27
94
8
40
3
74
3:6
20
0
105
197
22
16
100
54
47
61
35
92
0
20
88
153
59
0
5
23
198
151
28
26
246
103
56
74
2:9
26
20
17
155
34
123
31375
22
9
43
0
161
4
82
44
209
33
7
22
0
9
89
8
28
8
22
986
57
7
102
68
111
61
10
43
0
123
15
3
47
3310
2211
2
326
1553
322
2751
691
1376
663
5915
1002
1092
6
2138
5018
1178
6209
793
2041
4086
0
13
2988
925
872
1267
2
1380
3
2
4
8078
14
2807
14
0
882
943
15
1533
933
982
4168
1
0
1
8
2
6
1427
3523
103306
13098
3075
0
469
1
7716
25
73
9417
32379
39
3
22
33
9
69
56
113
20
53
19
17
5
16
36035
18596
764
17
102
7
64
93
7
2
0
15
12
19
23
14
1
18
99
46
17
2
25
10
3:1
3
7
2
11
2
1
725
29
14
12982
5840
2294
3093
4413
5795
7980
575
403
82
1183
454
85
422
101
665
968
2
1
2
49
2:2
86
55
8
31
6
31
3
1
11
32
47
4
6
30302
1513
8491
64
176
100
725
1
87
199
93
217
24
111
84
58
11
38
7
28
41
103
47
258
66
363
96
19
17
38
14805
222
1977
9735
2:1
109
34
20
115
23
12
-488449
75
454
175
360
0
340
35
0
470
255
101
85
0
59
80
129
320
26
1363
827
784
40
591
264
93
0
176
705
11
132
63
50
534
0
70
0
5
713
451
228
656
611
983
401
253
742
179
137
0
501
1012
272
53
561
0
130
0
323
77
114
65
1037
0
521
0
2
152
5
117
7
446
20
0
8
0
45
138
0
376
18
236
0
493
342
663
196
167
542
0
100
0
28
342
0
6
72
170
770
24
941
7
0
237
44
618
944
84
19
214
42
220
177
111
0
504
96
123
0
284
22
174
60
79
37
470
414
322
0
101
0
346
66
296
0
552
104
216
83
18
39
138
65
23
342
0
222
127
770
15
45
179
31453
43
30
4
148
42
79
38
0
115
80
21
1237
834
0
6
9485
5234
9852
9322
14575
0
1375
8037
57
4675
7603
16
25218
0
82823
13322
11311
41774
608
55297
33
316
131
10
87
9
69
77
718
0
35
120
7825
0
37171
2162
5
47
45
0
99
2
40555
288
0
117
670
802
277
0
394
121
45
0
114
2
145
13
15041
1414973400
599:0
1
226:0
4
16
10
70
-97
36
-34
-1
1
225
-227
4
-2
2
5356
-5360
5
-6
2
12
-1
-11
50
545
11672
-12268
43
3
-38
1
-5
-4
11
-7
-4
55
-51
297
-106
-78
-116
0
5
-1
11
669
-685
0
291
-291
6
25
212
85
-321
99
-21
-83
4
6
1
-4
812
-814
56
-27
-36
4
-4
0
4
320
-305
3152
-3172
72
-8
-63
13
0
-9
15
9
53
-16
18
458
-532
88
-4
-87
-6
15
-5
106
-97
-12
58
-45
-13
49
-51
-1
0
9
-7
25
-20
-1
375
-191
-176
-18
6
11
123
-59
-71
-1
194
-185
104
-118
13
-14
4
-7
0
70
-15
-53
-1
0
8
11
-15
15
-8
98
-103
-5
8266
-8264
9
1
804
-815
190
-170
-11
-13
5
0
40
273
-317
88
-88
2
2:3
454
-460
136
-136
19
121
-132
-8
2
120
-112
-9
124
2
25
-151
18
-20
0
63
-63
6
59
-58
1083
-1081
101
-88
-22
0
7
137
-136
342
-305
-35
-4
8
-14
0
5
225
-232
1
26
-12
14
218
-246
65
-41
-3
229
-236
88632
-85028
-3333
-285
12
2
33
-47
21
-2
-18
28
-27
257
123
-283
-95
32
-32
6
-9
68
-62
-7
53
-53
35
-27
4
-2
188
-164
-31
488
-376
-96
-15
76
853
-931
0
37
5
-36
-5
82
-78
21
-24
1
93
-95
2
-5
7
-7
20
-20
1
0
19
-10
-5
278
-254
2:-15
328
-264
23147
-21100
-2110
156
-157
2
0
32
-33
-1
2
9
29
-29
-9
10
-3
22
-26
690
-674
-17
1504
-1489
61
241
36166
-36463
-23
10
125
590
-722
-3
18
68
-47
-28
743
-754
12
52
-63
17
-16
51
45
-55
6274
-6310
42
-49
1
11
-10
-2
1
5
3728
-3731
41
7
23204
-23224
3060
-3087
1
0
28
537
-524
121
-4
1226
-631
-722
-8
-26
40
-35
37
-38
-6
0
50
-48
15
-15
14
1049
-1053
1124
-1020
16
-127
0
61
-40
-14
330
-342
1
21
-21
0
-1
119
-114
1130
-963
211
-375
1
-8
830
-823
827
-828
53
-59
0
537
-212
-316
27
16
224
-278
480
-249
-230
6
-3
183
-186
12
-8
-4
2
1301
-1301
1
1353
-1323
-20
2:0
11943
-11725
-228
-3
74
-71
-4
64
372
-435
57
-52
-3
4
-1
37
-33
38
-45
4
29
-29
-5
0
6
-8
107032
-107029
25
-27
208
-205
2
0
22
376
-393
354
-305
5206
-5265
2318
-2314
554
-556
-3
261
-259
31
2:-15
-2
101
2392
-2489
-4
9
-9
80
-3
-26
-51
48
-39
-4
-1
24
116
-142
0
20
1588
-1602
2
-9
37
1005
-1040
653
-655
25
-12
-6
-8
25
320
-272
-74
10
43
-48
12
-16
12
9
-20
20
50
-39
-32
2
68
129
-85
-108
76
-72
49
-4
-31
-25
35
-34
67
91
-153
11
48
-61
152
12751
72768
-85674
15
273
-268
612
-605
-25
6
246
-147
-20
8
923
-1002
-14
2
339
-194
-149
42
230
-273
6
3
2746
-2683
45
-73
-39
7
-12
16
110
-94
1009
-1040
7
-6
6
425
-250
-180
67
1655
-1491
-216
-1
-18
2:0
1
-1
0
1
-2
0
2:1
-1
2:0
-1
1
2:0
-1
0
2
-2
2:1
-2
2
-2
2
0
-2
2
0
-2
2:0
1
2:0
-1
1
0
1
2:0
2:-1
2
0
-2
0
2
0
-1
1
-1
0
-1
0
2:1
0
-2
1
3:0
1
-1
1
0
-2
2
-2
3:0
1
2:0
1
-2
1
4:0
-1
1
-1
0
1
4:0
1
2:-1
2
-1
3:0
1
0
-2
0
2
-1
1
2:-1
1
0
1
0
-2
2:0
2
0
-1
0
1
2:-1
3:0
1
0
1
-2
1
0
1
-1
0
-1
4:0
1
7:0
-1
2:0
2:1
0
-2
1
4:0
-1
2
-2
0
2
2:-1
2:0
1
0
1
2:0
2:-1
2
-2
0
2
2:0
-1
1
-2
2
-2
0
2
2:-1
1
3:0
-1
2
-2
0
2:1
0
-2
1
0
-1
2
2:-1
0
2
0
2:-1
0
2
0
-1
0
1
-1
1
0
-2
1
2:0
1
0
4
-5
0
2
8
-10
3:0
106
-106
1
-1
2:0
1
-1
3
14
-8
-9
12
-11
2
-1
-2
0
39
-39
0
1
-1
6
0
7
-13
0
1
-1
0
1
-1
3:0
2
-1
5
-6
2:0
8
-6
-2
2
0
1
-1
2
-4
7
-7
4:0
5
-5
1
-1
1
-1
0
3
0
-2
1
0
3
-5
2:8
-15
0
4
-5
2:0
1
4
-3
-1
2
-3
1
-1
2:1
-2
2
-1
0
-1
1
4
11
-11
-4
-1
2
6
-1
-7
0
8
-6
0
-2
5:0
2
2:0
2:-1
2:1
-1
2:0
-1
3
0
11
-14
1
0
43
-44
11
-10
1
-2
2
-2
1
2
-3
38
-36
-2
0
1
5
-3
9
-11
0
26
-27
2:0
5
-3
1
3
-6
9
-2
-6
2:0
11
-12
0
26
-26
32
-32
4
0
-4
0
1
0
-1
14
-11
2:-1
2
-2
0
4
11
-16
0
5
-5
3
1
-4
8
-7
1
43
-37
1500
-1420
-56
-31
-1
2:0
1
2
0
-3
5
-4
2:8
-17
1
-1
0
5
-3
16
-16
-2
8
-8
6
-5
2
0
-3
18
-15
64
-64
5
-8
6
15
-21
0
1
0
-1
0
12
-10
-2
1
0
20
-21
2:0
2
-2
4:0
4
-4
2
-1
5
1
-7
4
-2
421
-358
-65
5
-5
5:0
5
-5
1
2
-3
5
-1
-3
1
38
-32
-6
22
-19
-2
-3
328
-318
-10
6
21
-22
-5
2:1
-2
11
-11
57
-57
2
13
-15
8
-8
11
-11
7
133
-140
5
-5
2:2
-4
1
0
1
27
-29
6
8
488
-495
98
-104
2:0
2
14
-8
80
-1
31
-85
-30
3
-7
1
0
-1
1
-1
0
9
-8
-1
2:2
189
-192
105
-97
4
-11
0
1
0
1
43
-47
0
2
-2
2:0
27
-27
204
-188
2
-14
-3
-1
6
-1
12
-17
6
-6
0
150
-141
-7
5
1
42
-50
34
-14
-20
5
-5
19
-19
4:0
41
-41
0
32
-31
2
-1
0
345
-342
-4
0
-1
2:0
19
156
-172
-1
-2
3:0
2
0
-1
0
4
-5
1
2
0
-1
-2
144
-140
1
-4
4
-3
-2
0
13
14
-26
-1
10
684
-693
5
-6
17
-14
-3
0
2
0
1
-2
2:2
94
-96
-3
4
-4
28
-27
13
-14
8
-6
3
-1
-4
1
-1
0
3
112
-107
-8
0
32
-32
1
100
-101
5
-1
-2
1
4
6
-8
-5
9
-2
-7
6
-5
5
2:-3
1
10
-10
-1
0
15
-15
9
-9
3
1
4
-5
2:-1
2:0
6
-6
1
2
4
-8
1
247
95
-343
3
18
-17
145
-146
0
-3
39
-22
-14
-1
181
-181
2:0
33
-14
-21
0
10
-9
-1
1
271
-269
39
-38
1
-5
0
5
2
9
28
-44
3
-1
2
12
-10
-6
0
21
-2
-17
2
-4
24:0
2
-2
3:0
1
-1
20:0
1
0
-1
12:0
1
-1
2:0
1
-1
15:0
1
3:0
-1
5:0
1
-1
3:0
1
-1
4:0
1
-1
24:0
1
-1
9:0
1
0
-1
7:0
1
-1
4:0
1
-1
12:0
2
-2
5:0
2
2:-1
17:0
1
-1
10:0
1
-1
3:0
1
0
-1
4:0
end
