v1
583
207
45
454
53
287
235
187
130
285
200
43
8
263
289
6
56
22
28
118
0
120
422
91
74
1
57
0
1
265
288
5
152
290
285
159
32
0
289
0
45
128
184
11
0
266
5
34
85
58
214
34
10
105
26
104
5
220
25
16
326
109
116
266
166
85
45
348
27
224
167
160
0
117
24
126
20
54
33
20
156
12
74
194
63
136
139
93
85
98
0
36
251
27
0
353
86
24
87
0
188
259
38
96
38
113
160
370
195
19
79
61
65
160
53
47
22
57
692
223
135
91
27
68
437
32
0
135
94
160
27
21
100
235
240
69
96
4
0
7
300
200
0
169
16
15
28
111
3
189
227
89
199
294
279
125
86
151
83
25
18
2:6
7
6
13
6
25
46
5
21
42
68
16
1
13
102
3
73
9
62
0
12
59
6
58
65
68
26
18
53
74
118
307
67
52
13
8
78
7
88
102
18
94
44
87
195
0
219
110
304
10
39
116
77
69
138
54
121
47
94
85
101
41
4
55
139
58
3
90
56
5
68
29
185
129
27
52
196
6
31
163
65
71
15
33
153
44
185
41
309
114
38
16
39
5
732
38
124
96
192
17
92
71
22
252
115
50
72
39
30
48
109
98
89
75
50
328
589
6
38
19
0
60
198
33
38
9
179
33
17
36
0
93
35
19
0
101
6
7
8
115
32
40
64
40
54
119
6
110
10
329
270
103
53
0
4
127
255
131
66
175
70
121
8
43
74
2:6
108
23
2:73
51
22
16
100
54
47
61
147
88
153
59
5
23
179
19
9
24
0
224
194
61
143
47
63
0
98
57
34
77
14
52
31350
5
22
9
43
161
4
29
53
44
24
13
48
88
0
38
5
33
66
54
8
0
28
8
22
932
54
57
0
37
72
68
92
19
71
166
15
3
56
3301
2211
328
1553
2370
1394
1376
2128
5452
1098
2138
12405
793
6140
2988
925
872
1267
1385
2
4
10
8028
47
0
2:1
5
2821
1825
15
2466
1997
3146
8
9
2
6
5481
102775
13099
3074
469
1
7741
73
4
9413
28772
3533
106
7
3
18
4
22
11
120
127
1
19
16
14
59
5
16
55412
109
67
90
7
2
15
30
22
0
16
1
6
12
145
1
4
12
27
10
2
1
12
11
728
70
35
3565
9355
4654
0
1184
2296
8149
5152
3251
4729
575
1668
539
334
189
665
436
532
2
14
3
8
9
22
58
13
15
0
10
53
31
37
3
1
43
47
4
2
0
4
30302
10068
79
97
100
98
524
103
0
1
87
199
93
15
202
24
253
11
73
41
103
47
13
29
1
8
207
13
2:151
81
88
0
60
17
38
15027
1977
9735
2:1
163
49
23
43
23
0
12
1414837200
582:0
3
16
402
-385
-20
-9
231
-223
-10
2226
-2220
-11
0
6
789
-617
-170
211
-218
0
2:1
-2
7
-8
1
0
-1
2
27
-26
2
-5
99
-32
-67
1
2:0
1
226
-225
-2
0
1
41
-41
-2
2:0
356
-342
-14
0
2:8
-14
-1
11
-12
9
3:-3
3
-3
1348
-1155
-41
8
-159
0
91
-92
156
155
-306
31
-30
-1
1674
-1651
18
-30
6
-15
75
-81
-1
1
6
-7
6
0
2:-3
17
-16
0
20
-21
9
-7
14
24
-39
3
-1
46
11
-60
4
0
145
-149
3
28
-28
0
1
4
-7
23
-22
1
-2
48
-46
77
-76
88
-79
3
-16
110
-109
5
0
7
67
-79
0
33
-30
2:-2
1478
-1437
-41
4
-1
249
-185
-65
286
-288
2
21
-16
1
-8
3
-1
5
-6
2:10
-15
229
-231
-1
7
31
26
-62
-5
43
-41
212
-212
0
44
-32
-7
0
318
-323
-2
1
2
13
136
-150
19
-6
-13
39
-29
-12
43
-41
35
-37
2
6
-7
0
4
107
-112
88282
-82042
-6168
-71
30
-24
15
-14
-8
4
10
-11
183
-185
0
42
-36
-1
-3
3
8
-12
-1
0
2
-1
-2
4
2:0
-2
1
18
-17
173
-155
-21
47
172
-209
-10
0
3
138
-142
0
2
0
60
-58
-3
30
-26
14
-19
2:2
3
62
104
-145
15
-40
6293
-4452
-1829
0
-15
0
7
-1
0
-2
32
-34
-2
3
1
-4
17
-16
0
8
960
-963
0
-5
80
-64
40
-57
25702
-25690
-10
-2
2:0
96
70
-166
14
-5
100
-107
0
-2
952
-938
-7
25
-13
-10
-6
2098
-2092
-7
7
-7
-2
21
-16
-5
244
-242
232
-226
76869
-76869
5564
-5565
44
-46
96
866
-396
-566
88
-91
-1
0
7
-6
2
-3
31
-26
0
-6
0
1402
-1399
1
763
-762
856
-843
37
-54
-1
1
4
-3
152
-154
1
7
87
-17
-77
-1
9
21
635
-664
0
466
-355
17
-122
203
-204
2
-7
26
-17
-8
110
-109
4013
-3252
-742
-20
9344
-9161
3515
-2769
-929
321
-224
-89
-9
21
199
238
-426
13156
-13040
-149
36
-28
49
8511
-8566
2:-1
2:2
4
10
-9
0
-2
42
-49
0
2
5
-4
25578
-25581
4
16
-18
-1
5
16
156
-150
-26
2972
-2971
19
-15
0
52
-36
54
-61
-10
-3
62
-65
15
-13
3
17
1217
-1230
81
-39
-50
21
-18
1
8
-13
2
1
23
414
-400
-30
-7
0
-3
28
-15
144
-153
13
2
25
-39
-2
0
-2
32
-32
0
-1
7
-2
4
-9
4
21
-12
-9
-2
41
-35
3843
-3820
-1
26
-54
2
-4
528
-519
-9
88
-1
-78
-7
10
29
7383
-5037
-2355
125
-141
-15
0
86
-72
190
-203
14
125
-141
3
2
-3
185
-185
2:7
-15
129
117
-240
3
4501
-4505
67
-60
-13
5
-3
1
-1
35
95
-130
3
-4
0
25
-4
424
-444
0
27
17
-23
112
-94
-18
104
-121
0
19
1
3
-3
3:0
5
-5
1
58
-59
3:0
7
4
-9
5
-7
2:0
16
-16
1
-1
4:0
8
-7
-1
0
7
-6
-1
4:0
1
-1
3:0
2
-2
3:0
2:2
-4
3:0
2
-2
1
-1
4:0
1
-1
0
2
-2
8
-8
0
6
-6
0
1
-1
1
-1
0
2
1
-3
4
-4
7:0
1
0
-1
0
2
-2
0
2
-2
2:0
1
0
-1
3:0
7
-7
2:0
5
-5
0
3
-3
8:0
2
-2
0
1
-1
0
1
-1
2:0
3
0
-2
-1
2:0
2
-2
8:0
16
-16
3
-3
2
9
-10
1
-2
3:0
1
-1
5
2:1
-7
0
1
3
5
-8
-1
9
-9
18
-18
0
3
-1
4
-4
9
-11
0
1
-1
0
5
-5
0
1
-1
6
2:-3
1
-1
2
-2
4:0
1
20
-21
920
-865
-49
-6
2
0
-2
2:0
1
7
-6
-2
0
2:1
-1
1
-2
2
-2
0
2:1
0
-2
2:0
1
-1
2:0
8
-8
35
-27
-8
5
12
-4
-13
0
1
-1
3:0
1
6
-7
0
6
-6
6
-6
3
-2
-1
0
7
-7
2
-1
192
-121
-71
1
2:-1
3
-3
2:0
3
-3
0
1
0
-1
4:0
51
-50
0
-1
8
0
-5
-3
209
-205
-4
3:0
2
13
-15
2:0
9
-9
2:0
28
-28
0
3
2
-4
-1
60
-59
-1
0
2
-1
1
-1
0
9
-10
3
0
230
-230
34
-37
3
-2
38
41
-56
-24
7
-7
4:0
1
-1
3
-3
3:0
80
-80
3:0
63
-59
0
-4
3:0
1
14
-15
2:0
24
0
-24
2:0
1
16
-17
0
109
-101
-1
-7
7
-7
2:0
2
1
-3
8
-7
107
-106
0
-2
5
19
-11
-1
-12
1
7
-8
2:0
25
-14
-9
196
-191
-7
1
0
12
73
-86
5:0
9
-9
0
2:1
-2
0
1
-1
1
115
-116
0
5
-4
-1
1
7
-8
2
-1
275
-275
-1
2:0
4
-2
8
-10
2:1
0
-2
1
-1
1
0
60
-61
9
2
-11
3
-2
4
-3
0
-2
0
1
86
-87
4
-4
2:0
13
-12
48
-48
2
3:1
-6
2:0
4
-4
2:0
1
-1
1
-1
1
-1
4
-4
2:0
2:2
-2
2:-1
2:0
2
0
-2
0
2
0
-2
0
3
-2
139
-129
-11
9
-7
-2
0
22
-20
11
-13
7
-5
-2
3:0
46
-43
-2
0
-1
8
3
-10
0
204
-205
21
-19
-2
4:0
1
-1
0
1
-1
2:0
9
28
-37
2
3
0
-3
2:-1
13
-2
-11
0
3
end
