v1
650
530
54
7
168
470
52
89
50
48
8
18
283
306
381
42
129
57
56
7
43
118
374
41
81
46
165
59
258
295
5
135
17
9
414
152
321
332
62
122
11
271
101
76
258
105
130
5
220
25
16
147
359
67
70
24
194
51
156
1
53
345
21
135
7
24
51
7
30
91
46
277
24
146
87
96
80
86
72
12
110
63
79
86
110
178
368
17
27
173
180
86
24
116
0
139
7
13
121
272
38
16
2
72
23
381
212
151
70
9
126
160
53
69
10
4
43
176
160
68
597
19
148
5
63
469
40
95
87
7
187
121
235
240
165
4
7
205
66
123
106
151
18
16
157
416
46
131
111
221
73
104
300
181
27
24
5
4
8
16
23
32
25
0
18
12
2
11
13
6
25
46
0
5
20
1
110
16
1
110
8
73
9
12
54
8
59
6
58
65
3
35
30
26
1
6
11
14
39
74
118
85
63
226
65
8
78
95
120
94
131
195
219
110
304
10
39
116
77
69
138
54
121
47
94
85
101
41
198
61
0
146
5
267
144
27
248
37
163
136
10
5
33
83
70
44
185
41
309
165
34
20
175
808
301
76
17
367
56
69
40
2
24
42
302
75
18
32
325
3
516
73
44
277
12
21
47
179
6
208
19
38
69
2
5
8
115
32
40
104
54
125
63
33
14
712
182
2
412
3
37
175
34
99
58
8
43
74
12
6
46
56
23
168
29
22
16
100
54
47
61
127
20
88
153
59
5
23
104
89
5
151
106
194
61
44
14
81
51
21
196
1
34
88
4
31406
22
9
138
66
33
53
44
85
88
69
7
8
112
36
8
22
932
54
57
7
30
72
68
111
71
166
15
3
3357
2211
328
1553
3073
691
1376
7580
1098
2138
12405
3
393
397
2041
4099
2988
1797
432
2220
0
2
4
10
8075
0
2
5
2817
4
882
943
15
1533
1407
1523
3146
8
11
2
3
1
1427
17
3506
531
102775
16642
1
7741
73
4
9413
32421
22
33
0
134
113
12
8
72
17
5
16
55362
0
85
47
27
157
9
15
12
18
0
39
6
12
53
97
12
27
10
1
2
8
2:2
11
728
29
76
49
2
12869
8134
4271
3878
5152
7980
1060
1183
539
334
133
56
665
970
3
22
9
22
58
17
11
10
49
35
31
6
3
1
43
47
4
6
30302
10004
64
9
167
69
0
31
622
103
1
7
77
3
199
93
217
24
95
16
142
11
17
56
144
47
13
38
207
13
151
49
183
35
89
5
19
17
0
38
15007
1997
9735
2:1
143
20
72
43
35
-488395
464
170
733
1421
375
667
8
1521
922
1616
2401
368
17
81
385
1373
354
173
1146
226
13
62
457
1720
561
243
614
203
123
265
115
570
877
457
1590
868
1170
649
93
245
1124
437
1342
185
45
47
309
129
25
69
95
476
1214
10
237
167
537
576
207
425
1076
31902
253
1566
60
20250
16036
24889
4310
474
1523
3163
174517
55
5
157
14
87
14
85
55742
234
29
855
29248
13128
4941
41163
69
393
1251
172
258
166
116
53
14920
12079
158
1414848600
549:0
1
99:0
2
9
-1
32
-4
-32
122
-126
36
-38
4
-4
3604
-3533
-65
-4
297
581
-877
270
-266
-7
13
-6
-5
1
-1
26
-9
-19
0
84
-80
-2
151
-151
227
-220
-4
-1
54
-52
-4
139
-141
14
2
-14
0
27
-29
3
2:5
-9
-2
38
-22
-18
3
18
162
-151
3
1
-18
52
-65
-5
190
-19
-169
410
-392
-15
-2
13
-14
1925
-1867
-53
-5
8
5
-15
0
2
21
-21
11
-13
286
-286
2
0
112
114
-200
-26
339
-337
2:0
33
207
-241
611
-612
214
-216
2
276
-263
-11
-1
114
-110
-7
0
9
-7
4
-6
230
-210
-18
74
-50
-17
-2
13
113
-133
2
11
3
266
-278
237
-240
5
30
-31
49
-43
-9
1
9
2015
-1972
-52
-1
9
-11
15
3
-14
2:-2
32
95
-120
1
13
-6
-12
3
11
-2
2:-3
-1
2
26
-33
8
-7
81
-80
60
-48
307
-322
295
-220
-74
5
28
497
-528
2
-4
0
11
-14
7
16
-20
21
152
-173
-3
21
-19
53
-46
137
-48
-98
9
-5
3
180
-183
117236
-114749
-2349
-132
21
-16
20
31
-62
52
-21
-23
161
-136
-13
-1
23
-32
-10
4
-2
88
-88
-2
52
-48
-6
244
-243
31
-33
9
634
-634
-2
-4
-1
1
83
-38
-44
50
-52
3
-6
5
-1
5
-4
10738
-7957
-2783
46
-47
-2
0
1
3
49
-20
-29
-4
4
7
1352
-1345
-14
18
-20
82
12
-91
40998
-40992
-11
2
7
-7
0
520
-404
-118
695
-695
2
54
3
-20
-26
39
1469
-1508
-10
-3
3
-3
0
4
-2
81
-79
21
-2
97540
-97556
3364
-3369
1
61
-43
138
1935
-1283
-809
1
59
-58
9
-9
0
1
2:-1
46
-49
26
-15
1354
-1323
-39
9693
-9632
80
-142
-2
2:3
607
-613
135
-133
2:0
1060
-302
-664
27
-110
5
-8
-7
10
35
-42
562
-549
849
-625
-143
228
258
2675
-3196
-54
546
-393
-160
4
108
390
-493
-12
150
-114
16632
-16347
-199
-123
117
-7
7905
-8008
14
-14
2
10
-13
-6
12
-8
3
151
-156
-2
2
14
-12
28703
-28703
5
-5
0
17
-18
-3
21
-6
76
118
-192
22
4442
-4221
-214
-39
2
-9
5
1
84
-82
54
1270
-1329
21
-2
-3
-16
61
56
-111
-6
43
-32
-6
3078
-3040
-41
305
-310
40
-9
384
-411
21
-22
2
31
26
-57
13
-16
-2
2
43
-42
4
-1
3
9
-16
18
-15
3
-5
63
-51
-8
-3
15
-19
15
73
-84
98
-91
-11
29
-26
280
9150
-3063
-6364
157
-158
165
-158
-8
78
-80
176
-176
-2
68
-50
-13
262
-267
2
5
11
4
1430
-1166
-282
3
32
-30
-5
5320
-5243
-74
-7
15
-7
22
-24
-4
3
-5
8
30
34
-49
4
932
-885
-70
30
75
-78
-31
150
-95
75
-101
-28
10:0
-1
1
2:0
-1
1
13:0
-1
1
2:0
-1
1
11:0
-1
1
4:0
-1
1
4:0
-1
1
7:0
-1
1
-1
1
3:0
-1
1
9:0
-1
1
2:0
-1
1
6:0
-1
1
1
3:0
3
-3
0
2
0
-2
1
-1
74
-72
-2
0
10
-5
-4
5
-6
3:0
23
-23
2:0
7
-7
0
1
-1
0
10
-10
0
1
-1
1
4
-5
0
9
-9
2:0
1
-1
7
-7
2:0
1
-1
2
-2
1
-1
2:0
3
2:-1
1
0
-2
1
-1
13
-8
-5
2:1
-2
0
6
-6
2:0
1
-1
0
2
-2
2:0
1
-1
1
-1
1
-1
0
1
-1
2
-2
0
1
-1
3:0
3
-3
2:0
10
-10
0
8
-5
-3
0
5
-5
9:0
4
-4
0
2
-1
7
-8
0
2
2:-1
0
20
-20
0
5
-5
1
-1
2:0
1
2
22
-25
1
2
-3
0
3
-3
2:0
4
17
-20
0
5
-6
2:0
3
-3
4
5
0
-7
0
-1
1
-1
17
-18
21
-21
25
-25
0
7
-6
6
-5
7
-6
0
-3
0
1
-1
1
-1
0
2
8
-10
3:0
8
-7
6
-3
-4
1
0
-1
48
-46
1191
-1133
-49
-9
-1
2
0
5
-7
2
8
-8
-2
2
4
1
-5
-2
-1
5
-4
1
-2
0
15
-15
0
48
-48
15
-15
2
15
-3
-14
1
-1
1
10
-2
-8
4
-1
-3
-1
2:1
-2
1
341
-227
-114
1
-2
3:0
3
2
-5
3:0
2
74
-73
-2
9
-10
11
-9
-2
284
-283
-1
0
4
-4
0
22
-14
-8
22
-22
0
15
-4
-11
0
4
67
-69
-2
4:0
2
-2
16
-16
2
5
352
-357
56
-58
0
6
2
2:58
-104
-19
-1
5
-3
2
2:-2
0
1
-1
8
-8
2:0
134
-134
1
74
-66
4
-13
2:0
3
33
-36
43
-43
1
0
28
149
-171
6
-12
6
-7
0
2
3
-4
12
-4
132
-138
3
-1
27
-10
-4
-17
1
6
-5
-3
23
-12
-9
-2
3
-3
258
-245
-11
-2
24
0
111
-131
-2
2:0
5
-6
-1
1
-1
3
5
-8
2:0
1
0
164
-165
0
1
0
-1
3:0
5
10
-15
2
-1
422
-417
2:-2
0
-2
2:0
2
-1
4
84
-87
2:0
-2
1
31
-25
1
-8
0
4
0
106
-110
1
-1
0
31
-29
103
-105
10
-10
1
5
-4
6
-5
-3
2:0
4
-2
2:-1
2
3
-5
5
-5
2
-1
2:0
-1
1
0
1
0
-2
0
4
-3
-1
3
-3
1
194
-171
-23
7
-8
54
-51
-2
18
-19
16
-16
2:0
2
-2
68
-68
0
4
-4
4
20
-13
-11
0
2
2:-1
325
-309
-13
-3
1
2
-2
-1
3:0
1
19
-15
4
0
61
-70
3
4
0
-5
-2
3
14
-7
-6
-4
19:0
1
-1
0
1
-1
1
-1
2:0
1
-1
5:0
1
-1
1
-1
8:0
1
-1
2:0
1
-1
3:0
1
-1
7:0
1
-1
0
1
-1
6:0
1
-1
8:0
1
-1
5:0
1
-1
4:0
end
