v1
908
297
142
145
238
407
31
21
52
87
48
52
444
119
22
292
237
1
57
56
7
15
28
99
19
496
46
165
340
272
140
292
300
159
55
2:179
81
195
271
34
0
67
76
248
10
103
2
89
140
126
41
0
19
141
166
247
94
1
193
51
55
101
420
33
102
31
64
161
277
72
37
148
176
53
33
257
79
57
29
265
391
44
353
110
88
187
259
96
76
494
363
79
245
94
69
57
404
168
237
106
128
7
221
186
527
69
189
235
53
24
64
268
7
300
94
106
169
16
0
93
62
2
364
52
177
60
51
49
245
109
170
118
215
24
5
51
19
13
25
18
3
16
0
8
11
6
1
16
8
46
2
3
131
17
110
8
64
2:9
7
59
8
22
23
14
6
58
50
15
38
19
38
17
127
118
426
99
92
3
120
94
131
414
23
87
314
39
116
8
96
42
138
54
121
141
85
101
41
87
3
108
61
146
272
15
129
275
6
31
110
189
15
31
2
66
17
70
229
41
209
100
114
85
20
7
168
9
799
301
71
12
10
312
55
20
30
115
2
24
42
302
75
50
215
110
165
0
471
31
25
11
210
12
21
232
38
42
128
19
38
69
7
8
147
40
283
96
14
339
260
10
2
36
45
20
82
102
8
444
34
141
70
121
8
40
46
6
29
8
32
99
146
51
38
100
54
47
61
147
2
86
153
59
5
20
3
173
20
5
33
118
96
10
353
92
63
155
34
31498
22
9
12
31
116
45
33
53
2:7
30
85
88
4
72
25
95
36
8
22
986
166
68
111
71
166
15
3
47
1151
2159
2211
328
1553
3073
2067
10816
12405
793
830
4874
433
3
2988
925
872
1267
1382
3
2
14
8068
9
5
3703
958
2466
5144
7
11
1433
3523
103306
16642
1
7716
25
73
9417
28772
3646
25
26
7
88
46
92
21
20
89
5
16
54631
703
37
41
109
157
9
27
18
38
1
19
52
46
45
18
2
25
10
2
1
10
2
11
2
1
725
29
182
12814
8134
3093
10208
7980
575
485
1183
539
523
665
968
2
52
3
0
1
44
42
10
37
16
31
6
31
3
1
43
47
4
6
30302
10068
176
100
725
1
87
199
93
217
24
111
142
9
2
38
35
41
103
47
36
222
431
89
5
19
17
38
15027
11712
2:1
163
72
43
21
2
0
12
-488449
262
45
319
62
0
381
370
0
327
248
331
106
329
158
137
201
0
6
345
257
1
0
322
130
205
459
102
28
19
430
169
22
282
1
306
42
33
81
53
46
0
67
81
70
212
442
320
11
132
0
1
20
42
421
0
179
54
12
30
145
136
2:0
252
25
26
131
52
92
39
107
122
99
82
2:0
9
148
93
232
0
10
45
216
0
240
21
90
82
128
155
298
239
27
765
113
913
536
150
17
26
235
41
112
0
49
79
112
193
0
21
16
34
0
349
534
207
216
19
0
168
169
164
78
235
41
180
237
86
203
123
0
175
32
25
17
33
50
0
23
142
7
0
126
14
182
155
1
39
198
113
203
2
18
105
131
0
33
7
66
652
26
392
276
24
218
96
41
617
83
111
58
0
221
1
29
216
0
85
12
4
76
252
114
95
48
15
18
797
180
0
187
10
40
258
404
288
0
170
15
193
43
204
31
35
282
42
88
9
123
134
0
188
13
328
31
0
32
13
207
17
154
178
50
96
83
19
0
87
117
1
285
104
148
25
799
106
0
105
66
250
101
3
110
115
79
45
0
182
210
75
20
51
10
64
196
135
230
70
58
221
17
0
98
179
7
25
17
3
133
44
128
64
0
17
22
31
45
155
13
11
4
0
31475
44
164
125
32
0
108
65
36
37
0
70
982
135
90
29
175
281
0
272
6
7780
314
2430
357
3838
3794
0
2420
0
707
2931
3948
6960
2831
4086
2185
5271
0
8051
34
1
2813
14
1825
3466
4158
0
7
10
1445
1032
2518
494
11417
104456
1
5279
6038
0
22
23
0
41878
11
68
31
35
186
19
27
11010
44380
16
13
0
277
71
0
11
23
145
13
51
95
700
53
114
3451
14007
7753
3235
14588
1756
680
96
542
1054
2
6
25
20
51
71
0
23
76
0
87
40682
579
0
172
245
238
632
38
2
556
45
15234
11883
2
133
1414963200
499:0
1
407:0
8
2
5
102
-83
-23
27
-13
10
-11
-15
22
5415
-5439
36
-34
5
129
9844
-9979
14
80
-94
28
-26
4
-7
2
402
-361
605
-417
-221
1993
-1761
-234
301
-187
79
-198
-1
-3
4
6
146
-157
2
4
54
-59
51
-2
-49
35
-32
347
3011
-3323
-25
50
6
-69
648
-556
-72
-17
37
274
63
-372
11
276
-276
3
128
-138
561
219
-783
37
-42
32
-23
1
-2
481
-167
32
-349
26
-31
505
-503
254
-247
458
-432
7
-38
192
-195
38
277
-318
6
-2
60
-64
1
7
123
-123
4480
-4482
312
-316
159
-156
0
5
0
181
-125
-57
-4
14
297
-316
121
-106
-8
2:-3
-1
54
-43
-7
80
-81
159
1003
-1161
4
-7
50
-40
75
-84
180
-159
-17
2
9
118
-131
88
-35
-43
924
-927
-5
46
-37
-10
79
-83
79
-70
432
-432
-3
-6
25
-25
180
-166
-9
7
343
-20
-334
38
-31
-5
285
144081
-120290
-23728
-268
-22
28
-56
10
-33
203
-148
-11
621
-676
3
-2
93
-91
4
67
-47
2
-25
5
552
-392
-160
710
-285
-417
25
-22
24
778
-821
34
-22
-2
68
-54
-25
1
101
-16
-53
2
2:-16
6
97
-100
941
-928
342
-306
11762
-4938
-6694
-182
4
-3
5
-3
12
-17
17
42
-52
-1
2:2
5
1194
-1207
66
995
-1054
9
51841
-51859
1
2
197
-132
-63
-3
2:13
71
-68
-29
868
-860
83
-85
57
251
-292
2806
-2823
-8
1
18
-7
-9
1
0
1737
-1532
-148
20260
-20250
5508
-5556
-19
83
-69
341
1434
-1779
918
-923
-7
36
-36
11
0
145
-148
17
-23
3
1338
1460
-2675
59
6
-152
-40
18
33
-40
48
-58
388
-353
110
-149
27
-19
316
3202
-3356
261
-424
1346
-1345
220
-186
739
6
-740
-22
-9
8
2498
-490
821
-2834
275
218
626
-874
-262
0
62
46656
-46160
-554
3
-5
5
665
-334
-339
39
-35
420
-360
-35
-29
2
6
112961
-112874
-88
216
-207
301
-315
377
-337
4512
-4200
-346
484
-473
-12
883
-889
97
-37
-46
303
1892
-2205
3
0
38
124
-89
141
-194
61
-88
50
1752
-1803
9
-1
-7
74
775
-831
329
-345
891
-892
60
37
-82
259
-275
35
18
51
-99
0
25
6
-37
3
35
-2
0
-23
4
-4
5
-9
-7
2936
-2936
204
-204
-2
6
50
-54
53
14086
96957
-110978
44
-147
359
-358
234
-88
-71
-6
286
-359
-9
-2
4049
-3873
-176
206
-50
-157
0
7054
-7041
98
-79
-31
7
1
-1
8
501
-431
4385
-4467
8
625
-410
2291
-2497
233
-250
-2
-1
0
-5
0
-3
2:1
0
-2
2
0
-3
1
2
3:-1
1
2
0
1
-3
0
1
0
-1
1
-1
0
-1
1
0
1
2:-1
2:0
5
-4
1
0
3
-4
-1
2
1
0
-1
1
-2
3
-2
-1
2:0
3
-1
0
-2
0
-1
3:1
-1
0
2:-1
1
0
3
1
-3
-2
3:1
-2
2
-1
0
2
-4
5:0
2:1
0
-2
0
3
-2
4
-1
2:0
-3
3
0
-2
2
-1
-3
3
0
2
-3
2
-1
0
-2
0
1
-1
4
0
-4
0
1
2
-2
0
1
-3
2
-1
4
-4
0
-1
3
0
-3
1
3
-2
3:0
-1
2
0
-2
4
-5
3
-3
2
-2
2
3
-1
-4
0
1
2
0
-2
4
0
-4
0
1
2
-3
-1
1
2
-2
3
0
-2
0
2:-1
2
1
0
-2
2:0
3
-3
1
2:-1
5
2:-2
2
2:1
-3
1
3:-1
3
-1
2
-4
2
-1
0
1
-2
2
-2
4
0
-2
-1
0
3
0
-4
4:0
2:1
-2
3
2:-1
0
2:1
-2
-1
5
-5
1
2:0
1
0
-2
3
-3
4
-3
1
-1
0
-1
0
4
-2
-1
1
0
-2
1
0
3
-4
4
-4
2:1
-1
0
2
-1
1
-3
2
1
-2
3
-4
0
1
-1
1
-1
1
0
3
-4
3
2:-1
2:0
1
-1
4
-3
-2
2:1
2
-2
-1
2
-2
0
-1
0
2
0
-2
2:1
-2
4
-4
0
3
0
-3
5
-4
3
-2
3
-1
-2
-1
4
-2
2:0
1
2:-2
2
3
-5
2
-1
0
2
1
-3
2:1
-2
2
2:-1
2
0
2
3:-1
2
-4
3:1
-3
0
2
-1
2
2:0
-2
3
-3
-1
2:0
2
-1
0
3
-4
2
0
-1
1
-1
3:0
3
0
-4
1
-1
3
0
-2
1
2:0
-2
2:1
-1
3
-4
0
1
0
-1
2:0
2
2:-1
2
0
1
-2
6
-6
5
-5
5
1
-6
2
106
-108
2:1
-2
9
3
-12
15
-12
-3
0
1
35
-34
-2
10
-4
-6
9
-8
1
-1
0
-1
3
7
-8
0
-1
2
0
7
-10
0
2
2:1
3
0
-7
2:0
3
-2
-1
0
4
-4
1
3
-4
2:1
-2
19
-1
-17
2
16
-17
-2
8
-4
-1
0
-2
-1
4
-1
1
-1
-3
22
-21
-1
3
0
-3
15
-15
11
-10
3
-4
0
2
0
2:-1
6
-6
2:0
1
2
-2
2
-3
5
1
-6
48
-48
13
-12
0
2
-3
1
-1
2:0
2:2
-3
67
-66
-2
2:1
-2
10
-9
-1
24
-24
9
-9
3
0
-3
9
-1
-8
1
9
10
-18
6
-8
22
-22
34
-34
3
32
-35
0
7
-7
1
3
-4
6
-6
16
-14
1
-3
4
2
7
-13
2
-2
7
1
-7
6
-4
-3
54
1717
-1674
-72
-25
9
-8
8
-3
-1
4
7
-11
0
-4
2:0
23
-20
-3
15
-8
-4
1
2
-5
16
-13
-3
72
-74
3
11
-3
21
-32
19
-16
1
-1
-3
2:0
17
2
-19
4
0
-3
3
-4
2
1
6
-3
-5
533
-424
-103
-6
0
-1
0
6
-6
2:0
5
-5
3
5
-8
8
42
-45
-2
30
-28
-4
422
-420
-2
-1
30
-28
-2
2:1
-2
4
6
-10
67
-66
14
-14
13
2:-6
169
-171
2:0
1
3
-4
1
3
36
-36
17
630
-632
93
-110
-2
12
1
134
26
-170
42
-45
7
-2
-4
2
-1
1
0
7
-7
2
224
-68
-147
7
-21
4
-4
3:1
-3
0
64
-61
53
-55
3
-4
50
225
-256
4
-19
8
-11
11
-4
169
-170
-2
-1
-4
4
56
-35
1
-24
18
31
-16
-28
-6
1
-2
415
-407
3
-8
-1
-2
34
183
-216
0
5
-2
-1
-3
4
-4
3
188
-188
0
6
3
8
-20
0
10
798
-808
2
15
-16
3
-4
2
-1
3
0
3
137
-140
2:-2
3
34
-4
-22
-2
-7
8
-6
127
-130
0
-1
0
45
-44
2
127
-127
9
-10
7
1
-8
4
10
-10
-6
7
-3
2:-1
6
-8
0
6
0
-5
6
1
-7
-1
2:0
6
-5
3
-4
0
1
10
-10
4
345
-187
-160
9
-6
125
-127
52
-25
-31
3
147
-147
-1
1
39
-26
-15
12
-13
2
-2
435
-433
39
-33
-7
7
-5
1
12
-6
9
56
-74
5
18
-18
14
-8
10
-22
1
0
1
0
-2
2:0
1
0
-1
23:0
1
-1
0
1
-1
1
-1
1
-1
9:0
2
2:0
-2
2:0
1
0
-1
10:0
1
-1
5:0
1
2:0
-1
16:0
1
0
1
-2
1
-1
11:0
1
-1
2:0
3
-3
10:0
1
-1
0
1
-1
0
1
-1
7:0
1
-1
1
2:0
-1
1
-1
0
6
-6
6:0
2:1
-2
2:0
3
-3
2:0
1
3:0
-1
3:0
1
-1
10:0
2
-2
4:0
2
-2
4:0
1
-1
5:0
3
-3
16:0
1
-1
1
0
-1
2:0
3
-3
8:0
3
-3
5:0
2
-2
5:0
1
-1
3:0
1
-1
4:0
1
-1
0
1
0
-1
2:0
2
-2
4:0
1
-1
4:0
1
-1
0
1
-1
25:0
2
-2
4:0
1
2
-3
2
-2
2:0
2:1
-2
6:0
1
3
-4
5:0
2:1
-2
0
2
-2
7:0
4
-4
2:0
1
-1
6:0
3
-3
1
-1
6:0
1
0
1
-2
20:0
1
0
end
