v1
544
252
283
49
82
66
0
11
76
410
31
21
187
496
119
188
193
228
19
37
22
28
99
515
46
493
12
49
128
39
56
166
360
206
159
0
32
130
178
154
62
133
271
34
295
106
83
111
21
0
1
118
126
41
0
218
95
193
0
67
95
5
239
156
140
357
65
0
42
207
277
109
140
8
176
86
21
236
275
178
202
101
179
103
0
290
275
297
96
38
16
478
387
55
272
47
10
0
10
69
57
31
435
0
331
12
64
0
42
75
53
7
123
500
167
281
7
0
1
113
235
77
332
2
5
118
276
106
169
109
201
82
485
294
59
199
139
228
2
14
12
0
33
6
32
47
1
33
23
0
8
46
2
134
13
4
118
82
1
73
59
6
58
35
26
4
95
115
29
0
118
74
145
220
8
133
40
120
385
254
50
2
58
304
10
33
6
116
104
13
167
54
262
85
101
239
58
149
5
38
229
0
15
116
13
275
6
31
0
21
119
131
28
10
5
33
66
17
70
229
41
309
114
0
43
8
34
0
195
9
181
348
174
96
301
71
5
17
176
136
55
24
26
6
109
2
24
344
75
265
110
3
132
260
78
119
0
44
0
48
208
21
63
116
86
8
72
53
37
3:19
105
2
7
8
147
317
116
447
245
97
107
415
37
34
130
11
70
63
58
8
11
0
32
78
336
38
100
54
35
0
12
61
35
0
60
52
2
86
115
38
64
9
14
2:99
0
205
52
121
73
204
54
14
7
18
17
98
15
42
34
91
31400
7
22
9
204
55
31
44
85
88
142
54
36
2:4
22
12
0
920
135
85
179
71
43
123
15
3
41
3316
2211
324
1
3
1553
663
2410
691
1376
4243
3337
1098
2138
2650
2798
5374
1583
3
0
6930
2172
816
4449
2
4
8085
2
22
2804
1825
15
7
2459
5158
4
5
1
121354
3544
1
7741
26
0
47
9417
28772
3649
18
0
4
21
15
8
0
109
10
0
44
73
20
0
53
19
17
2:5
11010
25036
19377
109
157
7
0
2
27
18
10
28
1
6
12
20
33
109
4
23
10
3:1
10
2
11
2
726
29
196
3445
17489
3093
5056
5152
7980
978
0
38
44
1183
873
189
665
968
2
3
0
2:11
31
86
10
39
6
4
35
9
28
3
1
43
42
5
4
6
30302
9709
77
218
64
176
15
0
54
514
243
7
6
74
199
93
15
202
24
267
70
41
61
42
47
13
0
42
30
173
188
229
14
0
53
4
37
19
17
38
15007
11733
1
163
12
89
14
28
7
55
1415799000
543:0
15
-12
1
-2
2
0
5792
-5795
71
-67
-2
0
-3
2731
-2729
7
16
-8
120
-76
-21
-39
4
-3
7
-7
-1
2:0
11
-9
-2
101
-99
-3
2
14
-15
186
-186
1
708
-709
9
-10
4
3
-3
0
8
-11
1
67
-4
-51
123
-136
-1
70
-61
-8
24
-21
-2
1
-1
0
3
410
-408
-3
4
7
-15
20
-19
14
-13
0
1
2:-1
1
0
20
116
-117
-19
12
-12
20
-21
143
-137
-7
2:0
165
-149
51
-33
-32
0
5
186
-188
-3
-2
63
-62
7
-7
3
41
-45
2:0
3
9
-12
5
-3
1
2:-1
67
-67
-1
2:1
18
27
-14
162
-190
83
-85
0
4
-7
0
5
-5
8
0
-7
7
-6
0
112
-107
-6
2
299
-251
-32
360
-378
49
-49
7
6
-12
-1
413
-407
-4
-1
0
34
-32
-3
-1
83
-77
45
-32
-14
3
-8
3
213
-211
67968
-67768
3440
-3556
-88
-1
10
31
18
-51
-8
1
73
-55
-17
3:0
80
-79
7
13
-20
0
2
-5
6
-2
36
-36
-4
75
-32
33
274
-335
837
-845
-5
0
3
-4
-1
0
8
-7
-1
1
4
107
-77
30
-64
20
-9
-3
27
-34
0
12
3
-16
-1
6096
-3422
-2670
19
-22
-1
1
0
-1
2:0
2
1
2
35
-37
4
25
-31
2
3
-6
0
475
-472
-3
131
-111
59
50918
-50995
85
-84
-2
0
190
-191
25
221
-245
12
57
-68
14
1604
-1615
-1
86
-90
9
-6
2
10318
-10321
0
3
2451
-2452
0
7
-3
34
237
-136
-116
1678
-1703
700
-695
56
9
-67
13
-18
1
11
-11
8
-9
2
1
-3
1
0
149
-147
8
3303
-3295
68
-87
40
-36
148
-152
81
-79
40
808
-786
-18
293
-339
0
12
-10
18
34
-25
-29
708
-706
10
-11
96
-86
-6
-4
142
-68
-72
-2
4
5
-5
-1
10
600
2708
-3314
-8
422
-422
0
1
0
238
-22
-188
-23
-3
2
0
-4
0
273
-274
1
0
36359
-36306
-48
-6
13
11
209
-233
0
18
2900
-2916
193
-193
0
5709
-5709
2:-1
0
2:1
-2
5
-3
2
0
7
-11
33
863
-895
-1
1
2:7
35
-50
0
8
25
-30
2:-1
4665
-4626
-35
2:2
8
-17
11
12
-21
6
624
-631
37
-29
-9
9
3
-6
-4
8
-2
9
-14
26
-26
-3
9
-7
27
-27
19
-10
-1
12
-22
1
5
34
-33
115
-99
-22
2:1
6
-2
1904
15627
-12182
-5352
-2
13
7
69
-35
-55
66
-25
-10
-21
-6
-5
2:1
142
-134
113
-118
83
-78
6798
-6451
-345
20
1164
-1181
-2
25
-37
-1
0
12
128
-138
57
-57
2
4
-8
625
-624
95
-90
351
-200
-71
-46
-24
-16
0
71
-45
-19
2408
1
5:0
2
-2
3
-2
-1
2:0
54
-54
0
5
-5
2
6
-7
-1
0
14
-14
4:0
1
-1
0
6
-6
3:0
1
-1
2:0
1
-1
1
0
-1
6:0
10
0
-10
3:0
4
-4
0
2
-2
2:0
2
0
-2
12
-12
2:0
2
-2
4
-4
2
-2
1
-1
4:0
3
-1
-2
0
1
-1
2
-2
7
-7
3:0
5
-3
2:-1
4:0
1
0
-1
2:0
1
-1
0
5
-4
-1
2:0
1
-1
0
2
-2
2:0
14
-14
4:0
1
24
-23
-2
8:0
4
-4
0
1
-1
0
7
-1
-6
1
15
-7
-1
12
-20
3
-2
8
-7
-2
0
13
-12
-1
2:0
2
0
-2
0
7
-7
2
-2
0
1
-1
0
41
-40
860
-859
63
-58
-7
0
5
1
-3
1
-4
2:0
5
-5
3:0
5
-5
1
4:0
-1
0
1
6
-6
-1
27
-27
0
4
0
8
-8
-3
0
-1
8:0
7
2
-7
-2
2
2:-1
2
-2
2:1
2:-1
0
191
-103
-88
5
-5
5:0
1
0
-1
0
3
-3
0
3
-3
1
0
-1
0
56
-56
0
11
-4
-6
253
-254
17
-17
1
-1
20
-20
7
-6
-1
3
-3
0
1
53
-54
0
3
-3
6
-6
2
301
-302
0
-1
47
-47
0
1
0
2:1
-3
6
116
-122
13
-13
3
0
-3
2
-2
0
1
-1
1
-1
1
0
-1
0
1
50
-50
-1
87
-86
8
-9
1
0
15
-16
23
-22
12
98
-111
3
5
-8
0
1
-1
4
2
-2
-4
54
-54
3
-3
1
5
-6
0
7
6
-13
2:0
2
-2
1
-1
19
84
-103
0
12
-12
3:0
6
13
-4
-14
0
1
-2
2:0
4
-4
1
-1
145
-143
0
-2
4
-1
-3
2:0
2
167
-169
9
-9
0
6
-6
4:0
5
0
-5
3:0
1
-1
2
57
-59
2:0
2
7
-2
-7
0
3
-2
0
-1
0
21
-21
3
-3
0
7
-7
1
7
-6
-2
5
-5
6
-5
-1
7
-7
2
-2
1
-1
2:0
9
-9
3:0
4
-2
1
3:-1
3:0
1
-1
3
-3
3:0
2:1
181
21
-99
-105
0
1
-1
20
-19
-1
1
0
11
-7
-5
3:0
31
-31
0
2
-2
2
37
-24
-14
-1
166
-165
0
13
-12
-2
2:0
19
-19
5:0
2
-1
7
-1
18
-25
8
-7
-1
2:0
11
-10
1
6
end
