v1
485
252
65
426
381
105
239
496
119
508
43
1
57
56
22
28
118
496
46
165
328
12
49
223
140
592
159
132
30
332
186
9
160
111
936
0
160
153
260
0
495
555
31
58
6
161
277
109
61
87
176
0
86
21
173
63
79
57
36
196
242
993
110
164
157
16
478
363
25
54
272
0
67
69
57
104
0
705
173
8
53
7
0
319
8
0
94
202
42
125
254
27
121
189
170
61
124
102
5
394
275
392
354
131
44
242
8
59
19
31
288
188
56
45
38
0
40
3
25
44
51
144
122
2
80
74
65
123
75
20
17
203
42
0
74
373
85
208
94
545
110
304
0
10
33
1
5
116
220
118
262
85
0
229
169
3
433
129
0
452
159
48
382
41
309
114
280
308
500
301
93
176
136
55
56
111
181
138
49
75
50
47
168
110
125
511
48
229
33
232
27
2:53
37
38
126
7
8
147
11
29
2
275
102
14
339
108
245
20
184
415
37
175
70
129
11
446
38
100
54
108
95
54
86
153
59
5
23
198
205
246
103
101
47
63
155
34
31491
2
5
22
0
9
12
31
247
44
257
112
8
28
4
26
932
135
85
179
71
166
15
50
0
281
3029
2211
2
326
1553
663
2410
2067
4243
4435
2138
2650
8172
1200
383
793
6127
3001
925
2139
1385
2
8082
9
22
3686
943
15
2466
0
5160
2
5
1
1414
123484
1
7741
73
9417
32421
22
207
73
20
89
5
16
36035
19327
50
109
157
9
27
57
6
32
142
27
10
2
0
1
12
11
2
13751
5837
2297
3093
10208
7980
575
238
1430
454
85
334
189
665
436
532
2
3
2:11
3
6
22
86
10
49
44
28
3
1
90
4
6
30302
9786
282
191
85
600
126
13
381
170
32
24
201
66
70
41
61
42
132
661
32
5
19
17
28
10
14905
84
18
20
11713
1
163
115
28
7
0
55
-487440
1592
2475
306
663
97
11
1610
772
637
229
207
689
875
88
297
337
1899
2879
574
1539
62
176
144
199
14
75
129
240
252
315
7
302
898
685
327
300
151
97
217
718
969
1387
568
516
596
366
683
38
688
908
1234
1019
7
31
6
339
176
32133
215
230
98
1020
631
11170
24214
386
10843
11615
2814
9471
174634
56098
1010
43
18819
28520
32
205
123
40321
1153
1074
15851
1997
1415788800
399:0
1
84:0
4
19
-16
-4
21
-8
-13
2389
-2349
0
-35
258
-69
-188
6
-7
24
-30
18
-15
-3
0
2:5
80
-91
21
-12
151
-155
0
159
8
-162
3
-13
200
-152
0
-19
-28
11
391
-347
274
-328
31
-5
12
-39
2
23
-26
34
-20
235
-153
-79
-3
-7
488
-495
0
142
-142
10
21
-26
55
-57
0
130
-125
8
-13
0
166
-165
52
-56
3
0
-1
1
0
16
-18
3
28
-25
-4
40
-39
102
-102
-4
1
162
-119
-36
9
110
-109
-11
-6
41
43
-82
15
-4
-13
22
-13
-5
6
54
-56
30
100
-20
52
-136
-35
218
-72
-145
100
-101
3
4
-7
46
0
-45
24
-25
17
-17
0
138
-135
0
57017
-56764
-255
2426
-2369
-57
19
-7
-9
-1
1
-1
-3
30
-27
1
4
23
102
-120
471
-478
-1
-4
-1
83
-56
10
-31
-1
-3
11
-8
23
-26
1149
467
-1610
-8
0
23
-17
-4
-2
19
-14
-5
5
4
-3
-5
414
-162
-231
42
18680
-18743
0
1
-2
0
94
-89
-4
19
21
930
-917
0
-49
45
616
-658
0
-3
11
8615
-5944
-2685
42
218
-230
56
915
-296
-696
57
-66
-2
6
13
-10
-5
128
-127
-4
467
-458
0
15
-20
2:1
213
-219
40
-41
670
-563
215
-311
-9
16
27
-29
64
-23
-54
-1
0
97
-72
-25
82
-54
-9
-14
57
-63
50
105
2603
-2759
0
371
-360
-2
130
-139
0
17
0
-11
-4
-1
20
-20
145
-143
2:-1
23546
-23532
-7
-6
10
24
205
-230
1307
-1278
316
-351
-3
0
12
871
-883
-2
1
4
-4
6
-1
7
6177
-6149
-36
0
-2
15
-17
4
-2
6
10
-17
5
-7
1
11
-3
-4
770
-774
19
-16
-1
-2
11
-11
3
8
18
-22
-5
2
-5
1
7
62
-63
-5
5
3391
12562
-11725
-4211
-17
155
-125
40
-38
-31
-4
-3
124
-106
4285
-4297
110
-86
-29
39
626
-653
2:6
270
-286
-5
-1
15
-13
-5
168
-169
6
-6
2
74
-31
131
-124
12
-52
-5
2276
-2284
5:0
1
2:0
-1
1
0
-1
0
1
2:0
-1
1
-1
0
1
-1
0
1
-1
0
1
2:0
-1
1
2:0
-1
0
1
-1
6:0
1
-1
1
-1
1
0
-1
6:0
1
-1
0
1
-1
3:0
1
-1
1
0
-1
2:0
1
-1
1
0
-1
1
-1
1
-1
2:0
1
0
1
3:0
1
-1
0
58
-58
2:0
8
-3
2:-2
-1
0
7
-6
-1
2:0
1
-1
5
-5
6:0
3
2:0
-3
0
2
2:0
-2
3
-3
0
7
-7
1
-1
2
-2
0
3
-3
0
1
0
-1
0
1
-1
3
-3
3:0
1
-1
0
6
-6
0
3
-1
0
-2
5:0
2
0
-2
3:0
1
-1
4
-3
0
-1
5:0
2
7
-9
2:0
1
-1
0
19
-19
0
2
-2
1
2:0
2
1
-4
3
-3
5
-4
15
-10
-6
16
-12
-1
1
-4
2:1
-2
4
0
-4
3
-3
1
0
-1
22
-20
0
575
-574
-3
54
-43
-11
3
-3
5:0
6
-6
2:0
8
6
-11
5
-4
-3
2:0
4
2
-4
-3
0
5
-5
2
-2
0
100
-54
-45
-1
0
4
-4
2:0
3
-2
0
-1
1
-1
0
40
-32
-2
-5
170
-171
2
-2
2:0
15
-15
0
2
0
18
-19
8
-8
-1
38
-38
4
-2
2
213
-179
-38
0
4
1
2:39
-72
-10
1
-2
0
1
-1
3
-2
21
-22
0
24
-23
0
1
-2
2
-1
16
-17
10
-10
74
-74
12
-11
-1
3
4
-4
26
-25
-4
2:0
3
0
-3
6
-1
-5
2:1
-2
0
19
73
-92
0
7
-6
-1
7
-6
-1
15
-5
-10
2
-2
1
-1
1
-1
2:0
99
-98
1
-2
3
6
-9
3
161
-162
2
-4
1
-1
0
45
-45
2:0
1
2
-2
2
-3
22
-22
0
5
-5
8
-8
0
2
1
-2
-1
3:0
2
-1
2:2
-5
3
-3
0
2:1
2:-1
0
1
0
-1
0
2:1
-1
0
-1
2:0
191
-20
-76
-93
-2
23
-22
0
10
-11
2:0
24
-24
37
-37
11
-8
-3
0
78
-76
-1
5
7
-13
0
2:1
2:-1
18
-18
3:0
4
-3
5
-2
-3
2
-1
9
-11
31:0
1
-1
14:0
1
-1
17:0
1
-1
3:0
1
3
-4
2:0
2
-2
5:0
1
end
