v1
683
252
0
45
20
157
269
303
183
191
14
34
615
79
235
67
228
19
37
7
15
28
99
19
0
221
275
46
165
33
307
251
21
666
66
159
136
26
332
195
271
329
0
106
83
133
137
107
41
326
247
69
209
116
37
118
366
142
82
148
19
277
109
148
76
186
194
63
136
29
110
93
85
157
45
210
353
110
34
70
171
297
22
112
16
97
4
264
113
58
384
126
146
67
66
3
57
915
501
55
369
87
126
68
7
14
7
61
32
235
141
275
118
7
173
2
94
275
16
212
291
247
111
117
177
109
25
478
29
12
33
6
17
15
25
18
19
7
12
23
8
46
5
14
117
17
118
2
80
12
62
59
6
58
65
3
35
19
38
17
203
50
77
118
0
171
65
8
129
44
120
94
131
281
2:243
71
33
6
116
104
42
138
54
121
141
85
101
41
256
3
146
272
15
129
79
196
6
31
163
136
10
5
31
2
66
69
18
242
28
309
158
61
225
758
301
76
193
19
172
50
6
66
43
26
213
42
89
75
18
32
165
50
110
407
229
2:48
181
33
47
45
84
56
46
34
128
19
38
69
7
8
147
11
29
158
125
110
339
108
200
45
20
184
255
157
40
175
133
58
8
43
74
12
26
178
0
124
38
100
54
106
2
147
88
153
59
5
20
3
198
151
54
52
194
119
35
50
47
63
155
34
91
31407
22
213
59
27
2
42
173
4
34
38
120
36
8
22
986
57
109
68
111
71
166
15
3
43
3314
2211
328
1553
3073
2067
2464
1779
3337
1098
2138
2650
9755
3
790
830
1664
5815
819
3064
1385
2
14
8068
7
2:1
5
2807
14
882
958
1533
933
0
474
4670
7
11
5
1
1427
17
106812
13098
1
3543
1
1735
5981
25
73
9417
32379
32
10
22
42
59
52
10
105
13
40
51
17
5
16
55362
50
35
74
0
70
87
9
27
18
0
34
5
18
53
93
16
27
10
1
2
11
1
11
2
1
725
7
36
6
12976
11227
4413
643
5152
7980
575
238
247
1183
873
133
56
0
665
968
5
14
20
19
86
94
9
28
3
1
35
55
9
1
30302
10068
176
15
85
726
87
196
96
15
202
24
111
0
4
138
11
73
41
103
98
34
173
431
57
32
4
1
19
17
38
16
14789
202
1997
9735
2:1
163
72
0
29
14
28
7
-488200
294
435
172
759
1395
99
223
13
658
23
17
1004
171
68
47
829
344
33
640
961
110
95
470
86
32
229
215
393
90
501
241
83
496
175
171
818
849
91
207
62
627
32
33
10
912
607
147
4
38
478
679
465
265
507
226
214
23
102
40
36
71
52
37
20
61
215
54
392
0
560
326
96
331
250
839
113
194
348
626
320
2:185
502
47
152
43
459
2345
68
155
164
587
481
11
71
31
1099
331
241
347
79
37
12
293
256
65
4
131
541
44
320
20
116
75
38
2
31
145
32
60
33
31615
156
9
72
116
23
172
1228
17
449
1268
8621
32488
436
7443
10909
5295
4175
4958
160424
8152
1022
36
158
110
13
61
128
55488
32
94
1064
36
46
136
3445
17489
8150
7155
8758
477
1706
9
21
45
153
105
0
40056
383
419
290
139
111
39
319
283
513
560
148
27185
1415538600
499:0
1
182:0
4
2:0
61
-63
4561
-4537
-19
-5
4
8
2927
-2938
31
-17
280
-288
4077
-4062
-12
22
-29
16
0
-19
1
-1
55
-49
2
276
-250
-34
138
-22
-87
-25
162
-157
33
-38
-2
7
-3
74
612
-689
11
-3
-10
1
9
53
-64
1
311
-299
342
-348
451
-438
36
-49
-7
26
-25
16
32
-49
5
22
-25
2
-3
9
-9
3
-1
6
263
-263
-9
12
5
-14
7
-10
11
-10
224
-182
-42
243
-238
15
77
-93
-5
6
43
-34
-14
3
-4
92
-54
-14
140
-163
11
232
-241
1
2:-2
296
-296
472
-471
-1
9
611
-617
85
-88
0
3
20
-20
4
137
-140
18
-19
17
-11
-7
1
0
45
-39
-6
-1
14
60
-43
-33
573
-540
27
-51
-1
18
879
-844
-54
3
-5
9
-11
23
15
-39
0
12
119
-7
-125
31
-11
-21
9
-8
5439
-5440
130787
-130771
9714
-9638
-79
10
-20
10
-4
3
-5
-6
-1
99
-75
-12
-7
1
-5
2
56
-56
1
10
68
-75
-7
85
68
-151
-1
74
-69
566
-571
0
32
-33
58
22
-79
10
591
-599
-2
4
18
78
-101
5
-5
11504
-7696
-3807
8
-6
-1
13
3
-13
5
-6
44
-47
7
-6
5
-4
-3
4
895
-898
2
134
-109
81
53188
-53295
4
-6
10
83
-88
-4
51
-28
17
767
-801
-1
43
-23
-14
2
2426
-2432
2
-7
1
-2
0
3
-1
12
15013
-15026
1542
-1544
46
-8
77
2729
-2844
451
-166
-274
2:-5
1
-3
1
4
-1
31
-18
774
-791
1924
-1880
-39
74
-78
13
699
-666
-45
1
6
127
722
-846
578
-586
-2
16
-10
47
-51
363
-263
-69
-30
23
53
232
-256
-53
64
-55
-10
3
18
1126
11504
-11881
-760
6
-12
-2
-5
185
-182
41
4
-48
3
30
-12
-6
-8
-7
1
4794
-4618
-173
-2
0
-1
120
-115
35004
-35000
-2
-7
16
-16
5
-5
11
114
-123
-2
255
-223
5693
-5726
4
2:76
-153
-2
2
3
-6
1
35
-35
26
648
-671
51
-32
-2
58
5
-84
80
-76
53
-56
1
-1
157
-148
9
-18
59
-50
44
412
-460
356
-303
-23
-13
-18
-2
-3
0
12
-7
-4
4
-3
13
36
-22
-26
-2
41
-39
-3
92
-15
-74
29
1372
-1398
-5
14
97
-103
1
3157
6023
9682
-18787
-61
-16
139
-145
76
-48
-23
10
151
-161
-2
1
503
-334
-166
-8
2
24
2
-20
3711
-3707
32
-33
149
-152
2:-2
6
2:7
52
-55
1305
-1306
-21
140
-140
8
76
8
155
-163
-4
-79
111
267
-372
-8
-1
1
2:0
-1
2
0
-2
2:0
1
-1
2
-1
0
-1
0
1
2:0
-1
2:1
-2
2:1
-2
2
-1
0
-1
2:0
2:1
2:-1
0
1
-1
0
1
2:0
1
-2
0
1
-1
2:1
-1
0
1
-1
0
-1
2:0
1
-1
1
0
-1
1
-1
2
-1
0
1
-1
3:0
-1
4:0
1
0
-1
0
1
-1
1
2:0
-1
1
0
1
-1
0
-1
0
2
-2
0
1
-1
1
-1
0
2
0
-2
2:1
-2
1
2:0
1
-2
0
1
0
-1
0
1
0
-1
1
0
1
2:-1
1
-1
0
1
-1
5:0
1
-1
2:0
1
-1
2
2:-1
1
-1
2:1
-2
2
0
2:-1
0
2:1
-2
6:0
1
2:0
-1
1
-1
1
0
-1
1
2:0
-1
1
2:0
1
0
1
-1
0
3
-3
1
-1
0
1
62
-63
2:1
8
-9
8
-7
10
-8
-3
1
0
-2
1
23
-22
-2
2:0
7
-7
7
-6
-1
1
-1
1
3:0
1
-2
1
-1
3
-2
-1
2:0
3
-3
2:0
8
-7
2
-3
16
-12
-4
1
-1
10
-10
4:0
2
2:-1
1
-1
3:0
1
8
-8
-1
2
-2
3:0
2
-2
12
-12
0
7
-7
3
2
-5
2:1
3
-5
4:0
1
-1
2
-2
2:1
-2
3:0
19
-19
1
0
-1
0
3
-2
29
-30
0
2:2
-4
1
4
-5
13
-13
3
-3
0
2
-2
6
2
-6
-2
9
1
3
-13
27
-27
9
-6
5
-6
12
-11
-2
1
-2
3
-3
0
1
3:0
1
7
-9
3
-1
2:0
-2
46
-46
1163
-1162
84
-72
-12
-1
2
2:0
-2
6
-5
-1
0
7
-4
-2
2
-1
-2
2
4
-4
-2
17
-17
2:0
43
-43
0
11
-10
17
-13
-5
1
-1
11
9
-19
0
-1
3
-3
1
-1
3
-2
0
-1
318
-199
-119
1
-1
1
2:0
1
2:-1
3
-2
-1
0
2
0
-2
3
51
-53
-1
5
3
-6
315
-317
4
-4
6
13
-19
2:0
10
-5
28
-32
-1
8
-4
-3
1
81
-80
-3
1
-1
4
0
2
-5
5
386
-392
56
-56
6
-1
52
70
-126
20
-18
-1
1
-3
1
0
-1
0
1
0
3
88
-92
97
-95
2:0
2
-4
24
-2
-22
0
3
14
137
-149
11
-12
-4
4
-2
8
-6
90
-94
7
-7
4
11
-4
3
-13
9
-10
0
1
-1
30
190
-209
-7
-3
-1
2:0
5
-5
25
10
-35
0
4
-4
8
-6
2:-1
8
-3
-5
1
0
-1
0
2
160
-162
1
0
-1
2:0
1
2
15
-17
-1
0
6
235
-241
0
5
1
-5
-1
0
10
-10
1
-1
1
2
70
-71
0
1
-2
29
-2
-28
9
-7
-2
2
0
-2
56
-54
4
-6
21
-19
24
-26
5
8
-7
-1
-2
-3
9
-9
0
2:1
-2
2:0
3
8
-10
1
-2
5
-2
-3
3
0
-1
0
1
-2
-1
1
3
-1
0
31
146
28
-208
1
0
22
-23
15
-2
-11
0
40
-40
-2
1
-1
22
-17
-5
2:0
3
-2
274
-273
22
-24
5
-2
-1
-2
1
-1
12
-3
-1
45
-53
0
2:1
0
4
-3
1
2
0
-6
12
-11
0
-1
5:0
24
-24
2:0
1
-1
32:0
1
-1
14:0
1
-1
8:0
2
-2
37:0
1
-1
3:0
1
-1
32:0
1
-1
2:0
1
-1
3:0
1
-1
5:0
2
-2
0
1
-1
7:0
1
-1
5:0
end
