v1
822
1468
615
551
1
57
56
168
1047
1004
295
302
56
466
22
413
194
22
285
535
38
869
181
533
257
262
221
36
79
57
1296
171
431
494
442
339
36
11
994
135
451
1392
394
147
128
1171
109
476
56
83
6
37
69
65
77
51
6
118
82
74
59
129
0
57
300
447
518
524
314
39
116
338
262
85
142
25
409
258
404
336
48
382
41
309
1202
301
53
598
344
75
375
913
473
57
69
15
147
40
393
339
557
452
245
121
8
495
154
47
61
235
153
59
5
23
198
257
353
344
31498
22
9
287
47
173
0
196
36
30
1331
71
166
15
50
5521
328
1553
5140
10816
2650
9755
9921
4449
2
12757
3449
4179
1433
123471
1
7741
73
4
9413
32421
22
389
2:5
55689
36
57
217
3
23
953
42215
2243
539
1624
532
144
34
60
37
3
1
90
10
39987
383
176
826
394
202
24
253
84
41
103
83
49
186
538
10
38
15027
11713
1
163
115
28
-488310
23
34
202
57
15
5
49
12
159
25
54
143
264
3
0
38
0
11
124
15
52
25
7
20
181
130
129
107
25
38
177
86
67
3
0
119
0
100
0
69
14
1
223
338
127
91
428
156
7
8
14
73
45
95
56
238
3
104
410
46
56
13
59
46
86
143
47
107
26
340
108
152
96
0
146
13
185
126
144
57
13
328
5
25
320
61
71
63
22
45
9
322
186
24
18
40
167
255
0
26
100
120
53
24
52
80
7
100
173
0
180
1
9
0
148
31
62
85
39
2:59
45
180
16
97
35
235
4
106
87
168
12
55
101
121
23
5
150
185
375
150
0
116
40
179
0
1
180
102
57
108
309
363
93
189
32
63
79
141
10
4
25
424
21
0
66
126
41
113
85
139
46
44
33
21
130
104
11
185
6
40
142
200
0
185
157
55
242
95
118
22
65
151
0
56
1
185
287
125
13
162
0
32
1
41
33
1
3
2
57
26
4
14
0
2:9
17
7
47
5
16
5
100
10
13
114
81
123
5
28
45
5
35
15
53
3
85
47
66
203
125
171
78
66
7
208
94
229
36
26
35
16
203
99
39
292
27
199
27
97
83
175
327
41
90
108
61
1
128
17
5
97
170
144
27
0
52
202
17
14
173
103
33
5
0
80
0
19
17
70
44
119
568
55
12
7
177
360
181
457
173
12
10
195
0
172
50
6
106
3
2
66
208
5
0
182
0
79
278
3
132
51
132
309
28
0
37
39
187
65
195
6
21
2:53
94
102
12
114
71
88
26
0
13
0
109
51
6
57
39
524
99
2
81
20
77
115
237
170
71
141
241
1
0
43
31
2:6
0
277
34
17
32
106
40
64
28
22
14
29
20
92
187
16
15
107
96
6
5
18
71
3
35
118
54
45
0
76
50
2
73
11
107
40
73
0
20
107
79
32
111
11
4
31
31381
37
31
39
3
119
4
29
53
0
14
77
38
69
95
21
66
48
29
952
2
54
0
57
7
17
13
72
68
172
194
56
3301
2213
1530
3422
9647
1
1097
0
3638
372
0
6
2325
5739
2466
790
5704
423
13
3913
872
2668
8077
5
11
2796
14
882
943
2471
10
985
1012
3147
0
7
9
8
16898
91358
13098
1
5279
5981
51
41
41841
21
0
2:15
127
10
91
26
20
72
38
54631
703
28
9
41
82
27
38
47
79
2
11
34
22
0
16
19
1
52
2
89
2
4
39
11
1
0
3
1
5
0
2
0
15
1
725
29
64
69
51
12812
5840
0
2294
4271
9030
7937
618
238
1756
0
502
178
56
665
969
1
2
1
0
4
1
6
11
9
19
2
1
44
12
0
14
71
48
75
38
4
9
30308
1513
8491
168
0
87
85
574
0
26
139
33
41
278
14
0
153
1
163
85
103
175
66
23
0
46
212
315
102
14
89
5
19
14856
88
11850
237
29
33
1415683200
199:0
1
621:0
49
2973
-2984
220
-93
1971
-2075
2:-8
22
127
48
-128
-53
27
-48
998
268
-1127
-137
42
192
-220
256
-177
-95
16
572
-585
694
-551
108
17
-216
-37
0
-18
12
6
-9
935
2:-465
23
-25
60
-74
45
-10
-9
77
20
-125
37
-16
1
119
219
-338
-15
91
1
445
-397
-145
3
147
71227
-63927
-7350
-100
169
-158
144
64
-220
58
3071
-2761
260
-530
-9
705
-699
14
-99
54
7378
-6533
-911
14
321
-329
142
108
25300
-25311
-86
-125
967
-993
22
-23
1291
-1212
7471
-7518
1862
-1632
-266
76
1677
-1511
-24
-181
-21
567
3314
-3764
-91
-44
90
4
7
-77
434
-60
-193
-204
209
703
-838
25
682
-779
2
827
18705
-18685
-843
120
-65
53
-77
14000
-14027
12
13
263
-275
-5
2037
-2053
626
-565
817
2867
-3661
-35
1923
-1919
-57
91
422
-448
-37
-23
72
2841
-2920
11
228
54736
-45931
2672
-9504
-1252
-959
1020
-962
426
1598
-1829
-22
-122
141
-227
1
235
-158
-101
84
-74
446
1525
-1736
-188
441
-324
-169
-39
2:1
-3
1
2
-3
-1
2
14
-16
3
12
10
-25
0
2
0
10
-9
2:-1
9
-2
-5
-1
8
-8
-1
2
-3
18
2:-8
4:0
-2
0
4
5
16
-25
15
-5
-7
-2
24
8
-29
-1
9
-11
9
-7
-1
6
-4
4
-6
20
-21
-1
6
21
-25
-1
5
3
-7
2
2:0
1
-3
1
26
-26
-3
14
-10
10
-12
1
9
-9
1
-3
10
-9
0
5
-4
15
-17
28
-6
-21
0
24
2:-13
5
-2
3
8
-11
-2
7
0
-7
0
1
0
16
-17
10
-10
3
2
-2
10
-11
3
4
-8
-2
17
-7
-9
1
3
-4
1
-2
16
-14
2
-3
-1
2
0
-2
25
-17
-1
17
-22
8
-4
-6
3
-3
3
0
3
-4
3
19
-22
-1
0
28
-25
0
-3
16
1
-6
-7
-4
16
-17
1
0
2
3
-3
0
2:1
0
-3
0
8
-7
-2
0
4
0
-4
1
-2
0
5
6
-8
6
7
16
-30
0
7
2:-1
2
-8
5
-3
16
-10
-7
-2
2:0
14
-12
-1
17
-18
2
11
-12
2
3
-1
5
-4
1
-5
-1
14
-13
-2
0
13
-3
-2
0
-7
1
0
8
2
-9
12
-12
8
-6
-1
-3
0
4
5
-3
-6
16
-17
20
-18
21
-8
-4
-6
-4
2
15
-17
2
6
0
-7
11
0
-13
0
2
1
0
22
-23
2:3
-4
0
-4
0
21
-1
-11
-9
7
0
-4
2
26
-26
-4
0
7
-7
13
1
-7
0
20
-27
17
-12
6
-8
16
-19
1
0
6
0
-2
26
-30
2
-3
3
-2
2
0
2
8
-13
2:2
3
-8
15
-9
-3
5
4
-12
17
-15
-2
3:0
2:2
1
-2
9
-9
4
10
-4
13
-24
-1
1
4
-5
4
-4
13
0
-11
2
-3
7
-1
-7
7
-4
-1
26
-28
2:0
-1
19
-3
15
-6
-23
1
0
9
20
-25
-2
-3
29
-26
2
23
-18
-8
0
7
-11
3
-2
-1
9
-8
4
-1
28
-31
1
15
-16
28
-28
1
0
4
7
-8
-4
2:1
7
-10
0
1
0
5
-1
-2
3
-1
-2
25
-27
3
4
-1
-7
1
-1
33
-1
-26
-1
16
-20
24
-19
-5
10
-9
3
9
0
-13
-1
0
3
-3
2
0
1
-1
7
-7
0
-1
10
-8
4
-5
3
-2
23
-14
-7
15
-18
-1
13
-1
-2
20
-18
2:-2
-3
-5
6
16
-18
2:-2
7
0
-6
-2
9
-5
-2
12
-7
-5
13
18
-3
-22
-7
15
-15
12
-11
-2
9
8
-13
-1
-3
0
17
-7
-9
13
-11
-2
1
0
31
-33
7
2
-9
1
6
-3
9
1
6
-7
-5
-2
-4
-1
1
9
-7
-1
9
-11
4
-5
8
10
-14
0
5
-9
33
-22
-9
19
4
-10
-1
-12
0
1
30
-31
2
-1
23
-23
-3
0
3
1
10
-11
-3
0
15
1
-15
8
5
0
-10
11
-15
0
5
9
-8
-6
1
0
2
-2
16
2:-7
8
1
2:-5
0
7
-7
7
-6
-2
4
-1
6
-7
1
2
-3
3
-5
7
90
-94
0
12
1
-10
-3
2
-3
0
-1
9
-9
3
-3
2
27
-29
9
-9
2
7
-1
1
-9
7
-5
1
-3
11
-6
-2
5
2
-9
-1
4
0
-4
13
12
-25
6
32
-36
0
6
21
-29
3
10
-11
-1
0
5
9
13
-21
-4
4
1
-7
11
-7
3
38
1367
-1312
-83
-13
-2
3
-5
0
-1
7
-4
23
72
-87
3
-14
15
-1
-14
3
294
-254
-36
-1
36
-40
16
-17
202
-200
20
-19
34
-22
-12
2
87
-90
349
-333
111
-119
-2
51
30
-64
-22
0
-3
94
38
-123
4
-13
29
2
1
-18
105
-108
10
-18
70
-69
-3
15
4
-12
-2
36
187
-205
-23
22
17
-36
-3
167
-162
13
2:-10
11
-11
417
-415
12
-9
72
-76
12
-13
33
-13
-17
5
-7
11
-2
-6
5
4
-12
1
8
1075
-820
88
-305
145
-193
19
-5
81
-60
-8
-17
-1
104
-109
16
-20
9
-9
0
8
24
-31
2:5
7
1
-19
11:0
1
-1
5:0
1
-1
1
-1
5:0
1
-1
3:0
2
-2
8:0
7
-7
0
20
-20
5:0
1
-1
1
-1
5:0
1
-1
2:0
2
-2
1
-1
3:0
1
2:0
-1
0
5
-3
-2
2:0
1
-1
0
2
-2
1
-1
1
-1
2:0
1
2
-3
2
0
-2
2:0
2
-2
3:0
1
-1
0
1
0
-1
3:0
4
-4
0
2
-2
1
-1
1
-1
4:0
2
2:-1
0
1
-1
1
-1
2:0
1
-1
4:0
1
-1
0
3
-3
3
-3
8:0
1
-1
2:0
3
-3
3:0
2
-2
1
-1
1
-1
1
-1
2:0
1
-1
9:0
1
-1
6:0
1
-1
1
-1
3:0
1
-1
3
-3
2:0
2
-2
4:0
1
-1
0
11
-11
3:0
1
-1
0
2
0
2:-1
0
2
-2
2:0
1
-1
6:0
2
-2
2
2:-1
4:0
1
-1
4:0
1
-1
4
-2
0
2:-1
1
4
-5
0
2
0
2:-1
5
-5
0
2:1
-2
2
-2
0
2
-2
3:0
1
0
5
-6
0
1
-1
5
-3
-2
4:0
1
0
-1
0
6
-6
6
-6
2
-1
1
-2
2:0
1
0
1
5
-7
2:0
1
-1
6:0
2
-2
2:1
-1
1
-2
1
-1
8:0
1
2:0
-1
2
0
3
2:-2
-1
3:0
2
-2
5
0
-4
0
-1
3
0
-3
0
1
-1
11
-11
4:0
1
-1
2
-2
1
-1
2
-2
1
0
-1
1
0
1
3
-3
-2
2:0
1
-1
4:0
1
0
3
-4
0
3
-3
4:0
1
2
-2
-1
3
-3
2
-1
0
-1
0
1
-1
4:0
5
-5
0
6
0
-6
2:0
2
3
-3
-2
1
-1
4
2:-2
4
-4
1
-1
7:0
1
-1
0
1
3
-2
2:-1
2:1
-2
2:0
4
2:-2
3
-3
0
1
3:0
5
-5
-1
3
-2
-1
0
3
-3
5:0
1
5
-6
1
2:0
4
-2
-3
3
-3
6
-6
8
-8
2:0
1
-1
4
-4
0
2:1
-2
5
-5
2:0
1
0
-1
1
0
-1
0
1
0
2
0
-1
0
3
-1
-4
2:0
1
-1
0
2
-2
1
-1
1
0
-1
3:0
1
0
-1
2
1
2:0
-3
2:0
2
0
2:-1
3
-3
3:0
1
0
1
-2
0
3
-1
-2
4:0
1
-1
0
1
-1
3:0
2:1
-2
3:0
5
-4
-1
4:0
1
-1
2:0
3
-1
-2
5:0
end
