v1
791
55
61
181
278
9
159
26
355
105
52
92
32
15
39
9
301
195
119
110
78
126
113
125
57
56
7
15
28
118
260
282
77
109
315
4
14
156
102
33
0
23
84
7
287
13
285
191
130
0
72
132
128
15
154
26
160
0
111
34
67
76
248
10
105
24
87
19
99
118
8
41
135
25
275
71
67
278
116
53
12
81
9
138
182
25
21
33
102
0
31
117
74
34
277
109
24
124
44
43
89
53
33
194
27
36
63
16
38
10
9
29
110
276
59
45
180
30
83
108
162
110
275
148
155
19
109
64
26
27
168
209
388
54
59
280
69
57
277
0
99
316
223
57
18
60
12
45
164
145
55
30
172
167
0
217
37
27
28
16
77
235
409
7
158
236
106
169
16
33
0
470
70
288
100
194
85
24
172
101
7
8
7
177
4
27
29
45
6
19
13
38
5
4
15
25
17
8
46
2
3
14
7
126
1
118
9
64
9
74
45
14
6
8
32
0
18
31
4
30
37
20
69
121
110
85
296
66
173
120
0
94
131
160
35
329
304
10
33
6
116
284
54
121
141
60
25
74
27
41
25
173
58
3
151
282
116
12
1
275
0
23
24
130
23
136
10
36
2
83
70
217
12
41
309
114
93
19
178
35
5
618
140
185
14
102
71
5
7
377
56
109
2
24
42
280
22
8
67
18
32
325
186
221
185
35
9
11
8
17
60
181
33
30
27
35
94
40
6
80
128
19
38
67
2
7
8
106
41
40
283
56
1
53
339
108
162
2
36
45
20
184
83
162
178
29
175
17
53
121
8
43
86
15
37
56
169
34
17
22
16
100
0
54
47
3
58
7
28
60
32
20
88
153
59
5
23
104
89
3
2
33
30
88
54
31
12
9
194
61
58
132
84
110
24
34
31491
7
6
16
9
12
31
112
135
44
85
88
69
7
8
112
36
8
22
16
970
122
44
47
21
111
71
166
15
3
41
6
3310
2211
328
1517
36
5140
5256
1002
1323
1097
707
1431
2650
9755
793
6127
13
6052
1385
2
0
4
8078
14
4646
15
19
2434
13
5143
1
2:8
2
6
1427
106828
1
13098
1
3544
7716
25
73
9417
28772
3607
42
2:22
131
10
4
50
63
20
89
2:5
11
54631
781
109
157
7
2
24
3
56
1
6
65
91
2
16
27
10
3:1
10
2
11
3
725
29
14
6
12
32
18
51
12863
5840
2294
3093
1178
9030
7980
575
0
1668
539
523
665
436
532
2:2
1
12
10
28
3
123
18
4
2:2
31
9
28
1
2
1
34
56
4
6
30302
1513
8273
282
176
43
57
600
125
1
11
76
66
41
185
217
24
111
142
84
41
103
47
258
0
13
151
356
5
19
17
36
2
15027
1977
9736
1
163
72
43
8
15
5
7
-488443
149
95
226
691
10
315
271
97
219
28
305
373
40
528
100
109
64
13
158
29
66
293
152
0
302
1439
154
0
428
369
116
489
316
85
433
129
530
599
314
227
0
85
143
429
301
0
106
468
352
0
835
301
451
75
564
524
304
0
683
457
153
389
118
456
118
109
634
324
46
44
80
35
601
33
117
57
95
49
27
32
269
216
99
297
276
148
591
198
27
0
42
1129
30
422
233
0
1298
97
35
43
1454
165
72
0
135
277
7
1093
573
31
58
0
507
1000
0
183
136
180
101
0
515
580
500
0
45
264
315
232
45
0
363
31429
121
119
55
0
2
164
187
89
0
17
69
7138
1865
2384
2764
21644
1586
0
10843
3
869
13567
5293
1014
20069
115768
41903
15
0
10
5
327
19
9657
0
1380
44363
340
253
78
4379
0
4380
37638
1726
21
0
45
170
49
40725
191
610
190
875
15875
11859
0
1415163600
599:0
1
190:0
2
3
1
8
-10
1
8
-7
249
-252
13
-12
2
5
-7
-1
2
2927
-2913
-13
46
-50
505
434
2095
-1625
-1400
85
-66
7
-33
-1
5
-6
7
176
-168
82
-92
0
-3
146
-147
2
-2
97
-90
-3
0
37
-7
202
-208
-26
18
-16
0
78
-79
3
22
460
-420
-57
256
193
-460
14
12
-23
14
-17
20
-18
2
12
-10
-2
-4
9
15
-22
-1
7
-7
452
-435
-14
0
6
-9
0
23
432
-454
9
63
-37
-35
-3
12
27
82
-94
-9
62
1349
-1426
0
10
-11
2
26
44
6
-36
-44
20
-20
1
16
46
-54
80
776
671
-1529
31
-24
-3
4
-12
18
-20
25
42
-37
-26
1
117
-71
55
40
-145
40
-41
37
-35
0
-3
44
50
-61
-4
21
-42
-2
710
-715
73
-55
-14
650
-634
501
-516
233
-232
-2
0
3
0
-1
-4
52
29
-76
-8
2
-1
1
5
-7
28
-24
4
-6
8
18
57
-80
17
-3
-17
3
12
79
-96
6
114
-99
-14
0
119
-65
-59
2
437
-377
-47
-15
-2
23
-17
-1
4
-9
5
100
16
-118
-2
1
207
-208
0
40
-41
5
2
12
16
9
-40
269
-271
78358
-78345
4549
-4351
-128
-72
14
222
-241
9
-16
22
3320
-3342
3
0
16
-2
44
-50
-9
2
2:0
-1
655
-659
1
405
-394
207
241
-457
8
-8
137
389
-518
0
-6
36
-40
0
11
-11
60
-55
452
-410
-45
-2
25
45
171
-234
6
20
-12
-21
5893
-5893
932
-930
17
-12
-6
3
-3
89
-90
25
-26
3
-2
77
-70
-7
6
-5
-2
24
146
-159
911
-908
-8
-2
105
-91
111
-126
19186
-19180
-4
-5
0
276
-269
-7
4
9
23
63
-50
2299
-2346
-2
4
62
-58
-7
39
-6
3843
-3832
-28
-13
16
-9
56
-65
33
-35
24
14
-6
8263
-8120
-89
1427
-1511
7
-6
-1
48
169
-182
168
1576
-1589
-190
12
-2
65
-70
-5
7
30
103
-139
1
7
-6
-3
12
-13
6
-4
1714
-1692
1503
-1524
103
-37
-66
4
1
-7
232
-156
75
-153
9
23
119
691
-810
35
-66
5
-4
2
-1
16
72
0
199
-54
-235
8
-6
59
53
501
-612
32
49
-85
11
-8
8
-9
1129
26495
-26885
-731
-1
216
649
-804
-36
-2
-27
3
-5
5
59
-61
-6
2
6
29
-24
-9
21838
-21836
30
-36
114
-86
-27
113
-105
451
-430
2473
-2501
-1
72
3136
-3207
-2
10
-8
-1
354
-338
230
547
-783
-1
9
24
-34
1889
-1898
4
-1
57
-43
4224
-4200
-41
1
15
26
-34
96
-80
-11
-3
2
40
28
-38
-39
8
10
-19
14
-12
-4
1
18
-19
4
39
-38
-1
24
-23
0
20
36
-44
145
-142
2653
-2648
5
-22
1
-9
2
290
-291
1
-1
31
-29
11
5
17
-36
11888
27630
-39518
96
-68
500
-523
3
-7
1509
-1436
-70
167
-166
83
243
-321
5
-12
29
-20
477
-462
-24
218
286
-449
9
-44
-17
-3
4
-6
2:0
21
6
-15
522
-478
-42
276
-224
1019
-1085
76
-57
61
-71
6
-18
0
2:1
-1
2:0
-1
0
2
-1
0
-1
0
2
0
2:-1
2:0
1
0
1
-1
7:0
-1
2
-2
2
-2
0
1
-1
0
1
0
-1
3:0
2:1
-1
2:0
-1
2
-1
0
1
-2
1
2:0
-1
2:0
1
-1
2
-1
1
0
-2
2
-1
1
2:0
-1
1
-2
2
0
-1
1
0
-2
1
0
-1
1
3:0
-1
0
2
2:-1
1
-1
2:1
2:0
-2
1
0
1
2:-1
2
2:-1
1
0
-1
1
0
-1
1
3:0
-1
0
1
2:0
-1
2:1
-1
2:0
-1
1
5:0
-1
1
0
-1
0
2
-2
2:1
0
-1
2:0
-1
5:0
2
-2
1
0
-1
0
2
-1
2:0
-1
1
-1
0
1
3:0
1
-2
1
0
1
-2
1
-1
1
2:0
-1
0
1
-1
1
0
1
-1
0
1
-1
1
16
-17
2:0
3
-3
1
-1
1
79
-80
1
-1
2:0
13
6
-16
2
-4
1
-2
26
-26
5:0
3
-3
2:0
4
-4
2:0
7
-7
2:0
3
-3
0
2
-2
3
-3
0
6
-5
1
2
1
2
-7
3:0
3
-3
4
-1
-3
2
-2
0
4
2:-2
2:0
1
-1
3:0
1
0
-1
0
2
-2
1
2
16
-19
0
5
-5
0
1
0
7
-8
0
3
-3
1
-1
4:0
1
-1
6
-5
-1
3:0
2
3
-5
0
1
9
-10
3
-2
-1
2
-2
4
-3
5
-1
-5
4:0
6
-6
0
2
-2
3:0
1
2:0
1
0
-2
2
2:-1
2:0
2
1
4
-6
26
-27
8
-7
-1
3:0
1
-1
38
-38
1
0
-1
1
-1
2:0
4
-2
2:0
2:-1
14
-14
4
-4
2
1
-2
16
-17
1
6
-7
2
-2
10
1
-10
0
31
-28
-3
2
-2
-1
2:0
1
-1
0
9
-9
1
-1
0
10
-10
0
6
-6
2
2:0
-1
2:0
38
-37
1271
-1271
65
-41
-18
-6
2
-1
-3
7
-7
2
0
-1
1
0
3
-4
15
-16
0
5
-4
0
-1
1
-1
0
18
-16
0
123
-125
2
-2
9
3
-4
-6
-2
2:0
1
0
-1
8
-8
0
13
-12
2:0
1
3
-4
3
2:-2
0
241
-240
38
-39
3
0
-3
8:0
5
-3
-2
3:0
1
5
-3
53
-55
1
-2
14
-13
2:0
202
-202
1
-2
0
25
-21
-4
1
2:0
9
-5
22
-27
2:0
12
-10
-2
4
0
107
-110
0
-1
0
1
2
-3
13
-13
0
10
-1
306
-281
-34
121
-121
3:0
7
8
-8
114
-36
-64
-20
-1
1
4
-4
-1
3
8
-11
0
2:1
-2
0
5
-5
0
1
45
-46
94
-94
5
1
-6
3
-3
2
29
-28
38
-41
0
2
19
82
-95
-1
-7
2
-1
1
-2
1
10
-4
85
-81
-11
0
1
4
23
-8
-20
9
-5
-4
4:0
36
451
-467
-19
0
15
-15
19
4
1
-23
-1
0
1
0
-2
0
2:1
0
-1
0
149
-149
6
-7
6
-4
1
8
-9
-2
10
631
-640
-1
4
15
-19
1
10
-11
0
3
-1
1
64
-67
3
-3
11
-6
7
-11
2
-3
2
-1
40
-41
1
0
-1
25
-25
50
-49
1
-1
2:2
4
-6
2
-3
-1
0
-1
2
-2
0
4
-4
2
-2
0
1
2
-3
0
7
-2
-3
4
-2
3
-4
-3
2
-2
2:0
4
-3
1
-2
2:0
4
-4
1
-1
228
427
-655
8
-4
188
-190
1
-3
27
-12
-15
1
-1
3
90
-93
2
-2
0
1
41
-34
-8
9
81
-89
22
-18
-3
0
-2
0
2
3
-2
3
-6
25
-21
-2
6
-2
6
-11
13
-14
1
-1
4
-4
52:0
1
-1
17:0
1
-1
0
1
-1
32:0
1
-1
14:0
1
-1
7:0
1
-1
15:0
2
-2
24:0
2
-2
0
1
-1
9:0
end
