v1
601
584
1499
609
56
22
853
612
147
10
575
159
162
332
62
404
425
10
212
289
160
191
222
339
800
167
277
353
166
1585
275
431
494
388
54
339
69
0
57
990
60
790
254
799
394
1152
132
162
686
119
31
195
4
200
74
59
6
123
804
173
120
749
314
33
6
116
146
192
262
85
340
207
287
129
611
46
2
423
1511
301
93
176
356
370
75
1761
19
38
69
7
8
147
433
712
184
627
34
157
8
649
108
235
153
59
5
23
198
954
31498
22
9
334
173
196
36
2:4
22
932
220
179
237
18
3357
2211
316
12
1553
5140
10816
2650
1552
8203
793
6140
2988
4449
2
14
8082
4661
7628
5
1445
106812
16643
7741
9490
32421
22
389
5
55428
109
157
7
85
1
6
174
2
25
10
1
14
11
777
174
12802
5840
25818
1727
970
56
86
10
44
49
28
3
1
100
40370
176
825
1
596
24
253
14
70
144
318
151
380
17
38
15007
11733
164
115
-488229
263
32
725
208
26
470
0
86
97
250
67
334
660
458
23
8
4
71
4
646
298
758
898
214
141
259
36
67
747
420
135
31
779
14
53
378
25
108
86
90
20
276
314
0
353
90
62
530
96
895
24
181
21
139
33
85
616
254
64
42
41
460
55
456
7
49
259
235
309
100
165
342
169
392
197
68
109
155
177
268
390
27
15
14
12
71
43
35
9
71
26
245
233
46
35
87
38
144
203
91
250
13
1
394
121
170
35
16
70
591
198
207
175
259
68
77
54
169
146
5
267
46
125
248
37
430
52
18
229
350
207
12
394
781
0
185
212
28
144
56
111
24
250
187
172
821
19
77
181
33
0
201
31
80
150
464
0
125
802
118
269
229
3
37
1
416
61
19
6
204
124
38
100
101
3
205
2
430
89
0
156
54
154
92
61
96
1
42
51
21
42
41
3
54
0
48
9
125
31402
79
261
92
23
164
8
194
970
57
7
169
1
92
90
15
0
166
50
7713
0
12409
1098
4799
9747
1620
12753
10
8075
2
2812
0
896
943
2468
2010
3146
8
4967
119948
7796
19
38189
3704
113
7
10
117
20
0
53
57
54631
883
173
45
258
1
8
2
16
725
0
29
21130
3093
13459
4729
575
403
831
973
2157
3
0
1
12
10
211
126
5
9
30303
10004
73
267
622
483
619
408
520
5
64
14811
4
11934
2
105
195
1
5
7
-488305
1082
178
139
159
293
661
830
554
306
844
570
1953
237
484
275
91
614
53
101
1152
17
1024
63
990
1034
442
26
44
1052
45
657
1295
413
354
560
133
154
341
57
113
220
49
1294
859
641
199
4135
1527
92
354
676
104
13
1139
31
10
1224
22
299
28
129
924
192
153
322
1
32148
77
1048
847
7107
336
4489
21967
31168
10138
168566
1080
120
219
55792
181
900
63
3514
43711
13
20
21
40841
148
462
339
788
264
13
676
15128
2044
1415196600
199:0
1
300:0
1
99:0
28
1664
-1654
52
-54
-18
165
199
-356
74
-78
-4
211
-174
-6
-27
99
-103
9
2:3
114
-127
1
381
-224
-82
-65
-7
102
-96
200
-121
408
-353
-101
0
68
-81
-31
5
8
99
-21
270
-314
22
-67
5
1336
-1342
89
269
-318
-30
-14
673
-628
-10
-31
120
90709
-90558
2732
-2923
-68
-6
52
-58
237
-241
6
-6
25
-5
260
676
-917
13
-44
9
3
5051
-2821
-1141
-1106
-2
52
-49
86
48520
-48153
-429
629
-653
10
-11
1292
12297
-10514
-3040
53
-38
2455
-1999
-269
-62
1986
-2137
107
87
-150
63
512
-618
-26
360
-359
29
100
6039
-6131
100
-105
111
51
-180
104
906
16077
-16977
238
-256
-3
177
-231
-46
-5
22
271
31960
-32240
-8
15
44
144
3090
-3057
-138
-32
801
-843
-23
28
8
-35
254
-246
62
-71
-5
17
-14
33
-30
22
-23
-6
12
-5
-1
-2
60
18
-66
182
-189
17
9635
17580
-27112
-76
-14
-40
157
36
-160
-28
7
1705
-1708
6
17
16
-43
1257
-1151
170
-271
77
-102
0
12
-4
-1
-6
2:0
-1
2
11
-9
10
-12
1
-3
4
-4
4
-4
3
-2
2
3
-5
-1
2
10
-8
10
-14
10
2
-10
2:-1
1
-1
14
-4
-3
3
-9
1
-2
8
-6
0
3
-5
1
-1
3
0
-1
0
8
-8
-1
2
-2
-1
2
1
7
-9
0
2
-2
2:2
-3
-2
8
-3
1
-3
3
-6
2
-1
1
4
-6
5
-3
5
-1
-6
12
2:-6
12
-12
11
-10
9
-6
-4
8
-8
2:1
-1
3
-3
2:1
-3
7
-7
0
4
8
-12
6
4
-10
2
13
-13
-2
1
3
8
-2
-6
-4
2:6
-3
-9
3
2:-1
2:0
5
-5
2:0
4
-3
2
-2
3
-2
-1
-2
12
-11
2:1
-1
11
-7
-5
0
-1
12
-11
-1
1
5
3
-6
2
-5
3
5
-6
-1
4
1
-3
-1
11
-12
4
-4
0
12
1
-13
-1
2
-2
14
-11
1
-5
4
0
2:-1
2:0
1
-2
4
2:-2
3
-3
2
1
-3
4
0
-1
-3
4
-3
7
-7
0
8
-6
-2
1
-1
2
-1
0
-1
8
5
-13
3
-1
-3
0
5
7
-12
2
0
-1
4
-4
7
-7
-1
2:0
4
0
-4
1
0
13
-8
-6
7
2
-6
8
-6
3
-5
2:-1
1
-1
3
2:-2
9
-1
0
-8
2
-1
0
1
-1
12
-2
-11
3
-1
7
-6
2
-4
12
-6
-4
4
-1
1
-5
-2
1
4
-5
0
2
-2
13
-5
-9
4:0
1
2:0
-1
9:0
1
-1
4:0
1
-1
1
-1
6:0
1
-1
1
-1
4:0
1
4:0
-1
17:0
1
-1
11:0
1
-1
1
-1
15:0
1
-1
0
1
56
-53
-2
5
-5
2
-3
1
8
-7
2:-1
0
2
-1
3
-4
4
-3
-1
2
-2
0
13
-8
-5
5
-3
1
0
1
-4
9
-3
-2
0
2
-6
0
3
-2
0
11
-9
-3
31
-27
-1
3
-6
18
-1
-13
-1
5
0
-3
1
-3
35
936
-973
49
-38
-12
1
6
0
-6
2
1
0
7
-11
44
-30
-7
6
-7
-5
1
167
-85
-24
-57
-1
9
-7
-3
311
-285
-25
18
-17
-3
2
62
236
-245
-47
-5
43
72
-104
-13
57
-9
-41
5
7
3
-13
105
-115
5
10
-13
3
4
76
-80
-3
8
-10
11
-1
-2
20
178
-206
11
-8
-1
14
-1
1
-15
1
5
144
-150
-1
0
11
-10
236
-232
-1
0
59
-53
1
-5
-3
0
42
-45
20
-20
3
15
-18
3
2:0
-3
2
-2
1
3
-4
3
0
-3
0
3
-2
188
66
-222
-20
1
-14
33
-18
-6
-8
-1
159
-146
-12
0
3
6
26
-36
7
-5
10
-12
2:0
1
4:0
-1
3:0
1
17
-18
14:0
1
0
-1
3:0
1
-1
4:0
1
-1
2:0
1
-1
23:0
1
-1
0
3
-3
6:0
1
0
-1
1
0
6
-5
-2
0
7
-7
1
3:0
-1
3:0
1
-1
1
-1
9:0
6
-6
2
2:-1
3
0
-3
2:0
1
0
1
-2
0
6
-5
6
-7
4:0
1
-1
3:0
2
2:-1
1
-1
3
-2
-1
0
1
0
-1
2:1
-2
2:0
3
-2
-1
3:0
3
-3
2
-2
2
2:-1
1
-1
2
2:-1
2
-2
2
-2
0
1
2:0
-1
5:0
1
-1
7:0
1
0
-1
1
0
1
2:-1
6:0
3
-3
2:0
1
-1
4:0
1
-1
1
0
-1
5
-4
-1
0
2
-2
0
2
2:-1
4
-4
3
-3
3:0
8
-7
-1
5:0
3
-1
-2
3
-2
0
-1
11
2
-13
1
-1
12:0
3
-3
2:0
1
2:0
-1
0
1
-1
4
-4
9
-9
2:0
2
-2
4:0
3
-3
17:0
1
-1
20:0
1
-1
15:0
1
-1
5:0
1
-1
22:0
2
-2
4:0
1
-1
4:0
end
