v1
614
252
45
238
159
49
290
91
105
31
21
19
120
0
48
12
14
30
103
191
133
0
132
228
153
222
6
19
37
7
0
15
28
42
76
260
282
165
324
4
284
0
140
0
255
37
5
89
206
130
29
32
130
145
33
0
154
108
76
171
111
34
295
106
86
17
134
0
223
41
160
58
355
244
95
150
6
399
21
0
166
88
0
103
34
277
4
100
66
87
20
43
113
73
13
203
0
54
40
77
19
139
93
0
85
98
270
44
70
103
226
64
104
151
20
148
171
74
38
16
478
112
37
77
122
15
25
54
126
213
69
57
503
11
295
106
67
68
239
212
172
5
564
288
2
354
7
300
94
275
16
93
283
354
31
100
214
80
281
123
181
0
27
14
15
12
39
32
0
25
18
3
9
7
19
31
46
5
1
20
110
13
4
118
2
71
9
62
12
45
14
6
11
47
35
30
3
35
3
16
0
44
11
85
2
158
439
8
78
95
103
111
45
0
86
160
254
110
243
71
39
116
284
54
262
85
101
100
139
61
1
0
145
5
97
0
185
129
281
31
110
189
10
5
33
66
17
70
229
41
309
114
38
16
226
9
2:41
621
96
199
102
71
22
176
0
183
8
50
6
109
2
279
0
16
73
75
50
328
290
25
176
142
30
247
33
30
8
138
13
49
74
79
49
19
38
69
7
8
147
40
277
6
57
6
47
447
245
20
184
64
191
105
47
45
34
88
53
131
2
58
8
2:43
27
293
0
37
14
38
100
54
35
12
59
2
19
70
58
2
86
115
38
59
5
20
3
193
5
122
29
54
52
121
73
119
0
132
63
21
32
60
42
34
64
0
13
14
31407
22
9
208
29
53
23
21
85
88
76
8
112
36
8
22
932
54
57
24
13
0
72
5
63
92
19
71
166
18
41
0
3316
2211
328
1553
665
2408
0
691
1373
3
2464
1779
3337
1098
2138
2650
9755
3
790
6140
2988
3064
1382
0
3
2
14
0
8018
10
2:0
47
2
5
17
2804
882
958
2453
13
1997
3147
6
1
9
2:2
3
1
1427
3523
11948
91358
13098
3544
1
1735
6006
73
9417
32421
22
33
120
0
10
4
40
73
1
19
53
36
5
16
54631
731
50
102
7
85
72
7
2
27
18
10
28
1
6
12
166
23
10
3:1
10
2:1
11
728
7
22
20
105
2
63
12806
8134
13301
3251
4729
813
1430
872
1
143
0
46
665
436
532
2
3:1
5
7
2
17
18
4
86
59
35
0
9
28
3
1
31
12
38
4
5
4
6
40306
64
176
69
0
31
483
242
1
7
80
0
199
5
88
15
202
24
111
0
142
84
41
103
47
13
72
173
13
213
205
57
32
24
17
28
0
10
15007
1997
0
9735
2:1
163
72
43
28
7
0
19
0
-481542
201
1673
2363
2035
15162
628
696
4304
31819
17209
230260
56221
91054
1415717400
599:0
1
13:0
12
58
-48
-22
7460
-7452
-6
64
-64
2
-3
2:0
27
304
-332
2
0
28
-29
0
2199
-2198
305
-297
56
-66
334
-333
0
30
111
-137
-1
-3
4
11
-14
-2
21
2
-3
1
-20
113
-112
9
85
-95
9
-9
19
-20
1
0
228
-227
0
2:164
-330
2
5
-4
-2
2:0
-1
87
-87
22
-5
-12
5
-6
4
225
-231
2
36
-39
0
-1
813
-811
0
-2
40
-17
-9
18
-29
-3
15
-14
0
13
-14
9
-7
9
-8
0
-1
0
-2
2
1
0
-3
26
839
-865
508
-494
6
-20
672
-672
24
25
-48
38
-16
-15
126
199
-331
225
-211
59
-72
-2
1
17
-18
11
-12
2
0
8
55
-57
-2
6
-12
73
79
-148
661
-664
28
-20
-9
9
-8
65
-63
0
-2
0
2
-3
72
-72
2
20
9
36
-66
-1
3
5
2:15
-35
0
1
-3
20
79
-4
-46
-50
3
299
-302
98
-90
19
-20
-5
2:3
837
-837
8
-12
-3
0
4
8
-11
0
86
-64
16
-29
154
-163
-2
1
0
16
-10
-3
382
-386
101200
-94416
-6758
-13
26
9
-43
1
-6
3
21
-23
0
11
-3
-6
2
0
-3
4
-5
13
26
-35
-1
2101
-2098
1
64
-47
905
-922
32
-35
5
9
240
-259
2:2
122
-121
64
-25
-10
-33
0
1
6
-7
14
261
-276
1
0
-1
4030
-102
-3921
6
-10
5
-8
11
716
-673
-35
-16
-1
-2
4
-3
9
-8
614
-599
105
235
-350
124
52487
-52599
-15
2
-4
11
212
-223
7
17
343
-369
5
-4
0
78
280
-357
10
-11
2
6
2200
-2183
-26
0
1
0
71
1
-58
-4
27743
-27750
163
-163
2004
-1994
-11
4
-2
171
-75
-73
82
3938
-4043
380
-383
19
52
-61
-6
-3
-2
2
-2
0
10
26
-26
-10
1
3
509
-511
1
-4
4
2505
-2493
98
-112
6
2:18
162
-206
111
-105
-3
81
654
-708
738
-758
-10
3
-3
1
0
83
-83
-1
51
0
-25
8547
-8553
-19
0
203
-161
144
-124
-63
3
0
32
-31
43
-47
6
-3
1
976
8943
-9489
-431
56
-53
333
-338
2:0
243
-190
-47
0
1
-5
-2
0
9
-2
4
-2
286
-294
186
-187
6
-5
0
-1
47
-44
34031
-34032
49
-42
7
-12
2
41
-46
211
-106
-96
278
-245
3327
-3260
103
-212
1
2:0
-3
8
-3
-4
55
-41
215
767
-995
4
-1
23
-26
24
-26
41
-34
4
18
-20
-8
0
4219
-4191
-19
-9
-1
50
-39
2
-1
-12
0
218
-197
-17
-4
4
9
134
-37
-109
3
0
9
-11
25
-18
17
-24
-1
2:0
33
-9
-21
39
-10
-20
-9
1197
-1201
6
-4
-2
8
3498
-3375
-131
3
-2
8
9504
-3383
398
-6528
4
-4
0
1000
-957
295
-335
65
36
-101
0
-1
0
16
151
-155
-13
0
-1
71
-67
11170
-10962
-183
-28
0
45
7575
-7604
17
-27
-7
556
-554
3
86
-91
8
-1
135
-101
-40
0
473
-310
-163
0
8
204
-206
75
-80
250
-15
-229
-2
-3
0
-3
13:0
1
3:0
2
-2
0
4
-4
2:0
1
2:0
-1
3:0
1
-1
0
57
-57
3
-3
5
-5
4
-3
0
8
-7
-2
2:0
13
-12
-1
0
3
3:0
-3
3:0
5
-5
2:0
1
-1
2:0
1
-1
0
1
2
-3
0
4
-4
4:0
13
-13
5:0
2:1
-2
0
3
-3
2:0
15
-15
2:0
1
2
-3
3:0
1
-1
0
2
-2
2:0
1
-1
8:0
1
-1
0
8
-8
2:0
9
-8
1
0
-2
4:0
17
-17
10
-7
0
-3
2:0
3
-3
1
-1
3:0
1
-1
0
5
-5
0
13
-11
1
-2
0
-1
0
1
-1
24
-24
5:0
7
-7
0
10
0
-9
-1
0
1
-1
3
9
-8
-3
-1
0
2
13
-1
-12
-2
0
18
-18
6
-6
5
2
-6
2:0
9
-8
-2
4:0
1
-1
0
6
-5
5
-5
9
-10
3:0
1
0
-1
42
-42
989
-897
-90
0
4
-1
2:-2
-1
1
6
-7
0
2
-1
2:0
2
-1
-2
0
1
5
-6
0
44
-44
0
10
-5
10
-11
-1
-3
0
4
2:-2
2:0
10
-10
14
-14
6
-6
2:0
2
-2
2
3
-5
3:0
269
-167
-102
3
-3
2
-2
2
-2
5
-4
-1
4:0
2
-2
54
-53
-1
13
-12
1
285
-282
-5
3
-3
0
22
-22
5
-3
26
-28
3:0
11
-11
0
1
-1
0
2
81
-79
-3
-1
3:0
6
-6
3
401
-401
2
-4
75
-76
3:0
5
-5
7
45
104
-156
17
-17
3
-3
2
2:-1
0
1
-1
0
1
-1
2:0
1
-1
82
-82
3:0
102
-100
6
-8
1
5
-6
19
-19
17
-17
0
13
105
-116
16
-18
2
-2
3:0
4
-4
2:0
4
-2
78
-78
-2
0
2
9
1
0
-12
2:0
2
-2
6
-6
0
2
-2
27
144
-161
-7
-2
1
10
-12
2:0
25
6
-31
0
1
3:0
1
2
-3
-1
2:0
4
-4
2
-2
2:0
1
0
150
-151
0
1
2
-2
-1
0
2
3
7
-12
0
4
314
-314
3
-6
2:0
5
-6
2
2:-1
1
0
4
62
-67
1
0
2
-3
15
-15
7
-7
6
-6
2
-2
0
38
-38
5
-5
0
20
-20
2
-1
1
-2
12
-8
5
-9
6:0
1
2
-3
5
-3
3
-5
1
-1
0
5
-4
-1
2
2:-1
0
2
-2
2:0
2
-2
4
-1
-3
3:0
482
-280
-53
-149
3:0
18
-14
41
-45
14
-3
-9
0
2:-1
0
64
-64
1
0
-1
2:0
75
-54
-15
-6
0
3
213
-215
15
-16
0
25
-23
-2
0
2
-2
1
11
-2
-10
0
34
-34
2:0
2
3
-4
3
-4
23
-22
3
0
-3
0
-1
13:0
end
