v1
551
252
45
54
233
462
73
67
2
41
52
89
98
436
179
89
125
100
70
225
17
39
7
15
28
82
36
511
31
11
0
95
59
58
13
188
69
8
18
258
140
17
397
178
159
83
79
72
260
11
4
180
160
111
69
32
0
324
10
68
144
4
151
85
49
573
260
18
121
11
85
399
54
102
31
88
137
277
224
33
176
86
257
255
20
93
183
104
152
97
314
108
0
2
275
259
172
117
264
113
70
15
64
84
130
25
54
61
65
213
47
22
10
78
5
368
288
197
26
57
18
60
0
364
2
30
227
42
30
95
145
109
27
121
235
53
24
47
285
7
8
386
106
169
16
93
54
280
146
94
63
24
107
379
24
2:86
40
76
7
208
29
45
6
32
18
17
3
5
44
17
0
8
46
5
21
0
127
13
47
36
22
77
5
74
59
6
8
50
61
4
57
38
17
61
17
20
147
258
168
13
0
8
124
49
120
94
291
35
219
110
196
118
39
116
104
180
54
52
69
141
85
101
41
25
11
162
58
3
146
5
7
31
244
31
98
27
248
6
17
177
136
10
5
33
83
70
229
41
309
114
112
168
0
50
258
500
301
83
10
176
19
172
56
111
24
113
0
231
75
50
0
450
282
66
0
163
96
181
219
40
6
27
2:53
75
19
38
69
7
8
106
41
40
104
179
56
40
14
339
270
83
20
184
134
281
37
175
16
1
53
0
121
8
43
86
204
124
38
100
54
35
12
61
7
28
112
2
86
212
5
23
198
151
106
170
24
251
63
21
32
60
42
34
91
32
31370
5
6
16
9
12
31
0
161
4
82
14
0
30
85
88
77
7
112
8
0
28
8
22
932
54
166
68
111
71
0
43
62
61
15
3
56
3301
2211
2
326
1553
322
2751
2067
3893
4785
707
2:0
1431
2650
9755
793
6130
10
2988
925
3524
2
4
8085
2
5
2807
0
896
943
15
7617
11
5
1
1427
3533
11938
91358
16642
1
7716
1
24
26
51
9413
32418
3
18
2:2
163
44
73
20
53
36
5
16
54631
781
147
58
61
7
2
27
18
38
1
6
174
8
19
10
3:1
10
13
728
43
27
136
3464
9355
12405
9030
7980
575
238
1430
539
523
665
436
532
2
3
0
22
9
18
0
2:2
41
53
2
84
9
28
3
1
90
4
6
30302
1513
8269
222
64
176
100
21
579
125
1
87
199
93
217
24
253
11
0
73
41
78
25
47
0
13
245
13
418
89
5
36
28
10
11084
3876
2044
13
9723
1
80
83
9
63
43
16
3
4
5
7
1415178000
550:0
10
-9
3
-3
16
-17
9
-2
41
-44
1
0
-4
1362
-1352
-10
20
-20
2631
-2631
431
-432
3
37
-40
9
-8
-1
1
0
-1
18
-18
0
10
-1
-6
278
-174
-87
-17
11
80
-84
-10
8
0
164
-171
2
24
10
159
-196
6
0
41
19
-65
2
696
-692
22
-1
-21
12
-13
-3
-2
60
-13
-27
-8
15
-27
194
-4
-185
11
-16
41
-33
-5
2
-6
33
-29
-4
0
3
-2
0
12
59
-72
4
178
-178
791
-771
-20
-4
0
49
-44
24
-29
12
91
-67
-30
-4
10
-10
-2
1
0
44
424
-414
-53
0
16
-18
77
-69
16
-22
14
-16
14
-6
12
-15
-2
2
6
-7
96
-95
91
-88
3
-9
-2
6
-4
2
-3
79
-77
123
-125
70
-69
1
-2
31
-27
-3
22
-20
9
71
-76
-6
1
5
-5
-1
0
17
-19
338
-278
0
-4
-50
45
0
-23
-27
299
-262
-35
2
39
-40
-4
68
-65
7
-9
6
-6
0
147
-145
6
-7
0
36
-23
-9
34
-33
19
-1
-19
101
-105
55709
-51929
-3710
-71
9
2:-4
1
192
-92
-103
1177
-1177
0
8
-8
2
3
-4
2:0
15
-14
0
-2
13
-9
-1
5
36
-41
-2
149
-122
-21
77
69
-139
-9
36
-39
0
-1
0
33
9
-29
51
-60
22
-25
9
-9
-1
1
0
1508
-283
-1221
0
-3
3
-4
0
7
-9
39
-34
7
-5
-6
13
-4
652
-650
-12
250
-240
33
-41
29717
-29712
-7
107
-105
-2
127
-111
-15
84
-62
945
-967
3
6
-6
-3
4
1
0
-3
1307
-1304
-5
1
18
3
-6
5053
-5062
6
4461
-4464
-10
34
67
-67
71
1566
-1404
-256
-7
10
-12
-2
7
5
-12
0
5
2
162
-169
3
14
1933
-1951
11
66
-70
-5
0
-1
81
-75
-5
0
240
-242
96
-94
7
32
-40
0
758
-603
-89
-64
-1
33
-27
85
-87
-1
2
-5
200
-178
4
-24
165
-40
-126
134
-117
-20
0
57
-54
7
-10
2
0
345
19229
-19260
-287
-29
98
-87
-10
36
-6
-23
-6
0
5
-2
-4
4
-2
81
-83
20388
-20378
-11
2
-1
4
303
-303
99
-97
-7
210
-208
1
2619
-2616
214
103
-322
687
-683
-2
6
-6
-1
294
466
-742
-16
24
-26
-1
28
-28
6
0
-4
174
471
-618
-1
-29
23
69
-77
0
-2
2
26
-38
4
-7
1
-1
3
1
6
0
970
-979
40
-41
1
3
4
18
6
-26
0
20
-26
2
0
1
27
-29
-1
26
-14
-11
9
4980
24446
-29413
-9
232
-240
-4
1
2
52
-39
2
-20
3
36
109
-148
2
3
111
-101
-12
2
1
247
-199
-47
34
-39
0
-2
2
63
-61
1
8
5
-15
262
-264
0
8
5
76
-74
-14
178
-162
-17
43
-38
2
-6
8
-9
1
7:0
1
-1
3:0
57
-57
3:0
9
-9
8
-8
1
-1
0
1
-1
8
-8
9:0
4
-3
0
-1
7
-7
5:0
2:1
-2
2
-2
1
0
1
0
-2
0
3
-3
0
2
0
-2
2
-2
0
2:1
-2
0
2
-2
10
-3
-7
1
0
9
-8
-2
2:0
1
-1
6:0
2
-2
2:0
1
0
-1
5:0
6
-6
1
6
-6
2
-3
16:0
1
-1
0
2
-2
2:0
1
-1
0
2
-2
12
-12
3
-3
16:0
2
-2
1
5
-6
2:0
3
-3
2:0
4
-4
3
-3
0
7
-7
2:0
4
-4
18
-16
-1
1
-2
2:0
4
-4
5:0
5
-5
0
1
0
4
-5
2:1
0
-2
2
-1
17
-18
711
-671
-33
-7
2
0
-2
0
5
0
-5
3
-3
2:1
-2
0
1
-1
2:0
2
-2
2:0
1
3:0
2
-3
0
31
-31
5
0
8
-10
3:-1
0
2
-2
3
9
-10
0
-2
1
3:0
-1
2:0
129
-86
-43
5:0
1
-1
1
-1
3:0
4
-4
43
-41
-2
15
-13
0
-2
176
-174
-2
3:0
10
-9
-1
1
2
13
-16
2
0
2:-1
4:0
58
-55
-3
1
3
-3
5
171
-177
4
37
-41
2:1
-2
4
35
16
-45
-7
3:-1
0
1
-1
3:0
2
30
-32
0
1
26
-27
1
5
-6
1
0
-1
0
3
-3
0
18
-18
17
-17
1
14
-15
0
73
-70
2
-5
1
2
-3
5
-4
0
-1
0
42
-39
-2
-1
3
8
-11
11
-7
-4
0
4
-4
4:0
22
186
-196
-10
-2
3
-2
-1
10
7
-14
0
-2
1
-2
0
1
0
-1
0
103
-102
-1
2
-2
1
0
1
3
-5
0
1
0
-1
212
-212
5
-5
0
6
1
-7
1
-1
0
2
36
-37
-1
3
-3
0
2
-2
1
-1
2:1
27
-29
7
-7
1
27
-28
2
4
-5
2
1
-4
5:0
1
2:0
-1
3
-3
2:0
2
3
-4
2:0
-1
2
-2
2:0
1
-1
0
1
0
-1
0
142
154
-295
1
33
-35
3:0
10
-4
-6
2:0
2
45
-47
2:0
15
-11
-3
-1
0
60
-58
-2
11
-11
3:0
2
-2
0
3
1
-4
20
-20
0
2
-2
2
3
-5
4
-4
0
7
-7
4:0
end
