v1
515
234
509
412
74
31
5
131
80
410
14
64
119
609
56
50
118
542
168
419
190
432
300
321
72
260
466
22
12
401
334
126
41
573
235
197
63
140
259
21
224
167
501
33
0
176
86
257
368
181
2
59
241
367
110
255
20
87
187
297
354
442
272
67
69
57
452
463
499
57
369
281
121
651
370
24
1021
80
51
294
59
526
139
43
69
46
5
20
1
110
13
4
118
82
74
59
6
53
70
38
319
85
362
78
95
636
233
314
33
6
24
92
146
138
54
121
47
94
85
146
21
385
411
281
330
48
153
229
41
309
444
758
301
93
391
32
135
344
75
375
636
277
259
44
132
38
19
38
69
15
147
40
158
235
447
449
452
209
157
8
123
526
35
14
53
6
35
412
5
20
3
198
151
551
63
189
91
31407
22
9
43
216
31
14
30
85
88
76
120
8
28
8
22
12
1140
68
111
71
166
18
3357
2211
2
326
1553
5140
10816
2650
9755
3
6930
2988
925
3524
2
8082
7
2:1
3708
958
2940
4688
5
1
1427
3523
119949
7741
73
9417
32421
22
163
231
55510
87
97
77
16
38
60
66
16
37
6
9
11
757
14
49
12933
11227
5056
7156
5976
2243
458
604
1633
2
25
31
43
10
33
44
87
3
1
43
38
19
40088
282
176
100
726
13
381
202
24
253
66
18
41
103
102
30
698
19
17
38
14889
138
11713
1
163
72
43
90
-488262
744
108
247
1359
0
15
207
435
211
752
17
280
454
136
553
187
602
437
141
1241
755
170
131
239
372
519
777
281
187
134
16
434
277
335
203
311
339
178
590
219
703
458
224
125
551
1275
507
2:1
28
45
73
12
8
56
213
265
93
203
14
59
54
205
653
82
12
131
63
132
633
951
41
59
95
0
105
433
208
243
100
199
37
67
780
34
51
0
202
0
1178
329
55
165
2
66
208
395
741
0
288
66
176
136
261
197
0
377
2:353
118
446
126
141
242
414
38
100
101
31
28
390
191
89
262
194
204
68
25
115
31910
45
208
33
0
28
139
0
958
54
647
8067
2408
9647
1
1097
15336
5704
7889
8082
2807
0
1839
2481
2022
20044
104456
3544
1736
0
16342
31750
147
72
17
55433
109
164
2
102
1
45
156
751
49
113
48
9
3451
17489
16552
5745
2100
854
436
537
31
18
53
21
26
45
39
9
102
20
30312
1513
8746
174
511
125
88
292
185
167
0
187
230
13
0
245
488
15016
12134
1415965800
299:0
1
214:0
2
890
-889
0
-1
11
-3
40
-48
1
-1
1439
-1372
90
-116
173
-213
16
-7
9
89
-19
-88
52
147
-146
-42
-12
12
154
-167
22
43
-64
257
-257
72
-11
-60
268
60
-329
53
0
-53
16
-1
93
-107
0
12
8
-21
31
-31
38
-38
-1
18
162
-114
-52
190
-188
90
-105
17
33
-49
24
-14
247
-227
-30
111
-32
-80
228
-162
125
-171
-10
-9
32
-32
-1
0
21
-21
185
-95
-50
299
-310
-28
8
-9
149
-149
38
-28
35
-46
27
-26
129
74769
-74719
8125
-8258
-6
2:-20
31
-32
1
14
-14
0
36
-35
0
-1
38
90
-127
71
666
-738
0
33
32
-39
-25
8
-8
2605
-524
-2040
-42
17
-5
-11
-1
477
-476
-1
276
-162
36494
-36520
-88
70
-70
505
-414
-51
-40
1140
-1141
7792
-7790
-1
1
2424
-2424
27
692
-719
752
-729
-24
10
-9
161
-162
2665
-2649
80
-87
-9
2
-1
235
-235
55
-36
10
-30
421
-406
128
-142
11
1
711
-723
107
-99
16
-13
19
188
-200
-6
238
5185
-5222
-213
-1
158
-157
97
-67
-30
0
14
-16
13
4658
-4616
22742
-22779
0
-6
-10
16
148
-131
910
-899
37
5
598
-684
-1
46
-45
3329
-3330
1
-1
11
-2
-9
17
629
-646
-1
2:1
0
-1
0
24
-10
-14
13
5
-2
391
-367
-40
287
-245
-43
1162
29375
-26833
-3585
-118
138
9
-106
-15
-16
79
-49
5955
-5948
-7
-16
-1
1503
-1506
54
53
125
-232
50
-54
232
-248
0
125
-96
101
-113
246
12
-273
-4
0
10
-10
0
7
2:-3
3
-3
5
-5
0
4
0
-4
5
-6
1
3
2:0
-3
2:0
3
-3
0
8
-1
-8
0
4
5
-8
-1
2:0
4
0
-3
-1
1
-1
8
-7
-1
1
0
9
-3
-7
0
6
3
-9
1
3
0
-3
4
5
-4
1
-2
2:1
-7
0
5
-5
0
1
-1
0
7
-6
3:0
5
2:0
4
-9
-1
3:0
1
6
-6
0
-1
1
5
-5
-1
0
1
6
3:-1
-4
0
4
-4
5
-1
-3
0
7
-1
2
-2
-3
0
3
-6
6
-3
2
4
-9
-1
5
-5
1
3
-4
1
-1
0
1
-1
0
10
-4
-6
1
-1
0
4
3
-2
-4
6
-1
-6
0
4
2
-5
3
4
-3
-5
0
1
4
-4
0
-1
10
-4
1
-7
9
-8
-1
2:4
-4
2
-6
1
-1
6
-1
-4
4
2
-1
-2
-3
7
-7
-1
6
-5
5
-2
5
-3
0
-5
6
-2
-4
7
-8
4
-4
2:0
1
0
-1
0
1
8
-9
1
2:1
-1
8:0
59
-55
0
2:-2
13
-13
0
6
-6
6
-6
2:0
2
2:-1
1
0
-1
4
2:-2
2:0
1
-1
1
-1
5
-5
3
0
-3
2
-1
1
-2
5:0
2:1
-2
2:0
2
5
-7
4
-2
2
-4
3
-3
0
3
-1
-2
2
-2
5
-5
0
1
63
-64
5
-2
-3
1
3
-4
3:0
9
-5
0
9
-11
-2
7
-7
10
-10
5
-5
8
-8
2
-2
33
682
-714
54
-55
3
-3
1
3
-4
5:0
2:1
-1
6
12
-16
1
9
-13
2
3
5
-7
-3
2
-2
106
-37
-64
-5
1
0
-1
0
66
-65
-1
8
-5
191
-190
-3
20
-21
16
-3
-13
0
51
-51
224
-224
2:0
36
-36
34
27
-60
15
-15
-1
2:0
39
-39
71
-66
-1
-3
-1
4
-4
15
-13
11
-12
9
-10
67
-67
11
-9
2
-4
10
-6
32
-34
1
3
-6
12
-9
-1
19
53
-69
-5
1
7
-8
13
2
-15
1
-1
2
-2
4
-3
101
-102
2
1
-3
4
-4
2
156
-157
2
1
38
-42
0
2
-2
9
-9
2:0
5
-2
-3
5
7
-12
3:0
2
-2
0
3
0
-3
3
-2
-1
17
-16
-1
0
2
-2
143
643
-705
-80
-1
31
-25
2
-4
-3
25
-26
74
-65
-5
-3
-1
115
-114
10
-10
32
-28
3
-5
18
-20
-1
8
-7
0
-1
14
-3
-10
-1
4:0
1
-1
18:0
1
-1
6:0
1
-1
9:0
2
-2
3:0
3
-1
-2
2:0
4
-4
2:0
1
-1
0
2
-2
2:0
2
-2
8:0
1
0
-1
2:0
1
-1
0
2
-2
2
0
-2
3:0
2
2:-1
7:0
1
-1
2
-2
0
1
-1
1
-1
2:0
1
-1
3
-2
0
1
-2
0
1
0
-1
3:0
1
-1
0
4
-4
6:0
2:1
-2
8:0
2
-2
0
2
0
-2
0
2
2:-1
6:0
4
2
-6
0
1
-1
0
1
8
-9
2
-2
2:0
2
2:-1
1
-1
1
-1
2
-2
2:0
1
-1
2:1
-2
1
0
-1
5:0
2
-2
7:0
1
-1
1
end
