v1
506
234
63
446
393
13
6
74
31
5
131
72
8
424
64
119
332
111
166
56
22
28
118
61
481
165
3
419
190
140
0
17
275
5
295
130
29
162
332
108
87
187
84
22
413
83
251
126
41
19
487
67
94
338
203
193
66
21
224
167
277
56
114
87
44
0
132
86
21
236
368
85
0
96
2
59
45
196
20
426
31
255
20
87
210
134
16
124
61
0
78
171
44
212
21
209
126
146
57
10
69
57
175
201
76
62
295
106
367
189
30
339
281
83
38
420
224
7
118
252
24
275
657
89
80
51
294
59
526
26
2:1
28
45
38
43
4
8
2:13
31
46
5
21
110
13
3
1
13
105
82
74
59
6
32
91
38
3
71
14
59
54
118
85
2
18
342
78
0
95
120
82
12
131
291
233
304
0
10
33
6
24
92
8
0
2:138
54
121
141
227
4
21
34
95
0
105
151
282
129
79
202
141
189
10
35
2
1
66
87
229
41
309
114
34
51
202
43
758
301
93
312
55
24
32
111
24
250
94
75
50
176
149
636
277
33
176
50
6
27
11
42
0
90
38
19
38
69
7
8
147
40
2
0
156
125
96
14
339
108
245
20
184
8
0
444
34
141
34
157
8
43
117
297
38
100
54
47
2
29
22
2
6
35
200
153
59
5
20
3
104
89
5
151
106
122
72
251
21
25
0
17
46
52
15
76
31498
22
9
43
216
31
14
30
1
84
88
36
33
7
21
0
99
8
28
8
22
12
920
54
144
22
68
111
71
166
15
3
47
3310
2211
2
326
1553
5140
2464
5117
1097
2138
2650
9755
3
6494
436
2988
925
3524
2
4
10
8068
7
2
5
2807
896
943
15
2466
474
4688
5
1
1427
3523
116404
1
3543
1
1735
6006
73
9417
32421
22
33
120
10
137
72
17
5
55428
82
27
67
90
7
2
68
16
18
1
19
26
34
66
16
37
2:3
7
2
11
728
43
6
43
27
43
48
9
0
3451
17489
3093
12212
1247
4729
575
441
1227
458
414
1
189
665
436
532
2
3
22
9
22
49
4
17
16
10
34
50
9
28
3
1
43
27
11
9
10
30302
1513
8273
282
176
15
85
89
511
22
103
1
13
74
292
15
202
24
253
45
21
18
41
103
60
42
30
265
396
32
5
19
17
38
14889
16
122
1977
9735
2:1
149
14
72
43
20
70
1415964600
505:0
2
3
8
34
-47
3
15
-16
12
-4
-10
31
-29
-2
1341
-1341
21
85
52
-148
32
185
-223
-3
6
10
-2
-1
-13
0
6
85
-91
102
-102
9
-6
183
-180
-5
0
32
-20
-3
-4
171
-178
22
-22
0
69
-66
221
-146
-73
51
-52
276
28
-303
-2
0
58
-60
2:0
19
-18
13
94
-109
0
3
0
10
-10
23
-26
2
30
-30
29
-29
4
1
-7
19
-19
0
4
-4
180
-175
-1
28
-23
7
-14
185
-172
100
-115
36
-35
-1
8
3
-9
1
0
24
-20
-6
257
-258
3
34
-37
3
106
-89
16
64
-98
224
-152
109
-165
-17
1
0
12
-10
6
2:-5
5
3
-6
54
-53
0
16
-19
188
-188
71
-71
43
255
-273
-15
-1
-5
103
-105
-2
3
-1
2
5
33
-31
-6
-4
49
-49
0
17
-11
-2
1
0
-6
108
-104
0
72279
-72131
8401
-8512
9
-49
0
21
-17
29
-25
5
-13
1
12
-13
-1
0
5
-3
-2
2
2:0
1
50
-48
-3
0
119
-117
3
60
621
-682
3
-8
1
-2
2
28
45
-59
-10
-4
1
6
-9
2
4
2817
-1005
-1803
-13
31
-31
27
-23
-2
8
-12
0
3
1
0
-3
417
-414
-2
284
-283
1488
28694
-30085
-99
0
1
-2
4
72
-75
1
2
-4
466
-465
0
74
-74
5
36
-40
1116
-1106
-11
0
5
-4
5728
-5727
-1
4
-5
5
2332
-2335
49
-46
26
622
-651
819
-821
5
11
-15
4
-6
1
17
-12
-6
0
6
-6
3
-3
145
2418
-2535
26
-44
-10
1
0
226
-227
2
61
-62
-1
17
-16
0
29
-28
420
-405
98
-112
0
-2
35
-25
0
664
-673
77
-49
-18
-12
29
-10
14
188
-203
-10
-8
3
4
218
6437
-6479
-182
2
-2
81
-80
95
-78
-19
5
-3
1
-1
2
-4
16
-11
4691
-4687
42
22004
-22039
-4
3
-13
-1
2
3
12
-18
213
-181
1209
-1197
32
-74
1
68
-68
0
1
662
-661
-1
7
-11
55
-53
4
-4
3323
-3322
-2
1
-2
3
-2
9
-5
1
2:0
7
627
-632
-8
5
-3
-2
7
-6
-1
2:0
5
2:-2
2
12
313
-327
11
-10
-2
6
10
-11
-4
27
-10
-14
381
-382
34
-36
340
-341
43
-39
-3
8
-2
1349
28831
-26507
-3555
-116
-8
2
105
-104
-3
118
-78
-11
-21
1
-5
-2
-3
5
71
-33
-43
9
5467
-5420
-13
6
-49
33
1316
-1324
66
-91
134
96
-230
4
-1
14
46
-51
215
-227
0
6
-5
0
99
-70
-24
130
-118
247
-264
220
2:1
-1
3:0
1
-1
6:0
54
-54
0
5
0
-2
-1
-2
0
10
-10
2:0
4
-4
4:0
6
-6
6:0
2
-1
0
-1
1
-1
4
-4
0
2
-2
0
1
-1
0
1
-1
6
-6
2:0
3
-3
2:0
2
-2
2:1
-2
2:0
1
-1
5:0
2
1
-3
8:0
2
-2
0
6
-5
-1
0
3:1
-3
4:0
2
-2
2:0
3
-1
-2
3:0
2
-2
0
7
-4
-3
2:0
1
67
-68
5
-5
2:0
4
-3
2
-3
4:0
2
3
-5
2:0
10
-10
6
-6
6
8
-11
-1
4
-6
7
-7
0
1
-1
0
2:2
-4
2:0
9
-9
0
3
-3
0
2
-2
0
31
-29
0
691
-692
57
-58
5
-5
2:0
2:1
2:-1
9:0
2
-2
2:0
7
-6
-1
0
18
-18
3
1
11
-15
2
-2
2
-2
1
3
4
-5
-3
2
-2
4:0
95
-33
-62
0
3
-3
1
-1
1
0
-1
2:0
2
0
-2
57
-56
-1
8
-8
4
183
-183
-4
0
1
-1
1
14
-15
0
1
-1
12
-12
0
15
-15
1
-1
0
46
-45
-1
1
2:0
219
-218
-2
3:0
31
-31
4
-3
35
21
-57
14
-14
0
1
-1
3:0
1
0
-1
3:0
1
-1
39
27
-60
-4
2:-1
1
-1
13
-13
1
12
-12
-1
3:0
8
-8
65
-65
10
-8
-2
2
-2
4
-4
8
-4
33
-37
4
-4
2:3
-5
9
-5
-3
-2
2:0
18
54
-68
-4
1
-1
8
-8
13
-2
-11
2:0
2:1
2:-1
0
1
3
-3
0
96
-97
0
3
-3
2
-1
0
3
-4
0
1
163
-163
2
-3
0
1
-1
2:1
43
-42
-3
6
-6
2
-2
2:0
10
-10
5:0
3
0
-2
-1
0
4
7
-3
-8
3:0
2
-2
3:0
1
0
-1
1
3
-4
0
2
-2
0
2
0
-2
0
1
-1
0
15
-13
2:-1
2:0
2
-2
2:0
2
135
666
-727
-75
-1
0
2
35
-36
-1
3
7
2:-5
5:0
31
-31
0
2
65
-58
-5
2:-2
0
115
-114
10
-11
1
31
-32
2
-2
3
2
-3
18
-19
-1
3:0
8
-7
3:0
9
-9
8
end
