v1
757
317
426
76
3
302
105
104
87
74
470
119
88
100
363
1
57
56
22
28
42
1
75
707
262
350
92
48
292
94
54
152
8
151
162
332
15
451
34
143
248
10
501
912
156
376
44
158
8
0
58
167
277
236
21
20
78
120
44
257
29
50
57
139
93
85
98
59
45
196
14
357
381
131
17
283
90
404
226
137
79
302
37
69
57
915
135
239
88
39
55
30
339
213
41
27
121
312
332
7
8
197
95
94
275
16
212
649
294
281
123
208
29
12
71
43
35
3
31
46
5
20
111
13
4
103
15
73
4
5
66
8
59
6
58
65
41
54
17
245
447
78
95
120
94
131
524
304
10
33
6
116
104
42
138
54
121
141
0
85
101
41
198
61
146
5
282
129
27
254
31
299
10
5
31
2
83
70
270
508
8
19
976
301
93
195
172
56
111
346
22
75
56
319
3
149
484
19
237
21
33
189
43
80
128
126
7
8
147
40
283
63
47
339
0
270
103
184
452
175
70
121
8
11
32
86
277
51
38
100
54
35
12
61
147
88
153
39
20
5
20
3
196
153
54
488
9
63
155
34
92
31406
22
9
290
44
154
19
76
66
90
8
22
986
166
179
71
166
15
3
47
3310
2211
328
1553
981
2092
691
1376
10816
2650
9755
3
790
9128
4449
2
8092
4
3703
3424
474
1550
3119
19
5
1
1427
4053
102776
13098
3544
1
7716
25
73
9417
32421
20
2
26
7
130
118
19
53
36
5
16
55362
50
102
7
157
9
27
56
1
18
162
27
10
3:1
8
3
1
11
757
20
3621
17489
3093
10208
7980
575
118
120
0
1430
873
189
665
436
532
58
86
10
84
9
28
3
1
43
47
4
6
30302
10068
176
825
1
87
292
15
202
24
76
177
84
41
103
47
55
30
693
24
17
28
10
14805
155
67
11712
2:1
163
0
115
28
-488442
132
184
201
415
67
132
95
33
120
63
23
4
103
191
100
46
170
28
47
89
413
1
43
14
306
78
259
46
0
224
265
0
16
170
24
44
181
10
404
301
84
135
44
36
215
71
46
87
191
181
550
19
67
2:32
94
119
82
242
104
0
67
70
39
158
11
132
110
374
79
84
112
91
200
109
118
46
61
90
132
12
75
20
354
54
438
228
490
248
286
134
320
569
30
114
581
277
357
375
32
55
200
202
72
7
326
45
26
469
546
229
218
60
74
160
583
349
481
4
23
13
2
9
56
19
31
7
10
11
2
2:7
25
17
56
0
24
126
14
249
57
0
20
12
17
97
35
19
182
93
112
287
250
23
478
35
86
271
70
877
292
88
28
51
118
4
247
170
675
52
273
535
114
38
6
7
0
54
184
41
258
404
480
186
47
29
60
105
115
74
165
0
37
102
65
99
118
752
392
42
0
121
25
33
0
11
37
95
57
38
71
304
228
14
494
245
102
100
10
407
232
283
31
17
108
73
107
195
58
5
114
72
194
253
63
36
33
89
112
23
121
28
45
73
32
13
1
38
2
45
208
168
31416
79
12
149
100
115
69
103
23
97
32
17
941
45
90
153
97
267
5888
6
1
14276
1098
20153
887
436
2172
1741
3530
8085
2:1
22
0
2790
10
0
1829
7632
9
4958
139845
29820
125
32
8
88
54746
703
102
11
238
47
110
92
19
63
31
695
89
4
120
25217
12281
7
5782
3880
3
5
0
1
6
2
8
9
101
42
33
148
31834
8580
251
138
462
222
0
433
186
16
420
10
38
207
298
133
94
15105
11819
34
32
41
85
12
19
1415646000
399:0
1
356:0
33
834
-859
2
1
91
-93
0
2:-1
3619
-3618
2
81
-78
240
371
-582
325
-357
-2
860
-613
-196
13
-64
30
-28
-2
1
127
149
-253
-21
291
-292
6
-7
196
-181
522
-44
-488
9
119
-14
-101
129
0
265
-99
-190
-122
11
172
-183
1
42
-34
424
-436
605
-604
34
-29
0
-6
15
-13
10
-8
1796
-1791
280
233
-519
456
-401
-48
229
-237
301
-300
74
-67
-9
5
75
-80
-1
18
-16
0
29
-31
12
-9
-2
17
29
-45
38
197
-183
-4
-30
228
-97
-151
16
-16
34
-26
31
-33
3
2
15
24
-43
-7
3
46
158
-198
22
21
-22
465
-491
117
-17
-104
68
1165
-1228
-4
3
67
-66
-3
49
15
-56
-1
359
-364
133898
-133890
10181
-10034
-152
55
-51
-5
19
124
-3
-118
-24
792
-775
13
67
367
-450
-18
5
-3
3
64
-26
-41
53
206
-83
-149
839
-866
20
-20
122
-31
-90
-2
0
2
56
-58
7976
-1446
-6528
14
-10
-2
-5
24
-15
24
-25
8
0
9
891
-473
-436
1
105050
-104781
-274
-3
389
-384
0
2
11
1540
-1537
-16
23
-1
24221
-15203
-9014
-26
3
-7
10
2
26321
-26332
23
4019
-4003
74
-38
-73
273
3691
-3956
957
-966
-1
13
-13
37
-26
-9
772
-773
3157
-3031
48
-174
400
-403
139
-34
-93
761
72
628
-1471
89
2753
-2832
634
-643
-1
10
24
15
619
-608
-26
-34
106
19
1113
17425
-17707
-947
31
254
3
-231
-57
275
-256
-24
-6
302
-302
37284
-37271
-7
43
-46
81
-51
10
71
-113
252
-243
4220
-4223
87
386
-476
7
-5
12
-1
32
93
1127
-1268
15
4
7
46
2347
-2410
135
173
2
-317
33
-19
28
-42
8
-2
-8
228
-175
153
-197
-2
-7
4
-4
16
86
106
-206
23
0
105
-110
70
-74
-14
26
9
135
-163
5
0
6512
3904
3105
-12868
-623
-43
324
-298
98
-99
48
184
-253
0
228
1
-109
-96
219
13565
-13805
62
-71
111
300
-410
617
-611
1
1530
-1511
-16
-7
7
408
-388
118
8
143
-282
-20
2:0
-4
0
2
-1
4
-3
2
-3
1
-2
1
2
1
2
-4
3
2:-2
1
-3
6
-3
3
-6
3
1
0
-3
-1
0
5
-4
5
-3
-1
1
-1
1
-2
-1
1
-1
0
6
-3
2:0
1
-2
1
-2
2:0
5
-5
3
-4
4
0
-1
1
-3
3
2:-2
3
2
-2
-3
2:0
2
0
1
2
-3
3
-3
2
-3
1
2:0
5
-7
3
-3
2
-1
3
-3
0
3
2:-2
4
-1
-3
7
2:0
-5
0
-1
4
-3
0
1
-1
5
-4
-2
-1
2
4
-3
-1
5
-5
-2
1
4
-2
0
-1
2:0
-1
3
-4
4
-3
3
0
-3
1
-2
0
1
0
6
-6
1
-1
5
2:-2
-1
1
2:-1
3
2:2
-7
1
2
0
-3
3
-2
3:0
4
1
-5
5
-6
3
1
-1
1
2:0
-2
4
2:-3
1
2
-2
2:0
2
-1
4
-5
-1
3
0
2:-1
1
-2
0
4
2:0
-2
0
-1
2:0
3
-4
4
-2
0
-2
6
1
-6
4
-4
5
-3
0
-2
-1
0
4
0
-2
-1
3
-3
0
1
4
0
-5
0
5
-5
1
0
3
-4
1
4
-6
2
1
-2
1
-1
1
0
-2
3
-2
2
0
-3
0
7
-7
2
1
-3
4
-4
1
5
0
2:-3
1
-1
2:3
-3
-1
-2
3
2
-5
6
2:0
-3
1
0
1
-4
0
3
-3
1
4
-5
-1
4
1
0
-4
6
-6
3
-4
2:2
-2
1
-3
6
0
2:-3
1
0
1
0
-1
1
4
1
-6
0
4
-5
3
-2
-1
1
2
-2
1
-1
0
-1
4
-4
4
0
-2
3
2:-2
-1
3
-2
3
2
-4
2:0
-1
1
2
-2
5
-1
1
4:0
3
-3
1
-1
2
89
-91
0
2
-1
9
1
-1
-7
-1
-2
2
0
-2
6
-5
0
-1
2:0
10
-9
0
-1
0
3
-3
1
-1
2
7
3
-10
-2
0
4
-4
2:0
1
12
-7
-6
2
2:-1
0
12
-10
-2
1
0
-1
2
6
-7
-1
3
-3
2
-2
8
-8
2
-1
0
7
-8
0
12
-12
9
-6
-1
0
2:-1
1
-1
1
-1
2
-2
1
4
-5
1
-1
3
-3
2:0
33
-29
-3
0
1
53
-55
2
-2
9
-9
18
-15
-3
3
7
4
-12
-2
2
-2
20
-20
20
-18
-1
20
-21
15
-11
1
-1
16
-20
0
5
4
-9
1
9
-6
-1
0
63
-62
1684
-1688
109
-91
-17
2
0
-1
9
-7
0
7
-4
-3
-1
8
-6
-4
5
-4
-1
1
0
9
-8
-2
0
29
-30
18
-2
-13
-3
0
11
8
-16
-2
3
-1
1
-4
387
-250
-136
2
-2
-1
5
-5
0
3
-1
-2
8
-2
45
-34
-14
-2
357
-354
3
-7
26
-25
2:0
2
37
-29
-4
-6
0
125
-122
4
-5
-1
1
-3
5
636
-638
3
107
-110
7
-1
-9
87
99
-183
36
-39
2
1
-3
2
-2
3
117
-119
131
-125
7
-11
27
-30
34
-33
2
176
-173
19
-20
5
-1
-6
74
-76
0
2
0
16
-6
4
-17
3
2
-1
31
277
-296
-11
-3
4
29
23
-57
1
3
-1
-4
2:0
253
-253
3
4
-7
1
0
4
10
-15
0
6
366
-372
2
10
-11
3
8
-11
0
1
6
84
-92
1
4
-5
41
-29
-2
-8
-1
47
-40
16
-23
23
-24
6
3
-7
8
-3
7
-10
-4
2
6
-7
1
15
-15
-2
4
0
10
-9
1
-4
-2
4
-2
2
-4
6
-1
122
207
-36
-296
1
-2
89
-87
12
0
-11
74
-74
-2
0
19
-14
-7
3
398
-400
30
-28
-3
12
-11
15
-8
-7
61
-62
2:0
4
17
-18
3
-1
23
-28
16:0
2
-2
3:0
1
-1
2
-1
0
-1
1
22
0
-23
15:0
1
-1
8:0
4
-4
4:0
1
-1
2:0
1
-1
12:0
1
-1
6:0
1
-1
0
1
-1
2:0
1
-1
5:0
1
0
-1
2:0
1
-1
2:0
1
2:0
-1
2:0
1
-1
5:0
2
-2
3:0
1
-1
1
-1
1
-1
3
0
-3
5:0
5
-5
2:0
1
2
-3
6:0
2
-2
4:0
1
-1
0
1
-1
5:0
4
-4
2:0
1
0
4
-5
1
-1
0
1
-1
4:0
1
-1
3:0
1
-1
13:0
2
-2
5:0
5
-5
2
-2
17:0
1
-1
0
2
-2
0
1
-1
6:0
1
-1
1
-1
13:0
1
-1
4:0
1
-1
2:0
1
-1
2:0
1
-1
1
-1
4:0
1
-1
0
2
-2
5:0
2
-2
2:0
1
4
-5
3:0
1
5
-6
8:0
1
0
-1
0
1
-1
2
-2
18:0
2:4
-8
5:0
1
0
end
