v1
754
743
222
264
52
187
29
239
99
248
314
237
1
57
56
21
1
146
1217
242
401
191
321
72
204
56
195
271
22
65
338
93
129
4
118
33
134
501
34
38
278
525
68
77
102
31
200
302
4
100
153
262
194
63
79
57
139
93
287
196
140
441
163
8
148
0
144
139
98
396
442
125
1
213
36
90
108
807
75
60
327
124
339
0
217
37
113
0
270
409
7
300
94
275
16
861
286
8
109
308
168
26
30
12
33
38
6
19
18
8
4
32
25
46
26
123
4
13
97
8
73
9
74
45
14
0
59
5
65
3
54
69
231
447
518
195
329
28
70
216
6
27
6
116
284
54
121
141
85
101
41
25
234
0
146
5
97
170
15
404
37
299
48
83
299
41
309
226
168
808
199
102
83
205
0
172
56
135
344
75
50
325
636
95
182
5
108
232
128
126
7
8
147
30
10
340
53
339
313
40
20
184
452
245
121
8
43
86
26
19
283
38
100
54
47
61
6
49
92
88
153
59
5
23
193
3
2
151
106
312
86
27
20
63
155
34
31498
22
9
12
31
95
149
0
47
257
112
36
8
22
1152
68
111
71
43
123
15
3
3357
2211
328
1553
3073
2067
6258
1323
1097
2138
2650
9755
793
9128
4449
2
4
8078
9
5
2821
882
943
15
2453
13
474
509
4161
7
11
5
1
1427
15471
104456
3544
1
7716
25
26
41
6
4
9413
32421
18
4
124
29
10
117
20
89
2:5
54642
731
50
109
157
92
1
71
109
27
10
1
2:2
6
4
11
2
726
70
155
20934
13301
7980
498
77
238
1430
539
523
665
436
0
330
202
2:2
1
11
42
86
94
9
28
3
1
43
47
4
5
1
30302
9889
115
64
0
131
45
100
725
1
13
381
139
63
24
253
11
73
41
61
42
24
108
173
13
507
31
10
38
15027
11713
1
163
101
14
28
-488310
65
45
149
57
0
20
49
300
316
72
145
119
181
259
265
48
80
110
0
288
382
321
91
132
1
480
73
131
26
705
135
30
230
143
485
295
566
201
346
161
150
166
63
22
45
79
221
75
142
0
82
139
283
94
37
324
107
363
326
0
368
14
148
235
108
2
796
111
375
151
44
42
29
400
23
79
474
52
0
118
159
63
234
114
79
151
0
84
205
0
185
267
303
123
108
158
0
185
6
7
33
570
226
350
29
19
87
151
56
121
0
151
56
145
118
215
80
87
7
16
26
7
49
3
14
254
39
97
58
5
28
100
53
65
107
29
203
125
9
162
144
7
208
75
19
265
26
51
797
62
27
390
531
62
128
432
1
79
202
307
38
80
19
87
44
119
530
105
0
225
0
662
111
357
22
312
60
157
3
2
66
208
187
543
469
37
254
186
40
6
27
17
183
3
21
389
36
239
623
2
77
95
6
0
115
478
141
285
0
37
6
93
206
256
65
6
37
60
239
16
122
406
45
36
92
73
105
14
114
9
37
2:79
1
157
31
31370
11
0
4
80
23
122
0
4
29
53
129
154
10
87
48
1037
64
17
130
414
22
5523
0
2201
2048
10350
5108
6
11
10519
1620
4874
436
1755
2158
872
1274
1394
8075
18
2810
4296
995
1012
8121
531
115874
5279
47914
21
37
174
47
99
57
55447
47
10
55
47
79
2
27
18
0
57
55
91
4
51
781
127
6
7888
10815
5387
1178
16967
1103
2056
133
10
1680
9
17
9
68
10
38
13
0
13
0
25
4
37
69
31881
8746
54
844
292
336
433
13
560
30
72
71
37
19
53
14891
12001
86
78
1415687400
399:0
1
353:0
21
-8
65
-62
8
-9
0
-6
2681
-2678
35
278
-162
1565
-1722
2
8
39
-47
1
49
-39
2
-13
219
-205
97
-66
-24
-23
2
0
758
-754
1
374
-370
134
-53
-89
5
-7
5
208
-201
-13
55
-31
-22
108
-75
-34
51
987
-1037
3
-3
11
-9
-3
737
-737
299
-283
0
-5
293
-303
23
57
-81
5
57
-15
-43
-3
31
-5
42
-62
40
-44
0
-3
10
-7
0
14
-11
392
-399
147
-122
-14
113
-113
19
49
-55
18
-39
27
-28
-2
30
6
-35
155
-147
-9
3
226
-227
2
-4
52
-51
3
170
-171
342
-267
-78
4
0
5
-5
59
-63
555
-546
139
-115
-16
-11
170
-174
-2
72122
-72120
7
7074
-6998
-76
9
-5
187
-194
7
120
123
-252
0
-2
0
90
-80
71
2479
-2561
68
558
-589
61
12
490
-596
-2
103
-101
149
-150
2:0
48
-36
89
7465
-6481
-1068
-1
-17
1
37
-6
-33
2
407
-257
-152
166
19499
-19662
250
-255
203
-124
-78
9
-5
900
-871
-20
12
1276
-1288
-14
21
-18
-1
157
-151
7229
-7206
1860
-1875
-8
7
256
-242
105
1004
-858
-254
-23
318
-309
-1
-11
15
-4
25
-35
2
498
1832
-2193
-113
-26
12
-10
14
0
157
-169
33
471
-476
193
-195
-30
264
-241
-8
152
453
-621
21
34
644
-656
-41
44
-43
-1
4
669
15671
-15616
-729
50
51
-58
-37
-6
0
3
-4
16
-10
149
-150
5
58
-14
-46
3
18843
-18836
-18
24
-16
-6
8
54
-62
313
-311
-3
48
-1
1616
-1631
-33
934
-921
-10
-3
4
-3
99
937
2522
-3541
-11
2
-6
66
-63
2964
-2958
-5
17
87
-106
31
107
-135
15
103
-106
-20
0
524
-522
7
58
-62
27
-19
43
-50
24
-29
99
-6
-93
97
-84
-9
4
-9
23
19
-12
-17
32503
-22908
-3413
-6192
4160
-4154
-1
878
-859
-26
24
77
0
-95
64
-54
-4
355
-322
3328
-3363
268
-251
107
-134
319
-307
-10
24
-26
105
-106
24
-23
128
-84
405
1293
-1540
-121
376
-457
132
-100
-37
0
3
-2
2:0
1
-4
1
3
-2
2
1
0
-2
1
-4
0
3
2:0
-2
0
1
-2
1
3
1
-4
3
-4
0
2:2
-1
-2
0
1
3
-3
0
-1
0
2:2
-3
-1
0
-1
2
2:0
-2
2
-2
2
0
-1
2
0
-1
0
3
-4
0
-1
4
-1
-3
3:0
2
-2
4
-4
5
-3
1
0
-2
2
1
-3
1
2
-2
0
-2
4
-2
2
-4
5
-1
-4
2
-1
4
-4
0
1
-1
4
0
-1
-2
1
-3
5
-3
0
3
-4
1
-1
0
3
0
-3
-1
4
-3
2
1
2:-2
3
-2
3
1
-4
-1
1
2:0
4
-4
1
-2
2
3
-4
4
3:0
-3
-2
1
2
3:0
-2
2:2
-1
-2
-1
3
0
-3
2:2
-5
2
3
-3
3:0
-1
2:0
5
-4
-2
5
0
-1
-2
-1
1
-1
1
0
-1
1
2
-3
4
-4
4
-4
1
-2
1
4
-3
-1
2
1
-2
0
1
-2
2:1
0
-1
4
-6
5
-5
3:1
0
-3
5
-4
1
0
-2
2
0
-1
3
-3
0
-1
2
0
2
-4
4
-3
1
0
-2
1
3
-2
2:0
2:-1
2:0
1
4
-4
0
3
-4
2
-2
5
-3
0
2:-1
1
-1
4
-3
-1
4
2:-2
1
3
0
-4
4
-4
1
4
2:-2
2:0
2
-2
4
-4
5
-5
0
1
-2
4
-4
2:0
4
-4
2:1
-2
4
-1
1
-4
2:1
2
0
2:-2
0
2
1
-1
-2
5
-5
5
-5
2:2
1
-5
3
2
-4
2
3:0
-2
3
-4
3
-3
3
-1
-2
2:1
2
-4
5
-3
3
-3
1
0
-3
4
-4
2
-2
4
-3
3
-3
6
-6
2:0
75
-73
2:0
7
2
-11
4
-3
-1
1
-1
5
-5
3:0
1
8
-9
4:0
3
0
-3
17
-16
-1
3
0
-3
2:0
2:1
-2
8
-8
0
6
1
-7
5
-4
-1
3
-3
1
-1
2:0
1
11
-12
2:0
3
-3
2:3
-6
2
7
-8
-1
0
2
-2
3
-3
1
2:0
-1
3:0
2:1
7
-9
18
-13
-5
3
0
31
-34
0
4
-4
4
-4
3
16
-19
0
3
-3
3
-3
10
2:-5
0
5
-5
0
11
-10
20
-10
-9
-1
0
-1
2
3
-3
2:-1
11
-7
2:-1
38
-40
1
1244
-1244
-1
83
-69
-13
5
-3
-1
2
2:-2
0
5
0
-4
1
0
-1
8
-6
-3
19
62
-78
7
3
-11
-2
2
15
-16
17
-16
-1
0
6
0
-2
264
-213
-54
3
-4
-1
5
-5
0
1
35
-22
-14
1
190
-191
4
-3
22
-22
-1
3
0
34
-23
-14
1
88
-87
2:0
-2
3
-2
9
283
-283
84
-94
0
1
12
-7
44
49
-77
-21
-1
5
0
-5
0
1
-1
4
-3
0
72
52
-115
-3
-7
2
2:-1
0
29
-26
8
74
-78
2:-1
-3
17
-12
-7
48
-45
-3
5
16
-1
-11
-6
5
-8
2:0
31
175
-182
-23
4
16
6
-27
0
1
2
-2
1
0
1
-3
2:0
2
-2
2
135
-137
6
0
-5
1
4
-1
-5
0
4
-4
3
-3
313
-311
-1
13
-14
0
5
-3
-2
3
68
-70
1
0
-1
6
3
-10
23
-19
7
-9
17
-19
3
-3
0
3
0
-2
3
-4
1
2
-1
9
-9
-1
0
11
-9
-3
1
5
0
-6
10
-9
-1
5
-5
3
-1
7
-4
1479
-1248
70
-305
41
-36
-5
125
-124
-2
0
20
0
-20
18
-16
-1
94
-93
67
-69
21
-14
-4
1
85
-87
-2
14
-14
9
-8
-1
2:0
6
22
-26
2
5
7
-16
13
-13
14:0
1
-1
6:0
16
-16
5:0
1
-1
6:0
2
-2
5:0
1
-1
1
-1
11:0
4
-1
-2
-1
13:0
1
-1
39:0
1
2
-3
3:0
1
0
-1
3:0
1
0
-1
9:0
2
-2
2:0
1
-1
10:0
2
-2
2
-2
2:0
1
0
-1
2:0
2
0
-2
4:0
2
-2
2:0
1
2
-3
9:0
2
-2
1
-1
4:0
1
-1
2:0
1
0
1
-2
2
-1
0
-1
2
-2
7:0
1
-1
6:0
1
-1
13:0
1
0
-1
0
1
-1
4:0
2
-2
3:0
2
-2
9:0
2
0
-2
2
2:-1
3:0
1
-1
4:0
1
-1
0
1
-1
9:0
2:1
-2
5
0
-5
3:0
1
2
-3
3:0
1
-1
7:0
2:1
-2
12:0
1
-1
2:0
2
-2
1
-1
2:0
1
-1
5:0
end
