v1
868
743
486
52
17
136
34
29
27
440
12
69
3
35
214
100
216
21
52
6
19
37
21
1
28
118
542
165
58
282
59
111
49
53
140
130
462
159
32
74
13
17
26
72
36
96
128
169
186
111
101
76
258
194
22
118
54
72
41
130
183
260
495
374
46
84
51
31
58
167
277
133
37
87
20
156
86
257
79
48
9
139
166
110
104
36
130
79
125
197
106
104
171
297
25
109
494
107
237
44
54
126
147
66
69
57
31
345
316
181
42
135
196
131
39
55
30
339
144
69
41
0
27
86
35
312
154
178
7
394
275
16
124
346
9
382
101
185
8
404
181
56
45
2
4
19
13
25
18
8
5
6
19
6
17
7
1
46
5
0
21
110
11
5
1
118
73
9
12
62
59
64
65
41
16
55
127
8
110
85
362
78
92
3
120
94
131
414
37
73
304
10
33
6
116
104
42
138
54
121
141
85
142
259
146
102
185
129
275
6
330
10
5
33
66
17
70
229
41
309
219
7
168
62
746
199
102
83
377
56
109
2
24
344
75
18
32
47
278
214
413
9
19
258
63
196
2:6
202
19
38
69
7
8
106
41
40
81
298
14
339
308
45
20
77
107
245
207
34
141
17
53
121
8
43
74
12
26
273
29
38
100
54
47
31
30
35
20
92
88
153
59
5
20
3
93
100
5
151
54
52
297
101
47
218
34
31498
6
16
9
208
29
50
47
173
69
127
36
8
22
986
64
30
72
68
111
71
166
15
3
47
3310
2211
2
322
4
1553
5140
8678
2138
1878
772
9755
3
6917
3001
3064
1385
2
4
8087
5
16
2805
882
943
15
2466
474
508
1
4160
8
1
8
2
5
1
1414
13
3523
103306
0
13098
0
3544
1
1735
5981
25
73
9417
8694
23727
18
4
163
117
1
19
30
23
36
2:5
11
55362
50
109
157
7
2
27
18
0
23
15
1
18
53
109
27
10
3:1
3
7
2
11
2
1
754
0
20
176
7825
4975
8134
3093
10208
3251
4729
575
238
247
1183
539
523
665
436
532
2
3:1
6
47
58
28
94
9
26
2
3
1
43
47
4
5
1
30302
1513
8172
319
64
9
95
0
72
100
725
1
87
103
204
202
24
253
56
28
41
32
71
47
0
85
698
0
19
7
48
16
15011
11712
2:1
163
115
23
12
-488317
57
53
233
42
122
128
346
228
2
7
15
10
42
32
50
151
64
52
51
197
65
137
3
83
43
251
22
36
428
51
361
133
466
234
300
133
196
170
298
0
203
473
181
79
75
21
312
51
3
70
195
88
22
205
71
25
0
49
271
39
22
71
130
0
89
540
392
323
239
283
71
188
147
39
118
35
168
22
29
0
84
215
0
55
377
256
11
60
128
74
183
188
265
269
144
83
132
968
23
210
82
509
92
312
55
227
24
22
185
147
11
27
35
129
7
97
278
262
135
291
30
16
102
159
404
44
92
84
102
1
197
33
67
63
30
20
106
3
77
70
88
26
74
61
52
5
20
8
100
18
35
161
368
322
567
61
86
10
222
158
399
417
292
45
86
108
29
33
0
128
0
22
316
393
0
24
9
91
53
108
5
268
649
0
34
0
4
55
194
301
242
273
357
217
117
105
183
24
14
175
88
156
420
348
96
377
80
121
58
53
458
76
26
173
6
0
57
563
99
285
40
322
55
363
55
35
44
37
210
156
195
15
0
50
4
2
295
304
53
56
195
0
22
126
86
108
40
72
83
20
1
23
36
18
25
154
3
1
31405
2
9
33
31
42
4
0
49
66
86
106
23
69
89
6
8
58
69
67
1027
167
102
212
7162
671
0
7282
1771
8453
2331
815
10221
3663
436
3913
3
869
10709
34
2814
1873
7591
5017
103035
13327
53094
99
0
36
0
15
7
9
125
6909
47965
816
159
328
61
4
2:34
675
7
98
101
7
6
0
7833
28412
6474
4457
10
9
69
47
26
25
0
4
153
4
40630
605
26
5
134
46
586
86
0
430
139
106
3
188
124
116
0
15199
1973
9972
29
33
2
33
1415675400
499:0
1
367:0
83
5
-53
-29
5
17
-20
-3
10
-10
50
-44
3480
-3386
-92
12
51
-68
172
-161
1845
-1857
26
-19
31
-31
-6
0
46
-38
-4
-7
4
36
-39
77
-75
1
32
-17
26
-31
-7
54
-35
274
-296
8
114
-124
0
115
-56
715
-731
7
-49
830
-832
15
124
-50
228
268
-585
7
-1
56
-41
53
-72
750
-705
-48
33
43
16
-30
-57
424
-419
21
23
-51
-3
23
-21
1
4
12
515
-213
-319
30
223
277
-489
-37
21
51
-71
5
176
-170
17
-28
9
51
-51
49
22
-86
152
-146
-5
56
-8
-47
7
1
0
3
-11
-1
0
315
-305
630
377
-798
-183
-29
29
-31
202
-207
-1
49
-48
23
54
-72
-6
5
21
176
-197
-4
0
278
-222
-37
0
-15
-4
77
-66
-8
-1
9
-6
40
-44
25
234
-50
308
-519
51
7593
-7615
151
-179
5
3
-8
0
161
-163
12
-10
5
2
128
-129
34
-28
4
337
-349
71862
-71858
7230
-6954
-270
-2
7
33
-30
6
65
132
-145
-80
3
10
-2
2128
-2132
39
2:-24
819
-811
-7
32
82
522
-634
1
48
-50
0
106
-104
110
-103
-1
5
-12
-2
37
9980
-9156
-849
16
-29
48
10
-31
-16
-11
108
-102
-4
40
-41
767
-764
23
522
-541
160
-162
17596
-17256
-339
-1
503
-498
204
-198
19
-35
1268
-1268
42
29
-42
-14
658
-661
2807
-2734
-83
13
-8
-3
16
61
-59
14764
-14681
-105
4144
-3492
-611
6
511
-544
178
2222
-2409
1019
-1008
-17
262
-241
-16
640
-642
0
24
19
646
2410
-3100
223
-206
-14
0
28
208
-52
-189
868
58
-808
337
-445
-9
22
16
-34
397
-364
1609
-782
-835
8
86
935
-1054
2
856
-589
-185
-82
796
-800
17341
-16123
-1220
0
21
5
123
33
-151
-28
18
-18
11
7
-21
958
-951
4
18
-15
-10
49
-50
179
19582
-19724
-17
-15
49
-52
-3
1
2:0
45
87
-127
3
341
-283
4550
-4615
27
-29
906
-903
-4
-1
3
11
-14
71
2175
2868
-5112
4
32
-30
127
-127
1
111
-115
-4
18
-12
128
-129
2
59
-32
50
-78
17
77
-99
17
33
67
-119
0
3
0
156
516
-582
-89
1
0
1
-5
97
-94
0
-2
54
146
30
-223
73
-24
-56
1
3
5
-6
199
-203
90
-37
-41
257
19300
-6196
-2440
-10924
132
-120
-15
918
-922
0
-1
351
661
-1010
-1
0
73
-52
13
1429
-1458
-4
794
-74
-374
-154
-190
1095
-1028
-65
75
-83
3
158
-159
1
57
25
740
-788
2728
-2651
4541
-4612
600
-496
-135
-10
-8
5
-3
-1
0
-1
2
3
-3
-1
2:1
2
-4
0
-1
1
2
0
-1
2:1
-3
4
-5
3
-2
3:0
-1
4
1
-2
-3
1
0
-1
2
1
0
-3
3
-2
1
3:0
1
-2
-1
3
2
-3
-1
2:1
-2
3
-3
2
-2
2
2:0
-2
1
0
2
-2
1
-2
0
3
-4
3
0
-3
2
-1
0
-1
3
0
-2
3
-3
2:0
4
-3
0
-2
2:1
2:-1
2
1
-1
-2
3
-2
-1
2
-1
1
-2
3
-1
0
-2
0
2:1
3
-3
2
-3
1
0
2
-3
2
-1
2
-4
4
1
-5
1
-1
4
-3
2:0
3
-2
0
-2
3
1
-3
3
-4
2
-1
0
1
-1
3
2:-2
2
0
-1
2
-2
0
4
0
-3
2
-4
2
-2
5
-4
2:0
2
0
-2
4
-2
0
-2
2:1
-2
1
0
-2
3:1
2:0
-2
1
-1
0
1
3
-4
1
-2
0
1
0
2
-2
2:2
-5
0
1
3
-3
-1
5
-4
1
-2
2
1
0
2:-1
0
1
-2
1
4
-5
0
2
0
2
-2
2:0
1
0
-1
2:0
-2
2
-2
3:0
2
2:-1
1
0
2:1
-2
0
1
2:-1
3:0
5
-4
0
2
0
2:-1
2
0
-3
2:2
-2
-1
0
2
-3
4
-4
1
0
1
2:-1
1
0
-1
0
2:2
-2
1
-3
5:1
-1
-4
3
-1
2:0
-1
1
-1
0
2
0
-3
0
5
-2
-3
3
-2
3
-4
0
2
3
-5
3
-1
0
3
-5
2
-1
1
-1
3:0
3
2:-2
2:1
-2
2
-1
2
-3
1
3
-4
1
0
1
3
-4
2
0
-3
2
1
-3
3
-2
-1
1
-1
3
1
2:-2
4
1
4
1
2
-6
1
3
-4
0
4
-4
2:0
125
-125
2
-2
1
-1
12
-9
11
-14
8
-7
1
25
-26
1
2
-3
0
-1
2
1
-3
5
-5
1
-1
5:0
2
2:-1
0
10
-9
0
2
-1
1
3
-6
6
23
-29
1
11
-9
-2
0
-1
2:1
-1
3
1
-5
0
5
-5
3
5
1
-8
0
2
0
-3
1
3
-4
2
-2
1
0
2
-3
12
-12
1
4
5
-10
2
-1
8
-8
-1
13
-10
-3
3:0
2
2:1
-4
1
2:0
2
0
-3
1
2:0
4
-5
0
1
-1
5
8
51
-55
-5
-4
2:0
5
-5
1
31
-32
2
6
-7
-1
2:2
27
-30
1
-2
0
2
1
4
-6
2
12
-6
-7
0
-2
3
-2
-1
8
22
-28
42
-44
4
3
-1
6
-12
2:2
-3
-1
12
-12
1
0
-1
2
1
-2
5
-4
-2
62
-54
1462
-1470
97
-69
-25
-3
6
-2
1
-2
4
-6
11
-10
-2
8
-3
2:1
15
-17
-4
126
-127
1
5
14
-6
-9
2:-2
-1
0
15
-14
21
-21
7
-3
-2
0
1
393
-354
-38
-3
-2
9
-9
0
3
-2
9
-8
-1
7
-8
48
-46
-1
22
-17
-5
0
215
-207
-9
2
38
-37
-2
8
-7
-1
41
-42
16
-13
2
-5
14
-11
94
-93
-4
6
-5
1
9
-8
12
426
-417
-23
132
-132
-1
5
12
-16
91
19
-110
40
-41
0
10
-5
-2
1
-3
-1
9
-4
154
0
-159
20
-14
-4
-2
1
34
4
-39
29
126
-146
7
-11
-5
1
8
-6
17
-16
88
-88
-2
4
-1
15
-18
-2
25
-16
-4
-5
52
-52
329
-296
-25
-8
2
-2
32
1
-29
0
2:-2
0
3
-3
2
-2
2
-2
1
-1
0
1
4
198
-203
6
-5
5
-6
2
0
3
0
14
-5
-13
-1
0
11
539
-550
3
-1
16
-9
-8
-1
2
2:-1
7
65
-71
2
0
7
1
8
-13
0
-4
12
-1
-13
2
41
-39
-2
35
-33
29
-31
1
3
-6
4
0
6
-10
2:1
0
-2
1
-1
2
1
-2
1
-1
14
-14
2:0
9
-5
2
2:-1
12
-15
0
-1
3
-2
6
-8
1
10
-5
-6
168
136
168
-469
12
-9
-4
267
-269
1
-1
2
29
-31
2:0
17
-15
1
146
-147
-2
18
1
-13
2
-8
150
-146
-4
27
-26
0
5
1
-1
0
-6
40
-40
3
0
10
-7
2
6
-13
2
-3
7:0
1
-1
0
1
-1
21:0
1
-1
8:0
1
-1
8:0
1
0
-1
11:0
1
-1
15:0
1
-1
2:0
2
-2
17:0
2
2:-1
17:0
1
-1
2:0
2
-2
2:0
1
-1
7:0
1
-1
2:0
2:1
-2
9:0
1
0
-1
2:0
1
-1
4:0
1
-1
10:0
1
-1
2:0
1
-1
3:0
5
-5
11:0
1
-1
2:0
2
-2
3:0
1
0
-1
2:0
1
-1
0
1
-1
2:0
1
-1
2:0
1
-1
7:0
2
-2
2:0
1
-1
2:0
2:1
-2
7:0
1
-1
3:0
1
-1
3:0
2
3
-5
4:0
1
-1
4:0
1
-1
10:0
2:1
2:-1
7:0
1
-1
17:0
11
-11
10:0
2
-2
2:0
2
2:-1
4:0
1
-1
7:0
2
-2
0
1
-1
3:0
1
-1
3:0
end
