v1
628
307
10
716
196
191
14
34
26
406
64
119
79
29
33
173
67
170
1
0
51
6
19
37
22
28
118
496
46
236
269
248
3
21
140
297
0
117
178
295
0
26
72
36
96
128
15
47
133
263
8
34
143
248
10
194
18
4
137
107
41
435
71
67
69
209
217
54
254
91
21
36
130
58
148
19
277
104
153
20
67
96
79
124
133
79
57
119
20
93
85
157
0
45
196
14
247
106
110
104
46
117
8
297
134
16
97
4
264
390
86
79
272
14
53
69
57
31
82
0
41
341
19
401
258
0
243
146
278
94
119
0
41
27
28
93
469
177
5
118
217
59
115
160
16
15
142
55
164
173
201
111
49
237
8
78
26
269
212
4
36
2
59
6
17
15
43
12
7
25
17
8
46
2
3
21
110
17
13
90
15
0
2
80
74
9
50
6
8
24
26
65
3
0
54
38
17
127
118
74
31
71
198
65
8
129
0
44
120
56
38
131
195
192
137
98
216
33
6
116
104
42
138
54
128
134
85
27
74
41
90
166
3
146
5
86
196
0
129
275
6
17
14
271
5
23
10
36
2
66
17
70
229
41
309
114
43
42
195
339
0
373
96
192
7
102
71
5
17
176
136
55
50
6
109
2
24
42
171
42
89
8
67
18
197
160
318
89
506
12
21
47
129
56
0
46
34
53
75
19
38
69
7
8
106
41
40
104
179
0
110
339
108
265
77
107
242
129
44
37
175
70
63
58
8
2:43
25
6
12
0
6
20
0
288
14
38
100
54
35
12
59
2
95
52
2
86
153
59
5
23
104
94
33
89
0
29
54
52
0
102
92
159
45
47
46
17
155
0
34
91
1
31401
5
1
21
9
12
31
156
5
59
27
44
47
38
88
76
8
58
54
36
8
22
932
54
57
0
24
85
68
111
71
43
123
15
0
3
47
3310
0
2539
1553
5140
4243
3337
1098
707
1431
1500
1150
9755
3
790
830
8298
3064
1385
2
4
8078
7
2
1
0
4
0
3703
943
15
2466
474
509
1014
3154
11
5
1
1427
17
119910
1
3543
1
1735
0
6006
26
47
9417
32379
42
18
4
33
68
10
42
10
118
19
0
53
0
19
17
2:5
0
11010
44413
35
74
70
87
7
2
27
18
39
18
55
91
0
16
37
3:1
8
2
2:1
11
3
725
29
20
40
130
3451
9355
8134
3093
1178
3878
1
5151
2004
1247
4729
575
238
1430
539
334
133
56
665
968
2
3
14
17
3
19
44
12
30
94
9
28
3
1
90
4
5
1
30302
9718
17
333
176
11
0
4
85
600
5
17
104
46
0
240
93
0
15
202
24
0
28
225
11
73
41
61
42
47
13
72
173
164
151
116
94
19
17
38
16
14928
83
11712
2:1
0
163
12
60
43
28
7
-485468
2220
311
3197
1127
1639
881
1223
817
2086
2619
116
5245
900
2394
693
3674
299
1273
308
140
80476
198532
57335
88991
644
190
18088
1415532600
599:0
1
27:0
1
34
-32
19
-18
-3
81
-80
0
28
3081
-3111
3
-2
23
-19
-1
-3
0
9
325
-331
2590
-2583
101
-98
-11
-1
-2
8
-7
159
-113
-45
-1
0
57
71
-128
0
6
17
-24
2
164
-166
2:5
14
2:-10
0
5
-1
-8
6
100
572
-677
44
-44
3
1
-2
4
1013
-1017
-3
2
213
-204
-7
193
-187
266
-247
-26
19
-4
-16
2
10
-12
15
-9
37
-30
-7
381
-384
-4
0
35
-12
-19
-5
3
-1
7
0
-8
37
-38
93
-67
-11
-3
-11
-1
4
134
-135
-3
171
-160
33
-13
-30
2:0
4
-5
5
-4
2:0
30
20
-48
-2
0
23
256
-266
71
-82
-1
331
-332
3
111
-114
8
574
-574
1
-7
5
-6
2
167
-170
6
45
-50
4
-6
4
-3
1
106
-102
-3
-1
88
-70
-19
1
85
-78
0
-7
2
1
-5
12
39
-51
3
67
3
-69
287
-254
-35
2
4
111
-119
0
280
-279
0
1
8
-9
5
130
-133
-3
1
8
-9
118
-117
0
22
-16
18
-23
2
-3
1
4570
-4570
122985
-122937
7637
-7609
-53
1
-26
46
-45
4
-4
1
2
138
-140
4
12
-13
2:-2
15
0
-8
3
-11
219
-216
-3
5
7358
-7360
67
37
-105
1
20
-14
226
-232
49
-49
0
2:-1
2:0
33
-33
3
84
-85
-2
13
0
-12
6
20
-25
3
0
-6
37
-25
-11
6805
-6801
2188
-2191
3
7
-9
-3
36
-30
11
-8
-2
-6
2:0
-1
3
1019
-1014
-6
114
-98
39
-57
53981
-53959
-22
1
0
84
-74
-9
25
-26
724
-724
48
-42
26
-31
2:7
-9
3161
-3157
-11
0
3
-2
0
-1
6
0
94
-91
-2
7
9594
-9604
0
-3
822
-819
40
-39
46
-27
41
1529
-1317
-275
66
-68
1
0
10
-9
6
-2
-4
0
2
0
26
-30
7
-1
0
290
-293
-3
14
951
-961
7
112
-120
5
-8
7
109
-112
678
-682
0
46
-27
-16
-3
42
482
-482
250
-286
4
-9
0
-1
30
-30
37
-36
0
342
-337
0
4
13
-6
-2
208
-118
-73
-30
1
7
-9
875
-876
11686
-10967
-708
1
-8
173
-175
29
-2
-19
-1
21
-23
-6
0
15
-1
5453
-5465
47
-45
0
37
-42
4
33072
-33067
0
-7
28
-28
-2
35
27
-56
2
214
-219
13
1742
-1755
78
-81
321
-319
0
-2
4
2
-5
3
8
-10
-1
2
91
831
-924
0
1
11
4
18
-24
44
-51
2
16
-18
113
-106
-8
-2
0
34
82
-102
-12
10
-13
2
376
-357
6
-13
-10
230
-227
-5
0
-2
8
1
-4
-1
26
-28
0
-1
2
24
1467
-1487
50
-56
2
-1
84
-86
80
-60
1054
-1068
-6
4
19
-23
0
112
-99
2
3283
2930
15452
-21679
4
-4
86
-82
-3
-2
31
-6
-24
0
10
-7
-4
7
3
187
-196
0
5
2:0
543
-351
-179
-3
-14
38
-38
2396
-2387
-8
34
-33
-4
57
-55
129
-80
-46
6
18
9
783
-802
-17
5
2
59
-67
0
231
-231
80
7
-21
-62
-5
27:0
1
2:0
1
-1
0
3
-3
0
1
49
-50
2:0
1
-1
4:0
9
-9
6
2
-6
-2
0
14
-14
3:0
5
-5
3:0
7
-7
7:0
2:1
-2
1
-1
0
1
3
-4
0
1
-1
2
3
-5
2
2:-1
1
-1
3:0
4
-4
0
2
-2
11
-7
-4
4
-4
2:0
5
-5
1
-1
3:0
2
1
-3
5:0
1
-1
2
-2
0
5
-5
3
-1
-2
4:0
13
-13
0
4
-3
4
-5
5:0
1
-1
3:0
6
-6
2:0
1
-1
1
0
-1
0
4
-4
0
24
-24
1
0
-1
0
1
-1
3
-3
3
-3
0
25
-25
2:0
2
-2
2:0
1
-1
0
9
-2
-7
2:0
1
0
-1
0
1
-1
4
5
-9
0
6
0
-5
21
-16
-6
1
5
-6
0
2
7
-9
0
1
0
-1
0
12
-12
2:0
1
-1
7
-7
0
1
0
-1
1
0
-1
0
37
-37
1002
-1002
64
-51
-9
-4
0
5
-5
2:1
-2
1
-1
1
-1
7
2:-3
-1
3
0
1
-4
0
1
-1
1
-1
12
-12
0
29
-28
-1
11
-8
8
-7
-3
-1
5:0
7
-7
0
16
-16
0
2
2:-1
2
2:-1
0
1
-1
0
2
-2
232
-232
87
-87
0
1
-1
0
2
-2
8:0
52
-51
-1
4
0
-3
-1
270
-268
-2
2
0
15
-16
-1
2
-2
31
-31
2:0
7
-7
2:1
-1
73
-72
-2
8:0
7
-6
6
268
-272
-3
0
54
-54
2
-2
4
1
38
59
-88
-13
1
-2
2:0
2:1
-1
0
-1
2:0
1
0
-1
4
-3
0
62
-63
1
0
79
-80
1
11
-12
2:0
2
0
-2
26
-26
0
21
-18
-3
0
16
99
-113
11
-13
6
-6
2:0
3
-3
2
0
-2
66
-64
0
-1
1
-1
0
9
3
-8
-5
3:0
24
-24
162
-144
-14
-3
-1
7
-7
20
7
-25
-2
4
0
-4
0
3
0
2
-4
0
2
-3
1
-1
0
124
-124
1
0
-1
1
-1
3
11
-13
0
-1
2:1
204
-206
5
-5
10
-8
-2
2:0
6
-6
0
1
2:0
-1
3
64
-67
2:0
5
-4
12
-13
8
-6
2
-4
2
32
-30
-4
2:0
11
6
-17
0
5
-5
1
8
-5
-2
-1
10
-11
3:0
1
0
4
-4
-1
1
-1
3:0
7
-5
-1
7
-8
3
-3
2:0
6
-5
-1
2:1
-2
2
-2
0
2
0
4
13
131
37
-187
2
-2
24
-23
-1
0
8
6
-14
2:0
1
-1
0
2
40
-42
4:0
1
10
-8
0
-3
3
-2
193
-192
-2
18
-17
-1
3
-1
-2
0
1
3
2
1
35
-42
2:0
2
5
-7
0
7
-7
2:8
-16
1
-1
27:0
end
