v1
824
297
278
168
0
486
52
178
9
615
51
330
170
1
57
56
7
15
146
214
201
21
271
340
272
32
108
56
251
285
27
294
72
260
184
11
271
22
155
152
96
10
334
33
85
49
160
48
46
203
116
122
61
95
217
54
322
23
21
372
19
277
4
253
20
67
48
53
74
194
63
136
119
0
20
93
68
17
301
111
35
48
77
197
106
275
297
134
90
27
23
354
442
339
69
165
701
65
41
135
104
117
106
10
114
172
0
167
164
90
27
28
328
44
365
7
394
263
12
16
15
197
164
173
231
81
100
186
8
59
60
278
7
116
55
10
27
29
28
17
25
13
25
13
5
4
15
22
3
17
8
46
0
2
3
14
134
13
105
53
29
74
65
8
45
5
65
3
54
55
73
172
426
21
78
92
123
75
0
150
195
329
262
42
10
33
6
116
104
97
83
54
121
141
85
101
41
87
172
146
5
97
185
156
254
31
20
279
10
36
2
66
17
299
41
309
219
175
216
592
301
93
367
56
109
0
2
24
42
171
131
75
18
32
325
125
511
95
182
33
232
0
208
2:19
88
2
5
8
147
40
340
53
548
61
2
36
5
36
4
19
1
82
102
415
37
245
63
58
8
43
86
11
4
313
36
2
100
54
35
12
61
35
112
88
153
59
0
5
23
104
89
5
151
54
450
47
63
53
102
34
67
21
3
31407
22
9
89
115
4
29
53
44
173
97
99
36
8
22
932
54
57
109
68
92
19
57
14
105
61
15
3
47
3310
2211
328
1553
3073
2067
7580
1098
722
1416
2650
7292
2463
3
790
2041
4096
2991
925
872
2652
2
14
0
8068
14
2821
882
943
15
2466
5143
8
1
8
2
6
1427
106828
1
13099
3544
1735
6006
73
9417
32411
7
3
20
2
163
117
20
72
17
5
16
54631
731
50
109
70
87
7
2
15
12
18
24
14
1
71
91
18
27
10
3:1
8
2
2:1
11
728
29
20
161
12815
0
8134
8149
5152
7980
498
77
238
203
1149
78
539
523
665
436
532
2
3
6
5
14
28
86
59
0
4
31
9
8
20
3
1
43
47
4
6
30302
9685
383
176
15
54
31
0
622
103
1
46
53
187
93
15
202
24
95
158
84
41
103
47
46
39
173
525
19
17
38
14805
222
1977
9735
2:1
98
65
72
43
35
-487920
169
280
13
374
248
296
66
36
158
47
126
8
73
195
785
236
9
216
382
65
26
116
0
159
52
430
94
163
86
75
76
11
682
397
0
248
683
166
0
176
48
0
14
586
22
868
120
369
77
32
363
432
73
12
0
515
4
8
862
0
378
194
104
547
32
75
307
214
170
46
147
235
274
333
0
50
77
0
349
151
177
0
129
382
160
835
168
456
348
42
23
67
0
11
0
9
2
11
2
0
8
6
226
155
37
2:5
6
5
0
57
45
14
5
99
71
23
146
0
29
205
287
206
254
545
20
743
47
0
528
127
31
108
56
2
132
17
416
79
328
129
52
38
80
150
119
530
38
199
50
43
41
732
357
334
245
0
158
37
56
93
341
182
520
55
8
603
53
507
179
76
367
6
450
237
125
0
75
437
0
101
44
0
35
14
0
18
253
22
51
248
22
14
139
340
0
83
0
6
0
97
35
214
3
129
175
0
16
40
113
80
6
0
14
40
31584
48
251
41
67
48
92
72
8
22
1223
443
132
7715
0
2048
1394
0
8957
1109
20614
0
414
436
2172
5271
0
8085
3
2825
4780
509
0
125539
0
11261
41910
74
99
156
0
118
11
9619
26416
0
19360
238
78
99
0
59
2
63
21
61
17
716
0
36
15
104
7890
0
10813
5387
1178
11034
7036
2056
132
1
1699
7
2
8
0
9
66
50
43
4
0
73
18
31904
8222
47
583
304
687
362
281
0
91
0
141
0
245
431
89
77
26685
0
233
111
22
0
1415514000
499:0
1
323:0
9
0
6
0
76
-80
-3
82
3834
-3914
98
-86
-12
868
2802
-3672
13
22
568
-599
-6
6
-2
-3
1
60
-53
0
26
-34
9
-10
227
-221
1
159
-159
1
-9
74
-33
-38
1000
-995
40
-48
188
-180
-7
334
-334
515
-508
649
-657
23
-23
4
0
33
115
-133
105
-111
-11
75
672
-691
-33
22
-39
-5
0
6
2
67
-61
-17
30
92
-99
-1
0
-4
90
-108
1717
-1714
3
56
172
-47
-133
-41
-12
-1
52
-52
55
-55
4
10
-11
10
-10
0
72
-75
1
136
-114
2:-11
3
1392
-1134
-177
291
-276
-98
-2
2
35
-16
72
-93
39
0
-39
995
-988
-3
21
-22
7
-8
6
-8
37
-31
318
-305
1
76
-96
8
-8
220
-215
108
-110
2:0
130
-129
49
-53
166
-151
363
-307
-69
49
-51
13
72
-81
-2
19
18
127
-159
44
-46
27
105
-134
0
20
-23
344
-76
-268
87925
-87854
3354
-3197
-225
3
12
31
2341
-2148
-61
-181
141
-124
40
-57
136
-135
20
-21
6
1
-5
164
-149
18
446
-478
32
-17
140
-157
23
-23
10
69
85
-91
644
-693
-14
-2
7
17
-16
-13
6272
-5165
-1110
45
-34
-4
-6
-1
43
-28
-14
4
888
-893
0
724
-724
51
143
29491
-29655
-20
301
-308
-3
5
101
-100
9
-9
-2
8
-9
1180
-1183
55
105
-118
-30
3717
-3713
14
-29
25
-5
-16
44
68
10510
-10623
14
1335
-1344
42
18
-56
119
-2
2005
-1714
-405
93
-8
-100
71
-59
-2
1
0
118
445
-575
1
10
2604
-2473
-109
-29
-1
336
-339
13
221
-74
-88
54
817
-877
322
-383
-2
-3
24
-21
5
47
-52
21
-25
461
-453
12
-16
68
70
822
-891
-65
33
-41
4
-3
771
19130
-19887
955
-968
2
1
10
12
-25
-2
66
19
-82
-1
4
148
-153
17
-5
324
-336
1
4229
-4224
10
14410
-14394
-12
-10
44
-51
194
-194
424
-370
3001
-3055
-3
76
-75
478
-480
30
-21
-7
289
417
-708
2
29
-14
3
-19
115
-114
3
-1
13
-11
0
104
184
-279
-15
65
-25
28
-68
10
1
-8
17
276
-260
52
-83
34
-29
79
-84
-2
48
-50
27
74
-97
11
-8
28
-31
55
-44
56
-64
23402
-23238
-150
-1
-10
39
-49
221
-196
-23
0
2:7
24
-21
9055
-3335
10531
-16266
126
-101
681
-689
-20
56
4
-61
252
-249
-2
-1
100
277
-377
124
-125
1
421
-246
-107
-63
70
364
-385
-35
-2
-16
56
-58
4
14
1
426
-423
-5
2
-17
308
-267
-43
1404
-1268
-13
-122
-2
-4
4
-1
-3
3
0
-3
2
-2
1
0
2
0
1
2:-1
0
-2
0
1
2
2:0
-2
-1
2
2:1
2:-2
3
-3
3
2:0
2:-1
2
2:0
-3
0
3
1
0
-2
1
2:-1
0
-1
1
2
-3
0
2
-1
0
2
0
-2
0
-1
0
2
1
-1
1
-2
2
0
-1
-2
3:0
3
-1
1
-2
-1
0
2
0
2:1
0
-2
0
2
-1
-2
0
-1
0
2
0
2:-1
2:0
4
-1
1
-2
2
0
-3
2
2:0
-2
1
2:0
2
-1
2:0
-2
2:1
-1
3
2:-2
1
-2
0
1
-1
0
1
0
1
0
2
-2
-1
3
-3
-1
4
-1
-3
4
-1
0
1
-2
-1
1
0
-1
2
-2
0
3
-1
0
-2
-1
2
-2
0
4
2:0
-4
4
2:-2
3
-3
3
-3
0
2
-1
0
-1
1
0
-1
3:0
4
-3
-1
2
2:1
-1
-3
3:0
3
0
-1
1
-1
2:0
-2
0
1
2
1
-4
1
0
3
-4
2
-1
0
1
2
2:0
1
-4
-1
2:1
2:0
1
-1
-2
0
3
-2
2:0
3
3:-1
0
-1
2:1
-1
4:0
3
-3
-1
4
-3
2:0
4
-5
2:0
2
1
-1
1
2:0
-1
0
-1
3
-4
3
2:0
-1
1
-2
0
-1
1
-1
2
-1
0
-1
0
4
-3
-1
2
1
-3
1
-1
2
-1
0
2
1
-2
1
-2
4
-1
1
-3
-1
0
-1
3:0
5
-3
2:-1
3
0
2:-1
2:0
4
-3
2
0
2:1
-4
9
71
-79
0
-1
1
20
-8
-12
5
2:-3
2:0
2
-1
1
-2
6
-6
1
7
-8
2:0
2
-2
2
5
-6
1
-1
4
2
-5
2:-1
6
-6
3:0
2
-2
0
6
-5
-1
4
-3
0
-1
2
14
-16
8
-7
-1
2:0
14
-14
7
-4
-3
0
2
0
-2
3
-3
1
-1
1
-1
2:1
14
-16
4
-4
2:0
7
2:1
-4
-5
1
0
-1
5
-5
2:0
1
0
-1
0
9
-9
1
2
-3
4
-3
3
6
24
-34
14
-10
-4
2
-2
2
-2
5
-5
5
28
-33
0
1
-1
2:0
3
-1
1
-3
7
-5
50
-49
-2
8
-9
1
-1
4
-3
16
-12
0
-3
2
-4
6
-3
22
-25
26
-19
-3
-4
0
2
4
-4
0
2
-4
15
-15
5
0
-5
3:0
2
-2
53
-53
2
1497
-1499
86
-58
-23
-5
4
2:0
2:1
2:-3
1
9
-9
2:0
10
-10
3
-3
-1
28
-23
-4
82
-80
-3
5
10
-12
2
-3
-2
15
7
-15
0
1
-6
0
5
-2
-3
-1
342
-286
-56
4
-3
-1
5
-6
5
-3
0
1
56
-55
-4
17
-16
7
-6
242
-241
-3
36
-35
1
0
-2
2:0
5
-5
5
-5
45
-45
19
-13
-5
2
104
-106
6
-7
0
11
-11
5
18
400
-419
3
116
-123
6
5
-6
67
-1
18
-56
-28
-2
6
-6
6
-7
1
-1
-2
2
128
-129
-1
1
141
-132
-2
-7
3
2:-2
6
35
2
-43
25
145
-160
8
-17
3
-3
5
2:-3
13
-13
4
-4
102
-100
2
2:-2
37
-10
-14
-11
5
-6
-1
0
41
245
-286
25
-20
-5
1
-1
2
4
-4
15
20
-37
2:0
3
-2
1
2
6
-9
2
0
-2
1
141
-131
2:-6
2
1
15
-18
1
9
532
-542
2
5
-3
12
2:-7
-1
0
8
62
-69
-1
1
7
2
-11
16
-14
3
-5
2
5
-7
2
35
-34
-3
34
-30
37
-40
3
0
-4
3
7
-9
11
-3
-2
-7
0
1
-1
4
-4
4
9
-11
-1
1
-2
1
8
-2
-4
-2
16
-2
-15
5
-5
2
-2
3
-2
-1
0
2:3
1
-5
34
175
321
-531
10
-8
151
-150
-4
24
-9
-14
1
2:0
-1
1
130
-132
2:0
3
-2
23
-14
-8
2
115
-115
12
-14
-2
1
2
3
-2
6
12
-22
5
-5
0
12
-2
-10
20
-12
11
-19
4:0
1
-1
2
-2
7:0
14
-14
2
-2
2:0
1
2:0
-1
11:0
3
-3
18:0
1
-1
10:0
1
-1
3:0
1
-1
4:0
1
-1
15:0
1
-1
16:0
2
-2
2
-2
2:0
1
-1
2:0
1
-1
0
1
-1
8:0
2:1
-2
7:0
2
-2
18:0
1
0
-1
2
-2
0
1
-1
13:0
2
-2
29:0
1
-1
1
0
-1
14:0
2
-2
1
-1
0
2
-2
10:0
1
0
-1
2
-2
33:0
2
2:-1
18:0
3
-3
8:0
end
