v1
728
212
85
0
226
220
79
50
93
223
41
52
124
63
13
39
84
101
378
228
86
237
1
38
2:19
37
22
65
81
221
486
59
258
295
58
34
48
222
370
159
23
37
174
36
10
86
70
58
15
0
180
112
143
16
22
12
295
106
83
133
19
225
41
144
16
161
252
70
208
202
0
15
374
2
4
73
102
7
24
58
444
4
10
58
32
153
176
12
74
257
79
196
276
59
45
0
166
50
0
22
523
16
0
151
12
8
186
106
5
25
106
3
16
45
140
293
442
99
26
1
156
57
69
0
10
78
64
0
281
41
60
110
222
106
128
7
57
164
230
214
30
7
88
21
196
37
27
28
56
87
238
24
149
83
34
66
7
394
275
16
15
197
258
27
24
209
131
44
56
114
72
8
78
31
295
181
56
45
6
13
19
25
13
5
12
7
16
9
17
7
1
46
5
14
7
0
70
40
13
4
13
105
82
1
11
62
40
5
28
45
5
65
3
0
35
57
17
245
381
65
1
78
440
195
219
0
110
45
257
2
10
6
27
6
116
104
81
99
54
121
141
85
101
41
87
3
169
129
0
22
50
217
144
79
196
6
17
14
10
289
10
5
33
83
70
229
41
309
219
7
90
78
50
758
199
102
71
22
121
246
24
26
6
0
109
2
24
0
42
171
131
75
50
6
319
407
229
48
229
33
80
96
50
44
42
53
37
2:38
5
14
69
7
8
106
41
40
158
221
14
206
0
133
108
162
2
0
81
20
184
8
158
79
2:85
37
34
0
141
70
121
8
11
32
43
25
0
18
328
38
100
54
35
12
31
22
8
55
72
20
23
65
153
59
5
20
3
104
89
5
33
118
54
31
11
10
119
2
73
159
45
27
20
63
155
34
91
0
1
31401
4
1
8
14
9
12
43
232
3
14
30
85
88
36
2
39
119
15
21
8
22
17
969
57
37
50
22
68
111
71
61
105
15
3
47
281
3029
2211
2
322
4
1553
12720
1
1097
707
1431
2650
9755
1623
8298
4449
2
14
8077
0
5
2807
9
0
1830
15
3451
4159
8
10
5
1
1427
106829
13098
1
3543
1
7741
26
0
47
4
9413
28772
3639
10
22
153
10
6
0
30
81
1
19
89
5
16
54631
731
0
50
82
27
157
9
0
27
18
0
39
18
53
109
27
12
1
10
2
11
2
1
754
20
12976
5840
0
2294
3093
10208
7980
575
238
247
1183
206
333
467
56
665
436
532
2:2
1
5
17
27
1
3
1
42
27
16
10
84
6
1
0
2
28
3
1
43
47
4
6
30302
1513
8273
282
176
15
85
600
22
103
1
13
366
15
202
24
161
92
11
45
28
41
61
42
0
8
39
85
186
475
37
19
17
38
15027
1977
9735
2:1
163
72
43
20
8
7
55
-488307
119
29
580
514
470
393
881
709
445
619
1176
546
144
471
514
352
138
412
854
100
689
371
504
255
312
101
765
674
706
276
1081
661
1192
38
173
536
204
455
181
264
187
5
148
40
918
262
385
66
55
110
833
794
62
247
902
118
150
62
672
564
1028
177
702
403
341
126
206
386
21
210
1025
561
1620
533
355
306
14
93
123
17
86
129
24
35
31610
284
88
73
9477
2065
8009
17968
6930
7451
15211
5143
7
174624
320
19
27
36046
19276
381
243
807
134
76
15
45474
628
1054
6
27
163
4
157
4
40630
631
213
1074
245
431
89
14968
16
1415856600
599:0
1
127:0
138
-127
0
-7
4
-4
5
1
-6
-1
2
0
16
314
-330
-2
1
2669
-2659
-12
8
472
-480
444
-442
1559
-1533
-20
1006
-1006
34
-42
7
-1
-5
-1
8
28
40
-25
-51
0
24
4
-26
16
-11
587
-590
0
27
12
-43
126
-122
-4
3
98
-99
9
-6
-4
10417
-10417
21
-19
145
-142
-4
-1
0
49
-46
63
-45
-5
10
-24
644
-647
10
47
-28
-27
0
38
-25
530
-490
5
239
-286
-12
6
2
0
-2
-6
0
8
-9
4
0
-3
4
92
-84
-14
82
-25
-56
215
-215
2
-2
235
-202
-33
7
9
-16
51
-41
-2
-7
4
-1
0
327
-330
13
-2
258
-233
-37
67
-43
-22
-2
19
-15
1594
-1559
-39
19
17
56
1049
-1139
6
9
-10
-6
0
-1
8
960
-606
-305
-41
-4
-11
-1
0
43
-41
2
123
-123
-2
8
87
-94
14
-8
16
2
36
-62
2
176
-179
6
56
-45
-13
77
-76
-4
26
47
-69
3
-8
9
0
72
-70
3073
-3044
-37
82
269
-352
1
96
-99
13
-13
0
7
175
-178
0
-4
2:10
199
-219
6
17
-15
10
-16
2
0
152
-155
-1
36
78197
-78230
137
3253
-3266
-124
-2
17
26
-36
211
-194
-14
152
-132
-28
8
-10
0
4
-1
-4
29
-29
7
-5
0
7
-7
36
-36
2
477
-465
10
83
435
-535
-6
6
-9
6
1
58
649
-662
-50
14
-16
48
-47
0
8
0
29
-30
105
2
-67
-45
5481
-4541
-900
-38
26
-31
5
12
48
-48
-17
5
-3
2:-1
49
-49
551
-545
-1
2
576
-579
36
-34
25771
-25756
-21
145
146
-287
0
10
-8
-5
3
0
128
-106
785
-714
-96
4
-5
7
72
-78
0
19
84
-85
2673
-1738
-930
-16
-7
0
5
-3
94
-75
18992
-19012
83
-82
-1
1570
-1548
-21
37
-30
439
-438
187
1464
-1657
929
-934
7
26
-32
3
12
-16
375
-370
-3
-2
3
-3
5
-5
16
-16
10
516
-525
0
-1
388
-388
1927
-1925
186
-114
-71
-1
9
18
-29
125
-116
174
-183
7
-4
115
-113
403
-349
190
-244
-3
-2
7
-7
45
-39
72
-29
-47
237
-233
30
-6
-28
17
83
-84
-17
862
-816
-47
13
-5
0
1536
7804
-8767
-578
32
-8
22
-49
1
0
108
-107
2
0
7
54
-62
2
6
10419
-10362
-67
66
-66
5
-6
28
-15
277
-281
0
6
81
2150
-2243
8
-2
1888
-1897
2
7
0
-9
38
-35
21
143
671
-835
-2
8
0
41
-48
15
176
-189
0
10
-12
-1
53
-48
-4
44
-42
6
-5
3
82
196
-256
-15
-9
131
-134
1
0
2:-2
12
99
3835
-3932
-4
55
-29
37
-73
6
8
-1
54
-55
-12
3
-3
18
-16
1
28
-31
2:0
52
-48
10
-9
-4
0
7
10912
40659
-43218
-8359
85
-71
945
-941
-20
1904
-1822
-42
-40
7
-6
29
6
872
-523
-147
3656
-3699
-147
-48
247
-246
0
589
-527
-54
17
3
415
-431
92
-70
20
-53
5
16
374
-390
16
-23
134
76
520
-729
172
-173
25
-23
15298
-15301
0
-1
1
-1
1
-1
1
0
-1
3:0
1
-1
3:0
1
7:0
-1
1
-1
0
1
-1
1
2:0
-1
1
3:0
-1
1
-1
1
3:0
-1
0
1
0
-1
1
5:0
-1
1
4:0
-1
1
-1
0
1
2:0
-1
1
-1
3:0
1
2:0
-1
0
1
0
-1
1
-1
1
-1
0
1
0
-1
1
-1
1
-1
1
-1
1
-1
2:0
1
-1
4:0
1
-1
1
-1
1
-1
1
-1
1
3:0
-1
0
1
2:0
-1
0
2:1
0
-1
3:0
1
-1
1
-1
0
7
-7
2:0
1
92
-93
1
-1
2
-2
13
-13
17
-10
-7
5
-3
2
-4
0
1
-1
0
2
-2
5
-5
4:0
1
-1
0
1
-1
0
4
-4
0
4
-4
0
2:1
-2
2
-2
3
30
-33
2:0
4
-4
1
-1
0
4
-3
-1
3:0
1
2
-3
2
-2
1
0
-1
3
-1
-2
11
2:-5
2
-3
0
1
2:0
-1
6:0
2
11
-13
0
4
-3
-1
6
-6
2:0
5
-1
-4
1
-1
0
10
-8
0
-2
7:0
3
-2
-1
3
-3
3:0
1
-1
1
-1
2:0
4
-3
-1
6:0
1
14
10
-17
-7
-1
2
-2
3:0
1
0
-1
0
1
89
-90
2:0
2
0
2
-4
0
18
-18
0
4
0
2:-2
1
-1
2:6
-4
-7
-1
2:0
2
4
24
-25
-4
21
3
-25
0
6
-4
2:-1
0
1
3
-3
0
-1
2
0
7
-9
1
4
-2
0
-2
2:0
46
-47
0
14
1115
-1129
1
88
-72
-17
1
5
-3
-1
4
-1
-4
-1
2
-1
0
-1
0
1
-1
0
4
-4
0
1
0
3
-4
14
-14
1
103
-102
-2
6
4
-5
-4
-1
0
1
0
8
-9
12
-12
2:0
4
-4
1
2
0
2:-1
2:0
-1
1
193
-138
-52
-4
7
-6
-1
1
2
1
-4
1
0
-1
0
1
-1
38
-38
2:0
10
-7
0
-2
170
-165
-6
2
26
-27
0
2
-3
0
1
0
4
1
30
-36
4:0
22
-22
0
4
10
-11
87
-86
0
2:-2
0
1
0
3
4
312
-319
18
-19
1
78
-79
1
3
-4
12
-8
146
-64
-85
24
-25
1
6
-7
2:2
-4
8:0
3
0
1
60
-64
4:0
102
-102
17
-8
-9
1
-1
7
-7
18
-16
25
-27
2:0
12
-12
93
-86
2
-9
4
-3
0
-1
6
-6
15
-10
-5
53
-51
0
1
-3
1
17
-15
-3
22
-15
-7
3:0
42
171
-192
-21
3
12
8
-23
3
0
-2
-1
2:0
2
0
-2
2:0
137
-135
-1
4
-5
2
-1
4
-2
-3
2:0
3
-2
406
-407
2:0
16
-16
6
-5
2:0
4
-4
1
8
52
-60
-1
2
0
4
-7
10
4
-11
0
-2
4
0
16
-15
-5
15
-15
3:1
0
15
-17
-1
1
-2
0
1
2:0
-1
2
17
-15
-3
2
6
-9
7
-6
-1
6
-4
5
-5
-1
3
-4
3
-2
-1
4
-4
2:0
1
-1
5
-5
2:0
6
606
869
-1219
-261
11
-7
167
-171
1
10
0
8
-20
2
-2
2:0
98
-96
0
87
-66
-17
-6
10
-10
0
88
-83
-2
8
0
-11
3
10
-12
4
-2
-3
2
15
-16
0
-1
7
0
5
-12
23
-23
0
1
37
-38
4:0
1
-1
4:0
1
-1
39:0
1
-1
18:0
1
-1
6:0
1
-1
7:0
1
-1
2:0
1
-1
11:0
1
-1
6:0
2
-2
9:0
2
-2
0
end
