v1
842
55
14
37
134
57
0
158
120
9
159
10
119
209
148
52
15
138
34
26
554
35
51
28
31
78
126
105
132
1
57
19
37
7
0
15
146
415
6
75
46
62
103
59
164
117
132
2:70
140
386
54
152
159
32
130
72
46
86
75
53
30
78
61
26
136
24
111
101
228
43
53
0
10
83
111
22
137
14
134
160
18
32
103
260
63
215
86
46
85
140
52
182
0
25
156
31
18
40
30
137
277
14
90
66
54
33
93
95
74
29
83
145
47
32
48
9
20
0
119
93
7
66
110
59
45
166
14
30
160
138
165
85
190
297
134
90
360
8
36
83
129
176
54
245
94
69
57
31
230
16
175
25
215
117
64
1
41
69
59
0
7
104
117
145
75
10
0
214
125
87
167
0
27
84
37
50
185
53
163
18
93
5
77
7
288
106
115
0
43
59
58
109
119
0
159
5
81
13
51
125
34
130
51
294
59
50
295
0
59
0
122
27
13
16
45
25
13
25
18
4
8
7
25
24
0
1
46
2
23
124
4
13
83
22
53
20
9
1
65
8
45
14
35
11
18
65
38
19
38
17
14
113
118
87
18
276
66
0
83
87
3
22
98
94
131
134
26
35
219
6
104
45
257
2
10
33
6
116
104
13
167
54
99
22
35
106
85
101
41
25
62
3
0
108
61
146
5
19
49
214
8
121
275
23
14
271
28
10
36
1
0
1
83
70
29
200
41
216
93
114
86
7
5
2:7
0
125
238
613
15
184
0
102
61
0
10
5
17
195
117
55
50
6
106
3
2
24
42
115
66
72
49
75
18
32
47
278
81
237
57
20
124
117
30
0
132
115
12
21
226
6
0
27
53
128
19
38
69
2
5
8
147
40
283
96
14
206
133
29
79
63
38
144
0
20
51
2
24
5
102
64
165
13
118
52
3
0
30
7
175
17
53
121
8
11
32
43
88
0
7
225
22
29
38
100
40
14
47
61
35
29
63
20
2
86
153
59
5
23
193
5
205
52
121
45
39
92
16
105
27
63
53
45
15
9
33
34
77
14
31407
22
9
12
31
112
49
15
18
22
31
44
47
2
36
69
19
76
66
54
8
6
22
8
22
16
970
94
54
18
68
111
71
166
15
3
47
885
2425
2211
2
326
1553
663
3101
1376
4235
3345
1
1097
2138
2650
9755
3
790
6127
1768
1233
925
2139
1385
2
4
8078
7
2
5
9
2812
882
958
2466
2024
3120
7
1
8
0
2
6
1427
3523
103306
13098
3544
1
7716
1
24
26
47
4
9413
28772
0
3639
7
21
4
33
99
21
10
36
81
20
16
37
36
5
16
54631
781
109
38
22
97
7
2
27
11
2
5
39
18
1
79
2
62
2
16
2
35
3
10
2
11
2
1
33
721
14
182
12800
8134
3093
10208
7980
498
0
77
238
247
825
358
539
334
189
665
436
330
202
2
3
5
9
39
58
28
34
20
1
8
31
6
3
27
1
3
1
43
47
4
6
30302
1513
8491
64
176
69
31
89
511
125
1
13
74
103
119
70
15
202
24
28
83
142
9
4
71
41
39
22
42
47
23
62
173
13
231
30
214
37
19
17
28
10
14791
236
4
1973
9735
0
2:1
163
12
60
29
14
35
19
-487829
711
413
212
370
107
205
0
75
1235
44
340
308
1371
70
0
792
0
34
782
0
1487
0
42
135
184
107
689
147
1113
1027
289
0
814
0
1265
405
584
226
293
1207
624
300
308
14
244
10
7
53
32
0
783
448
18
629
316
1425
29
0
173
1048
900
239
35
150
997
0
131
0
1356
193
89
112
457
62
84
117
752
1257
0
710
350
114
988
300
118
41
193
0
15
259
0
31605
105
28
145
308
9341
0
2751
9998
40565
0
1839
4478
129805
0
6032
41940
120
14
112
51
42
36073
19327
460
131
41
853
29204
18086
19
0
3
17
1
45
101
110
0
40053
433
998
1115
0
136
0
3
421
205
27128
1415754600
699:0
1
141:0
20
-16
2
-3
2
0
-2
6
-7
2
7
20
-29
76
-51
-20
11
-12
-4
5
4085
-4079
-10
102
-94
-8
-1
18
-7
715
-719
1810
-1816
0
7
-7
1
11
8
-12
-9
14
-14
5
3
-5
-3
29
-7
56
-62
106
-118
4
13
-6
162
-161
-16
267
-253
-13
-1
33
102
-107
102
-130
2:0
3
0
119
-90
-24
0
-7
0
360
-328
-25
-6
540
-334
-206
67
-66
-3
4
-2
2
3
2:0
24
14
-40
-5
11
26
-36
31
-23
571
-580
34
-30
-3
226
-227
4
21
-25
17
-5
543
-552
0
6
116
-124
4
5
-6
807
-782
-29
22
-2
-19
1
70
35
-53
208
-250
-12
4
1452
-1437
-20
4
83
-79
387
-374
43
-56
-7
1
5
3
-2
125
-130
15
39
-54
1
0
12
-6
-9
0
13
1
0
-11
20
-19
0
-2
2
-3
39
-40
94
-93
4
-5
8
-7
27
671
-699
282
-281
0
-1
13
109
-119
4
-1
-4
10
39
-46
37
-41
10
-12
7
58
-53
0
-10
0
2
1
14
-11
-5
20
-16
2
127
-119
45
7854
-7913
30
-25
-6
3
60
-60
1
-4
1266
-1171
-81
-2
169
-182
24
381
-398
15
73
-84
31
-24
-17
109
82
-186
8
-2
27
-29
8
215
-228
2
-5
5
2
11
-20
18
-19
110
-103
35
-37
14
-18
11
-2
211
-217
0
34
94747
-94779
7057
-6819
-235
-6
29
4
-34
9
4
-10
102
1842
-1870
-78
8
-7
0
16
50
-56
-11
-1
1
50
-41
-4
3
7
-9
12
-10
1
-8
-1
1
626
-574
-36
-11
120
621
543
-1288
53
266
-310
-11
3
3:0
-4
269
-266
1
0
91
-93
-1
28
-22
8
4
-15
50
-38
-4
7
-8
-1
22
-8
69
-89
-3
11107
-9905
-1202
10
-4
21
-11
-17
3
35
-38
6
3
-3
-5
81
-77
11
-9
1
0
-7
23
426
-421
-9
185
-202
0
509
29835
-30254
-92
5
468
-473
2:6
-10
2:2
2:1
139
-141
-6
0
6
742
-745
-3
2:1
-1
13
0
-3
193
-186
3
48
-39
3588
-3593
187
-212
7
0
-4
12
-13
21
3
1
-26
10394
-10282
2293
-2374
-28
0
26
-25
488
-453
136
2465
-1566
-1070
53
-12
34
-80
12
-10
296
-297
-1
29
-14
-16
2
-1
7
15
650
-672
0
3369
-3285
21
-105
8
13
-21
1
7
-7
35
183
-219
1
35
-21
161
-150
-26
118
-80
-18
618
-622
679
-696
5
6
-8
60
-50
68
-72
197
-84
-87
18
-52
222
-104
-116
1545
-1423
-115
-8
76
-77
4
3
2
2086
13762
-14854
-999
-4
11
-7
54
-50
0
122
-35
-94
973
-974
2
0
6
-3
15
-3
-11
-4
8
-2
-7
2:0
39514
-39511
92
-96
2
5
9
226
-237
-3
321
-324
24
-23
4480
-4480
1
9
5
-11
1488
-1493
1
-1
2
-1
7
9
-10
1
95
2245
-2341
-4
38
-6
-31
-2
617
-617
10
115
-114
-12
11
807
-804
-14
371
-345
-23
-1
91
-94
94
-87
27
63
80
19
-180
-15
4
-3
-1
13
23
-32
7
168
-177
1
36
-32
-5
3
50
1274
-1329
49
-45
8
0
86
-97
1241
-1241
-1
33
-23
59
-58
7
-18
3
50
-49
3
-7
18750
-7264
-2268
-9218
2879
-2858
862
-844
-38
139
-69
0
-65
-1
-5
1
115
805
131
-1044
0
-7
9
20404
-15841
-4544
44
-73
182
-153
-30
941
-887
-52
73
-27
-37
252
85
-333
19
10
-43
94
-86
96
-87
-17
822
-785
-13
-24
2
5
2
4822
-4691
743
-883
0
35
88
-117
-5
-3
1
4:0
-1
0
1
-1
0
1
2:0
-1
3:0
1
-1
5:0
1
2:0
-1
0
1
-1
4:0
1
0
-1
1
6:0
-1
1
-1
4:0
1
0
-1
1
-1
0
1
-1
1
3:0
-1
3:0
1
5:0
-1
1
0
-1
0
1
5:0
-1
2:0
1
-1
0
1
0
-1
0
1
-1
0
1
-1
2:0
1
0
-1
0
1
2:0
-1
0
1
2:0
-1
0
1
-1
1
-1
1
-1
0
1
0
-1
4:0
1
0
-1
4:0
1
0
-1
0
1
3:0
1
0
-1
0
1
0
-1
2:0
5
-1
-4
1
0
-1
0
103
-103
1
-1
1
-1
0
3
1
19
-22
19
-19
0
7
-8
3:0
29
-29
2
-2
0
2
-2
0
6
0
-6
0
8
-8
1
2
-2
2:0
-1
1
-1
2:0
3
-3
1
5
-6
1
-1
2
0
2
-4
0
3
-3
0
39
-39
2:0
2
7
-9
2
-2
1
0
-1
0
1
2:0
1
0
-2
0
1
4
-4
-1
3:0
6
-6
0
11
-11
0
5
-5
0
1
0
-1
0
1
0
-1
3:0
3
-3
0
2
0
-2
1
-1
16
-16
7
-4
-3
0
10
-10
2:0
6
-6
11
-6
-2
-3
5:0
3
-3
0
3
-3
2:0
1
0
-1
5:0
3
-3
1
0
2
-3
1
-1
4
-4
4:0
4
6
-10
26
-26
3:0
11
-10
2:0
-1
7:0
1
48
-49
2
-1
0
-1
0
3
-2
1
5
-6
-1
25
-23
0
-2
1
2
-3
2:1
11
-4
-8
-1
43
-31
-11
-1
31
-31
3
24
-27
0
3
-1
0
-2
0
5
2
-6
4
-4
7
-7
2
5
-8
2:0
1
0
-1
3:0
3
-3
8
-8
4:0
53
-53
0
14
1245
-1258
120
-95
-23
-3
5
0
-5
1
-1
2
8
-8
-2
4:0
4
13
-14
-2
-1
1
11
-12
3
-2
2:0
-1
5
-2
-3
2:0
91
-91
7
-7
10
0
-10
6
-4
-2
2:0
2
-2
0
1
-1
20
-20
2:0
11
-11
3:0
1
0
-1
7
-3
-2
-1
1
-1
4
-4
-1
2:0
422
-366
-56
1
-1
7
-7
4:0
1
-1
2:0
4
-4
1
4:0
4
26
-28
-3
23
-23
0
3
236
-236
1
-4
31
-31
1
-1
3:0
6
0
1
-7
3:0
45
-45
4:0
3
0
-3
20
-16
-3
5
-2
87
-91
3
-3
3:0
2
-2
9
-7
6
-8
410
-397
103
-115
-1
1
3
-4
18
-11
106
29
-105
-33
2
-3
-1
-2
2:0
1
-1
0
4
-1
-3
2
-2
0
4
120
-124
0
148
-135
-3
-10
3
-3
4:0
3
18
-21
0
3
-1
42
-43
-1
26
-25
-1
137
-135
29
-31
3
-2
-1
7
-4
7
-6
76
-79
4
-4
-1
7
14
-21
28
-12
-14
-1
8
-9
2
-2
0
44
246
-267
-18
-5
1
-1
2
1
-2
14
36
-51
1
0
2
-3
0
2:1
-2
2
-1
1
0
-2
2
0
176
-175
10
-13
1
4
2
6
-13
3:0
5
-4
547
-548
0
2:1
-2
14
-14
2:0
3
-3
0
1
-1
1
3
76
-80
1
7
4
-12
0
13
-13
5
-3
-2
0
6
23
-23
-6
4
-4
2:0
21
-21
27
-22
-1
1
11
-13
-1
-2
3
2:-1
2:3
-7
2
23
-25
0
2
-2
2
-2
8
-6
-1
4
-4
0
-1
9
-9
5
-5
0
4
-4
2
-2
0
1
-1
8
-8
5
-5
1143
-768
14
-389
40
-36
212
-213
-3
0
24
-15
-7
2:-1
0
4
131
-121
-12
-2
0
2
156
-125
-25
-8
0
9
-9
0
202
-199
-3
7
16
-17
-6
28
-23
-4
-1
0
5
-4
6
0
-7
35
-35
3
-3
4
-2
0
11
-5
9
-17
0
1
18
-18
-1
18:0
2
-2
23:0
1
-1
30:0
1
-1
3:0
1
-1
31:0
1
-1
7:0
2
0
-2
3:0
1
-1
12:0
end
