v1
940
177
10
110
20
218
208
381
105
31
21
187
12
14
104
138
228
84
35
126
188
3
234
1
57
56
7
14
1
28
118
192
350
223
296
163
95
140
17
405
170
159
162
332
15
47
117
287
101
76
248
10
195
21
118
167
210
44
67
252
70
25
400
420
135
31
206
19
277
109
10
117
21
87
161
14
257
36
91
9
29
110
93
68
17
98
59
211
44
126
227
110
19
229
0
27
431
16
0
97
381
212
132
98
245
94
69
10
47
31
884
135
337
4
110
204
135
160
242
312
64
44
185
39
7
300
94
275
16
861
294
109
172
116
7
116
65
27
15
14
45
6
19
13
25
18
2:19
31
46
5
14
117
17
13
105
62
11
4
5
20
54
40
5
60
18
65
3
35
19
38
17
127
118
85
134
108
19
101
78
7
88
120
225
195
219
110
98
39
165
2
10
33
4
2
116
104
42
39
99
54
27
94
141
85
101
41
259
146
5
282
129
275
6
31
299
10
38
83
70
150
79
41
309
114
85
20
237
227
519
301
71
12
10
195
172
24
32
109
2
24
157
37
19
131
75
50
6
319
186
450
19
258
33
226
6
74
6
128
126
7
8
147
40
283
110
333
6
272
36
45
20
82
102
38
333
44
37
175
70
121
8
43
46
40
277
51
38
100
54
47
3
58
55
72
20
88
153
59
5
23
104
89
5
205
52
445
46
17
189
67
31426
5
22
9
155
53
29
53
44
85
69
19
84
1
0
111
36
8
22
986
94
72
68
72
39
71
166
15
3
47
3310
2211
316
12
1553
3073
2067
4235
2023
1323
1097
2138
2650
2798
6957
3
790
6140
2988
1797
1269
1383
2
4
8087
5
4646
15
1533
933
2026
3117
17
2
5
1
1427
106829
13098
3544
1
1735
5981
25
73
9417
32421
22
26
7
320
36
2:5
11
54631
731
9
41
109
38
119
7
2
27
18
38
1
18
53
91
2
16
2
25
10
1
2
11
1
11
33
695
93
63
69
12800
5841
2293
21281
498
77
238
448
982
539
334
189
1101
532
2
8
1
5
42
86
10
49
35
9
28
3
1
34
0
9
47
10
30302
1513
8172
383
176
69
31
725
0
1
87
9
190
93
15
202
24
111
142
11
73
41
61
42
47
85
173
431
57
32
5
19
17
38
14960
67
11712
2:1
163
72
43
-488414
8
0
41
103
3
581
48
224
87
0
237
160
0
108
0
166
94
115
0
104
0
13
0
151
22
95
63
233
626
75
282
246
0
7
459
102
130
263
280
5
0
72
4
0
144
86
99
143
114
127
0
58
0
75
12
157
91
47
0
261
80
132
0
93
367
0
65
7
108
161
115
26
9
34
61
71
139
80
265
163
75
37
292
209
46
91
77
132
7
125
148
142
37
110
638
174
125
134
0
118
336
0
144
30
257
5
270
639
108
0
243
0
10
86
473
513
60
19
98
106
94
96
178
333
43
171
0
144
41
124
92
15
101
0
409
10
0
276
117
50
64
55
285
253
463
94
461
0
12
11
100
35
8
2
3
9
0
35
7
0
49
24
103
137
140
9
0
61
10
6
164
403
18
71
79
264
100
0
193
144
0
159
0
10
66
276
126
0
198
244
12
70
727
139
62
206
0
211
120
51
0
52
219
24
0
261
43
0
31
0
68
0
831
42
5
14
120
98
258
404
295
148
223
381
0
256
16
51
312
0
50
428
0
251
0
80
17
1
40
319
12
0
81
28
258
38
71
501
701
295
80
157
74
41
9
39
4
232
0
274
0
43
125
73
319
0
32
71
39
21
414
85
0
11
114
24
118
227
0
73
11
0
39
11
44
13
1
7
29
0
8
41
131
0
32
0
102
126
0
31480
203
38
20
0
79
231
0
35
41
28
0
70
0
1024
24
63
6349
5320
3840
10230
783
8161
8080
0
4349
2139
1401
8046
29
23
0
2791
14
882
8568
7
4977
116395
49547
2624
983
39
117
29
42
4
40
0
73
1
0
11
8
72
0
55433
41
152
166
0
1
0
35
98
46
5
9
7
40
4
2
15
1
732
0
98
68
48
3449
4380
17380
9030
2004
7036
2189
0
721
0
766
207
12
2
0
17
0
3
16
1
0
46
0
14
36
68
70
40
34
9
5
40396
162
0
110
371
208
1008
279
29
0
51
0
359
121
274
0
18
0
14797
106
49
2044
9885
68
49
0
43
0
5
19
1415479800
499:0
1
439:0
33
-24
5
-6
-1
3
-1
57
-58
30
18
571
-615
-5
110
-110
2
5312
-5314
23
-22
-1
5
376
9339
-9696
-10
176
132
-303
-18
25
-24
12
26
13
-51
0
8
115
-63
-58
299
-262
-41
108
-83
-22
109
-105
93
-97
20
-13
1806
-968
-846
-2
109
-93
-12
95
-67
-25
168
-170
491
-409
-79
-4
2
-4
7
80
2
-70
-20
4
665
-670
10
4
296
-284
-11
186
-197
3
-6
5
1
-7
13
0
1040
-921
-129
0
31
27
-41
-17
308
-310
416
-383
-28
355
-360
4
35
1
-40
56
-46
17
-27
246
-247
9
-9
7
17
1671
-928
929
-1650
8
-27
769
-795
0
17
69
-85
15
-16
14
-1
-7
2
6
367
-371
60
-65
31
1906
-1801
-127
-1
-8
123
-128
91
-90
2
-3
638
-638
83
-82
10
-6
88
313
-407
10
4
12
31
-57
142
-117
-25
2:2
25
-27
-2
142
-125
11
82
-110
6246
-6244
-1
2:0
95020
-95020
3
73420
-73178
-194
-33
-18
42
-34
16
-3
32
23
-76
2683
-2525
-36
-115
9
-1
0
10
-17
37
-31
324
445
-756
-18
35
1518
-1559
69
-13
-29
52
-76
592
-507
-22
-47
4
-24
8
-10
28
-1
-15
18
-25
-3
-2
75665
-70696
-4940
-20
0
-8
9
11
45
-60
6
174
1885
-2063
474
334
-799
-11
43032
-42763
-269
373
-361
-15
-3
2119
-2031
218
-287
959
-969
17
182
-166
3
6
-20
30375
-30330
-76
23
-18
20
-1
20
87596
-87610
-15
3929
-3932
-12
4
277
-217
4184
-1092
-2087
-1061
280
-225
8
-51
-16
-3
2
759
-756
6
5165
-5007
16
-187
7
17
-3
280
-212
-89
179
-177
11
0
269
901
-1164
664
-680
-3
395
-375
-15
148
-141
375
-231
-127
4
9
1269
-1223
986
-967
-55
104
-145
24
-35
1
729
20022
-20752
1122
-1105
84
-101
256
-255
48
406
-358
-59
-33
286
-280
27
-37
3
2
-4
11
100356
-100200
1307
-1466
94
-86
3
80
-100
-1
310
-219
4277
-4365
395
-389
-1
0
153
2002
-2163
31
-29
3
26
-8
80
-89
170
-180
-2
118
-109
-4
201
-192
9
-24
15
55
877
-940
90
-57
-33
197
-122
1185
-1257
-8
-3
29
-22
12
-14
12
137
-140
459
-458
-4
79
-58
-14
47
-58
58
-57
-3
-4
100
648
-729
-15
-4
17
3
3891
28144
-9581
-22472
0
6
70
585
-653
-9
2
138
-74
-61
135
-102
0
324
-350
67
-81
2
410
1410
-1659
-163
117
-101
6072
-6039
-49
87
-83
89
-89
3
-6
1
-1
498
-455
1209
-1250
-3
6
387
-353
558
-485
213
-327
-4
2:-1
2:3
-4
-2
3
-2
0
5
-6
4:0
2
-2
3:0
1
0
2
-2
2
-3
3
-1
1
-3
1
0
5
-6
5
-5
3
2
-5
0
2
-2
0
5
-3
1
0
-1
2
0
-3
0
2
-2
4
2:-2
0
1
0
-2
0
5
-3
0
1
-2
3
0
-2
4
-5
5
-5
2:2
-5
0
1
2
-2
3
-3
-1
0
2
-1
4
-5
3
2
1
-4
-1
3
-3
1
0
1
-2
0
2
1
-1
2
-5
4
-3
0
3
0
-3
4
-1
-3
1
0
2
-1
2:1
-3
-1
3
-3
0
2:2
-3
0
-1
1
0
3
-4
0
2
-1
0
1
2
0
-1
2:-2
1
0
2
2:0
3
-4
4
2:-3
0
2
-2
0
4
-2
2
3:-1
0
-1
6
-4
1
0
2
-3
4
-4
2:0
-1
3
3:0
-2
-1
0
-1
0
6
-6
0
2
-1
1
-2
2:0
5
-4
2:0
2
0
-2
4:0
3
0
-3
0
3
-4
1
-1
3
2
-2
2
-1
-2
1
-2
0
1
-2
2
-2
2:0
2
4:0
1
0
-2
1
2:0
1
0
3
-4
4
-5
2
-3
1
3
0
1
0
-5
5
-4
0
1
0
-2
3
-3
1
0
5
-6
1
-1
1
3
0
-3
5
-4
4
-4
0
1
-1
0
-2
5
-5
1
2
-2
3
0
-2
3
-3
2:0
1
3
-6
2
3
-5
0
1
0
4
-5
0
6
-6
1
3:0
1
-1
1
3
-3
3:1
-5
1
3:0
5
-5
2
-3
0
3
2
-4
4
1
-6
2
-1
2
0
-3
0
2
4
-3
-1
0
4
-4
0
-2
6
-2
0
-1
1
-3
-1
0
4
0
2
-4
-1
2:2
-5
5
-3
3
1
0
-2
0
-3
2:0
1
-1
2:0
-1
3
-1
0
-1
0
5
-4
-2
1
0
-1
0
3
0
-3
3:0
5
-1
-4
4
-1
2:1
-3
-2
1
0
-1
1
3
0
-4
1
0
-1
0
3
0
-3
0
2
0
1
-3
6
-3
3:-1
3:0
5
1
1
0
2
-2
3:0
1
-1
4
0
-3
3
2:-2
1
-1
110
-109
1
-2
2:1
14
2
-15
-3
19
-13
2:-3
45
-43
-2
0
11
-10
-1
0
14
-14
0
1
6
-6
-1
3
-1
0
1
4
-7
1
0
15
-16
2:0
8
-6
-2
10
-7
-2
0
-1
18
-8
-7
-3
0
3
-2
-1
12
-9
-3
0
2
-2
2:2
-4
6
-6
12
-10
2
-4
2
1
-3
2:0
20
-12
-5
0
-3
7
-7
2
15
-17
15
-10
-1
2:-2
2
0
-2
0
3
-3
7
-7
2
2:-1
2:0
4
15
-19
55
-46
-6
0
47
-50
2:1
0
-2
8
-8
0
5
-2
-1
2
41
-42
7
-10
4
13
-4
-9
-4
6
22
-25
27
-30
2
-2
39
-39
10
-10
3
-3
5
9
-12
2
4
-3
2
-5
16
-13
-5
2:0
4
-1
-3
9
-7
2:0
-2
64
-62
-2
0
1
2082
-2083
0
69
-31
-34
2:-2
14
-10
-4
8
-4
8
-10
7
16
-19
-4
4
-1
-5
8
-5
11
-9
57
-60
18
-20
7
20
-19
-4
-2
6
-8
0
23
0
-22
3
2:-2
4
-4
5
0
5
-5
-3
-2
0
740
-581
-155
-4
4
-3
4
-1
1
-2
-1
8
-9
3
44
-26
-16
-4
484
-477
-3
43
-48
3:0
13
-8
-6
51
-50
-1
2
8
1
-7
1
202
-202
-4
7
-3
10
-13
14
729
-735
-10
135
-134
-1
2
18
-9
92
55
-113
-41
-2
3
-3
3
-3
-1
1
201
-203
0
186
-173
6
-18
2:0
5
46
-50
-2
55
-52
-3
0
41
243
-272
21
-24
-8
8
-6
-3
15
-8
129
-131
2
-1
2
33
-41
30
2
-30
9
-10
0
-1
0
59
334
-393
34
-23
-6
5
0
-7
-3
43
36
-77
9
-7
2:-1
-2
4
-4
1
0
163
-160
0
-2
-1
1
8
9
-19
0
1
9
608
-618
16
-16
4
0
4
91
-98
3:0
-1
10
33
-43
19
-14
3
-6
9
-10
74
-66
-1
-8
2
39
-41
3
52
-53
3
27
-21
8
-16
7
-10
1
0
1
-2
2:5
-8
0
2:-1
12
-6
-3
3
-5
8
-7
2:-1
0
5
-5
0
1
6
3
39
238
295
-582
0
1
9
146
-155
1
-1
43
-22
-18
1
-5
0
140
-135
-5
2
1
-2
33
-24
-9
12
-9
411
-409
-6
38
-32
0
-4
3
-5
0
11
3
6
70
-90
2:0
15
-10
5
4
27
-41
4:0
1
-1
13:0
2
0
-2
7:0
1
-1
18:0
1
0
-1
5:0
1
0
-1
3:0
6
-6
4:0
1
-1
2
-2
2
-2
1
0
-1
10:0
2
2:-1
14:0
1
-1
12:0
2:1
-2
2:0
2
-2
2:0
3
-3
9:0
1
-1
0
1
-1
16:0
1
-1
6:0
2
1
-3
21:0
1
3
-4
7:0
1
-1
0
1
-1
10:0
1
-1
1
0
-1
3:0
1
-1
4:0
1
0
-1
10:0
3
-3
5:0
1
-1
13:0
7
-7
6:0
1
-1
3
-3
0
1
-1
2:0
1
-1
0
5
-5
3:0
1
-1
0
1
2:0
-1
0
2
-2
6:0
2
-2
7:0
2:1
-2
5:0
4
-4
2:0
2
-2
0
4
-3
-1
1
-1
8:0
7
-5
-1
2:0
-1
2:0
2
2:0
-2
6:0
1
-1
0
1
-1
2:0
1
-1
2
-1
0
1
-2
1
-1
2
-2
4:0
2
0
-2
6:0
2
0
-2
5:0
1
-1
3:0
2:1
-2
5:0
1
-1
6:0
2
-2
0
1
0
-1
2:0
2
-2
5:0
3
-1
end
