v1
790
539
45
159
312
100
74
589
10
136
119
51
140
418
56
7
43
42
489
618
50
30
208
101
39
292
300
8
151
136
98
260
15
47
404
425
719
365
95
193
207
399
21
135
89
167
277
109
115
33
20
78
90
30
44
29
228
79
57
29
203
62
23
658
107
385
297
134
494
24
418
208
131
126
376
433
106
356
569
478
212
163
594
106
278
364
116
217
71
294
0
279
306
56
45
38
43
44
25
46
353
74
4
41
14
64
65
38
19
182
118
620
120
385
364
304
10
33
6
116
104
42
454
85
142
36
220
436
129
312
10
289
48
423
309
114
1088
301
83
377
165
26
344
75
50
325
3
633
277
63
50
360
126
15
147
40
393
611
101
184
452
374
406
51
192
47
31
22
8
147
88
153
59
5
23
193
210
52
255
143
47
218
34
31493
5
22
9
334
85
88
76
120
36
8
22
17
969
166
68
111
61
176
15
3
56
3301
2211
328
1553
3764
1376
10816
12405
793
6140
2988
3064
1385
2
14
12728
7624
1
18
2
3
4951
20260
83046
13098
3544
1
7741
26
47
9417
2665
29778
153
54
2:73
36
5
16
55334
180
7
157
9
27
56
1
18
162
2
35
2
13
11
2
951
42790
485
1183
2706
43
4
86
131
3
1
43
38
9
4
6
40370
176
100
725
1
379
217
24
253
11
32
2:41
13
90
98
751
17
38
26740
1
163
115
23
-488285
90
294
669
21
106
81
26
421
719
39
38
59
146
216
44
282
165
340
419
67
347
385
107
534
133
20
72
61
12
35
260
106
210
250
41
506
14
331
61
71
100
30
541
646
105
52
43
89
280
338
335
45
210
127
313
23
104
144
19
363
92
74
291
800
163
1107
12
315
37
2
84
936
41
44
141
231
99
19
182
369
16
730
175
5
165
140
49
295
208
24
9
127
2:7
6
2
11
30
52
14
237
15
73
4
144
8
118
66
26
17
14
316
20
342
375
106
18
19
195
86
996
54
121
35
292
128
172
146
5
267
419
6
164
176
23
168
229
502
47
13
2:7
1348
5
17
10
407
6
111
181
1229
354
259
53
90
57
114
478
96
353
227
126
102
232
285
71
141
70
121
51
43
31
4
8
204
112
50
100
160
57
40
32
334
11
96
11
69
25
33
118
300
119
132
63
98
155
31669
33
53
286
8
7
1245
152
183
61
170
5846
3610
1019
6295
3352
1098
21040
2608
1741
872
1269
1389
8085
2
5
3703
958
2453
13
985
4175
1435
119928
5279
5981
41954
30
7
267
72
10241
44428
731
50
273
105
54
44
46
17
27
13
10
46
695
29
20
12
21098
3093
10208
7980
2701
81
467
56
665
436
532
2
1
2
22
29
182
6
1
115
18
30303
1513
8564
236
169
60
402
213
111
88
280
165
417
258
431
89
5
14875
2203
9972
21
43
14
-488455
6
178
624
0
539
24
74
242
1283
833
87
510
59
89
1590
439
105
124
950
107
93
1
20
626
112
558
189
608
148
679
312
232
99
516
0
684
0
167
218
168
259
563
322
76
394
965
335
19
262
0
70
10
474
252
325
784
43
9
0
430
96
126
61
99
155
28
50
179
467
615
1201
12
237
560
357
432
556
0
273
700
279
258
1804
0
251
49
460
155
119
52
11
389
103
25
33
19
594
173
38
27
4
735
216
122
36
89
157
524
50
0
9
91
233
100
192
337
203
155
0
98
100
0
179
183
176
32
228
31496
149
0
188
7
85
124
1207
534
0
10860
0
3166
6145
1805
2931
17402
15930
12319
17
1444
131250
41877
165
129
55489
12
349
42
161
0
64
18
0
30
901
13
43034
0
2303
132
1
1645
0
74
6
101
56
2
46
14
66
43
0
40682
172
5
1689
729
105
26926
60
1415046000
299:0
1
299:0
1
189:0
107
-59
106
-146
83
-48
242
-277
3
4487
-4452
65
192
1823
-1932
348
-533
249
311
-562
83
351
26
-459
2
104
-106
0
1
89
351
-435
26
36
-68
1
80
-44
-32
72
-40
1799
-1768
-35
1223
-945
-15
-294
259
-125
-136
6
-2
48
-51
2
1
236
-237
93
-62
-31
-4
4
797
-801
453
-335
-118
625
-619
256
153
-409
-5
42
-41
-1
60
96
-155
343
-343
1
112
-113
47
601
-477
-3
-167
30
-2
-3
299
-323
653
-447
-203
589
-521
-69
1
68
39
206
-318
1
-1
57
144
-81
-120
248
-206
132549
-132593
9374
-9163
-205
53
276
-163
2638
-2809
30
-1
-28
-2
3
50
535
392
-948
-31
129
-85
-44
1
735
3370
63027
-64005
-3128
5
31
-30
52
-57
99
711
-680
-82
45872
-45917
144
-144
104
435
-502
3619
-3660
3546
12871
-16357
499
-559
4480
-4438
794
-802
222
1269
-1053
-471
30
3
-34
0
28
-25
684
-374
3756
-3973
98
195
-362
91
-30
30
605
-610
527
-635
-1
1149
-1152
178
299
-96
1975
-2357
29
171
-44
250
-193
-164
154
4874
-4403
-366
15696
-15616
-387
799
-673
-33
-89
-5
5
106718
-106720
-1
-2
0
131
-128
140
100
56
-298
46
3521
-3499
123
-35
-101
-53
3
200
1881
-2085
3
278
-212
440
-506
60
-3
6139
-6199
26
18
243
-289
105
-17
-85
-4
62
-61
70
-68
4
75
41
-117
22717
95429
-118096
-26
87
-112
210
-72
-35
-101
69
210
-282
1524
-1393
82
-213
3
7724
-7695
3
-7
-32
487
-446
1102
-843
-211
198
-93
-192
-2
-4
3
-3
13
-9
15
-20
2
0
-2
4
14
1
-19
1
2
13
-11
-3
-1
23
-23
4
-4
-1
5
-4
1
2:0
-1
19
-20
2
26
-25
12
-13
16
-18
1
3
-1
-3
3
23
-26
2
-2
2
-1
15
-14
-2
1
30
-30
-1
2
1
-2
3
-3
3
10
15
-29
2
-1
13
1
-10
-2
14
-16
15
-16
26
-22
12
-16
2
-2
0
3
1
0
-3
-1
2
-2
2:0
13
2
-10
22
-27
15
-14
0
23
-20
-4
1
3
8
-11
13
-11
-2
0
15
-12
18
-21
-1
2
22
-24
25
-8
9
-24
21
-23
27
-11
-12
-3
3:0
3
-3
12
10
-22
3
-3
2
29
-30
15
-13
-1
17
-16
8
-10
-2
4
-4
23
-22
4
-4
17
-4
-14
17
-16
21
-22
3
-3
17
10
1
-11
-15
13
0
2
-13
-4
23
-5
-18
1
2
0
11
-12
-2
13
-12
13
-14
1
4
-4
29
-28
3
2:-2
0
26
-25
-1
18
-16
-2
11
-12
18
-18
5
2:-2
-1
5
-5
2:1
0
18
-15
-4
11
-10
2
13
-3
-11
-2
1
17
-19
2
3
8
-1
-10
24
-25
29
-17
-12
17
-14
9
-12
2
-1
28
-9
-3
-13
-5
3
10
-12
2
17
-3
-16
18
-19
1
-1
22
-6
-13
11
7
-20
11
-9
-1
29
-26
-3
29
-29
22
-4
-19
2
-2
-1
3
-3
1
0
2
-1
16
-17
14
-2
-1
-11
2
-3
23
-2
0
-22
-1
0
1
0
1
-1
2:0
-1
0
2:1
-1
0
-1
2:1
-2
1
-1
0
2
2:-1
1
0
-1
1
-1
2
-2
0
1
4:0
-1
2:0
1
-1
2:0
1
-1
0
1
2:0
-1
0
1
-1
2:0
1
-1
1
0
-1
1
-1
2:1
-1
1
-1
0
-1
3:0
1
-1
1
-1
2:1
-1
4:0
-1
2:0
2:1
-2
0
1
2:0
1
-2
0
1
-1
0
1
-1
0
2
-2
0
2
-1
2:0
-1
1
0
1
2:-1
0
1
0
-1
1
6:0
-1
1
0
-1
1
0
-1
0
1
6:0
1
0
-2
1
4:0
-1
3:0
1
-1
1
0
-1
1
0
1
-2
2
-1
6:0
-1
0
1
2:0
-1
2:0
1
0
-1
2:1
-2
1
-1
2:1
3
-1
2
-3
0
3
-3
0
2
86
-88
0
13
-1
-11
3
-3
-1
1
-1
0
10
-10
2:0
8
-8
2:0
1
0
-1
1
2
-2
-1
6
-5
-1
3
-2
-1
0
1
26
-16
-10
2:0
-1
3:0
8
-8
2:1
-1
2:0
-1
3
-3
2
8
-9
5
-4
-2
18
-18
17
-13
-4
1
2
-3
2:0
1
-1
28
-28
3
-3
2:0
3
47
0
-49
2:2
-2
9
-10
-1
12
-6
39
-36
-10
2:1
4
6
-10
-2
4
2
5
-5
-6
52
-48
1731
-1735
94
-68
-24
-1
7
13
-19
-2
2
11
-10
-2
-1
16
34
-29
-2
-18
16
-4
-12
2
1
5
359
-237
-131
3
0
1
2:-1
-2
40
-22
-16
394
-391
17
-20
6
44
-45
133
-134
38
564
-596
-12
3
116
-114
7
0
102
36
-123
-24
0
1
-2
0
2
0
103
-106
142
-130
2
17
-32
26
-25
36
183
-206
2
-16
3
7
-8
13
-15
137
-130
-5
-1
7
20
-9
10
-28
11
42
-35
-16
192
-189
-6
26
47
-71
2
-2
-1
190
-191
2:0
2
5
-4
12
3
-18
3
5
451
-459
7
-5
-1
2
0
2
94
-96
-3
1
27
-13
-6
-7
0
101
-96
18
-25
78
-78
10
4
-13
0
2
-1
5
-5
-2
3
2:-1
328
724
-1052
0
12
-11
94
-61
-20
-15
3
80
-80
24
-11
-9
-5
-2
427
-423
-4
30
-29
10
-2
79
-74
-6
-1
11
-17
-1
5:0
5
-4
-1
2:0
2
4
-5
-1
0
37
-36
-1
2
-2
1
-1
6:0
2
-2
1
5
-6
6
1
-7
2:0
1
-1
6:0
2:1
-2
2:0
1
-1
2:0
8
-8
0
1
-1
1
-1
2:0
1
0
1
-2
0
3
-3
0
3
-3
0
4
-4
2
-2
2
-2
2:0
2
2:-1
2:0
1
-1
3:0
1
-1
1
8
-8
5
-6
0
16
-16
0
1
-1
2
-2
2
0
-2
2:0
2
-2
2:0
2
1
-3
5
-2
1
-2
4
-6
13
-9
-3
-1
3:0
1
-1
12
2:-6
1
-1
4
-4
1
-1
1
-1
1
3
0
-4
1
2:0
3
-3
3
0
2
-6
2:0
1
-1
0
2
-2
10
-7
0
-1
-2
0
1
6
-6
-1
2
9
-10
-1
1
-1
0
2
-2
6
-6
1
-1
1
0
-1
4
-2
-1
0
1
-2
2
2:-1
4
-3
-1
4
-4
2
-2
0
4
-4
2
-2
2:0
2
2:-1
6
-5
6
-5
2:-1
0
6
-6
1
3
-2
2:-1
1
0
1
2
-4
0
1
0
17
-18
3:0
1
25
-24
4
2:-3
12
-4
-8
0
5
-4
-1
2
-2
0
1
-1
4
-4
3
-3
1
2
-2
0
6
-7
0
1
-1
2
-2
0
1
-1
2:0
1
-1
2:0
2
0
2
-1
-3
12
-12
3
-2
-1
0
8
-8
5:0
1
0
-1
39:0
2
-2
21:0
1
-1
0
2
-2
5:0
2
-2
6:0
1
-1
2
-2
1
-1
1
-1
44:0
2
-2
12:0
1
-1
11:0
1
0
-1
2:0
2
-2
13:0
1
0
end
