v1
767
69
183
45
242
171
33
16
206
90
174
52
187
26
211
353
25
314
81
151
5
1
57
56
7
15
62
65
19
421
121
91
74
59
295
156
102
58
82
7
300
126
2:159
162
72
46
86
128
15
0
180
72
88
111
34
143
152
96
10
194
17
5
118
126
41
400
131
24
18
94
1
183
61
156
45
9
320
25
54
102
31
58
148
19
277
4
10
95
61
54
33
20
67
9
80
86
257
79
48
9
119
113
7
78
202
245
125
272
31
7
248
12
8
186
207
38
16
97
27
142
179
33
388
54
59
66
1
146
55
12
69
88
305
219
32
105
117
64
1
41
75
53
7
164
163
39
85
244
95
238
16
27
84
37
50
144
41
332
77
7
158
142
94
275
16
137
20
313
79
118
113
47
34
44
56
32
162
59
50
272
16
7
72
109
26
30
45
38
25
10
5
3
8
27
9
17
8
46
2
17
6
1
110
17
13
47
58
64
2:9
1
73
45
20
58
50
15
3
35
3
54
17
14
113
118
219
228
78
215
94
16
4
111
134
26
254
110
165
139
10
39
116
1
103
42
138
54
121
141
85
46
13
42
41
87
3
166
3
102
44
5
267
15
129
27
248
6
31
299
10
5
31
2
47
19
17
70
229
41
309
114
58
35
19
259
717
15
184
27
75
83
10
195
172
50
6
109
2
24
42
213
89
75
50
30
170
15
110
125
205
77
229
30
26
113
108
70
109
40
46
80
15
38
75
42
73
11
7
8
106
41
11
29
379
14
339
170
1
99
2
81
20
77
105
2
8
237
11
196
175
70
121
8
43
86
26
302
36
2
98
2
54
47
59
2
35
75
17
20
88
153
59
5
20
3
69
129
116
35
54
8
44
119
232
2
45
47
63
155
34
88
31403
2
5
1
21
9
43
70
91
33
53
14
30
85
69
19
84
112
36
8
22
16
916
54
12
154
68
111
71
77
89
15
3
47
9
3301
2211
2
326
1553
2387
686
2067
6258
1323
1097
2138
2650
9755
3
9918
1797
2652
2
4
10
8068
7
3
4
3703
958
2466
985
4158
1
16
2
6
1414
13
106829
13098
3544
1
7741
73
9417
28772
3639
7
3
22
124
39
117
20
16
56
17
5
16
54631
731
50
82
27
157
7
2
27
18
38
1
18
53
97
9
3
27
10
1
2
11
1
11
2
1
725
7
22
14
170
12
12800
8134
3093
10208
7980
498
77
238
247
1183
539
467
56
665
968
2:1
7
1
6
1
10
31
44
26
16
10
45
6
2
31
6
2
1
25
2:3
1
43
47
4
5
1
30302
1513
8555
176
15
54
52
579
125
1
286
79
14
15
202
24
28
67
158
84
41
103
47
36
49
173
520
5
19
17
38
15027
11712
2:1
130
13
20
53
48
14
54
-488206
122
91
730
160
74
327
313
481
58
38
561
1236
673
1006
794
708
429
96
373
177
267
580
217
2361
1200
231
0
282
1
369
588
0
96
360
457
234
284
0
1758
0
455
243
67
19
59
2
7
103
348
77
42
19
0
46
0
140
1414
142
0
584
1202
131
744
545
687
67
225
41
621
111
357
1079
17
168
428
26
0
129
649
226
95
375
179
63
44
792
546
47
426
37
12
198
73
778
152
0
92
11
107
396
44
462
59
31374
44
47
26
498
41
87
1101
24
41
471
16831
0
3345
5108
2331
15135
2169
1744
872
10696
49
2826
3373
7515
119941
0
11260
0
57
45
0
41852
37
174
74
55500
24
52
586
766
99
69
36239
0
1247
0
9703
21
95
37
101
40076
1259
208
5
278
519
277
33
17815
9912
60
1415598000
599:0
1
166:0
3
1
3
-4
1
35
-34
5
-4
72
-73
806
-809
2
4
3172
-3156
11
-15
11
229
1828
-1264
-820
16
-11
-6
21
-16
-6
0
7
-4
54
-43
-10
-3
215
-204
-3
-1
128
-99
-19
-2
-15
74
171
-218
0
-6
-20
6
46
-53
87
-85
16
-18
6
-4
4
0
-7
342
-341
5
4
140
-150
5
4
-7
443
-443
-1
10
2
-5
1
-1
79
1396
-1449
28
-30
-24
6
-9
-5
110
-104
6
2:-6
26
6
137
-159
-6
0
-3
0
9
-3
-5
-1
0
603
-601
2:2
80
-75
-12
6
-4
0
23
-23
0
67
-61
47
-55
21
-15
-5
54
1
-19
-35
0
15
-5
-10
0
22
5
-16
18
-25
71
-72
10
6
-17
-4
45
-45
21
23
-39
32
-31
62
-57
-10
14
2647
-2644
3
576
-562
114
-145
2:0
3
-6
74
-69
35
-39
0
-1
44
-44
11
8
-7
2:-6
14
-14
64
-29
60
-93
1
0
72
-73
-3
5
-5
186
-186
1
13
-10
2
-3
49
-47
51
98
-151
1
216
-217
80
-77
-4
-2
1
61
-58
4
-6
6
0
6
-10
178
-182
33
-8
-15
-9
0
1
22
-18
3
1
249
-253
2
90698
-84871
-5744
-90
2
-2
5
1
47
174
-203
-17
-8
5
293
-296
1
19
23
-43
33
133
-168
18
-16
15
1584
-1588
-2
35
-34
-9
519
-79
-442
16
289
-298
86
78
-159
-9
-4
7
14
-21
444
-444
410
1119
-1364
-160
-4
1
4
-3
27
-22
22
-23
-6
0
10565
-9536
-953
-77
2:0
48
-42
1
-7
8
-2
-6
6
42
-47
12
-8
-3
15
125
-80
768
-828
-2
249
-248
117
-112
28315
-28320
25
-19
149
-127
-27
-1
4
11
-5
0
-11
3
1155
-1157
3
-1
54
-47
154
-162
1874
-1845
35
-62
15
-8
26
-30
20
16058
-16024
-29
2444
-2458
-12
7
42
265
-268
43
1116
-1194
982
-967
6
-38
10
2:-2
25
-28
-1
24
-9
-2
-6
61
433
-498
9
1047
-67
-944
94
-99
-38
86
-89
3214
-3203
-13
255
-257
4
162
-149
65
708
-766
77
-101
6
7
-6
54
-57
30
-20
-13
550
-536
34
-48
9
13
38
141
380
-560
-3
-12
52
-55
-1
16
832
21145
-21056
-932
25
-33
35
27
-47
-11
5
-7
2
180
-167
4
-19
-1
9
-2
27
15106
-15128
-13
6
5
-9
7
167
188
-311
1538
-1574
-11
-5
54
1695
-1735
6
-19
27
-29
4
60
861
-909
11
30
-34
-15
5
63
-51
-8
81
-96
4
103
-107
1
-1
-2
118
-99
559
-574
-3
140
-125
199
-211
2:0
-3
7
-3
-4
-1
7
14
-17
0
64
-67
4
1
-4
23
24
-43
58
-50
77
-90
11
-12
3
16
-18
27
-16
-4
-7
33
-26
-8
153
-143
7
-14
0
12
-11
3997
2987
4281
-11255
73
148
-229
534
-523
-14
600
-531
-66
-4
2:-1
224
276
-496
-4
5
5278
-5043
-180
-59
2
96
300
-344
87
-128
28
-36
-1
0
2
12
16
2596
-2611
91
173
-194
-89
1254
-569
-681
32
80
-117
-2
0
1
2:0
1
-2
6:0
1
-1
2
2:0
-1
3:0
1
0
-2
0
1
2:0
-1
0
1
0
-1
0
2
-1
4:0
-1
1
-1
1
0
-1
0
2
-1
10:0
-1
0
2
2:-1
1
2:0
1
-1
1
-1
1
3:0
-1
0
-1
2:1
2:-1
2:1
-2
2
2:-1
0
1
-1
0
1
-1
1
3:0
1
-1
2:0
-1
1
3:0
-1
1
-1
0
1
-1
0
1
0
-1
2
-2
1
2:0
1
-1
0
-1
0
2
-1
3:0
1
-1
0
-1
1
-1
0
1
0
-1
1
0
-1
2
-1
3:0
-1
1
0
-1
1
-1
2
2:-1
2
2:-1
1
-1
1
0
1
0
1
-1
0
3
-3
2:0
3
-2
5
-5
-1
0
79
-78
-1
0
2
-2
10
5
-15
6
-6
3:0
16
-16
2
-2
1
-1
1
-1
7
-7
2:0
10
-10
0
2
-2
2
-2
1
0
1
-2
0
3
-3
4
-3
3
-4
1
-1
2:1
0
5
-7
2:0
8
-8
0
2
-2
1
-1
2:0
2
-2
1
0
-1
0
2
15
-17
4:0
9
-9
1
-1
0
7
-4
3:-1
3:0
2
0
-2
2:0
1
-1
0
3
12
-15
0
2
-2
4:0
5
-5
8
-8
0
1
-1
0
7
-5
-2
5:0
2
-2
2
-2
0
4
-4
0
2
-2
0
1
-1
0
2
-2
2
-2
0
1
-1
5
1
-5
0
17
-12
2:-3
2:0
1
-1
1
-1
8
-8
2:0
30
-29
0
-1
2
2:-1
3
-3
3
-1
20
-22
0
1
3
-4
0
1
-1
14
-13
-1
4:0
7
-7
0
17
-17
2
23
-25
7
-7
1
-1
0
4
-4
3:0
1
2:0
10
-11
3
0
-2
-1
2:0
2
-2
2
-1
38
-39
3
1282
-1218
-52
-15
1
-1
2
2:0
-1
10
-11
0
3
-2
-1
2
-1
8
-9
1
0
-1
8
-6
-1
0
4
-4
13
-13
1
-2
75
-75
1
0
3
2
10
-9
-7
0
1
0
-1
14
-14
2:0
13
-13
2:0
3
-1
2
-1
0
-1
-2
0
252
-204
-45
-3
0
1
3
-4
0
2
1
-3
2:0
4
-4
2:0
1
6
-6
-1
47
-47
0
16
-15
-1
0
220
-220
6
-5
26
-24
-3
0
1
2:3
-4
-3
0
46
-46
2:0
13
-12
6
-7
66
-63
3
-6
6
-6
2:0
7
267
-261
-12
85
-85
-1
0
1
10
-2
48
18
-72
16
-19
8
-8
1
4
-5
3
-3
2:0
3
-2
2:2
50
-54
-1
1
117
-118
8
0
-6
-2
4
-3
6
-6
29
-29
-1
29
-27
19
95
-112
9
-13
0
3
-3
5
-4
10
-5
-6
87
-83
1
-5
0
2:9
-16
16
-12
-6
1
11
-12
2:0
39
247
-266
-15
-4
-1
17
7
-20
-4
0
2
-2
4
2:-2
2
-2
1
0
3
156
-154
-6
1
2:0
5
3
-9
5
447
-452
2:0
3
17
-20
7
-7
2
-2
2:3
63
-69
3
1
2
-6
15
-8
2:-2
0
1
-3
36
-35
4
-6
0
30
-29
31
-30
1
6
-7
5
-6
0
5
-6
4
-3
-1
0
1
5
-6
1
12
-13
3:0
4
-1
-3
3
2
4
-9
2
-2
1
2:0
1
-1
1
-2
1
-1
2:0
1
4
-5
0
7
-7
49
152
187
-385
6
-2
-7
172
-170
0
22
2:-12
3:0
3
100
-103
0
2
0
14
-10
-6
0
5
74
-74
26
-27
-3
-1
2
-1
5
-2
7
10
-18
0
6
-5
-4
1
9
-9
-1
15
-15
5:0
1
-1
3:0
1
-1
2:0
2:1
-2
31:0
1
-1
0
1
2:0
-1
12:0
1
-1
5:0
1
-1
2:0
1
-1
13:0
1
-1
25:0
3
-3
1
-1
5:0
2
0
-2
5:0
1
-1
12:0
2
-2
8:0
1
-1
3:0
1
end
