v1
786
569
174
381
105
2:52
37
98
26
211
113
265
51
137
126
295
56
22
16
12
53
46
263
100
30
168
0
165
21
41
550
32
115
433
152
159
162
72
260
11
4
180
7
342
205
142
10
194
21
286
103
210
193
137
165
32
72
93
63
54
366
166
18
207
291
58
185
20
156
0
86
257
136
139
178
39
2:59
45
166
397
110
68
207
148
283
16
97
166
102
113
212
14
216
163
176
69
57
31
373
288
181
42
135
239
127
30
121
57
216
238
71
45
283
409
401
275
16
157
55
181
110
358
44
242
8
281
304
27
29
45
38
25
37
19
30
1
46
0
5
20
97
4
23
3
1
13
90
15
82
74
40
5
14
35
24
5
35
30
3
35
3
54
17
245
85
227
62
73
173
120
94
131
160
35
219
39
71
28
58
176
42
10
33
6
24
92
104
42
138
54
121
141
85
101
41
36
220
3
146
5
282
129
275
6
17
14
299
15
33
83
70
229
41
309
199
20
87
45
43
50
758
301
93
7
169
19
117
55
56
109
2
24
42
109
104
89
75
50
30
887
44
277
33
98
161
53
90
38
126
2
5
8
147
40
48
235
63
47
3
336
270
2
81
20
86
96
2
415
37
34
141
70
121
8
11
32
74
12
15
189
124
38
100
54
35
12
57
2:2
127
20
88
153
59
5
20
3
104
89
5
33
118
54
307
58
40
45
47
83
33
45
57
34
92
31401
5
22
9
43
95
0
17
179
154
19
38
32
6
8
112
36
8
16
6
1152
179
71
166
15
3
26
21
3310
2211
328
1553
3764
1376
7581
1097
12
2126
2650
9755
3
790
9128
925
872
2652
2
8082
9
0
5
2821
882
943
15
2466
985
4166
9
2
5
1
1427
4054
115873
3544
1
7741
73
9417
32418
3
22
33
130
4
133
53
36
5
16
10203
44428
703
78
35
67
7
157
9
27
18
38
1
18
53
27
82
27
0
10
3:1
3
7
2
11
2
1
950
3445
9355
8134
3093
1178
17010
575
118
120
1430
456
83
334
189
665
436
532
5
22
27
2:2
75
11
8
86
9
28
3
1
43
27
20
4
6
39987
101
218
64
176
69
31
725
1
13
33
240
93
15
202
24
253
84
41
103
132
590
14
57
32
5
19
17
38
57
14831
11851
2:1
163
72
43
35
55
-488507
181
64
0
20
152
115
235
53
93
494
36
132
130
90
117
170
266
186
49
76
252
374
344
40
131
95
186
160
99
766
25
79
420
505
76
152
322
19
99
22
0
104
0
892
854
399
166
683
528
476
224
183
151
12
139
262
681
84
0
74
333
121
321
1187
109
202
421
27
433
0
64
0
30
58
0
187
118
7
108
545
456
261
0
404
45
0
170
0
108
231
12
67
72
0
3
12
32
0
73
134
127
10
0
60
11
71
18
59
12
0
96
72
69
434
520
65
388
80
153
734
214
95
420
3
298
41
34
261
124
52
1107
357
13
35
285
278
631
185
7
0
427
0
206
148
37
187
0
38
41
168
110
3
183
50
159
643
109
31
38
656
682
579
53
62
10
366
148
0
180
29
254
37
256
98
0
541
69
270
10
121
73
57
19
0
221
17
0
21
0
154
91
11
31500
145
4
53
88
0
70
341
1057
149
432
2973
2876
1879
657
1391
0
703
9647
7858
14716
2172
3880
1391
10
8075
19
6182
2930
27
3126
16916
0
91358
13099
5279
0
6032
51
41854
13
61
208
73
11056
43792
0
571
247
102
0
177
0
45
20
46
743
29
0
41
0
86
6
34298
3251
5227
562
2011
44
1827
0
6
0
26
19
47
97
2:2
31991
9431
213
1074
38
207
0
283
32
274
8
14807
84
12001
1415910000
499:0
1
285:0
8
6
1356
-1346
-19
23
52
-53
-23
1
4
4583
-4584
0
-4
291
720
-986
-14
262
-268
-5
74
-70
1
-2
0
61
-64
13
28
-39
-1
1781
-1671
37
-140
-6
269
-261
4
-4
-10
8
58
-64
18
-11
-9
147
-139
-8
6
10
-15
-1
35
352
-292
-39
218
-71
-189
130
338
-456
7
-13
-17
0
48
-30
-21
2
1
139
-112
-21
35
-43
0
17
-16
673
-454
-190
-31
8
14
-19
395
-351
7
355
988
-1014
-359
570
-578
-11
56
-35
37
143
-188
-16
2:-1
4
41
-39
-6
6
-6
5
355
-316
-22
-21
13
-13
6
48
-52
-3
251
-251
24
-9
7
-5
3
-17
187
-177
-11
50
-49
0
5
-7
22
-21
88
-88
187
-145
-42
78
698
-686
-80
-3
-2
135
-140
28
-17
333
-340
315
-316
5
-3
71
-76
6
-8
106
54
-146
-4
4
-14
1
3
952
-607
-334
-14
0
3
130734
-130680
33953
-33971
111
-114
-1
-18
9
-12
126
-132
16
655
-678
2
67
37
-76
-1
-2
1120
-1147
7
13
-4
-13
227
399
-621
69
608
-674
13
-24
33
286
-320
11
52
24
-80
-2
6
1578
-1582
170
-153
-11
2
39
-27
-26
-2
29900
-22111
-7773
-16
5
11
53
-59
-8
755
-713
-44
659
688
-1347
6
24
86667
-86136
-561
4
-4
185
-181
-3
5
-5
12
30
-15
-27
440
-440
573
-529
-28
718
-703
32129
-26578
-5472
-110
5
-6
0
11
-2
20
48497
-48521
50
-55
16
3788
-3803
5
98
-66
113
3436
-3570
1723
-1734
78
-71
-12
9
-9
3
-4
1
12
29
-38
-4
0
1
825
-796
5
3338
-3294
141
-213
-4
0
18
400
-410
238
736
-980
21
-16
355
704
-1053
3
1216
-712
-357
-165
292
-236
-27
-17
-1
170
-64
294
-235
-157
175
-187
-7
-1
4049
-1368
-1780
-900
25
147
-171
19
43
11
-61
-11
0
211
-209
58
229
-270
-16
-6
11
6
28259
-28227
-18
8
-33
-4
38
124
132
-273
3027
-3019
-17
700
-710
7
-5
4
-10
117
1015
-1131
28
-25
41
-16
-19
-6
48
-5
-39
21
-28
347
-23
-307
-11
9
7
-12
0
45
-56
5
15
-8
-5
86
1271
-1362
2
-1
45
54
-66
-21
-13
111
-111
9
-8
99
270
-361
41
-32
23
-38
39
-29
-10
-5
3
1042
-543
-485
-16
10
-2
5510
74963
-73128
-7339
35
-32
-12
393
-253
84
-223
87
-43
-47
5
54
868
-931
1
2:0
8472
-8237
-209
120
10800
-10914
24
387
-438
5
37
-35
12
503
-496
900
-918
42
-54
334
-293
114
2458
-2097
-474
2909
-2956
1
2:-1
1
0
1
2:-1
0
2
0
-2
3
-3
2
2:-1
0
1
-1
1
2
-3
0
3
-1
1
-1
1
-3
2
-1
0
1
-1
2
0
-2
2
-1
3:0
-1
1
-1
1
-2
3
-2
-1
1
0
-1
1
-1
2:0
1
2
2:-1
2:0
2
-2
2
-1
0
-1
2:0
-1
2
0
1
-2
2
-2
3
2:-1
4:0
-1
0
-1
0
2
1
-2
3:0
1
0
2
-2
-1
2:0
-1
3
-2
0
-1
2
1
-2
0
1
-2
3
3:0
-3
1
-1
0
1
2:0
-1
2:0
2
-2
2
1
-2
-1
2
-1
2
-3
2
0
-1
7:0
2
-3
3
-2
-1
3:0
4
2:-1
1
3:-1
1
-1
0
2
0
2:-1
2:0
3
0
-2
-1
1
-1
3
-1
1
-2
2:0
-1
2
3:0
2:-1
1
0
-1
0
3
-1
0
-2
1
-1
2:0
2:1
-2
3
-2
2
0
-2
0
2
2:0
-2
1
-2
3
-2
1
2
-3
0
2
0
-2
1
-1
0
-1
1
-1
0
2:1
-2
2
0
-1
1
-1
0
1
0
1
-3
2:0
2
1
-2
2:0
1
0
1
-3
2
0
-1
1
-1
1
0
-2
0
3
-2
-1
2
-2
3:0
2
2:0
1
0
-2
-1
2:0
2
2:1
0
1
0
-2
0
7
-7
2
-2
89
-88
-1
1
12
-2
5
-16
3
-3
4:0
26
0
-22
-4
0
6
-6
0
1
11
-9
-2
0
-1
2:0
1
-1
2:0
2:1
0
-2
16
-16
0
2:1
2:-1
1
-1
3
-3
1
3
-3
12
-12
2:1
-3
2:0
10
-9
2:0
3
-4
2
-1
2
-2
-1
6
-5
13
-14
7
-7
2
-2
1
5
-6
0
12
-12
12
-8
2
-6
1
-1
4
0
2:-2
4:0
3
-3
2:0
2
-1
32
-27
-5
2:0
-1
0
2
-2
0
138
-137
0
2
1
-1
13
-16
3
5
-3
13
-11
0
-4
-3
2:0
22
-21
18
-18
-1
24
15
-27
-11
-1
2
0
-2
5
-3
13
-11
2:-2
3
-2
5
-6
2:0
6
1
-6
0
1
-1
2:0
-1
65
-65
2:0
10
1499
-1505
83
-87
27
-25
1
5
-7
4
-2
1
0
-1
-3
0
12
-9
2:3
-3
-5
1
-2
2
8
-9
50
-51
5
1
23
-16
-10
0
-3
4
-4
2
16
-2
-14
-2
2
-2
2:1
4
-3
4
-2
-5
0
1
334
-204
-127
-4
1
3
0
-3
-1
1
5
-6
52
-31
-21
2
-1
340
-327
-14
3
-3
20
-20
0
2
-1
3
0
-4
1
32
-33
27
-27
7
-7
2
127
-118
-2
-9
3
-2
-1
4
-4
12
586
-596
12
-14
0
97
-97
1
15
-9
98
19
-122
49
-48
-1
3:0
-2
2:0
2:1
0
-2
0
1
3
108
-111
0
172
-160
-3
-10
3:0
33
-31
37
-39
0
4
-3
29
154
-179
-5
33
-26
8
-6
73
-80
0
-2
1
3
21
-8
7
-20
11
-14
-1
0
35
204
-214
-23
-1
11
-10
-2
27
8
-34
6
0
-3
-4
3
-2
0
8
-9
4
-1
194
-196
2
0
-3
3
6
9
-18
6
42
-46
-2
11
-10
11
-9
-3
0
9
65
-74
2:0
1
2
-3
0
30
-23
2
-8
5
-4
37
-30
-8
-1
11
-9
0
16
-18
1
6
-6
2
8
57
-67
-1
3
2
-2
1
-1
0
8
-11
0
2
6
-8
1
4
-2
1
-3
5
1
-7
2:0
5
-5
0
2:2
0
454
1194
-1417
-233
-2
3
-2
87
-88
5
-5
22
-5
-16
-1
2
85
-87
1
-1
3
139
-118
-21
2
420
-424
2:28
-56
3
1
0
2
10
-6
35
-46
0
3
11
-8
3
-8
23
-16
18
-26
15:0
1
-1
2:0
1
-1
10:0
1
-1
2
-2
1
0
-1
3:0
3
0
-3
8:0
1
-1
3:0
1
-1
8:0
2
-1
0
-1
4:0
1
-1
2:0
1
-1
14:0
1
-1
0
2:1
-2
6:0
1
-1
12:0
1
-1
1
-1
6:0
1
-1
7:0
1
0
-1
1
-1
1
0
-1
2:0
2
-2
5:0
2
-2
2
-2
24:0
1
3:0
-1
8:0
1
-1
9:0
1
-1
0
2
-2
2:0
1
0
-1
2
-2
2:0
1
0
-1
4:0
1
-1
2:0
1
-1
12:0
4
-2
0
-2
2:0
1
-1
9:0
2
-2
3:0
2
-2
7:0
1
0
-1
2:0
1
end
