v1
542
252
315
176
298
0
14
174
31
21
153
34
79
51
0
96
192
78
119
551
58
56
7
14
0
1
28
99
423
9
83
211
52
340
118
0
102
140
17
280
295
159
162
332
62
293
111
34
0
67
76
248
0
10
212
122
126
0
41
160
413
122
113
0
82
22
72
84
15
384
21
135
31
58
167
162
115
109
0
168
67
0
175
50
0
207
165
203
287
166
5
45
29
408
20
11
264
431
372
9
69
44
388
54
59
0
5
265
10
69
57
36
954
16
44
166
0
55
175
25
274
95
213
0
25
16
27
28
55
38
235
77
94
45
87
507
106
52
117
392
265
169
51
294
119
160
75
50
181
27
29
12
39
19
13
43
12
7
19
7
0
1
0
69
5
142
5
1
13
88
14
0
85
62
12
45
14
6
12
17
4
25
65
38
74
127
118
74
11
361
1
78
95
102
1
17
94
291
35
86
243
304
10
33
6
116
104
180
54
347
0
101
100
28
111
58
149
287
0
129
275
6
31
299
15
33
83
70
229
41
309
114
54
31
20
0
175
808
301
71
22
176
43
93
55
50
6
109
2
24
344
75
56
41
0
281
633
19
0
29
229
33
202
30
0
80
0
128
19
38
69
7
8
147
40
104
179
110
339
109
244
20
184
360
9
43
40
34
141
70
63
66
43
80
0
137
2:73
51
38
100
0
54
50
58
95
50
4
86
153
59
5
20
13
89
5
71
18
5
0
151
54
52
194
103
2
0
14
132
21
42
98
2:91
1
31401
5
22
9
43
161
80
6
44
85
124
69
0
2
89
8
28
2:4
22
932
54
56
0
110
5
0
163
11
71
166
18
3357
2211
328
1553
322
2048
2770
2464
0
1764
3352
1098
2138
2650
9755
3
0
790
5704
423
13
2988
925
872
2652
2
4
8085
2
5
2821
1840
2466
474
509
0
1041
3119
17
2
5
1428
4054
119417
1
7716
25
26
47
9417
31396
1025
22
42
111
54
0
93
53
19
17
5
16
10999
44364
20
29
109
157
7
29
18
38
1
6
12
1
161
2
25
8
2
3:1
10
0
2
11
2
0
726
0
29
7
0
118
2
0
50
19
12800
6411
0
1723
3093
5056
5152
7980
813
1430
539
333
144
46
665
970
3
2:11
9
19
3
86
10
49
35
34
2
4
1
43
47
4
6
30302
9786
282
176
121
705
46
41
0
9
190
93
217
24
337
38
3
103
47
13
14
24
207
431
0
89
5
19
17
38
17004
9735
2:1
163
12
41
62
23
5
7
1415106000
541:0
6
4
-8
-2
0
8
6
-4
-5
1
2:-2
2:0
31
-32
0
1700
-1691
130
336
-473
-3
0
13
77
-84
-5
2
-2
27
-26
-1
1
0
201
-127
-74
4
108
-50
-54
190
-199
96
-91
-4
0
2
6
-10
0
161
-132
-28
-1
0
8
18
12
-35
-1
0
-2
39
-37
15
-14
14
-10
0
1
-2
454
-460
104
-99
0
47
-50
0
85
-85
0
7
-5
62
-57
-7
14
-16
16
-6
-9
0
422
406
-750
-76
0
229
-156
39
-113
0
4
-5
204
-180
24
-48
43
-32
1
-13
0
7
72
-74
-4
27
-23
0
-1
-2
7
18
-26
44
-4
-41
0
16
-15
62
-60
-2
14
-15
20
-18
39
6
-45
24
-25
-1
3
1
0
-1
-2
1
20
63
-84
8
2
-9
0
-2
0
3
-1
7
11
127
-136
-10
-1
0
450
-447
23
9
-32
6
-7
-1
3
36
675
-715
1
2
29
-29
7
-7
43
-43
17
-17
-2
7
-3
48
-49
2
160
-163
68575
-68557
3960
-3933
-45
18
20
-28
0
-11
2
-3
3
1
0
9
0
-13
2
3
4
26
118
-27
-123
3
86
843
-929
37
-40
-3
-1
0
5
41
-6
2
-3
-11
-26
-1
2
-2
2
23
-19
-6
5791
-2965
-2824
-1
0
4
230
-234
0
-1
24
-18
-7
2:0
2
0
1155
-1137
-19
31
2
42
47160
-47233
-3
9
185
-193
1
2:3
265
-169
-92
-11
48
-45
0
1
22
1494
-1512
-9
0
3
6
-6
665
-657
3
0
15117
-15130
1988
-1978
-10
2
84
-65
105
1716
-1831
-12
3:0
1
52
14
-66
4
48
-51
35
-37
0
1
9
-10
2:0
123
-119
2
-6
734
-703
201
-229
3
-5
3
295
-261
-36
-2
0
10
42
-49
540
-464
68
-4
-137
2:-3
0
66
-66
0
4
274
-278
708
-694
257
104
-73
-264
-37
2
140
-143
0
2
-2
6
476
-442
339
-378
2
20
-21
9
1585
-1356
-237
0
27
25
-55
5
4
-4
665
-409
-255
-2
-4
2:0
2:2
41337
-41321
-12
19
216
-69
-168
294
-298
8
3242
-3251
106
4975
-5079
-2
65
0
-65
7
-7
26
594
-616
-4
-1
1
38
-26
-10
4
0
-6
160
286
-390
-54
0
18
3
-2
-21
266
-240
-9
226
-244
0
16
-1
-13
0
12
0
8
-9
-13
2
-2
0
2
-2
43
-41
0
5
86
-62
-21
1
-10
22
-22
1
3
12
-15
23
-19
26
67
-99
53
8
56
-84
-33
21
-20
0
6970
36317
-43286
9
-5
71
-63
-2
27
13
-52
115
-115
5
0
-5
2:4
578
-519
931
-997
14
12
-24
-2
2:0
3
-4
0
6
5
41
-46
563
-562
-4
152
-151
41
-43
164
-53
-108
256
-253
1
9:0
1
-1
1
0
-1
0
1
45
-46
5
2
-7
2:0
2
1
-3
3:0
1
-1
3:0
6
-6
0
1
6
-6
-1
0
1
-1
2
-2
5:0
5
-5
3:0
2:1
2:-1
3:0
1
-1
3:0
2
-2
0
1
10
-11
4
-4
4:0
10
-10
0
1
-1
0
1
-1
6:0
5
-2
-3
2:0
1
-1
12
-12
3:0
5
-2
-1
-2
2:0
1
-1
3:0
2
-2
2
-2
3:0
1
-1
0
2
2:-1
0
1
-1
12
-12
0
1
-1
3:0
18
-18
3:0
1
0
-1
3:0
9
-6
-3
0
2
-2
3:0
6
-6
0
2
10
-10
-2
2:0
17
-17
0
3:2
-6
2:0
3
8
-11
2:0
4
-3
-1
0
6
-6
2
-2
3:0
1
-1
0
37
-37
860
-859
51
-43
-9
4
0
1
-1
2:-2
3:0
2
2:0
-2
0
2:1
3
-5
24
-24
5
-1
9
-2
-7
-3
-1
2:0
1
2:4
-7
2
2:-2
0
1
-1
0
2
1
-3
151
-66
-85
3:0
2:1
0
-2
1
0
-1
4:0
69
-64
-5
10
-9
0
302
-302
-1
2
17
-19
0
2:1
16
-18
2:0
9
-8
-1
0
1
48
-48
-1
2:0
1
0
11
-10
4
0
243
-249
53
-53
2:0
5
-3
31
62
-95
5:0
2
0
-2
0
3
-3
4:0
2
-2
0
2
28
-29
-1
0
54
-51
10
-13
2
-2
1
24
-24
-1
3:0
22
-22
88
-87
1
7
-9
0
1
0
4
-5
2:0
10
-10
68
-67
5
4
-1
-4
-5
0
8
-8
2:0
1
-1
18
-14
4
-8
0
1
0
-1
57
-50
-6
0
16
8
-25
2
5
-7
1
4
-3
-2
5:0
119
-119
1
-1
7
4
-11
1
-1
2
263
-265
4
3
-7
2:1
0
-2
2
-2
3
61
-64
3:0
5
4
-8
-1
1
-1
2
36
-38
3
-3
17
-17
1
-1
22
-22
2
1
-3
0
4
-4
1
0
8
0
-6
-3
6:0
1
-1
0
2
0
-1
2:0
-1
6
-6
2:0
1
3:0
-1
2:1
-2
2:1
-2
0
2
-2
0
133
154
-287
2:0
26
-25
-1
14
-1
-13
33
-33
1
0
-1
0
1
12
-6
138
-145
0
11
-11
2:0
1
0
-1
0
1
7
-4
-3
29
-26
-2
3
-5
3:0
13
-12
-1
0
end
