v1
709
55
197
45
28
114
145
148
11
16
470
52
115
63
9
52
4
297
97
46
119
188
126
8
229
1
57
56
2:11
28
118
61
153
2
197
83
46
77
88
59
277
4
272
140
7
24
261
15
285
214
81
26
72
260
15
48
132
160
111
101
76
105
143
10
212
4
24
0
8
141
71
41
27
216
11
72
247
94
36
148
61
60
32
64
54
138
207
54
102
31
64
24
137
277
72
185
20
156
86
257
127
128
20
31
62
85
98
49
55
336
65
166
75
31
255
12
8
322
71
38
381
42
38
33
149
170
29
15
25
54
125
1
0
108
24
14
67
69
10
47
172
164
473
106
75
60
299
28
94
0
30
66
106
144
23
87
144
23
27
28
45
74
209
77
339
9
289
2
28
66
106
157
12
16
93
120
163
25
148
261
51
100
32
0
154
8
85
24
288
7
181
27
29
28
17
6
32
38
5
4
13
2
25
17
8
48
3
14
55
79
118
21
61
74
40
5
2:14
15
35
31
34
3
34
1
3
16
55
127
8
110
154
220
0
73
293
359
61
219
110
98
206
10
33
6
116
104
42
138
54
262
85
101
41
25
11
162
58
3
146
102
39
131
15
34
122
248
6
17
313
10
5
33
83
299
41
309
219
7
168
712
96
215
86
11
60
12
10
195
172
56
109
2
24
42
253
49
75
18
32
732
66
119
44
19
29
229
71
138
10
46
75
5
53
37
38
19
38
69
7
8
147
30
10
104
162
127
647
45
20
98
86
255
160
8
29
175
17
53
121
8
43
80
0
6
15
11
178
73
51
38
100
54
35
0
12
61
89
58
88
153
59
5
23
104
10
79
3
2
151
54
174
72
61
42
56
92
107
71
74
91
31407
6
4
0
12
9
12
187
38
53
44
85
69
19
66
10
8
112
36
8
22
944
42
57
24
85
68
111
71
166
15
3
41
6
885
2425
2211
328
1553
3073
2067
6258
1322
1
1097
2138
2650
7292
880
1583
793
5704
423
10
3
2172
816
1797
1267
1385
2
4
8085
7
3703
958
2466
1997
3146
8
11
5
1
1427
106829
13098
1
3543
1
1735
6006
54
19
9417
32411
7
3
18
4
26
127
10
4
113
20
89
5
11
70
55246
51
50
109
85
72
7
2
27
56
1
71
91
18
27
10
3:1
10
2
11
3
754
14
170
0
12
7825
4975
5840
2294
3093
10208
7980
575
238
247
1183
539
334
133
0
56
665
436
532
2:2
1
11
14
6
22
1
43
12
30
8
26
3
57
9
28
1
2
1
11
32
47
4
6
30302
1513
8191
78
286
176
100
600
125
1
87
199
246
64
24
95
16
142
84
41
103
8
39
1
12
17
228
341
55
96
28
5
19
17
28
10
15027
11713
1
163
12
60
0
43
8
20
2
5
-488388
1304
714
223
316
86
776
146
701
126
1860
47
20
298
28
94
126
692
750
41
46
1108
2332
143
318
572
175
1502
296
178
123
260
774
262
1081
22
570
689
12
563
6
126
564
9
306
574
26
910
27
3379
500
1465
182
357
3
122
511
310
92
273
596
73
11
725
325
50
167
726
274
256
42
1081
73
258
100
71
31646
216
137
1440
13
399
151
20126
15643
10843
19734
9133
11948
115768
41933
255
129
55754
35
227
726
225
47305
47
56
40130
1109
2029
30
193
100
26952
17
1415254800
599:0
1
108:0
4
-3
15
6
-22
0
1
13
19
-10
-19
-1
125
486
-607
2
-9
4
44
1919
-1929
-34
-3
18
554
1133
-464
-1239
29
-17
44
-56
-3
3
-3
49
-43
-6
32
-28
-4
7
53
-29
-30
35
-23
-9
90
-90
1
0
7
273
-282
1
26
372
-308
-94
14
-13
24
11
-35
603
-603
3
-4
40
-39
9
19
-22
-2
-4
294
-285
-4
2:1
2:-2
29
-30
0
4
9
57
-49
-13
-11
52
1117
-1169
46
-41
-4
27
4
-16
-8
-1
-4
8
-7
28
-31
34
-24
-8
5
-3
7
-11
3
113
-108
-8
-1
5
-4
7
64
-71
2
37
4
-31
67
-69
-6
0
-2
1
-3
69
-62
-5
27
-26
0
1
48
-10
19
-59
80
-78
0
35
-40
21
-21
35
-25
-9
104
-101
729
-733
5
4
3
253
-264
0
4
-4
237
-226
66
-49
-23
-6
265
-257
-7
29
-25
16
-14
-2
-1
2
41
48
-88
-3
17
-3
-14
18
28
-38
-5
22
-13
143
-158
0
9
-2
-8
77
-68
77
-34
-51
75
-19
-57
283
-231
-51
3
-3
40
-41
12
-11
141
-141
81
-82
5
3
10
-11
19
158
-166
-12
-2
72
-40
-33
7
-7
146
-139
-7
77789
-77786
6187
-5991
-202
5
21
4
186
-169
-21
262
-279
-9
55
-49
20
-23
1
2
9
2
11
-28
5
27
-29
149
-151
2
323
-311
82
430
-517
-10
57
-47
3
45
-57
52
-33
-20
5
9
-11
4
0
-7
7
-7
9
-6
3721
-2695
-1028
36
-37
5
3
-5
5
-5
42
-40
-4
-1
9
-9
24
-23
4
550
-549
-3
463
-439
24
11574
-11622
16
-19
1
201
-168
131
-122
-43
1211
-1211
6
7
30
-35
17
345
-350
1556
-1534
-39
2
9
10
-24
0
11
-6
33
-5
4811
-4839
0
51
3204
-3257
21
243
-254
70
1168
-1123
-121
-7
0
10
69
-63
333
-339
-7
0
1
-1
7
-9
0
181
-173
3579
-3577
-6
0
107
-79
-26
-7
40
-36
174
-178
6
167
-167
3
5
35
624
-597
141
-214
4
-1
-5
8
-6
81
396
-199
-46
-205
-24
4
0
24
439
77
-438
-108
12
-4
-8
0
11
709
24197
-24918
-3
592
-583
-6
1
10
35
-49
39
-38
13
42
-16
-24
-12
5
4
59
-71
2
-3
4
14648
-14644
64
39
-62
-45
7
36
244
-284
344
-348
23
2772
-2794
28
52
-78
7636
-7641
18
-7
-12
3
18
257
393
-662
1
7
-14
19
-18
10
39
-47
0
67
-41
1336
-1362
1
43
-36
89
-84
-7
5
-2
26
28
-53
-13
19
-17
0
-2
0
14
-13
0
5
-4
62
-20
-40
4
22
3
-33
2
0
20
-6
12
159
-174
14
-17
3
-16
0
77
-71
-6
3
25
-27
2
0
5
43
563
-613
5493
18628
-24122
24
15
-10
410
-416
-23
0
1
115
-32
-47
-33
23
271
-295
-3
4
308
-270
-30
-11
44
295
-304
100
-120
17
-33
0
415
-410
-2
0
-3
6
10
-4
8
-20
522
-498
378
-337
694
-758
4
0
101
-88
7
-25
3
-1
4:0
1
-3
1
3:0
1
0
-1
0
1
-1
1
4:0
-1
1
-1
2:1
-1
-2
2
0
-1
4:0
1
0
-1
0
1
-1
1
-1
1
0
-1
1
-2
2
2:0
-1
1
2:0
1
2:-1
0
1
-1
1
3:0
-2
0
2
5:0
-1
0
2
-1
0
-1
1
2:0
1
-1
1
-3
2
-1
2:0
1
0
-1
1
3:0
-1
1
0
-2
2
2:0
-2
2
0
-2
1
0
1
-1
3:0
1
-1
2
-2
2:0
3
-3
3:0
4
57
-60
-1
2:0
1
12
6
-19
3
-3
2
-2
2:0
1
-1
21
-21
8
-8
3:0
1
-1
3:0
9
-8
-1
2:0
1
-1
0
3:1
-3
2
-2
4
2
-6
2
-2
4:0
2
-2
3:0
7
-7
0
4
-4
2:0
5
-5
0
1
-1
3
-2
0
-1
2
17
-19
4
-2
-1
5
1
-6
-1
2:0
2
2:-1
0
3
-3
0
1
-1
1
2:0
12
-13
0
1
-1
0
1
5
-6
3:0
1
7
-8
5:0
9
-8
-1
1
-1
2:0
1
-1
2
-2
0
3
0
-3
3:0
5
-5
0
2
-1
0
-1
0
1
0
8
-9
3:0
20
-19
-1
4
-3
-1
0
1
-1
2:0
3
-3
3:0
21
-21
1
-1
0
2
-2
5
-5
2
-1
8
-8
4
-5
0
1
0
-1
12
-12
1
2
-3
14
2
-16
21
-17
-4
2:0
1
-1
2:0
4
-3
-1
2:0
2
2:0
-2
12
-12
3
0
4
-6
-1
2
-2
33
-33
0
1122
-1122
54
-38
-16
1
3
-1
2
-1
-2
0
-2
0
1
0
3
-4
1
-1
1
7
-8
0
2:1
-2
11
-11
3
56
-58
5
6
2:-6
2
2:0
11
-13
7
-7
0
1
0
-1
4
-3
-1
1
3:0
182
-133
-50
3
-3
2:0
2
2:-1
3
-3
2:0
3
-3
2
-2
1
36
-35
-1
10
-6
-3
218
-220
4
-4
0
23
-23
12
2:-6
47
-47
1
-1
5
-3
-2
6
-3
82
-82
-2
2:0
-1
2:0
2
5
-5
9
252
-261
0
11
73
-86
1
7
-3
43
28
-60
-14
-2
2:0
5
0
1
-6
0
1
-1
1
2
-3
0
39
-38
101
-101
-1
0
8
1
-9
2:0
1
28
-29
0
34
-34
1
0
11
63
-69
3
-9
2
-2
0
2
-2
9
-4
60
-63
0
-2
1
-1
7
13
-2
-12
-5
9
-9
-1
2:0
32
248
-280
0
20
-20
3:0
4
-4
2
-2
0
17
4
-18
-3
2:1
2:-1
2:0
1
138
-139
2
1
-2
-1
5
2
6
-13
2:0
6
393
-399
2
-1
0
17
-18
1
10
-10
0
2:2
58
-63
3:0
6
2:-3
12
-10
3
-4
2
29
-32
1
16
-14
34
-35
-1
3
-4
4
1
-5
6:0
3
-3
2:1
-1
4
-3
-2
1
2
1
-3
-1
0
2:2
1
4
-7
0
1
-3
0
2
2:-1
2:0
2
-1
0
-1
2
3
2
-7
178
238
-416
0
2
5
143
-146
-4
2:0
26
-14
-9
-3
2
81
-82
-1
0
22
-10
-12
0
5
79
-81
7
-10
2
-2
2:0
3
-3
2:0
1
9
-9
4
-5
29
-27
4
1
7
-14
2:0
12
-11
-1
9:0
1
-1
31:0
3
-2
-1
11:0
1
0
1
-2
18:0
2
-2
1
-1
5:0
1
-1
9:0
3
-3
1
-1
9:0
end
