v1
817
207
33
57
242
45
7
152
312
95
5
31
43
52
139
48
360
87
168
43
8
140
360
58
19
37
7
15
28
118
413
129
165
324
16
34
30
208
101
39
292
300
8
49
102
136
26
72
260
15
47
293
111
425
10
210
25
99
126
2
39
208
312
53
95
183
10
17
34
156
45
164
190
21
135
31
58
167
277
109
115
33
20
24
132
12
74
29
165
63
79
57
125
107
62
23
202
456
107
110
248
19
8
297
134
494
24
418
59
186
94
69
57
376
433
106
135
221
145
84
340
478
118
85
9
163
193
7
118
79
8
66
29
94
106
169
109
364
116
288
49
165
80
60
219
306
56
51
32
12
50
8
11
6
25
0
46
5
147
1
13
105
82
74
4
41
2:14
2:50
15
3
35
19
38
144
118
105
342
173
120
52
30
143
160
35
86
243
304
10
39
116
77
0
27
42
138
54
121
35
106
85
101
41
87
3
108
58
3
146
5
0
267
15
129
275
37
10
289
10
38
153
229
41
309
226
976
301
83
10
367
50
6
109
2
24
157
187
75
50
325
3
633
0
19
29
229
33
30
50
146
33
53
128
19
107
2
5
8
147
40
283
96
14
339
353
20
82
102
130
285
37
34
141
70
121
8
43
78
8
204
73
51
38
100
54
47
53
6
2
95
52
88
153
59
5
9
11
3
93
11
69
20
5
0
151
54
52
194
61
57
1
85
47
63
155
34
31498
22
9
204
4
82
44
85
69
19
69
7
1
7
112
36
8
22
17
969
81
85
68
111
71
166
15
3
47
9
3301
2211
328
1553
2054
3086
8678
2138
2650
9755
793
6140
2988
4446
3
2
4
10
8075
2
5
2807
14
882
943
2468
13
5143
1
16
2:2
3
1428
3523
11948
8312
83046
16642
1
7741
26
47
9417
2665
29778
26
7
11
109
54
73
20
53
36
5
16
10203
44428
781
102
7
72
85
7
2
27
19
37
1
18
1
98
63
2
25
0
10
2
1
10
2
11
2
726
29
32
3609
9355
8134
21281
575
485
1183
1005
57
665
436
532
2
1
8
16
27
2:2
86
94
6
34
1
11
32
38
9
4
6
30302
10068
9
167
100
600
125
1
379
217
24
111
142
11
73
41
103
47
258
149
247
35
94
19
17
38
15027
1977
9735
2:1
235
21
22
21
2
12
-488455
0
6
384
383
314
260
63
35
104
366
345
88
237
178
85
667
288
87
443
0
414
835
243
389
0
468
87
340
0
370
0
233
69
59
0
23
93
1
20
0
79
361
389
442
214
0
11
339
8
0
212
0
148
276
0
2
201
0
59
52
0
127
33
407
151
342
0
33
92
365
420
312
500
661
189
35
76
298
96
106
42
0
585
232
0
86
44
118
87
0
125
156
0
430
1436
49
43
0
9
22
232
9
41
81
12
33
23
49
0
17
194
60
0
75
88
31
25
53
139
43
330
0
125
9
0
155
0
158
347
47
0
2
18
10
229
0
6
856
797
761
0
28
0
254
164
0
138
5
69
199
188
499
16
31
8
12
225
258
404
295
0
173
274
0
42
0
195
251
0
73
0
429
0
440
143
242
0
323
97
12
58
19
124
95
262
18
0
40
138
6
84
38
417
272
77
246
128
89
0
59
0
1
15
0
683
241
165
219
34
0
338
223
21
35
17
98
100
130
232
176
32
0
45
15
140
31524
178
26
29
111
28
0
218
136
2
1032
169
10889
336
9311
7438
0
8206
0
6494
4349
870
2
10709
0
27
8
8116
4185
1414
0
30
0
4037
115874
5279
5981
38287
3667
0
167
4
36278
19327
33
193
144
90
30
147
18
30
744
170
6
0
3445
30790
8793
1351
0
1
0
536
415
133
96
0
1623
6
101
56
0
10
52
66
43
40632
50
792
111
963
38
783
13
26856
57
13
0
157
0
1415048400
499:0
1
316:0
8
2
-5
96
-78
-16
197
-196
1
90
-86
29
-38
6
-2
8
-9
4498
-4494
50
491
-548
425
-423
2265
-2264
38
531
-553
247
-262
18
702
-723
1
62
349
81
-488
8
86
-95
43
-45
17
-16
318
275
-583
13
-1
59
-62
0
-23
2
0
2
8
28
-36
17
112
-95
-36
15
6
13
291
-327
146
-99
2753
-2672
-123
36
1333
-1063
-182
-128
32
272
-273
-29
1
50
-46
-8
16
-11
423
-393
65
-71
-24
6
-8
3
16
-22
0
948
-948
420
-344
-72
891
-889
-6
216
-200
516
-523
-1
50
-22
-36
18
-10
-5
60
-56
33
111
-144
0
485
-465
-23
-2
-1
4
492
-493
14
-12
57
-62
694
-695
3
194
-194
1
49
-30
-16
287
-291
11
-10
18
611
-452
21
-195
5
-8
100
-102
49
570
-539
-73
-4
9
-9
15
-15
517
-514
10
-12
19
-25
61
-50
-3
217
-58
-161
45
-49
9
23
-29
424
-429
127367
-120422
-6718
-226
3
15
16
-12
1
-13
-10
383
-163
-194
6090
-6116
0
2
40
-19
-16
2
2:0
19
-26
38
-41
6
78
-83
604
-579
68
840
-894
2
100
-73
-60
-4
3
9
-12
6
-3
2132
-2139
91043
-87964
-3075
0
182
-183
-1
-3
0
82
-79
1
90
-86
-8
16
877
-891
167
-167
2
42
54886
-54925
6
-2
153
-164
18
95
-94
532
-550
4
43
-48
22
1
7
2487
-2489
-17
0
-10
5
3340
-3335
-1
18161
-18123
-46
-2
4719
-4704
42
834
-857
274
1311
-1608
-1
571
-577
19
-23
7
3
0
-7
43
24
-69
1
-2
1
2
19
-19
15
539
3376
-3878
235
-288
-1
14
412
-402
-25
110
-110
96
-96
9
315
557
-758
473
-590
-1
-5
1263
-1255
168
-164
452
1878
-2326
0
-14
207
-92
336
-156
-296
590
-588
5395
-5274
564
-393
15074
-15022
-244
387
-383
-104
80
-81
-1
31
-32
4
5
11
-14
6
-12
7
-6
111744
-111740
4
12
-9
-10
1
105
-90
377
-71
-315
45
3763
-3759
149
-197
-8
17
-15
0
14
3
-15
234
1957
-2044
-117
-18
135
124
-239
-29
489
-494
10
61
-64
62
372
-424
-10
-7
18
28
-22
0
185
-204
17
-23
124
-81
-45
4
6
-7
-4
27
-9
-4
58
-70
71
-72
17
-4
-5
-1
-6
2:0
-1
9
-9
139
2
-125
-14
27502
85784
-113289
39
-20
65
-73
259
-251
177
-192
136
-125
-13
75
218
-288
1684
-1527
-160
268
-260
8415
-8381
8
-37
-11
-6
4
5
7
572
-568
1270
-1285
3
23
302
-210
-123
16
202
-200
-15
15
-21
0
-1
3:1
0
2:-1
2
2:-1
0
3
2:-2
2
-2
2:1
0
-1
2
-3
2
0
2
-4
2
4:0
-1
2:0
-1
0
2
-1
0
2
-2
-1
3
-2
0
1
-1
1
0
-1
0
-1
2:0
1
-1
0
2
-1
0
1
-1
2
2:-1
0
2
-1
1
-3
3
-2
-1
2
-2
0
1
-1
3
-1
0
2:-1
0
1
2
-3
2:0
2:1
0
1
3:-1
0
2
1
0
-2
-1
2
1
-1
3:0
1
-3
2:0
3
0
-3
2:0
3
-2
1
0
-1
4:0
-1
1
2:0
1
0
-1
1
2:0
-1
1
4:0
-2
2
0
-1
0
1
0
1
0
-1
1
3:0
-1
-2
2:0
2
-1
0
-1
0
2:1
0
-1
3:0
1
-2
1
0
-1
2
-1
3
-2
1
-3
2
-2
2:0
2
0
-2
1
3
-2
1
-2
-1
1
3:0
-1
2
0
2:-1
2
1
-3
3:0
1
2
-3
0
1
-1
0
1
2:0
3
-2
2:-1
3
-3
1
0
1
0
1
-3
2:1
-1
2
-1
-2
7:0
2
3:0
1
0
2:-1
3:0
2
-3
3
0
-3
2
0
-2
3
-3
3
-3
2:1
-2
0
1
2
2:-1
0
-1
0
4
-4
1
-1
0
2
0
1
0
2:-1
0
-1
0
2:1
0
-2
2:0
1
3:0
2
-3
2
1
-2
-1
1
4:0
3:1
-2
1
-1
3
-3
3:0
4
-4
3
-3
2:0
92
-92
1
-1
0
13
-10
6
-8
8
-4
-3
-2
33
-30
-2
-1
2:0
10
-10
2
-2
8
-8
0
2:1
-2
0
2
-2
1
-1
5
-4
7
-8
2:0
7
-7
9
-9
0
4
-3
-1
2:0
2:1
-2
0
1
0
-1
2
-1
20
-3
-18
0
2:1
-2
2
-2
9
-9
1
3
-3
0
-1
2
-2
3
-1
-2
4
1
-5
1
13
-13
6
-5
-2
19
-17
-2
12
-10
4
-6
2
1
-3
1
2
-3
4:0
1
-1
3
2
-3
-2
3:0
29
-29
5
-3
-2
0
3
2:-1
47
-48
0
4
2
-5
17
-18
1
0
6
-6
11
0
2:-4
-3
21
-21
15
29
-35
-10
1
3
-4
5
-5
11
-10
2
-2
3
-1
4
-6
3
7
-6
-5
0
4
-3
2
-2
60
-60
1672
-1582
-67
-23
0
1
-1
6
-4
2
-3
7
8
-10
-2
-5
2:0
2
10
-8
-2
0
-1
9
-7
-2
-1
0
17
-16
48
-35
-11
15
2
-18
17
-2
-15
-1
3
-3
3
2:0
5
-9
359
-237
-121
3:1
0
-2
-1
5
-4
0
-2
1
0
3
41
-42
16
-19
4
-2
399
-397
0
-3
15
-16
2
4
-6
57
-57
2
5
-6
7
-5
-1
136
-132
-5
3
-2
2
40
-43
6
620
-615
-10
0
121
-122
4
7
-2
122
27
-159
4
27
-31
8
-8
2
3:0
2:2
-6
1
-1
0
1
2
-1
5
108
30
-134
8
-17
-1
2
37
-40
0
36
-35
2
-3
5
29
167
-192
12
-21
2
-1
10
-8
9
-8
135
-132
-2
-3
-1
4
24
-9
5
-25
13
-13
43
-42
21
-19
214
-209
-8
22
50
-65
-5
-1
8
2:-4
4
-3
2
-4
5
-3
-1
0
186
-187
0
7
-5
-1
1
3
10
8
-23
3
6
445
-454
9
-7
1
-3
2
-2
4
2:-1
5
88
-90
-5
1
22
-22
23
-24
14
-13
13
-12
-2
2
99
-90
-11
0
24
-23
2
0
77
-80
13
-11
12
-8
-6
13
-7
-6
0
3
4
-4
2:-1
6
-7
3
4
-6
1
-2
2
-2
3:0
4
-2
4
-6
336
752
-1088
2
-2
14
-12
94
-92
37
-40
14
-15
2:1
89
-87
25
-17
-10
4
-4
397
-395
25
-26
2
-5
0
3
9
2
-7
62
-67
0
4
9
-6
-8
-1
18
-18
2
6
-8
5:0
1
-1
2:0
2
-2
7:0
1
0
-1
20:0
1
-1
3:0
1
-1
20:0
1
-1
4:0
1
-1
18:0
1
-1
42:0
2
-2
13:0
1
-1
2
0
-2
0
1
0
2
-3
10:0
1
-1
5:0
1
-1
31:0
2
-2
7:0
2
2:-1
7:0
2
-2
3:0
1
-1
1
-1
4:0
1
-1
6:0
1
-1
5:0
1
-1
4:0
2
-2
1
-1
0
2
-2
0
1
-1
13:0
2
2:-1
2:0
2
-2
7:0
1
0
-1
10:0
end
