v1
517
297
198
72
176
298
14
174
52
153
113
147
124
68
78
119
551
58
19
37
7
15
28
99
423
92
46
106
59
392
118
102
140
17
9
271
295
159
162
306
26
299
56
111
34
35
108
248
10
212
289
160
222
191
122
217
72
84
15
315
69
21
135
31
58
167
162
115
72
37
168
67
101
74
257
165
203
85
202
166
79
318
90
20
11
264
148
283
372
9
69
44
2
210
176
54
59
5
265
10
69
57
514
401
75
16
44
166
0
55
145
30
25
369
213
25
16
27
28
55
38
235
77
139
193
125
276
106
169
589
68
149
71
44
250
279
75
231
27
41
39
32
25
18
12
7
19
7
24
46
5
142
0
5
1
13
88
14
0
3
82
62
12
45
14
0
6
33
25
65
38
319
74
11
362
78
197
1
111
92
199
35
86
243
304
10
33
1
5
116
104
180
54
347
101
41
59
139
58
3
146
287
129
275
6
31
10
289
15
33
83
70
229
41
309
114
54
31
20
0
175
808
301
71
5
17
176
43
33
115
50
6
109
2
23
1
0
344
75
18
79
281
580
53
19
29
229
33
226
33
0
181
19
38
69
7
8
147
40
104
0
54
125
110
339
0
353
20
82
102
369
83
34
141
70
63
66
43
80
137
73
124
38
100
54
50
58
95
32
18
0
4
0
86
153
59
5
20
3
10
188
151
54
52
194
103
148
21
42
41
53
4
2:91
1
31
31370
5
22
9
43
96
65
80
6
14
30
85
88
84
0
21
2
89
8
28
2:4
22
932
2:110
108
60
11
71
166
18
3357
2211
328
1553
322
0
4818
2464
5116
0
1
1097
12
2126
2650
9755
3
790
5704
423
13
2988
925
0
3
1301
2220
2
8089
2
5
2821
1840
2466
0
474
509
0
4160
8
9
2
5
1
1427
4054
102775
16642
1
7716
25
26
47
9417
28772
3607
42
22
71
82
54
73
1
19
53
19
0
17
5
16
10999
44364
49
109
164
2
0
45
0
38
1
6
12
162
2
25
10
2
1
8
2:2
0
11
2
1
725
29
20
105
52
7846
4973
6411
1723
3093
5056
5152
7980
2243
539
333
190
665
970
3
2:11
9
19
3
86
10
45
0
39
34
2
1
3
1
43
47
10
30302
9786
282
176
121
705
46
41
9
0
190
93
217
24
337
144
47
13
38
207
164
356
5
19
17
38
17004
9735
2:1
163
12
103
23
5
7
1415104200
516:0
1
15
2:-7
-2
8
296
-298
3
-8
22
-23
1
-1
1499
-1484
117
-117
322
-335
14
58
-67
-4
-2
2
277
-254
-25
-1
182
-95
-86
1
2
102
-73
-25
-6
191
-193
86
-86
5
-4
10
-10
135
-123
-7
18
106
-93
-35
19
-19
18
-18
1
16
-16
4
3
251
207
-468
108
-76
-25
47
-52
0
79
-76
2
38
-43
4
-6
12
-3
2
28
-37
86
-81
696
-618
-84
2
218
-219
-1
0
87
-85
7
-9
163
-142
-5
-16
4
44
-41
2
-10
0
6
-1
75
-77
20
-17
-3
-1
7
14
-22
36
10
-47
2
3
-4
68
-65
14
-15
6
-3
34
-36
39
-35
-7
2
1
-3
0
16
-14
68
-69
6
-1
-6
5
-2
0
-4
0
12
62
-58
-15
-1
1
14
381
-392
42
-18
-26
3
4
-7
38
686
-726
19
-16
12
38
-51
3
-4
5
-6
42
-37
7
239
-244
69993
-69981
-19
3735
-3715
-18
2:16
-28
-4
73
-73
1
0
-2
5
9
-11
-2
4
1
-5
35
145
-67
-112
2
79
840
-907
37
-47
-6
-1
0
6
36
-8
4
-37
29
-8
-20
-1
1
-1
0
2
12
-15
2:0
5310
-2890
-2418
5
-4
-1
3
-1
-2
35
-32
7
-12
0
1004
-990
-14
27
3
42
32448
-32519
-1
2:0
9
162
-170
0
6
-5
9
211
-209
26
-37
0
1
14
1532
-1533
-15
2:3
618
-614
9
13325
-13344
1690
-1683
-7
0
3:1
71
-46
90
1436
-1409
-61
-85
32
-29
5
37
-44
13
-3
-11
2:0
1
0
140
-138
3
-1
-5
650
-630
166
-182
-3
8
-8
1
-2
256
-219
15
-51
-1
0
10
44
-53
665
-589
66
-82
-53
-7
61
-60
1
326
-325
697
-689
259
76
-51
-235
-61
0
163
-162
-1
0
2
7
-8
480
-449
321
-351
8
-10
10
1329
-1062
-275
-1
2:0
27
5
-27
-3
1
532
-278
-258
0
2
-2
0
1
2
0
39271
-39253
-20
8
13
30
-43
117
-120
284
-288
20
2236
-2257
0
56
4143
-4197
0
64
-63
-3
2
1
-2
-1
31
530
-557
-4
-1
21
-13
-4
-1
2
-5
8
175
193
-316
-56
18
-2
1
198
-206
244
-249
-7
10
4
10
-25
1
10
15
-16
-8
0
-2
35
-34
7
66
-42
-19
-6
12
-19
2
7
-6
13
-11
24
75
-104
60
13
41
-79
-34
1
18
-18
1
23
6625
34569
-41218
3
52
-41
-2
23
-8
-29
137
-136
3
-4
0
10
-5
570
-513
775
-820
-15
-1
0
5
-4
5
2
21
-26
529
-529
-3
150
-143
26
-33
114
-113
237
-232
1
5:0
2
-2
6:0
46
-46
7
-7
7
-7
5
-2
-3
2:0
19
-19
1
-1
0
5
-5
2:0
1
7
-7
-1
7:0
1
-1
3
-3
2:1
-2
1
-1
1
-1
4:0
1
-1
2
-1
12
-13
4
-4
4:0
8
-8
2:0
1
-1
2:0
1
-1
1
-1
4
-4
3
-3
2:0
1
-1
2:0
9
-9
2:0
6
-4
0
-2
3:0
1
-1
4:0
1
0
-1
0
1
-1
2:0
2
2:-1
3:0
12
-12
1
-1
2:0
1
-1
16
-16
0
2
-2
2:0
7
-7
4
-3
-1
1
-1
1
4
-4
-1
0
1
7
-6
-2
2:0
5
10
-15
2:1
3
0
2
-7
2
9
-11
2
-2
0
6
-5
-1
3:0
1
-1
0
37
-36
803
-804
0
56
-51
-5
4
1
3
-7
-1
5:0
2
2:-1
0
2
-1
5
-6
20
-19
2
1
14
-9
2:-4
-1
1
2:0
8
-2
-5
-2
2
2:-1
3:0
1
-1
1
-1
2:0
125
-38
-87
4:0
1
-1
2
-1
0
-1
0
67
-64
-3
7
-6
0
283
-284
3:0
1
13
-14
0
1
-1
0
22
-22
6
-6
3:0
41
-37
-4
2:0
12
-10
5
231
-238
46
-46
5:0
5
-2
30
56
-88
4
-5
2:1
0
1
-3
0
3
-3
4:0
24
-23
-1
2:0
50
-47
7
-9
-1
2
-2
2:0
26
-25
25
-26
3:0
17
-17
88
-87
2
5
-7
-1
6
-6
0
11
-11
56
-54
3
0
2
-1
-6
0
11
-11
1
0
-1
2:0
18
-13
2
-7
3:0
51
-42
-7
0
-2
0
12
5
-15
2:-1
1
4
-5
6:0
1
110
-111
0
1
-1
4
0
6
-10
1
-1
1
235
-236
0
4
3
-7
1
0
-1
2:0
2
-2
0
2
56
-58
2:0
3
7
-10
3
2:-1
0
1
28
-30
3
8
-11
1
21
-19
-1
-2
0
3
0
-2
-1
0
6
2:-3
3:0
1
-1
3
2:-1
0
-1
4
-4
0
1
-1
3:0
2:1
-2
2:1
2:-1
0
2
-2
2:0
124
170
-294
0
17
-16
-1
8
-1
-7
34
-34
1
-1
0
1
0
10
-5
108
-106
-8
2:0
2
-2
0
5
-2
1
25
-26
-3
6
-5
-1
1
12
-13
2:0
end
