v1
748
212
28
57
226
220
129
93
223
41
239
13
39
185
130
248
228
109
214
1
57
56
7
15
65
81
221
321
165
59
553
58
82
222
370
159
124
110
36
96
70
58
15
180
112
159
22
307
106
216
19
99
167
144
16
13
148
252
0
70
0
208
217
54
320
2
4
19
54
102
7
24
225
277
4
10
58
32
153
176
12
74
257
79
196
93
242
45
166
72
7
532
171
186
106
5
25
109
16
478
442
125
1
213
69
88
64
0
281
101
110
222
64
42
135
4
53
164
444
30
7
88
87
130
37
27
28
56
87
238
24
255
77
7
394
275
16
521
28
181
131
44
56
114
72
8
78
31
175
0
120
181
56
45
6
32
25
13
5
12
7
16
33
1
46
5
21
70
40
13
4
118
73
9
1
11
62
45
14
64
65
95
17
127
118
446
1
83
435
281
133
110
178
126
10
6
27
6
116
185
99
54
121
141
85
142
87
3
169
146
55
232
129
275
37
10
289
15
33
83
70
229
41
528
7
168
50
758
199
102
71
22
367
24
32
109
2
24
42
253
49
75
50
6
319
913
33
176
56
38
42
53
37
2:38
5
14
69
7
8
106
41
40
283
96
14
206
133
108
0
200
45
20
184
8
158
79
170
37
34
141
70
121
8
11
32
2:43
328
38
100
54
47
53
8
55
72
20
23
65
153
59
5
20
3
109
84
3
2
205
42
10
194
204
47
63
155
34
64
13
31416
5
8
14
9
12
43
182
50
3
44
85
88
36
0
41
119
36
8
22
17
0
969
94
72
68
111
71
61
105
15
3
47
281
3029
2211
2
326
1553
3764
7634
1323
0
1097
2138
2650
9755
1623
8298
3066
1383
2
8091
5
2807
9
887
943
15
3451
4158
1
8
10
5
1
1427
119927
3544
7742
26
28
19
4
9413
32411
28
4
72
91
0
6
111
20
89
5
16
54631
731
50
82
27
157
7
2
27
18
39
18
53
93
16
27
10
2
5
6
2
11
2
1
774
170
20940
13301
7980
575
238
247
1183
206
333
523
665
436
532
2
3
22
27
1
3
86
10
45
39
6
3
28
3
1
43
47
4
6
30302
9786
282
176
100
622
0
104
13
366
15
167
35
24
253
84
41
61
42
8
39
85
186
418
57
56
17
38
17004
9736
1
163
115
23
12
55
-488307
271
299
158
88
213
19
120
184
360
170
0
263
276
38
527
725
364
352
332
138
37
934
67
76
248
222
0
3
245
1094
277
0
382
139
745
92
8
787
284
36
378
79
88
167
312
134
66
140
526
155
153
319
464
565
61
228
22
123
85
360
925
34
373
428
0
169
258
27
588
452
207
103
13
324
19
173
15
138
0
53
73
35
844
215
94
326
196
435
244
27
127
555
239
62
128
119
0
170
425
17
290
118
150
692
42
8
109
447
831
197
177
45
657
403
193
89
59
30
96
44
48
114
178
50
93
53
12
21
200
382
5
80
568
276
2
283
332
607
12
305
256
500
117
24
11
127
83
35
85
14
0
128
192
40
89
87
77
182
31406
75
42
119
4
96
42
142
88
73
1163
87
6348
1879
0
2065
1377
6632
2324
15644
1620
5310
3913
872
2666
2
15209
5150
108274
66350
120
46
82
35
37
19
27
36046
19336
314
7
0
1050
7
127
76
15
12800
6403
4824
21437
10
1682
1
6
26
0
23
46
23
50
25
4
38
115
4
31830
8746
54
631
172
0
685
50
103
277
245
0
25
406
89
0
5
14879
84
16
122
11712
300
1415855400
499:0
1
247:0
126
-121
3
-5
38
-32
1
-5
85
-84
343
-343
2
5
2982
-2981
43
-44
474
-43
1050
-1477
10
-16
969
-952
-23
40
-34
-1
-3
2
34
27
-22
-43
16
4
25
-41
589
-594
16
18
87
-90
-29
107
-95
-10
0
10387
-10391
21
-16
-4
117
-1
-114
2:-1
39
-40
0
68
-50
-18
10
15
-24
675
-656
-15
45
-11
-39
0
29
-15
397
-349
-25
133
-153
-12
-1
2:1
3
-8
2
103
-93
-12
75
-29
680
-727
238
-212
-21
7
51
-58
-1
-2
0
348
-345
3
83
-75
16
46
-77
44
-46
10
-8
1690
-1641
-49
11
22
58
1141
-1233
5
10
-11
-4
1
943
-577
-320
-28
28
-46
2:1
122
-123
-2
4
123
-124
2:13
0
-23
-6
27
52
-80
210
-209
0
58
-45
4
45
724
-716
-56
-4
-5
86
-80
2915
-2892
66
-90
366
-377
2
102
-89
-12
6
181
-180
-10
4
187
-184
13
-2
-4
-13
2
141
-133
25
73467
-73501
138
3094
-3090
-144
48
-7
-31
206
-177
124
-133
-27
17
-16
-1
19
-13
-2
-1
-5
37
-36
513
-508
20
70
393
-489
25
-20
-2
50
599
-593
-59
13
50
-61
12
-9
3
108
-73
-40
5597
-4653
-887
-57
24
46
-58
-14
4
-5
1
43
-43
534
-531
-2
11
261
-272
29
-28
37251
-37229
-21
123
133
-260
13
-11
0
1299
-1204
-72
816
-752
-89
2:2
68
-71
15
138
-135
2764
-1953
-801
-21
-7
5
78
-55
34666
-34587
-107
1894
-1871
-23
23
-16
450
-443
179
1723
-1913
978
-981
3
2:15
-21
271
-283
2:1
27
-24
3
461
-467
-3
179
1858
-2037
197
-124
-73
2:2
4
15
98
-114
155
-160
0
-1
95
470
-513
209
-260
1
5
-1
19
-25
74
-29
-46
246
-245
42
-17
-26
9
83
-79
876
-832
-58
2
1
0
6
1664
7333
-8372
-634
30
-19
11
18
-34
101
-106
3
2
0
52
-57
-1
4
6
10784
-10732
-60
46
-44
25
254
-273
-8
11
89
2736
-2831
-3
1442
-1437
-6
0
6
22
-6
125
618
-765
19
-12
18
-27
10
151
-162
12
3
-11
52
-46
-3
-6
46
-25
7
-19
-7
8
94
200
-265
-25
92
-103
-4
3
108
4061
-4164
4
38
-19
36
-64
9
0
70
-72
-9
3
0
1
26
17
-43
-3
12
-12
2
10949
36250
-37897
-9288
8
-11
932
-927
599
-538
-48
-28
26
-3
975
-563
-172
8315
-8582
184
-126
77
401
-481
-50
35
397
-425
183
-159
-37
57
-50
11
559
-555
110
100
542
-594
-169
-2
1233
-1244
2
3:-1
2
-1
2:1
-1
-2
0
3
-2
2
-2
0
2
-3
0
2
-1
1
2:0
-2
2:0
1
0
2
-3
0
2
-2
1
2
-2
2
-2
2
-2
0
-1
0
3
-3
2
1
-2
2
2:-1
1
-1
2
0
-2
0
1
-2
2
2:0
-2
0
2
2:-1
1
-1
1
2
2:-1
2:0
2
-3
0
3
-3
3
2:-1
0
2
-2
1
2:-1
2:0
1
0
2
-3
0
2
-1
2:1
2:-1
2:0
1
-1
2:0
1
-1
2
-1
-2
3
2:-1
1
-2
2:1
-1
1
-1
1
0
-1
0
2
-3
1
0
-1
2
0
-1
2:1
-2
0
1
-2
2:0
2
1
-2
1
2:-1
0
2
0
-1
2:0
2
0
-1
1
-2
0
1
0
-2
0
2
-2
2:1
0
-2
0
1
2
-3
2
0
1
2:-1
2
-3
2
-1
1
2:-1
2
-1
1
2:-1
0
1
0
2
0
-3
0
2
2:-1
1
0
1
-2
2
-1
0
-1
2
0
-2
0
2
1
2:-1
0
2:1
-2
0
1
3:0
-2
0
2:1
0
-2
2:0
2
1
-3
0
3
-3
0
2:1
-2
1
1
3:0
2
-2
1
-1
2
0
-2
0
2
-2
107
-107
2:0
2
9
6
-17
6
-5
4
-2
17
-16
-3
0
-1
1
-1
5
-5
3:0
1
-1
1
-1
3
-3
4
-3
1
2:0
-2
0
30
-29
-1
2:0
4
0
-4
0
1
3
-4
1
-1
4:0
1
2
-1
1
-3
1
0
-1
1
2
-3
10
-4
-5
2
-3
0
2
0
-2
2:0
12
-12
0
3
-3
8
-8
6
-3
-2
-1
10
-8
-2
5:0
1
-1
1
2
-3
3:0
1
-1
2
-2
0
1
2
-3
5:0
1
14
5
-15
-4
-1
1
-1
1
0
-1
0
1
102
-103
4:0
2
-1
5
-6
18
-18
0
4
2:0
-4
5
7
-4
-7
-1
2
4
22
-21
13
-18
23
-25
0
6
-5
2
-1
3
-3
-1
0
9
-9
3
-4
3
-3
1
45
-46
11
1172
-1183
0
91
-72
-18
5
2:-2
3
2
-7
2
-1
2
-1
-2
8
2:-4
3
-3
14
-13
114
-114
-1
6
4
-9
2:0
1
6
-8
11
-11
1
4
-5
5
-3
0
2:-1
0
219
-170
-43
-6
7
-3
-1
-3
1
-1
1
0
-1
42
-42
2:0
11
-8
0
-2
188
-180
-7
0
23
-24
4
-5
2:0
6
-1
33
-38
3:0
22
-22
4
12
-12
89
-90
1
-2
0
2
-1
7
329
-319
-19
91
-92
1
2
-3
13
-8
151
-75
-80
26
-27
1
-1
8
-5
-3
1
-1
0
5
-3
0
79
-81
2:0
102
-102
23
-13
-10
0
1
-1
7
17
-22
24
-25
0
-1
11
85
-91
5
-10
0
5
-4
4
-5
14
-9
-5
55
-54
2:1
-3
2
14
-14
21
-14
-8
-1
3:0
46
175
-197
-24
2
-2
16
2
-14
-3
-1
0
2:1
0
-2
1
-1
0
152
-150
-2
7
-3
2
-6
2:0
2
-1
439
-440
0
14
-14
7
0
-5
3
-3
8
50
-58
-1
2
3
-6
8
5
-12
3
-3
3
17
-16
-5
1
21
-20
12
-13
-1
5
-1
14
-16
2:-1
0
1
0
17
-14
-3
2
6
-9
7
-7
2
0
9
-9
1
-2
0
-1
4
-4
0
1
4
-5
5
650
820
-1225
-248
3
-1
198
-201
9
7
0
-17
2:0
104
-101
-1
81
-83
25
-16
1
86
-91
-3
21
-23
4
14
-17
0
3
-3
3
13
-15
6
-1
6
13
-26
2
41
-43
2:0
1
-1
4:0
1
-1
0
1
-1
8:0
1
-1
20:0
1
-1
9:0
1
-1
9:0
1
-1
7:0
1
0
-1
1
0
-1
1
-1
3
-3
0
1
-1
0
1
-1
8:0
1
-1
11:0
1
-1
2:0
1
-1
2:0
1
0
-1
6:0
1
-1
5:0
1
-1
2:0
1
-1
6:0
1
-1
25:0
1
-1
3:0
2:1
-2
0
1
-1
12:0
1
-1
0
2
-2
9:0
1
-1
2
0
-2
3:0
1
-1
3:0
2
-2
11:0
1
-1
0
2
-2
5:0
end
