v1
514
210
87
54
440
255
183
191
39
9
353
143
0
42
77
314
0
41
254
19
37
22
28
82
0
36
98
162
68
158
10
46
165
71
246
11
26
45
213
140
7
10
280
295
159
60
23
79
332
62
133
271
101
324
10
194
18
4
19
426
58
355
278
10
111
96
333
253
0
88
137
277
257
262
257
79
176
20
184
92
104
166
217
180
365
0
12
8
393
38
16
185
180
41
72
149
293
59
2
65
72
141
69
57
31
5
0
478
0
283
193
189
292
202
42
30
95
254
27
89
267
44
9
24
47
185
100
7
394
275
16
212
361
157
131
44
242
8
134
263
7
208
29
45
38
43
19
7
12
23
7
1
46
5
14
7
127
13
83
19
0
3
77
5
74
59
6
58
65
3
54
133
0
167
381
66
173
22
192
291
35
86
243
196
108
10
33
6
116
284
54
121
0
35
12
94
85
167
11
118
44
58
149
287
31
85
13
275
6
31
163
113
23
15
33
83
70
229
41
359
394
758
301
71
5
0
7
10
176
47
144
0
50
115
26
250
94
75
18
0
357
125
511
0
19
77
181
28
5
176
56
133
75
19
38
69
7
8
147
11
29
283
0
96
14
609
83
20
82
102
415
37
1
174
191
8
43
80
0
51
159
110
14
38
100
54
47
61
95
52
2
86
153
0
59
5
20
3
198
151
54
0
307
57
86
20
18
9
21
42
0
113
76
91
1
31401
5
22
9
12
0
31
9
152
4
82
14
30
85
88
76
120
36
2:4
22
932
54
40
17
109
168
0
11
71
43
123
15
3
3357
2211
316
12
1553
3073
2067
3893
4779
6
2138
2650
9755
793
6130
10
2988
4449
2
4
8085
2:1
0
5
4646
15
2466
5143
19
5
1
1427
3533
20250
83046
16642
1
7716
25
26
47
4
9413
32418
3
22
33
130
44
85
8
0
53
0
36
5
16
54631
731
0
50
90
19
54
16
87
36
56
1
6
32
126
16
27
10
2
1
8
2:2
11
3
725
29
14
6
12
3609
9355
5840
5387
18188
575
238
0
247
1183
539
334
854
436
532
2
3:1
2:11
9
20
98
49
44
31
1
43
47
4
6
30302
1513
8176
379
176
100
21
77
502
125
1
87
0
66
133
310
24
264
3
70
41
103
60
245
13
418
94
19
17
38
14805
106
2106
9723
1
0
80
83
72
43
19
3
6
0
7
19
1415185800
513:0
2
-2
2
-2
21
-20
1
-1
1
0
-2
0
3
1580
-1579
0
-1
2287
-2281
210
-217
73
-75
0
7
-6
0
4
-2
3
-4
3
-4
21
-16
-6
4
169
-155
120
-119
-19
120
-96
-23
-1
17
165
-180
15
209
-222
11
100
-113
9
53
-61
3
0
119
-113
-11
5
7
-13
14
-4
-10
399
-201
-192
27
-30
-2
7
-5
-2
1
-2
6
-4
2
-4
0
1
23
-5
2
-20
2:0
-1
886
-886
120
-117
-3
3
2
100
-90
34
-26
-19
0
-4
0
1
51
-51
0
2
20
-22
11
16
-21
-5
3
-2
-3
4
177
-180
9
133
-102
-33
271
-270
-3
144
170
-319
1
27
-26
90
-88
-4
17
-15
13
-3
-7
-4
-1
0
1
6
-6
282
-279
78
-8
-67
32
-40
0
22
-16
223
-176
-52
7
27
183
-216
8
-10
0
57
-54
64
-52
-14
5
38
-30
-12
89
-89
-2
52673
-52672
3067
-2977
-84
16
-22
1
-2
1
36
-34
-3
2:0
3
-3
24
-1
-21
-2
3
10
-13
5
19
-23
119
-117
191
-134
-54
30
588
-623
2
23
41
-65
-2
0
1
21
-9
-11
2
0
-2
0
1
5
1551
227
-1779
-5
20
-19
1
0
1
-2
34
-35
6
-4
-1
9
686
-691
-6
35
-32
61
40737
-40799
11
-10
0
-3
182
-182
13
-4
24
1022
-1049
38
-45
5
-2
1049
-1041
-11
0
2
-1
51
-47
10
17
7223
-7247
5770
-5771
27
59
-48
-34
-1
83
2506
-2595
307
-264
-30
-13
2:0
-3
0
1
-2
1
3
8
-1
-3
83
-90
2:2
2478
-2469
16
-26
0
-2
1
-1
-2
7
25
238
-270
103
-99
54
694
-726
144
-88
-71
-6
-3
-1
35
-34
0
110
-110
12
1512
-1487
-30
83
34
-79
126
-152
-20
103
-101
0
5
292
15166
-14986
-438
-38
126
-119
52
-43
-18
0
5
-7
0
2:3
95
-96
-4
24210
-24190
-15
2
-7
-1
69
-41
-11
-15
210
-211
2
-2
1751
-1752
98
871
-966
-1
0
-2
3
-2
3
0
293
769
-1044
-20
-1
2
26
-28
6
-1
0
24
-29
20
246
-231
-25
-10
21
-13
120
-121
-5
4
-4
38
-33
-7
1
0
4
11
-15
-1
7
0
-3
5
15
-23
0
-2
4
-3
4
-1
24
-20
20
-27
7
6
-6
69
-77
3
24
-27
8
7050
17359
-24414
5
-4
266
-252
-13
-4
34
-22
1
-14
2
5
9
100
-116
0
2
5
64
-36
-26
1
1199
-1203
37
-43
3
40
-41
7
18
1
475
-502
-1
13
105
-106
-1
-10
132
-130
45
-36
-9
-3
0
4
-4
1
12:0
40
-40
2:0
5
-5
4
-3
-1
8:0
9
-9
5:0
1
0
-1
1
-1
6
-6
5:0
1
2
-3
0
4
-4
5:0
2
0
-2
3:0
1
-1
0
13
2:-6
5
-6
8:0
1
-1
2:0
1
-1
3
-3
3:0
3
-3
8
-8
3:0
2
-1
1
-2
11:0
1
0
1
-2
6:0
2
-2
7
-4
-3
3:0
3
-3
0
17
-17
4:0
1
3
0
-4
4:0
1
2:0
-1
0
11
-11
3:0
2
-2
18
-16
-2
5
-3
5
-7
3:0
4
-4
7
-7
0
1
-1
2
0
23
-25
0
578
-578
44
-33
-9
-2
4:0
3
1
-4
2:0
2
-2
4
1
-5
0
2
2:-1
3:0
6
-6
25
-25
4
1
6
-11
1
4
13
-18
2:0
1
2:0
-1
4:0
2
-2
106
-59
-46
-1
2:0
1
0
-1
0
2
-2
2:0
1
-1
44
-43
-1
9
-7
0
205
-207
2
-2
2:0
13
-13
1
2
-3
13
-12
6
-7
2:0
53
-52
-1
4:0
2
-1
2
205
-207
16
-17
1
0
5
-2
0
28
36
-68
8
-6
1
-3
6:0
1
-1
2:0
1
24
-25
2:0
32
-31
8
-9
3:0
1
-1
2:0
17
-17
19
-18
16
50
-67
6
-1
-4
0
-1
0
3
-3
0
5
-3
-2
51
-50
-1
3
4
-7
10
-4
-6
5
-5
2:0
22
127
-139
-8
-2
6
-5
12
-3
-9
-1
0
1
0
1
-1
2:0
-1
107
-106
-1
2
-2
0
5
-3
2
-4
1
-1
1
-1
144
-144
1
8
-9
3:0
1
0
-1
0
4
43
-47
3:0
4
-4
3
-3
0
1
-1
1
42
-43
2:0
10
-9
17
-17
2
-3
1
6
-6
-1
6
-6
4:0
1
-1
0
2
-2
3:0
3
-3
1
-1
0
1
-1
2:0
3
-3
2:1
-2
3:0
159
55
-214
2:0
25
-24
0
-1
6
2
-7
-1
3:0
33
-33
3:0
11
-8
-3
0
106
-106
8
-8
2
2:-1
7
-5
1
26
-29
2:0
3
-1
0
-2
4
-4
7
-6
-1
2:0
1
-1
end
