v1
686
297
20
186
240
290
155
41
239
130
107
210
49
35
0
84
289
0
25
3
174
0
60
58
56
22
664
24
394
88
23
272
157
280
10
94
191
321
72
260
195
16
255
22
12
391
344
167
435
138
63
172
43
116
65
36
54
192
147
27
254
103
15
19
277
78
26
153
20
156
86
257
79
57
119
20
93
85
157
45
196
49
0
7
421
275
148
283
16
124
354
293
149
60
279
69
57
31
153
192
69
470
135
186
35
230
61
153
125
164
90
27
28
328
44
365
7
84
310
275
16
15
197
164
434
51
44
5
175
62
8
59
19
326
181
27
29
45
6
13
19
37
6
4
15
25
17
8
46
0
2
3
14
110
7
17
13
105
53
20
9
74
59
6
8
45
70
3
35
3
71
98
29
118
426
21
78
55
40
120
225
134
61
329
98
216
33
6
116
104
180
54
121
141
85
101
41
87
111
58
3
433
129
27
52
219
14
163
136
10
5
23
8
2
153
229
0
41
309
219
175
50
662
96
24
277
93
83
284
50
6
109
2
24
42
115
56
37
93
1
8
67
50
325
636
277
33
146
30
50
214
2:19
88
7
8
147
40
340
53
339
270
43
40
20
182
2
371
52
221
53
63
66
43
86
11
16
287
14
36
2
100
54
47
61
147
88
153
59
5
20
3
99
5
18
59
0
12
5
122
83
52
398
29
39
42
189
31498
22
9
12
31
161
4
55
21
6
44
62
23
88
76
120
36
8
22
932
54
166
155
24
71
77
28
61
15
3
47
3310
2211
2
326
1553
3073
2067
6258
0
1322
1098
0
722
1416
2650
7292
2463
3
1620
1211
453
3643
2172
3
816
1797
2652
2
4
8078
9
5
3703
943
15
2466
1997
3154
1
10
5
1
1427
3533
103296
13098
3544
1
1735
6006
73
9417
32421
22
300
72
17
5
16
54631
731
33
17
109
70
87
7
2
0
27
18
38
1
18
53
2
24
1
82
27
10
3
8
2
1
12
2
726
29
20
56
12920
8134
3093
10208
7980
575
238
1430
539
523
665
436
532
5
11
42
44
42
59
35
9
28
3
1
43
47
4
6
30302
0
10004
64
176
15
85
622
103
1
46
0
53
187
93
15
202
24
28
67
158
11
73
41
103
24
23
258
164
356
5
19
17
38
15027
11712
2:1
98
65
72
43
28
7
-487772
528
704
0
791
868
71
158
442
214
164
509
311
0
75
68
47
505
548
246
553
130
341
647
0
8
28
0
660
0
270
0
1157
162
62
23
66
163
118
168
12
305
935
150
0
291
404
159
578
224
210
55
0
274
189
144
742
191
210
626
280
861
456
73
10
11
173
146
118
0
107
5
139
61
140
234
760
959
396
159
0
104
265
456
17
102
595
30
414
131
734
0
1375
0
217
0
192
608
247
440
262
391
1
194
80
90
470
173
449
278
178
115
619
0
191
50
79
2
12
20
178
95
256
632
187
378
11
92
3
0
246
0
6
209
31554
307
115
72
8
1286
399
9581
11777
0
4015
17013
423
0
13
23645
4160
4975
169598
67
121
0
44
42
104
19
27
11010
44448
319
102
18553
1184
6567
3878
7156
7036
2200
1714
78
64
21
31995
8222
1053
369
399
435
240
30
17818
9886
1415522400
499:0
1
185:0
8
0
-2
6
-8
-1
51
27
-79
1
5
-5
8
0
3388
-3394
0
-1
368
-367
0
15
2380
435
-2819
-13
1
-2
12
-4
-2
-5
-1
12
1
75
-80
17
182
-196
4
44
-55
-4
42
-38
25
-17
3
663
-672
14
-9
-10
805
-804
8
22
-4
-22
19
-17
140
-68
-51
-25
39
-30
-11
29
13
138
-169
-2
-3
4
1
-4
12
-15
-3
2:0
-2
79
-58
105
-121
32
-1
-19
319
-335
124
-109
36
-49
7
13
180
-202
47
-48
6
32
-15
-17
45
-47
43
211
-257
20
-18
6
34
-43
676
-665
379
-384
-4
7
11179
-11166
59
-39
-42
16
19
-34
1
9
-2
1
19
-8
-21
1
314
-284
-26
3
5
134
-144
77
-78
1
61
13
-50
-26
9
32
-41
87
-78
-7
315
-279
-34
6
80
-79
37
-44
-4
4
-1
31
-35
166
-146
41
-56
2
-6
171
-156
-15
11
306
-313
93831
-93821
8365
-8283
-86
8
25
1946
-1786
-192
-8
138
-142
257
-254
29
-8
2
-24
-2
108
-99
-9
132
-123
-5
-4
43
315
-293
-44
0
136
-152
23
-19
10
-18
40
-41
143
858
-1001
12
-12
1
2:2
13
8
-5
-12
-6
3
8335
-8336
1790
-1788
-3
1
42
-41
0
2:-1
742
-743
-2
134
-115
39
16258
-16307
9
194
-194
-19
10
-5
28
-33
702
-649
30
-84
104
-99
3205
-3198
-2
0
-6
104
-98
1
20
-22
9113
-9111
1655
-1599
10
-76
74
2236
-2310
423
-422
10
-11
4
-2
-1
57
-48
-10
3
8
-11
2
-1
372
1739
-1995
-74
-39
11
-6
-4
84
-86
-1
532
-535
16
62
-78
115
302
-382
162
-190
0
12
-8
42
-3
-49
-1
648
-646
13
-5
-3
84
-81
464
-384
-87
57
-57
0
-1
20
-1
-20
370
18826
-19178
587
-595
-10
11
-10
14
-14
0
127
-124
46
-15
-26
-2
1
2
37
-34
226
-235
-4
4296
-4290
24064
-24063
8
-15
1
-1
2:2
224
-222
318
-281
2287
-2250
2318
-2381
-18
259
661
-916
10
-6
16
83
-70
-32
48
-50
2:4
0
-6
16
307
-322
-3
-1
-2
1
57
-9
-8
-28
-13
4
331
-309
18
-34
-3
-6
0
13
26
-38
15
111
-40
-84
83
-77
94
-96
122
-32
-95
65
-47
-20
49
-42
31
18
4827
-632
12232
-16476
60
-54
486
-491
0
-1
34
-6
-34
6
14
2
261
-281
-1
82
-76
-1
418
-238
-127
-60
7
59
-60
712
-676
-2
-40
22
-15
118
-110
-13
8
7
541
-556
-1
278
-266
-12
277
-176
-8
-53
-34
-8
-1
5:0
1
-2
0
2
0
-1
0
-1
1
0
1
2:-1
1
0
1
-1
8:0
-1
2
2:-1
0
2
2:-1
0
2
0
-1
0
1
-2
1
-1
2
-1
2:0
-1
2
-2
2:1
-1
2:0
-1
0
2:1
-1
1
-2
1
0
-1
2:1
-2
3:0
1
-1
1
0
1
2:0
-1
0
1
0
-2
0
1
5:0
-1
1
-1
2:0
2
-1
0
1
0
-2
2
-2
1
-1
2
-1
3:0
-1
1
-1
2
2:-1
1
-1
2
2:-1
2
-1
6:0
1
2:0
-2
2:1
-2
1
6:0
-1
1
0
1
-2
1
0
1
0
-2
2
-2
1
-1
0
2
-2
2
-2
1
-1
2
-2
2:0
2
2:-1
7:0
2
-2
3
-2
0
1
-1
0
3
1
-4
5:0
55
-55
0
1
-1
3:0
8
-2
0
-6
15
-15
0
1
0
-1
3:0
7
-7
2
-2
1
-1
4
-4
0
3
-3
7
-7
2
-2
1
5
-6
0
1
-1
6:0
6
2
-8
0
4
-4
0
7
-1
-5
-1
0
1
-1
2
2:-1
4:0
1
8
-9
8
-8
0
2
-2
9
-9
6
-3
-1
-2
4:0
3
-3
4:0
6
-6
2
2:-1
3
-3
7
-5
-2
24
-21
0
-3
2
-2
1
3
-4
2:0
1
28
-29
0
1
2
-3
4
-3
-1
0
24
-23
1
-2
1
0
1
4
-3
1
-4
3
-3
0
2:3
-5
12
-13
1
30
-25
-4
5
-7
0
4
2:-2
0
2
2:-1
14
-14
7
-6
-1
2:0
2
-2
2
40
-41
1183
-1184
66
-49
-15
-1
5
-3
-1
4
-4
-2
0
1
0
6
2:-1
-5
0
1
2:0
19
-19
0
-1
0
60
-52
2:0
4
-6
-2
-3
3
-4
10
-10
13
-8
-5
3
2:-1
2
1
-2
-1
1
2:-1
0
227
-227
78
-77
2:0
4
-4
-1
0
1
56
-56
-1
14
-8
-3
218
-219
-2
17
-16
0
-1
1
3
-3
31
-32
2:0
5
-5
81
-78
-2
-1
0
1
2
-3
2:3
306
-309
66
-65
6
-10
39
49
-88
22
-22
4
-4
2:0
2
3
-5
3
-2
1
-2
0
1
64
32
-92
3
-8
2
0
-1
1
-2
3
27
-30
1
28
-27
14
89
-103
11
-13
4
-1
-3
9
-5
-4
0
78
-76
1
-2
1
14
-16
18
2:-8
3
-5
0
1
-1
2:0
23
148
-171
14
-8
-6
1
-1
3:0
9
-9
24
-2
-21
-1
3
3:0
1
-4
0
4
-3
115
-116
5
-3
-2
2
-1
4
15
-19
-1
3
330
-327
11
-16
0
2
62
-63
-1
1
-2
6
7
-13
8
-6
4
0
-5
2
-1
34
-34
2:-1
2:0
17
-13
24
-22
-4
-1
6
-5
1
8
-11
2:0
2:2
-3
1
10
-10
-1
6
-3
0
-2
8
-2
-7
-1
2
-2
2
-2
7
1
22
144
166
-340
6
-6
62
-62
0
1
6
0
-5
2:0
-2
72
-72
2:0
2
-1
1
12
-6
-8
1
3
-4
95
-90
8
-13
3
-1
-2
2
5
-4
1
22
-24
-1
6
-5
-2
16
-8
8
-16
1
-1
64:0
1
-1
19:0
1
-1
9:0
1
-1
5:0
1
-1
3:0
1
-1
9:0
1
-1
15:0
2
-2
7:0
1
2:0
-1
2:0
1
-1
4
1
-5
2:0
1
-1
11:0
2
-2
12:0
end
