v1
805
535
208
538
187
615
188
363
1
57
56
22
28
614
46
165
16
596
140
381
211
191
23
107
332
331
135
101
324
10
105
89
140
126
41
136
42
48
347
244
95
156
374
25
21
166
64
133
28
277
72
37
148
20
242
1
256
21
58
86
141
245
59
45
158
8
397
110
116
34
105
20
297
134
1
15
478
363
79
59
280
69
10
47
31
743
99
42
135
104
233
29
733
93
235
53
363
118
276
106
169
16
147
10
219
81
2:116
172
294
585
27
29
12
39
32
25
18
4
15
19
31
51
148
13
105
82
12
62
65
39
19
65
57
38
17
245
85
535
120
94
131
220
224
80
14
300
6
33
38
78
104
180
54
121
141
85
101
41
256
3
146
5
131
136
15
129
27
248
37
222
77
46
2
83
46
24
229
3
38
1415
96
301
76
17
367
50
6
109
26
42
302
75
50
328
633
31
246
63
17
179
6
38
164
6
126
7
8
106
41
30
10
393
339
195
77
36
65
184
452
175
70
121
8
2:43
35
2
6
277
22
29
38
100
54
47
31
28
2
35
112
88
153
59
5
6
14
3
193
5
151
54
403
2
92
218
34
31491
2
5
6
16
9
43
194
53
11
33
85
6
82
48
28
8
112
36
8
22
986
57
37
72
179
237
65
3310
2211
328
1553
982
4158
7580
1
1097
2138
2650
9755
6933
2988
4449
2
4
10
8068
14
0
3703
3424
1997
3146
19
5
1
1427
106829
13098
3544
1
7716
25
73
9417
32379
60
4
11
15
137
4
77
70
75
5
11
54636
781
109
157
7
29
56
1
180
27
10
13
2
11
2
755
32
12964
6411
4816
10208
7980
575
1668
1062
665
968
2
56
86
31
63
37
3
1
65
25
4
6
30302
10068
176
825
1
87
199
93
217
24
253
9
75
41
103
47
258
226
205
113
17
38
26740
1
163
72
43
35
-488398
93
34
64
0
20
201
21
283
14
205
78
67
36
7
176
15
39
175
121
209
170
28
235
67
0
171
76
364
460
61
0
2:43
0
21
244
0
380
12
333
19
131
304
136
98
271
4
47
237
201
295
318
23
8
54
70
460
34
42
33
66
307
43
195
7
43
527
119
189
558
11
9
80
51
2
0
326
91
9
64
75
93
62
23
209
203
126
34
0
13
147
119
621
117
82
111
454
51
21
0
56
30
249
156
93
102
0
762
23
246
136
67
255
61
68
43
167
76
178
27
21
289
5
118
64
44
224
165
40
0
354
180
703
60
337
32
85
172
101
22
221
2
59
0
125
11
60
2
4
13
7
48
78
5
116
62
9
0
21
107
14
5
1
8
4
28
13
73
35
88
68
339
27
171
73
85
593
35
31
55
135
206
2:103
242
57
51
46
134
94
393
34
31
0
108
91
0
116
145
350
0
22
321
199
5
99
666
114
85
20
7
168
50
1142
10
195
28
89
222
24
213
42
36
61
254
188
205
202
185
35
9
310
38
54
167
17
36
147
38
375
179
620
99
83
102
140
217
153
4
3
38
314
192
0
104
23
73
95
257
8
0
153
38
452
0
127
224
194
61
42
7
47
2
65
90
38
60
56
99
3
21
4
31398
51
31
156
9
82
14
67
25
216
37
62
7
67
916
254
33
183
104
0
4
73
1
2
41
2389
6001
1388
34252
3457
432
0
10282
30
1
2812
1839
34
7591
16
1452
3506
11948
8312
96145
11311
41882
23
35
0
120
10
4
113
2
18
53
0
19
38
10999
44560
126
2
45
57
80
2
64
20
35
1
8
18
768
6
3
161
7839
13107
13301
3251
0
5542
1349
539
81
334
133
0
1694
22
9
80
96
64
46
30359
9786
99
0
208
194
57
21
139
440
208
109
132
0
408
0
153
277
560
205
69
14931
11818
303
0
1415141400
399:0
1
404:0
51
5
-19
41
4228
-4116
-173
-13
141
2199
-2307
101
-64
-69
22
-10
261
-59
-215
79
-76
56
-46
126
-92
77
-91
429
-362
-100
643
743
-1383
13
9
-24
2
17
-18
24
254
-280
29
-26
45
-4
-29
48
158
-221
782
-764
-5
71
-83
30
-30
71
-70
-2
25
-25
143
-141
13
-14
26
-25
0
62
240
-276
11
-16
-6
78
-24
111
-180
309
-271
-38
160
-160
10
4
21
67
-103
31
686
-698
32
223
-209
-38
36
500
-547
123
-140
3
20
-23
58
-21
-36
27
71
381
-442
-15
82
-91
54
21
-86
-2
0
13
1576
-1587
157
-147
91
408
-512
79
-79
71
18
441
-517
4
-14
88
-75
7
6
2
30
-59
1
350
-353
103673
-103672
6890
-6891
253
-238
6
4
-22
128
-57
-49
43
-52
58
-74
22
186
-205
17
-1
-19
1278
-437
-840
40
323
-134
-227
21
-8
279
-294
788
-776
60
40
-111
-2
155
-99
-36
1272
-1289
13
23125
-20976
-2143
32
-51
-2
40
-39
24
-11
10
79
-47
915
-766
-193
122
-134
54275
-54246
-2
331
-343
-14
44
-8
120
1565
-1675
-27
226
-193
1907
-1910
-49
1
-2
22
-20
-3
2:14
9
21999
-21964
-50
-20
3065
-3049
-5
86
-72
138
1890
-2055
2
318
-319
38
-37
12071
-12073
0
17
-14
534
-489
690
2380
-3118
40
161
-201
13
-13
1
336
-334
239
-116
55
-158
-22
207
1051
-1216
251
-292
1
-2
1052
-950
317
-389
262
-180
895
-951
-54
107
-108
-1
19
1608
36398
-36906
-869
-80
185
-265
-66
-22
205
-173
2
-35
14
-14
177
51405
-51549
-3
-8
312
-335
15
196
-210
395
-322
4739
-4811
13
1369
-1337
-32
-13
-3
0
20
653
1590
-2038
-194
15
-7
312
-348
117
-56
344
-291
-100
136
-67
45
-89
-15
64
-89
104
146
-239
-11
26
33
-15
-30
119
-27
-79
18310
-18219
-50
-55
264
9532
55823
-65605
102
-110
685
-704
143
83
-125
274
-360
-15
1
304
-276
122
-153
5983
-5929
173
-203
-21
24
-25
347
-304
2863
-1295
-1390
96
-318
160
-139
-14
-10
-1
1
0
-1
0
14
-15
2:1
-1
11
-10
1
-2
2
-3
3
-3
2
-2
1
9
-7
-1
2
-3
2
-2
1
0
14
-14
-1
0
1
0
1
0
-1
1
-2
-1
14
-13
2
-2
12
-13
1
-1
0
1
-1
3:1
-2
-1
2:1
-2
0
1
9
-10
13
-13
2
-1
1
-1
2:1
-1
0
1
8
4
-5
-7
10
-4
-8
0
12
-13
0
2
1
-2
2:0
10
-11
1
0
10
-11
2:0
1
2
0
-2
1
0
14
-15
8
-8
1
-1
2
-2
1
9
-11
12
-2
-9
2
7
-9
-1
10
3
1
-12
1
-2
9
-1
-9
2:1
8
-10
1
7
-7
-1
2
0
7
-9
13
-10
-1
7
-8
0
10
-11
1
8
-7
0
2
6
0
-8
0
2:-1
11
-10
-1
14
-4
-10
0
13
2
-3
-12
2:1
-2
2:1
-1
0
7
-8
1
-1
2:1
6
-6
-1
1
0
2:-1
0
4
-4
2
0
-2
0
3
-2
10
3
-14
15
-3
3
-15
1
7
-4
-3
0
-1
9
-1
-7
3:0
1
7
-6
13
-14
0
7
-1
-8
0
2
-1
14
-5
-7
-3
2
0
9
2
1
-13
-1
2
0
7
-8
0
1
0
-1
10
-9
2
-3
1
2:0
1
-1
3:0
12
-11
12
-15
2:2
-4
11
-11
3
7
-10
14
-14
3
-2
2
1
2:-2
4
-1
2:0
-3
3
-3
2:1
7
-7
-1
14
-13
0
1
9
-10
9
-3
-5
5
-8
10
-9
1
0
11
-10
5
-5
-1
1
2:0
-2
11
-11
-1
2:0
2
2:-1
2:0
11
-7
7
-10
11
-10
-1
2
11
-13
-1
9
3
0
2
-12
-2
2:0
13
-3
-9
9
-9
15
-4
-11
-1
16
2:-7
0
-1
2
2:-1
2
-3
0
9
-8
-1
3
-2
-1
11
-2
-8
1
0
-2
3:0
2
1
-2
0
1
3:0
11
-13
1
-1
0
13
-1
-9
-1
1
2:0
3
91
-93
0
-1
14
-5
1
-9
-1
32
-32
0
9
-3
-6
10
-9
-1
1
-1
0
8
-6
0
6
-8
0
3
1
0
-4
2:0
4
-4
0
2
-2
0
2
1
-3
0
6
4
-10
1
3
-3
6
-7
1
-1
3
-3
0
1
-1
5
-4
2
-2
4
-5
0
3
4
-7
7
-7
0
9
-9
13
-12
8
-7
-1
1
-2
2:0
2
0
-2
0
1
-1
0
4
-1
4
-6
34
-34
5
-6
0
4
-4
3:0
1
35
-27
-7
4
-4
0
17
-19
2
-1
1
3
6
-9
15
-14
21
6
-30
6
2:-3
3
13
-15
2:1
9
-12
2:2
1
-2
-3
0
47
-47
1483
-1483
84
-84
24
-21
4
-5
0
-1
10
-7
-2
2
12
-14
2:-1
1
2:2
-4
0
5
-6
14
-14
35
-35
0
11
0
-11
21
-21
14
-3
-11
0
2
2:1
-2
1
-2
339
-260
-77
-3
3
-3
4
-4
0
1
5
-5
-1
43
-25
-17
3
-4
278
-278
8
21
-27
-2
2
-1
10
45
-51
3:-1
133
-129
-6
0
1
3
-4
0
10
-9
18
491
-502
-7
0
115
-114
0
10
-3
80
64
-153
2
17
-17
2:1
3
-7
2
0
-1
117
-118
2
113
-115
11
-1
-9
-1
2
-2
34
-32
-2
43
-43
3
0
35
131
-160
5
-11
-3
0
10
4
109
-120
6
14
3
-12
-14
15
-14
-1
0
43
742
-764
-5
-10
12
31
-47
-2
0
1
0
-1
6
-5
3
194
-197
4
-3
6
-6
13
4
-19
0
6
593
-599
1
17
-17
1
5
-7
2:0
7
102
-109
1
11
6
-4
-13
0
3
66
-45
-23
61
-58
4
-4
-5
7
-7
3
-3
2
1
2
-4
6
-4
7
-2
-5
7
-10
0
4
-3
244
548
-793
10
-6
149
-152
34
-12
-18
121
-123
-2
1
13
-6
0
-9
274
-272
34
-32
1
-5
3
6
1
40
-33
-6
3
-14
16
-13
-3
13:0
1
-1
1
-1
5:0
1
-1
23:0
3
-3
17:0
2
2:-1
8:0
2
-2
0
1
0
-1
5:0
1
-1
8:0
1
0
-1
3:0
1
-1
3:0
1
-1
5:0
1
-1
2
0
-2
4:0
1
3
-4
8:0
1
-1
0
2
-2
3:0
1
-1
13
-13
0
1
-1
0
1
-1
5:0
1
3
-4
3
-3
3:0
1
3
-3
-1
0
1
2:0
-1
0
1
-1
4:0
7
-7
0
1
-1
0
2
-2
0
1
0
-1
2:0
2
-2
4:0
2
-2
0
14
-14
1
4
-5
2:0
1
-1
3:0
5
-2
-3
9:0
3
-1
-2
0
1
-1
3
-2
1
-2
2
-2
0
3
-2
-1
3:0
1
-1
4:0
2
-2
5:0
2:1
0
-2
1
3
-3
-1
2:0
2
-2
1
-1
5:0
1
-1
0
1
-1
0
2
-2
10:0
3
-3
2:0
2
-2
2
-2
8:0
1
5
-5
2:0
-1
1
0
-1
6:0
1
0
-1
7
-7
1
-1
2:1
2:0
4
-6
0
1
10
-1
2:-5
3:0
2
6
-7
-1
5:0
6
-3
-2
0
-1
3:0
2
-1
0
1
-2
2
-2
2:0
1
0
-1
7:0
1
-1
5:0
1
-1
4:0
4
-4
0
end
