v1
899
99
198
20
222
204
106
380
52
187
615
51
28
31
36
249
156
1
57
56
22
28
118
421
121
165
340
272
140
422
18
7
145
159
162
332
355
111
177
248
10
194
140
167
160
0
413
549
320
46
135
89
167
140
137
14
243
87
89
86
140
117
79
57
119
20
93
287
567
106
88
187
431
494
388
54
339
69
57
376
433
106
74
61
310
141
339
281
28
93
312
64
106
169
118
276
275
16
222
299
259
81
7
287
59
272
66
187
1
56
45
38
25
18
2:19
31
48
3
131
17
118
64
18
74
40
19
64
35
30
38
3
16
38
17
245
85
362
173
120
94
131
160
254
110
137
177
33
4
2
116
146
138
54
121
141
48
37
142
25
173
61
146
5
282
129
275
6
330
10
5
31
2
83
70
229
41
309
114
1088
199
102
93
195
172
56
109
2
368
75
50
215
746
30
247
12
21
226
214
19
38
69
15
147
40
283
110
339
272
36
45
20
82
102
412
3
37
175
17
53
121
8
43
86
328
38
100
54
35
12
61
147
88
153
59
5
23
193
3
2
205
349
148
121
97
34
66
26
31406
22
9
43
194
50
3
44
173
76
23
97
36
8
22
986
166
68
111
237
15
3
47
9
3301
2211
328
1553
5140
8678
2138
2650
9755
3
790
9128
4449
2
8020
62
3717
958
2466
5151
1
10
5
1
1427
4054
102775
13098
3544
1
1735
5981
25
73
9417
32439
4
11
15
7
120
10
117
1
108
5
54647
731
50
109
157
7
29
56
1
18
53
109
2
25
10
3:1
10
2:1
11
2
726
29
14
12982
5840
5387
10208
7980
575
1668
454
85
523
665
968
2
15
41
86
63
31
9
28
3
1
43
47
4
6
30302
9685
319
64
176
100
725
1
286
108
202
24
253
11
73
41
103
132
399
205
113
17
38
26739
2:1
163
72
43
28
7
-488483
34
114
0
18
23
358
16
126
213
0
473
24
104
0
23
51
0
220
146
307
126
0
314
44
320
46
169
354
451
287
49
236
102
48
341
202
46
86
616
12
67
303
134
0
33
58
22
24
116
498
153
0
137
165
43
61
71
85
28
0
532
26
12
0
76
29
457
192
13
67
11
13
172
51
206
15
0
196
367
11
211
14
30
173
0
180
0
372
5
267
38
22
74
54
74
23
88
171
0
144
60
485
1
119
37
205
0
86
67
229
288
181
170
193
53
107
75
85
117
405
16
342
257
90
26
77
212
54
0
39
72
130
9
167
102
283
157
372
359
25
94
53
123
177
31
130
50
16
3
24
47
26
121
5
14
114
50
14
92
36
14
6
8
15
30
8
47
11
7
34
202
93
112
123
315
7
22
462
144
14
11
71
13
248
0
2
274
0
269
110
49
231
166
126
100
0
31
166
132
75
14
30
170
144
298
0
33
91
227
0
907
0
34
8
495
404
468
5
7
262
60
105
141
42
109
192
132
24
17
118
567
248
222
0
242
59
27
2:53
97
18
45
30
18
185
356
254
402
180
0
115
237
10
64
99
419
31
44
18
7
6
4
0
2
64
219
349
44
107
323
107
245
106
119
75
119
40
45
8
102
266
31416
11
80
149
80
87
117
223
1108
17
63
272
113
0
1003
0
4638
323
2535
2785
8956
1
7438
14699
423
13
3913
3540
8075
2
5
2807
14
3373
0
1916
2
9133
119479
8178
59
41999
29
46
40
93
53
46
36046
19652
45
156
0
46
59
6
18420
0
3482
4271
0
3235
9046
0
5227
315
448
0
1854
1
1290
537
5
45
47
50
2
45
4
0
3
38
31950
8584
407
215
201
196
50
190
93
150
164
38
290
127
46
5
207
0
315
0
205
56
31
92
14927
4
0
1973
2:0
9880
32
60
66
2:31
-488108
4371
616
178
193
11
372
1161
886
1016
37
604
766
280
42
43
1354
188
151
2:828
61
1035
399
409
1453
776
388
41
145
441
6
32
666
679
250
80
1488
157
1036
2166
1048
92
542
633
211
540
247
347
495
1
823
781
15
31
1272
56
9
688
79
222
46
31997
22
174
1024
115
362
395
5565
36414
4349
156583
38236
3838
101
36177
19904
54
120
734
114
7831
35367
3965
32
21
122
48
18
119
41261
213
795
279
38
274
522
18
1415572800
399:0
1
399:0
1
98:0
1192
-1171
7
37
-4
-24
-1
-2
0
4682
-4702
15
-3
2
6
56
-66
212
10018
-10213
219
-240
5
-13
358
-359
52
-50
77
-8
8
199
-219
-42
364
-381
52
320
-304
539
-608
39
7
-1
0
179
-221
2
20
2
-15
249
-237
404
-391
158
-195
1
58
34
-62
-17
194
-203
-3
10
227
-236
289
-279
524
-533
38
98
108
103
-288
661
-501
-222
-1
6
225
-226
1760
-1733
-31
20
136
-143
73
127
543
-746
306
-158
54
-204
78
-68
-5
-2
144
-156
2
-1
90
-90
8
-1
189
-184
69
-66
-13
161
-160
13
-1
112
42
-35
791
-807
-113
-6
4
14
593
-609
1
8
-2
17
281
-298
-9
133
-127
-5
10
-2
24
558
-586
131938
-131919
368
6767
-6992
-119
-29
12
-28
164
-165
108
2421
-2477
-45
85
-91
17
67
-87
16
8
127
-146
4
505
335
-798
-20
31
2598
-2602
-33
165
30
-120
-95
10
-8
-2
437
-420
29049
-26212
-2831
-28
3
78
8
-87
11
10
622
-644
40
1729
-1297
59364
-59816
46
267
-15
-311
-2
22
55
-81
772
-762
-10
82
-64
-15
52
-2
9481
-9511
-21
-4
7738
-7726
48529
-48538
41
4348
-4338
144
-148
183
3211
-2700
-289
-431
88
-77
-6
-4
69
-29
1014
-1070
-4
6062
-5964
136
-197
95
1113
-1214
723
-536
-205
-11
401
1227
-1529
1545
-1649
879
-858
1253
-793
-297
-166
59
128
17
-135
1871
-1808
3
-139
3257
25225
-27111
-1384
27
132
-81
9
-77
16
14
-7
-35
1
2
42960
-42963
33
77
-52
-53
88
65
215
-374
3
356
-310
4017
-4066
142
-131
-3
4
-11
21
10
-25
85
1074
-1152
-13
86
-56
223
-246
73
-70
1348
-1358
1
51
1302
-1341
93
-94
-9
10
-13
424
-361
748
-809
-1
4
-4
49
-13
-18
9
127
-153
59
69
-22
-32
-41
1756
-1771
-16
49
122
-170
41
-22
38615
-15183
-8068
-15273
51
-161
625
-622
30
70
162
-132
-133
76
386
-467
85
1234
-1264
156
-201
3966
-3895
-31
85
-132
23
324
-330
2318
-2322
854
-805
882
-948
251
-245
-1
-14
4
-2
0
1
2
3
2:-4
2
0
-1
6
-2
-1
-3
2:2
1
0
1
-6
-1
5
-4
-1
3:0
4
-3
1
6
-8
0
3
0
-1
3
-1
-3
-1
2:1
-2
2
7
-2
-5
2:2
-4
0
-1
0
2
-3
0
7
-6
0
2
4
-6
1
-2
6
-6
1
2
6
-6
-3
0
5
0
-4
0
3
2
-1
-2
-1
4
-5
0
1
0
2
-3
-1
3
-2
-1
3
2
-4
3:0
3
-4
2
6
1
-5
-3
0
7
-4
2
0
2:-3
2
2:-1
3
4
-1
-6
6
1
-6
0
3
0
-4
2
0
2:-1
1
-1
0
7
-5
0
-1
6
0
-7
2
6
-3
1
0
-3
-2
-1
4
-2
2
-4
0
8
-8
1
0
5
-3
6
-8
3
-4
1
-1
3
-3
2
-1
6
-7
0
1
3
-1
-3
2:1
3
-5
2:0
2
0
4
-4
0
7
-7
5
-7
5
-5
1
2:0
1
-2
0
9
-3
2
1
-7
0
-2
1
2:0
5
-1
0
-3
6
-8
2
5
-1
-4
1
0
-3
4
3
0
-6
1
2
-4
1
2
-2
0
1
4
-5
7
-8
3
-1
-2
3
5
-4
-3
-1
8
-6
1
-3
5
-2
-3
0
1
0
-1
1
0
4
-2
2:-1
2:3
-5
0
5
0
-3
3
-7
0
2
-2
5
-5
3
4
-7
4
-1
5
-5
2:0
3
-5
-1
1
3
4
-7
7
-6
2:0
-2
0
3
4
-5
-2
0
1
5
-6
6
2
2:0
-2
-1
-2
-1
-2
2:0
3
-2
-1
3:0
4
-2
6
-7
-1
7
1
-6
0
2:-1
1
2:0
7
-6
-1
2
-2
0
1
3
2:0
3
-4
3
1
-5
-3
3
-3
2:0
1
0
-1
2
5
-4
0
-3
2:0
4
2
1
-5
4
-1
2:-2
3
-4
3
2:-1
0
4
-1
-4
5
3
-5
2:-1
1
-1
2:0
8
-2
-3
1
-5
0
-1
1
-1
0
1
-1
0
1
-1
1
-1
4:0
1
-1
2:0
1
0
-1
2:0
1
-1
1
-1
1
-1
1
-1
2:0
1
0
-1
1
2:0
-1
1
0
-1
0
1
-1
0
1
-1
1
-1
6:0
1
-1
7:0
1
3:0
-1
2:0
1
-1
1
-1
2:0
1
-1
5:0
1
-1
2:0
1
-1
4:0
1
5
-4
2:0
-1
3
2
-4
94
-94
-1
5:0
17
-11
9
-13
0
-2
30
-28
-1
7
-4
-3
0
-1
9
-6
-3
0
1
3
2:-1
4
-5
-1
8
-7
0
12
-10
-3
3
0
-3
6
-6
7
-7
2
-2
0
18
-18
4
-3
1
-2
1
2:2
-5
3
-3
22
-21
4
-4
9
1
-4
2:-3
-1
1
-1
8
-6
2
3:-1
2
-2
0
-1
10
-6
31
-22
-9
-4
2:0
4
-4
41
-41
0
1
-1
3
-1
1
32
-33
2
0
1
16
-16
-4
7
8
17
-33
25
-19
-5
1
0
-2
22
-20
-1
3
-3
2:8
-17
1
5
-4
0
-1
0
1
64
-66
1777
-1776
-1
116
-86
-27
3
-2
2
-2
-4
4
2
-6
2
22
-24
4
10
-11
-2
5
20
-22
-2
-1
77
-77
10
-5
12
-8
-6
12
-15
24
-23
-1
4
-3
-1
8
480
-394
-92
-3
4
-4
10
-10
5
-3
39
-39
0
18
-17
337
-329
3
21
-34
0
-1
7
0
-6
45
-44
1
16
-17
-1
10
-9
169
-167
-2
4
-3
7
536
-543
6
113
-118
14
-10
98
76
-137
-42
-3
4
-1
-3
6
-6
6
146
-152
1
188
-178
2
-12
0
-1
6
32
9
-42
-5
33
194
-214
22
-30
8
-9
14
104
-118
2
0
-6
8
17
4
-3
-17
-9
43
308
-327
-18
-5
4
31
20
-56
2
5
-5
2:-1
2
209
-211
10
-7
-2
2:0
4
20
-24
1
-2
8
552
-560
9
-7
-2
5
-4
12
-11
0
5
83
-85
-3
9
12
-2
-17
-2
0
53
-48
-5
34
-36
1
46
-46
1
6
-6
25
-21
10
-15
10
-8
0
1
-3
2
4
15
-22
11
-11
6
-2
-1
11
-13
-1
4
-2
0
7
-4
41
268
130
-442
10
-8
147
-149
-1
0
43
-20
-23
1
149
-150
-1
35
-30
4
-6
266
-266
31
-26
-8
0
16
0
50
-62
19
-13
6
-15
25
-26
3
-3
6:0
2
-2
3:0
1
-1
2:0
1
0
-1
2
-1
2:0
-1
19:0
1
0
-1
2:1
-2
5:0
1
3
-4
0
1
-1
7:0
2
-2
12:0
1
-1
2
-2
8:0
1
-1
1
0
-1
5:0
1
-1
7:0
1
2:0
-1
0
4
-4
1
-1
1
-1
2:0
2
2:-1
11:0
2
-2
2:0
2
-2
2
-2
3:0
2
1
-2
-1
0
1
0
-1
3:0
2
2:-1
3:0
1
-1
2
-2
11:0
1
-1
1
2:0
1
2:0
-2
0
2
-2
3:0
1
0
-1
3:0
2
1
-3
5:0
1
0
1
-2
2:0
1
2:0
-1
1
3:0
-1
1
-1
7:0
2:1
2:0
-2
4:0
5
-5
3:0
2
0
-2
0
1
-1
9:0
1
-1
2:1
-2
0
1
-1
3
-3
0
1
-1
2
-2
0
1
-1
3:0
1
-1
6:0
6
-6
12:0
7
-6
-1
4
2:-1
-2
2
-2
6:0
1
-1
1
0
-1
2
1
-3
0
2:5
-10
6:0
2
-2
9:0
2
-1
2
-3
0
1
-1
2:0
2
0
-2
2:1
-2
5:0
1
3
-4
0
1
-1
1
-1
0
2
0
-2
0
1
-1
3:0
1
-1
5:0
1
-1
11:0
2
-2
4:0
1
-1
4:0
1
-1
13:0
1
-1
3:0
2
-2
28:0
3
-2
-1
1
-1
9:0
2
-2
12:0
end
