v1
636
297
20
426
76
331
79
31
21
139
48
130
0
366
119
64
539
6
56
22
28
118
356
65
121
165
612
140
292
300
156
3
132
30
332
62
396
8
177
394
80
219
66
160
58
355
278
16
105
516
135
89
30
137
277
257
188
74
257
79
57
119
20
93
124
118
45
210
14
21
318
38
41
31
87
188
110
38
149
134
90
333
38
33
442
59
280
126
31
421
463
67
68
91
275
151
148
125
254
27
28
93
312
332
7
300
35
59
6
269
16
376
400
85
286
8
45
33
0
203
289
5
10
56
12
33
6
32
18
25
4
34
31
46
19
55
62
17
13
105
2
71
9
1
73
59
6
8
115
3
35
3
54
17
82
163
85
341
13
8
78
95
120
420
96
123
110
304
10
33
6
116
104
42
138
54
61
60
47
94
85
142
87
172
127
19
5
282
129
281
31
163
0
108
28
15
33
153
229
41
309
168
31
8
19
120
48
50
758
199
102
71
22
312
55
37
19
109
2
181
187
8
67
18
32
325
3
122
282
162
67
19
258
12
21
146
55
31
80
128
19
38
69
7
8
147
40
283
110
333
6
10
262
36
45
20
184
242
88
0
30
92
175
34
36
63
58
8
43
86
6
129
142
37
14
38
100
54
35
73
147
88
153
59
5
20
3
104
89
0
5
20
131
54
52
69
125
118
133
63
98
0
57
34
77
14
31400
2
5
22
9
12
192
4
0
55
27
44
173
76
8
112
8
28
8
22
14
2
916
54
94
72
179
71
166
15
3
47
1151
2159
2211
328
1553
2054
1019
691
1376
2464
5116
0
1805
1431
2650
9755
793
830
1211
4099
2988
925
2139
1385
2
4
10
8068
7
2
5
3703
943
15
2453
0
13
2024
3119
9
10
6
1427
3523
103306
13098
3544
1
1735
6006
73
9417
32413
5
3
18
2:2
21
5
7
247
20
53
36
5
16
0
55412
82
27
157
7
2
15
68
1
6
12
162
27
10
3:1
10
2:1
11
2
726
43
6
3621
9355
21435
7980
498
77
238
1430
454
608
1633
2
1
0
2
6
0
5
42
41
45
94
9
28
3
1
90
4
6
30302
9685
101
282
176
69
31
725
1
286
93
15
202
24
253
11
73
41
0
103
24
74
34
173
13
151
267
113
17
38
14805
139
83
11712
2:1
163
72
43
35
19
-487954
3
0
1246
620
197
1059
0
2121
696
0
10
334
0
486
743
0
405
350
181
464
407
516
917
220
123
1934
0
192
517
519
31
607
399
1135
764
12
957
13
107
90
11
2
49
0
150
121
216
43
209
505
100
817
0
1261
531
0
309
0
170
1000
649
98
490
404
666
382
1912
0
30
0
639
31
13
41
0
1045
94
0
404
463
37
18
77
152
160
234
22
480
96
464
20
133
0
42
232
17
6
31978
115
66
226
70
0
1498
27
35862
11715
13557
0
9480
0
132674
41918
0
100
52
4
0
114
11128
44715
128
93
112
45917
289
45
88
766
1070
40697
1039
1061
783
27116
1415444400
499:0
1
135:0
7
25
-30
178
-167
6
-13
0
-2
1
-2
0
-1
1951
-1951
3
129
182
-287
-5
-15
-2
1
7
89
-67
26
57
-14
-104
0
6
3
185
-192
-1
338
-338
0
87
-86
17
-19
1
43
-44
2:1
53
-25
156
-186
444
-417
-24
1632
-1605
-14
-4
28
-30
-2
858
-861
-1
21
-22
12
-6
-8
0
-1
28
-27
11
-13
20
-7
1017
-1027
-1
12
19
96
-124
239
-206
-16
-21
4
2
1
-7
1
-1
3
36
-39
1
11
63
-74
9
36
438
-480
82
-86
13
1282
-1293
-2
4
6
31
-30
-10
2:0
42
-38
80
-73
6
25
-38
135
-140
11
-8
1
192
-196
25
-17
3
80
-91
42
-43
6
410
-415
54
117
-168
44
402
1427
-1872
14
-15
-3
8
169
-157
-15
-4
54
-52
33
-35
-1
2:0
4127
-4124
89989
-89940
2833
-2781
-104
5
7
15
-27
14
-6
14
-15
125
-131
8
-6
1
14
3
-16
-3
3
-4
0
3
30
-32
331
-328
7
369
-366
-8
-7
7
1
-8
0
39
10
-48
47
-15
-19
-7
-4
2:3
17
-20
51
14160
-14217
2348
-2348
12
4
-10
2:-3
1
27
-28
63
-31
-19
-10
-3
26
-26
757
-749
-5
102
-98
61
50616
-50680
-1
194
-197
8
-4
155
-73
-77
243
110
-362
1
0
7
30
-29
15
-18
16
-22
4046
-4034
15
-26
-1
0
88
-86
31
-21
16505
-16515
1269
-1243
39
-53
76
3543
-3634
350
-347
-1
0
60
-61
26
10
-36
0
2
1448
-1450
6
-4
-2
26
287
-313
5
-4
22
2295
-2267
15
-63
2:-1
0
-1
6
636
-555
-71
-14
39
-42
385
-353
303
-334
2:2
-2
-1
28
31
-37
591
-594
-14
-2
-4
9
42
198
-211
-38
5
0
175
-178
-1
0
41
367
11580
-11323
-603
-63
12
-8
400
-402
17
20
-1
-26
-9
2
-5
21
-17
1
3
33
-40
0
2:4
-7
178
27861
-28020
-5
-16
38
-31
-7
215
-214
230
-212
1848
-1867
0
96
-96
12
195
-206
11
-11
0
7
-8
293
747
-1039
0
25
-23
57
4
-52
4
-13
3
163
-127
-34
41
-40
63
-69
0
16
-15
211
-172
-3
14
-50
-1
9
-12
3
6
89
-90
111
-107
47
-55
74
-59
-6
-12
0
-1
1
2:0
13
-5
35
-24
-14
2291
1985
9823
-14048
-55
233
-228
-1
114
-56
-34
243
-268
10
157
-95
-71
873
-699
-174
4
-9
3382
-3364
0
138
-157
15
91
-95
1
107
-115
131
-115
1434
-1441
-10
-1
10
69
-40
1628
-1641
27
-52
4
-9
7:0
1
-1
0
1
-1
0
1
-1
3:0
1
0
-1
1
-1
0
1
-1
0
1
6:0
-1
0
1
0
-1
2:0
1
-1
0
1
0
-1
1
2:0
-1
2:0
1
-1
4:0
1
2:0
-1
1
2:0
-1
3:0
1
-1
3:0
1
-1
0
1
3:0
-1
1
-1
0
1
0
-1
1
0
-1
2:0
1
-1
0
1
-1
1
0
-1
0
1
-1
1
-1
7:0
1
0
-1
0
1
-1
1
0
-1
1
3:0
-1
2:0
1
-1
0
1
0
2
-1
4:0
1
-1
0
2
-2
0
1
55
-56
0
8
-3
0
-5
3:0
26
-24
4
-5
-1
8
-8
6:0
3
-3
0
2
-2
1
-1
0
4
-3
-1
2:0
3
-3
0
13
-9
-3
1
3
-3
2:-1
2:0
2
-2
0
3
-1
-2
4:0
1
-1
1
-1
1
-1
7
-7
3:0
8
-8
6
-5
-1
8:0
3
-2
1
-2
1
-1
2:4
-7
-1
18
-18
1
0
-1
3:0
16
-16
2:0
1
-1
0
3
0
-1
2:0
11
-13
5
-5
3
1
-2
0
-2
7
8
-15
8
-8
0
23
-23
5
-4
5
-6
14
-12
2:-1
2
0
-2
9
-7
-2
0
4
-3
4
-5
3:0
39
-38
1052
-1051
53
-45
-10
0
1
3
-4
2
-2
3
-2
-1
0
4
-4
0
2
3
-4
1
-1
2:0
-1
7
-7
32
-27
-2
10
-3
-9
0
-1
4:0
9
-8
7
-6
-1
0
2
-3
1
0
2:1
226
-228
85
-86
4:0
2
-2
2:1
2
-4
1
-1
0
2
0
44
-43
-3
10
2:-5
271
-270
-1
23
-23
2:0
2
-2
3
0
20
-23
3:0
6
2:-3
3
-2
-1
70
-68
-1
0
-1
2:0
3:1
324
-324
52
-53
0
1
36
68
-107
20
-20
2:0
4
-4
5
-1
-4
0
1
-1
1
4
-4
0
1
61
-63
3:0
88
-82
-1
-5
4:0
3
33
-13
-22
-1
11
-11
103
-98
11
-16
0
1
5
-6
2
9
-2
52
-60
1
2:-1
0
9
-1
-2
-6
0
2
6
-8
1
0
1
18
160
-166
-14
2:0
2
8
-10
0
18
20
-37
-1
1
0
7
-6
2:0
-2
2:0
4
-4
1
0
124
-124
1
-2
3:0
15
-15
0
3
236
-239
4:0
6
-6
1
0
-1
1
0
2
51
-54
0
4
-4
18
-16
2:1
-4
0
38
-38
3
21
-23
24
-24
0
6
-6
14
-9
-4
-2
8
-7
-1
2:0
2:4
-7
0
-1
9
-9
4
-3
-1
1
0
-1
1
0
-1
1
0
1
2
-1
20
129
78
-225
-4
37
-35
-1
-2
19
-7
-12
3
-3
40
-39
-1
1
16
-13
-2
0
192
-192
0
20
-22
2
2:0
-2
0
2
7
-1
20
-27
-1
0
2
8
-8
2:2
6
-8
-3
-1
27:0
2
-2
30:0
1
-1
22:0
1
-1
18:0
1
-1
10:0
7
-7
0
1
-1
4:0
1
-1
1
-1
3:0
1
0
2
-3
end
