v1
765
252
45
413
33
16
206
90
174
52
187
237
353
25
314
81
137
14
5
1
57
56
7
15
62
65
19
356
65
286
354
156
242
7
300
126
7
0
152
159
162
72
132
128
15
180
160
111
177
152
96
204
22
118
167
531
24
18
95
183
61
156
374
25
54
102
31
58
148
19
277
4
105
61
87
20
67
9
166
257
79
48
9
119
113
85
202
245
428
7
248
12
8
186
245
113
27
321
33
442
125
1
201
12
69
749
181
1
41
75
53
7
327
39
85
339
254
27
121
50
144
41
409
7
158
142
94
275
16
137
20
313
79
118
113
47
34
44
56
194
109
272
16
7
181
56
45
25
13
25
10
2:8
30
6
0
17
8
51
0
14
6
1
127
13
47
58
64
18
1
73
45
20
53
70
3
35
3
54
17
14
113
118
447
78
215
94
20
111
134
0
26
254
110
165
139
10
39
116
104
42
138
54
121
141
85
46
96
87
3
166
3
146
5
282
129
27
248
6
31
299
10
5
31
2
66
17
70
229
41
309
114
93
19
976
199
27
75
83
10
195
172
56
109
2
24
157
187
75
50
325
125
205
306
30
139
108
70
109
86
80
15
38
75
42
84
7
8
106
41
40
379
14
339
272
81
20
182
2
245
11
196
175
70
129
43
86
26
302
36
2
98
2
54
47
59
2
35
75
17
20
88
153
59
5
20
3
69
124
5
151
54
8
44
312
41
45
47
63
155
34
88
31405
5
1
21
9
43
70
91
33
53
44
154
19
84
112
36
8
22
932
54
12
154
68
111
71
166
15
3
47
9
3301
2211
2
326
1553
2387
686
2067
6258
2420
2138
2650
9755
3
9918
4449
2
4
8078
7
3
4
2807
896
958
2466
985
4158
1
16
2
6
1427
106829
16642
1
7741
73
9417
28772
3639
10
22
124
39
117
20
72
17
5
16
54631
731
50
82
27
157
7
2
27
57
18
53
109
27
10
1
2
11
1
11
2
1
725
43
12982
8134
3093
18188
575
238
247
1183
539
467
56
665
968
2
8
6
11
31
44
42
10
35
16
2
31
6
3
25
2:3
1
43
47
4
5
1
30302
1513
8172
383
176
15
54
31
725
1
286
93
15
202
24
95
158
84
41
103
47
36
49
173
520
5
19
17
38
15027
11712
2:1
143
20
53
48
14
-488400
0
370
91
9
45
676
0
160
74
327
313
271
268
38
747
224
281
545
418
255
225
479
235
101
300
0
460
0
77
364
267
379
50
0
17
9
70
550
267
371
0
209
217
501
446
17
187
1025
185
794
213
224
200
105
68
109
1
295
74
179
233
176
96
178
182
457
234
191
93
1052
617
61
28
65
67
417
135
14
67
72
6
2
14
16
80
136
289
61
0
14
32
68
421
801
264
0
46
86
10
261
0
323
119
0
743
0
42
0
298
104
316
455
395
0
150
687
16
51
225
41
621
111
0
796
183
213
97
147
17
168
454
63
0
66
219
420
10
50
176
57
3
35
58
184
133
179
63
556
1
99
0
180
115
322
109
47
475
198
73
278
67
433
152
92
11
503
15
29
0
52
101
154
155
0
59
31374
7
37
47
26
174
45
115
164
135
67
1027
24
41
371
100
16831
3345
1
1804
3303
2331
8995
2041
4099
2169
1744
3540
0
8028
49
6199
6100
1415
119940
1
11260
57
41876
21
37
174
61
13
55500
24
52
285
0
38
164
5
9
53
32
716
155
51
12
34235
2004
1247
7845
1823
2:4
0
8
19
21
71
24
138
40756
579
208
5
278
283
513
33
15842
1973
9867
45
0
60
66
31
1415598600
499:0
1
264:0
4
18
-17
28
-28
4
-5
71
-68
805
-807
4
3130
-3115
13
-32
14
15
344
1371
-928
-816
9
-6
-2
21
-10
-12
2
51
-43
201
-202
-1
2:-3
0
124
-88
-22
2
63
156
-213
-8
-12
51
32
-85
19
-16
0
-1
333
-336
5
171
-176
3
-4
457
-451
-1
1
2:0
100
1337
-1412
18
-19
-30
1
97
-95
5
-5
26
5
140
-173
-1
1
-1
3
2
-6
597
-594
2:2
154
-149
-10
-2
24
-24
59
-18
-27
-10
53
-5
-20
-32
0
23
-14
18
-22
3307
-3298
-3
-6
33
-20
52
-38
-29
60
-55
12
2790
-2796
4
521
-499
107
-145
0
2:1
-2
60
-59
25
-28
0
38
-25
3
-14
1
14
46
-31
-32
87
-85
-1
67
-65
1
-1
0
-1
185
-184
0
10
-12
3
68
-70
55
91
-146
222
-224
94
-94
1
2
48
-50
9
-9
4
2
4
-7
175
-150
-6
-15
-8
0
21
-18
0
3
-2
238
-239
2
87175
-81387
-5710
-82
-1
11
-5
52
169
-207
-16
288
-291
1
19
21
-12
126
-146
-9
13
1401
-1410
0
42
-40
-5
404
12
-403
282
-294
85
54
-131
-9
3
17
424
-27
1203
-1461
-161
0
3
-3
28
-21
23
-23
-7
10260
-9192
-1009
-14
-43
2
6
-6
-3
47
-48
9
-7
13
125
-81
656
-715
306
-302
97
-98
29499
-29481
-14
163
-121
-25
-18
2
-7
1131
-1130
0
57
-49
127
1434
-1542
35
-61
7
-1
30
-33
16
11643
-11609
-34
2593
-2609
0
3
43
260
-260
34
1074
-1142
983
-975
1
-2
-17
-2
0
27
-33
20
-10
1
-1
64
464
-538
989
411
-1350
98
-112
-24
93
-101
13
-4
228
-238
172
-162
67
710
-759
63
-90
-1
3
40
-45
31
-21
573
-580
41
-45
8
9
41
159
336
-529
-6
-14
43
-45
15
715
21187
-20972
-943
25
2
34
-55
-3
-6
1
139
-140
19
26
-44
-2
9
-3
22
17844
-17865
-1
4
-1
184
162
-300
1660
-1710
16
23
1181
-1211
4
-18
35
-35
104
868
-958
9
27
-25
-19
0
60
-44
1
77
14
-109
-3
93
-88
54
70
-131
123
-108
206
-220
1
-1
4
2
15
-18
68
-71
4
-5
29
23
-47
71
-75
81
-71
-10
17
7
-3
-16
29
-26
-7
147
-142
9
-14
8
-10
3922
3483
4541
-11930
83
115
-210
590
-580
-10
-4
548
-478
-65
-5
6
220
292
-517
5
5496
-5253
-192
-57
82
324
-351
76
-110
13
-32
-2
4
-2
11
23
2608
-2626
86
161
-248
1250
-653
-610
28
84
-118
0
-2
1
2
-3
3
-2
-1
1
-1
3
-2
0
-1
2
-1
1
-2
1
0
2
0
-1
-2
1
0
1
0
-2
3
-2
-1
2
0
1
2:-1
2:0
1
0
-1
2:1
-1
-2
3
0
-3
1
2
0
-2
2
3:-1
3
-3
3
-2
1
-2
2
-2
3
-3
3
-2
-1
3
-2
-1
3
-1
1
2:0
-3
3
-3
0
1
2
2:0
2:-1
0
1
0
1
-3
3
-2
0
1
-2
2:1
0
-1
1
3:0
-1
2:0
2
-3
2:1
0
-2
1
-1
1
0
1
-1
1
0
2:1
-2
-1
0
1
0
-1
1
0
-2
2
-2
0
2:1
0
-2
3:1
-3
3
-1
1
0
-1
2:0
-1
2:0
-1
0
1
0
2:1
-3
1
4:0
1
0
1
-2
5:0
-1
1
3:0
2
0
-3
2:1
-2
1
-1
2
-2
2:0
2
-1
2
-3
0
2
1
-2
-1
2
0
-1
0
-1
3
-1
1
2:-1
0
2
-3
2
-2
2:0
1
0
-1
2
2:0
-2
2
0
1
-2
2
-3
2
0
1
-2
1
-2
3
0
-1
0
1
-3
0
3
-2
0
1
-1
0
-1
2
1
-3
2:1
-2
3
-2
3:0
1
2:1
-1
3
-3
2:0
2
1
3
-5
-1
79
-79
3:0
2
-2
10
5
-14
6
-7
0
2
-2
0
2
2:-1
7
-7
4:0
9
-9
0
2
0
-2
2:1
-2
4
0
-3
4
-4
0
1
4
-6
0
5
-5
1
-1
1
-1
2
-2
2
0
-2
0
2
16
-18
2:0
8
-8
1
-1
7
-3
2:-2
2:0
1
0
2
-3
1
-1
0
3
13
-16
1
-1
2:0
5
2
-7
1
-1
8
-6
-2
1
-1
2
-2
0
5
-5
1
-1
1
-1
2
0
-2
0
1
4
1
-5
0
15
-4
-9
-3
2:0
1
-1
1
-1
5
-5
0
30
-29
-1
0
1
4
-2
-1
-2
20
-20
0
4
-4
0
1
0
-1
14
-12
0
-2
2:0
9
-9
0
16
-16
25
-25
7
-6
1
-2
4
-4
1
-1
0
3
-2
0
8
-6
0
-2
-1
0
2
-2
0
1
0
33
-34
3
1278
-1209
-57
-14
-1
1
2
2:-1
8
-9
1
-1
2
-2
9
-8
-1
6
-4
-1
0
3
-4
15
-14
0
-1
73
-72
0
1
3
8
-5
-8
1
0
11
-12
0
14
-14
0
2:1
2
-1
1
2:-2
242
-197
-44
3
-4
0
2
-2
0
3
-3
0
1
5
-5
-1
42
-42
16
-15
-1
0
213
-208
-4
22
-21
2
4
-5
-3
44
-44
0
13
-12
5
59
-62
3
-6
5
-5
2:0
8
263
-258
-12
91
-92
2:0
1
10
-4
47
21
-72
16
-19
2
6
-6
3
-5
3
-3
0
2
0
2:1
51
-55
1
111
-112
8
-1
-5
-2
4
-4
7
25
-32
31
-29
19
98
-115
7
-11
2
-2
3
-2
9
-4
76
-79
1
-3
-1
8
5
-12
14
-8
-7
0
11
-11
0
35
247
-262
-17
-2
17
5
-21
-2
2
-2
2
-2
2
-2
3
-2
2:0
2
151
-149
-3
-1
5
2
-8
4
447
-451
1
2
16
-19
4
-4
3
-1
3
63
-68
3
0
7
-10
11
-4
-1
-2
0
30
-31
3
17
-23
28
-26
1
5
-6
7
-8
0
3
-3
0
6
-7
13
-13
2:0
4
-1
-3
3
-1
6
-6
-2
2:1
-1
1
2:-1
2:0
1
4
-5
6
-6
46
160
164
-367
6
-2
-7
164
-162
2:-1
24
-10
-14
0
3
0
93
-96
3
-1
17
-13
-6
6
76
-77
23
-24
-3
-1
0
1
5
-2
9
8
-19
0
7
-7
-1
7
-7
-1
14
-14
8:0
1
-1
3:0
1
14
-15
10:0
1
0
-1
25:0
1
-1
23:0
1
-1
3:0
1
-1
0
1
0
-1
16:0
1
0
-1
9:0
1
-1
3:0
2
2:-1
3:0
1
-1
1
2:0
-1
47:0
1
-1
8:0
1
-1
5:0
1
-1
1
-1
7:0
2
-2
10:0
5
0
-5
3:0
1
-1
12:0
2:1
-2
16:0
1
-1
0
end
