v1
776
530
39
15
159
381
105
104
135
237
259
119
51
137
363
58
56
21
1
16
12
53
309
100
30
333
21
591
147
433
152
159
162
72
260
11
4
180
7
342
23
76
106
9
37
106
194
307
103
403
137
165
104
93
63
54
366
135
31
18
207
291
58
98
87
20
24
43
89
86
257
136
139
178
39
57
2
59
0
45
166
204
48
145
110
68
207
431
113
268
113
212
14
216
163
123
53
69
57
376
316
181
42
135
239
127
30
178
216
238
16
337
455
7
335
59
275
16
124
33
55
337
64
197
51
44
250
104
177
123
181
27
29
45
38
25
37
19
6
25
46
2
3
20
111
13
3
1
13
105
82
74
40
5
14
35
24
5
35
30
3
35
3
54
17
14
84
147
85
227
62
73
173
120
94
131
195
219
39
71
28
234
42
10
33
6
24
92
104
42
138
54
121
141
85
101
41
36
220
3
146
5
282
129
275
6
31
299
48
83
70
229
41
309
199
20
87
45
93
758
301
93
7
188
57
115
56
109
2
24
42
109
193
75
18
32
917
44
277
131
161
11
42
128
126
7
8
147
40
48
110
125
63
47
3
336
270
2
81
20
86
98
415
37
34
141
70
121
8
11
32
74
12
15
8
305
38
100
54
35
12
3
0
54
2:2
127
20
88
153
59
5
23
104
89
5
151
106
255
58
40
9
22
14
47
63
20
0
33
45
91
92
31401
5
22
9
138
152
44
154
19
38
32
6
8
0
112
36
8
16
6
986
166
179
71
0
166
15
3
26
21
3310
0
2211
328
1553
3764
8957
1097
12
2126
2650
9755
793
8309
3
816
1797
2652
2
14
8068
7
2
5
3703
943
15
2466
5160
2
5
1
1427
3523
531
11417
91358
13098
3544
1
7741
73
9417
32418
21
4
26
7
130
0
4
40
73
20
89
5
10219
45131
78
35
74
88
69
7
0
2
27
18
0
38
1
18
80
64
1
17
2
25
10
2
1
10
2
11
3
754
190
3451
9355
8134
3093
1178
12281
4729
575
118
120
247
1183
456
83
334
189
665
968
5
22
29
2
75
11
94
9
28
3
1
43
47
4
6
39987
101
218
64
176
69
31
725
1
13
273
93
15
202
24
253
84
41
103
98
34
590
14
57
32
5
19
17
38
57
26682
2:1
149
14
72
43
20
15
55
-488307
45
0
50
92
314
15
51
53
587
145
153
59
2
344
235
3
186
49
76
44
0
142
66
718
40
66
65
370
450
486
28
76
144
276
1055
19
225
119
82
413
278
854
7
30
0
523
5
698
11
0
469
733
0
166
17
151
12
139
138
124
54
185
228
0
298
74
194
316
244
21
699
597
650
7
349
55
22
108
239
225
38
0
507
300
110
711
50
0
165
351
28
0
39
72
8
1
6
56
310
70
11
71
18
0
71
96
72
374
129
322
198
65
337
51
233
462
204
56
226
95
392
31
108
163
363
0
124
448
113
38
879
38
13
35
285
278
0
343
288
185
193
595
37
5
97
164
168
110
3
183
50
159
78
565
84
283
1596
0
132
53
62
376
148
180
12
271
37
786
109
69
65
409
57
19
0
27
194
38
154
91
31495
96
65
4
29
22
160
230
111
1051
0
6
2
0
8650
314
1391
703
6295
4
3348
7858
7786
1620
3482
1392
436
1755
2158
11618
6198
923
484
509
4160
7
1
25227
96144
1
5279
6083
41781
71
2
355
19
38
55362
349
43
88
46
65
41
22
796
23
26
43
63
34235
0
10549
546
3
1824
32
19
47
7
0
43
47
2:2
0
4
30474
10118
826
172
41
644
50
103
0
175
102
834
14801
14
226
1973
10069
1415911800
499:0
1
275:0
4
7
-7
7
1332
-1318
4
-1
-23
3
4807
-4801
-8
-1
293
701
-965
-6
-15
302
-300
63
-65
-8
47
-46
49
-48
1560
-1459
56
-155
2
300
-293
-2
-4
-7
10
-11
3
51
-52
-2
10
-8
161
-155
5
16
-29
25
347
-282
-2
126
-214
240
-224
116
-109
2
49
-26
-34
-14
3
1
34
-17
434
-450
3
96
-103
31
-20
0
59
-71
0
1
4
40
-43
659
-601
-52
-7
426
-371
6
292
953
-1306
290
-268
686
-703
46
-28
61
268
-336
-15
-1
2
41
-36
-7
0
6
1
-7
546
-514
9
-22
-18
12
-13
73
-63
46
-53
205
-208
-1
9
23
-26
18
-11
32
-43
203
-179
-20
44
-43
-5
4
-5
5
112
-112
245
-221
32
808
-730
-126
-9
1
153
-157
21
-1
307
-327
3
-2
7
4
-14
0
94
-69
-17
-7
103
71
-137
-30
12
-16
-1
897
-684
-193
-20
24
125997
-125937
36770
-36814
117
-131
3
-19
25
-19
118
-122
7
829
-847
-1
68
33
-84
21
-37
1457
-1455
17
14
217
388
-631
72
418
-493
19
-26
28
267
-282
67
-23
-51
1
1620
-1628
138
-111
-22
13
47
-45
-14
42643
-35188
-7460
21
-13
10
54
-71
146
-146
40
381
250
-664
19
84996
-84472
-552
2
5
-6
258
-254
-5
6
-3
9
54
-37
482
-508
69
-23
-16
771
-773
33346
-28529
-4720
-123
11
-14
-1
1
11
33
54798
-54838
65
-68
0
-3
15
4135
-4149
5
108
-71
95
2855
-1395
-1595
75
-62
9
-14
-6
-4
5
2
-5
16
36
-53
5
-5
-2
1
792
-763
24
3481
-3475
91
-151
6
343
-336
242
711
-960
17
-21
2
308
827
-1133
14
684
-704
651
-453
-195
3
313
-220
-79
-2
-10
173
0
-61
301
-202
-190
-20
-9
1
4035
420
-3704
-675
-73
1
121
-98
27
17
-72
17
-13
10
190
-200
272
-235
-22
0
30895
-30851
-31
6
-38
8
-6
-1
0
42
145
94
-253
2495
-2492
48
645
-721
-2
2
-1
8
-9
-2
15
93
1491
-1549
-11
5
-33
47
-58
67
-65
4
14
36
-54
4
365
-55
-303
6
-17
-1
35
-36
4
52
-50
11
-13
51
1243
-1293
-4
1
28
68
-45
-40
-8
-4
115
-111
5
2:-5
111
219
-316
-5
-4
33
9
-16
-21
0
655
-199
-448
-5
4
5816
71886
-70165
-7538
14
-25
427
-312
100
-205
87
490
-590
13
41
303
-195
-163
6
8426
-8251
-111
95
8053
-8175
23
-63
572
-572
14
106
-115
25
496
-491
820
-841
-15
343
-312
-33
175
2278
-2213
-241
47
2955
-3005
1
0
-1
2
-1
-2
1
-1
0
3
0
-1
-2
0
2
-2
0
4
-3
1
0
-2
1
0
-1
1
2
1
-3
2
-2
-1
3
-2
-1
3
-1
-2
2
0
-1
0
-1
2
3:0
1
-2
0
-1
2
0
1
-2
4:0
-1
2
-1
1
0
1
0
-3
3
-1
1
-2
3
-3
2
2:-1
0
1
-2
3
-3
1
3
-3
2
2:-1
0
-1
1
2:0
2
-2
0
-1
3:1
-3
3
-3
1
0
2
-2
2
-3
0
1
2
2:-1
2
-2
0
2
-2
-1
2
0
-2
4
-1
-3
1
-1
1
-1
3
2:0
-1
-2
2
-1
0
3
-1
-3
1
0
-1
1
0
1
-2
2:1
2:-1
1
2:0
2
0
-1
0
2:-1
1
-1
4
-4
3
0
-3
3
-3
1
0
-1
1
2:0
1
-2
0
1
-1
4
-4
4
-4
2
-2
0
2
-1
1
0
-2
1
0
-1
3
-3
2
-2
2
0
-1
2:1
-2
-1
0
2:2
-3
2:0
1
-2
0
1
2
-3
1
0
3
-4
1
-1
2:0
1
3:0
-1
3
0
-2
-1
3
-2
2
-3
1
2
-1
2:0
1
-1
0
-2
1
2
-1
0
-1
0
-1
2
0
-1
3
-3
2:0
2
-2
1
2:0
1
-3
0
1
3
2:-2
1
1
3:0
2:1
-2
5
-3
1
101
-104
2:0
12
-1
-11
12
-12
2
-2
3:0
4
-4
7
-6
0
10
-9
-1
1
-2
2:0
1
-1
0
1
0
-1
0
2
2:-1
17
-17
2
0
2:-1
0
2
-2
2
-1
6
-6
12
-13
3
-3
4
-4
3:0
8
-7
1
-1
2
-3
2:0
1
0
4
-4
-1
2:0
9
-8
13
-8
-4
-2
5
-5
0
11
-11
0
12
-7
0
-4
-1
3
1
-3
-1
1
-1
0
3
-3
2:0
1
2
-3
36
-31
-2
-3
2:1
2:-1
2:1
-2
125
-124
0
2:1
0
2
-2
15
-18
2
8
-9
13
-5
-7
2
-4
2
20
-22
20
-19
24
12
-25
-11
0
1
2:-1
4
-1
11
-11
1
-4
3
-1
-2
0
8
-6
-2
0
6
0
-5
0
2
-2
-1
0
61
-61
0
16
1473
-1484
80
-85
27
-25
0
5
-3
1
2:0
-1
1
-5
0
16
-13
2
5
-8
-1
2
1
8
43
-55
5
1
17
-13
-7
0
-3
3
-3
18
-5
-11
-2
2:0
2
3
-2
5
-2
-6
0
348
-222
-125
6
-6
2
1
-4
1
-1
7
43
-29
-18
-2
349
-339
-11
3
1
-4
22
-22
2:0
1
5
-1
-5
40
-40
31
-31
11
-11
4
132
-125
-4
-7
4
-3
-1
5
-5
15
588
-600
13
-16
3:0
93
-93
1
12
-6
97
31
-88
-45
2:1
-1
0
-2
0
1
-2
0
3
-1
0
-2
3:0
116
-115
0
163
-151
-1
-12
1
30
-28
33
-36
0
4
-2
0
26
164
-186
-6
34
-34
10
7
-9
1
75
-81
-2
-1
0
4
1
23
-9
10
-25
-3
-1
0
33
202
-217
-17
0
1
8
-9
24
8
-32
0
3
4
2:-4
1
0
5
-3
209
-211
3
-1
-2
-1
0
1
4
3
11
-19
8
88
-94
-2
11
-11
0
7
-1
2:-3
2:0
6
71
-77
1
3
-4
37
-37
12
-11
0
3
-3
3
0
-3
39
-34
-6
1
-1
18
-18
1
19
-20
7
-5
6
55
-63
1
0
1
-1
3
-3
1
-2
11
-10
-1
3
-3
7
-7
2
3
-4
2
3
1
-7
0
2
-2
0
3
2
461
1198
-1406
-256
2
-2
85
-87
4
-4
25
-5
-19
-1
2
103
-104
-1
3
131
-108
-21
3
422
-427
27
-29
65
-65
3
2
-4
5
12
-11
36
-44
2
14
-13
-1
6
-6
22
-24
5
24
-29
14:0
1
-1
2:0
2
-2
12:0
1
-1
2:0
3
-3
5:0
1
0
-1
9:0
1
-1
9:0
2
-2
4:0
1
-1
3
-3
6:0
1
-1
13:0
2
-2
7:0
1
-1
21:0
1
2:0
-1
4:0
1
-1
0
1
-1
2:0
1
-1
0
1
0
-1
5:0
2
-2
8:0
1
-1
1
-1
13:0
1
-1
8:0
1
0
-1
2:0
1
-1
3:0
1
-1
0
1
-1
0
1
-1
1
-1
6:0
5
-5
1
-1
3:0
1
-1
8:0
1
-1
10:0
2
-2
6:0
2
0
-2
4:0
1
0
-1
2
0
-2
6:0
1
end
