v1
783
69
108
30
2:45
226
0
148
72
30
49
50
252
98
7
52
115
9
15
14
34
56
362
78
119
51
0
96
167
110
127
1
38
2:19
0
37
7
15
146
415
6
75
46
159
6
16
308
0
193
95
0
140
17
78
345
152
265
56
72
36
10
86
128
15
154
26
33
127
111
27
7
94
110
91
75
31
194
21
1
118
22
32
72
30
11
160
18
342
53
70
208
121
11
0
138
1
320
6
13
6
187
191
34
291
58
32
5
148
176
86
21
51
0
122
63
127
37
111
93
85
39
12
47
104
166
14
36
25
51
1
77
13
42
105
37
25
50
31
104
46
37
68
12
8
87
210
25
109
90
23
4
168
176
33
212
21
209
0
59
66
1
213
69
10
47
95
0
80
270
66
2:181
24
18
67
172
92
25
106
39
55
30
172
167
87
126
68
28
93
235
53
0
132
41
5
178
7
37
121
236
275
16
93
283
94
79
70
191
51
44
56
124
0
62
8
59
45
5
26
124
123
22
13
103
65
0
24
2:16
45
6
32
18
7
18
12
7
25
17
7
1
5
0
41
0
5
0
14
117
7
6
4
13
47
43
1
14
62
20
12
62
40
5
14
6
39
19
50
15
3
0
35
3
0
54
17
245
85
125
237
293
94
131
195
86
163
80
98
206
10
33
6
116
104
110
70
54
121
35
106
85
101
41
87
169
3
146
5
50
17
30
170
15
48
68
13
27
248
2:6
25
299
15
33
66
87
229
350
114
49
2:0
9
27
0
8
12
7
125
52
41
500
162
96
199
102
71
12
10
31
336
56
109
2
0
24
42
6
207
89
75
50
6
41
278
186
221
0
89
140
16
3
0
37
221
33
38
148
40
2:6
74
53
75
57
69
7
8
147
40
158
35
90
96
14
339
270
2
81
20
53
24
21
38
48
8
56
250
46
55
37
21
154
17
3
0
50
28
93
8
11
32
43
37
6
58
73
146
22
29
38
100
54
47
55
4
2
35
92
20
88
153
59
5
20
3
104
89
3
2
151
0
54
7
164
3
231
45
27
20
63
155
34
31498
6
16
9
43
39
73
49
0
4
29
53
44
1
84
164
8
112
36
8
22
986
57
24
13
72
45
134
20
51
166
15
3
43
4
3310
6
2205
2
326
1553
663
2410
2067
667
0
6914
3235
2650
9755
9921
925
2139
0
1385
2
4
8085
2
5
2816
887
943
0
15
2466
985
4159
6
10
2
5
1
1427
119927
1
3543
1
1735
5981
25
26
47
4
9413
32418
3
20
2
26
98
156
20
53
19
17
5
16
7237
47394
731
50
109
157
2
5
2
24
3
11
7
0
39
71
27
79
3
37
2
0
1
0
10
0
2
11
3
16
30
679
29
14
18
58
0
43
12863
0
8134
13301
3251
4729
0
498
77
238
247
1183
206
248
85
467
56
665
436
532
2
1
2
4
2:1
8
39
44
35
7
55
2:4
32
5
3
27
1
3
1
43
27
15
5
4
5
1
30302
1513
8273
282
176
100
160
440
125
1
11
2
241
125
0
15
202
24
253
9
47
28
41
61
42
47
85
39
147
332
143
37
19
17
38
57
14748
84
138
11712
2:1
109
21
33
72
29
14
8
15
12
55
-488349
1284
888
269
2016
344
13
134
1353
366
479
1408
414
353
187
846
144
761
53
145
1163
7
956
1800
273
411
1600
1050
243
107
219
690
236
714
249
695
771
21
43
44
1329
36
114
754
175
50
3909
1853
59
1205
1307
178
38
37
31919
522
1300
6167
1878
12398
1098
49281
7
174754
6
120
56060
60
17
78
709
45583
1770
142
24
53
40930
653
199
445
198
232
321
1415941800
699:0
1
82:0
8
-2
72
-72
11
-13
0
7
1
-6
6
25
-11
-18
76
-73
-10
25
-24
0
19
-20
3
-2
2294
-2292
0
21
-21
2
511
-143
-364
485
-491
0
1463
-1322
-97
1213
-1248
1
13
-22
-3
13
-4
-7
0
20
-10
0
131
-124
-8
0
107
-114
5
43
-51
2
49
172
-221
-3
22
-15
-5
51
-50
-3
7
-7
30
-27
151
-149
-5
832
-809
-24
47
-46
39
121
-155
0
-4
128
-125
1
13
-18
0
505
-485
-15
24
-5
-21
50
-46
25
-29
0
2
26
20
-51
38
-39
1
0
1
35
-21
-16
26
-21
-3
-1
8
-3
-4
0
5
-3
9
-12
8
-6
-2
1
-2
5
4
-7
19
-18
-1
-2
9
-8
168
-168
4
44
341
-372
-8
-9
17
-13
356
-357
0
9
0
-7
9
-14
131
-106
-25
79
-77
0
-2
206
-183
-24
1
0
14
-15
5
1
54
-41
4
-18
23
-25
20
-15
6
-5
799
-532
-276
13
0
-12
11
258
-257
88
-101
2
506
-284
-217
-6
10
2
-5
-6
12
4
111
-123
-4
-1
19
378
-395
-1
75
-49
-28
0
19
7
-18
-2
2
-7
-1
14
3
-6
52
-23
-38
11
-3
-7
1343
-1344
26
25
-46
-1
0
1
-4
0
16
-17
22
2606
-2555
-75
15
-13
8
127
-137
290
-286
68
-71
13
-10
-4
5
0
-5
100
-97
0
28
-30
0
1
3
177
-180
-2
43
-23
-20
8
-8
3
-3
216
-214
28
93673
-93615
6661
-6534
-209
-4
-1
42
-25
-15
193
-179
106
23
-144
-1
27
-1
-17
-8
18
-20
14
60
99
-166
50
-53
30
-34
2
12
25
-32
723
-727
12
134
-132
16
-30
0
-2
1
-1
0
3
-4
154
-154
44
-44
2
9
55
-47
46
-65
8
-5
-3
41
-27
-4
-7
0
144
-139
-6
13
7492
-6270
-1201
-13
-18
27
-29
-2
0
7
-6
1
-2
0
3
68
-46
-12
-9
4
-4
-2
9
-10
301
-269
187
-214
670
26781
-27408
-46
-2
3
105
293
-395
-4
9
-1
11
-23
9
-9
17
898
-911
1
-5
154
-150
79
-81
19
-12
-8
-1
248
589
-814
3369
-2894
-472
-24
-1
7
-2
-6
2
1
3
55
-15
22257
-22263
-40
251
1701
-1951
8
62
282
-342
49
1077
-1133
1234
-1228
15
540
-527
-37
2:0
9
-8
7
-3
2
-4
27
-20
-1
425
2449
-2881
123
-34
-87
-5
24
-23
0
26
64
-88
1035
-1036
3
10
-11
58
569
-598
242
-265
0
-8
2
23
-22
51
-46
27
166
-192
-1
2
-1
6
-15
52
-45
624
-596
-37
2
34
-30
1
11
920
7559
-7867
-581
-47
1
0
24
3
-30
5
-4
13
-4
0
127
-1
-79
-57
2484
-2479
-5
1
21111
-21067
-29
0
-14
0
15
73
-79
-10
324
-244
-47
-34
2572
-2571
37
-38
1204
-1204
2
7
12
-19
-1
3165
-2584
-560
-22
11
-9
23
-16
76
-82
3
-1
-5
86
-76
-6
4
65
-58
-13
2
40
-7
-32
6
-8
0
-2
0
54
617
-652
-16
-2
9
15
-24
-2
1
0
468
-462
-1
27
-27
-6
134
3
-135
726
-711
-14
24
7
-34
557
-556
71
-60
-1
93
-99
2
17
-24
8
-4
1
451
-455
0
26
-22
-3
7
-8
4
2:-1
6506
33375
-30365
-9464
-43
-11
94
-42
-49
1196
-1187
-12
249
-112
-85
-34
-19
2
13
1264
-1274
233
718
-943
0
4144
-3924
-184
53
-17
-85
474
-411
-58
30
-31
147
-64
-56
-22
143
-151
38
63
394
-488
-4
0
6
-10
59
73
-129
11
2502
-2493
10
60
-86
-4
0
915
-919
6:0
1
-1
1
-1
3:0
1
-1
0
1
-1
5:0
1
-1
2:0
1
-1
1
4:0
-1
7:0
1
-1
1
-1
0
1
-1
12:0
1
-1
4:0
1
-1
1
-1
4:0
1
-1
0
1
0
-1
0
1
2:0
2:1
-2
4:0
1
-1
2:0
4
-3
-1
0
1
-1
1
-1
2:0
78
-76
0
-2
2:0
2
0
-1
16
-16
0
16
-15
1
0
-3
1
-1
16
-16
5:0
1
0
4
-5
0
2
8
-9
-1
2
-2
5:0
3
-3
0
3
-3
1
-1
0
7
-7
1
-1
0
4
-1
-3
0
1
-1
13
-13
2:0
5
-5
1
-1
1
0
-1
3
-2
-1
2:0
2
-2
3
-2
-1
1
2
5
-8
6
-6
3:0
8
-7
-1
4
-4
1
-1
0
2
2:-1
12:0
1
-1
2:0
2
-2
17
-17
0
1
2
-3
4:0
7
-6
0
1
0
-2
0
2
10
-7
-4
1
-2
7:0
2
-2
1
-1
2:0
1
2
-2
2:0
-1
1
2
-3
1
-1
5:0
1
9
-10
0
26
-18
-8
3:0
1
-1
0
3
-2
-1
2:0
2
64
-66
0
2
-2
2:0
1
-1
0
1
0
-1
0
5
-5
4
18
-21
-1
2:1
2:-1
1
3
8
-12
0
7
0
-7
0
2:1
-2
23
-19
-4
3:0
28
-28
23
-23
11
-11
3
-1
0
-2
3
-3
5
-5
0
1
-1
2:0
2
9
-11
0
7
-4
-3
1
-1
2:0
38
-37
8
1149
-1156
65
-39
-26
-2
0
4
0
-4
4
0
2:-2
2:0
5
0
-4
-1
2:0
1
3
-4
0
4
-3
0
-1
2:0
17
-16
92
-91
1
5
2:-3
-2
3:0
1
0
-1
5:0
1
2
7
-9
12
-13
1
-1
0
2
1
0
-2
0
4
-5
0
2
257
-215
-40
-2
-1
9
-10
1
0
-1
4
-4
3:0
7
2:-3
-1
2
-2
0
3
-2
40
-39
21
-19
-1
210
-204
-9
0
4
-4
40
-37
-2
0
2
3
-6
2
-2
0
35
-34
-1
0
1
0
15
-16
2
-2
2:0
6
-5
4
86
-88
2
-4
-1
3
-3
0
1
-1
4
-1
12
285
-288
-12
1
91
-92
2
4
7
-11
51
11
-62
35
-31
-2
-4
3
-3
5:0
2
1
-3
6
-5
2
62
48
-113
11
-3
-5
-3
0
1
2:0
-1
3
25
-28
2
2:0
13
100
-111
7
-6
-4
-1
0
3
-3
9
-9
5
57
-61
3
-4
1
3
-4
12
-11
17
2:-9
0
6
-6
0
3
33
160
-175
-19
2:-1
0
14
-2
-12
0
5
-5
1
3:0
4
-3
2:-1
2:0
133
-133
3
-2
-1
1
3
7
-9
2:-1
0
4
-4
382
-382
1
-1
17
-17
2:0
1
0
-1
10
52
-62
0
1
0
1
6
-1
-7
2
3
-4
4
-5
2
1
20
-20
-2
0
18
-4
-14
5:0
4
52
-54
-2
-1
8
2:-4
4:0
1
2:0
1
-2
12
1
-12
1
0
-2
6
-6
0
6
-5
0
1
0
6
-7
0
1
-2
1
0
-1
12
-12
0
1
-1
2:1
-2
0
2
-2
539
592
-867
-263
0
-1
13
-7
-6
238
-237
0
8
12
-7
-13
-1
1
-1
84
-84
1
-1
3
0
80
-57
-20
-1
-5
0
103
-101
2
8
-10
18
-20
1
-1
3
1
-1
6
18
-27
0
2:1
-2
5
-2
-3
0
14
-11
-3
17
-17
0
1
40
-41
29:0
2
-2
31:0
4
-4
3:0
1
-1
2:0
2
-2
3:0
1
-1
1
-1
2:0
end
