v1
722
1229
252
602
551
114
50
1437
732
653
15
451
177
248
226
285
136
437
63
276
156
586
225
534
96
559
356
329
170
425
187
431
494
442
339
126
587
328
135
221
823
427
372
394
275
16
457
448
250
59
526
56
83
62
50
51
144
4
118
82
74
123
65
95
262
620
120
749
314
39
116
338
30
232
227
25
234
433
404
336
46
2
382
41
535
80
896
301
625
370
75
50
902
336
345
128
126
15
147
433
692
20
184
247
165
40
245
129
11
484
154
108
235
212
5
23
767
385
31493
5
31
334
173
196
36
30
1152
68
111
71
166
65
3310
2211
328
1553
2370
2770
10816
2650
9755
9921
4451
8082
9170
3133
1433
123472
7741
9490
32411
32
394
16
55678
36
57
232
11
21887
21281
575
1668
454
85
523
1633
0
58
86
131
3
1
90
10
40088
282
245
756
1
309
85
202
24
253
2:33
18
41
61
42
88
44
717
55
17017
9723
1
163
115
90
-488504
132
20
0
368
168
312
226
153
34
26
30
181
259
81
229
0
133
57
171
57
19
44
15
127
19
205
55
236
46
165
21
38
269
182
102
32
13
95
415
25
311
124
38
204
236
87
448
87
3
168
103
91
41
225
75
5
442
162
361
0
50
68
0
345
68
88
89
30
109
305
72
37
192
132
12
74
1
0
193
0
63
36
574
45
180
30
31
432
87
336
111
0
188
2
99
84
405
181
275
35
0
247
211
21
201
85
693
19
500
42
125
54
227
28
328
185
349
153
145
481
309
340
214
158
26
175
125
208
13
1
27
39
3
16
56
0
4
8
15
17
11
13
47
2
23
1
110
7
201
71
0
52
5
2:14
80
38
35
3
16
182
203
362
78
197
112
271
31
24
27
4
165
23
414
43
226
42
0
138
175
0
327
100
329
17
5
267
143
1
27
52
196
37
85
55
0
169
5
186
703
28
55
12
225
1142
10
219
93
2:111
66
171
262
319
125
193
318
8
5
6
11
259
21
30
27
119
56
133
94
38
271
158
125
557
152
12
81
202
10
237
115
55
212
16
1
134
40
51
4
105
22
232
51
138
101
188
20
218
23
191
0
89
5
205
52
194
61
138
43
9
63
253
59
31397
52
116
131
14
272
135
36
1008
94
50
182
194
7
73
10522
691
1024
2818
4112
2100
12
4795
9739
0
6494
5221
1274
1378
16
8077
1
4
3703
943
0
15
2456
0
10
474
1550
3120
7
17
16898
8312
0
83046
13098
3544
7768
28
19
41886
137
117
20
14
2
73
9640
45793
109
166
45
38
19
53
27
3
63
16
27
10
13
15
1
725
3670
20582
1178
9030
3251
5227
315
247
825
280
404
0
1837
534
2:1
15
8
30
44
15
38
45
8
31
6
67
10
1
27
24
30308
10244
189
724
1061
330
416
37
36
28
8
14946
2060
9735
266
68
-488226
172
115
1813
1475
520
1795
249
0
419
1797
461
156
0
1162
634
193
791
1077
2386
763
1447
392
142
545
7
78
20
21
23
150
160
77
159
51
5
0
815
35
830
0
1092
693
1148
5
917
51
274
667
1485
62
17
685
637
304
385
1268
40
0
26
70
1025
95
299
22
480
771
0
31972
0
360
0
69
0
96
0
7
55
97
1653
7730
657
0
732
11360
16083
6140
1755
2158
870
10711
12311
0
24
121356
53260
59
20
48
110
93
11037
44991
859
118
12800
30393
3969
27
0
167
0
40960
1749
38
451
101
15179
106
11859
0
164
1416351600
199:0
1
399:0
1
121:0
350
54
2646
-2938
1966
-1880
-169
67
175
-108
324
-460
14
-8
25
-22
56
-24
94
109
-223
1353
-1355
35
-33
66
149
296
-522
696
-662
43
51
6
-116
69
-66
3
-19
5
58
-53
146
-168
18
4
-25
68
-61
2
-1
43
-45
121
-118
166
-143
22
248
-205
-97
561
-556
103
-75
-2
405
62884
-55967
-7249
-96
2182
-2090
112
-204
0
14
-22
8
189
333
-401
345
-442
-29
19
21
2505
15325
-16164
-1691
587
-602
18
293
-132
-159
23752
-23576
-198
14
364
-347
43
-4
-60
2308
3933
-6245
10104
-7605
-2458
-8
1257
60725
-61996
410
510
2166
-3000
210
-273
92
1010
-865
159
-426
127
-143
46
-36
72
-81
667
-614
7
-6
777
2538
-2798
-566
12
403
-414
29934
-29915
43
150
3742
-3221
-577
520
-595
-54
42
-36
-41
86
-48
72
-59
-53
62
-58
4
66
11
15923
-15923
2149
37910
-37842
-2271
509
-504
8
-41
1188
-1061
505
-448
-78
-98
62
-58
15788
-14182
-1611
57
-43
72
-66
128
104
-186
338
-274
228
-167
-108
-117
5
0
-3
15
-17
-1
10
5
-2
-13
0
6
5
-9
-3
2
-2
2
3
18
-21
5
9
4
-18
-2
6
-6
6
1
-4
2
-3
-2
25
-3
-19
8
-3
-4
2:-2
1
4
-4
0
24
-19
19
-24
5
11
-12
-4
1
2:0
6
-4
1
-1
-2
3:0
6
17
-23
9
-10
4
-2
7
-10
1
12
-11
0
2
1
12
-12
-5
16
-15
9
-7
20
-23
11
-10
1
2
-1
0
5
2
-7
-3
4
0
15
-18
10
-6
-2
5
-7
10
-8
8
-3
0
8
-15
0
4
-1
2
8
7
-8
6
-17
-2
0
6
-5
2
3
-4
8
-7
-3
4
0
1
-1
-4
12
-10
4
-3
1
-1
-3
2
1
-2
3
0
16
-13
18
-17
-7
3
-3
2:2
-4
13
4
-17
1
2:-1
2
6
-8
12
-11
5
9
-3
-7
4
2
-5
3
2
-9
-1
2
3:1
-5
-1
2
0
24
-22
-3
1
0
1
2:3
1
-10
1
0
10
-9
3
12
-14
5
0
9
-15
2:3
-6
-2
4
-4
1
6
14
-18
12
-14
-1
1
5
18
-24
14
-1
-13
7
1
-6
0
24
-24
-2
1
3
-3
12
-6
2
-6
11
-3
-9
-1
2:0
3
2:8
-5
-1
-13
7
-5
3
-4
21
-23
3
2:5
-12
0
8
13
-22
0
14
-12
-1
18
-17
1
-3
18
-18
2
-1
1
3
-2
7
-7
-2
2
0
-2
4
-5
3
4
-5
-2
0
1
18
-13
4
-10
4
-1
1
0
8
-10
0
9
-9
2:4
-9
13
-10
-3
1
9
-1
1
-10
0
20
-2
-19
2:9
-10
-1
14
-7
0
6
-10
-2
0
7
-13
23
-25
6
15
3
-2
-19
2
-3
-1
1
13
-6
1
-8
-2
0
7
12
-16
1
0
2
8
-6
-3
-5
14
-14
0
2
-2
1
6
4
-5
0
-5
0
4
9
-9
14
-12
2:-2
1
3
-4
-1
1
-3
4
3
-5
15
-15
-3
2:0
1
-1
0
1
-1
13:0
1
3:0
-1
1
0
-1
1
3:0
-1
1
-1
2:0
1
-1
2:0
1
4:0
-1
1
-1
1
0
-1
1
-1
0
1
-1
0
1
0
-1
3:0
1
-1
9:0
1
0
-1
0
1
-1
0
1
2:0
-1
1
-1
4:0
1
-1
0
1
2:0
-1
1
0
-1
1
-1
0
1
0
-1
3:0
1
-1
1
2:0
-1
4:0
7
-6
83
-82
11
-9
-1
8
-9
-1
6
-3
-2
3
5
-9
2
-2
0
4
-3
41
-37
-5
4
-4
2
2:-1
12
-9
1
3
2
-7
-2
3
0
-3
2
-2
5
18
-21
1
-3
1
63
-63
2
-1
12
-12
9
-10
7
0
6
13
-19
-6
11
-13
10
-7
3
39
1112
-1063
-82
-9
-3
4
-3
0
8
0
-8
7
-8
41
-33
9
-15
-2
18
-1
-14
248
-177
-68
-6
6
0
20
-11
-15
219
-199
-17
5
27
-35
0
17
-14
96
89
-186
384
-306
-68
23
66
1642
-1743
92
-91
109
-99
11
2:-3
114
-109
2:-10
8
-6
19
-21
5
4
2
1
-12
8
22
113
-129
-11
20
-24
0
162
-158
9
-13
414
-409
4
41
-50
7
-4
10
-7
4
-6
21
-20
1
-6
5
3
-2
0
1
-4
162
553
-541
-171
92
-97
14
-15
135
-56
-38
0
-32
-9
6
1
337
-175
-167
-2
11
-7
16
-14
20
-24
9
-5
0
15
-9
-12
0
1
0
-1
1
-1
2
-2
1
-1
0
1
0
-1
4:0
2:2
-4
0
5
-5
3:0
1
29
-30
4:0
2
-2
0
1
-1
3:0
1
0
-1
0
3
-3
0
2
-2
2:0
1
-1
10:0
1
-1
4:0
1
0
-1
0
5
-5
3:0
2
-2
0
3
-3
2:0
4
-4
3:0
1
-1
1
-1
5:0
2
-2
2
2:-1
1
-1
1
-1
1
-1
1
-1
0
1
2
-3
0
1
-1
2
-2
0
1
-1
2:0
1
-1
0
2
-2
0
1
0
-1
1
-1
2:0
2:2
-3
-1
1
0
-1
1
-1
0
1
0
2
-2
-1
2
-2
0
3
-3
2
1
-3
4:0
3
-3
3:0
5
-5
3:0
2
1
0
-3
2:0
3
-2
-1
0
1
-1
0
1
0
-1
2:0
1
2
0
-3
3:0
2
-2
3:0
2
1
-2
1
-2
1
-1
0
2
-2
4:0
4
-4
3:0
1
-1
2:4
-8
2
-2
2:0
3
-3
4:0
2
-2
1
-1
3
2
-5
2:0
1
3
-1
2:0
-3
0
3:1
-2
1
-2
2
-1
0
-1
0
3
-2
-1
0
7
-7
0
5
-5
2:0
6
-5
-1
4:0
1
0
-1
6:0
3
0
-3
2:0
15
-14
2
-3
2:0
1
2:0
-1
0
4
-3
-1
2:0
2
2:-1
2:0
2
-2
2:0
6
-3
1
-3
0
-1
2
4
-6
2
7
-7
6
-7
4
-5
1
-1
1
10
-7
4
-7
-1
0
7
-6
2:0
2
-2
-1
0
1
-1
4:0
1
0
-1
0
3
-1
-2
3:0
2:3
-5
-1
3:0
1
0
8
-8
0
1
0
-2
3
1
-3
-1
0
3
-3
24:0
1
-1
56:0
1
-1
4:0
1
-1
3
-3
4:0
2
-2
12:0
2
0
-2
11:0
end
