v1
523
12
195
90
7
13
188
93
145
350
136
191
48
1
25
470
119
222
159
171
57
17
2
37
7
0
15
28
118
496
58
153
58
452
102
140
74
21
0
497
130
159
104
646
80
22
625
122
126
41
170
265
138
317
22
120
22
14
28
352
73
102
31
58
105
62
277
72
185
44
52
80
53
33
21
29
207
165
99
42
62
183
59
45
152
14
428
346
8
110
321
90
23
310
71
85
350
7
125
109
105
69
57
404
106
299
106
174
18
105
165
338
46
79
254
27
772
118
276
156
119
173
526
47
131
286
8
404
181
40
28
33
0
38
43
38
77
2
147
4
118
73
9
12
62
45
14
6
54
4
35
30
38
19
55
127
118
47
400
173
120
94
131
195
219
110
304
10
33
6
116
201
83
54
156
106
85
101
45
86
169
146
5
267
15
410
330
48
423
106
402
195
808
301
83
10
367
56
105
4
2
268
6
94
75
18
79
281
404
248
258
33
201
31
80
128
19
107
7
8
147
40
158
235
334
5
353
20
184
452
75
20
18
9
53
70
129
11
32
74
12
23
38
305
100
54
47
61
147
88
153
59
5
23
198
151
85
215
251
143
109
123
31370
5
22
9
43
161
86
44
173
84
112
36
4
26
1130
22
179
71
166
15
3
47
885
4636
328
1553
663
4477
8678
2138
2650
9755
793
6127
3001
4449
2
8091
0
4651
15
2466
983
4168
9
2
1453
123452
7716
25
73
9417
32421
18
4
300
0
89
5
16
10999
44413
0
266
36
18
45
12
53
136
0
10
3
8
0
2
2:1
11
728
15
14
196
3445
12835
21213
4722
575
238
165
1265
539
523
582
83
968
2
2:1
7
16
31
86
63
31
9
22
6
3
1
43
47
4
6
30302
9759
27
282
176
69
7
24
59
666
1
87
222
70
15
202
24
253
9
57
18
14
27
22
81
102
30
0
186
328
183
1
19
4
13
38
17017
9723
1
162
1
101
14
28
7
23
32
13
-487531
240
115
309
92
1158
38
458
7
1804
1001
2613
2661
2366
732
145
282
804
1144
1842
49
570
80
71
728
143
8
431
1370
966
341
274
325
972
12
1118
237
340
199
725
176
526
530
94
2048
146
5
3
671
489
63
1383
155
126
31948
1244
94
127
246
9952
10350
1
15643
8257
14202
4686
2434
5181
2469
118886
5279
48102
4
205
55400
323
2
248
856
34411
9040
2056
88
141
1603
9
17
5
158
161
40580
106
579
1274
13
317
612
14716
2203
10070
1416997200
422:0
1
99:0
5
31
-30
-4
3
-5
0
2
105
53
-160
6
9
-15
2
1295
-612
-654
-28
258
-206
-36
197
-212
0
-2
132
-127
-5
8
7
3
-7
10
-16
-4
1
0
116
-120
2:3
4
107
59
-173
173
-173
3
88
-86
2
-8
1
-3
11
23
-32
29
-27
16
-17
10
-7
841
-844
8
16
17
-31
-3
-6
18
-20
2
21
-21
4
1
-2
11
-11
43
-48
3
8
-10
5
-6
66
-61
-1
-6
641
-641
6
59
-62
1
90
-89
6
-8
86
-87
42
201
-236
60
-60
44
-7
-24
-8
-11
37
-35
51
-30
-21
25
-28
11
222
-227
42
-42
-2
-4
2:1
0
13
4
-18
-1
-2
208
-192
16
-28
370
-372
40
-39
2:1
-3
8
-5
74
-76
2:0
-1
111
-111
368
-360
28
-36
29
-29
3
205
-203
59871
-59869
5104
-5086
-9
-8
9
-14
163
-161
-5
0
13
-2
-6
1
-2
18
-22
41
142
184
-359
-7
8
19
33
-21
-15
-24
46
-33
-4
2:-6
3
1348
941
-2292
2
1
5
-1
30
-32
3
-8
5
450
-451
294
-292
62
15458
-15523
4
163
-168
16
-13
1
633
-605
-27
-5
-2
11
2
-7
1250
256
-1493
-16
2
-3
1
13
-5
9797
-9802
1826
-1819
2
-4
24
504
1721
-2217
-39
-2
0
7
-6
230
-228
-3
2963
-2953
81
-91
0
13
160
-116
-57
36
514
-552
200
-192
-3
42
-41
314
-295
-17
-6
22
25
113
-93
-66
144
-102
84
2055
-2115
-50
-13
46
-39
7
-16
1
-3
36
-32
244
-247
0
24503
-24503
79
-78
298
-272
1437
-1439
-8
1273
-1282
0
-3
1131
-1135
-4
2
7
58
-38
-27
2967
-2967
-2
4
0
11
2:-6
2
-2
172
-158
12
-22
-5
-2
4
-4
5
3
36
1378
-1419
-1
19
-18
12
-15
6
1
10
3
-20
0
7
13
-16
-2
3:0
2089
17532
-16383
-3235
12
16
399
-426
-4
2
19
139
-157
39
-42
62
278
-290
-52
503
-499
65
-39
-28
35
2791
500
-2259
-1029
22
-58
22
76
-91
-1
-10
5
2:-1
14
95
-100
97
-106
440
-421
1615
-1617
-7
131
-113
-28
2
235
-238
-1
2:0
-1
1
-1
1
-1
1
-1
2
0
-2
0
1
0
1
-1
0
-1
1
0
1
0
-1
3:0
-1
1
2:0
1
-1
0
-1
1
-1
1
0
-1
1
0
-1
1
-1
2
-1
1
-2
1
3:0
-1
1
2:0
-1
2
-1
2:0
-1
1
-1
1
4:0
-1
0
1
7:0
1
-1
2:0
1
-2
1
0
1
2:-1
1
-1
0
1
4:0
1
8:0
3
-3
4:0
60
-60
2:0
5
-4
-1
6
-6
2:0
2
2:-1
0
1
0
-1
5
-5
3:0
5
-5
3:0
4
-3
-1
5:0
1
-1
3:0
2
-2
6:0
24
-24
0
1
-1
0
1
-1
5
-5
0
1
-1
2:0
1
-1
1
0
-1
3:0
2
-2
2
2:-1
0
2
-2
0
5
-5
0
13
-12
0
-1
2:0
5
-5
3:0
1
-1
3
-3
1
2
-3
12
-12
1
-1
2:0
2
-1
37
-38
2
2:-1
2:0
5
-5
1
2
-3
3
-1
6
-8
20
-20
2
-2
2:2
-4
1
-1
6
-5
-1
2:0
8
-8
31
-29
0
-2
4
-4
0
25
-21
714
-717
42
-37
-6
2
0
-2
2
0
2:-1
0
2
-2
0
1
3
-2
4
11
-3
-13
-1
1
2
7
-10
1
2:0
-1
3
-1
-2
1
141
-75
-67
4:0
4
-3
-1
0
2
29
-30
9
-6
-1
188
-190
-1
15
-14
-1
1
-1
22
-13
-9
3:0
1
-1
57
83
-139
-1
4:0
4
209
-210
44
-47
5
-4
8
34
220
-261
2:-1
0
2
-2
44
-43
-1
57
-55
3
-5
0
2
12
2
-15
9
55
-65
16
-16
1
7
-8
20
-20
3:0
8
2
-3
-7
8
-8
17
37
-54
1
-1
6
-5
10
-10
0
-1
2
0
-1
0
-1
95
-95
7
-7
0
6
149
-155
1
9
-10
0
2
36
-38
0
1
0
3
-2
-1
2
-3
3:0
2:3
-6
0
1
7
-7
4
-2
-3
5:0
6
-2
-4
0
2
-2
4
-4
1
0
-1
3:0
1
0
-1
4:0
53
286
-250
-89
2:1
26
-28
2:0
4
3
-7
1
-1
13
12
6
-31
16
-16
8
-2
-6
2
23
90
-54
-60
0
-1
8
-8
6
0
-6
2:0
2
2:1
-2
4
-6
7
-5
24
-22
-4
13
-13
2:0
4
-4
8:0
12
-12
10:0
1
-1
4:0
1
-1
0
1
-1
31:0
1
-1
5:0
1
-1
3:0
1
-1
2
-2
2:0
1
-1
4:0
2
-2
12:0
end
