v1
692
207
288
629
26
79
52
629
173
51
28
302
171
57
19
37
22
28
660
106
2:59
234
319
140
17
9
566
191
87
43
72
271
51
133
271
2
327
106
103
91
307
326
247
244
95
71
85
54
322
17
27
33
102
31
0
51
7
167
277
72
32
0
66
107
76
80
7
79
56
201
136
139
93
0
85
96
61
45
210
31
322
110
275
431
16
74
192
179
33
203
141
98
125
109
105
36
33
57
176
228
166
239
64
42
321
178
2
55
20
22
49
278
85
169
27
28
93
312
339
271
29
94
275
16
93
119
337
201
30
125
73
177
59
222
116
188
27
29
12
33
6
32
25
18
38
30
1
46
2
3
14
7
123
3
1
118
9
73
1
11
121
6
58
65
38
74
73
172
8
77
292
69
1
78
95
120
94
131
160
35
219
110
98
206
10
34
5
116
146
55
83
54
30
91
141
85
142
87
172
146
102
170
15
129
27
248
6
31
299
15
30
1
2
83
70
229
41
309
199
8
12
175
808
301
76
17
83
93
191
5
51
105
4
2
66
171
131
75
50
6
209
517
277
229
33
224
2
44
42
128
2:19
88
7
8
147
40
283
110
205
242
245
0
20
184
452
175
17
174
8
11
32
131
283
38
100
54
47
61
6
141
88
153
59
5
23
193
5
9
142
106
194
155
76
20
26
159
0
33
34
31493
5
22
9
208
0
29
97
69
104
76
1
119
36
4
26
932
220
68
111
71
117
49
15
3
47
3310
2211
325
3
1553
3764
1376
2464
5117
1097
2138
2650
1552
8203
3
790
6140
2988
4449
2
14
8047
28
2
3708
943
15
2466
474
1523
3146
8
11
5
1
1427
17
1025
2481
119949
7716
25
73
4
9413
28772
3639
10
22
11
15
7
91
83
93
72
17
5
16
55362
50
102
0
7
157
7
2
27
18
39
6
12
53
109
27
10
3
12
11
2
726
49
12
150
3459
4382
4973
8134
3093
1178
3879
5151
7977
3
575
238
448
982
873
189
1635
1
2
6
5
11
31
58
28
8
63
23
9
28
3
1
94
6
30302
1513
8273
282
176
15
54
120
49
213
271
103
1
13
296
70
15
202
24
2:111
31
9
2
55
18
41
103
88
10
4
30
173
72
4
355
57
37
19
17
38
14955
52
2010
9722
2:1
162
73
29
14
19
9
7
55
20
-488346
317
34
64
95
738
13
275
169
156
166
242
127
691
92
2054
559
162
303
21
204
266
708
194
0
660
87
24
221
7
0
520
367
303
0
431
61
805
63
235
757
291
705
145
101
0
293
473
19
451
160
72
326
123
242
373
644
1200
359
493
30
0
216
120
79
9
4
119
151
236
205
0
56
0
60
178
174
324
77
631
249
336
49
136
95
292
297
154
692
1262
0
954
288
151
41
175
352
254
42
1577
84
56
316
0
818
404
2
36
104
43
0
100
762
18
219
513
0
43
609
127
521
16
160
56
32
45
183
31401
79
108
4
49
42
58
115
172
58
98
34
0
1030
0
38
549
285
5565
15374
23645
1744
2139
7
17586
4175
6
4954
116404
3544
49708
88
32
0
10
116
1
55501
123
375
916
27
3600
24995
17745
972
32
5
58
73
21
22
107
40436
267
813
842
219
1
12
471
205
14973
2199
10038
1416666000
499:0
1
191:0
13
-6
11
23
248
-278
1
3586
-3593
12
1
-2
366
-379
736
-722
362
-369
-4
-3
3
1
94
31
-129
17
67
-81
-3
-1
38
-16
-8
-6
44
-52
4
8
-8
-4
14
-14
19
-16
40
-40
30
40
-67
77
-80
-3
47
-45
0
2
171
1327
-1502
4
-2
0
260
-132
-125
-3
3
18
-8
-10
2:5
85
-5
-94
-1
0
113
-86
-9
2:-6
269
-118
-155
0
2:-1
54
-53
9
224
-234
1
386
-352
-27
425
-432
16
-17
0
15
-5
65
-59
-9
-3
-1
-3
23
17
217
-256
7
66
80
-154
177
-176
91
326
-406
647
-659
1
3
25
-17
62
-73
83
-17
11
-73
-4
87
-86
-1
4
5
66
-66
-1
38
-46
6
0
3
6
-15
-1
23
-21
80
2:-39
434
-432
-5
13
-7
14
2507
-2519
-3
-2
41
-28
-7
-1
-8
307
-303
28
68
-90
14
-21
18
-21
358
-359
309
111488
-111794
7780
-7704
-63
-15
8
26
1236
-1261
3
-10
8
-11
34
-31
-2
0
15
-16
0
7
-5
2
44
-28
19
-38
258
335
-505
-73
775
-787
2
-5
1
0
86
22
-110
15
-15
30
109
-138
17
31
-42
-3
1
-5
10064
-6213
-3844
-3
25
-17
-3
79
-85
-1
2
15
11
378
-403
2
173
-166
99
59721
-59797
-36
297
-298
8
-6
0
35
102
-54
-70
-10
3
3184
606
-3774
-23
3
18
-4
91194
-91209
2395
-2397
13
62
-64
24
722
13661
-14419
58
-7
3
-11
-43
3
2
-4
4
-3
0
24
669
-695
1618
-1599
68
-85
2:0
251
-252
36
-30
-3
139
2217
-2292
288
-347
11
59
-35
-43
-1
117
-107
71
-81
94
-40
-54
558
-400
-139
247
-261
-1
-3
398
7034
-7251
-167
-11
15
-13
228
-215
10
-18
-11
1
5
13
-12
220
-227
1
2:0
31
7200
-7224
-8
6
21
-27
0
65
-60
232
-216
-21
3294
-3293
7
117
104
-223
-4
-2
48
-47
2
-3
173
1224
-1390
-6
10
8
2
38
-55
-4
11
69
-77
20
87
-101
-6
26
-24
201
-184
29
-16
69
-100
2
-5
0
-1
6
3
-6
2:3
-5
2:2
90
1249
-1343
-4
69
264
-294
-18
270
-290
2
34
43
509
2643
-3203
-19
-10
16
-11
1788
20629
-11929
-10456
226
-260
16
-3
24
-32
-4
4
-1
19
-24
6
750
-605
-111
443
-482
437
-413
-19
-6
1
22
4348
-4089
1531
847
-2641
10
1
-30
54
111
-164
0
-2
3
1277
-1280
84
-74
710
-708
120
-117
-14
240
-195
4171
-4215
38
263
-300
172
-171
284
-288
-2
-1
1
0
1
-2
1
0
-1
1
0
-1
4:0
1
-1
1
0
1
-1
0
-1
2:1
-2
2:0
1
2:0
-1
1
0
1
0
2:-1
1
-1
1
4:0
1
-2
2:1
-2
2:1
2:-1
3:0
1
0
-1
1
-1
1
0
-1
0
1
0
1
-1
5:0
-1
2
-2
2
-2
7:0
2
-1
0
-1
3:0
1
-1
2
-2
1
0
-1
1
0
1
2:-1
1
-1
1
0
-1
2
-2
0
1
3:0
-1
1
-1
0
2
-2
0
2:1
-2
1
-1
1
-1
1
-1
3:0
2
-1
3:0
1
-1
2:0
1
-2
1
-1
0
1
0
1
2:-1
2
-2
1
0
-1
1
2:0
1
0
-1
0
1
-2
3:0
1
0
-1
2:1
2:-1
1
-1
1
-1
0
1
-1
2
-2
0
2
1
3:0
4
-1
-3
74
-73
-1
1
0
6
-5
4
0
-1
24
-29
2:0
2
9
-10
-1
0
6
-5
-1
3:0
1
2:0
-1
2:1
-2
0
3
-3
3
-3
3
-3
2
-2
2:0
2
-1
1
-2
0
1
0
41
-42
6:0
1
-1
7
-7
1
-1
0
3
2:0
-3
0
2
0
-2
0
1
6
-4
-3
3:0
3
-3
1
13
-14
0
13
-13
2:2
-4
1
-1
0
1
-1
2:0
1
0
-1
2:0
2
-2
3:0
1
-1
3
-2
-1
27
-26
2
-3
4:0
2
-2
50
-50
1
-1
0
2
-1
1
-2
2
18
-18
0
5
-6
2
8
-10
1
-2
0
2
-2
9
7
-16
27
-27
0
3
7
-7
3
-5
1
-2
5
-5
1
-1
0
40
-40
5
2:-2
2
-3
4
-4
54
-54
9
1303
-1312
99
-84
-13
-2
3
4
-6
2
-3
2
2:-1
9
-6
-2
-1
5
-4
-1
0
2:1
7
-7
-2
0
46
-44
2
0
20
-22
2:-1
2
-1
10
6
-16
4
-5
1
5
-6
2
-2
1
0
-1
0
392
-286
-106
1
-1
2:0
5
-4
-1
1
-1
5
46
-50
-1
8
-1
-2
328
-322
-10
28
-29
0
4
0
-2
19
-1
-15
-5
2
79
76
-153
-4
4
-4
4
427
-430
69
-70
2
7
-8
31
42
892
-965
5
-6
0
2:1
-2
1
-1
3:0
10
69
-78
125
-118
1
-9
2:0
25
-25
24
-24
1
30
99
-130
20
-19
1
0
5
-5
-2
39
-38
3
-3
1
11
-12
24
0
-23
12
-14
1
-1
15
90
-105
4
0
-4
1
7
3
14
-24
-1
2
1
0
-2
7
-7
-1
2:0
1
144
-145
1
3
-4
2:0
5
-5
0
2
-2
243
-243
0
7
2
-8
-1
2:0
3
-3
2
6
65
-73
0
1
2:0
25
-24
-1
3
-3
2
12
-15
6
-6
15
-15
63
-58
2:1
-6
12
-13
1
-1
2
-2
1
2
-3
1
-1
2:0
12
2:-6
0
6
-2
1
-4
3
2:-2
0
5
-3
2:-1
2:0
5
-4
88
448
-417
-118
61
-62
2
1
10
-8
-6
0
2:1
-2
0
76
-27
-47
21
-23
24
-20
-2
2:-1
1
27
-28
319
-69
-250
13
-11
-2
1
21
-22
1
-1
0
2
1
4
-1
26
-30
-2
2:0
9
-6
36
-38
-1
43
-43
1
0
8
-9
6:0
1
-1
13:0
1
-1
2:0
1
-1
32:0
1
-1
27:0
1
-1
4:0
1
-1
31:0
1
-1
8:0
3
-3
6:0
1
-1
0
2
-2
11:0
3
-3
6:0
2
-2
2:0
2
-2
9:0
1
-1
4:0
1
-1
end
