v1
490
233
0
74
265
171
237
75
315
50
56
48
440
0
119
88
103
58
132
62
109
57
56
22
28
238
422
165
317
193
102
140
592
321
178
45
109
195
32
273
44
23
76
152
96
204
103
70
134
53
519
1
95
40
154
0
50
55
101
420
33
102
7
2
80
139
9
19
534
176
86
140
117
127
148
93
62
225
370
558
20
431
117
277
100
233
155
54
125
204
10
126
0
404
0
511
135
44
13
47
117
106
39
85
339
402
235
534
180
0
2
94
291
93
62
221
265
60
0
49
111
276
18
104
415
66
4
22
1
41
71
43
4
21
13
31
51
144
4
118
54
28
74
59
6
3
55
65
3
38
16
38
262
85
355
6
1
78
6
89
120
94
131
147
48
96
233
302
2
10
39
116
104
42
138
54
30
22
69
141
85
0
101
41
0
36
23
0
2
26
119
53
146
91
181
15
129
79
0
343
189
48
66
17
70
229
41
423
85
195
50
41
717
215
86
83
10
176
76
60
55
165
2
368
75
50
745
172
92
229
33
92
220
128
19
38
69
2
5
8
147
40
123
178
92
712
182
2
452
175
17
174
0
8
11
32
80
6
328
36
2
100
54
47
61
235
153
59
5
23
104
10
84
33
6
112
96
10
194
103
16
123
9
21
80
60
57
34
91
31407
22
9
12
278
44
62
23
88
69
7
1
65
54
36
2:4
0
22
932
54
94
50
22
5
174
71
117
49
16
2
3357
2211
325
3
1553
2370
1394
1376
2464
5117
1097
1418
720
2650
8172
1583
3
0
790
6140
2988
925
0
3524
2
8089
2
3708
943
0
15
19
2921
4677
11
5
1428
15471
0
108001
7741
26
47
9417
32421
20
2
280
20
72
17
5
16
0
10999
25036
0
18596
781
35
47
27
157
9
45
39
19
143
18
37
3
0
10
2
0
11
728
29
14
6
26
0
138
3457
9355
8134
4271
3878
5152
3251
0
4726
3
575
1668
539
334
854
968
2
1
7
6
11
9
0
5
17
86
49
0
6
39
9
0
28
3
1
90
9
1
40370
176
69
756
1
13
74
0
199
23
13
72
202
24
262
2
55
18
41
103
60
28
10
34
173
72
243
116
0
57
37
19
17
0
38
14955
72
4
1973
9735
2:1
162
1
115
28
7
19
4
32
1416571800
489:0
1
2:0
-1
2649
-2648
0
10
-11
66
-66
1
0
1863
-1852
-9
-2
16
35
-52
59
31
-79
169
-180
3
4
-3
51
-42
97
-73
-37
1
-1
0
4
0
-4
5
0
-1
-2
92
-94
12
-8
13
-17
1
9
47
-53
-3
0
24
3:-8
0
16
-17
0
132
-127
-5
1542
-1514
-28
30
-30
18
-16
21
170
-192
38
-34
-5
19
13
-26
-5
210
-210
9
28
-36
-2
145
-123
65
-86
0
17
-7
-5
-2
4
28
0
-31
-3
6
2:-3
-2
3
0
115
1121
-1173
-64
19
-12
2
-10
0
5
25
-31
80
1814
-1887
-3
-4
9
-5
2
9
-10
-5
3
1
8
-11
6
65
-55
-17
251
-231
-18
7
-7
8
148
-157
0
7
-3
41
-43
2:-1
280
-281
6
15
-12
10
-14
-5
14
-14
76
-74
5
44565
-30062
-14475
-32
23
-24
15
504
-513
3
5
-15
0
-1
3
0
5
-5
0
-3
505
-505
4
0
-4
6
-2
-1
-2
0
408
-383
76
-97
-2
1
4
548
-552
-2
0
3
-5
36
-23
46
-58
10
12
-22
-1
132
-126
-5
5270
-2950
-2316
-5
2:1
33
-19
-13
15
256
-271
-1
40
-42
4
77
39859
-39938
2:-1
325
-323
0
181
-153
-23
-6
2
0
388
1611
-1988
-12
4
1
-7
6
2
10353
-10360
745
-581
-149
0
470
6892
-7378
0
88
-86
2:-1
0
5
-4
1
-1
0
8
-5
21
-25
6
264
-269
945
-934
125
-124
240
-3
-250
0
58
-57
11
-10
0
15
590
-607
6
5
150
-148
-13
0
59
-51
-4
29
-23
-9
68
-64
7
-12
12
-12
168
-128
-38
19
57
-75
-2
5
80
152
473
-709
97
-98
0
14
-14
152
-152
0
25
-12
-13
0
4
-2
0
241
-242
-2
1
23099
-23094
3
-6
0
46
154
-201
34
1367
-1392
-9
171
-173
7
-5
132
1094
-1227
4:0
162
-151
-12
19
-8
14
-20
-2
34
-35
-2
24
-17
-6
0
8
40
-4
-41
-4
0
1
10
-10
0
-1
2
142
-142
1
19
-21
2:0
-1
20
1419
-1419
-17
2
-5
24
-6
53
-70
1
74
-75
0
6
14
13
-33
2
-1
7
-4
-3
985
12118
-10187
-2915
-2
51
-33
-7
-9
324
-288
-36
-2
0
-1
284
-284
226
-214
-9
1675
-1678
3158
-2433
-664
-50
-11
31
-31
54
-54
10
-10
1
0
1406
-1406
27
-18
0
87
-90
-4
-3
0
2
126
-94
9542
-9574
164
-154
-10
-2
11
59
1
3:0
4
-4
7:0
54
-54
3:0
1
-1
5
3:-1
-2
12
-11
-1
0
6
-5
4
-5
7:0
1
-1
1
-1
3:0
3
-3
0
1
-1
3:0
1
-1
1
0
-1
1
-1
2:0
1
-1
30
-29
-1
7
-7
1
-1
1
0
-1
1
-1
0
2
2:-1
0
1
-1
0
7
-7
0
5
-3
0
-1
0
2
-1
-2
0
1
-1
3:0
1
0
-1
4:0
17
-17
2:0
1
-1
3:0
2
-2
35
-34
-1
1
-1
3:0
6
-5
-1
0
2:2
-4
3
6
-7
-2
16
-8
-7
6
-7
1
4
-5
0
1
-1
4
-4
2:0
32
-32
0
2
2:-1
2:0
1
-1
30
-30
2
667
-621
-43
-4
-1
0
4
-3
-1
2:1
-1
0
-1
3:0
1
0
-1
2:0
2
2:-1
0
2
0
-2
0
1
0
15
-16
0
2
0
5
-4
-3
1
0
-1
5
-5
8
-8
3
-2
-1
0
3
-2
-1
112
-30
-81
-1
2:0
4
-3
-1
1
43
-43
-1
8
-8
0
1
212
-212
-1
0
14
-14
0
16
-3
-12
-1
2:0
39
46
-82
-3
0
2
-2
0
1
235
-235
44
-37
-6
15
39
451
-507
0
1
-1
0
1
-1
3
-3
3:0
3
-2
-1
0
3
33
-36
57
-56
6
-7
2
8
-10
0
15
-15
1
-1
1
11
51
-62
2
0
13
-14
-2
2:0
1
-1
2:2
-4
24
-24
1
-1
5
-5
7
2
-9
0
9
-9
3:0
16
29
-45
4
-3
0
-1
0
5
-5
0
10
0
-10
0
1
2:0
5
-6
2:0
93
-93
3
-2
0
8
-9
0
2
163
-165
0
6
-6
2:0
4
44
-48
5:0
2
-2
1
7
-7
-1
0
5
-4
-1
7
-6
-1
2:0
9
0
-8
1
-2
0
1
-1
3:0
1
-1
6:0
6
1
-4
-3
1
-1
2
-2
6
-6
0
5
-3
0
-2
2
2:-1
2:0
3
-2
0
63
299
-308
-53
-2
12
-6
-4
-2
49
-34
-15
1
0
-1
15
-15
21
-19
-1
34
-35
78
15
-91
0
-2
3
-3
15
-15
1
-1
2:0
3
-3
3
-1
1
13
-15
-1
0
1
-1
4
-1
75
-78
25
-24
-1
2:0
1
end
