v1
488
204
3
110
233
496
183
167
24
48
496
88
14
17
88
288
175
58
56
22
28
492
168
165
8
361
141
102
59
81
7
585
89
49
53
130
0
72
70
96
38
71
451
425
226
285
0
160
413
0
95
400
54
366
135
31
179
27
19
386
61
87
176
7
65
14
257
275
93
85
0
110
47
0
45
166
126
91
290
16
47
212
393
38
90
23
348
33
363
79
99
240
69
10
47
31
177
306
0
262
33
106
135
0
91
148
88
10
114
339
94
187
113
243
77
339
271
123
275
16
477
72
0
181
50
198
169
8
404
181
0
56
12
16
55
43
5
7
26
31
46
2
17
130
4
13
105
28
54
74
40
19
14
85
30
38
19
0
37
1
17
14
231
74
31
71
271
70
103
120
94
131
195
8
211
110
304
10
39
116
104
42
138
54
30
232
85
33
68
128
172
146
287
129
222
53
6
31
299
15
30
3
66
87
229
41
309
114
85
195
50
662
96
215
86
71
22
367
50
6
69
25
0
15
2
0
237
37
94
75
18
543
0
7
280
193
247
28
5
47
33
96
2:25
0
86
53
75
19
0
107
7
8
147
40
283
96
14
609
83
202
0
2
255
197
175
17
182
11
32
86
204
146
0
16
100
54
35
12
59
2
55
180
153
64
23
99
94
5
58
93
96
10
262
174
55
172
34
77
31421
31
43
0
95
152
14
30
37
48
0
69
19
76
1
119
36
2:4
22
1080
72
68
111
71
166
18
3357
6
0
2205
328
381
1172
3073
1061
1006
8678
12
2126
2650
9755
793
9128
4449
2
4
8051
34
1
2
4
4646
15
2453
13
5162
6
1414
13
20
106809
13098
1
3543
1
7741
73
9417
32379
32
10
22
268
32
16
56
17
2:5
55322
101
109
157
9
15
12
57
6
12
0
53
2
107
27
10
3
10
2
13
726
29
20
12
0
14
3595
0
17489
4271
0
3878
5152
7980
575
238
0
1430
458
81
334
0
189
665
971
8
1
15
9
5
13
4
2:43
59
4
68
3
1
11
0
32
38
19
30302
9786
282
131
145
725
1
87
167
55
13
11
37
9
15
202
277
9
57
18
41
61
42
0
60
72
604
89
5
19
17
0
38
14955
72
11713
1
162
1
115
28
7
23
27
5
13
1416826800
487:0
1
466
-437
-30
22
-15
-4
50
23
-68
-7
14
2517
-2521
-10
8
1052
-965
-76
48
-11
-55
42
-44
2
106
-102
-5
52
-50
159
-157
-5
0
1
0
2
-3
2:0
1
251
-238
-9
6
-3
9
27
1
-44
574
-573
-2
54
-54
2:0
1341
-1337
2
9
-8
6
0
9
2:-1
0
-19
0
5
-6
2
2:1
0
10
-7
1
-6
85
-82
3:-1
5
13
-18
56
-51
227
-231
4
63
-54
-16
1
-1
12
204
-194
-19
0
-2
-1
27
53
-80
59
-54
-3
2:-1
3
-1
5
47
-40
547
-550
-10
0
4
25
-20
-3
20
-22
-4
-1
2
1
9
21
2
-34
1
0
38
-35
-4
2:18
-8
-28
38
-37
237
-220
-17
-1
1
6
126
-127
-6
0
1
5
-2
78
276
-357
-2
0
118
-118
20
-17
0
2
9
-3
-6
119
-109
52142
-48907
-3226
-23
19
-19
10
-10
4
-2
4
-7
313
-310
13
1
-16
9
-10
5
-5
14
-10
-4
119
-111
-7
7
692
-697
0
-3
2
7
-9
46
-46
26
39
9
-72
-1
3
-2
-1
0
-1
7
-5
2
4
2627
-157
-2472
-5
0
-1
2
93
-55
-39
10
-7
-4
1
14
-12
0
11
-3
436
-444
0
132
-131
25
17367
-17386
-8
0
83
-83
1
-2
0
638
-637
13
-3
7
1785
2085
-3858
-21
-10
1
0
16
-14
9072
-9073
7
-9
1005
-1005
66
-60
580
4771
-5335
-15
0
-7
2
5
-7
1
-1
2
4
453
-458
1042
-973
-68
-1
2
-1
4
168
-170
-1
0
2
68
-67
-2
50
806
-798
-55
157
-150
-10
7
26
-9
38
-61
3
-7
0
16
152
-169
28
-26
-2
277
-269
-4
124
4383
-4497
7
187
-183
-6
-16
4
-7
4
-3
5
-3
359
-357
0
26925
-26908
-20
-1
1
-1
0
-1
1
26
185
-174
1313
-1349
11
50
83
-146
233
-224
-8
-1
1209
-1209
1
8
-2
24
-26
-1
16
-7
103
-106
-3
-6
1
14
-14
8
-6
-4
13
-8
0
-5
8
-5
2:-1
0
-1
0
3
0
1
-4
67
-30
-36
0
10
-8
11
-10
-2
46
-42
-4
2:0
14
-16
2
11
-1
-10
-2
0
6
1449
12625
-10536
-3543
0
157
-156
262
-225
-22
461
-477
1
338
-208
-132
3
422
-424
0
-1
9
112
-102
12
1594
-392
-86
-1055
-64
-21
7
-14
19
-17
-1
2
24
-17
0
51
-25
97
17
-127
4749
-4763
84
-76
-13
1
0
56
-57
1
4:0
1
-1
2:1
2:-1
0
55
-55
2:0
6
-4
2:-1
0
9
-8
-1
2:0
3
-3
2
-2
4
-3
-1
0
1
0
-1
4:0
2
2:-1
3
0
-3
3:0
1
0
-1
4:0
27
-26
-1
1
-1
2:0
4
-2
-1
2
-3
11:0
1
0
-1
1
0
-1
1
-1
5
-5
8
-8
2:1
-2
5:0
1
2:0
-1
4:0
3
-3
6:0
7
-3
-4
6:0
1
24
-24
3:0
-1
0
6
-1
-5
0
1
5
-2
-4
1
3
5
-9
8
-8
20
-17
-2
-1
2:0
9
-9
6:0
6
-6
2:0
27
-27
2
-2
2:0
1
-1
0
30
-27
650
-599
-47
-7
2:0
1
-1
2
-2
3:0
4
-4
2
-2
4:0
9
-8
-1
22
-22
0
1
8
-9
3:0
1
-1
5
-5
7
-7
3
-3
0
1
-1
3:0
2
0
-1
6
112
-52
-67
5:0
4
-4
3
-3
0
1
0
-1
0
3
-1
40
-40
0
3
-3
-1
197
-194
-3
-1
10
-10
2
-2
0
15
-15
7
-4
-3
47
107
-151
-3
3:0
2
-1
193
-194
2:0
15
-15
8
-8
40
304
-344
1
-1
0
1
-1
4:0
4
34
-38
50
-46
-2
0
-2
1
0
10
-10
-1
2:0
15
-15
0
12
52
-64
4
14
-18
2
-1
5
-4
21
-21
2:-1
0
2:3
-6
8
-8
0
10
-10
0
16
35
-49
0
2:2
4
-9
-1
3:0
1
-1
3
-2
-1
121
-120
-1
1
-1
4:0
5
-5
5
133
-138
0
1
2
-3
2
-2
2:0
37
-37
0
1
2
-3
2
-2
1
4
-5
1
2:0
-1
9
-9
2
2:-1
4
-2
3
-5
11:0
10
-7
-3
0
1
-1
1
2
0
3
-6
3:0
2
2:0
-2
5:0
60
260
-266
-54
3:0
22
-20
1
3
-6
0
21
3
-24
0
24
-24
2:0
1
9
-6
-2
12
118
-66
-64
-2
5
0
-5
5
-4
-1
1
0
2
0
1
2:-2
10
-6
21
-25
9
-9
1
-1
0
2
-2
end
