v1
591
207
3
533
407
79
239
442
173
381
228
56
22
28
481
179
777
140
7
585
393
271
184
271
435
501
573
70
174
95
71
85
376
179
228
28
386
148
20
76
166
56
201
275
93
85
202
241
707
297
22
112
113
381
388
54
339
69
57
404
469
363
17
163
146
5
148
46
79
94
215
93
651
394
275
16
905
250
281
116
7
181
27
74
38
43
264
4
118
82
74
19
40
6
58
65
357
377
70
173
120
420
329
304
10
33
6
116
146
192
30
91
566
61
146
403
13
275
336
48
83
70
229
41
423
58
222
9
799
301
93
355
12
161
4
68
302
75
50
215
583
110
330
345
128
126
7
8
147
40
393
712
184
452
175
199
11
32
138
11
265
38
100
54
108
95
140
153
59
5
23
198
9
196
52
349
4
92
218
34
91
31407
22
9
334
85
88
76
66
54
36
4
26
932
220
179
71
0
166
3375
2211
328
1553
5140
10816
2650
9755
793
9128
4449
2
8089
2
4651
15
7609
19
1450
123455
7741
54
9436
32421
22
389
5
16
54631
781
102
7
157
9
27
57
6
174
27
10
2
13
11
2
775
8003
17378
17007
3
575
1668
873
189
1633
2
1
13
11
31
58
28
103
28
3
1
43
51
5
1
30302
10068
176
189
533
103
1
13
296
85
202
24
262
2
22
33
18
41
103
88
14
30
245
472
7
10
38
26740
163
102
14
28
62
-488188
179
241
189
301
139
49
288
859
95
186
139
528
2:59
265
875
336
59
71
394
343
63
423
40
450
183
316
189
616
205
33
184
7
30
77
14
27
368
48
185
135
100
283
502
61
211
44
160
193
110
248
14
123
522
526
334
109
385
589
172
128
428
623
366
158
857
196
119
164
127
277
654
279
83
12
39
19
61
7
23
3
23
8
46
2
3
21
230
88
21
84
23
28
32
13
55
53
74
73
54
103
64
25
300
143
8
309
637
196
70
505
401
101
100
197
154
7
90
170
15
208
202
194
151
765
168
31
20
1118
16
192
29
5
7
186
55
186
6
111
237
303
685
229
31
17
438
56
8
219
467
125
557
200
2
43
202
247
115
31
21
3
345
58
341
95
256
12
67
141
325
96
11
127
115
3
300
103
101
68
140
126
42
46
31367
82
112
82
9
44
113
85
88
8
163
34
974
56
8
17
452
64
3
10522
4531
1433
3684
1097
14546
6930
2169
1744
3
2136
7
13179
3424
5152
12
1431
3523
116405
3543
7815
41871
11
4
95
42
4
40
73
20
72
27
55322
183
208
30
57
53
27
122
10
741
61
150
2
12
12800
8134
13301
3251
5789
201
1521
466
12
710
972
7
25
5
15
43
94
45
131
40098
473
85
813
399
385
58
219
13
38
307
331
57
37
15029
2049
9735
2
235
62
11
24
4
1416659400
299:0
1
290:0
415
-390
6
33
-27
-28
3
3102
-3101
113
32
-142
410
-420
0
74
20
61
-54
-77
-14
-9
38
-25
0
4
-18
2
13
-14
24
-23
909
-909
1445
-1443
4
110
-117
15
-10
-2
14
924
-931
58
-64
66
-52
-12
103
-107
45
83
-20
165
-275
24
-23
13
6
-16
-3
14
-13
4
57
-26
-35
32
102
-127
161
-26
395
-538
37
51
-87
6
-7
50
-49
34
-33
-4
40
5
325
-341
-23
-4
7
1
2052
-1946
-114
295
-276
53
-61
3886
-3886
105492
-105487
4588
-4537
-39
-12
866
-875
-5
21
-9
-16
3
-2
42
198
253
-493
2
386
-365
6
-30
20
67
-26
-51
-5
86
-63
18
-27
8472
-5636
-2831
-6
-17
-1
47
-17
427
-159
-288
49
48389
-48426
204
-201
206
-186
-36
1201
1128
-2319
0
-15
-3
14
-14
46118
-44331
-1787
259
-243
5
479
9114
-9528
-38
-40
8
-16
-1
1
8
554
-550
2433
-2440
63
138
-206
91
-86
0
63
2759
-2780
119
-161
50
-31
-12
-3
87
-19
-75
281
-178
32
98
1669
-1894
18
216
-226
24
-41
0
2
115
-103
28716
-28705
4
203
-217
1034
-985
36
-78
1445
-1467
97
-96
13
9
-6
-17
14
-7
154
-156
-4
521
-462
-57
19
55
-68
-9
5
-6
89
1243
-1290
-40
23
-8
-9
295
-284
87
875
818
-1778
-19
736
14859
-11782
-3815
16
-16
207
-207
14
-13
1
-1
584
-456
-111
246
127
-383
-7
3802
-3558
-187
1155
1204
-2415
9
47
-13
90
-135
56
-56
12
304
-245
8435
-8469
220
-35
6
-233
-1
0
1
2:2
-2
-3
0
1
2
-4
4
-1
-3
1
2:0
2
-2
1
-2
0
1
-1
0
2
0
1
-2
1
0
2
-4
4
-3
3
-3
2
-3
1
2
-2
1
-1
2
2:0
2
-3
3
-3
-2
0
1
2:0
2
-1
0
4
-5
3:0
-1
1
2
-1
4
0
-5
0
5
2:-2
1
3:-1
1
-1
6
-3
1
2:-2
3
-3
1
3
-3
1
0
-2
3
-3
2:2
-2
-1
4
-3
-1
3
-2
1
2
-5
4
-4
3
0
-3
1
0
1
-1
0
4
0
-4
0
5
-3
-1
3
1
-4
-1
0
3
-1
-2
1
2:-1
1
3
0
-2
0
-1
1
-1
5
-5
0
1
2:0
1
2:0
-3
1
0
-1
2
-1
0
-1
2:3
-1
-5
2
3
-4
4
-2
-3
2
-2
2:2
-3
0
4
-3
-2
1
-1
2:0
4
-1
3
-6
1
0
3
-2
-1
3
2:-2
0
2
-2
2
3
1
-5
3
-4
5
-3
3
-2
-3
3
3:-1
2
1
-2
1
2
-2
-1
0
4
-3
4
-3
-2
4
-5
4
-2
2
-3
0
3
-2
1
-3
2:1
0
3
1
-3
2
-3
2:-1
3:2
-1
2:-2
5
-5
3
-3
-1
3
-3
1
0
2
-1
2
1
-2
1
2
-6
0
2:1
2:-1
5
-4
-1
6
-5
2
2:0
-1
0
3
-4
0
3
4
-3
1
-1
1
2
-3
78
-77
5
-1
2
-2
-5
19
-10
-9
0
7
-7
2:0
2
0
1
-1
-2
1
2:0
1
-2
1
-1
36
-35
0
-1
0
4
-4
2:0
4
-2
0
-2
6
-6
0
3
-3
2
-1
10
-2
-8
1
-1
1
-2
6:0
3
-3
1
0
1
23
-24
-1
0
39
-39
2:0
1
2:0
11
-10
0
8
-1
17
-24
-2
5
7
-8
4
-3
-5
40
-36
0
-2
42
-41
1045
-1048
92
-85
-6
2
-1
0
-1
9
-8
-2
2
-2
6
29
-34
2
-2
16
-16
-1
2:0
7
2
-7
-2
8
-8
1
-1
316
-222
-92
-2
2:0
1
8
33
-34
0
-7
309
-302
10
-16
21
-8
-13
62
87
-148
-3
0
2
-2
2
337
-281
-58
7
-2
19
30
692
-741
-5
4:0
1
3
67
-71
90
-88
10
7
-16
21
-23
0
19
86
-106
20
-18
3
0
-2
0
29
-30
1
12
4
-16
10
59
-67
-2
8
-1
9
-16
3
-4
7
-8
136
-137
6
-5
0
191
-189
4
-3
54
-58
0
2
-2
13
-12
2
-3
4
-4
8
-8
52
-52
3
1
-4
2:0
1
-1
10
-4
-2
-3
2
-2
-1
5
-5
9
-9
1
-1
1
63
383
-353
-93
1
-2
28
-27
2
0
-3
0
58
-15
-43
19
2
-16
-4
31
-32
2
237
-27
-211
10
-10
0
20
-19
4
-6
4
20
-23
34
-34
31
-32
7
-7
4:0
3
-3
3:0
1
-1
8:0
1
-1
28:0
1
-1
22:0
1
-1
5:0
1
0
1
4
-6
12:0
1
-1
6:0
2
0
-2
2:0
3
-2
-1
6:0
1
-1
1
-1
1
2
-3
4
-4
8:0
1
2
-2
0
-1
4:0
1
-1
0
1
-1
4
-4
14:0
1
-1
3:0
2
-2
2:0
1
-1
2:0
1
-1
1
-1
0
2
-2
2:0
1
-1
3:0
3
-3
1
-1
4:0
1
-1
2:0
1
-1
1
0
-1
5:0
3
-3
0
1
-1
2:0
3
-3
3:0
4
-4
3:0
3
-3
3:0
5
-3
-2
0
5
-5
7
-6
-1
2:0
2:1
-2
1
0
-1
6:0
2
-2
3:0
3
-3
1
-1
5:0
1
-1
4:0
4
-4
6:0
1
0
end
