v1
722
130
77
90
20
52
161
45
168
2:111
15
249
2:52
87
14
25
9
2:13
26
395
49
119
110
104
103
234
1
38
19
56
22
28
37
81
205
169
47
121
50
115
59
45
220
30
258
140
17
205
85
79
29
111
66
242
79
72
106
26
128
15
180
160
111
121
208
96
10
73
30
33
58
22
118
126
41
27
109
0
24
48
105
13
180
25
42
94
96
88
61
60
96
28
17
9
322
4
19
21
33
102
31
225
179
98
14
53
37
2:5
143
20
83
73
53
33
194
63
79
48
9
139
93
0
242
211
217
30
154
82
31
97
12
159
297
6
128
16
18
30
26
27
44
300
33
76
6
262
98
59
67
124
56
33
69
10
47
31
154
191
41
28
247
117
64
1
82
26
61
7
57
99
171
10
29
30
55
61
153
17
108
87
130
37
27
28
143
185
409
7
8
110
217
59
275
59
50
64
392
118
143
51
44
250
59
50
170
2
116
7
72
109
27
13
11
5
45
4
2
32
25
13
8
9
7
19
6
17
7
1
46
2
3
14
7
103
7
13
4
118
62
11
9
74
40
5
2:7
6
53
5
30
1
34
38
3
16
38
17
14
71
42
118
105
269
72
1
78
215
225
98
62
35
8
211
110
86
218
10
33
6
116
77
27
110
70
54
30
91
35
106
85
87
14
41
25
65
166
3
146
272
15
156
52
180
22
31
10
153
136
10
36
2
83
70
229
3
38
309
207
12
127
5
43
10
40
655
33
70
301
71
12
10
367
56
109
2
181
93
5
88
1
75
18
32
6
41
751
194
25
221
33
232
6
55
19
53
37
11
27
19
3
16
19
69
7
8
147
11
0
29
48
25
85
17
204
14
206
241
87
75
2
77
4
20
39
143
2
38
45
47
278
44
75
100
70
121
8
11
31
1
72
14
26
0
105
146
51
36
2
100
54
47
31
28
2
55
72
20
2
86
122
31
59
5
20
3
104
89
3
2
151
54
52
312
41
45
38
9
29
17
55
42
33
11
31
34
92
31406
22
9
43
39
3
53
13
57
29
22
31
13
1
30
37
48
69
19
76
1
7
14
98
36
8
13
9
12
1013
127
68
87
5
19
71
43
123
15
3
43
4
3310
2211
2
326
1553
2370
703
691
1376
2464
5117
1097
2138
2650
1553
1245
6574
383
3
790
830
5297
3
2182
816
925
2146
1378
2
4
8078
7
2814
14
882
943
15
2466
1997
3146
1
8
10
5
1
1427
119927
1
3543
1
1735
5982
0
24
26
47
4
9413
28772
3639
10
18
4
72
39
52
81
35
1
20
89
5
16
6666
2953
45012
731
33
17
82
112
72
7
2
27
18
38
1
71
27
64
1
5
12
27
10
2:3
5
2:2
11
2
726
29
196
7825
4975
5840
2294
3093
10208
7893
87
575
238
1352
78
167
372
523
665
436
532
2
3
5
1
16
9
22
3
41
2
10
30
55
2:4
31
9
28
3
1
43
27
20
4
5
1
30302
1513
8273
103
179
176
11
58
31
89
0
511
0
125
1
13
241
32
23
85
202
24
253
9
23
1
33
18
41
61
42
47
41
10
34
0
173
431
57
37
19
7
10
28
10
73
14882
2049
13
9722
2:1
149
13
1
101
14
28
62
-488307
2364
4550
723
1944
10977
2772
2497
1261
584
1213
4613
32117
369
20629
226652
11056
91299
2112
41548
1074
139
1416376200
699:0
2
21:0
3
104
-106
7
-6
-1
1
20
-21
22
-19
529
-510
-21
0
-1
8
-5
351
-355
3
-2
1
2352
-2344
1
-7
304
254
-556
36
2587
-2627
0
10
1338
-1349
0
5
2:-1
4
58
-64
8
41
-50
8
-4
-3
17
-16
6
-9
89
-89
1
5
-3
2
260
-258
-6
56
27
-82
0
9
6
-13
4
36
-33
231
-238
12
56
-50
-11
1
52
-63
12
-5
-8
3
207
-204
4
32
-40
-1
31
-30
-1
9
156
-148
-15
106
-96
1
93
737
-841
5
33
-36
-1
-2
16
27
10
2
-56
2
38
-38
16
212
-211
-2
-14
7
0
-7
-2
11
-10
1
-3
2
-2
5
126
-129
10
398
-409
-1
3
-4
8
-7
8
25
-21
-11
-1
51
-49
1
5
-5
93
-94
5
99
-104
-3
9
-7
92
-93
80
-48
-33
0
1
5
31
-36
2
26
6
-14
-18
16
-19
15
-13
57
556
-601
8
-14
955
-956
-6
6
1495
-1501
2
0
141
75
-218
4
-1
313
-309
38
-36
-4
55
-48
54
-64
-3
27
-23
-3
7
-4
-3
0
32
-16
-15
17
15
-30
-1
-2
3
0
-2
1
-1
2
2:4
-7
33
24
-62
2
4
142
-80
-22
-45
2
328
-251
-77
29
-29
5
-5
-2
4
2
-5
54
-50
-6
7
-4
32
-16
-17
7
152
-160
0
10
-6
10
1
26
-41
4
46
-49
12
165
-177
88
69014
-69096
7833
-7713
-125
10
-12
4
53
2237
-2286
-7
251
-228
-21
16
2227
-2239
-5
28
-22
2:-1
113
-116
-3
-1
3
4
-7
4
139
-134
39
622
-564
-104
81
-80
133
-133
4
2:-3
5
0
-3
1
5
-6
53
10
-64
19
16
14
-47
7
5
1
-13
-4
11
7628
-6717
-922
17
-10
-4
-3
1
5
8
14
77
-102
-2
18
-18
1
2
358
-360
2
-1
5
88
-95
437
12193
-12626
1
49
-55
0
16
-15
144
80
-223
2
-2
-1
2
23
-20
4
-5
-3
614
-616
0
8
-6
79
-78
17
398
-410
2064
6230
-8299
13
-11
16
-10
0
-8
-3
12
-11
72
-52
8048
-8011
-57
0
1501
-1501
22
-8
-13
109
-111
3
16
577
-576
24293
-24303
-6
28
-18
11
7
-29
-1
0
2:-1
13
-7
-2
-1
1
2:-2
15
415
-430
1427
-1310
-87
-12
-9
-8
1
8
-10
139
-133
-1
-3
4
24
-29
26
-24
123
-111
-14
0
1
74
774
-843
-7
57
-53
11
1
-15
2:0
42
-37
-5
82
-65
18
-23
-5
17
13
-38
727
-692
-29
-6
1
38
-36
2
-2
873
4231
-5105
0
8
682
-690
5
-5
3
-2
7
30
-36
-3
37
2
-36
-2
-1
0
3
20
-11
32
-38
-6
1
26
-27
12764
-12760
4
24
-30
0
6
68
-68
2
0
334
-341
26
-27
2484
-2481
41
5
-50
1411
-1387
-14
-12
3
4
9
7
1795
-638
-1175
0
-1
445
-445
-1
19
-22
2
55
-56
6
108
-113
10
33
-29
-13
2:-1
3
24
8
-12
-13
-7
-3
8
18
85
-89
-18
2
-7
1
2
-1
5
-4
0
-1
137
-103
-23
-12
14
-15
60
-35
-20
11
34
-40
4
-12
2
11
-15
16
-15
1
11
-10
22
-20
-4
1
22
-16
2541
24930
-25036
-2400
-35
26
-7
-8
861
-868
-11
69
-61
29
68
-105
8
23
-18
-3
-7
3
1260
-1086
-56
-122
-2
605
-340
-203
-51
163
383
-537
36
17971
-17332
-652
-41
12
-8
1506
-1511
24
0
-25
2
20
-23
2
59
-45
-15
173
-172
19
-8
2
188
-81
68
-190
2
1056
-1047
173
-162
207
-229
21:0
1
5:0
1
0
-1
1
-1
7
-5
-2
2:0
1
0
-1
4:0
92
-92
1
-1
1
0
-1
6
11
-16
-1
0
3
-2
-1
0
23
-23
3
-2
-1
1
-1
0
2:1
-2
1
-1
2:0
9
-9
0
1
-1
0
1
-1
1
-1
5
-5
2:0
1
-1
3:0
3
-2
2:3
-7
2:0
1
-1
4:0
1
-1
0
1
-1
1
-1
1
-1
1
-1
4:0
3
1
20
-24
0
1
-1
3:0
4
2:-2
2:0
3
-3
4
-1
-2
0
1
-1
0
-1
2:0
1
0
-1
3:0
15
-14
-1
2
2:-1
1
-1
3:0
4
-4
2:0
5
-5
1
-1
0
8
-8
0
1
-1
0
1
-1
2:0
1
-1
7:0
1
-1
2
-1
0
-1
1
-1
4
-4
0
3
-1
-2
2:0
1
6
-7
1
-1
23
-20
-3
2:0
3
-3
0
2
-2
49
-49
1
-1
0
1
-1
0
1
2:0
-1
2
3
-5
2
9
-11
2:0
2
-2
3:0
2:2
-1
-3
0
4
-4
0
2
16
-7
0
-11
0
34
-22
-12
1
-1
3
0
-3
3:0
4
-4
0
1
-1
4
-3
-1
1
8
-9
0
1
0
2
-2
0
-1
0
2
-2
1
30
-31
5
947
-952
73
-55
-18
2:0
1
4
-3
1
-2
4
2
-7
2
-2
1
0
-1
4
-2
-1
9
-9
-1
2:0
1
-1
0
11
-11
0
96
-95
1
3
-5
19
-19
2:1
-2
6:0
13
-4
-9
2
1
3
-4
1
3:-1
2:0
203
-163
-40
2
-2
4:0
2
3
2
-7
0
4
-4
2:0
36
-36
2:0
1
11
-12
1
181
-182
0
8
-8
0
4
-4
2
24
-26
5:0
2
1
-3
0
30
-30
3:0
12
-12
1
3
-3
63
127
-191
2
-2
2
-1
0
-1
1
2
-3
2
5
257
-245
-19
0
87
-87
3
-2
-1
9
-9
1
17
40
-58
1057
-1055
-2
3:1
-2
0
-1
3:0
4
-4
5:0
1
40
-41
106
-96
-2
-7
-1
4:0
1
-1
3
-3
1
13
-14
4
-4
19
-18
-1
2:0
12
114
-124
-2
7
-7
0
4
-4
2:0
7
-6
-1
34
-31
2
-5
1
2
5
-8
12
-1
-10
-1
0
7
-7
2:0
37
89
-126
2:0
22
-21
0
-1
3:0
4
2:-2
13
2
-14
-1
2
-1
1
2:-1
1
0
-1
0
1
-1
117
-117
1
3
-3
-1
3
10
-13
3:0
1
0
-1
387
-387
6
-4
-2
12
-12
0
2
-2
3:0
5
47
-52
2:0
2
-2
0
6
-6
0
5
-5
4
-3
0
-1
12
-9
-2
-1
2:0
10
-9
4
-3
-2
0
3
1
5
-7
4
-5
-1
3:0
3
-2
1
-2
10
-8
0
-2
1
-1
9
-3
-4
-2
7
-6
0
-1
0
3
-1
0
-2
3:0
2:1
-2
1
5
-5
162
426
-430
-158
-1
5
1
-4
123
-124
-1
2:0
7
3
-10
1
3:0
-1
0
133
-66
-67
2:0
27
1
-18
-8
8
-10
0
7
271
-223
-50
-5
2
0
9
-11
10
0
-10
0
5
-4
0
-1
3
-3
14
-14
0
3
-3
2
3
2
-7
0
9
-9
17
-17
13
-13
7:0
1
-1
5:0
1
-1
5:0
end
