v1
870
279
0
216
74
174
79
50
357
52
115
24
48
52
180
264
119
51
28
109
6
357
1
38
19
56
7
15
28
118
263
233
46
83
82
3
56
152
113
75
111
29
73
140
297
22
103
170
89
70
32
21
181
275
154
186
111
22
155
248
10
334
128
39
81
97
135
35
158
67
70
25
88
95
121
96
54
98
268
166
46
18
142
19
277
78
26
5
61
87
20
156
7
79
257
79
48
9
139
93
62
180
211
44
160
303
68
19
188
148
149
134
90
8
15
9
79
293
233
209
161
178
69
57
31
246
99
127
412
67
60
1
7
166
0
55
145
55
30
129
0
210
213
0
41
55
58
35
138
51
46
53
24
64
18
246
4
7
271
27
2
94
275
16
43
50
119
57
211
270
60
51
44
170
80
59
76
146
123
181
27
29
12
16
17
6
32
25
18
12
7
19
6
17
7
1
46
2
120
27
4
13
105
73
9
2:1
72
9
31
5
2:14
50
65
38
57
17
14
113
118
203
244
78
95
120
0
225
195
14
205
0
39
71
63
160
81
10
33
6
24
92
104
42
138
54
30
31
60
35
106
85
142
198
58
3
146
5
267
15
129
79
196
23
14
0
299
10
38
66
17
70
229
41
423
38
47
27
168
50
758
15
184
102
71
12
10
367
165
2
24
42
115
56
37
93
1
75
50
6
319
3
633
31
17
229
12
21
47
45
54
80
6
80
122
6
3:19
69
7
8
147
40
158
125
57
53
599
12
72
9
20
184
8
322
85
37
47
28
100
17
53
121
8
11
32
86
62
237
29
38
100
54
47
55
6
147
88
153
39
20
5
20
3
104
51
38
5
151
54
52
122
22
50
119
38
2:47
63
44
111
34
67
31426
5
22
9
43
112
135
44
1
172
2:38
1
119
36
8
22
1050
30
72
68
92
19
57
14
65
101
18
47
3310
2211
328
1553
2054
1019
2067
6578
1002
1
1097
2123
15
2650
7
9748
3
790
8309
1744
3524
2
8082
14
3703
943
34
2447
5144
6
2
8
2
5
1
1427
3523
11948
91358
13098
1
3543
1
7708
8
25
73
9417
28772
3639
10
22
26
7
130
4
87
46
53
36
5
16
54631
781
109
67
90
7
2
15
12
18
39
18
55
89
2
16
27
0
10
2
11
2
11
2
726
29
32
95
63
6
20934
3093
1178
9030
7977
3
575
441
44
1183
539
334
189
665
436
330
202
2
1
2
2:11
30
1
41
3
42
10
36
13
4
31
6
3
22
6
3
1
43
47
4
6
30302
9786
218
64
176
69
120
49
22
565
1
309
85
202
24
111
142
9
24
33
18
41
61
42
52
36
14
30
245
359
57
37
19
7
10
38
7
14882
66
2049
13
9722
2:1
162
1
101
14
23
12
19
4
32
13
-488517
152
2:45
208
117
89
22
139
169
14
215
0
45
81
708
30
28
195
40
81
195
38
137
0
166
521
109
190
82
314
134
495
397
6
26
259
73
34
0
98
52
316
67
30
198
174
126
40
226
782
231
314
180
1
156
82
37
91
20
375
19
186
436
516
202
42
59
79
414
55
420
138
188
106
591
863
229
166
374
38
191
383
189
7
369
483
58
559
733
78
43
682
110
18
127
197
113
122
31
30
1
21
8
232
104
17
52
167
40
68
18
34
0
20
0
140
25
509
243
265
64
11
71
1103
586
127
31
103
96
28
161
624
345
614
126
25
148
20
4
47
225
41
217
1146
601
27
30
85
79
751
119
106
220
58
146
62
38
272
20
119
129
954
375
141
26
389
123
163
0
13
4
2
210
73
39
88
130
21
65
43
20
891
86
102
1
107
41
74
9
93
23
54
48
107
27
31520
3
114
38
26
156
124
2
28
214
1030
115
454
7740
5485
12021
17030
7879
8051
34
2814
14
4306
474
511
1037
3122
5017
127673
41843
39
2:23
15
56
61
16
147
56
55349
183
94
187
15
79
19
103
3
755
149
3514
9355
5840
18846
6894
1039
55
1715
5
134
3
41660
0
533
528
13
345
420
87
14797
33
87
102
12033
1416778800
599:0
1
269:0
10
1
2:-2
44
7
-55
22
5
-27
140
73
-205
-6
242
6117
-6361
0
16
-8
35
-18
-25
96
11003
-11095
11
524
-535
9
-12
0
311
-308
4
10
-18
1
3
-2
0
59
-26
-34
4
16
70
-83
16
-22
8
-7
2
17
100
929
-1051
5
-2
21
-11
-8
51
-46
16
-22
3
-6
127
-98
3
4730
-4753
-10
85
-85
8
30
-27
-3
-4
136
2791
-2928
-2
2
10
261
73
-347
11
-9
27
-3
-22
4
1
-2
-5
53
-46
307
-308
-2
-3
0
-1
383
-344
-38
58
-58
0
12
-15
19
20
-35
140
-135
717
-429
394
-687
-1
0
88
-80
-11
32
-22
106
-109
0
18
4
-27
11
-6
1
11
-14
2
31
-24
-12
79
-78
-3
41
-24
-4
51
-63
22
-18
216
-214
-6
2
697
-485
-178
-34
9
1
76
-84
43
-35
339
-351
3
260
132
-373
-20
6
34
-39
5
32
-36
6
7
202
-217
29
-24
64
-54
-15
8
17
59
-78
8
12
26
1
-49
80
-76
980
-954
-27
76
-75
-3
0
127
-133
58
453
-437
-63
25
333
-366
294
-266
86
-106
130
32
1
-104
-44
-20
0
-1
-2
396
-396
8
79
174192
-174144
6244
-6352
167
-161
38
-55
10
845
-838
5
-42
210
-124
226
-309
15
85
-96
-5
18
40
-57
-2
7
-8
5
3
30
-38
318
-307
84
-85
83
114
-196
-9
21
-21
0
-3
78
-77
4
103
-107
2:7
-12
67
-65
5
21
-21
-7
42
-36
25662
-19063
-6542
-63
4
-6
25
-24
20
94
-105
10
-14
-5
2
23
-10
44
103
384
-546
1
-2
563
-550
47
67092
-67131
-20
155
30
728
-907
9
92
-102
-5
4158
-4110
-46
2
125
376
-500
53
-59
69
-39
29912
-22801
-7107
-22
-12
0
8
64
22
53925
-53914
-100
11212
-11165
119
-162
-6
47
1761
-1801
14188
-14198
21
-13
38
-44
140
-141
-1
3
0
6
21
-21
13
-20
-2
17
1647
-1664
235
5031
-5178
-1
-85
-2
27
695
-705
163
-181
4
-4
404
1292
-1640
513
-564
7
58
-7
-57
115
-95
-12
-13
518
-458
345
-328
-9
1158
1489
-2707
38
375
-419
-3
6
-1
-5
1842
4555
-6375
250
-270
5
-7
4
49
10
-62
4
3
-3
20
-24
2:0
44
-43
46762
-46741
163
-106
-77
2:-1
7
-8
42
147
-178
-8
327
-44
1862
-2144
39
-33
465
-464
5
-15
14
-12
10
-9
368
569
-484
-457
8
26
-33
170
-167
12
-6
28
-21
21
3
4168
-4207
1
16
-12
0
62
-57
-7
142
-107
-25
-12
9
-4
-8
22
-21
2
10
-3
38
-32
59
132
-207
6
67
-53
-9
46
-19
77
-109
1355
-1333
79
-97
13
-12
50
31
-87
-3
19
-13
10
-17
23
11
-28
-3
3
4776
33523
-27369
-10924
14
-4
774
-783
-13
6
101
-35
-65
2:-2
46
3519
-3117
503
-718
-131
-104
2
226
5242
-5461
4877
541
-5377
-48
41
-27
42
-56
63
98
-130
-32
-1
297
-296
33
389
-423
7
10
-16
36
-20
1407
-1385
5696
-5698
33
512
-579
0
-3
0
545
-529
-20
1
-1
2:0
1
-1
1
0
1
-2
-1
0
1
2
-1
1
-2
2:0
-1
3
-1
-2
0
1
0
2:1
0
-1
-2
1
0
2
2:-1
0
1
2:0
-1
3:0
1
-1
1
-1
1
-1
2
-3
2
-2
0
2
0
-1
2:1
-3
2
2:0
-1
1
2:0
-1
1
2:-1
0
3
-2
1
-2
3:1
-1
-2
1
-1
2
-1
1
0
-2
2:1
-1
2:0
2
2:-1
2:0
-1
2
-1
0
-1
5:0
1
0
1
3:0
-2
2:1
2:0
2:-1
2
-2
3
-3
2
-2
3:0
1
3:0
2
-3
1
-1
1
2
-2
0
-1
2
-1
0
-1
2
2:-1
1
2:0
1
-1
0
-1
3:0
1
0
1
0
1
-3
2:0
3
-2
1
0
-2
0
2
-2
4:0
2
2:-1
3
-1
-2
2
3:0
2:-1
0
2:1
-1
0
1
-2
0
2
2:0
-1
3:0
-1
3:0
1
2:0
2
-1
1
0
-2
0
2
-3
1
2:0
1
-1
0
-1
0
2
-1
1
-2
2
0
-2
1
0
2
-3
3
-3
3
-3
3
-1
0
-1
2:0
-1
2:1
-2
2
0
1
-2
-1
2
-1
1
0
2:-1
1
-1
1
3:0
3
-3
0
1
3
-3
2
8
-11
0
10
104
-114
3:0
1
2
-3
10
3
-13
6
2:-3
2:0
32
-32
1
-1
3
-3
4:0
8
-3
-5
2:0
11
-11
1
-1
0
1
-1
0
1
4
-5
1
0
6
-7
0
11
-11
2:0
1
-1
11
-10
-1
0
2
-2
3
-3
0
4
-1
-2
-1
0
38
-36
-2
0
2
-2
10
-10
1
-1
10
-6
-4
2
2:-1
1
-1
0
2
2:-1
2:1
-2
18
-17
-1
8
-8
2:0
1
0
3
-4
14
-14
21
-14
-1
-6
3:0
1
0
-1
0
4
-3
0
1
-1
2
-3
2:0
3
-3
0
2
-2
0
1
-1
0
3
-1
2:0
-2
2:0
17
-17
2:0
37
-32
-3
-1
2
-2
-1
0
1
-1
3
-3
0
80
-78
-2
2
-1
9
-10
3
-3
0
3
1
39
-43
2
-2
1
7
-7
2
-1
8
-2
2:-4
8
5
-13
25
-21
33
-35
-2
12
-12
0
2:3
-6
5
8
-9
-2
3
-4
2
7
-9
11
-8
6
-2
0
-2
2:-3
1
0
-1
64
-64
1
10
1688
-1697
115
-117
24
-22
-2
8
-5
-2
0
7
-7
4
0
2:-2
3
12
-13
-2
0
14
-13
-2
2
-1
3
0
4
-8
72
-70
1
9
-1
2
-6
-7
2:0
2:1
11
-13
1
20
-20
2:0
1
4
-3
-1
-2
0
1
44
-45
536
-425
-108
-3
2:0
2
-2
2
7
-9
6
-6
2:0
3
6
1
-10
30
-26
-4
1
21
-16
-5
370
-362
-7
4
-6
37
-36
0
-1
6
-5
49
-49
-1
2
28
-30
0
6
-5
12
-7
169
162
-330
-4
-3
2:2
-2
7
612
-606
-14
83
-80
16
-19
-1
48
25
-69
1231
-1233
-2
0
5
-5
2
1
-2
-1
3:1
-2
1
0
-2
8
164
-172
1
182
-167
0
-12
-3
9
11
-20
55
-56
0
1
29
162
-182
23
-33
0
13
-11
-1
13
-14
5
-5
66
-59
-2
2
19
2
4
-32
3
26
-29
4:0
34
139
-173
7
-4
-3
0
6
13
32
-51
2:0
3
-1
0
-2
0
1
0
212
-213
5
-2
-1
-2
2:1
-2
3
23
-26
2:0
28
401
-428
4
-5
11
-10
1
0
-2
1
2:0
8
74
-81
-2
3
13
-16
15
-15
9
-7
-2
11
6
-3
-14
2:0
15
-15
0
14
-12
0
9
-4
-5
3
-1
-3
-1
2:0
4
-2
-1
4
-4
17
-4
-14
2
13
-12
0
4
-4
-2
-1
8
-6
3
-3
-2
0
1
5
-5
-1
3:0
4
-1
4
-6
1
-1
184
586
-536
-234
5
-3
171
-172
-1
0
17
-9
-7
1
-3
1
95
26
-89
-16
-6
-9
-1
12
35
-44
383
-90
-297
1
15
-16
2
-2
24
-23
4
-5
2
7
-9
9
18
-27
0
2
2:0
4
19
-16
78
-86
0
50
-50
0
-1
0
22
-19
-3
0
1
-1
5:0
1
-1
3:0
1
-1
27:0
1
-1
1
-1
2:0
2
-2
6:0
1
-1
0
1
-1
2:0
3
-3
8:0
1
-1
1
-1
2:0
1
-1
11:0
1
-1
13:0
2
-2
0
1
-1
0
1
0
-1
9:0
1
0
-1
3:0
1
0
-1
0
4
-4
2:0
3
-1
-2
2:0
1
-1
6:0
2
-2
10:0
1
0
-1
5:0
1
-1
3:0
1
-1
9:0
1
-1
0
3
-3
19:0
1
-1
2
-1
0
1
-2
14:0
2
-2
6:0
1
-1
5:0
1
-1
2:0
2
-2
2:0
1
0
2
-2
-1
8:0
end
