v1
667
235
340
9
148
11
76
410
31
1
20
139
14
4
0
30
268
82
0
97
49
66
16
37
22
66
83
20
123
67
171
57
56
7
15
28
458
4
198
91
74
340
272
104
36
7
10
509
66
159
83
79
0
118
120
94
466
22
79
334
103
33
76
23
253
13
160
48
298
67
244
34
217
54
345
21
166
58
121
46
443
4
87
96
80
12
30
44
203
54
79
93
83
113
85
61
37
59
45
166
44
160
43
260
267
8
259
134
54
74
192
212
344
98
126
37
156
20
69
57
31
144
1
101
496
36
64
24
18
135
123
243
55
369
125
2:92
16
77
82
208
354
7
271
123
275
16
33
60
64
55
43
121
104
270
111
294
134
147
116
7
181
26
30
12
16
55
43
12
5
2
19
6
2
22
0
1
46
2
24
123
3
1
103
15
36
26
11
9
12
50
12
40
5
14
6
8
50
61
4
3
35
3
16
55
245
74
11
58
283
14
6
1
78
95
120
94
0
131
98
97
31
188
110
302
2
10
33
6
116
104
180
54
30
91
141
85
101
41
59
31
169
114
32
5
131
136
15
129
27
232
16
37
112
187
33
15
153
229
41
461
47
20
175
808
301
76
0
17
176
136
55
50
0
6
66
43
2
24
42
301
1
75
50
6
319
592
44
1
18
4
254
33
30
202
46
34
53
69
6
29
9
0
19
69
7
8
147
40
48
110
0
125
110
194
145
270
0
2
81
20
182
2
360
52
40
175
70
121
8
11
32
43
31
2:6
23
22
63
169
51
38
100
54
35
12
3
58
35
112
88
153
59
5
23
104
89
3
140
119
102
97
98
128
2
0
18
46
115
57
34
77
14
31402
5
22
9
12
31
9
86
66
47
39
44
85
69
19
76
120
36
2:4
22
986
81
67
18
179
71
166
18
3357
2211
328
1553
981
2783
1376
7580
1
344
753
2138
2650
9755
3
790
830
4874
3424
3064
1382
3
2
4
10
8046
29
2
1
2825
882
943
15
2453
13
474
1523
3147
14
2:2
5
1428
3523
103306
16642
1
7741
73
9417
32310
69
42
20
2
121
42
44
61
11
1
20
16
56
0
17
2:5
11
0
9619
45012
781
109
38
119
9
24
3
18
10
28
0
1
18
53
91
1
17
27
0
13
12
11
2
1
725
7
22
20
176
3445
17489
0
3093
1178
3879
5151
7977
3
978
82
1183
539
333
855
968
2:2
1
22
0
9
0
19
2
1
86
10
17
32
4
31
3
34
3
1
36
6
48
4
6
30302
1513
8273
282
176
100
89
533
103
1
13
69
227
70
15
202
24
253
9
23
1
33
18
41
61
89
17
19
5
14
30
0
488
173
37
19
17
38
14794
11
150
52
2010
9722
2:1
149
13
1
12
60
43
23
0
7
24
36
-487078
39
444
2428
1147
1661
683
341
516
1324
3832
2155
2063
694
127
3145
39
150
159
531
91
218
595
1110
165
941
713
548
42
97
849
240
537
909
519
1369
181
422
1245
32121
573
9345
2048
15086
17838
15530
6199
11061
169639
327
11056
44448
238
25309
12212
6789
1352
906
1335
40922
191
604
440
213
196
878
38
1416416400
599:0
1
66:0
33
-29
15
-9
-6
-3
23
-18
0
1
8
3
-16
0
6
-3
18
1
-23
-1
10
-9
2333
-2328
-5
1
-1
27
-22
32
248
-124
-137
7
158
-73
-116
8
-7
8
-4
20
-25
135
-132
-4
10
99
-104
-4
1
0
43
-43
268
-183
-63
-23
36
-36
328
-326
2
-4
34
17
-48
-3
19
-11
-8
0
5
41
289
-217
286
-404
1786
-1786
79
-75
1
6
-11
13
14
-23
2
-6
14
-11
68
-71
1
0
2:3
-7
5
2
-6
509
-486
20
-42
16
-18
3
1
245
-248
464
-461
682
-682
238
-232
37
-45
-1
9
-7
-3
3
7
-2
36
-10
-33
2
-3
41
-29
38
223
-271
41
2:-21
2
2:1
150
-136
28
-46
1
-2
6
79
-31
-54
2
41
93
-135
1
-2
4
6
-8
-1
6
0
35
-24
7
-23
16
-17
3
-4
1
0
14
-7
4
-10
45
-35
95
-107
15
-15
1
53
389
-443
277
-230
-46
-1
95
-93
0
3
-5
536
-525
-9
0
1
15
26
-44
7
-7
2
4
-6
56
-46
36
7
-52
0
10
-11
12
185
-194
386
-386
10
72495
-72502
5475
-5355
-126
6
39
2143
-2135
-26
592
-530
193
-282
2
27
-27
11
-12
1
3
3899
-3902
0
15
1911
-1926
6
20
-17
223
-229
62
1443
-1510
53
-47
-2
122
-22
-103
0
38
-39
0
6
1
0
-2
-4
38
-36
5
-6
4
5282
-1178
-4097
-13
9
-8
1
-3
25
7
34
-54
-8
-2
-1
20
-19
144
618
-749
-7
1
65
118
-170
41
102032
-102074
-13
2:0
-2
158
-160
-3
1
0
9
6
-10
-6
296
-296
2
221
-202
-4
1
1831
4236
-6017
-67
-1
0
14
-15
2:3
-5
24
-14
9
18054
-18067
6
-12
5086
-5085
39
65
-71
91
823
42398
-43341
-2
-3
3
-3
0
8
-6
4
-5
0
11
-11
2
9
516
-528
1
47
4724
-4707
75
-131
-7
-1
0
3
-4
6
196
-183
-17
100
107
-52
896
-985
-60
1192
-1199
0
-1
25
63
-69
154
-164
4
463
60
-462
-63
-5
77
-80
1
-4
11
817
439
-874
-390
80
-80
-3
114
19
-133
2:13
-26
2
2:0
-3
3
589
-584
1
78
-82
1
2
-4
3
-6
0
37620
-37587
-19
-12
39
-39
358
-100
-249
4910
-4893
-8
52
-72
207
-207
2
0
-2
3
11
-12
73
-74
0
68
1905
-1972
-1
1
-1
2
11
40
-54
122
-118
-3
13
-12
9
-4
0
43
-44
-2
-4
0
10
13
-3
-17
32
54
-88
4
0
-2
62
-51
-14
7
2:0
-7
1
3
-1
13
143
-156
4
37
-38
-5
6
9
13
-29
2
22
-1
-23
1
-1
1
1250
-1191
-54
-6
4
-2
12
-14
1613
29398
-27416
-3594
0
7
3
147
-152
-3
167
-150
-18
6
-4
83
919
-895
-111
-1
1476
-1470
195
-146
-46
45
532
-359
-106
17238
-8950
-8367
-37
-2
0
-2
67
-19
54
8
-109
3
17
80
-91
334
-344
23
126
5
-144
-5
270
-231
-44
103
-51
-42
-9
169
-169
0
6
-5
55
-58
66:0
1
5:0
1
-1
0
1
-1
1
-1
0
2
-2
2
0
-2
0
1
-1
86
-86
5:0
2
9
-8
-2
4
-1
-3
-1
26
-26
1
-1
4
-4
1
-1
2:0
9
-9
5:0
1
2
-3
0
5
-5
4:0
9
-9
2:0
3
-3
4:0
4
2:-2
0
44
-44
2
2:-1
4
-3
-1
5
-5
4:0
2:1
-2
2:0
2
-2
3:0
3
0
1
-4
2
-2
2:0
1
-1
12
-12
2:0
7
-6
1
-2
7:0
2
0
-2
0
1
2
-3
0
2
-2
1
-1
0
1
0
-1
19
-12
-7
0
2
-2
2:0
3
-3
0
1
65
-66
2:0
1
0
-1
2:1
-2
14
-12
2:-1
1
-1
2
-2
2:0
6
0
-4
-2
7
-7
13
-13
9
-9
0
3
13
-16
0
8
-8
0
3
2
-5
2
-2
16
-14
2:-1
0
2:3
-6
5:0
3
-2
4
-2
-3
3:0
2
-2
0
60
-60
5
1073
-1078
98
-84
-14
1
6
-6
5
-4
0
3
-3
-2
0
7
-7
3
-2
-1
0
7
-5
-2
0
1
-1
0
4
-4
28
-22
-2
14
-18
2
2:-1
12
0
-12
0
3
-2
-1
3
-1
2:0
-2
5
-4
1
-2
0
256
-150
-106
0
2
-1
0
-1
1
-1
3
0
-3
4
-4
5
-5
0
58
-58
2:0
1
13
-9
-3
324
-314
-12
2
2:0
18
-20
1
-1
2:0
4
-3
-1
22
-22
0
18
-12
-4
-2
83
-1
-81
-1
2:0
1
-1
3:0
4
-4
4
435
-436
0
-3
72
-72
2
6
-2
36
47
1391
-1476
-3
-1
8:0
2
-2
2
1
72
-75
0
2
108
-106
10
-14
3
-3
0
1
-1
3
25
-26
-2
25
-22
22
118
-143
3
31
-34
2:0
2
15
-11
33
-38
2
11
6
3
-23
1
7
-7
-1
2:0
25
90
-100
-13
2:-1
0
9
-9
0
12
6
-18
2:0
1
-1
3:0
1
3
-4
2
-2
4:0
171
-169
0
-2
1
0
10
-11
1
260
-261
0
5
-5
6
-6
3
-3
2:0
2
-2
0
2
0
1
68
-71
1
0
-1
0
2
18
-20
4
-1
-3
2
1
-3
2:0
12
-8
-3
-1
0
9
-5
0
-1
4
-2
-4
0
5
-6
4
-4
2:0
3
0
-3
1
-1
2:0
11
-11
1
5
-5
-1
1
0
-1
2:0
4
0
-2
0
-2
0
3
-2
-1
0
2:1
0
-2
103
560
-556
-107
2:0
3
58
-60
-1
4
1
-3
-2
2:0
82
-42
-40
0
38
-38
27
-22
-3
1
0
-3
2
187
61
-248
-2
3:0
1
-1
25
1
-26
0
6
3
-5
26
-30
2:1
2:-1
1
10
-8
-3
2
-1
2:0
15
-16
2:0
2:2
-4
26:0
1
-1
34:0
1
-1
2:0
end
