v1
789
45
207
65
267
697
84
55
48
52
4
559
51
28
235
8
59
171
57
56
7
43
118
707
62
312
395
430
359
179
616
158
387
216
19
277
149
109
21
283
495
28
365
27
135
31
71
126
28
212
322
262
257
79
121
410
211
397
110
275
431
494
212
132
44
54
339
79
47
176
335
362
177
57
27
367
339
85
552
53
24
339
271
123
275
16
212
164
104
139
161
375
585
68
33
73
8
4
15
19
31
46
2
3
148
118
82
12
121
64
65
3
92
144
203
880
195
14
17
188
110
304
10
39
116
284
54
30
31
60
226
142
677
15
129
312
299
33
15
66
87
270
1005
506
384
10
176
191
165
2
24
250
94
75
50
1009
574
128
126
162
323
113
689
204
499
128
70
129
11
32
138
276
38
100
54
47
61
452
23
104
89
5
151
54
52
194
251
46
17
155
34
31493
5
321
44
85
69
215
36
30
1042
110
68
92
19
71
166
15
3
47
3310
2539
1553
5140
7581
1097
2138
2650
9755
3
9918
3064
1385
10919
882
943
34
2447
5162
5
124900
7741
73
9417
32411
10
22
26
7
174
93
89
5
16
55412
377
80
66
16
27
10
6
13773
8134
13301
8555
1668
539
334
1290
532
1
4
6
5
11
31
149
31
6
31
3
1
100
30302
9786
218
240
69
120
636
1
13
296
85
488
57
18
130
102
10
751
17
38
17004
9735
1
163
1
115
35
-488449
475
9
280
410
31
1375
135
42
646
205
19
553
147
24
355
140
66
1119
101
835
423
83
477
729
133
48
263
344
69
20
136
343
855
733
326
74
360
277
849
233
44
492
527
657
114
279
80
61
731
1046
286
412
116
92
29
83
6
34
8
136
123
195
83
73
216
256
105
38
304
173
120
385
462
204
2
44
267
454
425
61
146
5
1452
569
139
81
643
421
316
200
487
760
595
33
30
50
18
134
349
187
340
53
712
439
197
34
79
384
210
351
220
88
153
59
462
123
153
519
31443
9
43
261
203
84
58
1427
261
5586
2862
1389
703
14390
11691
13577
2
21818
119927
1
11311
38236
3669
44
2
119
4
315
10131
45301
17
157
7
2
27
57
232
11
2
38437
4729
3115
134
56
665
970
2:1
104
91
13
15
14
81
47
4
5
40371
436
612
41
509
24
7
246
33
92
103
132
245
416
169
14747
84
66
2062
9724
264
34
70
20
-487941
130
212
170
110
113
14
107
470
177
133
412
160
513
652
364
213
509
191
1420
273
267
87
538
132
484
54
109
2
307
289
98
163
207
363
422
148
167
1
711
324
584
1355
639
111
62
175
649
396
96
559
520
60
553
104
118
566
2
468
518
107
509
114
382
7
318
737
204
245
26
813
103
124
583
202
307
38
879
43
201
257
491
468
241
198
100
123
75
56
42
37
234
271
589
434
146
33
11
0
132
1307
346
42
143
59
670
6
37
45
86
73
360
34
22
373
107
243
205
112
168
83
40
10
68
58
232
31620
241
195
152
1233
309
17907
27078
1741
3530
10
8068
4675
2453
487
509
4161
0
5011
121647
6032
41943
6
250
80
11037
43632
772
351
245
750
29
25
9
111
44
25205
12281
5745
793
356
2809
92
75
40909
513
213
558
86
171
246
5
8
4
241
520
31
0
35
14938
11925
126
153
-487757
2354
114
391
2407
99
76
227
266
121
104
708
1058
17
151
372
973
719
138
988
489
738
944
28
127
142
937
433
332
278
963
665
45
724
79
447
28
172
740
135
1261
908
239
2458
1684
91
1365
402
94
273
38
76
1187
10
295
352
52
3
534
29
547
185
1100
139
384
31449
194
346
66
1250
784
19841
50396
108264
66480
44
55890
45
207
52
10
741
62
27
3581
39583
4180
138
14
40
102
31845
8831
89
49
967
505
953
94
27151
1416601200
299:0
1
199:0
1
188:0
2
99:0
8
0
24
-5
-20
4
5
10
-16
6
5469
-5473
10
-7
-4
5
17
132
2046
-2188
276
-283
-8
17
-17
-1
16
172
-165
-18
8
-7
4
-10
11
7
-15
-2
19
0
-17
17
-4
-8
8
-16
2
2075
-2069
18
-9
-15
359
-356
-4
264
-265
199
280
74
-396
-133
-17
-5
254
171
-424
163
-154
1385
-1396
22
-6
-15
1
2
312
-316
11
-12
2:1
599
-456
-141
11
-14
1
0
1
164
-161
334
-335
-1
21
650
-658
-1
-12
-1
3
8
174
-166
819
-833
227
-216
350
-368
20
-18
-1
19
-7
10
-11
-6
427
-409
116873
-108745
-8001
-143
13
417
-416
-9
-11
184
-167
0
-11
-5
11
-8
257
-262
342
294
-633
238
-217
-9
-13
3
-3
6
-8
4
17160
-11704
-5454
8
-9
422
-198
95209
-95426
-11
12
693
-338
-358
-7
4340
3079
-7402
-2
-19
16
-2
31285
-31283
3047
-1694
17351
-18489
-223
0
409
-254
-147
-6
1
-8
13
-7
1124
-587
2007
-2546
391
-397
-2
146
1247
-669
-714
562
-571
157
-19
-129
129
-133
1
-4
372
1428
-1342
-148
-312
1
574
1642
-1978
-238
186
-179
15
-3
-20
1
-2
2
25088
-25070
364
-34
-340
3736
-3734
10
511
-523
2:-5
2
483
1422
-1362
-536
-4
7
-12
10
7
170
-186
2
10
8
2440
-2318
-117
-24
0
20
-16
6
-11
14
-6
462
-471
17
-15
13268
34611
-42093
-5300
-472
-15
13
-1
7
-18
1166
-910
-248
3273
-2898
5774
757
3526
-10439
5
-7
174
-161
643
-655
184
216
27759
-28154
407
-403
-15
-1
39
-39
62
-62
35
0
-34
49
-49
0
100
-101
0
1
41
94
-8
-127
74
-74
0
-1
65
-64
2:0
-1
1
-1
73
39
-110
-2
0
1
-1
1
0
-1
1
0
-1
63
-31
-32
1
0
-1
33
-33
0
65
-5
36
-26
0
-70
0
33
26
52
-68
-41
-1
55
-55
-1
81
5
22
-108
2:0
32
-31
37
107
-143
51
-12
49
-53
40
-77
0
1
106
-106
61
-62
0
56
-19
-37
0
1
37
27
-1
9
54
-84
-42
72
-72
0
1
-2
0
109
3
-74
33
-70
0
-1
0
68
-11
-56
-1
124
-124
2:0
143
-77
2:-33
57
-56
51
-19
57
-24
15
-81
2:0
1
-1
0
1
0
-1
60
-25
49
-12
-71
0
32
0
11
82
-92
-34
61
-60
0
36
-36
36
99
-136
3:0
1
-1
50
25
-35
21
7
-68
1
-1
117
-13
-16
-12
26
-24
-32
18
55
-78
-2
24
-6
26
-37
-5
12
-53
119
-119
-1
1
-2
2:1
-1
0
-1
1
-1
1
-1
0
1
-1
3:0
1
2:0
-1
2:0
2
-1
2:0
-1
0
1
0
-1
0
1
3:0
-1
1
-1
2
2:-1
1
2:0
1
-2
1
0
-1
1
0
-1
1
-1
1
0
-1
1
0
-1
1
-1
2:1
0
-1
0
-1
3:0
1
4:0
1
-2
1
2:0
-1
2:0
1
-1
4:0
2:1
-2
1
0
-1
1
-1
2:1
-1
1
-2
0
1
2:0
1
2:-1
1
-1
1
-1
0
2
-2
8:0
2
-2
2:0
1
0
-1
1
-1
3:0
1
-1
1
-1
1
0
1
-1
1
-2
1
0
-1
1
0
-1
2:0
1
-1
1
0
-1
2
-2
0
1
-1
1
-1
1
-1
1
-1
5:0
1
0
-1
1
-1
1
-1
0
2:1
3
1
-1
0
-1
1
2:0
2
-2
-1
0
3
-3
0
2
-1
1
0
-2
2:1
0
2:-1
2:0
3
-1
1
2:-1
0
1
-1
0
-1
2:1
-1
1
-2
2:0
3
-3
2
-2
2
-2
0
1
0
1
-2
0
2
2:-1
1
0
2
0
-3
2:0
2
1
-3
1
4:0
-1
2
0
2:-1
3
-2
-1
2:0
2
-1
0
2:1
-2
1
-1
2:0
-1
2
0
-1
0
1
2:1
-1
0
1
-1
4
-1
-3
1
110
-110
0
-1
0
1
0
8
11
-19
3
-2
0
-2
0
1
-1
2:0
2
-2
6
-5
0
-1
3:0
5
-2
-3
0
3
-3
3
-3
0
47
-47
3
5
-8
1
-1
3:0
3
9
-4
-5
-2
2:0
12
-2
-11
4
-4
0
3
-2
-1
0
1
2
-3
3
-3
2
0
-2
44
-36
-8
1
0
-1
2:0
83
-82
3
-2
-1
1
-2
2
8
-2
0
-4
-2
22
-9
29
-43
1
3
10
-12
-2
1
-1
2
3
-6
0
3
65
-59
1481
-1387
-90
2:-5
-2
-1
7
-7
1
3
4
-4
-2
12
-14
44
-41
14
1
-18
24
-23
1
-2
3
0
2
-5
0
477
-347
-130
2:1
31
-23
382
-386
-6
6
20
-26
6
-5
143
23
-164
-3
6
-4
8
656
-662
100
-22
1048
-1125
-1
-2
0
2:-1
2
1
2:-1
7
111
-119
160
-155
28
-32
-1
30
152
-145
-37
10
-10
0
10
-3
39
-45
2
-2
3
25
-7
-9
-13
0
30
120
-139
-9
12
-13
19
-17
2:-1
1
3
160
-164
20
-21
8
344
-349
-2
7
-7
1
2:-1
3
72
-74
3
0
-3
-1
13
-10
6
-9
1
4
-2
20
-7
-13
1
-3
8
-9
3
-2
-1
2
4
-6
5
-5
178
687
-678
-91
-94
-1
1
7
-7
-2
125
-50
-73
30
-11
52
80
204
-357
2
-2
10
-3
33
-36
-2
12
178
-190
50
-52
4:0
2
-2
1
2
-3
24
-24
0
11
-11
2:0
2
10
-10
-2
16
-16
2:0
2
-2
12:0
1
-1
10:0
3
-2
-1
0
1
2
18
-21
3:0
7
-5
4
-6
0
7
-6
-1
20
-12
-2
-6
2:0
9
-9
1
3
-4
12
-10
-1
8
-3
-6
2:0
16
-16
5
-5
1
4
1
-6
2:0
2
0
10
-12
21
-20
0
27
-28
2:0
1
-1
2
13
-13
38
-40
3:0
2:8
-15
-1
41
-40
1
-2
46
-22
-24
0
2
-2
0
20
21
-36
-5
6:0
4
-4
3:0
31
-20
-10
4
-3
11
-5
4
-12
1
7
-8
0
7
-6
2
1
-4
5:0
1
4
-3
-2
19
-19
2:0
9
-8
-1
8
2:-3
13
3
-11
-5
1
-1
0
4
-4
4
-5
-1
10
-9
-1
16:0
2
-2
0
2
-2
22:0
1
-1
14:0
2
-2
15:0
1
-1
2:0
1
-1
27:0
1
-1
0
1
-1
0
1
-1
10:0
1
-1
20:0
1
-1
3:0
1
-1
6:0
1
-1
2:0
2
-2
1
-1
9:0
1
-1
6:0
1
-1
7:0
1
-1
2
-2
3:0
2
-2
8:0
2
-1
1
2:-1
1
-1
0
1
-1
2:0
1
-1
2:0
1
-1
1
2
-3
0
1
-1
2
-1
4
-5
2:0
1
-1
1
-1
3:0
1
-1
0
1
-1
2
0
-2
0
1
0
-1
4
-3
4
-3
-2
1
-1
5
-5
0
5
-5
0
1
-1
1
-1
1
0
-1
0
2
0
2
0
-4
end
