v1
773
317
415
11
486
239
350
146
119
51
558
56
22
28
195
181
284
11
154
324
288
140
7
300
219
66
159
494
15
154
37
61
199
34
0
233
304
80
285
160
346
406
92
64
420
135
31
163
62
710
86
257
79
93
438
45
166
44
126
144
83
110
275
32
399
494
212
176
54
126
213
69
57
121
571
223
135
623
167
54
200
27
28
93
194
85
259
113
394
275
228
10
154
104
133
137
155
250
274
367
12
71
43
4
15
8
11
23
8
46
2
3
117
7
20
4
13
105
11
62
9
74
40
19
64
30
35
3
92
17
14
231
85
26
336
2:85
3
120
225
195
329
304
10
33
6
116
146
138
54
30
91
141
85
142
259
146
287
740
10
38
153
270
712
799
301
460
56
109
183
56
42
89
63
12
50
325
577
89
247
33
226
6
80
128
57
69
15
147
40
48
235
110
3
336
108
245
20
82
102
452
175
70
121
8
11
32
74
340
38
100
54
47
61
89
38
20
88
153
59
5
23
104
89
3
2
151
54
52
199
113
124
9
46
206
64
31429
5
22
9
290
2
42
154
19
76
120
36
8
22
1152
68
111
71
166
18
47
3310
2211
328
1553
322
341
3101
1376
8678
2138
2650
9755
793
9128
4449
2
14
8077
3708
958
2453
487
1555
3133
5
1
1427
119927
3545
7716
25
73
0
9417
32411
10
22
2:11
4
206
68
16
73
5
88
10131
45131
78
109
157
9
15
12
28
29
18
80
82
27
10
2
1
10
2
11
32
13721
8134
13301
3251
4726
3
575
485
1183
539
422
101
665
766
202
2
1
2
0
22
13
16
2:1
86
94
37
3
1
43
27
23
1
5
1
30302
1513
8273
282
176
69
31
725
1
13
296
85
202
24
253
2:33
18
41
103
88
44
245
359
57
32
4
1
19
17
25
13
90
14715
84
2128
9722
2:1
163
115
90
-488349
320
45
244
161
25
251
25
119
20
14
271
457
62
61
122
348
161
237
23
183
192
13
118
36
233
12
2:59
80
39
40
152
404
492
204
190
426
413
240
3
217
119
140
51
21
58
0
295
165
43
121
150
413
170
0
148
375
37
61
87
20
168
41
426
29
288
301
661
17
46
252
266
99
52
9
43
863
87
196
121
0
20
103
21
201
28
67
572
46
0
84
98
120
25
30
121
148
212
550
409
278
39
307
68
93
291
86
27
0
6
46
181
131
49
51
475
123
171
0
10
27
74
6
72
15
32
16
8
63
9
111
7
137
53
0
159
108
53
3
16
182
0
261
382
99
98
112
291
49
82
13
110
0
138
2
318
587
28
292
45
83
301
29
43
217
144
281
17
33
121
136
38
30
1
68
780
51
34
8
12
132
88
5
258
380
24
295
144
29
5
17
0
195
117
105
46
71
523
17
281
157
247
66
182
263
58
68
48
256
0
171
252
101
252
0
317
265
10
2
36
247
257
60
93
0
78
238
43
121
61
6
204
73
22
256
15
50
2
4
30
7
150
287
652
119
40
53
19
27
56
98
48
9
111
46
31103
507
0
33
67
31
84
157
15
120
49
995
62
2
17
63
453
59
272
9491
703
9648
350
1454
2938
371
2744
7786
6494
5219
10698
47
3
4
0
2821
1825
3466
1012
3153
5499
11417
104457
5279
6060
38208
3646
23
35
130
0
4
101
13
72
57
9619
45743
526
60
42
26
31
695
7
22
133
63
7825
17380
17508
315
0
165
0
1187
245
706
132
1
1157
536
13
19
61
106
4
32
2
2:3
34
32
51
5
40316
438
1007
352
240
164
26
245
100
31
0
214
51
15128
2079
9842
92
0
104
7
5
19
1416341400
399:0
1
372:0
18
-9
4
364
-367
260
-254
3784
-3791
58
2656
-2676
247
-286
2:2
-4
32
53
-41
-31
188
-194
4
119
-120
320
-324
-4
-3
2
674
-671
0
3
89
-48
51
-75
18
95
-123
248
-262
4
150
-147
2547
-2555
33
-19
509
-453
-37
-17
539
-549
-6
3
15
-1
767
-714
-55
1
13
-25
262
-260
234
-229
509
-432
-47
-17
33
-32
-7
-1
-5
-6
66
-29
-41
13
274
-272
349
-361
14
-17
10
-10
83
-76
94
36
-81
-50
-7
93
-89
-5
13
-6
19
-22
128
-131
6
-6
27
-5
33
117
-160
28
-29
-11
588
-519
-61
929
-797
-141
578
-577
14
-14
8
59
-67
-1
22
-20
35
106
-94
-46
2
429
-431
116760
-116742
13940
-13817
-88
-45
29
2428
-2455
277
-272
1293
-1272
54
-75
-8
-9
571
-572
930
-928
174
-122
-44
-7
467
-467
2:-1
41511
-41505
7003
-7001
-6
612
-613
40
-29
-4
52
4
751
-816
423
-395
70797
-70806
-9
52
383
-429
-14
-1
13
47
-59
449
-274
-161
2:12
3284
10179
-13394
-101
0
24
-16
33457
-33404
2970
-2974
-61
-3
133
-123
117
2506
18748
-21381
3
27
-1
-26
-4
6
-5
14
-11
13
-14
631
-634
317
3866
-4141
1
-42
1
234
-235
130
-129
122
2920
-3040
1221
-723
-494
108
-113
106
-103
46
201
-93
609
-631
-136
-1
43
47
-86
2829
477
-2577
-567
794
-949
28
-39
3
-4
3
604
-590
2
30972
-30932
-48
15
-17
62
-61
312
-302
0
4817
-4806
10
173
-192
-1
-9
-12
13
-6
15
1109
-1131
34
-25
3
20
40
-71
18
85
-103
29
-30
47
-30
-1
-6
-10
4
-3
52
31
-26
-55
1
9
-12
5
408
-396
-18
83
-74
-6
35
-23
8
26
-49
3
2
0
5
-7
11
-9
8255
-8221
-36
2983
37066
-36445
-3602
-3
10
-2
-7
484
-484
10
51
-7
39
-55
-21
1571
-1476
-112
1506
358
-1674
-175
56
-42
41501
-39323
-2181
2
995
-960
-48
-10
10
-15
46
-49
171
-161
7
612
-629
49
-41
3
-1
423
-360
292
-180
-8
-184
4
2
-4
-2
1
-1
1
0
2:1
-2
0
1
2
-3
0
4
-4
4
-4
1
0
3
-3
4
-5
-1
2
-1
0
1
-2
1
3
-4
5
-4
4
-5
0
5
-5
1
2
0
-1
0
2
-3
2:0
2:1
-1
0
-2
6
-5
2
2:-1
2:0
5
2:-2
0
-2
1
3:0
-1
4
2:-2
4
-4
4
-1
0
2:-1
5
-1
-5
0
2:1
0
3
-5
3
-1
0
4
-4
-1
1
3
-1
-4
0
5
0
-2
-1
1
0
-3
6
-2
0
-1
-2
2
0
-1
2:0
-2
1
3
1
-3
1
-3
1
0
5
-5
4
-2
2:0
-2
-1
5
-1
-3
1
0
-1
4
-3
-1
4
-1
-4
1
-1
2
0
2
-1
-3
0
5
-5
2
1
0
-2
5
-4
4
-4
4
-3
-2
2:2
-3
2
-2
0
-2
5
-1
2
-4
-2
4
-3
5
-4
1
-2
0
2:1
0
-3
4
-4
0
5
0
-4
1
2:-1
3
-2
-1
2:1
4
-4
-1
1
3
-3
1
0
-3
4
-2
3
-3
-1
4
-5
2
0
-2
2:0
1
2:0
-1
2
4
-5
0
4
0
-5
1
2
-2
0
2
-2
-1
2
1
2
0
-5
1
0
-1
1
-1
3
2:0
-2
0
-1
4
-4
3
2
-4
-1
1
-1
2
-1
3
-3
1
-1
1
-1
3
-1
-2
4
-1
-3
-1
5
-1
-3
2
2:0
-2
0
1
3:0
-2
1
-1
1
2
-2
3
-1
0
-2
0
-1
1
2
-3
6
-5
0
6
-4
0
2
1
0
-4
0
-2
6
-5
2
0
-1
0
-2
0
3
-2
2:0
1
2
-4
0
5
-5
2
2:-1
5
-5
1
5
-1
-2
-1
-2
1
-1
2:0
1
0
2
0
-2
1
-2
2
-2
3
0
1
-1
-3
0
2
-1
1
6
-7
0
7
89
-96
13
1
-5
-7
-2
1
47
-48
2
-2
9
-9
0
1
0
12
-12
0
-1
3:0
9
-9
2:0
2
-1
8
-9
0
2
-1
6
-4
-3
2
-2
71
-70
9
-8
-2
2:0
3
-3
1
-1
0
2:2
10
-14
1
2
-2
0
10
-9
4
-2
1
-5
1
4
-3
-2
5
-5
2
2:-1
1
0
-1
0
2
37
-37
-1
0
2
-3
0
1
0
86
-87
4
-2
22
-20
-4
1
0
6
-6
10
2:-4
-2
-1
0
10
7
-15
12
-14
2
40
-33
-9
8
-2
-6
14
-12
2:0
-2
12
-12
0
8
-8
0
8
-6
-2
2
66
-61
1537
-1543
123
-104
-20
7
-2
-5
3
2:1
-3
10
-10
3
-1
-2
47
-46
18
-21
25
-6
-11
-4
1
-5
2:0
339
-339
106
-104
1
-3
0
5
-1
-2
1
2
35
-39
10
-11
350
-339
-11
6
23
-28
-1
0
7
3
-10
37
-22
-8
-5
4
128
49
-179
-4
6
-4
4
585
-574
81
-98
4
-4
15
-11
39
62
2279
-2383
1
-2
4
-4
0
1
-1
2:0
2
-2
90
-90
2
125
-116
6
-13
-4
23
-22
26
-27
24
167
-188
28
-24
-4
11
-8
40
-43
-1
1
17
4
6
-29
-1
3
6
-9
31
119
-133
-15
6
9
14
-30
3
-3
-1
0
2
-2
209
-207
2
-3
1
14
-15
-1
7
0
472
-478
0
8
-8
-1
3:0
4
2
71
-77
2:0
1
20
-10
-6
-5
3
-3
19
-16
-1
4
-5
4
-5
4
-1
4
-1
-6
1
0
1
-1
0
18
-17
-1
6
-5
-2
7
-6
-1
5
-4
-1
1
0
1
-2
0
3
1
-2
2
162
707
-708
-165
1
-1
2
-2
78
-78
2
-2
11
1
-11
3
133
-65
-71
49
3
-41
-11
3
1
428
-191
-241
16
-5
14
-26
2
1
-3
0
2
3
1
-5
40
-41
2:0
1
4
6
-4
1
15
-8
-15
0
1
-1
3:0
1
-1
1
-1
5:0
1
-1
7:0
1
-1
7:0
1
-1
2:0
1
-1
0
3
-2
-1
5:0
1
-1
15:0
2
-2
28:0
1
-1
2:0
1
-1
9:0
1
-1
1
-1
0
1
-1
2:0
1
-1
0
1
-1
0
1
-1
4
-4
0
1
0
-1
2:0
1
-1
2:0
1
-1
2:0
1
-1
0
1
0
-1
1
-1
7:0
2
-2
5:0
2
2:-1
2:0
1
2
-3
0
1
0
-1
1
-1
1
-1
4:0
2
-2
0
1
-1
1
0
-1
1
-1
0
2
-2
10:0
1
2:0
-1
1
-1
4:0
2
-2
12:0
2:1
-2
3:0
1
-1
3:0
1
-1
7:0
1
-1
2:0
1
0
-1
23:0
2
1
-3
0
1
-1
2
2:0
-2
0
1
-1
2:0
1
-1
4:0
2:1
0
-2
5:0
1
-1
4:0
5
-4
2
-3
2
-2
1
-1
10:0
1
-1
2
-2
1
-1
3:0
2
-2
2:0
1
-1
6:0
1
-1
5:0
2
-2
4:0
1
-1
end
