v1
882
1420
48
615
609
56
245
1382
1245
466
936
573
3962
1625
81
126
1416
336
1535
275
2406
262
38
319
1379
110
314
33
6
484
459
259
1221
423
1710
102
995
75
1761
126
162
40
393
339
557
697
129
11
484
154
108
452
23
1152
31498
365
173
196
36
30
1331
237
5586
328
1553
5140
10816
2650
9755
9105
25652
132646
9490
32443
394
55860
144
26
45950
2156
58
217
3
1
100
40546
825
1
13
296
85
479
66
18
993
55
26740
1
163
115
90
-488262
221
66
14
631
3
28
21
243
294
146
170
28
109
40
86
3
41
37
156
75
2
44
4
11
28
118
192
68
232
4
46
165
59
15
436
102
432
15
285
295
26
13
59
106
169
15
78
247
175
37
86
14
234
103
113
421
24
193
169
50
71
269
517
13
46
135
31
88
137
212
65
67
5
37
148
20
163
5
60
14
1
49
144
63
127
9
139
93
85
202
166
44
353
31
79
362
44
262
38
113
88
293
112
71
161
44
54
59
147
202
88
778
64
42
135
186
210
25
30
55
117
167
200
13
41
111
37
194
41
77
64
44
132
92
7
125
130
430
157
55
164
145
98
30
131
81
44
5
237
8
59
103
34
208
72
109
27
13
1
10
5
12
42
4
12
13
35
8
17
2
19
6
17
8
46
2
75
59
13
4
2
11
83
22
64
9
83
40
5
2:14
32
13
5
68
54
38
5
12
127
203
2
339
21
78
95
120
82
12
131
160
35
140
118
375
165
104
42
68
70
54
121
141
85
201
346
5
97
170
15
62
67
3
24
248
37
271
28
10
36
85
70
229
350
207
12
22
153
808
347
37
10
195
57
60
55
50
6
109
0
2
24
42
427
30
17
168
110
3
589
44
79
198
33
92
6
128
6
80
185
76
8
235
292
39
524
89
10
38
45
20
77
9
136
138
139
45
55
37
131
44
191
51
86
32
99
197
138
89
12
188
20
88
86
67
59
132
89
5
205
52
102
92
61
42
16
38
94
63
98
57
101
56
31378
19
9
12
192
4
82
45
36
25
180
7
1
127
36
1008
64
30
72
132
118
15
112
54
3
56
272
3029
4414
2751
3851
5797
1097
4016
2317
9003
7895
1233
925
872
2652
2
14
8068
9
2822
886
958
2453
13
474
509
4168
16
1
1427
4054
11417
104456
1
3543
1
7814
41838
43
5
66
32
39
4
2
99
12
20
72
17
11020
44363
50
109
157
7
2
27
18
39
18
145
17
27
12
1
4
6
2
13
39
687
156
63
6
12800
8134
3093
1178
9030
7980
575
1590
78
454
2
417
189
665
436
534
2
1
6
16
27
5
43
42
63
0
31
9
102
20
4
5
30303
1513
8273
282
245
31
89
724
199
310
24
378
61
42
47
5
8
23
19
30
488
116
57
32
5
36
14982
83
1990
9722
111
126
78
-488449
440
258
227
75
379
60
211
113
100
342
14
3
229
38
0
72
19
49
31
743
235
258
12
199
1074
256
323
72
101
132
143
152
228
27
45
17
2:24
75
19
82
25
122
89
47
183
604
191
517
379
65
14
95
431
0
182
164
421
584
220
63
34
468
224
843
129
37
241
236
406
292
48
122
51
60
260
551
0
429
160
1067
50
456
97
0
436
3
0
52
63
1
58
5
288
239
28
85
23
7
15
41
52
14
7
70
56
97
84
86
73
108
52
295
99
648
534
44
6
0
281
602
263
292
66
60
5
108
219
483
219
177
113
38
24
940
42
203
41
217
872
5
421
50
152
165
42
88
94
482
270
0
12
13
149
583
53
73
33
94
2:19
280
50
58
41
0
125
1094
226
635
32
251
22
327
37
562
0
109
118
0
311
94
14
40
45
8
19
66
38
23
2:111
15
31409
166
21
100
73
87
126
46
13
45
62
32
17
1213
16
286
4
8188
316
1391
3433
4593
9763
8205
1620
9226
867
2660
8038
13
2848
1839
3466
4167
8
25218
83046
66253
9
23
239
85
24
83
9630
45784
0
185
202
58
21
79
51
772
14
3627
34041
4726
0
981
82
825
1374
1706
9
21
59
0
228
40841
0
440
417
88
505
45
219
41
5
858
14842
36
19
2060
0
9886
115
34
1416178200
99:0
1
499:0
1
281:0
264
87
8190
-8085
18817
-19004
850
-722
308
-452
174
-93
1308
-1214
81
1469
-466
-931
-347
988
-695
-251
-40
1418
-942
156835
-155879
7728
-6134
-3028
27
245
2553
-2811
661
17266
-16255
-286
-1170
61695
-61321
-484
185
-167
51
2472
-2057
3215
54799
-50315
-6794
4457
-5124
4168
-4833
60
-141
875
-609
-324
-10
48
593
-574
-70
846
9058
-6941
-2868
32044
-32061
4155
-3339
1187
-565
-1447
558
-566
1677
-1570
2362
47557
-44124
-5305
-584
1183
-1046
-23
7155
-2259
-4907
31
6585
-6690
290
798
-1208
537
-171
1810
-2408
-7
14
-3
19
-27
-4
25
-19
-2
2
5
-7
1
27
-9
7
-25
-1
91
113
-208
227
-226
144
80
-220
1
8
-14
48
-47
18
-9
9
5
44
-57
-3
77
-65
-20
0
10
-9
98
-81
-8
-10
0
4
-3
-1
29
-22
155
-156
30
-29
-6
9
-3
110
-116
7
-4
16
71
-91
93
-92
0
22
-10
-12
36
-14
-13
-10
1
29
-29
-1
44
-10
-25
1
9
-12
-6
30
72
-98
3
-8
35
4
-34
-5
1
3
20
121
-137
-3
15
-19
147
-129
-19
66
-38
-18
-9
53
-8
-38
4
-12
7
-3
4
27
45
-68
-6
2
110
-105
1
-13
72
-67
-5
0
78
-73
15
60
106
-159
10
17
-50
-5
9
64
-54
-19
5
150
-149
15
-16
27
-32
9
-1
-7
8
-5
23
-23
3
-6
-1
186
-178
174
-177
8
14
5
-12
22
-42
0
155
-148
91
93
-186
-1
-3
146
7
-141
73
-74
4
-7
-9
1
4
28
-19
-3
7
-18
200
-177
16
-35
5
4
3
124
57
-196
-1
57
-53
4
-7
5
58
133
-192
41
-46
26
16
2
-15
147
-175
25
3
-23
-5
56
-56
12
-13
2:6
-8
-4
78
-58
119
-82
-41
23
-25
-14
0
1
9
150
-155
2
73
-74
12
-17
23
-15
9
-1
0
-8
20
13
-23
-7
-11
9
182
-191
5
1
10
56
-38
-29
-2
1
16
19
-39
6
120
-107
-20
12
-5
5
-4
88
-81
24
-30
-2
-7
0
11
52
-62
154
-155
29
-14
20
-5
3
-33
17
15
-28
59
56
-37
46
-120
12
99
-114
44
-8
54
-74
-20
13
-10
-3
3
2
8
-8
2:-1
5
-9
4
198
-149
-49
2
1
12
-15
2
-6
0
17
-16
0
184
-174
-11
14
80
-88
5
-4
-7
16
56
-72
0
143
-132
20
-18
-4
5
-9
-4
3
-3
149
-135
192
-125
-20
-57
19
-13
1
-4
22
-24
0
22
-22
1
-1
31
82
-119
49
-38
-11
27
199
-202
-4
-20
7
-6
4
22
-27
5
-5
14
-2
-4
38
-38
-2
18
21
36
-80
8
66
-68
101
-90
-17
42
-8
-34
14
-1
-9
137
-118
-24
8
3
-4
2
4
110
-102
-13
23
73
-64
-27
55
54
-121
10
14
22
-38
17
-21
17
-17
-1
-4
1
3
138
-125
0
32
-43
6
92
-38
-57
18
-27
32
54
-85
59
-20
-4
-35
171
-116
-19
19
52
-104
2
1
73
-69
88
-99
0
114
-108
1
11
-14
5
-4
8
-12
148
-144
-6
3
0
-4
5
-4
2:0
5
-6
5
-4
0
-1
1
0
-1
0
3
-2
2
-2
0
1
2
2:-2
4
-3
-1
0
6
-5
4
-5
2
3
-1
-3
0
-1
1
0
-1
2
-1
4
3:0
-2
0
-2
2
-2
2:0
-1
4
-3
1
2
-4
1
2:0
4
-4
0
1
2
-1
-3
2
0
2
1
-4
0
-1
3
-3
2
-2
1
4:0
-1
2
0
3
0
-5
6
-6
4
-4
1
-1
2:0
1
3
-4
5
-2
2
-1
-4
0
5
-4
-1
4
-4
3
-2
3:0
-1
5
-3
2
1
0
-4
2:0
1
-1
3
-4
0
3
-3
4
-3
0
4
-5
2
-2
4
-3
4
-5
1
2:0
3
-4
2
-2
4
-3
1
2
0
-1
1
-3
-1
1
0
4
-3
-2
0
4
1
-5
4
-2
-1
5:0
-1
6
-4
3
-1
0
1
-4
-1
6
-5
-1
6
-5
0
4
-4
-1
0
2
-2
2
1
-3
4
1
0
-4
0
-1
1
2:0
-1
2:2
-4
1
2:0
2
-2
4
-1
-4
5
-4
2
1
-4
1
4
0
-1
-4
0
1
2:0
-1
4
-3
3
4:0
-3
4
-4
2:0
-1
4
2:1
-6
1
2:0
1
-1
0
3
-4
4
-4
4
2
-2
-3
2:0
-1
6
-5
0
-1
5
0
14
-9
109
-100
0
-13
3
0
4
18
-16
4
-13
16
-11
-4
-1
39
-31
20
-14
-9
3
-2
59
1383
-1445
106
-109
0
36
27
-52
-9
21
415
-372
-35
-12
278
-267
13
-40
36
-27
109
-114
-5
534
-424
-17
-32
107
7
-141
26
-28
129
-131
-17
57
-38
-11
1
-8
35
165
-190
-25
183
-184
480
-465
59
-74
24
3
-12
2:-5
378
651
-759
-100
-156
-13
153
-159
62
26
-81
20
256
-270
31
-17
-19
-2
19
-2
-20
-3
1
-1
3
-3
2:1
-2
0
1
-1
0
2
-2
1
-1
2:0
2
-2
0
2
-2
12
-12
1
-1
1
-1
1
28
-28
1
-2
2:3
-6
0
8
-7
-1
0
1
-1
5:0
3
-3
0
6
-6
1
-1
1
-1
2:0
1
2
-3
0
2
-2
0
1
4
-5
1
-1
2:0
4
-3
-1
2:0
9
-9
2:0
6
-6
2:1
-2
2
4
-6
1
0
-1
8
-8
5:0
9
-9
2:0
1
12
-11
-2
5
2:-2
-1
4
2:-2
1
2:0
-1
1
3
-4
0
1
-1
1
-1
2
2:-1
1
-1
1
6
-7
0
2
-2
2:2
-4
1
-1
0
3
-3
2:0
101
-101
2:0
2
-2
2
1
-3
2:0
5
-3
-2
2:0
33
-33
6
-5
1
3
-2
0
11
-10
-3
-1
3
20
-10
-13
1
-1
32
-32
2:3
-6
1
5
-6
0
1
2
-2
5
-2
-4
5
2
-5
-2
0
3
2
0
4
-9
0
8
-7
0
-1
0
25
0
-23
-2
0
6
-1
0
-2
4
-5
2:1
-3
-1
7
-7
4
-4
3
-1
0
-1
13
-11
-2
2
3
-3
7
-10
3
-3
2
19
-21
1
2
-2
1
-2
8
-6
2
-2
0
3
-2
-1
0
2:-1
1
6
-5
-1
2
-3
3
5
-7
0
-1
3
1
-4
5
2:-2
-1
3
-3
0
1
0
4
-1
-4
4:0
1
-1
50
-50
4
0
3
-5
-2
0
6
5
-10
7
-7
5
6
-12
5
60
-62
-1
1
-1
1
-3
3
-2
-1
2
-2
3
-1
2:0
-2
1
-1
19
-9
-10
3
-2
2
-3
1
-1
0
2:1
-2
13
-8
-5
0
10
-10
3
-3
0
3
2
-5
0
6
-6
3
-3
2
-2
1
-1
2:0
5
2
-3
29
19
-48
-3
11
-12
2:1
-2
0
2:1
-2
0
4
2:-2
2
0
-2
7
17
-16
-7
-1
1
0
-1
8
-6
2:-1
1
0
1
3
-4
1
6
15
-11
-12
7
-6
11
26
-30
-7
24
-19
-6
5
-4
0
7
-6
-2
9
-8
-1
2
-1
6
-5
0
1
10
-12
0
6
-7
0
5
-1
-2
2:-1
0
10
-9
-1
3:0
1
2
0
9
-10
-1
7
-5
-3
4
-4
4
15
-18
2
4
-4
-3
21
-19
0
3
25
-28
-2
1
-1
0
31
-31
0
7
-6
5
2
-8
1
0
2
-3
2:2
-4
3:0
2
-2
14:0
29
-29
1
-1
7:0
1
0
-1
8:0
1
-1
7:0
1
-1
13:0
1
-1
12:0
1
-1
1
-1
14:0
2
-2
4:0
1
-1
1
-1
1
-1
10:0
1
-1
0
3
-3
0
2
2:-1
4:0
2
-2
6:0
1
-1
15:0
1
-1
5:0
3
0
-1
-2
3:0
3
-2
-1
1
-1
2:0
1
0
-1
0
2
-2
3:0
1
-1
0
2
-2
4:0
1
-1
9:0
1
-1
3:0
1
-1
2:0
3
-3
6:0
1
-1
0
1
-1
1
-1
0
1
-1
11:0
1
0
-1
2
-2
4:0
1
-1
0
2
-2
5:0
2
-2
1
0
1
0
-2
7:0
1
-1
0
end
