v1
757
317
213
45
157
90
186
221
52
139
14
34
4
52
74
366
66
53
51
500
1
57
56
22
28
42
76
260
114
168
165
16
596
140
440
152
159
55
107
204
143
180
271
78
99
106
46
75
21
226
244
41
11
70
425
25
42
70
269
92
64
54
98
40
182
25
21
166
225
277
72
0
185
87
89
86
257
79
48
1
8
139
178
157
45
99
67
44
160
193
110
275
297
134
494
212
176
54
126
0
213
69
57
915
135
84
50
94
4
189
96
273
281
121
312
339
8
263
123
106
169
16
93
119
164
0
237
137
111
44
170
80
59
222
123
181
27
14
15
54
29
35
0
8
12
7
19
23
7
1
48
3
14
130
3
1
13
105
73
9
20
46
8
40
5
2:14
21
29
65
38
57
17
14
0
113
118
74
0
11
20
342
78
95
120
94
131
195
196
23
110
304
10
39
116
104
42
138
54
30
91
35
106
85
101
41
87
172
146
5
282
129
0
27
248
6
340
38
66
17
70
229
41
508
13
7
87
88
541
171
96
301
269
191
56
109
2
24
344
75
50
30
295
636
19
11
18
229
33
176
50
6
80
128
19
38
69
7
8
147
40
158
125
110
3
336
260
48
2
43
20
82
102
412
3
37
175
17
174
8
11
32
2:43
131
197
38
100
54
35
12
59
2
95
32
108
153
59
5
23
193
5
151
106
194
61
190
63
155
34
92
31401
5
6
16
9
138
66
86
44
154
19
76
120
36
8
22
1152
68
111
71
166
18
47
9
272
3029
2211
328
1553
5140
8678
2138
2650
1549
8206
793
6127
3001
4449
2
4
0
10
0
8076
1
2826
882
943
15
19
7591
7
11
5
1
1427
3523
116404
3544
1
7741
73
9417
23244
9143
54
2
33
88
42
117
20
0
53
36
5
10219
44428
781
109
24
133
9
83
1
18
162
27
10
3
4
8
11
735
22
32
3609
9355
8134
3093
1178
9030
7980
575
238
247
1183
456
83
467
56
665
766
202
2
1
2
6
16
29
2
75
11
34
25
4
0
31
9
28
3
1
43
47
4
5
1
30302
1513
8273
218
64
176
69
31
89
49
462
125
1
87
222
85
202
24
17
94
142
9
24
33
18
41
61
42
60
23
5
44
253
235
116
57
32
24
17
38
58
14897
2049
9735
2:1
162
1
101
14
23
67
-488538
186
45
187
30
350
161
53
387
56
260
85
97
128
116
0
10
225
67
931
249
38
36
134
99
46
164
178
64
591
103
523
34
135
26
305
67
324
159
185
0
457
561
132
538
191
30
111
473
54
573
107
1268
19
17
151
413
39
152
574
74
194
265
316
412
222
234
111
82
53
860
328
185
224
725
124
392
140
41
0
248
104
65
287
103
252
19
33
78
118
25
1
110
120
98
150
41
0
456
905
112
17
746
27
323
651
34
197
290
131
223
219
0
4
20
175
43
86
765
152
13
42
144
88
0
263
843
4
25
5
7
781
37
730
144
77
172
13
74
426
624
925
75
295
234
13
149
14
156
150
225
283
101
155
37
113
292
125
107
299
251
98
16
40
193
0
60
168
14
1
31480
0
16
92
86
67
280
7
152
0
38
1038
17
137
259
53
68
5895
1542
0
336
2751
3502
1029
10230
9379
1151
6494
5221
1274
9476
4668
2459
5143
9
16914
91358
66313
25
148
38
74
35
56
27
55345
346
255
66
15
726
162
37549
5227
1667
0
906
178
1693
6
26
63
17
36
2
136
70
40006
819
612
41
474
323
45
169
0
50
90
168
72
453
164
14715
120
11928
201
19
1416514800
499:0
1
256:0
23
-19
0
8
35
-36
35
-41
-2
17
-5
-6
23
-18
-6
-1
4386
-4373
159
-173
53
2333
-2372
342
-303
-27
-25
-2
-1
17
-4
41
-37
5
141
-157
749
-754
13
-2
-13
487
-478
-8
69
-68
9
-11
14
-5
20
-14
-6
32
-37
203
-198
-4
-1
111
-112
4
-4
-1
5
11
140
2252
-2409
2
0
44
-28
-2
26
-25
-6
1
-13
2
4
-5
15
10
-22
303
-302
5
4
-10
845
-846
35
157
-172
-21
806
-805
6
392
-384
297
-298
-9
9
30
28
-61
-9
4
149
-153
212
-213
2
69
-72
923
-924
69
-53
-16
12
-3
0
89
-98
6
11
-8
180
73
-211
-48
-3
2:1
19
-17
41
-43
0
3
40
-42
25
-28
10
25
-33
5
-1
27
-31
157
-144
5
51
530
-598
-1
37
-30
-2
264
-271
162
-116
743
-786
19
-10
-3
0
65
401
-472
2:-1
0
47
-43
331
-234
-101
13
-2
-12
7
536
-424
127344
-116293
-11027
-142
36
-31
32
2697
-2727
-2
138
-130
86
202
-40
-241
-20
5
181
-185
0
2:-1
3
-2
307
-296
71
-50
-10
374
-356
-22
-18
20
-20
116
-113
1470
-1032
-436
143
-144
52
-52
-3
17707
-8131
-9555
-17
-5
-1
21
-22
22
42
-47
-15
1
7
46
350
-393
55
360
-419
37
115721
-115749
-15
42
225
-268
11
-11
1
6
-1
13
-17
280
-278
-3
261
-221
-42
41
7649
2588
-10181
1802
-1889
-8
62
-54
7
53776
-53793
87
-86
2966
-2965
7
74
-64
52
981
16113
-16965
-187
-6
-5
30
-32
44
-8
-31
1020
-1026
47
4972
-5012
55
47
-103
3
-8
245
-244
623
-565
41
1047
-1119
1457
-1030
-412
159
-169
116
-146
20
8
-31
195
-148
768
-552
-94
-161
1292
6838
-8137
470
-350
-121
525
-505
21
-38
-3
3
-3
1
-1
4
10
234
-240
-6
23
-21
28814
-28785
-12
-2
-12
0
2
70
184
-248
2148
-2159
2
21
535
-556
-6
0
-1
4
-1
-2
160
1329
-1448
-41
14
62
-75
65
-50
205
-185
-16
8
-23
11
-16
37
26
161
-223
3
-1
5
0
14
-19
-2
12
115
-94
-30
-1
121
168
-281
-12
36
-11
8
30
-62
121
-115
2
-3
-1
72
537
-594
-19
0
2
0
26
-28
2719
34113
-33578
-3252
27
237
-263
305
-300
-8
47
-41
155
29
-175
32
-47
57
-53
1839
-1697
-147
1113
-338
-597
-173
3
-7
120
5764
-5874
23774
-17231
-6508
-44
31
-28
206
-190
68
-85
23
-20
31
-22
241
-246
498
-463
89
-119
72
47
75
-182
82
1299
-1111
-283
104
-121
1
-2
2:0
1
2:0
2
-1
-2
1
0
2
-1
0
-2
0
1
0
2
-3
3
-3
3
-1
-2
1
-1
2:1
2:-1
1
2
-1
0
1
-3
2
0
1
0
-2
1
0
2:-1
0
3
2:0
-2
2
-3
2
0
-2
1
3:0
-1
1
0
2:1
-3
2:1
-1
2:0
2
0
2:-1
0
1
2:0
-1
2
-2
2:0
2
2:-1
0
2:1
3:0
-2
-1
0
2
-1
2
-3
2:1
0
1
-3
1
0
2
-2
1
2:0
-1
2
0
-2
-1
1
2
-3
3
-3
2:1
0
-2
2
2:-1
0
2
0
-1
3:0
2
-3
0
2:1
-2
1
3:0
-1
0
1
3:0
2
-2
2
-2
1
0
-1
1
0
-2
2
0
-1
2:0
2
-2
1
-1
0
-1
1
0
-1
2:0
3
-2
-1
2
-2
1
0
1
-2
0
2
1
0
-2
0
-1
0
2:1
-1
0
-1
2
2:0
-2
0
1
-1
2
1
-1
3:0
1
-3
2
-2
2
-1
0
-1
0
2
0
-1
2
2:0
-3
1
2:0
1
-2
2
0
-1
2:1
-2
-1
2:0
1
2:0
-1
1
2
0
-2
-1
0
1
2
1
5:0
3
-3
1
2:0
-1
0
1
0
-1
95
-93
-2
0
12
9
-13
-5
-3
2
-2
0
32
-31
-1
6
-5
-1
8
-8
2:0
1
-1
0
2
-2
1
-1
1
-1
2:0
4
7
-11
0
2
-2
2
2:-1
6:0
1
2
1
55
-59
2:0
5
-5
3
7
-8
-2
1
-1
1
0
1
-1
4
-4
1
-2
2:1
-1
13
-13
3
-1
-3
0
18
-17
0
9
-7
0
-1
0
-2
3:0
1
-1
4
-2
0
-1
0
-1
0
38
-38
9
-9
1
-1
1
0
-1
0
2
-2
0
96
-95
-1
0
2:1
-2
5
-5
15
-14
3:0
1
3
-4
2
-2
0
2
-3
6
-6
19
-15
16
-18
40
-42
0
6
-5
-1
6
-6
3
1
5
-8
2:1
-3
2:0
10
-9
2:0
-1
12
-11
10
2:-5
1
0
-2
1
50
-42
1541
-1436
-98
-14
-1
5
-2
-4
3
-3
3
2:0
2
-4
8
-6
-1
7
-8
0
-1
0
2
-2
48
-45
-2
14
-12
12
-10
-5
3
-3
3:0
11
1
-11
2:3
0
-6
-1
388
-269
-117
-1
1
0
-2
0
1
5
-3
-1
-2
5
2
27
-27
-4
9
-10
3
347
-341
-9
1
29
-32
1
-1
1
-1
6
2:-3
26
-25
1
16
2:-9
5
125
48
-174
-3
1
-2
5
-4
4
566
-569
10
-11
110
-111
1
11
-11
46
45
1401
-1491
-2
3
-3
2
-2
4
-2
0
113
-115
1
185
-186
9
3
-12
3
-2
25
-26
51
-47
21
157
-176
36
-38
-1
12
-8
41
-47
1
-2
0
5
9
2
13
-21
-8
41
101
-142
13
-11
-2
9
5
15
-27
0
-2
0
2:1
-1
2
0
-2
-1
2
-1
184
-185
4
-1
-3
0
2
10
-10
0
343
-345
0
2
9
-8
-3
4
-3
-1
0
2:2
64
-68
1
2
15
-18
9
1
-10
17
-6
2
-11
2
-3
-1
7
12
-19
2
-2
2
0
1
-3
0
4
8
-9
-2
0
7
-8
4
-4
3
0
-3
5
-5
33
-29
-4
1
-1
6
-6
2:0
2
1
0
4
-6
129
619
-582
-167
2
1
-1
92
-93
0
2
-2
18
-7
-12
0
1
-1
1
100
-35
-63
41
-11
-21
-12
2:0
8
7
-14
181
129
-309
-2
15
-14
-1
2
34
-36
1
0
2
0
5
-5
25
-24
1
0
-2
3
7
-8
3
-8
30
-30
9
-9
7:0
1
-1
4:0
1
0
-1
35:0
1
-1
18:0
1
0
-1
0
1
-1
5:0
1
-1
4:0
3
-3
2:0
1
-1
14:0
1
-1
7:0
1
-1
6:0
1
-1
1
-1
4:0
1
-1
6:0
1
-1
6:0
2
-2
6:0
1
-1
6:0
1
-1
2:0
2
0
-2
8:0
1
-1
7:0
1
-1
5:0
1
-1
3:0
1
-1
8:0
1
0
-1
2:0
1
-1
0
4
-4
8:0
1
-1
4:0
1
-1
1
-1
3
-3
8:0
3
-3
3:0
2
-2
end
