v1
530
204
3
45
65
426
176
61
106
7
26
110
52
115
38
0
34
437
178
88
226
0
62
170
5
58
56
50
118
374
47
121
223
235
61
398
17
423
152
159
83
53
26
72
204
56
108
87
271
177
258
53
76
87
24
94
126
41
160
413
339
156
28
348
44
0
135
31
18
40
167
239
38
4
10
58
42
19
124
44
218
257
136
139
93
242
45
370
0
303
7
97
163
8
110
321
61
3
26
23
348
0
33
344
44
54
125
21
0
193
69
57
31
123
222
433
106
135
57
47
52
65
106
10
29
30
184
491
587
185
394
275
16
93
62
2
219
173
0
181
352
73
59
338
7
208
13
11
5
45
9
16
13
25
18
19
16
3
6
17
8
46
0
5
11
3
103
27
4
118
73
9
74
9
31
19
6
55
3
0
65
57
38
17
127
118
105
204
138
78
0
215
420
329
9
253
42
10
12
27
116
146
138
54
30
22
69
35
106
85
229
172
39
107
287
129
27
254
216
114
46
2
66
17
70
229
41
309
152
74
218
758
301
71
22
176
191
50
6
94
15
2
181
56
131
75
50
732
0
229
19
29
229
33
30
282
90
38
22
16
19
59
10
7
8
147
40
393
339
195
77
41
40
97
107
38
0
145
232
37
366
8
11
32
86
52
13
139
0
124
2:38
62
54
47
59
0
2
55
0
72
20
88
115
38
59
5
20
3
104
94
14
137
300
118
0
1
19
74
39
63
155
34
31498
22
9
43
95
99
53
44
37
25
23
69
95
8
112
36
2:4
5
17
12
974
0
166
68
111
71
43
1
122
15
3
43
4
3310
2211
328
1553
322
4818
6258
1323
1097
707
1431
2650
9755
3
790
830
4874
3424
3064
1385
2
4
8078
7
2828
882
958
2466
2024
3119
19
5
1
1427
15471
91358
16643
7741
26
47
9417
28772
3639
10
22
21
142
137
72
17
5
16
71
10928
25036
18596
731
50
82
20
7
67
97
2
5
10
30
5
34
6
12
63
0
81
6
12
37
3
8
2:2
11
2
755
20
21110
16552
0
4729
575
485
1105
0
78
167
0
372
334
133
56
665
436
532
2
3
5
17
31
41
45
94
9
28
3
1
11
59
15
14
1
30302
9786
282
176
15
0
28
26
31
89
636
1
267
42
70
15
202
24
253
9
0
24
33
18
41
61
42
47
13
28
5
9
30
661
37
19
7
46
2
14889
2128
9722
2:1
149
13
1
12
103
28
7
0
48
7
1416389400
529:0
1
95
-92
5
13
-22
9
64
-44
-29
80
-80
6
-6
0
14
-8
1548
-1548
-6
2:0
4
44
57
70
-57
1283
-1400
10
-10
2:0
208
403
-612
10
110
-111
-9
3
-2
2:0
329
-327
1
13
-12
14
-2
-17
467
-462
265
-265
1
49
-15
-33
103
-108
-2
2
0
-1
20
-21
127
1836
-1962
16
-17
16
4
1
-17
26
-28
6
9
17
-25
-8
0
20
-6
0
20
-28
-2
-3
99
-99
164
-161
-2
-1
5
-7
0
81
-80
4
18
-19
-4
0
104
-99
5
-2
-7
2
146
-139
-2
-8
2
1
27
-11
45
-62
0
27
-19
30
586
-523
-70
220
-250
-2
2
-2
-1
0
138
-133
40
-31
160
-161
-10
0
-1
5
-4
1
-3
9
-9
5
0
-6
7
-6
-1
5
-2
-1
24
-14
2
5
85
-48
-35
-19
255
-199
-52
-4
4
-5
0
-1
0
95
-88
-4
-2
-1
77
-76
16
14
-29
0
4
16
64
-85
3
5
32222
-32231
6936
-6879
-45
0
-3
1607
-1615
9
-6
156
-157
163
-164
80
-71
5
-14
1
-2
5
11
12
154
-181
140
-137
39
155
-196
-2
15
-12
19
85
-69
6
-36
4
-11
2
-4
11
2
29
-41
1630
-151
-1463
-17
0
4
13
-17
29
-10
-19
22
-22
381
-379
2
-3
-1
212
-193
447
11032
-11486
130
-140
0
2
-3
1049
-1050
197
-197
2:0
2
22
-11
796
2123
-2919
-3
370
-380
2:0
3
52
-53
3
8305
-8284
-24
0
1221
-1223
0
6
14
63
-80
1
19
1843
-1862
5806
-5807
24
-25
1
3
-4
0
2:-1
1
3
1
12
163
497
-630
-22
-24
11
-8
-3
22
-14
-8
4
-4
0
3
32
348
-365
57
-75
127
-126
-2
0
35
-32
64
-51
-10
-3
97
-94
8
-1
-12
15
23
242
-244
-35
28
-20
-6
16
-18
107
3740
-3445
-402
27
-24
-4
119
-118
33
-27
-7
1
-1
2:2
94
-95
-1
7
24300
-24289
30
-38
0
-9
25
252
-280
37
1405
-1442
1
61
192
-250
-5
15
-15
1220
458
-1672
2
-8
1
33
-33
3
-1
3
-1
-4
1
2:-1
3
-3
39
27
-12
-53
1
0
-1
12
4
-7
-6
-3
-1
2:16
-3
-22
2
-1
-6
0
84
1212
-1286
-12
0
23
-23
0
14
-13
-1
15
-5
2:4
-5
3
-15
0
35
-35
22
-19
2
1894
19489
-20072
-1317
11
-8
1
171
-152
176
-191
10
-17
1
57
-58
6
3
9544
-9442
-112
868
-861
206
-184
-19
6
41
7
-45
4441
-4134
-301
-17
3
-7
-4
8
-7
42
-8
68
-100
9
-1
-10
104
-104
4
0
198
-197
-4
153
-142
-13
59
-28
-31
0
6
121
1
3:0
1
-1
11:0
58
-58
5:0
4
6
-8
2:-1
0
10
-10
5:0
7
-7
5:0
2
-2
0
2:1
-2
2:0
1
-1
2:0
1
-1
3
-3
1
-1
4:0
2
-2
0
28
-28
1
-1
4:0
2
-2
2
1
-2
-1
2:0
1
-1
4:0
1
4
-5
4
-4
1
-1
1
-1
0
2
-2
2:1
-2
2:0
4
-4
4:0
1
2
-3
9:0
2
-2
4
11
-12
-3
8:0
32
-32
5:0
1
-1
2:0
4
-4
3:0
1
-1
2:0
2
0
-2
3:0
11
-6
1
-6
15
-10
-5
0
2
0
-2
2:0
3
-2
-1
1
-1
6
-6
0
1
-1
0
1
2
24
-27
0
4
398
-402
39
-27
-12
2
-2
1
-1
2
-1
2
-3
1
0
-1
1
3
-3
-1
2:0
6
-6
20
-20
1
-1
8
2
-9
-1
1
-1
2
5
-6
1
-2
3
-2
0
-1
1
2
-2
0
111
-63
-49
2:0
1
0
-1
3
-3
0
3
-3
41
-41
3:0
10
-1
-8
167
-161
4
-11
3:0
3
-3
26
-26
3:0
6
-5
45
27
-69
-3
-1
3:0
2
2:-1
1
184
-183
-2
0
16
-16
2:0
2
5
-7
1
17
31
-48
589
-589
1
-2
0
2
-2
5:0
1
2
17
13
-31
3
-5
1
-1
1
6
-7
0
2
-2
2:0
9
74
-83
2
-2
12
-12
1
0
1
-2
5
-3
-2
0
23
-22
1
-2
0
1
5
2:1
-8
4
-3
-1
2:0
11
55
-53
-11
2:-1
0
5
-5
11
-6
-5
0
2
2:-1
3
-2
-1
1
95
-96
0
2
-2
0
4
-4
0
3
180
-183
0
4
7
-11
1
-1
0
4
40
-42
-2
4:0
1
-1
0
1
-1
0
2
-2
3:0
12
-12
3:0
1
0
2
3
-5
-1
0
2:3
-6
1
2:0
-1
0
10
-3
-6
-1
0
2
-2
4:0
1
2
-1
0
2:-1
2:0
2
-2
2:0
2
91
299
-323
-69
1
-1
0
18
-16
0
-1
4
-5
3:0
1
-1
59
-33
-26
28
-28
20
-14
-4
0
-1
0
1
105
-60
-45
-2
4
-4
4:0
8
-5
-2
1
-2
0
6
-6
0
1
3
-4
0
2
2:-1
13
-13
1
0
-1
6
end
