v1
653
584
159
486
191
14
47
602
609
56
22
28
614
46
165
59
553
140
7
285
5
295
653
195
305
44
573
285
160
346
67
70
269
156
384
202
163
62
349
98
87
176
42
44
50
207
136
36
196
453
507
275
322
109
494
442
339
69
57
31
884
269
105
551
309
119
425
200
125
269
0
275
228
43
121
485
294
109
295
320
12
28
3
25
44
48
14
113
20
4
103
15
73
9
74
59
64
65
57
38
90
172
85
362
173
120
225
160
35
31
298
304
10
39
24
92
146
138
54
30
91
141
85
142
198
61
146
272
15
404
336
48
83
70
86
184
423
85
27
976
301
93
534
181
187
75
50
6
319
592
74
247
265
80
128
126
7
8
147
40
283
110
896
452
175
191
8
11
32
452
100
54
47
61
89
38
20
88
153
59
5
23
198
702
218
34
31498
22
9
334
173
196
36
30
19
1133
68
111
71
166
18
346
5222
328
1553
3764
1376
8678
2138
2650
9755
793
9128
4449
2
10917
882
958
2453
5175
5
1
1427
123471
1
7741
67
6
9417
32421
22
169
111
109
5
55350
78
109
157
54
10
29
18
162
37
3
12
0
11
728
13025
8134
4271
9030
7980
575
1668
828
234
1633
2
56
86
10
84
37
3
1
90
3
7
40088
282
176
69
653
103
1
309
85
202
24
253
2:33
18
144
88
44
661
37
19
17
38
26740
1
163
115
28
26
36
-488120
91
5
284
437
25
187
0
562
39
205
123
10
57
42
128
77
1
108
354
185
285
272
47
198
1
165
65
430
79
204
21
124
12
26
204
260
74
199
45
16
283
46
300
266
259
749
16
21
109
89
286
47
88
95
24
184
675
441
165
68
110
96
106
99
110
1
270
83
79
200
499
143
12
765
113
67
390
103
21
229
103
0
587
60
19
43
457
758
5
118
82
250
278
414
212
10
0
258
69
361
642
188
40
16
45
44
42
12
21
6
17
7
47
5
131
30
118
49
32
54
73
11
1
44
32
2:38
71
70
15
42
130
362
0
66
394
112
109
324
412
955
43
252
33
121
438
52
202
31
54
222
0
38
30
385
350
219
187
38
662
288
46
41
93
5
7
262
115
165
68
171
286
455
476
19
29
262
176
39
11
44
132
57
38
190
460
167
186
270
2
81
20
596
74
455
2
2:6
31
14
0
159
73
51
32
195
62
3
480
13
94
89
14
142
96
518
44
54
15
0
140
13
31149
278
68
194
47
6
14
115
66
98
8
58
1052
118
533
50
3310
6462
703
4531
5117
7438
8205
10843
2139
1401
8075
2
5
0
4646
2481
474
4676
1
9
5488
0
11418
104456
1
53154
32
30
35
130
44
19
74
16
37
19
54669
764
99
20
171
2
102
53
27
79
30
16
7
15
755
14
18
95
3514
4382
28412
5973
816
165
1187
0
617
0
334
854
971
2:1
22
9
19
2
146
0
38
2:3
21
81
24
30308
1513
8920
9
96
80
0
326
172
41
0
399
398
87
88
89
13
139
0
178
243
169
0
36
17096
9722
107
34
96
66
12
63
0
1416331200
299:0
1
352:0
25
-15
219
-216
10
348
2508
-2733
1084
-1195
187
-199
11
-7
-18
27
542
-453
-117
52
82
144
-277
14
-13
6
10
-7
2
72
-75
-5
131
-135
111
-107
2552
-2549
63
-66
-1
3
41
33
-75
384
-383
-5
59
-55
548
-547
-5
72
90
70
-233
241
-241
41
-41
2
3
70
-75
3
-2
-1
40
45
-69
-18
74
-70
1103
-1001
-100
-5
31
-25
-5
1
8
2
-12
42
-28
25
10
-48
1
39
450
-432
388
-377
444
-514
7
-7
37
-37
31
20
-7
-43
20
-19
341
-105
-231
111014
-103212
-7807
136
-106
-26
37
2246
-2279
7
-7
175
-177
6
25
-14
-12
1543
-1542
221
-176
-43
52
2283
-2343
-3
15
91
-46
-65
2
39
8193
1390
-9618
27
-11
-6
27
-6
-36
1030
-186
-459
-385
122
90654
-90761
-15
143
544
-633
-44
-7
2140
11010
-13113
-28
4
19418
-19431
3176
-3100
-78
5
151
-146
2
1662
46236
-47910
7
29
615
2495
-3110
134
-54
-41
-10
4022
-3069
-1021
263
-260
56
838
-792
-90
-2
22
252
-214
-50
110
-128
512
2441
-2195
-573
165
-335
9
557
-578
92
404
43341
-43802
-25
-8
-9
122
117
-220
-16
5460
-5236
358
-585
8
125
814
-943
2
40
4
-50
12
34
-47
6
-3
6
77
-1
12
-97
2
6
-7
24
176
-195
64
-54
6
39
-27
-17
31
-36
1
1139
28641
-27383
-2403
-1
431
-364
-48
18
-25
87
1228
-1261
919
-758
-174
-56
23
105
25760
-17467
-8389
328
-265
-95
-2
122
-115
309
7
-239
-18
109
-149
-15
78
-97
4
2
-4
-1
0
-1
0
1
-1
2:2
-3
1
0
2
-4
2:1
5
-5
2:0
-1
3
-3
0
-1
2
2:0
5
-5
4
-3
-1
4
-3
-2
0
1
4
1
-6
-1
1
2
-2
4
-5
1
4
2:0
-3
1
-2
-1
0
3
-2
2
0
2
-5
1
0
4
-3
-1
2:0
-1
6
-6
6
0
-3
0
1
-4
1
0
-1
1
3
-4
3
2:1
-3
2
-4
1
-1
7
2:-3
3
-3
0
1
0
-2
4
2:-2
2
-1
2
-1
3
-3
2
-3
4
-5
1
3
-2
2
-3
2:0
3
-1
0
1
-2
0
-2
5
-1
-4
0
6
-3
-2
-1
0
4
2:-1
2
-3
2:2
-4
-1
6
-4
-2
0
2
4
1
-4
1
-2
2:1
-4
5
-5
1
0
1
0
5
-2
1
-5
2
-1
5
-6
4
2
0
-6
2
-2
2:0
2:1
-2
0
4
-3
2
-1
2
-1
-4
6
0
-2
1
-4
2:0
3:1
-4
3
-3
2
1
-2
3
-3
1
2
0
2
2:-3
2:0
2
0
2:-1
1
6
-6
6
-5
-2
0
5
-4
3:0
6
-1
-4
-1
1
0
3
2:-1
2:0
-3
2
4
-5
0
6
-3
-2
1
-1
0
-2
0
3
-2
1
2:0
-1
2:0
1
-1
5
-2
-3
5
-2
-3
6
-5
-1
1
5
-6
2:0
5
-2
0
-4
3
-3
6
-5
3
-4
3:1
0
-3
3:0
1
3
0
-1
1
-3
-1
2
-2
2:0
1
6
-4
4
-3
1
-1
-3
2:0
-1
2:0
2
-2
2:0
1
0
2
-1
0
-2
2:0
4
-4
2:0
3:1
-3
1
-1
4
-4
2:0
1
2
7
-9
1
-1
78
-69
2:-2
-3
-2
50
-49
3
2:-1
-2
1
-1
13
-12
0
-1
2:0
8
-8
0
3
-2
-1
2
-2
2
-2
60
-58
0
1
-1
-2
10
-10
1
0
-1
2
-2
1
8
-9
2
-1
11
-4
-6
2
-3
2
-3
1
2
-3
0
2:1
-2
11
1
2:-6
2:0
2
36
-38
2
11
-13
0
4
-4
7
-6
-1
0
6
4
-10
9
-8
24
-16
-2
-7
20
-18
-2
0
7
-7
5
1
-4
0
-2
1
0
48
-41
1281
-1219
-70
17
-15
2
4
-8
4
-2
1
-2
1
6
-5
-2
3
-4
7
41
-47
9
-10
24
-22
0
-1
12
2
-12
-2
0
263
-161
-100
-3
1
-1
0
5
-4
0
42
-36
-2
-4
357
-341
-13
14
0
-2
-12
-3
78
50
-125
-1
2
483
-484
67
-71
1
-1
11
-9
23
51
1861
-1935
1
-1
101
10
-103
2:6
2
-1
158
-142
-38
4
-3
7
-2
33
-36
-3
12
4
-2
-14
9
-10
20
86
-87
-19
9
10
1
-20
1
2
-3
158
-157
1
-1
1
14
-16
0
3
327
-323
6
-13
2
1
58
-61
4
18
-13
-9
2
10
-8
4
-1
-2
5
0
2:-3
-2
0
-1
1
4
-5
10
-11
4
-2
-1
1
0
-2
4
115
368
-364
-119
-4
62
-59
6
-1
-7
-1
105
-64
-1
-7
-23
-9
-1
1
328
-70
-251
0
18
-26
5
6
-9
32
-21
-4
-8
17
-18
2
6
-8
18:0
1
-1
10:0
1
-1
1
2:0
-1
3:0
1
-1
11:0
1
-1
6:0
2
-2
1
-1
8:0
1
-1
4:0
1
-1
8:0
1
-1
11:0
2
-2
2
-2
0
1
-1
3:0
1
3
-4
1
-1
0
1
-1
0
2
-2
8:0
1
-1
3:0
1
-1
10:0
1
-1
3:0
1
-1
0
2
2:-1
1
0
-1
6:0
4
-2
-1
0
-1
0
3
-3
8:0
1
-1
2:0
1
-1
0
1
0
-1
3:0
1
-1
4:0
3
-1
-2
1
-1
4:0
1
-1
1
-1
2
-2
1
-1
8:0
2
2:-1
6:0
2
-2
6:0
4
-4
2:0
1
3
-4
0
1
2
-3
1
-1
1
-1
2:0
2:1
-2
3:0
1
-1
2:0
1
0
-1
2:0
1
-1
0
2:2
-4
4:0
2
-2
1
-1
2:0
2
-2
6:0
1
0
-1
1
2:0
1
-2
2
-2
7:0
1
0
-1
6:0
1
-1
1
0
-1
3:0
1
-1
16:0
end
