v1
753
207
1876
552
57
56
3338
936
573
473
442
391
447
87
20
578
351
1002
1096
3149
651
394
275
1171
724
307
4
200
262
804
293
749
314
39
116
368
232
227
1432
48
423
521
2286
75
1761
288
433
896
697
129
11
176
308
154
108
235
217
23
1152
31493
5
538
232
30
1331
237
5914
17509
2650
9755
34757
132646
9490
32443
389
5
56030
43743
2207
2214
217
3
1
100
40370
276
725
1
13
296
85
202
286
57
18
1048
26740
163
1
115
90
-488307
323
654
52
187
1302
853
1278
1074
1360
809
1143
324
7
79
194
199
1192
120
676
27
1227
57
31
1560
2144
704
403
170
306
56
28
23
216
393
48
83
122
55
865
759
414
449
54
121
327
718
171
576
2942
469
1768
76
8
919
373
413
398
191
51
363
798
226
32678
1976
184
21267
28913
16207
4178
1435
106829
13098
53187
10
133
169
55542
359
71
109
27
39
43162
3308
1101
739
31
131
4
5
40089
2150
7
316
761
7
10
96
16946
-478157
287
159
1085
87
482
3
78
277
657
535
288
5
521
1426
334
259
75
194
1259
456
1465
93
287
932
511
209
609
1935
85
172
72
308
22
46
3298
198
211
497
144
2761
547
416
275
1116
1387
199
433
111
66
280
945
473
92
94
126
614
125
96
623
2
1240
634
382
191
545
352
31692
70
126
82
293
8
156
1008
58843
3738
133490
7717
42258
110
55362
159
181
87
146
55
759
13018
8134
22341
4122
86
40595
1446
528
15812
12167
4
3
-488392
572
221
440
14
618
412
43
96
855
77
147
1678
8
710
185
1426
387
347
66
393
296
14
100
331
674
648
194
293
4106
1032
490
456
356
384
577
73
98
136
336
181
745
734
476
426
110
638
231
846
216
129
116
70
798
175
1233
341
980
1178
8
125
94
23
1820
282
756
22
313
92
33004
444
69
161
1751
7726
12399
38103
4651
2481
137834
98004
83
218
3
26181
20980
970
2
7
44
138
6
48
30
45
30359
10944
505
1515
27165
-487354
1484
282
2051
525
1245
244
201
413
1927
16
416
453
909
241
322
109
936
339
140
170
625
241
790
217
37
460
347
677
1214
708
19
16
34
65
252
156
545
446
519
871
1208
433
1170
464
1088
301
460
348
1550
599
202
1741
969
101
208
521
3
704
218
31525
29
9
237
60
37
369
1218
431
50
3310
2211
1881
5140
30151
2991
4451
12757
7633
1
124899
7814
97948
36
289
13
755
42411
2243
2695
3
24
42630
92
61
42
132
17789
9724
264
-486979
57
172
259
170
163
319
95
928
1028
459
162
259
135
133
140
123
337
96
1083
95
82
234
85
1160
412
518
233
726
867
839
138
884
523
672
549
440
224
1068
1391
172
9
1
1783
437
944
937
207
437
202
17
14
185
1288
1007
278
1272
404
185
384
50
158
38
89
94
19
954
421
564
55
744
416
135
345
757
14
195
277
4
31741
92
2004
33302
16839
8088
4684
7591
174593
2
374
55433
8
344
43
1158
47188
187
41622
22
274
-459276
955
194
928
70
604
673
412
7
21
1217
2470
1980
435
678
246
387
633
381
2030
695
817
68
997
1427
7
13
2:30
546
6
105
1487
134
1828
140
614
399
277
692
374
129
1348
620
403
511
19
329
138
102
677
114
1489
478
180
95
344
809
228
175
54
31918
161
401
1384
57
365
9763
703
28126
3659
4349
3521
141751
53214
46
2
119
11246
25036
19650
47
1216
7844
26410
10145
951
1841
80
2
77
166
20
40361
1897
23
344
240
525
26741
-486591
2
526
1837
545
3956
79
1290
237
11
7575
747
524
229
192
142
1011
309
278
1203
880
1309
20
672
240
1574
1091
17
157
894
36722
7721
323
3926
15475
2314
11499
206131
261
56058
741
43253
4161
21
41781
235
43
796
38
39
564
15230
11863
1416544801
99:0
5
99:0
3
99:0
1
99:0
1
99:0
2
99:0
1
99:0
2
52:0
129
3500
-3266
-73
1057
-625
-125
-479
361
927
-985
379
-663
24
-19
353
-348
309
-216
445
-285
-194
4
95
5538
-5661
153
-191
-16
-8
123
87865
-81100
-6844
3526
-3470
-101
4
392
-362
278
8973
-8812
102
11186
-11703
311
-289
2113
2834
-5017
286
25852
-24357
-1499
1173
8070
-8924
106
1181
-1842
3375
-2040
-1376
-14
761
-118
6540
-6835
16125
-16240
1804
-990
388
748
-1946
-55
799
-550
4219
22996
-21990
-4822
-799
84
503
451
-1044
378
-376
-32
3237
7953
-10568
-549
687
1109
-1360
2185
-2480
-314
-1
1
3
-9
9
-1
-2
-4
-2
2
-1
5
-5
5
-3
-2
2
1
7
-10
5
-5
11
-7
-3
11
-12
0
8
0
-6
9
-11
5
-4
-1
7
0
-8
4
1
-1
1
4
-5
2
-5
3
0
8
-11
10
1
-7
3
-5
2
3
-2
2:1
4
-12
2
4
1
-3
4
-2
4
-7
2
1
5
-2
-7
2:-1
6
4
-4
-3
3
1
2
-5
4
-1
2:1
-9
2
8
-1
-8
10
-2
-3
6
-15
2
1
-4
-1
-2
6
-5
1
3
1
-5
1
0
5
-6
4
-3
2
-1
-3
6
-4
1
3
-2
0
-2
0
1
-2
3
0
3
-2
-4
-1
2
1
-3
2
-1
1
2:-1
4
0
-3
3
-1
-2
2
1
2
-3
4
-6
3
-1
-3
5
2:-2
-1
2
0
-1
0
1
2
3
-6
3
1
-1
-4
5
1
-4
4
-5
0
1
5
-2
-5
3
0
-1
1
0
-2
2:2
-2
2
1
0
-4
-1
-3
2
2:-1
0
2
0
-2
3:0
2
2:0
-3
3
-3
2
0
1
-2
3:0
1
-1
2:0
2:1
0
2:-1
1
0
2:-1
1
2:0
2
0
-2
0
1
0
1
-2
1
-1
1
-1
1
0
-2
2
-1
4:0
-1
3:1
-2
1
-1
2:0
2:1
-2
3:0
-1
1
0
2:1
-1
0
-1
2:0
1
-1
2
-2
2:0
2
-1
2:0
-1
1
-1
0
47
-10
5
-3
-6
0
17
58
-1
-72
43
-47
4
58
-20
-40
5
6
27
-42
48
8
-55
-4
44
-22
-18
-7
9
16
-4
11
-18
-11
57
0
4
23
-74
11
-23
6
38
12
-48
16
25
-37
-8
21
47
-22
-5
-21
54
-77
3
21
-27
23
-14
-7
58
-6
-4
22
19
-57
-24
22
-1
-13
20
45
-72
-7
67
-51
-6
-14
42
26
-37
0
-4
-3
-22
53
-39
54
-52
-18
51
-6
34
-79
3
-1
15
-15
-25
-1
0
1
-1
4:0
1
-1
2:0
1
-1
0
1
2:0
-1
1
-1
3:0
1
-1
1
0
-1
2:0
1
-1
1
-1
1
2:0
-1
1
-1
1
-1
1
-1
1
-1
0
1
-1
0
1
0
-1
5:0
1
-1
0
1
2:0
-1
4:0
1
0
-1
1
0
-1
0
1
-1
0
1
-1
0
1
-1
1
-1
9:0
1
-1
1
-2
2:0
1
-1
0
-1
1
3:0
1
-2
1
15:0
-1
1
0
-1
1
4:0
-1
0
1
8:0
-1
1
3:0
1
-1
3:0
-1
1
0
-1
1
3:0
-1
1
5:0
1
-1
6:0
1
-1
12:0
-1
1
2:0
-1
52:0
1
90
-88
5
14
-13
4
-4
-8
0
15
-15
4
-3
-1
0
1
5
-5
9
20
-27
48
-28
-9
-3
13
-19
17
-19
32
1153
-1099
-71
-17
7
-8
15
95
-94
-16
258
-218
-6
161
-173
3
-21
84
74
-162
3
293
-197
-83
46
912
-913
-60
99
-56
72
-98
-3
15
-10
27
88
-122
110
-123
408
-391
-9
53
-46
-13
8
-2
252
362
-426
17
-197
-15
106
-30
-76
29
-6
-7
15
96
-49
-65
-4
25
-26
17
-10
-15
-1
1
2
-2
5
-5
1
-2
0
1
2
-3
0
7
-7
0
1
-1
2:0
4
-3
2:0
1
2:0
-2
5
2:-2
2
-2
-1
3
1
-3
2
2:-1
7
-4
2:0
1
-3
2:-1
1
7
-5
1
-2
-1
1
-1
0
5
2:-3
19
-13
-6
2
1
-3
10
-10
1
2
-3
3
3:-1
0
3
0
-3
7
-6
3
-4
3
0
-2
6
2:-2
-3
1
-1
4
1
-3
-2
3
-3
3
3:-1
4:0
1
-1
1
-1
3
-3
2:0
3
-1
-2
2:0
1
3:0
-1
1
-1
1
0
-1
0
2
-2
0
2:1
0
-2
0
2:1
0
1
-3
3
-3
2
3
-3
-2
1
-1
1
2:0
2
-2
4
-4
2:0
1
-2
2
-1
0
-1
1
-1
0
6
-4
-1
2
0
-3
1
5
-6
0
2:1
0
-1
1
-1
0
-1
0
1
2
-3
0
4
-2
0
-2
5:0
2
-2
5:0
16
-16
6:0
1
-1
7:0
1
-1
3:0
1
-1
0
1
-1
0
6
-4
-2
3
-3
3:0
1
-1
0
1
-1
1
-1
1
0
-1
2:0
1
0
-1
0
2
-2
2:0
1
2
-3
7:0
1
2
-3
1
0
4
-5
2
0
-2
1
-1
1
-1
2:0
2
1
-3
1
3:0
-1
4
-4
2:1
2
-4
2
2:0
6
-8
0
3
-1
-2
10
-10
1
4
8
-13
0
1
2
-1
-2
3
-1
-2
2
-2
7
-5
-1
7
-4
14
-16
12
-14
3
-2
5
-1
2
-3
10
-1
-7
-4
4
8
-9
15
-10
20
-28
0
-2
4
5
-8
6
5
-11
-1
27
-9
-13
-3
0
-2
13
-1
4
-16
3
21
-23
0
1
6
3
-1
-8
0
2:2
4
0
2
6
-14
3
-6
-1
12
-3
-7
5
-7
13:0
1
-1
2:0
1
-1
12:0
2
-2
4:0
1
-1
1
-1
4:0
1
-1
0
1
0
-1
13:0
2
-2
9:0
1
-1
8:0
1
0
-1
57:0
1
-1
14:0
1
-1
5:0
1
-1
0
1
-1
4:0
2
-2
2:0
1
-1
5:0
1
-1
1
-1
20:0
2
-2
2:0
2
-2
20:0
1
-1
5
-5
2
2:-1
8:0
end
