v1
705
45
10
152
368
168
350
136
52
74
41
24
48
52
185
93
285
191
141
26
194
57
17
39
7
4
11
65
81
496
46
165
152
107
95
0
156
102
157
39
536
78
81
234
429
26
160
111
435
215
1
151
93
41
27
133
109
57
175
63
9
495
54
320
6
19
0
54
102
31
58
105
62
349
37
5
143
87
9
133
33
257
127
14
134
31
62
85
98
104
158
144
68
13
147
37
106
275
431
90
23
4
326
51
442
126
213
65
4
57
31
345
433
106
128
64
105
248
41
214
30
95
141
76
37
174
286
139
23
177
335
35
24
275
537
28
181
20
111
44
242
8
109
10
0
493
13
16
28
17
9
29
43
12
26
6
16
1
7
1
48
0
17
7
123
3
1
118
64
18
74
45
78
65
38
19
55
245
447
173
120
225
160
35
329
304
10
39
116
284
54
121
35
106
85
101
128
24
87
61
60
86
102
185
129
27
285
299
10
5
33
83
299
41
106
317
280
808
157
28
116
83
10
0
252
60
55
50
115
2
66
40
168
94
19
56
18
32
47
278
407
229
19
37
221
33
30
202
80
128
2:19
88
15
106
41
40
48
110
221
14
339
171
101
81
20
184
415
37
175
17
53
121
8
11
32
43
37
6
58
241
29
38
100
54
47
53
6
2
95
52
10
78
153
59
5
20
3
193
5
151
54
52
194
0
61
190
63
155
34
92
31
31367
8
22
9
43
161
86
14
30
37
48
88
69
15
112
36
8
22
1080
72
45
134
71
166
15
3
47
3310
2539
1553
663
2410
2067
0
7580
1098
2138
2650
9755
1623
5307
2175
816
925
872
2654
4
8078
7
23
2805
882
943
34
2434
13
983
4160
1
0
14
2:2
5
1428
123471
1
7741
73
9417
1429
30950
32
7
21
4
72
52
57
26
73
20
89
5
16
54631
781
109
45
112
36
18
38
1
6
12
162
27
10
3
10
2:1
11
3
725
61
93
56
7842
7863
5244
4271
17010
575
238
247
1183
454
85
467
56
665
436
532
2
1
2
2:11
31
86
10
52
32
9
28
3
1
43
47
4
5
1
30302
1513
8273
282
176
11
65
24
59
354
312
1
87
222
70
15
202
119
158
9
57
18
41
61
42
88
44
661
37
19
4
13
25
13
15027
1990
9723
1
130
32
13
103
35
55
13
-488320
713
15
0
175
321
260
61
167
0
433
423
436
425
266
45
383
292
430
8
157
925
76
248
655
16
166
690
118
152
158
0
186
16
84
675
196
95
315
86
642
0
488
120
97
0
1101
1916
283
94
650
497
168
0
225
147
463
50
0
11
246
477
258
0
474
181
68
96
133
136
163
14
31
21
121
6
8
0
100
254
203
134
162
0
135
9
7
985
70
103
636
69
449
197
61
360
0
33
392
531
579
199
0
1018
328
474
610
322
0
470
445
525
76
268
44
166
444
560
393
16
94
367
685
502
203
136
416
56
138
55
32076
187
0
205
967
459
0
197
7379
7618
2792
2325
15643
6494
0
1763
845
1744
11619
7127
5168
1447
4034
115874
0
49547
3697
62
284
55400
0
132
231
230
35
9
804
95
69
3445
15195
0
2294
13301
10677
419
1823
0
9
26
142
29
48
105
31834
8372
480
576
695
54
528
13
0
42
203
315
342
27
14720
2199
9735
151
157
0
7
1416985200
499:0
1
204:0
6
-3
8
-4
21
13
285
-314
16
-21
-2
10
-11
2:0
1544
-1542
0
3
2
141
-149
1601
-1600
4
26
-30
1
10
-8
12
-9
-1
16
-4
-12
2
-2
-4
123
-124
3
-2
0
201
-196
111
-90
-5
-21
-1
1
14
-10
-6
3
-3
6
56
-2
-47
2
-13
20
0
1
-13
85
-92
3
-5
288
-281
2
4
36
-40
99
-82
-14
0
-13
6
8
1259
-1265
44
-51
30
-25
-3
-1
2:2
-3
47
58
-85
19
67
-108
6
545
-502
-48
101
-94
3
2:1
-13
41
78
-111
-6
43
70
-114
77
-73
62
-63
146
-104
-44
-3
2
20
25
-16
-23
259
4322
-4522
-66
41
42
72
-140
18
17
-43
-1
0
-4
-2
8
1
-1
1
61
-68
-3
5
1076
-1077
7
-10
1
5
0
20
-22
203
-206
62
-11
-52
394
-350
-43
3
40
-43
11
-9
131
-26
-108
74
-28
-40
1
246
-213
55947
-52755
-3143
-77
33
-44
-1
284
-285
50
-49
0
1
20
-13
-8
0
129
-128
9
-7
12
-2
-10
345
-338
59
98
-168
6
8
59
-62
-2
41
2:-14
2
-8
-14
7
-3
-2
6
-8
-1
12
7122
-7109
1076
-1094
6
-13
-1
4
3
-7
4
46
-44
-4
8
17
473
-496
-2
198
-175
-8
11909
-11916
-9
-1
162
104
-239
-25
-1
3
11
475
-488
56
-35
-21
1
13
1207
3751
-4932
-41
4
-2
126
-128
3
33
-22
5936
-5895
-54
-1
2050
-2049
41
-32
257
-222
-23
458
-481
4306
-4301
12
-16
0
5
1
0
-7
6
-4
-1
712
-711
2:1
3512
-3493
45
-68
2
19
-17
132
-135
7
127
-134
6
209
386
-556
792
-837
9
-4
60
-22
62
-103
11
0
3
909
-872
-34
-16
81
3
-84
2
630
2443
-3053
-20
41
-47
46
-44
-2
63
-53
-9
2
11
-13
0
10
-4
62
-68
124
-123
18
2
-22
19
18551
-18555
-14
7
174
167
-144
4104
-4307
1
3
0
377
718
-1099
13
-10
6
-3
20
65
864
-954
-2
13
-14
4
92
-5
-87
9
-4
17
-23
30
-7
-8
-2
-12
108
-83
38
-60
-5
-2
43
81
-101
-23
0
2
32
343
-375
2:10
-22
5402
-5400
22
-21
2
41
-21
7
-31
5
2
147
-145
-10
27
-15
-6
6829
9525
-13950
-2408
39
-11
-30
607
-574
-33
56
99
69
-224
41
-9
208
-231
769
-539
-236
981
-982
124
-84
-37
75
3297
658
-2809
-1074
-147
39
-40
-2
9
-10
19
7083
-7092
5
89
-99
24
356
-301
-83
4626
-4627
148
-148
203
-175
-32
3
-2
0
2
-1
0
-1
3:0
1
0
-2
2
-1
0
-1
0
3
-3
2
-1
1
-2
3
0
-3
2:0
1
2:0
-1
2
3:0
-2
1
3:0
-1
1
0
-1
2
1
-2
1
-2
1
0
1
-2
1
3:0
-1
3
-2
0
1
-1
1
2:-1
0
2
2:-1
1
-1
3:0
2
2:-1
2
-1
0
-1
2
-1
0
-1
3
-3
2:1
0
-2
1
7:0
1
-2
2
0
-2
3:0
2
2:-1
1
0
-1
3:0
2
-2
0
3
2:-1
0
1
2:-1
0
1
2:0
1
-1
1
-2
0
2
-2
2
-2
1
0
-1
3
-1
-2
2:1
0
-1
2:0
-1
3
-1
-2
1
0
1
-2
2
-2
1
2
-3
2
-2
1
0
2
-3
3
-3
1
0
1
-2
2
-2
1
-1
3
-2
0
-1
2
-2
2
-2
0
3
-2
2:0
1
0
2:-1
0
1
0
-1
1
0
1
-1
2
-2
5
-4
-1
2
-2
1
-1
2:0
70
-70
2:0
1
7
-8
22
-22
0
3
-2
-1
1
15
-13
-3
4:0
3
-3
0
5
-5
3:0
1
0
2
-1
-2
2:0
2:2
-4
5:0
2
-2
3:0
2:1
-2
2
2:-1
0
28
-28
1
-1
4
-3
1
0
1
3:-1
2
-2
1
3
-4
8:0
7
-4
-3
2
-2
0
5
-2
-3
13
-13
2
0
-2
1
-1
12
-12
4:0
1
-1
3
-3
0
2
-2
3:0
6
-6
0
24
-14
-10
1
-1
0
4
-4
0
40
-38
-2
2:0
1
4
-5
2:0
15
-14
1
-2
2
-2
0
1
2
3:0
-3
4
-3
8
5
-13
20
-14
-6
0
3
-4
1
2
6
13
-22
3
4
-5
-1
29
-14
1092
-1040
-53
-13
0
-1
0
6
-6
1
-2
2:0
10
-10
4
-4
7
-6
1
-1
9
-9
-1
59
-59
4
6
-10
2
-1
13
-14
0
11
-8
-2
0
-1
0
4
-4
2
4
-6
0
9
256
-265
33
-32
0
-1
0
2
0
-2
0
7
-6
-1
2:1
26
-27
-1
10
-7
-3
186
-181
-5
2:1
24
-26
2:0
1
0
18
-19
29
-27
-2
0
9
69
150
-219
-9
0
1
-1
3:1
3
267
-264
-8
-1
85
-85
3
-3
20
-17
9
28
-39
488
-489
2
2:-1
2
-1
0
-1
2
0
-1
100
-101
1
-1
84
-79
1
-6
1
3
-3
19
-20
0
33
-32
1
14
70
-83
21
-24
3
-3
11
-10
27
-28
2
0
-1
17
2:-9
2
10
0
-10
-2
24
81
-102
-3
2:0
6
-1
-5
27
-27
3:0
1
-1
3
-3
3:0
2
-2
2:0
3
113
-116
1
3
9
-13
12
351
-363
3:0
3
7
-10
3:0
2
0
3
41
-44
-2
6
2:-3
5
-4
4
-5
2:1
-2
17
-16
6
2:-3
8
-6
0
-2
2
-2
-1
0
1
-1
1
-1
14
-5
-8
1
3
-5
4
-4
2
-1
0
6
-4
-3
1
-1
3
3:-1
0
5
-2
149
304
-269
-186
2
0
-3
147
-146
1
-2
8
-3
-5
0
2
33
-35
53
35
-86
19
-17
9
-3
-10
6
24
156
-121
-59
-6
10
-9
-1
1
0
1
12
-9
-5
9
-9
1
10
1
-12
76
-76
11
-10
16
-11
-6
4:0
1
-1
0
1
2:0
-1
1
-1
7:0
1
-1
1
-1
14:0
1
-1
11:0
1
0
-1
13:0
1
-1
5:0
2
-2
0
1
-1
18:0
1
0
-1
22:0
1
-1
9:0
1
-1
4:0
1
-1
11:0
1
0
-1
10:0
1
-1
4:0
1
-1
5:0
2
-2
3:0
2
-2
3:0
1
-1
8:0
1
-1
4:0
end
