v1
715
130
122
251
72
654
31
21
139
48
13
483
119
249
132
170
58
19
37
7
15
28
722
103
328
284
140
297
295
78
81
0
280
86
51
77
62
404
177
493
153
43
70
136
72
227
138
278
620
17
34
101
31
18
70
91
46
349
98
87
176
86
257
79
196
37
56
287
99
271
303
158
90
27
431
61
29
32
372
112
276
54
59
280
69
10
47
14
362
76
240
223
135
57
270
94
369
254
27
108
13
235
416
394
151
124
16
212
164
286
88
111
44
242
8
281
123
181
27
29
12
39
19
13
18
7
18
5
33
31
71
1
110
13
4
118
73
9
74
45
2:14
50
65
57
38
17
14
113
118
74
11
362
173
120
225
160
35
219
110
262
42
10
39
116
284
54
30
91
141
85
142
59
200
170
78
170
223
32
187
313
10
38
153
229
41
508
13
990
199
102
405
55
56
109
2
24
344
75
50
30
185
110
684
8
221
265
80
128
57
69
7
8
147
30
10
158
125
110
339
3
0
370
0
86
98
452
34
141
17
53
121
8
11
32
112
251
189
54
47
53
8
6
89
32
20
2
86
153
39
20
5
23
196
2
451
204
265
34
91
31400
7
6
16
9
12
196
29
53
44
173
84
112
36
8
22
1152
179
71
166
18
3357
2211
328
1553
5140
10816
2650
9755
793
9128
3064
1385
2
14
8082
7114
13
474
4688
5
1
1427
0
123472
7741
73
9417
28772
3667
4
26
66
71
4
113
109
5
54647
781
102
7
157
9
27
56
1
18
144
2
16
27
10
2
1
10
2
11
2
726
70
21089
3093
1178
9030
7980
575
485
1183
539
523
1633
3
8
16
31
86
63
31
37
3
1
90
10
40088
282
176
69
120
636
1
13
296
85
202
277
9
24
33
18
41
103
88
3
2
39
661
56
42
13
14955
2062
9722
2:1
162
1
115
54
36
13
-488067
150
164
100
86
467
22
327
225
23
65
28
235
519
542
106
117
76
338
287
10
430
275
61
74
128
106
169
180
352
20
324
10
194
41
153
72
310
44
0
122
138
94
194
111
0
230
242
78
150
33
148
303
785
444
157
144
238
257
48
178
108
515
26
304
312
21
37
74
594
778
364
98
175
227
0
492
273
116
255
202
660
428
28
665
566
39
100
6
0
16
25
17
0
7
47
2
145
5
14
90
24
53
21
61
52
37
28
86
35
74
332
287
151
92
575
679
191
97
687
29
166
117
0
32
5
97
314
27
254
171
192
747
152
13
42
12
2:185
0
118
494
233
145
7
10
71
333
157
252
261
0
403
232
279
241
69
92
132
2
50
183
688
24
589
10
38
45
102
140
729
176
12
23
305
227
15
423
2:107
89
14
42
100
54
52
255
42
128
20
63
19
2
232
13
31413
82
46
0
49
21
45
33
182
69
88
7
177
995
647
9
8372
1391
1394
0
7954
1003
1097
12
4015
2314
4909
3296
6494
4349
3530
8085
0
2
1
2825
882
965
2449
5161
9
4958
20260
83046
0
13098
1
3543
1736
5982
101
41867
31
90
21
0
16
38
61
32
110
0
10999
44610
76
47
57
53
18
134
755
22
184
3457
15195
24553
1187
245
706
133
721
436
534
34
21
59
125
4
2
8
67
0
27
11
0
13
5
40396
0
271
466
114
0
213
9
283
241
264
277
245
100
331
89
96
14777
11
120
102
11669
358
1416438000
399:0
1
314:0
3
1
6
-6
17
-17
14
-4
1
569
-571
4345
-4287
-68
59
610
-661
1636
-1454
-170
211
-231
41
-41
43
82
-125
179
-172
4
-10
-1
1
-1
301
-301
39
32
-69
4
1
402
-410
2
1
5
-6
-1
27
-25
-2
-1
3
2:-1
992
-972
580
-521
-78
26
-13
-14
1
-1
7
2
-7
12
569
-567
50
2963
-2992
28
-63
107
-97
-11
24
66
-90
249
-144
-91
28
25
-59
-9
0
80
-22
13
-71
1
37
-37
-1
6
24
-30
161
-4
1264
-1407
16
-20
4
5
-20
13
8
3
98
-121
0
9
-8
18
-18
9
-10
37
-37
18
63
-81
0
80
-80
1
-1
76
-4
39
-86
202
-86
-128
12
-12
9
941
-964
29
-22
12
-17
59
-60
13
24
43
-49
15
4
-41
-8
380
-350
-21
94315
-86789
-7408
-117
43
2411
-2464
121
-121
2793
-2794
789
-789
2
14
-16
15
-14
43
-34
225
-234
179
277
-456
27
37
-58
23
-29
30
-21
5
-8
-7
7227
-4282
-2911
-23
27
-31
-6
0
83
-75
25
479
-500
83
-96
36
57225
-57227
-20
-1
130
212
-355
24
-2
1
0
1522
-1158
-242
-114
4
-24
390
-370
2047
9988
-12026
-38
4
34
15303
-15321
-22
4186
-4128
-49
-9
28
-28
115
-89
-25
37
1469
15437
-16877
-56
14
-11
-13
465
-465
11
6573
-6505
-66
169
-183
7
-1
-5
202
-91
-112
146
1061
-1181
1342
-1315
51
-78
75
-90
154
-122
225
-185
41
1035
2962
-3443
-669
167
-67
-93
38
-54
-1
8
22
-29
42712
-42681
-8
0
-2
15
260
-272
3440
-3453
-11
839
-826
-1
-11
18
-18
51
2760
-2730
-66
148
-146
17
-34
72
-60
22
-29
39
-43
17
-6
6
-9
-2
0
-2
55
-53
-8
22
6
-27
10
-10
104
57
-148
6
46
-27
-19
-20
7
-1
83
-52
-36
30
2080
42242
-40332
-4012
463
-437
22
-50
-6
5
1121
-930
-196
1505
-1253
-53
-107
871
-933
4860
2788
-7635
-10
11
-45
1
61
-36
25
-50
349
-321
-21
88
6587
-6664
1538
-1241
-132
-183
244
-197
-49
-2
2
-2
2
-2
2
0
2:3
-1
1
-1
-6
5
-1
-4
1
4
2
-8
1
-1
1
0
5
-5
-1
6
-6
6
-5
6
-5
3
4
-4
-3
-1
0
4
3
-6
-1
2:0
1
0
3
1
-4
-2
8
-7
8
-1
-3
-4
1
-2
8
-7
1
3
2:2
-7
3
-3
6
-2
0
-1
-3
-1
2:0
-1
7
-7
1
5
-6
2:0
2
-2
1
2:0
1
-2
1
0
1
4
2
-6
2:3
-7
1
-1
5
-4
0
2:-1
1
7
1
-2
-7
2
0
2:-1
6
-6
1
0
-1
1
0
7
-2
-1
-5
2:1
4
-4
3
-5
0
2
-1
5
-5
0
-1
2:1
-2
6
1
-6
1
0
-2
1
0
5
-5
8
-3
3
-7
-2
6
-4
4
-1
-5
6
-5
1
5
1
-8
2
5
-7
1
5
-5
-1
0
2
-1
1
4
-5
1
0
4
-4
-2
1
4
1
-6
2
-2
1
4:0
1
-2
1
8
-9
1
5
-5
6
-5
6
-8
2:0
1
0
4
3
-3
-5
2
-2
2:1
-2
7
-5
-1
0
4
2
1
0
-8
2
-2
0
2
-1
3:0
4
-4
1
4
-5
1
4
-1
-4
0
-1
6
-4
4
-5
0
-1
0
8
2:0
-7
1
3
-4
-1
2:1
0
-2
2:0
8
-8
5
1
-5
-1
0
8
-8
0
6
-4
-1
0
7
-7
0
5
2
-7
0
-1
2
-1
0
-1
1
-1
2
-2
0
7
-5
5
-6
-1
2:1
-2
0
1
-1
1
3:0
2
-2
3
3:-1
1
107
-108
0
1
10
-11
18
-17
6
-6
-1
2:0
9
-6
-3
11
-11
1
0
-1
2:0
1
-1
5
-4
-1
2:0
12
-11
-1
0
2
0
-2
5
-5
5:0
31
-31
0
2
-2
5
-4
-1
1
-1
0
5
-5
0
4
-4
0
10
-7
-3
2:0
4
-4
0
7
-7
8
-6
-2
3
-3
2
-2
1
3
-3
-1
0
3
1
-4
4:0
4
19
-23
9
-6
-3
1
-1
0
2
2:-1
64
-64
2
0
-2
2
0
2:-1
16
-16
1
3
-3
0
7
-8
3
-3
9
2
9
-17
25
-16
-10
1
-1
0
11
-12
3
2:-2
0
6
-6
1
4
1
-6
4
2:-2
0
40
-40
9
787
-719
-65
-8
-1
-3
0
2
4
-1
-3
15
-17
0
1
-1
2:0
9
-6
19
-17
1
8
-14
0
12
-11
8
-9
3
-1
2
-1
-3
279
-225
-51
-2
-1
2
-2
0
11
-8
0
31
-33
6
-7
3
238
-241
6
-4
3
24
-29
2:0
2
0
-2
40
2:-20
4
-4
2
3
85
54
-140
-4
0
10
416
-421
-5
49
-49
2:0
3
-3
8
-3
-5
30
52
1501
-1583
2
2:0
-1
106
-107
0
129
-129
4
10
-14
2:0
1
2:15
-29
23
113
-134
29
-27
7
-7
32
-35
0
11
-1
3
-7
23
101
-116
-16
6
-7
2:16
-32
1
-1
3
-3
166
-164
-1
4
0
4
-9
4
368
-370
-2
8
-8
0
3
-2
0
3
56
-60
3
-3
9
-3
-5
2
-1
19
-14
-7
1
13
-13
13
-13
5
-4
-2
7
-6
13
-14
4
-4
1
0
15
-12
-3
4
1
-2
2
-5
-1
1
0
-1
2
10
179
506
-519
-175
122
-125
8
-3
-4
2
131
-47
-87
44
-23
-11
2:-5
2
170
31
-202
13
-11
-3
1
30
-28
0
-3
25
-21
-2
-1
10
-7
-1
2
11
-15
13
-13
-1
7:0
1
-1
4:0
37
-37
12:0
1
-1
1
-1
4:0
4
-4
3:0
2
-2
11:0
2
2:-1
12:0
1
-1
7:0
1
-1
0
1
-1
2:0
1
-1
0
1
0
-1
4:0
5
-3
-2
2:0
1
-1
7:0
2:1
-2
0
1
-1
9:0
3
-2
-1
5:0
5
-5
9:0
1
0
-1
8:0
1
-1
2
-2
0
1
0
1
2:-1
0
2
-2
1
-1
5:0
4
-3
-1
2:0
2
2:-1
2:0
1
-1
3:0
2
-2
0
1
-1
5:0
1
-1
2:0
2
-2
3:0
1
0
-1
11:0
1
-1
6
-5
2:0
2
-3
2
1
-3
8:0
1
-1
8:0
1
-1
6:0
2
7
-2
-7
5:0
5
-5
3:0
5
-5
2
-2
0
2
-2
3:0
2
-2
5:0
2
2:-1
8:0
1
-1
12:0
end
