v1
762
1229
252
602
552
57
56
2872
15
451
101
550
285
668
400
811
3087
494
781
3413
275
2007
195
204
1
196
65
1097
749
203
111
39
484
459
1096
384
423
1511
1296
75
1761
126
162
433
896
360
466
11
111
527
108
452
23
1152
31493
5
43
322
37
136
232
30
1152
179
302
5849
17509
2650
9755
22454
4660
7643
132646
9490
32443
394
55694
336
43168
575
2207
2327
104
3
1
90
10
41371
1
309
85
545
18
232
289
527
26740
1
163
115
90
-488429
57
20
110
258
297
93
431
63
9
175
62
343
86
28
9
126
100
110
127
39
82
15
28
50
68
260
236
46
165
58
1
3
262
4
284
5
27
108
56
359
111
18
48
159
106
260
323
160
133
155
152
96
146
58
41
99
126
20
55
5
48
49
24
50
363
339
210
366
135
31
58
30
414
14
90
5
148
44
112
32
39
35
257
36
100
20
119
93
85
147
8
2
45
99
67
75
129
13
565
495
53
341
248
81
51
0
98
126
80
93
109
57
376
85
231
84
21
118
69
66
221
106
10
59
55
172
42
30
86
9
254
29
26
93
194
182
44
231
118
180
211
176
269
107
81
92
140
172
44
242
8
59
75
125
145
150
31
40
1
15
45
6
3
0
29
25
18
4
0
8
7
25
16
0
55
2
3
20
111
11
6
118
62
11
83
6
39
2:14
80
38
35
19
140
42
118
85
2
0
360
78
92
3
102
243
160
231
23
414
165
117
29
138
54
262
85
167
62
172
146
29
243
15
0
129
27
271
313
10
5
99
87
229
350
114
105
7
0
80
88
9
41
258
404
397
71
12
10
367
50
6
106
3
2
24
42
427
6
24
295
636
19
0
258
33
30
27
169
44
42
53
94
10
28
76
8
187
283
96
353
260
12
81
20
222
26
89
255
7
37
175
16
1
53
70
2:51
86
277
22
29
38
100
101
116
92
2
86
1
57
95
59
25
107
89
0
5
205
42
204
103
16
132
46
17
155
98
31444
12
9
52
37
70
78
53
14
115
124
48
112
8
36
1008
144
90
182
166
15
3
41
3316
7
2204
1881
2387
2753
6258
320
1003
1097
12
14534
9918
925
3
2138
1383
2
14
8075
2
2826
1840
2456
10
5144
16
7
1
1427
106829
13098
1
3543
1
7716
1
28
69
41828
28
30
16
50
77
111
20
16
56
17
11020
44413
109
164
2
27
18
15
23
0
1
18
1
52
27
64
2
16
27
10
3
10
2
739
0
29
32
21098
3093
1178
12281
5227
315
203
44
825
358
872
1
133
56
665
436
532
2
1
2
22
30
1
86
54
9
31
9
66
9
51
5
30303
1513
8172
101
218
64
176
69
31
138
675
103
96
93
217
24
28
225
33
70
22
61
42
47
85
568
93
37
19
17
28
14815
0
150
2049
13
9722
212
54
117
-488362
42
217
100
174
394
448
379
443
200
104
244
897
540
115
160
1663
910
633
351
428
959
42
419
575
255
349
118
161
2:7
144
128
236
401
171
919
21
102
131
146
600
237
80
883
123
77
255
862
1044
572
35
23
152
8
1
21
11
30
73
70
56
104
276
16
52
56
156
883
111
422
13
322
757
496
197
824
22
194
108
960
47
1177
991
224
360
404
534
264
667
1219
141
179
541
114
462
243
389
97
153
106
102
103
188
5
208
48
134
31490
7
79
350
95
1
65
1762
10466
4531
5116
7439
21187
1382
15215
5156
16923
115819
41867
31
59
2:31
4
2
110
131
55559
173
156
128
4396
39748
1432
2532
13
2
17
6
15
142
42
32
40129
834
389
139
273
875
38
732
64
8
27056
1416358200
99:0
1
499:0
1
161:0
306
-81
4813
-4880
144
1160
-1165
-133
466
911
-948
154
-10
-360
764
-862
1237
-1239
-135
106
-69
209
54
-275
-19
89
-99
373
-364
73413
-65975
-5076
-2162
67
303
-377
-151
19550
-18401
-746
-375
25566
-25581
216
-253
3118
7181
-9433
12824
-11300
-875
55464
-56473
738
867
-1699
-193
-245
9
759
-585
215
-385
570
340
-592
7303
-6975
297
-885
35443
-35316
5635
-5277
-222
-298
22
-44
58
826
-843
3040
36757
-35902
-3558
184
1386
-1862
813
-787
11744
-10545
-1222
-30
33
4133
-4132
254
-262
226
-461
1
6
-1
16
90
-90
-17
-2
11
105
-110
-4
-6
1
2
0
16
-19
91
-86
8
-4
-8
-1
25
-22
11
-11
33
-28
-7
3
-1
-2
43
-43
15
6
-22
13
3
-12
72
-70
-1
6
-2
6
-12
23
28
-19
-34
34
-29
-5
3
9
-11
5
-7
20
7
-26
133
-125
-7
5
-3
33
-9
-27
0
4
72
-69
23
-29
2:-1
1
23
7
-29
9
-9
9
-4
-2
-5
26
-18
16
-24
30
-28
1
6
52
-61
10
-7
-1
5
-5
0
85
-77
-9
0
5
40
-44
0
-1
6
-6
66
-65
13
-2
4
-2
-8
15
-10
5
-16
17
32
-43
-6
12
-9
-4
22
-21
61
-61
5
-5
51
-49
-1
47
-49
6
62
-64
7
73
2:-36
-12
8
-8
18
-14
5
55
-49
-12
-1
0
105
-94
-6
-5
0
23
39
-39
-23
0
-1
2
36
-36
3
-2
52
11
-65
11
68
-81
12
-2
-6
-4
1
2
0
-3
1
106
-103
1
0
27
-29
-2
21
-22
52
-42
-9
24
35
25
-76
24
-20
19
86
3
-117
0
58
-49
14
-19
25
2
-29
-5
15
36
-49
1
-3
6
129
-134
-1
1
3
0
31
-28
-4
8
-12
1
71
-69
11
-5
7
-14
5
2
27
-24
-10
14
41
3
-59
0
1
3
0
45
-23
-26
-1
16
-7
43
-37
-11
-3
10
-4
84
-61
-22
-8
46
-43
48
-46
24
-28
2
-2
-1
2
118
-88
-29
14
55
-72
27
-17
-5
-3
7
27
-9
17
-29
-10
48
-50
85
-66
-22
4
33
-36
3
1
0
12
-11
3
32
15
-56
62
-59
14
-16
2
-2
60
70
-131
9
-4
-1
7
-3
20
-28
2
96
-68
29
-55
-3
10
24
91
-123
27
-26
112
-114
62
67
-125
43
-43
14
-17
24
-27
3
21
-21
-2
8
10
38
-43
-13
9
-5
59
-60
2:9
-4
41
-55
68
-59
-8
-5
10
37
-6
-41
0
10
43
-47
2:-3
1
-1
136
-117
-11
-7
42
-43
25
-6
-12
-5
100
-102
3
2
0
121
-118
-4
-3
26
-26
5
19
-16
66
-72
37
3
-41
0
10
-11
0
8
-6
-3
0
9
-7
4
16
27
-49
72
-45
37
-57
5
13
-8
10
-7
-4
-16
19
-6
15
-19
22
-27
-3
8
-7
-2
18
-17
4
103
-103
65
-39
-3
2
-28
32
-30
-4
3
48
-7
36
26
-81
-15
61
31
-78
-18
88
-93
12
-13
55
-31
-24
5
0
61
-62
102
-94
-10
23
-25
-2
2:0
1
0
-1
0
2
-2
1
-1
3:0
1
3:0
-1
1
-1
1
3:0
1
-2
1
-1
3:0
2:1
-2
1
-1
1
-1
1
2:0
-1
1
-1
1
2:0
-1
2:1
-2
1
0
-1
2
-1
0
-1
4:0
1
-1
1
0
1
2:-1
1
2:0
-1
0
2:1
2:-1
1
-1
3:0
1
3:0
-1
1
0
-1
2
2:-1
1
0
-1
1
-1
3:0
1
0
-1
0
2:1
-2
1
-1
1
-1
1
-1
0
1
-1
2
-1
2:0
-1
1
-1
0
2
-1
0
-1
0
2
-2
1
0
1
-1
3:0
-1
0
2
2:-1
2:1
-1
3:0
-1
1
0
1
-2
2:1
0
2:-1
8
-7
97
-96
15
-2
-12
-2
4
-3
2
16
-19
5
25
-24
3
-2
35
-35
6
0
21
-33
2
10
-6
47
-54
1279
-1189
-90
3
-3
56
-39
-2
339
-295
-28
-11
218
-213
6
-31
90
121
-211
406
-307
-10
2047
-1995
-140
108
-109
23
-23
37
120
-132
-18
5
-8
23
16
106
-126
-23
1
168
-168
482
-470
42
-48
8
7
-18
4
-8
230
528
-525
-222
190
-2
-124
-29
-9
361
-238
-147
-9
19
-13
1
0
12
-7
-16
0
1
0
-1
0
1
0
-1
2:0
1
-1
4:0
3
-3
1
-1
2:2
-4
0
1
-1
0
34
-30
-4
2
-2
2:0
3
-3
0
3
-3
1
0
-1
10
-10
5:0
3
3:-1
3:0
3
-3
4:0
2
-2
6
-6
0
3
-2
1
-1
0
-1
2:0
1
2:0
-1
2:0
8
-3
-5
2
-2
2:0
1
-1
0
1
2
-3
2
-2
2:0
5
-5
1
-1
1
-1
2:0
10
-9
-1
0
2:1
-2
4:0
2
-2
2
-2
2:0
1
-1
1
-1
2:0
4
-4
5:0
2
3
-5
2:0
2
-2
2:0
1
-1
4
-4
2
66
-67
-1
0
2
-2
3
0
-3
4
0
2:-2
0
26
-25
2
-3
0
1
2
0
-3
0
3
-2
1
-2
1
0
2:6
-12
0
3
-4
3
1
-4
0
1
-1
2
-2
1
11
-12
2:0
3
-3
3:0
8
-6
-2
3
12
1
-16
1
3
-2
2
3
-7
1
20
-15
-6
0
9
0
-7
-1
0
8
-8
2:0
4
7
-7
-4
0
-1
2:0
1
-1
3
-3
0
17
-16
2
-3
3
-2
2
-2
3
-1
-3
1
4
-5
2:0
2
-2
0
8
-5
-3
0
1
-1
6
-6
2
-2
2:0
4
13
-15
-2
2
-2
5
-3
0
2:-1
2:0
1
17
-14
-4
0
4
-4
6
-1
-4
3
-2
5
-5
14
-10
-6
2
-2
15
-15
0
3
26
-27
0
1
0
2
-4
-1
2
-2
1
6
-7
1
0
-1
0
12
-4
-8
3:0
3
-1
1
-3
3
13
-15
8
-9
0
1
4
40
-45
4
-4
8
-8
16
-4
-12
5
-5
1
-1
2:0
4
-3
0
-1
0
11
29
-39
0
3
-3
2
-3
3
-3
0
1
0
2
-3
3
-2
4
6
-10
-1
0
2
7
-9
1
0
-1
1
2
-3
1
-1
7
-6
2:4
-9
2
0
1
-3
2:0
9
-7
-2
0
3
-3
1
10
-10
8
-8
4
0
5
0
-7
-3
2:0
1
-1
0
1
-1
1
-1
7
-7
0
1
6
-5
-2
8
-7
3
0
-2
-1
1
-2
0
2
7
-8
-1
2
-2
0
5
-5
0
3
-3
15
-4
-11
4
-4
2
-2
2:0
10
-7
-3
7
-1
-6
4
-4
10
-5
16
-21
2
0
2
4
-8
1
0
5
-5
2
1
-4
9:0
2
-2
12:0
1
-1
4:0
1
-1
25:0
1
-1
0
1
-1
4:0
1
-1
16:0
1
-1
18:0
1
-1
24:0
1
-1
0
3
-3
1
0
-1
0
3
-3
7:0
2
-2
1
0
-1
8:0
2
-2
2:0
end
