v1
751
207
33
57
226
209
11
303
186
28
44
116
14
34
8
48
119
51
389
317
64
143
9
18
1
57
56
22
28
118
192
182
47
121
165
340
272
32
108
592
89
70
162
70
262
15
451
135
148
46
106
194
16
5
1
43
75
33
93
41
218
108
247
7
71
79
2:121
96
380
13
27
33
125
8
225
148
133
63
73
105
12
20
209
33
257
79
57
139
93
287
216
120
333
4
150
125
47
40
44
17
283
113
160
221
22
366
54
339
69
57
31
842
42
91
37
7
327
463
87
113
17
64
21
7
58
323
24
94
245
8
13
279
94
266
9
16
521
209
80
51
100
186
8
59
45
5
295
175
33
22
7
51
31
1
37
1
5
2:19
6
24
1
46
2
3
14
117
13
4
24
94
73
9
74
45
14
6
58
65
41
71
127
118
447
78
7
85
123
94
131
195
329
180
124
10
33
6
116
104
42
192
30
126
106
85
101
41
25
234
151
67
200
15
129
312
10
153
136
33
13
2
83
299
41
68
38
597
712
96
301
71
22
223
81
63
50
6
109
2
24
80
77
93
94
75
50
325
466
53
51
66
95
182
33
173
53
6
80
128
43
83
7
8
147
40
158
125
57
53
339
353
20
39
145
360
92
34
42
99
70
121
8
11
32
80
6
350
16
100
54
47
61
35
20
92
88
153
59
5
23
104
89
3
2
151
54
174
323
63
155
34
67
31431
1
21
9
43
9
152
4
29
97
85
69
19
38
46
112
15
21
8
22
986
166
68
111
237
15
3
47
3310
2211
2
314
12
1553
663
3101
1376
4236
3345
3235
2650
2798
4494
2463
1623
7482
816
925
872
2652
2
8055
34
2824
1829
15
2466
983
1014
3154
1
8
2
1433
20
15451
104456
3544
1
7741
73
9417
28772
3649
4
18
163
44
73
12
8
16
73
5
16
54631
731
9
41
109
87
70
9
45
38
1
6
12
162
27
10
2
1
8
2:2
11
2
755
20
12
158
20940
4271
9030
7980
575
485
1183
539
523
665
436
532
2
1
2
22
28
3
86
10
39
45
0
37
3
1
43
42
5
4
6
31815
8246
27
282
176
15
85
19
70
511
125
1
13
296
85
202
24
253
9
57
18
41
61
42
102
30
399
249
13
37
19
17
38
15027
4
1973
9735
2:1
163
72
43
28
7
55
-488349
161
182
318
43
315
89
163
13
53
158
259
433
81
233
838
184
214
293
142
4
342
522
110
102
353
160
145
1046
41
335
148
315
21
118
501
533
109
0
336
95
173
516
98
314
53
107
193
1878
180
23
89
222
215
816
185
1086
277
132
516
577
148
85
116
539
248
203
101
86
12
10
222
281
116
87
35
19
385
2
352
1
6
130
44
202
276
78
15
55
10
175
604
207
175
47
140
271
108
91
116
24
19
59
216
681
0
5
38
99
87
322
257
114
105
175
1000
185
138
55
19
0
618
220
41
281
111
449
14
399
50
96
62
127
37
57
101
179
1031
2:351
173
190
134
6
68
30
143
124
227
14
51
135
345
317
396
58
39
1
138
55
108
54
77
3
32
31495
201
14
31
175
1
72
1
176
21
1031
24
119
110
346
10466
8325
1322
1098
14546
790
6140
7453
8068
9
5
2807
14
4780
4693
5482
115874
3074
8186
51
28
23
41889
9
50
32
248
33
11004
44448
47
231
110
7
27
64
6
50
28
725
43
119
2
43089
2302
144
1776
5
0
69
10
22
2:73
40645
118
305
213
132
35
41
628
169
264
13
38
73
134
431
166
14807
1416037200
499:0
1
250:0
59
-52
2
-6
22
18
-25
-10
-1
-5
0
16
2
54
-65
-2
-5
1731
-1730
-1
25
-24
106
-96
366
-30
-302
-37
-2
-5
0
7
9
-9
-2
-6
6
7
112
-118
195
-197
-5
277
-267
33
-20
-2
-20
21
-17
0
-4
150
-143
59
-40
-13
61
-74
6
72
-72
-7
6
3
-4
38
-25
-9
12
-15
-6
101
-54
-47
38
-26
-1
-11
22
42
-21
15
-17
213
-186
-61
419
-403
-17
-6
0
646
-221
-337
-88
1
0
19
25
0
14
41
-100
8
187
-147
-20
-27
20
61
-82
0
1
17
-17
38
-31
92
-63
-37
1
270
-270
7
-1
17
34
-58
0
1280
-1100
-180
57
-50
45
140
-191
26
-21
37
17
-51
-8
17
7
-25
6
4
-4
5
45
20
-63
-12
21
-14
-8
15
-14
50
-42
-9
20
-5
-15
450
-410
-33
54
-55
295
-256
35
-41
-30
5
198
-206
169
-169
180
-134
-45
-1
22
33
-51
4
-1
374
-382
43
74999
-74976
6143
-6133
-75
5
43
2394
-2448
237
-219
-6
163
-137
8
-33
37
-43
154
-140
-20
-1
1
110
-97
40
321
-367
38
236
-267
-6
2:-4
2:85
-170
24
-24
13
-1
-7
1
-7
16
2:-8
29
-29
4014
-2725
-1270
43
-62
1
-1
7
-1
42
-35
-13
19
-18
15
683
-699
323
-310
26
21257
-21207
-81
-1
-6
172
-101
-72
32
-32
429
-429
131
-125
24
28
-19
-26
2166
-1567
-580
-32
5
-4
43
3
8541
-8535
3142
-3175
12
8
189
-211
49
1243
-229
-1081
664
-663
77
-56
20
-35
-7
12
-3
336
-345
11540
-11540
165
-139
-25
0
-1
6
3
240
-242
-6
165
-158
-7
36
-36
430
-407
228
-246
8
-13
47
94
-124
111
307
-424
77
-88
20
881
-851
-43
7
45
-12
-40
238
8782
-9018
6
465
-471
1
100
-111
5
23
36
-63
-1
5
6
277
-276
-3
1898
-1901
-6
0
19869
-19850
-18
4
-4
18
159
112
-170
2111
-2231
75
-66
3167
-3170
1
5
-1
4
-9
65
602
-668
55
-53
0
16
5
-21
58
-56
-8
4
92
-85
-3
36
-19
8
-27
1
-8
14
-5
265
317
-574
-2
-4
-10
14
-10
6
64
900
-960
43
111
-70
-88
-4
13
-8
-11
8
141
-143
1730
-1698
-38
-1
10
0
4415
34628
-35097
-3949
-6
33
-21
1048
-1011
-50
305
-221
-55
-23
262
-267
24
-24
332
-65
-199
1067
3481
-4449
-159
62
-70
42
2242
-2239
-10
0
38
-8
-10
-56
12
-7
13
19
240
-221
-56
0
6
91
21
1192
-1285
156
-142
-32
898
-906
3
-3
4
-5
5
-1
-4
1
4
2:0
-4
4
1
-2
1
-4
1
2
-4
3
-3
1
4
1
-6
1
-1
3:2
-5
5
-4
2
1
-5
0
4
-3
2
-3
4
2:1
2:-2
0
2
-4
4:0
1
3
-4
2
4
-5
3
0
-3
2:0
5
-5
4
-3
3
-1
-4
1
5
-4
-1
3
0
-1
3
2:-2
2
-3
-1
0
2
3
-5
2:0
5
-1
-4
1
3
2
-6
4
-4
1
2
-3
3:0
5
-4
5
-2
-4
1
5
1
-6
0
2
-2
-1
0
1
0
1
-1
0
4
1
-5
3
-3
2:0
-1
1
4
-1
0
-3
3
-3
6:0
5
-2
-3
5
0
-6
1
-1
5
-5
1
4
-1
1
-5
5
0
-4
2:0
-1
1
-1
6
-4
-1
0
2
1
-4
2:1
4
-5
5
-5
1
-2
5
-5
3
-1
3
1
-1
-4
4
-4
-1
1
4
2:-2
3
-3
2:0
3
0
-3
0
-1
0
2
-2
5
-4
-1
4
-4
2
-1
3
-3
-1
4
1
-4
-1
3:0
5
-2
-3
1
4
0
-5
1
0
1
0
3
-4
0
5
-5
-1
1
4
-4
-1
0
3
-2
6:0
1
-1
0
1
2
-2
-1
2:0
97
-97
3:0
2
-2
8
2
2:-5
4:0
27
-25
-2
3
-3
2
4
-6
3:0
2
-2
3
-2
-1
2
0
-2
2:0
1
-1
1
0
2:5
-11
0
4
-4
2:0
1
-1
1
-1
2:0
1
-1
7
-3
-4
1
-1
2:0
4
-3
-1
6
1
-7
2
2:-1
2
-2
4:0
9
-9
3:0
4
-3
0
4
-5
0
8
0
-7
-1
1
0
-1
2:0
3
-3
7
-7
0
1
-1
4:0
1
-1
7
-7
0
1
26
-27
9
-9
1
-1
0
1
-1
1
58
-58
-1
1
3
-4
3
-3
3
1
-4
20
-20
0
1
-1
0
1
3
8
2:-6
1
-1
0
22
-12
-10
20
-20
25
-20
-3
1
2:0
4
-6
2
-3
7
1
-5
-3
0
1
-1
3
-2
43
-44
16
1150
-1165
84
-66
-17
-2
7
-7
0
3
1
-3
-1
0
8
-5
-2
1
5
2
-8
-1
1
23
-23
1
69
-70
8
5
-14
0
2
-2
10
1
-9
3
-5
0
2
-1
0
-1
5
-4
-1
5
-5
242
-186
-53
5
-7
-1
0
3
-3
7
-3
-4
2
-2
4
52
-56
15
-8
-5
198
-184
-15
2
-3
30
-28
-1
1
-2
41
-41
28
-28
0
7
-4
1
76
-76
1
-4
2:0
2
8
327
-330
76
-81
-2
2
4
-1
36
21
-29
-32
2:-1
5
-4
3:0
2
0
75
-78
120
-120
7
-3
-4
4:0
35
-33
-2
32
-32
0
13
-13
101
-97
12
-14
1
-3
7
36
-40
3
-6
4
14
-18
0
10
0
-9
-1
10
-10
1
32
114
-147
0
25
-23
-2
2
1
-2
20
10
-31
2
-2
1
10
-8
-2
-1
1
-1
0
159
-155
-4
2
0
4
2
-8
10
358
-368
4
-4
16
-15
-1
2
-2
1
-1
5
49
-52
-2
1
-1
7
1
-8
7
-4
1
-3
20
-21
2
10
-10
11
-13
3
-2
4
-3
18
-18
6
-7
-1
0
4
-3
0
10
-6
-5
5
11
-13
-1
2
0
-3
-1
0
18
-18
2
2:-1
0
7
0
342
444
-570
-222
-1
6
-2
111
-112
-3
6
5
-2
-8
2
-3
1
-1
4
76
-80
9
71
-60
-19
6
-7
2
94
-93
-1
14
-16
7
-7
0
2
4
-5
6
15
-19
-3
1
0
5
0
5
-8
13
-16
0
24
-24
47:0
1
-1
6:0
1
-1
1
-1
0
1
-1
11:0
1
0
-1
3:0
1
-1
0
1
-1
3:0
1
-1
2:0
2
0
-2
2:0
1
-1
8:0
1
-1
4
-4
6
-6
2
0
-2
18:0
3
-3
11:0
3
-2
-1
1
-1
11:0
2
-2
9:0
1
-1
8:0
1
-1
2
-2
0
3
-3
2:0
1
-1
2:0
1
-1
3:0
1
-1
2:0
2
-2
1
-1
1
-1
7:0
5
-5
2:0
1
-1
2:0
1
0
-1
4:0
3
-3
4:0
2
-2
1
0
-1
2:0
3
-3
2:0
end
