v1
792
252
491
486
52
187
496
66
53
214
60
40
237
58
19
37
22
28
118
421
286
58
270
260
24
140
592
139
20
366
323
271
101
228
607
81
492
339
156
66
333
21
135
31
58
167
349
205
242
0
85
172
232
43
93
62
23
157
45
99
67
44
320
33
4
193
100
75
13
431
16
74
23
4
377
344
44
54
161
47
50
81
36
90
31
144
698
42
102
33
166
55
230
90
82
167
254
148
235
416
125
80
189
275
109
687
81
294
59
345
181
56
83
43
38
77
2
17
130
4
118
82
74
40
5
14
64
65
38
57
17
245
85
362
173
120
72
153
195
219
110
304
10
39
24
92
146
138
54
121
141
85
101
41
259
146
5
267
15
129
312
110
189
48
66
17
70
229
41
423
105
983
301
83
377
25
137
3
2
274
94
75
50
615
346
277
33
38
9
45
94
46
80
122
6
19
38
69
15
147
40
283
57
53
611
72
213
8
352
55
37
175
70
121
8
11
32
74
12
26
302
138
54
47
61
55
40
32
20
88
153
59
5
23
198
151
300
204
47
252
31493
5
31
82
155
53
2
42
173
36
40
8
112
36
8
17
5
1152
68
111
114
123
65
9
3301
2211
328
1553
2387
2753
8678
2138
2650
815
8940
793
9128
3064
1385
2
14
8077
4651
15
19
7607
2
6
1427
3523
119948
1
7741
73
9417
28772
3667
4
26
181
73
20
16
73
5
10219
44428
731
50
109
157
9
27
40
2
15
18
53
109
27
10
15
11
2
755
76
3565
9355
11227
1178
17010
575
238
1430
539
334
189
665
436
330
202
2
3
45
2:4
86
49
14
31
37
3
1
90
4
5
1
40306
64
176
69
31
89
636
1
13
296
85
202
24
17
236
9
23
1
33
18
41
103
88
14
30
604
57
56
17
38
58
14747
150
2049
13
9722
2:1
162
1
101
14
23
67
-488090
61
45
0
47
41
159
328
246
24
74
104
70
90
290
347
4
16
220
16
189
572
137
133
330
147
1097
6
26
332
11
4
47
269
24
133
216
26
65
300
266
2
217
76
15
237
240
0
105
132
33
382
155
264
36
7
310
0
95
61
87
44
59
73
7
0
100
173
142
37
11
558
179
7
991
33
5
251
277
307
5
21
115
220
72
36
174
461
141
84
0
292
23
527
244
0
30
691
226
31
0
193
125
6
147
414
212
94
243
312
196
80
0
127
165
7
0
330
1
13
28
0
33
6
44
13
23
7
0
13
0
1
9
26
7
1
51
21
140
159
19
4
0
144
126
236
59
262
171
0
151
7
190
0
156
247
121
0
10
263
68
49
76
97
27
490
126
394
29
103
5
0
175
75
0
30
199
131
0
40
0
254
0
17
677
416
199
0
106
46
38
55
171
0
959
0
22
195
36
81
105
141
437
0
79
93
0
135
53
470
154
17
40
300
60
0
172
95
89
24
0
95
0
353
834
10
83
20
77
362
75
82
6
147
159
43
169
0
223
0
2:73
16
203
148
383
107
0
5
0
13
71
210
46
6
119
85
108
0
1
0
93
19
0
83
21
92
42
111
0
31413
82
46
212
118
155
10
65
1106
12
0
69
130
0
205
108
0
30
46
7435
3778
0
7954
1002
5108
0
10536
1620
9223
11615
7
0
2807
14
882
3424
985
4159
6
2:1
2485
14429
91358
0
13098
1
11317
45
41889
39
0
20
56003
47
22
181
4
51
1
10
32
0
709
7
36
0
119
0
63
3445
17489
16552
5707
82
1105
950
89
1737
8
25
0
5
15
3
40
94
10
9
35
75
27
30332
1513
8273
469
227
462
172
41
9
158
0
49
19
57
269
270
141
89
0
13
33
0
284
448
15106
11863
148
16
68
7
1416865800
399:0
1
391:0
11
283
-188
-79
83
-91
-8
5711
-5714
17
-15
34
193
-221
2635
-2628
214
-195
-32
78
-15
-63
-2
86
-75
118
-130
10
-9
8
419
-420
-8
44
-43
36
39
-66
32
12
6684
-6719
-14
119
562
-677
-7
25
-3
46
-60
-10
6
-1
32
-33
3
2
-7
267
-260
92
-94
26
-30
-1
64
2080
-2131
-12
1
6
-10
66
-55
-5
100
-84
-15
-4
448
-372
530
-601
-5
5
38
17
-38
-24
42
-24
-16
3
19
-21
245
-248
134
-132
-2
218
406
-620
18
-22
207
132
-332
43
-46
1154
-1124
34
-66
2:0
144
-63
-16
789
-774
-63
-18
12
0
1068
-1071
2
-9
144
-101
9
141
-141
-52
32
-24
-5
324
-284
120330
-109374
-10958
184
-133
-66
-5
5
130
-78
-67
195
-130
-78
12
-14
34
-25
-5
-2
64
549
-610
666
-650
32
761
-809
2
219
-158
-64
35
-39
1
38
-26
-2
22029
-17066
-4956
-17
4
121
-110
-16
6
-4
5
-5
63
73
500
-631
-6
3869
-3716
30938
-31033
-45
146
162
-313
48
1015
-1071
5
-4
86
-58
80
-81
27144
-14491
-12615
63
-124
-4
2
48
33036
-33072
4841
-4847
-5
5
-2
779
-753
42
2045
8539
-10573
-71
2
-16
223
1212
347
4053
-5782
-54
5
23
-24
1055
-694
-364
94
-76
94
1344
-1454
4
841
-790
-51
210
-146
90
-156
1
208
-129
818
-471
-428
323
-325
1204
6740
-7770
-61
96
2
-212
7
63
-66
2
-8
8
10
11
48473
-48496
9
-8
2
226
71
-89
4149
-4002
-349
581
-582
-14
6
5
-10
197
1859
-1989
-67
26
-14
46
43
-92
54
-64
3
488
-487
7
25
-25
47
-2
390
-438
-8
228
-227
40
-35
-1
151
-87
-65
105
-91
-18
41
-22
-15
9
32
-23
-19
5
3
108
-99
-20
6
30
4467
32990
-31942
-5539
-3
-7
1426
-1418
651
-636
-17
-5
-3
562
-279
213
2230
-1743
-856
-108
-4
340
5970
-6323
10
2619
5271
-7831
-26
3
78
-77
-34
13
875
-897
724
-728
-1
16
1
-8
-2
634
-435
2979
-3163
77
114
-203
135
-152
1
2
0
-3
-1
2
3
-4
1
-1
5
-5
2
3
-5
0
-1
3
0
3
-3
-1
1
2
-5
5
0
-5
3
-2
2
1
0
-2
2:1
-4
6
-4
1
0
2
-3
2
-2
-1
0
1
-2
6
-1
-4
2
-3
0
4
0
-3
1
2
-4
0
4
-3
0
2
1
-1
-3
4
-2
-1
0
-1
5
-2
4
-2
-4
2:0
1
-1
2
-1
4
-6
3
-2
0
-1
6
-3
-1
0
-1
2
-2
1
0
3
2
0
-5
0
3
-4
-1
7
2:-3
0
2:2
-4
0
2:2
-5
2
0
-1
1
0
3
-3
2:0
-1
0
1
0
-2
2
4
-1
-5
4
-3
2
1
-1
0
-2
2
0
3
-5
0
6
-6
1
0
-1
5
-4
2:0
1
-3
5
1
-4
-1
3
-4
0
5
-5
2
0
-2
1
0
1
5
-6
-1
1
0
1
0
1
-3
0
1
0
-1
6
-4
-1
4:0
5
-4
-2
7
-7
4
-2
0
-1
2:0
-1
2
1
4
-2
-1
-3
2:0
3
-4
1
3
0
2
-2
1
-2
-1
2
1
0
-5
0
1
-1
2:0
3
-1
0
-1
0
-1
3
2
0
-5
3
-1
3:0
3
-3
-2
6
-5
2
-3
2
3:0
-2
2
0
3
1
-6
5
-3
2:0
2
-3
2
3
-6
2:2
0
-2
0
-2
2
0
4
-4
0
-2
6
-6
1
0
4
-4
4:0
-1
3
1
0
-2
4
-1
-5
2:1
0
-2
1
-1
4
-2
0
-1
2
-3
1
4
-4
3:0
5
1
-4
-3
4
-1
3
-5
0
2:1
-2
0
3
0
1
-1
1
-1
-3
4
-5
4
-3
1
4
-4
-2
1
0
2
-3
7
-4
-2
3
-2
2
3
2:-1
-4
-1
2:0
5
-4
1
2:0
-2
3
2
-5
2
2:0
-2
2
0
3
-3
4
-1
-2
-3
0
5
2
3
-3
2
-1
1
-3
112
-112
0
2
0
12
-13
15
-13
-1
1
-3
3
-3
1
-1
8
-5
6
-9
1
-1
0
6
-5
0
12
-13
4
-2
1
-3
2
1
-2
0
1
28
-29
0
9
0
-10
2
-2
1
2
-3
4
-4
3
-3
3:0
3
-2
-1
0
1
21
-20
2:0
-2
0
9
-8
1
4
-6
2:0
14
-14
3
-2
2
-3
2
-2
1
-1
3
-3
0
1
4
-3
1
0
7
-10
0
32
-12
-17
-3
0
77
-77
2
3
-1
25
-26
4
0
-4
-2
10
4
9
17
-32
-8
-1
6
-4
12
-11
-1
1
4
-4
7
-3
-2
-5
9
-9
3
68
-58
1572
-1481
-104
24
-23
13
-11
4
2
-3
0
-4
18
-19
1
-2
9
-4
-3
-2
17
36
-53
2
9
-9
17
-16
3
18
-11
-13
4
-4
0
7
-1
15
405
-331
-91
-4
3
5
-3
-4
-1
2:0
4
5
-9
35
-32
-2
21
-18
305
-295
-10
-4
35
-35
0
31
-30
-1
3
21
-17
-4
-1
142
171
-309
-5
1
-2
6
3
537
-539
107
-113
-1
1
0
14
-8
28
54
913
-997
-4
1
-2
7
144
-149
169
-159
-12
1
8
-9
31
15
-44
-1
1
27
141
-168
-2
31
-24
-5
11
-13
34
-32
-2
5
21
-7
18
-37
22
-22
30
127
-157
5
-4
5
-5
14
23
-36
3
-4
0
1
2
188
-188
-3
-1
2
19
-21
26
361
-387
0
10
-9
2:0
1
-1
8
44
-53
0
2
4
19
-12
-8
-5
2:0
17
-10
-4
14
-13
6
3
0
-13
1
0
1
0
-1
1
12
-5
-7
11
-9
1
3
-8
2:0
5
-3
2
-4
0
3
-3
0
2
11
126
600
-538
-198
-1
-2
153
-153
9
-1
-7
0
1
97
-4
-94
27
1
-21
-5
-3
9
38
-47
1
362
-79
-283
24
-24
-1
21
-17
-3
14
-7
18
-26
0
1
4
-4
2
9
-3
59
-68
1
20
-21
14
-14
8:0
3
-3
3:0
1
-1
16:0
1
-1
1
-1
2:0
1
-1
2
-2
4:0
1
0
-1
7:0
3
0
-3
4:0
1
-1
21:0
2
-2
5:0
1
-1
20:0
1
0
-1
2
-2
5:0
1
-1
1
-1
5:0
1
4
-5
0
2
-2
3:0
3
-3
2:0
1
-1
0
1
-1
3:0
2
-2
0
1
-1
8:0
1
-1
11:0
1
0
-1
0
1
-1
2:0
1
-1
10:0
1
-1
6:0
1
-1
15:0
2
-2
1
-1
5:0
1
-1
8:0
1
2:0
-1
10:0
1
0
-1
2:0
2
2:-1
2
-2
2:0
1
-1
0
1
-1
0
2:1
-2
4:0
3
-2
0
-1
1
-1
8:0
1
3:0
-1
1
0
1
-2
5:0
1
-1
0
1
-1
2:0
2
-2
0
1
-1
7
-7
0
1
-1
4:0
8
-8
2:0
2
0
-1
1
0
-2
0
1
-1
1
-1
1
0
1
0
2:-1
3:0
2
-2
1
-1
0
1
2:0
-1
3:0
2
-2
5:0
1
-1
2:1
0
-2
2:0
1
0
-1
3:0
1
-1
end
