v1
628
55
152
536
76
441
145
15
39
9
29
23
78
317
49
119
376
233
56
22
28
118
159
548
3
321
186
102
140
7
181
104
300
159
162
332
15
93
119
239
329
106
83
128
4
0
237
8
2
39
81
27
465
70
24
194
51
60
90
6
45
89
286
135
31
58
6
161
386
148
20
56
100
7
79
21
236
136
232
242
45
8
93
95
0
14
198
155
79
31
275
322
109
16
18
79
310
71
149
293
319
2:10
69
22
35
203
173
14
592
125
109
161
14
80
369
94
160
27
7
21
93
235
77
332
7
231
163
291
212
164
173
176
85
345
109
295
208
15
59
37
1
43
12
5
21
18
12
1
46
5
131
13
3
1
24
94
73
9
74
40
19
6
8
3
47
65
3
38
54
17
127
118
447
133
40
120
94
45
86
211
15
55
243
201
103
10
33
6
116
8
138
192
30
126
106
286
95
105
151
709
14
299
48
239
143
41
466
42
13
14
168
808
27
274
93
176
19
37
20
115
37
19
109
68
208
94
75
56
209
110
3
190
214
248
258
205
0
17
37
33
11
170
57
69
7
8
147
40
158
125
110
339
270
201
86
242
138
32
3
37
175
70
63
58
8
11
32
43
6
31
6
61
143
73
51
38
100
54
47
53
8
35
92
20
88
153
59
5
20
3
93
100
5
9
248
251
48
221
9
77
57
34
64
27
1
31406
10
12
9
43
16
178
53
44
1
29
55
88
196
8
28
2:4
22
12
920
54
166
68
111
71
105
3
58
18
3357
2211
328
1553
3764
1376
7580
3236
2650
1972
7783
3
790
5704
3424
925
2139
1385
2
4
10
8075
2
1
3707
943
15
2466
1997
3146
19
6
1444
15454
108000
1
1735
5973
9
24
73
9417
28772
3649
22
207
73
92
17
5
11015
44363
0
50
35
47
20
7
38
119
7
2
27
11
0
7
10
13
16
6
12
20
142
7
30
3
10
2
11
728
29
20
13
94
8
18701
2294
3093
10208
7977
3
1060
1183
539
523
665
970
2
1
2:11
30
1
86
55
4
35
9
28
3
1
70
20
10
40088
14
204
64
176
15
54
120
49
588
178
131
85
202
24
253
9
2
55
18
41
103
47
13
42
30
173
315
210
19
17
28
10
11084
3823
18
82
1997
13
9722
2:1
149
13
1
12
103
23
5
7
55
-488324
994
247
1158
121
703
1700
334
355
308
1718
375
597
22
902
460
178
202
383
1012
74
553
1101
572
135
3433
309
526
299
1055
2
287
65
86
421
214
1082
175
226
101
41
405
5
53
44
185
129
281
409
122
1980
447
165
1128
443
310
312
147
1265
129
1159
204
351
12
635
5
92
153
300
119
112
20
21
88
220
46
31370
547
72
8
120
1108
262
321
20123
1097
7586
6960
26168
8576
8
1435
119927
11359
38189
3607
175
52
137
54741
816
531
38
769
3627
9355
12405
17823
2303
854
968
11
25
21
30624
10344
622
191
196
96
352
430
733
55
14861
120
82
11969
1416054600
499:0
1
127:0
2
208
3683
-3891
-1
6
-5
50
-39
-2
49
-58
-2
3
2163
-2164
451
1262
-1702
175
-175
117
-128
16
-16
47
-1
287
-293
5539
-5499
70
-140
-4
237
-236
88
-97
11
-9
13
-4
-8
-2
0
1
15
-16
23
-23
1
10
-1
-10
0
26
-19
-7
48
-47
-1
390
-379
1
57
-69
335
-335
10
227
-235
-3
1
11
-11
31
-30
761
-751
-12
1
0
18
0
-17
-1
0
22
696
-564
-153
60
-62
15
71
-74
130
-142
119
-117
-2
303
-266
994
-774
-255
9
-9
11
-11
-1
45
-45
1
14
-1
76
-82
-8
80
52
-131
-1
9
19
-28
256
-255
18
-12
0
-7
18
33
-25
-24
0
-2
13
144
-103
45
-99
0
6
-5
10
48
-45
-13
-1
583
-583
98
-91
56
9
278
-303
-46
0
7
-8
1
9
185
-194
6
15
-12
-9
93
27
-112
78
-23
-55
-10
10
-8
227
-229
370
-370
41
77480
-77495
22083
-22084
-23
22
10
1939
-1971
28
-30
0
15
-8
-4
-1
46
327
-372
68
389
-459
0
1
12
-6
54
-35
46
-43
-30
3:1
8
-11
3
84
-86
1
6981
-4227
-2718
-36
33
-32
-3
1
0
59
-59
0
15
-6
-1
11
676
-693
296
-256
22
42432
-42465
-31
7
247
-253
0
-2
458
-456
-2
9
-8
91
-49
-36
6
1
1632
-1008
-630
-7
1
14
-9
-6
-1
1
20
-6
19
18033
-18064
-2
2417
-2407
-9
-1
215
-204
70
838
-909
1233
-1243
43
28
-70
0
-2
0
2
2:-1
8
496
-502
1
-2
2939
-2933
103
-50
-51
-8
22
-22
641
-641
1
-2
82
-19
-60
672
-593
-70
435
-447
17
-14
36
-37
218
-208
-11
2
150
-131
4
28
267
-258
-61
118
-105
653
3393
-4059
260
-255
1315
-1306
165
-179
-1
86
-38
-16
-21
-3
5
175
-186
-1
181
-162
-20
0
26984
-26982
23
18
-37
21
-16
-10
-1
230
-228
1804
-1800
138
49
-181
36
-48
21
816
-838
1
0
13
-11
-2
8
58
-64
11
-13
2
46
-48
0
1
9
-9
51
10
-51
-11
21
-20
22
-11
3
33
24
-63
-8
6
-7
-1
2
1
6
-7
12
-13
195
-193
32
73
-18
-90
18
-15
-1
33
125
-160
6581
-6468
-111
-1
21
-14
1769
42229
-40717
-3271
235
246
-294
-197
-6
14
31
-46
0
32
-32
151
-150
1407
8958
-10304
-45
111
-127
0
260
5673
-5921
60
-65
-9
83
49
888
-1018
0
108
-62
-45
474
-476
0
-1
0
3
0
-2
99
-19
-78
-1
58
-59
97
-97
316
-310
512
-513
-2
0
-4
3
1
2:0
-4
4
-4
4
-4
5
-5
3
1
-4
5
-5
5
-5
6
0
-1
2:0
-1
2:1
2:-1
1
0
-5
5
-1
0
2
0
-1
0
2
-7
5
1
-2
1
-5
6
-2
-1
-3
0
6
-1
0
1
-3
3
1
-7
3
0
2
-1
1
-2
2
-1
1
-5
6
-2
-4
0
4
0
3
-1
2:-3
6
-1
1
-6
6
1
-4
-3
4
1
2
-4
4
-4
1
0
1
2:-1
3
0
-2
0
2
2:0
1
-7
5
1
-6
0
6
0
-1
-5
0
5
0
-5
5
0
-1
-4
0
5
1
4
-1
-3
4:0
1
-1
3:0
2
68
-70
4
0
5
-8
0
-1
4:0
9
-9
1
0
-1
7
-7
1
-1
3:0
1
-1
5
-5
4:0
1
-1
8
-8
8:0
1
-1
0
2
-1
0
-1
0
11
-11
2
-2
3:0
5
-5
2
-2
10:0
1
2
3
-6
3
-3
0
1
-1
3
-3
13
-13
0
9
-7
-2
3
-3
5:0
2
-2
1
0
-1
1
-1
2:0
4
-4
0
2
1
-3
29
-29
1
-1
3:0
51
-51
1
-1
0
3
-3
14
2:-7
0
4
-4
2
1
5
-7
-1
12
-12
8
-8
6
-4
28
-24
-5
3
6
-10
2:0
7
-7
0
1
2:0
10
0
-11
5
2
-6
-1
2:0
1
-1
59
-59
6
1111
-1117
67
-59
-8
0
2
-2
0
1
-1
0
12
-12
2:0
11
17
-28
5
10
-15
1
-1
0
1
6
-7
9
-2
-7
3:0
6
-6
0
6
-6
0
302
-198
-104
0
3
-1
-2
0
1
4
-5
5:0
68
-67
6
0
-7
315
-306
-9
5
11
-16
1
-1
20
-20
0
1
-1
19
-13
-6
2:0
70
-69
0
-1
0
1
0
-1
1
0
2
-3
3
357
-357
-3
58
-58
2:0
7
-5
42
43
-86
21
-21
0
4
-5
5:0
2:1
80
-82
1
-1
85
-85
5
1
-4
-2
1
3
20
-24
0
1
23
-10
-14
120
-119
2
15
-18
1
-1
4
-4
9
-4
-5
0
53
-48
-4
14
0
3
-18
6
-6
24
75
-99
11
-9
1
-3
8
-8
0
16
13
-28
-1
2:5
-10
0
1
9
-8
-2
0
150
-149
-1
1
2
4
-6
-1
3:0
206
-205
4
-2
-3
0
2:1
64
-66
2:0
2
-2
2:0
23
-23
3
-2
2
-1
-2
0
1
0
-1
14
-14
4
-4
15
-15
8
-5
-1
5
-1
4
-10
3
-3
3:0
2
-2
3
-3
14
-14
8
4
-12
2:0
1
0
-1
14
-14
4
0
-4
0
4
-4
156
462
-495
-123
5
15
-14
-6
0
5
4
-9
0
2
-2
45
-45
22
64
-75
-9
1
-3
0
8
255
-261
19
-19
-2
0
38
-37
-1
7
3
2
-12
36
-36
3:0
1
-1
1
6
0
-6
-1
2
-1
12
-13
0
2
15
-17
1
-1
0
1
18
-19
1
-1
3:0
1
-1
2:0
1
-1
6:0
1
-1
6:0
2
0
-2
1
2:0
4
-2
-3
1
-1
0
1
3
2:-1
-2
6
-6
3:0
1
0
2
-1
-2
5
-4
2:0
2
-3
3
-3
0
3
-2
0
-1
1
-1
2:0
1
-1
9:0
2
-2
0
1
-1
3
-3
1
-1
1
2
-3
2:0
2
-2
2:1
0
1
-3
3
-3
2:0
2
-2
13:0
3
end
