v1
802
28
17
162
45
323
168
222
76
114
74
52
124
29
34
8
572
35
110
31
410
1
16
35
6
56
7
15
338
0
304
123
131
216
277
3
73
140
17
575
265
557
26
271
404
21
204
22
0
118
126
41
103
33
133
44
47
74
67
72
94
184
27
190
376
17
6
156
31
225
281
20
48
6
31
5
143
44
52
133
33
194
63
35
44
196
31
62
85
98
104
99
284
180
4
106
255
20
431
90
23
381
442
126
213
69
57
809
106
69
59
7
156
65
145
6
49
30
251
88
28
59
130
37
27
113
8
189
46
77
339
394
275
16
93
64
704
44
73
177
59
47
3
10
162
304
27
29
45
6
32
25
10
20
26
6
25
46
2
143
2:4
13
90
15
68
5
9
62
12
40
5
2:7
46
18
65
3
35
19
38
17
127
118
426
21
173
120
225
195
113
106
110
81
223
10
39
116
104
180
54
121
141
85
96
5
41
87
172
146
12
275
129
27
248
6
31
299
15
33
83
70
229
41
309
114
105
132
43
50
758
185
14
102
83
10
367
50
6
106
3
2
24
194
56
72
22
75
50
798
440
33
176
10
40
6
44
36
128
57
59
10
15
147
40
283
96
14
275
64
272
81
20
184
452
175
17
53
121
8
11
32
74
12
26
32
219
51
22
16
100
54
35
12
53
6
2
35
112
88
153
59
5
23
104
94
151
54
246
159
74
18
63
146
9
34
92
31
31370
5
22
9
204
33
53
44
37
48
88
36
106
54
36
8
22
1152
68
111
71
166
18
47
9
2960
341
2211
328
1553
3073
2067
8678
2138
2650
9755
6920
10
1758
414
819
925
872
1267
1385
2
8091
0
2826
882
943
15
19
7591
2:7
2:2
5
1428
3523
43
11905
91358
13098
3544
1
7708
9
24
73
9417
32411
10
22
280
7
13
89
5
16
54631
764
8
9
109
157
36
18
39
6
12
162
27
10
1
2
8
2
2:1
11
19
919
15705
26525
498
77
238
247
1183
326
213
523
1101
532
2
1
2
4
18
31
43
4
39
55
39
9
22
4
2
3
1
90
4
5
1
40088
218
64
176
0
76
24
59
354
187
125
1
309
70
15
202
24
253
9
23
34
18
14
88
42
47
41
44
0
186
475
37
23
13
38
14955
72
1990
9723
1
162
1
101
14
90
13
-488517
75
217
176
12
49
148
405
123
96
38
2
656
172
47
6
0
123
0
251
58
60
147
221
119
202
0
223
282
277
152
369
336
165
95
3
132
143
0
390
45
345
106
68
0
35
132
118
175
133
48
231
487
516
300
193
222
439
100
51
215
106
671
150
228
230
0
60
450
0
33
193
168
294
303
113
11
395
277
127
168
301
237
44
62
161
144
602
111
296
88
44
191
328
430
10
0
169
10
128
107
40
6
46
118
95
652
145
221
2:28
86
5
21
0
34
8
63
136
147
0
193
169
80
0
206
43
67
134
162
0
453
122
169
66
55
0
271
70
103
19
617
126
197
0
195
2
144
51
93
61
709
0
285
0
61
212
687
206
1216
5
1012
38
41
168
110
125
31
251
229
19
0
2:143
17
18
0
543
268
62
0
23
325
0
699
105
40
45
5
0
29
112
26
153
539
2
0
114
23
433
119
417
196
38
89
606
75
31884
97
34
61
92
57
31
0
15
1164
0
81
0
13
430
0
17921
2325
15643
790
8312
1738
3533
10
8046
29
0
4653
2481
1997
3146
4975
43
127673
27765
13095
983
60
25
67
79
2
38
109
0
83
7248
48125
325
252
9
46
22
31
3
692
0
23
26
176
3445
4380
2
10810
0
2297
4271
0
11034
0
8141
404
1401
973
5
31
14
44
55
17
151
38
31834
8920
724
0
797
22
0
255
42
747
17059
10045
0
1416973200
499:0
1
301:0
6
10
217
-193
-34
11
0
241
-246
142
-124
-21
59
0
-63
6
4215
-4210
-12
20
-16
-4
43
236
1896
-2174
5
-3
0
11
-13
-1
8
-7
16
11
-19
-8
90
-64
-22
110
50
-163
-2
17
-14
0
5
-2
36
-40
3
-1
3
2
28
-34
19
-21
10
20
-21
-4
2
11
115
7
116
-252
505
-501
-1
-8
10
42
92
-70
-52
-11
-9
16
891
-758
-140
1053
-1050
-11
4
-7
4
3
27
-27
21
-18
118
-90
-3
39
422
-467
-24
382
-384
-2
29
142
-167
-2
19
-18
448
-434
-12
-4
26
1551
-1540
-38
0
98
-87
-8
-4
2
7
-6
0
24
610
-486
-134
-13
1
177
-169
-11
51
-46
3
325
-327
-4
7
172
-101
-66
-13
101
-100
2
-5
3
-4
6
-4
12
-13
188
-143
-46
2
73
-73
6
374
-381
29
-17
-9
-3
4
0
2
97
-99
4
-5
6
8
-7
96
-91
29
-39
88
-6
-87
1
6
239
-246
14
88874
-80602
-8173
-111
14
10
-4
235
-255
1
64
4439
-4501
141
-130
-16
99
-89
-9
100
-99
1
104
-47
435
-481
-9
85
113
-198
242
-247
3
4
7
115
-127
7
18
-9
-11
77
-85
21
-12
316
-300
-15
-1
-5
2
16525
-14960
-1539
-30
53
-18
-35
1
21
-23
63
-28
346
-380
0
238
-210
15584
-15602
63
29
197
-294
-3
56
-15
-9
553
-504
-40
-35
642
-642
3489
1023
-4488
-32
6
-6
118
-117
1
-4
103
-69
6927
-6955
87
-92
2
2913
-2902
9
664
-668
6
609
3975
-4608
1318
-1307
5
-13
-3
1313
-1232
-76
3
17
822
-846
9
1182
398
-1457
-70
-63
58
-26
170
-197
-4
170
-147
-23
162
2079
-2241
482
-467
-15
93
-88
118
-71
-3
-49
227
-81
-93
1025
-1026
-54
188
-178
819
7395
-8112
-107
41
-44
-1
20
-11
0
1
10
88
-106
0
6
22
-29
6
1
10
-17
3
-1
10254
-10219
-18
-21
0
13
-6
-5
6
117
-120
16
379
-309
2221
-2301
-2
458
-448
-11
-2
1176
1022
-2203
1
-1
97
-93
-4
61
35
-94
18
84
-103
77
-61
7
-18
20
-25
218
3090
-3234
-35
93
-58
149
-149
-76
178
-172
-5
107
-107
18
39
-49
100
-90
2
-21
4
7
378
-331
-55
3
-4
107
-102
736
74
4588
20841
-15512
-10692
-36
0
2104
-2098
173
-128
93
-28
-64
-46
1047
-1056
-3
420
846
-838
-415
196
-145
-56
269
3255
-3523
2257
-1692
-546
74
7
-99
28
-34
-1
37
-40
17
7187
-7179
215
-238
7
58
272
-265
11589
-11629
95
21
133
-262
-25
2
2:1
-2
1
-3
2
-2
2
0
-1
3
2:0
-3
3:0
3
-1
0
-1
0
-1
2:0
-1
0
2
2:1
-4
0
2
1
0
-1
0
1
-3
2:0
1
0
3
-1
0
1
2:-2
2:1
2:-1
2
-1
0
1
-2
1
2
-1
2
-4
1
-1
1
2:0
-1
4
2:-2
1
0
1
2
2:-1
-2
2
-1
1
0
2
-3
-1
4
0
-2
1
-3
3
-2
2:0
1
-2
0
1
-1
4
-1
1
2:-1
0
2
-2
1
-1
1
-3
0
1
-1
1
2
-1
0
-1
3:0
2:1
2:-1
2:0
1
0
-2
3
-1
0
1
-3
3
-1
-2
0
1
2:0
-1
0
3
-2
2
-2
1
2:0
-2
2
-1
1
-2
0
1
2
-1
-2
0
3
-3
3
0
-1
0
2:-1
2
-1
0
3
-2
0
1
0
-2
0
1
0
2
-4
2
0
-1
2:0
-1
2
-1
0
1
2:-1
1
3
0
-1
-3
1
-1
4
-4
1
2
-3
0
2
-1
1
-1
3:0
1
-1
0
2:1
-2
-1
2
1
-3
3
-2
2:0
3
-4
1
-1
4
0
-3
-1
1
2
0
-3
2
2:1
-2
4:0
2:1
-1
-2
2
1
2:-1
2
-2
1
-2
3
-4
4
-2
-1
0
3
-2
1
-3
1
-1
4
-1
1
-1
-3
4
2:-1
-2
3
-3
2:1
-2
0
3
-2
0
-1
3
-2
-1
1
0
1
0
1
-1
0
2
-2
2
-2
10
2:-5
0
1
-1
1
100
-101
0
3
-1
-2
0
15
8
-23
1
-1
0
1
0
-1
3:0
6
-4
-2
7
-7
0
2
10
-12
2
-1
2
0
-2
2
7
-10
2:0
2
-2
2:0
4
-4
2:0
2
-2
0
2:1
2:7
-16
5:0
4
-4
3
-1
6
-8
3
-3
0
4
-4
3
0
-2
0
-1
0
4
-3
-1
1
11
-9
-1
-2
3
1
-2
15
-16
-1
3
7
-10
0
1
-1
0
1
-1
2
-2
1
2
-2
-1
0
1
0
-1
3:0
3
4
42
-39
-9
1
-2
2
0
-2
58
-58
0
1
-1
1
2
-1
2
2:-1
35
-36
-1
3
-2
-1
3
4
-5
-2
12
-4
-7
-1
17
-16
2
30
-33
4
-3
0
-1
1
-1
5
0
-4
1
-2
0
6
-1
10
-15
7
-7
5
4
-9
0
3
43
-46
15
1410
-1339
-67
-19
2
1
4
-1
-2
-4
5
-4
-1
19
-12
-7
16
-11
-4
0
1
-1
21
-20
142
-142
0
5
1
-2
-3
-1
-2
2
1
16
-19
2
8
-5
-3
4
-6
4
-4
2
5
-4
-2
8
-9
455
-408
-45
-2
8
-6
-2
4:0
7
29
-35
-1
15
-12
226
-221
-5
-1
31
-33
2:1
6
-5
34
-9
-18
-10
6
-6
110
173
-280
-3
4
-4
0
3
-1
-2
1
6
381
-387
27
-27
0
106
-107
2
20
-19
20
35
683
-738
0
1
2:-2
0
3:1
-3
4
132
-136
1
-1
151
-139
-7
-3
-2
8
23
-31
0
58
-57
0
27
105
-132
37
-35
-2
14
-11
42
-43
4
-7
0
6
2:12
-19
-11
13
-13
37
105
-141
-1
2:0
2:1
5
-6
-1
12
31
-42
2:0
1
-2
0
1
0
-1
0
1
174
-175
2
-2
2:0
1
3
-1
21
-24
1
-1
18
557
-573
-2
19
-16
-3
1
8
54
-63
1
-1
0
5
0
3
-8
6
3
-6
0
10
-12
16
-16
6
-7
3
16
-9
-6
-4
2:0
9
-9
12
-10
-1
10
-11
10
-2
-7
11
-10
0
-2
1
0
11
-12
2:0
2
11
-11
-2
2
207
362
-273
-294
-3
0
290
-290
-1
11
-3
0
-7
1
57
-59
1
69
74
-118
-23
14
-2
-12
11
41
-55
231
-117
-114
0
24
-22
2
1
0
-2
-1
0
19
-12
6
-14
1
4
7
-6
128
-132
-3
17
9
-20
-6
13:0
1
-1
7:0
1
-1
18
-2
-16
7:0
2
-2
2:0
1
-1
24:0
1
0
-1
11:0
1
-1
8:0
1
-1
1
-1
10:0
1
-1
3:0
2
-2
6:0
1
-1
3:0
2
-2
3:0
1
-1
3:0
3
-3
6:0
1
-1
9:0
1
-1
23:0
1
0
-1
3:0
1
-1
2:0
1
-1
14:0
1
2:0
-1
2:0
2
-2
6:0
1
-1
6:0
1
-1
5:0
1
-1
1
0
-1
2:0
1
-1
8:0
2
-2
1
-1
3:0
2:1
-2
2:0
1
-1
0
5
-2
-3
7:0
2
-2
5:0
1
-1
1
-1
0
1
-1
16:0
end
