v1
815
207
110
964
0
187
130
485
551
58
56
149
515
823
270
292
104
66
159
509
316
24
111
651
285
573
495
66
327
193
58
13
154
534
262
85
308
232
329
328
303
275
431
494
212
230
339
637
362
42
128
797
281
7
114
651
394
151
124
16
480
330
51
44
250
404
208
29
83
25
18
2:19
31
51
144
4
118
82
74
59
64
65
38
57
262
447
173
120
225
195
329
304
10
33
6
24
92
338
30
31
60
141
85
142
0
259
433
740
48
83
70
229
41
528
887
96
301
460
165
2
24
344
75
50
30
1208
33
226
86
128
126
7
8
147
30
0
10
393
692
20
86
98
452
47
198
121
8
11
32
452
100
54
47
61
35
112
88
153
59
5
23
104
92
53
154
246
204
47
63
155
34
31491
2
5
22
9
237
97
173
196
36
8
22
1152
160
19
237
65
3310
2211
328
1553
5140
6578
4238
2650
9755
793
6137
3
2988
4449
2
14
8068
2835
9457
11
1433
3523
119949
7741
26
47
9417
32411
10
22
26
95
46
113
109
5
55537
157
36
56
1
18
80
82
37
13
2
11
2
726
29
23
3618
30790
7980
575
1668
454
608
665
436
532
3
2
22
31
86
10
84
37
3
1
34
9
47
10
40088
282
176
69
31
725
1
13
74
222
85
202
24
253
9
57
18
41
103
88
44
245
489
38
58
14747
150
2062
9723
1
105
57
1
101
14
90
-488314
339
14
382
61
83
105
191
544
84
2:176
235
76
59
338
68
468
208
95
428
17
430
1266
175
152
96
115
31
2:99
246
2
831
61
887
296
14
95
168
156
343
275
178
157
45
166
44
320
211
328
1192
180
282
57
404
646
84
20
117
200
159
115
404
328
77
108
502
626
164
183
196
392
67
338
192
103
57
62
24
47
26
110
120
98
61
52
205
55
98
252
1141
110
886
568
34
346
5
38
373
312
309
104
666
226
132
127
621
666
247
487
442
636
19
383
54
40
92
181
592
449
270
38
147
100
488
292
505
227
108
92
546
472
82
464
3
31752
254
39
22
1214
308
152
76
20169
24743
2616
10743
4668
19
3430
4169
16
16898
91358
16642
49542
129
2
171
99
142
10999
44413
273
248
2
4
39
13
25
951
20934
21278
816
247
1722
2157
26
72
17
36
2
49
4
40
112
14
31821
8491
1445
769
51
522
116
258
14870
11779
315
75
-488327
45
172
61
108
0
181
577
15
65
921
133
760
69
280
153
60
530
379
295
93
9
130
0
394
505
437
624
1241
54
102
7
2
387
246
155
89
187
363
1091
178
194
272
285
738
827
0
184
111
412
194
199
296
881
47
17
44
224
0
725
60
404
204
54
774
237
14
28
0
33
93
15
240
104
7
209
20
8
85
71
365
897
190
89
837
916
5
250
30
50
372
219
33
326
199
363
0
578
0
33
5
1130
628
0
165
303
0
596
89
619
285
182
281
944
106
217
45
0
403
292
381
519
726
211
17
2
192
0
293
168
0
15
31398
82
112
49
97
118
190
40
1106
0
598
330
7443
657
1391
0
703
0
9647
4743
10901
6494
5219
0
10747
0
5
7601
4686
1441
3560
11905
157542
115
54
96
31
44
109
56
38
36035
19327
41
387
0
54
95
60
0
786
64
0
106
12812
14400
0
18263
1726
21
71
40770
2747
101
0
14935
2079
9972
-488222
1025
1687
260
447
59
1133
1000
273
76
99
227
365
128
570
232
679
649
570
3300
67
370
144
277
492
240
680
404
1467
55
337
319
391
638
17
5
120
23
290
206
97
109
98
29
952
1003
907
402
735
1230
280
45
1140
1012
1535
170
423
227
708
71
481
512
188
23
597
676
156
32540
1691
90
19213
2420
21040
4349
15325
977
2447
5144
25234
96144
11261
42030
29
55996
246
84
786
158
47161
2
13
22
15
158
137
24
42093
191
988
37
-455694
1566
2833
8820
255
869
1176
6139
6216
32526
10364
49845
5
332296
17783
1416612000
299:0
1
199:0
1
199:0
3
99:0
32
14:0
38
-15
15
2
-10
28
6068
-6064
8
2006
-2058
42
1436
-1270
-202
13
137
-136
36
67
618
-663
-38
46
53
-135
30
-19
67
-21
-60
1261
-1164
-92
-5
66
-9
127
-166
159
189
121
-374
-108
92
225
1141
-1453
30
17
-45
-7
16
-5
269
325
236
-691
-153
-4
20
14
-30
113
-107
17
-14
62
-75
24
12
-36
675
-673
53
73
-94
458
-467
61
30
228
-135
-179
196
-165
-13
105
-98
-50
352
-338
97345
-97358
5222
-5196
3739
-3750
308
-314
0
104
-28
59
-6
-65
-60
11
298
-138
-186
21
649
-668
-2
111
171
588
-870
3
31
11562
-9640
-1914
69
-60
-33
0
-10
654
-519
-146
99
52817
-52894
0
-22
256
-251
5
8
598
-558
327
-135
-229
4366
2644
-6975
-54
34
28824
-28858
8089
-8092
36
122
-150
24
1706
14825
-16397
-154
-3
862
-807
-62
0
532
-497
1077
-1109
524
5239
-5711
91
-145
176
16
-52
1347
-1470
952
-960
63
15
162
-209
262
-186
1062
-834
-171
-169
765
2721
-3446
5
-36
637
-566
-69
53
-60
298
-288
-12
41011
-40991
121
36
110
-294
34
4225
-4246
-10
207
-204
-8
64
321
116
2437
-2900
-1
71
102
-144
-29
-36
11
-3
9
40
52
-110
1
3
55
-49
228
-149
1571
-1617
115
-97
-32
16
-38
58
-58
-7
3574
-3560
-14
116
5361
38591
-39895
-4173
0
81
500
-512
-58
3
-6
50
1199
-1037
-213
18
1418
-956
-302
-174
103
8782
-3509
-672
-4655
425
-461
55
7
-81
373
-373
4
2:0
472
-447
1292
36757
-38080
59
338
-134
-280
0
-1
2
0
9
-9
9
-9
5
-6
0
6
4
-1
-8
4
-4
-2
2
9
-9
-1
1
0
-1
0
6
-6
1
2:4
-2
1
-3
4
-8
2:-1
2
4
6
-4
-1
0
3
0
-8
2:-1
1
0
5
7
0
-12
9
-2
4
-2
0
-9
0
6
0
-7
0
13
-11
-1
0
-1
1
12
-5
-6
7
5
-14
8
0
-7
6
-7
2
-1
11
-1
-5
-4
7
-8
0
6
-5
-1
9
-2
-7
9
-1
-7
5
-6
3:0
10
-2
-7
0
7
-2
6
-12
6
-6
0
1
8
-9
6
-6
7
-6
-2
0
9
-8
13
-13
11
-10
5
-5
5
0
-5
6
-7
0
11
-5
3
-10
2
8
-10
10
-4
3
4
-6
-7
10
3
-13
12
-10
-1
0
-1
1
13
-12
0
-2
0
9
2
3
-13
7
-6
12
-2
-1
1
2
-6
0
-1
8
-8
7
0
-13
5
-5
9
-3
-6
4:0
9
-9
1
6
-8
0
-2
2
-1
2:0
-1
2:1
-2
2
-2
2
0
-1
1
-2
2
-2
2
-1
2:0
-1
5:0
2
2:-1
2
0
-1
2:0
-1
2:1
2:-1
0
1
2:0
1
-2
2
2:-1
0
2
3:0
-1
0
-1
0
2
-2
2
-2
1
4:0
-1
1
-1
2
2:0
2:-1
3:0
1
0
-1
2:0
2:1
-1
1
0
-1
1
-1
1
-1
3:0
1
0
-1
2:0
-1
1
0
-1
2:1
-1
0
-1
2
-2
0
1
0
1
0
-2
2
-2
2
-2
0
1
0
-1
1
3:0
1
3:0
-2
2
-1
3:0
1
-2
0
1
3:0
1
-2
0
1
0
-1
0
1
-1
0
2
0
-2
2
0
2:-1
2:0
2
0
-2
2
2:0
-2
1
0
1
0
-1
0
1
-1
2:0
1
-1
2:0
-1
0
1
-1
2
-1
0
-1
2:1
5
-2
1
2
0
-2
2:0
-1
0
1
-1
2
1
-2
1
2:-1
2
0
1
-3
3
-3
0
2
1
-2
2:0
-1
3:0
2
0
-1
2:0
-1
0
3
-3
2
-1
2:1
0
-3
2
-1
1
0
-2
2
0
-2
1
-1
0
2
-2
1
2
-2
2:0
-1
1
0
1
2:-1
2
-2
3
-3
2
2:-1
3
-2
1
-1
1
-2
0
3
-2
0
-1
1
-1
2
-1
2
-2
1
-2
1
-6
14:0
1
0
3
1
-1
-2
132
-130
5
13
-20
-1
10
-10
0
2
8
-9
2:0
-1
4
-4
11
-4
-5
-2
0
1
0
-1
40
-37
5
-8
1
0
-1
0
3
11
-11
1
-4
8
2
-10
0
3
-1
3
-3
-2
0
8
42
-50
5
-3
-2
2:1
-2
61
-60
0
5
27
-32
1
0
2
9
-10
4
16
-10
18
-26
0
-3
10
-8
-1
12
-1
2:-4
0
-4
69
-63
1339
-1347
117
-117
19
-12
-6
-1
9
-4
-1
-2
0
16
-7
9
16
-36
2:4
14
-16
-6
19
-3
-6
-5
6
-5
483
-395
-88
-5
7
2:-3
2
36
-26
-9
-1
294
-298
0
10
16
-21
-1
-4
35
-11
-24
6
-1
131
34
-167
-3
17
686
-700
125
-128
3
11
-12
33
40
1161
-1233
-2
-1
0
3
-1
0
1
10
122
-135
0
198
-182
-5
-9
40
18
-35
161
-179
38
-41
-4
9
37
-43
5
32
-8
-13
-5
-12
43
123
-159
-8
-1
2
3
8
35
-42
-4
-1
0
197
-194
-1
19
-22
0
10
418
-423
-5
11
-10
-1
2:3
-1
72
-54
-14
-5
-2
10
-5
-7
18
-13
-1
5
-3
-5
9
2:-5
3
1
14
6
-13
-11
7
-4
0
3
2:0
-5
4
-4
-1
17
235
589
-587
-254
0
8
140
-148
9
1
-9
2
165
-69
-96
-1
31
-11
-7
-12
3
83
88
113
-285
27
-29
31
-30
5
26
-32
-1
0
-2
14
-3
-11
264
-262
-1
55
-41
-15
5:0
3
0
-2
1
-2
2:0
3
4
-7
1
-1
2:0
3
-3
7:0
2:1
-2
3:0
1
-1
3:0
1
2:0
6
-5
2
2:-2
0
1
-1
0
2
-1
2
-3
1
-1
1
-1
5
-5
3:0
4
-4
8:0
2
-1
2:0
2
11
-14
1
-1
2:0
1
2
-3
4:0
5
-5
0
2
3
-5
4
0
-2
2:1
-4
6:0
2
1
-1
-2
3:0
1
3
-4
3
-3
4:0
3
-2
-1
1
2
-3
0
1
-1
2
-2
1
-1
1
-1
0
4
-4
0
1
0
1
-2
0
1
2
-3
1
4
-5
4:0
1
-1
2
2:-1
1
-1
1
6
-6
0
3
-4
4
-3
1
-2
1
2
-3
2
-2
1
0
1
-2
2
0
-1
1
0
-2
0
1
-1
1
-1
0
1
0
-1
22:0
1
0
-1
3:0
1
-1
6:0
1
-1
1
-1
11:0
4
-4
11:0
1
-1
8:0
1
-1
32:0
1
-1
23:0
1
-1
19:0
5
0
-5
13:0
1
-1
1
-1
14:0
2
-2
9:0
3
-2
0
-1
1
0
-1
4:0
2
-2
5:0
2:1
-1
0
-1
6:0
3
-3
3:0
2:1
-2
0
1
-1
2:0
1
-1
0
3
-3
2:1
-1
0
-1
0
4
-3
-1
3:0
1
-1
4:0
2
2:-1
1
0
-1
1
2:0
-1
3
-1
-2
2
-2
2:0
6
-6
6:0
1
-1
2:0
2
-2
2
-2
2
2:-1
1
-1
7:0
5
-5
2:0
end
