v1
914
204
6
87
287
159
407
79
3
28
21
115
24
14
25
9
26
470
119
51
137
126
237
1
57
56
7
15
28
99
19
542
165
3
13
243
65
16
49
147
3
73
140
7
585
191
130
72
260
15
154
26
72
64
135
34
44
23
76
248
10
216
19
99
33
74
19
41
39
0
121
58
355
122
156
217
28
371
21
135
7
24
58
167
147
182
15
5
185
20
67
89
7
79
257
79
48
9
139
93
242
45
166
170
487
125
148
174
109
117
156
188
33
85
303
54
339
69
57
31
144
1
200
79
117
120
117
106
128
7
104
317
30
172
42
125
254
27
28
56
37
49
186
141
268
7
300
94
275
16
15
78
74
354
209
20
30
81
101
31
89
65
8
59
50
25
248
94
109
26
1
15
14
45
6
32
6
19
18
3
9
5
2
25
17
7
1
5
41
2
17
130
4
0
118
73
9
74
45
14
6
8
45
5
65
38
19
7
31
17
14
73
40
118
85
354
8
78
95
120
94
112
19
414
110
144
160
10
33
6
116
117
29
138
54
30
31
60
141
85
101
41
25
65
166
3
146
5
24
258
116
13
275
37
19
280
10
5
18
15
83
70
165
64
41
309
114
58
35
12
7
168
45
763
199
102
53
40
367
56
109
2
13
11
42
253
48
1
75
50
325
407
229
19
76
182
33
98
128
6
80
53
75
19
38
69
7
8
147
40
158
125
96
14
339
270
2
72
5
4
20
182
2
360
55
37
175
70
63
58
8
11
32
74
2:6
45
283
22
16
35
0
65
54
47
59
2
110
17
20
88
122
31
59
5
20
3
104
89
3
2
9
187
9
52
353
45
8
19
20
209
9
34
31498
1
21
9
12
77
115
33
53
44
154
67
36
83
29
36
8
22
986
94
72
68
111
71
166
18
47
281
3029
2211
328
1553
2387
686
2067
8678
12
695
1416
15
1500
1150
9755
3
6930
2988
925
872
2652
2
4
10
8068
9
1
4
2816
887
943
15
1533
933
474
509
1041
3119
1
7
9
2
5
1428
3523
11948
91358
13098
3544
1
7716
25
73
9417
23244
9167
7
3
18
4
72
97
38
52
21
20
89
2:5
11
10999
43632
731
50
102
7
157
7
2
15
12
11
7
39
3
15
80
66
16
27
10
2
1
10
2
11
2
726
29
102
50
20978
21281
0
575
238
247
1102
81
539
523
40
625
203
233
532
2
3
5
1
5
11
31
86
8
26
21
0
2:4
31
9
28
3
1
43
27
20
4
5
0
1
30302
1513
8273
218
64
176
69
31
89
98
413
125
1
13
74
0
222
70
15
202
24
161
92
66
18
14
27
61
42
47
36
15
34
456
148
57
32
5
19
17
38
14791
236
4
1973
13
9722
2:1
143
20
72
29
14
28
2
5
55
-488504
132
53
283
207
311
27
250
1141
0
85
167
0
36
208
376
233
118
234
35
26
45
344
135
625
55
187
124
337
0
146
0
13
0
146
153
0
132
185
20
33
58
0
485
377
112
1
244
92
198
242
186
221
227
0
56
22
245
195
100
535
76
78
0
98
505
193
79
68
19
168
52
38
733
78
15
178
83
112
223
1
37
119
93
88
406
33
135
710
134
30
11
0
110
178
0
126
0
82
189
18
163
231
108
239
533
326
367
0
65
443
28
649
74
52
59
7
0
2:1
32
0
3
19
347
208
100
0
12
6
100
229
112
0
359
84
716
0
341
448
137
672
95
154
155
15
0
370
52
186
16
376
68
250
568
0
55
151
86
258
843
29
12
186
241
298
98
182
79
281
0
122
44
0
401
22
0
52
332
146
100
0
162
505
165
563
394
30
26
191
75
538
111
37
216
147
82
58
6
882
208
0
92
103
264
45
158
24
32
31449
39
56
17
264
92
62
101
16
0
1129
0
17
250
44
84
138
25
34
7715
341
1391
671
8673
1323
16834
5303
1764
0
4724
9476
9131
3146
25
5480
19730
0
96145
0
11311
28
41815
0
90
7
0
120
0
10
4
87
38
24
14
75
36040
0
19368
91
114
146
88
113
44
3
747
193
25
3445
4380
4975
5840
8560
9039
0
6474
2201
416
0
1
2
141
86
1391
238
23
95
40890
141
0
416
157
284
0
302
138
153
0
310
212
315
15209
11739
409
6
1416105000
599:0
1
313:0
5
7
3
1
5
-8
90
-91
23
14
-37
30
-33
106
-101
-10
32
3230
-3241
-14
14
2:-6
1026
10627
-11506
-146
-7
16
1
-14
34
-37
61
-58
-5
1
4
8
3
9
-18
-7
103
-103
0
16
270
-280
-3
-4
11
305
-34
-278
3
-5
3
5
355
-356
6
-8
6
-12
4
64
-67
0
226
-224
195
-155
-39
-5
1
18
602
141
-762
110
-66
28
-60
460
-470
148
-144
-5
8
-6
-3
33
68
-95
-4
21
-9
2:-4
38
-43
3
-4
275
-268
-7
357
-338
136
-152
392
-389
7
95
164
-110
-122
-34
-6
0
332
-327
-5
1
199
-177
-21
52
-54
1
47
-48
9
65
-60
-11
237
-238
10
74
-84
-1
10
2380
-2373
533
-403
-69
-24
-47
4
43
-55
279
-200
-33
-41
18
-23
6
129
-133
36
-18
-15
-2
94
-43
-51
96
-82
-14
15
118
53
-171
46
-54
-10
3
20
2:-11
1
31
-30
3
-3
17
324
-296
0
144
1674
-1466
-249
-128
-21
-2
8
-7
8
204
-200
-5
-6
2:2
3
7
-8
272
-279
-1
58
-51
18
72
-92
-1
20
741
-87
-674
93
81490
-81511
9421
-9245
-241
17
-16
67
3718
-3794
29
131
-125
-27
224
-121
-109
5
209
-203
-12
63
-41
364
-353
-33
-2
62
-22
-24
-9
926
-402
-526
-3
0
55
502
-555
-2
5
-9
2
34
-29
-5
106
-106
70
-52
-11
12
67
288
-35
-298
-34
2:-4
9
14021
-12634
-1308
-13
-76
7
5
-3
127
-103
-33
1
14
-4
-11
595
-593
2
378
-369
36
32319
-32156
-211
413
-343
458
-517
0
401
-383
3
4380
-4392
-21
1582
-1499
-75
141
-104
181
-219
36
11609
-11041
-604
-6
10
11
-20
13
-15
2466
-2464
0
98
14306
-14372
-11
3487
-3508
8
84
181
-275
21
82
601
-703
6755
-6755
4
58
93
-156
73
-71
10
19
-22
-8
25
-5
21
-31
989
2239
-3236
182
-122
-53
-6
-2
1
9
229
-241
2
60
-62
157
811
-705
319
-580
53
-11
-39
105
-105
257
-245
1247
-1260
57
479
695
-1054
-164
-9
93
-96
-3
-2
11
2614
-2613
7164
-5733
-1440
-2
49
-39
-10
34
83
-115
-1
39
-32
-9
135
-131
13
-1
28
-44
4
-3
16
-17
0
13
-3
-9
26345
-26233
-90
-18
8
-12
7
42
66
-49
297
-267
2509
-2605
24
-14
16
-24
1333
527
-1862
-1
10
18
76
-90
550
-547
10
-15
2
5
7
-7
1
279
-290
1
5
42
-48
-9
67
-57
2
-9
1
48
-22
3
-7
-15
16
17
1702
-1740
0
2:-1
-4
15
204
-8
-12
-188
16
-21
56
3007
-3061
-8
13
-4
49
543
-581
-10
26
-30
3
39
76
-68
-51
-4
1
0
1
15
33
-45
5287
47391
-40120
-12555
-7
1845
-1835
-10
0
2127
-2125
6
184
-177
40
-28
-23
6
32
-34
-7
1266
-717
-543
-7
0
2152
-2137
6221
-5856
-379
3
242
241
5408
-5897
81
-78
86
-83
150
-155
163
-160
-4
16
-7
-8
30
54
620
-702
36
-35
0
6
-5
496
-476
209
444
6721
-7384
163
-136
70
-101
1648
-1660
0
-3
3
-3
2
-2
1
2:0
1
-1
0
2:1
2:0
-1
0
-1
2:0
-1
0
2
0
1
-3
1
5:0
1
-1
2:0
2
-1
1
-2
0
1
-1
0
2
3:0
-1
2
-3
2:0
2
-3
1
3
-2
0
-1
0
1
0
1
2:0
-3
2
0
-2
1
2
-3
3
-3
2
1
2:0
-2
2
2:-1
1
0
2
-3
-1
2
-1
0
1
-1
3:0
2
-3
3
-2
2
-2
2
-1
0
-1
2:0
1
-1
2:0
1
-2
1
0
2:1
3:-1
0
3
-3
1
3:0
2
-2
3:0
2
-2
2:1
0
-3
1
-1
2
-2
1
2:0
2
2:-1
2
0
2:-1
0
3
-4
3
0
-3
2
1
-3
3
-3
1
0
2
-2
0
2
-2
-1
2
-1
0
1
-2
2
-1
0
-1
1
2
2:-1
1
-2
0
2
-1
1
-1
2:1
-2
-1
2
0
-1
4:0
-1
3
0
-1
0
1
-1
-2
1
-1
1
3
-3
2:0
2
0
-1
-2
2
2:0
1
-1
1
-2
2
-1
1
2:-1
2:0
-1
1
-1
4
-2
-1
2:0
1
-1
0
-1
2:0
3
-3
1
-1
2:0
3
-2
-1
1
0
-1
1
0
-1
2
1
-3
3
-3
3
0
-1
0
1
3:0
-1
1
-2
2:0
1
-2
0
3
-3
2:2
2:-2
1
-1
3
-3
0
2
0
-2
0
2:1
-2
0
3
-1
0
-2
3
-1
-2
2:1
2
3:-1
2
-2
1
2
-2
6
-4
-3
4
-3
-1
121
-117
-3
1
-1
0
12
0
-9
3
-7
0
2
33
-33
-2
7:0
6
-3
-2
8
-9
0
1
0
-1
0
1
-1
1
8
-8
-1
1
0
3
0
-3
1
0
-2
0
4
10
-14
0
1
-1
9
-9
0
1
-1
0
2
0
-2
3
0
2
-5
2:0
4
-1
-2
-1
4
-4
14
-5
-8
-1
3
-2
1
0
4
-4
-2
0
17
-17
0
7
2:-3
-1
9
-9
1
11
1
-3
-8
-2
2
-2
4
-4
1
-1
1
3
-4
2
-1
2
3
-4
-2
6
-6
2
-2
3:0
1
0
2
19
-21
59
-48
-7
-4
0
-1
3:0
4
-1
-3
1
-1
1
115
-116
0
2
-2
2
3
-5
2
-1
4
-5
3
35
-37
2
-1
-2
2
-2
2
1
-2
0
6
-7
6
-4
0
30
-24
0
32
-36
28
-26
-5
0
2
-3
0
5
10
-13
3
-5
2:1
-2
0
5
8
-13
1
7
-5
0
2
-3
-2
7
-5
52
-54
16
1588
-1604
112
-84
-28
2
0
6
-8
0
5
-1
5
-5
-1
-2
2:0
26
-22
-3
-2
8
-8
4
-2
2:-1
19
-16
0
-3
87
-87
4
-4
2:10
-15
-5
0
2
1
-1
-2
0
13
-13
24
-24
1
6
3
-6
5
-9
5
-4
-1
0
527
-461
-62
7
-11
5
-5
0
9
-4
-5
0
5
0
-4
49
-48
-1
22
-19
-2
262
-237
-26
3
-4
41
-41
4
2:-2
1
7
-5
-2
42
-43
4
44
-39
3
-12
7
135
-138
2:-2
1
5
-6
8
-8
7
-7
0
16
513
-523
-5
135
-136
1
2
20
-23
4
61
21
-85
60
-60
0
2
3
-6
2:0
4
-4
3
-3
3
2
-4
4
163
17
-185
15
3
-17
2:0
-1
6
32
-38
0
2
-2
34
152
-173
14
-25
-2
7
-6
13
-8
76
-76
-5
-1
5
35
-9
-16
-14
1
3
-5
0
1
-1
57
-57
212
-178
-29
-3
0
6
-4
20
30
-53
0
1
4
-6
0
1
2
1
-1
-3
3
-3
1
-1
1
0
1
-2
177
-177
4
-4
1
0
5
4
3
-13
0
7
534
-541
0
2
2:-1
10
-10
1
-1
0
4
-2
2
61
-63
0
-1
0
2
4
-7
23
-10
-11
6
-8
3
-3
14
8
-22
9
-8
-1
23
-21
16
-15
0
2:2
39
-45
7
2:-4
0
6
10
0
-13
-2
0
-1
8
16
-19
-5
4
-4
11
3
-14
6
-6
1
0
5
2
-7
2:0
-1
0
2
1
14
-15
529
720
-861
-390
1
12
-9
-4
0
197
-196
4
2
-6
16
-4
-10
-2
3
-4
1
8
150
-159
2
0
32
-32
91
-70
-20
-3
12
4
193
-209
4
-2
31
-32
-1
0
35
-35
0
5
-4
5
-1
9
25
-39
5
-3
1
-3
2
12
-11
-3
11
2
-12
25
-26
2:1
52
-54
10:0
2
0
-2
10:0
1
-1
2
-2
17:0
1
-1
2:0
1
-1
5:0
1
-1
4:0
2
0
-2
2:0
1
-1
0
2
-2
8:0
1
-1
3:0
1
-1
1
-1
5:0
1
0
-1
5:0
1
-1
14:0
1
-1
1
-1
7:0
1
0
-1
4:0
1
0
-1
0
1
-1
8:0
1
-1
4:0
2
-2
6:0
2
-2
13:0
1
-1
10:0
1
-1
0
1
-1
11:0
1
-1
1
-1
0
1
0
-1
10:0
2
-2
2:0
1
-1
2:0
1
-1
4:0
4
-4
1
-1
3:0
1
0
-1
15:0
1
0
-1
3:0
1
-1
1
-1
2:0
1
-1
0
1
-1
9:0
1
-1
0
2
-2
9:0
1
2:0
-1
0
1
-1
3:0
end
