v1
896
914
141
174
2:52
87
663
551
58
56
50
99
515
211
539
73
140
592
159
234
260
466
101
76
26
733
160
275
138
339
150
592
225
534
20
24
218
257
136
317
157
45
210
160
578
431
273
221
442
339
69
57
376
539
135
702
88
281
28
93
651
394
275
16
212
337
201
111
132
162
109
273
203
26
16
14
83
62
19
6
17
54
19
130
4
118
82
1
73
59
64
65
38
57
262
426
21
173
120
225
414
110
304
10
39
116
146
192
30
232
85
142
259
146
5
24
258
129
275
37
19
205
75
33
15
83
70
229
41
309
148
958
96
301
460
56
109
2
368
75
50
325
684
229
473
126
15
147
40
2
391
692
20
184
412
40
175
70
121
8
11
32
414
38
100
54
47
61
6
49
92
88
153
59
5
23
196
2
702
218
34
31498
22
9
237
97
173
76
120
36
8
22
1080
72
179
71
166
15
3
45
3312
2211
328
1553
3073
2067
10816
2650
9755
793
9128
1797
2652
2
8096
4661
2940
509
4177
2
5
5482
119417
1
1735
5981
25
73
9417
32421
22
280
20
89
5
16
55412
109
157
7
29
57
18
162
27
10
2
13
11
4398
4380
34390
575
1668
539
523
1101
532
2
25
31
86
94
37
3
1
90
4
6
30302
9786
282
176
100
89
636
1
13
296
85
202
277
66
18
41
103
0
132
661
56
17
38
14805
222
11713
1
163
72
43
90
-488392
130
20
267
7
152
222
15
74
311
0
31
72
8
18
104
107
31
228
84
0
114
31
78
126
110
37
63
28
49
27
1
47
11
146
260
114
0
47
121
106
53
9
13
5
38
200
65
4
26
68
50
336
44
169
28
486
130
108
72
0
128
219
0
160
1
71
31
42
44
347
10
103
113
19
16
83
0
126
68
12
134
261
67
5
162
258
78
64
28
17
147
182
25
21
135
23
26
40
30
69
34
181
108
22
14
58
152
120
89
72
35
51
235
225
93
51
70
265
468
106
87
17
0
46
117
139
262
54
74
27
348
230
11
21
111
434
39
43
78
144
161
236
120
117
64
48
213
39
0
98
145
6
24
11
14
30
66
87
91
460
272
53
132
224
0
15
117
75
100
70
358
50
64
219
70
248
211
309
220
125
72
160
6
11
33
6
31
7
19
18
12
5
29
0
22
1
48
3
21
110
0
197
0
11
128
17
3
8
42
3
73
38
16
7
48
53
45
40
192
2
421
17
5
282
10
0
12
291
35
86
0
161
246
183
1
198
27
13
97
70
115
60
327
66
65
164
2
290
556
17
285
38
5
23
207
649
85
8
12
7
120
48
9
41
258
5
510
184
173
5
17
0
176
19
24
0
4
89
246
48
247
48
0
132
41
168
113
122
250
45
150
13
9
44
1
18
12
279
30
8
9
10
119
10
90
36
53
89
5
38
76
186
167
182
65
327
270
2
36
0
41
101
21
84
362
55
497
37
6
4
41
16
143
95
125
40
106
0
28
22
4
2
121
8
238
209
5
89
38
118
54
246
61
42
16
85
29
362
31
31103
265
81
9
37
115
4
51
31
2
12
184
103
1164
57
7
170
97
316
7713
352
9733
3422
4028
8052
2466
1620
2092
2782
436
3913
3530
10
8068
7
2:1
2826
882
943
1548
933
985
4158
1
7
17
1427
1042
14429
91135
223
13098
5280
983
5049
51
41831
7
40
41
100
4
2
38
52
20
37
83
36046
19327
271
54
45
38
72
2
24
1
19
101
2
8
2
15
1
16
709
7
22
41
35
51
50
13
6
18640
2294
3093
1178
9030
8478
315
247
1509
547
854
973
12
42
57
36
2
11
38
4
34
6
102
40645
169
634
41
292
107
134
111
153
87
88
347
431
94
14963
2115
9735
132
178
5
19
-487823
560
237
1010
248
1310
274
1637
1073
35
605
963
504
246
920
51
977
180
286
2635
144
467
421
460
3598
48
27
1879
134
1286
324
370
1516
16
288
488
1069
354
1218
347
294
150
74
1394
975
642
192
604
377
524
94
31523
114
220
299
6227
1308
1873
343
12056
5125
17435
6072
1384
8038
9178
124526
53193
7
286
2:24
37
19
55973
18
894
43351
2102
131
1725
68
99
31991
8564
1075
204
5
354
397
119
2
763
69
14935
12114
1416094800
299:0
1
499:0
1
95:0
27
-1
96
-75
-13
148
3815
-3923
842
11351
-12000
-239
3
-8
34
3
531
-519
-12
716
-453
-139
-137
7
-15
143
-58
-92
903
-904
3
30
53
-34
-27
-26
5
56
274
-317
45
811
-874
87
237
-31
-230
129
-85
247
-320
454
-194
-297
664
768
-1422
49
-16
215
1788
-1440
-313
-252
-41
-4
170
-62
-84
155
-178
-1
145
-123
49
-71
193
-190
45
-47
109
-111
65
1857
-1842
69
306
-263
-119
109
-58
151
66
-337
186
-174
30
66
24
-86
644
-268
-385
136484
-119917
-16182
-387
17
3094
-3004
-127
3917
-3807
-119
4
5
34
-29
2837
-2849
11
5597
-5555
996
-443
-601
-15
79
904
-983
5
52
16
1143
-1216
27
84
-112
25368
-22966
-2352
2126
-2171
135
386
-192
-254
28390
-28395
-41
543
2383
-2706
1119
-1373
273
-235
125
-139
4867
-2362
-2503
-17
194
-157
26696
-26720
5440
-4232
-1229
27
196
-205
61
1595
4782
-6439
28
-48
242
1092
3639
-4844
32
-149
528
-403
-100
140
868
-1013
610
-635
450
-387
-69
186
-184
392
-362
107
-65
1145
-936
-249
89
9707
-4909
-3467
-1446
58
482
-527
72
-27
-22
-31
-13
40
36032
-35977
-36
-44
140
-156
52
192
-172
2992
-3055
3821
-3771
-44
319
206
-327
-210
45
435
-479
30
33
-57
25
291
-252
-70
44
416
-455
89
37
100
-171
2819
-2849
56
-40
-22
23
1093
-1049
-48
6206
45791
-45200
-6716
-108
793
-812
64
12
-40
-24
28
786
-252
-308
23976
-20629
-3378
-140
1078
4459
-5596
207
-3
32
-171
2
-90
851
585
-1437
574
-458
803
7025
-7763
480
-694
13
-9
6
3
-13
2
1
-2
2:0
4
7
-7
-3
2:1
6
5
-14
0
4
14
-18
12
-13
0
3
8
-9
0
-2
2
15
-13
9
-11
-1
3
8
-11
1
8
9
-15
2
5
-3
-7
2:4
2:-4
-1
9
-1
-5
2
-4
2:0
4
-4
2:0
-1
11
-5
-4
17
-9
9
-17
0
3
-5
1
0
1
-2
0
8
-6
0
15
-10
7
-12
2
-1
1
-3
1
14
0
-3
-13
2
5
-6
9
-3
0
-7
20
-17
-3
0
6
-4
2:-1
4
-2
6
-8
0
2
6
1
8
-13
6
0
-9
-1
7
-4
-2
0
1
2:-1
11
-10
4
-3
0
2
-1
-3
4
2
-3
5
-6
0
11
-12
0
1
13
0
-13
-2
7
-5
4
-3
-1
2
3
-4
6
1
2
-10
9
-5
6
-12
0
11
1
-11
13
-11
9
2
-11
1
-4
3
3:2
4
-4
-7
2:7
-16
3
-2
0
4
12
-15
9
-11
1
3:0
19
-11
-9
10
-9
-1
3
14
-13
16
-12
4
-10
2
-2
17
-14
-3
4
-4
2
-3
0
1
4
9
-14
0
-1
0
9
1
-6
3
7
-14
10
-10
19
-15
13
-16
2
4
-6
11
-9
-1
6
2:-3
15
-15
-2
3
1
6
-6
10
-6
-3
7
-12
1
3
-1
8
-1
0
-1
-5
-3
0
1
0
11
-12
7
2
0
-9
2
-3
8
-7
10
-9
-2
7
-5
11
-13
4
-1
10
-6
-7
0
2:2
-1
-2
13
-14
6
3
-8
6
-6
2
-2
-1
4
6
-7
-2
0
3
-4
0
2:2
10
-12
5
10
-15
0
-1
3
6
2:-4
8
0
-10
8
-5
3
-6
3
-3
3
-1
12
-11
-2
5
1
-3
10
-5
-6
-1
6
-5
5
1
-6
5
-8
6
-6
3:1
-3
0
13
2:-6
3
-2
9
-6
1
-4
0
2
-4
4
3
2
-2
-4
15
-13
-5
8
5
-12
0
9
-3
0
4
-10
7
-8
5
2
-2
-3
13
-9
2:-3
3
5
12
-12
-7
0
-1
0
18
-10
-2
-6
4
-4
15
-1
-14
1
-1
4
-2
10
-7
9
-5
-4
-3
6
-6
4
6
-9
3
-5
3
-4
10
-9
10
-11
0
7
-6
0
15
-12
5
-4
12
1
-2
-5
-1
-7
0
11
-8
2:-3
7
-6
3
1
-5
16
-14
8
-5
-2
-1
3
10
-11
-2
5
2
-6
-3
8
-5
0
3
1
5
1
-3
-10
6
1
-8
1
-1
1
-1
1
4:0
-1
0
1
3:0
-1
11:0
1
-1
3:0
1
-1
0
1
-1
1
0
-1
0
1
0
-1
0
1
-1
3:0
1
-1
7:0
1
-1
0
1
-1
2:0
1
0
-1
0
1
-1
0
1
-1
1
0
-1
2:0
1
0
-1
12:0
1
0
4
1
-5
5
114
-114
11
2:-6
-4
0
4
-1
7
-6
4
-7
1
-2
10
-7
-1
-2
22
-20
-1
7
-8
0
3
2
3:-1
8
-2
-5
3
-5
5
-5
-1
17
-11
-6
15
-4
2
-7
-1
-5
2
0
-1
4
-4
0
4
2:26
-49
-3
-2
-1
0
7
-6
125
-126
0
7
-9
1
4
34
-35
-3
3
-3
7
0
21
-8
23
-11
-33
7
-2
1
14
-18
2
8
-12
9
2
0
-3
-4
79
-61
1703
-1610
-82
-30
6
-9
3
4
-1
19
-21
-2
-1
11
-8
-2
2
-3
0
19
-20
58
-57
14
-4
17
-20
-8
2
16
12
-21
-2
-3
3
554
-458
-101
8
-10
9
32
-13
-26
360
-346
-16
45
-41
0
45
-48
47
-36
-7
2
176
-180
5
1
-5
14
713
-720
109
-120
0
2
17
-10
72
26
-41
-65
3
2
0
168
25
-186
-1
-9
48
-3
-46
32
171
-192
26
-38
9
-1
4
70
-81
4
-6
6
32
-7
0
-28
9
37
205
-223
-31
6
-5
22
53
-75
2
2:-1
2
182
-184
0
8
10
-19
1
0
8
508
-517
16
-15
0
4
71
-74
4
20
-12
-13
1
19
-6
14
-26
24
-22
7
14
-22
-3
15
-13
9
12
-18
2
1
-9
7
2
-9
15
451
1059
-1215
-297
-11
160
-159
3
9
2
-16
3
4
130
-137
55
46
-80
-12
24
335
-365
43
0
4
-45
2
5
41
-51
0
13
-11
9
-2
17
5
-34
2
-2
1
-1
6:0
1
2
-2
-1
0
1
-1
7
-7
0
1
-1
0
2
-2
2:0
1
-1
1
-1
0
8
-8
0
1
0
-1
35
-35
6:0
1
-1
5:0
1
2:0
-1
11:0
1
-1
4
-4
2:1
-2
2:0
4
-4
4:0
2
2:-1
0
1
-1
1
-1
2:0
1
-1
5:0
1
-1
6:0
1
-1
9:0
3
-2
2:0
-1
3:0
1
2:0
-1
8:0
1
-1
0
2:1
-2
5:0
1
-1
2:0
1
0
-1
3:0
2
-2
2
1
0
-2
-1
5:0
1
-1
2:0
2:1
-1
0
-1
2:0
2
-1
4
-5
0
1
2
-3
4:0
7
-6
1
-2
2:0
1
0
1
2:-1
2
-2
2:0
2
-2
4
-3
1
-2
2:0
3
-3
0
2
-2
3:0
2
1
-2
-1
3:0
2
-1
1
0
-2
0
5
-5
6
-4
-1
1
-2
1
-1
4
-4
2:0
1
-1
1
-1
1
0
3
-3
-1
1
0
-1
1
-1
2:0
1
0
2
0
-1
-2
4:0
2
-2
5:0
1
2:0
-1
2:0
2:1
2
-4
2:0
3
-1
-2
2:0
1
-1
0
3
-3
1
3
-4
2
-2
1
-1
0
1
-1
4:0
1
0
-1
0
4
-3
3:0
-1
0
2
1
-3
0
2
0
-2
3
-3
1
-1
3:0
2
-1
0
-1
0
1
0
-1
2
1
-3
0
1
-1
0
2
-1
0
2
-2
-1
2
-2
2:0
9
-6
-3
9:0
2:2
2:-2
1
0
1
-2
1
-1
2
-2
7
-5
2:-1
0
2
-2
0
2:1
-1
0
-1
1
-1
1
5
-6
7:0
5
-4
-1
0
1
2
-3
1
-1
1
-1
9
1
-10
1
-1
0
1
0
-1
5
-3
0
-2
2:0
9
-9
3
-3
4:0
1
-1
2
-1
2
3
-6
3
0
-3
3
2
-3
-2
2:0
1
-1
2:0
2
-2
1
-1
2
-2
1
3
1
-4
3
-2
0
-2
2:1
-2
12
-12
4
2:-2
0
2:1
-2
8:0
1
-1
16:0
1
-1
14:0
1
-1
8:0
1
-1
11:0
2
-2
5:0
1
-1
4:0
2:1
-2
14:0
end
