v1
592
152
165
426
237
144
105
191
48
292
204
119
188
126
295
56
22
28
42
58
422
138
165
553
59
140
592
393
322
293
111
435
421
39
41
326
247
353
41
5
11
33
472
135
82
7
167
344
5
37
140
8
239
23
257
136
139
93
0
183
59
539
179
63
212
431
494
212
151
25
54
339
69
57
31
144
35
705
269
230
87
66
132
62
79
231
23
148
312
339
394
275
16
497
233
175
242
8
24
35
50
280
15
181
56
28
17
38
43
68
1
46
19
6
124
3
1
118
64
13
5
1
73
40
5
20
58
61
4
38
57
144
118
447
78
55
40
120
225
195
329
304
10
39
116
104
42
138
54
30
91
141
85
101
300
146
287
410
17
313
10
38
66
87
229
41
159
264
244
36
50
758
301
83
10
367
50
6
106
3
2
181
56
131
75
50
798
119
44
277
33
47
179
86
53
75
19
107
15
147
40
283
110
339
308
249
38
374
3
37
122
53
70
63
66
11
32
2:43
204
162
100
54
47
61
28
27
92
88
58
95
59
5
23
104
94
570
93
39
218
34
31226
272
6
16
9
82
208
44
85
88
196
36
8
22
1130
22
68
111
71
166
18
3357
2211
328
1553
5140
2124
6554
12
2126
2650
9755
3
790
6132
2996
4449
2
8091
5
4646
15
2453
13
474
4677
11
5
4951
116404
1
3543
1
7741
73
9417
32421
22
26
7
130
6
111
20
89
5
55378
50
0
109
157
9
15
12
57
6
12
162
27
10
3
8
2:2
11
2
787
18802
2296
4271
12281
4729
575
1310
358
539
334
133
56
665
436
330
202
2
1
13
11
28
3
96
44
49
28
3
1
43
0
27
30
40088
282
176
69
120
636
1
13
296
85
202
24
253
9
57
18
144
88
44
661
32
5
19
17
36
2
14955
72
1990
9722
2:1
162
1
72
29
14
28
55
7
13
-488551
231
0
271
46
29
683
0
243
0
233
61
276
238
132
171
1046
827
537
243
348
0
367
22
162
182
1088
633
453
635
4
273
156
1208
0
567
144
7
564
1021
177
43
223
200
28
33
613
1028
43
497
0
268
91
34
0
1116
312
573
103
203
4
23
15
65
119
71
5
21
110
350
6
8
3
169
55
330
63
291
517
156
144
615
831
0
1492
803
219
139
36
1192
186
179
245
0
310
164
278
0
407
185
63
348
119
56
170
524
0
29
817
81
242
512
94
351
0
237
343
784
154
194
11
0
127
31937
95
13
53
0
4
2:38
13
61
226
127
70
1030
38
232
330
272
10194
12868
19353
3913
1304
842
12297
5289
4185
1447
106809
57118
9210
361
27
0
83
9547
45692
0
248
173
203
81
726
213
6
29089
1
5151
7977
1063
2189
1694
11
20
202
131
9
30303
11157
283
159
469
150
13
317
359
27222
20
3
1416739200
399:0
1
191:0
30
-13
-3
-11
2
4
0
101
-104
5
2592
-2459
-117
1228
1440
-2675
174
-182
-2
3
-9
23
-2
19
55
44
-131
20
-29
37
60
-86
-8
26
-26
113
660
-752
-19
-4
-1
5
-5
1
137
1685
-1819
-2
-1
3
23
-22
14
-17
0
4
-2
0
1
-5
2
8
-10
69
-51
123
79
-211
255
-115
-27
-121
27
-17
-4
-3
28
-25
18
-19
9
-12
36
4
-39
12
-7
2:-2
737
-737
502
-502
51
-55
18
21
7
-42
-3
18
-6
-14
2
23
-20
37
-26
-13
-2
-1
22
-19
1
7
129
-95
-44
1
292
-293
28
-26
5
-8
5
14
116
-105
-18
-8
152
140
-293
10
29
20
-52
38
278
-286
68475
-65603
-2827
-56
15
-38
3
455
2112
-2423
-148
90
-72
-22
6
-7
1
33
-25
168
-174
10
9
149
-168
20
-23
0
7
18
59
-84
1
70
-60
9
1660
-1680
4
44
-39
5828
-3692
-2127
-16
-2
4
53
-53
2
-3
17
-20
600
-595
634
-571
26628
-26679
170
1
-171
12
983
-1012
6
-1
50
-46
-4
4
17
1749
5291
-7056
-6
4
-8
12
4
18941
-18946
2345
-2347
2
1
132
-139
-4
28
495
5351
-5842
-29
-2
-1
4
7
758
-769
1506
-1467
11
39
-90
7
139
-142
53
16
695
-734
210
-243
13
-9
22
-21
208
-200
-11
54
262
-208
188
-298
11
-9
270
4816
-4987
-102
14
392
-225
-150
32
-54
7
9
353
-349
-27
3
-5
31098
-31078
-20
2
-1
5
54
211
-151
1425
-1499
67
-111
0
1
28
-18
-10
38
1273
-1312
2
0
33
52
-85
9
16
-21
81
-83
6
1230
-1178
-52
1
-11
15
17
-34
1
55
-56
1
-1
142
-113
-9
-3
2:-4
-9
65
-65
174
-173
34
-12
-23
0
19
10
-13
-12
4
-4
970
13040
-8630
-5380
0
1
237
-231
13
-3
-19
1
523
-282
-225
305
-180
-95
-39
23
4134
-1700
453
-2892
170
-92
-103
-1
27
21
-40
-9
266
-261
6
-8
159
-64
-58
10932
-10330
-641
5
206
-212
1
249
-237
-16
2:0
-1
1
5:0
-1
3:0
2:1
-2
0
1
-1
1
0
-1
0
2
2:0
1
-3
0
2
2:0
-1
0
2:1
-3
2
-2
2
-2
0
1
0
-1
2
-2
1
2:0
1
-2
1
0
-1
0
3:1
-3
1
0
-1
1
2
0
-3
0
2
1
-1
0
1
0
-2
-1
0
2
-2
1
-1
1
0
-1
0
2
1
2:0
-2
-1
1
2:0
2
-2
0
2
0
-3
2
-2
0
2
-1
0
-1
2
0
1
-1
0
-1
0
1
-2
0
2
-1
8:0
-1
4:0
1
-1
0
2
-1
1
2:0
-1
1
2:-1
2:0
1
-1
2
2:-1
2:0
1
2:0
-1
1
2:0
2
-2
2:1
-1
-2
2
0
-2
2
-1
2:1
-1
1
-3
2
0
-1
2
-3
0
1
2
-3
2:0
2
0
-2
2
2:1
0
-1
2:0
3
-1
-2
3
71
-74
0
8
0
-3
-2
-3
2:0
23
-22
-1
6
-4
3
-5
1
-1
2:1
-2
3
1
-4
8:0
1
-1
27
-27
2
-2
0
4
-4
6
-6
4:0
1
-1
1
-1
0
6
-1
-3
-2
2:0
11
-1
-9
0
-1
2:0
4
-4
5:0
5
-5
0
1
-1
2
11
-8
-5
4:0
30
-30
3:0
2:1
0
-2
2
10
-9
2:-1
2
-2
-1
3
-3
10
1
-11
1
15
-16
5
-5
0
3
-2
-1
8
-7
-1
1
12
24
-35
-2
3
-2
1
0
47
-42
925
-856
-69
-6
1
2
-1
-2
5
-4
3
-2
4
-5
0
-1
0
3
-3
29
-28
6
-3
10
-15
3:0
1
11
1
-13
1
5
-5
-1
0
1
0
2
-2
213
-122
-91
-1
2:0
6
-5
-1
0
5
-5
38
-34
3
-6
282
-277
-3
16
-18
-1
24
-24
0
1
17
-18
1
0
1
59
163
-224
0
1
0
1
5
267
-273
49
-50
2:0
8
-8
1
14
30
567
-610
-2
2:0
2
3
70
-75
85
-85
2
10
-11
2
6
-9
20
1
70
-90
23
-24
1
-1
4
3
27
-33
0
6
9
5
-10
-11
2:0
26
49
-73
-2
2:0
12
2
7
-12
-8
2
1
-3
1
-2
0
111
-111
0
2
-1
0
5
-6
15
191
-204
5
-7
1
3
-3
-1
0
1
65
-66
2:0
15
-10
0
-4
0
6
-7
2
7
-6
4
-5
-1
2:3
-2
-5
1
-1
1
-1
0
11
-3
-7
3
0
3
-7
4
-4
2:0
1
-1
2:0
2
-1
2:0
-1
0
63
319
-296
-86
0
1
39
-38
4
-3
-1
-2
40
-4
-36
22
-5
-12
-4
2
31
189
-46
-169
-7
5
-5
-1
3
2
3
-8
11
-10
0
-1
3
7
-6
49
-51
-2
0
35
-35
0
12
-9
-3
23:0
1
-1
6:0
1
-1
10:0
1
-1
13:0
2
-2
4:0
3
-1
-2
0
1
2
-3
2:0
2
-2
2:0
1
-1
6:0
1
-1
15:0
1
0
-1
3:0
1
-1
7:0
1
0
-1
41:0
1
-1
0
9
-9
5:0
1
-1
2:0
2
2:-1
6:0
2
-2
5:0
end
