v1
805
207
311
66
159
486
191
48
130
485
314
237
58
56
7
15
127
19
707
59
451
26
216
592
159
117
19
230
128
466
425
10
2:194
72
41
136
437
70
425
420
166
225
291
58
185
176
86
257
136
139
93
242
45
370
407
171
186
136
109
113
0
381
85
357
339
69
972
135
790
21
1032
394
275
16
371
490
214
80
404
181
56
83
43
3
1
4
11
25
11
6
8
51
144
4
118
0
82
74
123
65
112
245
105
342
78
95
120
225
414
110
262
42
10
33
6
116
284
0
54
30
91
141
85
101
41
256
3
146
5
282
404
336
10
36
2
382
41
1511
301
83
377
56
109
2
24
42
302
75
50
325
913
345
15
113
126
15
147
40
393
339
373
184
452
175
70
129
11
32
86
328
38
100
54
47
61
147
88
212
5
23
193
660
47
63
155
34
31498
22
9
204
130
85
88
84
112
36
30
17
1135
179
237
18
56
5512
328
1553
5140
8678
2138
2650
9755
9105
816
4449
2
8082
2840
1835
7628
5
1428
123471
1
7741
73
9417
32421
22
280
109
2:5
55689
9
27
57
18
162
27
10
2
13
11
3
754
12996
29415
498
77
1668
539
523
665
436
0
532
2
3
22
31
86
61
2
31
37
3
1
90
4
6
30302
9786
282
176
189
636
1
309
85
202
24
253
66
18
41
103
132
661
73
38
15027
11712
2:1
109
54
115
28
7
55
-488349
87
20
168
480
90
113
102
11
195
0
229
123
0
136
170
0
51
450
76
282
76
6
383
11
0
264
429
73
157
290
407
92
34
41
32
347
174
311
101
42
152
322
86
0
32
13
0
160
20
144
8
135
8
79
120
11
4
132
58
24
102
605
11
34
122
642
24
37
54
40
13
24
43
101
39
0
2
369
39
114
32
111
78
0
147
515
70
143
87
16
431
96
166
111
72
188
421
180
10
267
62
22
99
33
222
138
41
32
189
33
64
32
138
51
60
92
131
39
0
30
25
120
18
0
35
122
102
4
55
73
94
55
58
270
77
229
118
76
34
153
57
400
50
119
11
553
4
0
30
17
78
177
55
96
31
43
230
15
177
15
23
13
2
7
16
0
45
73
11
0
5
18
3
30
0
47
2
0
17
0
7
110
7
12
11
108
70
75
53
0
14
6
0
23
96
7
13
22
19
38
31
92
114
297
174
388
280
11
35
86
58
283
49
0
33
366
0
69
68
185
0
95
358
33
1
31
108
263
216
144
27
254
17
0
13
1
10
304
186
579
114
0
105
0
175
10
35
5
258
359
45
490
195
334
381
332
235
61
506
0
254
47
0
45
81
13
38
2
6
133
94
38
76
185
58
110
125
57
483
17
200
142
5
100
247
115
55
71
274
7
51
94
37
12
549
9
62
129
166
72
23
84
96
11
114
13
118
54
246
11
50
42
2
54
72
46
75
31762
0
65
4
8
40
60
31
81
0
32
173
7
1
65
41
1065
64
80
90
182
43
61
78
3359
7165
9648
5113
2325
8205
1620
4874
0
436
3910
3
3540
0
8077
0
5
16
2801
886
0
943
1548
0
923
10
1997
0
3137
9
1
7
1
0
2:8
16898
91358
13098
0
1
5279
5973
8
41894
0
39
0
7
14
2
0
23
5
0
16
50
71
4
2
131
16
37
19
0
38
55362
9
0
41
35
37
0
37
181
9
21
42
16
52
92
55
2
8
2
15
726
43
76
100
18646
2294
3093
0
1178
17007
816
247
1105
245
289
416
1
1620
205
1
5
1
0
26
19
44
3
35
15
26
21
0
3
1
3
0
38
3
74
1
27
0
29
31816
8774
0
26
31
160
253
187
139
74
107
185
352
198
42
177
13
245
431
89
0
5
0
19
45
0
14801
240
1973
9886
26
0
89
97
1416198000
299:0
1
504:0
107
-91
12
10
54
-64
14
63
2433
-2500
-6
463
760
750
-1975
33
-21
-3
-24
40
-27
1103
-1035
15
-95
5
62
419
-387
-95
240
-245
77
-38
239
-278
37
-33
180
208
-354
-23
125
-140
52
-39
24
-13
6
-26
3
-6
3
4
1616
-1524
-100
31
-27
16
3
11
15
-12
139
-175
40
-6
1
2803
4439
-6701
-536
-23
932
-931
-15
57
-56
111
-35
9
-89
1
4645
-4445
-201
105
47
-146
1
15
126
-60
30
1
165
-242
-36
100
-36
83
-136
27
-45
2:5
0
-7
364
-367
2
89708
-89563
3422
-3477
-69
-2
34
2847
-2897
208
-198
0
179
-160
10
-44
9
2
18
3
-29
76
362
-372
349
-348
917
-986
336
-337
37
-34
-3
41
17980
-16980
-1034
214
-134
-86
107
321
119
-490
33766
-33724
146
869
-989
344
-294
-167
37
2049
-622
-1473
56
-56
90
-26
19082
-19055
3521
-3578
278
-281
557
952
-1524
133
-130
-10
-8
737
3312
-3898
-121
-17
176
3
191
-369
139
737
-775
149
-203
17
133
-206
74
91
860
-962
39
-105
2339
10862
-12301
-871
-3
-29
48
-43
10
91
17682
-17782
101
-81
107
166
-295
2453
-2445
7115
-7107
-13
659
-661
59
-63
119
-48
-71
15
3
-16
-3
31
4203
-4231
3
5
140
-146
308
-286
1149
-1159
70
-67
4
72
-82
-2
18
832
-827
63
-96
7
9212
17603
-18171
-8607
36
810
-884
391
-312
26
-95
1123
279
6269
-4727
-2782
-102
202
-11
471
-590
-126
29
-52
19
410
-410
271
48
-313
18
824
-676
-189
-2
510
-526
4
2:-1
6
-1
0
-2
4
-1
0
-5
5
0
2
-5
-1
3
7
-12
0
-1
4
-1
2:2
-7
5
1
-4
-3
2
-2
4
-2
2:1
4
-7
0
3
2
6
-11
0
7
-7
0
-1
4
-3
4
5
-8
-2
3
11
-14
0
2
0
3
-5
0
2
11
-11
7
2
-4
-3
5
-2
-5
7
-8
0
8
-8
1
11
-2
-7
-2
-1
3
-1
6
-1
-6
2:-1
1
2:0
1
4
2:0
1
-7
11
-9
-2
0
10
-10
2:2
4
-1
2:-3
13
-8
-2
2
8
-9
-1
6
-9
2:2
0
-3
2:0
4
-4
1
8
-3
-4
-1
0
7
-8
11
-10
4
-1
-4
0
6
-7
1
-1
0
13
-8
-2
4
-6
0
2:-1
0
6
0
-5
-1
2:3
6
-4
0
-3
-2
2
1
-5
-1
1
2:0
5
-2
1
-1
1
-5
3
-2
4
1
-3
3
-3
2
0
-5
1
0
8
-8
0
6
7
-4
-5
4
-9
0
3
0
4
-5
5
1
-7
4
-5
5
0
2
-6
0
-1
4
-1
0
-1
8
-6
0
-4
6
-5
8
2
-8
3
-5
0
1
5
-7
4
0
4
-6
-1
7
0
-1
-5
-2
3
-3
1
2
8
1
-5
-3
-2
1
4
-7
2
5
-2
-1
3
-7
10
-5
2:4
-10
-1
5
4
-5
-4
2:0
1
-3
5
1
8
0
-12
0
2:-1
4
-3
1
5
-3
-2
2:0
-1
6
-2
-5
2
6
-4
7
3
-14
5
9
-7
7
-14
9
-6
-1
2
-2
1
10
-9
-4
1
10
-11
2
2:0
-1
2:0
1
9
-8
6
-9
8
-6
8
-3
2:-2
-1
0
12
-3
-7
2
-4
2:-1
1
0
1
4
-4
5
1
2
-3
2
-5
1
-4
0
8
-6
0
11
-10
-1
-3
3
10
-5
-4
-3
0
3
2
-4
1
-2
0
3
7
-9
2
-3
-1
5
0
-3
5
-4
0
8
-2
-1
5
-10
6
-8
8
5
-13
3
-3
1
0
8
-9
0
10
-9
-2
1
10
-11
4
2
-4
5
-3
3
-4
5
-8
6
5
0
-8
8
-7
-2
-1
7
0
-2
-6
11
-7
5
-9
2
2:1
-2
0
9
-9
-1
0
-1
5
-5
11
-10
2:0
4
2:-1
2:1
2:0
8
-13
3
5
0
-4
3
0
1
-7
10
-5
4
-8
9
-7
-2
8
-7
-2
9
-6
-4
4
-1
-3
3:0
11
-10
0
3
0
6
-6
-3
0
13
-13
1
0
2:1
3
2
-5
-2
92
-92
2
6
8
-16
4
-4
1
2
3:-1
1
8
-7
-2
0
3
-1
5
-6
2
-3
0
2
12
-14
3
-3
4
-2
1
3
-6
1
4
-4
8
-5
-4
2
0
-1
1
0
-1
17
-18
0
6
-4
0
6
-8
6
-1
-3
-1
2:2
-5
3
22
-17
-5
-3
2
-1
63
-63
8
-3
15
-17
-3
-1
2:0
3
-3
2
6
-6
27
-22
18
2:0
-20
0
7
-4
4
-12
2
1
-2
0
2
-2
39
-40
11
1111
-1119
74
-58
-14
1
-1
-5
4
0
-2
2
-4
1
11
-9
-2
6
-6
13
-10
-4
35
-28
11
-7
4
-15
4
-1
-3
3
-1
-2
319
-276
-41
4
0
1
-7
34
-19
-14
203
-178
4
-26
1
20
7
-29
5
80
-81
-5
1
3
-5
12
290
-281
70
-89
12
21
24
-8
-51
-1
5
-2
-1
85
33
-104
-9
-4
27
-27
38
-40
11
104
-108
-8
10
9
40
-56
-2
18
-1
1
-7
-12
34
133
-139
-28
2
13
20
-34
-1
4
123
-127
5
3
4
-12
5
426
-431
16
-14
2
54
-58
7
-2
-3
15
-13
7
-10
13
-12
2
25
-27
-1
0
11
-9
-2
6
2
-7
2:2
0
10
-15
3
1
2
-5
-2
1
5
348
354
-462
-240
2
208
-215
4
14
-9
-8
5
103
-69
21
-45
-15
11
-5
106
-107
14
-10
-9
7
9
-14
-2
3
-2
-3
2:8
-16
3
28
-31
3
-3
11:0
2
-2
2:0
2
-2
3:0
12
-12
3:0
2
-2
12:0
1
-1
0
1
-1
6:0
1
-1
8:0
1
-1
2:0
1
0
-1
7:0
1
-1
8:0
1
3
-3
-1
10:0
2
-2
7:0
1
-1
0
2
-2
1
-1
1
4:0
-1
8:0
1
0
-1
1
-1
8:0
1
-1
8:0
1
-1
2:0
1
-1
2:0
2
-2
1
-1
3:0
1
0
-1
2:0
1
0
5
-6
0
1
0
-1
1
-1
0
1
-1
1
-1
1
4:0
-1
0
2
-2
2:1
-2
4:0
2:1
-2
10:0
1
-1
10:0
4
-3
0
-1
2:0
1
-1
1
0
5
-5
0
4
0
-5
2:0
1
-1
3:0
1
-1
3:0
1
-1
8:0
1
4
-5
1
0
2
-3
0
3
-3
4:0
1
-1
4:0
1
-1
0
2
-2
2:0
1
-1
0
1
-1
0
9
-9
0
4
-4
2:1
-1
1
-2
1
-1
12:0
1
-1
3:0
1
-1
2:0
2
-2
0
1
2
-2
-1
0
5
-2
-1
-2
0
1
-1
4:0
2
-1
0
2
0
-2
-1
8:0
1
0
-1
0
1
0
-1
0
1
-1
1
-1
8:0
2
0
-2
1
-1
5:0
1
5
-6
3
-3
1
-1
3:0
2
-2
0
1
-1
2:0
6
-6
0
4
-4
1
-1
2:0
3
-3
1
0
8
-9
1
-1
12:0
2
-2
0
1
-1
2:0
2
-2
0
1
-1
2:0
1
0
-1
2
-2
2:0
6
-6
1
-1
0
1
-1
3:0
2
-2
2:0
1
2
-3
5
-4
-1
1
3
-4
4:0
1
4:0
-1
1
2:0
-1
3:0
end
