v1
645
207
110
282
131
13
0
222
128
136
239
226
270
119
314
238
57
56
7
15
28
118
91
451
165
59
295
0
156
102
140
307
285
138
21
221
13
174
101
180
160
70
41
22
155
106
152
123
93
19
132
93
41
208
365
95
88
134
93
85
399
156
0
95
0
24
137
281
2:110
33
262
0
50
207
79
48
148
22
313
211
17
27
160
272
31
275
431
18
0
376
100
442
0
126
0
213
69
57
31
144
42
159
539
29
106
89
238
39
424
231
23
55
328
53
0
24
332
7
394
275
392
302
16
36
131
44
242
8
255
29
120
181
0
29
27
45
0
6
32
18
7
19
4
7
15
11
31
48
3
14
117
13
4
118
77
5
74
40
34
42
17
0
55
3
35
19
38
127
9
126
207
239
1
78
95
120
225
195
219
0
110
36
268
10
33
6
116
284
54
262
85
101
41
256
3
146
5
24
44
214
116
13
27
395
189
15
33
83
70
229
13
28
309
114
38
67
225
758
301
83
10
252
115
50
0
6
109
2
24
0
157
56
37
93
1
75
50
798
154
8
278
33
226
2:6
38
36
53
37
38
19
38
69
7
8
147
40
2
338
53
339
108
164
81
20
98
86
452
175
70
129
11
32
363
51
38
100
0
54
47
31
22
8
127
20
88
212
5
20
3
193
5
151
41
65
2:122
149
34
18
63
0
38
83
2:34
31490
8
22
9
82
113
13
0
29
53
44
173
76
8
112
36
8
22
986
57
109
52
16
111
71
166
18
47
9
272
3029
2211
328
1553
2387
2753
4236
4442
2138
2650
4766
7823
7087
925
2141
5
1378
2
14
8068
9
3708
943
15
2453
13
983
4168
11
6
1427
4053
1
119417
1
7741
73
9417
32421
18
4
44
163
73
20
94
16
54631
731
85
47
27
157
7
17
40
29
6
12
1
52
109
37
3
0
8
0
2
2:1
11
2
726
29
14
18
9
23
117
20949
13301
0
7980
498
77
441
44
1183
539
523
665
436
532
2
3
2:11
28
3
41
8
71
21
0
39
9
28
3
1
43
38
9
4
6
30302
10004
64
191
61
83
30
636
1
87
222
70
15
202
24
28
225
9
22
25
10
18
41
103
30
53
49
661
32
5
19
17
36
2
14955
72
1977
13
9722
0
2:1
130
32
1
101
14
35
55
20
-488470
460
472
355
98
640
224
57
2016
666
0
382
0
546
0
1640
208
0
779
230
1260
265
202
101
82
752
206
254
74
23
1152
1382
225
0
723
151
0
372
827
1298
470
33
41
70
44
12
32
420
123
14
351
209
13
1159
232
575
295
496
0
1060
0
285
142
1060
308
1125
286
0
710
125
1122
1319
560
66
348
518
229
95
256
1401
131
77
23
145
31423
167
66
279
108
1245
45
290
108
5646
0
9483
5116
8254
13884
6488
1391
8085
0
7
2821
0
1859
2447
474
4669
0
9
0
174525
75
156
0
114
72
19
36073
19959
8
44
781
0
3585
32794
8673
552
10
1715
0
66
143
45
54
34
31816
10718
595
247
14840
12111
93
1417254600
499:0
1
144:0
15
20
-33
0
1
0
6
34
-26
-13
-2
0
1659
-1653
37
281
13
-335
6
136
-141
-1
21
52
-71
-2
-1
23
16
-32
58
92
-158
157
-147
130
-121
-12
-6
3
5
-6
2:-1
60
-15
-30
34
-46
-1
-3
14
-14
288
-272
267
-279
-3
-1
5
12
0
-15
-1
0
439
-440
11
28
8
-42
2
-5
-1
11
-5
9
243
-258
-1
1
-1
880
-880
12
2
702
-715
1
-1
0
99
3
-97
-1
107
-110
14
-6
-3
28
131
-84
-82
99
-62
-1
32
-18
-50
3
-3
5
2:0
7
-7
17
131
-124
-17
-11
-1
178
202
-380
14
19
-30
5
-3
0
1
-2
-4
2
-2
9
138
-147
1
31
-32
-1
2:1
5
-4
1
-3
1
25
106
-80
-52
221
-163
-46
-6
-5
2:0
72
-71
2:2
5
-12
801
-570
-228
2
221
-221
26
89
-103
-3
-12
0
278
-253
-23
69523
-69523
2027
-1973
-48
14
10
-33
7
140
-147
13
-6
21
58
-86
49
31
-71
-1
4
161
-171
271
-165
3
-98
-13
122
-118
3:-1
36
11
123
-171
15
-14
203
-203
1
149
-144
4
-10
0
30
-15
-6
122
10584
-8508
-2193
-15
2:0
60
-49
-9
0
3
36
-19
-12
-8
1957
-1959
0
142
-137
23
23984
-24005
-4
9
155
-158
-8
9
-7
127
-129
287
-258
7
-31
1933
4820
-6725
-32
40
11
-36
0
17929
-17946
10
-8
1238
-1240
96
110
-190
534
-548
5267
-5248
58
-79
4:0
35
-23
-2
-5
1
-5
-2
10
734
-743
3028
-2989
87
-126
0
1
-1
0
3
556
-349
-210
0
84
285
-361
512
-515
-1
9
-13
9
70
-78
401
-394
38
-41
-3
34
-8
293
-146
-174
142
-34
-79
1752
2786
-426
-4131
135
-142
0
-3
23
97
-120
2:2
-5
0
163
-159
-5
1
2
25815
-25808
-7
-2
3
12
24
215
-39
1202
-1309
-101
244
-250
-1
14
-5
627
-630
82
-88
53
329
-357
16
-35
4
-9
16
56
-70
-3
0
51
-41
-10
2
0
4
3
-9
54
166
-186
-30
7567
-7493
-77
-1
2:0
12
-4
-3
19
-20
527
-55
-475
46
-32
61
-73
61
-38
3
-17
3
34
-43
58
-51
-9
9
-12
0
8
-9
2378
11916
-11639
-2630
-25
14
-7
368
-290
-83
34
-35
27
189
-213
304
-128
-178
385
-380
67
-37
-32
3
41
5345
-5385
1954
-988
1021
-1950
-3
-42
142
-133
-8
2
3
-7
15
-16
153
-147
23
-26
16
-17
0
101
2:-50
2082
-2066
78
322
-416
21
-17
-8
1
2:0
-1
1
0
-1
4:0
1
-1
0
1
-1
3:0
1
2:0
-1
1
0
-1
0
1
0
-1
3:0
1
-1
1
2:0
-1
1
2:0
-1
1
3:0
-1
0
1
6:0
-1
3:0
1
0
-1
4:0
1
2:0
-1
3:0
1
4:0
-1
0
1
2:0
-1
2:0
1
0
-1
0
1
-1
2:0
1
0
-1
1
2:0
-1
1
-1
0
1
2:0
-1
1
-1
0
1
-1
2:0
1
-1
1
0
-1
1
-1
2:0
1
0
-1
1
-1
4:0
1
2:0
-1
2:0
1
3:0
2
0
-1
5:0
1
-1
2:0
66
-66
1
3
2
-5
4
-5
2:0
9
-3
-4
-2
0
2
3
-5
0
6
-6
1
-1
2
-2
1
0
-1
5:0
2
-2
3:0
3
-1
-2
1
-1
5:0
2
0
-2
2:0
18
-18
2:0
2
2:0
-2
2
-1
0
1
-2
1
0
-1
0
1
-1
2:1
4
-6
3:0
13
0
-12
0
8
-8
1
-2
1
-1
0
6
-6
3
-3
0
1
2
-3
2:0
1
-1
3:0
4
16
-19
0
-1
2:0
2
-2
1
33
-34
2:0
1
0
-1
1
3:0
14
-15
5:0
1
3
2:-2
2:0
3
7
2
-12
17
-11
-6
4:0
6
-5
-1
1
-1
2:0
11
-11
0
24
-23
5
-3
2:0
-3
0
44
-44
3
991
-994
52
-36
-15
2
-1
-2
2:1
-2
5
-3
-2
2:0
3
-2
3
-3
-1
16
-16
35
-35
4
1
-5
12
-8
2:-2
1
-1
7
12
-19
0
1
4
-4
0
-1
2:1
-2
0
4
-4
7
-7
237
-159
-77
-1
2:0
6
-5
-1
0
1
-1
5
-4
-1
84
-84
1
8
-7
-2
244
-240
-4
0
16
-16
2:0
1
6
-7
14
5
-17
-2
67
65
-128
-3
2:0
4
0
291
-295
0
1
53
-55
1
8
5
38
-51
420
-419
4
-5
-1
5:0
2
-1
0
-1
2:0
93
-93
90
-84
-2
-4
4:0
3
19
23
-45
0
20
67
-84
22
-24
-1
2:0
1
10
-10
50
-49
2:-1
0
2
5
12
-3
-16
11
-11
0
19
70
-85
-4
13
-12
-1
0
10
16
-26
0
4
-4
0
3
-3
2:0
1
117
-117
0
-1
0
3
5
-8
9
211
-217
-1
8
-10
1
2:0
50
-51
0
2
5
-7
12
-9
0
-2
0
2
-3
4
-4
1
12
-9
-4
0
1
0
-1
0
4
3
-7
7
-4
-2
0
-1
2:0
2:1
0
8
-10
3
-3
1
2
-2
4
-3
1
2
-2
-3
1
2
-3
2
-2
1
-1
2:0
3
-3
85
283
-254
-111
-3
0
1
72
-72
-1
8
-8
0
5
-5
30
33
-58
17
-22
11
-9
0
-2
7
26
-32
0
148
6
-153
5
-7
0
5
-5
0
2
-2
5
-5
10
-10
2
-1
0
-1
0
6
-2
-4
32
-31
1
17
-17
2:-1
21:0
1
-1
18:0
2:1
-2
2
-2
15:0
1
-1
13:0
1
0
-1
12:0
1
-1
8:0
1
0
-1
5:0
1
0
-1
3:0
1
0
-1
0
1
-1
5:0
1
-1
3:0
2
0
-2
11:0
end
