v1
516
207
110
807
105
31
21
115
38
42
260
179
168
381
228
56
22
28
355
239
231
59
553
666
66
393
455
210
61
34
3
292
96
10
334
128
39
331
104
138
244
23
228
376
179
49
207
417
117
176
86
257
164
387
256
14
171
336
706
113
381
233
155
47
7
339
69
57
175
229
110
401
135
327
39
55
30
61
133
66
79
141
113
55
405
339
118
276
275
16
157
532
172
49
245
59
220
93
213
101
9
29
6
32
2
3
4
1
33
31
46
136
13
3
1
100
3
15
21
32
29
74
59
6
54
39
30
95
17
30
215
85
362
78
95
120
225
195
96
233
304
10
39
116
146
138
54
61
201
85
232
315
5
68
62
268
13
3
295
14
10
153
136
48
83
70
229
0
41
423
171
159
758
301
71
22
231
136
162
3
239
37
94
75
782
228
1
48
229
33
30
156
84
42
128
19
107
7
8
147
198
235
334
5
272
81
20
39
143
2
187
58
115
92
34
141
70
129
11
32
74
12
366
100
54
47
31
30
35
112
88
212
5
20
3
59
40
94
5
33
617
52
252
77
14
32
31375
10
12
9
82
122
42
2:44
154
19
84
112
36
8
22
12
920
54
94
72
68
111
71
166
18
3357
2211
328
1553
5140
667
6913
1098
2138
2650
9755
3
9099
3
816
925
3524
2
4
8085
26
2802
1825
15
2466
5151
9
2
1420
119940
3545
7741
73
9417
32411
10
0
22
153
115
12
92
17
5
11015
44448
47
27
32
149
12
57
6
12
162
37
3
8
2
2:1
11
30036
13132
575
2207
334
189
1633
2
1
2
2:11
31
41
8
37
94
7
30
3
1
43
51
6
31815
8273
282
252
45
38
39
627
1
46
263
85
202
24
253
9
22
2
33
18
41
103
60
28
44
523
194
4
38
13
26739
2:1
162
102
14
28
7
20
3
7
25
13
-487950
88
331
2351
59
7
91
843
697
17
576
46
247
536
78
33
731
175
714
1289
187
511
178
202
196
260
602
283
615
2070
948
98
185
2360
619
7
49
103
253
3
230
64
122
165
209
13
1292
947
91
35
592
219
214
551
303
666
199
20
483
884
433
1613
1030
283
920
341
160
212
133
399
124
688
542
351
157
266
32036
1252
8631
39416
1267
9481
6196
130999
49975
110
54631
935
166
269
741
213
3457
21760
9030
3251
4726
501
4451
30
70
43
93
102
20
30312
10259
898
167
649
991
73
17042
9900
72
101
1417090200
399:0
1
115:0
398
-360
-15
87
-104
-5
0
108
8
-111
-5
1241
-1237
632
-375
-232
200
-170
-60
25
-10
15
-22
115
73
-166
-23
5
-11
2:0
-1
1
233
-233
11
-12
30
64
-84
-9
31
-31
4
0
765
-770
9
0
4
3
-15
0
33
-33
6
-7
16
-15
69
-69
5
-5
85
-23
-58
138
-136
-7
0
8359
-8341
-14
0
-3
4
-4
0
34
-24
2
-3
9
-15
11
-14
37
-10
170
-186
-11
150
-150
89
-86
14
-17
13
-5
49
-53
-5
1
-1
6
80
-63
-22
27
-28
1
155
-155
42
-39
-4
37
-28
225
179
-390
-23
9
-9
11
274
-284
5
-6
70
-70
308
-298
24
-18
4
-3
-17
124
-104
62180
-40556
-21609
-13
-14
1
7
-4
0
-8
5
0
-9
8
20
-28
0
1
11
-12
356
-308
92
-131
-8
52
-2
87
-121
-7
20
8
26
-63
38
-38
2:0
3
1
-4
2955
-712
-2243
0
5
-2
15
3
-21
7
-8
16
382
-388
380
-379
78
23381
-23469
53
-44
-1
-2
0
27
-29
-5
625
-624
0
19
0
-19
3
-4
1041
2585
-3605
-14
1
-1
41
168715
-168755
5
1275
-1276
0
11
3
484
-509
5450
-5391
-60
0
45
-41
38
-38
291
-295
0
55
3471
-3522
15
68
-86
0
-1
4
93
-92
48
-52
143
205
-344
155
-159
7
63
-62
23
-19
49
-61
48
-49
53
-14
132
-121
95
-141
0
5
146
750
-828
-76
3
-3
190
-190
7
12
-19
4
1
0
-5
191
-188
27
-22
14348
-14356
3
38
173
-185
517
-533
39
-1
464
-511
-4
0
4
17
618
-639
59
-53
2:-3
11
50
-24
107
-138
5
21
-24
-1
-4
47
-20
-24
9
32
-42
1
-6
37
-30
7
-6
-2
-6
5
221
-226
16
14
-21
-10
606
11427
-10937
-1069
31
478
-535
104
-86
17
-35
49
-49
330
-275
-55
433
-394
-18
-21
40
1397
-1433
4
2234
-1580
-577
-68
-18
0
20
-14
30
-30
-2
120
-123
133
-120
2412
-2393
580
-351
-252
0
-6
-3
29
-24
-4
0
-2
0
2
2:0
-1
1
0
1
-2
1
-2
1
2
-3
0
3
0
-2
2
0
-1
3:0
1
-2
1
4:0
2:-1
1
-1
4
-4
0
2:2
-3
2
-2
1
-2
2
2:1
-4
0
3
0
-3
3:1
-1
2:1
2:-2
3
-1
2:1
-2
1
0
-1
0
1
-1
-2
3
-2
1
2:0
-2
3
4:0
-1
0
2
-1
0
-1
0
1
2:-1
2:1
-1
3:0
2
-1
0
-1
1
-1
0
1
-1
2:0
-1
3
1
0
2
0
-2
2:0
1
-1
2:0
53
-52
2:2
-5
3
-3
0
1
-1
2
-2
6
2:-3
1
0
-1
3:0
1
-1
0
4
-4
1
0
-1
0
1
2:0
-1
28
-28
1
-1
5
-4
-1
5:0
1
-1
1
-1
2:0
9
-7
-2
3
-2
-1
0
5
-5
7:0
1
-1
1
-1
1
-1
0
6
-1
-5
2:0
1
-1
32
-32
2:0
3
-2
-1
3
-3
6:0
2
2:-1
3
-3
6
-6
1
3
-4
0
22
-21
-1
3
-3
1
4
-5
1
-1
5
-5
33
-33
3
-2
3:0
34
-30
763
-720
-42
-6
1
-1
0
2
2:-1
4:0
1
-1
0
1
0
-1
0
5
17
-22
2:2
0
5
-6
-3
0
6
-1
-5
3
-3
2
-2
0
1
-1
147
-64
-83
0
1
-1
0
1
-1
2:0
3
41
-41
4
-1
-4
217
-218
12
-12
-1
5:0
19
-19
2:0
8
-8
1
-1
42
62
-102
2:-1
1
3
219
-223
1
41
-42
2
4
10
39
-54
289
-290
2:0
3
-3
0
1
38
-39
2:0
78
-78
2
4
-6
1
-1
2
5
-7
23
-22
10
42
-52
21
-22
0
1
-1
2:0
7
-7
23
-23
1
5
2:2
-4
-6
2:0
13
56
-68
-1
2:0
12
-10
4
2
-8
1
-1
0
1
5
-6
1
-1
103
-103
1
6
-7
2
139
-141
2
0
8
-10
2:0
2:1
36
-38
10
-9
2
-3
2:0
4
-3
3
-1
4
-6
1
-2
4
-1
-3
0
5
-4
2:0
5
-4
-2
2:1
-2
1
2
-3
7
-6
0
-1
69
240
-248
-51
-6
28
-32
2:1
-2
0
5
-5
24
2
-26
20
-14
-3
2:-1
16
-16
-1
109
6
-110
-1
-4
0
8
-8
5
-5
0
7
-7
4
-2
21
-23
17
-16
1
2:-1
2:0
1
-1
4:0
21
-21
22:0
1
-1
6:0
1
-1
1
-1
7:0
1
-1
1
-1
7:0
1
0
-1
1
-1
3:0
1
-1
21:0
6
-6
13:0
1
-1
1
-1
3:0
1
0
-1
0
end
