v1
897
207
536
486
52
187
496
119
275
334
56
22
146
496
129
82
399
213
140
7
415
170
295
230
190
404
61
40
334
194
0
307
160
153
260
288
51
156
66
354
135
31
15
210
534
176
86
245
148
29
7
103
276
104
210
353
198
187
431
90
23
169
2:212
230
339
69
57
113
760
42
135
221
106
463
281
7
114
26
56
112
41
77
94
245
394
257
18
16
93
119
57
107
434
51
44
250
59
526
101
6
32
25
18
38
31
48
17
130
3
1
103
15
73
9
1
73
6
34
5
14
64
65
38
57
17
14
231
85
118
244
124
49
120
225
195
86
133
110
304
10
33
6
116
104
180
54
121
141
85
101
41
259
127
19
5
0
282
129
259
22
194
136
46
2
66
17
70
229
41
423
85
20
132
52
799
301
93
367
56
109
26
213
37
94
75
50
6
444
511
48
229
33
226
86
128
126
7
8
147
40
393
712
82
102
360
55
37
175
70
121
8
11
32
43
320
51
138
54
47
61
147
88
153
59
5
20
3
193
5
151
418
81
52
63
155
34
77
15
31406
22
9
208
126
85
88
76
120
36
8
22
17
1063
72
68
111
71
166
18
47
3310
2211
328
1553
5140
10816
2650
4766
4989
3
1620
8298
925
872
2652
2
14
8068
9
5
2821
882
943
15
19
2921
1523
3147
6
1
9
2
5
1
1427
3533
103296
13098
3544
1
7716
1
24
73
9417
32411
10
22
280
20
89
5
16
10999
44363
50
35
74
157
24
12
18
39
18
53
109
27
10
3
8
4
11
2
726
43
18
95
21003
13301
7980
575
1668
539
523
665
968
2
1
8
16
27
4
86
63
62
6
3
1
43
47
4
5
1
40306
64
176
76
24
59
666
1
309
70
15
202
277
9
57
18
41
103
88
44
604
94
19
4
13
38
14805
222
1990
9723
1
162
1
101
14
20
70
13
-488275
0
50
1
91
30
15
100
235
95
119
8
52
167
36
100
24
14
38
4
44
4
234
63
94
23
110
10
104
235
41
40
156
77
0
330
96
153
168
0
77
120
0
26
1
3
278
199
112
0
118
109
114
181
301
29
32
28
45
129
8
28
408
221
95
17
6
134
47
26
631
177
42
129
19
108
32
20
0
65
116
141
0
43
211
60
345
163
59
23
139
0
319
77
186
24
112
107
193
113
77
0
179
62
242
241
12
128
34
87
216
68
600
54
2
171
247
291
155
180
370
145
131
97
107
298
0
77
0
58
4
0
34
61
51
60
52
10
255
244
285
94
366
349
77
0
278
27
2
428
427
27
481
255
160
41
103
18
0
4
193
14
1
13
16
12
58
0
59
2
20
0
2
2:17
7
47
5
21
100
40
58
49
7
55
13
37
30
0
77
8
172
20
11
343
0
37
0
335
79
0
7
110
192
109
156
37
381
195
460
360
212
100
31
108
280
29
170
33
409
24
299
235
133
18
47
337
207
64
87
86
258
515
225
107
25
5
329
105
0
112
5
66
38
175
88
142
309
318
12
248
14
63
321
146
56
6
21
11
95
37
57
10
13
15
0
273
0
46
25
85
29
0
96
0
316
133
171
0
101
70
108
171
24
157
167
153
202
101
7
58
10
74
46
96
95
44
163
27
22
43
22
6
8
0
29
92
441
11
92
11
24
17
155
0
42
0
10
102
20
72
11
50
42
2
14
0
40
45
20
7
16
50
58
271
31103
315
0
31
16
79
61
5
88
9
3
92
0
147
33
8
21
176
974
28
1
27
1
7
0
17
236
9
105
62
28
55
22
934
2084
660
4436
9729
2328
1110
6329
5739
2466
6494
4825
1663
0
1391
8038
18
29
7134
5143
9
16914
104457
11362
0
38185
3538
0
69
60
2
13
142
10
0
4
40
85
24
56
0
27
36046
18596
680
374
2
9
0
36
77
35
24
65
0
2
4
9
7
46
0
770
60
16
105
9
3451
9355
11227
2:0
1178
12281
4643
83
0
501
315
247
1105
951
0
1827
5
26
21
42
0
17
73
10
2:2
44
43
54
0
20
31830
8273
469
58
52
68
511
172
41
284
115
0
245
417
5
8
42
303
516
14775
96
1
65
1
2049
9972
78
0
19
0
56
1417379400
399:0
1
496:0
110
-75
-3
-13
65
-40
4798
-4829
254
12988
-13240
6
147
183
-317
-22
129
-111
-18
8
141
-6
-102
-36
995
-999
25
24
-17
0
302
-325
-8
380
-375
2
0
40
86
-123
-9
29
1063
-951
-137
4
5
-1
-6
32
-39
499
-496
3
-10
24
270
467
-690
-71
3
24
-10
429
234
-677
772
-752
24
-12
437
-61
1664
-2051
-6
508
-450
-74
-1
1
21
-18
0
10
1744
-1753
78
-47
-16
-13
10
12
-28
116
-109
268
-248
-1
-28
20
1130
-1143
13
16
13
-38
-9
3
15
88
-106
76
-24
657
-710
145
-140
-6
200
-136
117
264
-377
-66
-2
68
89
-125
-6
111
-137
180
-107
377
-433
-16
1225
-13
-1196
179536
-179471
8665
-8320
-390
-32
16
-16
119
-122
-2
330
20
-340
17
7
0
129
-149
22
-35
45
57
235
-73
-254
44
-30
-20
1396
-1385
-8
3
-7
6
135
-36
28
-115
-17
8
143
-152
-3
28647
-20241
-8399
-7
1
3
1
62
-65
0
65
2437
-1723
-776
74
41474
-41507
400
-373
-69
722
-609
-112
239
-180
-2
-34
29546
-26529
-3039
2249
-2243
-10
106
23175
-23256
2770
-2772
75
-67
15
2780
-2816
16207
-16204
115
-131
374
-316
-19
-29
19
1191
-1199
-14
11747
-11631
67
-158
188
-201
289
-302
479
1089
-1536
814
-852
0
123
-106
136
-137
221
-196
-6
54
59
859
2643
-3443
876
6424
-5782
-1713
-12
108
1049
-1156
14
13
69
-85
-11
0
4
109
-109
353
-321
-35
9
-10
39
-40
3238
-3186
39703
-39743
-9
70
-70
21
88
-109
333
-335
8
302
-52
1894
-2143
-5
209
-203
-3
285
1586
-1872
111
-110
29
-16
50
46
-117
146
-146
149
-128
-19
53
-53
8
-9
4
43
75
-109
-12
4
5
8
-13
7
145
169
-301
-12
5
9
-7
-2
-14
3
1
8
141
-146
-12
434
7779
30594
-33583
-5176
-37
6
52
400
-468
528
-434
175
-258
2439
-1562
-463
-61
-356
130
-114
196
9476
-8291
8347
-9729
495
-483
4
-4
-26
289
-295
56
537
-590
29
-18
1875
-1627
2695
-2920
54
438
-527
128
-89
-53
-1
0
2:1
-3
6
-1
-3
2:-1
2:0
1
2:0
1
-1
3
-3
0
-1
3
-3
1
-1
1
0
3
4
-8
0
4
1
0
-3
2
5
-4
4
-8
4
0
-4
1
0
5
0
-4
0
-3
9
-9
0
2:1
2
1
3
-6
-2
2
3
-4
6
-5
0
-2
3:0
9
-4
-5
7
-6
2:1
0
-1
3
2
-2
2
-3
3
-7
2:0
4
-1
6
-7
-2
7
0
-5
2
4
-8
2:1
0
-2
9
0
-9
5
-4
-1
4
-2
-1
3
-4
2:1
-2
5
-3
8
-1
-9
6
-4
3
0
-4
0
2:1
0
4
0
-6
0
-1
3
-2
8
-4
-3
-1
1
3
0
-4
1
5
-6
-1
4
2
-5
2
4
-4
-2
2
1
-3
8
-6
-2
3
-4
5
0
-4
-1
1
0
-1
0
6
-4
7
-8
-1
2
-2
1
-1
1
2:3
-7
3
0
1
-4
8
-1
1
-7
0
2
0
-1
2:0
-1
2
6
-8
3
-3
1
4
-5
-1
10
-10
1
7
-8
2:4
-6
0
-1
5
-2
-3
3
-2
2:2
-5
1
0
-2
2:0
2
6
-6
1
3:-1
1
6
-7
8
-3
2
-6
1
-1
2:0
2
-2
-1
8
-8
2:0
2
0
4
0
-6
3
1
0
2:-2
0
2
2:0
4
-1
-5
8
-5
-1
7
-7
2
-3
0
-1
3
-3
2
-2
4
2:-1
5
-7
1
4
-5
2
2:0
-1
0
1
0
1
3
0
-4
2
3
-6
2:0
2
0
-2
1
2
-3
-1
2
2:-1
1
-1
3
0
-1
-2
0
6
-6
5
-5
2
0
1
2:0
-3
9
-8
3
2
-2
-4
1
-1
3
1
0
-3
0
6
-6
3
3:-1
0
4
-1
0
2:-2
2:1
0
2
-2
5
-4
2
-5
2
0
2:4
-6
1
-2
0
-2
0
-1
1
8
-6
2
-5
3
4
-4
-2
2
0
2
-4
5
-5
0
2
2:0
-3
0
6
-6
1
7
-8
1
-1
9
-1
-6
0
8
-8
4
3
-6
-2
5
-5
-1
2
4
-1
3
-6
-2
1
-1
0
7
-5
1
-1
2
-2
-1
2
2:1
3
-1
-4
3
-1
-2
5
-8
0
3
0
5
-5
-1
1
-1
3
-4
2:0
1
5
-6
0
1
-2
6
1
-3
-4
0
2
0
4
2:-3
0
7
-3
-4
1
6
-2
-4
6
2
-8
4
0
-1
2
-5
1
5
-4
2
-1
5
124
-131
16
-6
-2
-8
2:0
2
-2
14
-13
1
-2
12
-8
-3
-1
9
-9
2
4
-3
-1
9
-10
-1
6
-6
0
3
-3
1
0
2
-3
37
-26
-7
-1
-3
3:0
2
-1
1
0
-2
0
10
-7
-1
0
-2
5
-4
14
10
-22
2
-5
2
4
-2
-1
-2
6
-4
-3
1
-1
2:0
6
-5
-1
6
39
-45
4
-4
3
-3
0
4
-4
2
-2
97
-97
9
-8
3
28
-30
-1
11
5
-11
-6
3
-2
22
-22
28
-24
42
-47
15
-14
-1
2
3
0
8
-12
1
2
-3
10
-8
-3
17
-17
11
-6
2
-4
-2
0
58
-47
1673
-1684
125
-82
-41
3
-3
0
6
-6
1
0
22
-26
4
-4
0
20
-18
-2
8
-8
17
-17
55
-53
0
13
-11
14
-9
-7
4
-6
2
18
2
-19
6
-5
0
-1
1
2
533
-428
-110
-1
1
6
-5
3
2:-2
4
48
-32
-14
-6
412
-402
26
-27
-10
27
-26
1
33
-24
-1
-7
172
105
-276
-4
2:2
18
693
-706
92
-99
17
-15
35
58
-87
1001
-997
-8
-3
-2
-1
7
-3
0
202
-204
0
202
-190
6
-16
26
-28
87
-89
33
176
-190
49
-68
0
7
-5
19
-16
73
-73
-2
3
16
8
3
-12
20
137
-169
-8
5
-6
12
-8
-2
27
22
-49
-2
5
-2
-3
2:2
-1
0
-2
-1
1
0
6
-6
198
-199
5
-1
-4
2
4
-1
20
-25
2:0
17
452
-466
-2
12
-9
-3
5
76
-80
1
3
0
-3
30
-23
-10
1
9
11
-8
-9
41
-44
9
-7
2
5
-1
-4
7
-7
-1
-3
3
5
10
-10
-2
-6
4
-1
2
-6
6
-4
3
-4
5
-6
2
-2
197
519
-535
-173
-4
-1
-2
141
-141
15
-1
-14
1
6
62
48
-88
-28
14
-1
-2
34
257
130
-432
31
-32
18
-12
3
-2
-3
9
19
-29
-2
2
20
-18
58
-64
1
34
-35
10
-7
-3
6:0
1
-1
19:0
2:1
-2
2:0
1
0
-1
0
1
38
2
-41
5:0
1
-1
6:0
1
-1
24:0
1
3:0
-1
1
-1
2:0
1
-1
3:0
1
-1
8:0
2
2:-1
3:0
3
-2
-1
10:0
1
-1
7:0
1
0
-1
1
-1
0
1
-1
4:0
2
0
-2
8:0
1
-1
2:0
2
-2
0
2
-2
3
-3
8:0
2
-2
8
-8
7:0
1
-1
2:0
6
-6
2
-2
5:0
1
2:0
-1
0
2
-2
6:0
4
-4
0
2
-2
1
-1
0
1
-1
5:0
3
-1
-2
6:0
5
-5
0
2:1
-2
1
-1
0
1
-1
3:0
1
-1
1
-1
2:0
9
-9
2:0
1
-1
3
-3
7:0
1
-1
0
3
0
-3
1
-1
3:0
1
-1
9:0
1
-1
1
0
-1
3:0
1
0
-1
3:0
2
-2
1
0
-1
1
-1
4:0
3
-3
0
1
-1
3:0
2
0
2:-1
0
3
-3
1
-1
1
-1
4:0
2
-2
11:0
3
-3
7:0
1
-1
2:0
1
-1
9:0
6
-5
-1
3:0
2
-2
0
5
-4
-1
2:0
1
-1
5:0
1
0
-1
1
2:0
-1
0
3
-2
4:0
-1
6
-2
-4
0
10
-10
2:0
2
0
2:-1
2:0
1
0
3
-4
4:0
2
-2
9:0
1
0
4
0
-5
2:1
-2
1
0
-1
4:0
1
-1
2:0
2:1
-2
5:0
1
0
-1
2:0
4
2:-2
6:0
2
-2
2:1
-2
2:1
-2
2:0
end
