v1
763
530
213
76
249
161
52
0
115
38
34
130
287
79
119
51
143
80
40
238
57
19
37
7
0
15
28
99
279
183
53
214
18
38
281
272
140
7
49
330
35
171
159
32
130
72
271
51
133
271
101
76
258
194
30
110
167
81
97
148
180
67
70
208
61
55
101
28
26
345
187
15
3
40
167
291
58
37
61
66
41
0
67
9
80
86
118
139
172
103
178
157
211
44
160
303
12
56
187
7
13
431
18
104
79
72
221
212
132
44
54
56
3
0
272
8
69
57
76
99
634
64
42
135
0
366
30
25
30
226
113
53
201
27
7
21
85
8
0
235
77
94
14
31
193
7
271
17
47
59
275
59
114
219
0
212
25
2:81
86
117
97
80
59
338
123
61
4
26
1
41
0
33
6
32
25
10
8
4
21
0
13
6
0
17
8
48
147
3
1
13
88
2
15
77
5
74
40
19
6
2:29
35
30
95
31
113
115
3
87
287
73
78
95
120
94
122
9
195
96
233
30
274
10
33
6
24
92
284
54
262
85
101
41
25
34
31
108
58
3
146
5
282
116
40
0
52
233
58
105
136
10
38
66
17
70
229
41
423
85
20
175
190
234
384
301
42
29
22
252
115
50
115
2
274
41
53
75
50
450
250
261
277
33
119
57
10
40
0
6
38
6
36
90
38
19
38
69
7
0
8
147
88
235
110
339
270
83
20
184
8
352
51
1
3
37
34
79
62
70
121
8
11
32
43
31
12
299
67
100
54
47
31
22
0
6
2
95
32
20
88
153
59
5
23
104
0
89
3
2
151
106
270
27
15
41
45
47
63
113
42
34
77
15
31
31370
5
1
21
9
43
161
4
0
29
26
27
44
173
76
8
13
99
36
8
22
998
52
102
68
111
71
43
0
123
15
3
47
9
272
3029
0
2211
328
1553
981
2092
691
1376
8678
707
1431
2650
9755
3
790
6140
2172
816
925
872
2652
2
8091
0
1
0
4
0
2821
882
943
15
19
4444
3146
1
7
9
2
5
1
1427
17
4037
11417
104456
3544
1
1735
6006
26
6
41
9417
32411
10
18
2:2
26
7
130
4
113
20
53
36
5
10219
45131
78
35
74
157
7
2
11
4
12
18
38
1
18
1
0
54
91
0
16
27
0
10
2
1
8
2
2:1
11
2
726
0
29
20
12
95
69
3445
4382
4973
8134
4271
9030
7980
498
77
238
247
1105
78
456
83
334
133
56
665
968
1
2:2
6
16
27
4
86
8
51
4
0
31
9
28
3
1
43
51
5
1
30302
10068
176
159
30
9
627
1
13
296
70
0
15
202
24
253
9
22
2
33
18
41
103
52
36
10
34
186
383
35
57
32
5
0
19
4
13
38
58
14831
66
72
1990
9722
1
163
1
0
101
14
58
45
-488517
414
115
38
607
167
522
179
615
746
77
16
130
270
388
923
230
128
602
448
86
0
744
383
111
651
49
70
112
6
693
316
431
71
412
261
106
358
731
177
227
899
634
234
334
368
1353
130
1614
518
255
0
5
131
137
71
128
200
46
770
307
133
290
57
1023
518
664
101
319
1069
148
492
761
185
186
19
117
105
141
213
1081
92
35
8
349
54
140
6
21
0
758
1285
146
20
538
210
73
22
29
868
168
388
61
96
74
181
158
31766
207
62
36
0
109
25
1012
10419
3437
4589
7432
10948
6082
6495
1384
8056
13775
119911
49547
3688
8
138
55853
184
204
818
0
19
16
57
17515
1186
23491
2787
559
1146
542
7
19
0
21
42
8
0
45
138
59
31845
9639
5
644
140
277
13
27898
1417122000
599:0
1
162:0
4
18
-14
-5
-1
11
6
-17
83
-73
-10
2
8
2435
-2441
-3
7
-3
6
258
-267
743
-733
-4
6
2:-5
2
-6
20
18
-38
3
2
63
-63
2
-7
19
-18
157
-108
-36
-12
20
-12
-9
6
16
-13
40
102
-152
1
8
29
-29
-7
15
0
27
-44
1
30
1551
-1357
-224
0
248
-209
-17
-23
6
876
-874
-8
6
62
-66
9
0
2
-6
366
-347
-18
0
2069
-2068
152
-149
-6
-2
20
21
-29
-10
-6
1295
-1043
-239
-11
-1
0
-1
24
12
-35
1
256
-251
-2
1
-6
511
-377
384
-516
-2
2:0
20
-9
-2
122
-48
-79
-4
72
-57
34
-42
-4
296
-297
22
1
6
-24
-7
11
-9
9
-6
11
-9
-2
-5
180
-101
-76
-2
4
2
26
2
-34
8
33
-40
10
102
-33
-80
12
57
-50
-20
0
127
26
-133
-19
60
-55
-5
-1
114
-109
0
16
-10
0
39
-39
1
61
-59
179
-190
-2
11
31
-40
598
-494
-96
265
-269
166
-135
-35
220
-210
-9
-1
4
79
-81
4
89
-89
193
-80
-120
-2
25
-9
-16
553
-547
1
99209
-99032
43822
-43974
129
-140
1
103
-123
12
45
-50
-9
0
4
-3
92
-89
13
17
-30
-2
0
7
8
-3
56
-34
-7
164
-181
638
-624
21
453
-481
4
-21
5
13
-5
91
-16
-89
1
-1
0
2
-3
4
15
-18
3
12376
-4204
-8173
-2
1
6
94
-97
-2
-1
1
-1
0
-2
0
107
-80
-24
1125
-1125
58
2790
-2849
0
67
84334
-84401
14
161
-173
4
9
-11
347
-352
5
-6
2:2
60
-61
-1
39
-32
1
2993
1721
-4722
-1
6
1
-8
25
34
283189
-283199
-48
1
2:-1
3426
-3423
1
110
-69
9
-16
1023
23884
-24943
0
11
-13
34
-24
2
-12
27
-25
-2
155
-77
-74
21
-18
908
-913
4
294
1379
5329
-7007
60
17
-76
4
-4
2:0
6
-6
266
172
-404
-32
-2
406
149
-536
4104
-4124
5
549
-515
140
-174
139
-23
1097
-1215
34
2:-9
1214
-1225
3
39
306
-114
-195
-48
35
234
-256
-7
368
4421
-4774
-19
51
-49
4
646
-648
-6
31
62
-88
1
-3
-2
4
0
-4
8
0
-3
11
-17
6
1
2
18
21644
-21665
12
-7
-10
5
-6
7
-5
144
-146
327
-323
-3
114
870
-980
5
-3
-7
774
-761
99
-112
8
7
-12
11
781
33
-773
-24
13
-16
4
9
-40
7
-3
7
133
-132
-9
13
3
-18
0
193
-186
3
20
1
-5
13
-35
1
-2
4
125
-71
-14
-38
-10
1
6
-8
2
-1
4
-5
2:0
7
1
-1
76
-79
123
-123
4
-8
56
312
-352
67
-79
31
399
-411
-22
37
-38
6
1
8
512
-518
-9
2:1
0
16
-11
537
20211
-18424
-2294
-12
-23
257
-245
151
-129
46
-77
-4
345
7
-349
1648
-1639
-5
240
-217
-17
130
3511
-3645
-7
2909
5958
-8831
-11
-28
6
3
56
-63
-2
12
7
-15
2
-2
163
-157
134
255
-361
42
-58
-22
22
0
803
760
-1583
0
55
1094
-1007
-125
-20
-1
1
2:0
1
2:-1
1
-1
1
3:0
-1
4:0
1
-1
1
-1
1
2:0
1
-1
0
-1
2:0
1
0
-1
1
6:0
1
-1
0
-1
2:1
2:-1
1
-1
1
0
-1
2:0
1
-1
1
2:0
-1
1
-1
2
-2
0
1
0
-1
1
0
-1
1
2:0
1
2:-1
0
1
2:0
-1
2:1
-2
0
1
2:0
-1
2
2:-1
1
0
-1
3:0
1
0
-1
0
2:1
2:-1
1
-1
2:0
1
-1
0
1
2:0
-1
1
-1
0
2
-2
1
2:0
1
-1
2:0
-1
1
6:0
-1
1
3:0
-1
1
-1
1
-1
2:1
2:-1
0
1
-1
5:0
2:1
0
-1
1
2
1
-4
2
-2
2:0
4
97
-100
-1
1
-1
1
12
-12
13
-12
0
3
-5
0
1
-1
4:0
1
9
-10
1
-1
1
-1
7
-5
-2
0
2
-2
1
0
2
-2
2
4
-7
0
1
10
-11
2:0
1
6
-7
0
1
-1
2
-2
0
2
0
-2
2:0
49
-49
4:0
2
0
-2
1
0
8
-9
1
-1
1
2
-2
3:0
9
-10
2
2:-1
4
-3
-1
0
1
-1
4
-4
2:0
17
-17
3:0
23
-18
-3
-2
2:0
1
3
-3
2:0
-1
2
-2
0
2
-2
2:0
1
-1
3:0
2
2:-1
2:0
3
4
-7
2:0
36
-25
-10
-1
6:0
1
-1
0
71
-70
-1
2:0
5
-5
2
2:0
-2
0
18
-18
5:0
4
-4
0
4
2:-1
8
-9
12
-13
0
1
25
-25
30
-25
-4
2
0
2:-1
-2
12
-9
-3
2:0
5
-3
-2
13
-10
9
-11
3
-4
1
3
-3
62
-63
8
1532
-1540
87
-87
21
-9
-8
-1
1
2:-1
-2
1
-1
2
-2
22
-21
0
12
-13
2:0
1
3
-4
3
7
-8
39
-40
2
6
-4
14
-13
-5
0
-1
2:0
17
6
-23
2
2:-1
2:0
2
3
-3
-2
376
-263
-113
2:0
2
3
-3
-2
2
-2
5:0
3
-2
29
-27
-2
18
-18
0
4
337
-342
4
21
-24
1
2
-2
31
-33
4:0
18
-18
0
4
-3
0
114
117
-229
-3
2:1
-2
0
8
471
-461
-17
2:0
-1
107
-107
0
2
9
-6
22
55
766
-846
0
1
-2
3
-4
1
-1
0
1
-1
1
5
-5
-1
3
120
-122
-1
5
-5
172
-172
10
0
-7
-3
3:0
1
-1
31
19
-44
-3
-2
33
115
-146
55
-58
1
8
-9
18
-15
-3
0
49
-47
1
-1
-2
1
2
0
14
2:7
-31
0
2
19
-21
0
25
113
-136
-1
1
0
-1
6
-4
-3
13
27
-38
0
-2
0
2
0
-1
0
3
-4
4:0
4
-2
173
-175
5
-2
-3
0
1
0
2
23
-26
3:0
13
313
-326
1
-1
0
11
-10
2
0
-1
-2
2
-2
6
63
-69
0
2:2
15
-13
-5
3
-4
0
2
4
-6
9
-1
-8
2:0
1
0
17
-14
0
4
-7
1
-1
1
5
3
-4
-5
10
-3
-8
3:0
2
-2
2:0
2
-2
4
7
-10
2
-3
2
-2
7
-7
4
2:-2
7
-4
2
-5
7
-6
3:0
1
-2
0
1
2:0
2
-3
124
533
-501
-145
-4
-6
83
-83
10
8
-1
-17
-1
59
26
-85
25
-24
0
12
-6
-7
11
14
-23
0
259
105
-363
8
-11
1
-1
27
-27
0
4
-3
-1
6
0
3
-7
4
23
-29
1
0
-1
3
1
13
43
-60
0
2
21
-22
3
-4
3:0
1
-1
3:0
17
-17
16:0
1
-1
21:0
4
0
-4
12:0
1
-1
0
2:1
-2
7:0
1
-1
14:0
3
-3
2
-2
7:0
1
-1
1
-1
20:0
4
-4
15:0
2
0
-2
13:0
1
end
