v1
885
539
690
52
153
34
615
188
363
58
19
37
1228
259
732
664
184
136
135
629
22
285
573
495
399
187
225
630
87
46
33
194
431
183
270
44
738
431
90
616
132
98
339
126
692
181
42
462
124
123
216
254
148
651
189
99
106
223
52
16
521
259
81
294
59
345
181
56
83
43
5
7
23
26
8
51
144
4
110
8
54
28
74
123
65
95
17
245
203
244
173
120
225
195
329
314
33
6
24
92
146
192
121
141
0
85
101
41
259
433
116
288
336
15
33
83
70
229
41
423
86
653
259
90
301
71
389
56
109
370
75
750
538
33
312
128
126
15
147
30
293
57
53
339
272
285
452
175
17
53
121
8
11
32
86
62
215
189
54
108
6
121
20
88
212
5
23
196
2
451
204
47
218
34
31498
22
9
204
33
97
1
248
120
36
2:4
22
1152
68
111
71
166
18
47
281
3029
2211
328
1553
2387
2753
10816
2650
4766
5782
9128
4451
11799
958
2453
5164
11
5
1
1427
119927
3545
7741
73
9417
32418
21
4
42
238
20
89
5
54647
731
85
74
157
7
29
57
18
55
107
27
10
3
8
2:2
11
757
127
3514
20582
18188
575
1668
454
0
608
665
968
3
2
53
86
94
37
3
1
43
47
10
40370
176
76
24
59
666
1
309
85
202
24
253
9
57
18
41
103
88
44
717
4
13
38
14889
138
1990
9723
1
162
102
14
90
-488504
149
2:3
42
521
455
168
102
22
185
259
170
263
3
160
75
38
82
15
114
32
91
169
282
91
133
0
39
242
412
985
132
483
72
140
76
152
106
105
31
371
248
471
92
95
175
355
46
135
89
18
12
109
240
137
61
50
41
33
0
20
56
570
9
139
178
157
45
378
185
197
2:168
396
0
172
442
155
462
10
0
255
209
35
591
7
39
65
117
291
559
84
2
229
24
17
77
64
162
40
66
0
132
146
27
0
274
156
50
129
0
154
173
118
0
355
515
229
58
17
6
67
11
16
49
47
2
17
6
71
70
88
2
88
4
124
14
35
79
53
277
72
55
2
18
6
335
79
75
42
5
0
30
87
182
0
10
300
261
276
242
27
129
51
81
521
139
171
36
5
67
200
46
98
27
254
41
261
142
10
183
57
615
20
175
9
36
14
249
699
144
41
93
0
43
50
136
222
237
37
5
214
325
592
44
30
1
17
234
58
27
119
56
227
0
3
111
166
29
277
28
27
47
289
235
89
10
0
83
20
192
237
10
83
305
124
101
75
6
29
108
73
95
29
38
201
59
19
371
39
45
352
350
53
16
38
76
81
113
62
106
31
31367
2:9
73
86
61
9
55
20
7
14
92
23
124
2
59
1109
42
57
7
30
204
74
149
76
8115
1707
8660
2788
14543
3
0
1620
9223
872
1267
1385
16
8068
7
2:1
5
2821
1825
2481
5160
4958
119948
1736
6032
38236
3639
10
48
7
130
4
0
186
46
55423
0
275
45
58
204
22
726
43
6
21
37
7945
4973
6411
1723
13301
3251
4643
584
315
247
201
1521
1624
534
2
5
2
6
10
13
14
45
53
2
24
1
2:14
40
25
77
24
5
39987
102
527
0
120
416
75
233
167
49
0
76
352
153
175
89
258
13
475
24
8
109
60
14865
52
1997
9735
177
111
15
80
-488368
265
511
409
380
261
67
223
672
138
229
18
391
499
27
373
491
477
532
96
24
203
117
149
344
130
227
416
122
10
113
764
320
421
87
1269
303
182
390
96
63
762
208
175
439
196
1012
55
96
24
82
72
378
495
201
18
487
207
202
643
107
5
526
331
13
28
42
16
38
86
183
16
102
131
107
40
209
657
106
143
581
331
585
6
13
135
153
396
170
247
1108
394
203
207
144
755
330
718
42
115
98
244
17
168
1154
142
19
11
546
110
0
91
28
77
42
807
84
362
700
194
270
51
25
38
55
464
5
89
38
345
320
50
17
31761
9
143
381
114
70
1621
2990
4755
10708
9129
1993
19201
1384
8085
2814
9470
2
5009
11905
104457
11362
41980
8
75
165
36073
19807
46
47
54
828
25355
17007
2168
2792
17
19
52
96
127
34
30317
1513
9848
195
418
257
27734
86
73
24
1417218600
299:0
1
399:0
1
184:0
23
149
-122
-25
241
3096
-3198
-131
1377
-1383
1451
-1427
73
-6
-81
367
2:-155
-62
-3
368
-16
-358
208
-68
599
-739
-3
126
-107
1004
-1022
274
-267
8
205
428
-641
2:-2
168
499
-449
-181
-32
26
-23
22
-20
0
-9
101
-94
10
71
124
542
-704
-51
13
10
236
-147
-65
-39
117
-127
73
13
-60
121
-72
-74
5
7
24
323
-360
44
-27
427
-365
74
50
-185
37
117
-165
83
-16
91
-129
23
319
106405
-106781
7131
-7107
123
-147
0
2
20
-3
543
-511
3337
-3310
-28
1191
-111
-919
129
-138
-97
-26
-72
443
-420
-22
207
-211
82
-32
-56
112
-104
511
15843
-14110
-2241
34
-11
-19
976
334
-936
15652
-16025
41
-58
2275
-2205
-58
760
-679
-66
-21
235
-218
5062
-2615
-2453
18
54
-78
72
40382
-36092
-4373
-1
9
695
-659
1015
3903
-4952
51
53
-114
7
-5
1144
6570
-7681
130
-72
-84
726
-737
13
84
1723
-1816
28
1313
-1308
-36
186
-187
196
-195
11
85
278
496
547
-1323
411
-263
1215
4466
-3399
-2494
71
15
-116
18
-12
120
32998
-33120
14
-16
2
102
175
-185
2797
-2865
46
803
-640
-210
-23
457
944
-1399
70
-67
6
7
10
-27
16
-5
-16
89
-90
5
2
-3
34
74
1
-85
-27
9
-9
101
42
-80
89
0
-68
-31
1
-16
-8
683
-708
29
2983
21869
-17181
-7397
-93
1183
-1329
-52
63
-67
17
833
-216
-319
-146
-169
7
136
6615
-4244
10295
-12796
49
-44
107
667
-783
1
449
-349
-78
93
1119
-1241
26035
-25975
644
-578
-154
-2
4
-9
13
2:-5
1
-4
4
0
7
6
-13
-1
5
-4
3
-7
13
-9
2
-1
-5
6
-3
2
-2
-3
3
13
1
-6
1
-12
10
-8
2
7
-9
-2
0
15
-15
9
-2
-7
3
6
-6
10
-13
7
2:-2
3
-6
8
3
-2
0
6
-11
-1
1
8
-8
-4
6
-1
12
-17
9
-9
2:3
0
-2
0
7
-11
2
-3
7
2:-3
8
-8
6
2:-3
5
6
-11
4
2
0
2
-8
3
-3
7
2
1
6
-7
-1
2:-4
12
-8
1
-1
2
0
-2
-4
0
4
2:3
-10
5
4
-9
2
8
6
-8
-3
-5
2
0
7
2
-11
6
0
2
-8
13
-13
8
-4
0
8
-9
0
3
-1
-3
1
2
-5
5
2
-4
-3
3
0
7
-10
3
-1
16
-10
-8
7
-7
15
-12
0
-1
10
-6
-2
-4
2:0
11
-11
0
2
3
13
-6
-4
-8
6
-7
1
0
3
6
0
-9
10
-10
7
-1
3
-9
7
-4
-3
10
-5
2
-1
-6
3:0
7
-3
1
-5
11
-11
8
-9
1
15
-15
16
-16
8
-3
-2
14
-6
-4
-7
3
0
-3
11
-4
4
-7
10
1
-13
0
3
11
2
-4
-12
3
-2
0
4
-4
1
0
-4
0
2
-2
3
5
1
-3
5
-7
-2
9
-8
6
-10
1
2
5
-2
6
-2
-6
-3
9
-9
0
2:6
-9
0
4
-5
-2
0
2
16
-1
-10
2
8
-10
2
-9
18
-18
3
-3
5
3
-2
-6
16
-9
0
-7
9
-6
9
-8
0
11
-4
-11
6
3
0
-4
-5
8
-4
11
-2
-3
-5
-2
5
0
4
-12
2:0
6
-6
8
3
-11
3
-3
13
-9
-4
13
-7
3:-2
12
-12
13
-13
3
2
-5
6
-6
3
6
4
2:-5
3
6
-5
-7
15
-8
1
5
-10
1
-4
0
4
1
6
-5
-6
4
1
-1
11
-10
6
-11
0
2
-2
0
4
6
-10
9
-5
13
-18
2:0
2
0
-2
3:0
2
0
-2
0
2
-2
2
0
1
-1
1
-3
2
-2
2
-2
2
0
-2
2:0
2
-2
3:0
2
6:0
-2
2:0
2
-2
2
-2
2
0
-2
3:0
2
-2
3:0
2
0
-2
2
0
-2
2
2:0
1
-1
0
1
-3
3
-1
-2
0
2
-2
3
-1
0
-2
3
-3
2
0
-2
4:0
3
-1
0
-2
2
-2
2
-2
2:0
2
2:0
-2
2
0
-2
2
-2
3:0
2
-2
2
0
1
-3
2
1
-1
4:0
-2
2
-2
0
3
-1
1
-3
2
-2
2
3:0
1
-1
0
-2
2
-2
0
2
0
1
-3
3:0
2
0
-2
0
2
0
-2
2
-2
2
-2
2
0
-2
0
2
-2
3:0
2
-2
2
0
-2
2
1
-3
2
1
8
2:-4
6
118
-124
0
15
-14
15
-16
11
-5
-6
4
-4
4
-3
0
16
-12
-3
0
2
23
-27
2:0
7
-5
-2
2
-1
0
10
-4
-7
0
1
9
10
-13
-7
1
4
-4
0
-1
7
-6
1
6
-8
0
28
-27
6
-7
2:0
3
72
-74
0
9
-7
32
-33
0
2:-1
3
4
-4
4
7
-14
34
-34
24
-15
-2
7
-10
8
0
-12
11
-5
0
2:-1
70
1541
-1615
101
-101
17
-17
2:3
-1
0
-1
2
1
16
-14
2:-4
23
-22
41
-42
14
-13
16
-7
-11
2:0
19
-5
-12
6
-1
4
530
-444
-97
7
-1
0
35
2
-38
306
-311
7
-7
38
-38
1
20
15
-28
-8
6
0
142
129
-269
2:-4
5
9
653
-542
-125
1
-1
20
8
57
844
-926
2:0
-2
5
-3
181
49
-225
3
-11
1
44
-44
1
31
149
-181
9
59
-61
-5
18
-10
73
-82
2
-4
8
23
-4
5
-32
19
14
118
-136
-13
3
39
-40
-4
0
10
171
-181
6
-4
0
21
-23
16
464
-478
-1
9
-10
5
-1
3
76
-78
-4
0
16
-11
2
-7
8
6
-13
29
-29
6
-2
-5
2
9
-1
1
-9
-2
-1
10
-5
7
-12
0
3
1
11
-13
2:2
-6
8
177
555
-567
-166
0
199
-190
-1
-12
-1
10
66
62
-114
-13
-2
-6
7
54
191
99
-353
22
-25
24
-17
-1
2
20
-28
3
0
13
-12
97
-99
31
-19
-14
5:0
1
0
-1
2:0
4
-3
-1
2:0
1
-1
0
6
-6
2
-2
0
28
-28
4:0
1
-1
0
1
-1
3
-1
-2
1
-1
8:0
3
-3
2:0
1
-1
0
1
-1
4:0
1
-1
2:0
1
0
-1
2
-2
1
-1
1
-1
2
0
-1
0
-1
2
-2
10:0
1
-1
3:0
2
2:-1
2:0
3
0
-3
2
-2
3:0
1
-1
0
2:1
-2
4:0
2:1
-2
3:0
2
6
-2
-4
-2
3:0
2:1
-2
0
2
-2
0
2
-2
0
1
-1
2:0
2:1
-2
5:0
2
2:-1
0
1
5
-6
2:0
5
-5
2
2:-1
4
-4
2:0
3
2:-1
0
-1
1
-1
3:0
2
4
-6
1
-1
4:0
1
-1
0
1
0
-1
3
-3
5
-5
2:1
-2
2
-2
0
3
-3
3:0
6
-1
0
-5
5
-5
4
-4
0
1
-1
3:0
2
0
3
-4
-1
0
1
-1
3:0
1
-1
2:0
1
2
-2
2
0
-2
-1
2
-2
0
3
-2
-1
2
-2
0
1
-1
0
1
2:0
-1
2:0
2
0
-2
2:0
2
0
-2
2:1
-2
4:0
1
-1
9:0
4
0
-2
7
-8
0
18
-19
1
2:0
2
-2
-1
1
0
-1
0
5
-5
2:0
1
-1
2:0
3
-3
0
3
-3
4
0
6
3
-12
-1
2
10
-10
2:-1
2:0
1
-1
2
3
-5
2:0
2:1
-2
1
-1
3:0
1
-1
1
-1
0
2
-2
4:0
3
-1
-2
0
2
2:-1
0
1
2:0
-1
0
2
-2
1
2:0
-1
2:0
1
0
-1
2:0
1
-1
3:0
3
0
-3
2:0
5
-5
18:0
2
-2
1
-1
4:0
1
-1
7:0
1
-1
9:0
1
-1
1
-1
18:0
2
-2
7:0
1
-1
0
1
0
-1
3:0
1
-1
3:0
1
-1
3:0
1
-1
10:0
1
0
-1
7:0
3
-3
2:0
1
-1
0
1
-1
4:0
1
0
-1
12:0
1
-1
4:0
1
-1
14:0
2
-2
1
-1
11:0
1
end
