v1
658
1093
136
52
195
607
609
56
50
1437
732
159
960
435
334
167
573
339
156
140
504
167
501
295
257
610
45
673
275
32
399
494
442
339
126
510
405
846
79
690
757
275
16
376
414
365
520
65
139
6
19
286
118
82
74
59
64
65
357
447
173
120
225
195
31
298
304
10
39
116
146
192
121
141
486
433
116
488
136
48
423
1511
301
995
75
967
321
473
126
15
147
433
896
452
175
191
8
11
32
552
54
108
235
212
5
23
193
3
2
205
497
252
31498
22
9
334
173
196
36
8
22
1152
179
71
166
5914
1553
3764
1376
9730
1086
2650
9755
9921
4449
2
12757
1533
6095
5
124900
7741
73
9417
32421
22
300
89
5
55537
157
36
57
73
107
37
14
1
11
2
4396
38770
575
1668
1062
1635
25
31
0
86
94
37
3
1
94
6
40370
1001
1
309
85
202
277
9
57
18
14
27
103
132
717
4
51
15007
2010
9723
163
102
14
28
62
-488547
148
47
368
9
159
25
51
161
74
206
136
98
0
30
440
393
259
19
76
44
15
206
200
282
91
0
74
16
572
2:82
7
10
116
159
47
472
0
31
71
72
132
323
372
0
228
3
72
99
392
40
0
137
299
416
39
93
49
64
124
113
115
40
135
0
7
2
40
346
571
107
29
144
199
139
93
183
205
57
8
0
14
755
5
305
58
166
27
462
303
462
84
4
144
201
28
292
347
7
221
106
14
110
194
358
68
28
93
103
317
224
7
8
501
219
50
64
605
0
18
399
35
19
203
116
7
207
30
54
16
56
12
32
16
0
8
1
46
2
0
23
1
110
13
107
24
68
2:6
5
127
8
4
17
97
0
35
19
55
127
192
11
58
297
85
309
44
209
169
17
106
30
0
178
204
45
406
84
60
257
101
41
256
149
102
170
144
3
272
6
31
19
290
5
31
68
17
70
0
229
350
114
34
20
0
31
20
220
5
662
468
22
43
312
12
56
109
2
66
115
56
37
5
88
126
328
315
12
249
57
11
20
17
63
91
108
30
103
43
10
46
8
30
8
34
90
57
38
58
18
114
81
283
96
623
38
45
97
115
400
45
33
42
340
44
31
12
23
1
21
63
191
29
38
141
60
3
50
63
48
24
20
241
191
103
28
101
13
0
96
265
58
195
53
27
33
10
32
64
47
20
26
31370
11
68
165
55
27
106
0
88
99
8
152
958
0
54
81
153
197
28
138
0
3
3357
2211
4954
4531
5117
1097
707
13839
790
5704
4349
2139
1391
10
8075
2
3708
943
22
2446
13
5151
9
1435
15471
91358
16642
1736
5981
51
4
24
41905
127
10
0
44
47
26
92
54669
0
731
1
131
20
52
119
2
45
57
53
91
45
13
8
2
741
29
14
6
21
12955
2890
5244
4271
9030
3251
5542
165
82
1105
617
334
2
86
766
436
532
1
3
1
11
3
17
5
13
45
80
28
38
2
66
56
30312
9786
218
73
167
69
31
89
49
275
400
167
0
32
36
298
511
17
13
0
28
10
207
0
431
57
37
36
100
23
14870
2049
9735
2
149
0
14
134
16
1417019400
199:0
1
457:0
130
51
-157
125
2905
-2742
-149
-105
31
66
-79
181
-177
49
-79
-27
29
-8
89
-10
1199
-1289
4
-13
4
-4
525
-152
-315
-58
687
-229
-44
-257
-39
-79
2
-29
23
175
-175
-35
5
-5
179
-133
-34
10
20
7
26
-53
293
-286
-28
156
278
-401
250
-254
133
-148
17
172
120
-293
96831
-90020
-6752
-89
0
9
21
11
-41
1089
-363
-689
233
29
-185
29
5977
-2144
-3962
11
490
260
-774
24964
-24824
535
-621
-52
13
2868
3059
-5923
-10
19671
-15579
-3822
-267
889
4876
-5769
-10
-1
7
23
943
4921
-5889
132
33
-7
-97
1211
-1273
1500
-1477
-6
176
75
651
-746
-177
81
-53
329
3271
-3545
190
-259
15
78
-106
23538
-23512
24
192
-172
5811
-5801
97
-171
326
1200
-1523
21
54
-63
1970
-1988
4
81
-51
20
52
-80
45
-17
-43
-3
2
-13
70
-5
-62
4
786
30483
-28238
-3029
665
-671
273
-76
733
-812
-71
-11
3576
-1498
8130
-10219
27
-54
27
63
-74
423
-346
-88
489
1469
-1945
234
-245
94
-124
-1
18
-17
-1
5
-3
-2
-1
2:0
5
-5
0
20
-16
2:3
0
-9
0
19
-18
2
0
-2
0
5
13
-2
-17
4
3
-8
15
-14
-1
2:0
1
4
-1
10
-8
-4
0
-1
0
4
-4
-1
2:0
7
14
-18
-3
2
-2
5
-2
-3
6
-2
4
0
-6
-2
21
-3
-15
-1
19
-17
3
5
-2
-5
-4
3
-2
2:0
2:1
-3
0
2
11
-14
22
-11
-9
4
-6
5
-4
0
3
-2
5
-1
-4
-2
0
3
2
4
7
-15
2:0
4
-1
2:-2
2
9
-9
0
5
-7
18
-18
1
0
12
-8
-2
6
-6
0
12
-5
-10
2:0
12
-10
6
0
-6
11
-8
-1
1
2:-2
11
-9
3
3:-2
1
-1
0
3
2
2:-2
3
4
-6
6
9
-17
0
3
4
-4
12
-15
0
2
9
-4
-5
-2
1
0
14
5
-16
8
-12
12
-12
1
3:2
-7
9
-8
10
2
1
-6
0
10
-15
3
-5
1
0
-1
1
0
3
-5
4
15
-19
0
10
3
-2
6
-14
-1
0
-2
1
7
8
-15
-1
1
0
5
-5
3
-1
6
-9
3
6
-6
7
-9
0
2
0
-2
19
-20
4
3
-4
2
-3
2:2
-3
1
0
-1
-2
3
-3
4
-2
0
-3
2:1
10
-9
-2
-1
12
-11
5
7
-12
7
-4
3
-7
1
5
1
8
-10
-4
-1
6
-4
0
-1
2:0
3
2
-5
0
7
-4
-1
3
-3
4
-3
-2
2:1
-4
9
-7
0
1
12
-9
-4
6
0
-8
1
17
-17
-1
8
0
3
-3
14
-20
-1
4
17
-21
10
-10
1
0
2
0
-3
1
5
3:-2
11
-6
13
-16
7
9
-18
15
-15
15
-15
0
2
-2
8
-9
0
4
1
16
-19
-2
0
6
-6
7
-6
19
-19
-1
3
13
-13
1
9
-7
-6
4
8
-9
-2
8
-5
1
-5
2
0
4
-5
3
2
2:-3
4
0
-4
1
2
1
19
-23
1
9
-8
8
-9
0
12
-9
-2
4
-5
7
-7
3
14
-8
7
-14
7
9
-14
4
-6
1
-3
1
0
-2
2:1
0
12
-14
0
12
-11
-1
0
8
-4
0
8
-11
-1
22
-18
3
15
-22
0
17
-17
3
1
2
0
-2
88
-77
-7
-3
9
-2
-8
5
1
-6
3
2:-1
1
-2
1
41
-41
8
-7
-2
2:1
5
-7
3
-1
10
3
-15
0
6
-6
3
-3
28
-18
-10
2
-2
57
-57
5
7
-11
0
13
1
7
-17
-4
1
13
-10
32
-30
2:-1
-4
-1
67
-57
1302
-1216
-81
-15
3
1
0
11
-9
-5
-1
7
25
-22
1
24
359
-282
-112
3
44
-33
-13
354
-333
3
-7
-16
-1
88
96
-181
2
468
-412
-44
5
51
572
-644
-2
4
-4
3
128
11
-137
5
11
18
-22
104
-118
36
-34
7
-4
32
-17
-4
-19
9
-9
23
99
-122
2:9
12
-30
0
180
-178
8
-10
11
259
-266
5
-6
2
58
-51
-8
-3
9
-8
8
-1
2
-5
1
-7
2:2
1
2
-2
-5
2
3
0
-4
5
93
433
-411
-121
76
-68
43
14
-42
-3
-12
-6
31
179
53
-265
4
8
14
-20
-3
20
-23
3
8
16
-27
24
-24
6
-6
10:0
1
-1
2:0
2
-2
4:0
7
-7
0
16
-16
5:0
1
-1
8:0
1
2:0
-1
0
1
-1
9:0
1
-1
4:0
1
2:0
-1
0
1
-1
1
-1
1
-1
1
0
1
-2
9:0
1
-1
2:0
3
-3
2:0
1
-1
0
1
-1
8:0
1
-1
1
2:0
-1
3:0
1
-1
7:0
4
-4
2:0
1
0
-1
4:0
5
2:-2
0
-1
1
-1
2
2:-1
4:0
1
-1
4:0
1
2:0
-1
2:1
-2
0
1
-1
2:0
2
-2
1
-1
3:0
2:1
-2
0
4
0
-4
0
5
-5
1
0
-1
0
3
-3
4:0
1
0
3
0
-2
2:0
-2
2:0
1
-1
0
2
-2
0
6
-6
0
4
0
2
-4
-2
4:0
1
0
-1
3:0
2
-2
4:0
1
-1
5:0
1
-1
8
-8
1
-1
0
1
-1
2
0
-2
2:0
1
-1
1
-1
6:0
1
-1
2:0
1
-1
2
-2
0
2
-2
2
-2
3:0
2:1
-2
5:0
1
-1
3:0
1
-1
2
-2
2
-2
1
-1
0
1
-1
0
2
-2
3:0
1
0
-1
3:0
2
-2
0
1
3:0
7
-8
4:0
2
-2
1
5
-6
2
-2
2:0
2:1
-2
3:0
1
-1
0
1
2:0
-1
4:0
2
-2
0
1
-1
0
1
-1
7:0
3
2
0
-5
0
2:1
-2
1
12
-12
-1
2:0
1
-1
6:0
1
-1
0
1
-1
0
1
-1
1
-1
0
4
-4
0
2
-2
1
0
-1
4:0
1
2
-3
1
-1
2
-1
0
2
-3
0
1
-1
3:0
1
-1
2
-2
5:0
3
-3
4
1
-5
0
5
-5
2
0
-2
0
1
-1
0
end
