v1
780
207
90
932
52
153
649
51
501
57
56
7
15
28
378
1035
24
140
592
276
117
132
158
165
271
101
2:334
167
573
339
156
54
590
167
139
571
86
257
136
139
380
166
30
477
275
431
113
27
354
442
161
178
51
18
57
692
223
135
59
268
463
288
402
363
394
275
109
283
779
59
215
246
65
26
113
6
49
26
79
147
4
110
8
73
9
12
62
59
29
35
65
357
439
8
173
120
225
195
31
55
133
110
304
10
39
116
146
192
121
141
227
259
433
116
325
299
48
83
70
229
41
423
85
8
995
301
460
167
274
94
75
50
328
910
33
312
128
19
38
69
15
147
40
393
712
184
415
37
175
191
8
11
32
138
314
100
54
47
61
147
88
153
59
5
23
193
559
148
63
189
123
31370
5
22
9
290
44
85
88
84
112
36
8
22
1062
90
68
111
71
166
18
47
3310
2211
328
1553
5140
8678
2138
2650
9755
793
9128
925
3524
2
14
11785
943
15
1533
6077
7
11
5
1428
119927
3545
7741
73
9417
32421
18
4
280
20
89
5
16
55334
78
101
8
45
43
69
36
18
39
73
107
37
13
2:1
11
6
4392
30790
7980
575
1668
539
523
1633
54
4
86
94
37
3
1
43
47
4
6
40370
176
69
31
59
666
1
309
85
202
24
253
9
24
33
18
41
103
88
44
661
56
4
13
38
17017
9722
2:1
162
1
101
14
90
-488547
43
197
65
252
174
237
66
350
24
48
342
0
75
79
198
195
26
14
10
304
648
53
46
83
82
3
56
0
315
92
73
346
589
29
60
64
0
156
225
97
392
143
152
75
21
78
392
113
9
55
507
165
518
297
7
223
0
123
115
101
221
96
502
39
23
61
166
85
98
205
57
25
187
837
289
165
3
96
325
176
158
373
24
174
194
405
147
28
56
3
306
47
75
91
5
106
380
189
394
26
224
0
15
263
29
70
281
77
114
323
69
213
99
49
354
170
125
55
120
33
29
54
16
38
10
5
3
5
0
14
7
35
8
46
5
20
1
98
12
16
183
13
6
61
52
25
12
152
54
17
14
113
136
87
773
293
416
249
226
180
84
126
292
131
108
151
24
32
5
267
144
281
17
24
153
128
18
5
99
69
570
0
27
148
5
66
0
175
45
5
662
295
195
176
55
0
81
111
109
15
53
40
131
58
72
142
434
205
143
163
19
12
17
114
120
58
8
148
46
38
95
37
171
353
125
444
275
2
293
0
352
31
21
74
161
120
145
31
12
108
169
51
227
65
135
521
23
2
33
110
8
361
181
55
97
18
183
31407
73
161
379
160
970
42
0
60
4
17
13
50
182
133
65
9
5960
0
9160
3794
1322
1110
2111
1901
10522
6494
2608
2613
2658
8085
66
7068
5152
8
0
8
16898
91130
13327
11362
41889
0
130
44
146
11056
25036
19336
123
20
171
2
11
91
159
30
11
2
56
702
22
14
6
12
1
3
28
71
61
12800
4652
1189
24387
165
82
825
280
951
854
0
436
535
2:1
6
16
9
5
71
95
40
30434
1513
8273
218
429
324
359
36
5
167
125
107
245
184
233
13
345
0
331
94
132
14831
66
0
2049
9886
26
60
62
84
-487943
336
804
2147
217
375
159
897
600
326
1052
288
175
294
428
386
409
9
187
1043
415
368
460
74
192
713
1560
591
600
209
1929
5
323
534
41
33
6
94
27
541
28
46
569
61
222
1286
1422
794
1222
15
1406
334
1370
792
380
285
1696
48
387
40
204
95
271
1107
180
289
75
57
54
31590
2214
5566
19728
33046
4621
132513
1736
47965
141
149
55836
193
64
17
788
12963
6403
18283
7933
1738
95
79
182
40325
940
857
328
89
15662
106
1417028400
299:0
1
379:0
1
99:0
110
-80
79
-88
-1
4463
-4469
18
853
667
-1524
-14
232
-233
4
57
-61
160
-157
64
-64
3
1
262
-254
-10
182
-63
-66
36
-91
82
16
991
-1084
-7
3
14
578
-594
28
190
-203
552
-489
-74
-5
38
772
-643
-165
575
-574
34
117
-154
71
-49
-22
0
10
315
-301
-20
417
-316
-89
-6
184
-60
-104
43
-19
-52
77
-10
-58
88
-92
27
79
-95
27
9
390
-443
28
198
-213
34
352
-334
61
111
-161
200
-230
-36
108
-115
-2
602
-583
134341
-123520
-10669
-145
-5
-18
21
80
71
-133
1351
-1392
12
201
-54
-161
39
649
-663
-15
0
48
59
-117
16
-6
9614
4738
-14362
9
80
-87
7
602
-565
3
2138
-2161
79796
-79821
217
-218
488
-485
65
-26
8
9465
-3089
-6408
-17
-1
23
18334
-18328
5578
-5603
97
-102
50
1734
5243
-7022
5
17
-28
1367
-1347
-20
29575
-29537
93
-131
254
-58
-32
-132
222
893
-1116
2466
-2376
-66
-32
80
407
-346
-145
28
-21
177
786
-779
154
-357
900
5498
-6309
-15
196
-276
17
76
28
-94
-21
3
5
7
11
21254
-21244
57
-51
21
222
-241
4682
-4694
-39
152
-145
-4
785
1353
-2082
-49
8
211
-201
-23
96
264
-242
-122
51
856
-889
0
-16
160
-121
-9
1255
-1078
-177
108
17
-14
-126
9
7
-17
11
-2
-23
2109
37227
-31517
-7815
26
-29
1021
-993
-26
5
-7
338
489
-429
1137
-1166
-310
-60
97
4419
-4324
806
28747
-29673
-17
-53
34
22
145
-126
-71
566
-553
-18
781
-738
2740
-2766
189
540
-532
-230
4
-4
-1
0
6
-6
1
0
10
-6
-5
1
-1
4
3
-1
2
-8
1
2:0
4
0
3
0
-2
2
-2
2
-7
-1
4
2:0
-4
4:0
4
-3
10
-11
4
8
-12
5
-5
8
2
-9
2:0
4
-5
2:0
2:1
-2
5
-4
11
-12
6
-2
1
6
2:-5
6
-7
11
-7
8
-11
0
-1
4
-4
6
2
4
-7
-4
7
1
-9
5
-4
4
-4
-1
1
10
-2
0
-4
-5
8
5
-7
2
3
-3
-8
10
-10
1
11
-8
-3
8
-8
11
-12
10
-9
6
-5
9
-2
-5
2
-4
7
-2
-7
0
1
0
-1
9
1
-10
5
3
2:-4
10
-4
-5
6
-6
5
-5
0
4
7
-6
-5
6
-7
2:0
1
5
1
0
1
-8
10
-4
-2
7
-10
4
3
2:1
-3
3
-10
1
4
7
-6
-2
5
-8
6
0
-1
-5
2:3
-2
-4
2:0
8
1
-1
-9
0
1
0
10
-7
-3
4
-4
-1
2:0
9
-8
1
9
-3
-4
-2
2
-4
0
12
-11
6
-2
0
-4
-1
12
-11
6
-6
6
-7
6
1
-7
0
6
-5
-1
5
3:0
-1
2:1
-5
7
2
-1
-8
3
-4
1
0
11
-11
-1
4
-4
1
-1
4
1
7
-11
-1
4:0
1
6
0
-6
0
9
-9
0
-1
1
4
-4
3:0
6
-6
4
0
-5
8
-4
2
-6
7
0
-2
-1
-4
0
7
0
-1
-6
5
-4
-1
2:0
1
5
4
-4
-2
6
-10
12
-12
4
-3
0
5
0
-6
5
-1
7
-11
0
4
0
-4
1
5
0
1
-6
-1
7
-6
-1
10
-2
-6
7
2
-4
-7
1
4
-4
5
2
-7
2:0
2:4
-8
0
-1
1
10
-11
2
-1
0
-1
7
2:-1
-4
7
-7
4
2
-7
0
1
4
-5
9
-7
0
1
0
-1
0
1
2:0
1
2:-1
0
1
0
-1
6:0
1
0
-1
0
2
-1
0
-1
1
-1
1
-1
0
1
-1
1
0
-1
3:0
1
-1
2:0
2:1
-1
0
-1
4:0
1
-1
0
2
-2
1
-1
2:0
2
-2
6:0
2:1
-2
1
-1
1
-1
1
0
-1
2
0
-2
1
2:0
-1
1
0
-1
2:1
-2
0
2
-1
0
1
2
3
0
-5
108
-106
-2
11
2:-5
4
-3
2:-1
16
-15
8
-9
1
-1
0
1
5
-3
0
-2
8
-2
-5
1
-3
0
44
-44
2:3
-5
1
0
2
2:-2
3
6
-6
-3
0
5
7
-11
17
-18
4
2
-6
7
-4
-3
0
5
-5
0
7
31
-30
-7
0
64
-65
2:0
8
-8
30
-30
0
8
-4
1
11
-16
24
-21
30
-33
5
-2
-3
5
11
-5
-11
25
-18
0
-1
-5
0
-1
1
75
-61
1620
-1514
-95
-24
2
1
-1
-3
19
-1
-18
1
11
14
-26
4
-2
19
-16
-1
-5
12
5
-11
0
3
542
-411
-138
1
8
-10
7
36
-39
-3
19
-18
412
-408
15
-20
26
-27
19
-10
-9
121
134
-253
-3
0
10
632
-634
92
-99
12
-11
38
53
786
-876
-3
4
1
194
-198
1
188
-184
5
-6
14
-18
32
-31
27
122
-145
58
-64
7
-5
12
-9
34
-33
0
-4
20
3
1
-7
-19
34
123
-155
0
6
-5
15
29
-46
2
0
-3
0
1
0
209
-209
3
-4
17
-17
11
418
-427
-2
8
-7
0
8
59
-68
0
4
-4
19
-19
0
11
-9
3
9
-12
17
-8
-6
13
-12
0
-6
4
-1
9
-1
2
-12
6
-2
-4
2
-2
3
130
569
-505
-195
1
-3
133
-124
-3
-6
1
31
29
50
-82
-8
-16
-1
1
25
-30
255
177
-428
19
-23
16
-17
6
2
-4
30
-34
2
19
-13
41
-46
-2
32
-23
-10
8:0
1
-1
3:0
1
-1
7:0
18
-18
2:0
1
0
-1
3:0
1
-1
7:0
3
-3
0
1
-1
2
-2
12:0
1
-1
1
-1
3:0
2
-2
3:0
1
-1
25:0
1
2:0
-1
1
-1
5:0
1
-1
3
-2
-1
0
1
-1
0
1
4
-5
4:0
1
-1
4:0
5
3
-8
2:1
-2
2:1
-2
3:0
1
-1
0
1
-1
4
-4
1
-1
3:0
1
0
-1
2
-2
0
2
2:-1
3:0
4
-4
1
2
-3
3:0
1
0
-1
3:0
5
-5
0
4
0
-4
3:0
2
-1
0
-1
2:0
1
2
-3
9:0
2
-2
0
2
-2
0
1
-1
1
3
-4
2:0
3
-2
2
-3
1
-1
1
0
-1
0
2
-2
6:0
1
3
-4
2
2:-1
12:0
3
-2
-1
11:0
2
-2
8:0
2
2:-1
2:0
1
-1
2
-2
2:0
2
-2
2:0
2
2:0
-2
7:0
2
1
-3
3
-3
2:0
1
-1
0
1
0
-1
11:0
1
-1
0
3
-2
2:0
2
-2
1
-1
0
1
-2
3:0
1
-1
14:0
1
0
-1
1
-1
0
1
0
1
-2
3:0
1
-1
11:0
2
-2
9:0
2
-2
0
2
2:-1
1
-1
1
-1
1
-1
14:0
1
0
-1
0
1
-1
6:0
3
-3
3:0
2
-2
2:0
1
-1
2:0
1
0
-1
0
1
-1
3:0
1
-1
3:0
1
0
-1
3:0
1
-1
4:0
end
