v1
804
21
350
164
40
96
62
10
79
224
183
52
74
41
9
29
34
56
274
166
42
2:21
35
51
140
126
234
1
57
56
7
15
28
37
81
61
30
283
40
1
81
270
160
105
186
29
73
140
7
10
575
0
89
49
21
55
5
161
13
46
86
128
15
180
160
111
22
79
76
106
46
192
17
91
22
19
99
55
71
41
27
76
57
58
95
260
94
1
78
105
165
52
54
34
177
68
51
9
6
21
33
25
77
31
117
108
144
133
14
58
42
143
96
7
159
257
79
48
9
96
43
22
71
85
39
59
104
328
42
303
275
292
139
18
72
23
160
121
100
85
222
135
59
67
213
69
57
31
0
144
242
255
20
117
64
42
135
57
164
120
25
55
30
52
92
70
125
254
27
28
93
194
41
53
24
154
72
6
67
33
7
394
275
59
50
64
340
199
34
131
221
65
8
59
45
5
25
140
109
14
0
178
10
0
27
29
45
6
19
13
25
18
5
12
2
7
1
11
6
17
7
1
48
3
14
124
6
3
1
13
83
7
15
82
74
40
76
7
65
38
3
16
55
93
152
37
410
2
76
7
88
120
110
115
281
133
20
90
30
12
247
15
10
33
4
2
108
8
101
3
42
27
28
83
54
121
35
106
85
101
41
90
108
61
146
5
53
44
170
15
31
85
13
27
52
196
6
17
14
38
92
33
10
51
47
28
15
33
66
17
70
229
41
309
114
38
242
9
541
258
15
184
41
61
42
29
5
7
10
367
5
45
6
0
109
2
24
42
115
56
2:37
57
75
18
32
325
3
12
380
12
220
9
30
26
0
221
33
38
19
23
92
4
56
6
38
36
53
37
38
19
3
91
13
7
0
8
147
40
2
156
1
124
57
39
14
334
5
171
23
76
2
36
45
20
77
105
2
8
237
162
8
37
175
70
81
40
8
11
32
86
55
222
23
28
38
98
2
54
35
12
3
28
22
6
2
35
112
0
88
153
59
5
20
3
104
89
3
2
116
35
33
21
52
194
11
92
16
40
53
21
2:9
63
113
33
9
34
92
31401
5
2:1
4
16
9
199
9
29
35
18
14
30
62
23
88
76
8
14
7
37
54
36
8
22
986
163
3
68
111
71
108
58
15
3
47
2969
341
2211
328
1539
14
322
2048
2770
8678
2138
2650
4766
4989
1623
4874
423
3001
925
872
1274
1378
8091
2
5
2821
882
943
15
2466
0
983
4168
1
8
2
6
1427
17
119911
3543
1
7716
25
73
9417
23244
9135
32
7
3
18
4
33
247
20
30
23
36
2:5
54642
731
50
35
12
62
73
84
7
2
27
18
39
18
53
109
27
10
3
8
2
2:1
11
2
1
30
695
7
22
14
6
40
67
54
15
15690
3513
8
1151
572
4271
9030
3251
4729
575
1668
539
289
44
1
133
56
665
436
532
2
1
2:2
3
1
5
11
27
1
2
1
41
8
6
31
8
55
8
23
9
28
3
1
43
47
4
5
1
30302
1513
8273
218
64
176
76
24
59
666
1
82
5
222
85
202
24
253
9
2
19
0
1
2
33
18
14
27
39
22
42
47
85
173
315
26
184
19
4
13
38
8
14947
72
1977
13
9722
2:1
162
1
101
14
23
5
7
55
13
-488466
105
86
889
308
26
895
722
192
129
742
201
30
755
923
11
401
709
118
1534
2868
254
1226
84
87
502
359
170
1810
29
309
48
1572
326
369
19
356
220
6
89
649
191
59
0
1009
14
309
291
195
1555
167
94
1074
1326
859
187
79
168
1228
98
420
1758
16
79
461
563
1421
188
214
0
31378
71
541
1117
135
82
7872
29168
6127
2185
19557
7545
125190
47950
152
0
118
36164
20759
82
85
43034
4161
179
75
40177
2015
198
232
317
0
517
27087
57
1417242000
699:0
1
103:0
2
78
-69
7
-16
0
15
-15
21
69
-68
-22
5
-4
1
26
-27
-1
5
-3
15
-17
2121
-2120
13
-8
-2
605
-401
1404
-1499
-97
-11
109
-91
-17
-6
1
-1
8
-6
0
2
-4
2:2
4
2
-11
1
126
-1
-126
2
123
-113
-12
7
105
-107
8
5
-14
17
-7
136
-141
12
-14
61
-63
95
-93
23
-24
0
-3
-1
0
146
-127
-15
30
-6
-25
426
-427
0
1
-2
4
-5
14
-16
13
-10
0
-3
45
-42
3
2
12
-17
246
11
-108
-147
-3
28
-26
57
-21
41
-76
30
-14
-21
128
-124
9
331
-334
-5
0
24
-24
2:0
11
103
-93
649
-674
45
-41
-3
-1
244
-230
-13
167
-149
-15
72
-75
4
-3
0
2
-4
332
-141
-87
-105
27
-16
15
508
-534
52
-35
-13
-2
1
4
71
-43
-21
-5
78
-85
3
-4
3
39
-38
47
-52
13
52
107
-39
-132
0
4
-2
-1
47
-40
-4
9
43
113
-170
46
-45
2:11
-16
-2
11
-13
0
5
-7
-1
9
-9
246
-243
11
-12
0
9
-4
-5
3
-4
9
-2
65
-48
18
-42
2:4
-1
50
-55
10
-12
96
225
-305
-7
-6
29
16
-44
2
-7
19
31
248
-297
287
-288
3
15
2
112
-130
66
-58
-4
-1
469
-471
-3
0
18
79531
-79540
-9
7529
-7526
164
-166
13
-4
-10
0
11
12
2
-25
299
-268
2
165
-197
4
36
-32
22
-28
4
-1
225
-223
27
-33
8
-9
-1
2
-2
4
0
-4
20
-20
0
1
178
-173
349
-352
40
-31
23
131
-163
255
-258
6
-5
0
85
-83
2:-1
108
-109
7
-6
26
-20
189
-195
1
34
3
-26
-1
0
45
-20
-32
-5
3
12874
-11792
-1085
49
-45
5
-5
-1
-3
2:3
-5
6
0
84
-68
-20
0
-2
-1
2:4
-1
29
-2
-28
-5
1933
-1933
3
-2
215
-210
0
2
14419
-14418
-8
2:0
8
7
-6
984
-993
13
-7
-3
-1
-2
0
21
51
-73
-1
330
-328
0
-2
193
-8
-141
3
-40
15
2056
2397
-4415
-50
15
-21
4
-2
2
-6
43
15595
-15640
10
-8
4
-5
0
2235
-2185
75
2
183
-299
12
1182
-1205
7012
-6978
48
-68
66
-81
4
127
9007
-9130
-7
2:0
-1
3
-1
5
-7
139
-133
39
-45
18
1067
-1070
1
6094
-6108
-2
9
109
-70
-31
-15
-1
9
15
-22
114
-98
-9
190
-180
-15
-3
6
-7
76
506
-521
480
-541
-1
27
-24
222
-220
-2
221
-205
0
40
-55
193
-100
843
-940
59
385
-444
47
-30
2162
3135
204
-5473
-41
-1
-3
81
-79
-1
1
67
-68
1
2
9
-5
4
253
-258
-2
-3
3
-5
1
12728
-12712
1
-18
5
16
145
-137
317
-229
2339
-2450
3
4
-5
88
-77
1886
-1904
25
-12
-13
5
401
439
-840
57
-61
17
41
-39
-11
-7
45
-11
-26
42
-30
16
-33
-6
55
-42
9
-16
4
30
-39
32
274
-296
-7
6
-5
-4
24
11
-31
-1
15
-16
1
110
-109
-4
0
23
-19
-1
-2
86
114
-111
-51
-40
0
3
1
106
-109
107
-11
-67
-15
15
-30
2:2
10
24
-34
39
6
3
-52
9
-7
5
-5
16
-18
49
-40
4736
15679
-15071
-5322
7
-18
-19
1314
-1275
-38
-2
10
81
-47
-7
-30
91
331
-52
10059
-10429
173
-81
10
-86
242
4178
-4441
5
0
14
-19
1035
-294
-727
65
-75
-2
38
-37
15
-20
3
2
-1
5
13
35
65
-119
3
26
-25
-2
9
283
-211
2910
-2889
-40
300
-366
20
-16
4511
-4470
-46
-1
0
1
-1
3:0
1
0
-1
2:0
1
-1
2:0
1
-1
7:0
1
3:0
-1
2:0
1
0
-1
2:0
1
0
-1
1
-1
2:0
1
2:0
-1
1
6:0
-1
1
0
-1
0
1
0
-1
0
1
-1
6:0
1
-1
1
0
-1
1
-1
0
1
-1
3:0
1
-1
5:0
1
2:0
-1
1
-1
3:0
1
-1
1
2:0
1
-1
0
1
-1
0
7
-2
-5
1
-1
0
4
-4
0
2
-2
2:0
72
-72
1
0
-1
1
11
4
-15
3
-4
1
-1
6:0
1
-1
3:0
5
-4
-1
0
5
0
-5
0
2
1
-3
0
3
-3
3:0
4
-3
3
-3
2:0
-1
1
-1
0
1
-1
0
1
-1
1
9
-10
4:0
6
-6
5:0
1
-1
4:0
1
-1
3:0
1
-1
13
-13
2
-2
2:0
8
-7
-1
1
6
-5
-2
2
-2
1
-1
6:0
1
3
0
-2
4
-6
1
-1
2:0
5
-5
0
5
-3
-2
12
-12
2
-2
5:0
1
-1
2
2:-1
3:0
2
2:-1
2:0
3
1
-3
-1
1
-1
1
-1
5:0
3
7
20
-19
-11
2:0
2
-2
1
0
-1
0
46
-45
-1
3
-2
-1
0
1
0
-1
1
2:0
1
-2
1
-1
41
-41
4
-4
1
-1
2:0
1
-1
3
0
7
-6
1
-5
0
2
0
8
-9
-1
0
30
-8
-20
2:-1
2
1
-3
2:0
4
-4
15
-15
23
-23
3
-2
1
-1
0
5
2:-3
0
49
-49
2:0
7
1327
-1333
-1
73
-73
20
-20
2
-2
2:0
4
2:0
-4
5
-3
0
2:-1
0
12
-10
-2
0
1
-1
7
-5
-1
2:0
-1
0
2
-2
1
-1
5:0
27
-26
63
-62
-2
5
3
2
-9
8
-9
1
-1
1
20
-21
2:0
19
-19
1
-1
2:1
4
-6
0
2
2:0
3
2:-2
3
-3
-1
0
356
-302
-53
4
-4
-1
3:0
2:1
-2
2:0
8
-5
-2
-1
3:0
5
-4
-1
7
-5
-2
101
-101
2:0
17
-12
0
-4
242
-238
-5
2:0
2
-2
0
33
-33
2
-2
0
1
-1
0
6
-4
2:-1
35
-34
-1
0
1
23
-18
-2
-4
6
76
158
-233
-4
-3
1
-1
5
-4
-1
11
399
-410
3
-3
0
1
-1
89
-89
5
0
16
-15
18
48
-71
679
-679
5
2:0
-6
2
-2
5
-3
-2
3:0
1
-1
2:0
7
-5
2:-1
4
124
-127
-1
132
-132
2:0
9
-1
-6
-2
2:0
6
-6
38
-38
2
49
-46
-5
3:0
18
114
-121
17
-28
0
2
-2
19
-19
0
76
-75
2
4
-7
6
20
-4
-22
16
-16
0
13
-13
36
115
-139
-10
2:-1
0
3
-2
-1
0
11
-10
2:0
4
-4
0
5
-3
-1
-2
4
-4
0
124
-120
-3
-1
2
4
10
-16
0
15
401
-416
0
3
-1
2
-2
21
-21
1
-2
-1
2
1
50
-52
3
-3
0
5
-6
6
-6
5
0
2:-1
5
2
-6
-3
26
-27
8
2:-3
2
-4
2
4
2:-3
1
8
-9
6
-4
-2
0
6
-6
1
-1
1
-1
0
1
-1
3
-3
8
-3
5
-4
-6
0
2
0
2
-3
6
2
-7
0
4
-6
0
1
0
3
-4
2
-2
4
-3
2
-3
2:0
4
-4
8
-5
207
279
-259
-223
-2
0
-5
232
-230
2:-1
1
15
-1
-14
0
11
37
107
-156
4
14
-5
0
-8
5
50
-60
2:0
3
-3
197
-71
-126
3
-3
0
14
-12
4
-6
0
1
5
-5
5
9
1
-16
0
3
-1
2:0
7
-6
83
-83
0
14
-17
1
0
16
-6
-11
8:0
20
-20
41:0
1
-1
0
1
-1
2:0
1
-1
1
-1
5:0
1
0
-1
21:0
2
-2
10:0
end
