v1
838
539
204
486
854
51
500
1
57
56
22
28
118
633
414
272
140
526
66
159
234
132
459
135
435
1007
67
394
37
64
399
21
135
256
534
96
166
393
64
75
93
183
59
203
8
507
275
87
344
727
111
44
54
339
126
14
423
478
462
463
402
1045
257
18
392
173
39
273
286
8
404
208
80
32
81
31
51
131
13
3
1
118
82
12
62
59
64
65
95
144
118
447
173
120
420
329
304
10
33
6
24
92
459
141
85
101
41
59
139
58
3
146
287
116
13
275
37
299
48
83
70
270
423
85
20
175
9
799
301
460
167
368
75
50
429
532
48
229
303
170
126
15
147
40
283
49
61
339
349
4
204
412
40
175
70
129
11
106
289
89
100
54
108
235
212
5
20
3
198
257
194
251
218
34
92
31
31370
5
22
9
290
44
1
172
36
30
10
120
36
8
22
1152
179
237
3375
6
2205
328
1553
5140
8678
719
1419
2650
4766
5782
9128
4449
2
14
8077
3708
8586
124905
7716
25
73
4
9413
32421
22
279
1
20
89
5
54647
890
157
7
29
57
180
39
1
10
2
11
2
726
29
3641
9355
2890
5244
4271
17010
2243
539
523
1633
11
16
31
120
60
9
28
3
1
43
47
10
30302
10004
64
176
76
24
59
666
1
13
296
85
202
135
142
9
57
18
144
88
44
173
72
359
81
49
38
90
16914
13
9723
163
1
101
14
23
67
13
-488551
183
3
29
16
52
0
13
819
145
37
78
24
48
26
30
23
0
417
66
0
18
114
253
0
63
156
1
38
175
159
169
282
91
68
6
59
170
310
177
328
148
334
0
37
76
373
47
107
26
160
18
128
66
182
46
174
0
18
0
138
110
126
41
81
79
18
135
122
232
141
104
92
118
501
7
0
24
18
182
374
152
209
0
343
47
154
252
202
152
56
0
1
0
1
126
227
198
160
7
413
0
56
72
111
72
107
263
11
52
107
0
29
153
260
89
88
94
50
33
196
48
240
350
1
7
57
164
145
55
202
0
448
109
62
139
46
55
69
0
61
49
0
175
7
37
152
121
0
15
0
3
357
43
0
50
520
297
172
0
132
50
172
101
170
23
10
40
16
12
0
33
50
13
18
5
12
2
25
16
1
7
47
2
94
158
1
25
64
4
131
10
0
3
29
64
33
35
3
71
242
88
361
79
249
152
20
0
19
5
155
131
123
140
68
517
27
111
54
30
31
0
95
27
0
393
0
3
0
320
68
29
216
74
51
0
254
0
194
25
83
43
18
13
68
69
0
247
178
172
170
101
0
424
7
0
242
605
25
12
10
7
224
81
105
6
109
183
93
5
869
0
305
9
11
29
14
248
30
27
35
59
75
6
27
0
2:53
94
142
112
332
496
231
101
77
115
247
105
20
100
6
158
123
2:51
80
0
6
31
0
268
0
12
17
76
151
12
53
63
72
20
146
95
191
89
3
153
0
127
144
5
29
45
0
11
44
107
19
0
83
21
0
77
0
48
107
3
10
31651
5
4
11
18
46
4
5
12
99
85
23
80
13
9
36
94
1076
30
140
92
90
181
3
26
21
5523
0
1865
677
2410
2734
0
15167
7387
3
6494
2605
3
0
1741
0
872
1267
7
0
1375
9
8085
3
4
2821
1825
11
4
19
1514
920
13
474
0
4676
2:1
0
8
7
1
1427
3523
11948
0
8312
83046
13098
3544
46004
3669
28
7
59
0
71
4
40
109
94
0
55412
35
162
78
55
47
53
90
0
3:1
35
8
10
11
48
702
0
54
95
54
15
7827
16200
10208
3251
4643
0
83
164
414
403
82
201
1855
133
1157
534
3:1
34
0
15
2
0
1
42
45
11
0
44
0
55
39
67
13
2
31819
8273
0
527
120
416
303
0
5
292
150
91
222
42
20
2
0
92
61
39
50
13
0
399
161
205
5
19
4
41
100
14798
67
52
20
0
11712
2
216
0
19
78
1417204800
299:0
1
537:0
73
-64
3
3075
-3074
-4
0
1540
43
-1543
207
-246
-1
0
39
-9
-28
76
-41
1
-34
-3
95
202
-298
259
1136
-1396
5
99
-103
-1
945
-918
106
-101
538
-569
0
541
-288
-250
4107
-4110
4
130
-132
204
-205
0
-1
209
1551
-1427
-262
-69
36
1373
-1378
116
131
-276
122
-98
-24
-3
107
-105
140
-142
1
2
87
-91
3
0
50
67
-52
201
-178
421
-509
40
122
-138
127
-113
-40
85
69
-43
41
-93
680
-738
88727
-88729
49236
-49206
201
-230
46
476
-521
169
-169
99
-100
220
429
-285
105
-435
-31
-1
24
514
61
-491
266
-375
94
23
-120
1
85
34
-5
-48
19465
-4987
-14518
116
-139
-4
99
-97
409
248
-612
109006
-109050
331
-333
320
-289
-29
22
622
-643
94
-44
1755
18
134
-1959
3
23
51
190896
-186612
-3987
-327
628
-645
6595
-6510
-112
-4
51
-51
1284
-1282
0
2548
4739
-7240
239
1055
-1069
-275
4789
-4785
-3
32
198
868
-1069
20088
-20088
69
164
74
-336
51
1381
-1270
70
-233
66
620
2339
-2504
-475
297
-313
35
-61
-3
1
17073
-17017
-55
310
-130
-180
4200
-4156
468
-510
-1
1
487
288
-779
33
24
-8
69
-76
50
-90
33
-34
83
4
-86
-2
1
86
-83
98
-98
-2
136
-55
-79
24
28
-56
27
383
-374
19
-56
3328
19229
-18532
-3986
40
717
-791
-4
47
-4
-16
-26
35
512
-234
-314
237
289
-427
-74
135
5058
-1193
16261
-20242
16
70
-130
162
-160
-1
35
595
-632
5
51
888
5427
-6369
75
1091
-1163
228
-233
-4
-1
11
-13
2
-2
0
3
1
9
-13
5
2
0
-6
-1
2:0
6
-7
0
2
1
-3
0
6
0
1
-4
-3
3
-1
1
5
-7
4
-2
0
2
-5
2
26
-26
0
-2
1
4
-4
6
10
1
-13
-1
-3
2
-2
-1
3:0
4
1
0
26
-24
-3
2
14
-16
-1
0
26
-21
-5
5
-6
2:0
1
-1
3
1
-5
0
19
-19
2:3
-5
5
-6
3:0
5
-5
1
-2
0
7
-6
0
4
-2
22
-19
-4
2:-1
16
-13
2
-2
3
-5
17
-16
29
-27
-4
3
2
-2
-3
8
-2
23
-29
5
-2
-3
0
19
-3
-14
0
-2
1
2:0
1
-1
0
2
21
-24
23
-22
0
1
0
1
2:-1
0
2
1
2:-2
0
3
15
-18
5
-4
1
20
-20
24
-22
2:1
-5
19
3
-22
13
3
-14
0
4
0
7
0
-13
1
-2
0
19
-15
-3
2:0
5
15
-17
-3
16
-13
19
-20
12
-10
9
-14
5
-5
0
25
-11
-8
-6
6
-3
5
2:-3
20
7
-29
1
0
5
-5
0
1
3:0
2
-1
3
10
-14
3:0
1
-1
4
-5
14
-14
-1
16
-15
0
29
-27
0
-3
2:0
7
-5
0
13
-15
5
-3
14
-12
-3
1
27
-1
-24
-2
12
-14
2
2:0
-1
1
6
-8
31
-30
0
-1
2
1
3
-5
0
21
-19
2
-5
0
1
0
13
9
-21
4
2:-3
0
7
-5
2
-3
16
11
-27
0
4
-4
0
3
0
-4
4
3
-5
26
-22
-4
4
19
-23
21
-22
6
-2
-3
0
-1
2:0
1
2:0
3
-5
2
-1
0
2
-3
3:0
3
0
2
-4
5
-3
14
-16
22
-22
0
5
-4
-1
4
-5
7
2:-3
2
-2
1
16
9
-20
0
11
-1
2
-5
-12
0
-2
4
-4
2:0
2
18
-15
-5
1
2:0
1
0
2:-1
2
0
-2
2
1
3
2:-3
31
-30
32
2:-16
16
-14
2:1
13
3
-20
0
19
-13
-3
21
-20
-1
0
-4
3
2
19
-24
2
30
-29
-2
0
6
12
-18
2
1
0
26
-1
-15
6
-14
14
-17
-2
0
1
5
-5
3
28
-16
-3
-13
-1
0
7
-3
16
-20
2
4
12
-16
-2
0
7
-3
23
-25
3
-5
2
3
2
-4
2
0
19
-24
0
1
-1
2:0
4
21
-25
0
4
0
-4
0
2
18
-19
0
3
0
15
-12
-5
2
0
-1
5
-7
17
-16
-1
2
-1
0
1
-2
0
15
-16
0
2
-2
17
-11
23
-5
-24
8
16
-6
-17
2:0
21
10
-30
0
1
19
2:1
3
109
-112
-1
0
13
2
-5
-8
-1
2:0
8
-7
-2
9
-8
2
-3
0
3
8
-10
5
-5
-1
1
-1
1
-1
35
-33
-2
4
-4
0
1
3:0
-1
1
3
7
-11
2
1
-3
1
7
12
-15
-5
1
6
-6
6
-5
35
-37
6
-2
-3
-1
2:0
66
-65
0
1
44
-40
2
-8
1
6
-3
12
18
4
-38
5
-2
1
9
-10
0
5
14
-16
3
-4
83
-83
1783
-1788
87
-87
23
-19
0
2:1
-1
-3
1
-2
20
-16
10
-12
1
-2
1
9
24
-34
16
9
-21
-2
4
-7
0
15
7
-22
2
629
-485
-143
-4
2
0
3
-5
56
-34
-19
362
-356
-2
-7
45
-45
0
8
24
-30
24
-19
-3
130
117
-250
2
-1
8
598
-507
-83
18
49
-83
947
-943
-5
0
7
-5
197
-198
2
-1
187
-174
2
-14
31
-35
64
-62
0
3
22
164
-181
40
-46
17
47
-58
-10
18
19
-4
-5
-28
0
43
98
-127
-13
14
1
36
-49
2
-4
190
-176
-14
-1
10
-7
381
-380
4
-8
4
-3
12
49
-61
21
-12
-6
-1
10
19
-28
5
-7
7
-2
-5
20
-20
2
0
-2
2
-2
8
-5
-3
7
-1
-7
0
6
-7
9
-9
154
549
-478
-221
3
174
-180
-1
14
-2
-11
2
10
62
46
-121
22
9
-25
-6
8
46
240
97
-378
-11
21
-21
-2
5
-5
10
29
-39
4
-3
20
81
-102
2
33
-33
10
-11
-1
8:0
2
-2
1
2
3:-1
2:0
2
-2
8:0
1
-1
2:0
29
-28
-1
0
1
-1
11:0
2
2:-1
2:0
1
-1
5:0
1
2
4
-7
4:0
1
2:0
-1
11:0
1
-1
0
2
2:-1
4:0
1
-1
3:0
1
-1
2:0
1
2:0
-1
8:0
3
-3
3:0
1
-1
3:0
2
-2
2:0
2
-2
0
4
-4
9:0
2
4
-6
7:0
1
0
-1
0
1
-1
2:0
2
-2
2
-2
0
6
-5
3:0
1
-2
2:2
-4
0
2
-2
2:0
3
7
-9
-1
3:0
2
-2
3:0
5
-4
-1
0
3
-3
8
-8
2
-2
2
-2
3:0
4
-4
1
-1
5:0
6
-2
-4
7:0
1
2:0
-1
1
0
-1
4:0
1
-1
1
0
-1
0
1
-1
0
3
-3
1
-1
7:0
1
-1
3
-3
2:0
2:1
0
-2
1
-1
4:0
2:1
-2
5
-4
-1
3:0
6
-6
0
6
-6
2
-2
4:0
1
-1
0
1
-1
4:0
1
2
3
-5
0
-1
2:0
1
0
-1
1
-1
1
5
-2
-3
0
1
-1
4
-4
1
2:-1
12:0
3
-2
3:0
-1
4:0
1
-1
0
2
-2
2:0
1
-1
2:0
2
2:-1
2
-2
2:0
3
-3
2
-1
0
-1
1
-1
7:0
2:1
2:-1
2:0
4
0
-4
5:0
1
0
-1
0
3
-3
3:0
1
-1
0
1
-1
8
-8
0
1
-1
1
3
-4
3
0
-3
0
3
11
-14
1
2
0
-3
0
9
-8
-1
0
1
0
3
2:-2
7
-7
7
-7
4:0
1
-1
2
6
-5
-3
2:0
2
0
2:-1
2:0
1
-1
4:0
3
-3
2:0
7
-7
3:0
1
4
-5
9:0
1
0
-1
2:0
6
-6
3:0
1
0
-1
2:0
1
-1
0
1
-1
4:0
1
-1
0
5
-5
3:0
2:1
6
0
-8
2:0
1
-1
2:0
5
-4
-1
2:0
1
end
