v1
659
104
103
232
96
0
49
159
48
157
107
131
43
31
21
115
24
14
34
615
22
57
235
3
64
170
1
57
56
7
4
0
11
28
118
91
322
129
165
58
296
258
5
135
7
10
78
212
285
159
55
5
46
126
2
207
69
92
87
271
34
67
228
20
189
109
4
43
201
41
177
242
82
72
10
234
150
71
0
30
28
26
57
288
21
47
88
7
24
117
62
27
19
277
4
63
5
0
185
20
6
18
185
33
72
185
141
31
103
85
70
23
98
59
255
42
388
33
255
20
186
106
27
112
90
278
55
71
348
40
54
59
67
213
69
57
36
368
326
143
42
67
61
7
366
55
30
172
42
125
87
222
93
235
53
323
33
7
394
275
16
43
333
183
130
41
131
117
76
31
62
8
109
165
123
178
10
0
27
29
12
33
6
32
43
4
1
14
6
2
11
23
8
46
0
5
14
7
123
4
13
105
73
9
1
73
40
19
5
1
53
5
65
3
35
3
16
20
0
35
127
118
148
292
6
1
173
0
22
98
94
112
19
195
329
36
62
206
10
33
6
116
284
54
30
22
69
35
106
85
142
36
23
197
3
146
5
97
185
129
27
248
6
255
75
15
33
83
70
229
41
106
203
114
58
27
8
12
182
38
5
258
500
199
0
102
42
29
12
10
223
8
136
50
6
106
3
2
24
42
115
56
37
5
67
22
11
64
50
325
0
318
155
110
9
28
7
9
19
0
258
33
146
30
25
75
36
53
75
19
23
15
69
7
8
147
40
73
87
123
110
339
171
101
81
20
182
0
2
64
181
170
37
34
0
141
17
53
70
51
8
7
4
31
1
43
18
19
2:6
271
39
12
0
136
2
54
47
31
30
147
88
153
59
5
23
104
89
5
33
172
52
119
3
72
50
69
132
63
21
20
72
42
34
92
31
31375
22
9
43
95
66
4
11
18
53
11
3
30
28
57
69
19
76
1
7
14
44
54
8
28
8
22
12
0
920
54
64
58
44
68
87
24
71
108
58
18
47
2969
347
1891
314
2
326
1553
5140
4236
3344
1
1097
2138
1890
760
4766
4992
1620
8298
3064
1385
2
8091
3708
943
15
1533
933
474
509
1014
3155
10
5
1
0
1427
3560
494
115873
3544
1
7716
25
26
47
9417
31396
1022
3
18
4
163
4
14
99
20
53
36
5
16
10999
25036
18596
731
0
50
35
47
27
32
125
7
17
12
18
10
29
180
27
10
0
2
1
3
5
2:2
11
728
29
14
18
9
15
71
54
15
7827
13107
4271
3235
0
5795
3251
4729
575
1668
539
334
2
131
11
45
665
436
532
3
1
2:6
3
8
9
18
1
3
44
5
95
0
1
12
23
9
28
3
1
11
23
9
0
27
20
4
0
6
30302
9786
218
64
79
97
69
7
45
38
30
416
220
1
87
199
23
85
202
24
111
4
138
9
21
1
35
18
41
22
81
47
13
28
10
34
186
151
134
190
37
19
4
13
36
2
30
14775
84
66
72
1977
13
9722
2:1
162
1
101
14
28
2
24
36
13
1417338000
658:0
21
-14
-7
4
2
-5
11
-9
0
-1
-2
64
-64
46
-46
4
-2
15
1772
-1781
-7
30
-31
3
6
-4
187
2321
-2512
3
0
14
-16
-2
2
-1
3
9
-13
18
10
-27
72
-68
-1
-2
92
46
-136
1
10
-12
2
167
-172
1
0
22
24
-46
10
-8
-2
5
-5
38
56
-90
14
-19
7
19
149
-174
1
5
-3
0
869
-873
22
-11
-3
46
-47
0
9
96
68
-180
0
427
-426
29
-24
3
2
150
-161
2
10
-9
12
-10
8
-11
3
-3
-2
76
41
86
-176
-26
1
-1
9
-9
240
-233
143
-144
1
-7
9
-10
339
-331
-5
95
-97
7
142
-126
20
-40
-4
21
-15
52
-53
7
4141
-4072
-77
5
19
-17
77
-75
-10
25
-26
39
-27
-12
32
290
-86
-227
-10
16
-13
-4
136
-134
63
-64
1
12
30
-39
-1
14
0
-9
3
-12
9
-8
6
-4
72
-63
2:-4
-3
10
-11
9
71
-73
-3
0
-3
5
-3
49
153
-203
78
-67
197
-202
48
-52
35
-29
3
-10
10
32
-38
-1
3
0
-4
2:-1
14
156
-173
7
-4
245
-238
-1
-7
34
-33
4
6
8
397
-381
-35
16
71819
-71734
1389
-1036
-449
13
-19
0
21
-21
220
-154
97
-164
7
-5
33
-33
34
-34
46
-41
2
23
-16
-15
118
-114
281
-57
-218
0
129
-119
-20
5
2
-7
2
-1
1
-3
33
-33
32
-26
-5
115
-114
2
-3
41
-41
3
16
-17
2
-4
23
-19
-3
8
27
-34
0
-2
6
8633
-8637
1583
-1526
-56
0
-4
1
0
3
-4
1
11
-12
0
97
-85
-12
1
-1
48
-36
-10
1392
-1390
-3
9
247
-250
42
20424
-20467
-6
1
2
157
-156
0
28
-24
198
-205
-1
690
-688
9
32
66
-109
0
43
-38
1
-1
12
5672
-5689
1507
-1507
6
23
-29
9
2
-10
0
2
-3
1
0
65
15661
-15690
-33
1903
-1883
37
-60
20
1630
5384
-7030
37
-30
-10
7
-8
0
2
1
-4
1
53
-51
0
3
-4
46
1182
638
-1843
4914
-4878
-14
-43
6
-1
5
-12
19
-10
551
-559
145
-136
-12
0
114
-112
4
-4
2:-1
91
-88
748
-737
456
-470
0
2
3
-1
1
41
-29
-11
93
-92
0
301
-272
167
-203
1
0
32
-24
377
-230
126
-59
-221
0
26
1971
-1998
11170
-10903
-264
-3
151
-123
-11
43
-50
-7
-3
69
-67
4
6
-13
2
-1
23415
-23405
-7
1
5
-5
-2
5
11
17
-27
256
-264
114
2086
-2199
2
65
-61
3453
-3460
1
0
20
-20
5
34
830
-859
-11
0
73
-71
2
15
14
-32
14
-16
65
-44
-6
2
-10
-7
27
20
-41
3
2
-7
7
-11
4
1133
-1130
137
-141
1
10
-7
-3
-2
9
-10
87
-81
23
-29
0
-1
5
-3
68
776
-779
-61
-2
-4
2
-2
28
-28
50
13
-63
1
3
10
-10
-1
-3
0
21
8
-26
-2
-1
4
-3
1
19
-20
1957
11644
-9604
-3997
0
8
2:3
-3
11
0
1223
-1246
409
-388
39
-46
94
-106
46
-45
15
-11
-3
323
-73
-253
2
348
-218
-122
-7
0
32
50
3523
-3607
3
1193
552
-1707
-42
34
-32
-3
8
5
0
33
56
-101
3
-1
8
9
-4
-15
170
-160
-11
5
-2
6
3
31
-43
116
-72
14819
-14748
-102
156
-132
-37
0
190
-163
1
10:0
6
-6
1
-1
1
-1
4
56
-60
6:0
5
2
-7
2:0
6
-6
3:0
15
-15
2:0
2
-2
3
-3
3:0
6
-6
0
1
-1
0
6
-6
3:0
1
-1
1
-1
6:0
5
-5
2:0
3
-3
4:0
3
-3
6:0
1
-1
3:0
15
-15
1
0
-1
0
1
-1
0
1
-1
4
-4
1
-1
4:0
2
-1
0
-1
2:0
1
-1
9
-9
2:0
1
-1
2:0
3
-3
0
6
-6
1
14
-12
0
-3
3:0
4
-4
0
4
-4
2
-2
1
-1
5
-5
6:0
1
17
-13
-5
6:0
1
-1
0
1
47
-48
0
1
-1
3
0
-1
1
-3
3
-1
19
-17
-4
4:0
2
-2
3
2:0
-3
2:0
4
8
-12
17
-16
11
-12
6
-5
0
-1
10
-10
3
1
-4
2
-1
0
-1
2:0
2
8
-10
2:0
27
-25
2:-1
4
2:-2
3
-3
34
-34
1
8
1004
-1013
70
-50
-15
-3
-2
0
3
-3
5
-2
-3
2:0
1
5
-5
0
-1
3
-1
-2
0
1
-1
18
-18
33
-33
4
3
4
-11
5
-3
-2
1
-1
1
-1
3:0
6
-5
-1
10
-10
1
-1
5
-5
0
3
-3
1
-1
2
0
2:-1
7
-7
2
-2
0
233
-233
64
-60
-3
0
-1
2:0
2
-2
0
3
-3
0
5
-3
-2
3:0
3
-3
59
-57
-1
1
8
-8
-1
232
-231
-2
0
1
15
-15
-1
0
3
2
-5
0
23
-22
-1
1
27
-28
0
5
-5
2:0
4
68
-72
172
-172
1
-1
2:0
2
-2
5:0
9
293
-298
-3
53
-53
8
-9
17
31
422
-469
12
-11
-1
1
0
-2
0
2
-2
2:1
-1
0
-1
0
11
95
-105
1
102
-99
3
-7
3:0
-1
1
3
-4
0
21
-21
2:0
41
-41
4:0
16
-16
118
-112
15
-21
5:0
5
-3
-1
6
-6
0
61
-59
1
-4
2:0
12
-11
16
0
-3
-14
3:0
26
-26
88
-84
2:-2
6
-6
12
4
-12
-4
0
3
-3
2
-2
3:0
109
-109
2
1
-2
-1
0
3
1
9
-13
2:0
12
240
-252
1
3
-3
12
-13
2:0
3
-3
0
3
42
-40
-4
-1
0
2:1
-1
10
-11
10
-10
6
-4
-2
2
2:-1
6
12
-17
2
0
-3
3
-3
0
1
-1
2:4
-8
5
-3
-2
0
1
-1
2
-2
1
-1
2:0
2
-2
9
-4
0
-3
4
-6
2:0
4
-4
4
-1
-3
0
1
0
-1
0
2
-2
1
3
-3
-1
2:0
1
-1
1
-1
100
291
-269
-122
0
1
2:0
1
2:0
94
-96
2:1
9
-11
13
-13
1
-1
2
-2
0
41
51
-91
-1
19
2:-8
-3
1
0
8
17
-26
1
142
-11
-130
-2
11
-11
2:0
1
2
-3
3:0
3
-2
1
3
-5
11
-11
3:0
3:1
-2
8
-6
46
-48
-1
9
-9
1
-1
9
-3
end
