v1
868
55
152
277
259
0
486
52
139
48
4
134
88
270
119
275
39
237
1
57
56
7
15
17
434
69
168
505
132
67
73
526
36
170
159
136
98
132
459
135
435
194
266
41
11
149
18
148
247
495
45
9
12
354
148
18
46
12
167
534
20
156
86
194
51
12
127
9
29
110
276
104
42
168
353
110
275
297
134
282
212
388
54
59
280
69
57
31
145
228
469
42
135
166
161
39
55
96
106
42
125
254
27
7
21
56
37
26
286
64
268
0
7
271
123
275
16
212
164
121
364
44
73
177
59
526
26
1
29
51
19
13
43
5
22
11
23
8
48
0
3
14
7
117
6
3
1
103
15
2
71
9
74
40
19
64
65
38
3
54
17
14
113
118
447
78
95
120
225
160
35
86
243
223
81
10
39
116
104
42
138
175
141
85
101
41
198
61
127
19
5
97
170
15
116
13
275
6
31
10
289
46
2
66
17
70
229
41
423
93
19
218
258
500
301
83
377
165
2
24
213
37
94
75
50
325
636
277
33
80
109
37
6
38
42
128
126
7
8
147
40
283
110
339
272
81
20
82
102
360
92
122
53
70
121
8
11
32
43
21
0
16
6
277
22
29
22
16
100
54
44
3
53
8
89
58
88
153
59
5
20
3
104
89
5
33
224
194
61
57
133
46
17
155
20
14
77
15
31401
5
22
9
204
33
97
85
69
19
69
7
1
119
36
8
22
17
969
81
13
0
72
68
92
19
237
18
47
9
3301
2211
328
1204
349
5140
5252
0
3426
1046
1092
2650
4766
4989
3
412
378
830
1211
7087
925
2139
1385
2
8082
9
5
4646
15
19
2434
996
1027
3134
7
11
5
1
1427
106829
16642
1
7741
73
9417
32405
6
10
22
92
188
20
21
68
2:5
11
54631
731
50
12
23
74
157
7
2
15
12
18
39
18
150
12
27
10
2
1
12
11
2
97
629
29
14
113
63
6
20934
3093
1178
9030
7980
575
238
247
1183
454
85
523
665
436
532
2
3:1
14
8
27
4
58
28
55
8
2:31
6
3
1
43
27
20
4
5
1
30302
10004
64
176
69
7
24
59
30
636
1
87
222
70
15
202
24
1
252
9
57
18
41
39
64
88
44
604
89
24
4
13
38
14805
222
1977
13
9722
2:1
162
1
101
14
35
19
36
13
-488565
245
45
130
12
30
84
31
97
138
161
170
0
72
93
50
31
38
25
10
185
174
0
46
36
28
110
20
66
6
0
370
201
205
619
146
1
265
186
107
135
7
265
149
390
182
38
60
169
174
299
12
2
293
75
114
3
130
296
302
8
185
161
184
132
63
16
26
120
259
156
82
128
323
14
156
131
112
73
34
562
62
242
228
384
193
63
105
12
156
174
71
56
72
23
154
127
42
346
388
406
0
132
69
61
135
237
0
234
228
120
110
552
96
328
453
51
210
2
478
62
256
450
49
237
142
145
0
346
0
61
0
6
78
9
7
16
77
0
3
224
56
135
57
89
0
20
4
33
0
54
75
310
296
65
79
117
301
144
430
119
690
350
168
28
3
189
198
32
643
66
229
18
212
133
402
56
116
0
27
13
146
36
45
778
194
31
132
0
55
198
81
105
112
28
83
75
98
220
637
12
233
15
0
5
9
35
265
84
0
7
144
5
245
28
109
358
91
66
284
328
0
255
171
24
157
167
3
150
79
151
73
75
41
33
142
351
79
29
54
38
65
382
132
172
42
0
131
134
58
80
5
27
104
92
199
31465
54
86
9
84
9
70
202
18
1110
118
352
105
55
3040
660
6846
3851
5796
5114
10942
8687
3048
10264
41
3716
2491
933
474
4678
8
4968
520
115875
11260
2:51
38185
3667
25
12
11
119
44
94
52
55385
127
39
350
25
65
14
11
58
30
20
724
12
44
105
9
12806
29329
83
0
696
1472
953
131
638
1058
3
26
21
42
8
71
11
14
107
20
34
31830
8695
9
148
117
462
172
42
398
245
198
0
219
0
13
38
207
3
97
425
64
27
68
26805
48
111
28
52
5
1417387200
499:0
1
367:0
11
-3
-1
13
0
149
-126
-37
41
-40
2
23
-14
4658
-4659
25
51
-58
99
13251
-12614
-721
-31
-12
1
3
4
-9
18
72
-87
14
185
-196
5
52
5
135
-65
-123
24
-14
218
-243
28
-21
-6
2238
-2187
-50
4
48
-45
-1
4
-1
61
246
-182
-136
16
-13
-1
19
-16
4
103
-112
8
0
-6
151
-124
-3
-21
466
-145
867
-1188
62
-61
172
-176
556
-546
695
-694
-8
-4
11
7
-16
-2
65
-12
-49
-3
26
-20
11
-17
-1
393
-394
10
71
-74
4
58
-35
13
604
-648
1513
-1198
-292
-18
15
-18
-5
2:1
123
17
-133
20
-29
22
-22
3
243
-217
-16
-8
13
-16
19
2:-4
-12
36
-35
66
-52
2
282
-277
85
-100
1176
77
-1187
-52
-19
225
361
-396
-188
0
15
62
-80
309
-220
-91
138
-100
493
-527
19
-18
1515
-1519
9
137227
-131168
-5804
-248
-8
31
-6
113
-139
7
455
-444
152
-155
-18
26
-25
15
133
686
-837
12
-13
18
-12
57
266
-127
-194
154
-147
54
844
-909
1
-5
226
-201
138
-70
-92
12
-9
151
-123
-32
-1
25291
-21920
-3281
-82
-3
45
-28
-21
108
-95
-4
7
11
1678
-256
-1449
72
29554
-29608
-16
300
-296
60
-66
204
-170
1910
-1942
91
-89
47
279
-314
4101
-1211
-2878
1804
-1830
0
-2
2
23
-22
2
-4
28
157
44149
-44335
1
-1
5362
-5364
130
79
-167
4
1193
-1208
9414
-9443
12
45
-59
87
-57
-21
566
-522
-21
-30
94
-90
1095
-1081
-16
560
7456
-7917
93
-164
2
272
-271
-32
230
-231
28
-28
297
1372
4266
-4908
-1024
-1
-3
48
-13
85
-120
3
190
92
-230
4
-28
50
16
1323
-1419
350
-132
-216
0
4
-7
796
8562
-8632
-683
-42
-2
2
118
-119
164
-158
3
23
63
-44
-51
7
412
-363
-55
17
-18
1
39
-36
42166
-42154
-8
112
-103
-6
227
116
-195
2604
-2754
-1
3
952
-943
3
-10
-13
109
1522
-1598
151
-180
2
13
-18
25
14
43
-65
-9
4
425
-435
174
-174
-1
182
-174
21
-20
30
14
51
-62
-44
2
18
307
-326
-2
21
5
-21
-4
32
70
209
-309
4
42
77
12
-56
-51
-26
1496
-1434
-54
-12
6
0
19
-14
133
-144
14
-10
0
53
413
4704
26676
-17888
-13896
-66
27
5
56
649
-730
49
443
-203
-288
339
-227
-40
-75
1517
-1117
-406
3492
-3485
116
-87
-33
-2
261
5687
-4783
3592
-4680
-73
162
-154
87
-84
-15
55
-53
26
574
-597
4
-10
144
-129
3328
-3149
31985
-32078
1
227
-327
0
135
-126
-17
1
2
-3
2
-2
2
-2
2
0
-1
4:0
-1
3:1
-3
3
2:0
-2
1
-1
1
3
-4
2
0
-1
1
3
-6
2
-2
0
2
0
2
0
2
-6
3
-3
2:1
2
-4
1
3
1
-3
0
3
-5
2
4
-6
3:1
2
-5
0
3
-2
3
-4
3
-2
2:0
1
-2
3
2:-1
4
-4
1
3
-5
5
-4
0
5
-4
0
2:-1
4
0
-1
-3
3
0
-2
-1
3
2:0
-1
1
-3
3
2:0
-1
3
-3
1
3
-6
0
2
2:1
0
-3
0
5
-4
1
-1
1
0
-2
0
2
0
3
-1
-2
-3
1
0
2:1
-3
2
1
-1
1
0
2:-1
3:1
-3
4
-3
-1
5
-3
-2
2:0
3
-4
0
2
-1
0
5
-2
-3
2:0
-1
2
-1
1
-2
3
2:0
-1
4
-4
-2
4
-3
0
-1
4
-3
4
-3
-1
0
1
2:2
-5
0
2
-2
1
3
-4
2:0
1
-1
4:0
-1
2
0
1
-2
1
2
1
-2
2:0
-2
3:0
2
-2
1
2:-1
0
5
-4
1
2:-1
6
-4
4
-3
0
-2
5
-4
1
0
-2
0
3
-3
0
1
2:-1
5
-5
2:0
6
-5
4
-4
-1
1
2:2
-1
-4
4
-3
4
-4
4
-1
-3
5
2:-2
3:0
-2
4
2
2:-1
-3
3
-4
2:2
-3
2:0
-1
2
-1
0
4
-3
-1
0
3
-2
4
-5
3
-4
1
0
-1
2:0
5
-5
1
5
-1
-4
2
0
-1
-2
0
1
3:0
-1
0
2
-2
2
1
-3
4
-3
1
-1
2
-2
0
3
-4
5
-1
-3
-1
0
2
0
1
-3
3
0
2:-1
4
-3
2:-1
5
-4
1
-2
4
-2
1
2:0
1
0
10
-7
-3
2
-3
2:0
7
99
-106
1
2
-1
16
-5
-10
0
-3
0
1
39
-38
-2
0
12
-12
0
13
-12
-1
2
0
-1
3
2
-5
4
10
-15
3:0
7
0
-7
1
-1
3
-3
2
3
-5
29
-22
-7
2
1
-3
3:0
2
-1
1
-2
3
-3
1
0
4
2
-7
3
-3
7
-6
6
-7
13
-7
-3
-2
-1
2
-2
3
-2
-1
2
-1
0
-1
1
-1
4
-4
3
-3
2:0
1
-1
2
-1
5
0
-1
-5
29
-20
-9
1
-1
0
2
-2
0
77
-77
3
-3
1
4
-5
0
35
-32
0
-2
4
-2
4
-2
0
-3
-2
2
-2
5
-4
23
-22
28
-29
0
34
-26
-8
2
3
14
-15
-4
0
3
0
-2
8
2
-9
6
-3
0
-5
3
-2
52
-54
9
1511
-1409
-83
-26
-2
5
0
1
-4
5
-3
-1
18
-21
4
-3
3
-2
14
-15
3
-4
7
-3
-4
14
-14
47
-47
2
4
2:3
-5
-6
-1
3
-3
25
0
-23
5
-6
2
-1
1
2
441
-360
-81
-2
3
0
2:-3
2:0
7
-6
1
53
-21
-30
-1
317
-312
-5
32
-34
2
-1
3
-5
31
-31
43
-43
7
6
-11
127
168
-288
-7
-2
0
1
0
2
0
3
-5
0
18
559
-578
4
-3
96
-97
4
12
-9
26
50
-74
918
-924
9
-10
-1
1
-1
2:0
7
-6
3
2
-7
155
-155
2
-1
187
-177
2
-7
-4
30
-28
-4
57
-57
5
-4
29
132
-140
39
-61
6
-6
1
-1
12
-9
-2
16
84
-93
-3
-5
4
21
-6
-19
32
-8
-24
3:0
37
145
-178
-2
4
-6
1
-1
0
4
1
-3
16
23
-39
2
3:0
-3
-1
1
-1
0
5
164
-168
3
0
-4
13
5
-17
20
422
-443
3
-2
11
-12
3
1
-4
5
68
-71
0
-1
6
-4
-3
3
15
-7
-4
0
-7
5
11
-1
-6
-8
32
-28
4
-7
5
-2
4
-4
-5
8
-4
3
-6
-1
1
8
-9
0
4
8
-2
-8
-1
8
-9
2:4
-6
-2
7
-5
1
-2
2
-2
6
-5
2
-4
3:0
13
-13
192
466
-468
-186
-3
7
-5
-2
179
-179
2
27
-6
-22
-2
2
12
-12
67
54
-119
19
-23
16
-6
-9
-1
11
42
206
31
-286
-4
21
-20
25
-25
0
7
-6
14
7
-23
0
2:1
2
29
-25
85
-89
1
22
-26
-1
14
-12
-2
39:0
1
0
-1
20:0
2
-2
14:0
1
-1
12:0
1
0
-1
23:0
1
-1
0
2
-2
9:0
2:1
-2
3:0
5
-5
7:0
1
2:0
-1
3:0
3
-3
2:0
1
-1
5:0
4
-4
19:0
2
2:-1
24:0
3
-3
6:0
1
-1
11:0
1
-1
1
-1
4:0
1
-1
1
0
-1
0
1
-1
1
0
-1
0
2
-2
0
1
-1
7:0
1
-1
5:0
1
-1
0
1
0
1
-2
2:0
3
-3
0
3
-3
0
1
-1
7:0
2
0
-2
6:0
1
-1
5:0
2
-2
2:0
1
-1
9:0
2
-2
20:0
2
0
-2
2
-2
2:0
2
2:-1
7:0
end
