v1
803
297
446
486
191
39
624
423
128
58
56
22
65
81
415
218
74
59
693
56
536
89
70
136
98
260
184
11
271
425
204
22
285
573
495
555
31
122
103
144
133
72
98
87
20
67
175
194
63
136
139
625
125
197
174
36
46
125
322
33
76
494
442
339
47
22
88
778
1031
309
405
139
200
167
133
94
275
877
294
109
532
45
6
32
81
77
5
14
6
104
24
118
82
12
62
59
64
35
2:15
94
18
73
172
381
66
78
215
225
502
22
314
33
6
116
284
54
121
35
106
85
101
41
256
3
248
185
404
37
299
10
5
33
382
41
703
9
41
758
301
71
12
10
532
2
24
157
186
1
75
50
1238
33
30
246
164
19
107
7
8
147
40
175
108
96
14
611
36
45
20
184
452
34
141
70
63
58
8
43
86
300
28
38
100
54
47
61
35
112
0
88
153
59
5
23
193
3
2
33
343
75
251
116
102
34
31493
5
22
9
43
39
56
66
86
44
85
69
19
84
112
36
8
22
1152
68
111
255
47
9
3301
324
1887
328
1553
5140
10816
12405
9105
816
4449
2
8091
4666
1533
6095
1433
106829
13098
3544
1
7716
25
73
9417
32379
42
22
280
109
5
55537
157
36
18
57
53
109
27
13
4
8
11
777
21110
3093
18763
1668
539
334
189
665
436
532
2
3
11
173
9
2:40
82
9
4
5
1
42245
125
180
749
4
36
-461202
612
143
316
115
24
48
8
18
26
301
94
133
145
81
126
64
171
38
13
25
0
44
142
454
0
107
106
117
266
4
211
73
5
99
269
52
526
172
48
229
552
137
352
0
57
12
110
126
154
31
16
25
33
108
4
30
75
71
14
123
340
139
51
19
252
44
121
23
6
213
309
220
77
676
251
203
166
170
77
12
69
179
267
552
769
180
271
68
393
121
359
42
128
7
12
184
123
102
30
12
49
47
485
27
7
140
168
24
17
500
34
382
9
113
0
63
43
77
35
2
219
127
46
92
506
67
19
178
12
11
118
7
181
40
86
2:19
12
1
5
17
2
2:49
150
103
18
66
5
71
77
8
32
79
7
0
38
0
16
38
31
59
54
93
50
268
34
292
1
435
60
45
219
414
366
713
111
207
12
61
68
131
425
17
359
68
87
86
607
51
3
51
59
178
246
404
524
0
333
50
6
177
171
10
32
67
115
40
286
0
31
375
32
66
163
8
48
334
12
18
9
0
67
0
40
6
27
11
42
18
72
166
171
31
46
25
0
242
482
43
63
99
0
109
176
40
217
3
56
101
65
163
269
69
36
215
22
12
0
287
22
45
58
32
220
227
0
5
20
225
311
108
2:19
140
0
17
53
18
241
31385
106
151
1
42
0
102
192
76
111
941
586
396
5242
14599
1110
3626
378
2317
0
1254
747
7002
5704
4349
872
1252
1406
10
8068
9
2812
14
1825
2481
983
0
1041
3119
1
2:7
2
8
1414
106841
0
13100
11252
7
52
38236
3596
43
28
96
9
45
103
19
24
61
23
9653
45012
731
41
282
2
15
64
220
4
9
17
1
725
111
23
28
19
7871
9626
7752
3878
5152
9040
2058
131
96
1391
205
6
18
16
12
3:1
41
9
44
47
4
0
2:2
0
37
2
30435
1513
8649
782
4
168
28
0
412
443
261
219
-459118
538
877
504
197
383
437
10
219
134
371
733
185
883
1557
518
197
112
528
700
129
118
471
12
455
48
1521
220
750
215
18
741
140
2617
129
331
160
7
48
9
787
675
611
1007
655
889
583
5
310
37
483
1190
590
101
326
143
252
694
32
240
8
929
1427
56
250
166
456
25
344
1633
363
1
31496
280
11852
3402
22575
1620
7071
4276
12305
896
8574
1
174623
216
123
55485
487
878
111
44
47170
19
22
49
40887
803
1701
288
1409982600
299:0
1
402:0
1
99:0
20
18
19
-44
10
2487
-2481
0
327
27
-357
-4
48
-9
-29
152
-170
296
-225
19
16
0
-87
-9
269
-245
151
-183
358
-351
663
408
-949
-88
17
-5
507
-506
18
411
-480
-4
899
-846
-44
49
-32
-18
18
-24
17
53
21
185
-276
133
557
-687
180
632
-678
39
-121
-4
-54
24
-10
-5
510
-519
2
51
409
72
-169
-117
-189
-34
48
84
45
-182
163
-182
22
90
254
-297
71
-104
28
421
-476
62
-53
40
-25
-14
1
200
-217
-5
178
-167
57
-62
12
-10
38
211
85948
-86168
5568
-5423
-178
29
15
-48
308
-297
14
84
454
-529
47
248
-315
58
9
-71
-5
311
-270
69
-112
26
57
-35
5
-39
11
38
-60
462
-429
-16
13
9847
-8889
-982
30
-37
-2
2815
-218
-2547
171
-215
60
69172
-69235
15
34
-39
399
-407
-3
32
3402
-1976
-1381
-60
52
-73
6
12
3566
-3566
66
-72
334
7725
-7337
12220
-12835
8334
-8425
93
-4
-91
5
4304
-4186
416
-267
-270
1119
-1137
9
-14
8
-14
18
2535
-2456
1297
-1313
-39
-22
-17
-2
17
3
219
-85
-133
254
-254
45
1532
-1503
71
-163
38
-9
2
16
-40
164
-168
249
1540
-1613
-159
2381
-1905
-497
46
-1
2380
-2428
62
-55
22534
-22529
84
-74
7
29
-47
458
-273
395
-568
41
2950
-2915
110
13318
-12601
10775
-11640
86
-85
-30
76
-22
1745
-1727
-88
173
-188
10
-8
83
-60
822
-826
59
-41
388
-359
85
-123
-30
14
37
-4
694
910
-895
-739
176
1991
-2075
-102
101
-76
-17
265
-285
-6
3
0
-2
9
-5
4
-10
3
-4
3
-1
5
-7
4
1
-1
7
-10
3:0
4
-4
0
-2
3
1
3
-4
5
-7
0
2
6
-7
-1
1
-1
2
0
-2
1
0
1
2
0
-3
4
-5
6
-6
6
3
-7
2
0
7
2:-3
2:0
-4
-1
7
-4
5
-8
2
5
-3
2
-6
3
1
2
-4
10
-12
6
-6
3
-3
2:3
0
-6
8
-7
9
-8
0
8
0
-9
-1
0
7
2
-9
2
-2
0
6
-6
0
1
4
5
-10
3
1
-1
-2
0
5
-6
0
1
-1
4
-4
2
0
-2
11
-9
5
1
-4
1
0
1
-3
4
0
-6
-1
1
2
-3
7
-4
1
7
-7
-4
1
4
-4
2
0
2
-3
-1
3:0
5
3
-10
13
-1
-10
-1
4
-4
0
5
-5
3:2
-3
8
-10
7
-3
-5
3
-2
1
2
-3
5
-1
0
-5
12
-4
-7
6
-5
-1
7
-8
1
0
7
-6
6
-4
2:-2
12
-4
-3
-4
2:0
-1
2:0
12
-9
2
-5
0
2
-1
4:0
1
5
-4
-1
10
-12
11
-4
-6
-1
1
2
-1
-2
4
3
-6
2:0
3
-2
5
-4
-3
0
2
-2
1
2
-2
11
-9
6
-7
0
7
-8
3
-2
0
2
-3
0
1
-2
1
0
4
-2
2:-1
0
4
7
-4
0
-2
-5
1
9
-10
0
3
2
-1
6
-2
2:-4
2
8
-7
-4
5
-4
0
-1
0
4
0
4
-7
-1
8
0
2:2
-12
10
-9
0
1
0
-1
1
10
-12
0
6
-1
-4
1
0
5
-7
2
4
-5
1
7
3
-8
-2
2:-1
5
2
-4
-2
6
-4
-3
0
2:4
-1
-4
-2
2:2
-3
1
5
-8
2
2:-1
2
6
3
0
-6
-3
-2
0
1
3
0
-2
0
-2
3
-2
3
-4
3
-3
4
3
-6
0
9
-9
0
4
-2
0
-1
-2
9
-7
-3
7
0
-3
3
-2
-4
2:0
-1
0
1
0
-1
0
1
-1
1
-1
1
0
-1
0
1
-1
1
-1
3:0
1
0
-1
3:0
1
-1
1
0
-1
0
1
-1
5:0
1
-1
4:0
1
-1
1
-1
3:0
1
3:0
-1
0
1
-1
1
2:0
-1
12:0
1
0
-1
0
1
-1
1
-1
3:0
1
-1
2:0
1
2:0
-1
1
-1
4
-1
3
-5
0
97
-97
1
11
-2
-3
-7
5
-4
-1
10
-9
5
-5
6
-7
4
-3
0
-1
2
2:0
6
-8
1
5
-1
-2
1
0
-4
4
-4
33
-33
1
5
-4
-2
10
-8
1
-2
3
-4
2
-2
2:0
1
14
-15
0
6
3:0
-5
1
-2
2
-1
0
-1
0
11
-11
0
26
-15
-7
18
-21
6
-5
3
29
-31
28
-25
-6
2:0
10
15
4
-27
0
2
5
-9
0
3
-3
2
-2
10
-10
12
-6
-5
2
-3
41
1543
-1581
85
-68
-15
1
6
-8
2:1
2:-3
2
5
-6
24
-22
7
8
-13
-3
60
-51
4
-14
0
2
9
-1
-11
1
7
-8
19
-12
-5
2
381
-336
-44
0
2
-7
2
109
-97
11
-14
-6
203
-203
-5
4
-3
23
-22
-1
4
10
51
-51
-15
14
-10
-2
3
77
-76
10
-16
26
-19
41
373
-399
110
-132
14
0
-5
-3
280
-251
14
-48
2
13
-14
4
-4
2
-3
1
205
-205
123
-109
-10
0
-5
-1
7
-3
21
-21
2
55
-60
11
164
-166
0
-8
3
0
1
2:-2
1
-3
39
-16
-12
-7
80
-62
-20
1
12
263
-274
-1
1
164
-166
10
-12
4
15
-19
2
13
-7
-5
1
19
-17
5
273
-197
50
-135
59
-12
-44
52
-50
73
-80
2:10
-18
4
-4
4
5
0
-9
8
-4
8
-8
-4
7
-8
-1
0
14
-4
-8
24
-26
2
353
-353
0
-2
1
22
6
-29
3:0
2
-2
3
-1
-2
1
-1
3:0
1
0
-1
2
-2
3:0
1
-1
2:0
13
-13
9:0
1
-1
8:0
1
3
-4
0
1
-1
5:0
1
-1
1
0
-1
13:0
2
2:-1
5:0
1
2:0
-1
1
-1
1
-1
2:0
4
2:-2
0
4
-3
-1
3:0
1
-1
3:0
3
-2
2
-3
1
-1
0
1
-1
2:0
1
0
-1
8:0
1
-1
1
-1
1
-1
4:0
1
4:0
-1
1
-1
2:0
2
-2
1
-1
4:0
2:1
-2
0
6
-6
4:0
1
-1
2:0
3:1
-3
2
2:-1
3:0
2
-2
0
1
7
-8
2:1
-2
4
-4
2:0
1
-1
0
3
-3
3
-3
2:0
2
1
-3
6:0
2:1
-2
9:0
2
2:-1
1
-1
2
2:-1
8:0
1
2:0
-1
7:0
1
-1
0
3
-2
2:0
-1
1
-1
5:0
1
-1
1
0
-1
4:0
2
2:-1
1
-1
5:0
1
-1
2:0
1
-1
2:0
4
-4
6:0
1
-1
4
-4
2:0
3
0
1
-3
-1
0
3
-2
0
-1
3
-2
-1
0
3
-2
-1
2:0
2
-2
5:0
2
-2
3:0
3:1
-3
4:0
3
9
-11
-1
0
2:1
-2
2
7
-9
5:0
1
-1
2
-2
4:0
2
-2
2:0
1
-1
2:0
1
-1
1
3:0
-1
2:0
1
-1
0
2
-2
2
-2
3:0
1
0
-1
0
2
2:-1
32:0
3
-3
19:0
1
-1
22:0
1
-1
9:0
2
-2
2
-2
4:0
1
end
