v1
525
187
110
0
20
426
408
78
52
139
0
39
9
237
259
119
110
271
171
51
6
56
22
28
114
4
235
109
30
333
716
2:36
404
152
130
29
55
107
72
260
195
696
250
261
0
81
129
93
154
559
52
361
136
58
9
22
225
277
4
166
87
71
191
0
257
275
93
85
157
45
245
18
410
104
171
259
134
38
494
442
339
69
57
31
406
344
690
244
379
34
114
218
314
119
279
115
275
16
93
64
10
209
354
425
0
109
295
181
40
67
32
18
37
26
31
46
5
14
117
16
1
118
82
74
59
6
8
50
61
4
41
16
38
144
118
139
308
173
120
375
53
321
304
10
3:0
33
6
116
14
270
0
54
121
35
106
85
101
128
172
219
199
15
208
196
37
299
10
5
33
66
87
229
41
423
58
47
175
50
140
360
118
140
301
83
10
312
55
50
6
105
6
24
157
56
130
1
75
50
961
277
33
30
62
0
94
40
6
80
90
11
27
126
2
5
8
147
2:0
40
48
235
110
339
272
36
65
182
2
227
2
223
175
199
129
277
51
38
100
54
0
47
61
37
58
32
18
2
88
153
59
5
20
3
104
89
5
33
118
225
0
442
60
42
34
35
31458
5
0
2
29
12
31
194
53
44
85
69
19
142
90
8
22
18
914
220
179
71
0
108
76
47
3310
2211
2
326
1553
322
4818
10816
2661
9744
793
6127
3001
925
872
0
432
836
1384
2
8082
7
2
4666
2453
13
983
4167
10
2
1433
4053
102776
13098
3544
7742
26
47
4
9413
32379
42
22
2:21
165
93
53
19
17
5
9635
45743
159
157
0
7
0
29
18
34
23
1
161
27
13
12
11
2
726
7
193
18663
0
2296
3093
1178
9030
10223
539
333
1
189
665
436
532
5
4
45
4
50
107
23
40
12
70
2:9
1
41246
612
387
56
844
90
68
36
-461213
1436
448
713
885
171
99
284
224
208
649
150
643
779
247
23
531
173
213
758
345
72
361
1207
358
361
1446
920
296
358
903
71
18
0
370
317
1280
606
2:0
579
62
70
91
197
49
107
71
128
20
0
53
40
15
127
270
178
236
173
443
532
1130
324
149
5
692
345
524
241
199
240
948
385
576
150
0
131
159
160
1386
330
115
885
542
125
317
892
190
625
515
102
0
21
168
31893
219
15010
22575
25272
5305
1012
3155
16
132713
0
42140
5
114
11010
44755
184
64
845
3565
4916
34667
4136
31
110
51
0
4
0
5
31982
1409824200
399:0
1
124:0
2
1
7
-6
5
-3
31
-25
-1
1
2
-3
39
-48
1949
-1912
-35
-2
0
275
-81
-180
81
-94
5
-6
2
7
175
-15
-163
-4
100
56
-158
38
-31
-7
40
202
-212
-20
-10
9
0
-9
1
0
108
-107
9
-9
-2
7
-4
19
41
193
-255
155
-150
6
50
-10
-29
-22
7
-7
4
-5
135
-135
27
873
-873
-26
-1
1
22
55
-41
-20
-15
41
-41
1
-4
7
18
-21
31
-29
-5
1
-1
67
-62
758
-763
2:1
13
47
1
-34
58
-85
46
-45
8
25
-32
-3
4
-5
59
-58
538
-539
1
33
12
99
-125
-2
-12
437
-443
3
100
-99
-4
23
-23
86
-83
47
-19
-18
-12
0
468
-468
30
-27
54706
-54707
5
10653
-10549
-112
3
-2
14
1
-15
190
-172
-19
75
-55
-16
0
2
-3
1
11
722
-733
123
-59
-57
7
-9
459
-456
-9
3
1
-4
2
3
-8
73
105
-170
0
-6
0
4
8
-10
31
-13
7
-29
0
2783
-1491
-1284
-4
-2
7
-9
2
0
-2
3
0
5
-2
3
1446
-875
-572
5
25
-32
19751
-19757
0
5
-5
71
-34
8
-3
27
-68
148
-141
-8
14
17
718
-717
3
93
-102
283
-307
11358
-11331
2133
-2162
21
-21
11
-1
-3
49
4027
-3920
-163
2040
-2038
1
21
-13
89
-93
5
-4
-7
-1
619
-619
45
1069
-1113
0
29
-25
-3
-2
6
119
-124
20
153
-171
971
155
-950
-179
1
3
14
2:-7
-4
17
41
13
4
-68
144
-95
-54
14
7243
-7254
326
-271
-59
103
-100
0
-3
-2
1
29
930
-948
-10
4
28
-32
-1
6
-4
-3
17512
-17509
-2
65
29
-82
329
-338
25
-2
11
-29
123
-14
-114
-3
4
231
-234
-1
8
16870
-16821
-40
1337
6386
-7739
8
1
120
-98
-28
58
-44
58
-47
186
-96
-3
-114
2:-1
5
-3
0
15
-17
6
7
-2
494
-478
-25
10
1
-8
-4
538
-534
3
16
-24
609
-588
-12
-9
210
-199
4
543
-543
-15
141
-130
-11
147
232
-354
-26
2:0
-1
1
9:0
-1
1
4:0
-1
1
0
-1
1
-1
1
28:0
-1
1
7:0
-1
1
4:0
-1
1
-1
0
1
5:0
-1
1
11:0
-1
1
2:0
-1
1
2:0
-1
1
3:0
-1
1
6:0
-1
1
4:0
-1
1
3:0
1
5:0
3
-1
2:0
-2
1
-1
0
40
-40
4:0
7
-4
-1
-2
2
-2
2:0
9
-9
1
-1
0
11
-11
1
-1
2:0
1
0
-1
0
3
0
-3
4:0
1
-1
2:0
1
0
8
4
-13
3:0
9
0
-8
-1
1
-1
0
1
-1
0
1
-1
4
-4
0
2
0
4
-4
0
-2
1
-1
3:0
1
-1
1
-1
3:0
13
-13
1
-1
2:0
1
-1
10
0
-9
-1
2
-2
3
7
-10
2:1
-2
15
-15
3:0
2:5
-2
-7
2:1
-3
2:0
6
-6
1
2
-3
4
-4
5
-1
2:-2
0
26
-26
1
-1
804
-802
-1
49
-42
-8
3:0
2
0
-2
2
2:-1
4
-4
0
3
-3
0
3
4
-7
0
18
-16
3
-1
3
-5
-2
2
2:-1
3:0
7
2
-8
1
-2
1
0
1
-2
8
-7
-1
2:0
144
-93
-50
1
-2
3
-3
4:0
1
-1
2
-2
81
-70
-10
4
-3
5
130
-136
-1
0
1
13
-12
-2
0
6
-6
7
-7
0
6
-5
46
-42
2:1
-5
12
-11
180
-175
28
-35
-1
2:0
1
0
1
165
-149
-18
15
-14
0
1
3
-5
6
0
-5
0
-1
58
-58
1
61
-61
-1
4
-4
2:0
1
3
-3
-1
29
-29
71
-67
4
-8
0
2:1
0
-2
0
1
-1
3
7
-10
7
6
-11
0
25
-26
6
-3
-4
8
-8
4:0
8
85
-93
2:2
-3
-1
1
-1
2:0
121
-121
0
2
0
-1
0
-1
1
-1
5
-4
4
1
-6
2:0
1
-1
2
0
238
-239
1
71
1
-74
3
0
2
6
-11
17
-17
26
-25
19
-11
-4
-5
6
-6
3:0
1
-1
0
2
1
-3
0
1
4
0
-5
0
1
-1
0
1
-1
0
3
2:-1
2:1
-2
57
-57
-1
3
0
-3
0
32
-20
-12
0
1
-1
79:0
1
-1
7:0
1
-1
4:0
1
0
-1
3:0
1
-1
19:0
end
