v1
494
235
82
426
486
52
139
39
9
237
378
603
6
56
50
114
4
344
30
333
58
658
2:36
404
152
159
494
795
96
511
81
129
247
211
400
555
9
22
225
277
170
87
262
257
368
85
157
718
104
171
431
266
228
442
339
69
57
31
750
934
527
218
827
86
189
16
157
219
354
425
109
476
107
32
18
63
77
5
14
133
1
118
82
74
59
6
8
50
61
4
57
38
262
447
173
869
314
2:0
33
6
116
284
54
121
141
314
172
219
214
404
37
299
10
5
33
66
87
229
41
423
58
47
175
50
140
360
258
0
301
83
10
312
55
56
105
6
24
157
186
1
75
50
1238
33
226
86
90
11
27
19
107
2
5
8
0
147
0
40
48
110
235
339
308
65
184
452
175
199
86
43
277
51
38
100
54
0
47
61
37
108
2
88
153
59
5
20
3
104
94
33
118
225
442
136
31493
5
0
22
9
12
31
194
53
44
154
19
142
90
8
22
1331
71
184
47
3310
2211
2
326
1553
5140
10816
2661
9744
793
6127
3001
4449
2
8091
4666
2453
13
983
4161
18
5
1428
106829
13098
3544
1
7741
73
4
9413
32379
42
22
42
165
61
12
20
89
5
9635
45743
159
157
0
7
2
27
18
34
23
162
27
13
12
11
2
51
19538
2296
3093
1178
9030
8555
1668
539
334
189
665
1022
4
154
3
23
40
82
2:9
1
41246
999
56
1002
36
-461213
58
40
0
1338
448
0
79
302
1388
99
284
432
430
191
28
44
106
349
294
412
240
374
23
167
537
589
136
663
361
7
611
380
263
304
256
384
134
1033
303
540
77
401
253
303
600
23
34
14
18
370
317
46
778
456
606
0
404
175
132
68
23
26
0
171
156
92
71
56
53
40
142
0
127
93
50
114
64
236
301
315
60
53
78
341
206
10
169
480
191
74
27
451
692
345
524
241
199
8
495
360
483
29
198
76
165
354
2:131
159
160
135
512
391
94
46
133
363
42
115
41
844
285
231
26
198
33
211
319
763
276
196
153
617
21
92
76
35
31466
71
161
130
30
143
76
8
196
914
220
68
6262
1875
5467
20989
1586
1620
0
9223
1300
4
836
1390
8085
2814
6317
3153
2
16914
115815
41881
12
252
68
19
27
55949
1
63
31
709
105
7947
534
34667
4125
36
6
161
87
31904
9415
1002
612
301
1409826000
299:0
1
193:0
4
1
5
10
-13
0
8
-4
40
2212
-2253
293
-69
-126
-103
141
-142
5
197
-200
209
-208
-2
188
-59
-88
171
-188
-12
-6
-7
1
108
-105
8
-11
0
20
44
223
-140
-142
73
-61
-10
0
-7
41
828
-829
-24
-10
37
56
-71
-10
-19
59
-59
4
31
-29
42
-48
2
849
-849
15
63
-50
121
477
-624
40
-34
-9
22
-23
645
-645
40
-8
94
-92
-17
-10
468
-474
-1
120
-120
15
69
-14
-39
410
-400
-30
55092
-55097
13782
-13772
-13
28
-26
183
-121
-62
-4
2
-2
3
858
-861
42
22
-57
2
20
541
-559
-10
0
2:-1
2:3
43
0
155
-198
25
-24
-7
16
-10
31
-25
22
-32
3361
-1888
-1465
-9
9
-10
13
7
-12
1933
-1929
179
-186
5
38
0
19137
-19173
-9
-3
0
137
-128
35
14
124
-167
21
900
-935
26
16
72
-82
270
-301
11228
-11204
2483
-2509
15
2:-3
48
4897
-4791
-163
2560
-2558
84
-75
106
-105
-9
584
-541
-46
800
-743
-42
-11
-4
15
-10
130
-116
83
-97
1034
136
-981
-171
-20
13
46
18
25
-100
154
-104
-35
6589
-6606
217
-170
-48
99
-80
941
-953
43
-52
5
-3
5
21453
-21459
4
52
56
-113
7
344
-323
-3
18
-38
149
-40
-114
2
-2
9
278
-278
16745
-16682
-56
1500
-1516
8119
-8116
0
125
-110
-15
52
9
-44
162
-51
-110
-20
22
-22
15
-16
3
12
-15
11
518
-528
20
-21
7
24
-31
672
-612
-51
1
15
-1
560
-566
80
-87
250
-219
-45
0
1
-2
2
-1
2:1
-3
1
0
1
-1
0
2
-2
-1
1
2
-2
1
0
-1
0
2
-2
2
2:-1
2:0
1
0
-1
0
-1
0
1
2
-3
3
-3
1
5:0
-1
1
2
-2
1
-1
2:0
1
0
-1
2:1
2:-1
1
-1
1
-2
2:0
1
2:0
1
-1
0
2:1
-2
3:0
2
0
2:-1
2
-3
2
0
-1
0
2
-3
2
-2
1
0
2
-2
-1
2
1
-1
-2
3
-2
5:0
2
-2
2
-1
1
-1
0
-1
0
2
0
-1
1
2:-1
2:0
-1
1
0
2
-2
2:0
1
2:0
-2
0
1
-1
1
0
1
2:0
1
-2
2
-3
3
-2
1
-2
0
3
-2
0
2:1
-2
1
2:0
1
-3
2:1
0
-2
0
2:1
-1
0
-1
1
0
1
-1
3:0
2:1
-2
1
0
-1
1
-2
2:1
1
2:0
2
-1
1
-2
1
-1
37
-36
2
4
-7
0
1
-1
0
11
-10
-1
1
-1
0
10
-9
-1
1
-1
3
-3
3:0
1
-1
1
-1
9
4
-13
0
8
-7
0
1
-2
2
-2
4
-1
-3
4
6
-8
0
-1
0
-1
3:0
9
-9
0
1
-1
1
-1
14
-13
2
0
9
-12
1
14
-15
2:0
10
-1
0
-5
-3
5
-6
1
-1
5
-3
1
4
2:-2
32
-34
1
803
-804
45
-43
-2
1
2:0
-2
3
-3
2
-2
1
5
-6
0
18
-16
7
-5
2
-2
-4
3
-2
-1
2:0
4
0
5
-8
3
-3
0
1
-2
7
-7
0
1
134
-78
-56
-1
3
-3
2:2
-4
90
-83
1
-7
5
-5
0
145
-136
-8
-2
1
15
-15
-1
7
1
-4
0
43
-47
5
2:2
-7
14
-12
177
-173
34
-41
-1
2:1
0
151
-132
-21
14
-13
2
0
-1
4
-6
49
-48
0
53
-47
-1
-6
1
2:0
1
-1
28
-29
75
-67
2
-8
2:-1
0
3
6
-9
8
6
-12
24
-25
4
-3
-2
5
3
80
-84
-3
0
2
-3
0
136
-136
0
2
1
-1
1
-2
3
-4
4
-3
5
-1
-5
1
0
1
2:0
246
-246
0
84
-86
77
-75
3
0
2
-7
2:16
-32
17
2:-7
-2
-1
0
1
0
-1
2
-2
4
-4
1
6
-7
0
2
-2
0
8
-6
-1
3
-2
57
-59
2
0
35
-27
-10
4:0
1
0
-1
13:0
1
-1
9:0
1
-1
16:0
1
-1
1
-1
2:0
1
-1
2:0
1
3:0
-1
1
-1
24:0
1
-1
4:0
1
-1
3:0
1
-1
13:0
1
-1
2:0
1
-1
0
1
-1
5:0
1
-1
0
1
0
-1
7:0
1
-1
5:0
1
-1
9:0
2
2:-1
7:0
1
-1
5:0
6
-6
4:0
2
-2
1
0
-1
4:0
end
