v1
591
210
25
17
45
20
122
304
128
170
219
21
187
8
18
589
0
79
302
143
9
19
57
56
7
15
28
118
235
0
328
144
58
266
69
117
102
104
36
316
124
53
99
295
26
332
466
329
106
136
104
163
98
326
131
63
53
95
140
803
43
157
68
144
133
257
44
218
257
165
203
84
147
42
14
166
50
347
110
275
355
76
16
2
476
442
339
69
57
31
214
262
185
223
0
67
61
130
204
39
55
96
106
167
202
79
28
93
235
77
339
205
95
94
257
18
16
93
119
164
270
84
131
294
2:0
109
146
330
27
13
16
12
33
6
19
13
25
0
22
8
26
0
6
25
46
2
3
14
7
110
16
1
13
105
2
62
2:9
74
9
31
5
14
6
0
8
21
20
4
5
35
26
4
3
35
19
38
17
14
68
45
118
25
60
189
165
8
173
120
375
131
133
110
314
4:0
33
6
116
284
54
61
60
35
12
94
85
101
131
135
31
3
204
15
29
185
129
281
31
299
10
5
0
33
153
229
41
309
114
58
35
12
175
50
618
44
96
70
87
144
93
176
136
55
161
6
66
6
207
88
1
0
75
250
125
3
183
450
277
33
38
151
12
37
21
53
90
38
2:19
88
2
5
8
147
2:0
40
48
235
110
339
108
162
2
36
65
77
105
2
83
369
34
141
70
63
58
8
3:43
195
82
51
38
100
54
0
47
61
0
147
88
153
59
5
20
3
104
94
33
118
96
112
17
194
80
0
5
38
9
48
15
189
67
25
31401
5
0
22
9
43
9
7
80
60
5
33
53
0
44
62
23
69
19
142
54
36
8
22
932
111
109
68
92
19
71
0
43
141
43
4
3310
2211
328
1553
5140
10816
2650
9755
3
790
830
4874
3424
4449
2
4
8087
2826
1825
15
1533
920
13
1997
3147
14
3:2
3
1
1427
17
106812
13098
3544
1
7716
25
73
9417
32421
4
18
26
7
174
61
12
20
53
0
19
17
5
9635
45743
85
67
7
157
0
7
2
27
18
34
23
53
92
17
4
23
13
8
2:2
11
19
709
7
147
71
18638
2296
3093
1178
3878
5152
8555
441
44
1183
539
334
189
665
968
2
9
2:8
9
18
4
149
31
3
14
20
3
0
12
70
4
5
9
1
31815
9431
999
56
69
775
158
36
-461213
1348
53
95
41
398
577
759
382
1979
253
25
301
748
868
484
135
49
617
144
952
1130
1151
335
1428
92
541
447
1985
1185
107
104
323
46
215
198
369
86
201
151
431
99
532
1130
1187
242
789
220
120
28
1268
105
950
904
70
383
84
2136
75
56
25
748
260
201
159
279
106
87
1036
31495
46
147
128
228
15001
45033
186917
56055
252
52
751
105
3565
12245
16111
4438
5973
5038
141
41
42390
1409837400
499:0
1
90:0
2
-1
1
-1
13
-12
8
-7
-1
1
3
-3
159
-158
-3
3843
-3841
14
-4
-12
2
18
373
-365
-23
415
-351
-68
12
20
263
-296
9
-7
303
-291
250
-259
-3
253
-255
163
-98
-59
232
-232
-2
17
-18
-3
27
23
-48
124
-126
2
21
-5
-18
1
-1
384
-382
264
-225
-36
103
-74
-33
61
-62
30
-29
4
-1
2:3
-9
182
-181
150
-150
2
36
236
-210
-53
21
35
-68
0
5
326
-319
-13
3
5
-5
-2
0
3
-1
15
-16
-1
6
152
-140
-18
1
-2
1161
-1109
-29
-17
805
-808
-2
8
-9
93
-80
-11
1
33
80
-113
0
15
-17
4
-5
43
-14
137
-113
-50
-2
168
-168
15
-1
-7
-5
24
-19
-4
3
2
-9
3
77
-77
22
-23
-1
13
115
-59
-64
-4
-1
25
-26
2
620
-614
-1
1
32
-40
9
302
-309
-2
5
12
-15
19
-21
2
49
-50
1
2:-1
153
-108
-27
-16
7
-6
205
-206
124
66534
-66632
-22
-5
3626
-3570
-51
27
-29
31
-32
10
52
-61
0
-2
-1
3
-2
-1
3
-1
-3
2
3
2
33
-28
-12
5
127
-95
11
895
-943
4
8
-11
2
7
-8
0
9
98
-102
-5
151
104
-236
-16
-5
8
41
-47
-2
4
-2
3196
-3190
2660
-2530
-133
-4
6
3
10
4
-24
4
-3
-1
1
5
-5
3571
-3567
-5
222
-196
12
695
31582
-32286
-24
-1
-4
17
85
-97
-3
3
11
-6
31
-38
-2
252
36
-257
-32
60
-60
12
7
820
-837
3
-2
14
1
62
-55
162
12048
-12224
35
-45
2246
-1976
-242
-26
6564
-6322
-221
2628
-2651
108
-97
0
-8
-3
23
-19
-4
0
-1
2:0
17
-12
625
-627
6
36
1846
-1887
41
126
-164
-7
20
-20
3
-3
2
4
-4
277
-270
18
-1
316
-332
-6
703
-428
20
-284
-13
6
-2
-5
53
-53
6
-7
25
-24
42
55
-31
294
-92
-239
6227
-6256
245
-244
72
-73
4
174
-146
682
-698
-10
792
-797
170
-170
14
-10
-5
45
-45
16
33829
-33846
17
-17
13
-13
28
-26
4
20
-24
381
-341
19
53
-97
359
-375
0
2
4
9
436
-448
-4
6
0
13642
-13604
-42
20
18
2896
-2931
12297
-12295
12
93
-72
-37
131
-132
1
146
-149
4
595
-596
4
76
-44
-39
10
-9
1
-2
3
23
-17
7
31
14
-40
-20
-1
7
2
-6
13
11
-26
97
-98
70
-29
-39
9
151
-160
24
-22
-2
-1
4
-5
2
28
-29
18
-14
308
-257
-49
62
-64
2
-6
1367
-1325
-43
0
-1
0
1
-1
1
-1
1
-1
1
4:0
-1
3:0
1
5:0
-1
0
1
2:0
-1
1
2:0
-1
1
3:0
-1
0
1
13:0
-1
1
4:0
-1
0
1
-1
0
1
0
-1
1
3:0
-1
1
-1
1
-1
2:0
1
0
-1
1
4:0
-1
1
0
1
3:0
1
0
-1
4:0
1
-1
2:0
51
-51
1
-1
2:0
4
-1
-2
3
-3
1
-2
2:0
9
-9
3:0
7
-7
1
-1
1
-1
7
-7
2
-2
0
2
1
-3
2:0
2
-2
3:0
1
4
-5
2:0
12
-12
10
-9
-1
10
-8
-2
1
-1
1
-1
1
-1
2:0
1
4
-5
5
-5
0
1
15
-9
-6
1
-2
3:0
2
2:-1
0
1
-1
3:0
1
0
-1
2:0
1
0
-1
2:0
1
8
-9
1
-1
2:0
1
-1
0
1
0
-1
17
-17
0
2
1
-3
2:0
2
6
-7
13
-14
2:0
1
2
0
-3
0
23
-22
-1
3:0
1
9
-10
14
-13
-1
0
21
-14
-7
2:0
3
-3
2
-2
2:0
1
0
-1
0
10
-10
4:0
1
-1
3
1
-4
1
-1
0
8
-4
2:-2
0
1
28
-29
1
1064
-1061
-1
-3
62
-51
-9
2
-4
6
-5
-1
3
-3
1
0
-1
0
2
-2
3:0
1
-1
1
5
-5
-1
0
26
-17
-6
11
-14
3:0
2
2:-1
2:0
9
-9
0
11
-4
-5
-2
2:0
7
-7
2:0
2
193
-192
71
-74
3
-3
1
4
-5
6
-6
3:0
1
2
-3
125
-122
-3
12
-10
8
-9
248
-231
-15
-1
-2
2
12
-13
-1
2
-2
1
7
-8
0
17
-17
4
-4
5
-5
0
1
58
-59
1
-1
0
3
6
-6
19
298
-312
1
-9
65
-63
3
-5
209
-184
-24
11
-11
4
2:-2
0
-1
2
-2
6:0
2
79
-81
2:0
62
-61
2
5
-6
-2
1
-1
3:0
4
-4
12
-12
1
-1
43
-43
3
137
-127
1
-11
-3
1
0
-1
2
0
-2
0
2
-2
3
0
6
-1
13
-19
42
-44
12
-11
1
-2
2
3
15
101
-120
5
-6
0
4
-3
0
4
-5
2
-2
3
150
-153
2:0
2
-2
6
-6
2
6
-6
0
3
2:0
-5
5
-5
0
1
-1
2
1
-1
-2
4
-3
276
-277
3:0
159
-159
102
-100
10
-9
5
-7
26
-27
0
40
-40
0
30
-30
3
14
-14
-3
15
-15
1
-1
1
-1
1
-1
0
3
-2
-1
0
2
-2
1
5
1
-7
7
-7
0
2:1
-1
1
-2
7
-7
1
-1
1
-1
1
5
-5
0
-1
61
-61
3
-3
1
-1
0
36
-21
-15
90:0
end
