v1
498
317
964
802
603
6
56
7
43
118
344
30
333
612
104
476
152
653
195
372
334
501
321
136
116
95
761
194
256
277
170
87
262
625
85
303
1772
442
59
406
31
406
2093
663
180
189
16
157
573
534
476
186
8
26
82
14
133
201
139
8
115
57
182
118
139
308
668
53
78
243
304
10
2:0
39
116
914
172
219
214
410
330
48
66
357
516
12
175
190
478
140
301
269
136
216
373
1
0
75
510
520
270
253
80
128
126
2
13
147
198
235
339
270
2
283
2
826
2:43
371
138
54
0
108
447
5
20
3
104
89
5
33
118
727
76
31493
5
0
22
9
43
247
44
85
88
232
8
22
932
220
132
118
3541
2211
328
17509
12405
3
790
9128
4451
12757
2453
996
4179
5
108257
13098
3544
7742
73
41838
22
21
12
9
165
73
20
53
23
18
9635
45895
7
157
0
7
2
79
185
40
43766
2207
1188
970
213
154
10
42301
1002
-461177
58
40
525
49
358
150
41
39
9
8
18
53
88
70
259
119
88
515
84
142
769
171
1274
162
72
106
620
23
306
346
220
154
23
167
505
4
256
361
203
22
574
229
43
89
280
63
821
97
162
248
275
259
134
38
995
139
141
23
46
461
511
253
303
96
106
421
48
7
11
82
235
370
46
394
667
173
97
509
3:0
255
26
123
175
33
13
67
19
13
25
53
26
54
2
115
36
13
105
156
9
50
6
12
41
5
35
125
17
0
127
93
50
595
345
90
532
216
169
270
54
121
141
85
74
27
100
346
5
1037
0
186
229
109
355
280
9
299
872
12
10
367
56
109
2
24
157
37
19
130
132
319
636
11
266
125
273
37
11
46
114
155
0
40
2
115
988
413
26
131
25
41
34
141
70
258
277
22
67
140
61
3
95
108
2
49
39
153
318
343
3
177
14
19
66
110
21
77
91
35
42
15
31409
166
66
33
127
55
69
19
76
8
58
132
1208
111
255
7449
322
4818
649
6931
5897
20590
1300
840
1384
6
8085
2
2812
4320
1997
3147
8
1443
15471
108001
7814
4
9413
31396
983
90
7
59
61
115
104
17
10
82
55291
316
10
26
18
57
53
136
2:12
1
11
2
17
34
675
105
21054
3093
7774
2434
8793
1430
873
189
1633
3
33
14
2:4
154
26
39
1
12
70
18
31816
9205
210
16
999
900
194
1409827800
199:0
1
297:0
9
0
2428
-2433
383
-190
-187
103
11
-120
5
186
-186
207
-6
-80
116
-242
3
89
-92
5
102
-105
3
-6
3
183
58
-110
-127
81
-84
-2
137
-86
37
-90
4
50
-53
0
890
-889
5
823
-829
63
114
410
-460
-127
1
-2
668
-668
154
-148
477
-365
-117
-1
92
-90
124
-126
3
-1
142
-143
6
60773
-60718
14653
-14714
75
-75
2
4
-6
873
-812
-59
702
-703
0
1
2
-5
96
118
-213
2
2:1
3350
-3354
1669
-1667
-2
6
-5
5
2404
-2206
-200
47
21937
-21983
133
-132
-5
56
-57
181
952
-1130
-2
112
240
-350
11974
-9464
3086
-5434
-163
2286
-2289
0
103
-97
114
-119
776
-702
-75
756
-690
-5
-58
3
149
-148
76
459
678
-989
-228
-1
-2
3
90
-41
104
6396
-6410
-140
56
51
651
-701
-54
1
22992
-22991
58
29
-89
327
-328
125
129
-257
1
-2
0
7
424
-429
-1
16869
-16781
115
1257
-1460
9249
-9245
-3
-2
102
113
-213
495
-495
54
606
-577
441
-520
365
-373
3:0
2
17
-19
-1
14
19
-13
-20
1
0
52
-52
2
-1
1
0
2:-1
0
54
-52
27
-29
2:0
20
-20
-1
1
0
2
-2
1
15
-14
-2
18
-18
4:0
20
-19
-1
0
26
18
-44
0
34
-32
-2
45
-46
19
-18
2
-2
1
-1
1
-1
2:0
1
50
-51
0
1
40
-41
0
1
43
-43
-1
2:1
-2
2
-1
-2
3
-1
0
33
10
-44
1
31
-30
-2
30
-29
30
16
-45
11
-14
0
2
17
-18
22
-21
-1
3:0
29
-29
2:0
13
-13
1
37
-20
13
-30
-1
1
-1
1
-1
43
-43
18
17
-34
-1
1
-1
3:0
54
-53
24
-23
48
-31
20
-39
1
11
-12
2
-3
1
13
-11
-1
13
-3
1
2:2
-15
0
-1
1
47
-47
2:-1
0
23
-22
52
-51
27
5
-33
28
-27
21
-22
1
23
1
-25
11
32
-32
2
-12
-1
2
-2
2:0
1
-2
2
-1
0
-1
2
-1
2
2:-1
11
20
-31
1
-1
12
-12
-1
23
-1
33
-54
26
-26
2:0
-1
1
2
26
-27
0
20
-20
32
-31
10
-13
12
-10
15
-15
38
0
-39
12
-12
2
-3
1
20
-19
10
-11
0
15
-13
-3
42
-22
24
-42
25
-25
-1
24
25
-47
-2
27
-27
0
23
-23
0
24
-24
16
-17
26
-24
0
1
-2
12
18
-28
30
-32
12
-11
14
-2
-13
1
0
24
3
-27
13
2:1
35
-36
4
5
-9
0
2
-2
0
7
-6
-1
0
8
-7
-1
0
2
2:-1
5:0
11
-4
-7
2:3
-6
1
-1
2
8
-10
1
0
-1
1
-1
5:0
1
3
-4
1
2:0
-1
0
9
-4
-5
7
-5
-2
5
-5
6
-6
2:0
36
-36
2
802
-801
47
-49
-1
2
-2
5
-3
3
14
-19
9
-9
1
0
-1
0
7
0
-6
-1
0
2
134
-136
67
-67
3:0
1
95
-87
-9
1
168
-168
15
-16
2
-2
0
12
39
-50
-1
11
0
-7
191
-141
101
-131
-24
13
-12
1
3
0
-3
-1
60
-60
0
50
-46
3
-6
-1
2:0
30
49
-72
3
-11
1
-1
2
1
6
-2
18
-20
-5
2
4
84
-88
2:-1
127
-127
3
-2
2
-2
1
3
1
-6
2:0
1
0
1
2:-1
239
-238
-1
99
-99
83
-82
3
-4
21
0
-21
2:0
2
-1
3
45
-47
27
-29
4:0
1
-1
2:0
2
-2
5:0
1
-1
0
2
-2
2:0
1
-1
4:0
1
-1
6:0
1
-1
7:0
1
-1
2:0
1
2
-3
0
3
-3
0
3
-3
3
-3
12:0
1
6
-7
2:0
22
-21
-1
9:0
10
-10
0
1
18
-18
-1
8
-8
9
-5
-4
2
-2
2:0
2
-2
3
-3
4:0
3
-3
2:0
1
-1
1
2
-2
0
-1
0
1
-1
0
1
0
-1
4
0
-4
6:0
5
-5
2
-2
5
-4
-1
2:0
2
-2
1
-1
0
2
-2
0
1
-1
4
1
4
-8
-1
2:0
5
-5
3:0
7
-7
4
-4
4
2:-2
1
-1
7
-7
2:0
1
-1
4
-3
3
0
-4
5:0
1
-1
6:0
1
-1
0
1
0
-1
0
1
0
-1
0
3
-2
13
-14
3
-3
5:0
9
-8
0
1
-1
3
-3
-1
0
1
-1
5
-5
0
4
-4
1
-1
3:0
1
0
1
-2
0
1
-1
0
1
3
12
-16
3:0
7
-3
-4
2:0
4
-4
1
-1
0
2
-2
4
-4
4
-4
0
2
-2
0
2
-2
6
-6
3
-2
0
2
-3
3:0
1
-1
8
end
