v1
900
1188
41
191
48
615
552
57
56
7
15
28
48
0
777
612
140
56
384
152
295
358
15
154
26
136
24
111
34
391
10
194
266
41
160
275
22
563
634
502
257
87
175
257
79
1353
12
34
112
13
431
90
304
100
442
126
78
135
69
57
0
511
298
241
451
339
213
68
28
93
651
158
236
275
826
51
286
8
109
476
27
29
51
32
43
19
50
46
5
14
134
118
82
74
73
50
65
38
74
245
381
66
173
4
116
678
71
304
10
33
6
29
87
284
54
121
141
85
101
41
259
433
116
13
312
299
10
35
3
66
17
70
229
41
423
1088
199
102
93
423
111
367
1
75
50
325
318
337
258
33
176
56
208
19
107
7
8
147
30
10
393
125
214
353
20
184
360
92
175
17
53
121
8
42
1
86
62
215
22
29
38
100
54
47
61
127
20
88
86
67
59
5
23
198
33
118
106
119
326
218
34
31221
272
5
22
9
208
29
22
24
51
154
19
76
8
58
54
36
8
22
1152
179
71
184
47
9
3301
2211
328
1553
5140
8690
2126
12405
793
9128
4446
3
2
8091
3708
8584
2
1433
106829
13098
3544
1
7741
73
9417
32379
42
18
4
26
242
32
53
36
5
9635
26416
19477
2
7
157
9
27
18
57
162
27
13
10
2
11
3
814
22
21048
3093
13459
6972
539
523
665
436
532
2
3
50
150
2
31
40
91
10
42370
933
36
-461296
94
42
491
297
1
14
166
1
59
213
26
216
0
92
82
54
84
49
65
424
65
12
48
205
235
398
136
229
26
7
392
53
425
239
70
32
28
102
72
8
775
120
6
146
113
209
43
75
19
461
260
339
156
54
51
35
234
25
142
23
34
76
29
108
291
100
110
53
81
301
2:196
61
32
242
45
62
37
30
29
8
328
73
106
87
480
155
124
742
0
252
88
100
110
144
9
330
359
24
18
0
147
92
30
58
4
225
244
7
372
411
27
22
108
531
171
214
15
28
50
64
98
294
152
381
73
0
59
220
102
16
7
171
4
132
68
11
0
4
8
3
82
11
120
16
14
88
213
19
6
53
55
56
16
18
20
144
143
421
79
353
78
159
141
123
138
70
145
59
12
2:0
163
96
390
420
111
58
149
272
171
254
17
147
40
141
32
67
69
181
252
71
93
153
54
12
132
43
301
190
689
12
322
55
50
72
43
25
1
42
115
165
22
131
10
312
122
282
252
8
5
321
45
167
11
42
53
37
0
11
84
0
67
4
43
117
4
319
125
138
494
142
2
103
316
0
101
497
0
24
19
15
11
178
316
47
31
22
45
0
58
117
260
102
5
242
99
0
96
16
251
0
53
102
281
31399
7
2
8
64
16
145
4
79
3
7
4
3
54
38
23
66
262
1102
140
79
103
194
324
2682
4755
26456
1586
5
1615
1211
3663
423
2185
1741
3530
10
8068
7
3
20
2791
14
0
4306
983
1014
14
3132
1
24
4987
494
115874
0
5279
5981
51
32708
9066
58
108
134
40
73
96
11033
43632
731
0
323
17
30
22
12
8
16
52
104
9
35
4
8
31
3
706
29
125
17523
7753
9030
8555
403
82
2056
132
1699
2:1
5
20
21
1
117
69
28
43
29
34
30303
1513
8742
58
631
0
172
36
389
402
56
666
23
246
171
-461276
31
19
43
287
509
401
197
392
141
173
3
286
446
409
140
176
25
94
351
14
41
593
441
266
41
317
44
63
2:20
1355
968
142
203
395
229
132
12
458
73
26
273
198
141
26
683
29
7
279
373
526
44
875
159
0
639
630
469
388
2:244
209
1436
174
48
107
22
89
243
180
35
398
21
111
2:28
53
33
54
165
278
60
329
115
187
221
434
663
20
545
385
52
41
97
589
456
258
52
562
232
41
459
22
140
281
116
46
685
175
789
342
411
109
562
41
300
31
508
162
740
38
136
303
156
219
220
56
2
472
196
561
107
85
38
77
126
31463
365
30
151
1184
113
9
60
45
349
1
7492
5825
6931
1092
23243
2155
1297
2226
12757
2457
5159
2
12
144799
29708
22
81
88
195
56
55401
369
140
16
51
16
830
27
42367
3
2162
1183
1649
43
3
11
65
21
4
52
20
2
13
15
59
41948
281
348
11
503
223
95
1409796600
299:0
1
399:0
1
199:0
30
1888
-1897
22
3986
-3286
-141
809
745
-2132
42
-25
-6
194
-204
253
-37
-177
51
-84
291
-249
-41
27
107
-70
5
-80
25
2:-11
13
38
-26
-15
90
-46
-9
315
-316
-40
402
-409
-2
882
-810
160
-232
204
-191
-7
52
57
4493
-4601
3
195
-166
-14
-10
686
-692
7
335
-344
-4
619
-322
-59
115
-353
538
-235
-222
-34
-41
79
14
-86
405
-258
-158
424
-421
3
-9
15
-17
3
61
-8
277
-312
175
-165
74
-6
-95
161
478
-627
-6
-9
49
19
207
-260
93856
-93866
4741
-4680
131
-117
-76
284
-47
-241
15
192
-202
36
267
-298
47
13
-64
6
334
-347
354
-328
148
-36
-136
167
-168
98
-95
27
23
92
10825
-10296
-619
-30
55
59
-108
2:-9
-6
2428
-2411
276
908
-1073
15508
-15185
-356
428
-478
-36
-6
346
204
-546
20
45
-74
150
-140
3136
-3141
26
41
100
3227
-3392
569
-466
1614
24558
-26031
4645
-4878
77
337
-357
-71
14262
-13910
1914
-1621
-652
72
-65
15
-22
11
3847
-3768
-37
2581
-2547
-77
-11
1
135
86
8012
-8224
425
-430
1
27
121
1350
-1134
-301
-71
320
-300
80
-98
108
-87
929
737
-1533
-122
-21
3413
-2018
-1383
-7
1391
-1379
6300
-6311
12
-8
28432
-28429
83
-105
-2
141
361
-38
-301
-147
-14
7
12213
-12221
24
49
-71
412
10618
-11030
-3
172
-138
3656
28841
-32529
165
616
-645
163
-272
33
-47
121
453
-427
-120
110
-128
-22
-1
30
937
-958
57
-68
5
28
-24
-8
20
-5
254
-256
293
3205
-3509
183
-107
-97
7
-6
5
-5
-1
9
-8
-1
11
-9
0
-1
1
5
2:-2
-1
0
3
2
-5
12
-9
-3
5
-2
1
-4
2
-1
-3
2:1
0
4
-6
4
-3
8
-1
-7
14
-10
-2
7
-1
-9
14
-11
2:0
7
-9
-1
3
1
-3
4
8
-13
4
-3
1
10
-8
-1
2
-4
1
7
8
-5
-10
1
8
4
-10
-4
5
-2
-3
15
-12
11
-10
-4
2:4
-1
1
-8
2:1
0
-2
3:0
7
-5
-3
0
10
-8
11
-12
3
5
-4
8
-7
-2
0
-3
0
-1
2
-2
9
0
-9
4
-1
-3
6
-5
3
-1
0
-1
3
9
-5
-9
12
-10
-1
1
6
-5
2:7
-3
-12
2
1
-2
-3
14
-14
1
-1
2
0
4
8
-1
-12
4
-2
-3
4
-3
-1
5
-2
-3
1
0
14
-4
4
-13
9
-5
-3
0
3
2
1
-8
10
-8
-3
1
8
-3
10
-16
1
-1
2
9
-7
7
4
-1
-5
-8
-1
9
3
-5
-2
8
-10
0
-3
5
0
10
-3
-11
10
-9
3
-2
1
9
-11
9
-10
2
1
0
8
-6
1
6
-12
0
1
0
8
-5
2
-4
8
-10
-1
2
3
1
-1
-4
1
2:3
0
-6
2
-4
2
0
7
0
-3
-6
8
0
5
2:-6
0
13
1
-14
2
9
-11
7
0
-6
5
-1
-2
3
-5
12
-8
-6
4
-3
9
5
-8
-2
6
-10
0
9
-7
2:-1
9
-1
2:-4
1
8
-3
-2
-1
-4
6
-5
-1
1
6
9
-8
-7
2:0
9
1
-11
8
2:0
-8
3
-2
4
1
0
-6
2
7
-2
-7
7
-7
8
4
-10
0
3
-4
13
-12
3
-2
5
0
7
-11
-2
0
1
3
-3
13
-14
5
-2
-3
-2
2:4
-5
3
-4
-2
7
-5
11
-1
2:-5
-2
11
2
-10
6
-8
2
-3
2
5
1
-3
-4
15
-11
-2
2:0
9
-5
1
-3
-5
16
-6
-3
-7
1
5
-6
-1
1
-1
7:0
1
-2
2
0
-1
2:0
1
-1
0
1
-1
3:0
-1
1
2:0
1
-1
0
-1
2
-1
2:0
1
-2
2
-1
1
2:-1
2
-2
1
0
1
-1
0
1
-1
2:0
1
-1
3:0
1
0
-1
3:0
1
-1
3:0
1
2:-1
2
-1
0
-1
2
-1
3:0
1
-1
0
-1
1
-1
1
7:0
1
0
-1
2:0
-1
2
-2
2:1
0
-1
0
1
2:0
2:-1
1
4:0
1
-2
0
1
7:0
1
0
-1
1
2:-1
0
1
-1
1
4:0
-1
1
4:0
-1
2:1
2:-1
2
-1
0
1
-2
0
2
2:0
-1
1
0
-1
2:0
1
-1
0
1
0
-1
0
1
0
-1
2:0
1
0
-1
1
-1
1
-1
2:0
1
0
-1
3:0
-1
1
9
-4
1
87
-92
14
7
-20
3
-2
-3
0
12
-9
-1
-2
0
4
-4
3:0
1
-1
0
9
-9
9
-4
-3
1
3
-6
3
-3
0
2
29
-23
-7
20
-16
-3
-2
3:0
19
-12
-7
0
9
-2
-3
-4
7
1
-6
0
-1
0
2:1
-2
-1
2
-1
0
17
-17
50
-34
-15
-1
2
47
-49
5
-4
12
-9
31
-34
2:0
21
-20
-3
13
14
20
-44
-2
7
0
-5
2
6
-9
2:0
-2
1
-1
49
-47
1442
-1441
105
-107
37
-21
-15
10
-6
-1
5
-10
10
2
-9
-2
5
12
-14
-4
124
-121
2
4
3
-6
-5
19
-19
21
-20
1
8
-2
405
-359
-46
-8
-1
0
4
1
-3
3
99
-94
17
-19
-6
185
-186
5
38
-44
5
-3
19
-12
-7
9
-2
-9
9
-2
80
-87
4
10
-14
7
-5
17
-13
47
361
-359
110
-162
3
7
-13
5
578
-533
-3
-32
-4
-9
-1
12
-9
3
244
-251
1
131
-123
0
-9
1
-1
0
22
-18
67
-66
1
-2
18
207
-215
-4
-10
10
-4
2
-5
-3
4
46
-18
-12
-13
-5
87
-62
-27
3
-3
16
266
-272
-6
3
181
-184
10
-8
-1
14
-18
11
-5
-6
0
-1
16
-15
1
4
-2
5
383
-389
-3
0
2
119
88
-195
-12
68
-35
42
-71
7
-7
2:6
-16
2:0
10
-11
-1
8
7
-6
3
-9
2
2:-1
-3
0
4
21
-16
18
480
-505
47
-18
-31
1
-1
4:0
1
-1
3
0
-3
4:0
3
-3
17:0
1
-1
1
-1
3
-1
-2
2
-2
2:0
1
-1
6
-6
0
1
-1
5:0
1
-1
2:0
2
-2
1
-1
5:0
2
2:-1
2
0
2
-4
2:0
1
0
-1
0
3
-2
-1
10:0
1
-1
1
-1
0
1
0
-1
2:0
1
-1
0
2
-2
0
1
-1
5:0
1
-1
5:0
3
-2
-1
0
2:1
-2
0
2
2:-1
3:0
2
1
-3
2:0
1
-1
1
0
-1
0
1
-1
0
1
0
3
-4
2
-2
9:0
4
-1
2
-5
3
-2
-1
0
2
2:-1
0
5
-4
-1
0
1
-1
3
-3
3:0
3
-3
2
3
-4
-1
2:0
1
2:0
2
-2
-1
1
-1
0
3
-1
-2
0
2
-2
2:0
1
-1
3:0
1
2
-3
5
-3
2
0
-4
0
1
0
1
-2
4
-4
2
-2
2:0
1
-1
4
-4
0
1
2
0
-3
2
-2
2:0
7
-2
-5
0
1
0
-1
3:0
5
-5
1
2:0
-1
1
3:0
-1
0
8
-8
0
2
-2
2
-2
2:1
-2
0
1
-1
0
2
-2
2:0
3
-2
0
-1
2:0
1
-1
1
-1
2:0
1
2:0
12
-12
-1
0
2
2:-1
0
1
0
3
-4
3
-3
3
-3
1
-1
0
2:1
-2
1
-1
3:0
2:1
0
1
-3
0
2:1
0
5
-7
0
1
-1
2:0
3
-3
6:0
7
-6
-1
0
3
-2
0
-1
1
3
-4
1
2
-2
0
1
-2
2:0
1
-1
2:0
2
-2
3
-3
0
2
1
-2
-1
2:0
1
-1
2:0
1
-1
2:0
1
0
-1
4:0
1
-1
36:0
1
-1
25:0
1
-1
27:0
1
-1
2:0
1
-1
22:0
1
-1
33:0
2
-2
3:0
1
-1
0
1
-1
23:0
end
