v1
892
743
486
239
615
552
28
29
56
7
15
76
70
701
6
612
140
592
295
358
15
451
425
10
216
43
75
167
160
0
275
22
116
447
634
502
257
20
67
175
257
275
1053
104
12
34
112
13
431
90
404
388
54
204
135
69
57
511
298
180
61
451
214
125
213
41
27
121
218
433
394
275
826
51
286
8
109
288
178
10
27
29
51
32
43
12
7
96
16
137
118
82
74
59
14
50
65
38
74
245
381
65
1
177
116
225
524
314
0
39
116
284
54
121
141
186
41
259
146
287
116
13
312
299
45
3
83
70
229
41
423
1088
301
83
10
417
6
111
367
1
75
50
325
318
337
4
254
33
176
56
208
19
107
7
8
147
30
10
393
125
214
373
184
360
92
175
70
121
8
42
1
2:43
277
22
29
38
100
54
47
61
95
32
20
88
86
67
59
5
23
198
33
115
3
106
119
75
159
92
252
92
31401
5
22
9
208
29
22
24
7
44
173
76
8
58
54
36
8
22
0
1152
68
92
19
71
184
47
5521
328
1553
668
4472
8690
2126
12405
10846
3521
3
2
11799
943
7641
2
1433
106829
13098
3544
1
7741
73
9417
32310
69
42
18
4
26
242
32
53
36
5
9635
45893
2
7
157
7
2
27
18
34
23
53
109
27
13
10
2
11
3
814
21070
23524
539
523
665
436
532
2
8
45
3
180
131
9
1
41246
1124
933
36
-461296
88
6
42
332
456
15
38
62
67
57
2
139
316
126
48
54
2:42
49
37
452
48
17
35
25
87
353
398
132
233
26
7
29
119
67
177
43
674
102
28
102
72
8
447
293
12
67
76
6
146
346
220
176
178
47
552
156
105
35
234
25
165
86
53
108
291
95
5
110
134
75
226
196
121
0
136
32
85
98
59
45
62
37
59
8
314
2:14
252
161
2:7
305
155
74
23
526
423
160
100
93
17
144
698
24
0
18
128
19
92
88
37
192
251
205
222
81
247
28
27
22
108
46
343
527
43
50
64
392
152
49
288
44
73
59
196
24
1
51
39
34
175
132
38
41
4
8
3
23
8
48
3
14
117
30
0
88
19
5
189
25
53
55
18
54
18
20
144
115
382
146
95
336
159
264
119
19
70
204
2
10
0
33
226
390
191
229
111
58
421
171
254
17
24
123
176
5
32
67
573
93
153
12
42
12
132
43
59
242
692
162
25
274
60
55
122
43
25
1
42
115
165
153
10
312
589
44
36
0
321
10
35
94
52
38
36
53
37
11
84
67
4
43
117
4
109
210
125
138
456
2
36
45
97
2
103
316
139
483
19
26
178
316
47
59
39
175
138
122
102
5
341
112
142
11
151
102
41
12
45
15
42
69
32
31424
7
0
10
64
16
145
83
5
66
61
66
30
69
20
143
1065
37
69
150
103
194
324
2682
7506
9647
14058
1586
5
1615
5297
3001
4455
8051
27
9
1
2811
10
4
1840
2457
9
983
4160
1
6
18
5481
127134
38287
3623
23
58
134
40
73
12
11117
43632
731
50
82
208
30
58
156
9
35
9
6
28
709
29
82
7941
16200
1178
9030
7980
575
403
82
826
1362
97
1598
4
7
2:20
1
45
50
23
32
0
37
11
20
15
79
4
30308
1513
8800
839
467
78
215
31
56
249
23
834
-461442
196
20
43
0
310
56
558
64
191
21
23
171
361
172
47
126
863
597
25
529
715
290
266
358
44
83
589
118
356
312
148
88
52
32
648
142
112
715
144
458
99
273
198
875
266
62
789
72
268
316
335
159
0
110
679
53
427
456
10
3
632
419
171
1369
152
122
57
355
76
31
108
77
59
189
21
111
2:28
53
227
93
92
178
274
55
142
381
245
118
71
137
10
96
420
565
385
93
97
216
109
264
714
52
502
60
227
46
621
397
731
175
89
0
93
764
213
492
72
231
218
129
253
31
425
83
318
546
458
57
156
219
220
58
55
397
683
94
137
31761
167
226
32
1425
78
27
349
5973
1520
358
5467
8023
4805
18438
5692
8075
7608
1537
13
3128
5003
116368
3074
8288
32657
9210
158
147
83
55374
40
299
52
118
67
16
44
3
783
27
22
133
47164
6
82
14
99
65
28
39
41878
1551
1409799000
299:0
1
399:0
1
191:0
16
195
-191
3794
-3040
-758
341
1472
305
-2115
17
-5
55
132
-194
292
-209
-46
272
-250
-4
-19
-43
331
-331
-1
55
-33
1
-8
77
-71
37
4
629
-630
599
-619
49
-59
-31
2
937
-870
161
-231
146
-115
-31
107
-94
2920
-2923
154
-125
-22
666
-665
50
17
513
-591
-1
0
32
572
-345
-263
163
420
-152
-383
2
-36
71
29
-56
-53
25
442
-338
-114
117
-134
-4
20
-1
-15
41
43
154
-224
-12
257
-245
101
-117
5
159
460
-596
-10
-20
32
-25
235
-231
74431
-69954
-4303
-140
-37
39
208
72
-110
-197
32
-17
286
-301
114
-53
-67
350
-147
-196
71
74
-159
88
7
-98
24
-26
80
-15
-45
12504
-11865
-582
-65
59
167
-238
43
-9
2:-17
2621
-2596
167
-130
79
17243
-16919
-361
518
-586
-37
1882
-1696
-185
40
9
98
-112
2521
-2548
18
-12
74
3372
-3439
144
-75
1630
31906
-33317
6125
-6426
7
36
390
-342
-66
12271
-11958
291
-63
-576
2
56
-25
5
-19
-18
26
3283
-3296
66
2812
-2812
-38
-32
-9
136
156
-280
7002
-6388
-617
-4
44
41
1556
-1417
-207
0
-23
3
6
413
-421
72
-70
276
6308
-6425
515
-651
-5
5435
-4054
-1401
1413
-1387
7549
-7548
8
-10
26572
-26586
91
-101
2
43
477
-238
380
-666
21
42
-55
13055
-13058
22
65
-92
468
10105
-10552
129
-132
3278
31159
-34442
-3
149
667
-824
121
16
78
-198
33
-35
102
321
-192
-203
-21
15
1222
-1234
18
-41
3
37
-44
7
40
180
314
-313
2711
-2934
8
198
-129
-95
1
4
-2
1
-3
6
3
-10
-1
1
9
-8
0
5
-2
-3
-2
3
-2
1
3:0
-1
4
-2
2:4
-10
0
7
-7
1
-2
3
-3
3
-2
1
4
-4
5
-4
7
-6
5
0
2
-7
9
-10
5
-8
0
6
2
-8
3
2
-4
4
-1
9
-10
10
-7
-3
1
5
-8
-1
13
-4
-7
2:-1
2
7
-3
3
-2
-5
0
1
-3
1
12
-10
0
-3
0
13
-7
0
7
-12
1
8
-8
1
-3
1
2:0
6
0
-6
2
-3
10
3
-2
-7
6
-9
5
-1
5
-4
-1
2:-2
2
8
-9
1
8
-6
-3
-2
1
4
-4
3
-4
5
0
-2
-3
4
3
-7
7
-6
0
8
-5
9
-6
5
-8
-3
-1
6
1
0
-4
8
-11
2
-2
4
-2
2:0
3
2
5
-2
-10
1
10
-6
-5
4
0
-3
-1
1
3
9
-2
0
-7
3
-1
3
-2
3
1
-11
8
-7
1
-2
11
-3
-6
7
-8
10
-7
-4
2
4
6
-4
-5
-2
4
-3
7
-6
5
1
-4
0
-5
7
-3
4
3
-3
-5
0
-2
8
-2
0
-6
0
1
-2
0
6
-4
-1
10
-11
0
2
10
-3
-1
-7
3
9
-11
-1
1
8
-5
5
-10
8
-3
-4
0
1
-1
5
-3
6
3
-9
6
0
-4
-5
3
9
-8
-3
1
0
-1
5
-1
-4
1
-2
2
-2
2:2
7
-8
3
2
-7
6
-5
-2
1
12
-9
-3
-1
3
2:-1
1
3
1
-2
2
-4
9
-9
0
2
0
-4
6
-3
7
2:-5
11
-7
0
-4
5
-2
8
-9
7
-9
10
1
-11
4
-1
1
-4
4
-3
1
-1
1
10
-10
1
9
-7
0
-3
-1
0
3
0
5
-9
0
5
-2
1
-4
6
-6
2:5
2:-2
-3
6
-2
-7
0
5
7
-3
0
-8
2:1
-3
1
4
-4
0
4
-2
-3
4
-4
1
2
2:0
3
-6
0
3
5
4
-12
2
6
-8
-1
0
-1
2:1
-2
1
4:0
-1
1
2:0
1
-2
1
0
1
-2
1
0
-1
1
5:0
-1
0
1
2:0
1
0
-1
3:0
1
0
-1
9:0
1
-1
1
2:0
-1
2:0
1
-1
1
-1
0
1
-1
2:0
1
-1
0
-1
2:1
0
-2
0
1
-1
2
2:-1
1
4:0
1
-1
0
1
-1
4:0
-1
1
3:0
1
2:-1
2:1
-1
2:0
-1
1
-1
2:0
2:1
-1
1
-2
1
2:0
-1
2:0
1
-1
2
-1
3:0
-1
1
2:0
1
-1
0
1
2:-1
1
0
-1
1
3:0
1
2:-1
1
-1
1
-1
1
2:0
-1
2
-2
1
3:0
1
2:-1
2:1
0
-1
1
-2
1
3:0
-1
0
1
0
-1
2
-1
1
2:-1
3
7
-5
88
-90
-2
14
10
-22
2
-4
1
-1
13
-11
0
2
-4
0
1
4
3
-6
-1
0
1
3
-5
0
2
-2
3
-3
2
30
-22
-9
1
22
-18
-5
3
-4
3:0
18
-11
-7
9
-9
5
-5
8
-1
-6
2:0
-1
3
-2
-1
0
1
2
-1
1
-3
14
30
-35
-7
-1
0
48
-48
3
-3
5
-5
10
-4
28
-33
1
-1
20
-22
10
12
21
-40
-1
0
2:3
-6
2:5
-9
-1
1
-3
2:1
42
-39
1464
-1379
-54
-25
-9
8
-3
0
-7
9
-7
8
-7
-1
6
9
-17
118
-115
5
-3
6
-8
16
-2
-16
2
-3
7
9
-11
369
-328
-35
-11
0
2
-2
4
1
-5
2
104
-95
11
-14
-4
196
-199
8
38
-46
3
19
-13
-9
12
-3
-1
-6
82
-85
2:2
11
-8
-5
19
-16
48
345
-333
98
-163
3
0
6
-9
8
538
-494
-1
-35
-5
-11
2
1
6
-9
1
2
230
-233
1
131
-121
-5
-6
3:0
5
17
44
-61
-2
3
13
180
-186
-6
0
-7
5
-5
12
-5
-1
-3
42
-13
-17
-15
8
-6
88
-61
-21
-8
22
252
-270
-4
7
185
-188
12
-8
-5
7
-9
6
2:-3
1
0
1
14
-15
0
2
0
5
370
-376
-3
1
110
93
-194
4
-11
66
-68
29
-22
74
-78
10
-9
8
6
-18
1
7
3
2
-5
5
-11
2
0
-2
-3
2
14
6
-18
404
-404
-2
39
-2
-39
2:0
1
0
-1
5:0
3
-2
1
-2
3:0
1
-1
9:0
2
-2
0
1
-1
0
1
0
-1
2:0
1
-1
2
-2
3:0
1
0
-1
1
-1
2
-2
0
1
-1
1
-1
1
-1
2
2:-1
1
0
-1
2:0
1
-1
1
-1
1
-1
2:0
1
5
-6
1
3
-4
2:0
1
-1
4:0
2
-2
5:0
2
-2
5:0
1
2:0
-1
1
-1
2:0
1
-1
0
1
-1
2
-2
0
1
-1
4:0
1
0
-1
4:0
3
-2
-1
6:0
1
-1
3:0
4
-3
0
2
-3
2:0
1
0
-1
2:0
1
7:0
2
-3
2:0
1
-1
6:0
3
0
-2
0
-1
4
0
-4
0
2
-2
0
1
-1
2:0
2
2:-1
1
-1
2
-2
0
1
4
-5
5:0
1
-1
1
0
-1
1
-1
1
-1
2
-2
2
-2
0
1
6
-7
0
1
-1
5:0
1
2
-3
0
1
-1
0
3
-3
0
4
-4
0
2
2:-1
3:0
5
-5
1
-1
1
2:0
7
-5
-3
1
-1
2:0
1
4
-4
-1
1
-1
6:0
2
-2
2:0
8
-8
0
2
-1
3
-4
2:0
2
-2
7:0
1
0
-1
2:0
2:1
-2
4
-4
2:0
1
0
-1
1
5
-5
0
-1
3:0
2
-2
4
-3
-1
1
-1
4:0
2
-1
0
1
2:-1
2
2:-1
3:0
1
-1
0
2
2:-1
0
14
-14
1
-1
2:1
2:-1
2:0
2
-2
0
2:1
-1
0
1
-2
2:0
1
-1
1
3:0
-1
2
-2
2:0
4
-4
4:0
3
-1
-2
0
1
-1
3:0
1
-1
4:0
1
-1
24:0
1
0
-1
0
1
-1
61:0
1
-1
3:0
1
-1
1
-1
30:0
1
-1
17:0
1
-1
1
-1
3:0
1
-1
4:0
1
-1
1
-1
14:0
end
