v1
748
55
242
932
52
187
237
378
0
110
442
57
56
22
28
99
19
707
324
0
186
58
44
5
135
56
536
74
15
50
20
32
130
72
46
214
195
271
34
67
30
46
106
46
96
10
136
80
118
167
27
430
63
53
95
244
61
95
20
8
0
371
165
22
117
108
47
0
230
109
115
0
33
7
80
69
106
257
79
57
139
155
0
23
98
59
45
245
180
217
31
87
17
171
297
134
285
209
355
87
126
213
69
22
35
587
105
223
128
7
310
17
39
424
143
111
27
0
28
81
0
12
235
376
29
4
7
300
94
106
169
16
376
81
293
60
51
44
242
8
24
85
295
116
92
29
45
6
19
13
38
24
6
2
8
33
1
46
2
17
7
110
13
4
13
52
45
8
73
9
12
42
12
8
45
41
19
18
35
30
41
16
38
17
73
54
27
62
29
85
296
66
78
215
94
131
150
10
254
110
304
10
0
33
6
29
87
284
54
121
141
85
48
53
41
256
3
151
282
129
79
233
299
10
5
18
13
2
66
17
70
229
41
309
114
93
5
182
9
1
40
758
15
170
14
102
76
7
281
96
50
6
109
2
24
48
109
56
130
1
0
75
50
215
360
157
143
86
11
8
12
246
33
92
94
40
6
27
11
42
53
75
19
107
2
5
8
147
2:0
30
10
283
57
39
14
125
214
108
162
2
36
0
45
20
184
452
175
0
17
53
121
8
43
74
12
277
23
22
6
38
100
54
0
47
53
8
147
88
153
59
5
23
104
94
63
85
99
10
119
180
146
84
92
41
35
31498
0
10
12
9
43
112
49
15
18
42
11
44
85
69
19
76
8
58
54
36
0
8
22
12
1319
71
184
47
9
3301
2211
328
1553
668
4472
10816
1878
10527
3
1620
1211
6271
816
925
3524
2
0
8082
10
3707
958
1533
923
10
474
1523
27
3119
19
5
1
1427
106829
13098
1
3543
1
7716
25
73
9417
32310
0
58
11
42
18
4
268
12
20
72
17
5
0
5
9630
45012
731
41
118
157
7
0
2
0
9
2:18
57
53
109
27
12
1
8
4
11
2
1
725
105
6
114
20934
3093
10208
8555
238
203
1227
539
334
189
665
0
968
2
3
11
20
18
2
2:1
96
53
31
6
34
91
4
5
1
31815
9431
384
671
69
39
153
268
473
36
-461400
556
797
31
24
0
74
26
216
82
265
51
28
170
776
2:152
551
248
171
285
565
234
98
67
621
415
3
6
39
18
28
0
220
214
218
115
477
237
228
13
185
582
61
37
94
169
42
116
122
8
173
299
438
9
646
30
43
375
189
1198
112
26
197
131
138
60
55
180
192
86
384
202
130
131
119
424
333
167
187
571
72
320
606
134
247
16
12
67
103
10
224
15
190
356
12
149
156
160
377
250
431
748
0
170
199
280
183
82
104
54
315
43
59
39
89
467
636
673
257
650
439
29
56
566
433
322
315
658
146
0
56
6
2
162
171
155
198
569
287
168
362
60
452
137
0
8
2
35
46
527
31
30
37
636
33
203
42
101
72
11
8
31
32
160
30
42
38
20
14
83
125
1
31401
7
184
53
0
13
59
24
35
57
1593
182
150
7805
660
1405
686
2716
8399
1048
4915
9003
5704
5221
1274
1384
10
8075
2
2812
14
4294
995
4165
2
108046
24685
38189
2624
1029
51
59
61
14
186
55504
74
233
55
125
21
39
20
56
701
196
42215
693
367
2189
638
519
631
0
79
24
10
43
20
15
85
30306
10077
205
2823
1409637000
499:0
1
247:0
49
-41
19
-14
18
-26
2004
-2005
26
1104
-782
361
-698
-10
-2
61
165
-223
0
4
-6
4
1
22
-27
177
-173
2
-4
2
7
-10
1
3
284
-288
192
-171
-19
-4
10
661
-667
1090
-1073
-8
1135
-1140
148
-146
86
-91
7
5
2
-14
497
-499
2:0
2
-4
40
-32
53
-54
3
555
-565
27
-5
69
-92
95
66
-66
-72
-15
17
-14
-8
0
13
43
-42
-10
41
-47
2
4
-6
56
193
-250
837
-807
170
-178
49
4175
-4197
-40
-5
36
-36
-1
1
-2
56
126
-172
-10
22
-19
35
-37
-1
826
-820
0
12
-9
1
10
-11
415
-419
502
-508
61
-57
4
-6
109
-89
133
-154
-2
53
-52
78
-78
61
-46
53
-32
-13
-21
69
-53
16
-24
-6
-3
1
4
13
-17
50
-52
-1
7
47
-4
-31
-17
71
-72
288
-286
-2
0
41
-38
2
7
-11
36
40
-66
-10
6
67
-67
-4
3
-2
49
-53
8
24
-28
136
-135
4
-10
697
-682
105
78
-198
66119
-65587
4426
-4902
160
-195
-5
19
254
-287
10
3
95
-40
-67
3
302
-300
-1
8105
-7990
-120
2
1
18
153
-164
4
3
30
32
-80
6
8
-13
12
-12
3
-1
109
-111
2
-4
69
-68
0
1
8
-9
71
-60
39
-47
231
-223
-6
46
-45
3984
-3090
-868
-29
2:2
327
-334
2
7
-5
25
10
-36
-2
19
11
-5
-26
9
-9
1425
-1404
225
-235
13
111
-128
14754
-14754
-6
24
-22
84
-85
224
-153
-65
0
8
-6
-8
0
328
-164
22
-124
-61
41
-43
17
4
2727
-2716
-23
31
-40
-1
6
162
-105
300
8682
-9044
154
-155
2301
-2075
-81
-136
7468
-7262
446
-654
886
-893
5
4
575
-533
-51
44
-42
1
-3
2139
-2139
3503
-3498
77
-26
-51
-6
7
-7
2
243
-152
37
-109
14
186
-212
33
-38
118
-121
1595
-1214
-320
-61
227
-169
-57
68
-66
8
297
977
-1230
557
-582
3190
-3216
812
-813
0
347
-345
27
-30
31
2638
-2671
12
-12
10
28
-34
-5
10
-5
9
-11
-1
11539
-11508
-32
33
31
4
-65
1
77
-52
477
-472
5
-37
-1
50
54
-69
-32
475
-469
38
482
-530
70
15675
-15741
-5
18
40
-54
6
565
9808
-10377
3
19
-1
-26
77
34
-74
14
164
-129
-86
12
-12
21
87
-87
-16
5
-10
6
-7
36
-35
8
19
-28
14
178
-184
-7
29
26
-55
9
31
-10
-28
-3
3
1
-3
102
-99
0
56
-55
17
341
-308
-33
4720
-4742
15
-9
-5
20
38
-58
1555
-1100
-308
-151
3:1
2:-1
0
-1
1
2
2:-1
0
1
-1
0
2
-2
3:0
1
-1
0
1
2:0
-1
1
-1
0
1
0
-1
1
-1
1
-1
2
0
-2
3:0
2
0
-2
1
-1
1
-1
0
1
0
-1
0
-1
2
1
-2
2
-2
2:0
1
-1
0
2
-2
0
-1
3
-2
2:1
0
2:-1
2:0
1
-1
0
1
0
2:-1
1
2:0
1
-2
2
1
-2
2:0
1
-1
2
2:-1
1
2:-1
1
3:0
2
-1
0
-1
2:1
-2
2:0
1
-1
1
-1
0
2:1
-2
2
2:-1
0
1
0
-1
2
0
-2
4:0
1
-2
1
2:0
1
0
-2
1
4:0
2
-3
2
2:-1
1
3:0
2
0
-2
-1
3
0
-2
1
0
-1
1
0
-2
3
-3
1
2:0
1
2:-1
3
-1
0
-1
2:0
2
-2
2:1
-1
-2
2:1
-1
0
1
-1
2
-2
1
2:0
-1
0
1
-1
0
2:1
-2
2:0
2
0
2:-1
2:0
2
-2
-1
2
-1
2
0
-2
2
-1
3:0
1
-2
0
2
-2
1
-1
2
0
-2
0
1
0
2
0
1
-2
6
-6
71
-71
0
2
2:4
-6
-4
0
2
10
-11
0
-1
0
1
-1
2:0
6
-6
1
-1
0
2
-1
2:0
1
-2
4
-3
0
-1
2
-2
0
5
-4
0
2
-3
6
-6
2:0
3
-3
2:0
2
-2
2:0
1
-1
5
-5
5
-5
0
31
-31
2:0
3
-3
3
-3
15
-13
2:-1
2
-2
0
1
2:0
1
2:-1
0
1
-1
1
12
-12
7
-8
8
-8
7
-5
1
0
-3
1
-1
3:0
4
-4
1
-1
2
-2
0
1
0
-1
3:0
3
-3
1
-1
7
-7
20
-20
10
-10
1
-1
0
2:1
-2
0
14
-14
1
2:0
2:2
-2
-1
1
13
-16
2
-2
1
-1
1
0
15
-14
0
-2
2:0
11
-10
-1
0
16
-15
21
-22
2:0
3
-2
-1
1
0
-1
5
-3
0
-1
2
-3
1
-1
0
10
-10
0
7
-5
3
-5
1
-1
1
-1
33
-30
-2
980
-978
68
-71
17
-13
-2
6
-2
-4
-2
2
-2
2
1
-2
7
-6
-2
13
-1
-11
0
-1
1
33
-34
0
2
1
6
-8
2:1
-3
3
-3
0
2
13
-15
2:0
10
-10
2:0
3
-2
8
-8
6
-7
2:1
-2
6
-5
225
-190
-33
-3
0
1
-1
3
-3
1
-1
3
0
-3
1
-1
5
-1
-4
4
-4
97
-87
1
-10
4
-3
0
150
-150
-1
3
2:-2
0
18
-18
1
-1
5
-4
-1
0
2
13
-10
2
-7
6
-6
3
0
64
-59
-7
4
-4
-1
0
14
-10
34
220
-255
19
-21
75
-71
2
-3
257
-228
2
-33
12
-14
2:0
4
5
-9
6
-5
0
-1
130
-127
96
-99
9
3:-3
2
-2
0
1
7
9
-15
3
52
-57
5
-5
15
-15
163
-142
-13
-8
8
0
-8
1
-1
2
25
-5
-12
-10
4
72
-76
16
-13
-2
0
-1
1
2
13
179
-195
1
-1
1
2:0
-1
5
-5
3
-3
3
149
-151
0
2
6
-8
0
2
9
-12
2
6
-5
-2
0
-1
7
-6
-1
14
-12
0
3
-3
6
305
-313
1
3
-3
0
1
70
93
-160
0
8
0
-13
1
37
-27
-10
42
-39
-2
6
-8
12
-4
-6
-2
18
-17
2:0
4
-4
1
2:-1
0
12
-11
1
6
0
-8
1
2
0
-3
2
-2
2:0
1
-1
1
15
-16
5
11
-16
4
331
-334
6
-7
2:1
-2
2:0
37
-7
-30
3:0
1
-1
4:0
1
-1
34:0
1
-1
0
1
-1
6:0
1
0
-1
20:0
1
-1
0
1
-1
7:0
1
-1
17:0
1
-1
3:0
1
-1
8:0
1
-1
6:0
3
-3
10:0
2
-2
5:0
1
-1
1
-1
10:0
1
-1
14:0
2
2:-1
12:0
1
-1
0
1
0
-1
0
1
-1
2:0
1
-1
6:0
1
-1
0
1
0
-1
4:0
1
0
-1
4:0
1
-1
6:0
2
-2
4:0
end
