v1
708
216
81
446
486
167
72
237
378
79
348
124
58
56
7
14
1
17
11
118
76
0
159
328
41
44
59
324
288
140
440
152
295
26
72
36
224
30
165
271
101
324
10
129
87
244
40
1
457
49
67
339
267
444
222
6
28
239
38
109
148
96
133
33
1
256
79
196
93
85
157
45
101
462
4
106
275
431
16
2
476
442
99
207
33
37
32
57
915
239
686
394
243
409
7
125
154
21
94
257
18
109
64
55
518
131
294
2:0
612
29
35
10
6
32
18
7
56
6
25
46
5
131
17
13
105
73
9
74
40
19
9
55
65
57
38
17
127
118
85
134
228
173
120
94
131
195
329
302
2
10
2:0
39
116
338
121
35
106
85
401
433
129
281
31
163
136
15
31
2
153
229
41
528
175
50
758
283
18
93
121
55
191
56
105
4
2
24
343
1
0
75
50
575
68
318
31
17
229
33
201
25
6
27
143
38
19
107
2
5
8
147
2:0
40
283
110
16
323
108
162
2
36
65
184
0
452
95
80
70
121
8
43
0
86
204
73
51
38
100
54
47
61
93
34
18
2
88
153
59
5
23
196
2
33
0
115
228
125
88
365
31498
0
22
9
204
4
29
53
44
85
69
19
4
72
8
58
54
36
8
22
1130
22
68
92
19
176
79
47
3310
2211
328
1553
5140
7580
1110
2126
12405
3
790
830
4874
3424
2229
2220
2
14
8075
2
3708
943
15
1533
0
920
13
474
4670
18
5
1
1427
106829
16642
1
7741
73
9417
32421
22
33
174
61
12
20
53
23
13
5
9635
45793
102
7
157
7
0
2
27
18
22
35
53
109
27
13
8
4
11
2
1
725
29
3641
17489
3093
1178
3878
5152
8555
238
1348
82
873
189
665
968
2
8
44
4
180
3
28
5
1
3
82
9
4
5
1
2
31813
9415
13
3
999
148
910
36
68
-461425
132
23
343
31
421
276
139
14
60
53
189
21
129
107
642
76
440
2
137
39
83
22
107
666
60
125
302
464
158
366
149
253
25
11
370
38
76
48
81
503
594
175
219
286
123
43
117
56
553
221
367
511
266
8
57
22
683
12
300
5
212
302
462
40
288
567
68
0
405
192
49
166
73
182
96
436
91
34
1
13
390
161
116
73
129
87
42
410
404
51
122
26
335
245
59
60
278
7
175
2
4
27
13
11
75
61
2:7
16
82
150
121
19
62
138
2:0
12
11
6
11
53
33
35
3
341
148
30
71
165
7
79
7
44
380
99
57
3
10
121
341
216
259
180
475
13
14
100
346
5
53
15
29
612
13
310
121
52
18
693
85
1
1201
102
71
2
3
7
322
79
26
221
170
169
50
0
6
159
490
65
12
248
143
195
45
84
62
2
72
185
67
2
162
49
0
333
52
691
159
274
16
10
156
4
38
191
123
145
2:37
268
207
14
13
34
53
45
435
102
5
2
451
92
119
80
13
39
21
42
80
18
65
61
32
10
0
15
31480
16
200
45
35
25
7
243
1087
470
43
3
62
3085
2884
3943
686
691
2025
18
1797
8352
23251
3530
17216
3146
17
121363
53132
97
15
346
55400
159
0
171
261
37
11
748
147
31872
4438
1247
5745
44
2285
1598
31
6
125
5
31
9
32
11
67
38
4
40394
140
1782
69
159
398
62
33
123
249
14938
1409851200
399:0
1
307:0
5
0
24
-4
2:-10
7
4569
-4573
133
-118
261
323
-562
-31
11
-18
16
9
-23
0
12
52
-7
-56
315
-301
30
-37
102
100
-196
-16
32
-32
378
-371
3
-10
0
79
-73
-8
2:2
4
18
100
-107
-6
15
-28
2:1
2
167
-170
343
-343
18
-16
-3
152
-151
10
-8
0
121
-108
54
-62
34
-41
-1
73
250
-140
-172
13
21
430
-472
-3
249
-218
29
73
-128
0
11
-11
-4
5
0
5
-11
1115
-954
-161
74
-65
413
-422
70
92
-160
122
-122
1617
-1602
-17
11
-4
76
257
-338
11
-7
-2
50
-54
4
163
-166
28
-24
628
-547
-86
254
-251
47
1221
-1271
10
-8
8
13
0
-23
59
17
-47
-20
-7
-2
517
-509
-3
103451
-103456
12
19144
-18998
-116
37
-80
31
-11
-14
23
-26
12
-10
-3
78
-71
-3
271
-90
-52
733
-865
-2
4
98
-90
83
-68
-7
-19
110
-104
-7
90
-63
-22
44
-37
15166
-6434
-8722
-22
1
14
161
-164
25
-15
-17
-4
2
-3
0
3148
-2965
106
-253
-21
173
54363
-54545
4
-5
85
73
-163
16
100
-97
-5
48
92
-146
2468
-2450
-22
52
-54
27
19222
-19248
4
3
21
17
1062
-1067
996
49125
-50092
2171
-2241
-1
16
362
-342
-19
12863
-12321
2172
-2651
108
-185
0
-1
19
-22
12
1794
-1801
3481
-3404
20
138
-238
-2
43
411
-195
-244
380
-373
-13
353
-339
56
1213
-1233
227
-280
404
-389
-21
75
-62
-12
108
214
-117
47
77
-299
-26
-4
3020
-2283
-737
81
-65
-1
310
-314
28
2253
-2263
-23
-3
53
-56
107
-104
0
-1
9
-11
11
41859
-41817
-37
16
96
3118
-3172
395
-392
-12
61
557
-682
-1
40
-14
532
-554
14
22
11903
-11900
-44
182
7381
23124
-30683
1
43
61
-81
-25
182
-171
159
-155
375
-391
73
50
-117
198
-194
-11
0
9
-6
5
85
-85
2
153
-145
43
-38
440
-411
-51
37
-38
7
36
59
312
-412
11
1
85
-82
15
-31
417
297
-538
-90
-87
2
11
164
-177
1965
-1905
-61
-1
-3
2
-2
2:0
3
3:-1
2:0
1
2
-3
2
-2
0
3
-2
-1
1
-2
1
3:0
3
-2
-1
0
3
-3
0
2
0
1
0
-3
3
-3
3:0
1
-1
3
-3
3:1
-2
-1
1
2:-1
4
-1
1
0
-3
3
-3
0
2
-2
0
1
-2
2
-1
0
2
-1
2
-3
4:0
2
-2
0
1
-2
1
2:0
2:1
0
-2
0
1
2:0
-1
1
2
-3
0
2
-2
3
-3
1
-1
2
-2
0
3
0
-3
3
-3
1
-1
2:1
-2
3:0
2
-1
1
0
2:-1
2
1
-2
-1
4:0
2
0
1
-1
-2
5:0
1
0
1
-2
0
3
0
-2
-1
2:0
3
-3
2
2:-1
1
-1
0
2
1
-1
0
-2
2:0
3
-3
-1
2
-1
1
2:-1
2:1
-1
2
-1
0
-1
2
-1
-2
4
-1
-3
2:0
2:1
-2
4:1
-2
1
-2
1
-1
1
-1
3:0
2
-2
1
-1
0
3
-2
1
-2
3:1
-3
0
2
1
-3
2:0
-1
1
3
-2
1
-2
-1
1
4:0
2:1
2:0
-1
0
-1
0
-1
0
2
0
-2
3
-2
0
2
-2
3
2:0
-2
-1
3
-3
3
-2
-1
3:0
2
-1
2
-2
2
-4
1
2
-1
0
2
-3
1
0
-1
0
1
-1
1
0
-1
1
-1
0
3
-1
0
1
-1
-3
2
-1
3
1
0
3
-3
2
-1
0
72
-73
2:0
7
1
-5
-3
6
-6
8:0
10
-10
9
-8
0
7
-8
1
0
-1
3:0
2
3:0
-2
2:3
-5
3
-4
0
2
-2
4:0
12
-12
23
-23
1
-1
1
22
-23
2
-2
0
2
-1
3:0
-1
2:1
7
-7
-2
0
4
26
-30
0
9
-9
5
-3
1
-2
1
-2
3
-3
4
-4
0
1
24
-25
5
-3
-1
0
-1
1
2
40
-42
3
0
-4
0
3
15
-17
0
3
-4
1
32
-32
0
29
-29
22
-20
28
-21
-10
7
-7
4
9
-12
-1
3:1
0
-3
7
-2
-1
-4
1
-1
64
-64
1
1447
-1447
5
78
-67
-10
-1
-3
2
-2
3
0
-5
5
2:-2
9
-10
-1
31
-16
-13
16
-15
-3
0
6
-6
14
-11
-3
3
-3
2
-2
6
3
-9
5
-1
332
-240
-95
-1
0
7
-7
1
2
3:-1
2
0
-1
110
-100
4
-11
2:0
291
-291
10
-10
-1
20
-23
1
-1
3
-3
1
8
-9
119
-110
-9
11
-10
2
67
-69
0
2
-2
2
11
-12
23
419
-426
71
-89
2
-2
5
3
-4
392
-356
-10
-20
0
-4
0
-6
3
-2
0
160
-155
114
-111
-1
-6
-2
0
9
12
-18
1
48
-51
3
-2
2
15
157
-168
20
-27
0
3
-4
6
-6
2
1
0
29
-22
15
-21
-3
-1
51
-36
-14
3
2:-1
11
-12
24
151
-174
-1
11
-10
-1
3
-3
0
-1
5
-4
-1
228
-227
1
2
8
-5
13
-18
11
-8
2
10
-16
0
3
0
-1
0
-2
5
341
-346
0
-1
241
-98
-140
0
11
-14
18
-17
40
-40
53
-51
26
-27
21
-17
-4
-1
16
-17
3
-1
-2
2
-2
3
-2
0
-1
13
-8
6
-8
-2
2
-1
-2
2
12
-13
-1
2:0
11
-8
0
-3
8
137
-145
1
-1
0
2
4
-6
62
-41
-21
2:0
1
-1
3:0
1
-1
26:0
1
-1
16:0
1
-1
2:0
1
-1
13:0
1
-1
3
-3
13:0
1
-1
7:0
1
-1
0
1
-1
1
-1
2:0
2
-2
3:0
1
-1
4:0
1
-1
3:0
2
-2
10:0
1
-1
2:0
1
0
-1
5:0
1
-1
5:0
1
-1
5:0
2
-2
4:0
1
-1
5:0
1
-1
0
1
-1
3:0
1
-1
17:0
1
0
-1
1
-1
2:0
1
-1
0
1
-1
3
-3
1
-1
0
1
2:0
-1
2:0
1
-1
2:0
1
-1
6:0
1
-1
1
0
-1
5:0
1
5
-6
5:0
1
-1
4:0
1
-1
2
-1
0
-1
0
1
-1
2
-2
0
2
-2
3:0
2
-2
6:0
2:1
-2
5:0
1
-1
0
1
-1
10:0
end
