v1
533
773
456
239
496
119
419
24
166
56
22
28
614
211
58
554
140
592
242
79
72
260
184
282
435
194
227
80
435
22
16
439
156
240
322
2
139
108
277
257
262
194
63
368
287
0
101
144
428
255
20
431
16
478
442
339
69
57
404
110
401
135
239
127
424
213
829
11
394
275
392
434
51
294
109
49
224
193
66
45
6
32
43
2:19
6
71
153
118
82
133
129
41
16
38
17
245
374
73
173
345
524
314
3:0
33
6
116
284
54
121
141
186
300
433
441
299
48
66
17
70
229
41
528
175
50
758
301
93
121
296
6
109
2
24
344
75
1011
277
63
156
73
17
89
37
38
19
38
69
2
5
8
147
0
40
393
339
270
2
101
184
452
175
199
43
86
277
51
38
100
54
47
0
61
145
2
88
153
59
5
20
3
198
376
326
176
76
92
31401
5
10
12
9
89
148
53
44
154
19
76
8
58
54
36
8
22
932
198
90
111
71
184
42
3315
2211
328
1553
5140
10816
12405
3
790
5704
3424
4449
2
8082
3717
958
2466
5162
6
1427
106829
13098
3545
7741
73
9417
32421
0
22
268
32
23
49
17
2:5
9630
45012
890
0
157
9
15
12
18
0
57
1
19
33
97
12
27
13
12
11
728
62
49
18752
2296
3093
10208
8555
1668
539
334
854
436
532
2
3
22
31
180
37
3
91
9
1
30302
10944
0
1055
101
901
36
-461050
919
139
514
228
112
342
93
284
267
260
891
775
220
105
171
438
19
964
137
355
95
791
8
156
31
344
162
166
94
591
48
148
178
301
495
229
68
761
584
454
121
1012
428
607
50
14
52
283
77
21
26
17
264
4
91
1756
0
404
175
6
27
13
86
61
2:56
17
136
101
88
148
0
58
304
203
440
0
431
99
60
45
86
23
37
73
138
70
206
269
110
245
458
108
91
121
50
361
281
345
0
32
396
0
337
0
114
85
20
483
699
185
186
191
199
149
187
131
471
255
66
565
84
56
8
72
241
175
0
323
802
202
317
15
30
55
71
211
70
163
13
74
143
315
100
25
20
157
258
129
125
118
227
73
50
69
2:19
2
253
91
77
66
31355
74
16
23
56
61
38
95
252
159
4
1225
199
15
211
21
265
12910
6931
5897
24120
10
8077
2812
3387
2930
3163
3
1419
22
123462
7717
51
47
41796
60
25
5
7
11
163
72
1
73
11056
0
44755
12
76
113
35
11
1
747
22
196
37486
5789
3894
20
63
100
45
46
31904
9415
749
266
45
1117
1409568600
299:0
1
232:0
10
19
171
-194
2274
-2270
36
264
-120
-160
-4
-13
255
-258
35
-14
171
-191
-5
24
236
-258
3
179
-177
16
7
-25
145
-148
26
-21
-5
2
-4
110
143
28
-244
-7
-25
16
-16
3
0
-7
2
10
-13
1180
-1119
-51
-9
90
-59
-27
150
-154
3
496
-486
-11
0
-1
181
-184
27
87
-97
2
53
-71
48
75
-122
-1
0
32
-29
27
0
-27
5
4
2
8
9
17
207
-235
229
-248
2:4
-10
128
-114
69
-40
-34
174
63614
-63789
-3
9
833
2543
-3342
-44
-2
18
8
-12
-11
0
2:12
127
-24
-115
-12
45
875
-925
2
3
115
-26
-90
75
-78
75
-74
15
-16
4771
-2936
-1828
7
-14
16
-12
26
-26
2
2381
-2361
19
149
-192
41
6
-47
18498
-18499
92
-94
24
99
52
-53
-102
48
1546
-1614
15
-10
158
-134
251
11974
-12237
39
1557
-1601
417
-360
627
5695
-6167
-221
2667
-2345
-238
-76
-5
1841
-1847
2173
1599
-3749
4
80
-105
-2
9
239
-247
124
-115
-9
13
31
739
-549
70
-302
-1
1
29
-4
-22
3
2:39
268
-184
-145
996
-16
-1002
55
-52
118
986
276
-1370
14
201
-221
16450
-16416
-18
37
111
-115
331
-335
-24
22
3
306
-353
448
289
-746
2
22664
-22666
-1
44
1090
-1133
24
-20
14
27
7
3
-28
-13
-14
1
-1
86
-64
-14
54
-19
-43
3
2
-5
19
-18
14
-12
30
-8
-26
4
17
-16
58
-41
6
-5
40
-61
26
219
-222
680
-640
-56
0
-3
3
121
20
-155
2
-1
2:0
3
-4
1
0
2:1
2:-1
2:0
1
-1
3
-3
1
-1
2:0
-1
3
1
-2
1
0
-2
1
-2
2
-1
1
0
-1
0
2:1
-1
2
2:0
-3
0
2
-1
1
-2
-1
1
3
1
-5
2
1
-1
3
-1
-2
3
-4
1
-1
1
2
-3
0
1
-1
1
-1
2
2:0
-1
1
0
-2
1
2
-3
0
-1
2
-1
4:0
3
-3
0
-1
1
2:0
4
-3
3:0
1
-2
1
-1
1
2
-3
4
-4
0
-1
2
-1
1
0
-1
1
-1
4
-1
0
-3
1
2
-3
1
2
-1
-2
3
-3
3
0
-3
0
-1
1
3
2:-2
4
-3
2
2:-1
3:0
2
2:-1
0
1
-1
0
1
2:-1
1
0
1
-1
2
-1
1
-2
4
-4
0
1
-1
0
3
-4
3
-3
1
0
1
0
-1
0
3:1
0
-3
3:0
2
1
0
-2
0
1
0
-2
2
0
2
-3
1
0
-3
1
2:0
3
-2
2:1
-3
3
0
-4
4
-2
2
-1
-2
2
2:-1
2
1
-2
0
-2
1
3:1
0
59
-61
0
7
-2
-1
2:-2
9
-9
11
-11
9
-9
0
1
-1
2:0
4
-4
0
2
-2
2:0
2:1
-2
3:0
11
4
-14
6
-6
2
-1
2:0
-2
0
2
-1
5
-5
2:0
15
-9
-6
2
-2
1
-2
2:0
1
-1
0
1
2
11
-8
-6
1
-1
17
-17
3:0
3
-1
4
5
-11
0
3
-3
21
-9
0
-1
-9
7
-9
2:0
1
7
-8
10
-3
-7
27
826
-849
0
1
-3
63
-58
-5
-1
3
2
-2
0
1
-2
2
13
-18
1
3
-2
12
-12
-2
2
8
5
-10
-5
0
3
-3
7
-3
216
-151
-68
-1
0
1
0
-1
2:1
98
-92
-7
9
-9
2
-3
3
231
-232
19
-21
7
-7
4
3
0
-1
48
-54
2
1
5
-7
17
222
-232
0
44
-52
3
1
-1
161
-141
-22
23
-16
4
-9
-1
104
-105
4
57
-62
5
0
-5
0
2
9
-10
29
-30
2
3
5
106
-108
9
-17
1
0
6
-6
1
-2
2
9
2
1
-10
33
-26
-10
-1
1
7
8
113
-129
1
2
0
138
-140
2:2
-1
2
-5
6
-3
-2
0
4
-5
2
-3
4
-3
261
-262
0
1
141
-142
1
3
-4
2
22
-1
-10
-13
2
-2
1
26
-24
2
8
-10
10
-13
2
-2
3
-2
3
-2
8
-9
3
3:-1
1
-2
0
1
8
-9
2:4
-5
73
-73
-1
0
2:-1
38
-15
-23
42:0
3
-3
3:0
2
-2
2:0
1
0
-1
2:0
1
0
-1
2:1
-2
8:0
2
-2
0
1
-1
2:0
1
-1
18:0
3
-2
0
-1
5:0
2:1
-2
2:0
1
-1
2:0
1
-1
4:0
2
2:-1
3:0
3
-3
13:0
6
-6
6:0
1
-1
1
-1
1
-1
6:0
1
-1
7:0
1
-1
0
1
-1
8:0
3
-2
0
-1
8:0
1
-1
15:0
2
-2
3:0
1
-1
0
2
-2
3:0
1
-1
4:0
end
