v1
840
55
529
159
381
105
52
187
56
74
366
119
51
140
360
58
0
56
22
28
194
184
344
44
59
58
266
142
146
437
143
152
191
14
9
81
26
72
260
195
271
101
228
96
10
83
111
22
285
160
282
15
116
495
380
19
21
135
31
225
277
72
37
61
54
33
96
133
33
257
127
9
29
110
178
92
110
210
203
150
110
255
20
297
134
16
478
348
94
59
139
60
81
69
57
31
661
181
42
135
104
233
29
55
30
172
167
281
73
48
20
215
287
129
205
66
29
94
257
18
109
62
2
10
209
485
44
242
8
0
134
263
3
4
171
6
4
27
29
45
6
19
13
12
13
30
26
7
24
46
2
23
127
1
118
73
9
74
59
6
0
29
0
29
65
3
54
38
17
14
113
93
25
85
91
271
173
120
225
150
45
219
110
304
10
4:0
12
21
6
116
104
180
54
121
141
20
166
77
51
172
146
5
68
214
129
27
254
31
140
159
46
2
83
70
229
41
309
114
39
46
20
175
808
301
0
83
10
367
56
111
24
157
56
37
93
1
0
8
67
50
325
205
387
44
30
247
80
139
73
53
90
38
57
69
2
5
8
147
40
2
66
90
125
110
339
270
2
101
82
102
8
404
40
95
80
2:70
51
8
3:43
6
271
0
51
38
100
54
0
47
0
31
30
127
20
88
153
59
5
20
3
104
71
23
33
115
51
48
0
129
178
16
19
113
63
21
168
92
31401
5
0
22
9
55
83
66
4
29
42
2:11
33
85
69
19
4
72
8
23
35
0
54
36
8
22
1152
68
92
19
71
0
184
47
3310
2211
328
1553
1711
2053
1376
2464
3794
2432
2126
1878
2325
8202
3
790
8312
816
925
1304
2220
2
4
8008
79
3708
0
958
1533
0
920
13
474
509
4177
2
5
1
1427
106829
13098
3544
1
7708
8
25
73
9417
32395
26
4
14
4
11
15
7
9
50
75
40
61
12
20
53
17
19
5
9635
0
45012
703
61
8
111
7
157
7
0
2
27
18
57
53
92
17
27
12
1
8
2
2:1
11
2
1
33
49
643
29
82
103
20945
3093
1178
17585
485
1183
409
130
334
189
665
968
2
1
8
43
2:2
41
80
26
10
23
6
34
82
4
5
3
6
1
31815
8956
475
675
380
69
159
33
165
262
314
36
-461202
87
242
11
3
269
17
281
300
74
242
294
53
110
31
117
266
28
76
44
32
125
378
73
71
205
46
690
344
407
60
496
122
161
41
78
180
226
134
357
149
62
0
8
125
18
5
229
18
53
17
24
1
140
175
461
4
323
160
474
184
422
227
0
62
388
65
34
9
731
401
239
179
681
38
71
152
32
0
484
372
173
61
19
72
82
0
912
11
10
513
31
96
20
92
110
0
560
229
47
228
78
235
100
61
184
59
60
160
246
38
48
14
28
33
56
60
33
52
0
144
4
13
88
19
81
118
28
32
124
141
108
25
26
41
49
129
16
55
346
214
122
99
201
537
311
38
173
109
28
265
327
170
78
170
419
23
323
23
81
17
52
104
607
43
114
135
38
140
118
515
26
151
7
173
198
136
92
13
75
40
68
40
173
89
8
123
322
158
246
172
4
160
55
160
80
109
31
496
0
108
247
79
533
113
0
45
242
207
10
60
45
31
376
102
74
143
73
156
4
0
142
114
6
2
0
17
20
107
424
29
103
230
102
20
72
118
41
52
36
2:25
115
25
32
31606
12
4
140
81
12
192
23
4
34
39
203
1
1033
2:28
402
74
5895
1878
346
2405
2716
3248
3683
6697
10567
1211
3663
2191
414
2616
2654
0
14
8068
7
2814
6344
3119
1
7
5010
11905
91130
13327
11358
38189
2624
961
22
76
21
8
105
71
64
11
80
27
35712
19682
20
118
0
193
40
118
67
810
98
47
3518
15195
18846
4726
0
3
813
203
2233
1699
26
116
15
45
78
85
41163
259
440
356
315
519
251
1409685000
499:0
1
339:0
8
2:2
3
-8
-2
24
-24
20
49
4364
-4427
-2
19
100
39
1382
-1474
629
-698
2
89
-15
229
920
-1218
-4
303
-307
256
24
-277
-3
4
151
-155
19
376
-339
457
-511
-2
24
115
-135
99
-101
82
-63
-20
167
-138
-20
-11
12
771
-765
25
182
10
-222
-11
3
2:21
-42
4
109
-102
-13
3
-2
3
2
56
-36
-24
3
-4
19
-20
244
-174
69
-137
20
-11
282
-296
5
130
249
-324
588
-519
-123
38
17
5
-54
-9
1
2
5
18
-15
-11
-2
154
-154
28
-8
60
-55
-25
10
340
-343
105
-93
-17
4
-1
36
1483
-1507
-8
108
-117
180
-179
2
7
-8
2
20
-20
96
-89
103
-106
192
378
-578
8
6
-10
-1
45
-30
79
-74
104
9
-90
632
-515
79
-239
3:0
12
1352
-1212
-155
10
13
75
-89
-8
83
-65
-18
60
45
-51
-39
-15
2:3
684
-690
122127
-122128
29
-21
2
-10
99
9694
-9513
-257
-3
16
194
-175
-52
53
181
-222
15
-22
0
-4
159
-151
-5
-6
2449
-2450
43
73
354
-471
92
20
213
-318
-6
2
9
-10
-1
253
-252
92
-89
19
-22
18
437
-387
-66
3
7
1870
35177
-37048
-12
6261
-6243
-9
4
-12
0
1
20
-22
0
29
-3
-25
2438
-2421
249
-267
14
61
62518
-62555
-15
-24
1
24
498
-521
14
29
272
-315
353
-354
1
32
-22
38
-36
-14
50
2691
-2721
305
-310
0
19
4
964
-968
945
-963
41856
-41657
-205
-8
5095
-5092
453
-417
18
7566
-5872
-1742
1523
-1524
-9
146
-137
9
-15
2:0
110
-111
12
-10
-1
-2
4
14315
-14308
-2
14
3689
-3638
126
-200
4
8
-13
8
27
88
-119
515
194
-685
709
-737
110
-108
-2
35
-2
3
1141
-993
242
-415
1219
-1229
81
-73
-9
18
763
-710
365
335
53
-810
1
34
-49
165
-165
2537
-2536
0
660
-657
41
-44
893
-862
-8
11
3017
-3037
-11
1014
-986
9
-22
-16
0
45
-35
-4
8
-18
22746
-22652
-91
2:45
-92
21
31
-51
0
420
491
-827
-70
217
-230
2
560
-562
14
-8
-4
-3
2
-4
58
-10
-39
116
-124
67
16816
-16805
-78
2
1
112
-115
5
5876
66902
-72747
-5
42
-61
134
-54
17
-91
307
-293
-30
43
-34
-3
-8
248
-35
-177
-29
60
-42
-22
34
-31
39
52
-85
0
-6
0
198
-200
12
15
0
34
-50
216
-227
3
2
32
7478
-7519
1
4
81
35
-115
34
-37
-3
96
-86
79
1621
-1706
30
-27
57
-47
-10
-8
18
-14
-2
422
-238
-186
-1
-3
2
0
-1
0
1
-1
2
2:0
-2
0
2
-2
2:0
2
0
-2
0
3
-2
-1
1
-1
2:1
-2
0
3
2:-2
1
0
-1
2
-2
2
2:-1
2
-1
3
-2
2
-3
1
-2
2
-1
2
1
-1
-2
3
-3
0
3
-2
-1
2
-1
1
-2
3
-3
4:0
1
-1
2:0
1
-1
0
2
-1
0
2
-3
3
-3
2
-1
0
-1
2:0
2
2:-1
1
-1
1
-1
2:0
1
3:0
2
0
-3
1
0
1
-3
1
3
0
-1
-2
-1
1
2
0
-2
2
-2
4:0
1
-1
4:0
1
-1
2
0
-1
2:0
-1
0
-1
3
-1
-2
2
0
2
-3
1
-1
1
0
1
-2
3:0
2
-1
0
2
-3
3:0
1
0
1
-2
1
3:0
2
-3
3:0
1
-1
0
2
1
2:-2
2:1
0
-1
0
-1
3:1
3:0
1
-3
-1
1
0
2
-2
2
-2
-1
3
-3
0
4
-3
2
-2
4:0
1
-1
2
-3
3
2:0
-1
1
2:-1
0
2
3:-1
2
-1
0
1
-1
1
-1
2
-2
4:0
1
-1
1
2
0
-2
-1
2
-2
2:0
2
-3
1
0
2:1
-2
-1
4
-2
-1
2
3:-1
1
3
-3
2
1
-2
0
2
-1
0
2:-1
5:0
-1
1
2
1
2:-2
1
0
1
-1
1
2
-3
2
-2
-1
3
-2
-1
3
-3
3
-2
2:0
1
0
-1
2
-1
1
0
-2
2
-1
2
-3
4:0
2
-1
2:1
-2
0
2
0
-1
1
-1
2:1
-2
0
7
84
-89
-2
1
16
0
-3
1
-10
-5
3:0
14
-13
0
-1
11
-11
1
13
-14
2:0
1
-1
1
-1
3
1
-4
2
2:1
-4
1
0
13
-14
0
3:1
-3
0
1
-1
3
17
-4
-16
1
-1
1
3
-4
1
17
-16
-2
0
1
0
3
-4
4
2:-2
0
1
4
13
-18
6
-5
5
-6
16
-16
2:0
10
-8
0
1
-3
1
0
-1
2
-2
0
4
-4
2:0
2
-2
3
-3
7
-7
4
-4
2:0
40
-39
9
-7
-3
1
-1
2:2
-4
0
41
-39
0
-2
0
2
-2
1
5
-4
2
-2
3
-4
21
-22
0
4
2
-6
1
37
-33
-5
2
19
9
-29
40
-30
-3
-5
0
-2
0
4
13
-11
-7
3
0
-2
2
-3
4
-3
0
4
2:0
-2
-3
2:1
49
-47
1700
-1704
5
0
4
-9
1
113
-78
-35
7
-3
5
-4
-6
5
-5
1
8
-8
1
0
4
2:-2
1
5
-8
8
-8
56
-56
20
-18
12
-13
-1
0
3
1
-4
28
-27
14
-13
1
-2
5
6
-9
-1
-2
0
6
409
-409
-6
125
-123
-2
0
1
-1
3:0
1
2:3
-7
110
-107
17
-20
4
-2
341
-337
-6
0
2:2
32
-36
8
-7
16
-17
10
-9
0
6
-6
10
-11
0
5
111
-112
-3
2
-2
8
0
16
-24
43
-32
596
-560
-44
-3
111
-110
2
1
10
485
-455
-41
38
-37
-5
11
-7
-4
3:0
18
-18
2:0
1
0
1
208
-209
1
10
151
-150
2
-15
1
2
-2
-1
0
10
-10
22
-20
5
66
-73
4
0
-4
9
0
5
224
-213
6
-28
-1
-2
7
-7
5
-4
5
-3
32
-3
8
-40
1
6
-4
-3
0
87
-87
0
26
-23
1
-3
9
-5
-4
31
233
-262
-3
20
-14
0
-6
1
0
1
9
-10
1
0
262
-264
3
0
14
-16
3
14
-18
2:1
14
-10
-5
7
-8
1
11
-11
0
1
-1
0
1
-1
2
-2
2
3
-6
4
462
-460
-6
1
-1
0
1
-1
351
-229
-117
1
9
-15
42
-14
-25
-2
46
-40
-5
8
-9
2
1
14
2:-8
-2
2:0
12
-11
-1
0
13
-11
0
1
-1
15
-17
5
2
3
-1
-7
6
-7
2
-2
2
0
-3
2:0
1
17
-17
7
-8
2
4
-6
2
225
-225
-2
4
-4
5
-4
-1
1
-1
0
97
-58
-39
10:0
1
-1
0
1
-1
3:0
1
-1
16:0
1
-1
5:0
1
-1
7:0
3
-2
-1
4:0
1
-1
2:0
1
-1
1
-1
7:0
1
-1
3:0
2
-2
34:0
1
-1
1
0
-1
28:0
3
-3
2:0
1
-1
18:0
1
-1
1
0
-1
3:0
1
-1
12:0
1
-1
0
6
-4
-2
6:0
1
0
-1
15:0
1
-1
2:0
1
-1
6:0
1
-1
3:0
1
-1
1
-1
9:0
1
-1
9:0
2
-2
3:0
1
-1
1
-1
2:0
1
-1
1
-1
4
-4
0
1
-1
9:0
1
-1
6:0
3
-3
4:0
1
-1
3:0
2:1
-2
1
-1
3:0
1
-1
2:0
2
0
-2
2:0
1
-1
0
1
-1
4:0
end
