v1
871
822
224
183
52
239
78
485
102
444
6
57
56
22
65
81
35
461
137
74
324
30
258
140
592
191
104
98
204
56
195
271
354
71
10
83
111
22
58
227
160
18
135
193
67
95
244
156
376
23
21
135
89
167
277
133
124
20
67
175
0
257
430
23
157
45
158
8
79
125
177
401
146
285
201
293
442
339
36
33
57
514
178
117
64
177
104
58
289
339
254
55
81
12
64
171
416
167
227
275
59
767
51
294
109
26
269
237
45
6
19
13
47
8
103
2
3
14
133
1
118
82
74
73
21
29
65
38
3
16
55
127
3
20
95
277
97
7
66
293
51
174
226
276
22
304
10
33
6
29
87
104
42
39
99
54
121
141
186
41
256
3
418
425
17
14
299
10
5
31
2
83
70
229
41
516
12
175
50
251
507
199
102
71
12
377
50
6
109
2
24
322
21
1
75
18
32
945
293
33
232
27
17
164
19
102
5
7
8
147
30
10
393
339
272
101
79
105
38
414
34
141
70
63
58
8
42
1
86
55
222
22
29
38
100
54
47
59
2
147
88
153
59
5
23
196
2
151
96
129
314
12
161
57
34
97
31401
10
12
9
43
39
7
49
99
53
44
62
23
69
19
76
66
54
36
8
22
1080
72
68
64
47
71
184
47
9
3301
2211
328
1517
36
3073
2067
8690
2126
1878
2325
5739
2463
793
830
8298
1797
1269
1383
2
8091
1
3707
958
1533
933
1997
3163
2
5
1
1427
1042
105787
13098
1
3543
1
7741
73
9417
32379
42
18
4
11
15
181
47
14
12
20
53
23
13
5
88
9547
1380
43632
890
157
7
2
15
12
18
34
8
15
53
109
27
12
1
2:4
2
2:1
11
2
1
82
643
29
196
17452
3482
4271
17585
1668
539
523
665
968
2
3
45
6
2
149
31
40
91
10
30302
11943
56
69
866
63
4
36
15065
-476472
50
185
57
287
110
79
10
197
169
37
46
101
87
39
9
8
18
30
212
0
228
84
145
16
15
47
3
92
53
45
14
156
77
44
505
198
6
175
43
269
211
14
31
33
27
72
53
299
3
362
125
5
102
0
207
34
302
289
67
76
73
33
46
75
49
111
20
63
47
75
55
71
122
32
31
41
33
108
34
152
296
53
122
130
95
288
149
60
37
29
74
42
273
100
5
115
77
132
12
95
173
110
125
103
31
62
84
413
247
185
43
92
86
440
38
128
23
105
67
165
15
241
21
268
40
26
1
108
152
455
28
33
150
189
51
70
18
147
122
287
224
50
182
56
80
15
43
18
3
318
45
25
24
163
334
40
57
16
17
0
212
122
63
15
78
27
37
65
327
70
118
76
118
216
67
60
162
98
18
182
6
27
22
64
44
7
13
24
7
1
8
3
30
1
72
247
7
85
50
10
9
2
31
19
6
12
28
53
26
7
92
14
158
115
22
169
223
5
81
7
88
103
89
22
221
8
36
16
45
16
203
384
46
397
189
57
191
74
29
126
111
207
5
7
43
348
13
275
56
213
44
33
104
69
2:62
473
114
38
1
46
49
696
406
246
312
60
117
111
38
77
56
10
32
97
123
24
295
125
0
61
221
163
66
30
1
25
292
9
45
27
57
48
16
30
42
53
37
78
207
129
235
18
78
623
38
45
99
103
10
247
160
132
97
268
58
30
17
142
160
169
87
2
41
2
58
32
230
70
45
107
20
69
38
4
5
96
119
194
11
148
45
27
11
55
17
113
10
40
30
63
56
31381
58
22
4
54
91
32
10
15
19
21
70
48
172
7
120
1159
402
0
7176
671
3438
6
2023
14
6917
5125
10519
9097
5
1741
1304
2226
10
8068
7
2814
10
4
1825
3464
4160
1
14
1424
15484
91130
18606
5980
1
32759
8152
914
58
50
67
82
22
7
128
11
80
27
83
55430
223
65
144
12
9
78
23
735
62
43
18711
1722
8078
643
5152
8958
82
2056
0
2
227
1061
535
6
7
1
19
21
42
3
2
3
1
44
47
0
4
9
32
71
15
43
5
31816
8704
96
371
260
200
519
585
231
152
1409970000
399:0
1
470:0
7
13
1187
-1157
-44
27
2959
-2986
2:0
269
916
-1167
5
-1
685
-706
25
193
147
-350
-2
50
0
-62
18
10
64
195
-159
583
-598
-97
142
-58
-88
-14
44
239
-265
-16
-2
1
33
-34
14
5
-19
102
-101
1
0
77
971
-1049
85
-36
-26
101
40
-124
-40
1
-1
2
-2
-1
28
-28
0
380
-380
609
-590
44
77
3
-141
40
-14
-28
0
14
-11
11
-12
-1
30
5
47
456
-498
60
-71
80
3
451
-226
-235
-102
97
44
38
-123
-57
14
28
143
-142
120
4
494
-661
69
-55
68
51
-114
102
-28
447
-450
-57
56
-10
23
-17
-82
-2
61
-44
-17
26
211
-238
0
68
-53
162
-32
-77
-19
-11
328
-344
83347
-83330
5656
-5665
206
-236
22
437
-386
-48
4
223
-231
85
-50
34
-89
14
-13
21
212
-235
150
-147
278
-229
-22
37
53
-54
-66
25
101
-124
125
-126
63
-20
-14
290
-297
34
-7
84
-28
-104
46
21211
-20572
-687
75
-5
-31
-4
-33
13
1883
409
-2246
-60
201
-177
10
21787
-21506
-239
142
-217
13
616
-618
909
-902
49
188
-146
555
-666
25
2642
-2628
-16
38
-23
12
-48
364
-307
3084
30746
-33745
-128
3936
-3859
156
-231
7032
-4795
-723
-895
-350
-244
-42
38
-36
14
-14
27
5896
-5926
2755
-2754
132
-113
-6
-13
61
-25
4
-21
278
-298
-1
30
413
-441
19
112
2289
-2054
-87
-280
228
182
-2
-366
-42
55
-35
-20
75
456
622
-1151
191
-192
78
-76
6042
-6043
-1
0
3778
-3759
31
-37
-12
22
13
5288
-5323
23
207
-214
-17
-1
3
15
25925
-25918
-24
51
-29
163
-185
0
390
-229
356
-365
202
-314
-25
142
9878
-10035
0
1
-2
1
2
164
-131
-34
170
11348
-11521
18
-15
34
1297
46535
-47853
-2
2
10
720
-729
-14
143
-74
124
-156
-36
1170
-1172
1
19
689
-583
273
-374
239
-219
-47
93
-89
56
-46
-13
235
-176
1659
-807
-22
-888
224
-204
18
-18
204
-211
142
899
-697
1390
-1748
102
-102
35
-16
13
-1
47
-50
-33
3
-3
16
-17
2
-1
0
-1
2
3
-5
2
11
-9
9
-11
-1
0
1
0
15
-12
-4
-1
2:2
0
-2
-1
2
-3
14
-12
-1
0
2:2
6
-7
-3
2
-2
1
11
-8
-2
0
-2
0
8
1
-10
2
0
1
-1
0
15
-3
-11
-2
8
-5
-4
2
8
-10
3
2:-1
1
12
-12
7
-6
-2
13
-5
2
-11
4
-3
1
-1
3
1
-4
2:0
2
0
-1
0
-2
4
-2
2
2:-2
1
14
-12
-2
10
-11
5
-2
2:-1
3
-2
11
-11
-1
1
-2
2:1
9
-9
0
15
-15
1
-1
1
-2
0
3
0
-4
2
14
-15
0
18
-18
1
8
2:-5
0
4
-3
2
-1
13
-14
2:0
3
-4
4
-1
6
-8
-1
5
-3
2:0
-1
9
-10
2:2
-3
1
9
-9
-2
2:0
2
3
-1
-2
-1
3
-4
19
-5
-14
2:1
9
-6
-3
2:-1
3
13
-15
14
-13
-2
1
13
-13
2
-2
2
-2
18
-15
-3
3
2:-1
2
10
-13
-1
0
1
10
-9
-2
15
-12
12
-14
11
-3
-8
0
8
-6
2
-3
15
-6
-11
1
0
2
10
-13
10
3
-9
5
-7
-2
1
12
-8
11
-11
-3
-1
4
10
-13
1
-2
4
11
-13
1
-3
0
15
-14
8
-6
-2
0
11
-13
10
-9
-1
1
-1
16
-11
-2
-1
0
-1
4
-1
10
-5
-6
-2
1
0
1
2
-4
0
8
-5
6
-9
3
-3
-1
3
2
-4
1
15
-14
11
5
-14
-4
0
1
-1
0
15
-15
3
-1
0
-3
3
0
-2
0
2
0
8
4
-15
4
-1
-2
9
3
-3
-9
-1
10
-8
-2
5
-4
9
-7
-2
4
-5
1
-1
1
0
9
-10
3
-1
-2
2
8
-6
-3
0
-1
3
0
2
9
-11
1
-4
2
2:0
-2
2
1
-3
2:1
-2
4
-4
4
6
-6
12
-16
10
-7
0
-2
-1
0
1
0
12
-10
7
-7
10
-13
3
10
-10
-1
2:0
1
2:-1
1
-2
2
2:-1
5
0
-3
0
-1
4
-3
10
-8
-3
11
-11
0
4
-5
9
2
7
-18
11
-9
0
-2
12
4
-16
0
5
7
-12
10
-9
12
-11
1
-3
4
-2
0
2:-1
12
-9
2
4
5
-13
0
3
11
-2
-8
-4
3
-1
2
2:1
6
-1
-6
0
106
-106
0
1
15
4
-14
-6
3
-3
2:0
12
-10
-2
4
3
-2
-3
0
1
-3
1
0
12
-13
8
2:-4
0
1
-1
6
-6
2:0
1
7
-8
0
4
-3
1
-1
1
-2
3
29
-32
10
-4
-6
13
1
-11
-3
1
0
2
-3
1
-1
2:0
15
-15
7
-7
9
0
2
-11
6
-5
0
-1
0
2
0
2:-1
2
0
2
-3
-1
2:0
6
17
-23
49
-40
-9
2
1
39
-39
-3
2
8
-10
8
-5
50
-52
0
38
-35
2
-4
3
2:15
3
-33
-4
-1
10
-4
-2
-4
0
12
-8
-4
0
11
-11
2
-2
7
-1
-6
11
-11
0
45
-42
1700
-1699
96
-100
32
-32
2:0
8
-2
5
-4
0
-7
2
10
-11
4
-4
8
12
-20
0
-1
69
-66
3:7
-24
5
-3
0
-2
33
-31
14
-16
3
2:-1
4
-2
14
-9
-8
8
598
-551
-54
9
-10
5
2
-3
3
-6
118
-107
-12
24
-14
-7
213
-215
3
25
-28
0
14
-15
77
-75
14
-15
20
-6
-13
2
87
-91
4
12
-16
7
-6
21
-15
45
455
-477
-28
167
-163
6
-7
357
-329
46
-66
1
-12
-1
7
-8
7
-7
2
396
-398
152
-152
13
-6
-1
-5
-1
1
0
3
20
-23
0
3
76
-78
2
22
207
-214
-6
-13
3
4
-7
6
-3
6
-7
-1
4
45
-11
-39
17
-17
7
-6
94
-95
2:0
31
-29
-2
3
0
-3
13
333
-342
-2
2
-4
0
6
-5
6
174
-180
1
5
-7
20
-17
-1
4
17
-20
10
-2
-10
2:1
25
-26
-2
1
0
2:1
-2
3
-4
13
374
-387
2
-2
3
118
59
-176
9
-13
3
56
-58
-1
58
-52
59
-55
-9
95
-96
1
3
-3
17
12
-27
-3
0
14
-13
2
-3
8
-8
6
7
5
-8
4
-12
2
4
-8
1
6
-4
25
-15
22
349
-383
5
-2
-3
-1
2
30
5
-36
-1
2:0
2
-2
8:0
1
-1
3
-3
2:0
2
0
3
-5
3:0
1
0
-1
3:0
2
-2
1
-1
20
-20
0
2
-2
3:0
1
-1
5:0
1
-1
5:0
1
3
-4
0
1
0
-1
7:0
8
-8
3:0
1
-1
17:0
1
-1
6:0
3
-3
1
-1
23:0
1
-1
3:0
2
-2
3
-3
3
-3
3:0
1
-1
4
-4
9:0
1
-1
3:0
4
-4
1
-1
2:0
3
-3
4:0
1
0
-1
3:0
1
4
-5
7:0
1
3
-4
2
-2
2:0
2
-2
4:0
6
-4
-1
0
2
-2
-1
2
-2
6:0
2
-2
1
-1
0
1
-1
5:0
3
-3
1
-1
0
1
6
-7
0
1
0
1
-2
2:0
1
3
-3
-1
0
1
0
3
-4
2:0
1
2
-3
3:0
4
-4
2
-2
2:0
3
-3
2
-2
3:0
1
-1
2
-2
2:0
2
-2
3
-3
6:0
1
-1
1
-1
3
-3
4:0
3
-3
0
2
-1
2
-3
5
-5
4:0
3
-3
0
1
0
-1
6:0
1
-1
0
2
-2
0
2:1
-2
2:0
1
-1
1
0
-1
1
-1
13:0
3
-2
-1
4:0
1
2
-3
10:0
1
-1
2
-2
1
10
-11
7
-6
1
0
2:-1
0
1
-1
0
1
-1
3
-3
5:0
1
-1
0
1
0
-1
3:0
2
0
2:-1
1
-1
6:0
2
-2
5:0
1
-1
1
-1
3:0
4
-4
2:0
2
0
2:-1
4:0
1
-1
7:0
1
3
-4
1
-1
3
-3
4:0
end
