v1
869
297
446
128
358
52
317
485
314
237
58
56
7
15
146
707
752
440
152
265
30
98
260
466
425
10
216
118
33
134
0
435
22
455
156
45
95
313
102
31
225
147
130
224
33
20
51
105
86
0
257
655
245
125
55
142
381
292
30
109
90
404
442
339
126
404
405
180
61
327
124
339
254
55
328
416
300
94
275
59
767
337
8
397
188
56
83
18
20
5
115
2
17
7
110
17
118
82
74
45
14
64
65
38
201
118
447
173
120
51
174
122
292
110
314
0
33
6
116
146
138
175
141
186
41
87
172
248
185
441
110
189
10
36
2
382
41
423
289
799
301
627
24
343
1
0
75
50
325
627
286
33
276
164
19
107
7
8
147
30
10
283
110
611
36
45
20
184
360
92
175
70
121
8
40
3
86
277
51
38
100
40
14
47
0
61
147
88
153
59
5
23
198
33
214
129
326
116
102
34
92
31401
5
22
9
138
66
33
53
44
62
23
88
84
112
36
8
0
22
1152
179
71
184
47
3310
2213
326
1553
5140
2466
4112
2807
1431
12405
9921
925
872
2652
2
8082
9
3708
8568
8
10
5
1428
106829
16643
7717
24
73
9417
32379
42
22
33
9
258
53
23
13
5
9635
45012
890
157
7
2
15
12
18
57
162
4
36
10
2
11
757
21130
3093
18763
1668
539
523
1635
56
180
131
9
1
40584
662
208
791
125
39
141
753
36
-461202
42
85
326
159
333
149
220
294
97
49
35
135
501
163
492
0
395
266
284
0
196
18
59
122
64
362
102
130
80
267
154
26
305
143
152
817
103
260
63
343
67
421
21
121
322
489
80
161
208
199
64
75
178
402
294
36
33
0
110
150
105
206
358
526
356
349
211
538
181
109
172
117
200
202
448
411
22
299
198
122
439
178
164
94
27
52
26
286
353
45
175
125
116
92
74
6
19
75
50
51
161
88
26
187
33
13
105
38
16
38
17
91
179
191
158
72
388
44
925
77
86
96
234
347
178
162
58
149
272
131
13
3
24
248
6
0
259
104
168
579
172
47
175
10
40
1130
22
417
6
109
0
183
198
120
726
229
11
8
338
129
56
27
53
90
166
202
725
5
270
285
40
277
100
212
133
152
43
204
10
97
209
50
56
17
9
13
542
89
156
106
102
20
83
94
13
41
53
123
23
145
123
31370
5
10
37
66
126
280
19
38
31
1
6
1
65
1170
170
422
272
7443
1389
1362
4531
5116
1110
14534
790
0
830
4874
4352
3527
10
8094
2795
896
2491
933
474
1523
3146
5
2
1
9
8
124898
48628
1015
28
30
7
113
122
131
55373
392
12
76
2:46
1
43
16
5
17
726
43
46
136
25205
9030
0
3251
5304
239
3156
436
532
5
4
7
86
76
25
4
5
27
39
95
3
30305
10313
853
833
28
312
325
441
-461425
224
387
66
309
147
108
60
64
0
39
35
0
26
216
228
119
141
96
52
244
95
112
74
299
60
208
218
340
360
285
5
509
225
663
557
130
112
113
119
66
74
108
225
139
135
573
44
6
182
488
110
191
0
343
115
182
209
32
146
96
87
116
51
712
7
469
864
180
0
180
0
112
4
55
502
232
151
18
135
12
354
63
90
104
72
58
1208
660
62
464
98
188
9
168
73
0
613
40
118
8
15
11
30
120
79
192
160
41
40
26
198
237
69
303
79
7
523
191
273
117
157
567
357
127
1350
38
99
17
848
1
215
24
505
451
6
102
42
41
4
225
93
55
122
40
71
40
262
6
87
482
527
15
77
294
140
6
32
192
20
15
69
162
198
221
782
126
10
52
344
82
0
158
299
12
4
57
75
163
161
107
53
48
432
125
588
42
16
2:19
91
66
38
60
25
31638
16
178
67
30
154
19
85
1109
118
342
118
5969
7345
10167
1504
4692
9046
11535
8089
2828
882
3411
996
1027
3153
121359
1
49547
3538
154
1
145
40
73
92
11037
44743
12
36
19
63
67
0
55
5
3
15
38
757
35
6
43
52
29102
8403
4729
693
367
201
3713
19
44
79
21
4
2
42
26
2
15
79
31825
9735
1409709600
299:0
1
299:0
1
268:0
32
-11
47
13
-32
194
5232
-5440
-16
101
1394
661
-2125
2937
-2728
-55
-171
90
-89
95
-104
326
-257
-65
90
610
-570
-89
-51
60
49
9
-110
-1
5
25
222
-199
-60
11
443
87
-518
3
-24
2015
-2015
132
7
-140
109
-73
-20
-8
136
446
-585
-6
361
-360
35
23
199
-222
83
-93
87
-103
34
72
-111
29
297
-322
3036
-2168
-552
-34
-290
88
-64
92
-74
-1
129
5
-164
-9
15
-6
9
-18
80
-66
60
41
305
-369
-48
-3
22
144
-161
1
39
-3
-33
154
-33
-80
66
-117
462
87376
-87838
2
6748
-6566
-171
17
18
187
847
-347
-723
10
23
32
4120
-4029
-49
-114
292
151
-357
649
-589
-152
82
-20
1243
-785
-499
-17
7088
-6133
-851
-70
-29
25
-34
41
2789
-2818
172
-182
16
15211
-14779
-394
-54
210
-191
313
-309
143
124
-292
70
12
147
-222
3168
-3176
22
4
-25
461
-413
1567
-1604
24788
-24799
396
4592
-4907
107
-175
10278
-8274
-925
-878
-151
-34
54
-62
76
-81
5500
-5496
-20
2482
-2410
-47
-21
27
-32
20
649
-666
98
105
-176
117
1734
-1378
3649
-4077
-68
78
-86
20
48
101
28
1336
-1440
11
-93
-3
17
2866
-844
-2042
33
-30
31
10186
-10140
-76
-9
48
165
19385
-19551
8
51
102
-198
460
-425
19
-20
-43
1883
-1882
44
101
-145
13
42
9408
-9444
74
2101
46317
-48504
2
31
51
85
-133
433
-468
30
-24
84
593
-675
-2
84
-99
34
-7
-4
134
174
-87
105
-330
4427
-4447
23
4065
-4083
7
37
338
-99
-187
-111
4
1
-10
0
-1
6
1
-7
4
0
2
3
-9
7
1
0
-7
-1
10
2:-2
4
-10
4
-4
6
8
-10
2
4
1
2:-1
-8
4
-1
7
3
-8
0
5
2:-5
13
2:-7
5
1
5
2
-7
7
-3
-10
11
-11
6
2
7
-9
-6
8
3
-11
2:7
-13
8
-9
1
4
1
-6
1
4
0
4
5
1
-8
7
-14
4
3
-6
-1
0
7
-1
-2
0
4
-3
1
-5
13
-6
-1
2
-2
3
-10
1
6
-6
5
-6
4
7
-7
9
-3
-5
0
-1
-4
0
1
6
-2
10
-3
-8
4
0
2:-4
7
-1
2
-3
-5
1
5
6
-4
-8
1
2:5
-10
10
-2
1
-6
9
2
-14
14
-7
-1
3
-4
4
-4
9
-6
2
-11
2:0
13
1
-9
1
-6
1
4
9
-6
-3
-4
8
-5
-4
5
-5
1
13
-14
1
2:0
-1
0
5
4
-8
0
9
-6
-4
0
4
0
-4
4
6
-9
3
8
-11
9
-10
0
4
-3
12
-12
-1
1
-1
0
9
-2
-7
10
-10
1
8
-1
-8
7
-3
11
-10
3
0
-1
-7
1
4
-5
1
-1
16
-12
0
5
-4
0
-5
0
10
-3
0
-1
-5
6
3
2
-7
-4
12
-6
0
-7
8
2
-10
5
-5
10
-9
3
5
-1
-7
-1
1
5
2
-2
-5
14
-14
12
0
-4
2:1
-7
-4
1
-1
12
-11
0
8
-2
-6
7
-7
-1
11
-5
7
1
-2
-12
-2
3:0
1
0
3
0
-4
1
0
1
-1
0
5
-4
0
-1
0
3
-3
0
2
-2
1
-1
3
0
-3
0
3
0
-1
2
-5
3
2
-5
1
-1
1
0
-1
2
-1
4
-1
-3
4
-4
1
-1
4:0
4
-4
2
1
-3
4
-1
-4
1
2:0
1
2
-3
1
-1
3
-3
3
-3
4
-1
-2
-1
0
1
2:0
-1
3
-3
1
2
1
-4
3
-3
0
4
-3
-2
1
4
4:-1
2:0
4
-3
-1
0
4
-4
3
0
-2
0
-1
0
3
-3
4:0
1
-1
3
2:0
-3
2:0
4
-4
-1
5
0
-4
1
-1
4
-1
-2
2
-4
4
-3
0
3
-3
1
2
-4
0
3
-1
2
0
-4
4
-3
-1
5
-5
0
1
2:2
-4
0
-1
1
4
-3
0
-1
3
1
-3
-1
0
4
-4
3
0
-3
4
-4
3
-4
4
-1
-2
-1
1
2
1
-3
2
-3
2:1
-2
5
-4
4
-4
3:0
-1
1
3
-1
0
-1
-2
1
3
0
-3
4
0
-1
0
-4
5
-4
4
-1
1
-4
1
0
2
-3
2:0
1
-1
4
-4
3
0
-3
0
3
1
-5
2:1
-2
2
0
-1
2
0
1
-2
2
0
-4
0
1
3
-3
3
1
-3
5
-3
1
5
-1
-6
84
-83
-1
13
7
-18
8
-10
13
-10
-2
5
-6
0
2
-2
6
2
-2
-4
2:-1
0
8
-7
-1
1
2
-3
2:0
4
-4
3
-3
36
-36
4
-3
-1
2
13
0
-12
4
-6
2
-2
0
18
-19
0
8
-7
4
-1
3
-6
0
1
-2
3
-3
2
2:-1
2
4
9
-14
40
-28
-11
2:0
54
-53
1
7
25
-35
-1
3
19
-12
-10
2:1
9
20
1
-23
-9
2:3
1
-5
1
3
4
-7
5
-8
4
-4
2
49
1487
-1532
-5
83
-44
-40
11
1
-6
-1
-5
0
4
2
12
-7
-11
24
-21
-3
145
-134
5
-11
-4
15
4
-5
-11
1
-1
416
-367
-41
-11
0
6
-5
0
114
-109
16
-20
-2
187
-188
11
-7
34
-35
-2
1
13
-9
-4
10
1
-3
-7
85
-88
7
9
-8
10
-15
63
-66
453
-449
69
65
-128
3
-2
659
-628
29
-58
0
-12
18
-15
-4
4
232
-234
0
141
-130
-7
-3
6
-6
2
19
-24
4
68
-67
17
218
-240
18
-7
-9
8
-6
3
1
-3
-5
36
-20
-7
-9
1
0
82
-54
-27
7
-8
18
323
-339
9
-9
2:-1
212
-210
3
17
-3
-20
1
11
-7
-2
-3
23
-22
0
1
3
-3
3
383
-386
1
128
64
-185
7
-14
-3
56
-30
76
-102
12
-6
12
-4
-11
4
-4
1
8
-2
2
-6
-1
16
-7
-13
529
-530
5
-5
0
2
-2
0
68
-38
-30
1
-1
6:0
2:1
-2
1
-1
1
-1
3:0
4
0
-4
4:0
2
2:-1
1
-1
0
1
2
-3
1
-1
1
2
-3
2:0
1
0
-1
2:0
1
-1
2
2:-1
2
1
-3
4:0
4
-3
-1
0
2
-2
0
6
-6
0
1
-1
1
-1
1
-1
2
-2
11:0
2
0
2:-1
1
-1
3
-3
4
-1
-2
2
2:0
-3
1
0
-1
3:0
4
-3
3
-4
4:0
1
-1
4
-4
0
1
-1
2
-1
1
-2
3
-3
0
4
-4
1
-1
5
0
-5
0
4
-4
0
5
-4
-1
2:1
0
-2
5
-4
2:0
-1
2
-1
1
-2
1
0
-1
0
2:5
-8
-1
2:0
1
5
-4
-3
4:0
1
-1
0
1
-1
4
-4
1
-1
2:0
4
-4
3:0
1
2:0
-1
2:0
3
-3
3:0
3
-3
3:0
2
-2
3:0
2:1
0
-2
2
-2
3:0
2
-2
2:1
-1
3:0
-1
1
2
-3
0
1
2
-3
4
-4
2:1
2:-1
2:0
3
3:-1
1
-1
0
1
-1
2:0
1
-1
6
-6
2:0
3
-3
1
2
13
-16
2:0
1
2
0
-3
3
-3
6
-1
-4
3
-3
-1
3:0
2
2:-1
6
-6
0
1
-1
0
3
-3
2:0
2
-2
7:0
1
-1
5:0
2
-2
1
-1
8:0
1
-1
9:0
3
-3
9:0
1
-1
27:0
1
-1
12:0
1
-1
0
3
-3
3:0
2
2:-1
2:0
1
2:0
-1
0
1
-1
6:0
1
-1
7:0
1
-1
6:0
2
2:-1
1
-1
0
2
-2
11:0
1
-1
1
-1
4:0
5
-5
2:0
3
-1
-2
12:0
2
-2
2
2:-1
5:0
1
-1
3:0
3
-3
1
0
-1
12:0
2:1
2:-1
0
1
0
-1
4
-3
-1
1
-1
3:0
1
4
-5
0
1
0
-1
2:0
1
-1
1
-1
13:0
2
2:-1
0
1
0
-1
5:0
2
-2
end
