v1
884
1188
41
854
552
57
56
7
43
474
140
211
612
140
56
384
152
597
56
15
340
111
260
304
372
160
297
563
1136
257
262
912
823
125
825
100
442
339
69
568
539
366
85
620
121
651
394
275
826
51
294
109
503
29
51
32
158
153
118
82
147
50
65
38
319
381
359
225
453
71
314
39
29
87
284
175
141
227
259
433
116
325
299
15
33
83
299
41
1511
301
627
367
1
75
50
325
913
33
440
19
107
7
8
147
30
10
283
110
692
20
184
452
175
70
121
8
3:43
62
266
38
100
54
47
61
147
88
0
86
126
5
23
198
151
225
578
31221
272
5
22
9
259
24
51
173
142
54
36
8
22
1331
255
5568
2
326
6693
10816
12405
793
830
12747
2
8082
12303
1433
106829
16643
7741
73
9417
32443
300
89
5
55528
2
7
157
36
18
57
162
27
13
12
11
3
814
42926
1668
539
1188
970
3
233
1
130
10
43303
36
-461357
155
25
17
2
315
15
148
87
221
0
1
180
60
139
39
9
26
81
23
230
136
66
18
35
0
14
65
31
204
189
65
60
59
65
11
70
235
504
27
3
167
30
32
62
363
43
435
341
130
72
8
0
166
0
255
251
44
50
9
24
20
76
6
0
146
96
10
129
65
22
19
62
37
19
107
354
122
138
94
1
265
189
276
44
46
121
14
0
9
22
12
105
62
46
0
291
95
5
110
53
67
14
75
53
155
18
117
79
57
90
38
11
61
32
85
46
111
87
20
37
59
8
79
180
138
4
0
106
87
168
7
335
109
16
71
3
50
321
297
13
111
180
72
6
115
67
79
31
144
9
220
110
178
117
88
18
147
0
92
88
39
190
251
118
213
41
342
41
53
2
43
199
127
150
527
43
50
64
98
190
104
97
176
109
151
65
8
59
338
7
177
4
51
50
6
19
56
13
6
7
1
8
3
31
48
3
11
3
117
11
5
3
11
88
90
75
8
49
10
6
53
55
18
54
18
20
17
127
261
60
156
87
1
78
7
88
258
237
45
96
123
138
70
204
12
2:0
33
226
234
156
265
27
128
111
207
272
144
27
248
0
6
17
187
136
0
35
2
67
69
18
163
66
13
244
93
114
86
7
12
132
43
45
256
249
457
148
25
12
322
55
50
6
0
66
43
25
1
80
2
75
187
131
10
312
122
348
112
7
44
23
334
33
96
10
40
6
0
27
11
6
36
53
7
30
67
95
4
160
419
139
28
186
108
63
99
2
36
142
105
3
63
296
55
38
33
158
224
67
1
11
2
6
204
73
22
161
60
47
31
22
8
37
90
18
51
16
138
38
84
107
21
68
38
115
109
86
16
92
157
2
83
6
3
46
17
21
20
2:57
101
25
31399
7
2:0
2
72
9
7
0
23
56
1
65
33
50
3
2
5
4
3
30
24
6
32
23
69
85
1
9
8
13
143
0
1021
44
109
5
63
79
64
29
10
0
194
37
2969
2877
1878
2065
10333
1092
18
14534
3718
0
4973
1227
925
3524
2
0
4
10
8075
23
2805
882
943
15
2466
983
0
1014
3146
1
16
4
3
1
4987
116367
1
3543
40476
9066
69
32
7
34
17
7
0
11
48
71
4
40
47
14
2:12
80
4
23
9630
1380
43632
731
1
40
97
14
171
2
15
52
12
74
2
97
16
35
4
1
4
2
32
3
706
29
82
114
18640
2294
3093
1178
9030
0
2004
1247
5789
1102
954
133
56
40
1061
488
44
9
2:1
5
1
19
0
9
10
1
0
2:1
55
62
24
4:2
5
43
23
12
15
39
4
16
30317
1513
8742
58
631
172
212
303
312
0
56
69
597
440
-460399
141
469
443
137
129
1213
363
1706
438
1422
413
534
275
1317
45
1404
1185
268
227
33
391
159
151
629
958
388
663
34
166
41
1229
70
134
18
129
201
97
170
30
11
38
521
37
81
1442
1088
9
950
52
41
97
317
442
286
258
238
363
245
258
801
693
2178
589
1302
656
335
220
56
474
949
115
91
35
31858
1457
60
530
13182
29492
5226
10268
2861
6331
135870
41902
79
138
57
55477
505
65
43226
3348
1596
244
28
39034
3069
563
1409794200
199:0
1
583:0
1
99:0
50
1976
1392
-2667
-233
583
866
-1904
751
-762
153
-152
238
-79
-157
70
86
142
-277
12
13
704
-762
33
-22
65
-50
1327
-1243
-18
-54
180
751
-907
-3
4565
-4438
-175
676
-649
874
-712
347
-297
18
136
-271
-77
20
-7
23
604
-600
-93
564
-561
27
-4
267
-155
-118
99
-53
96
433
-582
-14
40
208
103024
-97104
-6145
143
-123
226
-97
1
-161
39
218
-234
-1
36
265
-325
125
-50
140
-197
17
86
9707
-9151
-607
-79
14
-14
2476
-2468
483
819
-1206
14761
-14494
-258
104
-53
-119
291
472
-742
-8
85
-124
2940
-2948
90
-73
103
336
-389
1554
27919
-29359
9087
-9213
119
-116
2
16556
-16338
1659
-963
-940
-29
3600
-3557
-39
2479
-2418
-84
115
96
7334
-7181
-360
54
1517
-1208
-293
112
-79
898
-669
2193
-2517
3489
-720
-2780
259
-259
4370
-4366
22464
-22414
11
167
236
-264
490
10488
-11135
315
13139
-13362
-140
784
28630
-29230
-93
107
49
-237
27
101
799
-861
-51
294
-299
279
-244
40
-92
181
201
1388
2035
-3519
-265
-63
1
-4
9
-7
5
-7
15
-10
-2
2:-1
0
15
3
-20
32
-32
2
9
-2
-4
17
-19
-2
2
1
0
2
9
-5
-4
14
3
-13
26
-8
-18
-8
0
8
1
-10
5
-6
2
8
-3
-4
2
3
-2
0
-1
-2
29
-32
1
4
-4
1
18
-11
-4
2
-1
27
-12
21
-16
-19
1
-6
21
-16
1
-5
14
-7
-10
3
-3
4
1
10
-11
2:8
-4
-13
33
-26
-9
1
17
-1
-11
-3
3
19
-16
5
-10
0
-3
12
-2
5
-6
-4
-6
8
3
-7
-2
8
-8
11
-13
4
-2
6
-7
2:1
5
-3
0
30
-34
10
-2
0
10
-13
-3
20
-14
-10
15
-13
10
6
-15
1
-2
2
25
-24
-1
-3
0
3
13
15
-29
1
0
-1
17
-10
-9
9
-5
25
-23
-4
1
3
-6
4
-1
-3
39
-18
-16
7
-12
0
6
-6
3
3:-1
6
14
-20
0
14
8
-8
0
-15
4
-1
18
9
-28
22
-21
3
-2
7
9
-4
2
-5
15
-28
11
0
-10
16
-11
-3
1
21
-23
16
-16
1
-1
-2
3
2
9
12
0
-24
2:-1
8
20
-25
-1
30
-30
2:1
-4
7
-4
-1
2
8
-5
6
7
-7
20
-28
-4
14
-6
0
3
-3
16
-14
-8
1
10
-10
-1
15
7
11
-27
12
-21
33
-29
-3
0
3
5
12
-18
1
14
-7
-1
-10
2
-1
28
-29
9
7
-12
7
-9
24
-15
-4
7
-8
-2
-4
0
9
-5
13
-13
4
-3
-5
0
2
8
3
-10
2
19
-16
-7
25
-26
11
-1
0
1
-5
-3
2
2:-1
4
2
-8
39
-38
9
-3
-6
4
9
-15
4
3
-7
3
25
-23
-4
0
23
0
-16
-4
-2
-1
3
-3
21
4
-25
5
8
0
-10
-1
11
16
6
-36
7
0
14
-18
16
-12
-1
17
-11
25
-27
-7
6
-6
6
-8
7
27
-35
15
-14
6
-4
29
-23
6
-13
2
-1
-3
2:1
0
1
0
2:-1
0
6
27
-19
8
-21
7
-3
2
-8
6
-4
3
7
25
-35
-1
32
-28
2
-3
-4
2
-1
26
-24
15
-9
-8
5
22
-14
-10
12
-4
-5
0
-3
3
-7
25
-15
5
4
-19
28
-15
24
-34
-3
8
17
-20
7
-3
30
-31
-8
7
-2
1
7
-1
-10
35
-34
5
-4
-1
24
-16
13
-13
3
21
-28
-4
0
13
-15
0
2
2:0
2
-1
0
12
-3
-11
2
7
-2
22
-25
-2
7
-9
1
2
38
-31
11
-17
-4
1
-1
13
-11
0
2
-4
8
-1
25
-30
4
7
-6
-1
-5
-1
40
-19
0
-17
0
-4
18
-8
-11
4
-4
39
-39
11
-11
19
-5
-10
24
-22
-7
3
0
1
24
-22
0
2
0
-7
6
-7
2
1
18
7
-26
-1
37
-37
4
1
-4
1
3
21
-22
-1
10
-10
-1
-2
5
0
16
2:-6
-1
-8
4:0
1
-1
3:0
1
-1
1
0
-1
5:0
1
-1
0
1
-1
0
1
3:0
-1
0
1
-1
0
1
0
-1
1
-1
0
1
-1
1
-1
0
1
-1
7:0
1
-1
1
-1
4:0
1
-1
5:0
1
2:0
-1
5:0
1
0
-1
0
1
-1
2:0
1
-1
4:0
1
-1
1
-1
2:0
1
1
11
91
-97
10
5
-19
1
2:-1
13
-8
-2
-3
0
5
-5
0
2
-2
8
-8
0
10
-10
2:0
24
-17
9
-11
-5
21
-21
7
1
2
-3
-6
1
-2
2
1
-2
16
34
-37
-12
0
48
-49
3
4
-1
32
-9
-12
11
15
-44
7
1
-5
11
-13
2
0
-3
40
1505
-1437
-107
34
-19
-2
-6
-8
18
1
-17
4
10
-13
96
-94
6
-6
13
-4
2
-8
444
-411
-31
-9
4
0
102
-95
18
-22
-7
195
-196
7
-3
35
-34
19
-12
3
-4
-2
-1
83
-87
-1
10
-13
24
-18
48
386
-386
88
-135
2:0
-7
524
-473
3
-39
-12
6
293
-302
1
124
-115
-2
-8
0
29
42
-68
17
204
-210
1
-5
1
36
-47
35
-26
90
-66
-33
1
13
266
-276
185
-186
13
2
-15
4
-1
23
-25
6
379
-389
2
120
91
-211
57
-25
42
-70
5
2
7
-19
2:1
8
1
-1
-5
-3
18
-21
23
425
-389
-35
-24
2:0
1
-1
8:0
2:2
-4
5
-5
2:0
1
2:0
-1
0
1
-1
2:0
1
-1
0
1
9
-10
0
1
-1
2:0
1
-1
9:0
1
0
-1
7:0
2:1
-2
0
3
4
-4
-3
1
0
-1
0
2
-1
3
-4
2
2:-1
2:0
1
-1
2
2:-1
2
0
-1
1
-2
2:0
1
0
-1
2:0
2
-2
1
-1
1
-1
2:0
3
-2
-1
4:0
1
2
-3
2
-2
2:0
1
0
-1
4:0
3
-3
3
-2
-1
7
-7
0
1
-1
4:0
3
-3
8:0
1
-1
2:0
1
3:0
-1
0
2
-2
1
-1
1
-1
2
-2
3:0
1
2:0
-1
4:0
1
-1
3:0
2
-2
0
3
0
-3
5
-5
1
-1
3
-2
-1
3
-3
2:0
2
1
0
-1
-2
1
-1
0
2
-2
1
-1
2:0
3
-3
1
-1
0
1
-1
1
-1
2
4
1
-7
2:0
2
0
-2
0
2
-2
3:0
1
-1
2:0
2:2
1
-4
2
2:0
-3
5
-5
1
0
-1
1
-1
1
0
4
-4
-1
4
0
-4
0
3
-3
11
-11
3:0
2:1
-2
2
4
-6
4:0
2
-2
0
1
0
3
-4
3
0
-3
3
-2
-1
2:0
1
-1
2
-2
5:0
2
-2
2:0
2
0
-2
8
-8
4
-4
1
3
-3
-1
2
-2
0
1
4
-5
2:0
2
-2
0
2
2:-1
1
3
-4
0
2
-2
10:0
5
-4
-1
5
0
-4
3:0
2
-3
3:0
2
-2
5
-5
2
8
-10
2
-2
3:0
1
-1
0
4
-4
2
-2
0
1
4
-5
1
-1
3
0
-3
2:0
1
-1
4:0
2
0
-1
3
-4
2:0
1
-1
2:0
1
0
5
-6
0
2:3
-6
6:0
3
-3
2:0
4
2:-2
2
-2
3:0
2
-2
2
0
-2
2:0
4
7
3
-14
0
2
2:0
-2
2
3
-5
0
4
-3
0
1
2
-4
5
-5
0
1
-1
5
-3
1
-3
0
2
-2
1
-1
1
-1
4:0
2:1
2:-1
4
-3
4
-3
-2
3
-3
1
2
-3
1
-1
2
1
9
-12
1
-1
0
2:2
-4
1
-1
1
2:2
-5
0
13
-12
1
-2
0
12
-11
1
-1
0
-1
0
1
-1
4
-4
8
-8
2:0
5
-5
2
-1
0
-1
3
0
-3
4:0
1
-1
3:0
1
-1
3
-2
-1
8
-8
3:0
1
-1
5
-5
0
3
0
-3
0
1
0
3
2:-2
1
-1
12:0
1
-1
17:0
2
-2
7:0
1
-1
1
-1
26:0
1
-1
22:0
1
-1
3:0
end
