v1
826
1598
366
119
551
58
56
22
28
722
44
59
58
554
580
152
295
98
260
195
271
425
10
194
307
160
297
116
339
156
399
21
135
31
225
277
72
152
33
262
257
453
92
110
673
275
297
134
0
494
348
94
258
81
69
57
31
842
42
239
519
167
402
235
416
205
95
94
275
109
283
485
44
250
404
181
56
45
6
32
81
77
2
23
127
1
118
73
9
74
59
64
65
3
92
17
14
231
85
362
173
120
225
524
314
0
33
6
116
284
54
121
141
263
223
146
287
129
312
299
46
2
153
229
41
508
1003
301
93
423
111
24
250
93
1
75
50
325
205
431
277
345
128
19
38
69
7
8
147
40
2
281
110
611
36
65
184
452
95
80
70
121
8
3:43
6
271
51
38
100
54
0
47
61
0
147
88
153
59
5
23
104
94
33
115
3
225
578
31493
5
0
22
9
204
33
42
11
44
85
69
19
76
1
65
54
36
8
22
1220
111
71
184
47
3310
2211
328
1553
1711
2053
1376
10816
12405
793
7895
417
816
925
3524
2
4
8087
3708
958
2453
13
983
4179
5
1428
106829
16642
1
7741
73
9417
32395
26
22
26
242
12
73
36
5
9635
45776
126
157
7
2
27
75
145
17
27
13
3
5
4
11
2
34
49
672
82
103
20945
4271
19253
539
334
189
665
970
3
49
4
157
23
40
91
9
1
40771
475
675
380
261
741
36
-461357
529
159
486
52
187
8
48
610
140
117
320
281
184
771
1211
14
9
107
394
122
383
228
189
133
611
116
366
1457
244
550
9
29
110
93
497
203
150
365
413
54
979
139
959
358
337
29
55
650
73
68
902
380
189
2
10
980
8
0
59
312
26
3
175
37
99
38
30
33
24
538
29
132
19
182
93
201
939
45
219
414
10
0
775
166
128
323
68
370
248
6
171
174
765
153
66
1284
405
55
233
115
56
131
1042
74
280
47
139
73
143
166
160
772
270
185
110
30
374
1177
121
345
107
71
56
166
48
323
19
113
63
21
260
31401
91
83
70
93
290
23
1307
160
90
10706
9647
1110
4004
1583
742
8205
6494
5653
10304
7
6201
1407
1550
3120
16
8
121354
6263
4990
41948
14
37
9
50
75
40
93
70
2
54669
883
7
221
100
148
11
1
740
24252
3173
4601
2434
8555
485
1592
2286
3
53
43
80
26
39
116
4
31830
10555
357
-460590
87
256
269
17
281
4
296
316
294
53
79
62
7
110
414
157
378
73
71
205
43
407
286
297
47
387
80
820
78
406
0
491
149
70
125
203
49
18
53
17
25
73
242
1
460
4
294
29
160
658
53
596
0
304
146
65
34
9
676
55
640
179
681
38
71
152
32
484
24
348
1
172
61
19
72
82
0
285
638
0
10
513
31
0
96
20
0
92
110
560
50
179
47
158
148
235
100
61
184
0
43
76
15
145
246
0
38
18
30
14
28
33
141
8
52
142
2
4
0
13
88
19
81
118
28
156
141
133
116
129
16
55
346
214
122
99
11
521
216
0
12
247
42
211
137
265
327
170
78
170
131
311
323
104
69
104
607
43
50
64
123
10
2
296
404
111
26
151
0
7
173
12
186
228
13
75
40
108
173
89
8
123
322
404
172
70
6
88
55
160
80
109
31
6
326
164
108
90
236
533
158
212
237
10
60
76
24
352
102
74
143
229
4
142
92
22
6
2
17
20
0
107
424
6
23
103
230
102
20
72
118
41
52
36
2:25
75
40
15
10
32
31606
12
4
140
81
12
79
113
17
6
38
198
38
6
1
1033
2:28
476
5895
1878
5467
1815
1433
20947
1211
10158
1380
10903
6331
8150
11905
91130
24587
79
19
38189
2624
1058
22
113
253
11
9619
26082
19661
41
0
311
40
185
803
7
29
69
47
3518
15195
9800
3361
2434
3251
4726
3
813
203
2233
10
86
1603
26
116
15
45
78
49
0
41199
259
183
257
356
834
251
1409684400
299:0
1
199:0
1
325:0
25
38
4228
-4271
86
1325
-1372
634
-596
-23
227
1451
-1434
-99
-2
-70
-127
391
-350
379
-424
126
-36
7
-88
129
-120
2
-18
-2
833
-822
14
162
290
-477
13
25
51
-83
-4
51
-39
-14
139
-75
67
0
-121
-8
265
-142
255
-335
581
-589
-6
20
-46
18
-22
188
-172
50
-52
-14
321
-240
-78
19
1493
-1515
90
-90
16
71
-89
97
-40
-46
31
-32
79
-74
107
-18
-68
669
-552
52
-205
1343
-1199
-144
25
26
16
-57
50
22
-47
-29
658
116994
-117645
76
7290
-7129
-244
16
161
-145
231
-243
-22
145
-146
2330
-2288
61
345
-363
2
197
-285
107
-28
-70
-4
435
-383
-55
1850
14430
-10069
-6215
2
3
113
-104
-1
2420
-2301
-129
244
-236
48
53114
-53141
-27
30
305
-294
217
13
29
-260
-43
39
-38
14
2755
-2764
534
-537
-1
19
980
-980
911
-931
37539
-36499
-1036
5188
-4753
-417
19
9589
-8687
1409
-2356
157
-137
-11
14
48
14233
-14304
14
3487
-3431
239
-290
-18
25
111
390
202
-713
1241
-1142
-45
-38
-7
938
-790
207
849
-1154
-74
10
602
-550
276
347
-48
-632
0
34
2399
-1829
-570
-17
68
755
-838
25
2908
-2919
1020
-977
-55
28
-30
0
23386
-23281
-77
43
-66
28
371
546
-876
-82
220
316
-530
47
-11
133
-123
17027
-17019
37
4481
72209
-76766
51
-69
81
-69
247
-251
30
-32
0
257
-121
-120
29
-43
33
-44
40
36
-52
165
-186
16
9
20
145
-173
-17
33
193
-121
-72
32
-67
1663
-1653
-11
56
-55
8
553
-405
-164
4
1
-6
3
-2
-3
1
5
2:-1
-4
2:2
3
-4
2:0
-2
-1
3
0
-1
2
-1
-3
1
-1
2
3
-1
1
-2
1
-4
7
0
-3
-4
2
1
-2
3
-3
5
-3
1
3
-5
-2
1
0
7
-5
2:1
2
-6
0
-1
4
-1
1
-3
2
5
-7
8
-5
1
-2
0
-1
4
3
-8
1
-1
3:0
6
3
-7
2:-1
6
-2
4
-6
0
-2
2
4
-4
-1
1
-2
2:0
1
5
0
-6
2:2
-4
0
2
3
-5
2
-2
6
-6
-1
0
3
-2
8
-5
6
-8
7
-5
0
3
-1
-2
-1
1
-3
9
-10
8
-7
4
-3
0
5
-4
-1
-2
2
-1
2:0
2
-2
0
-1
1
0
2:3
-6
-1
1
3
-3
7
-6
2
-1
0
2
-4
2
-1
6
-5
-1
1
2
-4
8
-7
7
2:-3
-2
6
-6
-1
2:4
1
-5
4
-7
5
-5
4
-1
2:0
-1
0
5
-7
-2
1
-1
-2
0
1
2
-3
0
2
-1
0
-1
2:0
2
-2
1
0
-1
1
0
-1
1
0
1
-2
3:0
1
0
-1
0
-1
2
0
-1
2:0
2
0
-2
2
-3
1
2
-1
1
-3
2
-1
1
-2
3
-2
2:0
-1
1
2:0
1
-1
2:0
1
-1
2:1
2:-1
2:1
-2
3
-3
2
-3
2
0
-1
0
1
0
1
0
2:-1
1
0
-2
2
-1
0
1
0
-1
2:0
2
-2
0
2
-3
2
2:0
2:-1
1
3
0
-3
-1
1
0
3
-3
1
0
1
-2
0
1
-1
4:0
2
-1
0
1
0
-2
3:0
1
0
-2
4
-2
0
2
-3
2:0
1
-1
2
-2
2
2:-1
1
2
-4
2
-1
2
1
-3
1
2:0
-1
1
2:0
-1
2
0
-3
1
4:0
1
2
-3
-1
2
0
1
3:-1
1
2
0
-1
2:0
1
2:0
-1
0
-1
3
-3
-1
3
-3
1
2
-2
3
-4
2:1
2:0
2:1
-1
2:0
-1
0
-2
2:1
-1
0
2
-1
0
2:-1
1
0
1
-1
2
2:-1
0
2
-2
4:0
1
0
-1
0
2
0
-2
2:0
2
-2
2:0
2
-2
-1
1
2
-3
0
3
0
-3
3
-2
3:0
2
-2
3:0
2:1
-2
2
-2
1
0
1
-2
2
-2
-1
2
1
2:-1
2:0
2:1
-2
2
-3
2
0
-1
2
-1
2:0
-1
0
2:1
-2
-1
2
-2
0
1
3
-4
2
1
2:-1
1
8
92
-100
13
2:1
-10
-5
0
14
-12
9
-10
11
-11
0
-1
3
2:0
2
-4
12
-13
2:1
0
1
-3
0
2:1
17
-3
-16
1
3
13
-15
2
-4
4
-4
14
-14
7
0
-2
-5
17
-17
9
-7
2:0
-1
1
0
-2
0
4
2
-2
-4
0
39
-30
-6
-2
4
-5
37
-35
5
-3
-2
3
12
-10
25
-27
-5
2
19
7
-26
41
-34
2:-2
13
-12
-4
3
-4
3
-2
5
-2
1
-2
43
1629
-1672
-3
102
-70
-26
-3
4
-2
-6
9
-6
6
-6
4
2
-9
55
-35
-18
13
-12
17
-5
-11
3
2
-7
-2
7
420
-305
-120
-2
0
1
-1
7
109
-106
-6
17
-15
-5
346
-342
-5
7
26
-32
-1
17
-5
-4
-7
11
-12
4
111
-111
-1
1
-3
8
16
-24
50
-40
591
-556
-46
113
-110
1
10
482
-453
-3
-35
6
-6
-5
1
13
197
-210
12
148
-148
2
-12
-2
-1
11
9
-15
2
64
-68
-1
2:7
200
-192
4
-25
3
-5
1
2
-1
35
-5
3
-36
1
5
80
-62
-18
-5
1
10
-7
27
228
-256
13
-10
-7
2
11
-12
263
-263
3
10
-10
12
-14
14
-10
-5
7
3
-10
4
-4
5
-3
459
-457
-5
352
-234
-114
12
-16
27
-25
38
-33
5
-12
1
19
-12
-7
-1
0
2
-2
0
11
-9
17
-16
3
2
3
-4
2:-2
-1
-2
16
-7
2:-4
224
-225
5
-5
5
-3
90
-59
-32
0
-1
0
1
0
-1
0
1
-1
4:0
1
-1
6:0
2
-2
1
-1
0
3
-2
-1
2:0
1
2:0
1
-2
0
5
-4
0
-1
2:0
3
-3
0
3
-1
-2
2:0
1
-1
2
-2
0
1
-1
5:0
1
0
-1
4
-4
1
2
-2
1
-1
2
-3
1
-1
1
0
2:3
-2
-5
2
-2
2
2:0
-1
4
-5
1
0
-1
3
-2
4:0
-1
4
-3
-1
2:0
1
2
-2
-1
9
-9
7
-7
1
-1
1
-1
4
-1
2
-5
4
-4
0
1
-1
2:1
0
-1
0
-1
1
0
-1
4
-4
3
-3
4
2:-2
4:0
3
-2
-1
0
5
-4
0
-1
0
1
3
-3
-1
3:0
2
-1
0
1
-1
2
-3
2
2:-1
1
-1
3:1
0
9
-11
-1
0
2
1
-1
-2
3
-2
0
-1
4:0
3
3:-1
10:0
1
-1
3:0
1
-1
13:0
1
2:0
-1
0
1
-1
6:0
1
-1
5:0
1
0
-1
17:0
1
-1
31:0
2
-2
13:0
1
-1
14:0
1
-1
9:0
4
-4
23:0
1
-1
2
2:-1
16:0
1
0
-1
2:0
2
-2
1
-1
2:0
1
0
-1
10:0
1
0
-1
1
-1
3:0
1
-1
13:0
1
-1
0
1
-1
21:0
1
-1
1
-1
2:0
1
-1
21:0
15
-14
-1
1
-1
1
-1
3:0
1
0
-1
6:0
2
-2
2:0
2
-2
2:0
1
-1
4:0
end
