v1
792
317
346
80
237
249
167
72
130
0
366
119
102
325
124
58
56
7
15
28
118
76
159
25
114
41
127
62
103
262
62
186
102
140
297
143
152
89
102
28
72
102
204
56
466
435
194
307
353
104
116
70
269
61
247
403
0
31
88
137
277
224
33
20
242
1
123
70
431
85
0
157
45
101
109
353
79
31
255
12
8
431
494
363
79
339
69
10
12
35
775
22
118
135
231
8
182
96
273
0
289
113
288
250
73
40
125
146
27
2
94
257
18
16
93
64
112
492
100
294
119
278
7
181
56
45
6
32
18
37
26
31
46
2:2
1
21
127
118
73
9
74
40
19
6
39
19
65
3
35
19
38
17
127
51
67
374
73
78
95
120
225
524
304
10
33
6
116
284
54
156
12
94
85
401
433
410
17
14
140
23
136
10
5
23
10
66
87
270
528
225
1059
71
22
219
204
105
30
344
75
50
655
249
57
0
19
29
229
33
276
36
128
19
107
2
5
8
147
323
110
609
2
72
29
82
102
452
175
191
8
43
86
277
51
38
100
54
44
3
61
55
90
2
88
153
59
5
23
196
0
2
376
51
127
35
113
252
40
31453
5
22
9
204
33
42
11
44
85
69
0
19
66
10
8
58
54
36
8
22
1152
68
111
71
231
3310
2211
324
4
1553
5140
7581
3235
12405
3
790
9128
4449
2
4
8078
9
0
3708
943
15
1533
920
13
1997
27
3136
2
6
1414
13
106829
13098
3544
1
7716
25
9490
2665
20579
9066
101
10
18
4
268
2:12
8
53
23
13
5
54647
890
157
7
2
15
12
18
57
53
109
27
12
1
2:4
2:2
11
2:2
81
643
49
3621
17489
4271
9030
8555
1668
539
334
189
40
625
436
330
202
2
1
2
11
41
1
180
37
3
82
9
4
5
1
30302
10577
367
384
291
10
314
536
226
296
36
0
-461343
118
110
366
315
27
255
21
15
59
65
74
242
82
230
0
21
205
437
119
82
43
52
12
340
49
156
637
191
572
217
0
75
32
50
154
616
79
0
76
106
142
60
79
0
17
70
8
380
41
16
318
330
32
50
156
16
6
0
54
0
320
46
5
118
78
144
18
182
109
0
18
129
200
100
34
0
73
35
357
9
0
648
8
575
178
0
11
450
17
476
212
393
223
483
110
322
61
0
85
234
26
431
72
101
275
7
1
13
289
0
101
130
220
129
87
54
191
50
30
322
55
351
46
0
131
0
313
19
65
112
0
5
172
101
197
2
8
23
13
11
17
23
60
50
16
26
0
7
164
19
30
90
7
10
53
22
6
80
38
28
4
17
24
40
71
0
130
96
293
256
112
263
112
109
60
61
203
208
1130
27
100
307
44
208
59
144
742
312
337
114
292
560
140
439
58
169
76
60
55
50
0
129
54
38
77
98
67
21
9
85
38
177
142
3
404
0
66
565
94
2:46
87
0
37
162
123
5
66
325
79
0
333
178
22
158
171
41
335
143
61
57
39
124
151
543
64
185
300
45
107
89
38
0
9
205
3
109
70
72
11
57
1
80
48
2:25
17
98
15
33
9
111
15
31449
4
27
16
140
93
12
31
29
32
196
1109
118
30
50
169
287
43
13
272
3035
2530
7345
11310
4306
5373
3206
0
9223
872
432
842
1394
0
8075
7124
2007
3146
1
6
1
19
121353
11311
28
23
0
40991
876
22
9
90
35
40
165
27
82
1
55239
51
21
29
522
5
14
2
39
8
769
196
24027
4413
0
9046
4726
3
813
247
2189
1700
0
2:8
9
0
20
43
8
47
13
5
6
1
9
11
2
0
2
3
6
35
8
66
27
16
30317
1513
8564
236
229
811
646
69
652
219
51
7
108
1409942400
399:0
1
391:0
8
-2
4
-3
20
-20
73
-43
0
-26
4421
-4413
149
-136
679
-98
-448
-137
113
-94
-40
11
-8
5
96
-94
38
146
-144
213
-189
-18
-42
-13
97
102
-191
-10
177
-174
794
-715
291
-359
18
62
-70
-22
141
-122
-3
67
-56
-20
2:-3
53
-55
404
-230
-168
44
-2
19
-65
726
-724
1
244
-162
-37
-50
33
-20
-6
12
-8
-11
0
123
51
-166
427
-194
-139
-98
-2
5
89
-92
22
-16
-9
-1
6
-2
-1
2:1
-6
127
-126
13
-12
0
2:5
9
134
83
-227
54
-50
-12
364
-365
3
109
-5
-108
8
2
-6
61
-43
30
79
-130
-2
6
-4
36
-35
-2
1
7
124
-120
127
178
-255
-22
223
-259
7
44
352
-397
-8
5
8
127
-139
-3
40
-36
63
-65
42
2:-22
148
-148
106971
-106947
12744
-12594
-171
108
-112
38
-1
66
-86
3
-14
-3
124
-127
10
55
1
-58
49
77
-133
77
291
-234
619
-655
-56
-35
-7
79
-77
5
16831
-9321
-7482
-33
-1
2
4
177
-181
27
-31
21
-2
1788
-1799
222
-203
-16
107
35918
-36028
750
-756
18
72
-13
-44
845
-709
-118
-40
1694
-1688
-1
1975
-871
-1062
1108
42063
-43230
199
5232
-5428
19
216
183
-413
2329
-2014
-25
-205
29
-39
-60
48
-70
8
3
1734
-1747
32
2780
-2768
77
-82
-18
-19
23
269
-263
-2
1
6285
-6161
-130
-10
20
14
1256
-1131
-4
-146
4269
-4129
-159
156
-69
1189
-1260
426
-28
-319
-96
6323
-5851
-458
-6
620
-612
2631
-2646
-4
5
0
50
49
-90
-13
8
-8
-1
10
-9
37022
-37018
-4
35
117
-118
-25
45
-20
408
8
-449
1023
-953
-71
68
-68
464
-423
29
-63
285
274
-565
118
8091
-8182
5284
30346
-35657
18
15
94
-76
381
-433
48
-31
-16
3398
-3398
2
-4
140
-62
-67
430
-417
-15
-5
140
-109
0
-31
139
-51
187
-274
1105
-1033
-44
-30
1
6
93
-98
1
34
-27
892
-863
-41
18929
-18808
-29
-84
45
656
-710
5
-2
87
-77
-12
95
-69
-25
201
23
-192
-39
3
-1
3
-1
-4
-1
3
-3
4
-4
4
-4
2:1
2
-3
2:0
-1
1
-1
4
-2
1
-3
4
1
-1
-4
2
0
-2
3
2:1
2:-2
-1
4
-3
4
-5
2
0
-1
4
-4
2:0
3
-3
0
-1
0
4
-1
-2
1
-1
2
2:1
-2
-3
0
2
5:0
-1
4
-5
4
-1
-2
0
3
-1
0
-1
0
-2
2
0
1
-2
2:2
-3
-1
0
-1
0
2
2:0
-2
4
1
-4
1
-1
1
-2
6
-5
2
0
-3
2:1
3
-2
2:-1
4
-4
1
0
2
-2
4:0
2
-2
1
0
-2
3
-4
1
-1
1
-1
2:1
-2
1
3
0
-3
0
-1
5
-5
2
-2
0
3
-2
2:0
-1
6
-6
4
-4
1
4
-2
2:0
1
-4
0
2
-1
3
-3
0
2
-2
3
2:-2
3:0
5
-1
-3
-1
4
1
-3
1
2
-1
-4
0
4
-4
1
2
-2
1
0
-2
2:0
4
-4
0
3
2
-1
-4
0
4
-2
2:0
2:1
-3
3
-4
3
1
2
-2
-3
-1
1
-1
2
3:0
-2
5
-5
1
2
1
-4
3
-1
0
-1
2
-3
5
-3
3
-1
1
-2
1
-2
0
1
-2
-1
2
3
-5
1
-1
0
1
2:0
-1
0
2
1
2:0
1
-3
3
-4
0
4
-1
-3
1
-1
2
3
-4
2
0
-3
3
-1
2
-4
2
2:-1
3
2:1
2:-1
2:1
-5
2:1
2:-1
0
6
-6
3
1
-3
-1
1
-1
4
3:-1
2
-2
1
-2
0
2:3
-5
2:0
-1
2:0
3
-2
3
-3
1
2:-1
2:2
0
-2
0
-2
4
-1
-2
3
-4
2
0
3
-4
1
0
4
-4
2
-1
-2
2:0
3
-4
2:1
0
2:-1
0
1
3
-2
2
-4
6
-4
-2
5
-4
-1
4
1
-1
-4
1
2
-3
1
2:0
1
0
-1
3
-3
0
2
98
-100
2:0
11
-1
-9
7
-7
1
-2
4:0
26
-26
8
-8
1
-1
12
-11
1
-2
8
-8
2
2:-1
1
0
-1
3
6
-8
5
-6
0
2
2:-1
2:0
1
0
4
-3
18
-1
-19
2
-2
11
-11
0
2:1
5
0
-6
1
-2
3:0
4
2:-2
18
-14
0
-3
15
-2
-13
-1
0
2
-2
0
3
-2
-1
0
3
-3
2
0
-1
0
-1
1
-1
4
-4
2:0
1
25
-23
6
-7
0
-2
2:0
2
44
-46
2
1
0
1
-3
5
17
-22
3
1
-3
40
-39
-3
2:0
26
-2
-21
29
-23
-7
2
0
-4
2
9
-10
-1
3
-2
2
3
-6
6
-5
8
-6
3
-5
0
49
-48
1620
-1621
92
-74
-16
2:0
-3
5
-3
1
2
-2
-3
6
-6
1
12
-11
2:-1
21
-19
13
2
-11
-4
11
-12
0
-1
7
-7
6
479
-344
-137
-4
0
5
0
-4
-1
4
-2
-1
3
107
-102
13
-19
1
2
324
-324
32
-35
-2
-1
10
-10
81
-68
-5
-4
93
-92
2
-1
16
-20
23
566
-590
15
80
-96
1
2
7
-7
444
-403
-6
-35
0
7
-5
-4
-1
0
2
176
-178
3
156
-150
1
-4
-6
0
6
20
-22
2:0
43
-47
4
-1
3
15
154
-169
19
-20
-2
3
2
-6
2
28
-32
20
7
-19
-8
73
-54
-19
1
13
11
201
-223
-3
9
0
-3
-4
-2
0
1
4
2:-2
3
233
-233
-4
5
7
-10
3
11
-14
-1
10
-11
0
1
-1
6
-5
20
-20
3
-3
1
2:0
8
388
-393
288
-91
-199
5
-7
0
24
34
-57
37
-38
0
146
-146
-1
2
13
-6
-7
-2
0
17
-17
2
3
-1
-3
2
20
-20
5
1
-8
9
-10
0
2:1
2
2:-2
0
3
12
-15
47
-39
-4
2:-2
156
-156
0
1
-1
2:0
5
-5
0
54
-34
-2
-18
6:0
1
-1
2:0
1
-1
0
1
0
-1
18:0
1
-1
1
0
-1
0
2
-2
3:0
1
-1
14:0
1
-1
2:0
1
-1
12:0
1
0
-1
6:0
1
2
-3
2:0
1
-1
11:0
1
-1
4:0
1
-1
1
-1
6:0
1
0
-1
7:0
1
-1
8:0
1
0
-1
2:0
1
-1
4:0
1
-1
7:0
1
-1
21:0
1
-1
3:0
1
-1
1
-1
0
1
-1
12:0
1
-1
0
1
0
-1
0
1
-1
0
2
-2
13:0
2
-2
1
-1
1
-1
6:0
1
2:0
-1
4
1
0
-5
13:0
1
-1
0
1
2:0
-1
0
1
-1
2:0
1
-1
12:0
1
0
-1
3:0
1
0
1
-1
0
-1
2
0
-2
0
3
-3
0
1
3
-4
1
-1
0
1
-1
6:0
1
2
-2
-1
6:0
3
-3
1
-1
0
1
-1
2
-2
3:0
1
-1
1
-1
4:0
2
0
-2
11:0
1
-1
2:0
1
-1
3:0
1
-1
3:0
1
-1
5:0
end
