v1
780
743
262
224
191
178
107
378
89
338
182
56
7
14
1
17
11
118
192
43
369
44
59
324
288
580
152
295
26
72
260
30
165
271
425
10
500
1
506
67
1050
256
277
257
262
625
242
718
267
8
431
16
2
476
363
79
339
69
57
31
1809
394
8
552
92
7
125
173
2
94
275
173
573
131
294
134
478
29
45
6
32
18
140
5
131
17
118
82
74
40
19
35
29
65
95
144
118
0
85
362
173
120
94
655
302
12
0
39
116
284
54
121
141
186
300
146
287
410
330
15
18
13
2
153
229
41
1511
283
18
93
367
165
2
367
1
75
375
636
277
33
402
38
19
107
7
8
147
0
40
283
110
609
2
101
184
2:0
452
95
80
191
8
129
204
73
51
38
100
54
0
47
31
30
93
52
2
88
153
59
5
20
3
196
2
33
343
213
219
146
31493
5
0
22
9
204
86
44
85
69
19
4
72
66
54
36
8
22
1130
22
68
111
176
79
47
3310
6
2205
328
1517
36
3764
1376
10816
12405
793
830
4874
3424
2229
2220
2
14
10888
897
958
2466
5144
18
5
1
1427
106829
16642
1
7741
73
9417
32421
22
11
257
12
20
76
13
5
55428
102
7
157
7
2
27
18
57
53
109
40
10
2
11
3
82
643
24252
1178
17585
1668
873
189
665
968
2
56
180
3
33
1
2:3
79
9
8
2:1
41246
746
253
125
933
36
-461357
161
81
984
187
79
189
22
128
78
84
86
28
163
310
277
80
161
259
129
548
286
751
0
32
180
297
196
278
11
0
295
75
114
129
0
4
499
112
586
71
484
165
219
45
246
347
20
167
335
196
178
0
303
144
211
107
4
210
151
7
310
212
35
729
193
207
563
0
511
239
62
255
96
59
0
502
349
55
161
63
130
286
230
142
49
78
36
83
337
26
580
0
119
155
130
177
55
75
25
26
17
7
16
3
6
25
198
1
103
88
128
113
33
54
55
73
9
688
7
44
147
233
9
90
57
3
131
60
183
314
0
259
390
126
65
232
166
222
29
203
138
0
271
14
44
96
23
0
250
17
299
377
172
1
19
184
0
41
258
242
457
102
71
12
186
136
79
32
105
29
81
170
94
8
117
325
250
80
65
78
182
383
109
25
6
170
95
67
4
160
42
7
400
835
12
31
247
10
157
74
158
53
81
91
653
188
447
94
156
300
199
52
106
55
57
69
42
15
31407
89
149
28
1
64
63
1807
0
108
132
5198
30559
10843
872
10743
2
4651
1548
920
487
4669
17
1444
119918
5280
6032
51
41808
74
7
120
54
73
1
72
19
9657
45902
331
35
64
2
25
2:12
14
831
120
3445
17489
13301
8793
2302
133
1695
5
26
6
12
118
31
4
37
25
95
9
31821
9205
210
13
971
87
92
136
398
95
277
108
14829
96
-476218
366
16
15
812
38
60
144
445
936
118
14
139
872
45
512
747
216
402
285
283
203
624
763
193
75
77
46
19
24
157
212
242
1322
42
116
51
1204
56
792
855
68
646
312
732
524
75
116
73
216
907
504
216
8
59
220
118
188
27
41
133
8
34
7
213
188
138
12
11
85
53
344
22
156
243
679
364
304
10
0
301
138
54
421
531
656
358
2:69
809
194
479
691
437
610
6
159
163
190
491
428
10
13
49
63
139
126
121
41
382
390
171
178
4
632
484
2:37
14
319
96
205
542
2
349
244
69
153
42
253
31426
177
98
23
80
32
220
1110
367
3296
7513
2716
20989
9861
6094
4
17230
8144
116368
11260
98
41882
110
55799
171
195
146
716
22
56
18778
13163
5685
4729
498
562
3934
111
40
48
67
38
9
40389
642
397
963
22
742
154
1409854200
299:0
1
299:0
1
179:0
30
777
-737
-55
26
-23
3561
-3498
56
31
1588
-1725
-17
91
-94
14
11
-6
-7
57
35
273
-362
23
49
113
-140
-59
41
269
-303
-5
164
-107
-55
2:-1
12
-3
98
111
200
-419
156
-22
-86
-5
378
27
-57
-389
10
31
751
-199
-334
-226
90
-126
4
-3
9
45
-56
6
1
-3
6
266
-226
316
-306
176
-53
-54
1260
-1386
12
-8
53
251
-255
-56
1
164
-104
437
-391
-98
300
-260
3
943
-992
19
-2
-3
-5
20
21
-25
-22
478
-484
3
98017
-74894
-22917
-209
39
-24
15
-21
-6
-3
60
-51
34
-40
965
-963
401
-387
153
258
-314
-111
49
-35
79
133
-207
10
20362
-13218
-7177
1
15
-5
-12
2921
-2748
255
-421
145
71528
-71668
-5
-1
178
-153
-25
178
2853
-3016
-8
8
-21
40
-15
1520
-1534
32
-23
1194
-1177
1579
59238
-60852
246
-155
2215
-2306
0
329
-286
32
24156
-23574
-629
461
-368
81
-198
15
-15
-6
2811
-2762
4402
-4445
92
302
-207
-167
776
-494
-301
305
-298
32
-29
39
1201
-1119
159
-296
484
-460
78
-94
-9
277
-142
-135
191
182
-372
187
-151
50
3346
-2653
-729
-51
5
359
-246
-40
2280
-2334
104
-79
-29
-20
3
21020
-21011
4
-9
112
2637
-2685
425
-446
10
54
543
-657
12
22
498
-517
26
15314
-15348
182
6755
45578
-52519
43
76
-110
233
-231
141
226
-286
-1
525
-316
-299
3
18
-22
88
-9
-72
404
-206
-207
25
57
31
271
-375
-1
230
-237
19
712
236
-145
-232
-587
53
161
-215
1951
-1916
-44
-3
6
-2
0
-6
0
4
-1
4
-5
1
3:0
-3
9
-6
4
-7
3
0
1
0
5
-4
1
2:-3
4
0
-4
0
7
-3
0
-1
-3
8
-6
-2
3
-3
2
-2
4
6
-3
0
-1
2:0
-2
-4
3
1
2
-1
1
-4
6
-8
7
-5
1
4
-3
2:0
4
2:-3
0
-2
4
0
-4
2:0
2
1
7
-7
-3
9
-9
7
-3
-1
1
-4
4
2:-1
-2
5
-5
2
2:0
-2
8
-7
-1
6
-6
9
-4
-5
2
7
-6
-3
6
2:-3
2
3
-4
-1
0
3
-3
5
-5
5
-3
2:-1
2:1
7
-6
-1
-2
3
1
-4
3
2
-5
4
0
-4
10
-7
5
-4
0
2:-2
8
-8
3
-3
9
-5
0
1
-5
4
-1
-3
3
1
-1
0
-3
4
0
-4
0
1
6
-2
-5
9
-4
-5
2:0
2
-2
6
-3
1
6
-10
1
8
-8
1
-2
3
-2
2
-3
3
-3
4
-3
3
0
5
2:-3
1
-4
0
1
0
-1
7
2
-6
4
-7
0
2
-2
0
6
-4
0
5
-7
6
-5
-1
2:0
7
-1
-6
6
-1
1
0
3
-6
2:2
-6
-1
2:0
5
3
-7
3
-4
3
-3
3
6
-9
7
-3
-4
2:0
2
7
-2
-7
5
-5
6
-6
3
2
0
-5
2
0
1
-3
2
8
-10
2
-1
2
1
-4
4
-3
-1
5
1
-4
6
-6
0
5
-2
-3
3
-5
4
-4
1
-2
2:1
2:0
2:-1
2
-2
2:1
-2
0
2
2:0
-1
1
2:-1
0
2
2:0
-2
2:1
-1
1
4:0
2:-1
3:1
-2
2
-1
0
2:-1
2
2:0
-1
1
-2
1
2
2:-1
0
1
2:-1
2
0
-1
1
3:0
1
-2
1
0
-1
1
-1
1
-1
1
0
-1
2
-1
0
-2
1
0
1
-1
2
3:-1
0
2
0
-2
2
0
2:-1
2
1
-1
-2
1
2:0
1
0
-1
0
2
-1
-2
2:1
0
-1
1
0
-1
1
-1
1
2:0
-2
3
0
2:-1
0
2
0
2:-1
1
5:0
-2
2
-2
1
2:0
1
0
-2
1
-1
0
2:1
-2
1
2
-1
-2
0
1
0
1
-1
1
5:0
1
-3
2
-2
3
2:-1
2:1
4
-3
0
3
-3
1
91
-92
0
9
3
-9
-3
10
-10
6:0
12
-12
8
-7
7
-7
0
1
-2
2:0
4
-2
2:-1
2
-2
2:1
2:10
-20
25
-26
0
2
-1
15
-13
-4
0
4
-4
24
-14
-7
-1
-2
2
-2
2:0
1
2
-3
1
0
29
-23
-6
-1
1
61
-62
3
1
-2
0
19
-20
36
-33
-2
20
-2
23
-34
-8
3
-3
3
10
-14
5
-3
0
3:1
-2
-3
66
-66
7
1535
-1435
-85
-17
0
-3
2:1
2
-3
4
2
3
-12
2:0
32
-21
-9
15
-2
-15
12
-7
-2
2
3
-3
350
-252
-102
5
-4
0
-1
115
-103
9
-20
3
308
-300
-6
-4
27
-28
0
8
141
-149
-1
10
-11
11
-9
81
-79
-2
2
13
-15
26
463
-483
26
-34
99
-99
0
3
6
-2
603
-564
-45
29
-23
5
-3
1
-9
-1
157
-154
131
-127
2
3
-10
9
15
-24
2
46
-48
2
0
13
168
-173
12
-23
3
-2
6
-8
2
1
3
-4
30
-21
-11
28
-27
5
53
-41
-15
-2
0
11
-11
22
154
-175
-2
1
-1
4
-4
217
-216
2
-1
12
-6
16
-23
14
-8
-1
11
-16
2:1
2:-1
8
378
-387
0
212
-28
-182
14
-16
21
26
-44
51
-31
-22
20
-7
-13
-1
14
-10
-1
-2
14
-11
7
-4
-7
3
1
10
-13
-1
0
25
-24
4
2
-7
5
138
-141
-2
10
-9
60
-40
-21
2:0
1
-1
4:0
2
-2
10:0
1
-1
0
1
-1
3:0
1
0
-1
0
1
-1
0
1
-1
13:0
2
0
-2
0
1
-1
3
-2
-1
8:0
2:1
-1
0
1
-2
5:0
1
-1
1
0
-1
2:0
1
-1
0
1
-1
3
-3
2:0
1
-1
4:0
4
-3
-1
5
-5
1
-1
2:0
3
-3
2:1
0
2:-1
6:0
1
-1
4:0
1
-1
4
-4
2
-2
1
-1
2:0
1
-1
3:0
2
-2
0
1
2:0
-1
2:0
2
-2
6
-6
8:0
2
2:-1
2
-2
3:0
5
-5
0
1
-1
3:0
1
-1
1
-1
2
2:-1
0
3
-2
-1
5:0
1
-1
3:0
1
-1
1
0
2
-2
-1
1
-1
0
1
-1
2:1
-2
0
1
-1
0
1
-1
0
1
-1
5
-5
3:0
1
-1
0
3
6
-9
3:0
1
0
-1
3:0
2
-2
5:0
1
2
-2
-1
3
-3
2:0
1
0
-1
1
2:0
-1
0
2
-2
1
-1
2:0
2:1
2:-1
0
1
-1
4:0
1
-1
3:0
4
-4
13:0
1
-1
9:0
1
-1
4:0
1
-1
8:0
1
-1
11:0
1
-1
9:0
1
-1
0
1
-1
0
2
-2
2:0
1
-1
7:0
1
-1
9:0
1
-1
6:0
1
-1
1
-1
16:0
1
-1
5:0
1
-1
4:0
1
-1
6:0
1
-1
2:0
1
-1
15:0
2
-2
10:0
1
-1
1
-1
7:0
end
