v1
843
210
87
278
168
407
79
52
187
14
482
119
110
78
3
360
1
38
13
6
19
0
37
2:11
146
415
59
68
0
165
21
296
7
16
272
140
9
433
150
89
102
202
8
252
195
136
135
101
324
139
83
4
19
99
126
41
81
314
111
67
339
296
234
46
166
191
34
277
224
33
176
86
118
76
63
136
139
93
85
157
45
249
121
197
106
7
268
431
64
26
32
372
344
98
59
67
180
33
69
57
9
578
222
241
396
25
30
172
167
213
68
121
50
185
0
376
40
84
141
100
69
275
16
34
59
364
64
28
70
131
60
17
34
44
250
59
50
288
188
27
22
7
12
39
19
13
25
22
15
50
46
2
3
14
126
8
81
37
82
66
8
45
14
46
18
35
26
4
3
35
3
54
0
17
127
118
85
296
65
1
173
120
94
0
131
226
188
110
144
170
33
6
116
104
0
112
68
54
121
141
85
101
239
58
3
146
43
229
0
15
116
294
31
85
25
181
8
15
31
2
66
17
70
229
41
423
93
0
5
7
225
758
199
102
71
12
10
312
105
0
6
111
24
35
7
301
1
75
18
32
30
295
330
306
19
258
33
47
8
131
40
27
6
53
128
19
107
7
8
147
30
10
283
110
1
11
327
108
101
61
2
101
82
4
98
255
197
175
70
63
58
8
2:43
0
43
23
181
73
51
38
100
40
14
47
31
30
35
2
58
32
20
2
86
153
59
5
23
104
89
3
2
33
89
254
75
61
98
92
218
34
123
31375
3
19
9
43
16
30
115
4
29
50
3
44
85
69
19
76
66
54
15
21
8
22
932
148
50
22
68
79
13
19
71
108
76
47
3310
2211
328
1553
5140
7580
1110
2126
9942
2463
793
830
8298
4449
2
14
8068
9
0
2826
882
958
2453
487
4670
7
9
0
2
5
1
1414
13
106829
13098
1
3543
1
7716
25
73
9417
28772
3538
69
2:32
11
10
5
7
0
59
2
113
47
14
12
20
53
36
5
9635
45012
731
159
60
97
7
2
15
30
34
23
53
109
4
23
12
1
8
2:2
11
3
725
29
76
108
12
20934
4271
6596
2434
7980
575
485
1183
539
334
189
665
766
202
2
3
4
2
47
3
38
3
5
82
14
4
31
6
25
9
91
9
1
41246
999
48
8
69
201
25
707
36
123
-461479
447
2
0
79
110
39
26
14
282
13
287
41
24
74
138
104
24
640
355
224
45
388
185
84
171
388
87
12
43
10
39
0
236
5
348
161
330
124
117
135
221
155
152
106
9
127
58
467
275
548
85
376
17
6
141
3
19
59
82
62
18
56
218
102
38
192
174
11
19
389
218
0
485
259
31
107
79
118
157
11
12
305
335
249
872
32
78
373
150
335
26
29
38
61
19
47
75
22
10
54
107
214
154
182
58
109
34
14
388
24
64
156
390
29
200
228
169
233
25
231
29
310
107
412
205
18
59
12
69
44
16
1
7
72
1
70
32
8
13
3
14
199
50
77
8
21
24
127
69
64
138
4
112
139
150
68
278
128
137
68
8
52
61
70
172
83
292
311
55
19
492
47
121
34
3
327
33
28
29
203
111
275
23
360
240
665
28
1017
328
34
655
77
37
19
139
300
267
61
221
66
154
25
324
50
12
84
56
8
30
95
37
80
126
220
98
184
4
33
661
247
40
291
86
661
178
51
14
169
87
6
8
359
209
10
336
10
205
65
27
16
153
42
21
17
3
5
67
168
31398
10
111
154
25
31
9
283
7
1233
362
167
58
272
10885
2025
1478
10567
11
5084
1732
4117
6080
0
2603
1749
3527
8051
34
2814
10
1829
1548
933
983
2
1012
0
13
3133
9
126650
5980
52
10310
0
31593
26
20
82
22
146
80
4
23
36046
19377
276
4
98
144
60
8
14
5
770
12
1
72
22
17523
6573
12212
1247
7978
11
85
1061
549
19
20
137
6
10
3
35
8
110
30316
10504
1052
38
1498
14943
1410139800
499:0
1
342:0
10
4
-2
8
101
3831
-3921
-19
48
-46
2483
-2459
-32
7
51
-57
-1
7
617
-615
0
9699
-9641
-52
-15
25
557
-580
0
225
-228
16
4
2
0
74
-90
-6
114
-86
-28
1123
-1122
390
-351
204
-37
-181
-6
-14
-6
172
-166
-3
4
38
-45
33
-31
21
23
-46
8
115
-79
-44
33
574
-598
44
-36
109
-122
13
-4
-5
13
-16
1
50
-21
-30
6
-6
-1
4
4346
-4253
-98
-3
0
163
-156
69
-71
4
0
126
-119
5
-14
3
7
5
-16
1
11
-18
8
-6
0
-1
73
-71
0
1
1073
-1072
10
-3
779
-608
-171
3
-13
2
56
-53
-5
7
61
-43
54
-79
83
-84
12
-11
53
-53
50
5
-57
48
-29
277
-289
7
-11
5
13
-5
-14
29
63
4714
-4808
89
317
-347
19
-73
20
2
80
-107
2
73
-63
224
-202
-24
0
19
-20
210
-205
880
-890
28
-23
43
-49
0
52
-37
-4
313
-315
89041
-89047
5641
-5317
-327
0
-1
39
-37
58
119
-173
138
-115
-16
64
-79
17
-14
0
82
-53
9
4
-45
119
-118
89
-88
10
287
-263
4
-29
13
185
-137
-69
0
1
6
97
186
-288
95
-75
54
-64
-14
9
0
51
683
-717
-21
53
-51
7724
-6919
-812
102
-24
-77
459
-454
7
32
-42
-4
56
-56
0
8
-1
18
2339
-2307
2345
-2357
1
14289
-14331
21
-23
459
-450
-6
748
-749
-4
2
36
33
-52
29
974
-1019
1000
-909
4059
-4152
27
2828
-2786
-61
1
69
-79
1
9558
-9401
24916
-24587
-482
24676
-24499
-170
3411
-3414
-5
-3
1
729
12624
-13272
-59
18447
-17473
239
-1224
-13
2
91
313
-406
29
-26
4
0
-3
83
3435
-3510
12281
-12291
157
-68
-85
-6
0
33
-31
0
2134
-2129
142
10
-149
151
-143
74
31
-122
1647
-1437
-66
-139
383
-377
326
-281
-54
38
-24
-8
-9
168
-161
40
270
2120
-2206
-57
-172
104
13549
-13626
760
-789
6
35
4
10245
-10276
27
-38
0
5
8
38
-15
-36
-3
27
6
1
19275
-19279
17
-46
39
106
-137
1
542
-434
-30
560
-462
3389
-3567
105
-52
-58
1066
-1069
5
-5
3
0
-2
-1
4
24
-8
-7
325
-334
65
9310
-9363
-12
-1
930
-424
40930
-41420
2
-20
118
-105
138
-134
174
-178
92
-104
385
-387
1
434
33
-459
-7
35
-37
2
-1
14
2:-6
10
0
289
-297
95
432
-532
45
-24
-19
72
31
-85
-19
-1
4
20
-21
9
-8
-4
3
25
126
-146
6
10
111
-64
1602
-1671
251
-242
-6
16
-21
0
3379
-3131
-240
-11
-1
1
2:0
2:-1
1
0
2
2:-1
2
1
-2
1
-3
2
-2
1
-1
4
0
-1
-2
5:0
3
-2
0
2
-3
0
1
2:-1
2:1
-2
4
-1
-3
2
2:-1
1
3
-1
1
-2
-1
3
-3
-1
1
2
1
0
-4
3
-1
2:0
2
-3
2
-3
2:1
0
1
0
2:-1
3
-2
-1
0
-1
0
3
0
2:-1
2
1
0
-3
2
-1
-2
2
2:-1
2
-2
0
3
1
-4
1
3
-3
-1
2
2:-1
2
0
-2
4
-3
1
0
1
-2
1
-2
2
1
0
-1
-2
3
0
-1
1
0
-2
1
2:-1
3
-2
0
-1
5
-5
2
-2
2
-1
1
-2
2
-1
0
1
3:0
2
-4
0
4
-2
1
-3
1
3
-3
-1
1
2
1
0
-1
-2
2
0
-1
1
-2
-1
3
0
-1
-2
1
2
-1
1
-2
3
-3
2
-3
1
-1
3
0
-3
0
3:1
0
1
-3
0
2:1
-3
2:2
0
-3
1
2:0
-1
0
1
-2
0
2
2:0
-1
2:2
-4
2:0
-1
2:1
0
2
-4
0
2
1
-1
3:0
2
-4
0
1
0
2
-2
-1
2
2:-1
3
-2
1
-2
2
-1
1
-2
2:0
2
0
2:-1
3:0
3
-3
3
-1
0
2:-1
2
-2
1
-1
4
-3
3
0
-4
1
2
-3
0
1
3
-2
1
-2
1
0
2:-1
0
2
2:-1
4
-3
-1
3
-2
0
-1
4
-4
1
-1
0
4
-3
0
1
-1
0
3
-1
1
-4
1
-1
2:0
2
-2
3
2:-1
0
-1
0
3
0
2
-3
-1
0
2
-1
2:2
-3
2:0
7
-2
-4
-1
2
97
-98
-1
1
2
-2
1
-2
11
-10
0
12
-13
7
-6
-1
0
19
0
-10
-9
0
1
0
4
-4
-1
0
9
-9
0
4
-3
0
1
-2
13
-10
3
-6
0
3
-3
2
4
5
-11
0
1
2:0
-1
1
0
2
-2
5
24
-29
5
-5
24
-25
2
2:0
3
-2
1
-1
1
-4
2
-2
1
-1
30
-21
-9
2:0
8
-8
5
-5
3
-3
11
-6
-5
2:0
1
-1
1
3
-4
3:0
1
-1
0
1
0
-1
8
-7
-1
0
55
-45
-8
-2
2
-2
4
-4
3:0
1
3
-3
50
-49
-2
1
5
-3
-2
4
-4
14
-10
34
-39
2:0
2
22
-18
-4
0
-2
20
-20
23
4
-25
6
-6
1
0
9
-11
-1
9
-7
1
-1
2:0
2
0
5
-6
-3
3
5
-5
0
-2
0
4
-3
1
51
-54
1583
-1582
107
-84
-21
0
-3
11
-8
5
-5
-1
1
-3
2
9
-10
3:0
14
-15
4
0
-4
2:0
12
-9
-3
75
-70
-2
2:3
4
-10
-2
0
-1
6
-5
31
-30
12
-13
1
0
2:-1
0
3
9
-7
-5
2
0
477
-436
-43
10
-9
-1
0
1
-1
4
-1
-3
4:0
4
6
77
-74
15
-22
-5
225
-226
5
-4
36
-36
-1
3
-3
1
-1
3
6
-9
0
54
-53
22
-11
-3
-8
3
105
-101
-7
0
17
-18
1
6
15
-16
44
-50
467
-422
-44
115
-116
1
2:0
12
-11
6
5
386
-351
11
-53
-4
-2
12
-4
-8
8
-7
0
1
0
3
263
-268
120
-120
11
-3
-5
-3
1
8
-9
2:0
2
25
-24
-2
49
-48
0
25
-27
197
-179
-8
-10
2:0
4
1
-5
0
6
5
-11
2:1
0
38
-11
-12
-1
-15
2
85
-88
20
-19
-1
3
19
263
-283
5
4
0
-8
0
3:-1
2:1
4
0
185
-189
0
-2
5
8
-7
-4
2
17
-20
1
22
9
-32
-1
3
-2
20
-21
1
-1
1
2:0
-1
0
2
3:0
3
1
317
-322
1
-1
119
-120
160
-152
4
-12
53
-52
54
-53
54
-52
4
-7
74
-72
-1
10
4
-15
12
-10
2:-1
1
3
-1
-4
3
-1
3
-3
16
-10
-6
9
-5
-6
7
-3
0
-3
-1
1
-1
0
4
-3
-1
3
1
19
-22
-1
11
7
-14
300
-302
1
-3
6
-4
-2
0
31
4
-35
2:0
2
0
2:-1
7:0
2
-2
0
1
-1
6:0
1
0
-1
0
1
-1
1
-1
0
1
-1
7:0
1
0
-1
5:0
1
-1
2:0
2
-2
0
2
-2
7:0
1
-1
12:0
1
-1
6:0
3
-3
0
2
-2
30:0
1
-1
2:0
3
-3
0
1
-1
3:0
1
-1
11:0
1
-1
20:0
1
-1
1
-1
7:0
3
-3
8:0
1
-1
7:0
1
-1
2:0
1
-1
2
0
-2
2:0
2
-2
7:0
1
-1
3:0
2
-2
2:0
1
-1
5:0
1
-1
2:0
2
-2
15:0
2
-2
2:0
1
0
-1
7:0
2
0
-2
0
1
-1
1
0
-1
0
2:1
-2
0
1
0
-1
1
-1
5:0
1
-1
4:0
2
-2
1
-1
1
-1
2:0
1
-1
5:0
1
-1
10:0
2
-2
0
1
-1
1
-1
1
-1
4:0
1
-1
end
