v1
660
914
315
52
187
496
119
14
300
129
166
56
22
28
195
297
122
46
165
59
265
288
140
196
396
159
162
72
15
245
16
339
111
34
44
99
258
136
58
140
167
160
235
111
67
199
79
61
60
150
326
40
135
31
225
277
109
61
87
262
1
256
79
57
139
380
210
463
255
20
297
134
16
478
266
97
25
54
126
213
69
57
915
135
12
287
28
39
55
281
305
64
28
45
48
235
416
300
94
158
21
96
16
93
64
219
173
201
12
143
0
250
279
306
0
56
45
38
43
38
6
71
25
128
118
73
4
5
74
9
50
6
8
21
29
65
3
54
38
17
14
231
85
362
173
120
385
35
329
302
2
10
33
6
116
146
138
54
121
141
85
101
239
61
146
5
67
200
15
551
30
159
48
153
270
516
187
550
0
258
218
83
93
176
136
55
56
109
2
279
89
75
50
215
113
392
260
11
211
36
63
196
6
38
6
36
0
128
19
38
58
6
5
2
5
8
147
40
57
226
110
125
214
270
2
36
65
184
452
315
51
8
3:43
277
51
36
2
100
54
47
3
58
145
2
88
153
59
5
20
3
198
151
106
297
16
19
113
21
197
34
31493
5
22
9
59
145
130
37
136
76
8
58
54
36
8
22
986
94
50
22
179
71
184
47
3310
2211
328
1553
979
4161
4228
6588
1127
11278
793
830
7482
816
925
3524
2
14
8077
3708
958
1533
920
13
5143
19
5
1428
106829
16642
1
7741
73
9417
32421
22
33
9
50
32
83
61
53
68
5
54647
703
37
41
109
157
7
2
27
18
57
145
0
1
13
3
27
13
10
2
11
953
16280
4654
0
4271
9030
7977
981
1265
539
334
189
665
802
166
2
1
2
5
1
5
20
18
4
58
122
2:3
34
0
35
47
9
4
5
1
30302
10313
31
600
999
84
41
103
98
34
698
36
15065
-476180
123
0
149
253
0
438
226
0
8
242
309
419
198
93
157
4
221
4
961
237
53
211
219
359
215
115
124
617
259
250
3
217
75
39
248
114
373
175
21
64
376
23
839
194
142
643
15
7
78
157
203
51
614
58
40
19
299
230
27
805
73
437
842
170
348
204
499
34
404
130
1128
258
391
49
237
117
502
1
15
26
39
19
25
43
7
16
11
18
10
43
0
17
58
75
132
41
10
4
26
0
54
124
42
71
0
60
138
337
220
86
7
168
0
9
0
537
559
257
81
214
95
218
47
158
0
620
392
31
413
329
275
261
20
161
64
12
1093
25
274
152
154
157
56
37
717
234
237
273
29
92
6
78
189
37
182
186
71
306
461
245
242
217
160
3
35
33
382
5
286
416
43
2
12
436
183
38
124
219
75
89
323
0
15
153
15
31412
68
95
57
95
106
27
65
293
2
1143
454
31
272
0
5565
3943
4188
6145
1805
13839
14373
8028
57
886
1938
1829
4478
3153
1
9
8
121354
6263
4998
29
22
38236
2624
1073
55
82
117
1
72
11056
44515
188
0
52
0
199
0
49
68
672
29
14
19
111
27
42240
4965
72
55
58
31982
9603
50
375
371
87
998
94
1410971400
399:0
1
259:0
4
31
-31
43
-37
2878
-2874
-3
-5
40
15
-44
323
-298
-37
19
-18
141
-142
104
-37
-63
-5
173
-128
-45
9
6
167
-179
7702
-7615
-84
7
441
-443
-2
153
-153
1108
-1105
3
-7
-6
7
-3
14
-18
55
78
256
-363
31
521
-472
47
-153
3
413
-418
22
-17
-5
9
283
-281
116
-122
388
-392
111
-110
87
636
-715
154
1229
-1344
12
-49
66
-66
-9
6
154
-149
610
-623
15
38
14
58
-125
97
-90
-7
4
132
-134
51
-23
-20
2
173
-95
1780
-1854
-7
11
-1
63
-83
4
2
2:3
21
-30
2:0
12
63
23
-85
43
-16
325
-322
-41
80
-75
209
-214
27
249
-188
-92
9
-9
121
53
-169
63
-31
292
-329
-1
586
-574
-12
101501
-101500
18330
-18202
-129
6
7
23
38
-72
6
0
11
-16
14
-6
11
0
-15
-1
98
10
10608
-9487
-1225
-8
3
0
90
-79
28
-13
-7
-19
143
-139
-5
547
-551
7728
-1821
-5897
-9
264
-265
3
74
-72
19
62
-83
7
42
-48
16
89
2471
-2527
57
-102
267
765
-1028
4
12
43225
-43226
23
-44
186
-185
66
-70
-2
49
-21
5640
-5551
-117
24
13197
-13222
0
1
108
797
-905
21
144
22307
-22392
-80
3726
-3704
-21
59
-36
15474
-15048
-399
2485
-2492
-45
0
13
-9
10
-11
2:0
1924
-1918
3293
-3239
222
-285
25
143
-160
131
-21
-90
104
-47
924
-659
614
-898
-59
-6
5
10
-8
53
-37
61
27
174
-72
-200
-4
-9
875
-871
925
-797
-132
2
240
-242
37
1364
-1400
9
-1
96
-104
12
-12
11
45910
-45881
-35
81
1772
-1694
241
-338
17567
-17575
377
-437
571
-561
-9
-2
39
-19
239
6956
-7078
-137
3
8
6709
-5947
-773
14
174
-155
2
-30
-5
67
27
-56
-5
331
-364
412
-372
14
-41
8
0
3:-7
0
92
-89
1
44
-41
1055
-1056
96
-97
-5
3
4
-7
2
14
712
-460
-120
-142
0
13
3
-22
1
0
5
-2
784
-783
5
728
-723
78
136
-219
65
-62
796
-792
1
21
-43
2:0
2
0
-2
2
-2
0
2
-2
1
2
-2
1
0
-2
1
0
1
0
-1
1
2
-4
2
-1
2:0
2
-3
1
-1
2
0
2:-1
3
-3
2
0
-1
2:0
-1
3
-3
2
-2
2
0
-2
0
2
-2
1
-1
2:1
-2
1
0
2
-2
0
1
-2
2:0
3
2:-1
3
2:-2
2
-1
2:0
-1
2
2:0
-1
0
1
-1
2:0
1
-2
0
1
-1
2
-2
0
4
-4
2:0
2
-2
3
-2
2:1
0
-2
2:1
-1
-2
3:0
1
0
-1
3
-2
0
-1
3:0
2
1
-1
1
2:0
-1
2:0
1
2:-1
0
2
-2
1
-1
0
3
-1
-2
0
-1
0
1
2:0
2
-2
-1
0
1
0
2
-1
0
-2
2:1
2
-3
2:0
-1
3
-1
1
-2
0
1
0
1
-3
4:0
1
0
-1
3
-2
3
-3
1
-2
1
3
-3
0
-1
2:1
2:0
-1
2:0
-1
1
0
-1
3
-3
0
1
2
-3
2
-2
2:1
-2
2
1
-2
-1
3:1
-3
0
3
-2
2
-2
1
-2
4:0
1
-1
1
2
2:-1
1
0
-1
3:1
-4
0
3
-3
1
0
2
-3
1
0
1
3
-2
5
-3
70
-73
2:0
6
-5
1
-1
0
-1
0
16
-11
-5
1
9
-9
-1
13
-13
2:1
-2
2:0
2:1
-2
2:0
6
-5
2:0
14
-15
0
1
-1
5:0
1
2:0
1
17
-12
-6
-1
2
26
-28
2
2:-1
1
0
-1
5
-4
6
-7
5
-5
3
-3
1
-1
16
-16
7
-5
2:1
-3
-1
0
1
-1
1
-1
0
1
-1
0
2
0
2:-1
20
-20
0
7
-5
0
-2
3
2
-5
3:0
46
-46
4
0
-2
-1
9
-10
4
-3
17
-18
20
-12
-7
-1
20
-13
-7
4
2
-4
-2
3
12
-15
1
0
-1
0
7
-7
8
-4
-1
-2
0
52
-53
4
1269
-1273
81
-69
-12
3
-1
6
-5
0
-1
-2
6
-5
3
-4
0
8
-8
0
13
16
-12
-4
-13
1
2:0
8
-9
11
-8
-2
0
2
1
-4
12
-12
302
-198
-103
0
-1
2
0
-2
0
4
-3
-1
2
2:-1
6
0
95
-95
-4
-2
0
12
-11
7
-8
302
-300
-2
2
28
-30
0
1
-1
1
6
181
-181
-7
3
96
-99
2
-2
4
10
-14
2
18
424
-437
-6
81
-80
-2
10
-5
319
-292
-28
23
-25
2:0
-2
1
0
1
-2
3
130
-133
50
-43
5
-11
-1
23
-21
17
-15
-4
5
16
100
-117
16
-20
2:0
3
0
4
-6
1
0
16
-3
7
-22
3
-3
57
-57
14
-12
-2
0
7
-7
19
97
-116
3
0
2
-5
1
2
-2
162
-163
2
11
-10
14
-16
6
1127
-1130
6
-9
0
-1
0
1
4
-5
8
233
-241
0
2
-2
165
-121
-42
0
-1
15
0
-15
0
4
-5
27
-25
15
-16
16
-14
-1
-2
2
0
-2
4
-4
0
7
-7
3
4
-5
10
-11
1
-2
2:0
2
-2
1
-1
4
-3
13
-14
1
9
0
-10
1
3:0
107
-108
2
21
-21
2:3
-8
9
-9
4
1
5
-10
47:0
1
-1
1
-1
24:0
1
-1
4:0
1
-1
20:0
1
-1
5:0
2
2:-1
5:0
1
-1
0
1
-1
5:0
2
-2
19:0
1
-1
2:0
1
-1
4:0
1
-1
2:0
1
-1
10:0
1
-1
6:0
1
-1
1
-1
3:0
3
-3
0
2:1
-2
13:0
1
-1
4:0
1
-1
0
1
-1
1
-1
1
-1
4:0
2
-2
11:0
6
-6
9:0
2
-2
6:0
end
