v1
759
207
2:45
446
297
189
52
139
0
48
26
470
84
35
51
28
109
336
22
5
1
57
56
7
15
146
235
139
122
0
46
165
340
272
140
414
26
50
102
89
125
107
72
46
158
56
62
122
11
136
24
111
22
79
30
46
248
10
194
18
4
118
167
136
37
148
185
67
91
404
399
21
135
7
24
225
277
109
10
105
33
87
89
12
74
56
0
280
156
40
178
98
104
210
35
428
259
16
148
149
134
64
26
23
281
100
442
324
15
69
433
521
18
128
19
354
55
30
339
354
48
26
209
77
46
108
185
8
386
106
169
16
93
0
119
0
43
294
261
51
294
59
50
146
0
165
56
150
15
12
58
13
43
19
4
21
24
47
2
17
110
16
2
6
5
113
9
46
18
9
74
40
5
2:14
21
11
13
40
30
38
3
16
38
17
14
113
118
377
70
12
66
95
120
225
160
254
0
110
314
6
27
6
116
104
180
54
121
141
20
65
60
41
131
108
61
151
54
43
185
116
13
312
291
8
15
31
2:1
382
41
423
85
0
13
7
132
43
9
1
40
662
96
232
69
83
10
83
112
117
55
24
141
2
66
71
230
1
75
50
6
24
690
241
11
12
33
221
33
80
86
20
46
80
128
19
38
69
2
0
5
8
147
30
10
2
275
6
110
339
65
43
164
101
77
5
102
255
197
175
70
121
8
43
109
181
73
51
38
0
100
54
47
31
30
127
20
88
153
59
5
23
122
71
3
2
151
106
119
75
103
60
79
0
9
63
155
8
12
14
123
31370
5
22
9
82
122
33
0
53
44
30
55
40
29
0
19
76
1
119
36
8
22
1050
102
68
92
19
253
2
47
9
272
0
3029
2211
328
1553
2725
2415
8690
2126
1878
10527
3
1620
4874
3424
3066
1383
2
8082
2831
4
882
943
2468
5157
16
2
5
1415
13
106829
13098
1
3543
1
7716
25
26
47
9417
32379
32
7
2:25
1
141
40
61
12
20
89
5
88
55340
102
7
157
9
15
12
18
57
1
45
7
0
2:46
17
27
12
1
4
6
2
0
11
2
755
32
21098
4271
9030
7980
575
238
247
1183
454
85
523
124
541
968
2
3
6
0
16
14
13
4
56
23
51
10
9
31
6
34
82
2:9
1
30302
10944
0
999
56
28
588
386
0
36
68
0
-461417
0
41
876
252
83
370
51
26
467
45
193
242
2
426
0
196
187
161
1
344
2:107
152
578
292
230
19
623
281
261
305
185
16
823
479
168
2
40
70
29
62
427
10
326
336
136
170
304
612
361
7
194
0
5
261
269
1170
140
243
135
190
47
64
281
60
22
0
35
402
380
68
0
497
2
154
237
153
429
455
260
175
242
390
83
87
27
6
40
1
8
52
78
2:15
0
42
51
21
126
104
159
21
56
40
619
267
13
73
659
520
40
42
0
269
110
6
539
104
275
94
0
419
272
6
708
560
7
779
162
295
69
86
427
142
29
295
180
177
32
517
66
0
193
132
79
161
84
62
231
95
213
0
39
69
160
650
158
202
417
71
61
0
396
4
368
305
606
7
56
201
13
265
44
100
42
105
60
48
17
93
10
31413
82
353
63
84
2
47
57
1522
108
132
5837
10921
11609
0
7390
10843
872
2658
10
8077
7606
509
4168
17
127617
0
37757
8152
1058
22
59
167
33
36153
19327
271
54
247
21
31
756
36
69
120
3445
4380
2
29659
5707
2138
1826
0
100
3
39
32
21
4
38
5
1
0
8
75
18
16
31830
8564
405
634
0
36
97
819
22
841
1410303000
499:0
1
258:0
7
5
0
38
-41
18
-20
-2
2
4
-6
-1
1
4656
-4654
7
-9
0
113
-30
251
23
235
-401
-178
32
-37
-9
2
0
36
1834
-1865
72
-66
-7
-1
2
116
1259
-1348
-29
45
-32
-18
276
-270
38
-44
97
-90
247
-250
-1
18
-20
7
33
200
-241
2
-1
334
-328
2
-9
13
-8
0
11
-13
146
2:-75
82
46
94
-192
-20
-8
103
-91
-7
-6
315
-314
1
34
-36
19
0
73
-22
-46
-24
256
-252
292
-288
471
398
-855
-22
2
49
94
-62
-80
303
-262
-44
15
-7
-4
-3
307
-277
41
-47
-23
218
-220
107
-106
1
55
174
-230
291
-290
1
-3
9
0
-7
0
-1
231
-211
38
9
-65
13
-14
0
13
-14
-2
18
-11
19
370
-380
-12
12
-10
-4
39
-28
3
8
17
-29
84
-81
25
-38
4
-5
491
-430
-61
1
37
-23
-15
-1
8
3
822
42
-874
27
-13
4
-5
-10
122
-125
37
-38
2
49
131
-160
-20
9
-2
291
254330
-254628
19
12425
-12327
-119
7
-1
45
2:-17
129
-130
35
-49
400
-306
-91
-4
0
92
-69
-20
25
-9
-3
-14
91
-89
155
-23
202
-326
-10
0
17
1
-20
5
-4
15
22
-39
225
-180
-8
-29
-7
14
2:-7
2
-1
42
919
-961
178
-127
23730
-22281
-1478
-24
12
-11
3
2
32
145
-140
-19
4
-25
13
3
-4
2718
-2731
5
286
-285
2:2
219
37138
-37364
71
-67
-9
363
-92
-264
-5
5
-3
836
-839
10
259
-268
31
126
-152
78
2655
-2651
-76
-11
13
228
-219
5
148
25729
-25811
157
3620
-3868
78
-62
6
9283
-8223
497
-1582
10
136
-104
-33
803
-781
-31
35
-10
-16
-2
2
-4
6
-12
7
3156
-3160
57
3292
-3290
44
-98
10
-14
-3
12
174
-181
302
-308
10
0
148
-145
-10
256
1969
-1986
-21
-220
9
30
-10
81
-110
10
-4
-7
3
0
160
206
1020
-1108
-280
30
23
1804
-1857
2695
-2690
28
-18
48
-60
11
660
-615
-21
-29
6
0
14
-30
3
34418
-34411
6
30
-6
4
-42
2
157
-126
520
-541
105
76644
-76393
-367
-1
1922
-1868
-34
-14
-5
60
-57
74
-25
13111
-13166
2:1
2084
1569
-3655
4
186
-145
-5
-36
184
-178
11
-20
1
86
-76
-6
291
-296
18
11
-3
82
-105
8
567
-566
-10
19
-15
46
16
-59
28
25
-39
3
10
31
-56
27
-34
-3
1
-2
11
8
181
-193
-4
68
-67
1
69
-68
29
-35
116
-103
1269
-1274
-6
-2
874
-872
341
-318
-1
4
-27
1
0
-6
0
2
-2
0
2
2:-1
3:1
0
-3
2
2:0
-2
2
-2
1
2:0
1
-2
0
2:1
-1
0
1
-2
1
0
1
2:-1
3
-2
1
-2
2:1
0
-2
1
-1
2
0
-2
2
-2
1
-1
0
3
-1
-2
2
-1
2
-1
-2
3
-3
3
-2
1
0
1
0
-2
1
2:0
-1
0
1
-2
1
0
-1
0
1
0
-1
1
-1
3:1
-3
2
-1
0
-1
0
1
0
-1
1
0
2
-2
0
2
2:-1
2
-3
2:1
0
-2
0
3
-3
0
1
2:0
1
3:0
2:-1
2
2:-1
3
-1
-2
1
0
2:1
-3
3
-3
1
-1
2:0
3
-2
0
1
0
-1
1
0
-2
2:0
2
1
-3
2:1
-2
3:0
1
2:0
-1
0
1
-1
0
1
2
-2
-1
2:0
1
0
2
3:-1
2:0
3
2:-1
0
2
-2
2:1
-2
1
-2
0
3
0
-3
2:1
-2
2
0
-2
2:1
0
-2
2
2:0
-2
2:0
2
-1
2:1
-1
0
-1
1
2:0
2:-1
2:0
2
2:0
-2
0
2
5:0
-2
1
-1
0
1
0
2
-1
1
-2
0
-1
0
2:1
0
1
-2
1
0
1
0
-1
6
-5
1
2:0
-1
1
-2
70
-70
4:0
2
-1
7
8
-15
2
-1
-2
0
2
0
35
-30
-7
6
2:-3
2:0
13
-13
0
1
-1
4:0
1
0
-1
0
1
-1
3:0
3
0
-1
-2
2:0
10
-8
2:-1
2
1
-3
2
0
3
-3
0
2
3
6
-13
2:0
5
-5
2:0
17
-17
3:0
2
2:-1
2
2:-1
3
-3
16
-16
2
13
-14
0
-1
0
5
-1
-3
9
-3
-6
1
2
-4
2
1
2
-5
1
-1
5
-5
3
-2
-1
0
10
-10
24
-24
1
3:0
-1
2:0
1
-1
1
35
-36
6:0
4
-4
0
35
-35
2:0
2
-1
21
-15
-4
-3
2:0
11
-11
18
-18
2:0
31
-24
-7
1
2
-3
1
-1
2:0
13
-12
-1
2
2:1
-3
1
8
-10
5
-5
0
3
-1
2
-4
2
0
53
1151
-1206
3
90
-71
-22
3
-2
9
-9
0
1
-2
4
-3
1
12
-13
-1
1
9
-10
0
6
-6
5
-5
2:0
38
-30
1
-9
2
0
-2
3
-3
0
1
-1
1
-1
14
-13
11
-8
-4
2:0
2:1
-2
3
9
-10
-2
2
372
-320
-52
-2
2:0
3
-3
2:0
3
2
-5
0
1
2
0
76
-77
-1
19
-20
0
3
-1
202
-204
3
-2
0
3
17
-21
0
1
2
5
-7
-1
9
-9
8
5
-11
3
95
-96
-4
1
0
14
-15
0
32
418
-434
-16
93
-92
2:3
-2
283
-263
9
-34
2
-1
1
-2
0
2
-2
1
-1
2:0
6
-3
1
-4
0
222
-220
-1
125
-116
-2
-7
3
-4
0
4
10
-14
3
-3
2
0
45
-46
1
26
59
-76
2
-12
3
2
-6
5
-5
2
2:-1
3:0
28
-1
-4
-23
5
-5
58
-58
20
-20
2:1
3
-5
4
72
-72
-4
3:1
-3
1
-1
181
-179
-2
6
5
-5
-4
1
16
-17
-1
1
9
4870
-4879
-2
0
19
-19
2
0
-2
4
-2
0
8
245
-255
1
-1
118
-20
-95
-2
2
33
-11
-25
0
2
1
-3
0
25
-25
1
28
-29
1
2
0
2
-3
0
-1
4
-4
1
2:0
-2
3
6
-9
6
4
-10
11
-9
0
-1
2:1
-3
2:0
7
-7
4:0
15
-14
21
-22
8
-7
242
-242
-1
0
29
-28
24
-25
13
0
-12
0
-1
31:0
1
-1
3:0
2
-2
3:0
1
-1
12:0
1
-1
30:0
1
-1
5:0
1
0
-1
3
-3
21:0
1
0
-1
0
1
-1
15:0
1
0
-1
2:0
1
-1
7:0
1
-1
8:0
1
-1
3:0
2
-2
4:0
1
0
-1
0
1
-1
7:0
2:1
-2
6:0
3
-3
0
1
-1
9:0
1
-1
5:0
3
-3
5:0
1
-1
18:0
1
-1
2
0
-2
0
1
0
-1
4:0
end
