v1
754
297
142
21
43
0
36
33
3
9
148
11
381
94
38
164
0
39
9
8
0
1
17
26
240
204
119
43
45
0
53
47
126
3
64
143
0
27
0
1
57
19
37
7
15
127
19
5
397
94
22
24
165
58
266
30
258
5
135
7
10
39
241
89
54
152
89
70
55
5
102
72
56
95
15
94
195
271
22
0
307
0
96
10
194
49
136
81
41
506
67
70
218
207
152
222
25
21
135
9
73
0
7
30
0
118
19
14
225
38
104
2:5
0
110
21
12
20
87
111
11
33
13
244
200
253
157
45
245
125
124
69
4
296
85
121
176
134
16
48
49
0
281
67
33
212
151
26
53
306
13
0
8
12
69
3
54
0
404
107
3
295
106
29
57
42
7
104
317
30
129
210
213
25
40
3
2
6
20
93
235
77
64
75
0
116
73
129
80
196
147
128
16
60
33
456
255
101
242
8
59
0
50
10
278
7
152
29
0
56
12
33
6
19
13
38
5
4
1
30
3
6
24
1
46
2
3
14
6
111
16
1
13
105
68
5
9
15
51
8
59
6
8
47
3
60
5
3
35
19
55
73
9
45
118
85
189
173
31
0
47
95
120
82
110
33
90
70
35
31
55
133
110
304
10
33
6
24
92
104
0
180
54
121
141
186
41
59
28
169
3
102
49
53
44
21
149
15
129
79
196
6
0
17
14
19
66
139
52
23
5
10
31
2
153
229
41
152
118
153
43
42
1
19
175
0
10
35
505
256
2
232
69
76
17
367
50
72
43
2
24
42
115
56
10
120
1
8
67
50
30
170
125
3
470
96
23
44
0
19
258
33
30
62
132
8
6
21
17
36
90
38
2:19
88
7
8
57
32
58
40
19
29
12
98
17
3
99
6
39
57
14
206
403
2
36
45
20
77
107
415
37
175
70
63
58
8
2:43
24
1
18
62
215
23
28
38
100
54
47
3
28
22
8
35
2
18
40
32
20
2
0
86
130
23
1
38
0
20
5
23
104
5
84
5
33
105
96
23
194
61
42
2
54
41
51
29
0
34
113
42
34
67
24
32
31367
3
5
3
19
9
43
9
7
23
0
3
53
66
4
29
53
44
154
19
76
8
15
40
57
14
22
8
22
0
932
176
44
45
23
111
4
0
67
43
62
79
47
3310
2211
2
322
1
3
1553
3073
2067
2464
0
5116
1
3235
4203
8202
5108
1389
429
2179
816
925
872
1258
12
1382
2
14
8068
7
2
0
21
2800
5
882
943
0
15
2451
2
13
474
509
4160
1
0
6
0
2
8
2:2
3
1
1427
106605
224
13098
3544
1
7716
21
4
73
9417
32305
74
32
7
3
4
14
0
4
26
7
130
4
40
73
13
7
53
19
17
2:5
11
0
54631
731
9
24
17
109
67
90
7
0
2
27
18
5
52
53
93
16
7
20
13
2:4
0
2:2
11
2
1
29
0
703
0
42
40
65
71
0
7827
13107
13301
3251
4729
575
118
367
1183
539
333
1
189
665
436
330
204
1
2
6
5
1
37
1
44
3
50
26
21
2:4
5
26
6
10
24
35
56
4
5
0
1
30302
1513
8800
31
87
513
172
0
513
68
246
3:28
41
0
226
195
270
238
4
36
109
-459785
3730
1204
496
41
175
623
993
2260
279
3980
76
30
668
189
724
1545
281
309
250
280
551
611
1955
623
1803
1147
433
390
261
1076
324
64
588
1237
56
1241
284
1221
32014
499
1293
36291
30577
125538
53590
55734
262
889
67
25258
21984
63
42851
1410586800
699:0
1
53:0
0
2
0
4
0
-5
2:0
59
-58
42
-32
-11
1
-1
1
10
45
-50
-1
18
-23
4
-3
5
1685
-1689
-1
0
28
-25
13
70
-83
2
-2
-3
-1
7
1477
-1484
622
-614
19
-2
18
-32
-10
473
-473
3
1942
-1920
2:-12
7
588
-438
-159
6
1
-7
36
-19
40
-51
7
21
-34
5
4
-9
2:0
213
-125
48
-134
3:0
45
-21
-25
-1
2:3
30
-36
21
-14
-8
4
-3
4
3
574
-506
-75
1
0
-1
5
0
-5
54
-54
1
318
-313
-4
9
1
40
-52
137
1
64
-200
-2
828
-819
4
78
-48
-35
13
54
-68
1
-5
6
-4
61
-65
37
1058
-1083
-7
7
-2
-9
-2
189
-182
-4
327
-257
-70
-2
0
12
71
-18
-66
11
3
41
-11
-34
-6
-1
248
-248
2
13
-17
12
38
-48
18
-21
0
9
22
-30
2
335
-324
27
-39
13
-13
0
55
-55
-3
0
274
-249
60
-63
-2
-18
15902
-15895
11
-18
28
-17
0
15
-27
36
-24
-7
1
-3
27
-24
32
3
-32
148
-155
3
-1
-4
1
7
-4
-2
3
30
-27
14
312
-330
4
17
48
-72
46
-44
0
461
-464
13
15
-20
-4
4
-8
64
-60
81
-37
-47
0
7
0
14
-22
195
-194
0
40
-40
0
7
-6
119
-112
-9
22
-23
4
26
40
-55
-13
243
-238
74510
-71837
12639
-15317
188
-187
0
24
-13
45
346
-340
29
-92
86
-68
5
-17
-1
-6
84
-75
-6
175
-155
-20
27
-20
-9
300
-291
-10
2
2:-1
138
-138
4
235
50
-270
27
108
-153
6
11
-16
2:0
2
6
-6
-3
-2
8
1
102
-105
139
-144
77
-76
-1
0
34
780
-810
25
2
-17
-12
0
7690
-7692
999
-633
-257
-108
11
-12
1
-1
1
7
-5
118
-68
-1
7
-58
23
12
-34
2
56
-42
-16
2151
-2127
-26
254
-237
84
-101
3
12101
-12096
-5
111
-114
1
0
-1
0
113
-113
26
275
-301
4
188
-52
-125
83
-98
8323
-8314
59
13
2:-33
-9
1817
-1810
5
12
-29
42
-28
-12
12
1167
-815
-143
17417
-17590
-48
1
-4
1943
-1906
-32
-4
2:1
151
-149
-1
31
-32
16
5
-23
0
6616
-6376
92
-333
2:1
2480
-2476
-6
3
31
-34
2
-3
1
0
1
14
-13
0
3
-4
4
2215
-2216
1
2
-5
2
1944
-1948
57
16
-69
-5
2:3
0
-5
0
7
1
-3
19
190
-196
136
-144
11
-21
2
130
-131
1309
-1280
84
1
-109
-7
16
-15
23
83
-104
0
1
-3
4
67
-62
351
-217
-143
60
-60
1129
-628
-501
16
-15
0
3
5
3485
-3494
408
-406
-1
5
16
56
-72
7
-6
-4
62
1131
-1138
-38
-19
1
0
-2
41
-9
-25
-6
0
346
-347
6
-2
7
-7
-4
4
1
2:0
-4
68
11279
-11268
-60
-10
29
-34
156
-150
544
-478
-48
-28
439
-286
32535
-32689
30
-16
108
-59
-51
-10
0
1208
-1202
-8
4
2:0
2:24
107
-148
-12
65
9330
-9394
2
0
12
20
-7
-25
2
581
-584
4120
-4107
-3
2
72
48
-109
11
239
56
-277
-54
33
559
-586
2:0
-1
10
145
-139
14
-28
-1
-3
0
34
-36
2
2:0
-1
3
10
-14
1
249
-249
13
28
-21
-18
-1
12
11
15
-22
92
-108
16
-18
29
-26
1
87
-92
7
-3
0
1
-3
2
-2
94
-87
-4
54
-57
1209
-1160
-45
0
3203
-3203
0
-3
7
83
-84
-7
4
-5
0
213
-213
8
1
4
2:-5
-2
-1
2225
-2221
45
-46
-4
53:0
1
9:0
4
-3
-1
4:0
4
-3
0
-1
1
-1
0
3
79
-82
1
0
-1
2:1
-1
0
-1
3:0
1
15
-16
8
-5
8
-11
2
-2
3:0
19
-8
-7
-3
-1
1
-1
2
-1
2:0
-1
0
1
5
-6
1
-1
0
1
2
-3
1
-1
2:1
5
-7
3:0
4
1
-4
-1
0
4
3
-7
5
-3
-2
3:0
1
2
-1
-2
2:0
2:1
0
-2
3
-3
0
22
-22
5:0
2
2:-1
2:0
24
-24
3
-3
3
-3
5:0
1
-1
7
-7
2
5
-3
-4
1
0
-1
0
8
-7
-1
0
4
-4
3:0
9
-5
-4
2
0
-2
0
2
-1
1
-2
0
2
0
-2
4
2:-2
4:0
3
-3
0
1
-1
2
2:-1
4:0
1
-1
33
-33
8
-6
-2
0
37
-37
0
1
17
-18
3:0
3
-3
0
1
0
3
-3
2:2
-2
26
-29
4:0
2
-2
0
3
20
-21
1
-2
-1
0
4
7
-10
11
-12
1
24
-25
0
7
-4
0
-3
0
2
-2
3
-2
-1
0
5
-5
2:0
12
-12
0
6
-6
0
3
-3
5
-5
0
4
-4
1
0
-1
2
-2
36
-33
1547
-1547
63
-66
19
-17
0
2
-4
7
0
-2
-5
0
1
0
5
-6
2:0
1
-1
0
11
-5
-6
2:1
0
-1
2
-3
3:0
24
-24
1
-1
48
-41
-1
7
-13
0
3
-3
1
-1
2
-1
0
-1
0
1
-1
18
-18
24
-24
1
2:0
-1
1
10
-10
3
-1
4
-7
0
308
-308
51
-45
-6
0
1
-1
5:0
7
-3
2
-4
-2
1
5
-6
0
1
5
-5
101
-90
-12
17
-12
-3
-2
0
204
-201
-2
-1
5:0
1
-1
1
35
-36
1
2
2:0
9
-12
300
-299
12
-2
-6
-4
0
86
-82
-4
-1
0
11
-11
2
-2
24
-16
35
331
-366
-6
-1
0
102
-103
1
-1
0
1
4
-5
0
8
-8
6
-6
2:0
289
-259
9
-39
2:0
10
-8
-2
1
8
-9
5:0
7
-7
0
3
-3
2
173
-175
0
2
-2
1
118
-119
7
-1
-5
-1
5:0
4
-3
-1
8
14
-20
31
-31
1
-3
0
10
-10
132
-128
9
0
-13
0
4
-4
8
-2
-6
0
3
-3
0
6
0
9
8
-23
0
1
24
-12
-13
5
-5
0
2
-2
58
-58
15
-15
2:0
1
5
0
-4
-2
1
9
135
-144
2
-3
3
0
-3
0
3
-1
-2
0
3
-3
0
5
-4
0
-1
1
0
-1
2:0
4
124
-128
2
-1
4
-5
16
-14
6
15
-23
0
3
15
2432
-2450
4
-3
-1
3
-3
2
0
27
-29
0
1
2
-3
2
-1
3
0
-4
9
219
-228
2:0
2
-2
8
-7
-1
72
-72
68
-65
0
1
-2
43
-45
17
-14
22
-1
-24
3
22
-24
-1
0
2
1
11
-13
0
-1
6:0
1
3:0
2
-3
0
5
-5
4
3
0
-7
1
3
0
1
-5
3
-3
3
-3
1
-1
1
2
-3
2
-1
0
-1
0
1
-1
12
-11
-1
9
-9
25
-25
1
0
241
-241
1
-2
0
1
2
-3
3:0
10
-10
0
1
2:0
-1
3:0
4
13
-17
1
-1
4:0
1
-1
9:0
1
-1
8:0
1
-1
15:0
1
-1
5:0
2
-2
0
end
