v1
725
297
142
224
317
249
239
130
485
427
124
1
57
56
7
15
28
118
76
159
139
122
108
44
59
522
90
140
592
295
98
260
15
180
271
404
31
194
22
285
506
67
124
747
44
8
158
117
62
46
52
96
129
109
115
33
76
100
86
1
256
47
168
535
275
193
79
31
275
297
134
494
212
230
99
240
69
57
915
652
178
95
213
41
55
93
235
185
231
125
173
2
94
275
16
93
62
2
364
59
281
286
8
59
220
306
40
9
7
12
39
32
18
7
22
31
3
30
1
46
26
77
33
7
2
8
13
91
14
73
9
74
59
6
8
32
18
61
4
3
92
17
245
85
189
166
7
85
88
120
94
112
433
110
304
10
33
6
116
284
54
121
47
94
49
36
101
128
111
61
418
15
129
275
6
307
23
15
23
10
153
86
143
41
508
8
237
758
253
48
53
18
389
56
109
2
24
157
187
75
50
215
113
404
229
277
33
80
96
83
17
36
128
19
38
69
2
5
8
147
40
2
66
215
110
3
133
473
103
77
5
102
64
388
175
191
8
2:43
37
6
277
51
38
100
54
47
3
58
37
18
72
18
2
88
153
59
5
20
3
193
5
151
106
119
194
350
34
31498
10
12
9
199
5
42
2:44
85
69
19
76
66
54
36
8
22
18
1032
170
111
71
182
49
3310
2211
328
1553
3764
1376
8690
2126
2661
9744
793
9128
925
1304
2220
2
8082
9
1
2821
886
943
15
7
1526
1916
1014
3155
10
5
3
1412
13
106829
13098
3544
1
7716
25
73
9417
32421
22
11
22
134
101
32
53
19
17
5
54647
703
28
132
27
157
7
2
27
18
57
129
33
27
12
1
10
2
11
2
726
111
23
18731
2294
3093
1178
1995
7035
8555
238
1430
873
189
665
970
3
149
84
36
4
71
11
9
4
5
1
40844
402
172
827
56
249
441
312
36
-461357
14
594
80
677
14
48
12
144
98
82
3
143
310
123
314
201
0
546
181
277
47
0
259
170
290
175
228
203
223
464
133
79
0
228
0
25
184
357
122
439
51
83
154
634
0
181
7
75
437
673
392
155
23
202
95
115
53
23
455
187
12
1145
799
779
14
165
92
135
127
55
155
47
164
292
65
592
23
77
212
42
434
4
503
77
33
127
10
539
263
7
185
23
22
52
25
56
12
49
8
48
17
117
16
105
87
4
6
61
57
17
56
0
40
71
16
182
27
0
165
31
420
309
131
51
39
60
10
35
16
70
271
655
252
28
0
265
72
224
28
149
403
13
312
110
199
0
35
69
17
649
114
58
47
1175
7
178
17
176
136
105
183
213
162
377
76
319
197
63
11
338
128
46
170
524
1
79
156
533
0
2:77
4
202
85
172
389
53
63
7
132
154
106
160
0
234
67
12
6
519
5
89
32
6
201
13
204
11
50
98
92
21
0
140
168
14
1
31409
44
245
36
0
4
95
195
13
1208
37
0
50
22
160
141
167
9
13
10466
693
2023
1815
0
17057
3703
1620
5297
1341
844
3883
4
1384
10
8075
3
20
2791
4307
13
1997
25
3138
8
2
2467
0
124165
6083
41861
21
181
192
11010
44515
67
0
261
46
30
99
16
709
29
14
6
56
0
120
3445
28356
10414
813
247
1102
535
85
2156
9
27
5
2
0
7
2:4
49
65
2:3
25
4
0
8
29
105
15
11
30306
0
9782
230
470
0
1586
159
42
728
1410199800
399:0
1
324:0
3
8
-8
253
-253
16
-15
6123
-5957
-134
-32
68
464
798
-1310
175
-178
-18
1
18
77
-36
-52
255
-255
120
-120
199
-194
992
-633
-341
-20
151
-150
10
171
280
-455
-9
17
-25
31
55
-86
24
-24
-1
248
-225
-12
169
-159
-4
29
-46
10
158
-158
19
-28
263
-265
60
-43
9
248
-131
29
-105
45
-112
349
-348
69
-60
62
-49
-22
1
15
249
-256
-10
125
18
-141
26
-14
-5
-7
378
-327
-53
53
-52
454
-454
-1
64
-29
63
-96
-1
13
-14
0
47
-38
67
-53
-11
-10
112
-113
11
155
-167
56
-55
1
-2
150
-26
-21
-64
-39
19
-19
610
-491
2004
-2106
-15
-1
71
-71
1145
-1088
-46
2:1
-4
-10
1
74
-74
54
238
-290
6
4
296
-307
120638
-120543
9842
-9786
-137
10
23
0
44
-93
15
85
-97
12
-5
-9
26
-24
11
-3
-10
69
-58
50
205
-254
-12
148
678
-810
35
-26
697
-711
95
-88
-1
-2
-4
0
50
-43
7
12551
-7159
-5390
-15
-11
7
3
35
-20
-26
0
1
39
-31
3170
-3134
-37
219
-228
15
147
16861
-16995
79
-105
16
181
-197
-1
0
55
-55
11
331
-342
94
199
-268
3363
-3361
-28
2:27
-44
1527
-1510
459
14575
-14896
-145
4283
-4303
0
2
18
20
70
-49
20454
-19402
-1089
1484
-1499
133
-133
3787
-3746
-38
8
2152
4347
-6508
42
233
-285
16
-15
11
394
-381
-15
156
-101
33
-10
822
-860
220
-270
1
71
43
-115
1
243
0
55
209
-177
-330
258
-241
4254
-4271
497
-418
211
-279
2
8
1861
-1883
41
-42
2
14
50
-48
43
-48
11
-13
-10
35854
-35808
-47
9
104
47
-151
-8
47
27
370
-295
35951
-36009
520
-610
-1
0
45
84
-128
1
50
9772
-9655
-146
-23
0
4671
16628
-21291
24
197
-204
81
-107
72
-42
-29
2905
-1697
-1178
44
-59
-7
-8
61
-60
77
-77
0
32
-7
302
-329
74
-34
57
-17
-34
99
-98
50
-96
7932
-7933
28
57
-34
37
419
141
-646
-1
68
-68
32
-32
99
-48
-52
-2
2
4
2
1
0
-8
-1
3:0
10
-10
10
-9
2:0
4
-3
8
-9
0
-1
7
-7
5
-4
8
-9
1
-1
1
3:0
5
-6
0
8
1
-7
0
5
-6
0
7
-8
2
-2
5
3
-6
2:-1
2
0
-2
2:0
5
0
-3
6
-8
2
5
-6
6
0
-2
3
-6
3
-3
5
0
2
-7
6
-6
2:0
5
-5
-2
0
9
-9
2
6
-8
7
-5
5
-7
2
-2
8
-6
8
-8
4:0
-2
2
2:-1
1
2:0
4
2
3
-4
-5
0
-1
8
-2
-1
0
-5
0
2
5
-6
-1
0
2:1
0
-1
3:0
-1
2
4
2
2:-3
-2
1
0
4
0
-3
2:0
-2
8
-8
3:0
2:1
-1
5
-5
-1
2
6
1
-8
1
3
-5
10
-4
2
-8
2:0
6
-5
0
6
-6
0
1
-1
5
1
-5
0
-2
2:0
2
-1
0
7
-6
2:0
-2
2:5
-9
8
-9
1
7
-8
1
7
0
-6
2:-1
2:0
2:1
5
-5
-1
0
-1
6
0
-4
-2
1
0
1
3
-4
1
3:0
-1
0
-1
1
0
-1
6
0
2
-7
1
2:-1
0
7
-7
2
0
-2
10
-4
1
-7
10
-8
0
-1
0
-1
7
-7
7
-2
-3
-1
8
-8
3:0
1
4
-6
10
-4
-6
10
-9
0
-1
1
-1
0
2
6
-8
2
7
-1
0
-6
3
-4
0
1
-2
1
-1
1
4
-4
-1
1
0
-1
7
-5
-2
1
2:0
-1
0
1
0
6
-7
8
-6
1
4:0
2
-2
78
-78
0
1
10
-1
-6
10
-13
-1
2:0
2
0
2:-1
12
-12
15
-14
10
-11
3:0
1
2
-3
1
4
-4
4
-4
2
-3
0
3
-3
2
2:-1
13
-13
0
13
-12
0
1
-2
2
25
-27
1
-1
3:0
2
-2
2
5
-5
2
0
-4
19
-19
7
-6
0
1
-2
0
1
-1
1
-1
0
2
-2
3
-3
2:0
30
-28
-2
5
-5
1
-1
0
1
0
54
-55
0
2
2:-1
5
-4
13
-3
-11
3:0
8
-7
-1
36
-36
0
1
-1
0
19
-18
-1
15
-14
31
-21
-5
2:-3
1
3
-4
13
-10
-3
4
2:-1
-2
0
11
-11
4
-2
2:-1
0
67
-67
1621
-1620
99
-80
-15
-3
9
-11
5
-5
3
1
-4
5
-3
-1
13
-11
-3
5
-4
9
-6
-4
32
-20
-11
3
17
-18
-3
1
11
-12
22
-22
0
1
3
-2
3
-3
-2
401
-283
-117
-1
0
2
6
-3
0
-5
2
2:-1
3
115
-114
-3
17
-18
7
-3
335
-336
-3
0
5
20
-24
-1
1
9
-10
0
8
-8
17
0
-13
105
-101
-7
-1
4
1
17
-22
34
514
-523
-25
115
-115
1
-1
2:0
15
-8
439
-407
-38
31
-30
4
-3
-1
3
-4
2
156
-30
-129
2:8
-16
2
-2
8
13
-19
4
49
-46
2
8
146
-157
10
-18
1
6
1
-3
-4
1
2
29
-14
17
-35
8
-9
57
-57
17
-13
9
-10
-3
18
154
-172
18
-18
0
4
-3
-1
0
2
-1
2
-3
218
-217
-1
0
4
5
-7
-1
10
-11
2
17
488
-503
5
-8
0
1
6
-5
-3
1
7
350
-357
-1
2:0
272
-147
-122
12
-12
18
23
-44
51
-48
-3
65
-63
12
-4
-9
4
-5
2:0
6
-5
0
-1
6
-1
-5
14
-10
2
1
-4
3
-5
14
-15
17
-17
4
3
-7
0
122
-120
1
-1
0
2:-1
0
49
-26
-23
3:0
2
2:-1
5:0
6
-6
4:0
19
-19
8:0
2
-2
8:0
1
-1
6:0
2
-2
3:0
1
-1
1
0
-1
4:0
5
-5
5:0
1
-1
0
4
-4
6:0
1
0
-1
11:0
2
-2
1
-1
0
2
-2
0
4
-4
1
0
-1
1
-1
6:0
1
0
3
-1
-3
3:0
1
2:0
-1
2:0
1
-1
0
1
-1
2:0
2
0
-2
3:0
1
-1
3
-1
-2
3:0
2
2:-1
2
-2
4
-4
3:0
1
0
2
-3
5:0
1
-1
3:0
4
0
-3
-1
4:0
1
-1
1
-1
0
1
0
-1
10:0
1
-1
2
0
-2
9
-9
0
1
-1
2:0
5
-5
11:0
1
0
-1
4:0
1
-1
12:0
1
-1
5:0
2
-2
2:0
1
4
-2
-3
3:0
1
0
-1
3:0
1
-1
9:0
5
-5
0
2
1
0
-2
1
-2
2:0
4
-4
0
2
-1
0
1
-2
23:0
1
-1
1
-1
end
