v1
480
63
234
0
134
104
18
190
207
91
145
74
105
55
39
9
26
242
80
139
128
57
236
24
59
176
57
19
37
50
114
4
298
76
168
21
0
144
58
282
170
102
140
7
585
191
28
31
34
11
26
72
46
60
45
109
184
11
271
101
76
152
106
237
223
41
113
393
0
67
95
315
63
352
232
2
139
108
277
170
13
74
20
0
76
80
86
257
79
196
93
131
156
164
81
91
231
106
0
255
20
431
90
291
69
44
233
209
339
47
1
21
10
0
222
70
131
28
288
223
135
192
229
30
172
42
125
166
47
68
356
77
339
158
130
106
0
275
16
549
181
131
49
245
397
7
86
95
56
4
41
6
0
19
13
55
5
28
23
47
19
6
126
2
118
73
9
74
22
23
14
6
93
26
4
41
54
17
85
42
0
118
447
78
92
3
120
420
16
70
133
110
98
206
10
33
6
24
92
104
42
68
70
54
156
106
85
74
27
297
0
3
0
170
263
129
0
79
202
31
299
48
153
229
41
481
47
161
14
7
705
96
199
102
83
10
176
191
167
24
0
88
69
49
21
60
0
57
8
55
0
12
50
961
277
12
21
30
27
35
6
0
134
44
36
128
126
2
5
8
147
40
283
96
14
609
2
36
65
57
125
2
153
299
175
70
121
8
43
68
0
18
277
51
32
6
100
54
47
53
0
6
2
95
52
88
153
59
5
20
3
104
18
3
73
151
106
445
84
17
15
45
57
34
92
48
0
31353
0
5
22
9
43
161
4
29
53
44
62
111
66
10
0
8
58
54
36
21
0
9
12
920
176
112
111
71
135
47
0
2
47
9
3301
2211
328
1553
5140
2464
0
8352
1500
1161
2788
6956
793
8312
816
925
3521
3
2
4
8078
9
3708
943
15
2940
4688
4993
103269
13098
3544
1
7716
25
4
22
47
4
9413
32379
16
0
16
10
18
4
21
132
10
44
61
12
20
53
36
5
11015
43632
731
41
118
157
2:7
10
12
18
45
12
162
40
8
0
2:2
11
2
17
709
105
3565
0
17489
4271
9030
2004
1247
5304
1668
539
523
665
436
532
2
3
11
0
20
22
58
122
40
52
14
16
9
4
6
30302
10482
0
462
0
999
49
35
41
16006
1410340200
479:0
0
1
2:0
14
-13
8
2:-5
2
6
-8
2
9
117
-127
-1
31
-16
1597
-1608
-3
2
10
-9
3898
-3900
197
-187
-9
7
-3
12
-18
2
0
797
-790
-7
13
-4
-5
-6
154
-155
9
-9
1
113
-108
11
-16
-1
2
204
-206
2
15
-14
52
-53
207
-209
0
17
-8
-7
1
66
-61
-7
2
14
-17
8
56
27
5
-93
13
3
-18
0
1
-1
100
-84
243
-254
5
-5
-6
0
4
41
-40
5
1
-2
9
-16
-2
3
-3
98
-97
124
-72
-52
5
6
-11
2:0
-1
22
-22
5
1
-2
2
-6
19
-12
53
-43
-16
3
-2
62
-52
2:-6
35
14
2
-29
98
3631
-3666
-83
-1
42
-39
1
-5
543
-383
-159
166
-150
-12
2
17
-22
29
-27
-3
10
-6
-5
1
11
1
-12
144
-69
-75
3
6
-4
-3
-1
165
-161
9
4
-19
3
0
71
7
-73
1
14
77
-93
34
-37
0
153
-157
5
53624
-53622
3996
-3999
30
-30
16
-19
22
-4
-17
174
-161
-15
382
-379
0
-3
1
-1
2
1
0
-2
0
6
10
194
-193
40
300
-352
-6
5
-4
-1
0
109
-109
121
-83
12
-49
7
529
-536
0
-1
32
-30
207
-208
0
2185
-2186
10
0
1377
-1373
-11
5
-2
3
-6
-1
-2
1
0
-1
8
-6
1991
-1921
-68
15
35
38082
-38133
1
0
109
-111
9
76
-11
-76
24
159
-163
514
-515
-17
11
875
-878
-9
0
5
6
154
-148
1
82
7588
-7669
-19
0
5
2346
-2331
150
-126
-45
4532
-4354
-172
244
-246
-4
2
118
-120
2
4
16
-15
11
-17
1
453
-455
3
3:0
1258
-1232
79
-105
32
-32
5
14
65
-85
60
-55
-6
0
3
7
34
171
-214
-2
83
-83
1
2
16
-3
4
-20
3
0
18
14
-32
35
12
232
-174
-14
-93
1
852
-853
4
1
231
-159
-73
51
-56
0
46
586
-631
7
-6
3
-4
28
-27
16604
-16606
20
-18
3316
-3302
-12
327
-329
0
52
-50
21520
-21522
-1
0
2
13
-2
899
-913
4
-2
2:0
5
102
-108
15
17333
-17341
-1
-7
1
415
1566
-1972
-9
0
32
-16
0
-5
12
38
-61
0
1
8
24
13
-47
5
-5
0
1
18
-19
6
-6
0
27
14
-39
9
-3
8
-8
90
-94
-1
0
-2
58
-58
19
2
-20
-2
2
27
87
616
-707
-24
3:0
106
-106
33
21
-46
1
13:0
1
0
-1
2:0
45
-45
4:0
6
-5
3
-4
0
1
-1
0
8
-8
0
7
-6
-1
0
3
-2
-1
4
-4
4:0
1
0
-1
9:0
1
-1
0
2
-2
2:0
3
-3
6:0
6
2:-3
0
2
-1
0
-1
0
10
-8
-2
8:0
2
0
-1
1
2:-1
2:0
4
-4
11
-4
-7
6:0
1
0
-1
2
2:-1
1
-1
2:0
1
-1
2:0
1
-1
1
-1
0
8
0
-5
-1
6
-8
2:0
22
-22
2:0
1
3
-4
4
2:-1
-2
5
-4
0
-1
0
8
-8
2:0
3
5
-8
14
-10
-4
3:1
-2
-1
7
-6
0
1
-2
2:0
5
2
-7
2:0
1
0
-1
2:0
23
-23
2
638
-640
35
-35
7
-6
-1
0
3
0
-2
1
-2
0
2
-2
4:0
1
-1
3:0
1
3
16
-15
0
9
-14
1
-1
3:0
6
-6
9
-8
2
-3
1
2
-3
2:0
3
-3
3:0
133
-133
2:0
53
-52
2:0
-1
2
2:-1
6:0
77
-73
-4
9
-7
175
-177
1
-1
12
-12
2:0
3
-3
2:1
-2
4
-3
-1
3
41
-40
-4
0
1
0
5
-4
-1
10
176
-184
-3
0
1
13
-14
1
2
-2
156
-143
-12
9
-10
-1
0
3
-3
0
1
0
-1
3:0
44
-44
2:0
1
-1
49
-44
2
-7
2
-2
0
7
2
-9
18
-18
3:0
1
4
32
-37
0
6
-6
0
2:1
2
-3
-1
2:0
1
0
-1
1
9
1
5
-14
-2
0
33
-33
2:0
8
-5
-3
7
-7
0
4
16
-20
1
2:0
-1
2:0
107
-107
3
-2
0
2
-3
1
-1
1
7
-7
1346
-1347
5:0
10
-10
1
0
-1
0
2
-2
0
2
150
-152
0
1
-1
40
5
-43
-2
0
2
6
-8
2:6
9
-21
0
2:1
0
2:-1
8
-8
2:0
3
-3
1
-1
0
1
5
-6
2
-1
2
-2
1
-2
2:0
2
2:-1
3
4
-7
2:0
1
-1
58
-57
-1
0
1
0
5
-6
6
-5
-1
end
