v1
681
55
155
42
45
142
304
486
52
187
289
207
119
51
28
235
67
0
43
128
57
20
36
7
15
28
118
221
14
139
168
165
510
102
5
27
108
26
170
244
152
159
117
45
50
22
260
34
69
108
255
69
32
324
10
83
20
43
48
266
2
39
144
16
161
185
49
18
95
140
196
13
51
265
68
87
135
31
51
26
11
137
140
102
35
170
87
20
14
42
80
106
29
228
127
148
93
84
1
98
104
166
290
52
269
0
144
7
12
213
92
134
273
192
29
442
126
156
24
33
65
4
57
31
373
107
3
295
64
42
67
80
154
255
96
106
39
128
213
68
7
21
93
235
409
2
5
300
94
275
109
119
164
374
26
34
345
109
288
7
208
13
16
2:6
23
10
6
19
13
0
43
17
21
0
6
24
47
2
24
110
17
13
68
37
21
41
2
9
4
5
1
11
62
40
5
14
6
3
50
5
35
30
3
6
29
2
1
71
127
27
24
67
25
60
361
1
78
7
88
4
116
225
90
60
45
86
243
165
139
10
6
0
33
116
0
1
213
70
54
121
141
85
101
2
39
59
28
172
146
5
97
185
116
294
17
14
163
108
28
45
3
83
70
229
41
309
114
39
19
47
59
116
10
40
258
500
199
102
42
29
12
10
176
19
36
81
142
78
2
24
42
115
186
1
75
18
32
6
41
118
160
473
110
37
16
19
258
33
30
62
74
60
6
27
17
36
90
38
19
105
2
7
8
147
88
110
119
116
3
336
270
38
2
43
20
82
102
255
197
76
99
17
53
63
58
8
3:43
58
52
94
73
51
38
100
54
44
2:3
50
8
37
18
34
56
2
88
153
59
5
20
3
104
89
3
2
33
118
96
3
7
119
75
11
50
58
80
52
21
63
20
39
18
57
34
77
14
1
31
31370
5
22
9
43
95
61
5
33
53
44
24
13
48
69
0
19
76
21
10
35
54
15
21
8
22
932
148
72
68
111
71
111
73
47
3310
2211
328
1553
3073
691
1376
2464
5116
3236
5449
6956
3
790
5704
0
423
2185
816
925
1304
2220
0
2
4
10
8068
7
2
2822
4
882
943
15
2453
13
474
4670
6
1
9
2
1420
13
106829
24384
73
4
9413
31396
909
5
69
42
4
18
2:11
4
16
82
29
54
45
16
12
20
72
4
13
5
9635
1380
43632
890
41
116
7
0
2
27
18
34
11
12
46
7
30
15
47
5
12
4
23
13
3:4
11
2
726
29
20
157
7
3457
4916
12573
3093
5056
5152
7980
575
485
1183
326
213
334
189
665
436
532
2
3
4
7
11
30
1
41
3
73
34
29
16
1
14
5
4
41
30
11
4
5
9
1
30302
1513
8564
236
169
462
172
0
513
176
138
56
261
729
8
4
36
55
13
-461303
10
70
327
1152
1945
710
117
174
829
374
378
1813
76
481
19
959
1239
129
303
534
2727
924
476
457
533
1968
15
34
8
319
248
220
1640
110
789
409
324
222
343
27
304
290
969
3376
557
2305
475
358
1545
47
93
130
31657
539
190
1300
105
93
119
13195
12828
32228
2791
26386
104456
3544
49807
14
207
46
104141
26
5
56
55
51
87
40435
2024
1023
1410012000
599:0
1
80:0
4
-2
11
-9
-3
848
-749
-77
13
-22
-12
2982
-2979
118
-122
23
0
-18
-5
929
-925
322
-321
10
220
-229
-6
14
-5
30
212
-147
172
-275
0
18
-13
11
-16
212
-57
-155
2
4
33
305
-345
4
-4
37
-35
7
-7
265
-265
10
-11
20
-20
1
44
-46
1
-1
3
-3
11
-9
11
-12
2
33
-36
2:0
80
-63
-17
0
2
231
-223
-10
410
-56
-337
-14
2
-2
-3
110
-107
13
-15
2
18
-18
-1
3
14
-15
2:-1
6
-1
3
-9
-1
0
12
4
-15
2
18
328
-344
-3
2
273
-277
17
121
-60
-74
-3
11
0
-12
32
-32
3
-3
2:1
0
-1
13
181
-195
12
-8
44
-38
-2
-7
252
-243
344
-323
-29
-1
10
32
-43
0
64
-57
-7
7
-7
6
31
-25
35
-47
11
0
-11
160
-94
-49
-15
25
-7
-10
-7
18
-11
-10
0
97
-89
-1
38
-40
-5
3
7
1
591
-599
0
79
-82
1
137
-134
-4
4
64
-64
523
-390
-137
4
-4
5
-5
1
0
2
35
-38
14
-10
109
-111
0
64
-53
34
-42
-5
3
2:0
387
-389
-1
90806
-90799
2
7602
-7509
0
-91
-11
16
33
115
-115
-33
-3
-7
14
-19
2
59
-40
-18
-3
13
48
-60
-1
21
-19
-3
48
-42
199
-192
25
-20
1119
-1138
7
-5
-1
6
-6
7
-7
0
1
68
-63
117
-123
5
-4
122
-93
-28
-2
3
468
-471
898
-889
37
-46
8
7546
-3790
-3758
19
23
-38
3
-11
-1
9
-8
23
-24
62
-61
-3
1
2:0
6
-6
30
1
-26
2528
-2523
-4
334
-321
77
111813
-111908
1
-2
239
-239
7
3
-7
-3
1
15
-15
1957
-1958
43
-40
72
-62
-9
73
-61
1127
-1130
-12
1773
-1763
-11
6
141
8
-109
324
40633
-41000
18
-11
-7
2976
-2977
-2
4
36
10
-23
-12
7192
-6780
-427
3269
-3266
0
21
131
-114
-42
0
3
7
21
-28
8
-9
4
-5
6
-6
12
-10
7
-8
-1
2385
-2385
2:0
1
82
1056
-1086
138
-190
2
-1
25
-25
56
259
-317
0
75
-67
-1
254
-248
-13
0
63
19
-82
1386
-1264
84
-192
11
22
33
-44
-22
-14
91
-90
27
151
467
-367
-279
161
-28
-132
0
6659
-6660
774
-763
74
-78
1
-6
3060
-2802
-260
1
99
6
1771
-1873
-4
7
-5
10
-7
1
9
-9
60
-65
31
-32
150
-149
5
-6
32061
-32056
19
30
280
-40
-293
666
-667
33
-33
93
-51
-41
308
-306
53
-55
31
-28
-4
5
13
28
-13
250
-283
0
2
12213
-12206
14
-20
5896
-5899
12731
-12725
2
17
99
-77
-43
47
215
-265
1635
-1636
0
1
-2
1084
-1083
42
4219
-4257
4
15
944
-935
-17
-1
-9
-5
1
3
-3
55
-45
40
-41
-8
567
-564
52
-52
9
-12
46
-42
1
-3
64
-32
-30
-3
123
-125
15
-15
0
6
464
-173
-293
-5
0
1
22
-20
1
33
-37
41
-40
950
-925
-24
2:-1
25
-17
2:0
-7
13
40
-40
-14
1
567
-461
-43
-64
49
-50
80:0
1
2:0
2
-2
1
0
2
0
-3
2
72
-74
1
-1
2
0
-2
1
6
-7
5
-4
6
-2
-4
-1
2:0
26
2:-13
5
-5
0
2
-2
2:0
9
-9
0
1
-1
5:0
2
-2
2
-2
3
-3
2:0
1
0
-1
5
-5
4:0
1
-1
3:0
3
-3
2:0
1
0
-1
2:0
15
-15
0
10
-10
3
-3
3:0
18
-18
1
-1
0
2
-2
1
-1
4
-4
2:0
1
0
-1
1
-1
0
1
2
-3
0
2
11
-13
2:0
4
-4
2
1
-2
0
-1
1
0
-1
2
2:-1
0
1
-1
2:0
1
-1
0
1
0
-1
2
-2
0
2
-1
18
-16
-3
0
2:1
-2
1
27
-28
1
-1
2:0
1
-1
1
-1
1
4
-5
16
-1
-15
0
6
0
-5
1
22
-23
-1
0
21
-20
-1
18
-18
2:0
2
-2
32
-32
0
7
-7
0
3
5
-8
0
6
-6
12
-11
-1
1
-1
0
2
-2
2:0
2
-2
1
-1
10
-10
0
8
-8
3
-3
4:0
53
-53
0
1281
-1281
0
79
-65
0
-14
1
4
0
3
-5
2:0
-3
0
1
-1
12
-9
-2
-1
3
-3
4
-4
3
-3
0
6
-6
38
-37
12
-8
19
-24
3
-3
0
4
-4
2
-2
2
-2
10
-10
16
-16
2
-2
9
-8
-1
0
1
-1
0
9
-6
-3
0
2
395
-298
-98
-1
1
-1
0
1
-1
2:0
8
-8
2
2:-1
3:0
2
-2
0
2
1
113
-111
-5
18
-8
-9
301
-302
2
-2
18
-18
0
2
-2
0
1
4
-5
43
-43
10
-10
13
-13
1
3
-4
79
-76
-3
3
-3
0
3
-1
11
-11
25
399
-426
9
-9
1
79
-79
0
-1
3
2:0
1
263
-233
-34
30
-28
-2
2
5
0
-6
-1
0
1
2
3:-1
2
-2
2:0
2
-2
2:0
1
178
-178
-1
2:0
4
94
-91
2
-6
-2
0
4
-5
4
16
-20
4:0
52
-51
-1
0
3
11
-14
184
-175
-1
-5
-3
2
5
-3
4
-8
3
-3
2
21
0
-4
-19
0
11
-11
1
51
-52
14
-13
2
3:-1
1
12
-12
-1
22
1
162
-184
-1
0
1
5
-5
1
0
-2
3
-3
8
-8
3
-3
1
-1
188
-188
2:2
-2
9
-10
9
-10
2:0
1
2
-3
6
-4
-2
4:0
1
-1
3
-2
2
-2
-1
1
284
-284
-1
0
275
-275
134
-132
0
17
-16
20
-23
0
77
-77
2
-2
3:0
54
-54
4
92
-96
0
18
-16
0
15
-14
-2
-1
0
3
-3
4
2:-2
2
-2
2
0
14
-16
3
-3
14
-9
-5
0
3
0
-3
0
2
-2
5:0
18
-18
3:0
9
-9
0
3
-2
4
-5
110
-110
3:0
1
4
-4
0
-1
2:1
3
-5
0
2
47
-27
-22
27:0
1
-1
11:0
1
-1
11:0
1
-1
1
-1
14:0
1
-1
2
-2
2:0
1
-1
3:0
end
