v1
588
252
45
50
192
204
111
375
239
8
260
228
29
90
141
50
123
238
57
56
22
76
130
175
139
122
46
77
88
62
200
78
132
38
102
5
99
0
36
7
10
423
152
57
102
162
72
151
109
15
47
0
133
322
0
384
136
51
29
118
126
41
73
135
298
548
14
65
75
280
65
70
148
108
97
47
133
4
220
33
20
156
42
44
1
256
127
105
43
93
85
6
104
47
45
158
8
44
353
0
110
275
230
67
96
38
90
304
100
442
339
69
10
47
31
373
110
262
139
0
239
317
244
125
213
41
34
21
93
235
44
259
113
118
153
123
257
18
16
376
0
173
201
111
294
259
20
118
7
181
27
29
45
6
19
13
47
8
26
22
8
1
46
19
117
9
2
5
1
103
15
21
61
74
59
6
8
32
2:9
35
26
4
3
54
38
17
56
189
85
118
236
8
78
7
88
636
233
28
70
206
10
33
6
116
0
146
68
70
54
121
141
85
101
128
138
31
3
151
81
186
15
404
6
31
110
166
23
10
5
23
10
153
229
41
225
283
8
187
50
758
301
71
12
10
417
0
6
111
24
266
77
1
75
50
57
268
395
12
66
163
48
229
63
146
56
44
36
109
2:19
38
69
2
5
8
106
41
40
68
215
110
125
322
164
36
45
20
182
2
36
47
99
270
308
58
8
2:43
31
340
32
6
100
54
47
53
6
2
7
10
18
2
90
18
2
88
153
59
5
23
104
64
25
5
33
118
0
99
7
119
0
136
57
133
176
76
92
5
31396
5
22
9
43
16
79
0
61
5
33
50
3
2
42
37
117
19
36
40
8
58
54
36
8
0
22
1080
72
68
111
71
184
43
4
3310
7
2204
328
1553
3073
691
1376
2464
2780
5572
12405
793
5704
3424
3065
1381
3
2
14
8068
2835
1825
15
2453
13
983
4161
6
1
9
2
5
1
1427
106829
13098
3544
1
7741
26
47
9417
32421
4
14
4
11
31
104
122
12
20
53
36
2:5
36046
19336
32
111
7
85
72
7
2
27
18
2
32
5
6
12
162
27
13
4
8
11
2
1
725
29
196
20934
3093
5057
5151
8555
403
38
44
1101
82
539
334
133
56
665
970
3
5
1
5
11
0
31
49
96
35
17
23
35
47
2:9
1
30302
10344
1285
314
56
28
236
604
130
40
-460859
707
3
157
14
43
685
1519
1
729
1055
3375
446
1692
551
7
1446
327
1325
427
989
2705
194
80
247
67
472
207
787
221
121
1541
13
1361
171
69
329
740
53
1025
291
191
100
65
463
247
1148
167
143
290
2062
622
353
335
48
13
186
610
47
208
31599
326
91
23
96
266
1272
18147
2324
26487
11586
31
9129
124526
53162
148
54949
1324
47
4410
25638
18106
5
16
59
38
52
31988
1410447600
499:0
1
87:0
1
0
2
587
-588
3
19
-20
130
-133
2
6
4943
-4946
-5
2
1
247
163
-406
-4
-3
14
-12
771
-765
4
146
-157
54
-52
-2
67
-49
-18
86
0
-80
6
-11
63
206
-270
50
-37
105
-119
260
-259
3:0
4
0
266
-268
4
-6
340
-341
6
-6
14
33
-25
168
-189
76
-73
-3
38
-38
298
-295
-2
149
-149
2:8
-1
-14
24
130
-157
3
-3
60
-59
6
-6
0
3
-4
118
-114
252
-253
2
0
42
52
-97
6
-6
12
-13
2:0
302
-211
-73
-17
125
-121
-2
4
-1
-2
2:0
-2
16
4
151
-140
-28
-4
120
-112
-10
7
-6
-1
3
222
-207
37
-52
-2
0
25639
-25558
-71
82
-89
-1
-2
0
5
-4
80
-64
-12
59
-24
-27
-14
1
-1
0
4
24
-22
-6
84
-70
4
38
-56
14
3
297
-271
-13
-24
41
-45
8
33
-37
-6
1097
-1097
1
11
4
-12
2
-4
-1
1
94
-96
0
19
-18
189
-190
2:0
77521
-77513
2894
-2817
-1
-68
-16
4
22
20
14
-53
17
1
-21
8
-9
-1
-2
2
-2
3
-1
12
-13
3
49
-42
5
27
55
-84
28
849
-880
-8
1
8
-10
94
-13
-83
12
224
-96
-132
-6
869
-868
2:0
6986
-3318
-3664
-4
-3
4
2:-2
9
27
-6
-30
0
8
-7
9
-10
2317
-2289
-18
185
-189
62
170
-230
61038
-61046
2
13
168
-116
-61
6
-9
12
7
-20
313
-313
109
-110
32
-31
21
1681
-1698
-5
8
116
-125
28
67
12903
-12943
-53
46
3348
-3395
6
-6
10
-10
18
46
-40
1
13472
-12446
2339
-3387
-4
0
146
-124
-21
0
2:1
5
12
-16
9
21
-34
756
-755
31
761
1436
-2189
309
-349
45
-40
0
7
-5
-6
16
-7
-6
160
-161
0
130
-103
595
-587
35
-12
592
-648
0
170
-170
8
23
-7
26
6
-57
28
96
-127
22
546
-390
-179
2
133
-134
0
5185
-4790
-315
-72
216
-221
15
-10
911
-920
2
692
-692
180
-176
-6
3
5
-4
-2
1
34513
-34483
-27
4
100
-103
-2
51
219
-275
167
18353
-18449
-65
-6
269
-257
-11
0
91
36
-48
-78
1
10677
-10679
0
3
-3
207
1131
-1337
4553
-4551
12
42
-41
-17
3
5
17
33
4
-62
206
-204
20
37
-44
-9
3
-2
-7
29
-22
-5
2
-2
4
-5
5
11
46
-62
5
-2
19
-9
84
-92
-6
15
13
-28
34
-10
-24
0
95
-93
99
-100
13
-6
-3
286
-261
334
-356
96
-104
755
-491
-261
526
-526
-4
4:0
1
0
-1
8:0
1
-1
2:0
1
-1
0
1
-1
0
1
-1
7:0
1
-1
2:0
1
-1
0
1
0
-1
2:0
1
-1
0
1
-1
4:0
1
-1
6:0
1
-1
0
1
-1
0
1
-1
0
1
-1
1
-1
2:0
1
-1
0
1
-1
3:0
1
1
3:0
1
-1
5
-4
-1
0
1
-1
45
-45
3:0
6
-2
-3
-1
3:0
1
9
-10
6
-6
4:0
5
-5
2:0
2
2:-1
1
6
-7
1
2
-1
-2
7:0
6
-6
2:0
1
-1
1
-1
0
2
-2
2
-2
3
-3
0
3
-3
9
-8
-1
3
-3
0
1
-1
1
-1
20
-20
1
-1
7:0
1
-1
0
1
-1
0
2
5
-7
2:0
4
-4
2:0
13
-3
-9
-1
5
-5
1
-1
0
2
0
-2
1
0
1
-2
1
-1
1
-1
2
-2
0
1
-1
0
14
-14
3
-3
2:0
6
-6
2
38
-40
3:0
1
0
3
-2
1
-3
8
-8
4:0
1
23
-24
2:0
2:1
16
-18
8
-8
18
-12
-4
0
-2
2:0
3
0
-3
11
-10
-1
2
1
-3
1
0
-1
0
10
-10
0
1
-1
40
-40
0
2
1180
-1182
55
-40
0
-15
0
2:2
-1
3:0
-3
0
1
-1
3:0
1
0
1
0
-2
0
10
-10
1
-1
22
-14
-4
10
-14
3
-2
1
0
8
-4
-6
2
7
-7
2:0
8
-10
2:0
246
-151
-95
5:0
4
-3
0
-1
5:0
114
-107
-5
8
-9
9
-10
0
289
-289
0
3
15
-17
-1
2:0
1
5
-5
15
-16
2:0
6
-6
1
81
-79
-1
-2
4
-4
0
16
347
-348
-15
1
73
-74
2:0
1
-1
1
2
1
3
233
-196
-26
-17
-1
0
5
-5
3:0
2
2:0
-2
2:1
-2
79
-79
0
2
79
-73
4
-12
4:0
4
-4
0
3
-3
17
-17
2
18
-20
2:1
0
11
47
-59
0
7
-8
2
1
2
-1
0
-3
0
2
-3
8
10
0
-18
0
6
-6
0
51
-39
-10
0
12
-14
0
4
17
-20
-1
1
0
2
-2
-1
1
-1
2
-2
1
141
-142
0
4
3
-7
0
8
-7
0
6
1723
-1726
-4
0
8
-3
-5
0
6
2:-2
-1
0
266
-267
1
0
-1
0
122
-122
54
-52
2
-1
10
-13
3:0
19
12
-31
35
-35
7
-4
-2
-1
14
-13
-1
1
-1
0
3
-2
-1
0
2
-2
9
-9
3
-3
10
-7
1
2:-2
2
-2
0
1
-1
2:0
9
-9
15
-15
0
3
-3
55
-54
2
-3
7
-7
15
-15
0
1
0
-1
2:0
1
-1
43:0
1
-1
7:0
1
-1
9:0
1
0
-1
10:0
2
-2
5:0
end
