v1
692
297
853
79
191
48
447
49
119
141
19
391
58
56
22
28
660
0
165
612
104
36
26
271
295
159
162
72
15
31
214
62
404
101
228
75
31
501
160
0
282
530
0
96
384
15
21
135
31
58
167
277
257
0
262
1
83
110
345
0
15
156
39
373
353
110
275
431
98
396
212
136
40
54
208
74
57
126
31
483
401
501
55
369
213
407
17
53
352
11
87
172
135
106
169
264
128
127
46
261
51
286
86
31
476
26
14
16
12
33
38
25
18
38
31
46
2
14
3
77
51
5
1
13
105
73
9
74
59
6
58
2
63
38
0
3
16
38
17
127
118
8
77
118
178
66
173
120
225
195
31
298
314
12
21
6
116
28
235
21
54
121
35
106
85
101
0
94
145
27
34
151
97
185
116
288
37
291
8
48
153
229
13
28
508
20
175
808
199
102
71
22
219
204
105
1
5
24
82
131
82
49
75
265
505
12
89
140
19
258
80
168
0
17
8
30
42
90
38
19
107
2
5
8
147
31
9
283
110
647
2
43
20
82
102
415
37
175
34
99
58
8
43
67
19
277
51
38
100
54
47
3
58
89
56
2
88
153
59
5
20
3
193
5
33
224
297
35
113
218
34
123
31370
5
22
9
52
152
33
50
3
2
9
33
154
19
69
7
21
45
54
36
8
22
932
220
68
0
111
71
184
47
3310
2211
328
1553
5140
7581
3235
12405
793
5704
2608
816
4449
2
8082
9
2821
5
882
958
1533
920
5157
16
2
1433
21988
84841
16642
0
1
7741
73
9417
32411
10
22
44
77
32
10
44
61
12
20
89
2:5
55382
76
47
27
157
7
2
27
18
57
146
16
27
13
12
11
2
755
20
6
3615
17489
4271
6596
2434
8555
1668
873
189
665
968
2
9
5
11
31
180
40
82
2:9
1
31815
9840
437
153
84
970
4
36
15
-461110
122
100
283
459
0
243
212
132
180
86
482
139
157
0
225
14
139
392
295
185
131
99
11
105
55
259
364
70
6
76
58
115
278
162
0
4
70
15
0
29
194
227
136
111
244
387
160
14
53
95
0
315
100
119
250
15
163
491
107
211
150
12
331
36
239
335
45
42
0
294
0
583
521
3
0
998
292
451
0
540
210
347
194
239
187
2
5
0
114
218
202
0
49
0
63
108
311
25
175
185
93
144
673
504
22
123
0
207
1
80
31
79
25
8
66
6
71
160
79
9
128
17
0
32
64
0
33
123
670
86
309
326
16
203
39
375
0
302
77
819
0
19
185
411
298
285
43
0
99
1046
23
0
41
0
140
118
499
565
142
55
0
37
50
78
25
353
85
357
3
589
354
30
62
84
0
62
127
260
301
119
563
162
2
154
18
149
219
131
26
0
355
70
75
49
39
159
95
363
1
0
92
0
230
222
245
96
3
44
157
0
50
0
11
15
238
21
245
0
14
31481
16
220
79
23
103
107
33
0
87
70
1067
228
105
502
10885
3840
2780
7450
10530
0
5105
0
7884
1384
8085
2
884
0
6248
474
509
4160
25
174569
357
19
55400
380
24
228
7
741
43
12
102
56
12
0
17452
6575
4413
643
16391
1715
20
43
0
3
6
8
83
4
3
1
40
30434
8628
1854
76
1441
16090
1410702600
399:0
1
291:0
10
25
-18
-12
9
-8
0
3013
-3011
2:-1
149
4900
-5037
261
-270
0
119
-40
-80
0
-2
14
225
-169
-67
24
-14
9
238
-234
-19
9
-17
-1
1178
-1163
6
2
-22
4
0
55
-60
1
52
-53
10
27
418
-319
-131
0
650
-654
28
-20
-4
0
147
-144
21
-22
-2
67
191
-161
-99
519
-489
-6
29
373
-429
33
235
17
-280
-3
8
10
-18
27
56
-85
2
-2
0
10
4
-13
331
-332
30
-29
33
-31
4812
2747
-7559
2
7
-4
315
-323
8
37
-12
206
-167
-57
36
-28
-19
17
-15
23
-28
-1
7
-6
107
-98
22
-32
204
-142
11
-64
-5
3
489
-491
0
3
23
-19
-8
0
47
-40
64
-72
-3
179
-94
-49
-19
-17
628
-19
111385
-111993
0
45392
-45231
-76
-12
-63
109
-100
-19
45
-44
3
0
-4
19
-20
57
-57
8
49
-53
4
17
157
-48
22
137
-283
-7
1422
-1424
8
-8
75
-70
188
-193
98
-93
2
12
30
54
2115
-2217
-1
1
28598
-22832
-5766
183
-153
-25
0
6
30
-37
99
0
-91
28
-6
2:-18
2744
-2736
245
-246
29
66
24459
-24558
0
34
214
-244
39
-42
2669
-2646
6258
-6281
55
1683
-1740
92
-83
2378
-2379
-3
9
41
364
-389
179
14795
-14972
-27
7471
-7459
2
301
-263
-43
11271
-10807
-462
2845
-2703
-109
-49
8
-8
7
-6
12
1745
-1745
565
668
-1201
188
-233
12
-3
77
-73
32
895
-686
-253
72
-67
-6
0
86
-9
739
-795
513
-515
318
-318
3
87
-99
30
-14
78
108
293
-369
-121
-17
2528
-2020
-431
-70
8
183
-113
1109
-1191
-3
31
342
-348
125
-147
3
140
-138
33175
-33164
-18
32
-28
0
67
226
-254
12989
-13027
127
638
-765
-1
-3
19
-16
15
-2
43
-40
10585
-10604
4
19
29
3589
1250
-4875
-8
115
-43
-35
-14
69
-62
675
-670
667
-611
-100
27
-28
50
-25
5
-26
-3
391
-359
-28
40
-39
106
-94
-14
1
57
-25
108
-93
-36
26
-29
826
-836
1
-1
114
22
464
474
-1059
-13
-8
0
-1
0
4
-3
2
-1
-2
1
2
-3
3
-1
0
1
-2
2
-1
2
-3
3:0
-1
0
3
-2
-1
2
-1
2
-2
2
-2
0
-1
2:2
-2
2:-1
3
-3
0
1
0
2
-2
-1
1
3:0
3
2:0
-3
2:1
-2
1
-2
2
-1
0
1
-2
1
-1
2
0
-2
0
1
3:0
-1
4
-4
3
0
-3
2:0
3
-2
0
2
1
-2
0
-1
0
-1
4
-4
2
2:1
-3
-1
3
-2
0
1
0
2
-2
-1
0
2
-1
0
2
-3
3
-4
3
2:0
-2
0
-1
2
0
-1
0
2
-2
-1
4
-3
0
-1
2
0
-2
3
-2
1
2
0
-3
1
2
-2
0
1
-3
2:1
-1
0
1
-1
0
1
-1
3:0
-1
2
-2
0
3
0
-1
1
-3
3
-3
2:1
-1
0
2
2:-1
2
0
-2
0
-1
3
0
-3
2
1
0
-3
3
2:0
-1
-2
4
-2
3:0
-1
2:0
-1
3
-2
4:0
-1
1
-1
0
1
0
3
-2
1
0
-2
0
2
-2
4:0
-1
0
2
-1
2:0
3
-4
1
3:0
1
-2
0
4
-3
2:0
-1
1
-1
0
2
1
-3
1
0
1
0
2:1
-1
1
-4
1
2:0
2
-1
2:0
-2
2:0
1
2:0
1
2:-1
2
0
-2
1
2:0
-1
3
2:-1
2
-1
1
3
1
-4
0
72
-72
-1
0
9
2
-6
-3
19
0
-15
4
-10
3:0
11
-9
2:-1
3:0
2
-1
2:0
-1
5
-3
-2
4:0
1
-1
1
2
-3
2:0
22
-16
-5
0
46
-47
5:0
3
-3
2:0
7
0
-2
-5
7
-7
0
3
15
-18
0
7
-4
-2
0
2
-1
2
-1
-2
-1
1
-1
0
2
-2
0
21
-21
2
-2
3
-3
10
-10
3:0
1
3
-3
-1
4
-4
6
14
-18
-1
3
-4
28
-26
-2
4:0
15
-14
9
-10
28
-20
-4
2
-5
-1
18
-17
0
1
2:0
1
-1
6
-8
3
-3
0
10
-2
-4
-1
-3
0
50
1359
-1409
0
76
-60
-16
0
1
8
-2
-5
1
-1
5
0
-7
1
-1
10
-10
2:3
-6
0
2
-2
14
13
-8
-15
-4
14
-13
3
-4
8
-7
15
-16
10
-10
4
-4
0
11
-10
-1
2
-2
396
-296
-98
-1
0
-1
3
-1
3
-5
2:0
2
0
-2
2
-1
108
-103
3
-8
8
-9
341
-341
5
-3
36
-37
-1
2
6
-8
160
-159
9
7
-17
0
5
100
-104
-1
3
-3
18
-17
26
471
-489
-7
64
-66
2
3
2
3
273
-245
-35
32
-35
4
-3
8
-8
0
1
-1
179
-180
3
99
-99
9
-12
4
-3
-1
6
-5
-1
18
-17
17
-18
2:0
9
13
124
-144
19
-18
0
-2
0
4
0
1
-4
5
11
3
6
-21
-5
40
-21
-15
-3
-2
10
12
114
-135
1
-2
0
5
0
-5
1
-1
0
146
-144
-2
5
-3
0
16
-17
5
1430
-1436
7
8
-15
1
0
1
-1
3
-3
0
2
243
-246
1
-1
0
217
-155
-57
7
-10
24
-7
-5
34
-45
40
-30
-9
-4
1
-1
0
6
2:-1
-2
-1
1
5
-3
5
-7
-2
3:0
1
0
12
-3
-8
3
-3
74
-74
-2
0
4
6
-10
25
-11
-14
7:0
2
-2
18:0
1
-1
16:0
2
-2
9:0
1
-1
9:0
1
-1
7:0
1
-1
0
1
-1
4:0
1
-1
16:0
1
-1
3:0
1
-1
1
-1
0
2
0
-2
20:0
1
0
-1
5:0
1
-1
7:0
1
0
-1
4:0
3
0
-2
-1
5:0
1
-1
1
0
-1
13:0
1
-1
0
1
-1
0
1
-1
0
1
-1
17:0
1
-1
4:0
3
-3
2
-2
10:0
1
-1
2:0
1
0
-1
3:0
2:1
-2
6:0
1
2
-3
4:0
1
10
-11
10:0
2
-2
1
2:0
-1
2:0
1
-1
0
1
-1
5:0
end
