v1
596
584
159
486
67
100
24
14
13
21
348
99
49
119
110
78
193
170
58
56
22
28
118
159
215
41
127
77
88
214
110
186
102
157
280
150
145
159
136
26
72
15
245
195
271
34
143
152
106
0
136
198
33
134
435
71
67
265
74
156
5
23
165
206
21
135
222
34
52
225
4
105
140
8
44
32
11
96
79
1
256
116
252
242
45
508
165
275
131
166
134
494
442
59
67
213
69
57
31
884
81
475
369
281
28
405
64
546
123
158
117
16
15
78
0
64
219
173
312
294
59
553
29
12
33
6
32
43
38
6
71
19
124
9
1
118
73
9
74
59
6
58
65
3
35
57
17
14
231
74
0
11
362
78
95
120
225
160
35
219
88
22
28
70
216
33
4
2
116
338
121
141
85
101
300
418
15
208
196
6
31
299
10
5
33
153
229
41
528
161
14
50
662
96
301
93
176
136
55
56
109
2
181
187
75
18
38
322
122
270
241
277
33
30
171
31
27
17
36
128
19
107
2
5
8
147
40
283
110
12
599
101
0
184
255
197
175
191
8
43
74
12
277
51
38
100
54
47
61
17
18
110
2
88
153
59
5
20
3
93
105
33
101
123
119
0
194
38
2
72
20
176
76
77
31416
5
22
9
204
33
53
44
154
19
76
66
54
36
8
22
1050
30
72
58
10
111
61
10
184
3357
2211
328
1553
5140
10816
1127
11278
793
5704
3424
1797
2652
2
4
8085
2
2826
882
958
7626
2
5
1
1427
106829
16642
1
7716
25
73
9417
32379
8
34
22
11
15
16
165
61
0
12
1
0
11
8
53
36
5
55387
150
60
97
9
5
22
18
57
1
161
27
0
13
12
11
2
726
0
62
21097
4271
9030
8555
1668
539
334
2
187
1467
168
1
24
27
4
145
35
40
17
65
9
10
30302
10313
31
772
827
84
144
830
36
55
-461257
87
7
518
1064
486
149
0
2:95
1115
549
307
829
0
18
1452
119
730
0
53
122
21
42
22
399
187
51
66
205
145
139
120
0
53
163
108
43
0
27
158
275
178
360
255
506
2
7
0
912
466
878
592
47
228
296
57
499
5
349
77
64
1197
233
340
100
524
306
24
2
16
132
5
20
354
0
43
0
116
57
28
21
11
121
19
128
990
611
364
302
622
497
78
325
474
103
401
397
5
219
184
541
273
357
622
6
207
67
21
9
849
171
14
63
0
383
167
162
76
611
54
569
39
0
83
102
514
3
86
196
0
171
44
247
95
271
56
39
542
2
87
456
367
0
45
57
157
31642
10
345
15
175
1145
5999
9483
5116
15644
6917
2182
1744
11586
4704
2459
1997
13
3133
8
1431
119940
1
53548
0
42
11037
44335
508
160
15
768
62
57
3508
38770
3970
1004
20
46
35
17
18
23
183
41170
1132
368
630
1410882000
399:0
1
195:0
18
7
24
-17
-25
108
-80
-30
9
21
-32
2
2456
-2458
0
571
-529
108
293
-442
293
-271
-23
4
36
-32
5
-2
64
-18
-50
46
-53
14
-12
146
-101
141
-188
15
3
205
-210
87
-95
0
-4
4
-2
-3
106
-101
1
-5
1
14
-7
12
-21
8
-5
-1
-3
452
-413
43
425
-498
81
-87
55
-51
-2
31
-16
-14
-6
324
-320
-4
1
331
-330
191
-86
-78
294
-197
-121
3
4
148
-159
9
36
-28
128
-99
-39
-8
15
-11
92
17
-113
0
5
192
-195
39
-38
56
-55
0
93
-96
3507
-3404
-17
-86
12
2
-13
22
-14
50
-3
-45
-6
27
-29
210
-201
76
-62
-23
437
-361
52
-118
22
276
-307
-3
8
0
67
-62
-11
0
-2
96
-96
37
36
-73
3
-2
-1
0
202
-192
-10
107932
-107921
-12
5436
-3333
-2060
-27
112
-126
44
-38
16
22
-46
1
6
2
36
-32
-8
334
-310
-25
1303
-1307
2:1
7
-9
103
-24
-71
21
-24
34
-35
2
45
-37
10008
-3715
-6305
2:-1
6
-4
0
21
-23
63
-63
4
-4
2
27
2901
-2901
269
-296
32
45
30018
-30095
30
115
-132
-11
11
4
1610
-1628
25
0
-8
2043
-2047
-8
7
54
106
-154
108
25253
-25290
3863
-3952
3
9
-9
169
-157
9095
-8343
-755
658
-671
39
574
-283
-263
-47
-10
-9
-1
409
-407
4
-6
950
-949
34
2582
-2543
216
-285
-3
0
180
-178
80
351
-402
72
755
-708
479
-608
-23
100
-71
-13
12
-23
47
-34
158
-52
1273
-1174
-188
2591
-2618
629
-452
-172
130
-141
27
1949
-1978
0
1
-1
5
25
-16
37996
-37969
-40
13
50
-63
25
12
297
-121
39360
-39566
129
265
190
-591
1
641
-637
62
28
-12
-81
0
97
-33
-63
358
5870
-6210
3443
-3463
3544
-3507
-25
110
-44
-6
-72
92
-90
-1
673
-618
-25
64
-93
-1
-3
9
-2
17
49
-29
-7
-36
0
56
852
-833
-12
-61
14
13
-28
30
17
-47
-2
45
466
-497
-14
968
-957
64
31
408
-441
-35
-38
-1
-2
3:0
1
2:0
-1
2
2:-1
0
1
2:0
1
-1
2:0
-1
2:1
-1
1
0
-1
0
-1
3:0
1
2:0
1
-1
2:0
-1
2
-2
2
-2
0
1
5:0
-1
2
2:-1
1
-1
1
0
1
2:0
-2
0
1
-1
3:0
2
-2
0
1
6:0
-1
1
-1
2:1
-1
1
-2
0
2:1
-2
2:0
1
-1
0
2
-2
2:1
0
-1
1
-1
0
1
0
-2
1
-1
2
2:-1
1
0
-1
2
-1
0
-1
0
2
-1
2:0
-1
2
-2
0
1
0
-1
2:1
-2
0
2
-2
1
0
-1
1
2:0
-1
0
2
2:-1
1
-1
0
1
-1
1
-1
2
-2
1
-1
0
1
0
-1
2
-2
1
-1
0
2
2:-1
0
1
5:0
-1
0
2:1
-2
1
0
-1
0
1
-1
5:0
2
3:1
-2
0
1
-1
0
6
-6
0
2
50
-52
3:0
10
-8
0
1
-3
3:0
18
-18
4
-4
2:0
12
-12
0
1
5
-6
1
0
-1
6:0
1
2:0
-1
1
-1
3:0
1
-1
0
1
-1
4:0
2
-2
15
-15
4
-4
2
-2
5:0
35
-35
1
-1
3:0
1
4
3
-8
0
2
-2
9
-9
0
3
-2
3
-3
2
-3
3
-3
1
-1
3:0
15
-15
2
2:-1
1
0
2
-3
8
-7
29
-30
2
3
-4
0
2
17
-20
2
-1
21
-21
-1
0
17
-6
-11
17
-8
-4
2
-3
11
-13
-1
6:0
-1
10
-10
5
-2
-3
2
2:-1
0
57
-56
-1
1264
-1263
-1
78
-64
-11
2:0
1
-1
2
-4
7
-8
0
1
0
11
-11
-1
45
-34
-11
23
-23
2:0
1
0
9
-2
-7
1
-1
2
0
-3
7
-7
276
-166
-109
-1
2:0
1
0
1
-1
0
-1
1
-1
0
7
116
-118
7
-11
9
-9
280
-279
1
31
-34
0
2
1
47
-48
1
6
-7
90
-87
-4
0
-1
15
-15
20
405
-417
65
-73
1
-1
0
9
-5
235
-207
-29
25
-28
5
-2
-3
12
-10
2:0
-2
2:0
2
-2
99
-98
0
99
-88
1
-11
-2
3
12
-15
25
-18
-4
17
95
-111
21
-24
-1
2
-2
5
0
-5
8
-5
0
18
-4
10
-23
43
-47
14
-11
-3
11
-10
11
95
-106
2:1
-3
2
0
-2
180
-180
1
0
8
-9
7
-6
0
9
1223
-1232
-1
11
-1
-9
-1
0
2
1
0
-1
-2
4:0
5
247
-248
161
-165
52
-42
-10
2
12
32
-46
32
-31
0
23
-10
2:-7
9
0
-8
1
-2
2
0
5
-6
1
-2
6
9
-12
-3
1
-1
1
0
11
-5
-6
2:1
96
-96
-3
39
-38
6
-1
19
-10
-7
-8
0
1
-1
13:0
1
-1
6:0
1
-1
2:0
1
-1
10:0
1
-1
1
-1
23:0
1
-1
14:0
1
-1
39:0
1
-1
1
-1
5:0
1
-1
3:0
1
-1
7:0
1
-1
2:0
1
-1
6:0
1
-1
0
1
-1
5:0
1
-1
10:0
1
-1
0
2
-2
9:0
1
end
