v1
580
297
20
30
156
36
14
190
79
158
249
52
17
170
8
122
138
228
119
79
112
123
67
163
8
49
8
19
37
22
28
139
45
169
180
81
22
24
62
15
88
58
282
272
104
36
7
300
285
159
55
107
72
151
53
35
21
62
404
101
228
75
21
10
136
13
45
209
57
41
269
215
22
67
288
111
11
85
28
348
44
135
95
161
242
35
257
20
24
139
79
72
185
368
85
39
163
85
73
8
44
160
303
248
7
20
87
344
16
478
233
156
53
99
64
176
3
66
57
404
110
35
143
117
106
86
42
7
327
94
30
339
94
119
68
2:121
114
141
275
118
276
115
32
128
59
114
219
173
356
5
172
73
109
172
304
16
24
16
12
33
6
32
24
1
13
5
12
26
22
8
47
2
3
131
0
16
1
118
2
60
11
9
74
45
14
35
24
2
3
65
41
16
38
17
127
118
49
25
11
58
304
129
44
4
116
225
160
66
55
10
233
28
165
121
12
27
116
28
186
17
53
54
121
35
61
45
85
101
100
31
166
3
30
116
5
0
97
170
15
156
52
180
16
0
6
31
299
10
38
153
229
41
309
114
93
12
175
313
399
96
301
71
22
176
179
12
56
0
66
28
11
4
2
24
42
43
128
42
67
21
0
1
8
67
50
47
153
443
265
9
44
19
143
115
33
30
62
6
74
4
56
39
41
90
38
19
10
97
7
8
106
41
40
158
125
0
110
1
274
336
36
45
20
77
5
102
8
322
56
26
3
37
175
34
99
58
8
2:43
6
314
34
17
38
100
54
47
3
58
35
2
110
88
58
95
59
5
20
3
93
11
92
2
33
118
83
23
41
78
75
103
2
14
40
92
21
42
21
73
19
42
34
77
15
31401
5
22
9
89
24
25
61
5
33
53
1
43
62
23
69
19
76
8
21
37
54
36
8
22
932
30
190
68
87
24
71
10
5
93
76
10
318
3029
2211
328
1203
350
979
4161
2464
5116
3236
4203
8202
3
790
5704
3424
1797
0
428
4
2220
0
2
14
8075
2
2826
882
958
1533
933
474
4677
1
6
2:2
5
1
1427
21988
84841
13098
1
3543
1
7716
25
73
9417
28772
3538
47
22
42
18
0
4
11
15
0
7
99
136
2:12
8
21
32
19
17
0
2:5
55382
0
150
157
7
2
5
22
18
2:5
24
11
12
1
145
20
23
13
10
2:1
11
2
726
29
20
3621
17489
3093
1178
3878
2718
2434
7980
575
238
1430
539
334
144
45
665
970
3
6
5
11
9
6
12
3
58
1
38
35
10
39
17
23
82
2:9
1
30302
1513
8171
351
224
54
31
1599
3:28
41
411
74
444
4
36
55
13
15001
1410610200
579:0
0
9
-8
2:0
3
1
-3
-2
2
3
1
67
-72
18
-19
3
2391
-2392
-2
1
21
-20
-2
2
472
-473
359
-237
192
-314
21
-21
25
-25
3
4
-4
-3
100
-97
5
41
-47
24
-22
25
96
-81
-45
5
2:-2
1
-1
253
-244
186
-186
-9
1
2:2
-5
-1
4
25
-29
17
-17
0
3
9
-10
7
-9
27
-25
96
375
-462
-10
167
-168
176
-167
179
-186
12
1350
-1363
3
-2
0
1
-1
4
-3
6
-5
-4
1621
-1617
-3
33
-1
54
-75
-9
-3
321
7
-327
-1
84
-84
40
-5
-30
0
-3
2:0
2
-2
1
6
11
-18
-1
34
-35
4
-2
981
-983
21
-21
46
-46
136
-119
4
-9
-12
21
-16
6094
-6087
-11
3
46
-48
-2
0
4
-1
20
-21
184
-179
30
-36
2
-2
9
-8
12
-13
6
22
-14
-2
-7
-1
53
140
-173
-24
3
-3
315
-277
-38
25
-25
-1
4
23
125
-135
-15
6
-7
-1
35
-33
1
24
-27
53
-52
63
-61
28
-22
-9
532
-525
-6
1775
-1770
2
89266
-89272
25946
-25843
-22
-82
1
6
-2
177
-183
44
17
-21
2:-20
1
7
14
-22
4
1
0
-4
-1
20
-9
-10
0
-1
26
-24
-2
49
-41
103
-71
-18
259
-278
1
-2
1
-2
1
9
76
1
-88
61
-42
-18
8
-3
-1
7
-11
0
41
107
-147
-2
5
-1
-4
3
2
0
6638
-6643
2062
-2041
-21
4
-4
1
3
13
59
-76
42
-33
147
-156
4
-4
1
44
-45
3
-2
3151
-3081
-66
97
-65
61
-97
117975
-117976
0
5
3
202
-201
-7
7
53
-59
16
-16
21
5147
-5168
-3
0
3
10
73
-70
-11
3
-7
1072
-1069
-4
4
108
-111
219
-210
71
25908
-25965
-19
4316
-4319
-1
55
-26
2
-23
6958
-6535
-426
2110
-2114
8
13
3266
-3289
336
-329
-6
3
-4
2
-1
2
0
-3
9
-9
2:0
119
-116
0
1568
-1565
-5
4
2418
-2407
178
-183
-9
0
-1
11
105
-105
378
189
-579
22
-18
99
-82
15
-13
88
-81
695
-721
233
-218
-18
31
19
-42
92
-91
-7
-3
3
18
-18
-2
377
-353
1046
-1071
197
-179
32
-48
0
900
-902
187
-184
8
-10
186
-182
0
-1
-3
59
18
554
-632
1
6
2
-9
142
-134
-5
-1
1
-3
0
3
27246
-27249
1
18
-16
37
-4
-36
17
35
-49
284
-247
9100
-9140
2
0
18
30
-46
1
4013
-4018
5
0
-5
0
15
346
-360
12
21
-31
-2
6
-2
9481
-9483
3
-1
957
-236
-707
-10
-6
0
34
-36
11
-11
44
-14
-15
98
-113
54
198
-252
0
57
-47
29
-31
-5
22
-24
12
-4
4
71
-83
4
-3
79
-82
29
34
-62
1
49
-43
167
-158
-10
-4
23
-26
1
11
-11
7
-8
10
-8
0
79
-73
46
-42
12
-6
232
-247
-1
0
14
-16
10
25
26
-59
0
38
-32
-7
-1
235
-228
12
-16
3
-6
1
5:0
1
-1
4:0
4
-4
0
2
-2
63
-63
2:0
1
-1
2:0
6
-6
10
-7
0
-3
5:0
15
-15
0
4
-3
-1
10
-10
3
-3
0
8
-8
0
1
-1
3:0
1
-1
1
-1
3:0
1
-1
4:0
2
-2
2:0
2
2:-1
5:0
2
-2
17
-17
8
-8
1
-1
0
38
-38
2:0
1
-1
6:0
2
-2
1
3
-4
1
-1
1
-1
0
11
-11
0
4
-4
3
-2
0
-1
3:0
1
-1
0
1
-1
1
-1
4
-4
2:0
1
-1
1
-1
1
-1
23
-23
0
3
-3
2:0
9
-9
2:0
27
-27
0
2
-2
0
2
-2
2
-1
13
-14
4:0
3
-3
2
17
-15
-3
-1
0
2
12
-8
-6
0
1
18
-19
0
1
-1
2:0
2
5
-6
0
-1
2:0
2
-2
0
2
-2
6
-6
3
-3
1
0
-1
0
1
-1
42
-42
0
1083
-1083
54
-46
-8
2:0
2
-2
3
-3
0
3
-3
3
-3
2:0
7
-7
2
-1
2:0
-1
3
-2
-1
3:0
3
-2
8
-9
20
-5
-10
15
-20
2:0
2
-2
2:0
7
-2
-5
11
-10
-1
2
-2
5:0
4
2:-2
6:0
286
-286
85
-84
-1
1
-1
0
1
4
-3
-2
4
-3
0
-1
2:0
1
3
-4
1
-1
111
-107
-4
4
6
-10
0
261
-260
-1
3
0
21
-24
0
1
0
-1
2
-2
0
189
-189
4:0
6
0
-6
1
2
67
-69
-1
0
4
-4
13
-13
19
299
-310
-6
60
-62
0
2:2
-4
2
209
-184
-24
25
-28
3
-3
5
-5
0
1
-1
7:0
1
-1
1
-1
1
2:0
122
-122
-1
0
75
-73
7
-9
0
1
-1
3
-2
2
-3
16
-16
2:0
23
-23
4
-4
15
6
90
-110
2
-2
-1
4
2
-6
3
-1
-2
2:0
3
-3
0
15
-6
4
-13
13
-13
2
-2
0
39
-39
6
-6
1
-1
8
-7
0
-1
0
11
0
80
-91
1
4
-3
-2
3
-3
2
-2
4:0
142
-142
3:0
5
-4
-1
1
16
-17
2
5
1215
-1222
2:0
2
0
-2
0
11
-11
4:0
1
2
-3
4:0
1
0
206
-207
2
0
132
-97
-34
2
-5
0
10
-10
3:0
20
-20
13
-13
4
20
-24
0
9
-8
-1
9
-8
1
-2
2
-2
3
-2
0
2
-3
1
-1
3
-3
1
-1
6
2:-2
-1
0
-1
3
-1
-2
1
-1
5:0
14
-14
14
-13
1
-2
43
-43
5:0
2
-2
0
1
8
-9
2:0
2
5
3
-10
2:0
end
