v1
786
347
228
168
281
2:205
13
12
9
580
35
89
225
210
22
63
56
7
15
146
91
114
47
104
351
59
265
193
0
22
73
140
319
171
102
159
32
74
30
26
72
260
195
271
101
324
10
103
113
24
94
126
41
400
106
67
95
73
110
61
55
5
1
73
0
22
326
58
15
21
135
31
88
137
277
245
0
12
20
156
86
257
79
196
178
0
157
161
58
36
126
0
34
197
106
104
171
297
134
16
266
212
388
54
282
4
53
36
33
22
35
0
376
399
34
106
135
104
92
170
55
30
339
213
41
27
28
85
8
50
168
17
214
202
298
2
94
106
169
16
157
219
173
227
85
286
8
59
17
33
288
7
173
35
13
16
23
22
6
19
13
12
31
3
16
26
24
46
2
3
14
7
123
3
1
101
17
82
66
8
2:59
5
35
30
57
38
68
76
118
47
38
0
20
169
107
66
173
120
94
131
147
13
35
31
188
37
73
314
33
6
116
104
42
68
70
54
121
141
186
41
87
138
31
3
146
287
116
13
275
6
31
299
10
5
31
2
83
70
217
12
41
516
0
237
758
301
93
367
56
109
2
181
56
37
94
75
50
30
220
75
186
391
78
29
229
33
176
25
14
11
6
27
11
42
128
19
0
38
63
6
7
8
147
30
293
96
14
339
171
101
36
45
20
151
31
2
314
138
175
70
121
8
43
74
12
204
124
38
98
2
54
47
31
30
145
2
88
153
59
5
20
3
104
77
12
3
2
26
125
106
119
178
15
39
91
3
63
155
34
91
1
31399
2
5
22
9
204
33
53
44
62
23
69
19
3
58
23
0
58
54
36
8
22
1130
22
68
111
71
43
141
47
2969
341
2211
328
1553
5140
6258
1323
1109
2126
12405
3
6494
423
3001
925
3524
2
4
8078
10
3707
958
2456
484
1550
3120
16
2
5
1415
13
106829
13098
3544
1
1735
6006
26
47
9417
32411
32
26
85
157
12
20
76
13
2:5
9630
45012
740
123
27
60
97
7
2
9
2:18
57
1
52
93
16
27
13
4
6
2
11
2
726
29
127
69
20934
3093
7774
2434
8555
1310
358
539
523
665
436
366
166
2
1
2
4
1
2
44
2:1
44
76
21
8
31
6
34
35
9
24
23
9
1
30302
1513
8831
310
462
827
56
28
41
929
4
36
68
-461425
242
221
0
214
90
143
0
422
33
27
415
272
140
185
214
256
399
130
159
341
175
206
43
433
553
0
143
376
194
39
216
268
104
234
0
161
0
79
823
0
71
80
74
253
722
77
719
80
179
0
62
657
138
55
31
253
16
0
65
7
534
371
3
744
34
30
50
356
127
469
0
24
85
234
34
0
137
27
181
100
388
10
0
338
99
163
357
125
6
0
490
62
58
597
497
103
24
0
306
4
49
154
2
8
33
213
118
60
0
4
59
85
108
0
53
3
16
55
572
117
2
79
117
0
125
0
288
44
147
145
126
234
42
564
313
47
72
105
301
0
58
28
11
0
141
580
214
110
660
199
20
87
0
88
190
0
522
295
185
0
233
415
215
374
520
241
402
94
179
37
32
28
16
567
102
385
418
21
83
232
318
402
12
305
18
241
95
448
104
117
18
200
140
60
0
61
44
33
0
66
68
62
31395
282
0
76
4
135
5
0
9
84
292
197
1043
347
10706
4531
6226
3633
3511
0
4924
2466
1188
7914
13358
2826
5291
4158
0
7
0
108273
24352
110
38185
0
2624
0
983
0
42
18
46
50
71
44
146
11056
44363
50
154
373
16
35
0
9
3
31
814
6
0
62
7877
0
17380
11034
9225
1700
25
18
45
17
96
35
25
38
54
31830
8800
191
150
1541
622
1410827400
499:0
1
285:0
8
-2
16
26
166
-209
-1
5
68
1330
3633
-5031
237
-240
162
121
1599
-437
-1431
-12
5
397
-403
736
-708
-25
507
-510
0
8
51
129
-127
-55
77
-34
-49
21
32
-49
-6
255
-255
24
-16
-5
13
-15
565
-549
59
-59
21
-38
3
335
-332
2
10458
-10419
-48
2
63
-62
0
3
-5
0
1
-1
26
-18
19
9
538
-572
0
28
-24
-5
397
-357
195
-223
-11
0
51
52
82
-179
-6
0
-3
5
14
-17
101
232
182
-506
-10
27
46
13
16
-97
125
-82
18
-58
22
-1
-9
-6
-1
-11
52
2493
-2547
81
-80
3
13
-6
-10
4
21
-24
27
-29
2
6
20
0
-29
27
454
-480
32
113
-120
-20
13944
-13946
63
-63
80
44
-126
116
-101
-8
-9
4
2
248
-250
-2
21
2
462
-448
-21
-15
47
-27
-15
17
-13
1
-5
39
-23
-3
58
-78
10
413
-416
59
-50
-6
15
-11
89
-104
12
-7
0
48
-51
1
0
-2
4
15
-5
4
177
-187
45
-35
-2
-13
86
-87
14
195
86408
-86613
5603
-5448
-158
-1
-2
23
644
-635
-3
48
-30
-3
-43
-1
73
-66
137
-143
1
2
-4
34
31
-66
1
212
-19
-189
28
-18
59
385
-449
0
-3
228
-133
-95
-2
81
-38
-29
-18
6
2
7027
-6316
-698
-21
6
-2
-1
24
-24
8
15
4
-30
93
-92
11
-12
-1
30
-24
1435
-1438
0
6
-9
2798
-2763
27
32168
-32225
-1
-4
342
-332
-9
19
-18
63
-26
-38
6
3325
-3319
63
29
3429
-3516
10868
-10780
-98
53
-17
671
-684
-29
371
14908
-15229
19
5381
-5428
120
-50
-73
10017
-9109
-926
620
-620
215
-214
4
87
-92
-2
27
-16
27
-14
-24
1
89
-74
-16
2258
-2259
1
36
13
10364
-10376
-4
34
-50
5
197
-218
254
-251
297
-300
0
29
-2
-4
88
717
584
-1291
-120
4
21
317
-345
86
-59
-20
-3
215
2152
-1024
-1242
-60
-40
3
-8
11652
-11219
-433
61
-49
60
-59
-2
1701
-1711
45
58
-71
-24
-4
1
-6
2:0
38836
-38813
-19
105
-33
-61
-13
182
-174
389
-392
274
29916
-30193
2017
-1968
592
-633
18
53
-62
6
9771
-9797
1
251
-247
-5
1091
-1080
921
-931
5
9
199
-126
-56
-27
3640
-3638
71
-61
12
-25
14
55
26
-91
-8
1
0
7
4
-1
4
-14
166
-147
5
40
4
-43
-17
1088
-1094
112
-115
9
1
2:-2
4
-9
-1
2
107
-105
-1
72
-66
37
-46
460
-384
247
-311
1875
-1880
-8
1998
-1998
0
182
-182
16
10
-25
10
24
7
-44
-2
1
0
3
2:-1
0
-1
0
3
0
-4
0
1
2
-3
0
3
-1
-2
2:1
-1
2
-2
0
2:1
3:-1
3
-2
1
0
-1
0
-1
2
0
-2
0
2:1
2:-1
2:1
2:0
2:1
-3
1
0
-1
2:0
-1
0
1
-1
2:1
0
-2
2
-2
3
-2
2:0
1
3:0
2:-1
0
2
0
-1
0
1
-1
2
-3
1
2:0
1
0
-2
2:0
1
2:0
2:1
0
-2
0
2
2:0
-1
0
1
-2
0
2
-2
0
2
-1
2
0
-4
0
2
1
-1
0
-1
0
-1
4
-3
2
-2
0
-1
3
-1
-2
0
2
-1
0
-1
1
2:0
3:1
-3
3
-3
2
-2
0
2
-1
0
1
-1
2:0
-2
1
2
-2
0
3
-2
-1
0
2
-3
3
-3
1
3
2:-2
2
2:-1
2:0
3
-2
2
0
-1
-2
2
-2
1
0
1
2:0
-2
1
3:0
-1
2:1
2:0
1
-3
2:1
0
2
-3
-1
4
-4
4
-4
2:2
-1
-2
0
-1
4
-2
1
-3
4
-2
-1
3:0
2
2:0
-1
0
-1
0
1
0
-2
3
0
-2
0
1
0
-1
3
2:0
-3
-1
2
0
1
-2
-1
0
1
0
2
-2
0
2
-3
0
1
0
1
-2
2:0
2
-1
1
-1
0
2
-3
4
-4
4
1
0
3
-3
7
-7
2:0
7
-6
72
-73
1
-1
0
10
4
-13
9
-9
-1
3:0
5
-4
1
-2
0
1
7
2:-4
0
4
-3
-1
0
1
0
-1
2:0
8
-2
-4
2
-4
5
-5
1
2
4
-7
2
3
-5
0
3
-3
2:0
1
-1
0
2
-2
0
2
-1
3
-1
-3
6
16
-22
0
3
-2
0
27
-24
1
-1
-2
2:0
-2
4:0
1
-1
4
-4
11
-10
5
-5
-1
7
-6
5
-6
0
8
-7
5
-6
1
0
-1
0
1
2
3
-5
0
-1
4
-4
3
-2
-1
3
-3
0
2
-2
0
4
-4
9
-9
1
37
-38
6
-5
-1
0
21
-21
1
0
38
-39
0
1
2:0
-1
2
-2
8
-8
2
0
1
35
-37
0
-1
2:0
4
15
-14
-1
-4
2:0
2
17
-19
16
13
-29
8
-6
-1
1
-1
14
-14
1
-2
2:4
-8
2
0
-2
2:0
3
-2
3
-3
4
-5
3
-3
3:0
55
1395
-1449
84
-66
-16
-3
1
2
-3
6
-3
-1
-2
3:0
15
-13
7
-9
7
-6
6
-3
9
-13
2
-2
42
-42
13
-13
7
13
-18
0
-1
14
-3
-11
-1
6
-2
0
-4
6
-6
494
-459
-33
-2
0
1
-1
0
1
-1
3
2
-3
2:-1
1
2
2:-1
4
77
-76
0
-5
-1
23
-14
-5
192
-196
2
-2
45
-45
0
2
-2
3
7
-10
2
173
-175
17
-1
-5
-9
107
-102
-6
4
-5
26
-26
0
38
352
-373
-15
104
-106
8
0
-3
310
-281
-31
39
-40
-2
2
-2
7
-7
2
7
-6
-2
1
2:-1
6
-4
-1
232
-233
3
-3
3
124
-122
3
2:-3
2
20
-24
2:2
37
-38
-3
2
0
2
15
68
-77
5
-15
2
1
3
-3
-2
2:1
-1
6
19
5
2:-14
-4
2:0
66
-44
-21
0
-1
5
2
4
115
-124
0
-1
3
-4
0
1
-1
0
1
184
-185
0
2
6
-6
1
18
-21
1
3
12
2049
-2065
22
-18
-4
1
6
-5
-2
7
236
-243
0
1
3
-4
93
-89
56
-57
-1
-2
4
38
-30
-12
7
2
20
-29
16
-16
2:4
2
-9
12
-13
2:1
0
2:-1
1
0
-1
12
-4
-1
3
-9
13
-11
1
-3
3
-4
3
-3
2:0
1
0
-1
2
0
9
-9
17
-19
2:0
12
-9
279
-282
1
66
-67
0
12
-12
5
-3
-1
7
-3
-5
18:0
18
-18
3:0
2
-2
23:0
1
-1
0
1
0
-1
15:0
2
-2
21:0
1
-1
3:0
1
0
-1
4:0
1
-1
7:0
1
2:0
-1
2:1
-2
23:0
2
0
-2
3:0
1
-1
1
-1
0
1
-1
0
1
-1
7:0
3
-3
9:0
1
0
-1
6:0
1
-1
26:0
1
-1
3
-3
6:0
1
-1
1
-1
1
-1
6:0
1
-1
3:0
1
0
-1
1
-1
5:0
1
-1
3:0
1
0
-1
12:0
2
-2
3:0
1
-1
2:0
1
-1
4:0
end
