v1
795
439
304
128
358
239
56
181
259
29
90
191
418
56
7
15
28
339
192
129
0
80
85
59
203
62
215
73
140
297
143
50
102
219
76
26
208
124
15
451
101
182
46
96
10
194
18
4
118
126
41
27
133
166
69
111
23
44
95
183
217
0
555
148
108
277
257
20
24
52
80
86
56
201
127
134
14
31
218
86
45
210
353
385
297
134
494
442
186
153
69
57
31
778
106
135
366
55
623
55
93
218
158
20
649
275
16
93
62
2
219
173
312
294
59
345
181
27
13
28
39
32
43
3
35
6
71
19
128
6
101
17
73
9
74
45
14
6
8
45
5
35
30
41
54
17
245
85
20
34
64
244
173
120
225
147
13
35
22
307
304
10
33
6
116
104
42
117
21
54
121
141
85
101
77
223
146
5
97
185
116
288
6
31
299
48
83
70
229
41
508
8
41
132
64
758
199
102
71
22
423
109
2
24
213
131
75
18
32
961
13
6
11
211
36
33
176
50
6
80
128
57
69
2
5
8
147
30
10
283
110
692
20
77
107
314
138
95
80
70
121
8
43
86
277
51
38
100
54
47
59
2
147
88
130
23
59
5
20
3
196
2
257
119
86
108
19
113
218
34
31498
6
16
9
43
95
66
33
53
44
85
69
19
3
73
8
58
54
36
8
22
1117
35
68
111
255
47
3310
2211
328
1553
5140
8690
2126
12405
793
6127
3001
925
3524
2
14
8068
2835
882
943
2468
13
5143
17
2
5
1
1427
106829
16643
7716
1
24
73
9417
32379
42
18
4
26
16
165
61
12
20
89
5
55387
123
27
60
97
7
2
27
18
5
52
146
16
27
13
10
2
11
901
20986
4271
9030
8555
1668
539
334
854
436
366
166
2:1
17
35
0
4
145
35
84
38
2:9
1
30302
10344
21
159
592
769
58
49
7
28
41
192
737
4
36
-461407
205
34
60
280
278
171
8
240
139
27
47
149
99
27
169
166
30
7
21
81
646
23
95
70
357
210
37
132
137
13
22
358
49
14
5
271
476
334
19
295
0
314
101
129
0
244
138
26
184
161
96
258
255
118
104
71
79
52
106
134
90
23
21
142
59
53
486
37
5
56
75
195
151
122
140
0
2
240
49
85
51
487
77
0
181
79
150
0
98
7
124
17
153
158
15
74
375
480
377
254
229
28
5
0
77
529
111
19
98
164
260
145
213
68
7
349
409
7
157
141
321
32
77
112
68
274
6
186
393
182
25
53
92
125
40
133
50
9
50
85
8
15
17
11
5
0
1
7
1
48
150
14
118
131
52
54
65
25
7
35
19
18
164
564
62
17
309
221
105
86
10
123
138
76
373
193
13
6
539
127
31
2:189
209
171
271
33
144
146
5
32
733
0
168
4
47
161
14
62
938
185
193
0
47
89
55
37
60
176
100
73
40
57
147
27
268
3
392
0
12
66
46
50
98
17
292
62
94
49
24
68
0
75
57
10
9
292
62
0
213
117
152
446
10
2
183
99
1
40
374
0
3
0
2:229
39
66
108
168
271
95
52
38
358
83
6
74
2
18
38
118
0
83
145
72
89
16
142
67
38
75
41
9
27
90
31402
187
44
4
9
84
9
3
67
25
115
30
32
1
1125
0
150
204
23
10
85
61
47
74
7773
6941
341
6208
2129
0
1515
5473
3849
1586
6494
4352
1301
2226
8074
13
2822
1844
1533
1916
1014
3147
6
1
5497
17935
84840
13100
3543
7768
51
40809
999
81
3
0
41
17
69
318
6595
29369
18596
731
50
176
114
40
12
13
75
97
14
37
4
5
81
14
648
7
54
164
3445
15195
13161
11227
0
247
3883
0
6
16
9
21
59
72
11
8
71
31916
8991
440
612
432
102
1410813600
399:0
1
394:0
8
76
-44
-30
305
-306
5
2:-3
5305
-5292
202
1444
-1638
-3
363
-379
-2
23
2
-24
143
949
-1037
-52
12
85
-84
-5
-12
2
231
40
-272
-2
7
285
-289
47
-49
26
-21
4
-5
149
-152
1
-3
1
23
-17
31
-31
42
-37
-12
33
-28
6
14
0
-11
50
390
-160
-292
2
-3
24
40
376
-436
9
-7
21
-23
1897
-1893
57
-1
-64
5
1758
-1741
360
-340
922
-964
212
-191
88
60
-168
30
3
18
-50
63
-3
2012
-2070
5
-10
1936
-1886
-26
4
-29
360
-330
2996
-2994
164
-112
-84
20
-19
4
-3
15
269
-265
-19
10
-12
112
-110
13
174
-186
10
4
501
-444
-57
19
-35
11
46
33
138
904
-1125
23
-14
62
-57
-17
163
-168
46
126
29
-178
1
-10
-14
49
284
-323
116552
-116557
8001
-7873
-127
-1
-3
54
-48
109
-8
-37
-66
8
174
-172
-6
-8
7
-7
10
-5
-3
81
52
-135
52
-48
725
-727
90
-89
-5
608
-456
170
-229
-82
-8
37
585
74
-684
-7
117671
-114174
-3496
4
-4
-8
10
0
37
2
-37
19
-9
-4
-1
2796
-2808
843
-845
13
125
114695
-114835
1387
-1382
387
-377
592
-606
10455
-10441
28
-42
89
219
-294
2623
-2615
16
53
1167
-1226
117
70498
-70483
-72
3649
-3663
100
-175
14
35096
-33961
-1154
1979
-1968
76
-79
7
-15
14
5
-2
-12
3274
-602
-2676
58
55
-105
784
-789
9
7
297
-173
163
-157
-77
1
-61
84
93
759
-866
303
-385
29
-14
183
-194
-3
315
-211
600
-302
-365
74
3302
-2828
-519
-55
257
-267
56
2058
-2117
1
4
16
-12
-9
6
4
6
38211
-38211
87
-35
56
-27
-95
2
409
-180
23281
-23507
28
-34
1065
-1064
6
-9
6
105
9
-42
12353
-12392
-36
2225
-2226
2425
-2323
-97
265
-120
-101
3
14
19
-71
256
-257
180
-25
-169
17
-14
119
-94
32
-56
0
36
-36
978
-978
8
104
-101
11
-1
12
80
6
19515
-19633
54
70
1402
-1520
243
-246
-7
2
1374
-1157
-218
16
-2
-9
24
-26
149
-106
-53
2
-3
2:0
-1
2
1
2
-1
1
-5
3
-1
1
2
-3
-2
2:0
1
-1
0
5
-2
-3
4
-4
2
-2
4
2
-4
0
-1
0
3
2
-4
0
-1
0
2
0
-1
0
3
-4
-1
1
-1
0
3
0
-2
3
-2
2
-4
3
-3
2
1
-2
2
0
2
-5
3
-3
5
-4
0
2
1
-2
0
3
-3
1
2
-5
4
-3
0
2:2
-4
0
-1
3:0
4
-4
5
-2
-3
2:1
3
-4
2
-1
2:0
2
-2
0
2:-1
1
2
1
0
-4
3
-1
1
-3
1
0
2
-2
5
-4
-1
0
-1
3
-1
0
-1
2
3
2:-2
2:-1
4
2
0
-6
6
-5
2:0
-1
4
0
2
-5
5
-5
0
5
-5
0
-1
3
-1
0
-1
4
-4
-1
5
-3
-2
6
2:-2
3
1
-5
2:2
-3
-2
0
2:1
-2
0
4
-4
2:0
4
2
2:-3
1
0
2
-2
5
0
-6
1
0
5
-4
0
-1
1
4
-6
1
-1
2
2:-1
6
0
-6
4
-3
1
2:0
-1
0
-1
4
-3
1
-2
5
-4
4
-4
0
5
-1
-2
-3
0
2:1
-1
1
0
2
0
1
-4
1
2:-1
2
3:0
2
-3
4
-1
2
-3
1
2
-6
4
-4
0
1
-1
3
-2
3
-3
0
3
-3
2
-3
2
-2
2
2:-1
4
0
-4
3
2
-4
0
2:2
-5
6
-2
-1
-3
0
1
-1
2:1
0
2
0
-3
0
1
-1
2
-3
3
-3
1
-1
1
0
1
2:-1
4
-3
0
1
-2
2:0
3
1
2:-1
2
0
-1
1
-1
0
2
-1
-4
4
-4
0
2
3
-4
0
5
-4
-2
0
2:1
4
-5
1
-2
4
0
-1
2
2:-2
0
-1
0
5
-4
0
1
2
-1
-3
4
-1
-2
3:0
1
2:0
1
-2
4
-5
3
2
1
2:-1
-4
1
0
-1
1
2:1
-1
2
6
-7
-1
4
-4
92
-92
14
-4
-7
4
-4
-3
0
16
-2
-14
5
-3
-2
0
3
8
-7
-4
2:0
8
-8
2
2:-1
2:0
2
-2
0
1
3
1
-2
-3
2
-2
1
2
-3
2
-2
0
3
-3
2
-2
0
2
2:0
-2
19
-4
-15
3:0
1
43
-44
2
-2
2:0
1
-1
3
-1
-2
1
13
-13
6
-1
12
-18
11
-5
-4
-2
1
4
0
-4
4
-3
-2
3
-3
2
-2
42
-38
-3
3
-3
0
-1
15
-13
74
-76
2
2:-1
2
-1
2
20
-23
0
4
-3
26
-27
0
21
-21
12
-9
36
-32
-4
3
-5
4:0
15
-15
1
3
2
-7
3:0
8
0
-2
0
-5
1
2:-1
67
-63
1561
-1564
100
-84
-12
-5
0
5
-4
11
-9
2
0
-5
14
-13
2
-2
5
-6
1
5
-2
12
23
-39
11
-7
14
-14
-4
2:0
4
17
-20
14
-14
-1
3
-1
7
-6
6
356
-262
-101
0
4
-6
3
-3
0
4
2
-1
-3
3
1
82
-88
35
-34
9
-7
281
-284
4
0
46
-47
9
-11
174
-175
13
-12
11
-11
1
146
-139
-6
-1
30
-29
25
498
-499
-26
121
-116
8
-13
6
437
-388
-55
42
-42
3
2
-5
0
1
-2
9
-8
190
-17
-174
11
10
-17
-4
5
-3
8
12
-20
-1
36
-37
4
1
2
10
120
-129
17
-25
2
0
9
-10
0
6
28
-12
22
-35
-9
78
-59
-17
-2
10
-8
19
133
-154
-1
2
-1
0
-1
2
-1
1
220
-222
4
0
8
7
-19
0
1
16
1851
-1866
2:-1
17
-16
0
-1
4
2
-5
4
320
-315
-9
205
-205
63
-59
1
-2
38
-42
39
-23
19
-32
23
-23
10
-1
-12
5
-3
5
-6
9
-9
2:2
-4
17
-16
-1
5
-6
1
0
-1
2
13
-14
0
10
-9
185
-183
1
-5
0
1
-1
14
-14
2
5
-7
2:0
16
-5
-11
7:0
1
0
-1
19:0
1
-1
5:0
1
-1
3:0
1
-1
12:0
1
-1
4:0
1
-1
1
-1
1
-1
9:0
1
-1
2
1
-3
1
-1
2:0
2
-2
2:0
1
-1
3:0
4
-3
-1
16:0
3
-3
3
-3
2
-2
4:0
1
-1
8:0
2
-2
3:0
1
-1
1
-1
1
-1
4:0
2:1
-2
4
-4
0
1
-1
2:0
2
-2
2
-2
3:0
1
-1
0
2:1
-2
12:0
1
-1
10:0
2
-2
1
-1
2:0
1
0
-1
0
3
-3
18:0
1
-1
1
-1
2
-2
0
1
5
-6
8:0
1
-1
12:0
1
-1
2
-2
0
1
-1
6:0
1
0
-1
0
1
-1
9:0
1
-1
2:0
2
-2
1
-1
2:0
1
-1
4:0
1
-1
1
-1
3
-3
1
-1
9:0
3
-3
4:0
2
-2
6:0
1
-1
4:0
1
-1
12:0
1
-1
5:0
1
0
-1
0
1
0
-1
0
5
-5
2:0
1
-1
8:0
2
-2
2:0
1
0
2
1
-4
4:0
end
