v1
586
317
122
96
620
74
31
21
196
17
104
138
21
128
163
35
14
37
137
3
361
57
19
37
7
15
28
118
221
275
67
51
93
58
235
179
38
102
92
74
414
152
89
70
32
130
72
8
7
21
70
15
0
30
0
109
16
211
239
0
81
20
228
0
106
0
103
33
80
285
160
48
192
106
0
67
339
120
22
14
45
95
280
142
75
0
66
62
2:6
34
144
133
257
20
103
53
86
257
255
20
93
85
202
158
515
255
12
8
297
134
90
404
388
54
59
67
213
36
33
57
31
214
159
110
295
106
67
68
12
354
424
213
22
19
29
5
21
311
17
141
275
300
94
147
128
0
16
93
283
0
173
181
20
48
63
41
253
85
24
466
10
56
12
33
6
32
18
25
12
23
0
3
31
46
2
3
14
7
110
9
8
48
79
60
4
9
74
45
14
59
1
4
35
30
38
19
38
17
0
245
176
0
205
58
8
78
51
44
120
0
420
86
243
28
2
171
103
10
33
6
29
87
284
54
121
141
159
27
100
28
169
3
30
116
72
215
18
111
79
94
108
18
13
309
28
10
66
87
177
52
41
247
0
176
85
20
175
7
0
453
0
252
96
192
7
102
42
0
29
12
10
121
302
105
6
23
0
1
42
71
44
187
63
12
18
32
325
0
125
270
12
229
8
40
229
33
30
7
0
55
140
8
72
0
53
0
37
38
19
23
0
15
67
2:2
5
8
111
36
40
158
29
96
110
611
36
65
77
107
415
37
95
80
70
63
58
8
42
1
43
31
12
0
277
22
29
38
100
54
47
61
35
2
18
90
2
88
115
38
36
23
5
23
104
71
18
5
9
0
24
5
4
192
2
11
3
7
119
136
42
35
0
74
0
19
20
63
21
17
75
42
34
92
51
31350
5
22
9
43
39
122
33
50
3
0
44
85
40
18
11
19
8
26
42
66
54
36
8
13
9
18
914
118
0
58
44
68
64
47
114
141
47
3310
2211
2
326
1553
5140
2464
8352
1500
1161
2788
0
6956
3
790
2494
3210
3424
925
872
2649
3
2
4
8074
4
9
2826
882
943
15
0
2453
487
0
1523
3147
7
9
2
5
5481
11418
91358
13098
3544
1
7716
21
4
73
4
9413
32379
42
20
2
11
22
174
61
12
0
12
8
21
32
0
23
0
13
5
55378
159
157
7
2
15
12
18
2
32
11
12
53
10
0
20
79
4
0
23
13
12
11
3
725
29
127
69
3445
17489
3093
1178
3878
5152
3251
6972
539
334
189
665
970
3
6
16
9
5
2
11
4
41
55
24
0
29
31
3
14
23
12
70
4
5
9
0
1
30302
10344
87
11
502
612
356
31
48
1
35
63
170
107
634
36
68
1410358200
585:0
2:1
44
-38
207
-214
0
-1
0
1
0
-1
2
1
5235
-5230
-6
-1
4
207
237
-442
82
-70
-12
251
-250
-8
1
5
-1
168
-173
2:1
142
-103
-39
3
26
144
-166
38
-47
7
54
-61
21
-13
-8
2
3:0
247
-249
11
-9
0
3
-5
2
0
79
0
-77
0
5
-3
5
-5
-4
3
1
3
-9
3
17
68
-85
-1
2
-4
1
0
13
34
-47
28
239
-265
188
-174
-8
-3
-4
184
-165
-21
2
-1
0
39
-39
18
-19
2
137
-135
388
-390
17
-12
554
-553
-1
173
-178
11
68
-19
-62
2:0
3
2:0
-3
6
-5
27
121
-144
14
-19
15
115
-124
3
-9
2
9
107
-117
2:0
25
-13
-11
0
2221
-2151
-64
-2
-5
0
57
-53
-5
1
6
51
-42
1
-8
29
-34
1
2:-2
0
10
-2
10
-14
84
-83
-4
-2
97
20
-113
2:-2
2
413
-384
-29
15
2:-7
22
-19
291
-296
0
11
-11
0
29
-28
0
4
-4
90
-91
0
49
-36
2
-14
1
180
-183
4
-3
0
99586
-99506
6947
-7027
90
-81
298
-65
-192
-50
31
-32
6
1
-4
3
-4
19
2:-9
-2
-1
1
2
-1
5
9
32
82
-67
-33
-29
52
767
-818
0
4
-2
63
-66
1
0
2:2
-3
77
-79
-1
77
-76
0
5
40
9
-47
-5
8
895
-904
0
-1
1
285
-272
4648
-4646
3374
-3391
10
-9
2:0
234
-233
9
-10
-1
37
-27
-10
1
2:0
7
-5
10
2
-13
0
-2
2152
-2112
-36
2
2:-2
140
-136
18
67
-91
29348
-28586
-746
-16
72
52
-104
-11
277
-283
177
-176
142
-143
41
-43
56
-42
2185
-2197
1
16
-20
15
-1
107
-120
222
-199
73
17785
-17859
3410
-3430
-2
-1
24
17
18
-56
14
-16
11936
-11496
1235
-1676
6
-5
58
-57
0
20
-22
4
-4
0
2:2
0
8
-11
4
-3
0
-1
0
2759
-2747
-10
-3
4
-2
-1
736
-737
2:5
1087
-1072
373
-394
5
13
-16
3
5
1
268
-283
1
0
-1
88
-85
-1
609
-516
-61
407
-209
-232
135
-131
6
-8
0
1
16
-11
-8
27
-27
11
446
-329
-68
-58
232
20
-192
-61
5033
-5034
8
-6
0
190
-190
96
-95
-2
140
-141
2:0
39
354
-391
1
3
-6
0
3
9
-6
-1
2:-2
0
3
8
-8
73
31204
-31254
-24
-3
41
-14
-16
14
-21
-1
281
-17
-267
16514
-16506
83
-90
4620
-4618
-3
11
-1
-9
9
-10
115
-78
-28
6
-14
0
28
9172
-9201
3084
1818
-4894
1
-5
177
-157
-24
0
27
45
-66
-4
0
-2
107
-106
0
37
508
-533
34
-45
9
85
-90
-6
0
7
1
-5
1
-4
5
44
-49
10
27
-6
45
-71
-1
92
-95
1
-2
13
30
-43
8
-6
0
-2
109
-101
-4
78
-79
7
-7
0
2:2
288
-276
-9
-6
8
-11
1
5
92
-99
1
138
-138
1
-2
24
-22
-2
1
3:0
4
-4
4:0
1
-1
2:0
60
-60
3:0
1
5
-5
2
-1
0
1
-1
-2
3:0
7
-7
2:0
1
8
-9
2:0
6
-6
1
-1
3
-2
-1
16:0
3
0
-3
9:0
1
-1
0
3
-3
0
2
-2
6:0
13
-13
5
-2
-3
2:0
18
-17
-1
3:0
5
-5
0
2
-1
4
-5
4
-3
2
-3
20
-20
0
8
-8
2
3
-3
-2
1
-1
2:0
1
-1
2:0
4
-4
0
1
-1
1
-1
5:0
21
-21
1
2:0
-1
1
0
8
-9
2:0
1
-1
41
-41
2:0
2:1
-1
2:0
9
-10
4:0
1
0
17
-18
2
-2
3:0
17
-17
1
-1
1
20
-17
-4
2
-2
0
2:1
5
-7
2:0
1
0
1
-2
0
1
0
11
-12
0
2
-1
0
-1
1
38
-39
2:0
3
1154
-1156
72
-73
12
-10
1
2
-4
0
5
-6
0
1
2:0
2
-3
5
-5
1
-1
0
1
-1
3
-2
-1
34
-32
13
-15
4
11
-15
0
1
0
2
-2
-1
4:0
9
-9
0
12
-12
0
1
0
8
-9
2:0
6
-6
5:0
242
-242
78
-78
6:0
2
-2
0
3
-2
-1
3:0
1
-1
2
0
-2
2:0
117
-111
-6
0
1
-1
8
-7
6
-7
0
295
-291
-4
0
1
11
-12
2
3
-5
10
-9
10
-11
5
-5
1
-1
63
-62
0
1
-2
2
0
2
-4
15
-15
12
350
-356
58
-64
3:0
1
2
-3
5
-5
222
-192
-8
-22
0
2
1
-3
7:0
1
-1
1
-1
1
-1
3:0
1
0
-1
4:0
69
-69
2:0
85
-81
7
-11
1
3
-4
0
4
0
14
-18
3:0
24
-24
0
2
6
0
52
-56
-4
7
-7
1
-1
0
2:1
-2
0
3
-3
0
1
0
7
-8
14
8
-18
-4
34
-34
3:0
10
-10
3
-3
1
7
-8
2:0
4
22
-25
-1
0
1
-1
1
-1
2:0
1
-1
2:0
1
0
-1
149
-149
2:0
5
-3
-1
3
-4
0
1
5
-6
1596
-1596
6
-6
13
-13
0
1
0
2
0
-3
2:0
2
0
-2
0
2
242
-244
102
-44
-56
0
-2
1
4
-5
2:0
18
-18
3:0
31
-31
0
1
29
-27
-2
-1
4
2:-2
1
-1
2
-2
4:0
6
-6
4
1
2:-1
-3
0
2
0
-2
2:0
2
-2
4:0
9
-9
0
12
-12
2
-1
3:0
47
-48
6:0
3
-3
1
23
-24
0
1
5
-5
-1
end
