v1
484
535
18
190
486
52
187
29
418
168
64
488
57
19
37
22
28
114
0
4
66
349
81
108
103
58
266
16
139
133
140
17
19
556
89
102
104
26
72
260
15
180
271
22
403
10
216
2:118
49
81
79
13
333
67
410
0
85
218
0
47
290
7
249
277
72
185
20
156
86
257
79
196
93
131
52
104
158
87
41
84
138
165
255
20
146
285
218
276
277
111
54
126
213
69
57
121
451
0
301
42
135
221
106
69
25
30
112
60
0
72
95
213
0
68
7
349
77
0
339
118
141
29
106
275
16
157
219
121
52
92
109
155
250
382
22
72
136
24
50
6
19
13
18
7
18
17
43
8
1
46
2
3
14
2:126
77
5
62
12
40
19
0
6
93
26
4
3
35
57
17
85
42
93
25
105
342
293
315
121
203
110
28
286
33
6
24
92
263
21
54
121
35
12
94
85
74
27
41
259
146
24
263
156
584
15
33
66
17
70
229
41
462
46
20
161
14
808
301
0
53
30
10
176
241
6
109
0
2
24
157
93
94
75
18
0
32
0
511
406
57
6
258
12
21
92
0
134
6
8
0
2:36
128
19
10
28
69
7
8
27
120
40
283
32
78
447
87
0
77
0
36
45
20
184
229
223
175
0
70
121
8
3:43
45
10
273
38
100
0
54
47
53
6
2
147
2
86
153
59
5
20
3
99
74
25
151
83
142
193
1
178
38
92
76
143
31350
5
22
9
59
23
7
49
61
5
33
50
3
14
30
62
23
40
29
19
4
72
8
58
54
0
36
8
22
932
123
75
0
22
68
87
24
71
0
184
47
3310
2211
328
1553
3764
1376
7580
0
1
3235
2661
2788
6956
793
830
8298
4449
2
14
8068
0
10
2825
882
3411
487
509
1014
3147
18
5
1415
13
106829
16642
1
7716
25
26
47
9417
31396
999
26
22
21
12
0
59
115
61
12
20
89
5
36051
19336
41
109
157
9
15
12
18
57
1
52
30
79
4
23
12
1
11
1
11
2
17
709
29
135
36
7850
13109
3093
4413
5795
3251
5789
1183
539
0
336
0
187
665
436
532
2
3
31
5
17
47
2
100
8
23
40
86
14
1
30302
10313
0
31
87
513
999
49
35
12
230
728
4
36
15037
1410423600
483:0
17
-15
4
55
-56
70
-68
-7
1763
-1757
-4
2825
-2823
200
-196
25
-32
0
38
-34
0
-3
-2
13
-13
21
-20
0
8
3
-5
-7
170
-163
-6
4
3
86
84
-175
1
15
-14
-1
305
-306
44
-45
10
-12
10
-7
-1
59
-60
0
9
-5
-2
20
-18
-5
139
-50
-87
29
25
-54
39
-30
-9
5
528
-526
-7
-2
1
57
-28
-30
5
31
-26
6
-7
2:-4
29
-30
4
136
-140
157
-134
-21
3
-4
0
121
-122
88
-88
25
-17
-8
7
-6
3:0
9
-9
2:0
116
-60
-56
0
21
-20
0
12
40
-45
-6
8
-5
2
18361
-18342
-22
3
17
-24
9
-6
-3
1
116
-114
-3
29
-10
-15
1
-3
0
-2
7
4
-5
44
453
-457
-26
-21
175
-175
56
-56
3
2
-5
126
-126
77
-75
0
21
-16
-6
6
-4
65
-66
42
-10
-34
0
8
59
-61
48668
-48553
11002
-11121
99
-99
26
-17
-1
-10
2
154
-156
0
156
-66
-81
-9
1
140
-139
17
-12
27
-30
0
-1
68
131
-201
3
-2
4
3
27
14
4
-20
-33
57
-57
2:1
-2
0
510
-507
22
59
3932
-3029
-987
3:0
-1
5
1
-4
6
3
1
-11
0
9
8
-14
-1
0
-1
1874
-1868
-6
-1
260
-240
2:-10
35577
-35576
5
-5
217
-212
-6
2:0
3
34
-30
29
198
-234
612
-559
-10
-38
5
757
-749
-19
7
-5
0
77
-49
19
3
8064
-8113
-3
20
1629
-1496
-152
52
-49
3565
-3114
-443
698
-709
14
27
-40
2:-1
2
0
-1
0
1
880
-868
-10
959
-943
28
-48
9
59
-68
9
-2
-6
35
-30
-4
133
-135
178
-178
12
59
-70
-1
3
5
49
-9
689
-580
-56
-93
-5
-2
0
2
11
-12
10
-6
-3
13
22
-7
10
330
3435
-3806
10
-9
0
5
4365
-4365
-1
327
-269
-56
79
-80
574
-568
-10
-1
4
20
-20
29
-29
-2
-1
7
22384
-22368
-25
2:13
-22
-3
5
323
-318
10
14509
-14530
0
15
5879
-5883
-10
0
2
-2
18
-19
143
-100
7347
-7389
1
45
73
316
-428
15
52
-44
-20
-7
3
-5
23
-23
13
-15
60
-59
12
22
-34
-1
2
-2
0
4
322
-245
-79
0
13
-15
2
27
-25
-1
-2
0
20
-16
9
-7
32
-33
-6
0
40
-37
1
-2
-1
41
-8
-26
-2
749
-728
-26
0
286
-287
0
59
-58
23
-19
3
2254
-2127
-78
-55
1
2:0
2
-2
2
-2
0
40
-40
0
10
-9
6
-6
0
-1
0
1
-1
3:0
4
-4
1
-1
0
3
-1
-2
0
5
-5
2:0
1
0
-1
2:0
2
-2
1
3
-4
2:0
1
-1
3:0
2
-2
0
1
-1
3:0
1
8
-3
-6
2
0
-1
12
-12
-1
0
1
0
-1
6:0
2
-2
2
-2
3
-3
3:0
4
-4
9
-7
2:-1
19:0
1
-1
5:0
10
-9
-1
3:0
7
-7
2:0
15
-15
2:0
1
-1
2
2:-1
8
-8
1
-1
0
1
-1
2
10
-10
2:-1
0
7
-7
11
-11
6
-6
1
3:0
-1
3
-3
0
1
0
-1
2:0
7
-7
5
-5
3:0
22
-22
786
-786
33
-33
5
-5
2
-2
4
-4
0
2
2:-1
4
-4
1
-1
0
3
-3
5
-5
9
-9
0
1
3
6
-10
1
0
-1
1
2:3
0
-7
0
6
-5
0
-1
2:0
4
-4
1
0
110
-75
-36
8:0
2:1
-2
2:0
1
-1
2:0
2
71
-69
-4
1
12
-6
-7
0
130
-129
1
-2
20
-20
4:0
1
-1
2
10
-12
8
-3
0
-5
1
47
-45
-3
3:0
5
-3
7
0
172
-180
-1
1
41
-39
-3
4
-2
142
-117
-23
6
-10
0
3
-3
2:0
1
-1
2:0
1
48
-49
0
56
-52
4
-8
0
1
-1
1
2:0
-1
5
-5
11
-11
2
-2
1
14
-15
0
2:1
8
0
25
-30
3
-8
3:0
1
2
-3
2
-1
0
-1
2:1
5
3
4
-14
3
-2
2:0
30
-31
1
7
-5
-2
7
-6
25
-27
6:0
1
-1
1
-1
89
-88
-1
2
3
-4
0
-1
2
-1
2
1424
-1426
-1
1
4
-5
1
2:0
-1
1
-1
2
3
152
-157
2:0
25
16
-40
1
-2
10
-4
-6
2:0
6
-6
1
-1
16
-16
2
5
-7
0
7
-7
3:0
2
-2
0
1
-1
0
5
-3
0
-2
0
4
-3
0
-1
2:0
2
-2
1
-1
1
-1
0
8
-1
-7
1
77
-75
-3
0
1
-1
0
6
-6
2
-2
0
1
8
-7
-2
end
