v1
472
439
145
159
381
105
239
52
277
286
88
288
5
170
39
19
56
22
28
118
177
365
165
517
95
140
592
159
162
332
195
271
135
300
216
118
167
303
270
495
555
7
249
277
14
119
124
44
218
29
460
23
355
553
269
171
431
936
339
69
57
31
842
42
239
317
369
309
93
235
714
96
275
50
123
219
173
213
99
0
294
279
118
7
70
167
12
33
25
13
43
115
153
118
73
9
74
59
6
93
30
3
38
316
87
360
173
120
65
160
281
243
12
302
33
6
116
214
124
121
141
186
300
146
287
116
13
298
14
299
10
23
15
153
229
13
28
541
162
808
301
93
176
136
0
55
56
111
368
75
237
793
258
12
21
312
90
38
126
7
8
147
40
393
339
272
101
184
64
19
369
175
199
43
0
86
45
283
38
100
54
47
61
35
60
50
2
88
153
59
5
20
0
3
193
5
257
119
75
314
189
31498
22
9
89
115
4
29
97
173
3
1
72
66
54
36
8
22
932
220
68
111
3612
2211
328
1553
2725
2415
10816
10822
1583
793
8312
816
4449
2
8082
3717
958
7
2446
996
4179
5
1428
106829
13098
3545
7741
73
4
9413
32379
42
22
163
105
12
13
7
53
41
54647
890
112
45
7
2
0
27
18
45
12
1
145
16
27
13
12
21898
3093
1178
9030
10223
1062
1101
534
14
42
180
3
32
5
91
9
1
40646
772
827
84
1010
-461115
1099
24
544
84
798
835
481
220
1253
1129
0
136
258
167
104
99
167
794
165
0
40
33
226
334
324
343
368
124
836
1200
1311
110
529
552
533
0
765
118
0
153
627
9
1534
11
80
56
2:11
42
24
198
520
182
923
29
753
0
206
269
295
345
0
15
127
351
0
438
599
524
413
27
181
0
14
50
0
1130
245
194
115
26
794
569
67
48
354
84
83
17
145
630
0
721
81
242
322
0
508
0
364
388
542
92
0
35
429
193
47
107
237
0
31
31370
326
0
198
0
103
190
1436
138
10522
4531
19174
8080
15964
2
9129
3167
0
121359
3543
46004
3704
174
182
11020
44991
5
6
1
15
725
42440
2782
2113
44
4
5
17
0
9
61
0
5
14
83
4
44
101
12
4
30317
10044
438
462
612
443
368
634
17078
1410864600
299:0
1
171:0
5
1
18
-21
130
-119
-10
30
2231
-2261
65
21
-87
0
780
-661
-118
26
-17
-8
-2
5
-3
2
57
88
-142
-6
197
-198
179
-177
0
6
116
-124
0
39
-27
-10
10
332
-247
-67
310
-227
-113
307
-305
57
-3
-56
85
-84
2
14
34
0
-38
17
1
-31
2
60
-48
-3
409
-418
-2
2
41
-39
-4
1
8
3978
-3924
-57
-3
41
71
-108
-7
21
-21
703
-555
-147
31
-26
-4
63
-55
-7
190
-135
-44
-14
15
100
-98
-7
25
-35
60
-56
11
-15
3
-2
361
-355
59998
-60000
3884
-3833
-53
7
-4
5
-8
0
-2
35
32
-48
-16
-1
59
-60
305
-186
-113
59
-66
760
-732
-29
102
-48
-19
-21
-7
-3
-4
0
657
2556
-1551
-1463
-198
10
2
-12
1
0
1705
-1344
-343
26
23081
-23124
178
-161
-18
13
2063
-2074
342
-315
-5
866
-887
-2
11
-12
50
-42
29
8420
-8419
1714
-1754
2
14
22
-30
2
5125
-4929
-203
2
1628
-1630
35
-29
1
-10
2
681
125
-798
107
-113
17
21
-42
109
-56
-51
4
0
4
31
546
-584
60
-61
0
12
17
38
28
918
-992
-17
32
452
-488
97
-43
-55
151
-124
363
-391
293
-122
-116
-52
-3
28111
-28104
-7
40
-37
14
280
-83
-204
36599
-36609
5
337
-325
-11
793
-798
74
-75
7066
-7063
996
-994
381
-278
-105
2
66
-50
14
-7
-24
16
35
-40
8
-19
7
-6
-3
4
10
29
-38
60
-66
50
-30
-18
0
74
-57
-14
386
811
-1203
32
-31
51
-55
2
0
-1
0
-1
0
2
0
-1
2:0
1
0
1
-3
2:1
0
-1
0
1
0
-1
2:0
1
2:0
-1
1
-1
2:0
-1
1
0
-1
0
2:1
-2
2
-1
1
0
-2
2:0
2
-2
0
1
-1
2
0
-1
0
-1
2
-2
1
0
-1
2
2:-1
0
2
0
-2
1
2:0
1
-1
0
-1
0
2:1
0
-2
2:1
2:-1
2
-2
2
-1
2:0
1
-1
1
-1
4:0
-1
0
1
0
-1
0
1
0
-1
1
0
1
0
-1
3:0
-1
2:0
1
-1
2
0
-2
2
1
-3
1
2:0
-1
0
2:1
0
-2
1
0
1
0
2:-1
2:1
0
-1
1
-1
2:0
1
-2
2
2:-1
1
-1
0
1
3:0
-1
2
-1
0
-1
0
1
0
2
-1
1
-1
1
0
-1
0
35
-35
4:0
5
-1
-3
0
-1
0
9
-7
-2
1
-1
6
-5
0
-1
0
1
-1
3
-3
1
-1
0
2
-2
2:0
14
2:-7
3:0
27
-27
3:0
1
-1
0
2
7
-6
-3
1
-1
0
1
-1
4
-3
0
-1
0
2
6
-8
2:0
1
8
-9
2:0
21
-21
4:0
1
3
-4
8
-8
14
-6
2:-4
15
-11
-2
1
-3
7
-6
-1
2
-2
7
-6
0
-1
2:0
31
-31
716
-716
52
-46
-5
2
-2
1
0
1
-2
2
-3
2
-1
0
8
-8
-1
9
-3
-5
-1
11
-11
0
2:3
-3
-2
2:0
3
-4
6
117
-55
-68
0
2
-2
1
-1
1
78
-69
-4
-5
188
-187
15
-17
0
2
75
-77
0
3
-3
49
-49
0
1
-1
3
-3
10
197
-204
31
-34
0
1
0
2:2
144
-128
-19
1
5
-6
1
2
-4
-1
0
46
13
-58
7
-8
3
-3
0
8
6
-14
2:0
3
5
47
-55
7
-6
0
1
4
-3
6
2
0
-11
2
21
-23
3
-1
-2
4
3
34
-41
2
2:-1
2:0
104
-104
0
4
-3
3
-3
3
-3
885
-886
1
5
-6
1
0
-1
1
0
165
-165
44
-45
21
-20
3
0
-3
6
-6
11
-12
2:7
-12
4
-5
0
-1
1
0
3
2
-6
1
-1
0
2
-2
1
5
-4
-2
26
2
-28
3
-3
7
-7
28:0
1
-1
44:0
1
0
-1
6:0
1
-1
2:0
1
-1
15:0
1
-1
11:0
1
0
-1
6:0
2
-2
5:0
1
-1
1
-1
2:0
1
-1
0
5
-5
7:0
2
-2
12:0
1
-1
2:0
1
-1
end
