v1
896
317
426
486
52
153
34
130
336
149
51
263
237
1
57
56
7
15
28
99
19
371
233
103
317
7
30
35
150
73
32
108
297
295
214
81
26
72
36
224
247
108
111
34
221
170
10
501
81
79
483
140
0
57
228
45
21
333
21
135
31
225
263
14
109
148
20
76
80
7
65
14
257
127
179
304
45
210
160
193
110
275
297
134
450
44
442
339
69
57
140
775
135
44
195
88
39
424
213
41
27
109
12
651
118
129
12
135
275
31
78
64
219
173
181
131
294
78
501
2
4
40
16
45
6
32
35
8
4
34
77
5
11
3
7
121
6
118
82
74
40
19
2:7
45
5
65
57
38
17
14
164
67
85
296
66
173
120
225
171
353
304
10
39
116
104
42
138
54
27
94
141
186
77
51
172
146
5
282
116
311
14
299
48
153
270
528
225
758
301
460
56
109
2
237
130
1
75
50
215
110
655
258
113
109
43
44
36
20
102
6
19
107
7
0
8
147
30
10
283
57
53
339
171
137
65
82
102
314
138
175
70
121
8
43
148
215
51
38
100
54
47
61
49
6
34
58
88
153
0
59
5
20
3
198
257
70
135
108
40
92
252
31493
5
10
12
9
43
161
4
29
53
44
154
19
4
72
8
0
58
54
36
8
22
1152
68
111
114
141
34
13
3310
2211
328
1553
2061
1012
2067
6258
320
1002
1110
2111
15
12405
3
790
9128
925
3524
2
4
8078
2830
5
882
958
2466
5151
11
5
1
1414
13
106829
13098
3544
1
7716
25
26
47
9417
32421
18
4
22
4
10
232
12
20
89
5
11015
43632
740
150
157
7
0
29
18
57
146
16
0
27
13
12
11
66
662
21159
3093
1178
6596
2434
8555
238
1430
454
85
334
189
665
436
532
2
3
49
4
44
105
31
40
44
47
10
31815
8831
600
222
777
56
28
41
713
216
4
36
-461357
167
75
7
201
45
0
491
13
264
102
56
18
143
288
0
13
110
114
81
31
333
55
11
38
0
129
72
124
140
103
52
103
24
223
0
1
0
92
121
110
377
379
54
241
70
60
220
105
171
46
236
144
29
50
76
0
105
47
179
10
53
58
22
2:118
8
68
7
174
227
77
61
94
245
71
46
25
30
12
26
171
149
198
102
379
62
87
169
157
5
487
119
93
124
59
146
124
14
29
31
5
91
313
279
12
363
38
39
15
2
80
15
88
72
177
11
0
534
67
60
48
184
160
63
228
13
97
283
76
1
517
176
28
100
0
108
131
149
66
231
97
0
53
88
0
44
239
1
262
229
176
9
14
223
266
307
12
146
179
0
53
14
45
5
150
20
2
0
101
62
167
1
41
58
25
6
7
21
34
32
142
40
16
14
88
90
128
0
20
29
11
53
25
0
8
236
0
89
172
34
42
155
72
13
18
1
47
0
530
15
20
35
11
110
57
3
0
46
27
334
96
27
35
301
0
154
104
22
250
15
127
31
43
65
27
31
251
170
144
0
27
254
171
131
38
5
0
116
312
163
0
2
172
153
0
46
112
69
14
550
299
148
10
173
12
10
517
12
29
42
115
37
56
102
85
360
12
315
77
66
0
163
84
0
318
84
10
40
33
19
87
37
36
130
119
72
73
94
20
99
45
680
2
36
2
43
202
66
340
8
3
497
18
19
6
110
460
28
22
45
90
166
192
152
31
3
153
83
142
0
75
61
57
86
8
35
30
20
17
0
21
73
4
57
101
25
31129
280
83
4
168
10
26
0
24
14
3
54
13
25
147
30
33
18
159
4
1
973
61
55
22
80
74
23
2:5
3285
6487
0
1710
3139
5818
0
4742
9315
3206
3485
1389
2608
1741
2146
1394
8018
46
4
7
2
2812
10
3377
920
998
1012
3153
2
8
4
121359
49547
2624
983
39
60
57
40
31
6
38
52
22
72
19
0
27
0
6677
29369
19299
28
41
9
268
22
9
31
33
15
149
16
35
9
2
15
0
1
754
32
9
3600
15195
9800
5795
7980
1016
44
2058
131
1157
533
2
6
8
2
0
17
14
6
1
2
0
40
8
45
2
13
36
3
48
76
30
18
30303
8628
1449
150
331
558
782
581
191
129
0
135
56
14922
1410727200
399:0
1
495:0
9
98
209
-274
-29
14
26
-25
6805
-6818
2:1
-4
229
10643
-10745
-122
252
-246
10
4
-9
1577
-1593
69
-70
8
0
78
-86
-1
5
208
-207
3
0
9
-16
351
-353
2
48
-52
5
13
-2
1194
-1190
24
-11
-25
2
13
165
715
-899
334
-59
-245
-1
328
-361
268
-124
279
-293
-127
87
-91
6
273
-248
19
-47
65
-12
-43
0
-6
161
-43
231
-344
-11
26
1562
-1243
-334
54
-22
-37
-5
19
-18
11
-11
22
217
-146
-90
88
987
-806
-272
23
-24
1053
-988
-41
28
264
-298
15413
-15429
91
113
-205
-2
8
-4
3
10
3
-10
137
-145
13
-15
49
-19
-22
24
-16
-15
2
209
-186
846
-803
-28
15
-48
4
58
10
743
-816
8
5
264
-258
49
-45
15
-4
25
101
-144
-24
516
-515
147557
-139436
-7983
-133
52
-46
5
-16
77
375
-451
18
11
71
-32
-60
74
192
-211
-56
81
94
-169
2953
-2961
16
192
-87
542
-636
456
332
-809
1200
77998
-72776
-6387
727
-774
18
31
-46
9
452
-450
-2
-4
136
2144
-2234
312
-357
-1
47
74440
-74491
45
-43
-4
452
59
-479
-33
618
-606
13394
-13403
199
-13
-112
-54
3986
-3991
247
-171
846
-915
150
51025
-51033
6871
-7020
-19
1
36
39
-38
-1
31523
-30620
-940
2969
-2630
-337
13
-12
-3
12
22
4943
-2213
1663
-4423
97
122
-135
193
-281
0
10
782
-742
119
-165
53
5
-34
78
160
1329
-1461
224
-45
-273
73
-85
-4
31
-34
118
252
900
1874
-3158
26
16
-20
-29
22
21
-4
4464
-3627
-876
120
95
-215
44
1094
-875
-251
20
-32
22
-9
-12
5
78050
-78036
-13
-4
48
96
-139
113
147
-243
358
-379
368
16484
-16809
-47
2021
-2008
7
-20
32
30
-3
35
6998
-7033
-19
-24
3748
-2274
-1488
8
86
-25
-31
58
-63
13
-36
299
-190
202
17
-335
22
184
-208
-1
-2
262
-262
68
75
-100
-39
41
-41
-4
1532
-1481
-37
-10
11
5
-13
112
720
21769
-22480
947
-1063
229
-241
13
230
-241
52
-53
8
12
60
-56
-26
2:-4
1
-1
2
0
5
-3
-4
6
-4
-1
1
0
2:-1
3
-1
5
-4
4
-5
-1
1
0
5
-6
2:1
-1
4
-6
2:1
0
1
0
-2
-1
1
3
-3
2
1
2
-6
7
-6
4
-1
-4
0
1
0
2
0
2:-1
3
0
4
-2
-6
4
3
-3
0
-4
1
2
-1
5
-3
-2
-1
2:0
-1
3
-1
-2
2
-1
5:0
7
-7
5
0
-4
-2
6
-5
1
-2
2
3:0
-2
0
1
-1
7
-5
3
-5
8
2:-3
-2
8
-5
0
4
-2
0
-5
4
2
-5
1
-1
3
0
-3
4
-4
1
3:0
-2
3
2:0
-2
4
0
-4
0
1
0
-1
1
6
-2
-6
0
6
-6
1
0
3
-4
5
0
-3
-1
3
-1
-3
6
-5
2
-2
4
2
-3
-4
1
2:2
-1
4
-6
1
0
-2
5
-2
1
-4
5
-2
-1
-2
0
2:2
0
-3
1
0
2:-1
1
4
-6
5
-1
-4
2
2:0
-2
1
-1
1
7
-5
-3
2
0
-2
2
0
-1
3
-4
3
0
-3
3
0
2
-5
5
-4
0
-1
5
-4
7
-7
2
0
-1
6
-6
6
-4
-2
0
5
-3
2:-1
0
-1
1
0
-1
0
2
1
-3
-1
2:2
3
-4
3
-4
2:2
-6
5
-4
-1
0
4
2:-2
0
3
2:0
1
-1
0
-1
-2
4
-4
1
0
3
1
-4
-1
1
2
-2
-1
1
2:0
4
-2
5
-8
0
2
5
-6
1
-1
1
-2
3
4
-7
4
-3
0
-1
5
-5
0
3
-1
2
-4
2
-2
8
-7
4
1
-5
3
-4
1
5
-3
1
2
-4
-2
6
-1
0
2
-7
2
-2
2
6
-6
-1
7
-7
3
-1
0
-3
4
-4
1
5
-1
-5
4
-3
2
-1
3
-4
3
-3
3:0
3
2:-1
0
-2
5
-2
-1
5
-6
3
1
0
-4
2
-3
1
3
-3
1
-2
1
4
1
-6
2:0
2
5
-1
-5
4
-3
2
-3
1
0
-2
2:1
6
-7
0
1
-1
2:1
0
-1
4
2
-5
-1
0
1
0
1
4
-5
1
-3
-1
3
1
-3
0
1
-2
3
-2
3
-4
5
-4
6
-6
3
2
-6
5
3
-4
1
-2
-1
1
0
-3
1
-1
1
2
0
3
-4
-2
1
3
4
-4
2:-1
6
-3
-1
-2
-1
1
-2
0
5
-5
1
2
0
-2
6
-6
1
2
1
2
-4
6
-7
0
85
-84
-1
1
0
18
-4
-13
10
-12
4:0
9
-9
2
-2
0
1
11
-11
1
-1
10
-11
0
1
2:0
-1
0
1
2
-2
-1
2:2
9
-12
0
-1
2
0
-2
4
-4
0
2:2
0
-4
22
-22
7
-3
14
-17
-1
2
-2
0
52
-48
-3
-1
6
-5
1
-1
2
0
8
-8
0
-3
3
12
3
-17
2
-3
2
-1
0
-1
2
0
1
-2
-1
4
-4
4
13
-17
2:0
34
-31
-3
5
-2
1
20
-24
3
74
-77
2:0
5
-5
3
5
-2
19
-25
2:0
6
33
-36
-3
3
-2
0
20
3
14
-30
-7
3
-4
1
0
6
13
-16
-3
5
-5
-1
4
0
-4
6
2
-3
1
-6
59
-57
1794
-1680
-90
-24
2
4
-5
-3
6
-2
1
-5
1
18
-17
0
10
-12
2
-2
13
31
-31
-2
-4
-5
18
-4
-12
4
-6
15
-10
-5
589
-503
-85
-3
3
0
5
-8
0
2
-1
2
-3
0
97
-87
25
-29
0
-5
331
-332
6
-2
-4
49
-45
-3
-1
10
-9
214
-215
24
-9
-5
-6
142
-136
-10
7
28
-34
34
567
-564
101
-139
0
1
2:4
2:1
495
-461
-41
56
-51
-2
-7
3:0
2
259
-260
163
-164
14
6
-19
5
-6
1
5
20
-25
38
-39
1
5
-1
5
25
156
-181
8
-13
2:6
-17
4
-4
3
8
23
-5
9
-38
4
2
-5
-1
0
1
-1
77
-54
-20
-2
11
-7
19
171
-194
1
-1
2
4
-7
4
-4
179
-178
3
-4
8
3
-9
5
20
-26
0
1
13
2212
-2225
-1
19
-20
2:0
2
3
-2
2
318
-321
0
7
173
-118
-60
0
-2
41
-22
-4
5
2
-21
32
-17
-3
-15
17
-10
-5
0
-2
4
1
-4
15
-16
6
-4
13
-10
-4
8
-3
-1
-5
0
8
-6
20
-6
-12
12
151
-164
-2
0
-1
9
-8
12
-13
0
4
14
3
-19
-2
5:0
1
-1
0
2
-2
6:0
2
-2
4:0
1
0
-1
6:0
24
-24
6:0
1
-1
12:0
1
0
-1
4:0
1
0
-1
0
6
-6
4:0
4
-4
1
-1
17:0
1
-1
2:0
1
-1
5:0
1
-1
0
1
-1
3
-3
2:0
2
-2
6:0
1
-1
2:0
1
-1
2:0
1
-1
10:0
2
0
-2
6:0
1
-1
7:0
2
2:-1
2:0
1
-1
5:0
2:1
-2
6:0
3
-3
1
-1
1
-1
0
3
0
-1
-2
0
1
2:0
-1
18:0
1
-1
15:0
1
-1
4:0
2
-2
2
0
-2
4
-4
5:0
1
-1
2:0
1
-1
0
2
-2
5:0
1
0
-1
3
-3
0
1
-1
5:0
1
-1
0
1
3:0
-1
3:0
1
-1
3:0
1
-1
6:0
1
-1
2
-2
7:0
1
0
-1
0
4
-4
2
-2
7:0
1
0
-1
3:0
2
2:-1
6:0
1
-1
1
3
-4
2
-2
4:0
1
-1
3:0
3
-3
14:0
1
0
-1
10:0
4
-4
2
-1
3
-4
2
-2
0
2:1
7
-9
1
0
-1
1
-1
2:0
2
-2
0
1
0
-1
5:0
1
-1
2:0
1
2:0
-1
2:0
1
-1
8:0
1
-1
11:0
1
-1
3
-3
0
1
-1
0
1
-1
5:0
2
-2
9:0
3
-3
2:0
1
0
-1
11:0
1
-1
end
