v1
887
535
159
49
283
14
189
41
11
187
130
366
119
188
363
58
19
37
7
15
146
235
261
211
539
73
140
56
536
191
104
98
132
128
195
136
135
34
391
10
103
109
122
126
41
160
18
217
40
373
260
140
234
212
191
34
277
257
176
86
194
63
136
125
14
178
98
104
210
160
303
104
163
8
297
134
494
442
126
213
69
57
514
295
241
104
223
69
25
30
339
101
180
356
303
73
40
300
94
115
160
16
549
261
51
294
104
5
170
306
27
29
12
33
6
19
13
25
18
19
50
46
2
17
7
119
7
1
60
58
82
74
59
64
65
3
35
0
19
38
17
127
118
381
66
173
120
94
131
414
88
22
314
33
6
116
146
138
54
121
141
85
101
300
37
109
102
185
116
294
31
299
15
33
83
70
229
41
423
0
98
7
175
50
758
199
102
93
423
109
2
24
42
301
1
75
50
401
331
229
19
17
241
33
92
84
50
6
80
90
38
19
107
2
5
8
106
0
41
40
283
110
1
338
272
81
20
184
255
197
175
70
129
42
1
2:43
277
23
28
38
100
54
47
61
127
20
88
153
59
5
23
193
3
2
33
89
26
179
49
75
11
92
16
132
63
189
67
31431
10
12
9
82
122
33
53
44
85
69
19
76
8
58
54
36
8
22
1080
72
68
79
32
71
184
47
3310
2211
328
1553
2387
1377
1376
8690
2126
9942
2463
6920
3001
4449
2
8082
9
884
1942
882
958
2453
13
0
5160
2
5
1415
13
106829
16643
7716
25
73
9417
32379
60
4
167
101
17
15
30
59
5
9635
45895
7
45
112
7
2
15
12
18
57
1
52
97
12
27
13
10
2
11
2
755
14
21116
4271
9030
8555
485
1183
539
335
188
665
681
289
1
2
4
2
45
2
120
29
31
6
34
67
15
2:9
1
30302
1513
10430
56
69
557
39
337
36
68
-461228
187
130
555
94
518
330
0
3
65
28
235
238
823
72
797
74
360
56
239
41
84
107
0
347
0
47
358
0
94
53
223
266
39
0
173
215
425
16
0
146
0
73
490
392
7
2
219
3
411
115
53
24
43
231
0
16
221
43
48
9
29
7
196
0
453
381
723
16
183
591
157
296
0
177
166
169
266
61
301
111
1144
21
282
5
19
5
0
248
343
620
64
55
0
258
231
374
0
158
203
101
22
211
0
12
135
32
11
6
17
59
51
73
37
0
68
110
123
25
8
32
53
131
64
277
231
63
61
85
0
7
191
392
0
45
86
273
274
269
390
369
49
2
0
169
154
50
18
199
403
39
246
250
745
0
59
196
182
108
708
507
55
122
40
186
56
42
539
186
399
480
82
268
28
0
319
110
182
662
38
0
5
113
24
0
105
10
478
158
174
192
0
451
92
45
22
18
0
55
464
82
168
227
1
0
262
49
198
40
30
31497
71
16
0
26
114
102
3
207
63
144
1159
0
22
27
349
4
74
330
7085
3109
15533
9758
790
830
4874
2608
1741
2142
9432
0
2855
10
3377
920
996
4168
1
16914
91135
13321
1
3543
7716
41826
101
10
55
88
159
12
61
57
9619
1380
43632
764
8
91
461
39
1
4
743
0
7
98
20482
24969
133
1157
532
1
0
15
1
40
42
3
2
3
162
6
31919
9431
172
1117
27
514
24
-461136
18
242
435
41
281
440
715
65
524
221
0
607
18
0
695
333
451
388
293
459
73
331
433
905
1
104
25
498
131
889
579
28
124
408
26
248
471
168
51
214
661
38
1124
36
378
56
188
373
411
88
208
100
376
359
83
1077
202
453
75
263
230
7
128
22
51
304
87
41
136
4
86
130
39
32
179
68
56
231
75
606
532
837
293
456
60
12
361
79
646
173
1078
74
34
413
156
317
434
221
714
3
315
77
78
553
106
52
2
222
18
289
276
914
502
87
562
266
262
91
593
802
52
15
0
31566
10
168
122
385
142
1024
464
135
8058
1389
3735
6931
6697
741
0
4503
12800
2
0
2616
2658
10
8075
12277
0
7
108046
19589
4999
32758
0
9151
23
0
67
50
188
119
36046
19327
9
24
527
80
4410
15195
0
23575
3722
1252
116
89
6
8
35
15
59
40280
292
942
1499
15406
1410050400
399:0
1
299:0
1
186:0
31
1023
-1042
39
2302
-2283
-61
5
58
150
-211
2952
-2947
32
298
-334
8543
-6763
-1551
-227
5
-7
134
-129
14
11
19
41
-88
3
976
-972
333
-299
62
96
-202
1493
-1463
-27
-2
66
-21
337
-382
9
67
-44
-30
2
-1
8
51
-58
84
432
-484
-12
154
-176
14
-19
32
-29
35
4
-9
-1
11
-10
-27
1221
-176
-1048
29
69
545
3063
-2504
-1204
26
-25
13
-11
14
8
-22
-1
18
30
-44
-3
-1
7
-6
571
-574
328
-327
54
-15
955
-948
80
29
-154
1044
-1043
18
202
-178
-17
-23
14
-13
181
-148
-30
-7
-2
57
890
-943
64
28
-85
97
-103
75
426
-414
-38
-32
794
-700
-67
-23
20
-38
8
0
217
785
-976
-3
1
-33
71
-65
-12
279
100026
-100299
5613
-5420
-149
-35
4
282
-247
47
-51
36
-54
-28
2
153
-129
-5
106
-105
-22
325
-321
9
215
235
-461
4
130
-138
15
37
138
-193
137
-132
1
35
621
-613
-28
21
13362
-11489
-1602
-312
-1
14
-3
20
2:0
-30
5
16
-5
-16
-1
2603
-2581
279
-295
30
43
-41
4
24675
-24652
-43
548
-569
4
76
-36
11
1617
-1551
-44
2173
2537
-1438
-3301
-4
-33
73
-23
-58
2905
-2820
169
29765
-29924
4780
-4876
209
-99
-85
12419
-11476
192
-616
-507
112
-152
3
23
603
-606
-4
15
287
-295
24
-48
4637
-4629
10586
-10593
75
-32
-17
-26
1
12
297
-223
-11
259
-280
-38
39
482
1812
-2273
54
-120
318
-311
-18
11
7
22
-32
63
118
1428
-1385
-211
65
-23
13
6976
-7010
849
-844
-36
97
5732
-5787
-56
2
1
10
-9
-5
10
0
-8
32555
-32540
1
8
60
120
-134
452
-20
266
-762
60
12962
-13026
17
149
-129
-29
66
12565
-12642
94
1984
-1999
14543
-14611
21
-22
-2
677
-552
-127
248
-207
67
-102
1230
-1239
272
479
-743
18
-23
14
-20
15
1344
-1351
19
0
-21
75
187
-217
17
513
-574
-2
13
2:-2
-10
10
288
-301
15
-12
10
175
-155
2808
-2829
-14
136
-110
-16
3
20
3373
-3255
-102
-54
3
2
-1
-6
0
2
1
-3
2
5
-2
-1
-4
4
-2
2:2
2:-3
0
3
2:-1
2
0
1
-1
0
-1
4
-1
-5
3
0
-1
4
0
-3
0
-2
0
-1
3
2
-4
1
2
-4
0
5
0
-3
4
-5
0
4
-5
2:1
5
-1
-4
-1
0
2
1
2:-2
4
-4
1
2:0
4
-4
2
-1
2
2:-2
1
-1
0
2
3
-2
0
-3
3
-1
3
-4
2:0
-1
3
1
-4
2:1
-2
1
2:0
-1
5
-5
4
2:-1
-2
2
1
2:0
-3
5
-1
-2
2:2
2:-3
5
-5
0
2
1
2
-5
2
-1
0
4
-5
1
0
6
-2
-5
1
2
0
-1
2
-4
1
6
-7
0
2
-2
1
2:0
1
-2
0
7
-5
-2
1
2:0
-1
2
-2
3:0
2:1
-1
0
-1
0
5
-5
3
0
3
-2
-1
2:0
-2
-1
2:2
-3
0
-1
5
-3
4
-5
0
3
-3
2
-1
0
-1
0
2
-3
4
-3
2
-3
0
1
0
-1
0
5
-5
3
-3
2
1
0
3
-4
2
-4
2
3
-1
2
0
-5
-1
5
-5
5
2
-5
-1
0
-1
3
1
3
2:-2
-3
2
3
-2
1
2
-2
3
2:-2
-1
0
-2
1
5
-4
5
2:-1
-5
5
-5
0
4
0
-4
2
2:-1
1
-1
0
1
6
-1
-5
0
-1
3
-2
1
4
-5
2:0
-1
7
-2
-5
0
4
3
-5
-3
-1
1
-1
2:0
1
9:0
-1
2:0
1
-1
1
-1
0
1
-1
1
-1
0
2:1
2:-1
2:0
1
-1
0
1
3:0
1
-1
0
-1
0
1
-1
2:0
1
0
-1
0
1
0
-1
1
-1
0
1
-1
2
-1
0
-1
2
-1
2:0
-1
0
2
-1
0
-1
0
1
-1
0
1
-1
2:0
2:1
2:-1
2:0
2
-1
1
-1
2:0
-1
0
2
-1
0
-1
0
1
-1
1
-1
1
0
-1
0
1
-1
1
2:0
-1
2:0
1
-1
1
2:0
-1
0
1
0
-1
0
1
-1
3:0
1
2:0
-1
2:0
1
3:0
-1
0
1
2:0
-1
1
-1
1
-1
1
0
-1
1
0
1
-2
1
2:0
1
-2
1
-1
1
8:0
-1
0
1
0
-1
1
-1
0
1
2
2:-1
0
5
-5
4
1
-5
4
113
-116
-1
14
-14
10
-10
13
-10
-3
1
9
-10
4
1
-4
3
2:-2
3
-3
0
4
-4
6
-5
3
0
-4
1
0
4
0
-4
-1
0
2
-2
2
-2
2:1
-2
7
34
-35
-4
25
-26
2:0
-1
2
3
-4
4
-4
2
3:-1
18
-16
7
2:-1
-5
9
-9
0
-2
2:1
2:-1
0
3
-3
6
-6
2
3
-5
0
17
-17
43
-43
13
-7
-5
-1
3
46
-49
15
-14
1
-1
3
-4
0
10
-7
41
-42
-2
0
4
38
-36
-5
1
-2
2
19
-21
28
3
-24
-4
2
0
-4
2
-1
2
-2
3
-1
12
-16
10
-5
-4
0
14
-11
-4
47
1759
-1804
101
-81
-21
6
-1
3
-5
1
-2
13
-16
0
3
14
-16
7
-2
8
-11
65
-66
9
6
1
-13
0
-5
8
-7
1
28
-29
17
-16
0
2
7
-4
-7
5
646
-596
-49
-6
0
5
-4
-1
2
4
-5
-1
2
5
-2
0
97
-94
29
-33
1
-3
-1
0
227
-224
4
39
-47
2
1
0
10
74
-87
18
11
-19
106
-116
7
-4
11
-8
-6
33
-27
44
512
-546
144
-159
8
0
-1
374
-348
29
-58
-1
10
-4
-10
2:0
2
1
0
-3
3
2
-1
353
-357
177
-176
11
-1
-10
3
-4
8
21
-27
7
63
-69
0
1
31
195
-220
1
-8
1
3
-7
8
-2
3
-5
0
42
-14
-12
-20
0
9
-6
94
-96
35
-35
0
22
304
-322
9
-14
0
4
2:-2
5
0
-2
207
-209
1
4
7
19
-32
2
21
-12
-9
-1
24
-23
-2
0
5
-5
9
336
-344
1
218
-220
185
-174
13
-23
1
60
4
-65
6
-7
64
-63
81
-79
13
9
-22
-2
-1
6
-4
1
0
-1
11
-4
-9
14
-1
-13
1
0
3
-4
2
-2
2
-2
2
24
-24
6
-8
4
20
-19
356
-361
2:2
-3
0
-1
0
49
-16
-33
5:0
1
-1
6:0
28
-28
0
1
-1
12:0
1
-1
5:0
1
-1
5:0
1
-1
3:0
2
-2
2
-1
0
-1
3:0
1
-1
1
-1
0
1
2:0
-1
2:0
1
-1
13:0
1
-1
6:0
1
0
-1
4:0
1
-1
3:0
2
-2
3:0
1
0
-1
5:0
1
3
-3
0
-1
2:0
2
-2
2:0
2
0
1
-3
2:0
1
-1
0
1
0
4
-5
0
2
0
-2
5:0
1
-1
3:0
1
0
-1
0
1
2
-3
1
-1
1
-1
2
0
-2
2:0
1
-1
2
0
-2
2:0
1
2:0
-1
0
2
0
-1
0
-1
7:0
1
-1
2:0
1
-1
5:0
1
-1
3:0
1
-1
3:0
1
-1
3:0
1
2:0
-1
3:0
1
-1
2:0
3
-3
0
1
0
7
-8
2:0
5
-4
0
-1
2
2:-1
2:0
3
-2
3
-4
2
-2
2:0
1
-1
2:1
-2
4:0
2
-2
2:0
1
-1
10
0
-10
2
-2
2:0
3
-1
-2
2:0
2:1
-2
2
-2
3:0
2
2:-1
10:0
1
-1
35:0
2
-2
2:0
3
-3
12:0
1
-1
24:0
1
0
-1
9:0
2
-2
5:0
1
-1
1
-1
6:0
1
0
-1
5:0
1
-1
22:0
1
2:0
-1
22:0
2
-2
5:0
1
-1
4:0
end
