v1
721
49
57
191
287
148
11
114
372
52
115
24
48
8
21
23
4
0
74
138
24
58
100
37
9
29
90
126
88
162
5
3
0
64
76
27
1
57
19
37
7
15
28
37
81
260
114
87
35
46
105
34
26
59
258
222
26
47
140
7
379
186
20
159
32
0
104
26
72
132
75
48
5
184
11
225
46
101
76
152
96
10
50
144
140
13
113
41
81
63
26
7
33
111
114
71
161
6
68
327
399
21
166
58
167
144
133
170
54
33
7
27
228
194
63
79
57
29
110
178
202
99
70
201
193
110
104
171
431
494
80
308
54
125
1
156
57
47
0
22
57
376
28
110
178
117
64
71
38
68
12
122
193
69
25
30
0
61
183
95
254
55
119
209
77
339
118
182
94
221
54
16
157
55
164
173
181
80
51
214
80
78
31
159
136
171
10
27
22
7
12
33
6
19
13
8
10
17
27
19
23
8
46
2
3
14
7
119
7
1
118
82
26
4
44
59
6
48
10
35
26
4
3
34
4
0
16
38
17
53
74
118
374
7
58
8
153
20
120
94
131
150
10
246
118
30
274
10
39
116
104
110
70
54
121
35
106
85
101
41
87
111
61
248
39
131
15
116
288
6
31
299
10
5
33
66
17
70
86
8
25
110
41
423
54
39
12
175
10
181
521
96
301
76
17
34
0
161
172
56
109
2
24
48
165
130
1
8
67
18
32
798
163
0
92
185
33
47
0
45
88
21
25
6
27
17
36
90
38
19
102
3
2:2
5
8
147
30
10
158
125
96
14
339
270
2
41
40
20
77
5
0
16
86
64
251
65
31
41
58
117
70
63
58
8
42
1
68
18
26
29
149
73
51
38
100
54
47
31
30
6
29
60
32
0
20
88
104
49
59
5
23
104
89
3
2
9
0
24
0
4
66
48
96
3
7
71
48
3
1
82
240
46
17
155
34
31221
272
5
22
9
16
27
0
16
23
122
4
29
53
44
37
117
19
8
68
8
58
52
2
36
8
22
932
220
68
79
32
71
182
2
43
4
281
3029
0
2211
328
1210
343
322
2751
691
1376
7580
1110
2126
5449
6956
9105
816
925
3
869
432
2220
2
4
8088
2821
4
882
958
2453
13
1997
3147
6
1
7
2:2
5
1
1427
106828
1
16642
1
7741
73
9417
32379
39
3
18
4
26
66
54
134
20
53
36
5
9635
26082
18930
781
82
27
157
7
2
27
18
1
33
23
53
0
109
27
13
2:4
2:2
11
2
1
725
29
14
6
4
32
49
21025
3093
1178
6596
2434
7980
575
441
44
1183
0
539
334
189
665
436
532
2
1
2
2:11
31
3
41
50
23
32
31
6
3
7
24
32
59
9
1
30302
1513
9431
200
217
430
152
56
69
201
505
223
4
36
68
34
-460692
2157
937
533
1062
278
1085
894
62
0
803
0
878
698
113
700
515
413
151
160
9
2034
0
128
203
0
189
707
1003
1401
246
75
701
0
6
314
92
107
32
0
795
728
191
10
211
311
674
265
121
3
0
305
0
44
58
833
1088
27
1063
0
510
275
1493
527
3
516
254
9
128
81
444
87
0
400
322
26
115
411
66
139
0
458
45
299
238
1145
31741
35
442
1031
65
355
44
26145
24130
8075
0
9158
0
124498
1
3074
45781
0
4607
48
0
80
27
82
55965
811
120
3445
34041
4726
3252
473
1252
21
41319
1410073200
599:0
1
120:0
4
9
-11
2
-1
7
-9
91
-82
-6
1
92
119
-200
-12
7
-1
228
-233
-3
2:0
3
-1
1
2784
-2785
1
13
-11
-4
0
12
-9
19
942
2353
-3311
2179
-2082
-83
-10
-9
9
-7
2:-2
21
-14
-5
-2
106
-106
11
-9
-3
12
218
-228
7
-8
145
-99
-45
0
8
-9
1328
-1328
5
-3
257
-208
-7
-36
5
-12
5
-6
12
213
-226
4
-2
0
-1
65
-61
-5
11
3
-7
-6
44
-44
1
-1
0
48
24
233
-220
-85
90
-89
576
-571
-6
443
-442
30
48
-72
9
-13
26
-25
25
-24
16
-21
1
17
-2
-14
8
68
642
-650
-24
-40
3300
-3302
-1
43
326
-371
0
25
-21
-3
-2
7
5
-7
-5
331
-329
14
-8
-6
27
1343
-1369
6
0
-9
6
42
-45
635
-636
7
-10
196
-196
8
203
-194
84
68
-157
-9
4
350
-356
89
-78
-10
386
-388
61
-46
2:-7
60
-57
39
23
-58
225
-202
-21
122
-121
-11
1
12
3:-4
19
-4
-9
11
-18
64
-63
74
-14
213
-271
6
31
-20
-12
1
0
56
-60
36
79
-118
0
2
-1
4
31
-37
5
206
-204
55
-59
56
-51
-6
117
-113
6
-11
1745
-1745
780
-779
2
97465
-90267
-6927
-275
-1
18
25
3
-43
320
-309
95
47
-144
-8
61
-52
-13
7
144
-133
11
0
10
157
-177
-15
135
-138
21
2
-24
1
3
21
100
-122
1
-2
1
8
6
-17
2
269
-176
-94
63
-62
0
-1
6
-6
39
98
-119
-14
1
254
6368
-6625
2114
-2113
68
-71
9
1
-9
28
-4
-25
1
-1
0
-1
5
4
-4
1
18
-17
1508
-1491
-17
0
176
-181
56
-19
17806
-17836
0
-9
56
-37
277
-288
3
-7
6
-7
69
-71
9
0
35
875
-919
4
-4
-1
65
-59
167
-159
-13
3
953
-955
12
-14
67
-64
0
-3
7
1614
-1359
7
12784
-12978
-69
2369
-2374
0
2
-2
1
80
-59
3
9
6538
-6353
1078
-1290
-5
10
230
-241
-1
1
0
-1
0
2
-2
2
54
-55
15
-12
3
25
2930
-2901
-50
6
2922
-2879
-37
1233
-1158
-56
-42
1
2:0
6
19
-13
1
-9
258
-261
130
182
-308
-1
3
12
12099
-11941
1719
-1568
-244
-85
4
42
-46
50
-46
-4
102
-99
1
-4
31
-5
1428
-719
-736
223
-223
3
65
-14
-54
25
2775
-2784
650
-661
94
-91
-7
8
-8
60
3748
-3806
1
-4
76
-68
101
-83
-21
0
-1
-2
12
-10
7
24388
-24380
-13
9
-14
86
-37
238
143
-259
444
-595
-17
44
23
367
-435
-2
0
12
49
-52
49
8809
-8855
-11
-1
11
39
1816
5402
-7246
-1
108
-70
-60
2
127
-122
3
217
-203
1947
-1968
3
-5
141
398
-532
-2
-5
8
-5
15
46
-64
5
14
-8
-10
-2
7
-2
413
-417
3
24
2
-12
-13
38
-25
109
-52
-22
-47
32
-35
89
144
-225
-9
1
5
-2
101
-99
-6
2:7
-8
319
-314
1722
-1694
-37
4
9
-8
246
-203
-48
0
12
-16
67
3495
-3426
-98
-24
-14
0
-1
0
1
3:0
-1
3:0
1
-1
1
-1
0
1
0
-1
1
-1
0
1
-1
0
1
3:0
-1
1
-1
0
1
-1
1
0
-1
0
1
-1
1
-1
1
2:0
-1
1
-1
3:0
1
-1
0
1
-1
3:0
1
3:0
-1
1
0
-1
1
0
-1
2:0
1
-1
1
2:0
-1
0
1
3:0
-1
3:0
1
0
-1
1
-1
5:0
1
-1
3:0
1
-1
0
1
2:0
-1
0
1
0
-1
2:0
1
-1
0
1
1
6:0
4
-3
-1
0
3
-3
1
-1
3:0
1
-1
0
1
-1
2:0
78
-78
8:0
1
12
-13
10
-9
5
-6
0
3
-3
3:0
10
-10
0
11
-11
3:0
3
0
-3
2:0
7
-6
-1
3:0
1
-1
1
-1
2:0
1
3:0
-1
0
2:1
-2
3:0
2
3
-5
11:0
3
-2
2
-3
7
-7
28
-28
0
4
-4
0
18
-18
1
0
-1
0
3
-1
1
-3
3:0
2
-2
12
-8
2
-6
1
4
-5
1
-1
11
-10
0
3
-4
2:0
2
-2
4:0
2:1
-2
2:0
2
-2
2:0
2:1
-2
2:0
2
-2
4
-4
0
29
-29
11
-10
0
-1
0
2
-2
1
0
-1
29
-29
1
-1
2
-2
4
-3
-1
9
-9
3
2
-4
25
-26
2:0
3
3:-1
23
-19
4:-1
0
7
17
7
-31
0
3
-2
8
-9
3
-2
0
2
-1
-2
1
0
1
-2
3
-3
4
6
-10
1
-1
7
-7
0
4
-4
1
-1
1
-1
40
-40
1
1343
-1265
-65
-14
0
1
2
4
-7
4
-3
3
-4
1
-1
5
-5
0
1
10
-11
1
6
-1
18
-21
-2
52
-53
0
10
-10
2:0
7
2
-7
2:-1
2
0
-2
2:0
18
-6
-12
6
-6
2:0
1
-1
3
7
-6
-4
0
8
351
-359
61
-61
8
-7
6
0
-7
2
4
-6
5:0
3
2:-1
5
-3
102
-94
-11
0
14
-13
13
-11
219
-222
8
-8
3
-3
24
-21
3:-1
2
5
-7
2:0
2
54
-56
3:0
10
-10
12
-8
-4
1
74
-74
3
-4
17
-17
2:0
2
16
-11
23
304
-320
-14
93
-93
2:0
1
0
5
3
-9
4
284
-251
8
-43
-2
3
14
-16
0
4
0
-5
0
1
-1
0
3
-3
4
-3
-1
1
3
-4
3
-3
200
-200
1
106
-95
-7
-5
2
0
2:-1
3
-2
-1
3
28
-31
6
61
-67
1
-1
2
-2
20
134
-144
-1
-9
1
5
-6
3
-1
-2
8
-8
1
-1
2
-1
37
-18
-20
12
-12
2
-2
7
-7
1
75
-73
16
-19
9
-1
-8
2:0
12
211
-223
1
-1
3
-3
4
-3
3
2:-2
2
0
-2
3
168
-170
2
0
-3
15
-13
23
-23
5
7
-12
-2
6
-5
21
-22
2:0
1
0
2
3
277
-281
-2
2:0
1
83
36
-115
6
-9
47
-49
0
41
-41
0
59
-55
68
-71
-1
1
10
7
-16
-2
5
-4
-1
1
-1
2:0
3
3:-1
3
-3
6
-6
1
4
1
-1
-2
1
2
6
-10
1
-3
6
-5
-1
1
-1
1
-1
2:0
21
-20
-1
0
6
-6
20
-20
245
-242
-1
3
-5
3:0
1
-1
1
-1
1
27
6
-34
7:0
1
-1
45:0
2
-2
9:0
3
-3
11:0
1
-1
28:0
3
-3
9:0
2
-2
0
end
