v1
844
177
407
159
486
52
153
25
9
29
27
559
188
3
0
123
210
28
57
56
22
127
19
5
154
163
385
58
0
266
119
309
56
384
152
159
234
260
466
101
228
96
10
460
41
160
413
70
425
105
315
135
31
225
277
104
153
20
242
257
232
136
62
225
245
125
0
197
106
275
146
285
16
478
212
177
53
327
12
69
433
28
288
117
106
128
417
11
30
129
210
254
24
3
433
64
0
275
394
147
144
212
285
52
598
8
59
50
288
7
152
0
29
56
45
6
32
38
43
6
25
46
2
3
14
117
17
118
73
9
74
118
5
65
3
191
163
47
38
362
78
215
225
453
71
147
167
33
6
116
284
54
0
121
141
85
101
41
87
169
3
146
5
97
21
164
0
129
275
37
10
289
10
38
83
70
8
221
41
423
105
887
96
199
33
69
83
262
115
56
94
17
66
171
131
75
18
32
0
30
295
407
248
258
33
232
6
38
36
128
19
102
5
7
8
147
40
48
110
125
96
14
339
171
99
38
45
20
184
330
122
175
70
63
66
86
58
47
215
51
38
98
2
54
32
15
31
30
147
2
86
153
1
58
5
20
3
196
2
0
33
224
119
0
193
41
92
252
92
31401
5
31
89
115
4
82
44
85
88
100
96
14
22
8
22
0
932
220
68
111
255
47
3310
2211
324
4
5317
1376
5256
2324
3236
12405
1623
4874
429
2995
0
925
872
2652
2
8012
70
9
2821
1830
15
2940
509
4168
9
2
6
1427
106829
16642
1
7741
0
26
47
9417
32379
39
3
22
26
137
117
20
53
36
5
54647
740
150
157
7
2
15
87
53
93
16
27
13
12
11
2
1
29
725
20
176
20934
3093
10208
8555
485
1183
539
523
665
436
532
3
13
11
151
21
8
48
14
0
9
91
10
40646
772
36
791
56
28
41
32
169
728
4
36
15
89
-461461
155
87
0
66
76
64
462
15
0
276
4
0
160
0
56
0
44
216
0
179
0
133
0
176
0
73
0
23
80
64
0
170
77
85
638
529
132
0
127
119
0
41
0
379
295
49
53
23
5
102
223
304
305
0
143
0
14
0
393
67
118
45
307
0
33
0
288
0
136
0
166
0
175
484
0
163
2
0
73
0
7
0
30
151
377
110
0
251
576
178
157
608
300
206
0
176
247
0
275
494
217
0
143
13
0
231
0
788
1110
0
140
0
119
640
129
582
0
207
0
57
0
626
572
0
32
0
46
212
99
31
0
25
4
8
0
14
0
9
0
33
0
73
37
0
66
0
127
83
29
0
104
0
20
8
0
153
0
74
150
92
277
0
170
0
2
32
0
54
302
0
221
0
70
0
35
31
0
55
0
285
224
0
38
0
73
0
196
0
390
278
108
0
6
139
280
199
46
374
5
335
0
10
0
972
0
187
10
185
0
102
253
652
0
312
0
75
0
30
6
66
0
43
26
223
0
27
0
72
0
21
173
281
315
0
155
0
163
31
0
17
114
0
178
0
146
0
10
15
71
6
200
19
0
141
54
0
78
58
0
57
0
58
0
102
0
24
160
0
543
178
352
0
141
0
29
352
0
51
0
50
68
1
125
0
193
50
220
50
0
14
0
29
2
18
6
66
0
230
70
152
232
0
13
228
48
0
35
0
92
15
1
18
214
16
0
45
0
15
143
0
31423
0
82
16
0
140
0
38
14
0
53
92
0
92
95
8
55
0
71
1249
0
205
0
105
0
110
0
16
10475
0
8325
17756
0
6127
2182
3
0
13359
4640
0
2478
998
0
1012
3153
14
3
0
121355
1
44019
0
5528
3538
101
28
263
33
80
27
0
35712
19661
0
256
0
93
3
23
0
98
104
0
56
6
0
741
7
0
22
76
49
18
0
18693
0
23575
693
0
120
1884
419
0
133
0
10
0
628
1087
22
44
0
77
0
24
4
34
3
28
43
0
63
30303
10786
0
158
1350
811
0
14930
0
71
0
1410582600
399:0
1
443:0
4
15
3
4
-15
-7
0
815
-814
546
512
-1056
10
-1
8
-19
5
26
666
-680
5
-4
-7
-10
0
27
-15
0
175
-158
127
-158
35
9
-34
1
164
-144
-3
-28
47
-37
-7
7
28
-4
-33
2:0
287
-256
7
4
9
-48
-3
123
412
-518
-18
1
4
-1
71
-63
3
-15
20
3154
-2980
-191
6
46
-50
378
-349
-26
18
6
-26
37
-33
-10
1
-1
7
5
32
-43
28
-23
-1
23
-22
8
0
1
86
-89
-3
-6
1
17219
-17223
9
1
25
-27
0
-5
2
0
17
-9
9
33
-55
2:1
-2
12
-11
1
183
-182
52
-37
5
340
-348
27
56
-84
2:3
65
-68
-10
20
-25
14
4
438
-238
-209
50473
-50476
2307
-2247
-44
-10
1
10
387
-408
19
103
-125
12
31
-40
-1
87
-79
-8
3
9
2
-15
2
48
-47
234
-203
-25
-1
19
95
-123
1
0
98
-92
-4
83
-78
-3
-4
3
-2
236
-237
-1
3846
-3161
-686
14
-1
-8
-1
-2
91
-55
-27
2
-1
-12
6
1013
-1019
4
179
-173
87
6032
-6118
84
-95
17
4
102
-120
-2
-1
124
-114
4
3977
-3989
51
35
61
-137
479
-480
-10
6
-7
777
-353
-423
171
13530
-13701
74
-74
2302
-2198
6691
-6786
-2
7
5241
-5104
-9
80
-222
13
2435
-2448
20
-16
-3
-2
1
4
2426
-2431
2
1961
-1920
-42
3
39
-35
148
-156
88
-87
42
-43
245
-230
39
66
-118
4
11
-5
36
-40
304
-117
-152
643
-686
31
-31
0
398
-222
-167
-4
-1
7
-10
6
1
-2
2685
-2691
27
-25
31
15
188
-233
1
-4
77
27003
-27072
5
84
523
-541
308
-386
1
28
19989
-20005
69
-59
615
-632
-7
4
5
-8
17
1417
-1433
6
253
2625
-2885
0
14
-3
32
301
-312
-33
411
-410
97
-87
-11
3
-3
16
-14
-2
0
14
135
-148
79
50
-128
21
188
-124
-75
32
-40
-4
3
-3
0
54
27
-62
177
1873
-1951
-110
334
-9
-329
15
-7
-3
0
2153
-2157
23
8
-31
-9
2
-2
2:0
2:2
-1
-3
0
3
-1
0
1
3:0
-3
2
-2
2:0
3
0
-1
0
-2
5:0
2
0
-2
3
-1
-2
0
3
-1
3:0
-2
2:0
2
-2
2
-2
0
3
-3
3:0
2
0
-2
2:0
3
-3
0
3
-1
2:0
-2
0
2
0
-2
3
0
-3
2:0
2
0
-2
4:0
2
0
1
-1
1
-3
10:0
3
-3
2
0
-2
2
-2
2:0
2
0
-2
2
-2
4:0
2
0
2
-4
3:0
2
-2
3
2:0
-3
0
3
-1
2:0
1
0
-1
0
-2
5:0
3
-3
0
2
2:0
-2
2:0
2
0
-2
5:0
2
0
-2
0
2
0
-2
0
2
0
-2
3:0
3
-3
3
0
-1
0
-2
0
2
2:0
-2
3
0
-1
1
-3
3
-2
-1
0
2
3:0
-2
3
-3
2
-2
2
-2
8:0
3
-3
2:0
3
-3
0
2
2:0
1
-3
4:0
2
0
-2
5:0
2
4:0
-2
2
-2
1
-1
6:0
2
0
-2
2:0
2
2:0
1
0
-3
2
1
0
-3
0
2
-2
5:0
2
-2
0
3
-3
5:0
3
-3
2:0
3
0
-3
2
4:0
-2
0
2
1
-3
0
3
-1
0
1
-1
0
-2
2
1
-1
0
1
2:0
-1
0
-2
8:0
3
0
-1
2:0
-2
0
2
0
-2
3:0
3
-1
0
2
-1
0
-3
0
2
-2
0
2
0
-2
2:0
2
-2
0
2
2:0
-2
2
0
-2
2
-2
2
2:-1
0
2
0
-2
2:0
3
0
-3
4:0
2
-2
0
3
0
-3
2
0
1
-3
4:0
2
0
-2
3:0
2
0
-2
8:0
2
0
-2
2
0
-2
3:0
2
1
-1
0
-2
0
3
-1
-2
3:0
1
0
2:3
0
-6
1
3
-4
1
89
-90
2:0
2
-2
1
12
-2
-1
-10
1
-1
2:0
10
-5
0
-4
-1
1
0
-1
6
-5
1
-2
9
-8
0
3
-1
2
1
-6
13
-12
-1
0
5
-1
2:0
22
-26
2
0
14
-11
-5
2:0
1
-1
2
0
2:-1
8
-8
3
2
5
-10
0
4
-4
11
-5
-6
1
2:0
1
0
-2
2
1
-2
2
-2
-1
7
-4
-3
0
12
17
-29
1
0
-1
40
-39
26
-27
2
1
-3
2:0
2
3
-1
5
28
-36
2
-3
3
21
-15
-8
2:0
16
3
-16
28
-25
-7
4
2
-4
-2
8
-8
1
4
-3
2
3
-7
42
-42
1618
-1614
72
-57
-15
-2
0
6
1
-4
1
-6
1
0
17
-16
-2
2
-2
6
0
-2
-3
1
0
33
-32
51
-53
8
-9
5
8
-10
1
-4
22
-20
-1
21
-21
0
2
0
-3
16
-11
4
423
-383
-47
5
0
-7
0
1
4
1
-1
1
-6
1
4
98
-95
-8
25
-18
-5
197
-195
-4
0
3
-2
33
-34
1
-1
2
3
4
314
-322
10
8
-11
-7
104
-104
-1
0
5
24
-20
-8
44
387
-432
19
-19
127
-120
-7
14
-6
-8
304
-272
-30
41
-39
4
0
-5
13
-15
3:0
5
244
-250
2
121
-116
-7
7
-4
5
14
-20
47
-49
13
-13
138
-131
5
0
-12
3
7
-4
-1
-3
8
29
-39
32
-32
8
-8
2
74
-54
-22
1
-1
3
2:0
-2
12
180
-193
6
0
-5
-1
2
1
-2
-1
2
137
-137
3
12
-6
10
-19
2:0
17
2772
-2787
-4
0
31
-30
-1
0
2
-2
9
274
-280
5
59
9
-73
3
-6
14
-12
24
-1
-23
21
-17
12
-15
-2
-1
2
0
2:-1
1
5
1
-4
13
-7
-5
2
9
-13
0
-1
1
-2
0
3
-3
2:0
16
15
318
-345
-3
0
19
-20
8
-6
-2
0
1
5
22
-27
-1
0
2:1
0
-2
13:0
2
2:-1
0
1
3:0
-1
5:0
1
-1
5:0
1
-1
7:0
1
3:0
1
-2
9:0
1
0
-1
8:0
1
0
-1
6:0
2
-2
4:0
2
1
-1
-2
7:0
1
-1
20:0
1
-1
5:0
5
-5
3:0
2
0
-2
16:0
2
-2
3:0
1
-1
15:0
1
2:0
1
0
-2
2:0
4
0
-4
2:0
1
-1
16:0
1
-1
4:0
1
0
-1
4:0
2
-1
2:0
1
-2
18:0
1
0
3
0
-4
4:0
1
0
-1
11:0
1
-1
0
2
2:-1
3:0
2
-2
3:0
1
-1
3:0
1
-1
2
-2
3:0
1
-1
6:0
1
-1
0
2
-2
2:0
2:1
-2
0
1
-1
5:0
2:1
0
-2
0
2
-1
0
-1
0
1
-1
2:0
1
0
1
3
-3
-2
4:0
3
0
-3
3:0
2
-1
0
-1
4:0
1
0
-1
5:0
3
-3
0
3
0
1
-3
-1
3:0
1
0
-1
10:0
2
-2
2:0
1
0
-1
2:0
3
-3
0
1
-1
10:0
1
0
-1
0
1
0
-1
2
-2
1
0
-1
2:0
3
-3
4:0
1
0
-1
0
1
-1
1
0
-1
3:0
end
