v1
781
719
24
486
239
615
314
113
119
5
1
57
56
22
28
492
122
108
44
59
612
732
89
304
260
15
180
136
135
101
303
31
194
307
326
0
482
636
44
166
51
174
277
109
115
33
176
86
140
117
756
269
272
31
150
125
925
442
339
69
57
775
140
925
213
189
451
193
7
205
93
2
94
275
109
64
462
131
111
44
250
585
56
45
6
32
18
29
34
77
2
127
24
13
105
82
74
45
14
6
8
50
65
57
38
17
245
85
289
73
173
120
749
314
39
116
146
138
54
121
141
85
101
300
151
282
116
294
31
299
15
23
10
153
270
753
758
253
48
516
109
2
137
230
1
75
50
215
186
837
33
312
128
57
69
7
8
147
40
393
611
101
82
102
415
37
175
70
121
8
43
80
6
277
51
38
100
54
47
3
58
145
2
88
153
59
5
23
198
257
119
213
365
67
31426
5
22
9
204
75
11
44
154
19
76
21
45
54
36
8
22
1220
111
302
3310
2211
328
1553
3764
1376
8690
1406
720
12405
793
9128
925
872
2652
2
8082
3717
3411
996
4179
5
1
1427
106601
228
16643
7716
25
73
4
9413
32443
111
157
12
20
53
36
5
9635
45012
703
187
157
9
27
18
57
1
161
27
13
8
2:2
0
11
757
105
21025
3093
3173
7035
8555
1668
539
523
665
0
970
3
36
113
84
6
34
82
9
4
6
31815
9029
561
840
1058
36
-461357
242
77
65
130
94
159
233
226
115
24
14
60
3
27
212
33
49
3
7
87
0
49
170
13
360
166
38
44
157
80
83
185
30
39
129
223
1
3
231
35
0
182
24
5
177
36
7
123
3
159
148
447
26
50
173
18
153
293
145
295
96
226
19
225
159
42
240
80
26
66
1
81
0
13
30
143
72
71
225
0
168
66
54
127
7
36
46
558
110
38
15
0
546
228
31
0
113
11
0
23
202
408
369
142
9
279
38
247
169
0
424
132
0
13
6
25
113
40
27
366
27
121
229
110
0
73
222
74
38
61
80
92
19
262
11
25
96
46
121
96
264
136
388
30
138
67
29
136
130
16
414
376
173
31
33
318
206
10
287
125
185
23
13
1
19
8
58
25
44
14
34
7
1
65
7
110
7
9
104
88
123
118
15
56
0
198
115
480
48
7
302
182
16
23
44
16
0
61
203
138
274
2
43
226
110
280
0
126
139
104
51
3
0
166
149
102
170
46
98
275
1
0
5
17
124
166
33
104
17
156
86
70
337
114
58
27
20
127
98
1101
29
12
0
262
60
55
50
112
29
42
38
0
133
37
0
102
55
245
142
3
0
12
380
12
185
44
8
11
29
8
257
27
50
86
10
0
50
2:6
21
0
19
184
106
202
142
133
6
113
122
11
0
203
108
87
75
2
77
4
171
31
66
181
10
75
74
4
78
157
225
44
25
6
35
82
194
12
259
28
65
2
90
65
280
0
102
5
2
87
3
29
6
9
10
25
170
0
204
11
0
50
44
14
40
138
17
21
32
45
0
57
20
106
31
31418
31
129
36
29
9
15
0
31
66
38
63
56
76
127
1101
102
250
51
176
285
3035
4408
3442
2
2023
3586
9242
4311
1733
2117
3206
4874
4352
2143
1375
9
10
8075
2
21
2791
1839
1548
933
985
1012
0
3154
9
4995
116367
3544
1736
46892
0
983
42
18
2:15
7
59
54
21
40
85
24
60
23
82
55291
152
171
150
7
92
21
39
1
7
15
725
105
6
114
3445
21760
6596
5685
5789
1637
419
133
1157
532
9
33
0
12
2
43
53
0
51
0
4
20
17
29
1
74
30
31816
8269
700
462
172
36
176
2:33
162
443
261
737
1410205800
299:0
1
480:0
153
-130
41
-26
8358
-8371
100
-94
42
569
-386
581
-810
227
-239
3
47
-51
250
-147
43
812
294
-859
-354
-28
-2
31
-20
-10
17
199
-216
112
-4
-116
36
-16
12
-31
428
-325
-104
-1
34
-21
141
-151
9
-1
69
-56
263
-37
-48
646
-625
-1
-219
59
-50
5
-13
244
-171
-54
-3
-11
1
4
-12
186
-120
-23
352
-384
12
13
-31
132
-115
-2
-11
13
3634
-3653
89
-83
42
-50
6
75
-58
27
707
-661
-92
14
-5
-15
981
120
-1103
6
-1
10
-14
11
43
38
141
770
145102
-134868
-11053
-183
20
-14
4
42
-28
234
-257
25
6
-28
-6
4
93
-80
29
158
-202
746
-748
1217
-1212
136
-112
40
20
91
-124
73781
-69289
-4542
2
-5
47
-40
0
3353
-3357
431
-433
425
19753
-20170
231
-242
62
-51
441
-443
52
1
-57
17
4200
-4220
21
-9
-10
2281
-2257
457
30139
-30435
-190
5271
-5268
66
46
-66
18343
-17358
1223
-1988
1806
-2051
-19
2632
-2625
1273
5372
-6598
170
-224
1
15
356
-347
275
-150
-154
55
4
1682
-1671
202
-209
66
-92
1
268
1629
-1507
-429
336
-312
286
4124
-1495
-2855
287
-366
3
12
1430
-1269
-177
10
-1
52406
-52318
1
23
-97
107
-54
-80
461
-357
245
42988
-42512
-820
27
25
48
-92
35
15112
-15155
156
-130
3857
12599
-16444
166
-161
62
-106
65
0
496
-563
26
80
11
-4
-104
30
33
-73
21
36
579
-582
-41
50
-38
-7
157
-164
22
-28
130
-136
8805
-8777
82
-52
510
-567
467
-469
121
-60
-30
-42
2
-4
7
-6
2
-4
2
2:0
5
2
-7
7
-8
-1
3
1
-4
2
5
-1
-5
5
-4
0
-2
4
2
-6
4
-4
3
6
-5
3
-6
-1
7
-2
-3
0
1
-3
5
-2
4
0
-5
-1
0
13
0
-8
-5
-1
0
2:1
-1
2
7
-7
2:4
-10
0
-1
1
10
-2
-5
-2
0
-2
3
-1
9
-10
6
0
1
-5
2
3
-8
1
3
-3
13
-12
2
-2
5
2
-7
1
-2
0
-1
11
-7
2:1
-6
0
2
3
-5
3
0
-1
3:0
4
-4
0
-2
0
2
0
-2
0
1
0
3
0
-3
0
1
5
4
-7
-4
5
2:0
-3
-1
0
10
-10
-1
0
8
-4
-2
11
-12
7
-5
5
-8
2
-2
1
0
5
2
-1
-7
1
9
-5
-4
6
2:-1
-4
0
5
-6
2
1
6
-8
1
0
-2
9
-8
10
-10
1
0
7
-9
1
2
-1
0
-2
1
-1
2
2:0
-2
8
-5
-2
4
3
-4
-3
2:0
-1
0
12
-10
1
0
-1
5
2
3
-11
3
4
-7
0
12
-11
2
-3
0
3
0
-4
2
-2
3
-1
-2
3
6
-7
11
-13
0
2
0
4
5
-2
-4
-2
8
-3
-6
0
3
-2
0
-2
0
4
-4
1
0
2
5
-5
-2
7
-8
4
-2
4
-6
4
2:-2
1
0
9
1
-12
3
0
-3
0
12
-12
0
1
9
-7
-2
2
0
2:-1
2:0
12
-12
0
10
-8
0
2
-3
-1
1
2:-1
2:0
4
2
-5
6
-6
2:0
13
-7
-6
3
-4
10
-7
0
-3
4
-3
3
-4
1
7
-5
-3
1
2:0
5
-4
0
5
-3
-1
0
6
2
-7
5
-7
0
3
-2
0
2
-2
3
-6
7
-1
-2
-1
0
-3
0
9
-9
2
0
2:2
3
1
-10
5
-5
0
2
12
-14
0
4
2
-4
-2
2:2
-3
1
-2
0
4
0
-4
5
2:-2
11
-8
9
-11
6
-5
6
-8
1
9
-1
-8
5
0
1
-5
-2
10
-3
-8
2
-2
1
6
-6
-1
0
2:4
1
2
0
-7
2
3
-8
-1
5
-5
4
1
-3
3
-4
8
-6
4
-4
4
-6
4
2:-2
-1
8
-7
0
5
-3
-2
1
0
5
0
-5
1
10
-8
-2
-3
6
8
-14
1
10
-9
1
-2
1
3
-3
-1
3
2
1
0
4
-1
86
-87
-2
0
1
0
14
6
-6
-13
2:-1
2:0
10
3
-1
-12
1
-1
0
1
-1
0
3
-3
4
-1
2
-3
0
2:-1
2:1
-1
13
5
-18
-1
5
-3
24
-26
0
2:1
-2
5
-3
10
-1
1
-4
-6
2:-1
3
-2
-1
1
-1
0
3
-3
2:0
32
-23
-1
-6
-2
3:0
74
-67
-7
2:5
18
-27
-1
9
33
-37
-5
19
-17
25
3
-20
-8
1
-3
2:2
4
-4
-3
1
2
2:-2
5
2
-2
58
1625
-1576
-90
-19
5
-5
4
-2
-4
3
4
-6
9
-11
6
-1
12
-16
-1
36
-27
12
-18
13
-16
21
-18
-2
7
-8
4
378
-265
-115
-2
0
6
-2
3
109
-115
27
-22
0
328
-329
27
-29
5
-8
12
-12
22
-12
-10
5
131
-131
-4
6
1
17
-24
30
521
-519
-33
124
-124
6
11
-4
491
-456
-10
-30
-3
-1
-4
197
-197
3
155
-148
9
-13
-5
3
22
-21
58
-59
-2
4
16
181
-192
3
-7
-1
-2
1
40
-22
11
-34
10
-10
0
92
-72
-14
5
-6
-4
22
186
-207
3
-3
0
246
-247
0
3
-4
13
3
-15
0
14
-15
505
-488
-17
4
2:-1
2
4
369
-376
0
-1
264
-109
-139
-9
25
7
-37
39
-38
47
-49
2
13
0
-1
-13
-2
9
-7
-2
4
-1
7
-6
7
-3
-1
0
-1
-6
0
21
-20
24
-17
2
-10
166
-163
-2
-1
4
48
-27
-24
0
-1
7:0
2
-2
10:0
1
-1
4:0
1
-1
3:0
1
-1
31
-31
8:0
1
-1
6:0
1
-1
8:0
1
3
-4
3:0
1
-1
1
-1
8:0
1
0
-1
2
-2
14:0
5
-3
-2
5:0
1
-1
20:0
1
-1
4:0
1
-1
13:0
2:1
2:-1
4:0
1
-1
2:0
1
-1
2:0
3
-3
0
1
-1
2:1
-1
2:0
-1
4:0
5
-5
2:0
2
-2
0
3
-3
8:0
1
-1
0
2
-2
1
-1
2
0
-2
6:0
2
-2
3
-3
4
-3
-1
0
6
-6
9:0
1
-1
0
5
-5
2
-2
2:1
0
-2
3
-1
1
-3
2
2:-1
6:0
1
-1
6:0
4
-4
4:0
1
-1
0
1
0
-1
4
-4
1
0
-1
5:0
6
-6
3:0
1
-1
0
1
2
-3
1
-1
0
1
2:0
-1
15:0
1
-1
0
2
0
-2
1
-1
1
-1
0
6
-5
-1
6:0
2
-1
0
-1
0
3
-1
-2
1
2:0
-1
2:0
1
2
-3
7:0
1
-1
4:0
1
6
-7
17:0
2
-2
0
16
-16
0
1
0
5
-6
2:0
3
-3
0
3
0
-3
2:0
1
-1
2:1
-2
4:0
1
-1
6:0
3
-3
2
2:-1
4:0
8
-7
-1
0
4
-4
2:0
2
-2
2
-1
0
-1
1
-1
6:0
1
0
-1
0
1
-1
3:0
3
-3
0
2
2:-1
3:0
1
-1
0
1
end
