v1
810
297
272
15
135
24
281
205
52
317
171
279
35
51
263
237
58
56
22
127
19
701
6
59
258
295
104
36
179
113
61
239
265
30
26
72
46
214
331
24
111
101
334
212
122
167
160
476
105
747
166
114
111
277
72
447
194
63
79
150
46
93
183
104
166
204
197
106
104
171
169
123
30
109
394
100
442
339
69
57
587
222
241
134
193
206
220
37
213
68
121
235
77
226
113
394
275
16
549
227
34
345
59
50
10
15
145
300
6
56
12
33
6
19
13
43
2:19
77
2
3
14
7
127
118
82
74
40
19
14
45
5
35
30
3
35
19
55
245
447
173
120
225
451
73
314
33
6
116
284
54
121
141
20
65
101
41
87
172
204
229
129
72
7
202
17
14
85
214
33
13
2
153
0
229
41
52
371
43
42
13
7
175
9
541
258
301
288
110
62
56
60
51
66
71
100
130
1
75
50
215
505
241
277
33
4
51
131
15
25
6
80
74
54
19
102
5
2
5
8
147
40
283
96
14
339
270
2
36
45
20
77
107
415
37
175
70
129
42
1
74
12
6
198
124
38
100
54
47
61
127
18
2
88
153
59
5
20
3
196
2
151
83
13
88
41
75
251
252
67
25
31129
272
5
22
9
59
23
122
33
53
44
62
23
69
0
19
12
24
40
120
36
8
22
1042
178
92
19
71
116
68
43
285
3029
2211
2
326
1553
5140
8690
2126
12405
1623
8298
4451
14
8068
30
3687
3411
996
4177
2
5
1415
13
106829
16643
7716
25
26
47
9417
28772
3667
4
26
181
73
20
53
36
5
9635
45012
890
157
9
27
18
34
23
53
109
4
23
0
13
10
2
11
2
1
725
29
21130
3093
10208
8555
485
1183
539
334
133
56
665
681
288
1
9
5
25
15
46
105
31
36
4
52
39
9
1
30302
11943
56
28
41
547
386
36
15065
-476371
0
397
229
248
280
55
105
0
39
38
163
76
182
46
265
0
42
231
133
76
59
28
458
202
91
0
398
814
54
311
32
210
143
0
304
161
144
143
0
73
79
2:96
17
91
41
8
0
294
43
2
425
14
35
118
188
122
139
98
4
218
2
23
163
82
23
0
116
426
0
103
209
115
43
221
91
9
36
164
117
157
351
622
317
0
58
166
23
169
173
0
440
100
139
177
11
0
32
0
222
517
223
147
32
60
39
53
170
55
202
261
160
34
14
52
424
104
58
73
29
95
34
40
570
50
119
245
189
84
60
71
221
225
0
103
142
7
185
37
116
22
2:15
8
9
2:12
1
62
129
2
5
82
0
238
20
29
31
158
31
0
71
42
192
11
2
18
269
72
541
29
39
0
59
1
10
35
16
15
0
602
87
61
121
97
15
278
126
124
119
0
118
102
125
29
40
398
561
33
5
30
69
460
206
158
49
237
957
173
0
5
17
83
38
7
0
184
220
26
157
98
97
85
38
110
209
3
122
0
282
162
86
291
92
0
54
0
30
0
62
0
21
0
68
38
0
113
0
82
132
416
0
68
879
10
0
30
322
187
97
174
94
69
29
6
216
22
0
51
10
238
22
45
542
89
38
17
325
4
27
164
195
12
44
57
33
0
9
126
31
31381
4
64
156
105
28
49
130
0
62
0
19
22
0
35
69
1094
109
5
0
40
313
123
5846
1878
0
2751
2716
1815
0
1429
0
3687
11941
3703
6494
2603
1746
3
1301
838
4
0
1378
6
8085
2
1
2811
4320
474
1523
3153
16916
104456
1
3543
40476
9066
101
43
81
167
9
24
107
11010
44363
323
2
15
25
95
20
106
0
51
2:71
608
63
155
7827
16200
1178
6596
4438
9235
1147
532
4
0
1
4
27
15
0
7
49
7
38
26
21
0
4
9
132
16
31834
8269
0
295
0
867
1156
131
29
9
132
1410223800
399:0
1
409:0
18
-13
0
313
-288
26
78
-127
47
-50
1281
1792
-3059
262
-219
318
1679
-2052
-1
153
-154
248
-247
2
121
-124
258
-246
-12
0
85
-49
69
-104
1205
-1190
391
-230
-176
49
-33
7
-22
102
-45
-59
3
-1
101
17
-119
937
-464
-474
633
-553
-47
360
-218
-173
-2
61
-58
9632
-9632
58
-32
-27
168
-82
-88
26
227
-205
709
-657
137
-177
-11
-49
25
30
51
-54
-52
2
17
-5
104
-49
-68
-1
12
462
-116
-137
-203
243
-258
139
-55
121
-181
-25
157
-156
18
-18
48
-50
232
-192
-14
255
-266
45
-61
39
-21
10
26
10
0
18
294
-305
-68
17
-17
13
43
-21
124
-160
19
180
1785
-1923
-39
-6
99
-62
-29
129
108488
-108625
5172
-4944
-218
-13
31
68
-102
18
100
-65
-63
88
-90
415
-402
1397
-1408
14
-16
126
-125
49
-29
-2
224
-179
-50
391
-45
-357
86
-89
0
340
-322
-4
6
-20
320
-231
-89
81
121
-144
-57
86
-61
-25
2
108
9419
-8740
-719
791
-860
70
5
-65
21
-31
33
3
-25
71
-67
-15
2509
-2479
-29
243
-228
1
89
17831
-17937
88
-89
307
-291
0
50
16
-82
94
-93
531
-533
89
2137
-1715
2142
-2652
95
-96
56
-56
44
2517
-2506
557
14492
-14997
6234
-6325
10
75
93
-155
6919
-4849
-2107
614
-579
76
-113
24
-23
4028
-3985
-40
24
3972
-3999
2
108
-77
2454
-2441
70
-115
0
16
17
-22
248
-261
200
-163
7
174
-218
2
-2
135
1315
-691
-478
-280
47
3
321
-347
-22
40
-40
-2
152
8008
-7984
1939
-2004
-76
49
1103
580
-1710
-38
2756
-2776
22
136
-121
-34
50
701
14077
-14798
-5
101
-30
-9
-78
503
-478
66
60346
-60446
47
2269
-2304
-15
27
24
-50
108
12141
-12215
3
1621
6570
-8226
157
-89
-69
82
-72
115
-112
29
-22
455
-448
183
6
-203
-14
-1
56
-37
-6
8
13
-32
65
215
-282
2
36
93
-128
9
79
-89
0
10
9
2
-21
328
-327
15
0
253
-268
1485
-1432
49
-103
335
-322
13
147
-135
-27
-17
0
13
-1
-9
-3
1
-1
0
9
-7
9
-9
1
6
-7
0
7
-8
10
0
-3
-6
7
-6
-1
0
1
6
-7
9
-8
2:-1
2:0
-1
3
-1
0
-2
3
-1
-2
3
2:-1
1
0
1
-1
7
0
3
-8
-2
2:-1
1
2
-1
1
-3
13
-11
-1
1
0
1
-2
0
2
2:-1
0
-1
4
7
-10
2
0
6
-7
-2
2
-1
2:7
-12
-2
2:0
3
-2
0
9
-10
3:0
-1
8
2
-10
0
14
-13
0
9
3
1
-14
11
-9
2:-1
2
-2
16
-6
0
-1
-6
0
8
1
-9
8
-1
-10
2
1
-3
2:0
3
5
2
-8
2:1
-4
2:0
1
2
-1
1
8
-9
-2
14
-3
-9
2:0
-2
2:1
10
-10
0
1
7
-10
4
-3
14
-7
-8
3
-3
2:0
1
2
8
-10
1
-1
0
2
6
-6
6
-8
3
2:6
-6
-8
0
-1
12
-10
10
-11
8
-10
9
1
-7
0
-2
0
1
6
-5
7
-9
0
1
0
-1
0
1
0
8
5
-6
4
-12
2
-1
1
-2
2
7
-10
0
1
0
2
12
-14
0
1
3:0
-1
3:0
1
2:0
-2
0
3
-3
1
0
2
-2
1
0
1
-2
-1
3
10
-10
-3
8
-8
12
-11
0
-1
0
3
1
-2
6
0
4
-11
0
-1
2:0
9
-9
0
1
2:0
2
7
-10
1
2
-2
-1
0
1
6:0
1
0
13
-12
-1
10
-10
0
-1
0
15
-16
1
0
-1
0
1
0
-1
0
4
-4
0
2
-1
7
-8
3
-3
2
0
10
-2
-10
3
2:-1
2
-1
2
-3
11
2
-10
5
-8
0
7
-5
10
-13
13
-10
0
-1
8
3
0
-3
-8
0
12
-12
0
1
0
-1
0
-1
2:1
12
-4
2
-12
12
-10
5
-6
0
12
-2
-12
1
0
13
-11
0
-3
1
2:0
2
2:0
-3
12
-12
0
2
0
10
-10
10
-10
1
-2
5
-4
1
-1
4
-4
6
-4
2:-1
1
102
-103
2:0
2:13
-23
-3
4
-4
10
-10
0
8
-7
4
-5
0
1
8
-9
6
-5
1
-2
2:0
1
2
-2
2
-3
0
6
-6
2:0
2
3
-5
6
18
-24
21
-21
4
1
-5
0
2:1
0
2
-2
-1
4
-5
18
-18
0
1
7
-8
5
0
11
-11
-2
-3
2:1
-2
2
-2
0
2
-1
2
1
-4
1
-1
11
37
-34
-14
1
-1
2
38
-39
2
-3
0
1
-1
4
1
-5
4
7
-10
42
-42
-1
1
30
-22
2:-4
-1
13
15
2
-20
-9
1
0
-2
11
-8
7
-9
0
1
2:2
-2
0
-2
7
-9
39
1526
-1565
102
-67
-29
-1
4
-6
-2
1
6
-8
1
12
-13
11
-9
-2
1
6
-7
4
-4
13
-13
0
52
-41
-1
-3
2
-9
4
-4
2
-1
6
-7
1
0
25
-8
-17
-1
3
2
-5
8
-8
0
1
2
464
-413
-48
-6
1
2
7
-7
-3
3:0
1
5
0
-6
87
-81
-6
19
-16
5
-5
211
-210
2
-6
28
-26
1
0
-2
-1
5
-3
6
-8
16
2
-14
96
-100
6
-5
9
-10
0
25
-24
39
398
-406
103
-133
-2
7
5
2
322
-292
-44
39
-34
7
-11
-1
0
1
6
-7
8
254
-262
3
-3
1
135
-131
4
-8
-1
2
0
1
28
-30
1
2
0
50
-54
0
2
25
142
-158
3
-14
7
-7
9
-2
-7
7
-7
0
2
32
-34
29
-16
-8
-3
71
-45
-24
-3
267
-267
2
-3
4
-4
0
4
200
-204
1
7
8
3
-17
-1
0
17
906
-923
5
23
-28
0
2
-1
2
6
305
-311
-4
106
23
-120
-7
43
-45
31
-30
48
-49
6
-1
53
-56
14
-1
-13
-2
8
-5
2
-2
0
-2
1
13
-10
-4
0
12
-3
-10
0
4
2:-2
2:0
1
0
13
-13
4
-5
15
-13
261
-261
1
-2
2
-2
-1
31
-8
-23
7:0
2
0
-2
4:0
3
-3
0
1
-1
3:1
-3
0
16
-16
4:0
1
0
-1
8:0
1
0
-1
8:0
1
-1
9:0
2
2:-1
6:0
1
-1
3:0
1
-1
0
2:1
-2
0
1
0
-1
15:0
3
-3
4:0
1
4
-4
-1
10:0
1
-1
3
-3
0
1
-1
2:0
1
-1
15:0
3
-3
2:0
1
-1
5:0
3
-3
2:0
3
-3
1
-1
9:0
2
-2
3:0
3
-3
0
1
-1
0
3
-2
-1
1
0
-1
2:0
2
-2
2:0
2:1
-2
1
-1
4:0
1
-1
7:0
2
-1
1
-1
0
-1
3:0
2
-2
1
0
-1
2:0
3
-3
3:0
1
0
-1
0
1
0
-1
9:0
1
-1
5:0
3
-3
3:0
4
-4
4:0
1
-1
0
1
9
-10
4:0
1
-1
4:0
2
1
-3
14:0
2
-2
0
1
-1
3:0
3
-3
1
0
-1
5:0
1
-1
3:0
6
-6
4:0
13
-11
-2
6
-6
1
2
-3
1
-1
0
4
-4
4:0
1
-1
0
1
-1
3:0
6
3
-9
2:0
1
-1
0
1
-1
3:0
2
-1
2
-1
-2
3:0
3
-3
0
5
-5
2
-2
0
1
-1
5:0
2:1
-2
0
4
-4
0
1
0
4
-5
4:0
end
