v1
463
297
0
131
11
145
8
151
486
239
329
286
79
195
102
5
170
58
56
98
23
47
177
365
165
58
0
459
22
73
140
7
0
585
159
83
79
223
109
62
133
168
432
96
10
216
27
91
126
41
136
167
104
99
0
67
100
139
256
374
25
163
24
51
174
277
14
119
91
33
20
24
0
132
86
29
264
129
67
43
13
165
0
157
87
203
263
165
104
171
431
494
233
0
209
126
108
76
29
69
22
35
31
373
110
359
42
135
104
1
115
201
124
120
125
217
64
7
0
21
328
77
139
200
9
357
28
275
16
34
59
64
65
154
173
213
393
279
118
244
12
33
25
13
35
8
38
30
1
46
2
147
4
13
0
105
73
9
74
59
6
58
65
3
34
4
16
38
17
127
89
29
85
118
244
112
61
120
65
29
44
87
281
204
39
12
302
12
21
6
116
104
110
0
70
54
121
141
85
74
27
100
139
58
132
17
5
282
116
13
27
254
330
10
23
15
83
70
229
13
0
28
68
27
328
58
27
20
13
148
14
50
758
301
53
40
223
89
55
167
24
157
187
75
50
325
3
589
44
19
258
33
92
140
27
19
34
90
38
19
107
2
5
8
147
40
0
283
96
14
339
260
12
36
45
20
184
83
369
175
142
49
8
43
86
23
22
283
38
100
54
47
61
37
108
2
88
153
39
20
5
20
3
193
5
52
99
106
119
75
11
108
40
92
21
42
0
44
111
34
31493
5
2
20
9
204
4
29
97
85
69
19
3
1
80
58
0
54
36
8
22
12
1096
2:22
68
111
71
108
76
3357
2211
328
1553
3073
2067
2464
0
8352
1889
10516
793
5704
3424
4449
2
8082
9
3708
958
7
2446
13
2010
0
3150
2:2
3
108257
13098
3544
1
7716
25
73
4
9413
28772
2624
1025
22
33
130
44
0
73
20
53
36
5
11015
43632
731
9
150
60
97
7
2
15
12
18
45
12
146
16
27
13
10
2
11
728
20584
0
575
3093
1178
17585
1668
539
334
189
1101
366
166
2
8
26
21
1
44
14
122
9
7
1
18
5
86
5
9
1
40615
31
138
462
172
827
56
3
25
974
36
1410860400
462:0
1
3:0
10
57
-51
9
-21
28
2145
-2176
-1
56
53
-103
1838
-1758
-87
2
10
-7
-3
2
-3
0
4
-1
9
62
-72
0
175
-169
-9
2
0
186
-185
1
-3
4
-5
118
825
-941
57
-59
5
-3
1
-3
1
0
165
-163
-3
9
-6
-1
13
7
-20
308
-200
-71
229
-260
41
-41
-7
0
1
262
-260
0
-2
17
-6
-9
-1
0
-1
2
155
-80
-52
-23
22
-13
26
-36
0
75
-77
1
-2
59
-50
5
-12
17
-18
0
-1
2
3
175
-180
49
-37
-12
11
-6
-2
1557
-1559
0
5
0
-2
-4
15
-13
15
75
-81
76
-85
0
3
-4
13
4550
-4493
-19
43
-93
16
598
-465
-149
21
-23
2
-2
3
-3
9
-6
-2
53
-53
0
13
-9
199
-158
-33
-9
-4
76
-59
-13
10
-14
15
-11
-2
3
51
-54
-2
43
-42
10
-3
-6
0
-1
4
-2
-1
193
-190
62302
-62305
120
3176
-3274
-22
-1
0
4
2
1
-1
4
-11
25
-24
11
36
-45
-3
0
38
-5
-12
-21
6
18
-17
468
-469
3
7
51
-64
0
534
-534
-3
1
-1
1
0
32
-32
1
0
114
-67
-9
-40
0
7
-5
642
-624
-19
2053
-729
-1322
-3
2
-1
7
2
1
-9
-1
20
-21
19
-11
-2
1591
-1594
259
-256
16
15
19675
-19711
0
2
1
137
-123
-10
-6
46
-47
17
2522
-2134
-402
47
-39
-12
2781
-2761
0
-19
2
-2
18
27
6853
-6880
1783
-1802
0
24
-7
21
-36
4470
-4299
-162
1820
-1829
21
-23
2
68
-53
-16
-1
2:1
18
-18
-1
0
-1
1
894
-853
978
-1020
16
55
-52
12
-27
98
-76
-22
71
-71
12
-14
1
-1
58
419
-477
49
-51
2
0
2
11
5
-1
2:-9
66
-15
114
-140
-26
35
-34
0
862
-857
229
-173
88
-25
-89
309
-339
-6
163
-41
-62
-57
-3
1
2:0
20474
-20474
8
25
-24
-8
10
-9
335
-323
-7
35243
-35250
-1
97
58
-155
14
-11
0
860
-804
-59
17
6719
-6736
7
2:-1
727
-730
667
-574
-80
-12
64
-37
-14
53
-57
36
-31
23
-31
6
-3
-5
-6
0
8
0
-5
-3
8
-8
5
46
-26
287
-305
71
-78
1
2:-1
2:0
37
-37
6
-4
4
68
-69
-4
-1
389
-387
945
-944
-2
13
7
-5
-15
3
20
44
1
5:0
2
-2
2
-2
34
-34
2:0
1
-1
7
-5
-2
3:0
5
-3
-2
3:0
1
0
-1
0
7
-7
0
1
-1
6:0
2
0
-2
1
-1
1
-1
2:0
1
0
2
-3
5:0
1
-1
12
-7
-5
7:0
26
-26
3:0
1
-1
5:0
1
-1
0
1
0
-1
2:0
6
-6
2:0
4
-4
8:0
1
-1
0
3
-3
3:0
3
-2
0
-1
1
-1
0
2
-2
0
7
-6
-1
4:0
2
5
-7
18
-18
2:0
2:1
-2
5
-5
4:0
13
-13
0
7
-7
0
4
-4
16
-13
-2
0
-1
6
-5
-1
2:0
1
0
-1
0
5
-5
0
4
-4
1
-1
6:0
19
-19
697
-697
1
47
-43
-5
3:0
2:1
2:-1
0
1
-1
3:0
1
-1
4
-4
2
-2
0
8
-7
-1
6
-6
6
-2
-4
0
10
-10
3:0
1
-1
4:0
5
2
-6
-1
0
2
1
5
-7
-1
118
-58
-60
4:0
1
2:0
-1
1
-1
0
1
-1
70
-70
10
-10
6
-4
146
-147
2:0
-1
21
-20
-1
0
1
-1
2
87
-89
0
4
-3
-1
42
-37
-3
-2
0
2
-2
8
200
-204
28
-32
2:0
2
1
-3
138
-119
-16
7
-9
1
-2
0
6
-5
-1
9:0
41
-40
57
-58
1
6
-4
-3
0
7
-7
0
15
-12
-3
3:0
8
32
-40
6
-4
-2
0
2:1
4
-5
0
-1
2
6
0
-1
-7
1
-1
0
25
-25
7
-6
-1
4
2
31
-37
0
1
3
-4
5:0
103
-103
1
4
-4
-1
3
-3
1
-1
0
952
-952
2:0
7
-6
-1
1
3:0
-1
2
152
-154
2
-2
0
43
-43
18
-18
2
-2
0
7
-7
14
-8
10
-14
9
-11
1
2
-2
-1
0
2
-2
1
-1
4
-4
2:2
-3
1
-1
3
-4
2
-2
3:0
2
2:-1
0
1
5
-5
0
-1
37
-37
21
-21
2:1
2
-4
0
1
2
3
end
