v1
881
210
142
151
47
193
486
27
25
187
130
317
49
119
79
0
112
123
2
235
1
57
56
22
28
118
91
68
284
53
46
62
103
354
163
95
59
81
7
285
5
143
50
102
159
32
104
98
36
224
11
254
66
135
101
34
42
248
10
136
19
39
65
201
41
6
154
375
38
70
24
6
135
165
95
420
135
31
225
131
146
72
32
5
136
12
20
198
44
257
172
103
59
34
231
11
45
210
160
303
199
56
12
8
297
134
16
97
105
64
2:212
230
339
69
57
31
778
106
67
68
12
209
18
88
39
55
30
55
284
213
10
31
27
64
292
185
231
84
34
182
94
275
16
43
414
92
312
294
109
295
237
45
6
32
25
10
46
31
46
2
145
6
60
41
9
8
73
9
66
8
59
6
8
21
24
5
65
38
3
16
18
20
17
14
71
42
89
29
74
11
362
78
7
88
120
94
109
22
195
31
188
110
28
119
167
39
116
104
13
29
138
54
121
141
85
101
131
169
151
97
170
15
405
5
17
14
291
8
15
19
12
2:1
66
17
299
41
106
317
34
9
8
34
8
12
184
36
5
662
96
199
102
76
17
367
50
6
109
2
24
213
130
1
75
50
6
946
9
19
258
33
0
232
38
42
122
6
2:19
2
86
2
5
8
147
40
48
235
110
1
608
2
36
45
20
182
2
64
191
157
40
95
80
17
53
121
8
43
76
10
110
167
51
38
100
54
47
61
37
52
58
88
153
59
5
20
3
193
3
2
257
66
53
75
61
190
218
34
67
25
31
31375
22
9
12
31
165
29
53
44
37
48
69
19
84
58
54
36
8
22
1043
37
72
68
111
71
69
36
79
47
3310
2211
2
326
1553
2387
2753
7581
1109
2126
12405
3
790
6133
2174
821
4449
2
8082
7
2
2812
896
943
2471
10
474
509
1014
3163
2
1
4
1
1427
106829
13098
3544
1
7716
25
26
47
9417
32379
60
4
11
15
66
61
14
40
61
12
13
7
16
73
2:5
9630
45012
680
23
28
152
7
157
9
15
12
18
57
53
46
47
16
27
12
1
10
2
11
2
726
29
20
21110
3093
1178
9030
8752
1471
539
334
189
665
436
532
2
1
2
6
40
7
94
55
31
6
11
14
8
1
82
2:9
1
30302
1513
8831
138
244
218
650
291
58
84
974
36
-461361
201
45
287
189
192
455
14
42
18
26
134
51
31
33
281
174
96
85
211
95
296
324
199
109
0
42
266
235
40
170
423
42
107
279
45
178
151
0
646
73
331
2:94
6
16
289
33
31
0
10
85
438
121
50
60
74
0
8
0
979
127
166
131
124
8
12
158
110
31
111
122
350
146
59
70
12
386
208
692
8
15
250
87
93
36
303
113
688
94
138
56
227
76
133
14
134
281
22
9
229
239
260
40
8
121
167
24
64
270
14
326
428
15
62
2
219
21
0
100
233
352
65
54
58
30
145
2
119
211
23
19
58
68
7
2:8
26
59
131
7
9
61
41
71
142
0
5
20
93
15
18
403
127
283
596
70
121
341
0
206
43
35
307
429
231
6
139
58
149
102
21
293
322
299
363
233
346
208
564
169
104
0
142
118
611
131
17
75
98
40
142
79
278
3
22
100
35
76
25
134
12
185
0
39
6
15
332
9
33
12
74
3
17
52
0
38
2
124
52
29
14
10
309
274
0
20
66
191
133
171
279
115
307
100
71
5
193
0
83
145
88
254
0
208
63
408
224
5
71
56
0
4
101
13
419
7
0
12
139
83
67
168
48
31081
270
8
112
3
28
25
17
44
5
88
12
67
10
15
147
2
38
198
1068
227
203
0
404
4262
1303
2535
2094
0
4531
5116
0
7431
4917
830
2466
0
8258
839
5
1741
3530
8038
18
32
20
22
2783
1859
1514
920
998
4158
0
9
16914
110719
43285
2624
1148
52
14
114
11
61
19
11037
25036
0
19336
0
24
99
191
26
223
0
5
16
35
12
15
0
732
36
27
0
18795
0
18846
4729
0
3249
10
1696
2:19
1
46
14
65
18
4
87
20
54
40237
393
191
1090
398
7
69
348
581
14879
110
1410652200
499:0
1
380:0
12
-9
1
-1
22
145
-167
21
54
-46
-29
10
2822
-2818
0
-13
21
-22
8
0
37
9204
-9087
-111
7
-57
5
-6
509
-492
32
6
-27
-21
45
-52
114
1349
-1453
2:-5
11
113
-102
-22
18
714
-701
281
-312
0
161
-140
-8
-12
0
25
-8
232
-250
17
-9
2
120
-130
51
-21
-23
3
-10
2:0
24
1227
-705
-530
57
382
-454
407
-178
-215
13
-28
16
-4
-12
3612
-3585
-27
8
-7
0
2073
-2067
0
1
6
-13
6
-7
49
319
-36
-234
-88
-5
156
-151
340
-350
195
72
-237
45
-70
6
-2
-9
11
-11
13
-6
48
-49
9
21
-28
7
129
366
-505
82
-62
-16
-9
608
-601
-1
4
603
-582
34
-65
6
18001
-17913
64
21
-167
128
-83
-7
436
-469
-11
12
-13
29
-25
1
121
-130
0
21
34
1949
-1455
-543
44
29
-80
17
-1
82
50
223
-24
-340
22
-28
19
21
-41
9
13
-15
170
-136
-17
10
-25
0
41
159
-191
-18
55
-21
105
-123
417
-425
-8
112804
-104954
-7742
-108
2:0
19
29
-12
77
-15
574
-672
120
-120
1
83
29
-112
7
32
-25
-7
70
-78
0
388
-388
398
-397
6
14
538
-559
24
-18
-6
0
8
26
5
-12
-27
27
-27
461
-453
410
-412
16
-2
843
-847
5
512
898
-1430
-1
38576
-36907
-1589
-66
-14
12
-11
59
-20
0
-3
-8
12
66
2134
-2209
-32
0
2740
-2731
21
25
28522
-28571
-6
75
700
-747
-9
8
715
-729
65
73
9227
-9368
-4
-6
59
-59
174
-161
109
-87
10106
-10109
-32
20
-20
630
1170
-1517
17
28456
-28721
3672
-3707
14
24
664
-677
8314
-7408
-904
641
-655
136
789
-582
-328
-9
-19
22
-13
29
4062
-4094
-5
4
3464
-3383
267
-353
0
1
36
-5
573
-600
337
-235
34
-135
109
-17
1720
-1775
197
-220
-19
35
13
37
-75
7275
-7265
14
-11
602
-370
797
1635
-2426
-255
85
-82
84
3656
-3007
-743
26
-26
0
88
-39
1749
-1780
-17
5
-5
25
-26
5
-4
18
46
-65
6
29580
-29496
-82
-3
115
-29
-90
9
129
-105
387
-402
169
18447
-18621
2:124
-261
11
-5
-2
-4
14
12
4
7
-15
-23
51
7931
-7982
0
7
84
-91
35
-35
2502
2355
-4841
203
103
-194
-42
298
-383
216
-141
-32
-43
64
-58
296
76
-379
7
42
-48
40
113
-147
29
-30
249
-71
-172
18
-5
3
196
-120
-103
7
3
-10
110
-102
4
79
-91
0
25
16889
-16874
-30
834
-823
1402
-1424
8
230
-208
62
-83
-4
939
-583
-309
251
-250
-54
0
-2
1
-1
7
-6
1
4
-5
-1
0
2
-1
0
-1
2
-1
6
-7
1
4
-4
6
-6
2:0
6
-7
2
-1
2
4
-7
5
1
-6
1
0
4
-5
2
3
2
-5
0
-2
0
2
-1
5
1
-2
-4
4
-5
2
-2
1
0
-1
1
5
-5
0
5
-5
-1
7
-5
-1
1
-2
0
7
-5
-2
1
6
-7
6
2
-7
-1
7
-7
0
5
0
1
-5
1
0
2:-1
2
0
-2
2:0
1
-1
0
1
5
-5
5
0
-6
0
1
5
-4
-1
1
4
-4
-1
2:0
4
-3
-1
0
5
-6
2
-2
2:1
-2
6
-4
-2
8
-7
1
4
1
-6
2:0
3
0
-2
-1
0
4
-4
-1
5
1
-6
1
4
-5
4
-2
-1
0
1
3
-5
0
7
-6
0
1
0
2
1
2
3:0
-6
-1
2
-1
4
-5
1
2:0
1
-2
0
5
0
-3
-1
1
-2
7
-2
-5
6
-1
-5
1
0
1
-1
1
-2
0
6
-5
1
6
-7
-1
2:1
-1
0
1
-1
4
-5
1
5
-5
4
-4
0
-1
6
0
-5
1
-1
1
2:-1
2
4
-5
0
-1
8
-6
-1
2:0
5
-4
0
4
-6
2
4
-5
-1
2
3
-4
0
1
0
-1
4
-4
7
-1
0
-6
1
0
2:-1
2
-1
4
-4
3
4
-6
-1
0
4
1
-6
4
-3
1
-1
1
-2
1
-1
1
0
-1
1
0
1
-2
1
0
2
-3
3
-1
5
-7
0
1
4
0
-5
1
6
-7
5
-5
1
2:0
1
-1
1
2:-1
8
-3
-4
-1
7
-7
1
5:0
6
-1
-6
2
2:-1
6
-5
-1
1
0
1
-1
7:0
1
-1
3
-4
0
2
0
-2
1
4
-5
1
-1
2:1
3
-5
8
-8
6
1
-7
0
2
-1
1
3:0
2
2:-1
2
11
-13
0
4
89
-93
0
2:1
-2
0
1
10
3
-8
-5
2
-3
2:0
2
28
-30
6
-6
0
8
-8
6
-5
-1
0
1
-1
6
-6
1
-1
4
-4
4:0
4
-3
-1
0
3
-2
-1
0
1
-1
6
1
-7
1
-1
1
0
-1
3:0
3
-2
2:1
14
-17
22
-22
0
1
-1
3:0
57
-53
-4
2
-2
2:0
1
4:0
-1
3
-3
21
-18
3
-4
2:-1
1
9
-10
5
7
-7
-3
2:-1
2
-2
0
2
1
-3
1
0
6
-7
0
2:2
-4
1
4
-5
5
-5
19
-18
1
-2
43
-38
-3
-2
1
29
-23
38
-45
4
1
2:4
46
-58
0
6
-3
25
-24
-5
25
-25
2:0
21
-14
28
-35
8
-3
-4
0
-1
3
2
6
-10
1
2
-4
1
4
-5
0
2
-1
10
-11
1
4
-4
-1
5
-2
-1
-2
6
-4
-2
1
54
-55
0
1794
-1676
-102
-15
-1
0
2
3
2
-1
-4
4
-5
16
-17
2
1
12
-15
2
0
3
-5
25
-25
0
1
0
34
-35
0
8
14
-22
2
-2
2:0
1
2
3
-4
-2
2
-1
28
-28
12
-13
4
2:-2
6
-4
15
-12
-5
0
588
-523
-62
-2
-1
1
0
8
-7
0
4
-6
4
-4
70
-57
-13
0
32
-32
14
-11
256
-256
-3
2
56
-56
1
0
-2
1
4
-4
211
-213
1
0
17
-18
18
-18
6
-2
155
-150
-9
8
-8
4
23
-26
41
543
-572
121
-134
0
4
9
-9
351
-311
-35
33
-40
1
10
2
-15
2
-2
2
2:-1
304
-304
2
-1
144
-134
-2
-9
2
1
-3
8
27
-35
2
4
35
-36
0
11
173
-184
16
-19
-2
6
1
0
-2
-3
-1
5
-2
17
21
-42
33
-6
-27
3
-3
1
79
-55
-25
2
-2
0
2
19
183
-202
-1
6
-7
6
-6
0
1
2
0
-3
1
173
-173
0
1
0
9
-10
3
20
-23
0
2
14
2490
-2504
5
10
-18
1
-1
0
1
2
-1
2
-4
3
-3
5
304
-309
0
1
0
-1
5
-4
182
-99
-74
-10
7
51
-28
-27
-3
28
13
-39
-2
18
-16
14
6
-22
10
-7
-3
9
-9
0
6
-6
10
1
-9
4
-1
-2
2
-2
-3
4
-4
0
8
-7
1
20
-22
1
-1
6
16
-22
19
-16
252
-255
2:1
2:-1
2
-2
0
13
-4
11
-1
-19
5:0
1
-1
18:0
1
-1
0
1
-1
1
-1
2:0
1
-1
30:0
1
-1
12:0
1
-1
4:0
2
-2
11:0
1
-1
4:0
1
0
-1
6:0
1
-1
7:0
1
0
-1
11:0
2
2:-1
6:0
2
2:-1
0
3
-3
3:0
1
-1
2:0
1
-1
8:0
2
-2
2
-1
0
-1
17:0
1
-1
0
1
-1
15:0
1
-1
3:0
3
-3
0
1
-1
6:0
1
-1
0
1
-1
2:0
1
-1
2:0
3
-3
2
0
-2
2
-2
0
3
-3
2
0
-2
8:0
2
2:-1
1
-1
15:0
1
-1
12:0
1
-1
7:0
8
-8
2:0
2
-2
0
2
-2
3:0
1
0
-1
2:0
2
-2
2:0
1
-1
0
2:1
-2
6:0
1
-1
3:0
4
-4
15:0
2
-2
0
1
-1
5:0
1
-1
5:0
1
-1
3:0
end
