v1
627
278
19
287
79
80
16
427
43
52
115
72
394
102
105
14
51
13
77
392
70
6
56
22
146
13
164
44
0
321
0
62
103
612
140
7
10
96
194
285
74
64
21
136
26
305
27
195
136
84
51
22
79
324
10
194
16
6
21
97
45
81
41
79
57
8
29
333
65
2
339
71
85
20
25
354
156
31
35
82
62
46
149
128
4
68
185
262
194
63
136
139
13
18
62
85
157
211
79
41
34
243
110
275
146
285
329
165
278
0
164
112
138
8
24
37
20
36
33
57
175
201
135
362
177
12
92
262
44
11
91
278
145
15
53
4
64
23
5
744
186
69
139
275
16
43
0
50
64
55
164
173
312
294
59
50
288
215
15
14
12
33
6
32
37
6
2:4
11
19
0
17
14
46
2
3
14
117
13
3
82
37
82
12
62
45
2:14
21
29
65
41
54
17
0
82
45
118
440
7
78
2:92
13
18
420
329
314
33
6
38
78
184
17
83
175
141
85
101
41
198
58
3
151
67
69
146
129
281
17
14
222
77
10
38
153
229
41
309
394
10
40
145
613
301
83
10
312
55
167
24
157
56
42
40
49
75
50
200
532
229
0
19
37
221
33
226
6
27
11
6
126
38
19
107
7
8
147
40
2
46
25
210
57
39
14
334
5
272
36
45
20
182
2
8
219
180
8
37
175
70
121
8
43
66
2
18
26
29
222
51
38
100
54
47
61
127
18
2
88
58
95
0
59
5
20
3
93
11
89
3
2
33
118
83
23
313
40
0
41
4
47
46
17
21
168
77
31416
5
22
9
204
33
53
42
2
37
48
69
13
6
76
66
54
36
8
22
932
220
179
187
68
47
9
0
3301
2211
328
1553
5140
2464
2792
3434
2126
1127
3076
8202
3
790
5704
3424
1797
2652
2
14
11785
943
15
2453
13
5143
5
4
8
2
5
1
1427
106829
16642
1
7737
4
26
28
19
9417
32379
42
4
14
4
33
9
165
61
12
20
53
36
2:5
54642
740
41
102
7
60
97
36
18
57
1
145
13
3
40
2:4
0
4
11
728
29
82
114
0
20934
3093
1178
6596
2434
2004
6551
485
1183
539
334
189
665
0
436
366
166
2
3
4
18
31
55
24
41
60
17
23
91
4
0
6
31815
8191
609
31
600
0
999
125
929
4
159
14942
-476057
155
161
0
126
0
558
14
25
27
250
182
127
3
1457
176
1095
0
39
581
115
1584
287
1370
12
214
304
1223
262
362
949
1257
1116
1021
40
5
37
77
0
312
1261
1677
0
20
13
43
308
231
3
90
68
19
1134
221
738
503
874
1371
0
570
0
51
215
112
725
1374
232
717
384
62
94
216
524
164
1212
159
7
821
293
351
417
414
119
123
0
235
31763
383
0
1485
95
7955
2048
5234
21550
830
0
1211
19629
4685
2447
126522
1
53251
130
118
0
11128
44363
17
637
945
36245
6789
320
0
3815
26
80
79
95
30391
11116
581
0
1049
291
1410935400
499:0
1
126:0
2
5
9
-14
27
-27
1
1498
-1488
-11
19
-18
3
-3
1233
-1234
3
-2
-1
0
3215
-2240
-963
-1
-11
2
15
3
-12
-3
-2
27
-26
74
-70
-6
9
-2
85
-89
-3
1
-2
2
-3
194
-192
22
-21
243
-239
-6
40
-37
2
-4
25
-26
7
-8
2
762
-764
1
-1
105
-103
12
157
-159
-12
30
-30
3
236
-238
31
-31
62
-63
83
-80
513
-516
2
44
52
-95
25
-3
-15
-10
2:0
3
0
-1
46
-9
-38
1
38
-1
-38
932
-932
241
-223
-2
2:-7
548
-551
84
-81
53
0
-33
-23
21
237
-193
-57
51
-59
17
-16
96
-81
-10
24
-28
-2
0
1
9
-10
763
-70
-692
38
132
-148
104
-121
0
3
9
100
-109
8831
-8812
2
-26
17
-1
-17
-3
8
-2
2
-1
59
-34
-31
34
-23
-5
-1
2:-2
276
-251
-25
8
-2
-1
12
-14
0
20
148
-168
20
28
-48
128
-124
-6
38
-34
13
-15
2
20
-16
-6
-5
15
-11
-2
0
-2
40
-3
87
63453
-63491
9142
-9226
60
-58
1
0
3802
-3612
-187
1
680
-632
-28
-23
-5
2
-2
129
-128
4
-3
2
19
168
-186
153
-156
2
124
-107
-18
7
-8
-3
204
-164
-34
4
-10
1
3
25
-26
18
-21
0
6138
-5165
-913
-60
5
1
-1
8
1377
-1373
-10
-2
19
-22
27
-27
-2
1941
-1930
2907
-2910
28
39605
-39635
-3
1
4
2:1
30
161
-201
4
20
44
-67
42
-42
3491
-3491
4
-5
1
28
35
-60
9
2022
-2032
3
-5
4
251
-256
0
1007
-403
-504
9588
-9619
2886
-2954
5
53
71
-130
6
0
6297
-5395
-897
94
-78
-24
3
-3
85
-75
-13
5
85
-90
1
2
-1
-2
38
-38
4
8
1310
-1322
0
1148
-1112
-31
5
-5
33
-25
28
-41
16
24
-40
102
-86
-5
29
247
-229
-17
-34
3
2
-3
31
-19
-16
2
0
134
375
-459
-37
-20
0
37
511
-541
-7
275
-275
2:0
62
-5
-42
429
-441
33
-31
103
-100
-8
4
5
-1
95
16815
-16898
-20
29
45
-59
35
-42
343
-339
-12
23
29082
-29102
44
-45
-2
518
-517
22
-20
-3
42
76
-117
194
7274
-7467
30
-7
-14
15
419
-443
538
-359
-154
-7
-20
25
-23
78
-63
-17
2
-1
83
87
-167
441
-442
15
1
-7
73
-65
-20
12
-12
29
-26
26
-23
-5
34
-6
-18
-6
1650
-1642
13
-21
-5
0
150
-150
0
16
37
-53
31
2
-32
2
777
-775
4
-7
439
-436
1
66
-58
0
20
-33
6
-9
1
-1
3:0
1
0
-1
1
-1
1
2:0
-1
3:0
1
3:0
-1
1
-1
0
1
-1
1
-1
1
4:0
-1
1
-1
2:0
1
-1
0
1
-1
1
0
-1
1
-1
1
-1
1
-1
1
-1
5:0
1
2:0
-1
0
1
2:0
-1
1
12:0
-1
0
1
0
-1
0
1
5:0
-1
0
1
-1
0
1
2:0
-1
1
-1
0
1
2:0
-1
1
2:0
-1
0
1
0
-1
0
1
0
-1
2:0
1
0
3:1
-2
1
-1
0
1
0
-1
2
-2
2
-2
55
-54
-1
3:0
7
2
-7
2:-1
3:0
7
1
-8
6
-5
0
1
-2
2:0
6
-6
3:0
1
-1
1
-1
2:0
2
-2
0
3
-3
1
-1
4:0
3
4
-7
2:0
2:1
-2
1
-1
2:2
-4
0
3
-3
8
-8
1
-1
5
-5
12
-12
0
9
3
-12
2
-2
3
-3
0
1
3:0
-1
1
-1
0
2
6
-8
5
-5
5
-5
0
2
-2
4:0
8
-8
3
-3
3:0
2:1
-2
3:0
2
-2
1
-1
3:0
2
-2
1
4
-5
0
9
-7
0
-1
0
-1
2:0
2
7
-9
22
-22
2
-1
0
-1
4
-4
3
-2
10
-10
-1
2:0
2
-2
0
3
-1
19
-21
4
-4
2:0
1
-1
9
10
-18
3
-3
0
1
-1
0
3
-4
1
2:0
-1
1
0
-1
1
-1
3:0
2
0
22
951
-974
69
-70
11
-10
-1
2
5
-2
-4
0
-1
2
-2
1
0
-1
0
5
-4
0
-1
1
-1
17
-16
32
-32
0
11
-12
4:0
15
-10
-5
4
-2
-1
0
1
-2
4
-4
0
167
-118
-45
-4
2:1
0
1
-3
2:1
-2
2
-1
0
-1
1
66
-65
11
-12
0
139
-140
1
-1
3
-1
-2
0
25
-25
2:1
-2
1
4
-4
221
-222
3:0
7
-5
-2
1
70
-69
-2
0
2
2:-1
0
14
-8
4
216
-216
68
-78
0
5
0
-5
1
0
208
-176
-32
10
-11
0
2:1
8
-7
-3
0
9
-9
0
1
-1
0
6
-6
0
2
82
-84
0
35
-34
2:1
-3
4
-4
9
-9
2:1
-2
18
-17
1
8
50
-57
3
-6
1
2
-3
5
-1
-4
0
4
13
2:-3
-8
-3
2:0
37
-37
0
10
-10
2:0
5
-5
7
56
-63
1
3:0
-1
2
-2
0
1
99
-100
2:1
4
2:0
-6
1
3
-4
4
1236
-1239
2
-3
0
11
-11
0
1
-1
4
-4
0
6
176
-182
2
3
-5
0
38
-38
27
-25
17
-6
-13
1
-1
18
-10
-8
2:0
4
3
-2
-4
-1
1
0
1
-2
1
-1
3
-3
0
2:1
2
-2
1
2:-1
0
7
-6
-1
0
-1
0
2
-2
0
1
5
-6
8
-5
-3
0
151
-151
1
-1
22
-21
0
6
-6
1
3
-5
36:0
1
-1
12:0
1
-1
8:0
1
0
-1
9:0
1
0
-1
43:0
2
-2
0
1
-1
4:0
3
end
