v1
778
210
23
0
320
190
0
486
52
139
48
26
53
371
46
119
51
257
6
237
1
57
56
7
15
17
11
73
122
344
37
38
46
165
58
1
265
16
170
24
78
630
102
191
104
26
72
36
130
94
184
147
135
34
280
111
10
136
80
43
242
400
106
67
95
244
156
140
240
19
21
93
42
31
12
23
156
34
277
109
61
87
96
80
72
14
257
79
196
31
147
98
104
42
59
109
160
303
275
52
69
10
180
120
16
478
344
19
25
54
126
193
20
36
33
57
376
433
64
24
18
128
7
104
117
200
332
37
94
7
112
41
27
28
93
218
17
53
2
361
394
275
6
103
64
219
173
145
56
12
48
337
8
43
16
50
170
125
181
0
26
1
13
16
45
6
32
35
8
38
6
68
3
19
134
101
17
73
9
74
9
50
59
5
35
30
3
38
16
38
17
127
118
274
124
49
173
120
225
147
48
329
304
10
33
6
116
284
54
121
141
85
101
41
59
28
111
61
151
267
15
404
6
31
10
130
84
75
10
5
33
66
0
17
70
270
509
19
161
23
41
758
199
102
460
56
109
2
24
213
131
75
50
6
159
163
633
19
65
157
36
63
27
41
78
13
43
80
90
38
19
38
64
5
7
8
27
120
30
10
73
210
110
609
2
36
65
184
415
37
175
70
121
8
43
74
12
23
3
251
51
38
100
54
47
0
3
50
8
37
52
56
2:2
2:43
130
82
5
20
3
196
2
33
118
6
100
442
3
63
53
136
31493
5
22
9
59
145
4
82
2
42
24
61
69
19
3
73
8
58
54
36
8
22
932
111
7
80
22
68
87
24
60
11
43
0
141
47
3310
2211
328
1553
3073
2067
10816
1127
11278
3
790
830
5297
3001
925
3524
2
4
8038
40
9
2826
882
943
2481
474
4669
8
9
2
1433
4054
102775
16642
1
7716
1
0
24
26
47
9417
32421
0
18
4
26
18
119
117
20
14
75
5
11
55376
41
22
87
157
9
0
15
12
18
34
0
23
1
145
16
27
13
3:4
11
2
17
738
14
182
18640
2294
3093
1178
9030
7980
575
1668
454
85
334
0
189
665
802
166
2
14
1
19
22
145
4
31
17
23
35
9
47
4
6
31815
8191
477
163
87
287
1225
56
28
41
103
132
0
694
4
36
15
70
42
14938
-476242
62
287
82
107
207
61
14
365
56
10
168
82
179
151
478
91
76
109
96
1031
346
71
18
24
780
220
229
391
82
307
566
60
250
286
507
51
107
410
676
99
28
209
62
43
312
192
49
242
285
239
281
63
246
6
21
18
227
128
27
277
528
139
297
197
250
110
283
204
19
74
60
62
30
170
179
150
0
255
57
173
463
193
125
180
599
36
0
371
242
49
144
179
74
169
138
17
151
26
109
18
55
1
48
3
11
10
110
0
30
157
16
9
71
73
29
132
37
135
350
329
523
191
271
2
543
655
104
253
159
30
29
341
271
33
205
120
2
847
39
19
530
242
447
51
107
25
5
0
7
10
195
117
598
85
79
685
66
154
319
92
94
0
15
58
238
87
175
28
54
204
323
0
132
555
40
207
10
149
8
839
3
256
110
18
4
520
89
239
13
159
56
50
98
53
27
0
8
108
225
31507
140
51
33
18
122
58
99
8
197
1349
149
3440
2206
323
3943
24391
10685
13359
2
2812
10
3377
1916
1014
0
27
3119
121379
49548
2624
1080
4
5
0
52
73
101
27
104
11010
43632
731
219
111
75
121
46
56
9
2
741
7
63
35
37606
5422
120
247
933
1256
1694
2
3
26
21
59
83
3
10
15
133
40190
208
867
1481
412
15116
1410991200
499:0
1
277:0
3
5
-4
4
35
-6
92
-118
-8
17
-16
13
3
-12
3526
-3526
-3
40
59
-101
452
1214
-1461
-152
319
-161
-203
-2
-3
9
35
-35
15
-22
-2
-3
2
114
-111
50
-43
151
-85
-29
-45
182
-185
4
265
-267
197
-160
-31
-7
-1
23
-19
18
-21
314
-314
-1
20
-13
-6
21
-18
94
-85
-12
8
3
7
-19
1
0
321
-48
-216
-51
17
6
19
-48
223
-193
11
-38
2
-6
16
1069
-964
-121
5
-3
67
2366
-2434
-2
18
-17
50
-38
34
-33
-8
-2
3862
-3805
-61
91
-90
14
60
27
-95
102
-93
-15
2
19
-22
1
17
-18
13
-8
24
-12
4
59
-76
31
-25
-1
-6
5
450
347
-758
-46
59
-56
6
6832
-6841
0
32
-32
1
57
-59
110
-36
-64
-3
-4
0
-2
0
2
221
-204
2
192
-207
18
-15
20
65
-63
132
-84
-50
-17
3
480
-450
-45
1004
-923
0
27
795
-899
-1
0
14
13
-28
205
-201
-3
34
52
117
-169
-20
-15
178
-181
103886
-103883
10613
-10483
20
-136
45
134
-102
1184
1343
-2619
24
-24
1406
-1400
24
5
-32
-3
7
-2
4
-11
37
62
-93
136
-139
-1
77
7273
-6863
-480
18775
-18782
12
26
19
-59
87
-30
-51
-6
98
-94
7
13528
-11312
-2185
-37
15
-19
3
-3
225
-197
8
-35
1
5
-4
11
-7
2389
-2396
2548
-2529
-20
279
2381
-2643
11
-10
20228
-20243
68
-71
12
305
-312
15
123
-82
9035
-9092
140
-43
-88
27
2514
-2250
-297
10
-16
90
223
495
-766
167
49045
-49105
1
-47
-103
4184
-4184
5
73
-21
-45
137
-57
-79
32187
-31725
-472
553
-533
87
345
-432
-20
3
-5
24
-24
4
2718
-2724
3577
-3510
54
-118
69
-68
50
-50
647
-650
-1
20
109
-128
230
-219
98
-16
1209
-1070
-33
-198
5
147
-153
374
-325
-48
166
-167
4
-2
0
25
-14
183
-106
778
-346
-522
220
452
-662
1255
-1257
40
-43
5
129
-139
25
1649
-1667
-7
29
-29
98
-75
-17
-1
3
-9
10
-6
61229
-61112
-108
109
2429
-2430
-99
-19
0
436
-416
6
16719
-16744
-1
3
1076
-1076
1
-2
-3
18
0
279
7520
-7818
10
24
-35
4345
-2966
-1345
-3
-29
156
-52
-103
1
509
-485
-21
71
-46
18
-46
-4
221
6
-217
-4
5
259
-193
-71
12
-2
-13
31
-34
39
8
24
-66
0
-4
22
-6
577
1438
-2004
-27
19
-19
4
-3
0
55
-53
-3
4
1688
-1467
-180
1113
-1158
14
19
1138
-499
-671
213
-209
46
-43
25
-1
1
-33
31
21
-50
-3
1
42
-46
2
-1
1
-2
3:1
0
-2
0
1
-2
2
1
-1
0
2:-1
2:1
-1
2
-1
0
-2
2
-2
1
-1
1
-1
2
4:0
-1
1
-1
0
-1
1
2:0
-1
2
1
-2
1
3:0
1
-2
-1
2
-1
3:0
1
2:0
-1
0
1
0
-1
0
-1
3
-3
2:1
-1
1
5:0
-2
1
-1
2
-1
2:0
1
-2
2
0
2:-1
3:0
1
-1
0
2
2:0
-2
2:0
2
0
-2
3
-1
-2
1
-1
1
-1
0
1
0
1
-2
1
0
2
-2
-1
0
1
3:0
-1
1
-1
2
-2
0
1
0
-1
2:0
1
-1
1
-1
3:1
-1
-2
0
2:1
-2
1
-1
2
2:-1
1
0
2:1
0
-3
3:1
-1
0
-1
2:0
1
-1
2:0
1
-1
0
-1
2
-1
2:1
0
-2
1
0
-1
1
-1
3:0
-1
0
1
0
1
-1
1
-1
2
-2
2:0
1
0
-1
0
-1
0
2
-1
0
-1
3
-3
3:0
2:1
-2
3
-2
1
-2
2
-1
3:0
-1
0
1
0
-1
2
-1
1
-2
2
2:-1
0
3
-2
-1
0
1
2:0
1
-1
2
2:-1
1
0
-1
2
-1
-2
2
-1
1
2:-1
3:0
2
2:-1
1
3:0
1
0
4
-2
-3
8
-7
-1
1
0
83
-84
0
2
2:-1
13
0
-12
6
-7
5:0
1
11
-5
-6
2:0
-1
1
-1
6
-6
9
-7
-2
1
2
-3
4:0
3
0
-3
2:0
1
0
-1
12
-12
0
3
-2
0
1
-2
0
1
0
-1
3
-2
-1
2:0
13
-2
-11
0
4
-4
1
-1
25
-21
0
2:-2
2:0
1
-1
1
-1
2:1
13
-15
1
-1
0
5
-2
0
-3
2:0
14
-13
-1
10
-10
2:1
2:-1
0
2
2:-1
2
-2
0
4
-4
2
-2
0
3
-1
0
-2
1
-1
2
-2
0
7
22
-22
-7
5
-5
1
12
-13
2:0
1
0
53
-54
0
1
-1
1
2
0
-3
0
1
0
4
1
22
-27
-1
3
-2
-1
30
-24
4
-9
10
-8
26
-20
-9
18
-18
3
-1
15
-15
-1
1
-2
3
1
9
-13
0
4
2:2
-3
-5
2
39
-39
1333
-1334
93
-77
-12
-3
4
-1
-3
2
-3
2:0
-1
12
-11
0
6
-7
2:1
-2
2:0
9
-4
-3
36
-37
0
-1
12
4
-15
4
-5
0
3
11
-14
13
-11
1
-2
11
-12
1
386
-315
-66
-6
2:0
4
-4
2:0
2
-2
4:0
2
3
-4
81
-72
-10
0
23
-16
-5
-2
227
-227
5
2:-1
29
-31
2
-2
3
233
-235
11
-1
-10
1
122
-117
-8
2
-2
0
2
24
-22
27
389
-400
-1
-18
-1
113
-113
2:0
3
-3
0
9
-9
361
-328
-31
34
-35
5
-2
-1
-3
3
-3
7
-6
1
211
-211
223
-216
0
-8
1
-2
6
-6
26
-24
-2
3
27
-30
8
-7
4
13
93
-107
12
-15
-1
3:0
6
-6
11
-11
4
-3
0
2
1
2
17
-4
25
-44
7
59
-66
27
-26
1
2
-4
4
-2
9
150
-157
-4
5
0
-4
4
-4
3
-3
-1
2
-1
164
-163
-1
6
0
8
-13
-2
0
1
3
6
1678
-1688
2:0
14
-13
1
-1
1
-2
0
6
210
-216
4
-4
0
133
-90
-32
-1
-10
3
42
-45
0
19
-18
7
16
-17
8
-15
0
11
-1
-10
0
1
2
1
-4
4
-4
2
1
-3
1
8
-9
2:1
0
6
-6
8
-7
-1
-2
0
2
-2
2
-2
13
-12
0
-1
1
12
-9
186
-187
-1
-2
31
-31
0
12
-12
8
-7
7
-5
0
-3
12
10
-22
2:0
3
-3
1
-1
6:0
1
-1
0
1
-1
6:0
1
-1
0
1
-1
28:0
1
-1
10:0
1
-1
7:0
1
-1
7:0
1
-1
17:0
1
0
-1
15:0
2
-2
9:0
1
-1
5:0
1
-1
0
1
-1
3:0
1
2:0
-1
10:0
1
-1
7:0
4
-4
5:0
1
-1
0
1
-1
5:0
2
-2
13:0
1
-1
16:0
4
-4
20:0
1
-1
7:0
2:1
-2
4:0
1
-1
2:0
2
2:-1
2
-2
12:0
end
