v1
773
106
478
122
37
222
185
1
78
52
115
72
8
21
27
74
62
100
58
146
29
55
35
214
181
129
27
1
57
56
22
28
118
374
69
18
35
0
46
139
26
58
235
24
23
272
140
17
51
524
159
32
104
98
151
23
33
48
5
184
11
225
46
22
79
76
152
96
10
50
162
122
19
14
93
41
81
63
16
10
40
225
138
70
24
79
307
15
7
367
25
156
13
18
51
7
167
97
47
133
104
153
20
14
10
218
194
63
79
57
29
110
178
202
245
125
87
106
110
104
171
431
61
52
88
293
80
239
29
40
23
31
59
223
57
69
433
17
11
110
178
223
29
40
66
12
184
131
58
36
30
244
95
254
27
28
81
247
186
219
11
300
94
86
189
16
157
55
164
173
70
191
51
44
250
78
31
159
86
43
7
171
10
27
22
7
12
33
6
19
13
8
10
44
8
11
23
54
2
3
14
7
119
8
110
8
2
7
64
9
30
32
12
6
34
25
8
32
18
35
26
4
3
38
16
38
17
127
118
327
47
7
66
293
94
131
63
97
131
123
88
22
30
274
10
39
116
104
42
68
70
54
121
141
85
101
41
87
111
58
3
102
44
5
68
199
15
116
288
6
31
299
10
38
64
2
17
70
86
143
41
423
58
28
7
12
175
10
798
199
102
76
17
232
135
50
115
2
24
42
115
56
42
88
1
8
67
18
32
732
66
119
44
277
33
92
109
31
27
11
6
36
90
38
19
102
5
2
5
8
147
30
10
158
20
99
6
96
14
3
336
270
2
36
5
40
20
77
105
2
330
122
49
126
70
63
58
8
42
1
68
18
26
251
22
29
38
100
54
47
31
30
95
32
20
67
21
153
39
20
5
23
104
20
69
3
2
14
19
118
99
7
119
3
1
82
50
190
46
17
21
92
42
34
92
31129
277
22
9
16
27
16
145
4
29
53
2
5
7
30
37
48
69
19
8
28
40
21
45
54
36
8
22
932
111
37
72
45
23
111
71
105
77
2
47
9
3301
2211
328
1553
322
2751
691
1376
8690
2126
5018
431
6956
6497
2608
816
925
872
432
2220
2
4
8078
6
4
2825
882
958
1533
920
13
5144
6
1
9
2
5
1
1427
4054
19729
83046
16642
1
7741
73
9417
23244
0
9135
42
18
4
11
22
78
21
14
23
111
20
53
19
17
5
9635
1380
43632
781
82
10
17
157
7
2
15
12
18
57
53
92
17
27
12
1
2:4
2:2
11
2
1
725
43
6
4
109
20997
3093
10208
7980
575
403
907
358
539
334
189
417
248
436
532
2
3
4
18
28
2
1
3
41
50
23
24
4
3
1
2
3
26
6
10
15
9
32
34
16
2:9
1
30302
1513
9182
8
241
200
8
442
405
632
366
4
36
68
34
-461465
12
236
435
248
514
26
117
99
270
156
31
16
65
123
18
52
11
233
124
144
398
2:93
15
610
34
117
43
67
737
102
348
503
12
564
159
654
167
68
312
558
19
82
30
109
638
83
487
179
124
383
372
398
12
455
266
780
260
11
841
36
173
61
1099
126
286
370
469
642
1388
59
10
43
34
309
102
14
36
326
124
144
402
86
530
60
67
64
10
1461
531
358
331
295
97
401
439
27
386
117
928
389
1521
530
611
296
612
113
287
26
191
131
29
497
18
7
222
416
14
29
20
281
243
20
402
123
360
31636
15
103
219
124
34
132
1807
7728
5467
6932
5896
9747
1620
7065
4300
9439
34
2
8115
1014
27
4558
119940
1
53412
98
55480
80
324
173
116
792
29
25296
6596
10411
1063
3894
20
241
67
40414
444
1035
1218
1410069600
599:0
1
172:0
10
-4
-5
13
-9
257
-255
95
-89
-3
4
156
-162
-2
177
-171
-11
0
6
-1
-5
2719
-2713
-6
7
21
872
2412
-1179
-1983
-139
1
-7
-5
1
13
0
-6
-8
94
-78
-16
4
0
3
217
-215
9
95
-77
-33
8
1411
-1422
0
4
-1
277
-224
-3
-45
62
-65
5
-6
-1
51
149
-203
3
76
-78
4
-5
1474
-1469
-5
17
-9
-5
29
387
-406
-13
2:0
56
-43
-13
47
-42
1
56
-62
1
50
-51
3
478
-468
334
-231
-87
-24
88
-60
-15
-12
21
-19
14
-22
25
26
-35
-16
17
-10
13
472
103
-571
-20
11
61
-36
-40
9
-1
-8
75
-75
39
353
-362
-6
-24
4
6
1
-7
345
-349
19
-19
0
54
-54
5
1
-2
41
-37
-8
721
-702
-13
-6
18
168
-156
292
-311
146
-13
-135
-5
0
447
-443
116
-98
-26
72
-72
72
-62
-10
6
2
7
18
-28
25
37
-54
186
-143
-47
353
-353
0
-5
4
-3
3
32
-13
-12
0
-4
54
2
-67
42
-39
0
6
306
-306
-8
46
-47
0
8
2:-1
5
68
-75
444
-351
-63
-34
6
19
-15
167
-177
8
34
5
54
-93
29
-37
21
-20
5
-6
262
-258
0
87580
-80216
-7051
-317
3
-3
34
10
-10
263
-264
48
96
-170
-2
19
47
-71
0
11
-8
0
251
-238
11
-19
34
140
-153
145
-173
14
-4
0
-11
28
153
-177
-4
16
3
-16
11
3
5410
-5424
88
-87
69
-73
472
-465
22
114
-114
-23
13
-10
-9
379
7467
-7843
1623
-1622
94
-98
2:0
4
35
-4
-34
2:2
1
4
1
12
-23
2105
-2057
-40
215
-214
40
184
15891
-16118
1
-7
2:0
55
-32
275
-298
17
-11
7
-13
12
67
2
-75
1
856
-863
129
-129
241
-217
-9
6
1125
-1136
25
-35
61
-61
19
-6
2329
-2301
461
10966
-11375
-86
4113
-4114
8
208
-222
80
-70
-10
6508
-6238
1022
-1291
-1
11
-4
406
-412
5
-2
-3
35
-18
-10
-2
34
-30
2629
-2576
-40
-19
-4
0
4129
-4129
45
2333
-2273
-34
-71
14
-8
45
-34
1
-4
-10
218
-217
480
-480
44
137
233
-412
-7
14
27
-19
85
1756
-1610
-152
-101
0
42
219
1486
-1690
8
-62
-3
1
89
-70
-3
24
209
898
-941
-207
0
51
-11
50
1964
-2041
1419
-739
-684
-9
33
-24
-2
1
51
3661
-3716
16
-20
4
13
-10
91
-94
18
-18
-1
0
17
-12
21998
-21983
-16
26
-33
1
97
-47
129
306
12948
-12909
-511
0
5
21
39
472
-547
83
-87
0
4
61
-53
347
-345
-9
67
10614
-10661
-20
1
12
-18
0
1441
4951
-6378
16
-26
115
-14
74
-105
-70
201
-178
-18
2401
-2402
-2
0
110
427
-528
-9
-3
2
4
59
-65
22
-14
2
-3
95
-99
10
16
-19
-9
82
-86
13
25
-24
33
-18
-28
92
-64
-23
207
-197
-6
5
-5
7
12
30
-52
154
-161
132
-116
9
-18
51
-54
-4
3
245
-240
2213
-2185
-32
-4
10
-2
-3
-1
-4
4
20
37
3324
-1708
-1642
-22
-11
-1
0
2
-4
2
1
-1
-2
3
-1
-2
3
2:0
-3
2
-2
0
3
-3
2
1
0
-3
0
2
-2
2
-2
3
0
-3
0
4
-2
0
1
-1
1
-3
0
3
-1
0
1
-1
-2
0
3
-3
3
-1
-2
0
3
-1
1
-1
-2
0
3
0
-1
-2
3
0
-3
2
0
2
-1
0
-3
4
-4
0
2
0
-2
0
4
-1
0
-3
3
-3
0
2
-2
0
2
-2
0
2
-2
1
-1
3
-1
0
2
-3
1
-2
3:0
2
1
-3
0
4
-4
3:0
3
-1
1
-3
2
0
-1
2
-3
0
3
3:0
-1
2
-2
2:0
-2
4:0
3
-1
-2
0
4
-4
4
-4
3
0
-3
2
0
1
-3
4
-4
4
-4
4
2:-2
0
2
1
-3
3
-3
0
3
-3
3
1
2:0
2
-2
2:0
5
-2
-1
0
-2
6:0
1
-1
0
76
-76
2:0
1
0
11
2:-1
-10
3
-3
4:0
16
-16
10
-7
-3
3:0
3
-2
-1
9
-9
2:0
1
-1
4:0
1
2
-2
6
-7
3:0
5
-3
-2
2:0
1
-1
0
8
-8
4:0
1
2:0
-1
2:0
2
-2
0
1
-1
0
3
-3
0
5
-5
0
27
-27
5
-5
0
1
20
-18
-2
0
-1
0
2
0
2
-4
1
-1
0
3
-3
17
-13
-4
1
0
7
-8
2:0
2
-2
6
-6
1
9
-6
-3
-1
2
0
-2
2
-2
0
2
2:-1
1
-1
2
-2
0
2
-1
0
-1
0
1
-1
0
5
-4
32
-33
14
-12
-2
2:0
1
-1
2:2
-4
34
-34
4
-4
0
2:1
-2
3
-2
0
7
-8
5
6
-10
40
-41
0
1
-1
1
2
26
-24
-1
-2
2:-1
7
-7
18
-18
0
1
33
-34
0
6
-6
0
8
-8
2:1
-1
0
3
-2
0
-2
1
4
-2
10
-13
0
1
4
-2
-3
2
-2
2
2:-1
0
47
-47
2
1521
-1436
-72
-15
2:0
4
0
2
-3
4
-4
-3
1
-1
3
1
-4
0
2
2:-1
17
-17
1
2
5
16
-21
56
-59
0
1
7
-8
9
2
-9
-2
0
1
2
-2
-1
24
-24
18
-18
5
-5
1
2:0
19
-16
-4
2
-2
0
4
405
-408
58
-59
12
-11
0
-1
8
-6
4
-6
0
3
-3
1
0
7
-8
112
-101
-11
17
-15
7
-5
207
-211
5
-5
2:0
4
-4
26
-26
4
-3
2
-3
0
6
4
-9
-1
65
-65
18
-18
18
-15
-1
0
84
-84
4
-6
16
-16
3
-3
25
-20
36
379
-402
-18
126
-126
1
9
-10
10
2:-5
333
-292
7
-47
-1
2
-1
16
-17
7
-6
-1
3
2
-3
-2
3
-3
8
-8
4
-4
0
1
232
-233
0
133
-119
-10
-4
2
-1
5
-5
-1
4
-3
-1
0
39
-39
3
5
57
-65
0
3
-2
1
16
171
-179
-4
-6
0
2
-2
0
4
0
1
-5
0
8
-3
-4
2
40
-14
-17
-12
1
-1
5
-2
82
-85
2
21
-23
0
4
2
-5
-1
12
264
-275
1
-2
0
2
0
1
2:-1
1
-1
1
0
1
156
-158
1
4
-6
0
18
-13
22
-25
8
3
-13
0
1
5
1
11
-18
4:0
2
-1
2:0
4
0
305
-307
-3
0
1
-1
0
95
44
-134
3
-8
3
45
8
-53
-1
56
-55
-2
78
-78
2:0
5
13
-16
-3
7
-7
1
-1
1
3
-1
0
1
0
-4
2
6
-4
-2
7
-9
3
8
-10
0
4
-5
0
1
0
-1
0
2
-2
0
1
0
-1
1
-1
1
25
-24
2:-1
9
-9
0
1
20
-21
320
-319
0
-1
0
5
-5
1
-1
1
-1
2
26
2
-28
-2
36:0
1
-1
4:0
1
-1
1
-1
3:0
1
-1
6:0
2
-2
7:0
1
-1
4:0
1
-1
1
-1
10:0
1
-1
1
-1
0
1
-1
8:0
1
0
1
-2
8:0
1
-1
2:0
1
-1
3:0
1
-1
16:0
1
-1
3:0
5
-5
0
1
-1
2
-2
0
2
-2
6:0
1
-1
0
1
0
1
-2
4:0
1
end
