v1
666
297
206
240
486
191
48
130
138
347
88
53
47
126
62
5
171
38
2:19
37
7
15
28
99
19
120
422
77
6
8
15
2:59
170
33
137
111
102
140
17
369
206
159
55
69
12
26
0
178
29
16
109
15
154
26
271
101
137
91
70
26
10
129
7
10
48
307
269
221
0
16
67
244
166
85
399
21
135
31
58
30
109
28
97
180
72
37
115
33
20
56
20
166
29
43
185
36
43
196
93
85
202
158
8
43
161
110
0
83
110
255
20
207
224
113
169
212
270
172
126
156
57
69
57
376
138
56
2
343
67
61
19
354
55
0
30
66
0
59
214
235
46
28
93
235
77
457
68
208
106
169
16
93
119
164
173
99
82
131
294
104
5
86
60
24
2
304
27
15
14
6
39
6
32
38
5
12
25
1
30
1
46
2
3
11
127
2
7
1
103
15
28
45
7
2
1
65
8
45
14
6
11
47
65
38
3
34
20
17
14
231
85
354
8
78
7
88
4
116
94
112
19
160
66
55
243
28
2
6
278
33
6
116
28
62
56
68
70
54
121
35
106
85
87
14
100
31
0
169
151
50
17
30
170
15
129
281
31
58
241
15
33
66
87
229
41
309
114
85
1
7
12
161
14
50
758
279
22
93
176
191
50
6
111
24
42
115
56
37
5
89
75
18
247
110
395
12
176
9
44
8
11
258
33
92
27
67
46
6
0
38
36
90
38
19
107
2
5
8
147
198
125
110
609
2
36
45
20
151
33
36
259
120
37
175
133
58
8
43
86
204
73
51
38
100
54
47
61
24
13
108
90
153
59
5
20
3
104
89
5
33
217
7
102
17
136
58
18
1
19
2
74
194
42
34
77
15
31
31375
22
9
138
66
33
53
44
24
130
19
76
8
58
54
36
8
22
12
920
198
22
68
111
71
10
174
47
3310
2211
328
1553
979
2785
1376
2464
1433
3683
3236
12405
793
830
1664
6634
4449
2
4
10
8046
22
7
2
2822
886
943
15
1533
920
13
474
509
4160
8
9
2
5
1415
13
20
106809
16642
1
1735
5981
25
73
9417
32379
42
18
4
11
15
7
134
40
61
12
20
72
4
13
5
9635
45012
731
132
20
7
157
7
2
15
12
18
57
145
1
13
3
39
1
8
2:2
11
2
1
725
49
12
1
102
3506
17489
4271
3878
5152
0
8555
403
82
1183
539
334
189
665
968
2
3
4
2:1
5
3
8
9
5
13
4
0
3
55
36
2
39
10
4
31
2:3
30
4
12
29
41
4
5
9
1
30302
10077
267
600
172
50
624
122
31
59
25
41
299
284
346
4
36
55
-458758
428
275
269
235
533
233
1933
159
207
201
166
482
1037
86
658
115
174
664
415
390
1614
827
523
272
1670
7
300
191
419
1185
357
24
12
180
220
90
362
175
61
914
507
689
725
201
65
262
388
1364
394
712
1391
291
743
61
478
1774
654
255
723
153
544
393
92
334
261
31480
120
233
115
4
77
1230
392
151
5883
4629
5964
19327
10843
20746
3147
174996
6677
48645
576
52
832
42986
441
3963
60
92
6
87
4
75
42406
15786
159
1410538800
565:0
1
99:0
0
3
4
12
-17
74
-68
-6
5821
-5823
6
-3
2:1
9
1
-8
264
-266
167
-153
-17
219
486
-689
-16
9
1
-9
80
-78
361
-364
1
36
-37
84
-8
-63
12
-25
178
-174
3
-9
15
-7
0
-2
-4
-2
299
-251
-46
7
53
-62
3
2
-2
31
8
-38
3
32
-28
27
-32
-2
0
4
57
-36
-29
0
10
266
-267
71
-44
-31
-2
1353
-1354
112
-109
127
-113
14
-27
-3
14
52
-69
3
16
-17
-2
19
28
-42
261
-262
2
-6
0
4
0
4
22
-30
178
-15
-143
-18
-2
19
2
1144
-1159
-2
262
-254
194
-187
-13
2:-1
-2
1
11
-12
13
-11
0
40
-40
0
-1
24
-13
-9
-2
-1
3
6
-11
0
193
-189
166
-160
1
-11
0
28208
-28208
39
10
38
-84
5
55
-63
2
3
-5
12
-10
23
-10
-7
3
57
-55
60
-64
-7
19
-19
20
15
-33
7
-11
103
-22
-81
87
-87
15
-15
79
-77
651
-650
2
49
-47
31
-18
-20
57
951
-1003
-3
2
8
7
33
-24
-20
-5
63
-57
-9
41
-32
107
-112
-1
0
18
-14
-5
299
-296
2
-7
90014
-89999
4639
-4525
-43
-83
71
-70
16
12
-15
-4
15
-19
-9
19
-14
-1
0
-1
-3
0
16
-13
41
-37
-3
2
4
208
-116
-99
166
-166
23
6
1243
-1273
3
5
227
-234
6
-3
-6
40
122
-159
104
64
-169
-2
4
1
835
-835
-5
4
95
-97
-2
11761
-7589
-4170
1
-1
10
-7
-5
2
2:0
6
3
1
-10
-2
0
2:2
0
-1
10
-8
2980
-2956
291
-307
11
101
78905
-79028
54
186
-239
3
47
21
-17
-54
11488
-11486
2:0
126
1697
-1825
11
4102
-4092
-8
-14
10
135
-120
49
26576
-26633
2574
-2581
-10
26
32
-25
13168
-11168
-2031
2762
-2759
1
85
-93
4
49
-51
11
5
-15
2
13
-18
4
-4
2:3
1125
-1128
-3
0
9877
-9844
21
536
-569
-18
11
203
-217
8
129
-84
-49
48
-5
692
-724
486
-501
9
-1
2
44
-45
86
-93
15
6
686
-578
122
-8
-230
-13
57
-57
-2
3
870
33
-873
-19
-11
428
-388
1077
-1120
27
-13
3
-17
32
-32
38
-29
230
-237
14
72
-83
-3
0
11
3
34496
-34497
-12
31
-26
124
3653
-3752
-33
64
257
-230
17624
-17665
44
-74
198
-210
-1
-7
0
7
20
10
53
-90
2
38
9870
-9908
119
-119
4
432
3936
628
-4988
2
-10
243
-211
39
-73
147
-148
82
-75
293
-301
3
42
360
-396
220
-226
16
-18
-1
-2
3
31
-28
7
-5
0
-6
-2
3
205
-205
14
100
-83
-5
78
-100
-1
100
-101
-2
0
9
-12
0
24
-1
0
225
72
-320
0
2
0
5
79
-86
3
13
30
-46
151
-30
-117
28
-28
433
-431
-6
169
-169
7
-7
0
11
79
-77
136
-135
-14
27
-23
2
38
-44
1
13:0
-1
1
-1
1
0
-1
1
9:0
-1
0
1
3:0
-1
1
5:0
-1
1
0
-1
2:1
-2
1
2:0
-1
2
-1
6:0
1
-1
0
-1
1
10:0
-1
1
9:0
1
2:-1
2:1
-1
0
-1
1
3:0
1
0
2:1
-1
4
-5
1
74
-75
5:0
1
-1
8
-8
4
-3
0
1
-2
1
-1
16
-15
-1
2:0
7
-7
4:0
15
-14
1
-2
7
-7
3:0
1
0
-1
3:0
1
-1
0
2
-2
0
2
-2
2
6
-8
1
-1
1
3
-4
3:0
4
-4
9:0
26
-26
12
-12
1
-1
4
-4
2:0
23
-23
1
0
-1
0
4
-3
-1
2
2:-1
5:0
1
-1
10
-10
6
-6
0
2
-2
15
-15
0
8
-6
0
2:-1
2:0
1
-1
2:0
2
1
0
-3
3:0
1
-1
2
-2
5:0
29
-29
3
-1
0
-2
0
34
-34
0
1
32
-33
5:0
1
0
-1
1
-1
1
2
15
-16
-2
1
-1
5
-5
1
28
-28
0
-1
3:0
18
-18
13
-13
2:0
21
-21
0
6
-6
2
4
-6
6
3
-9
2:0
2:1
-2
2
2:-1
5
-5
0
6
-6
1
-1
1
-1
1
0
-1
53
-53
1
-1
1370
-1368
78
-71
-9
0
1
-1
6
-2
1
-4
0
3
-4
5
-5
2:0
2
-2
2:0
1
-1
2
0
1
0
-3
17
-17
28
-28
21
-17
15
-19
0
3
-3
0
3
-3
0
3
9
-12
20
-14
-6
0
2
0
6
-7
-1
0
5
-5
0
305
-205
-99
0
-1
2
-2
2:0
2
-2
3
2
-4
-1
3:0
1
0
-1
2
-1
116
-110
6
-11
6
-6
317
-319
3
27
-30
0
1
0
3
-4
140
-140
0
2
6
5
-13
1
104
-101
-1
-3
2
7
-8
20
418
-429
66
-76
1
-1
8
1
241
-209
-39
27
-28
2:2
-5
0
10
-9
-1
1
2
-3
4:0
1
-1
132
-132
2:0
86
-82
6
-10
2:0
3
16
-19
2
32
-31
-1
3
10
102
-115
16
-18
3:0
5
-2
4
-7
3
-2
4
14
-8
13
-24
0
3
-2
-1
0
53
-38
-13
0
-2
13
0
99
-112
1
-1
2:0
4
-4
3
-2
4
-5
2
1
-3
2:0
2
-2
164
-164
0
2
-2
13
-12
8
-9
2:1
9
1776
-1787
5
-4
12
-11
2:-1
0
2:1
2
-1
-3
0
3
267
-270
2:0
1
0
163
-108
-54
5
-7
2
17
-3
-16
35
-35
30
-29
31
-31
0
7
0
-8
0
11
-9
-2
3:0
4
-4
2:1
0
-2
2:0
12
-12
2:3
-4
3:0
-2
0
1
-1
0
2
0
-2
2
2:0
-2
4:0
3
-1
13
-15
2:0
16
-16
0
4
-4
1
0
84
-85
0
5
-4
-1
3:0
6
-6
13
-13
2:0
1
11
4
-16
3:0
1
-1
19:0
1
-1
5:0
1
-1
4:0
1
-1
16:0
1
-1
2:0
1
-1
0
1
-1
16:0
1
-1
1
-1
16:0
end
