v1
679
297
397
177
358
52
187
130
107
31
41
187
119
88
53
173
238
57
56
7
15
28
99
19
542
77
14
74
262
248
102
104
36
7
433
152
159
32
130
72
151
109
15
61
347
77
401
136
10
3
38
147
33
93
41
81
0
6
121
298
14
123
54
286
63
22
140
280
135
7
141
48
60
277
104
5
115
33
176
42
44
29
228
79
57
96
29
14
380
209
464
187
80
8
207
90
96
38
153
341
388
54
59
67
213
47
22
3
54
404
110
401
67
61
7
44
60
262
55
202
167
213
41
27
28
93
235
0
141
93
69
106
125
153
64
59
275
16
93
64
219
127
46
201
111
132
154
8
45
234
118
77
111
27
29
45
6
32
25
18
4
8
5
21
23
0
8
46
5
14
7
6
64
49
7
1
118
21
52
9
74
49
10
6
8
50
35
30
57
38
17
14
231
85
354
8
173
120
216
204
329
28
286
33
6
116
146
68
70
54
12
109
47
94
85
101
64
202
31
3
151
267
15
129
11
264
37
299
10
5
33
153
229
41
309
199
0
8
12
175
712
96
301
71
12
10
28
148
191
56
109
2
367
1
75
50
57
663
12
66
154
9
56
221
33
232
27
2:53
56
2:19
107
7
8
106
41
11
93
219
110
611
36
45
20
182
2
229
223
175
70
63
58
8
43
74
216
73
22
29
32
6
100
54
47
31
30
37
58
32
0
18
2
88
153
59
5
23
168
25
3
2
151
181
27
92
118
20
21
92
101
60
57
34
91
31402
5
10
12
9
12
31
12
4
140
80
8
17
30
0
24
61
69
19
8
68
66
54
36
8
22
932
220
68
111
71
105
79
56
3301
2211
328
1553
979
4161
2464
5116
3236
1500
10905
793
830
4874
423
3001
1797
2652
2
8082
2820
15
882
943
15
1533
920
13
983
4160
7
2:1
8
2
5
1
1414
13
106829
13098
1
3544
7716
25
73
9417
32379
8
34
4
14
4
33
9
226
12
1
19
21
9
23
19
17
5
9635
26416
18596
703
37
32
118
157
7
2
27
18
2
37
18
149
13
27
13
12
11
2
1
725
36
137
3497
17489
3093
1178
9030
8555
403
82
1183
873
189
665
968
2
3
11
20
22
58
17
21
25
59
6
11
19
4
91
9
1
30302
10344
772
513
283
31
84
766
204
4
104
-460941
683
38
3
33
124
84
447
323
193
167
278
239
530
1
281
719
784
13
497
535
226
81
777
431
198
242
23
318
375
441
75
71
221
417
368
208
82
138
1179
601
647
632
343
351
627
266
94
339
480
1445
24
295
207
23
136
65
387
4
128
32
41
73
106
88
363
322
7
302
221
121
203
140
274
659
265
13
78
36
230
882
238
1183
64
12
1557
141
42
224
171
247
794
8
106
178
50
12
84
10
90
126
553
545
270
421
48
63
167
232
123
145
66
1077
87
20
89
255
7
155
144
14
85
101
275
14
1
31575
66
33
43
21
95
195
190
1031
402
188
281
10193
9649
344
26142
11617
133655
53229
22
134
40
85
107
55373
480
12
85
14
13
33
772
76
120
43231
3963
66
45
54
158
40015
379
354
2
49
446
224
819
119
574
168
205
15
1410453600
499:0
1
178:0
1
7
-2
5
-10
231
-226
-5
2:0
45
4699
-4744
5
32
1562
-1313
554
-837
17
135
-142
1
-14
17
188
-94
-70
47
-22
14
-53
-10
95
41
-83
-67
1
-1
-3
271
-260
12
-16
1
73
-81
11
-12
6
8
-13
0
23
-15
0
16
-12
38
-50
12
-5
-7
4
296
-255
-11
29
-63
3
-3
374
-219
-147
144
-144
6
-10
2
179
-185
13
-2
-7
83
-66
-5
304
-321
5
206
-204
120
-1
-114
-7
1
2
1
23
220
-251
7
268
-276
18
-11
52
-58
8
0
-8
61
-42
-16
0
2:2
-7
14
236
-206
-45
6
1057
-1055
1
73
-81
13
-13
0
3
-3
413
-354
-48
-7
243
-233
-10
22325
-22320
1
-10
0
96
-91
-5
0
10
-2
-1
28
-30
21
0
-14
7
-2
-17
0
13
-5
2:-1
13
-19
26
-26
2:0
81
-76
58
-45
-1
-12
379
-275
-109
84
-75
56
-47
0
1258
-1266
-2
22
109
-112
-15
-12
95
-45
102
-99
-34
207
-221
103117
-103047
5745
-5698
-122
0
2:20
-40
59
-18
3
-34
123
-133
5
1
6
-12
4
97
-101
7
4
-7
62
-59
11
107
87
-167
1225
-1270
8
0
-8
8
-4
5
146
-81
-32
-26
129
-145
14
-14
10
-6
891
-530
9242
725
-10318
-9
7
1
-13
-1
6
-5
26
-26
39
-39
3
-3
0
2137
-2124
165
-113
117
-154
89061
-89086
0
21
135
-142
-13
10
118
-126
537
-539
73
-42
-32
-3
20
15452
-15136
-328
8
6
-22
148
-148
36
422
16858
-17266
0
3911
-3961
7
1
0
18
11
32
-30
15823
-14827
823
-1858
3
43
65
-111
3:0
21
-7
-14
35
-31
-4
0
1070
-1070
9
2134
-2143
52
395
-447
2:0
56
-32
-24
17
-13
106
1
-111
0
9
123
-127
548
-519
31
764
-785
117
-161
2:32
-35
70
-64
9
-27
97
-56
256
315
-609
14
-31
-3
3247
-3238
1087
-1017
-75
8
-3
596
-605
6
1916
-1919
103
3697
-3796
-2
59
-58
13
-13
-2
11
-11
0
-5
44
41222
-41259
1
-3
12
150
-157
-9
86
-13
246
-167
21847
-21982
-17
66
-66
0
448
-445
749
-653
22
-118
90
-70
-23
4
-4
14
10834
-10848
3
-3
0
3
4
1721
2130
-3854
12
188
-173
-31
10
75
-85
65
-55
293
-255
205
-244
-4
19
-19
-5
3
7
-7
-3
366
-361
2
-3
64
-45
44
-23
-26
92
-103
-2
-5
36
256
-118
-174
0
85
-85
0
20
54
-38
-30
366
-358
134
-143
0
-1
148
61
-214
368
-355
34
-44
-1
0
-2
2:0
2
-2
0
2
1
-3
0
3
-3
3
-3
4:0
2
7:0
1
-3
3
-1
0
1
0
-3
2
-2
2
2:-1
2
1
-3
2
1
-3
3
-1
-2
0
2
1
-3
3
0
-3
0
3
-3
3
-3
3:0
3
-3
4:0
2
0
-2
2:0
2:1
-2
0
2
1
-3
2
0
-2
3:0
3
-3
2
0
1
-1
1
-3
0
2
1
-3
2
0
-2
2
-2
2
1
0
-1
0
1
-1
-2
4
2:-2
2:0
2
-2
2:0
2:1
0
1
-1
1
-3
0
3
-3
0
2
0
-2
0
2
-2
2:0
1
-1
4
-4
2
-2
3
-3
3
0
-3
2
3:0
-2
2
1
0
-1
-2
0
3
-1
-2
3
-3
0
3
-1
-2
2
1
-1
0
-2
1
2:0
1
-1
2
-2
3:0
2
54
-56
0
1
-1
7
3
-10
5
-4
-1
0
17
-17
0
6
-6
0
8
-8
2
-1
0
8
-6
-3
1
-1
2:0
1
-1
2:0
5
-5
6:0
3
-2
0
-1
0
1
-1
4:0
2
-2
0
3
-3
2:0
16
-15
-1
1
-1
1
-1
1
21
-22
2
2:-1
2:0
3
1
-4
2:0
1
8
-9
2:0
2
-2
1
-1
18
-18
1
10
-11
1
-1
2
-2
0
4
-4
3:0
1
-1
4
-4
1
-1
2
-2
0
2
1
0
-3
6:0
29
-27
-2
2
-2
2:0
8
-8
3
-3
0
38
-38
3:0
2:1
2
-4
1
11
-12
4:0
3
-2
0
2
22
-25
1
-1
3:0
1
11
-2
-9
1
24
-20
-6
3
2
-4
1
2
10
-14
1
3
-4
1
0
-1
9
-3
-5
-1
1
38
-38
1304
-1305
74
-57
-17
0
2:3
-6
3
-3
2
0
6
-8
2:0
1
-1
0
6
-5
-1
1
0
6
-7
0
20
-3
-15
14
-16
2
0
-2
2
2:-1
12
5
-17
1
0
-1
4
-4
7
-5
7
-8
287
-179
-108
-1
2
1
-3
0
1
-1
3
-2
0
-1
0
1
-1
105
-99
6
-3
-8
-1
309
-309
0
2
16
-16
-2
1
3
-2
13
-15
10
-2
-7
-1
2
92
-91
-3
0
5
-5
9
-9
1
19
392
-397
-15
95
-95
3:0
2
-1
10
-2
297
-257
-28
-21
2
-1
5
-6
3:0
1
-1
0
3
-3
2:0
108
-108
2
101
-103
8
5
-13
6:0
1
19
-1
-19
0
3
26
-28
2
-1
14
39
-54
14
-15
3
-1
4
-4
-1
2
-3
2
14
-1
12
-27
6
-5
-1
52
-52
20
-17
-3
3
-3
14
-14
4
37
-41
0
2
-1
2:0
-1
2:1
0
-2
2
-2
0
4
165
-169
2:0
4
12
-15
-1
7
-7
2
7
1939
-1942
-6
4
-4
0
10
-10
0
3
2
-5
2
-2
0
1
-1
5
320
-325
1
-1
3:0
146
-86
-58
3
-2
11
-14
0
22
-22
32
-32
32
-28
0
-3
-1
7
-7
0
3
1
-4
0
1
0
-1
1
7
-4
5
-6
0
-2
3
-4
2
-1
1
-2
2:0
14
-14
2:0
16
-14
-2
81
-79
-2
3:0
8
6
-14
1
12
-13
5:0
1
-1
6:0
1
-1
28:0
1
-1
3:0
1
-1
8:0
1
-1
18:0
2
-2
3:0
1
-1
1
-1
4:0
1
-1
10:0
1
-1
5:0
1
-1
1
-1
0
2
-2
6:0
1
-1
0
1
-1
0
1
-1
0
1
-1
0
1
-1
1
-1
2:0
1
0
-1
3:0
2
-2
16:0
2
-2
12:0
end
