v1
851
49
128
33
87
206
240
27
195
15
144
105
27
25
139
14
34
8
21
13
10
240
204
119
24
117
47
3
123
3
207
27
1
57
0
19
37
7
15
26
39
62
19
5
93
61
62
275
22
24
68
97
58
1
265
16
103
29
38
12
77
13
5
135
56
384
152
89
70
32
23
107
0
72
121
139
16
179
136
24
111
101
90
138
96
10
103
91
22
118
45
81
41
36
124
228
185
70
165
260
105
269
25
156
9
22
51
37
137
14
263
104
2:5
56
78
9
20
24
174
11
33
137
57
63
232
43
37
56
62
23
157
290
125
197
106
255
20
431
16
74
23
275
106
85
127
176
1
53
59
104
143
21
12
36
33
57
85
319
110
178
117
64
128
42
7
410
11
2
28
129
115
95
238
16
24
3
28
93
235
77
64
264
11
53
341
147
128
16
15
197
67
218
6
46
255
57
44
242
8
59
45
5
288
3
4
152
29
27
29
12
33
6
19
13
12
26
5
4
21
1
9
3
6
17
7
1
46
5
14
117
16
1
13
105
68
5
9
62
12
40
5
2:14
45
5
65
3
35
19
55
82
45
23
95
47
38
189
173
31
47
215
82
143
160
35
31
55
172
71
28
14
105
0
115
4
48
6
27
6
116
15
89
180
54
121
35
106
85
74
27
41
53
6
28
111
58
3
146
5
68
29
21
78
71
15
0
129
27
248
37
10
289
10
5
31
2
83
52
18
8
221
41
423
85
0
8
5
7
0
185
49
136
102
253
162
96
232
69
46
37
10
127
125
60
111
94
15
2
24
42
40
75
56
10
27
72
21
1
75
18
0
32
30
264
31
318
89
66
98
65
31
246
33
30
62
84
10
40
2:6
38
36
90
0
38
19
38
64
5
2
5
8
147
40
48
12
57
41
17
108
18
78
14
339
171
101
36
45
20
77
107
64
181
2:85
37
39
136
70
63
58
8
2:43
24
19
15
47
215
22
1
28
38
98
2
54
32
15
3
28
30
35
26
34
32
20
2
86
153
1
58
5
20
3
104
69
20
3
2
33
105
13
106
119
86
74
33
1
40
92
63
0
37
16
45
15
42
34
67
24
31399
3
5
22
9
59
30
115
4
29
53
14
30
85
6
82
76
8
16
96
14
22
8
22
932
111
37
0
50
22
0
68
92
19
71
105
79
47
3310
2211
324
4
1553
3073
691
1376
5256
1002
1322
1
3235
12405
793
830
4874
423
6
0
2179
816
925
872
432
2220
2
14
8068
1
8
17
2804
5
882
943
15
1533
920
487
509
4168
9
2:2
3
1
1427
106605
224
0
13098
1
0
3543
1
1735
5981
25
26
9464
2665
29714
32
2
5
3
18
4
26
7
130
4
87
26
20
53
36
2:5
9630
26082
18930
731
9
150
97
22
38
9
15
9
3
18
5
52
1
52
93
16
18
9
12
1
12
11
2
1
29
696
7
42
105
65
6
7827
0
10813
2294
3093
1178
9030
7980
575
238
247
825
358
539
334
143
46
582
83
436
532
2
1
3:2
1
6
11
28
3
46
48
26
25
4
31
17
14
9
1
90
9
1
30302
1513
8831
87
355
158
172
36
791
56
28
41
32
160
9
25
703
4
36
15
89
14894
67
-476422
308
187
909
35
30
212
584
144
3
1053
862
723
146
165
704
436
114
496
0
41
321
477
729
148
520
201
1006
1245
378
0
397
1822
92
540
289
70
1038
172
408
64
1352
34
384
2:7
352
112
124
55
194
675
488
123
1563
70
68
752
374
5
773
1851
31
418
122
0
324
261
0
281
681
114
349
77
0
176
43
273
275
69
115
139
402
673
381
0
180
358
0
284
351
37
730
103
34
20
115
323
31449
31
156
52
145
210
40
1257
311
197
5837
2535
6625
25865
497
3497
3874
9444
0
7175
985
4158
0
132742
32657
9210
113
83
85
55513
290
11
139
104
16
46
32
738
41
35
0
67
0
45517
1725
0
66
5
268
40671
2740
15001
0
1410581400
699:0
1
150:0
2:2
3
13
-16
30
-32
2:1
6
17
-25
38
-38
2
936
-937
3
4
-5
-4
3
2251
-2070
-174
406
-399
-14
0
2
0
6
130
-10
-130
713
-708
12
-17
21
0
9
-13
-2
-12
1
448
-451
4
-4
1970
-1946
-23
188
-190
30
-28
20
-13
-3
14
-20
206
-206
41
36
-72
20
-25
37
-30
-1
12
-15
256
-259
171
29
-199
52
-15
-38
1
42
-23
-20
0
1
2:0
11
18
-30
48
-43
59
-64
2
2:-1
3
1
132
-135
51
-52
9
44
-52
442
-436
-4
-3
2:1
25
102
-127
-1
6
294
-301
10
17
-24
8
-11
2:2
-1
7
65
-39
-32
30
-34
3111
-2105
-989
-17
1
6
221
-229
8
-5
405
-365
-39
-2
0
9
63
-71
154
-148
-8
15
-8
5
-7
-5
0
1
2
9
5
-14
72
-72
-3
43
-44
11
-8
103
303
-406
3
7
5
-16
25
-26
373
-349
34
-53
3
-2
-3
4
-7
19334
-19332
-2
2
0
57
-47
-12
179
-151
-28
8
0
-4
-3
44
-43
46
-5
9
259
-310
6
2
-3
-1
-4
1
7
-4
3
-6
1
36
-35
84
31
-107
73
-84
75
-75
37
430
-467
44
-41
-3
10
-3
49
40
3
-73
-26
6
-4
19
-22
20
199
-197
-13
-9
34
-34
4
150
-147
30
-37
24
-19
6
477
-123
-365
1
15
-3
-13
1
67840
-67842
2602
5053
-7531
-119
-2
28
-3
10
-36
356
-342
-15
29
104
-132
0
47
-28
-7
112
-117
2:-4
91
-79
-12
0
137
3
-127
-12
18
-12
-7
180
-165
-14
227
67
-253
-42
16
-1
49
182
-234
-12
0
3
32
-29
0
-6
4
-4
3
0
2
106
-100
123
-89
-33
93
-105
8
-7
10
-7
154
642
-793
26
-24
-6
6
-1
-8
5
-4
9854
-9003
-849
-3
83
-72
62
-65
-8
9
-9
6
-5
115
-59
-6
9
-58
0
-2
0
31
27
-9
-27
-22
0
1968
-1964
-4
4
336
-335
23
62
12633
-12708
75
-89
1
0
-2
106
-105
20
286
-300
-4
150
-31
-107
56
-71
10305
-10262
-42
6
-3
56
-60
108
123
-212
-11
1725
-1708
-12
18
30
-58
1
8
-11
22
393
-2
-411
272
24470
-24738
73
-70
-9
3121
-3078
-43
3
-4
150
7101
-7068
-152
-7
6881
-6470
-272
275
-438
0
1
9
2666
-2673
-1
1
37
2:-20
2
1
-3
4
17
-15
0
-4
-2
0
3
-1
4170
-4173
5
-4
45
2649
-2603
33
-124
3
6
65
-65
18
-27
232
-205
-22
158
-151
-10
0
149
-151
1146
-1125
115
-132
-1
20
2:-10
11
-1
22
10
-9
-28
67
-20
-35
510
-299
-181
1346
-1210
-182
-2
32
-31
2:0
4
3477
-2848
-634
6
8
-15
5
0
-2
38
-41
10
-11
173
3215
-3388
68
-67
4
10
20
-27
102
-59
160
-211
4
6
-5
-3
3
30197
-30093
-77
-24
27
-29
134
-10
-70
-60
2
781
-676
-107
15
384
-394
31526
-31528
11
1145
-1158
74
-33
269
967
-1269
-8
0
1
3
0
72
-72
73
3684
-3761
-1
9
0
29
-18
535
-554
23
4549
-4573
2
-2
55
88
-114
8
-37
16
354
-328
-37
17
-20
377
-344
110
-117
-13
-11
-4
2
21
-21
-2
4:0
16
-14
-2
10
-10
162
-161
12
-13
64
67
-126
-6
43
-37
48
53
-4
-21
-66
-3
-9
8
-11
29
-20
52
-14
-44
-3
2
-2
10
67
-74
91
-66
-20
284
-285
3005
-3009
0
159
-160
-2
0
12
-12
391
-390
38
-23
2:-8
13
-9
2090
-2085
76
-47
-27
-9
3
-7
0
1
-1
1
0
-1
1
3:0
-1
0
1
-1
0
1
-1
5:0
1
3:0
-1
1
-1
0
1
2:0
-1
0
1
2:0
-1
1
-1
1
0
-1
1
-1
1
3:0
-1
1
-1
1
-1
1
3:0
-1
1
-1
1
-1
1
0
-1
0
1
0
-1
3:0
1
-1
1
2:0
-1
1
-1
7:0
1
2:0
-1
1
0
-1
1
-1
1
0
-1
0
1
0
-1
1
2:0
-1
1
3:0
-1
2:0
1
-1
2:0
1
-1
1
6:0
-1
1
-1
1
3:0
-1
7:0
1
3:0
-1
0
2
-1
2:1
-2
2
-2
3:0
5
-5
4
-4
0
5
-5
4:0
1
85
-86
0
1
-1
1
-1
0
1
-1
13
-1
-12
12
-10
4
-6
2:0
2
-2
1
-1
3:0
24
-24
11
-6
-5
1
-1
2:0
2
-2
0
3
-3
2
-2
0
6
-6
1
-1
1
2:0
1
-2
2:0
2
-2
0
9
-6
-3
0
4
-1
-3
1
-1
2:0
6
1
-7
2:0
13
-13
4:0
2
4
-6
5
-5
3
0
-3
28
-28
1
-1
2:0
2
2:-1
2:0
20
-20
2
4
-6
4
-4
2:0
3
-1
-2
2
-2
1
-1
12
-8
0
-4
2:0
9
-9
0
1
-1
4
-4
3:0
7
-7
6
-5
-1
2
0
-1
0
-1
0
1
0
-1
2
-2
3
-2
-1
2
-2
1
-1
7
-7
0
2:1
-2
0
11
-11
40
-40
3
-3
0
1
-1
1
-1
42
-42
2:0
1
32
-33
0
2
1
-3
2:0
1
0
4
-5
2
8
-5
34
-39
1
-1
2:0
1
-1
2
-2
3
-3
3
18
-19
-1
0
2
16
-18
20
-21
5
29
-34
9
-8
-1
4
-4
1
4
-1
-3
-1
0
2
-2
1
-1
11
-10
0
-1
5
-5
2
3
-5
6
-6
0
1
2
-3
53
-53
5:0
1597
-1597
4
82
-67
-19
1
3
-1
4
-6
7
-4
-3
6
-7
2:0
2:1
-2
20
-17
-3
0
2
-2
2:0
5
1
2:-2
-1
0
-1
33
-31
-2
0
57
-56
-1
9
-9
9
3
-8
-2
0
-2
0
3
0
-3
5:0
24
-23
19
-20
2:1
-2
1
0
2
-3
3
12
-13
1
-3
1
5
-5
2:0
-1
458
-412
-43
-1
4
-6
1
-1
0
2
-2
0
1
-1
6
0
-5
-1
3
-3
0
6
-4
-2
5
-5
0
102
-96
-5
-1
24
-24
8
-5
209
-207
-5
0
1
-1
0
3
-3
1
39
-39
0
1
0
2
8
-11
334
-335
0
2:1
10
-12
18
-7
-10
2
108
-104
-5
-2
14
-14
0
2
-2
1
25
-18
-7
43
422
-466
19
-17
-2
125
-124
-1
2:0
7
-6
11
-5
-7
315
-280
-33
44
-45
-1
1
2:3
-6
0
1
11
-11
-2
0
1
-1
2
5
-5
0
-2
2:0
2:1
274
-275
-1
0
1
124
-116
-1
-7
-1
6
-2
-4
9
-9
25
-24
-1
50
-47
-1
-2
16
-16
130
-126
11
-15
0
1
-1
1
4
0
5
-10
6
-1
-5
5
-2
11
28
-42
29
-10
-18
-1
7
-7
0
2
-2
84
-58
-26
1
0
-1
2:0
2
1
-1
0
-2
17
181
-198
7
-7
8
-8
1
2
3
-6
2
-2
0
2
2:-1
2
154
-156
2
-1
3
-4
17
0
-13
-2
0
9
16
-27
2:1
-1
2896
-2897
1
0
-1
0
1
3
34
-38
2:0
2
-2
0
2
0
6
290
-298
2:0
3
-3
8
77
-85
0
74
-73
-1
0
1
61
-62
14
-14
3
27
-4
-26
3
-3
25
-21
14
-15
-2
-1
4
-4
3
-3
5:0
2
2:-1
4
-4
7
-7
4
-4
16
-6
-7
-2
5
-6
8
5
-11
1
3:-1
3:0
3
-2
3
-4
1
-1
0
4
12
-16
0
15
-15
34
-32
366
-367
1
2
-4
0
2:1
-2
20
-20
5
-1
-4
3:0
2
5
20
-26
-1
1
0
-1
3:0
1
-1
1
-1
7:0
2
-2
5:0
1
-1
9:0
1
-1
13:0
2
-2
14:0
1
0
-1
39:0
1
-1
2:0
1
-1
9:0
1
0
-1
0
1
-1
0
1
-1
12:0
2
0
2:-1
5:0
end
