v1
468
439
145
159
79
302
105
191
48
52
395
133
35
376
5
170
39
19
56
22
28
48
70
177
365
165
58
459
22
73
140
7
585
159
162
332
15
180
271
135
290
10
216
19
8
0
91
45
122
136
167
270
100
395
399
156
7
42
33
174
52
225
14
243
44
52
0
80
86
29
228
127
0
105
43
93
85
39
118
146
407
165
104
171
431
494
0
442
339
0
69
57
31
373
0
110
359
42
81
158
317
124
245
288
21
93
235
416
118
153
27
96
275
50
123
56
9
154
173
213
99
294
279
118
7
0
70
138
0
29
12
33
6
32
35
5
0
2:3
42
23
1
46
149
3
1
118
73
9
74
14
0
45
6
54
39
30
3
38
16
182
118
85
2
360
173
120
94
131
281
243
12
302
33
6
116
104
110
124
61
60
141
144
15
27
239
61
129
0
17
5
282
32
84
13
281
17
14
299
10
5
33
153
229
13
28
68
413
27
33
148
0
14
808
199
102
93
176
47
89
55
56
109
0
2
368
75
237
138
569
0
67
19
29
0
229
12
113
84
0
83
17
36
90
19
0
2:19
107
7
8
147
40
283
96
14
339
272
77
4
20
184
64
19
277
0
92
175
191
8
42
1
86
45
283
38
100
54
47
61
35
2
58
50
2
88
153
59
5
20
3
104
89
3
2
33
224
119
75
11
148
45
110
38
151
92
31401
5
22
9
43
46
115
4
29
53
44
154
19
3
1
72
8
58
54
36
30
12
920
220
68
111
71
46
62
76
3357
2211
328
1553
2725
348
2067
2464
0
8352
4203
0
6619
1583
793
5704
2608
816
4449
2
4
8078
7
0
2
2826
882
958
7
1526
920
13
474
509
1014
0
3165
5
121355
3544
1
7741
73
4
9413
32379
42
22
33
130
44
61
12
13
7
89
5
11015
0
43632
740
150
112
45
7
2
27
18
45
12
1
145
16
2
0
25
12
1
4
0
6
2:1
67
734
111
3497
17489
3093
1178
9030
8555
1668
539
523
1101
366
0
123
44
1
25
9
18
4
39
5
14
83
4
35
3
6
26
5
82
4
5
9
1
40346
300
138
462
172
0
827
56
368
634
36
14998
2044
1410865200
467:0
6
-1
21
-26
3
152
-153
10
-10
-2
2
1776
-1709
18
-84
-2
773
-688
-82
56
-60
13
-8
-2
2
-5
5
-3
5
71
-76
135
-127
-6
189
-192
3
399
-398
2:-1
8
-10
2:0
129
-128
2
-2
1
3
-4
12
-12
1
13
-13
-2
351
-351
113
-80
85
-115
-3
2:0
192
-188
-4
2:0
55
-54
-2
4
2
-1
4
80
-86
2:1
18
-21
0
101
-53
2
-41
24
2
-36
2:0
2
1
-2
69
-53
-18
15
-14
405
-401
-1
-4
1
0
4
48
-46
-4
0
-3
2
15
4015
-3967
-60
45
59
-96
-11
0
25
-24
-1
0
679
-526
-154
38
-39
1
0
10
-11
2
2:-1
8
-7
0
66
-51
-12
210
-146
-67
0
16
-11
-5
23
88
-96
-2
-14
0
47
-46
2
78
-70
7
-16
4
-3
375
-369
58152
-58152
3821
-3772
-56
3
11
-16
10
18
-28
0
12
-12
7
-6
0
1
-2
11
-10
69
-51
-14
2:1
64
-66
-2
139
-136
63
-67
797
-797
-2
2
31
-32
0
1
103
-104
54
11
-50
-16
6
-3
0
-2
0
662
2646
-1450
-1670
-189
1
0
9
-7
-2
0
23
-5
-19
2
0
-2
5
1
-1
-4
0
1838
-1824
352
-347
29
24499
-24542
-5
8
186
-174
-18
-2
1
17
2178
-2190
109
-115
0
36
-7
-29
900
-899
5
13
-11
42
-36
33
8547
-8548
1842
-1886
-3
5
16
25
-34
-2
5020
-4827
-197
1727
-1733
5
22
-9
-15
19
-10
-9
-3
2
-1
1
-1
652
-652
3
872
-856
98
-118
6
18
16
-35
-4
111
-110
57
-54
2
8
-15
17
26
566
-536
-73
6
-1
12
15
-19
-13
2
-1
66
35
732
-799
-28
-7
35
-34
0
516
-516
2:0
118
-58
-61
5
75
-49
414
-445
3
-2
0
3
-2
277
-86
-132
-51
-2
-6
-1
2
0
-1
27065
-27055
-7
-4
14
272
-72
-201
36768
-36781
18
156
-173
18
-18
8
781
-787
70
-71
6992
-6994
-1
6
-4
1025
-1020
412
-315
-92
64
-48
11
-7
-22
11
35
-55
0
14
-14
118
-119
2:1
0
6
-3
-5
2:0
14
-6
5
-8
-3
16
-17
18
-10
2
-7
-2
-1
71
-71
1
-1
51
-52
2:0
1
-1
30
-24
-6
4
131
-131
-3
16
-8
408
-417
1200
-1199
3:0
60
-61
0
2
40
-41
0
2
-1
1
-1
0
1
-1
1
-1
2:0
32
-32
3:0
6
-3
-2
0
-1
2:0
7
-5
-2
5:0
6
-5
0
-1
2:0
1
-1
0
2
-2
3:0
1
-1
3:0
1
-1
6:0
14
-14
7
-7
5:0
22
-22
4:0
1
-1
4:0
1
0
-1
0
2
-2
0
10
-7
0
-3
2
-2
1
0
-1
0
2
-2
0
4
-4
2
-2
1
-1
4:0
2
7
-9
4:0
1
8
-9
0
21
-20
-1
6:0
1
2
-3
9
-9
7:0
13
-13
0
7
-2
-5
16
-13
-3
0
2:2
-4
1
7
-7
-1
2:0
5
-5
0
7
-6
0
-1
2:0
32
-32
738
-738
51
-45
-6
1
2
-3
1
2
-3
0
3
-3
2
-2
0
1
-1
1
-1
0
1
-1
1
-1
9
-8
0
7
-4
-3
-1
10
-10
5:0
1
2
-3
7
-2
-4
-1
1
3
-3
-1
0
5
120
-60
-65
3:0
1
-1
2:0
3
-3
3:0
1
-1
1
0
-1
0
80
-78
8
-5
-3
183
-184
0
-1
19
-19
3:0
2
72
-74
3:0
3
-3
0
50
-50
0
1
-1
4
-4
9
204
-209
34
-38
2:0
1
0
2
1
145
-129
-18
7
-9
2
-2
2
-1
4
-4
-1
5:0
52
-52
0
67
-66
6
-7
0
4
-4
2:0
9
-9
13
-13
0
1
0
1
12
33
-40
-6
2:0
1
2
-1
-3
2:0
2:3
8
0
-14
0
2
-2
0
19
-19
2:0
4
-1
-3
0
4
3
37
-44
0
1
0
1
-2
3
-2
-1
0
1
0
-1
3:0
88
-88
1
-1
4
-3
3
-3
886
-887
2
4
-6
2:0
1
0
-1
1
0
155
-156
0
1
-1
43
-43
24
-23
4
-4
6
-6
8
-9
6
10
-16
0
2
-2
7
-7
0
1
-1
1
-1
3:0
1
-1
3
-1
-2
3
-3
8
-8
1
0
-1
0
1
-1
2
-2
6:0
2
-2
0
1
6
-7
0
2
-2
26
-26
27
-27
3:0
6
-6
0
1
6
-7
0
end
