v1
499
297
287
110
49
79
0
407
31
21
139
14
34
496
66
53
14
595
56
7
14
1
28
118
374
168
12
153
58
1
170
383
157
275
2
298
130
29
130
6
26
72
15
245
62
404
101
417
53
10
314
41
160
413
100
83
0
95
61
108
48
420
135
256
277
109
61
13
74
20
156
86
50
144
63
79
289
62
23
188
14
166
14
493
104
163
8
121
176
96
38
282
181
31
357
31
54
61
173
10
95
69
10
47
404
511
135
221
18
463
88
87
151
43
2
26
93
235
416
8
280
0
106
147
128
16
122
90
258
79
92
514
59
50
273
203
27
13
16
12
39
32
25
15
64
8
46
2
3
14
7
70
57
24
0
57
37
82
12
0
62
59
6
50
8
65
3
54
55
127
203
362
78
95
120
94
16
106
9
90
434
304
10
39
116
146
192
121
141
118
41
27
100
0
28
111
61
151
282
129
27
0
254
20
11
276
23
10
5
33
153
229
41
68
441
26
880
96
301
83
10
176
136
55
56
109
2
24
48
109
56
42
11
78
8
67
18
0
247
440
102
41
0
119
44
48
241
21
30
62
84
10
46
44
164
19
107
7
8
147
11
29
277
6
96
14
611
36
45
0
20
184
418
34
175
191
8
43
86
29
79
41
55
73
51
38
100
54
47
61
37
108
2
88
122
31
39
20
5
20
3
93
105
247
10
119
3
72
204
47
21
197
34
67
24
1
31406
22
9
43
16
145
4
0
29
53
44
30
55
0
88
36
40
1
65
54
8
28
8
22
932
54
64
102
179
71
184
47
9
5
3296
1897
314
328
1553
5140
2464
0
6210
2142
9942
2463
3
790
5704
3424
925
872
1267
1385
2
4
10
8028
49
2821
5
882
943
15
2453
13
474
0
511
1012
3147
8
10
5
1
1427
106829
16642
1
7741
73
9417
32295
15
0
69
42
22
11
10
146
40
61
12
20
16
56
17
5
54647
692
89
109
157
7
2
15
30
34
11
12
146
16
27
11
0
2
3
0
9
11
2
0
726
29
14
130
7877
13109
4271
9030
7980
575
238
0
1430
873
189
665
436
366
168
1
2
22
9
18
3
1
58
38
49
35
40
41
3
47
4
5
1
30302
10244
69
31
600
22
294
0
334
5
186
169
45
28
41
103
318
508
4
36
15065
1977
9735
1
1411994400
498:0
4
0
-3
18
-17
-1
2:1
12
-6
-2
0
-2
6
2441
-2434
108
84
-209
1
12
300
-301
14
-23
47
-2
-49
12
-10
-1
1
5
-7
151
-146
1
-6
18
-12
16
-21
180
-160
-11
-8
47
694
-679
-63
40
-11
-18
-9
-2
0
61
-58
77
-76
3
26
303
-228
-90
525
-521
10
-33
9
21
-17
-4
0
197
1876
-2082
7
-7
34
-33
2
101
-102
-1
161
-160
5
-6
92
-22
-71
1
0
1
110
-107
-5
2:2
10
-11
78
-81
2
2:1
3
-5
5
-4
-2
1
0
145
-144
-1
0
8
-9
0
68
-69
28
68
-95
3
-2
275
-259
47
-63
5
-5
4
-4
0
-2
2
5
20
-27
4
-2
0
8
-8
0
7
36
-42
83
-85
0
2
9
219
-230
0
20
-4
-15
0
3
182
-177
-9
0
6
21
-11
-15
15
46
-59
3
-7
2
-2
136
-136
67257
-63805
-3398
-50
3
-1
27
-33
6
9
-14
0
8
-7
-2
9
19
-24
-3
0
3
-1
17
-19
28
-23
-5
31
51
1
1020
-1104
0
5
-5
32
-3
41
-45
-7
-11
264
-234
4
3
-42
113
-115
0
3
-3
5072
-5071
1833
-1833
2:0
20
-21
1
0
3
0
-4
2:3
-4
-2
0
1
-1
1
1288
-1267
45
-62
70
37591
-37646
-18
0
2
4
192
-156
39
-82
0
18
2998
-3017
26
55
-61
894
-904
-4
-6
2:0
6
26
24
-54
57
7061
-7105
1824
-1838
23
16
-15
-25
8
-6
8493
-8411
-74
1586
-1593
2:-1
14
-14
1
-1
62
-49
-11
10
668
-681
7
-6
895
-850
66
-108
-4
1
2:0
2
17
57
-68
-8
0
63
-61
5
-5
6
40
-48
412
-397
82
-93
-3
2:0
21
3
-5
-3
-15
-2
231
-230
30
369
-315
-56
-29
0
3
3904
-3908
162
-160
68
-68
131
-122
-9
126
-120
271
-278
4
-5
4
-2
0
10
-5
27
-23
0
-10
0
-1
0
17
-6
23788
-23789
-8
4
53
-53
26
263
-282
8092
-8095
-9
0
-1
19
94
-111
71
-71
-2
21
-8
240
-253
9
35
6904
-6943
-4
-1
38
78
-113
-3
0
11
-11
84
-64
-17
25
-27
2:0
13
-12
-2
67
-56
0
1
-10
-2
4
12
-16
8
-4
4
-6
333
-333
-1
8
-9
34
-30
10
70
-45
-33
-2
-4
0
8
-8
48
-17
-27
-3
23
-3
-21
21
-14
1025
-1029
71
-55
-3
-4
270
-279
26
-28
2:0
29
153
-181
-2
3108
-3104
140
-131
-10
-1
30
-14
-17
249
-231
1
7:0
2
-2
0
1
-1
0
39
-39
2:3
-5
-1
8
-5
-3
2:1
-2
5
-5
6:0
9
-9
2:0
1
0
-1
6:0
1
-1
0
5
-5
1
-1
2:0
8
-8
3:0
1
18
-15
-2
2:-1
1
-1
1
10
-11
5:0
3
-3
3
-3
0
3
-3
0
6
-6
2:0
3
-3
4:0
7
-7
2:0
2:1
-2
4
-4
1
-1
8:0
1
2:0
-1
3:0
11
-11
4
-3
-1
2:0
2
-2
23
-23
2:0
2
2:-1
2:0
2
9
-11
1
-1
0
9
-9
0
1
0
-1
12
-12
2:0
2
19
-21
0
2
0
3
-5
3
0
-2
-1
2
-2
1
4
-5
4
-4
1
-1
3:0
23
-23
759
-713
-40
-6
0
3
-2
-1
0
3
-3
3:0
1
0
2:1
-2
0
1
-2
4
-4
6
-6
0
10
-7
-2
20
-21
0
1
-1
2:3
-6
3:0
3
-3
2:1
-2
3:0
1
-1
127
-127
92
-92
17:0
65
-61
2
-4
1
236
-239
1
-1
3
-3
15
-15
2
-2
0
1
59
-60
4
1
-3
58
-60
1
-1
3:0
2
1
-3
10
244
-253
41
-42
0
2
2:-1
1
-1
158
-145
-12
10
-11
1
-1
2
-2
2:0
5
2:-2
0
52
-53
0
1
57
-56
3
-5
0
2
-2
0
1
3
5
-9
2:0
18
-18
2
-2
1
10
-10
61
-61
9
-10
3:0
1
0
2
-2
-1
0
2
-2
10
-3
4
2:-5
2:0
61
-62
6
-6
2
-2
8
-7
-1
2:4
23
-31
2:0
2
-2
0
3
-3
2
-2
4
-4
3:0
2
-2
116
-116
2:0
3
-1
5
-6
1
391
-393
3:0
2
1
-2
-1
0
2:1
0
-2
2:0
3
115
-118
2:0
24
-15
-9
1
-1
9
-9
0
12
-11
20
-21
2:0
5
-5
0
12
-11
-1
4:0
1
-1
1
-1
2
-2
1
-1
0
1
-1
2
2:-1
2:0
1
0
-1
2
2:-1
2
2:-1
0
3
4
-7
1
-1
12
-12
22
-22
0
3
1
-3
3
-4
2:0
2:2
-4
0
254
-254
2
-2
0
2
5
-6
-1
10
-9
end
