v1
568
55
262
122
100
647
43
67
138
13
21
26
242
219
9
119
461
91
113
22
0
28
118
39
335
168
56
50
59
317
0
37
112
44
102
104
36
17
57
223
295
130
29
32
130
72
106
45
78
2
29
466
177
152
96
10
83
53
231
6
87
0
41
73
63
0
24
50
103
495
0
104
71
0
85
20
313
43
2:4
36
166
18
33
174
165
112
72
37
148
76
20
80
12
74
29
228
21
58
289
85
98
474
160
143
0
275
259
38
96
38
16
74
304
0
100
69
80
195
98
61
278
64
0
2
3
22
35
31
476
7
235
124
42
135
166
73
127
55
124
95
150
87
130
21
71
45
48
0
218
17
53
263
388
106
147
128
16
93
119
337
70
0
70
61
405
109
170
75
28
15
215
15
14
12
33
25
13
40
7
34
6
25
0
46
5
14
134
118
82
12
62
40
5
14
6
12
46
2
33
30
41
85
231
381
58
7
1
85
88
120
13
125
87
51
39
70
35
242
87
28
147
26
113
39
116
146
192
121
141
60
0
25
101
128
111
61
146
5
267
15
31
125
0
52
196
6
17
14
299
15
18
0
15
66
87
229
41
508
20
170
555
258
199
16
86
93
83
284
50
6
111
23
1
42
115
56
42
4
0
84
1
75
18
32
215
113
202
378
53
19
0
258
33
47
45
84
2:5
15
39
72
128
19
38
0
69
7
8
147
11
29
283
8
0
102
609
0
2
77
101
74
33
38
348
26
40
175
133
58
8
43
86
6
23
2
173
73
22
29
22
16
100
54
35
9
3
61
95
50
2
88
86
67
59
5
20
3
193
3
2
33
74
44
106
119
30
164
2:19
2
45
47
21
42
113
0
76
64
27
1
31401
5
1
21
9
43
46
148
43
10
14
30
24
0
13
136
76
8
58
54
14
22
8
22
12
920
126
22
72
58
10
111
71
181
3
0
328
3029
2211
328
1553
979
2094
2067
7580
3236
9942
2463
3
790
830
4874
3424
925
1304
2220
2
4
8078
7
2
2826
882
958
1533
933
474
4660
9
0
1
6
2
8
2
6
1427
17
106812
13099
3544
7741
26
47
9417
28772
3649
4
18
22
4
7
9
82
0
83
61
12
20
72
17
5
11015
44363
9
150
157
7
2
15
30
34
11
12
20
33
93
13
3
39
1
10
2
11
19
709
29
14
6
0
43
133
20934
3093
10208
3251
0
5745
1227
539
523
665
0
802
167
1
3
22
9
0
22
58
83
4
9
0
26
40
82
4
5
4
6
30302
9941
372
31
138
462
172
132
1
0
556
138
3:28
63
81
98
34
698
36
15
17027
9735
1
1411392600
567:0
19
-11
-7
90
-89
357
-356
3
-6
28
-27
-1
43
-39
3627
-3630
10
431
-440
-2
153
-133
-20
9
-1
-7
1
88
-88
2:-1
0
22
13
-34
9
2
-11
3
166
-164
299
-302
0
46
-46
-3
2
11
192
-141
-26
-38
19
-2
-17
7
-4
2:-1
0
44
-43
2:0
14
-16
3
5
-3
5
-8
0
33
-35
3
40
44
-86
45
-16
-27
0
215
-179
67
-101
23
2
-30
0
34
-34
411
-406
1
-6
6
0
-4
12
-6
-1
0
-3
152
-155
35
-35
49
224
192
-463
-1
9
148
-158
4
156
-144
43
-58
0
1
9
-5
19
-3
-19
1
-4
3
12
28
-42
8
6
2:-8
4
12
4
-14
-5
114
-115
4
-2
2
43
-47
0
8
85
-91
120
-74
-43
-2
747
-748
2
0
6
42
-24
-26
-1
4
-4
3
-4
2:1
11
-11
176
-178
1938
-1934
79
-81
0
15
-10
29
60
-89
212
-219
23
-21
8
39
-40
-6
11
-13
10
351
-356
17
43
-52
-11
0
67
-70
12
14
-20
-5
3
-4
0
34
-26
-8
202
-196
-5
-1
79629
-71297
-8278
-22
1
-17
-16
1
0
2
37
-35
-5
6
-5
48
-48
120
-121
1
0
-1
44
-44
13
-11
44
-38
-4
1
76
-80
21
57
671
-741
-6
-3
0
130
-129
2
93
-22
-73
-1
22
-9
17
-17
-7
11
-13
-3
-1
2
0
24
4622
-1945
-2703
24
-24
177
-172
-2
5
-6
0
12
-3
-6
-5
1
-1
19
-19
5
6
1953
-1936
-27
0
121
-79
84
45667
-45791
2
-2
-1
0
229
-229
0
7
-8
0
4
3706
-3711
0
1
2:27
-54
14
2202
-2203
-13
3
-3
0
2:1
0
97
-98
6
145
12572
-12721
-1
7
3948
-3957
43
-9
19
-48
3
5998
-5907
-71
1418
-1444
-3
71
-68
-2
6
8
-7
53
-60
5
56
-52
128
-134
-4
3
-1
0
552
-554
4
3
694
387
-1087
8
131
-138
-2
2
3
12
-3
145
-157
0
-1
52
-39
-12
38
15
75
421
-491
233
-291
17
-16
-3
42
-36
22
0
-25
30
23
11
-14
223
-243
197
-79
-136
-5
19
-27
430
-430
253
-251
90
-92
0
225
-226
0
13
222
-231
-1
6
-4
32
-12
229
-243
-4
-8
438
-437
0
5
-5
6
-7
29772
-29763
-7
-2
35
-34
58
190
-243
43
11210
-11259
165
-161
125
-117
-6
-3
16
-17
0
6
10
-8
311
-321
371
8004
-8375
5
-1
356
-46
-307
38
-25
19
-37
33
20
-55
1
4
-2
76
-75
3126
-3130
27
-4
-21
1
3
1
-2
4
-9
5
-2
29
-16
-14
2:-1
3
1
30
-32
0
43
-42
47
-45
69
-74
2
101
-83
-19
-1
2
0
24
127
-151
-1
5
576
-442
-133
-7
26
92
-117
2
-2
0
1
0
36
-4
-32
-1
2271
-2272
1955
-1952
5
7
1
-6
-10
906
-898
2
-1
3:0
1
-1
1
-1
1
-1
2:0
1
55
-56
0
6
-4
0
2:-1
2:0
13
-13
0
3
-3
4:0
5
-5
1
3
-4
0
8
-7
2
-3
1
-1
5:0
2
2:-1
1
2
-3
3:0
1
0
2
-3
2:0
1
-1
4:0
1
0
2
-3
4:0
2
-2
1
-1
15
-15
7
-7
0
4
-4
0
1
-1
18
-18
1
-1
1
0
1
2:-1
3:0
6
-6
1
-1
5
-4
-1
2:0
1
-1
2:0
18
-18
4
-4
2:0
3
-3
3
-3
0
2
-2
0
2
1
-3
0
1
-1
2:0
1
-1
11:0
12
-12
6
-5
0
-1
2
-2
3:0
19
-19
4:0
2
-2
1
-1
1
-1
7
-7
3:1
-2
0
13
-14
2
11
-10
12
-15
2
-2
0
5
0
-5
1
-1
0
12
-12
0
5
-5
2:0
12
-12
2:1
-2
4:0
2
-2
0
38
-38
2:0
1076
-1014
-57
-4
0
2
-3
2:0
1
0
-1
3:0
1
-1
8
-8
3:0
1
0
-1
0
5
-5
2:0
14
-14
14
-11
15
-18
2
-2
0
4
-4
0
9
0
-9
2:0
3
4
-7
8:0
173
-105
-68
2
2:-1
2:0
1
-1
0
1
0
-1
6:0
2
93
-90
-5
0
7
5
-12
232
-232
4
-3
-1
0
17
-17
5:0
91
-91
2:0
5
-1
-3
0
66
-65
-2
3:0
1
2:0
8
-9
0
12
316
-328
0
2
52
-54
2
-1
4
-5
2
195
-178
-18
16
-16
-1
5
-3
-2
0
1
-1
5:0
14
-13
0
-1
2:0
59
-59
3:0
76
-76
1
4
-5
3:0
9
-8
14
-15
2:0
15
-13
-2
6
8
-14
93
-92
12
-12
0
-1
0
1
-1
3:1
-3
5
0
-5
5
4
0
6
-15
2:1
-2
30
-30
6
-4
2
-4
0
8
-8
0
14
45
-58
0
1
2
-2
1
0
-1
2
-4
7:0
145
-144
-1
0
3
0
5
-6
-1
2
573
-576
3
-2
10
-11
2:0
1
-1
0
1
2
-3
2
-2
2
182
-183
-1
1
67
-46
-20
7
-9
12
-12
0
14
-14
1
2
-3
15
-14
23
-24
7
-5
-1
3
-4
0
1
0
-1
3:0
3
-3
2:0
1
-1
4
-3
0
1
-2
3
-2
0
1
2:0
-2
0
1
-1
0
6
4
-10
2:0
8
23
-31
0
4
5
-9
1
-1
4:0
1
-1
0
56
-56
8
-8
0
6
-1
-5
0
18
-18
end
