v1
797
297
329
117
381
105
52
187
29
208
213
46
119
14
214
86
210
85
19
37
7
14
18
11
118
125
417
62
44
2:59
480
73
104
36
440
152
89
125
81
26
332
102
364
101
76
452
22
24
220
41
113
0
47
413
70
165
43
122
0
95
225
174
21
33
102
31
38
50
137
277
4
68
185
44
43
89
280
63
79
48
9
232
85
98
59
45
42
174
457
104
151
20
148
149
25
109
16
0
82
15
27
133
191
30
355
87
339
0
36
55
35
31
424
132
328
74
1
0
60
104
13
104
106
39
55
369
213
68
121
218
393
40
300
94
275
16
15
0
19
123
10
45
11
326
201
111
294
59
36
9
5
146
24
310
23
0
29
51
19
13
25
18
35
3
6
24
47
2
3
14
133
0
1
118
82
12
62
59
14
4
41
5
35
30
38
19
55
127
88
30
447
0
173
120
94
131
160
11
9
15
219
12
98
222
82
10
33
6
116
104
42
138
54
99
22
141
85
101
128
169
3
58
160
215
410
31
299
10
38
66
17
70
229
41
509
7
5
990
17
182
102
83
322
55
56
109
2
237
131
75
50
6
319
318
26
292
19
65
193
33
30
156
40
6
80
128
19
107
7
8
147
40
2
71
210
110
339
108
63
99
38
45
20
82
102
176
53
186
37
175
70
121
8
3:43
277
51
38
100
54
47
61
145
2
88
86
67
59
5
20
3
104
89
3
2
33
8
216
119
0
75
68
51
85
47
101
117
34
140
31353
5
22
9
82
7
24
106
18
43
10
7
37
154
19
84
58
54
8
28
8
22
1220
0
103
8
71
43
0
138
3
56
3301
2211
328
1553
5140
10816
12405
793
830
1211
6271
816
925
3524
2
4
10
11785
0
958
1533
920
487
4670
6
2:1
8
2
5
1428
4054
102775
13098
3544
1
7716
21
4
73
4
9413
28772
3649
22
26
242
12
20
89
2:5
55373
9
32
118
85
72
7
2
0
15
12
18
57
53
106
3
27
11
2
10
2
11
2
1
754
14
0
176
20940
3093
1178
12281
5304
1668
454
85
334
189
665
436
245
121
166
2
3
6
43
2:2
43
6
92
8
31
9
31
32
11
1
47
4
6
40006
640
21
579
316
339
313
31
56
19
9
41
103
123
9
694
4
36
15
53
14775
222
11712
1
-487873
122
91
692
174
24
56
18
0
242
0
126
310
63
0
229
567
821
20
491
304
456
35
248
86
0
19
304
293
12
0
370
38
346
134
50
37
276
0
157
461
481
182
75
0
728
314
83
219
115
43
551
39
160
193
77
9
420
10
224
166
27
230
47
389
279
72
206
397
0
68
405
64
189
378
61
172
72
349
383
409
434
413
221
94
105
44
171
115
242
160
252
246
36
84
14
2
8
0
18
0
10
5
1
8
72
121
154
43
4
0
124
20
3
86
29
14
0
32
54
347
289
3
0
63
0
4
2
79
7
523
191
106
0
50
115
2
0
573
97
168
125
235
121
37
315
102
170
131
13
275
23
33
257
0
56
0
98
247
559
42
20
186
539
162
1048
42
0
208
5
40
57
153
179
0
485
217
57
17
26
346
109
37
164
76
5
204
239
160
938
31
247
10
715
47
142
92
369
328
0
232
51
45
131
228
133
150
0
103
53
60
0
33
110
25
0
31480
0
16
145
100
28
87
1480
177
203
74
16816
5
3350
5897
9747
6494
5221
10736
7
2
1
0
16
2795
14
1847
2459
0
985
5630
21968
97940
11311
41843
0
8
52
46
90
31
44
74
72
11056
44364
151
233
0
252
743
85
7
65
5
63
17452
1188
15595
9113
3808
7
17
0
9
116
43
0
50
85
0
45
40737
51
0
131
353
427
163
671
42
1411601400
499:0
1
296:0
15
-9
9
-4
119
0
-45
-79
0
-1
72
2867
-2925
-7
30
-30
78
-86
1852
-1682
-162
2
309
-265
-36
-9
89
-96
447
-434
-5
12
-21
212
-163
52
-96
39
-45
1
243
-244
32
-22
-1
-7
30
-19
-9
260
-260
0
1
14
-18
1
1795
-1762
0
-20
-14
1
372
-329
-34
33
-28
-16
96
226
-318
-2
83
-80
4
50
-33
3
198
-224
0
44
-30
14
-26
27
139
-166
12
-16
1
162
-162
490
-459
296
-319
2
-9
-1
9
31
-32
50
-54
76
65
-8
-138
0
66
-64
0
1
2
46
-48
0
68
-65
0
2
34
-31
-8
23
-24
21
24
-45
-2
657
-633
249
138
-252
-150
1
-7
3
1
77
-73
5743
-5755
86
-20
146
-211
3
0
2
-3
-2
3
0
498
-488
-10
101
-39
-62
-2
22
2:-7
21
-25
-5
505
-503
3
71
-27
303
-338
56
-45
-24
-1
21
-1
-18
175
-77
-83
-16
10
557
-350
-207
-4
8
30
-45
41
-38
3
43
-1
23
-69
315
-317
0
81520
-81514
4192
-4044
-154
18
60
-42
-36
127
-73
82
-115
-10
-12
673
-483
-104
98
-178
8
10
6
105
-129
-5
19
164
144
-141
-185
0
63
-64
0
79
-73
378
-271
-112
2
1155
-1159
9666
-8727
-859
-79
342
-341
-2
8
2
268
-222
-31
-25
29
-26
3
15
1578
-1587
383
-366
8
19587
-19622
8
-3
30
254
-283
13
-21
6
63
-57
175
-176
2491
-2496
1
52
112
-105
-11
-45
13496
-13466
-37
1
4
2332
-2317
518
11734
-12252
4201
-4152
-5
17
-80
14
29473
-29042
-436
4108
-4114
15
-15
140
205
-349
13
-8
4
-11
0
3
44
13
-59
-1
3283
-3279
1688
900
-2572
67
-81
96
-92
-8
7
-9
46
-45
659
-651
141
-148
31
324
1794
-736
-1315
65
-130
-1
-27
20
-27
7
5
-9
9
13
160
6
1332
-1330
-77
1526
-1078
-557
-4
-1
34
-16
-20
17
2191
-2205
-3
34
0
-25
32
-1
-20
-19
1060
-1061
58
-12
25585
-25613
251
-262
69
-71
6
51
-56
1
375
-338
-43
16688
-16662
-26
2719
-2712
21
-17
22
109
9415
-9557
1
12
-11
144
-140
451
-452
-4
2
3
36
82
-60
886
-894
3
66
-105
-2
20
123
8
-165
130
-132
0
1
-5
26
-19
-2
-5
17
13
84
-69
-43
25
-16
-10
2:4
23
689
-709
4
-15
205
-198
-6
13
-9
-4
59
-59
30
-30
21
92
18
-33
1000
-1099
218
-214
-4
53
-7
4876
-4695
-208
23
8952
-8993
13
1027
-920
-115
4
18
-17
8
-14
4
23224
-23196
-42
0
2
1
-3
4
-1
-2
3:0
-1
1
2:0
-1
0
3
0
-1
1
0
-3
1
2:0
-1
3
-3
2
0
1
0
-3
2
-2
2
-1
0
2
1
-2
-1
2:0
-1
3
2:-1
2:1
2:0
-1
-2
2
-2
2
-1
1
0
-1
2
-3
1
2
-2
2
-2
0
-1
2
1
-3
1
2
-2
1
2
-3
0
-1
4
0
2:-2
0
2
1
0
-3
4
-3
2
-2
-1
3
-1
0
-1
0
-1
0
3
2:-1
0
-1
4
-3
0
3
-4
1
-1
1
2:0
2
0
-2
3
-2
3:0
-2
0
1
0
-1
3
-2
0
-1
3
3:-1
3:0
1
-1
3
1
-4
0
2
-2
0
4
-4
2
6:0
-2
2:1
0
-1
1
2:0
-1
0
2
1
-4
2
0
2
-3
2
2:0
-3
3
-3
2
1
-1
0
-2
2
2:0
1
-3
4
-3
0
1
-2
1
0
-1
1
-1
2:0
1
2:0
2
-3
1
0
-1
2
-1
5:0
3
2:0
-3
-1
4
-2
2:-1
3:0
4
0
-4
3
2:-1
0
2
-1
1
-3
2
0
-1
0
2
-3
1
2:0
-1
1
3
-4
3
-2
2
0
-3
3
2:-1
0
-1
1
3
-2
2:1
-1
-3
3
0
-3
2:0
2
1
0
-2
1
0
2
-3
0
-1
2:1
0
-1
2
-2
0
-1
1
4
-3
2
-2
5
1
2
-8
2:0
1
72
-73
0
1
-1
12
-11
19
-18
2:-1
1
0
-1
20
-20
0
9
-7
-2
4
-4
7
-6
8
-9
0
1
-1
2:0
4
-4
2
-1
2:0
7
2
-10
2:0
3
-3
0
92
-91
0
2
-3
1
4
-5
1
2
-3
1
2:5
-11
0
7
-6
1
0
-2
2
0
-2
2
-1
4
-5
3
1
-4
0
1
-1
0
18
-18
2
-2
8
-6
0
-2
4:0
8
-6
4
2
-1
-7
0
7
-7
0
1
-1
3:0
4
-4
0
2
-2
1
3
-1
-3
4
-3
-1
0
8
-6
35
-18
-12
-7
6:0
14
-14
1
41
-41
-1
2:0
1
-1
0
1
0
5
-4
-2
26
-26
2:0
6
-6
2
17
-17
-1
7
-7
0
8
2:5
-19
5
6
-10
0
-1
6
-6
13
-9
3:0
-4
10
-8
-1
2:1
-3
5
-2
-3
0
2:1
-2
48
-48
2
1402
-1402
81
-64
-19
0
5
-3
-2
12
2:-5
2
-4
0
14
-14
0
17
-15
1
7
-3
20
-26
0
7
3
5
-16
2:0
11
-11
0
16
-13
-1
0
1
-2
10
-10
417
-358
-58
-2
4
2:-2
2
0
-2
7
-2
-4
1
-1
2
1
58
-52
19
-23
-5
178
-179
0
1
-1
36
-35
2:0
1
-2
2
7
-9
189
-189
0
1
20
-10
-5
-3
112
-108
-7
3
0
19
-20
25
390
-409
84
-92
6
1
-7
5
312
-285
-28
36
-37
-1
-2
6
-1
-5
4
-4
0
1
-1
3
8
2:-5
3
195
-199
2
148
-145
7
-11
-1
2:0
2
-1
4
-5
18
-17
31
-28
3
10
-13
127
-126
12
-14
0
-3
2
0
-2
2:0
2
-1
2
28
-8
2:-9
61
-42
-23
0
-1
2:1
0
16
146
-162
-1
3
0
-4
2:0
1
0
1
-1
0
2
156
-158
12
-13
7
-4
2
10
-15
0
2
6
-8
1244
-1244
0
20
-20
3
-1
0
10
196
-208
1
0
-1
32
-32
25
-25
4
0
-4
2
48
-32
-17
0
21
-17
-3
11
-11
9
-2
-8
-1
2
-2
2:0
5
-4
1
-2
1
7
-8
8
-8
4
1
-5
2:0
3
0
1
-3
-1
0
1
0
-1
4
-4
11
-11
5
-5
0
7
8
-6
263
-272
8
-8
2
-2
8
-5
14
-15
-2
445
-444
1
-2
2
-2
10
8
-16
-2
2:1
19
-17
-4
4:0
1
-1
8:0
1
-1
3:0
1
-1
29:0
1
-1
12:0
2
-2
3:0
1
-1
6:0
1
-1
9:0
1
-1
1
-1
0
1
-1
1
-1
4:0
1
-1
1
-1
2:0
1
-1
14:0
1
0
-1
12:0
1
-1
4:0
1
-1
14:0
4
-4
0
1
-1
4:0
1
0
-1
4:0
1
-1
2:0
1
-1
2:0
1
-1
3:0
1
0
-1
20:0
1
-1
4:0
1
0
-1
2
-2
0
1
-1
5:0
2
2:-1
4
2:-2
3:0
1
-1
1
0
-1
2:0
1
-1
4:0
1
-1
1
-1
0
2
-2
5:0
3
-3
2:0
1
0
-1
1
-1
5:0
2
-2
3:0
1
0
-1
9:0
end
