v1
805
297
446
486
52
187
226
389
314
238
57
56
7
161
707
324
215
73
140
292
300
159
32
23
81
358
169
26
136
135
647
289
27
133
413
63
215
637
33
102
31
225
277
257
87
89
86
257
79
48
241
212
75
158
87
125
303
275
297
134
18
95
381
442
339
36
33
57
376
674
134
270
108
278
217
591
245
394
115
160
565
606
59
50
476
27
29
51
13
0
15
4
158
19
134
118
82
66
8
123
65
112
53
29
45
118
447
293
225
524
314
39
116
0
284
54
121
141
85
101
41
692
116
13
312
222
77
10
5
33
382
41
1511
199
102
516
109
2
181
187
75
50
977
15
246
33
440
19
107
2
5
155
433
339
102
170
36
65
82
102
452
175
70
129
43
86
277
51
38
100
54
47
61
147
2
86
153
59
5
20
3
196
2
33
224
119
135
144
47
218
34
31498
22
52
194
53
44
173
142
54
8
28
8
22
1043
109
179
61
10
184
56
3301
2211
328
1553
663
4477
10816
12405
3
9918
3064
1385
2
4
8078
3717
958
2453
487
4688
5
1428
106829
16642
1
7741
73
9417
32421
4
14
4
72
182
26
20
89
5
55537
157
9
45
57
53
109
27
11
2:1
12
11
3
768
21116
3093
18185
3
575
1668
539
523
1101
534
5
4
47
141
6
2
31
40
44
47
4
6
30302
0
10344
622
819
127
31
84
41
103
866
15065
11712
2:1
-488136
185
310
3
31
98
140
88
214
26
71
0
58
88
53
14
25
61
26
1
23
166
85
143
81
3
223
40
196
100
104
58
463
226
223
1
170
106
264
170
179
98
3
89
104
173
59
191
49
23
151
15
38
0
118
126
167
145
67
76
87
65
96
45
299
45
195
0
71
29
12
321
13
1
123
0
25
140
59
23
22
60
141
9
70
194
81
245
30
91
12
9
245
161
5
24
91
25
15
0
2
11
91
269
186
89
36
103
0
21
10
153
92
270
74
327
75
279
7
0
7
117
44
1121
44
0
180
292
78
362
11
469
42
278
78
145
55
30
61
372
187
28
93
235
77
14
50
2:44
103
202
87
692
116
18
30
313
51
10
111
70
47
169
53
89
263
7
207
16
9
50
25
38
13
2
3
12
5
2
8
11
6
24
1
48
0
134
13
3
14
47
21
22
17
26
36
0
30
62
14
26
19
18
28
13
40
15
18
35
3
54
15
87
265
156
179
180
230
205
70
121
10
13
110
138
168
132
19
226
13
68
46
487
199
108
61
248
39
131
171
0
52
197
5
17
52
307
68
49
38
376
203
0
114
34
17
7
27
8
12
175
0
10
40
0
662
111
339
18
12
10
223
144
162
29
80
209
6
502
122
193
155
97
66
8
11
143
178
17
33
12
84
10
38
8
80
150
21
0
14
84
106
81
0
158
119
6
113
596
93
202
10
0
25
5
207
0
141
29
228
124
51
94
0
24
42
181
95
1
60
0
18
248
39
52
490
58
13
18
156
63
22
170
150
14
38
58
99
38
75
41
127
31398
94
4
177
160
23
6
63
23
32
40
8
55
1253
22
68
0
225
65
63
359
5224
323
1542
336
343
9719
2336
3221
5464
4493
3256
5704
423
1768
2158
11615
2
16
2796
9
5
1825
34
2447
983
1014
3137
9
7
10
16906
8312
82823
13321
1
3543
7768
28
12101
26107
0
3639
30
28
7
9
90
31
118
72
19
38
54631
731
9
0
37
4
268
22
54
27
26
126
4
14
41
7
0
15
51
675
29
20
16
42
57
9
52
17452
1759
15024
8793
2303
854
802
166
3
2
4
1
17
9
14
5
46
1
2
1
11
55
7
20
1
4
17
24
11
0
75
31864
0
8455
246
710
20
0
154
18
42
53
49
339
119
0
281
101
169
34
186
512
164
1411961400
299:0
1
504:0
56
-26
8
-20
104
-103
2581
-2553
608
-12
169
1476
-2220
7
99
-141
-2
-10
27
74
-105
19
-1
47
189
-243
342
-226
-109
406
-400
-21
33
307
-340
166
-139
16
-32
9
4
322
-299
21
-63
82
-85
17632
-17562
374
-416
-13
22
2
-36
247
-208
174
-72
-110
-11
121
-109
-12
29
-53
45
170
-184
8
-4
-39
10
1829
-1832
1427
-920
-364
54
4783
-4876
-104
95
-88
-7
59
-63
17
0
6
117
-103
6
30
-19
189
-242
11
-12
134
-36
-95
35
-36
93
-79
154
-153
407
47630
-44672
-3248
0
-120
-9
10
176
-188
-5
159
-6
-141
978
-978
-12
58
-39
548
-354
-140
97
-56
647
-693
-41
-18
43
87
7972
-7310
-767
185
-219
40
-24
1574
-1572
72
-74
-17
23523
-22729
27
-807
-7
72
75
-154
1775
-1693
35
18
2415
-2548
18
-6
721
2530
-2917
19491
-19421
8268
-8614
9634
-9521
-63
7330
-7211
-231
305
819
-1062
-68
-2
2:17
5788
-3133
-2690
1948
8793
-10665
-73
0
11
192
106
-186
-82
82
385
-503
279
-264
-23
28
291
-305
-7
32
-6
149
566
-688
-56
39
2973
-2550
-458
-4
101
-92
3764
-3773
10
-4
7
17
-34
12839
-12834
114
3
-123
66
428
-432
11719
-11453
-299
-27
241
-214
-13
9
-6
159
3129
-3278
244
-253
39
-51
-8
439
-427
-8
3
25
106
197
-333
2
19
16
2428
-2461
611
-606
119
-116
-3
13
1631
-1654
569
-568
87
-85
64
-8
-47
67
2123
75
-2258
0
12
-26
30
18
212
1388
-1621
213
-179
13
79
32
-184
-13
1
-11
0
-1
1
0
5
-3
-2
1
-1
2
-2
5
2
-7
4
-2
-1
-2
1
0
6
-1
0
-6
0
12
1
-12
11
-7
5
-10
3:1
9
-11
-1
0
1
0
2
3
-4
1
0
9
-11
3
1
-1
1
-2
0
8
3
2
-11
2
0
-4
2
-4
0
2
-2
5
-4
-2
2
-2
8
0
7
-15
1
-1
13
3
-12
0
-1
-2
4
3
-6
3
-2
1
-3
2:0
2
-2
1
6
0
-8
2:0
4
-3
2:1
5
0
-7
1
12
-3
-5
-2
3
-7
2:2
0
-4
2:0
7
-4
-1
1
4
-4
1
-4
17
-5
-11
8
-3
-1
-4
16
-17
6
-5
8
0
-7
2
-4
4
-1
8
-5
-3
2
-5
11
-11
0
1
5
6
-10
-1
4
-5
3
8
-4
-6
2:0
6
-4
-1
6
-7
8
-8
4
-2
-1
3
1
-4
4
2:1
-2
0
-5
0
1
-1
6
-7
0
2
0
1
13
-13
-3
14
-14
3
6
-4
4
-6
14
-2
-12
-2
-1
0
1
2
6
-7
-2
6
2
-7
-1
1
3:0
8
1
-10
0
2
-2
7
-5
10
0
-10
6
-6
2:0
-2
15
-9
-6
3
9
-10
12
-14
2
0
8
-8
4
-5
1
2:5
-4
0
-7
1
2:0
2:-1
1
0
10
-10
12
4
-7
-10
9
-3
-4
-1
10
4
0
-5
-1
-9
1
0
-1
4
-3
1
9
-5
-4
3
-3
2
0
-2
5
-7
8
0
-8
4
11
-13
-1
7
-8
2
0
-1
6
-5
0
-2
14
-14
5
9
-12
0
1
5
-8
6
-3
-1
0
15
-11
4
-3
-5
6
-6
13
0
-13
2:0
6
-4
12
-6
-7
-3
1
0
-1
0
4
3
-6
1
5
-7
5
-2
-3
5
-3
2
-1
13
-8
0
2
-8
4
3
-9
1
-1
2
-2
14
2:-6
0
13
-8
3
-4
-2
12
-14
2
1
-5
3
0
-3
1
2
3
0
-4
-2
3
2
-4
0
4
1
-4
14
-1
-13
5
-5
0
6
-7
2
-1
5
-7
1
6
-7
3
1
-3
5
-4
0
-1
0
8
-4
6
-10
6
-5
-1
0
-1
4
2:0
1
-5
15
-5
-10
0
10
-9
-1
5
-4
12
-9
6
3
-2
4
-11
-1
-3
9
-5
-4
14
-8
-6
10
-9
0
14
-11
-3
4
10
-11
2
-1
-3
0
-2
2
0
1
2:0
-1
0
8
-8
0
10
-10
1
3
-3
2:5
-10
1
5
-5
3
5
-3
2:1
9
-12
72
-71
3
9
-5
-3
-2
3
-6
0
3
0
-2
7
-6
2:-1
3:0
6
-6
3
-3
5
-5
2
0
-2
38
-36
-1
0
2:1
20
-18
-5
2
11
-12
4
-3
2:-1
6
-6
2:0
5
3
-6
8
-10
1
6
-2
-1
-4
2
-1
2:1
-2
-1
0
1
-1
0
7
17
-24
13
-4
32
-38
-2
2
1
2
2:-3
2:0
38
-19
-14
4
7
8
-24
5
-2
3
5
-11
1
2
2:1
0
-3
36
1253
-1213
-54
0
-21
-2
5
-3
2:0
-3
11
-10
3
1
-5
20
-14
-2
46
-42
0
5
-12
12
-9
-2
3
-5
264
-226
-35
-3
0
2:2
56
-49
2
-12
5
161
-138
-24
-5
3
-1
8
-10
109
-94
-2
-1
66
-74
2
-4
25
-20
31
267
-285
78
-92
-4
6
-3
313
-294
-20
22
-25
8
-3
-1
-3
-1
13
-9
-2
146
-26
-112
-8
-2
9
5
19
-30
3
-3
98
-99
8
-10
2
4
-7
4
-1
0
3
37
-18
-10
-15
2
59
-38
-22
0
6
0
102
-108
0
1
-1
1
-2
149
-148
6
5
-7
6
-10
8
295
-303
-1
3
4
-3
-4
7
-6
6
151
-141
11
-20
25
-20
-10
29
-30
1
-2
14
-11
11
-13
1
0
-2
2
1
-1
2:1
-2
1
-2
-1
0
6
-4
-3
3
6
9
-13
5
63
184
-254
0
1
-3
2:0
9
177
-184
0
20
-14
4
-5
-7
-1
1
-1
11:0
2
-2
5:0
1
-1
1
-1
2
-2
4:0
1
-1
3
-3
4:0
1
-1
8:0
2
2:-1
5:0
2:1
0
-2
2:1
-2
16:0
1
0
-1
3:0
3
-2
-1
18:0
2
0
-2
2:0
1
-1
3:0
2:1
0
-2
3:0
1
0
-1
0
1
-1
0
1
-1
2:0
1
-1
3:0
3
-3
1
2
-3
5:0
2
-2
1
-1
4:0
2:1
-2
5:0
2
-2
2:0
4
-3
-1
4:0
2
2:-1
3
-3
0
1
-1
0
1
0
-1
9:0
4
-4
0
5
-5
3:0
2
-1
1
2:-1
5:0
4
-4
0
2
1
-3
0
1
-1
2:0
1
-1
6:0
4
0
-4
2
-2
3:0
7
-7
2:0
1
-1
6
-6
2:0
1
-1
4:0
2
-2
8:0
1
-1
0
4
-4
1
-1
4:0
2
1
-3
2
-2
4:0
1
-1
0
2
0
-2
2
-2
2
0
-2
2:0
2
0
-2
0
3
-3
0
1
-1
1
0
-1
0
1
0
-1
2
-2
0
2
-2
9:0
1
0
-1
2
-2
0
2
2:-1
3:0
1
0
-1
7:0
1
-1
0
1
-1
1
-1
5:0
3
-3
0
2
-2
8:0
1
-1
0
3
-3
1
-1
0
6
-4
0
-2
2:0
2
-2
0
5
-3
2:-1
1
-1
4:0
2
-1
4
1
-6
10:0
1
-1
1
-1
2:0
1
0
-1
1
-1
1
-1
8:0
1
-1
0
3
-2
-1
6:0
5
-5
0
5
-5
1
2:0
-1
2
-1
1
-2
1
-1
2
-2
5:0
3
-1
-2
4:0
1
0
-1
2:0
1
0
-1
2:0
1
-1
3:0
1
-1
3:0
3
-2
end
