v1
633
69
164
351
159
79
32
187
180
8
52
115
24
39
9
8
18
149
93
21
0
129
32
130
35
141
243
225
19
37
22
28
118
496
46
56
109
128
200
182
102
140
17
19
404
152
159
32
104
26
118
105
109
15
1
0
179
160
111
177
152
96
10
136
58
140
118
8
41
73
87
508
140
43
132
0
85
45
107
232
0
15
0
21
135
82
146
28
277
72
177
8
20
24
144
0
41
33
194
63
47
85
143
56
37
85
157
81
65
307
265
275
110
187
134
16
74
404
344
44
54
59
280
65
1
3
57
22
0
9
246
127
110
73
328
135
84
0
7
0
13
92
131
39
424
238
0
3
0
40
121
235
317
92
7
271
123
19
78
178
16
157
53
2
164
78
26
0
69
201
111
294
78
319
7
55
126
27
13
16
12
33
6
19
13
40
9
0
6
26
6
24
1
46
2
3
14
0
6
128
13
90
15
73
9
74
59
6
8
50
65
57
55
127
118
47
27
11
362
78
95
120
94
131
134
26
35
96
123
23
87
98
206
10
39
116
146
55
30
0
53
54
121
35
106
85
101
100
28
111
58
3
146
5
267
15
116
40
0
254
17
14
10
100
63
103
23
10
38
382
41
309
114
85
8
12
175
308
404
96
15
45
139
102
71
5
7
10
90
86
191
5
15
142
3
2
106
75
56
42
40
49
8
67
50
328
404
0
229
13
35
229
33
30
62
140
38
6
36
90
38
19
21
17
69
2
5
8
147
40
48
235
110
206
68
65
108
0
164
36
45
20
77
5
102
55
9
0
343
4
41
1
174
70
121
8
43
74
120
2
94
73
51
38
100
54
47
31
28
2
37
52
38
16
3:2
86
153
59
5
20
3
175
18
5
33
0
17
101
6
90
10
332
21
45
20
27
21
88
0
7
60
42
34
31493
5
22
9
43
0
12
4
79
66
33
22
28
3
44
24
13
48
69
19
35
41
8
13
2
43
54
8
28
13
0
8
9
12
920
148
72
5
63
111
71
181
50
3310
2211
325
0
3
1553
979
1408
1377
1376
5244
1334
4238
1889
772
9744
793
9128
925
2146
1378
2
14
8075
2
2826
882
943
15
1533
933
474
509
1015
3136
0
10
7
11
1
5
1414
3579
488
102547
228
13099
3544
7741
26
47
4
9413
32379
42
4
18
11
15
137
0
44
61
12
20
53
36
5
87
10928
0
44312
51
9
41
109
157
7
0
2
27
23
29
23
1
52
0
93
4
9
3
4
23
11
2
10
2
11
2
726
7
22
14
6
62
108
6
3445
14007
1751
1731
3093
1178
9030
3251
5304
238
247
1183
1006
10
46
665
802
168
1
2
4
2:1
5
34
4
3
1
0
47
11
83
4
35
6
29
3
2
41
3
26
12
9
4
3
0
2
1
2
0
30300
9906
35
152
220
31
98
40
462
172
483
344
11
45
28
144
77
589
0
164
36
15
80
32
1
14715
222
11712
1
1411487400
632:0
3
-1
21
11
-34
1
-1
1
280
-171
-102
-7
1
43
-42
-1
0
5
-6
0
7
-5
17
5746
-5763
0
240
-242
167
-118
173
-200
-18
7
-12
103
-101
1
9
61
87
-158
2
-4
223
-77
-145
4
2
0
-6
257
-183
-75
0
19
-15
48
-6
-36
-4
2:-2
2
14
-12
-6
46
-44
18
16
-34
353
-355
0
39
-38
-1
2:0
1
0
30
-26
2
-5
475
-353
-105
-14
10
-9
-2
-3
2:0
226
-227
14
-13
3
-2
394
-393
1
-4
69
-67
8
0
52
-54
-1
590
-589
509
-144
-345
211
130
-367
71
46
-113
11
107
-123
2
19
-13
-9
11
-2
23
-10
-21
0
-1
0
20
-17
24
-23
5
-9
0
1
0
7
0
-8
2
7
-9
4
75
-74
-4
197
-190
118
-124
28
-14
73
-89
0
1575
-1554
74
16
-110
194
-185
-10
111
-67
-41
-1
1
19
-19
-3
66
-66
2:0
3
0
98
-99
1
9
-5
1
15
0
-18
103
179
-285
15
-8
452
-382
62
-135
2
57
455
-518
4
1
40
-47
0
20
28
-39
57
39
-39
-60
-5
-1
7
-6
1
-2
245
-244
1
78981
-71090
-7821
-71
1
-2
0
19
-1
13
-31
19
830
-808
-40
8
-5
-3
5
-5
12
-10
24
-23
-4
0
4
1
16
-19
8
-10
3
130
-130
117
-93
1172
-1197
4
2
1
-3
-2
-3
0
128
-127
1
-2
72
-73
7
-5
36
-36
1
6
-2
-6
2:2
365
-266
-61
-27
-15
50
9768
-9819
4970
-4955
270
-285
0
8
2
-8
9
0
-9
-2
41
-39
2
14
-10
2401
-1330
-1077
1
334
-327
43
30
63250
-63318
-4
-6
517
-521
207
-195
-12
0
3
33
-34
15
-17
67
5143
-5203
-7
0
1
0
142
-140
63
36
-57
4008
-4038
-8
-7
-1
1
10
192
-179
64
29462
-29523
-22
-3
3515
-3515
-2
3
26
-10
47
-56
5
12
9734
-9303
-443
2390
-2403
8
83
-90
-2
-1
14
-6
-2
1
17
-24
87
-80
-1
-5
3:0
2
-3
1164
-1155
1754
-1722
148
-189
3:0
1
23
-14
-10
4
61
64
-126
0
2:3
144
-151
38
-38
6
23
-16
895
-910
635
-635
0
17
1003
-1020
6
1
30
-37
18
40
-24
585
-616
15
48
-66
0
424
-3
-405
-15
1
210
-209
3
6347
-6339
42
262
-83
130
-364
2
49
1362
-1411
0
4
387
-386
0
228
-227
2:-3
23
36
-62
0
17
-11
33820
-33824
10
9
-21
2:1
81
-82
53
251
-303
34
549
16024
-16607
93
-93
677
-676
4
-7
0
5
10
2
72
-89
25
3507
-3505
-26
-1
1
3
2:0
4470
-3654
-819
0
10
83
-94
2
76
-73
-2
-3
37
-37
1
48
-49
9
24
330
-347
135
143
-294
0
3
28
11
-40
0
16
-10
-6
-1
47
-43
67
-70
5
-1
148
-153
4
39
-42
2
27
-31
804
-772
-25
2
19
-27
4
-2
5
6
-3
12
0
-6
9
-22
-1
12
-11
5
-4
59
-62
146
-148
5
12
586
-602
1
2
578
-558
-2
-7
-13
-1
1
8
132
-128
3
-15
-2
234
201
-435
1
14739
-14688
-47
-5
0
5
14
-11
12
-18
2
1
-1
672
-661
1
0
1
-1
4:0
3
-2
-1
2:0
8
-8
1
-1
1
-1
4:0
52
-52
0
12
-11
5
-2
-1
-3
0
11
-11
5
-5
2:0
9
-8
-1
0
1
7
-8
2:0
2
-2
6:0
1
2
-3
2
-2
2:0
1
0
-1
0
8
-8
0
1
-1
10
-10
0
6
-6
5:0
1
-1
2:0
24
-19
-4
-1
1
2:0
-1
2:0
28
-28
6:0
2
-2
3:0
1
8
-9
0
5
-4
-1
1
-1
0
10
-9
8
-9
0
2:2
-4
0
1
-1
3:0
5
1
-6
19:0
21
-21
0
10
-10
1
-1
5:0
3
-3
1
24
-25
1
0
-1
3
1
-4
1
-1
2
2:-1
15
-14
-1
0
2:1
2:-1
2
8
-8
-1
2:0
-1
18
-15
-3
1
-1
17
-10
5
-11
0
2
9
-11
1
-1
4
-5
0
1
4
-4
8
-5
-3
0
-1
2:1
-2
2:0
42
-42
0
1404
-1338
-57
-9
3:0
3
-1
6
-8
3
-1
1
-3
1
0
-1
2:0
6
-6
5
-5
2:0
1
0
1
-2
2:0
1
21
-22
26
-24
25
-27
2:0
1
4
-5
2:0
13
-13
2:0
8
-8
2:0
5
-5
1
2
-3
3:0
6
-6
1
-1
0
2
243
-245
135
-133
2:-1
0
4
-4
0
3
3:-1
5
-5
0
3
-2
99
-92
-8
1
16
-17
8
-6
366
-365
-3
2
23
-25
7:0
3
-3
3
66
-69
4:0
6
-6
10
-9
3
83
-85
-2
3:0
1
13
-13
22
403
-420
-5
-1
74
-74
4:0
3
-3
2
1
226
-204
-24
22
-23
2
6
-7
0
-1
1
-1
0
1
0
-1
20
-19
2:0
-1
0
1
0
-1
112
-112
109
-100
4
-13
4:0
2
2:-1
0
5
2
-7
2:0
2
25
-27
4
2:-2
0
3
13
-15
104
-105
2:0
26
-26
2:0
1
-1
3
2
-1
3
-7
3
16
-19
0
14
17
-31
1
-1
7
-7
0
51
-51
0
11
-6
2
-7
0
16
84
-99
2:1
-1
1
-2
2
-3
4
-4
2
-2
2:0
1
0
122
-123
2
2:-1
2:0
9
-9
14
-13
1
2
-4
828
-828
5
-4
8
-8
-1
2:0
1
3:0
-1
5
154
-159
4:0
1
-1
126
-97
-29
0
8
-7
-1
0
15
-15
2:0
1
-1
1
32
-33
1
3
17
-16
3
-2
-6
2
-2
3
1
-4
3:0
1
-1
0
1
0
-1
1
-1
1
-1
1
10
-11
0
6
-6
6
-6
1
2
-3
4:0
2
-2
2
0
-2
0
2
-1
4
-5
2:0
9
-9
9
-9
2:1
7
-9
2:0
70
-70
5:0
1
4
-5
3:0
18
-14
-4
1
309
-307
-3
2:0
6
0
-5
-1
0
1
2:0
15
-13
end
