v1
720
55
31
121
3
68
19
287
79
80
486
52
139
14
19
15
8
18
106
105
31
24
155
49
66
18
35
51
81
182
201
94
56
22
16
130
542
0
62
103
324
148
140
32
108
7
49
241
10
285
89
41
8
21
32
104
26
276
56
2:15
75
79
11
271
22
12
67
163
65
96
10
194
22
118
22
104
41
170
7
301
0
23
11
61
95
5
0
178
122
89
6
45
288
41
25
21
135
7
24
51
174
23
131
123
104
153
20
67
0
9
0
80
53
33
118
139
47
32
57
94
45
93
85
368
114
0
228
165
87
17
46
109
16
75
184
172
0
98
0
19
377
204
184
54
339
36
11
22
57
31
266
214
298
65
41
135
104
39
253
110
532
33
28
287
41
53
2
22
139
81
19
100
8
292
25
69
275
16
549
191
10
30
24
57
286
8
59
36
14
25
145
302
4
27
29
45
6
32
49
0
13
25
17
7
1
46
2
17
130
3
1
118
73
7
2
12
62
6
34
5
14
6
8
32
13
5
35
26
4
3
35
3
16
55
35
18
29
9
27
9
28
61
29
402
45
78
215
94
0
229
62
35
96
146
87
28
58
218
10
6
27
6
38
78
231
53
54
121
35
106
85
142
198
61
151
136
146
116
13
79
196
6
31
299
10
23
15
83
70
229
0
41
423
43
42
8
12
225
758
301
53
40
252
60
55
24
32
111
24
82
240
22
75
18
32
0
328
315
165
80
64
286
33
30
89
82
0
37
2
2:36
90
38
19
24
72
11
2
5
8
147
40
48
9
220
63
53
339
13
196
61
2
36
45
20
82
100
2
8
237
69
101
37
175
70
121
8
7
36
2:43
45
86
169
28
38
100
54
47
31
30
37
90
18
2:2
36
50
153
59
5
20
3
93
100
3
0
35
118
96
10
119
136
58
40
45
29
18
116
0
101
35
67
31431
2
20
9
12
70
3
119
75
1
10
14
30
85
6
63
19
36
40
8
58
54
8
7
0
21
8
22
1043
37
72
0
68
111
71
0
171
10
3
47
0
9
2055
1246
2211
2
326
1553
3073
2067
5890
368
1322
3236
1889
10516
3
6494
3424
925
872
2652
2
4
10
8068
7
3710
958
2453
3
484
509
1014
0
3147
2:8
2
5
1428
106829
13098
1
3543
1
1735
5981
25
26
47
9417
28080
692
3615
34
18
4
26
16
50
71
137
72
17
5
35717
334
19276
3
48
1
8
41
102
7
157
7
26
3
18
110
46
47
13
3
38
2:1
8
2:2
11
2
1
725
7
22
14
27
85
21004
4271
9030
8555
238
203
1227
539
478
45
665
436
366
123
43
2
1
0
2
5
32
59
1
5
92
39
17
18
5
52
0
34
5
4
5
1
30302
10313
31
622
294
339
119
194
31
56
28
41
39
64
0
89
9
25
9
198
496
3
1
36
15
53
14997
11712
2:1
-487894
925
514
228
111
854
2127
194
261
214
927
1178
280
1140
288
8
353
134
576
777
430
188
2479
473
864
5
3125
7
589
3
273
479
115
806
156
391
951
1347
309
356
448
1584
334
381
153
607
89
229
340
246
549
226
1320
231
288
145
962
227
122
118
228
190
240
111
31618
182
67
28
244
18598
18994
22458
4653
22
7602
1458
2088
170005
1139
115
146
9676
1380
25036
18596
1106
1160
70
25205
20270
1717
19
39
4
154
55
40448
427
2661
14711
1411620600
619:0
1
99:0
10
147
-116
-40
7
-8
2:3
0
354
-344
603
-587
-23
42
-46
-2
8
1
-12
2
549
-550
1
8
2037
-2041
0
10
-15
58
1223
-1244
1640
-1615
-55
3
-5
64
-68
0
10
-12
250
-242
-6
3
7
103
-114
1
4
6
-10
67
-64
-1
208
-206
6
-11
23
-14
136
-138
-1
13
-17
0
10
-1
93
158
-229
-33
4
35
403
-439
-1
0
3
-3
1
73
-74
0
2466
-2463
2
24
-30
5
0
-4
12
57
-69
32
-33
39
-37
0
284
-273
67
-70
-9
0
8
0
-9
1
1037
-1027
24
-28
-7
50
-42
-2
-3
1
-3
2:0
3
24
-28
-1
3
-2
163
-158
-6
117
0
-112
0
-3
62
-58
-5
48
86
-124
-11
15
33
-22
44
-22
-41
-5
1
59
-33
-26
-2
2
-1
3664
-2776
-891
4
15
-13
12
-16
0
2
979
-980
6
-7
284
-68
-208
5207
-5214
120
-121
-1
138
-131
43
-42
-5
19
-16
5
49
-52
84
482
-557
275
-232
-58
0
11
4
-18
0
7
10
-9
608
-604
44
-13
57
-90
-8
208
-206
38
-35
-3
10
52
-64
135
-134
-3
13
11
-22
109
-69
-36
3
38
2:-22
15
139
-156
1
10
2:-5
150
-102
-30
-19
798
-797
3
-2
-1
6
-5
-3
139
-131
-6
0
51900
-51894
22
5831
-5857
161
-157
46
-27
3
5
142
-146
95
-121
31
-18
-14
175
-171
2
-6
12
-10
5
84
-75
10
366
-363
36
33
-78
43
-58
3
-8
-3
3
-4
145
-22
-109
1
-13
129
-124
-3
16
728
-741
0
17
13157
-12116
-1062
115
-7
-73
-37
0
32
-14
27
-20
-25
1
-1
14
-11
-3
0
4
-3
1174
-1153
-14
-7
400
-400
19
12
11201
-11225
-8
0
1
69
227
-262
-35
8
4
8
-5
-8
64
-72
1
2256
-2249
-6
-1
1
20
46
290
-344
2415
-2429
46
-44
13
-13
5
-4
362
-293
81
13310
-13383
-77
3145
-3126
-20
134
-34
7995
-8096
153
-139
7090
-6946
-152
267
-268
-1
1
0
-5
-1
2
11
2:-5
11
-6
73
-77
14
-15
2:0
1626
-1618
3694
-3703
62
-51
1292
-1303
0
4
-2
-3
4
-5
134
-106
-20
142
37
-183
4
2:33
22
-48
-45
0
931
-909
30
-53
15
-11
0
9
30
-40
4
-2
12
36
-22
-2
98
-129
11
151
4072
-3542
-630
-59
14
-15
4
-3
2545
-2541
451
-457
3
-1
-2
4
78
691
-769
-3
2
-4
4
59
-36
-18
-6
44
-35
2:-4
-2
19
18368
-18377
281
-259
-27
-1
14
66
-73
-5
424
-415
25
14569
-13942
-666
5
33
-31
6902
-6908
-3
-1
3
392
-393
79
3267
-3348
0
15
30
-37
0
-6
1
108
-70
581
-618
30
-24
98
-101
-4
-3
8
72
-69
2
-6
-4
10
102
153
-266
2
312
-315
1
7
6
-14
23
-23
8
1354
-1359
-1
22
128
-152
31
-20
25
14
-49
5
49
-50
2:0
-2
13
-16
3
-2
5
37
-43
5
41
-41
0
-5
217
229
-437
961
-949
-18
50
-34
-18
56
2762
-2811
85
-89
1748
-1711
-42
33
-1
-28
4
1182
-1184
43
-45
4
-4
68
-68
-1
26
147
-141
-31
-4
2:0
1
-1
1
0
-1
0
1
3:0
-1
1
0
-1
1
3:0
-1
0
1
-1
5:0
1
-1
0
1
-1
0
1
-1
1
2:0
-1
1
0
-1
2:0
1
3:0
-1
1
-1
6:0
1
0
-1
1
-1
1
-1
0
1
-1
1
-1
13:0
1
0
-1
1
0
-1
2:0
1
0
-1
4:0
1
5:0
1
-1
3
5
-6
1
-2
-1
4
-4
1
-1
0
1
-1
4:0
74
-74
0
1
-1
8
7
-3
-12
3
2
0
-5
4
-4
0
4
-4
7
-7
3:0
7
-7
2:0
1
-1
1
-1
6:0
1
6
-6
-1
1
-1
1
2:0
-1
0
1
-1
2:3
-6
9:0
100
-100
0
2
-2
2:0
1
-1
3
-2
0
-1
2
2:-1
16
-16
6
-4
-2
0
1
0
-1
0
18
-18
2
-2
1
-1
0
1
-1
8:0
1
-1
13
-13
0
4
0
-4
2:0
5
-5
0
4
1
-5
0
1
-1
1
-1
4:0
4
-4
4:0
6
-5
-1
1
-1
0
1
-1
2:0
9
-9
2:0
28
-17
-11
15
-15
2
-2
0
1
0
25
-26
0
1
-1
2:0
2
-1
8
-5
-3
14
-15
0
1
-1
2:0
2
8
-9
3
-3
2
9
7
-18
-1
31
-31
4
-4
0
2
3
-3
-2
1
-1
1
-1
0
3
-3
0
2:1
3
-5
0
1
-1
0
2
-2
0
9
-9
2
-2
4
-4
2:0
1
0
-1
0
28
-28
0
1
1186
-1186
2
67
-70
22
-18
0
-3
2
-3
3
1
-4
1
6
-6
-1
10
-10
1
0
-1
3
-2
9
-6
-4
60
-58
2:1
0
4
-6
-2
1
-1
1
-1
16
-3
-13
3
-3
2:1
-2
6
8
-14
2:0
216
-177
-39
4
0
-4
3:0
1
0
5
-6
2:0
1
-1
2:0
5
-5
66
-55
-8
-3
20
-20
5
-4
161
-159
-3
3:0
28
-25
-3
1
2:0
-1
1
4
-5
2
152
-153
-1
2:0
2:4
2
-8
82
-84
3
-3
2
-2
2:0
15
-10
17
261
-261
-22
83
-80
-3
0
13
-12
-1
4
-2
334
-313
-21
24
-26
6:0
2
0
-2
1
-1
14
-14
5
-5
2:0
132
-132
110
-110
10
-7
-2
-1
0
3
-3
2:1
-2
16
-14
-2
4
24
-28
1
2:0
14
-9
-6
0
98
-93
2
-7
1
2:0
1
5
-4
0
-3
1
5
-4
0
1
-3
1
30
-31
23
-15
-8
4
-4
2:0
51
-51
19
-19
2:0
2
-1
9
90
-98
2:-1
1
-1
2:1
-2
0
2
-1
0
-1
0
3
139
-142
14
-11
-1
1
3
9
-15
0
2:1
3
1254
-1259
2:0
2:1
15
-17
3:0
1
-1
5
155
-160
3:0
3
-3
3:0
15
13
-27
-1
0
37
-37
3:0
21
-19
-1
4
-5
1
3
7
-11
0
1
-1
0
1
-1
0
5
-5
3
1
-4
0
5
7
-12
3
1
-3
1
-2
0
2
-1
3:0
-1
2:0
1
2
5
-8
0
11
-11
2:0
15
-9
-6
244
-241
-3
6
-6
0
3
-1
-2
9
-9
192
-188
-4
1
0
-1
0
1
0
-1
0
1
0
6
-7
0
5
6
-7
-3
-1
0
1
-1
32:0
1
-1
27:0
1
-1
4:0
1
0
-1
26:0
end
