v1
916
584
159
486
52
187
597
18
314
237
58
56
21
1
81
65
39
668
354
258
140
592
159
136
358
466
177
258
194
22
118
167
160
58
355
915
33
102
31
225
277
72
37
31
84
33
20
242
257
275
31
62
85
447
428
275
297
25
109
494
212
151
79
339
69
57
376
674
790
309
143
601
300
94
275
565
312
294
59
50
295
282
6
19
13
25
18
69
46
19
124
10
118
82
74
59
14
50
65
112
127
118
447
0
173
120
225
160
254
110
314
39
116
284
54
121
141
85
142
87
172
418
15
441
299
39
9
83
299
41
516
995
199
102
53
30
72
305
165
2
24
344
75
50
328
910
33
259
17
36
128
19
107
7
8
147
30
10
283
96
14
339
272
36
45
20
184
452
175
17
53
63
66
43
86
277
51
38
100
54
47
61
147
88
212
5
23
175
18
5
151
106
398
47
252
31498
22
9
89
115
86
44
173
142
54
14
22
8
13
9
1152
68
92
19
71
181
3
47
3310
2211
328
1553
5140
10816
1507
10898
9921
4449
2
8082
3717
958
1533
923
10
983
0
4168
11
1433
106829
13099
3543
1
7741
73
9417
32421
22
280
20
89
5
55378
159
157
36
18
45
12
53
109
27
11
2
4
6
2
11
21887
3093
10208
8555
1668
539
523
1467
168
1
2
5
40
8
149
31
39
1
91
4
5
1
30302
10344
1599
84
41
103
77
27566
2:1
-487939
45
208
366
525
98
104
138
457
78
402
82
80
62
359
34
41
351
203
62
16
132
62
5
220
49
170
81
133
428
45
80
158
156
41
66
15
11
303
2
67
324
62
183
265
80
57
177
0
47
308
177
67
530
139
919
131
149
279
9
159
256
59
553
427
534
111
260
534
67
249
43
231
508
164
59
67
19
42
254
174
30
90
104
239
160
27
109
247
53
24
328
299
221
176
15
28
50
0
404
36
243
4
35
95
500
326
30
1
29
54
91
8
11
2:3
17
56
0
3
21
110
30
178
241
15
53
3
16
38
99
138
402
140
8
574
61
603
981
446
5
67
331
13
27
304
203
87
5
99
87
338
355
43
0
55
7
1355
22
312
111
177
40
75
138
204
185
110
236
0
171
248
11
1
17
399
64
25
139
37
0
95
59
28
241
846
21
17
246
100
383
437
94
31
35
276
299
36
382
84
107
127
74
50
90
129
2
178
14
19
176
155
125
1
31
31370
79
39
155
55
12
31
84
69
95
1118
148
123
120
1461
7230
2785
10048
18
15324
830
4874
423
3926
872
15396
2468
5147
10
16
2:4
121354
11261
29
22
32708
5528
3667
25
0
5
106
31
44
61
62
152
54559
1054
105
98
47
13
51
772
14
8009
9625
27879
2
86
141
625
0
436
548
1
10
28
61
83
45
69
47
16
40009
1240
968
357
662
70
51
31
15019
-476267
30
0
310
22
0
201
282
0
69
296
56
21
210
179
29
256
103
46
189
0
126
200
181
238
83
121
62
0
15
147
102
228
199
69
13
99
0
649
117
353
124
19
297
89
68
10
36
215
0
39
7
242
123
0
201
114
112
482
305
11
71
14
399
0
163
530
23
143
131
139
1
0
272
438
573
77
43
95
22
0
293
105
12
129
27
111
188
1
441
0
121
303
45
68
67
180
343
330
58
237
64
111
110
142
155
25
214
422
1
70
81
256
70
118
0
14
31
41
0
357
73
54
0
175
77
263
82
220
38
8
116
121
178
164
65
289
50
51
0
197
10
38
68
0
77
7
14
12
6
24
0
346
204
1
41
24
49
100
23
612
551
0
470
0
434
370
669
590
128
40
52
202
116
397
195
0
402
0
114
85
204
41
943
432
377
171
139
424
153
155
302
384
0
25
114
0
7
56
38
345
144
126
0
160
69
836
21
94
221
16
136
31
406
0
435
2
64
101
90
0
15
93
0
14
78
486
419
444
3
12
45
234
31347
177
70
76
97
15
147
48
1286
22
261
0
72
7536
2423
686
693
7264
0
6815
5084
0
27893
0
2
2826
4780
1536
3133
9
15
0
1415
4066
11418
0
115709
9
12179
29714
39
58
4
64
47
0
144
80
11037
0
25036
19336
24
292
268
47
740
49
56
37606
4729
1060
3835
43
57
45
2
0
48
19
30
46
8
55
40626
176
487
0
443
1368
376
26629
168
1411179000
299:0
1
299:0
1
315:0
42
-21
77
4
24
-104
4446
-4376
-73
334
501
-822
33
-30
-2
-9
2
12
-16
364
-313
-34
10
136
-148
306
-318
57
-63
327
-301
-24
63
36
329
-421
30
-2
3
202
-215
5
330
-363
96
-50
561
-593
-11
28
34
-3
65
-125
3140
-2908
-227
1080
-1004
7
-77
40
32
1293
-1369
-8
-2
11
482
-439
303
849
-815
-127
8740
-8994
86
-4
102
-192
24
-21
32
123
-129
14
-45
15
45
-60
461
-403
428
-478
28
50
-50
43
14
-74
50
-41
0
-10
80
-49
-9
-30
186
68078
-62372
-5718
-127
-57
1
224
-176
52
-96
106
-87
110
-129
162
-108
239
-246
-10
88
-82
32
-80
78
-71
10
105
-118
176
-107
101
6149
-5422
-887
80
-78
-14
-2
53
-49
1501
-1483
232
-242
68
16516
-16322
-219
40
-95
488
-484
18
29
370
-303
3464
-3543
20
-49
216
-215
3781
-3764
-11
4164
-1734
-2409
757
19014
-19782
2736
-2722
179
17851
-17874
476
-613
457
-345
-152
14
7286
-7299
3919
-1008
-2823
-74
-23
95
-94
143
41
-163
38
1430
-313
-1006
-166
59
-61
-9
13
-10
-1
356
-334
-22
294
468
603
-1220
-54
7688
-7773
377
-356
19
1538
-1519
109
-78
-104
1372
-1222
-122
0
-10
29854
-29851
33
-54
0
118
286
-105
25543
-25837
2441
-2444
10
53
7622
-7682
402
399
-696
15
2124
-2241
-7
23
4
9
-28
224
-200
7
256
-288
19
-19
641
-641
81
-61
381
-312
-97
11
40
-41
1687
-1683
33
47
-41
140
112
-293
1855
-1861
415
-207
1380
-1582
69
290
-260
-82
-24
-15
0
-3
1
2
3
-3
-4
4
7
-7
8
-12
8
-5
-1
10
-12
0
2
-1
0
9
-7
-1
3
1
0
-5
3
4
2:-4
2
10
1
-7
-2
-4
1
12
-4
-1
-7
13
-11
-2
1
0
5
-6
6
3
-7
11
-13
1
3
-3
1
6
-7
1
-3
1
-1
10
-9
-1
0
12
-9
-3
4
-3
2
-3
6
-6
0
8
4
-6
-5
7
-8
12
-10
6
-8
2
-2
7
-7
9
-2
1
-6
0
4
-3
4
7
-13
0
5
2
-6
10
-8
-3
11
-11
-1
9
-9
2:1
0
9
-9
4
-4
-1
6
-7
7
-2
0
5
3
-11
0
-1
0
4
5
-5
-2
5
-5
-2
-1
10
-9
2
-2
13
-8
-4
8
-7
1
-2
0
2:2
-3
2
-5
3
-3
11
-10
1
7
3
-9
-1
0
4
-5
9
-6
-1
2:2
2:-3
1
0
-1
8
-6
-2
2:3
2:-1
6
-10
-1
5
-5
10
-9
3
-2
10
-7
2
-1
0
-6
3
8
-11
13
-3
-7
11
-10
-4
11
-4
2
-2
4
-5
-3
2
2:-1
6
-2
2:-1
-3
3
5
4
-9
-4
0
5
0
-5
7
5
-12
0
3
2:4
-1
-10
4
-2
5
0
1
-8
2
-1
2:0
3
-2
0
1
0
1
0
5
-6
-1
2:1
5
-7
2:2
6
-5
4
-5
-6
4
-3
0
3
8
-12
0
7
-3
9
-9
2:-2
0
4
-2
7
-9
3
-1
5
-5
0
-5
-1
2:0
1
4:0
-1
2:1
0
-1
2:1
0
-2
-1
3:0
3
3:-1
0
1
2:0
2
-2
3:0
-1
1
0
1
-1
0
-1
0
3:1
0
-1
-2
0
3
2:0
-2
0
1
4:0
-1
2
-1
-2
0
1
2:0
1
-1
3:0
2
-3
0
2
-2
3
-3
2:0
3:1
-2
2
3:-1
0
3
-2
0
2
-1
1
0
3:-1
1
0
2
0
-1
1
2:-1
1
2:-1
2
1
-3
0
2
0
-2
0
2
0
-1
0
1
-2
1
-1
1
-1
2:1
-1
1
2:-1
2:1
-1
1
-1
0
-1
1
0
-1
0
2
1
0
-3
0
1
2:0
1
-1
0
-1
3
-2
-1
3:0
2
0
1
-3
3
0
-2
1
-2
2
2:-1
1
2:0
1
-1
2
-2
0
2
-3
2:1
0
-2
0
1
2:0
-1
1
0
1
-2
0
1
2:0
-1
1
-1
2:1
2:0
1
-1
1
-2
0
1
-1
1
-1
0
1
-1
0
1
-1
0
1
2:-1
2
-1
4:0
-1
2:1
-1
1
-2
1
-1
0
2:1
-1
1
-1
2
-2
2
-2
0
-1
1
-1
1
-1
2
-2
3
-3
2:0
2
-1
0
1
-2
2
-1
0
1
-2
3
-2
0
1
2:-1
0
2:1
0
1
-3
2:0
2
-1
2:0
1
4:0
2:-1
2
-1
2
-2
0
1
-2
2:0
2
2:-1
2
1
-1
1
2
0
4
2
-8
92
-90
-2
14
9
-23
14
-14
2
-2
5
-5
7
-2
1
-3
-1
-2
5
-3
1
-2
-1
2
0
2:-1
6
1
-7
4
0
1
14
-19
2:0
1
5
-3
25
-24
0
-4
1
2
-3
2
11
-13
0
18
-17
1
-1
5
4
-3
-5
-1
1
2
-3
-1
19
-17
48
-43
17
-21
60
-62
7
3:-2
3
40
-42
1
0
22
-20
-6
11
5
15
-28
11
-14
10
-1
4
-9
8
-8
0
-1
1
8
-8
0
53
1446
-1394
-86
-15
-6
2
4
-5
-3
1
20
-21
8
-5
44
-47
61
-59
5
2
-7
15
-15
13
-15
2
-2
2:2
7
-10
538
-476
-61
-2
5
1
-5
0
5
86
-79
17
-20
-7
210
-213
2
10
-11
44
-44
5
-6
2:6
189
-190
4
-14
9
-9
118
-111
2:-1
22
-26
37
423
-446
114
-125
7
342
-331
14
-37
3
6
-8
6
28
-28
282
-139
-130
-8
-12
2
3
26
12
-35
14
-20
143
-135
-9
7
-7
1
-2
6
-1
0
1
-2
0
37
-11
-5
-19
61
-67
27
-25
12
183
-188
-7
0
2:-1
5
-2
0
-1
169
-166
4
-8
4
24
-26
14
1926
-1943
25
-21
-2
5
195
-195
80
-44
-40
55
-58
8
-2
19
-19
-3
7
-8
0
4
9
-10
-3
3
-2
2:5
-9
5
-4
-3
3
-4
-1
8
-2
9
-15
16
5
-9
-11
304
-301
16
-2
21
-36
4
-7
13
-11
-1
0
1
-2
2:0
2
-2
1
-1
1
2:0
-1
1
-1
2:0
1
-1
4:0
1
-1
5:0
1
-1
2:0
1
-1
0
1
-1
0
2:2
2:-2
9:0
1
-1
7:0
1
-1
0
2
2:-1
1
-1
5:0
2
-2
3:0
3
-3
0
1
0
-1
4
-4
4
-4
4:0
2
-1
0
-1
0
1
-1
7:0
6
-4
-2
2
0
-2
1
-1
1
-1
0
6
-5
2:0
1
0
-2
2
-2
2
0
-2
3:0
1
-1
2
-2
4
1
-5
2:0
5
-4
-1
0
5
-3
-1
4
-5
1
2:0
-1
4
-3
2
-3
1
3:0
1
-2
1
0
-1
0
1
-1
2:0
3
-3
0
2
-2
1
0
-1
0
1
-1
4:0
3
-3
2
2:-1
2:1
-2
1
2
-2
2
0
-3
2:0
2
-2
0
2
-1
1
0
-2
0
1
2
1
-2
3
-4
-1
2:0
2
0
-2
1
-1
3:0
1
-1
0
1
-1
2:0
10
-10
1
-1
0
2
-2
0
1
2
-1
-2
4
-4
1
0
-1
0
1
0
1
-2
1
-1
0
2:1
-2
0
5
-3
2
-1
1
-4
0
5
-4
-1
1
-1
0
3
-2
1
-2
2
-1
6
-6
2:0
-1
0
1
-1
1
-1
6
-5
2:0
-1
6:0
1
0
-1
16:0
10
-10
2:0
1
-1
4:0
1
0
-1
1
-1
14:0
5
-5
3:0
2
-1
0
-1
12:0
1
-1
4:0
1
0
-1
9:0
1
-1
5:0
1
-1
1
-1
0
1
-1
30:0
1
2:0
-1
25:0
1
-1
0
1
-1
13:0
1
0
-1
3:0
1
-1
5:0
2
-2
8:0
1
-1
3:0
2
0
-2
15:0
1
-1
7:0
1
-1
14:0
1
0
-1
1
-1
13:0
1
-1
3:0
1
0
-1
2:0
1
-1
5
-5
0
3
-3
1
-1
0
1
-1
2
-2
6:0
1
-1
4:0
1
-1
4:0
end
