v1
689
240
344
159
381
105
52
115
0
24
48
130
107
378
14
0
538
57
23
33
7
15
28
118
221
275
46
62
44
59
262
78
170
29
73
140
592
159
32
85
45
50
22
132
128
11
5
179
160
111
34
401
216
118
167
160
107
306
278
132
85
420
135
7
42
33
37
29
74
34
277
109
115
33
20
24
218
194
63
79
196
93
85
98
104
36
173
1
83
77
303
275
297
134
16
478
212
132
19
79
59
67
0
213
69
3
54
175
517
223
86
49
12
47
25
282
55
369
213
22
19
27
0
28
93
290
32
129
200
118
276
275
16
93
119
291
46
70
131
60
95
250
59
196
24
118
188
27
22
7
83
40
7
34
6
71
19
124
10
118
73
9
74
40
19
6
58
65
3
35
3
16
55
14
141
90
374
7
65
1
173
120
225
160
35
219
110
302
2
10
33
6
116
146
192
262
85
101
100
200
151
68
29
185
129
275
6
31
10
289
10
5
33
153
172
57
41
508
20
175
50
758
199
102
83
10
176
136
55
56
0
111
24
157
56
82
49
75
50
215
113
0
392
78
163
277
33
186
46
8
30
42
90
38
19
107
2
0
5
8
147
40
283
110
339
270
2
36
65
0
184
38
377
0
37
1
174
191
8
3:43
204
73
51
38
100
54
47
50
11
55
90
0
2
88
153
59
5
20
3
104
94
247
10
119
80
56
58
85
47
21
42
189
92
31401
5
22
9
43
156
5
33
53
14
30
85
88
76
8
58
54
14
22
8
22
932
148
72
68
111
71
181
1
2
47
2969
341
2211
325
3
1553
979
4161
10816
1500
389
10516
3
0
790
830
4874
3424
925
3524
2
4
8087
0
3708
958
1533
920
13
1997
14
3133
7
11
5
1
1427
106829
16642
1
7716
25
26
47
9417
28772
3649
0
22
11
15
0
7
9
82
39
4
40
0
61
12
20
89
5
54647
703
28
11
39
109
157
33
3
18
57
51
108
3
27
13
3
1
6
2
11
3
63
691
14
6
176
3445
20582
1178
9030
0
3251
4726
816
203
44
1183
206
333
334
2
131
56
40
625
802
166
2:1
3
22
9
18
4
58
38
45
2:4
31
1
2
3
0
34
44
38
13
5
1
30302
10313
0
31
808
279
481
31
84
144
558
272
36
15
112
14716
222
11712
2:1
-488122
711
480
476
339
196
3
193
244
76
0
25
195
368
139
168
0
295
245
481
332
123
308
45
495
661
91
223
103
2:74
136
1102
19
238
226
229
1528
41
0
16
0
782
267
134
56
1112
4
1862
599
269
0
14
55
479
315
218
67
10
0
168
216
720
635
9
0
17
83
100
5
43
14
0
120
0
7
106
0
223
73
309
28
164
300
273
231
54
123
121
226
1062
519
650
448
509
521
93
187
50
500
162
1682
567
220
349
0
62
97
12
37
2
19
582
969
140
0
352
10
60
93
289
171
2:59
433
91
1
13
96
0
787
0
83
145
303
229
31793
0
160
107
1324
467
5969
27454
5760
23817
2471
993
0
1028
4571
119941
0
53200
39
23
248
61
11056
25036
19336
0
2
286
108
75
0
93
81
30035
14191
826
3055
39
14
132
67
14
95
40072
1189
304
740
11
270
98
0
186
15520
1411405800
499:0
1
188:0
6
17
-19
11
83
-90
2
0
-3
220
-221
-3
2883
-2856
1
-26
370
-373
260
-146
-103
164
-143
-19
28
348
-347
-39
18
7
-27
23
-15
73
-34
118
116
-282
0
2
4
-5
-1
262
-239
-16
67
-73
566
-567
9
80
259
-308
-34
-5
18
115
-129
0
45
-49
2
-3
0
14
-9
12
295
-183
51
-179
-1
2
1
187
-189
23
81
-93
196
-206
7
28
26
-63
6
-4
5
40
5
91
-117
-25
23
-23
4
-4
430
-428
5
0
73
-57
-19
96
-62
-34
17
-17
20
-18
8
-14
12
-12
5
146
-65
-73
-6
0
-3
20
-25
2
4
2:-3
200
35
-194
0
-39
0
1971
-1917
-39
-17
1
113
-113
333
-189
-142
-1
0
-1
1
53
-53
1703
-1697
71
115
-150
-44
63
-39
115
183
-234
-88
360
-353
5
854
-852
-11
3
20
29
57
-112
42
-42
14
-13
2:42
-37
-38
10
-13
-1
414
-416
461
129194
-129567
8719
-8729
-17
-43
2
-8
-11
-2
8
315
-323
2
54
-57
3:3
-9
63
-59
10
187
-181
-22
122
669
-731
-59
-1
0
72
-62
70
-69
4
46
-58
113
-112
-4
901
-895
-1
4
2
9078
-4776
-4295
-12
2
0
30
-35
6
17
-18
-7
5
-6
577
-555
-17
2716
-2655
293
-352
-6
17
22
49182
-49203
-10
309
-304
-11
0
65
-40
2
5154
-5071
-112
2
48
-47
54
-35
20824
-20796
-49
7
-5
-3
260
-250
44
35391
-35420
125
2891
-3042
30
-24
41
37
-65
12643
-12028
-527
323
-426
58
-49
-2
-3
-5
0
9
245
-163
-87
-6
1993
-1994
69
4513
-4531
44
-92
240
-175
80
95
-230
182
-161
99
-130
49
55
-28
38
392
-500
1053
-1061
0
658
-656
780
-777
76
-81
12
9
-17
176
-112
-69
2521
-2382
-120
79
1680
-1769
-5
397
-397
-2
142
-143
56
259
-315
59
1629
-1686
0
-1
26
4
-27
3
-6
-2
0
3
6
46978
-46981
-3
8
102
-107
46
-50
374
-370
129
13730
-13863
149
-39
138
-249
6
1
-6
48
-47
57
-59
7
0
-1
-2
294
-245
7586
-7636
1
10
-15
14
625
27
-662
112
-83
26
-57
-2
57
-52
494
-481
-17
4
59
90
-10
-135
71
50
-128
1
-3
62
-61
9
-3
3
-9
0
1
-2
41
92
-131
19
-16
-4
29
-29
56
593
-635
-3
27
-33
-3
-1
2
31
12
-44
-3
6
-5
59
-58
-2
2
0
153
-82
-71
617
-615
560
-553
-9
0
206
-207
-1
446
-357
16705
-16677
-84
47
-67
3
-15
10
12
890
-900
10
-23
-1
0
-1
2:1
3:0
-1
0
-1
0
1
-1
1
0
-1
0
1
-1
2
2:-1
1
-1
2
-1
0
1
-2
2:1
2:0
-2
2
-1
4:0
-1
1
-1
0
2
0
-2
0
1
0
-1
2
0
-1
0
-1
1
2:0
-1
1
-1
1
0
-1
1
-1
2:0
1
3:0
1
-1
0
1
-1
0
1
-1
1
-2
1
-1
0
1
-1
2
-2
0
2:1
-2
0
2
2:0
-2
1
-1
0
1
2:0
-1
2:0
2
-2
1
-1
1
0
-1
3:0
1
-1
0
2
2:-1
0
1
4:0
-1
2
0
-1
2:0
1
-2
0
2
-2
2:0
2
-2
1
0
1
0
-1
0
-1
1
0
-1
1
-1
1
2:0
1
-1
1
-1
0
1
3:0
-2
2:1
0
-2
1
0
-1
2:0
1
-1
1
-1
1
0
-1
0
1
0
2:1
2
2:-2
0
1
5
-6
1
55
-56
2:0
13
-13
6
-5
4
-3
2:-1
1
16
-17
0
4
-4
3:0
9
-6
6
-5
-4
0
1
-1
5:0
1
-1
4
-3
1
2:-1
7
-7
0
2
-2
5
-4
-1
4:0
1
0
-1
25
-18
-5
-2
3:0
20
-20
2:1
-2
1
0
-1
3
-3
1
0
-1
1
0
5
-6
4
-3
6
-7
2:0
22
-22
2:0
8
-7
-1
4
-4
0
3
-3
5
-5
11:0
2
-2
2:0
1
-1
31
-19
-11
3
-4
0
4
-4
3:0
56
-55
-1
0
2:1
-2
0
2
11
-12
0
5
-5
25
-21
-5
14
2:-6
24
-18
-8
10
-8
-1
11
-10
-2
0
3
4
-6
-1
4
-4
2:0
6
-2
2:-1
3
-1
-4
60
-60
1
1512
-1513
78
-65
-12
1
0
-1
2
-3
8
2:-4
3
7
-8
-2
4
0
-4
12
-10
-1
22
-10
-13
1
16
-16
1
-2
0
17
-16
10
-10
4
-2
-3
2
2:0
7
-6
-3
1
0
323
-208
-115
1
-1
0
-1
0
1
4
-3
-1
1
-2
2:2
-4
99
-86
7
-20
0
5
-2
329
-324
-4
25
-28
-1
0
2:1
0
134
-135
-1
0
11
-11
14
-12
101
-99
-4
0
1
-1
20
-20
15
491
-496
-10
73
-73
2
-1
4
2
-5
325
-298
-23
24
-29
4
-5
4
2:-2
0
1
18
-16
-3
1
130
-130
1
137
-131
1
-8
-1
4
-1
1
-3
24
-23
11
-12
-1
12
10
-22
113
-112
19
-19
-1
3
-2
5
-3
0
-3
3
-2
-1
4
13
-17
25
9
-34
2
46
-47
-1
9
-7
0
2
-4
1
9
-10
20
103
-120
7
0
2:-5
2:0
3
-3
2:0
1
207
-208
0
1
9
-8
14
-16
2
-2
8
918
-926
5
-1
6
-9
2:0
1
2:-1
2
-2
1
0
2
-1
0
4
229
-234
-1
2
-2
0
160
-131
-28
-1
24
4
-28
2
14
-16
27
-27
0
3
10
-7
-6
1
3
0
-4
3:0
1
0
-1
1
-1
2:0
1
9
-10
0
5
-5
0
6
-6
4
1
-4
-1
0
3
-3
2
2:-1
2:0
2:1
-1
8
-9
3:0
9
-1
-8
14
-14
98
-97
2:0
11
-12
2:0
5
110
-111
-4
15
-7
-8
2:0
1
33
-32
-2
27:0
4
-4
15:0
1
-1
33:0
1
0
-1
19:0
1
0
-1
30:0
1
-1
5:0
4
-4
22:0
1
2:0
-1
0
1
-1
1
0
-1
10:0
2
0
-2
0
end
