v1
596
55
223
19
20
114
312
111
368
7
31
21
74
65
39
9
237
55
204
119
106
275
170
58
19
36
1
22
28
118
237
305
62
103
612
140
7
287
298
138
21
132
30
332
195
160
111
22
79
9
173
142
10
194
159
107
41
73
105
143
10
320
200
61
55
101
0
30
344
25
21
135
31
225
277
4
253
20
67
69
73
33
194
63
306
147
572
177
213
161
27
297
25
33
76
16
9
39
34
15
381
363
25
54
59
104
176
69
57
437
373
63
177
91
236
39
424
281
121
235
171
245
118
182
94
56
219
109
119
57
280
201
111
286
8
134
66
197
7
221
16
12
33
6
32
18
22
3
19
49
1
46
19
128
6
103
15
21
61
74
9
31
19
6
58
61
4
57
38
17
127
28
90
440
7
85
88
120
225
160
35
31
82
106
110
30
274
10
6
27
6
116
214
17
53
54
121
141
85
101
94
37
108
58
3
146
5
97
185
116
13
27
254
17
14
299
10
5
33
153
229
41
68
355
58
40
182
50
758
301
93
176
47
89
55
24
32
105
4
0
2
24
157
187
63
12
237
141
77
327
66
154
9
277
33
30
202
80
128
2:19
5
14
69
7
8
147
40
48
12
223
18
92
339
108
63
99
2
36
45
20
184
255
160
37
21
154
70
121
8
43
80
6
204
73
51
38
100
54
47
31
30
37
108
2
88
153
59
5
20
3
193
5
33
217
7
244
55
14
40
41
4
8
60
42
38
117
34
1
31492
5
22
9
43
247
11
3
30
85
69
19
76
1
7
58
54
8
28
8
22
12
920
220
68
111
71
181
3
47
281
3029
2211
2
326
1553
5140
7580
3236
12405
3
790
5704
2608
0
816
3064
1385
2
4
10
8041
36
3708
958
1533
923
0
5154
18
5
1428
106829
13098
1
3543
1
1735
5981
25
73
9417
28772
3607
42
22
2:11
4
18
0
28
135
73
20
16
56
17
2:5
55373
9
143
7
157
7
2
27
18
34
11
12
53
97
12
27
11
2
12
11
728
0
29
14
6
12
164
7825
9627
3482
3093
13459
4729
2243
539
467
56
665
802
166
2
1
2
5
6
42
50
91
39
9
31
35
6
3
47
4
6
30302
1513
8746
54
31
600
22
294
189
92
58
167
19
158
56
28
144
98
34
698
36
15065
11712
2:1
-487913
19
20
1159
107
153
610
270
1065
750
542
124
84
311
1165
198
3146
774
44
35
47
1938
1064
627
13
408
992
94
450
304
824
1132
154
199
160
17
231
296
650
47
530
454
10
585
348
292
1160
290
2197
425
181
367
1619
370
230
149
1224
30
1121
513
1085
264
266
31464
77
115
33
8011
20173
7281
12819
490
11615
2
1
12299
174780
165
11
11026
44413
82
87
354
4
62
106
29943
5152
8555
2541
1858
167
42738
729
94
1411809600
499:0
1
95:0
2
-1
2:0
1
9
-6
2:0
-1
7
-8
1
12
140
-127
-22
-4
1740
-1736
2
7
395
-409
6
263
-258
151
-159
-3
103
-65
-30
15
-17
-4
-3
248
-245
22
4
-26
163
94
-258
128
-109
1
-16
59
-46
-16
2
525
-529
20
-20
2
-3
1
2
67
-45
-24
16
0
-11
-3
65
4304
-4369
14
168
-25
-159
25
-5
-18
-1
0
182
-142
-12
-29
6
-4
5
-6
0
24
-24
11
-3
37
-46
0
7
-6
1
2
2:-1
294
-296
4
39
-28
6
-21
20
-15
24
-30
65
-58
3
92
-98
18
-22
50
-47
0
186
-170
92
-107
2:-2
351
-350
61
-61
78
-71
-6
149
-148
-3
786
-784
5
-7
74
102
-132
-35
4
-9
-3
14
-4
-10
68
-68
5
12
191
-174
-34
0
17
-14
4
-5
123
-47
-74
10
-12
-2
74
-72
26
-22
13
106
-110
-14
0
18
-19
0
217
-218
1
282064
-282062
11
1867
-1812
-67
2:0
8
11
65
-58
-28
4
-3
0
5
12
-9
-7
2
-1
1
5
-5
0
-4
10
53
-54
-4
99
-91
23
237
-272
21
-22
7
-1
-4
42
35
-56
-18
-5
3
0
2406
-2408
2
17
-5
-3
63
-7
4313
-4380
1359
-1359
38
29
-58
-6
-4
6
45
-40
-3
8
-4
1341
-1320
-32
0
3
95
-88
29
51066
-51104
10
12
303
-313
113
-127
33
-27
2
-6
205
-207
49
1475
-1523
7
15
-23
58
-52
-1
767
-765
-6
21
-22
8
23
1
33
17637
-17685
-17
1853
-1852
14
21
20
183
13784
-13962
-55
504
-509
56
-50
-3
11
-15
11
-4
-6
78
82
-159
-2
0
6
-5
1233
-1232
2
2675
-2590
-66
-21
7
-8
1
161
-160
-1
89
-75
-15
9
2
55
-64
633
-628
81
-89
1
18
-2
17
2:-12
12
-12
-6
47
100
-135
342
-138
-177
-41
4759
-4484
-269
47
-53
2:0
183
567
-743
800
-808
1
2:-1
6
154
-159
1
0
-2
13322
-13305
22
-13
2:-10
17
78
-98
0
239
-217
8124
-8148
43
-22
666
-687
8
-9
2:1
112
-114
5
126
-130
-1
16
8245
-8240
-19
-2
12
16
224
-247
-3
45
-20
-15
15
-7
240
-260
25
-25
15
13
9
16
-52
2:1
13
-16
0
11
-7
-4
30
-28
-2
5
-4
39
-40
7
-6
56
-50
51
-52
0
-2
3
358
-365
5
56
-60
23
-20
58
-12
-16
1368
-972
-418
-11
0
5
32
-33
16
-16
30
-28
6
-12
198
-160
-39
3074
-2884
-180
-10
17
21
88
-37
-88
11
-12
2:0
-1
8:0
1
2:0
-1
7:0
1
-1
2:0
1
-1
2:0
1
0
-1
1
-1
6:0
1
-1
0
1
0
-1
0
1
-1
7:0
1
-1
1
0
-1
4:0
1
-1
4:0
1
0
-1
1
0
-1
5:0
1
-1
4:0
1
-1
3:0
1
1
9:0
2
-2
1
-1
6
-6
2:1
41
-43
2:0
9
-9
0
5
-2
1
-4
0
13
-13
1
7
-8
1
-1
12
-12
4:0
2
-2
2
-1
0
-1
0
1
-1
3:0
3
-2
-1
3:0
15
-13
-2
2
0
-2
2:0
2
-2
0
14
-8
-6
2
2:-1
2:0
14
-14
4
-4
4
-4
3:0
3
-3
0
1
3
-4
4:0
1
-1
0
4
-4
0
5
2:-2
-1
2:0
3
-3
0
2
-2
2:1
2:-1
1
-1
0
22
-22
6
-5
-1
0
4
-4
2:0
21
-21
4:0
5
-4
-1
0
11
-10
0
-1
0
1
-1
12
-10
-2
12
-12
8
-8
16
-12
-4
0
3
5
-4
-2
7
-7
-2
3
-3
0
3
-3
6
-6
3
-1
0
-2
0
1
-1
0
40
-40
1
835
-836
0
53
-47
-5
-1
2:1
-1
2
-3
1
-1
3:0
8
-6
-2
1
0
-1
2
-2
4
-4
2
6
-6
0
14
-5
-6
9
-14
1
-1
0
3
-3
9
-2
-3
-4
0
1
2
-3
1
-1
3
0
-3
2
3
237
-242
76
-76
2:0
4
-3
-1
4
-1
0
-1
0
1
72
-68
-7
1
-1
12
2:-6
244
-244
2:0
4
-4
19
-19
4:0
3
-3
4
86
-90
0
7
-7
8
-8
2
51
-52
-1
2
-2
3
7
-9
11
271
-282
-1
44
-44
0
2
2:3
139
-134
-13
18
-17
4
-4
-1
4:0
2
-1
6
-7
3:0
1
103
-104
0
69
-64
1
-5
4
-4
-1
10
-9
0
21
-20
-2
1
2
11
-12
75
-75
9
-11
0
2:2
0
1
-5
3
-2
2:0
19
-20
14
12
-19
-6
32
-25
-5
-2
-1
2:0
12
-7
4
56
-65
2:0
2:1
2:-1
3:0
110
-110
2
2:0
-1
3
6
-10
1
0
6
593
-600
2
-2
12
-10
-2
3:0
2
-2
0
1
-1
0
2
137
-139
1
-1
0
18
-9
-6
2
-4
11
-12
0
14
-14
0
14
-13
2
5
-4
1
-3
1
-2
1
-2
0
2
-2
0
6
-6
2:0
2:1
-2
1
3:0
2
-2
0
-1
0
2
-2
2
7
-9
3
-3
0
4
-1
41
27
-69
-2
2:0
4
-3
0
-1
1
-1
1
-1
5
-2
-3
301
-300
0
-1
13
-8
-1
3
-7
1
-1
44:0
1
-1
8:0
1
0
-1
8:0
1
-1
4:0
1
0
-1
6:0
1
-1
8:0
2
-2
3:0
end
