v1
814
69
0
141
0
107
223
13
190
79
54
104
75
174
52
15
100
24
48
26
30
130
82
0
228
84
17
18
14
2:37
100
126
210
27
39
13
62
7
14
1
28
73
45
496
46
80
85
21
38
12
222
217
24
54
24
140
17
39
170
214
50
102
159
32
130
28
44
106
154
34
28
133
16
50
6
64
169
67
76
152
106
52
142
18
4
19
99
126
41
81
63
16
58
355
122
113
25
150
63
16
6
28
26
345
21
33
102
7
70
145
6
28
277
72
37
10
105
33
20
67
123
52
194
63
50
29
48
148
93
85
157
255
83
77
303
257
18
297
25
109
16
48
218
168
44
212
151
25
45
9
339
36
33
57
31
82
401
295
64
42
128
7
89
15
117
145
55
274
7
88
254
27
28
81
12
50
185
53
24
339
271
29
25
69
106
0
59
0
110
7
9
34
121
221
173
97
84
92
39
49
172
73
24
35
19
56
145
125
116
91
1
29
12
33
6
19
13
18
7
18
12
0
5
2
6
2
11
30
1
46
2
3
14
7
126
1
118
73
9
74
40
5
14
59
5
35
2:15
3
24
11
19
38
17
82
45
118
74
11
2
61
278
21
85
88
120
103
122
134
26
35
96
23
100
110
30
68
49
18
97
42
10
39
116
284
54
121
35
106
85
101
41
36
23
0
28
3
108
61
146
5
25
72
185
156
52
202
17
14
222
49
5
23
10
5
18
15
66
17
70
229
41
423
85
20
175
9
541
258
199
102
53
18
22
252
60
55
56
109
2
24
113
0
44
56
130
1
8
67
50
30
690
12
185
0
44
8
5
6
12
61
185
33
30
8
54
77
17
15
25
33
11
6
36
53
37
11
27
19
38
59
10
7
8
147
40
277
102
14
339
272
36
45
20
77
0
56
18
33
8
221
183
0
40
0
34
141
70
121
8
43
74
12
6
20
178
73
22
15
14
38
98
2
54
47
61
6
31
58
50
2:2
86
153
59
5
20
3
104
89
3
2
151
106
102
17
2
1
175
15
20
21
45
47
63
53
5
55
42
34
35
32
24
1
31401
5
10
12
9
59
79
66
33
22
31
2
9
31
26
61
42
27
19
2:38
8
13
45
54
14
22
8
22
12
0
1031
7
58
44
68
92
11
8
71
181
3
47
9
0
272
870
1818
341
2211
2
323
3
1553
979
2094
2067
4225
3355
3236
12405
3
790
830
5310
2172
816
925
3524
2
4
8051
27
7
2
2821
5
882
2491
933
985
4166
9
2
5
1
1414
13
106829
13098
1
3543
1
7716
1
20
4
26
47
9417
2665
28731
972
50
3
18
0
4
11
15
7
11
163
61
12
20
89
5
54647
731
0
9
150
60
97
7
2
24
21
34
23
53
46
47
13
3
0
27
11
2:1
2:4
0
2:2
11
2
17
709
29
14
9
53
120
7827
13107
3093
1178
9030
3251
4729
575
238
203
44
0
1183
454
85
334
189
665
436
366
166
2:1
3
5
0
1
39
2:4
44
9
5
32
23
18
10
2:2
4
5
26
2:3
33
1
32
3
17
30
4
5
4
6
40006
609
31
87
51
462
200
204
564
31
56
28
41
103
56
42
34
304
0
394
36
15
53
14997
11712
2:1
-487894
476
18
264
1176
89
353
13
604
69
75
0
1601
431
169
19
172
1230
1487
109
1338
394
225
174
754
901
545
810
945
246
1023
951
102
119
25
409
264
379
516
0
3
365
1891
1820
255
0
798
1226
15
35
1565
1066
908
386
231
0
301
275
6
1004
257
292
368
336
330
650
0
352
0
336
200
0
77
49
31553
299
38
1981
14351
3472
9763
14699
1764
3889
10311
2814
5303
4160
174596
13
152
118
72
11056
44935
0
21
836
56
29202
7157
0
1247
8074
1594
35
274
41523
209
427
827
0
114
354
1411166400
699:0
1
113:0
4
3:0
-1
3
12
23
-37
-1
-2
0
78
293
-337
-20
-13
38
-37
0
2
0
-1
7
-4
7
4496
-4502
1
-7
313
-312
9
29
-40
0
1179
-1169
15
-18
208
-209
3
94
-95
13
46
-66
2:1
-1
4
7
-7
77
141
-216
157
-164
30
-16
193
-200
-6
6
0
2:-4
243
-243
23
-21
6
16
-22
163
-163
10
-8
0
7
4
-7
2
-9
2
5
4
34
-38
-7
21
80
-80
-19
-2
1
-1
0
2
21
-15
-5
220
-156
-68
19
-19
7
-4
-2
116
127
-89
-151
0
1
122
-125
3
-3
180
-130
-30
-15
38
-39
8
-5
-8
0
42
-40
-1
61
-61
1866
-1560
-306
779
-773
-2
2
-8
164
-45
-89
-15
-14
445
-178
-267
1379
-810
-543
-16
-9
9
61
-46
-26
11
-1
-9
11
-10
18
-19
146
-130
3
-15
2
42
-37
-11
5
-4
6
413
-419
1215
-1216
350
-348
3:0
16
-19
1
-1
0
10
4285
-4295
5
-2
23
-26
4
427
-430
101
-98
-4
2:2
7
-7
15
217
-236
23
-6
-16
121
-82
-5
-10
-22
-1
-2
5
929
-932
4
126
-127
76
-71
78
-8
-78
18
306
-317
4
286
-247
-38
-12
158
-157
35
-22
57
320
-345
-41
13
-18
9
34
-10
-25
205
-214
20
-17
-2
5
33
-40
119
103
-217
36
-37
57
-59
-1
2
11
726
-738
3
-3
-2
3
-3
157581
-152689
-4557
-314
3
100
-123
80
44
206
-330
60
-58
0
3
-6
0
226
-220
13
75
-74
45
-65
5
7
-10
27
-27
0
6
159
-150
1142
-1154
144
-147
5
45
59
477
-579
-2
4
-4
12
10
195
-211
414
-418
-7
1
0
4
-3
7
64
-44
-17
-13
0
2:3
0
12893
-12896
2396
-2363
93
-123
2:-2
0
1
17
-19
9
6
-16
34
7
-39
1
-3
-1
15
-9
2:-2
-1
14
13
-26
11
43
1663
-1685
-21
-2
448
-439
124
23143
-23234
-53
6
278
153
-434
86
-84
96
-98
0
1
0
7585
-7582
-6
-1
2
44
0
-44
5897
-5881
18
33319
-32902
-451
73
-72
80
-83
6
-4
0
1568
-1445
-125
632
15968
-16545
4341
-4382
-12
2
77
-10
-58
140
-129
32922
-32556
-237
2528
-2673
757
-735
224
-251
52
-54
21
-20
0
57
-54
-4
1
543
-417
-123
5
-6
-3
18
3515
-3534
8
-6
-1
16
3408
-2862
-482
66
-147
3
31
-24
-9
7
-3
-1
260
-263
1
-2
10
191
-198
50
6
-54
56
29
40
2213
-2270
241
-313
0
6
123
-129
352
-323
4
-22
73
-81
715
-690
-17
35
0
-45
-1
1
296
61
-354
-4
1212
-755
-450
23
89
-118
8
5132
-4518
-617
91
-97
504
-502
104
-102
37
1519
-1548
-9
348
-352
2
-2
7
6
10
32
182
-219
15
35690
-35709
-7
-1
8
140
-88
-54
-2
199
-204
2:0
323
-262
126
14488
-14678
2:-1
2
7
17
-25
1338
-1339
24
-19
-4
2
18
30
-46
44
7601
-7643
-4
0
9
654
-612
634
-681
2
-5
69
-67
91
-85
-10
-1
46
125
36
-168
1449
-1483
56
26
-85
0
16
133
71
-216
0
-6
2
41
608
-652
8
-4
17
-4
5
3
-25
124
762
-885
1
-1
0
77
-10
-32
-12
26
-30
24
70
-92
-22
39
2:-17
-3
-1
74
-73
5689
-5689
-1
17
10
136
-164
15
-13
-1
3
-3
61
-24
-31
-6
350
-351
2
-1
1
-1
74
621
470
-1156
-8
342
-221
-120
-2
0
6
38
164
-195
5508
-5516
21
-26
12
-8
-4
0
70
-44
-19
-7
28
610
-616
-20
-4
2:0
1
4:0
-1
1
-1
2:0
1
-1
1
-1
0
1
-1
2:0
1
0
-1
1
-1
3:0
1
0
-1
1
-1
1
2:0
-1
0
1
0
-1
1
-1
0
1
0
-1
8:0
1
0
-1
0
1
2:0
-1
7:0
1
3:0
-1
2:0
1
0
-1
1
-1
1
-1
1
0
-1
1
4:0
-1
3:0
1
-1
2:0
1
-1
1
-1
1
-1
1
0
-1
2:0
1
1
6:0
1
0
-1
2:0
5
18
-23
2:1
0
2:-1
0
1
0
2
-3
0
95
-95
2:0
1
0
-1
3:0
10
-10
2
4
-4
-2
2:1
14
-16
7
-7
6:0
10
-6
-2
2:-1
3
-3
11
-10
-1
2:0
1
-1
3:0
1
-1
4:0
4
-4
1
0
2
-3
1
0
-1
1
2
5
-8
2:1
-2
1
-1
4:0
2:1
-2
2
-1
1
-2
4
-4
3:0
13
-4
-5
-4
2:0
11
-11
2:0
21
-21
3
-3
1
-1
3
-2
1
-2
3
-3
0
8
-8
14
-10
-4
19
-16
-3
1
-1
5
-4
2:0
-1
8
5
-13
5
-3
0
-2
2:0
2:2
-4
1
-1
1
-1
1
2
-3
0
1
-1
4
-3
-1
1
-1
1
0
1
6
-8
2
-2
42
-42
3:0
3
-3
2:0
1
-1
16
-16
2:0
4
-4
0
46
-46
0
1
-1
0
1
-1
0
5
-3
-2
9
-5
-3
40
-41
3
-2
2:0
-1
1
-1
3:1
-2
33
-31
-1
5
-5
0
17
-9
-7
25
-21
-6
-1
13
-13
2
-2
0
15
-14
-1
2
-1
0
8
-8
1
8
-9
0
-1
2:0
10
-10
8
0
-8
8
-8
4
-3
-1
0
2
62
-64
5:0
1622
-1511
-95
-8
-4
7
-9
2:2
-2
-4
3:0
1
0
-1
17
-16
1
-2
2
3
-5
1
4
-5
5
-5
0
1
33
-32
0
-2
25
-24
-1
11
-6
10
-14
2:3
-7
0
1
19
-19
18
-19
1
0
-1
3:1
0
6
-7
-2
2:0
1
-1
495
-494
82
-80
-3
4:0
3
-3
0
4
-4
0
8
-4
2:-2
3:0
1
-1
1
-1
1
5
-6
1
-1
76
-69
-5
-2
33
-26
-3
297
-300
-1
0
37
-35
2:0
-1
5
-5
0
-1
0
179
-179
3:0
17
0
-16
14
-14
3
139
-134
-9
5
-5
5:0
14
-10
-4
41
607
-635
111
-124
2:0
1
5
-6
8
-1
376
-351
-27
43
-47
5
-5
8
-9
6
-6
5
-5
5:0
28
-15
-12
0
-1
1
3
274
-278
3:0
4
174
-177
9
0
-10
0
3
0
-3
3
-3
3:0
1
-1
2
44
-46
6
-1
-5
7
22
-27
143
-139
16
-22
0
1
0
-1
3
-1
-2
0
2:4
-7
6
-6
-1
4:0
4
27
-30
0
32
-2
-31
0
5
-5
1
61
-32
-28
1
-3
2:0
5
3
12
149
-167
-2
8
-8
5
-5
3
0
1
-1
-2
1
0
173
-175
1
2
0
10
-13
4
-1
26
-29
1
-1
2:1
15
1683
-1700
4:0
1
-1
18
-17
0
1
-2
0
3
4
-7
9
266
-274
2:0
3
155
-158
35
-34
5
-7
50
-50
26
-25
-1
0
3
26
-1
-25
3
-5
20
-19
-1
2:0
13
-4
-7
-3
2
0
4
-6
2:0
2
0
-2
5
-1
-4
2
4
-5
-1
2:0
11
-11
7
-5
5
-4
2
-3
4
-6
3
1
-3
-1
0
2
-2
6
-6
0
1
-1
1
-1
4
-4
2
2:-1
15
-15
0
1
20
-21
3:0
2
8
19
207
-236
0
24
-23
0
-1
2:0
3
10
-13
86
-86
6
-6
2:1
-2
0
15
5
-19
-1
5
19
-22
-2
1
-1
41:0
1
-1
13:0
2
-2
25:0
1
-1
2:0
1
-1
14:0
2
-2
7:0
end
