v1
768
55
242
446
267
219
205
34
226
270
119
314
110
128
57
56
7
15
146
451
0
256
539
73
140
292
300
191
104
98
260
25
170
136
135
435
194
18
289
160
476
215
121
495
21
135
31
225
277
257
176
86
257
79
48
241
212
75
158
87
428
275
297
134
18
95
381
442
339
36
33
930
177
134
656
217
92
499
245
394
275
16
549
606
59
196
142
188
27
29
64
15
4
158
19
134
118
82
74
59
64
65
38
74
53
29
45
118
447
293
225
524
314
39
575
141
85
142
405
287
0
116
13
254
58
8
214
77
10
5
33
153
229
41
1511
199
102
83
433
109
2
181
187
75
50
895
82
15
246
33
440
19
24
83
7
155
40
283
110
611
36
65
184
415
37
175
70
121
8
43
86
328
38
100
54
47
61
147
2
86
212
5
23
193
5
151
106
254
45
99
47
252
92
31406
22
9
12
31
291
173
142
54
8
28
8
22
1043
37
251
71
184
56
3301
2211
328
1553
5140
7580
1094
2142
12405
3
9918
3064
1385
2
11799
3411
487
4677
11
5
1428
106829
16642
1
7741
26
47
9417
32421
22
26
46
208
20
89
5
54647
731
159
157
54
57
162
38
2:1
12
11
2
755
14
21116
3093
10208
7977
3
575
1668
539
523
1101
532
2
8
48
141
6
33
40
44
47
4
6
30302
10344
622
132
814
31
84
41
32
71
318
348
200
15065
11712
1
-487950
12
287
11
3
31
98
0
51
177
311
60
139
39
35
30
0
23
0
189
85
224
3
263
400
58
136
327
0
226
223
155
16
0
95
11
264
170
179
98
92
104
173
59
29
89
73
108
115
53
164
380
12
67
149
79
141
101
13
67
0
118
0
126
114
100
0
12
321
13
1
0
53
70
25
0
199
45
210
12
308
0
188
82
133
9
245
0
166
24
91
40
13
91
269
186
118
7
103
31
245
344
327
75
279
7
124
27
17
111
308
149
597
353
0
45
42
32
47
31
345
28
110
295
175
59
0
111
52
65
106
94
0
30
433
0
160
27
121
235
77
108
44
5
98
168
34
87
54
583
55
0
134
111
293
111
286
117
25
140
7
100
23
207
81
19
53
15
7
8
11
6
17
7
1
166
16
30
47
21
110
21
3
99
25
12
17
24
55
18
38
54
171
465
66
6
174
0
214
16
106
99
70
35
86
127
6
138
168
108
43
307
29
17
53
54
380
68
100
139
0
61
248
39
131
223
197
5
376
531
203
114
51
42
12
225
48
210
515
357
22
69
298
191
42
181
66
6
204
613
89
66
119
44
0
48
354
6
75
13
38
2
6
0
44
2
34
90
80
15
57
14
13
106
358
455
171
99
83
202
10
30
26
181
0
10
131
22
504
247
73
23
64
234
0
22
6
39
3
63
285
84
0
72
35
58
13
21
35
105
76
22
140
136
98
56
84
15
38
60
57
157
31367
3
95
145
32
0
1
42
11
2
0
91
36
69
95
41
1248
5
2:22
68
87
199
127
273
26
4908
316
323
1878
343
1389
10667
8684
4493
8960
423
1768
2158
872
1274
1384
10
8068
7
2
16
2796
9
1
4
1825
2481
983
2
4158
1
6
10
16906
91135
13321
1
11362
12078
26107
0
3639
7
21
37
130
44
61
13
91
27
55423
273
2
15
54
53
33
92
1
4
14
25
21
2
16
29
17
679
49
16
40
6
53
9
46
6
17454
1757
5994
17823
2302
1
854
802
169
2
4
2
5
3
17
3
16
61
62
0
25
4
13
24
28
16
17
25
40964
311
20
267
49
339
119
180
101
304
0
386
312
164
26756
1411964400
299:0
1
467:0
17
26
-15
-12
45
-42
839
-837
3
2220
-2173
-51
804
87
49
-937
7
33
51
32
-80
-24
-23
8
20
77
-100
36
-45
241
1951
-1839
-147
-129
-69
-1
477
-456
4
-27
211
-213
57
339
-383
4
30
514
-494
-50
40
-59
15034
-14967
503
-540
-15
30
-2
-15
32
22
41
-86
-3
126
-145
31
38
-81
-2
92
37
-112
1672
-704
-974
1562
-1143
-278
-150
4031
-3964
-67
17
-19
13
-6
70
-54
-11
66
-40
11
-5
15
167
-205
-17
-3
32
-33
114
-111
43
-45
69
-55
61
-71
394
51928
-48912
-3411
204
-109
94
-32
-45
11
-104
958
-966
-11
-1
9
50
-56
483
-359
-128
86
-27
13
747
-750
-70
20
-9
-5
154
5445
-4784
-785
-30
212
-207
17
-13
1420
-1420
-17
79
-79
28375
-28376
0
389
-384
76
98
1911
-2082
41
15
23
-88
2417
-2413
13
367
2951
-3025
17514
-17478
6893
-7166
8209
-8108
7174
-7126
122
-248
-4
-90
4
27
-33
4952
-1302
-1902
-1594
12469
-12558
-50
1477
-1475
129
57
-184
22
109
6214
-6364
339
-312
-26
8
13
-12
13
-11
115
786
-871
51
-91
3
2444
-1990
-443
-1
139
-79
698
-750
15
-32
57
8802
-8857
125
-37
-94
60
326
-383
60
12067
-11796
-86
-249
23
238
-238
135
2797
-2644
-308
-1
277
-238
-20
16
-36
5
43
75
13
-138
3
0
23
4
-25
2139
-2133
701
-694
-17
2
10
-6
9
-9
579
-580
82
-49
-1
1830
-678
979
-166
-1996
14
-10
4
33
-20
2278
-2278
-28
226
-219
305
-163
-83
48
37
-156
-6
-3
0
1
3:0
1
3
-4
12
-7
-6
1
6
0
-5
0
-2
1
7
-3
6
-9
7
2:0
-2
-5
-1
2
-1
0
5
-3
7
-6
-5
0
1
3
1
-1
2
-4
-1
2:0
2
-2
2:2
3
-6
1
2
-1
-4
2:1
5
0
-4
-3
7
0
-4
-2
3
-2
0
9
-3
-1
2
-7
9
-8
-2
1
2:0
6
-4
2
-4
0
-1
2:1
9
-11
-1
4
-3
3
2
5
-5
7
-7
-1
0
-5
9
-9
0
1
0
4
-5
2:1
0
2
-3
2:3
-2
0
-5
0
9
-6
4
0
-5
-1
13
-8
-4
2:0
-1
0
3
0
-1
8
-9
2:1
9
-1
-12
2
1
-2
2
-2
2
8
-7
2
-1
7
-11
6
-7
4
5
-7
3
7
-7
0
-2
8
-10
0
2:1
-3
7
-6
3
-3
2
-3
1
3
-1
-2
2
-1
-2
9
-5
8
-1
-10
0
2
1
2
1
3
-10
2
2:-1
0
9
-4
6
-1
-9
1
-2
8
-8
3
-2
13
-10
-4
11
-11
1
2:0
4
1
4
-9
-1
9
-4
-1
-2
6
-2
4
-7
2:-1
2:0
2
5
-6
4
5
-9
-1
7
2:-2
3
-7
6
-5
0
2
-3
1
-1
0
10
-7
1
-2
0
2:1
7
-3
-5
0
-2
3
5
-9
2
11
-7
-4
1
-3
2
4
-6
2
0
-2
0
2:1
0
6
-4
4
-6
0
-1
5
2
-8
2
11
-6
1
-7
5
0
-6
9
3
-7
-3
-1
5
-4
2
4
-3
1
-5
-1
12
-10
-2
0
1
8
-7
0
2:-1
14
-13
0
4
1
6
-4
-8
11
-8
0
8
0
-10
0
6
1
-1
-2
0
-5
2
-2
4
-4
1
3
6
-3
-4
7
-7
-3
1
3
8
-11
1
4
-6
4
-4
9
-9
5
2:-2
-1
2:2
1
-4
2:2
-4
0
12
-11
0
4
-2
8
-10
0
-1
4
0
-1
-3
-1
9
4
-6
1
-1
1
-5
-2
-1
1
5
-3
3
6
-2
-8
-1
12
-12
-1
1
8
4
-11
-1
2
-3
1
2
-2
4
7
2:-1
-10
3
0
4
-1
-6
1
0
6
-6
0
4
3
-3
1
-5
2:1
-2
8
-5
-3
10
-8
5
-4
-3
-1
2
0
7
-1
-2
-6
1
2
2:-1
3
-2
11
-12
3
74
-75
-2
3
16
-8
-7
5
-5
-4
0
6
-6
2:2
-3
6
-6
-1
1
0
-1
3
-3
6
2:-3
0
7
-5
-2
30
-29
2
-1
-2
2:2
20
-21
-2
10
-10
6
-6
0
-1
7
-7
0
3
5
-7
7
-8
1
7
-5
4
-7
1
4:0
-1
1
-1
6
16
-12
-9
8
24
-31
-2
2:0
2:4
-8
0
34
-23
-5
2
11
-1
-15
2
3:-1
9
-11
1
0
2
-1
1
0
29
1195
-1168
-56
1
-1
-3
1
11
1
-12
1
-2
3
-3
0
23
-21
2
35
-29
-5
2
3
-9
12
-11
2
0
2
-5
242
-212
-27
-4
0
2:1
3
53
-53
-3
11
-4
178
-184
-1
27
-27
0
7
115
-121
9
-3
0
-6
68
-69
3
18
-18
26
250
-267
72
-79
-5
9
259
-246
7
-28
6
-8
4
-5
0
13
-4
119
-127
106
-96
-7
-4
2
14
10
-21
5
-7
94
-96
8
-8
0
2
5
-4
-2
2
31
-10
-12
-11
0
-2
59
-39
-19
0
7
1
78
-86
1
-2
0
131
-130
8
6
-12
10
-12
3
5
487
-495
4
-4
2
4
-6
3
137
-140
0
10
13
16
-26
16
-24
-5
11
-9
8
-8
-1
1
2:-1
1
2:0
2:2
0
-5
3
-2
2:0
4
-1
-5
2:6
-6
1
58
229
-293
5
-5
-1
1
3
182
-184
-1
4
-5
0
28
-20
-2
0
-6
10:0
2
0
-2
6:0
1
-1
1
-1
5:0
7
-7
6:0
1
-1
9:0
1
-1
3:0
1
-1
2
-2
6:0
4
-4
3:0
1
-1
2:0
2
-2
3:0
1
-1
13:0
1
-1
4:0
1
0
-1
19:0
1
-1
0
1
-1
1
0
-1
9:0
1
-1
1
-1
5:0
1
-1
6:0
2
-1
0
-1
1
-1
2:0
1
-1
2
2:-1
2:1
-2
2
-2
2:0
1
-1
12:0
2
-1
0
-1
3:0
2:1
0
-2
4:0
1
2
-3
3
-3
2:0
1
-1
2:0
4
-3
-1
4
-4
2:0
1
2:0
-1
2:0
4
-4
0
1
0
-1
6:0
1
-1
0
3
-2
-1
4:0
1
-1
1
-1
1
0
-1
3:0
2
-2
5:0
2
-2
4:0
1
-1
5:0
1
-1
1
-1
1
0
-1
4:0
1
-1
4:0
1
0
-1
0
3
-1
0
-2
3:0
1
5
-6
4:0
2
-2
0
1
-1
0
3
-3
3:0
2
-2
3:0
7
-7
2:0
2:1
-2
4:0
3
-3
6:0
1
-1
5:0
2
2:-1
0
6
-6
2:0
1
-1
2
0
-2
3:0
3
-3
3
-3
7:0
2:1
-2
4:0
1
-1
3:0
1
-1
3
-3
0
2
5
-5
-2
0
3
-3
0
1
-1
3:0
1
-1
0
1
-1
4:0
1
-1
7:0
2
2:-1
5:0
2
-2
4:0
2
1
-3
7:0
1
4:0
-1
4:0
9
-9
0
end
