v1
659
130
80
0
343
16
15
82
77
262
62
162
52
115
24
48
18
8
104
0
327
13
26
84
35
51
28
109
236
128
57
56
7
0
15
28
118
496
46
165
59
420
133
58
82
0
56
172
64
148
152
129
30
117
19
98
46
214
15
47
133
160
111
34
67
228
106
83
3
248
126
41
73
8
96
1
328
67
235
104
71
85
54
0
345
21
135
31
51
140
34
52
225
72
37
148
44
43
175
257
79
48
248
78
98
59
45
158
135
380
248
7
20
131
166
96
38
1
6
9
97
40
341
344
44
54
59
280
66
3
57
31
123
250
166
345
135
12
122
22
0
210
55
124
245
254
27
7
21
93
23
0
212
141
30
14
29
202
300
94
158
21
96
16
93
29
0
90
164
173
24
73
116
385
8
253
144
178
10
27
13
61
6
19
13
25
10
3
5
3
35
6
17
54
2
17
64
53
17
101
17
54
19
9
74
45
14
6
58
35
30
38
19
38
17
14
113
246
91
228
173
120
225
160
364
9
72
17
0
216
39
116
104
42
68
70
54
121
47
94
85
101
100
139
61
146
5
282
80
49
281
31
110
53
113
23
10
5
33
83
70
229
41
309
199
20
0
161
14
7
43
258
500
301
93
90
86
136
55
56
111
24
0
157
56
109
22
75
50
30
185
110
407
66
119
0
44
19
12
246
33
30
139
7
56
8
36
5
31
122
6
3:19
69
2
5
8
106
41
11
29
67
216
59
37
14
1
446
164
36
65
71
111
2
8
30
26
191
13
118
21
0
2:4
37
175
70
121
8
42
1
86
131
146
51
36
2
100
54
47
3
28
22
8
37
18
40
50
2
88
153
59
5
20
3
104
89
3
2
33
118
106
194
103
2
13
20
66
110
21
25
67
76
31493
5
22
9
43
16
145
4
0
28
1
9
44
2
42
37
48
69
19
3
1
72
8
58
54
36
8
22
12
920
0
220
68
111
71
181
3
25
22
3310
2211
2
326
1553
979
2
2783
1376
4232
1658
1690
0
1110
2126
1127
751
10527
793
830
3485
1389
2608
816
4449
0
2
4
10
8046
29
2
3708
943
15
1533
920
13
474
4688
2
3
1428
106829
13098
1
3543
1
7716
25
26
47
9417
28772
3607
42
22
11
0
14
1
7
9
165
0
61
11
1
73
36
2:5
55373
9
41
109
157
7
2
24
3
18
57
1
64
80
14
3
27
12
1
12
11
2
1
725
29
14
6
176
16280
4654
4271
3879
5151
8555
238
247
201
982
872
1
133
56
665
802
166
2
3
4
2
16
9
65
15
38
17
32
9
26
6
3
27
4
44
38
9
4
5
1
30302
1513
8706
125
584
158
66
209
582
56
21
7
144
64
25
43
64
630
2:4
32
15
0
112
14716
222
4
11708
-487892
272
1167
485
395
2206
644
323
881
512
1552
30
379
62
1024
93
712
515
529
111
526
919
737
3829
701
376
227
447
907
173
1662
357
2327
1609
640
702
1017
261
89
282
498
1209
494
1865
26
31749
390
1511
104
220
18454
26433
200515
11128
44755
181
912
43351
45976
1411060800
599:0
1
58:0
10
-8
-1
5
-3
4
-4
8
4
42
-39
-14
2:3
12
-21
2
-1
0
171
-171
13
-14
8904
-8894
3
-13
4
2
364
784
-1145
0
46
218
-260
43
24
18
-97
1
54
-55
0
1
13
-9
-6
113
103
-216
24
-17
15
-15
0
236
-185
-51
0
-6
81
-53
-22
42
-33
-15
1
12
-14
91
-91
46
431
-349
-96
-26
-4
17
-19
8
1
0
-6
521
-488
2
-38
4
464
-459
93
-102
126
-112
9
-21
429
-406
15
-40
0
7
-3
11
-1
-14
2
59
-60
-1
607
-479
-118
-9
592
-593
0
2:1
30
25
-35
55
439
-516
75
-72
12
62
-67
-4
-6
6
1
578
-571
-12
-1
0
11
-2
-10
9
1
-9
-1
216
-113
-102
2:0
-1
3
-3
4
0
1
196
-199
55
-43
-8
31
-36
0
-1
20
2013
-2033
0
17
0
99
-104
-10
12
0
-1
-11
-1
1
-1
42
-37
-2
5
36
-41
5
-3
-1
53
-52
49
-53
-1
129
-122
19
-25
80
354
-404
-32
1077
-1062
1
-13
1382
-1384
6
1
18
112
314
-444
-2
24
-8
-10
-7
0
1912
-1917
0
2
3
148451
-137598
-10757
-89
-12
0
6
3
17
5
-15
-3
176
-188
20
7
-17
-11
53
-51
0
1
2
9
-12
-2
37
-19
-17
144
-133
157
-63
1280
-1381
16
-20
0
-1
5
-4
2
-3
218
-132
13
-97
37
-33
166
-172
67
-66
0
2
39
350
13695
-3171
-10908
-9
5
-2
-3
2
-1
2
1
15
171
-158
-21
38
-48
0
5
-2
20
-7
-10
161
1889
-2001
-56
1946
-1837
-102
11
52
-36
105736
-105770
2:1
4
-6
4
318
-319
-3
5
4
-8
16
-3
7791
-7802
2:0
10
-1
-12
4
0
-1
3
37
41
-83
29
2641
-2668
17
-1
-10
-8
139
-133
29
221
33969
-34081
-46
-98
1
3241
-3242
2
3
33
-11
28
-31
14451
-13959
-451
2383
-2395
-47
1227
-1206
-24
0
12
-4
7
-15
-3
14
-5
-3
2
-7
5
1789
-1780
2747
-2713
244
-286
-7
16
-15
0
2
-3
3
61
-63
181
-179
23
-13
96
-107
5
66
-67
41
53
397
88
501
-1084
-1
0
13
12
24
-42
109
-63
-55
27
375
-288
-108
610
-128
-473
8
-17
24
-28
-2
9
1
59
4734
-4794
-8
461
-328
-131
2:0
-2
431
-400
-8
1267
-1283
-6
0
7
-3
1
-6
86
-80
3
-6
1
44837
-44841
35
-29
115
-119
2:1
45
-2
303
-347
113
15753
-15869
120
12
653
-782
0
160
-159
11
516
-528
0
24
-8
-3
-11
345
6038
-6386
-2
7
8
5251
-3680
-1579
9
-13
224
-207
808
-828
4
-4
74
-29
-32
-13
561
-471
-82
20
-26
-2
3
340
-306
-3
-14
-15
-4
-1
3
212
-143
-72
0
58
-53
35
-25
24
-31
407
-409
74
-43
300
-330
-4
4
-7
229
-229
0
2
21
9
-31
-1
13
122
-132
0
23
190
-215
428
-427
0
-2
335
-333
1
4
-7
476
-476
16
4595
-4602
-7
1
7
-10
1
520
-521
21
-12
-1
-7
7
1
-8
258
-260
58:0
1
4:0
1
-1
1
-1
0
2
-2
2:0
2
-2
5:0
1
-1
66
-64
-2
3:0
10
2
-11
0
7
-6
0
-1
11
-10
-2
0
10
-10
1
0
-1
2:0
2
4
-6
1
-1
1
0
-1
1
-1
1
0
-1
4
-4
0
2:2
-4
0
1
0
4
-5
8:0
2
-2
0
2:1
-1
1
-2
0
20
-20
7
-7
2:1
2:-1
25
-22
0
-3
3:0
1
0
-1
0
4
-3
0
9
-10
3
-2
6
-7
0
2
-2
0
2
-2
0
12
-12
6
-6
0
3
2:-1
0
-1
1
0
-1
4:0
4
-4
3:0
1
0
1
-2
0
2
-2
1
-1
0
2
-1
15
-16
0
4
-3
3
-4
3:0
4
-4
2:0
1
52
-53
2:0
4
-1
-3
1
0
-1
19
-18
-1
3:0
4
-4
0
31
-30
1
-2
2
17
-18
12
-12
0
27
-22
-6
12
-4
-6
-2
16
-16
1
0
3
-4
3:0
4
3:-1
2
40
-43
0
1
0
1289
-1197
-82
-8
-3
0
2:1
3
-5
4
2:-1
-2
2
3
-3
-1
3
-4
0
4
-3
-1
1
-1
10
-8
-1
26
-27
12
-10
15
-16
5
-5
0
-1
2:0
1
-1
11
5
-14
-2
8
-8
1
0
7
-8
0
1
2
-2
293
-190
-104
3:0
1
-1
2:0
2
-2
0
4
-2
2:-1
0
1
0
-1
0
1
-1
88
-81
-7
0
13
-12
7
-6
-1
298
-299
1
-1
3
-3
0
31
-31
0
1
-1
2:0
3
163
-166
2:0
1
-1
4:0
1
7
3
-11
4
108
-112
5
-2
-3
0
14
-14
1
29
431
-447
-12
-2
0
85
-85
0
1
0
2
1
-1
375
-345
-30
27
-30
4
-4
1
0
-1
3
0
-2
-1
2:0
1
2
-3
2:0
129
-129
158
-150
2
-7
-2
-1
5:0
5
-5
18
-18
1
2
26
-29
0
9
-6
2
17
96
-112
13
-18
-1
0
1
3
4
-4
-3
-1
0
1
3
14
-18
16
22
-38
0
1
0
-1
1
2:0
-1
53
-53
0
13
-8
-5
0
1
-1
12
2
0
89
-101
2:-1
1
2
-3
0
5
-5
0
2
-2
147
-146
2:0
9
-10
0
2
14
-14
-1
2
6
1088
-1097
1
4
6
-8
0
-3
0
2
-1
2:0
1
-2
3
-3
6
246
-252
0
1
-1
153
-108
-44
10
-11
3
18
2
-23
2:0
2
26
-24
-4
21
-11
-9
1
-2
3
-3
3
-1
3
-5
1
-1
2:0
4
-4
2:0
12
-12
3
-3
10
-8
11
-13
2
1
-3
2
-1
1
-2
3:0
3
-3
5
-4
-1
0
19
-19
2
-1
10
-11
114
-113
0
-1
21
-21
3:0
6
-6
0
38
-36
-2
4:0
20
-20
15
-15
2:0
2
-2
17:0
1
-1
9:0
1
-1
7:0
1
-1
13:0
1
0
-1
2:0
2
-2
2:0
end
