v1
741
317
52
184
31
159
486
52
75
40
202
8
256
56
46
84
35
51
28
302
228
19
37
22
28
353
413
59
262
78
199
73
140
592
159
60
276
18
54
86
16
46
133
160
111
101
182
152
50
144
22
118
167
81
55
41
1
148
27
82
71
67
95
183
217
75
324
54
109
24
38
187
277
72
37
148
5
15
156
86
1
71
122
63
79
48
9
139
20
73
85
202
36
527
50
60
275
259
38
134
153
341
76
279
87
59
280
69
57
376
497
24
153
366
55
30
172
167
213
68
121
290
22
108
31
160
33
7
271
29
94
275
16
93
64
55
337
64
167
295
72
8
109
172
101
15
47
141
16
11
29
51
32
55
26
2:3
71
2
17
124
10
118
73
9
66
8
6
1
33
19
6
8
32
18
35
2:15
3
35
19
38
17
14
113
118
74
352
21
173
120
225
160
35
329
314
39
116
146
55
83
54
121
141
85
0
101
128
3
169
146
5
267
15
116
13
275
6
17
14
299
10
0
38
83
0
70
229
41
423
105
237
746
192
7
102
76
7
10
176
136
105
6
0
109
2
181
138
49
75
50
215
315
387
44
13
6
258
33
92
109
25
6
38
170
19
38
69
7
8
147
323
57
53
339
25
0
247
101
82
102
38
414
175
2:70
51
8
2:43
31
12
277
51
22
16
100
54
47
61
37
108
2
88
153
59
5
20
3
193
5
33
118
106
312
1
38
2
45
7
1
140
56
19
42
34
31498
22
9
12
70
155
53
11
3
30
24
61
69
19
76
8
58
54
8
28
8
22
932
123
97
68
87
24
71
105
79
56
272
3029
2211
325
3
1553
3764
1376
7582
1803
1431
2661
9744
3
790
5704
3424
925
872
2652
2
4
10
8068
9
2826
882
943
1548
920
13
1997
14
3139
12
6
1427
6
3517
103305
1
13098
3544
1
7741
26
47
4
9413
32421
18
4
11
31
79
46
101
0
12
20
89
2:5
55345
28
152
7
157
7
2
27
18
10
47
162
27
11
2
8
4
11
2
51
704
14
6
40
136
20934
4271
9030
7977
578
238
1430
539
334
189
665
436
366
166
17
10
9
18
2:2
44
14
38
25
28
31
3
37
1
43
37
1
9
4
6
30302
10344
622
60
234
119
220
91
222
31
56
28
144
830
36
14968
97
11712
2:1
-487894
0
557
566
48
56
74
401
0
47
0
178
692
728
0
38
340
370
116
159
94
54
473
223
293
0
304
155
152
96
497
232
108
317
165
175
505
135
194
692
459
399
175
35
786
1
151
12
121
8
691
1051
72
771
41
542
105
566
66
283
124
17
871
465
94
105
44
29
0
585
0
56
145
197
149
2
26
106
49
27
176
0
7
331
5
409
176
134
162
63
81
7
424
0
99
136
65
96
21
6
414
169
100
127
60
595
197
887
153
8
2
0
103
38
230
535
199
8
187
50
1130
389
122
364
499
644
359
115
4
83
53
90
81
125
160
73
44
160
323
240
164
293
237
10
0
292
768
260
4
99
479
550
11
0
127
113
176
111
42
15
31449
183
9
4
72
91
1373
17
58
0
262
5
128
188
44865
3
3045
835
9476
2814
1873
7591
7
9
0
132623
27816
10471
3692
5
0
7
174
10
0
62
0
74
54688
740
41
342
12
169
18
42
747
70
0
87
7895
9625
24763
1809
76
3058
5
1
32
14
136
10
24
0
20
128
6
31813
8580
106
0
114
300
315
188
1187
0
417
281
51
31
1411668000
499:0
1
240:0
1
10
2
24
52
-60
-9
-7
-2
-9
0
-1
2:1
6
4639
-4640
-7
506
-353
-153
1060
-1049
324
-323
53
18
-45
-31
2
51
-18
211
-144
-109
9
428
-437
241
-231
209
-218
0
80
-66
-1
2:-2
-1
1
182
103
-289
-5
0
86
-85
10
-11
82
-68
-7
437
-428
-17
1
0
42
-9
-22
275
-177
-102
108
-44
-67
5
-10
602
-602
1
886
-778
-79
-23
3
-4
8
-9
2
32
30
-62
65
-47
524
-542
9
497
-480
35
-68
8
471
-478
243
-27
-122
-94
0
6
28
980
-1007
48
-51
32
77
-102
1
67
-79
0
5
-1
0
4
44
-52
159
-51
-93
8
305
-329
1994
-1993
22
-22
0
167
-162
-5
3:0
4
-5
10
-2
107
-45
-69
23
-22
5
10
-17
117
71
-108
-39
-32
411
1535
-1889
-65
15
-14
750
-745
8
140
-148
12
-19
312
-306
3671
-3584
-68
19
-33
-3
53
-19
-41
62
4
-38
-20
0
2
330
140040
-134592
-5646
-119
-24
23
4
22
164
-180
0
166
-187
-11
50
-43
8
-7
48
-47
-6
1
0
7
-11
26
-15
-2
149
-148
0
13
63
1013
-1095
-4
-1
112
-111
8
75
-79
6
16
20
-35
-11
10
0
-2
73
-81
1
8063
1877
-9923
-18
20
-6
-2
1
-14
23
-14
-4
27
-18
-13
-1
2023
-2000
-23
250
-220
93
44269
-44384
127
146
-250
-20
0
-10
28
36
5772
-5830
32
305
-326
-17
32
24434
-24449
-17
5
9
32
1958
-2005
45
142
70892
-71008
4999
-5069
36
9
28
-44
21683
-20689
-893
316
-299
-58
-51
-38
4
24
-18
-6
-4
75
-75
37
-25
-12
0
16
1830
252
-2058
417
-456
3
0
7
-12
1
124
-124
33
-22
133
-88
1990
-1999
237
-249
773
-803
845
-846
10
358
-340
-32
57
-44
-8
3
8
-16
434
-253
-181
748
-512
-228
105
-99
31
5482
-5445
335
-417
126
-59
74
-141
0
55
1666
-1715
-6
6
-3
9
0
-13
32
-23
-4
0
-4
63
18285
-18349
137
-137
0
6
106
-80
-27
97
271
-363
21
-31
14843
-14807
-28
280
-281
11
59
-76
174
-168
26
46
24
6000
-6093
1
144
-74
302
-210
-165
18
116
-102
-35
39
130
-163
57
384
-452
168
122
-276
-6
-3
229
-233
496
-496
5
1
3
2
753
-695
-7
-51
7
8
0
-13
694
-688
-19
0
-1
1
0
29
-30
261
-248
-11
9
30
-40
20
-13
683
-690
11
28
268
291
-590
155
-27
-85
-37
795
-732
-45
-27
152
-150
18851
-16656
-2201
15
85
-89
483
-477
-5
-15
0
4
0
1
-4
2
-3
7:0
5
-4
2
-2
0
-1
3
1
-4
3:0
5
0
2:-2
0
2:2
-5
1
0
2
1
-1
-2
-1
3
0
-2
2:0
-1
1
-1
1
3
-1
-3
3
-3
3
-3
5
0
-4
-1
5
-2
1
-4
5:0
4
-1
1
0
-4
5
-4
2
-3
2:0
1
2:2
-2
2
-4
2
-3
4
-4
3:0
3
1
-4
1
3
0
-3
3
-3
-1
5
-4
-1
0
1
-1
2:0
4
-3
0
3
-1
1
-4
4
-4
4
0
-3
-1
0
4
-4
1
4
0
-4
-1
4
-4
4
-3
2
1
-1
1
0
-4
0
1
2:0
-1
2:0
4
-4
2:0
1
2
-2
0
4
2:-2
4
-4
2
0
-2
0
-1
0
3
0
-2
4
-2
-3
0
5
-4
2
1
-1
2
-5
0
5
-1
-3
0
-1
0
4
0
-4
3:0
5
-5
3
1
-1
-2
0
-1
0
4
-4
0
3
-2
3
1
-4
0
2
2:0
-2
0
-1
1
-1
0
1
-1
5
-5
1
-1
0
4
0
-1
-2
-1
0
1
3
0
-1
1
3:0
3:1
-3
5:0
1
-1
73
-73
2:0
11
-11
7
1
-5
-3
0
5
-5
2
-2
8
-4
8
-12
4:0
2
-2
3:0
3
-2
-1
3
-3
0
2
0
7
-8
-1
5:0
2:1
-2
39
-39
4:0
2
-2
13
-4
-9
2:2
-3
-1
0
31
-31
0
2
-1
4
-4
-1
1
-1
1
2
1
-4
2
-2
4
11
-15
2
0
-2
5
-5
0
22
-22
11
2
-11
-2
2:0
3
-1
1
-3
0
3
-3
7:0
2:1
-2
0
23
-12
-9
2
-3
-1
5
-4
-1
0
1
73
-73
-1
3:0
2
-2
4
0
1
21
-26
10
-10
2
19
-19
2
-4
17
-2
-12
28
-31
7
-7
2:0
11
-7
-3
-1
4
-3
-1
15
-14
2:0
1
0
-2
1
7
-8
0
7
-3
-2
0
-1
1
63
1490
-1439
-98
-18
0
5
2
4
-5
-2
2:0
-3
-1
10
-10
4
-4
9
-8
1
-2
2
2:-1
12
-12
0
23
-21
0
10
-9
20
-22
0
-1
11
-11
1
12
-13
2:2
1
-4
-1
3
0
1
7
-11
1
341
-209
-132
-1
2:0
6
-6
0
2
3
-5
0
2
2:-1
74
-65
-9
20
-17
-2
328
-323
-6
48
-48
2:0
1
4
-5
122
-122
11
1
-11
-1
4
122
-121
-5
0
3
0
24
-26
1
21
451
-454
68
-88
2:1
7
-4
450
-423
-27
31
-34
2
1
-5
1
-1
1
-1
0
22
-22
1
-1
0
1
2
178
-50
-123
9
-17
0
1
6
-7
0
18
-18
2
0
33
-31
2:1
14
-18
123
-123
12
-14
0
3
-2
-1
7
-3
-4
2
0
-2
2
22
-24
18
10
-28
3
-3
0
56
-56
17
-17
6
-6
12
-10
-2
19
120
-137
-2
0
4
-4
2
-2
2
-2
4
-3
-1
0
192
-192
8
-8
2:0
6
2:-2
12
-12
2:1
-4
865
-865
0
13
-11
-2
2:0
3
2:-1
2:2
260
-263
-2
7
-7
99
-80
-19
6
-5
25
-26
15
14
-27
2
14
-18
7
5
-12
0
1
3
-3
-1
0
3
-1
-2
0
6
-5
11
-11
0
2
-2
-1
5
-3
-2
0
2
-2
0
2
-2
1
0
-1
1
9
-10
7
-7
5
-5
0
5
6
113
-124
6
-2
-4
1
-1
3
-3
0
6
-6
655
-652
6
0
-9
1
28
-27
-2
3:0
1
-1
14:0
1
-1
8:0
1
-1
28:0
1
-1
11:0
1
-1
22:0
2
-2
0
1
0
-1
11:0
2
-2
0
2
-2
2:0
1
3:0
-1
5:0
2:1
0
-2
1
2:0
-1
2:0
1
-1
2
-2
7:0
1
-1
2:0
3
-2
-1
0
1
-1
0
2
-2
2
-2
12:0
2
2:-1
0
1
-1
5:0
1
0
-1
11:0
1
-1
0
2
-2
7:0
3
-3
1
-1
2:0
1
-1
15:0
9
-9
0
end
