v1
822
210
533
222
15
249
52
187
130
320
46
84
35
64
24
226
238
38
19
56
7
15
85
61
374
122
22
86
103
59
234
31
215
60
13
0
32
108
7
10
423
152
156
139
26
72
8
98
154
211
120
24
111
101
76
152
96
0
10
194
22
43
75
126
41
108
52
153
82
178
70
269
184
26
86
234
6
19
21
58
77
31
88
0
137
14
33
230
4
105
148
20
156
0
86
72
0
185
67
12
374
98
104
62
104
204
303
28
60
170
17
259
38
25
109
16
48
26
192
168
44
388
54
282
57
36
33
10
4
8
35
31
345
96
384
59
128
7
104
117
145
30
25
30
90
124
125
87
7
119
30
11
27
28
328
55
22
64
0
30
45
200
119
86
189
257
18
16
15
534
213
48
51
286
8
43
66
146
149
175
6
27
13
2
14
45
6
19
13
18
7
13
2
3
12
23
26
8
46
5
14
7
17
83
27
101
17
0
73
9
1
65
8
45
2:14
45
5
35
30
38
3
16
38
17
127
23
95
37
269
141
173
120
94
131
195
219
110
178
0
84
42
10
33
6
24
92
104
42
48
90
54
121
141
85
101
41
36
51
111
61
146
0
5
97
170
15
116
272
16
6
0
31
19
91
30
82
77
10
5
31
2
83
70
229
41
423
43
55
59
109
76
746
238
63
71
12
10
62
169
136
56
111
66
171
109
22
75
50
30
295
3
58
64
348
163
13
6
11
247
33
201
23
8
27
17
36
128
19
97
10
15
147
30
0
10
19
54
210
17
46
33
14
16
323
195
14
99
45
20
182
2
229
90
0
133
175
2:70
51
8
43
10
58
6
12
26
251
22
29
36
2
100
54
47
3
54
4
55
72
18
2
88
153
59
5
20
3
193
3
2
33
8
216
144
153
15
1
0
114
9
6
3
63
155
34
77
31416
5
22
9
12
31
161
33
53
13
31
62
23
88
3
73
0
31
35
54
36
8
22
1050
102
68
92
19
71
43
62
79
47
9
272
3029
2211
328
1553
5140
10816
1127
751
3571
4493
2463
3
790
830
0
7482
816
925
3524
2
14
8068
10
42
2779
886
958
2466
474
4669
1
16
2
5
1
1427
23783
83046
13098
3544
1
7716
25
26
47
9417
31396
1015
7
3
4
14
4
21
5
66
9
66
40
47
14
12
20
89
2:5
11
72
35629
18930
680
60
150
157
7
2
11
4
12
18
34
24
52
92
1
4
12
27
12
1
10
2
11
2
1
29
725
14
6
176
18640
2294
3093
10208
3251
5304
441
870
357
539
334
189
1101
366
166
2
3
3:2
5
20
5
14
1
2
44
50
26
11
18
5
26
6
11
23
91
4
5
1
30302
1513
8191
640
87
685
36
97
694
84
41
103
132
534
164
51
76
14901
73
-476290
110
208
70
643
306
212
126
849
87
277
7
178
35
386
1425
300
105
124
88
92
305
216
321
104
580
653
873
56
388
918
100
446
342
36
375
2
7
3
465
96
88
147
379
195
72
360
451
470
103
43
455
120
100
388
40
5
102
291
99
391
182
478
119
693
820
57
205
52
134
19
123
87
102
54
10
50
37
65
7
51
21
297
287
7
63
81
197
279
54
70
51
136
205
274
157
211
293
265
324
192
30
232
370
39
433
155
505
153
19
27
286
621
295
33
800
215
180
637
89
185
446
94
40
46
312
175
57
956
178
362
157
3
58
72
222
101
44
178
329
156
45
22
520
108
137
96
129
2
28
56
148
9
71
188
168
31
31368
237
60
73
26
216
17
192
1066
37
6039
323
1520
358
13508
21028
423
2182
13302
59
2812
9
5
5289
5632
1022
22741
82818
13327
11362
12078
29811
9
2
119
91
99
19
11037
25036
19327
349
177
65
943
42286
813
1072
3064
5
100
87
9
15
12
74
47
4
40410
340
285
226
417
80
1184
1411004400
599:0
1
221:0
14
15
-25
3
432
-427
30
8
-44
163
-166
2373
-2373
2
331
-322
115
1033
662
-1820
68
407
-456
-15
52
-57
72
46
-116
-2
45
42
-76
1
3
-12
141
-141
4
40
10
452
-507
13
-7
-5
0
239
-241
101
-81
625
-631
-3
-12
5
0
19
-14
22
-24
310
-317
61
-54
13
-20
44
59
-100
20
-14
48
-44
-13
79
-79
109
-100
15
48
-60
0
73
-86
1
519
-520
79
81
-150
30
1
223
-259
0
31
-36
1
3
16
-14
-2
-5
25
2:-11
-2
0
60
-58
-1
34
282
-280
-28
0
-6
1
85
60
-110
8
-2
-18
-10
-17
2
6
32
-39
-1
2
-1
10
-3
54
-43
43
26
-87
2
0
10
-13
26
-22
0
-4
2:0
8
291
-289
-8
-2
4
2:2
-8
742
-733
-9
336
-164
122
-289
11
9719
-9717
-12
104
-101
86
-94
288
-281
-7
-1
14
-5
-4
-5
26
12
-14
-6
375
-393
12
-12
0
39
-39
13
-9
9
133
-124
105
-64
-62
4
50
-55
38
7
1584
-1410
3
-221
42
-16
47
-74
96
-16
-65
166
87
-259
155
-161
54
-52
24
106
278
-406
18
-9
42
-53
37
-13
-20
143
-147
0
-4
7
82115
-82117
26157
-26163
169
-165
22
47
7
-80
34
138
-171
3
2465
-2450
39
-42
19
-31
58
-62
14
9
1
-16
-8
4
8
2
9
-22
1
6
-7
162
-129
-33
8
208
374
-569
27
219
-266
2
1
93
-96
5
293
-299
59
-60
5
3
207
-211
2:6
26
-39
7
5
10672
-9500
-1092
-90
3
127
-133
29
-31
10
-10
3
9
41
-47
2
-6
35
-30
-7
5
1525
-1509
0
2009
-1987
20195
-20233
1
107
-112
5
51
-57
1
7
326
-334
13
-13
9
77
-45
47
-88
6813
-6803
-5
1
77
30
97
-209
43
11317
-11297
-40
-24
9
33
-40
7
5
3053
-3063
35
306
28069
-28296
-116
-1
2921
-2919
8
7
48
112
-160
7100
-6688
-340
697
-779
22
196
-225
2
27
-25
24
9
-31
-2
15
-16
-2
43
2:-22
2685
-2685
28
3825
-3637
-168
460
-507
35
-29
66
-62
118
-128
1
121
-123
12
-2
-9
106
-60
1757
-1771
67
-99
257
-251
-8
30
19
-45
-1
142
-127
-7
-5
181
70
1827
-2015
-26
2889
-2924
-4
-3
1
584
-584
41
-33
4
13
2:-13
88
1814
-1903
47
43
-88
1
46
-18
-21
36
-40
-3
2
48876
-48878
-3
55
-53
143
-2
-106
167
-197
463
-468
31
20468
-20500
2:5
0
24
17
3802
-3851
5
-5
-1
10
-12
2
20
2507
-2526
389
7689
-8078
7
-4
-6
11
2:-1
722
1703
-2431
7
-4
-3
53
17
-69
-3
25
-20
3
-7
85
-69
-14
66
-30
73
38
-134
-17
3
-2
2
2:-1
0
121
-70
-19
-24
164
-172
5
19
201
-225
58
-27
203
-215
100
-110
-8
221
-223
2
-2
2
8
12
21
-41
-2
6
-6
11
-11
75
-63
-11
1
133
-127
-6
3563
-3559
-6
12
464
-474
-1
2:1
577
-571
12
5
-22
10852
-10304
-550
133
-122
43
-57
-1
2:0
-1
1
-1
2
-1
1
-2
0
2
0
-2
2
0
-2
0
2
-1
4:0
-1
2
0
2:-1
1
0
1
0
-1
2:0
-1
2
5:0
-1
1
-2
2
-2
0
2
2:-1
2
2:0
-2
2
-1
0
-1
2
-2
0
1
0
1
0
-1
2:0
1
0
-2
0
2
-2
2
2:-1
2:0
1
-1
2
-2
0
2
-2
0
2
-1
1
3:0
-2
2
-2
1
3:0
1
-1
4:0
-1
2
2:0
-1
0
-1
1
-1
2
-1
1
-2
2
2:0
-2
2
-1
0
-1
0
2
-1
2:0
-1
1
-1
1
0
1
2:-1
2
-1
1
-1
2:0
1
-2
2:1
-2
1
0
1
-1
0
1
-2
1
0
-1
2:1
-2
2
-2
2
2:0
-2
2
2:-1
0
1
3:0
1
-2
1
2:0
1
-1
1
0
-1
1
2:-1
1
-1
0
2
-2
2
2:-1
2
3:0
-2
0
2:1
-2
2
-2
1
-1
2
-1
1
0
2:-1
1
2:1
-1
0
5
-3
3
-4
-1
3
-3
78
-78
0
1
2:0
7
19
-26
12
-13
2
2:-1
2:0
4
-3
-1
2
2:-1
4
0
-4
3
-3
3
-2
4
-5
0
1
0
-1
5:0
12
-10
1
-2
2
2:0
-2
4
-4
0
6
1
-8
1
-1
0
3
-3
2:0
1
0
-1
2:0
2
-2
0
5
1
0
-2
-4
0
26
-26
0
4
-2
-1
0
21
-22
0
5
-5
1
0
-1
1
-1
1
3
-3
-1
2:0
17
-16
-1
0
4
-1
-3
3:0
3
-2
4
-5
9
-9
1
-1
1
-1
1
-1
3:0
1
-1
2:2
-4
2
-2
2
-1
0
-1
3
-3
4:0
5
-4
-1
6:0
14
-14
0
37
-37
7
-7
0
13
-12
-1
2:1
54
-56
7
-7
1
-1
3
0
-3
1
4
-2
1
-3
31
-32
2:0
2:1
0
-2
0
5
25
-27
7
-10
2:0
10
-10
11
0
-5
29
-35
1
2
-1
8
-9
2
3
-3
7
-7
-3
2
-1
3
-1
-3
10
-10
0
1
0
3
-4
5
-5
1
35
-36
2:0
5
1353
-1357
72
-73
28
-28
1
-1
14
-14
7
-5
-2
2
2:-1
2
-2
12
-12
2:0
1
-1
8
-8
2:0
6
0
-2
-4
3:0
26
-21
-3
-2
67
-66
7
3
5
-13
-3
4:0
25
-25
9
-9
1
0
-1
0
3
0
4
-7
3
-3
399
-352
-44
-3
1
-1
2:0
1
2
-3
1
-1
4
-3
-1
0
3
-2
-1
4
61
-59
-6
26
-25
199
-200
0
7
-7
0
7
-7
0
1
39
-40
3
-3
0
1
0
7
-6
210
-212
2:0
18
-4
2:-7
4
117
-116
-5
2:0
8
-8
6
-5
29
-30
3
35
330
-325
-43
0
131
-131
2:0
7
1
-3
454
-430
-24
28
-32
-1
8
-6
-2
11
-11
1
-1
1
0
-1
2
-2
2
-1
1
230
-232
2
164
-151
-7
-8
1
2
-3
5
-4
18
-18
0
31
-31
2
0
-3
6
14
114
-131
10
-13
1
3
-4
4
0
-4
2:1
-1
1
-2
7
26
-11
2:-8
61
-67
3:0
27
-26
-1
1
2:0
2
-3
16
161
-177
8
-7
-1
0
5
-5
2
1
-2
-1
2
148
-150
1
4
-3
11
-7
2
8
-16
1
0
11
1958
-1970
0
1
-1
2:0
19
-19
2
2:-1
2
2:0
1
2
-5
7
208
-215
1
-1
0
1
-1
4
58
-10
-51
9
-10
2
-1
39
-40
0
3
-3
3
-3
32
-30
-1
12
-8
1
3
-8
-1
6:0
3
-1
1
-3
2
-2
0
5
2
-6
6
-4
6
-5
1
-3
-2
1
-1
0
3
-3
0
1
2:0
-1
1
0
2
-2
10
-11
0
3
10
-12
0
364
-365
4
-2
29
-31
3:0
15
-14
2
0
-3
2
10
-12
2:0
4
-4
11:0
1
-1
7:0
1
-1
7:0
1
-1
1
-1
13:0
2
-2
11:0
1
-1
4:0
1
-1
1
-1
23:0
1
-1
2:0
2
-2
3:0
1
-1
3:0
1
-1
0
1
-1
31:0
1
-1
4:0
1
-1
1
-1
30:0
1
-1
4:0
1
-1
0
2
2:-1
2:0
1
-1
3:0
1
0
-1
3:0
1
0
-1
7:0
1
-1
2:0
end
