v1
683
55
155
87
242
30
15
159
79
233
166
8
3
24
25
115
24
14
34
237
210
115
16
37
188
255
90
19
57
23
33
7
15
28
660
62
15
88
58
1
234
47
170
102
5
142
10
179
101
124
171
89
41
61
28
72
4
26
70
38
224
195
161
49
83
12
67
228
96
10
123
93
118
45
81
41
73
105
222
173
235
43
116
95
6
54
0
320
25
156
31
46
145
34
52
88
137
72
0
37
61
25
29
33
20
67
175
50
144
63
79
38
10
148
31
62
183
3
56
211
79
125
205
98
104
0
151
4
16
297
25
109
16
82
396
112
100
80
96
54
99
27
35
178
36
33
978
23
106
221
82
34
114
339
145
109
55
119
32
136
41
77
220
19
17
72
11
300
94
56
219
16
0
157
392
70
161
30
51
286
8
104
5
47
118
5
102
16
7
59
0
114
8
27
22
7
51
19
13
43
4
13
2
19
6
24
1
46
2
3
1
13
117
16
1
118
69
13
12
54
8
59
2
12
45
5
35
26
4
41
16
55
82
36
9
118
440
7
172
1
120
94
98
33
195
106
223
28
119
157
10
33
6
29
87
104
180
54
121
141
85
101
0
41
90
108
61
30
121
53
229
31
85
13
275
6
17
14
299
15
18
15
83
52
18
229
41
309
114
105
175
98
710
279
22
71
12
10
223
144
20
36
109
2
24
82
131
42
16
73
8
55
12
18
32
325
3
589
44
0
8
205
64
33
172
4
25
31
27
19
34
90
0
38
19
24
83
7
8
106
41
40
283
110
339
108
63
99
0
2
36
45
20
82
100
2
64
250
1
100
37
175
2:70
51
8
43
86
277
22
29
38
100
54
36
11
31
22
8
37
110
88
153
59
5
20
3
82
114
2
33
214
3
7
313
81
4
8
39
186
66
92
51
31347
8
22
9
12
31
108
86
53
14
30
85
69
19
4
72
21
45
54
8
7
21
8
22
1042
110
68
111
71
43
34
104
3
47
9
1142
2159
1897
314
2
323
3
1517
36
2387
2753
8690
2111
11
4
12405
3
1625
1206
6271
816
925
1304
835
1385
2
14
8068
9
3708
958
1533
920
3
10
474
1523
3146
1
6
10
2
5
1
1427
4054
11417
91358
13098
3544
1
7716
25
73
9417
28772
3649
18
4
11
152
42
63
12
20
89
5
54647
890
0
157
9
15
9
3
18
34
11
12
1
158
3
27
11
2
8
0
4
11
2
1
16
716
36
121
18701
2294
13301
2004
1247
4729
575
403
82
201
982
454
85
523
665
436
366
166
2
1
2
4
2:1
16
9
14
2:4
49
9
39
44
39
6
29
3
2
12
29
3
47
4
6
30302
1513
8191
513
96
31
269
123
230
294
339
313
87
28
41
103
98
732
36
15
15050
11712
2:1
-487136
681
2180
655
402
315
223
464
2930
535
360
1019
1185
106
521
352
782
138
957
657
3194
205
41
391
144
4
11
39
76
92
787
407
123
1409
1936
62
735
1374
409
2:213
946
631
1016
260
303
241
459
939
272
485
223
535
297
32417
7505
14277
13177
3256
7901
406
13361
2823
1830
10118
118885
1
11311
40860
1023
6
39
186
11202
25036
19377
543
787
47475
36
40765
287
29404
1411711200
599:0
1
82:0
16
-15
2
0
2
-1
13
2:-8
2
69
-68
-2
10
-8
-1
29
642
-658
-4
-9
2
1563
-1563
2
-5
2
663
-662
1452
-1455
10
24
100
-130
-5
80
-80
6
-6
35
-27
8
-14
2
-4
0
1
0
119
-119
19
-18
-1
0
66
-67
4
-3
189
-179
-3
-7
1723
-1718
41
-46
27
-25
-1
580
-576
-6
0
70
-69
4
-5
166
-166
456
-454
10
-3
-6
0
-1
44
-34
7
-17
4
38
-38
-6
254
-251
0
2
-4
2:0
25
-13
-12
440
-439
19
9
-10
10
57
-81
-4
6
22
-30
6
-6
23
38
-57
27
-28
0
-2
12
102
-111
11
878
-893
9
84
-55
-25
-11
-1
51
-52
10
-8
139
17
-67
-90
-1
97
-19
-78
5
3
22
-29
0
867
-866
-2
10
-9
3
-3
-1
0
16
-6
-9
409
-400
269
-145
-107
-25
4421
-4420
-1
12
67
-74
41
-47
45
-45
8
19
-24
20
-23
0
4
3
-7
7
-5
714
-713
1
7001
-7001
33
-38
16
-13
7
-10
0
9
-9
9
-9
58
-54
2
40
-6
-30
164
-169
100
-81
-15
-9
182
-180
3
-4
1
61
-56
-6
12
44
-54
1
134
-137
39
-40
1
14
28
-43
2:4
-1
96
-99
-2
0
56527
-56516
4083
-4069
88
-112
24
4
859
-694
-179
-14
-1
158
-159
4
6
-10
16
-17
64
-64
55
-55
2083
-2082
-1
58
20
-76
16
166
-178
-6
8
5
152
-163
33
-34
2
-3
69
-63
58
-64
44
-16
-26
-1
0
17
-6
35
1
-43
12
-17
4
5533
-5512
-21
919
-918
244
-249
44
-42
-1
3
118
-116
13
-12
-7
1
8
63
-71
0
5
-3
-1
980
-950
-30
111
-94
25
-34
20158
-20151
11
265
-288
27
-32
3
0
3
-1
-2
62
-63
2
1842
-1838
-8
7
-3
24
34
76
-135
1
1048
-1038
-6
-8
1
84
232
-204
10128
-10234
33
-38
3
2390
-2395
55
48
-95
4817
-4666
-113
166
-210
12
80
-83
-11
2
9
-9
1
268
-269
33
-32
1233
-1236
3412
-3411
2894
-2869
-16
1
-9
-1
10
-3
-6
73
-74
8
135
-144
14
-2
4
79
-62
-33
1024
-1008
30
-46
12
-12
145
822
-961
15
-2
36
-36
-2
-15
152
-147
1315
1965
-3287
614
-612
70
-70
10
-10
1
2
3562
-3179
-385
-2
2
1
27
-30
0
368
-311
402
-456
3
-2
-3
37
-39
144
-137
-4
2:-1
60
-55
0
5
13666
-13643
-1
20
-14
-38
91
-92
10
39
-43
321
-318
12522
-12530
28
-28
1457
-1458
3
-2
2
539
-521
66
6436
-6517
15
-1
351
-370
5
1
128
-57
-77
114
-104
-10
22
6
5
-23
15
-23
-2
106
-33
-73
17
-18
1
8
5
-13
15
-13
-2
-1
10
1
-11
2
-1
7
-3
34
0
-33
11
-5
-2
61
-64
-2
-5
8
-6
1
-3
8
-6
3221
-3223
5
-5
12
26
-36
2:1
30
-33
354
828
-1145
601
132
-765
1
12
-19
1
44
-41
-4
85
-80
12
-8
-6
2637
-2625
81
-96
13
1
-10
12
179
-153
-35
-7
-1
1
0
-1
1
-1
1
-1
3:0
1
-1
3:0
1
0
-1
2:0
1
-1
1
-1
2:0
1
0
-1
1
-1
0
1
-1
0
1
0
-1
1
-1
3:0
1
-1
1
-1
1
-1
1
-1
2:0
1
0
-1
7:0
1
-1
16:0
1
0
1
-1
2:0
1
-1
2:0
2
-2
0
1
0
-1
1
5
-6
3:0
62
-62
1
-1
0
12
-12
11
-11
4
-3
3
-4
0
7
-7
4:0
2
-2
0
1
-1
1
-1
7
-7
4:0
1
-1
3:0
2
-2
0
3
-2
3
-4
3
-3
4:0
1
3
-4
2:0
2
-2
47
-47
0
2
-2
4:0
4
-4
0
1
-1
0
14
-14
3:0
1
-1
3
0
-3
13
-13
0
1
-1
0
1
-1
0
1
-1
4:0
1
-1
1
2:0
-1
0
15
-15
0
5
-5
0
4
-4
5:0
2
-2
6
-6
7
-7
0
5
-4
-1
2:0
2
-2
1
-1
1
-1
7:0
4
-4
13
-13
10
-7
-1
-2
6
-6
2:0
3
-3
26
-26
2
-2
3:0
3
-3
4:0
2
-2
6
-6
0
18
-18
2:0
1
-1
0
1
-1
8
-8
2
-2
2
-2
1
4
8
-13
22
-22
0
2
3
-5
2
-1
1
-2
0
5
-5
2:1
2:-1
0
8
-8
6
-6
2:0
1
-1
3:0
20
-20
0
1
1051
-1052
66
-66
15
-13
2
-3
4
-3
1
2:0
-3
2
-1
1
-2
2:0
7
-7
1
-1
2
-2
0
3
6
-8
-1
38
-38
0
3
0
9
-12
0
1
0
-1
12
-12
11
-11
1
0
-1
1
-1
3
-2
3
-1
-3
3
-3
0
208
-208
0
50
-50
5
-5
0
1
-1
3:0
2:2
-4
2
-1
0
-1
0
2
-1
0
57
-50
-7
11
-5
-6
-1
174
-171
-1
22
-22
-2
3:0
1
-1
0
4
-4
0
113
-113
2:0
2
7
-1
-2
-6
1
86
-83
2:-2
0
6
-1
11
228
-244
13
-13
0
59
-59
7
1
-6
212
-188
-21
11
-16
1
6
-4
-3
2:0
1
-1
8
-8
3
-3
85
-85
2:0
95
-94
1
-2
3:0
4
-2
14
-16
1
22
-23
2:0
4
6
-7
-3
69
-66
6
-9
3
-3
4
1
-4
-1
0
5
-4
0
-1
2
-2
30
-29
-1
16
-16
8
-8
3
-3
2:0
39
-28
-10
-1
2:0
2
-2
0
12
-4
73
-81
2:1
-2
0
1
2
-3
2
-2
0
2:1
-2
1
101
-102
3
6
-9
0
8
-8
4
12
-15
0
2
969
-972
2
-2
21
-21
3:0
12
-11
4
144
-149
16
0
1
-12
-5
0
1
29
-29
-1
6
-6
1
17
-15
-1
2
-3
0
9
-4
-6
1
-1
0
3
-2
-1
1
-1
2:0
3
-1
-2
2:0
2
-2
4
-2
-1
3
-3
1
-1
2:0
-1
3:0
2
-2
0
3
-3
2:0
6
-2
-4
2:0
8
-8
0
5
0
21
112
-136
-1
0
-1
1
4
-5
0
3
-2
0
-1
1
134
-134
1
-2
4
10
-14
2
7
-8
2
-3
21:0
1
-1
0
2
-2
2:0
1
-1
10:0
1
-1
6:0
1
-1
10:0
1
-1
4:0
1
-1
5:0
1
-1
0
2
-2
4:0
end
