v1
725
550
193
2
484
3
49
153
34
130
220
212
53
88
53
240
170
1
57
56
7
15
28
42
76
19
396
0
127
77
6
82
324
288
140
26
421
145
142
17
32
104
26
108
84
12
128
16
46
133
160
111
34
47
96
152
106
194
18
0
23
191
75
177
285
111
183
95
10
207
399
21
135
31
225
277
257
20
156
86
1
256
368
287
210
246
107
110
275
259
38
25
71
38
61
29
291
77
36
149
84
130
79
61
65
118
95
69
57
404
170
118
351
7
337
29
85
66
273
217
64
28
93
235
35
18
2
361
190
98
0
12
94
275
16
93
657
111
7
287
104
175
306
27
13
16
45
38
0
25
30
26
23
8
46
2
145
0
6
2
79
37
21
52
9
74
45
14
35
29
35
30
3
35
19
38
15
2
127
118
85
54
235
73
85
88
120
94
131
195
307
22
98
216
33
6
116
146
192
61
286
101
128
111
27
34
151
68
214
129
27
254
17
14
140
159
10
5
31
2
83
70
229
41
68
355
85
8
19
168
289
423
96
301
93
30
146
136
6
49
56
109
2
66
115
138
49
75
50
215
746
13
264
33
47
179
44
42
128
19
24
14
69
2
5
8
106
41
40
0
283
96
14
447
200
65
82
102
38
374
40
175
17
53
63
58
8
43
86
131
146
51
36
2
100
54
47
3
28
0
30
127
18
2
45
43
153
59
5
20
3
193
3
2
33
118
106
119
178
101
47
63
123
32
34
123
31375
22
9
204
33
50
3
2
42
85
69
19
76
8
112
8
28
8
22
986
166
68
0
92
90
181
3
47
9
3301
1897
314
2
326
1553
2387
686
691
1376
7582
3234
10822
1583
3
5
785
8312
816
925
2139
1385
2
4
10
8068
7
2828
1825
0
15
19
1514
933
0
5160
2
5
1428
106829
16643
7716
25
73
9417
32379
42
22
72
49
86
61
12
20
89
5
54647
731
9
123
20
7
157
7
2
27
18
10
24
23
146
16
27
11
2:1
10
2:1
11
2
17
709
29
14
6
124
3497
17489
4271
9030
0
7980
575
238
1430
454
608
665
802
166
2
3
5
9
8
27
4
58
38
45
39
40
1
43
38
9
4
6
30302
1513
8746
54
31
138
331
153
294
339
186
127
31
84
41
103
98
34
240
294
164
32
4
15
26762
2:1
-487894
256
707
160
74
242
228
170
75
0
188
0
219
57
11
0
27
135
835
1
458
529
517
57
253
15
53
559
64
324
226
244
0
114
600
194
255
98
222
700
0
123
714
71
9
168
158
188
56
124
753
21
94
45
207
799
65
80
319
1473
533
656
286
447
57
254
1250
405
7
249
39
72
71
66
13
45
72
124
52
82
96
238
596
0
74
7
510
169
66
188
414
269
127
53
316
632
0
102
170
541
328
131
321
214
157
62
370
985
426
0
13
112
29
352
85
357
3
315
89
248
286
43
54
84
10
46
8
36
650
769
77
81
449
115
26
67
0
60
399
66
6
175
416
45
73
941
84
108
0
461
14
31408
73
12
0
208
41
92
149
47
1257
28
199
217
87
36
0
5832
9160
6208
2
12084
4086
4874
7888
8047
31
2812
4794
511
1039
3126
1
17
16898
104456
11312
40860
1058
156
114
72
11056
44413
181
138
20
23
68
0
10
87
0
51
805
172
43275
2056
1
1289
583
0
188
51
40
51
40517
727
0
1055
368
469
15266
4
11814
1411914000
499:0
1
224:0
2:4
9
-13
-2
4
1
17
-20
-2
1
3060
-2830
-213
-16
32
-19
189
11059
-11244
25
52
-85
-7
2143
-2144
0
121
-119
-4
72
-59
310
-310
-6
-5
166
-166
37
-35
84
-84
-2
923
-924
247
-243
23
-13
-4
77
-88
2
-2
6
2:121
-246
0
1
-3
30
-29
2
-2
112
312
-422
72
-75
2983
-2948
-31
852
-649
-179
57
-85
148
-145
5
4
-4
17
-25
6
63
-48
-21
19
-18
-2
98
-96
10
-9
33
25
-54
-5
3
203
-196
-10
-1
312
-297
166
-178
32
-23
-12
43
-38
14
-15
6
15
-24
1
148
-5
-109
-22
-8
77
5
-77
-2
0
-9
274
-243
-11
2
-19
5
-8
96
-96
3
17
-4
-16
33
-22
100
-11
-89
6
35
-49
3
14
-21
3
0
146
-142
-5
32
-20
-8
432
-320
-113
749
-599
-87
-51
251
-263
52
-32
-14
-11
3
8
38
-15
-23
-10
65
-66
70
27
-97
20
-13
21
198
-224
314419
-314346
8636
-8625
-69
17
-34
12
29
-40
2
-2
49
-29
-20
129
-111
-17
19
-11
25
-30
61
-63
2
872
-805
-70
80
19
914
-1015
95
-86
257
-243
-20
0
-2
49
55
-54
13
-60
2
-5
2:4
2075
-1780
-278
-18
9
8748
-5904
-2848
-6
-2
7
26
-37
14
-13
38
-33
1391
-1366
-30
1
103
-92
2
89
-103
36506
-36498
0
1137
-1131
216
-219
36
-12
17
3107
-3121
-28
155
-123
161
-201
1
12
2041
-1986
-62
-5
-4
378
-369
2
170
55937
-56102
-12
-2
0
3797
-3799
35
14
-48
94
-79
10374
-10202
-178
529
-534
197
-177
-25
1
3
13
29
66
-98
-11
-3
3
3246
-3243
4116
-4018
-28
-75
48
-44
3
-9
521
-520
0
149
-86
-62
221
-194
1213
188
-1175
-248
14
5
4
258
-283
21
54
-77
1
102
-104
561
-563
705
-541
-160
0
43
67
7
651
-771
2788
-2783
-3
75
-77
271
-266
438
-399
597
-625
-15
4
-4
1348
-1347
0
90
-92
10
19
-9
5
26312
-26317
-7
13
32
-53
297
-283
10217
-10187
47
722
-812
-5
4
35
-24
6
-11
7331
-7335
8
47
-62
965
-875
464
-548
10
79
-27
-64
-3
31
2105
-2055
-41
-33
-6
55
-55
228
-151
4
-83
8
-7
3
18
-12
3
2:8
-23
3
2:0
-4
-2
23
514
-516
-11
-7
1
-1
1
13
46
-65
14
34
-17
-28
-4
49
18
1372
-1403
-32
50
608
-135
-519
-8
0
6
191
-196
-1
32
-19
21
267
-299
75
7698
-7696
189
-268
1
10
9
-16
1258
-1251
2
510
-487
-33
-6
2
-2
2
-1
1
-1
1
-2
7:0
2
2:-1
1
0
-1
2:1
-1
0
-1
1
0
1
0
-2
3:0
2:1
-2
2
-2
0
2
-1
1
-1
1
0
-1
3:0
1
-1
1
-2
2
-1
1
-1
3:0
1
2:-1
2:1
-2
0
1
2:0
-1
0
1
-1
1
-1
1
-1
1
0
-1
0
1
0
-1
1
-1
2
-2
2
-2
2
0
-2
0
2
3:0
-1
0
-1
2
0
-1
0
-1
0
1
0
1
-2
1
-1
2
-1
5:0
-1
0
2
-1
2:0
-1
2
3:0
-2
2:0
1
0
1
2:-1
2
0
2:-1
2
-2
0
2
-1
2:0
-1
0
2
2:-1
1
0
-1
2:1
2:-1
2:0
2:1
-1
1
-2
0
1
-1
0
1
-1
1
2:0
-1
2
2:-1
2
-1
0
1
-1
0
1
-2
0
2:1
-1
2:0
-1
1
-1
0
2
-1
1
-1
0
1
2:-1
0
2:1
-1
2:0
-1
0
1
0
-1
2
2:-1
1
4:0
1
-1
3
-3
2:0
66
-66
4:0
13
-8
-1
7
-9
-2
4:0
11
-10
-1
3
-2
12
-12
-1
1
9
-10
1
-1
1
-1
2:0
1
-1
2:0
1
-1
4
-4
2:0
2
0
1
-3
3:0
2
-2
0
1
-1
9
-9
2
-2
5
-4
-1
19
-11
-7
3
-4
20
-20
2:1
2
2:-2
0
5
-2
-3
3:0
7
-7
1
-1
0
2
-2
1
-1
13
-13
2:0
8
-7
9
-10
3:0
1
-1
1
-1
0
1
-1
2
3:0
-2
1
2:0
-1
3:0
33
-33
4
-4
1
0
-1
37
-37
0
1
2:0
4
-4
27
-1
-27
2
3
-5
0
24
-24
2:0
22
-22
0
19
-19
0
27
-18
-9
8
-7
1
0
10
-11
-1
2
2:-1
3
-1
3
-4
-1
0
8
-8
7
-6
-1
1
0
-1
42
-41
1196
-1196
91
-83
-8
3
-4
2:1
2:-1
0
16
-13
-3
10
-9
0
2
-2
-1
0
13
-12
4
-5
18
-18
23
-16
13
-20
0
1
0
1
-2
2:0
15
-2
-8
-5
3:0
4
0
-2
10
-12
2
0
410
-286
-125
-1
1
-1
4
-4
3:0
1
93
-90
-3
0
10
-10
3
-1
-2
339
-338
0
4
-6
28
-28
1
2
-3
92
-92
0
17
2:-8
-1
2:1
80
-78
-3
2:0
19
-20
0
21
429
-445
-3
-1
0
69
-70
2
1
-3
13
-10
300
-280
-19
28
-30
-2
4
1
-4
2:1
-2
12
-10
-3
0
3
172
-175
122
-114
8
-14
1
-2
2
-3
14
-13
-1
30
-22
-6
24
-24
156
-154
17
-21
3
-2
2:0
3
-4
6
-6
0
4
-4
27
-27
11
17
-28
0
1
3
-4
32
-32
17
-14
-3
3
-2
17
-12
19
-8
83
-98
2:-1
2
-1
1
0
2:-1
2:2
0
-2
172
-174
2
1
10
-13
1
3
826
-828
4
0
-6
0
2:2
-3
-1
2
163
-164
1
-2
1
0
42
-16
-24
9
-11
17
-18
0
16
-15
30
-30
2:0
17
-18
0
15
-10
-5
0
7
-5
1
-2
1
0
1
-2
-1
0
5
-5
1
5
-6
4
-1
-3
2:1
0
-2
1
-1
1
2
-3
1
0
15
-3
-13
4
-3
4
21
75
-100
-1
0
4
1
-5
0
5
-5
6
4
-10
5
565
-569
3
-4
3:0
4
-4
8
-7
28
-25
-4
1
-1
0
2
-2
14:0
1
-1
9:0
1
-1
38:0
1
-1
5:0
1
-1
0
1
-1
11:0
2
2:-1
9:0
3
-3
1
-1
10:0
1
-1
2:0
1
-1
1
-1
0
1
-1
1
-1
1
-1
7:0
1
-1
24:0
1
-1
7:0
5
-5
5:0
1
-1
3
-3
0
1
-1
0
1
-1
5:0
1
-1
3:0
1
-1
3
-3
1
-1
8:0
2
0
2:-1
4:0
end
