v1
507
55
14
138
90
238
197
497
52
139
48
8
260
347
14
223
144
171
57
19
37
22
0
28
660
106
59
58
4
167
95
186
102
580
152
159
136
26
191
32
109
466
177
152
96
10
484
17
78
82
341
72
95
183
39
22
156
75
299
25
21
135
69
13
174
277
72
185
5
21
236
1
0
28
165
63
275
93
287
673
246
21
8
148
283
16
74
111
293
76
157
209
59
2
0
278
69
57
31
345
138
295
0
106
135
59
107
137
63
424
64
190
27
356
77
108
31
2:100
394
56
219
16
76
81
55
164
173
92
89
131
221
73
109
288
215
0
29
45
38
35
5
3
12
7
18
1
6
16
0
8
1
46
2
3
14
117
17
13
90
15
82
74
59
6
12
38
8
50
15
41
16
44
11
82
0
163
381
58
8
31
98
44
0
27
93
192
123
70
35
86
243
28
2
68
206
10
39
116
214
17
0
53
54
121
141
85
101
128
172
146
5
282
404
6
31
19
280
10
38
66
87
229
41
68
27
413
1
19
175
712
96
301
93
252
115
56
111
24
42
115
56
131
75
86
0
129
0
796
256
21
33
92
84
62
74
128
19
24
14
69
7
8
106
0
41
11
29
187
2:96
14
609
2
101
82
102
38
414
175
133
58
8
3:43
204
73
51
22
16
100
54
47
3
58
6
31
108
2
88
153
59
5
20
3
104
71
18
5
33
30
194
119
3
175
101
38
9
21
63
23
28
26
15
76
91
31402
5
22
52
39
117
38
53
44
24
130
19
76
66
54
8
28
2:4
22
932
148
72
68
111
71
43
138
50
14
3296
2211
325
3
1553
979
4161
1448
1016
8352
12405
793
830
8298
925
872
432
835
1385
2
4
10
8077
2826
882
943
15
1533
920
13
474
0
511
1013
3146
6
2
10
2
3
1
0
1427
106829
16642
0
1
7716
25
26
47
9417
32421
22
2:11
4
75
106
61
12
20
53
36
5
9635
1380
44363
9
123
27
157
7
2
27
18
22
16
7
12
146
13
3
27
11
2
11
1
11
728
43
6
19387
1723
10867
0
2434
8555
441
1227
539
523
665
802
168
3
5
6
11
0
29
2
44
5
47
11
6
32
35
7
33
82
9
4
6
30302
1513
8191
340
269
31
160
440
22
294
339
313
31
0
56
28
144
91
0
7
98
284
350
36
26777
1
1411647600
506:0
12
-12
11
-2
15
-3
197
-209
20
-16
85
-98
2147
-2133
-13
1
8
11
-19
340
-328
0
232
-245
10
70
-80
2
-2
0
14
-8
-6
129
-49
-77
3
-7
0
165
118
-279
-2
7
-1
-3
23
-26
29
-27
108
25
517
-650
10
-13
1
2
-2
0
6
0
-7
178
-103
-72
18
-21
2
41
-43
2:0
1714
-1707
-6
-1
2:3
-5
-1
24
32
-43
-10
352
-350
86
-91
1
153
-155
14
0
8
-10
225
-186
-51
6
-6
0
2:3
-5
2
-1
1
34
-34
16
-9
37
-44
-1
7
-1
-6
68
-29
-14
486
-513
1
-1
20
1054
-1059
-15
4
3
32
-35
-1
-2
0
5
0
141
-145
-2
8
-6
-1
5
-5
27
-27
0
1
-1
13
-8
0
5
-7
86
-53
-36
10
394
-358
28
-57
-18
1
6
-5
205
-197
56
-64
-1
2:0
23
46
-70
52
-52
2
-1
1
-1
60
-59
-2
12
10
-18
158
83
-85
-157
-2
368903
-365458
-3383
-62
-1
0
2
12
49
-61
-2
2:2
1
3
21
-25
31
-35
4
-3
40
-38
34
-37
14
22
461
-496
-1
2
-1
2
-1
0
27
43
-39
-30
-1
28
-2
-25
1
2
-3
3644
-2338
-1309
3:0
18
-16
18
-14
-6
1
9
15
1446
-1425
22
-65
126
-105
57
-80
0
47374
-47375
2
-1
1
5
108
-112
1
0
21
2644
-2637
-11
38
-38
-3
929
-938
-7
2
-4
49
10
-58
16
27
32942
-32967
-15
2635
-2637
-1
18
19
-15
3
4030
-3815
-217
825
-849
2
-1
11
-10
0
8
-10
8
-4
118
-120
21
-22
1
2:-1
0
2
1006
-1002
0
2244
-2234
-12
-1
-2
-1
4
77
-79
-1
64
-48
3
43
-48
507
-522
31
37
-57
-7
1
-1
44
-44
-3
405
-389
12
85
-38
-75
138
-45
-78
81
-96
3
2426
-2202
-159
-45
173
-194
-2
3
-4
8
365
-371
0
2
73
-67
-8
165
-161
16
64
-85
0
1
0
5
-1
2
19533
-19539
9
-10
0
101
-80
-22
0
40
-34
275
-271
20
8252
-8201
1584
-1664
22
-23
2:2
-1
-2
155
-155
49
5915
-5964
-1
7
-4
-1
61
44
-106
10
63
-44
-28
-1
36
-16
-17
1
51
-40
-5
1550
-994
-506
143
-204
3
4
-4
0
-3
0
2
268
-269
15
-7
2
-4
18
10
-33
-1
1
-2
0
1
44
-45
1
4
-3
1
-1
35
-29
14
-6
13
66
-32
-55
-7
1
11
-10
119
-122
2:8
-14
17
-3
93
-78
-31
5124
-4986
-137
0
6
-7
16
33
-32
295
-293
1
2:0
1
-1
2:0
2
-2
1
-1
0
47
-47
3:0
2
-2
8
-4
0
1
0
-5
3
-3
4:0
2
-2
7
-7
5:0
1
-1
2:0
1
-1
4
-4
2
-2
3
-3
23
-23
1
-1
7:0
9
-5
-4
1
-1
0
13
-13
2:0
1
-1
3:0
1
-1
0
4
-4
3
-3
5:0
7
-7
2:0
4
-3
1
2:-1
1
-1
0
1
-1
4:0
2
-2
2
2:-1
5:0
12
-12
8
-5
-3
2:0
1
0
-1
3:0
24
-23
-1
2:0
1
-1
8
-8
11:0
10
-10
0
1
-1
13
-13
0
2
14
-14
7
1
-9
-1
1
-1
7
-7
0
1
0
-1
0
1
0
-1
7
-7
4:0
1
-1
3:0
1
26
-27
2:0
1
593
-522
-65
-7
1
3:0
3
-3
0
-1
3:1
0
-2
-1
0
1
-1
5
-4
13
-14
6
-5
12
-13
5:0
1
4
10
-9
-6
0
2
3
-4
-1
1
-1
128
-50
-78
3:0
3
-3
3
-1
-2
2:0
2
69
-65
-2
-4
8
3
-10
-1
0
197
-197
2:0
1
-1
17
-17
1
-1
1
68
-69
0
7
-5
0
45
-45
-2
1
-1
3
8
-11
1
8
183
-190
-2
38
-38
2:0
2:2
-1
151
-138
-11
14
-19
2:0
2
2:-1
3
-3
2:0
14
-14
2:1
-2
4:0
56
-55
-1
65
-62
-3
4:0
6
-4
-2
22
-21
1
6
-5
60
-63
1
8
-7
-2
1
-1
3
-1
-2
3
-2
-1
3
7
-10
12
2
-14
1
-1
0
30
-23
-4
-3
10
-10
2:0
1
5
44
-50
0
3
-3
3
-2
-1
2
-2
2
-2
6:0
124
-124
3:0
4
-1
-3
0
9
-9
2
-2
3
391
-390
5
-9
3:0
1
-1
0
1
-1
2
121
-123
4:0
39
-30
-9
7
-7
4
-4
2:0
9
-4
-5
18
-17
-1
12
-12
10
-9
0
-1
1
-1
1
-1
4:0
2
2:-1
1
0
-1
3:0
2:1
-2
3
-3
5:0
5
-5
9
-8
1
4
16
-20
-2
3:0
7
-7
2:1
-2
3
-3
5
2:-2
329
-330
2:0
1
-1
0
4
2
5
-9
end
