v1
790
69
228
131
156
148
41
268
52
14
115
7
52
139
14
34
268
17
75
136
24
95
14
37
28
0
10
99
2:3
34
46
250
27
58
19
37
7
14
1
28
118
221
275
123
88
59
281
272
140
17
572
3
159
60
65
37
72
36
10
60
154
16
168
11
136
24
111
22
79
41
35
152
42
54
204
49
91
33
12
0
81
41
113
47
13
333
29
38
95
140
43
132
85
45
180
40
128
6
21
33
102
31
225
277
72
185
5
82
9
80
53
33
194
0
63
47
32
196
22
71
85
98
48
11
45
42
141
128
125
44
64
19
110
36
231
0
8
148
149
134
90
23
27
133
108
83
30
24
188
143
87
125
214
36
11
22
57
31
372
406
64
42
128
7
12
92
135
88
39
55
369
144
69
22
46
121
235
53
132
55
169
7
118
0
82
88
106
257
18
16
93
119
164
121
52
201
30
302
65
8
45
14
50
10
136
24
102
16
7
181
40
16
45
6
19
13
18
7
6
31
19
8
22
1
48
3
14
7
110
7
6
3
0
1
13
88
17
64
2:9
35
39
45
14
6
40
13
5
2
48
15
3
35
19
38
17
14
113
0
115
3
19
28
263
14
57
66
173
120
385
35
16
70
10
96
27
58
52
304
10
33
6
111
5
104
0
42
85
28
25
54
121
141
85
101
100
28
169
3
146
5
282
129
27
0
254
17
14
10
9
121
159
0
10
29
9
66
17
0
70
177
52
41
423
85
13
7
184
41
500
258
17
133
49
102
71
5
0
7
4
6
176
0
43
33
115
0
56
109
2
24
42
115
56
131
8
67
50
215
110
407
229
19
29
8
221
33
30
25
37
84
10
15
31
6
28
46
90
38
43
14
69
2
5
8
147
40
48
25
44
18
103
45
32
64
14
447
63
99
2
36
45
20
82
16
86
8
30
322
92
93
82
16
54
121
8
43
61
25
23
22
53
33
2:73
22
29
38
98
2
54
47
53
6
2
37
52
38
20
88
153
43
0
16
5
20
3
104
89
3
2
33
115
109
117
2
0
75
103
15
0
1
38
0
2:47
46
70
102
34
67
0
31431
1
21
9
12
40
3
4
26
4
115
4
29
53
44
37
48
69
19
38
31
7
8
13
11
31
3
54
8
28
8
13
9
1050
30
72
68
111
71
43
139
2
56
0
2960
341
2211
328
1553
3764
1376
0
2464
5116
3236
12405
3
790
830
4874
423
2182
819
925
872
1274
1378
2
8082
9
2826
882
943
1548
1407
511
4149
16
2:1
8
2
6
1414
13
10
4044
11417
91358
13098
1
3543
1
2718
4998
25
26
47
9417
32439
4
11
15
7
134
40
61
12
4
16
89
2:5
11
10999
44312
51
152
7
45
0
40
72
7
2
9
36
57
1
52
93
13
3
4
23
11
2:1
2:4
2:2
11
2
17
709
29
14
68
108
6
3445
14007
3482
3093
1178
3235
5795
3251
7
5297
441
1227
454
85
334
88
55
46
1467
166
2
1
2
6
17
8
18
3
1
39
8
11
72
3
7
1
8
5
26
37
1
2
35
9
8
30
9
4
2
4
2
30300
9704
640
68
201
123
380
36
239
165
43
119
225
56
28
41
103
829
1
36
15
53
60
26598
51
1
-487762
352
327
352
61
398
1342
421
541
964
220
1575
27
224
59
328
211
319
1841
107
695
466
279
142
271
419
749
192
483
2150
1613
57
164
604
891
5
199
574
981
347
2204
275
1284
226
712
1019
186
138
692
137
1763
844
833
151
720
1403
18
75
153
31422
73
112
216
410
1495
5972
1878
15619
9957
16849
8075
2814
4320
985
4166
5010
169861
55492
479
160
44158
3970
6
187
173
41249
1325
814
14797
12028
1411511400
699:0
1
89:0
3
20
-22
122
-119
-2
2:0
-1
3
114
-99
-5
35
11
-59
4
1
-5
11
4772
-4773
6
-16
2:1
181
-181
-1
26
-23
8
-5
621
-628
720
844
-1563
44
-6
-27
-12
30
-28
20
-21
7
34
162
-188
-12
115
-92
-27
0
3
2
-5
0
1
235
-230
1
-7
70
-68
413
-405
1
-5
-3
-2
0
6
-1
-5
177
-174
-3
0
-1
270
-265
119
-122
6
-8
13
53
-66
32777
-32776
30
-28
-1
3
175
-139
-30
-6
-4
68
18
196
-225
-16
-42
2:2
-3
1
322
-324
2
46
-45
34
-34
-1
54
-54
19
-8
-9
8
-12
0
2
-2
4
-4
2
302
-292
-11
0
677
-675
73
235
-309
14
30
0
-46
2
369
-363
22
-30
117
-104
76
-72
-17
65
72
-135
289
-287
-3
2
7
24
-34
676
-667
-6
8
6
39
-48
-7
66
-58
49
-52
-3
0
-1
2
603
-606
0
53
-48
333
-115
21
-241
2:0
-3
29
2873
-2902
1
2:2
67
-60
109
-110
12
-15
-6
-3
8
29
-17
-19
726
-722
5
-4
84
-88
78
-75
-4
26
-27
1
9
-10
7
61
-66
-2
2
8
-9
0
23
-24
20
95
-113
7
175
-183
27
-28
89
-86
-2
5
17
-23
3
372
-372
26
479
-489
7
-16
2
0
-7
59
-63
-1
25
-17
12
-7
41
84
-82
-46
-8
-1
2
-3
9
-9
234
-230
98040
-98043
6935
-6936
152
-152
1
-1
7
-7
9
17
481
-377
-32
416
-510
9
1
22
-34
0
63
-65
1
0
6
-7
31
-29
3
-1
40
-7
-14
-6
154
-171
1
0
22
-23
132
419
-551
5
2
-4
2:3
-7
57
-57
0
6
104
-103
-8
0
21
-18
-2
32
42
-75
3:0
17
-13
1468
-1455
-18
0
4
7750
-7754
1387
-1297
-82
334
-339
3
-5
-1
171
-142
-10
-6
-13
0
1
13
-6
7
-13
-2
13
12
1907
-1928
7
370
-376
8
185
46025
-46215
11
-6
-11
2
-4
67
-65
-2
262
-227
-34
5
-6
55
-54
155
-131
-22
3166
-3168
2
-1
64
-66
61
-34
158
-150
12027
-12015
-47
25
-24
0
2:1
-2
0
4
167
-115
-55
510
16490
-16907
-94
3
3134
-3138
13
-10
104
-53
-38
-15
0
16144
-15351
-735
854
-910
1
12
175
-188
-3
49
-43
11
-5
-2
23
5
-2
-32
-3
0
171
18
-186
-4
4
2635
-2627
1
2950
-2963
67
12
-77
-1
1
5
-6
157
-155
3
2
193
333
-534
15
43
315
-369
-2
19
56
-27
-49
1
27
28
129
782
-871
-93
162
-157
0
17
37
136
-196
46
-46
23
-14
-1
-8
2
556
1200
-1582
-174
134
-118
-20
1
3215
-2499
-717
11
-8
-4
2
-2
124
-121
-3
3
50
8594
-8108
-532
1485
-1347
-141
0
197
-200
-1
2:0
2
33
36265
-36295
-5
35
-31
4
-8
150
-135
-15
11
53
-63
14
319
-333
16
21000
-21015
1511
-1513
11
-8
1
-1
18
0
-18
85
9
11381
-11473
6
-11
7
2
68
131
-196
0
22
561
-595
11
-8
97
-80
36
-56
1
54
48
-103
6
114
-114
34
-34
-3
25
82
137
-229
93
-107
0
13
-17
1
0
9
-9
29
-30
3
-3
138
-138
2
72
-69
46
75
-117
-8
-1
2
34
31
-19
0
-44
16
-15
0
-5
1
-1
14632
-14632
7
-4
71
-72
239
-237
2
-6
76
-69
1
39
-46
763
-764
1
139
38
-178
952
-940
-7
-2
240
-237
-4
2:0
77
-76
-2
1321
-1319
160
-155
9967
-9969
36
-40
5
64
-64
-5
-1
14
598
-561
-53
0
1
-1
5:0
1
2:0
-1
3:0
1
-1
2:0
1
-1
1
-1
0
1
-1
1
-1
2:0
1
-1
7:0
1
0
-1
1
-1
0
1
-1
11:0
1
-1
1
0
-1
10:0
1
-1
2:0
1
-1
10:0
2:1
-1
1
-1
5:0
5
-1
-4
0
3
-3
4:0
65
-65
1
-1
7:0
1
-1
21
-21
10
-9
-1
11
-10
2
-3
2:0
4
-3
-1
3
2
-5
0
7
-6
-1
0
2:1
-2
7:0
1
3
-4
3
-3
2
-2
0
2:1
-2
5:0
8
-8
1
-1
1
-1
2
-2
0
206
-205
3
-4
3:0
2:1
-2
0
3
7
-1
-8
4
-5
4:0
17
-17
0
3
-3
3
-3
2:0
1
0
1
-1
1
-2
6:0
4
-4
2:0
10
-10
4
3
-7
5:0
5
-5
2
-2
11
-11
13
-12
-1
5
-1
-4
3:0
2
-1
2
3:-1
0
3
1
-1
-3
2:0
2
1
-2
-1
0
1
-1
9
-9
3:0
35
-35
13
-12
2:0
-1
0
8
-8
3:0
39
-39
2
-2
0
1
-1
0
2:2
-1
-3
4
-3
1
0
20
-22
1
-1
0
3
-3
1
0
-1
1
3:0
-1
1
2:0
6
-7
0
16
-16
1
22
-23
7
-7
15
-13
-1
0
1
-2
1
19
-19
2
0
-2
5
-6
2
0
-2
10
-10
3:0
1
0
5
-1
-3
0
-1
0
-1
0
1
-1
50
-48
1295
-1297
81
-81
21
-21
2:0
2
-2
2
0
5
-2
2:0
-3
-2
2
6
-5
-2
12
-13
1
0
-1
0
2
-2
2:0
16
0
-10
-6
35
-35
2:0
12
-12
8
4
-11
1
-2
1
2:0
-1
10
-10
2:0
13
-12
-1
8:0
2
0
-2
2
7
-7
-2
0
2
363
-365
63
-60
-1
-2
2:1
2:-1
0
3
0
-2
-1
0
1
-1
0
4
-4
0
4
-2
78
-78
-2
22
-21
2
0
228
-226
-5
2
-2
2:0
4
-4
0
29
-29
3:0
3
-3
7
-5
-2
190
-190
2:0
19
-19
8
-8
3
-1
125
-125
-2
2
-2
4:0
1
-1
19
-18
-1
35
366
-395
-6
0
98
-98
2:0
8
0
-3
-5
0
302
-275
-22
24
-29
1
0
8
-6
-3
4
-4
2
1
3:-1
0
2
-2
0
11
-9
2:-1
1
195
-196
0
152
-152
8
2
-10
4:0
1
-1
1
0
3
14
-18
2
-2
44
-44
0
5
-1
-4
2:0
4
9
-12
130
-129
-2
23
-22
0
1
3
5
-9
1
-2
4
-3
0
-1
1
22
2:-1
-20
6
-1
-6
0
67
-44
-21
-1
0
-1
2:0
3
1
-4
0
19
141
-156
4
-7
2
-2
-1
4
-4
4:0
5
175
-178
-2
5
-5
1
-1
5
-4
-1
4
10
-14
2
1
-2
6
1371
-1377
11
-11
-1
2:0
1
3
-3
-1
0
7
216
-223
3:0
1
-1
61
-61
2:0
31
-31
5
-5
42
-35
-7
2:0
3
21
-23
2
7
-10
12
-11
-1
1
18
-9
-8
-2
2
-1
2
-3
0
1
-1
0
6
-5
-1
0
1
0
-1
4
-4
8
-8
1
-1
2:0
8
-5
0
2:-1
3
-4
0
2
-2
0
4
-4
5:0
1
-1
0
12
-12
0
8
-8
5
-5
0
14
-5
-9
201
-199
-2
0
6
-6
3:0
1
-1
0
7
-7
10
-8
362
-361
-1
-2
7
4
-10
-1
2:0
21
-16
-5
21:0
1
-1
4:0
2
-2
60:0
end
