v1
535
297
20
222
45
161
155
568
8
554
53
274
335
56
7
15
28
339
486
612
580
152
159
494
195
372
324
10
501
506
345
61
156
105
288
27
391
277
109
148
262
194
63
165
0
203
287
613
60
104
171
431
494
442
61
278
66
3
57
31
866
153
366
424
354
40
34
209
810
257
18
16
549
312
221
65
8
59
50
577
38
43
115
19
117
17
118
82
74
59
6
123
357
447
173
0
120
110
275
35
329
30
284
39
116
146
192
121
141
425
61
146
5
282
410
31
299
10
38
153
270
423
85
27
168
808
301
83
10
528
4
2
66
302
75
50
328
837
73
33
186
254
19
107
7
8
147
433
647
147
102
38
377
37
175
133
58
8
43
112
251
51
38
100
54
47
2
59
37
101
9
88
153
59
5
20
3
198
52
205
398
47
252
31493
5
22
9
43
237
10
44
173
76
22
98
15
21
30
932
220
179
71
181
3
43
4
9
5
285
3011
2211
328
1553
5140
10816
12405
793
9128
3064
1385
2
8113
3686
943
15
2453
13
5152
10
5
1428
123472
7741
73
9417
32411
10
18
4
22
258
20
89
5
55530
7
157
36
18
45
12
162
27
11
2
12
11
728
43
121
0
20995
3093
10208
2004
8219
1062
665
436
366
166
2
1
24
31
58
38
84
40
1
43
47
4
5
1
30302
10344
21
117
131
353
633
186
20
107
31
84
144
793
15138
11712
-487697
251
79
211
227
21
0
139
316
0
228
433
18
49
452
344
116
82
223
171
64
31
428
598
315
50
173
23
194
942
67
43
269
46
230
198
587
888
375
106
219
686
180
211
723
51
1434
810
639
111
30
86
121
282
448
673
99
158
342
0
397
436
553
32
534
29
138
7
8
11
7
75
138
120
17
13
32
179
186
367
354
283
112
0
131
90
143
0
319
298
427
401
229
420
314
331
295
99
192
124
13
96
413
0
28
19
1053
122
182
0
387
50
6
348
0
37
5
11
701
145
89
0
185
44
390
12
84
321
150
121
0
73
0
210
719
2
101
429
166
286
215
533
257
8
447
76
670
76
42
94
61
31701
70
153
3
55
230
62
36
1467
5711
323
1878
5868
11655
8053
4086
4874
2603
1746
872
432
2236
8075
2
6199
2930
3137
9
7
1465
119908
49547
2624
1029
29
0
31
125
5
35
11202
44363
50
12
70
193
15
64
224
11
15
788
163
3445
14007
7753
20126
1827
2
94
14
80
4
42
28
21
19
51
40190
444
631
316
694
0
45
69
235
520
178
36
15
17027
9736
1
1411735800
299:0
1
234:0
8
11
15
-22
18
43
-61
71
-73
1154
-1151
313
103
-416
-8
134
-126
42
93
-5
7
-77
119
-184
3
7
10
-8
-11
23
504
-500
-30
4
8
187
-146
-51
15
30
-27
-19
9
0
-10
2
42
-11
-34
37
83
-99
71
-89
12
25
-35
61
-29
-34
-3
16
-7
-9
0
63
-19
78
-109
0
274
1472
-1600
117
-276
28
85
-22
-73
3
-10
-7
0
681
-654
-28
885
-867
-20
11
235
-199
-6
-32
3
-7
-3
-1
1
108
-89
289591
-279851
-9704
-41
13
-29
0
-1
9
-8
5
71
-71
-1
27
-31
36
-21
1925
-1935
10
-15
1
86
-54
-23
15
-24
0
26
-25
5519
-3275
-2241
72
-72
6
-10
-2
1222
-1213
66
-58
46
56759
-56678
-141
25
1794
-1800
-19
2:34
-61
-4
954
-952
-6
14
87
-98
41
50345
-50390
0
1917
-1918
23
-13
31
-37
14201
-14118
-31
183
-139
-95
-3
49
-17
810
-490
2005
-2335
52
-74
18
-17
77
6
-76
14
33
149
478
-436
-234
-11
23
5
-29
36
-31
26
-29
31
-35
134
-32
50
-1
-150
3600
-3019
-475
52
1262
-1417
478
-477
3
-1
278
-262
-21
1
39336
-39323
14
50
195
-239
7324
-7333
59
-84
137
-118
-7
-14
41
3942
-3603
-316
35
-88
25
50
-52
15
-31
1
9
2
-18
2
-5
2
0
-10
0
5
-5
11
-8
2
-5
54
-50
40
-29
51
279
-330
21
-9
49
405
-465
17
493
275
-703
-84
37
-1
-29
-21
26
9
-5
321
-351
8
3614
-3609
348
-341
326
-351
2
3:-1
0
1
2
-3
0
3
2
-3
2
-2
0
3
-1
-3
2:0
1
2
-4
2
-1
3:0
2
-1
-2
5
-4
2
0
-3
3
-1
3
-1
-3
-1
2
2:-1
2:1
2
1
-1
-3
-1
3
-2
-1
3
1
-4
2:0
2:1
0
-2
2
-1
0
3
-2
-1
0
1
-2
2
3
-2
2:-1
1
-1
2
-1
-2
3
-3
2:0
2
0
2
-4
0
1
2:0
2:1
-2
3
-3
1
-2
2:0
3
-2
2
-3
0
2
-1
3
-4
0
1
0
-1
2
2:-1
0
2
3
2:-2
2
-1
0
-2
4:0
1
4:0
-1
1
-1
1
2
-3
1
0
1
-1
1
2
-3
1
-1
0
2
1
-4
1
5:0
-1
0
3
-2
3
-4
4
-3
3
-4
4
0
-1
-2
-1
1
-1
2:1
-1
2:0
-1
2
-2
2
3
-5
2
-2
2
0
2
-3
1
2
-1
0
-2
0
-1
1
0
1
2
-3
3
-3
0
1
-2
2:1
-1
2
-2
4
-4
1
-2
0
2:1
2
-2
2
-2
-1
0
1
2
2
-1
4:0
1
-1
0
51
-51
10
-6
-4
2
2:-1
4
2
-6
7
-6
-1
1
2:0
1
-1
1
6
-6
2:-1
1
-1
11
-9
-1
1
6
-7
-1
3:0
1
-1
1
0
2:2
-1
3
-7
4
-4
1
4
-4
1
-2
2
2:-1
3:0
15
-15
1
-1
2
0
-2
0
19
-19
0
4
5
-9
7
-6
0
6
-4
12
-13
2
4
2
-8
6
-4
0
-4
2:0
2
37
-39
689
-629
-54
-6
1
-1
2:0
3
-2
-1
2
1
-1
4
-6
13
-3
8
-18
4
-4
1
5
3
-9
4
-4
1
0
-1
177
-69
-108
3:0
2
-2
78
-75
8
0
-10
216
-198
-19
0
51
-51
0
2:3
-5
1
45
-44
-3
1
6
-6
12
219
-230
-2
38
-38
0
1
5
-4
169
-159
-8
9
-7
-6
2
11
-10
72
-74
82
-77
1
-5
-2
5
6
11
-19
-3
13
-12
84
-72
-10
2:-1
7
-8
5
-5
3
-2
0
-1
2
16
-9
4
-13
31
-21
-6
4
8
-10
52
-58
1
-1
4
2:-1
-2
103
-103
4
3
-5
5
439
-446
3
-3
6
-6
1
-1
3
167
-169
25
-17
-9
11
-10
11
10
-21
-1
8
1
-8
6
-5
-2
0
2
-2
2:0
6
-5
-1
2:1
-2
1
-1
3
-1
-2
0
8
1
-9
2:1
12
-14
19
-16
1
-4
2:0
3
1
-3
0
-1
0
470
-470
2:0
13
-13
6:0
1
-1
0
2
-2
1
-1
3:0
7
-7
28:0
1
-1
7:0
2
-2
35:0
1
-1
4:0
1
-1
9:0
1
-1
1
-1
9:0
2
-2
6:0
1
0
-1
2:0
3
-2
-1
4:0
1
-1
2:0
1
-1
0
1
-1
4:0
1
-1
3:0
1
-1
10:0
1
2
-3
2:0
1
-1
10:0
1
-1
0
1
-1
0
4
-4
8:0
1
-1
1
-1
6:0
1
-1
2:0
1
0
-1
6:0
3
-2
-1
3:0
end
