v1
812
743
237
44
100
105
52
139
39
9
29
467
84
35
14
37
263
210
27
1
57
56
2:11
127
271
244
46
165
534
5
49
24
140
490
102
214
51
56
72
260
11
158
26
136
135
101
324
10
50
2
142
22
285
113
47
413
50
45
73
110
133
62
76
326
19
21
33
102
31
225
277
72
32
141
12
20
24
52
80
86
257
79
57
139
93
183
262
52
160
138
165
150
125
297
134
64
209
221
307
48
87
324
15
36
33
22
35
31
94
277
407
106
135
104
13
210
10
358
95
213
68
28
119
286
339
9
291
35
59
275
16
15
361
173
201
30
10
71
10
60
224
59
45
5
476
56
45
6
19
0
13
25
18
4
15
50
46
2
3
14
117
16
1
2
116
73
9
74
59
33
31
65
38
3
16
38
17
127
118
85
20
201
71
0
4
66
46
127
120
225
134
26
35
96
123
110
314
33
6
38
78
104
42
138
54
65
56
141
85
101
41
256
3
175
73
185
116
13
281
31
19
91
30
159
10
36
2:1
66
87
229
41
423
93
187
808
301
83
10
312
55
56
109
2
24
295
27
22
75
50
325
3
404
66
163
19
9
249
33
4
26
89
67
15
25
6
38
42
53
37
11
27
19
97
10
7
8
106
41
355
78
339
108
116
48
36
45
20
77
5
102
38
281
96
212
70
121
8
43
86
105
99
73
51
38
100
54
47
61
89
56
2
88
153
59
5
23
196
2
33
118
106
119
64
114
56
45
110
21
134
34
31493
5
22
9
55
149
33
53
44
47
38
65
23
76
8
58
54
8
6
22
8
22
1080
72
68
111
71
181
3
47
281
3029
2211
328
1553
0
5140
10816
12405
793
830
8298
925
3524
2
4
8078
4675
7
1526
933
474
1523
3137
10
6
1
9
2
5
1
1427
15471
91358
13099
3543
1
7716
21
4
73
9417
28772
3639
10
18
4
26
16
50
176
12
20
53
36
2:5
54642
883
7
157
9
1
14
9
3
17
1
57
1
52
106
3
27
12
1
10
2
11
2
17
738
14
182
20934
3093
3173
7035
7980
575
1668
539
288
46
133
10
46
665
436
245
121
166
2
3
4
1
18
22
4
2:2
44
14
83
2
37
40
44
47
4
6
40646
392
863
344
84
41
103
89
741
36
15
31
22
14775
222
11712
2:1
-487956
62
208
275
82
568
64
179
63
0
85
0
283
67
293
0
291
862
65
558
87
65
16
143
116
5
264
99
91
242
143
464
53
235
0
517
427
0
23
0
105
207
288
32
127
16
85
45
329
190
62
48
758
81
430
93
128
26
104
23
202
336
100
127
4
210
151
12
118
337
74
111
226
279
21
646
141
0
291
0
33
436
102
87
0
131
278
96
675
235
424
246
474
50
32
30
2
55
363
44
27
129
35
0
95
177
0
65
32
255
125
175
55
108
0
22
20
21
23
0
7
63
9
323
144
8
3
1
17
0
89
8
728
66
0
394
109
0
112
347
0
115
276
46
303
47
168
95
265
72
32
162
91
28
88
5
438
248
23
0
24
304
30
892
0
11
31
20
52
168
962
173
5
315
156
184
77
195
85
247
35
1113
146
2
222
21
14
249
24
173
108
235
592
93
94
1082
181
282
22
45
435
196
143
109
322
1
132
344
31
31385
64
39
7
105
65
28
14
57
13
88
0
322
5
913
178
199
138
62
3
74
10174
350
691
3840
3426
1691
4742
5466
11929
2605
3
0
3887
9432
39
1
12274
1472
4033
127186
0
41832
11
0
97
99
75
43
31
11
80
9657
1380
0
44363
33
180
110
52
37
113
48
3
15
32
9
5
813
41
95
0
25224
17007
981
2282
1634
61
2
0
17
19
2
48
2
84
12
4
34
36
33
34
16
0
4
12
40618
631
5
592
728
896
14748
1411431600
499:0
1
311:0
7
-1
34
-27
157
37
-189
-8
81
-83
-4
1074
1977
-3035
-9
77
-76
0
2
676
834
-1515
14
145
-164
35
-33
60
-52
-7
24
-4
58
-65
94
-88
28
-45
8
246
-257
1
14
126
-118
-5
-16
18
-9
677
-501
507
-388
-305
-3
237
-234
1
2
2122
-2111
-12
-4
4
-4
193
-178
7
62
-36
225
-265
137
-143
29
-27
1
-4
12
173
-167
21
455
-494
63
-26
-28
17
-11
-9
3
1198
-1139
326
22
-414
36
337
-368
-2
58
-65
52
-17
38
-68
73
-44
89
-121
-2
34
41
973
-1034
76
-76
-6
14
-12
8
-15
-1
4
172
-175
14
22
391
1431
-1859
9
-11
3315
-3308
18
1
130
-153
6
77
50
-132
250
-242
1050
-1061
11
-2
2
295
-281
13
1691
-1730
8
16
-15
21
33
-55
-5
21
-14
21
1491
-1292
-197
35
-67
35
91
-112
15
207
-224
-3
118
78
-204
-2
4
10
-6
11
4
-22
24
115
-110
-21
9
-6
-12
3
232
104980
-105210
4362
-4365
145
-146
15
-4
0
-2
29
5
48
-30
-5
-37
43
-63
1
194
-184
-5
12
6
-22
11
-9
96
-85
2
-13
379
-376
-2
91
139
146
-380
1
291
-181
-110
-2
79
179
-245
118
757
-878
-5
-1
10186
-9137
-1009
326
-364
-2
-4
16
-15
2
63
-60
21
-14
-11
2
0
-1
74
-76
15
-15
6
35
1489
-1483
-39
155
-138
25
-27
34310
-34332
437
-419
-19
0
36
9
-37
75
-82
3
3927
-3930
2:-1
76
6571
-6639
14080
-14011
-43
-32
61
-61
2890
-2849
431
11766
-12173
3868
-3935
33
46
45
-103
10140
-9716
822
-1259
79
-86
0
2:8
-16
47
-47
274
-271
5
129
3409
-3509
4625
-4655
123
-131
1
21
-3
180
-197
4
-2
111
-108
18
-16
143
-87
-48
1736
-1717
117
-145
-5
18
248
-268
55
-25
-18
-12
214
-77
1875
-1902
77
-124
963
116
-1138
-1
13
-10
4
3233
-3243
28
-9
-4
-12
5
-8
4
-4
3
822
-809
28
35383
-35416
-8
16
53
-46
-15
-1
183
-183
-3
388
-357
19954
-19980
-8
-5
7
437
-432
-10
492
-479
33
108
-137
28
8029
-8075
7
615
-435
107
-291
619
-598
-25
181
-179
74
-1
-68
4758
-4711
5
-36
-11
41
-38
208
14634
-14846
-11
20
-9
-6
32
-37
8
-4
4
284
-269
-3
1034
-1051
6
2
25
-33
-1
6
88
-82
33
-19
-20
-4
2
-1
25
-12
556
-564
-9
34
-34
181
-176
1360
-1228
-94
1283
-870
-456
347
-105
2654
-2874
57
-50
146
-146
-19
-7
21
-23
33
342
-325
-46
-9
0
1
-2
0
2
-1
1
-2
5:0
2
0
-2
3
2:-1
0
1
2:-1
3
-1
2
-2
2:0
-2
3
0
-1
2
-4
2
5:0
-2
2
-2
0
3
-2
-1
2
-2
1
-1
0
1
2
1
-2
-1
0
2
0
-2
0
3
-4
0
1
-1
1
2
0
-2
3
-4
2
-2
0
2
2:0
1
-2
1
0
1
0
-3
2:1
-1
2
2:0
-3
2
1
-3
1
2
-3
3:1
0
-2
-1
2:1
-1
3
-3
0
1
0
-1
0
3
-2
0
1
-2
2
-3
1
-1
2
1
-1
0
-2
4
2:-1
0
1
-1
0
-2
2:0
1
-1
3
-2
2
-2
0
2
-2
3
-1
1
-3
2
0
-2
-1
2
0
-1
2
-2
-1
0
1
0
2
-3
2:0
3
-2
4:0
-1
2:0
1
0
1
3:0
2:-1
3:1
-2
3:0
1
0
-1
1
-1
3
-1
-2
2
-3
1
0
-1
0
1
2:0
-1
3
0
-2
2
-3
2
2:0
-2
2:1
-2
2
0
-2
1
-1
2
-2
2:1
-1
0
2
2:0
-2
1
2
-2
-1
2:0
2
-2
2
-1
0
-2
2
0
-2
3
-1
1
-3
5:0
4
-4
1
2
-3
3
-2
3
-4
1
-1
0
3
2:-1
1
0
-1
0
-1
2
-2
3:0
3
-1
0
-1
0
2
-3
3
-2
2:0
-1
2
0
1
2:-1
0
-1
3
-3
1
0
1
3:0
9
0
-6
-3
6
-5
-1
2
70
-72
1
2
-3
0
1
17
-3
-15
7
-7
0
1
9
2:-5
2:0
1
2
-3
5
-4
-1
1
2:0
-1
0
3
-3
4
-3
1
0
-2
0
2
-1
13
-14
0
4
-4
2:0
1
-1
3:0
1
4
-5
3
0
2:6
-14
-1
0
7
-5
-1
0
-1
20
-19
0
1
2:-1
0
1
2:0
-1
1
-1
10
-8
7
-9
0
4
-4
0
9
-9
5
-4
5
-6
2
0
-2
2:0
4
0
-3
-1
2:0
1
2:0
4
-5
0
1
12
-13
1
-1
38
-21
-16
-1
0
8
-7
-1
0
1
-1
2
37
-39
0
2:1
2:0
2
-1
0
26
-28
0
-1
0
4
17
-17
-1
2
-5
0
9
-9
14
-13
27
-20
0
-8
2:5
2:-5
6
-5
3
0
5
-9
2:0
1
2:0
1
-2
2:1
0
-1
3
-1
-2
0
52
1412
-1464
76
-77
21
-21
0
4
-3
-1
9
-5
2:0
-4
0
7
-7
0
10
-10
1
5
2:-3
2:0
20
-17
-2
-1
34
-32
4
-2
4
-6
2:-1
21
-12
-8
2:0
3
-3
3
6
-8
2:-1
426
-382
-37
-5
-2
3
-2
1
0
-2
8
2:-4
2:0
1
-1
1
4
-5
4
2:-1
-2
73
-64
-9
19
-15
2:-1
193
-195
36
-34
2:-1
3
-1
0
4
2:-3
201
-201
0
2
13
-4
-8
138
-136
2
-7
0
2
25
-26
33
357
-373
98
-116
0
9
4
-8
286
-256
-1
-33
4
-4
2:0
1
-2
0
1
13
-13
0
-1
229
-228
153
-144
-1
-9
2:3
-1
16
-21
2
-2
34
-32
4
-5
25
-25
3
134
-135
9
-12
0
2
6
-5
-3
6
-4
-2
11
9
12
-16
1
-10
59
-40
-25
2:0
5
10
162
-176
-2
1
-1
1
4
-5
1
-1
0
2:1
0
179
-181
1
3
-4
5
1
-2
17
-21
0
2
8
1393
-1402
-1
0
2
14
-16
2
-2
1
6
-5
2
3
191
-197
0
-1
75
-48
-19
-8
3
-3
2
-2
52
-27
-25
5
-2
18
-17
-2
11
-11
12
-2
-10
-2
4
-2
-1
5
-6
0
1
-1
4
2
-2
-4
2
-1
0
7
-5
-1
-2
5
-3
1
0
-3
4
-4
3:0
3
-2
-1
6
-6
21
-19
24
-16
-3
326
-321
-12
9
4
65
-76
0
-2
11
2
-11
-2
0
2
4
9
-12
-3
67:0
1
-1
9:0
1
0
-1
2:0
2
0
-2
3:0
1
-1
0
1
-1
2:0
1
-1
6:0
1
-1
4:0
1
-1
5:0
4
-4
0
2
-2
1
-1
3:0
1
-1
15:0
1
-1
2:0
1
-1
5:0
1
-1
3:0
2:1
-2
3:0
2:1
-2
0
1
-1
3:0
1
-1
8:0
1
-1
13:0
2
-2
4:0
1
-1
1
-1
2
-2
2:0
1
-1
9:0
1
0
-1
5:0
1
-1
3:0
1
-1
1
0
-1
0
4
-4
1
-1
14:0
1
-1
3
-3
0
1
-1
2:0
1
-1
2:0
1
-1
1
-1
3:0
1
0
-1
4:0
3
-3
4:0
1
-1
1
-1
2:0
1
0
-1
8:0
end
