v1
818
48
7
529
148
11
10
0
293
183
31
21
153
34
26
30
76
262
102
29
55
35
313
233
5
1
51
6
56
22
17
64
65
496
46
165
340
14
118
2:140
7
10
275
300
159
162
72
46
214
169
15
11
271
34
67
0
76
248
10
136
58
22
19
24
242
27
133
341
72
278
153
92
17
354
21
166
225
277
72
37
148
44
66
119
33
155
102
79
196
20
158
98
104
174
71
41
281
106
275
148
149
25
109
16
74
23
381
388
54
59
280
5
31
33
10
47
31
424
237
117
106
0
135
104
117
145
55
369
254
55
93
288
363
335
59
275
16
157
392
312
44
250
59
50
246
42
7
177
4
27
29
45
6
3
29
18
7
66
21
46
2
3
14
98
35
1
118
73
9
74
40
5
2:14
50
35
30
3
35
19
55
0
14
59
9
163
447
46
32
7
208
225
195
31
55
198
45
302
2
10
39
116
104
180
115
60
141
85
58
43
41
198
61
142
77
29
185
116
13
275
37
299
10
5
33
66
17
70
176
53
41
457
9
55
59
123
50
41
211
506
41
158
102
53
30
308
69
56
111
24
157
98
67
22
75
50
325
3
315
337
11
1
25
157
64
33
47
33
106
40
86
128
19
97
10
2
13
147
40
48
9
78
148
35
75
339
108
101
61
2
36
45
20
82
102
8
306
138
61
114
70
121
8
43
68
6
12
277
22
29
38
100
54
47
31
30
61
84
2:2
86
153
59
5
20
3
193
3
2
33
224
313
85
47
116
136
139
31359
22
9
43
70
91
4
82
42
2
37
48
69
19
76
8
58
54
8
28
8
13
9
12
0
1068
56
16
68
111
252
3
47
9
3301
2211
328
1553
2387
2753
7582
1108
2126
1889
10516
1623
7479
3
1741
2146
1378
2
8082
3717
3414
995
4159
16
2
5
1428
106829
13098
3544
1
7716
21
4
54
19
9417
32421
18
4
26
228
26
20
89
5
55327
51
9
150
73
84
7
2
15
12
18
15
30
12
53
106
3
27
11
2
10
2
11
2
17
709
29
14
68
7939
13109
3093
10208
8555
441
869
358
539
334
189
665
436
366
166
2
3
11
12
30
1
140
39
6
34
35
9
47
4
5
1
30302
10344
808
108
119
220
119
225
56
28
41
226
543
160
3
1
36
14902
119
44
11712
2:1
-487894
366
523
334
216
404
171
86
3
398
0
492
230
213
362
38
107
87
729
281
129
45
53
699
152
0
459
107
372
175
406
0
71
130
422
95
75
37
638
0
53
228
208
0
110
80
105
32
33
156
46
111
144
67
204
138
315
69
29
0
14
100
268
94
432
71
801
1061
0
61
19
131
374
367
119
68
356
0
77
64
433
47
167
525
0
285
170
38
70
29
0
278
65
54
106
107
96
246
147
14
16
1
7
49
183
7
23
217
0
32
19
58
11
0
108
99
87
0
15
234
366
6
79
95
214
221
8
62
46
0
5
203
0
23
115
935
589
192
0
98
131
223
202
0
307
0
70
711
0
22
114
93
12
0
266
137
855
97
22
83
7
162
60
0
288
0
310
85
247
125
315
77
0
185
44
30
310
62
84
25
58
0
224
14
76
0
114
81
2
0
115
409
0
377
111
313
138
51
0
88
45
26
257
1
0
268
47
22
109
435
95
390
147
5
103
15
127
438
196
21
82
32
126
48
31353
0
191
64
18
14
107
152
64
144
1159
49
0
245
43
62
7492
22
0
3778
10048
12086
2466
9918
4465
8064
30
4649
1533
0
2930
3137
17
13
4
2469
0
2524
127623
50
0
38236
2624
1015
14
44
75
158
94
128
35964
18596
781
273
11
15
26
197
1
111
34
662
7
218
7827
35448
2144
1741
3
26
21
45
14
21
69
1
38
31949
0
8176
111
0
244
460
662
833
270
0
34
780
14797
2199
0
9829
1411529400
499:0
1
317:0
6
2
13
-16
30
-27
-1
3
47
-52
41
-35
20
9
-26
-3
32
-38
3
1998
327
-2328
93
-67
669
-690
318
2186
-2475
-29
-4
30
44
-70
40
-45
276
-277
7
27
-33
3
22
93
-114
-4
4
58
181
-233
35
-26
248
-263
29
-1
-33
3
4
-6
118
-26
-83
7
39
-43
17
-29
10
7317
-7319
0
-8
1
2
122
-90
397
-430
8
53
-63
1
4
67
-68
32
96
-127
-5
-1
31
-27
18
6
-27
3
181
104
-242
175
-140
350
-431
16
-9
4720
-4720
42
-47
33
-24
-8
8
-5
39
-38
-4
0
10
-10
-1
75
-73
-4
2
9
19
-10
860
-718
-152
906
-907
596
177
-772
0
4122
-4000
-86
39
-84
6
-7
64
-60
20
-6
-15
522
-509
21
-26
90
-93
13
-16
5
2:3
1104
-1107
-13
2
40
42
-74
414
-396
-22
9
13
142
-150
-6
31
-44
-1
2
29
2
-28
7
16
176
-176
-17
-11
2
75
-52
24
-44
-5
49
89
-137
0
47348
-40375
-6830
-132
16
-18
30
176
-192
-15
2087
1732
-3826
17
-16
-1
3
168
-173
10
-2
0
106
-101
3
435
-451
3
7
-1
220
202
-429
5
1
4
-8
2
-7
6
52
-48
1
77
-82
6
3
24
-25
11
-18
4
-9
3
10397
-9069
-1282
-47
101
-101
-3
0
14
-12
-2
27
-13
75
-89
1
-1
10
1335
-1314
-23
187
-193
104
18436
-18541
34
-28
-6
36
-37
324
-198
-98
-23
1
35
-36
5
8
-16
2220
-2221
39
111
-151
42
226
-246
2687
-2684
-25
2
16
-11
-5
2187
-1901
121
12632
-12904
-43
5186
-5280
64
228
9228
-9419
-83
12055
-11998
-74
560
-556
130
127
-260
119
-113
68
-46
-29
1956
-1954
9451
-9401
-1
-46
-3
13
20
66
-102
164
-163
24
10
284
-309
-3
32
25
-22
1628
-1546
-94
97
-127
3
15
5
-14
0
16
-10
-1
4
29
188
9
1375
-1551
-67
21
5
-23
2579
-2581
354
-355
55
-51
-4
-1
220
1282
-1456
-45
3
6
-9
0
13570
-13546
18
64
-106
35
69
-103
1
451
-452
21
22178
-22150
-15
869
-906
10
29
82
-74
3668
-3707
-3
31
26
-59
1296
-1297
0
33
93
-44
-83
101
-71
-29
49
-6
-19
-11
32
-36
88
172
-268
0
-3
47
-45
7
3
1
-8
63
-28
-33
43
-33
3323
-3339
24
-16
3
69
-59
49
-67
8
-9
399
-213
30
-129
-86
20
-18
88
-18
26
109
2013
-2215
612
-619
3
270
-117
-149
209
-218
3488
-3478
1035
2406
-3450
2
41
-11
-30
-1
50
125
-118
-33
-29
-1
2
-2
2:0
2
0
-1
2:0
2
-1
0
1
-1
1
-1
2
2:-2
0
4
0
-2
2:0
2
-2
2
-3
0
-1
4
2:-1
0
-1
1
0
1
0
-2
2:0
2
-1
1
-2
3
-3
0
2
0
-1
2
-1
-2
2:0
3
2:-2
3:1
-2
2:0
3
0
-1
-2
0
3
-2
0
2:1
-2
1
-2
1
-2
0
2
1
-1
-2
2:0
4
-2
2:0
-2
4
-1
0
3:-1
2
1
-1
-2
1
3:0
2
0
-2
0
-1
1
2:0
1
-2
2
2:1
-2
2
-4
3
1
-2
0
2:-1
2:0
2
2:0
-2
0
3:1
-2
0
-1
0
2
-2
0
4
-2
2
2:-2
4
-2
0
-2
0
2
-1
2
0
-1
-2
0
4
-3
1
-1
3:0
-1
3
1
0
-4
2:2
-4
0
1
2
-2
0
1
2
-3
4:0
1
-1
2
1
-3
0
3
-4
1
3
-2
2:0
-2
4
-3
1
0
2
-4
0
3
-2
0
3
-4
2
1
0
-3
1
-1
0
4
-2
1
-1
2:1
-3
-1
2:1
0
1
-1
1
0
-3
0
2
1
3:0
-1
2:0
2
-2
0
1
0
2:-1
3
-4
2:0
2
-2
0
4
-3
2
-2
2
-2
1
-1
0
-1
4
-2
2
0
-2
-1
2
3:-1
4
-2
-1
2:1
2:-1
2
-1
-2
0
3
2:-1
4:0
1
-1
0
-1
0
1
3
-2
0
-2
5:0
1
0
1
-1
3
-3
2:0
4
-4
2
-2
4
-4
4
-4
1
0
-1
0
71
-70
-1
0
2
-2
14
1
-2
-13
0
2
-1
10
-4
-7
2:0
2
1
-3
3
-3
7
-6
2:0
-1
2:0
2:1
3
-5
3
0
-3
0
1
-1
1
-1
0
1
5
-6
2:0
2
260
-262
1
0
1
-1
4
-1
13
-16
0
7
-8
0
1
14
-15
1
0
1
-2
4
-4
1
-1
3:0
1
11
-11
2:0
7
-6
0
-2
9
-8
3
-3
1
-2
0
3
-3
2
-2
2:0
2
2:0
6
-8
2:0
2
1
-2
-1
1
-1
10
-10
34
-21
-12
1
7
-7
-2
58
-57
-1
0
3
-1
-2
2
-2
8
2:-3
-2
33
-32
-1
0
2
20
-19
-1
1
-3
2
4
12
-17
30
-30
-1
1
8
-8
2
-1
3
-5
1
2
1
0
-3
-1
0
11
-8
-3
1
0
3
-2
0
-2
2:0
37
-36
2
1153
-1076
-50
-28
3
-5
11
-9
3
-5
3
-3
0
3
-3
2
0
11
-13
2
-1
1
18
-16
-1
100
-103
1
11
-12
14
-1
-13
4:0
3
-2
0
20
-21
0
17
-17
1
-1
2:2
8
-9
-2
-1
0
291
-251
-32
-7
-1
1
2
-3
3:0
1
2
-3
1
-1
1
3
65
-60
-9
29
-29
1
196
-194
-2
-1
0
3
-3
41
-36
-4
-1
2:1
-2
1
4
-5
147
-146
0
9
-10
7
2:-2
94
-92
-5
0
4
-3
-1
23
-19
22
312
-294
-43
110
-111
0
11
-10
5
-2
523
-506
-19
32
-33
1
6
-3
1
-3
8
-7
-4
141
-141
127
-123
-1
-2
-1
1
-1
8
-8
21
-21
3
-2
25
-25
0
3
12
-11
101
-100
-6
11
-11
0
2
-2
2:1
3
-5
2
-2
1
7
22
-6
-10
-13
2
-3
0
63
-63
16
-15
-1
1
2
-2
10
111
-120
-2
2:0
1
0
147
-148
6
5
-9
3
9
-13
-1
1
-1
5
1495
-1500
7
8
-15
1
3
-2
4
168
-174
2
0
21
-23
29
-27
0
1
-2
31
-32
1
12
-12
1
26
-23
-3
7
-7
3
8
-13
1
3
-1
-2
0
-1
2
0
3
-2
-3
1
4
0
-4
4
2:-1
1
-1
0
-1
-2
0
6
-6
13
-2
-11
10
-10
7
5
-7
-2
342
-344
13
-14
1
-1
8
-7
11
-12
277
-276
-1
3:0
7
8
-15
0
5
9
-11
-3
1
-1
10:0
1
-1
8:0
1
-1
1
0
-1
4
-4
1
2:0
-1
1
-1
1
-1
1
-1
10:0
4
-4
18:0
1
-1
5:0
1
0
-1
24:0
1
-1
17:0
1
0
-1
2:0
1
-1
5:0
1
0
-1
5:0
3
0
-3
4:0
1
-1
0
1
2:0
-1
10:0
1
0
-1
2:0
2
0
-2
4:0
1
-1
2:0
1
-1
3:0
2
-1
0
-1
22:0
1
-1
6:0
1
-1
5:0
1
-1
1
-1
5:0
1
-1
7:0
1
0
-1
6:0
1
0
-1
7:0
2
2:-1
4:0
2
-2
3:0
2
-2
3:0
1
-1
0
4
-4
1
-1
1
-1
2:0
2
2:-1
3:0
1
-1
17:0
end
