v1
764
522
17
29
16
645
191
48
615
51
373
19
166
56
7
14
29
884
203
62
16
1134
29
136
26
332
643
106
142
60
144
140
167
160
18
490
183
61
555
21
135
210
323
224
33
20
499
136
139
93
497
463
104
171
297
134
90
183
433
143
87
125
214
69
433
539
135
104
117
569
213
113
727
304
90
448
392
278
34
353
553
29
51
3
16
13
47
15
42
8
46
2
17
7
103
18
116
8
82
133
59
70
3
35
19
55
692
173
345
122
38
121
133
110
28
286
39
400
54
262
85
101
128
111
58
436
404
37
309
121
70
270
535
1175
185
401
141
26
157
187
75
50
325
627
9
19
291
176
56
38
42
90
38
19
109
160
40
340
53
364
430
102
452
175
70
121
8
109
20
204
73
51
38
100
54
47
3
58
235
86
67
59
5
23
104
94
14
19
224
119
25
168
1
93
3
36
252
67
25
31406
169
152
44
85
88
36
40
8
18
130
8
22
1055
97
68
225
141
3357
2211
328
1553
5140
10816
12405
3
12982
1385
2
8082
3717
3424
5144
6
12
5
5482
11417
91358
13098
3544
7717
25
73
9417
32421
18
4
26
75
167
11
1
20
94
55327
203
7
85
72
9
24
3
128
106
41
2:6
13
3
754
15886
5244
13301
7980
575
1668
539
523
1636
2
6
47
44
86
11
79
44
51
6
30302
10302
42
600
22
294
652
31
84
41
969
26777
-487979
25
17
45
20
35
0
17
0
200
174
298
14
81
145
17
161
0
17
18
30
76
136
22
58
5
97
46
42
24
18
78
36
115
321
9
27
77
140
65
162
182
99
53
46
12
65
88
11
10
38
295
180
25
58
135
60
232
300
156
237
36
70
45
125
301
14
135
22
12
67
334
131
5
324
27
87
329
33
138
495
28
17
348
60
96
37
88
65
72
386
24
103
26
71
107
46
33
194
99
43
48
192
5
95
34
98
59
45
99
59
22
364
19
29
57
47
146
86
4
120
821
388
113
67
339
35
77
292
151
15
239
234
334
83
11
30
61
532
27
113
58
262
130
198
169
167
3
7
140
25
41
128
7
9
60
33
111
8
164
237
6
130
156
177
65
8
109
288
188
4
93
4
63
10
3
22
9
1
8
3
30
52
131
0
9
4
3
1
13
114
147
6
39
20
8
2:50
56
85
157
74
516
16
208
94
182
39
738
43
122
104
13
29
85
28
200
35
444
148
30
121
97
170
33
13
98
3
76
202
41
281
8
15
33
54
12
316
507
50
237
500
162
96
189
112
53
30
10
367
56
66
45
237
421
50
303
125
26
63
164
95
18
208
21
63
50
12
273
118
14
69
2
5
8
3
186
156
125
449
108
162
2
36
65
5
72
21
124
207
382
17
0
174
51
101
8
276
51
276
8
31
108
2
325
125
71
143
13
96
112
92
100
5
99
38
93
17
26
91
157
31385
12
9
43
39
7
115
15
18
22
21
4
0
17
57
13
117
158
3
54
8
70
1319
71
43
9
56
73
1
49
9
2960
2554
323
1878
2751
6292
9252
2788
7749
6127
2182
819
925
0
2146
1384
10
8077
1
2811
1854
1533
1407
1523
3154
1
8
0
8
1427
119928
3544
7767
41875
43
156
40
74
3
8
97
10
11010
25036
18596
731
0
323
47
57
130
2:16
2:2
23
13
12
13
39
687
43
62
0
24147
1178
18026
44
1509
0
128
419
771
519
366
166
2
5
20
9
14
4
62
36
2
35
6
8
4
31
6
1
2
122
6
40619
0
382
457
447
572
89
9
34
198
500
14999
102
0
11713
1
92
1411683000
299:0
1
463:0
12
7
-9
21
-4
-13
-5
4462
-4457
13
-19
587
1083
-1399
-270
218
-219
26
-24
11
-10
8
-3
-2
199
-175
-9
-19
2
6
-7
524
-526
16
-14
427
-259
-150
-11
-3
7
254
-245
-13
-10
18
-16
9
19
-28
19
1103
213
-1317
640
-659
25
-21
-2
473
-468
482
-267
-45
-178
6
-5
4
2:5
-15
524
-512
181
-175
2326
-2326
-10
284
-280
542
-525
-27
9
315
-310
12
2:-13
8
-7
248
-223
-23
21
-15
6
328
-317
-25
257
-260
24
186
-180
-13
7
1
-15
3
-10
-3
285
-283
157842
-152007
-5817
6
209
100
-15
-318
16
-12
2
11
-18
6
-1
9
687
-672
-22
-8
25
6777
-6780
-21
8227
-6316
-1885
190
-197
-8
1
-1
2:-2
17
-13
-10
1502
-1495
-4
44916
-44486
-188
208
-447
10
3661
-3417
-230
-12
12
3922
-3923
-18
321
-307
3237
-3237
832
34848
-35693
-14
4834
-4820
-10
3
11860
-11412
726
-1175
264
-264
-1
16
-17
-2
18
-12
5
4
-10
3144
-3141
6
22170
-22183
373
226
-594
233
-237
7
-1
-6
1390
-1394
201
-192
371
-373
-5
1
250
-100
676
-466
-195
4797
-4379
-572
2637
-2648
1960
-1933
-10
-20
8
585
38655
-39224
-22
599
-427
-160
-11
7
295
-280
17433
-17455
-3
1405
-1394
-7
-3
26
187
-30
8498
-8679
212
-39
-163
318
-328
-3
171
-162
12
6
-26
16
276
-280
-1
948
-931
119
10
617
-762
143
-140
-3
4
-12
2:6
494
-506
19
464
559
-304
-735
12
241
-259
11
-5
1
268
14465
-14734
7
331
-263
-87
-3
-1
1
-1
3:0
6
44
-49
2
-1
153
-154
2:1
-2
-1
1
-1
2:1
-2
2
4
-5
0
4
-1
99
-101
-1
0
5
-5
5
-6
50
-50
0
3
61
-59
-3
3
54
-58
0
6
-5
5
-6
4
38
-40
-1
101
-102
89
-87
-2
-1
6
-5
124
-41
-31
-52
2
2:-1
2
3
-5
-1
2
3
63
-24
-40
-4
2
1
-3
56
-53
-2
76
-22
-53
-1
5
-2
-4
3
144
-141
-4
52
-49
-2
1
-3
0
5
1
38
-43
-2
2:1
3
-4
0
3
-3
-1
1
-1
55
14
-68
2
119
-115
-2
-4
3
-3
52
-48
41
-44
1
2
-4
-1
73
-66
92
-96
-3
0
2:2
-4
5
-3
1
-2
110
-107
2:-1
2
-3
2
-3
0
2
1
63
-63
-1
78
-78
5
-1
-6
1
0
1
0
-2
3
2:-1
1
56
-13
-43
1
0
-2
2
-2
100
-96
-2
50
-51
-2
1
3
49
-48
-1
3
-7
152
-150
-1
149
-147
-3
2:0
5
118
-123
1
60
-57
-1
66
-68
0
61
-59
68
-66
2
-6
0
4
-4
4
-2
-3
3
57
-58
83
-83
-2
133
-130
1
-3
2
-1
129
-127
68
-68
2
-1
-2
-3
0
103
-98
-5
1
-1
3
-1
4
-1
104
-108
0
41
-41
2
-3
1
0
1
111
-108
39
10
-51
-3
0
6
-2
48
-47
121
-122
123
-126
0
-1
0
2
38
-37
0
37
68
-105
0
4
-7
0
2:1
79
32
8
-117
-1
-2
0
-1
2
5
-6
4
146
-150
0
53
-53
4
2:-2
40
28
-66
-2
3
-3
2
43
-43
2:-1
2
2:1
-4
0
2
61
29
-31
-61
125
-123
2
0
-4
40
-38
0
80
-83
42
-41
0
1
3
-4
0
77
-74
-4
135
-132
0
2:-1
2
4
-5
-2
0
2:1
3
-3
109
-111
0
4
54
-56
127
-124
-2
-1
0
-1
115
-109
-7
71
-68
2:-1
2:0
-1
2
71
-8
-65
1
76
-76
-1
6
85
5
-91
0
-5
51
-51
0
3
1
-3
3
-1
0
84
-30
-57
123
-48
-71
-3
0
3
-4
0
4
3
-6
0
3
-4
2
5
136
-138
-5
5
88
-93
3
0
-3
3
42
59
-102
1
0
54
-14
-43
4
43
61
-101
-7
1
2:0
1
4
-3
-1
70
-70
-1
0
15
-9
-4
-2
2
1
-3
0
1
-1
2:0
2
-2
4
-4
1
-1
0
2
5
-7
1
-1
53
-53
3
1
-2
-1
11
-12
2
0
2:-1
2
-2
0
3
-3
20
-18
1
-3
3:0
14
-14
14
1
-14
-1
3
-3
0
3
-3
0
10
-10
23
-20
5
-8
1
2
3
1
-4
-3
2
22
-24
1
-1
2
20
-17
-1
2:-2
2:0
23
6
-16
-11
15
-17
3
1
4
-5
0
1
-4
2
-2
0
40
-39
1344
-1255
-90
5
-3
4
0
-6
0
2
6
-5
-2
3
-3
10
1
-11
2
0
-3
2
0
-2
373
-302
-66
-4
-1
2
-1
3
-3
3
-4
3
-2
69
-63
-7
202
-199
-3
32
-32
3
162
-150
2:-6
0
126
-128
1
-1
1
29
-28
24
369
-390
-6
100
-97
-3
2
313
-278
-1
-34
9
-11
2:2
-4
2:0
2:1
-2
4
201
-205
2
129
-131
8
15
-20
36
-38
3
0
-4
143
-142
14
-15
2
1
-3
1
3
37
-15
1
-22
65
-49
-18
2
8
150
-161
1
-2
2
-2
198
-199
2:0
11
-8
2
-3
-1
3
849
-853
2
18
-19
-1
2
-2
11
-8
199
-201
-1
59
-59
28
-23
-5
2:1
-1
2
-2
1
7
-9
1
0
4
-3
5
-1
2:0
1
-4
2
-5
3
-3
1
4
3
1
-1
208
-215
-1
9
-8
-1
1
-1
14
563
-576
15
10
-25
-1
8:0
1
-1
2:0
9
-9
6:0
1
-1
6:0
1
-1
7:0
2
2:-1
0
1
6
-7
1
7
-8
0
3
-3
2:0
1
3
-4
1
8
-8
1
-2
5:0
4
-3
-1
4:0
5
-5
0
1
-1
7
-3
-4
4:0
5
-5
0
5
-4
-1
5:0
20
-20
0
2
2:-1
5:0
5
-5
3:0
3
-3
3:0
1
-1
0
5
-4
-1
1
4
-5
4:0
1
-1
3:0
1
-1
0
3
-3
0
2
-2
8:0
10
-10
1
-1
1
-1
8:0
42
-42
1
2
-3
9:0
7
-7
1
-1
3:0
1
14
-13
-2
5
-5
0
2
-1
0
1
-2
2:0
9
-9
0
6
-6
4:0
16
-16
2:0
2
-2
6
-6
0
11
-10
6
-5
-2
2:0
1
-1
2
0
-2
0
10
-9
21
-22
0
8
-8
2:0
1
0
16
-17
16
-15
2
-2
2:0
-1
5
-4
-1
1
-1
2:0
2
-2
1
-1
0
6
-6
5:0
20
-20
3
-1
-2
2:0
5
-5
3
-3
2
-2
5
-5
3:0
1
8
-9
0
3
2
-5
0
2
-2
4:0
6
0
-6
5:0
1
-1
1
10
-11
6:0
7
2
-9
0
2:1
-2
2
-2
1
3:0
-1
3:0
9
10
-16
-3
10
-10
6:0
5
-5
4:0
1
-1
0
3
-3
0
3
1
0
-4
2:0
10
-10
3:0
1
3:0
-1
0
1
3
-4
16
-15
-1
1
0
-1
2
-2
0
2
-2
1
-1
3:0
1
32
-13
-20
1
19
-20
0
2
10
3
-14
-1
1
4
-5
0
1
-1
0
2
-2
2:0
1
-1
1
3
-4
3:0
2
-2
6:0
1
0
23
-24
2:0
7
-7
4:0
7
-3
-4
1
0
-1
14
-14
2:1
4
-6
0
end
