v1
765
210
374
159
486
52
139
663
43
381
185
56
7
43
118
496
211
262
78
272
140
592
393
260
331
135
177
106
486
167
178
395
278
61
156
399
21
166
225
277
109
115
33
519
79
196
93
287
777
171
297
134
273
221
388
54
125
214
69
57
376
433
241
327
676
68
171
601
304
90
275
173
392
278
34
44
250
59
553
29
51
32
47
15
19
30
1
65
7
121
0
6
110
8
82
74
59
64
65
57
55
245
447
173
120
225
122
38
364
314
39
116
146
138
54
121
141
85
101
300
433
441
299
10
38
83
299
41
516
19
976
301
484
143
24
344
75
50
325
627
28
11
247
33
176
56
80
128
126
7
8
147
40
283
57
53
447
164
101
82
102
452
175
70
121
8
43
66
0
20
204
73
51
38
100
54
47
61
145
2
88
212
5
20
3
198
257
312
1
85
8
3
137
151
31498
22
9
237
53
44
173
76
8
18
40
54
8
28
30
1331
252
59
3301
2211
2
326
1553
5140
10816
12405
793
9128
3064
1385
2
8082
3717
8574
2
10
5
1428
15471
91358
16643
7741
73
9417
32421
22
26
253
2:1
19
89
5
55530
7
0
85
72
36
18
57
159
3
38
2:1
4
6
2
11
3
754
14
15872
5244
13301
8555
1668
454
85
334
1290
366
171
6
47
44
86
50
40
0
44
47
4
6
40604
42
622
294
339
344
84
144
330
500
26813
1
-487955
0
17
65
35
187
29
0
1
472
95
323
9
8
48
149
63
22
63
143
66
16
2
86
28
115
249
72
9
28
76
58
1
81
409
2:99
12
65
99
48
265
4
26
58
122
25
58
191
4
232
5
301
124
29
136
26
108
70
0
45
125
179
305
67
228
96
10
50
45
41
0
58
22
244
0
114
87
13
229
170
96
428
17
510
119
65
594
17
71
11
142
227
190
9
183
5
129
29
69
59
144
59
22
0
30
334
19
110
12
11
232
4
3
100
61
299
74
616
143
146
66
1
963
273
18
128
111
306
11
30
61
82
196
309
17
28
40
243
77
328
129
7
33
142
0
25
3
147
66
135
9
93
119
10
527
333
182
288
188
4
22
71
4
9
16
38
35
9
1
8
9
71
2
3
131
13
3
14
114
64
21
107
20
8
45
55
18
35
88
157
448
134
8
16
302
182
39
105
86
133
138
231
45
43
226
127
28
235
420
169
33
121
97
170
33
0
111
0
3
76
196
6
17
14
10
0
281
23
99
87
44
332
2:180
62
175
550
162
285
10
173
12
10
367
56
0
115
177
56
37
384
50
428
0
89
0
164
65
48
0
292
50
12
94
179
37
0
57
24
14
87
257
85
574
270
38
70
217
207
399
224
81
21
8
276
51
220
50
5
1
8
31
0
284
67
191
10
8
71
2:19
4
101
0
13
96
112
17
3
22
50
61
44
146
100
219
25
0
31
31449
39
7
49
57
9
15
40
2:21
57
13
48
69
55
1378
68
182
43
9
56
74
2
47
2969
2877
4629
691
5601
3355
5897
2788
0
8579
5297
2182
1744
2146
1384
10
8075
2
1
2811
1854
7
1526
933
1997
27
3120
24
5481
19729
96145
3543
7717
51
0
41875
10
18
15
10
12
59
9
66
40
61
16
69
19
27
11010
25036
18596
680
51
9
8
306
2
15
9
55
76
77
16
0
20
23
21
17
39
687
105
120
19203
4824
1178
3879
0
13131
1016
0
44
2189
638
83
968
2
1
24
27
62
36
2
35
6
3:4
37
1
2
43
85
30306
9704
609
382
249
0
208
442
318
42
114
192
9
34
734
14963
11908
1411684200
299:0
1
464:0
95
-52
6
-16
46
-55
4354
-4277
-76
595
1086
-1438
-39
-176
16
-20
-12
-10
2:-1
80
-12
167
186
-325
-90
-4
-8
559
-545
-5
444
-325
-108
-6
-12
40
-15
214
-207
-11
-3
-9
19
-31
22
9
1118
-2
-1139
663
-648
14
9
427
-474
467
-278
-44
21
-140
-20
51
-54
34
54
428
-517
252
-108
-143
2541
-2531
-13
65
68
160
-287
590
-577
63
-76
18
4
-23
136
-67
-56
4
0
38
-55
23
315
-305
-18
14
236
-60
-193
119
-122
13
114
-127
-11
14
225
146536
-140729
-5932
-75
-33
9
22
214
103
253
-554
-39
-18
49
115
-75
-88
114
549
-662
22
87
-70
-29
39
-45
7697
-6120
-1553
210
-224
-8
122
-118
-3
-6
1
3
1524
-1361
-144
25
45410
-45110
-161
93
148
-399
120
-150
12
3046
-2795
-244
-11
17
3534
-3471
-67
-1
-19
160
-150
4035
-4031
817
16684
-17509
4724
-4679
29
-66
11367
-11083
-209
567
-318
-328
-5
-7
117
-113
9
-2
2052
15030
-17067
30
-19
322
333
-508
-185
7
-2
8
51
-36
1394
-1278
-32
-97
15
332
-205
-129
976
-789
-50
4964
-4720
-342
58
3395
-3511
1662
-1642
-20
615
-531
39430
-39487
6
543
-442
-42
219
-296
16584
-16608
1525
-1520
12
238
-151
59
-112
7610
-7420
-98
-8
-127
265
-263
22
-15
5
36
-44
158
-94
-76
16
89
260
-356
-5
4
55
-46
114
653
-777
81
18
-39
50
-67
-42
-7
0
7
348
-272
-63
-3
492
-423
888
-113
-844
176
-193
0
19
235
12321
-12487
-60
-12
248
-155
-120
-2
-5
0
-1
0
9
-9
12
-11
4
-1
4
-4
-3
0
1
-1
1
0
4
-4
3
1
-3
-2
7
-7
8
-4
-1
9
-8
-3
-2
3
11
-11
2
-4
6
2
-9
3
0
10
-13
8
-5
-1
1
-2
-1
6
9
-1
2
-5
-10
0
-1
6
-1
-4
5
-2
4
-4
10
-13
1
2:0
-2
7
2
-8
7
-6
3
0
9
-7
-3
7
-9
-1
5
2:-2
-1
5
2:-1
9
-11
2
2:1
3
-6
-3
1
2:0
10
-9
5
4
-9
8
-7
-1
-2
0
1
-1
12
-2
2
-11
15
-14
11
-11
8
-6
10
-12
4
-2
-4
1
14
-14
3
5
-1
-8
5
-5
1
-1
1
-1
1
3
-4
1
0
3
-3
5
-3
0
-1
1
-1
6
2
-10
1
0
5
2
7
-13
1
-2
0
4
-3
12
2:-6
-1
4
8
-9
-1
-2
14
-14
0
9
-1
-5
5
2:-2
-3
2:0
-1
2
-3
2:0
9
1
5
-5
-10
0
6
-5
5
-3
-1
2:7
-13
4
-3
2
-5
0
1
2:0
2
8
-8
0
10
-13
0
2
3
-6
13
-13
1
0
3
7
-6
-5
1
5
8
0
-7
-4
3
-4
-2
6
2
-3
-5
0
3
-1
3:0
4
7
-11
2:0
3
-5
4
-3
1
0
12
-13
1
2
-3
-1
15
-10
2
-6
2
-1
1
0
-2
4
-2
2
-5
9
-9
3:0
2
0
10
-2
5
-12
1
3
-7
15
-14
3:0
2
-2
6
-5
11
-9
-2
2
11
-11
11
-13
0
4
-3
-2
4
9
-13
0
5
-4
-2
3
2:-1
0
7
2
4
-7
-3
4
1
-8
4
9
-11
-2
0
1
0
2
-1
-2
1
2:-1
3
-3
5
-2
4
-4
-2
11
-12
0
7
0
-5
4
-4
-1
8
-4
10
-13
-1
2
11
-13
-1
4
12
-10
-6
1
-1
2
12
-12
-1
8
0
-7
-2
4
-3
2:0
11
-12
2
-1
0
7
-5
3
-5
14
-15
2
0
-2
9
-7
7
-5
-4
1
4
-3
3
0
-3
0
12
-13
0
2
-1
-2
5
2:-2
10
-7
1
4
-8
0
2
-2
9
-7
6
-3
-6
6
-5
-1
15
-12
0
-1
2
5
-8
0
15
-16
16
-13
2:-1
15
-16
0
2:1
0
3
4
-6
71
-73
0
10
-3
-5
2:0
-1
6
-7
1
0
2
6
-7
-2
0
4
0
-4
4
3
-6
5
55
-61
3
1
-1
4
-4
7
-9
0
1
-1
1
2:-1
5
-5
17
-15
4
-6
4
-3
12
-13
13
-2
2:-5
0
5
-6
0
4
-4
7
-7
25
-13
-10
6
-8
1
-1
30
-27
3
0
-5
18
-19
1
4
-4
2
1
-1
-3
0
12
-12
19
8
-23
7
-10
16
-13
5
1
-5
-2
2:1
-5
1
45
1271
-1228
-76
-13
1
5
-1
-2
4
-1
7
-6
-4
7
-6
19
-22
7
5
-12
0
13
-3
-11
5
-2
358
-301
-54
-6
0
2
0
2
0
-2
3
-1
67
-50
-17
-1
202
-203
4
-6
35
-33
-1
2
-1
173
-160
2:-6
1
122
-121
-4
0
2
-2
3
27
-28
25
371
-393
98
-104
7
-1
279
-251
-28
29
-25
2:-5
1
12
-11
-2
0
219
-93
-118
3
-9
5
2:15
-32
1
-6
7
9
-11
131
-121
-6
-9
4
0
31
-35
27
-8
-15
72
-54
-20
1
2
8
163
-173
0
-2
0
196
-194
2
-5
2:9
-17
4
813
-818
19
-18
-1
13
-12
1
-1
194
-195
59
1
-60
26
-26
39
-21
-17
17
-17
-1
11
-10
3
8
-1
-11
2:1
-1
4
-3
4
0
-6
5
-5
2:2
3
-7
3
-3
1
21
-12
0
1
-2
2
211
-222
6
-6
1
5
6
571
-580
-3
15
8
-18
-5
11:0
3
-3
2:0
1
-1
4:0
1
-1
4:0
1
2:0
-1
3
-3
2:0
15
-15
1
-1
2
-2
5:0
1
-1
7:0
1
-1
4:0
1
-1
2:1
-1
0
-1
5:0
7
0
-7
2:0
1
-1
3:0
2
-2
5:0
1
-1
1
-1
2:0
2
-2
8:0
2
0
-2
0
2
-2
17:0
1
-1
0
3
-3
4:0
2
-2
11:0
1
-1
4:0
2:1
-2
2:0
1
-1
2
-2
5:0
21
-17
2:-2
0
2
2:-1
0
1
-1
1
0
1
0
-2
2
-2
8:0
3
-3
1
-1
4:0
2
-2
2:0
2
-1
2
-3
6:0
2
0
1
-3
3
-3
2:0
2
-2
6
-6
3:0
3
-3
0
1
-1
3
-2
2
-2
2:0
1
-2
0
1
-1
0
1
-1
0
1
0
-1
3
-2
0
-1
4:0
1
0
7
-8
1
-1
2:0
1
-1
3:0
1
-1
0
1
-1
0
2
-2
8:0
1
2
-3
3:0
3
-3
8:0
1
-1
1
2
-3
3:0
2
-2
0
1
-1
0
2
-2
2:0
1
-1
0
2
-1
4:0
-1
3:0
1
-1
4:0
1
-1
3:0
1
-1
0
4
-4
1
-1
0
9
-9
4:0
1
-1
0
2
2:-1
0
1
5
-5
2:0
-1
0
1
-1
6:0
2
-2
3:0
1
-1
0
1
-1
1
-1
0
5
-5
2:0
2
-2
2
0
-1
1
-2
1
-1
1
-1
2
-2
4:0
5
-5
0
2
-2
4:0
1
-1
6:0
5
-4
-1
9:0
1
0
-1
0
1
-1
1
-1
2:0
9
-9
0
end
