v1
606
177
75
45
287
159
0
79
364
248
0
164
485
14
163
11
193
170
58
19
37
7
15
28
118
4
217
119
34
122
108
21
82
612
140
17
575
159
117
19
26
72
120
12
19
109
15
47
311
93
34
391
156
314
0
41
321
114
138
278
61
156
54
51
47
247
21
142
24
51
174
33
244
14
58
98
87
76
39
114
33
257
343
25
85
39
163
166
44
567
151
20
297
134
16
478
212
230
339
69
57
333
181
60
118
117
0
1
32
201
130
116
88
94
96
554
28
56
37
0
235
44
9
132
31
455
33
106
41
74
160
16
549
201
48
17
340
109
170
125
72
109
27
29
45
6
19
13
81
23
8
46
5
14
117
13
0
3
1
110
8
0
82
74
40
19
6
8
4
46
0
35
30
3
35
19
38
17
127
118
85
0
134
162
58
8
78
95
120
225
171
24
329
304
10
39
116
104
42
138
54
121
141
85
58
43
100
28
172
146
5
19
78
39
146
116
92
196
6
31
163
136
0
10
38
153
8
221
41
68
355
105
7
168
50
758
189
3
109
73
20
312
55
20
30
0
117
24
42
208
94
8
67
378
458
122
9
28
16
23
254
33
4
228
8
200
19
38
58
11
7
8
147
40
283
110
609
38
45
20
82
102
8
247
60
137
34
141
17
123
59
2:43
247
73
34
17
36
2
100
54
47
2
51
8
35
2
108
2
88
153
59
5
20
3
93
11
94
257
297
35
21
45
47
116
136
77
31416
5
22
9
204
86
14
2:30
55
0
88
76
8
58
52
2
36
8
13
9
932
220
68
100
11
30
41
184
47
3310
2211
328
1553
2387
2753
5890
1691
1093
2142
2661
9744
3
790
9128
3064
1385
2
14
8075
2
0
2826
882
958
1533
0
920
996
4177
2
5
1428
20
2074
13377
0
8312
83046
13098
3545
7716
25
73
9417
846
31449
126
18
4
2:11
185
61
12
20
53
36
5
35717
334
19459
27
157
7
2
45
34
11
12
53
93
16
27
11
2
12
11
2
1
725
29
14
6
124
30
16
18644
2296
8150
5151
3251
4726
3
575
1668
1006
56
1467
168
1
2
12
10
0
23
1
3
4
49
9
36
0
2
84
39
2:1
0
43
47
4
6
40546
69
31
600
22
294
339
119
67
158
11
73
41
103
826
4
36
14843
11934
1
120
-487993
463
501
455
1641
304
1
693
294
3
303
206
2438
862
368
606
578
166
365
31
44
898
1805
380
71
1348
376
1012
2246
70
26
18
44
0
24
310
783
145
306
309
644
315
908
932
617
2901
157
195
332
110
0
250
157
0
176
72
2:143
97
94
15
164
37
2015
595
299
0
321
460
372
0
96
215
458
31606
236
92
25
114
74
1265
537
12555
5253
14259
1249
10724
22319
136900
41878
350
27
82
35964
20910
25227
3879
16247
1839
34
150
30480
1513
8580
166
2738
1412088000
499:0
1
105:0
2
31
-32
31
-25
0
-2
0
-2
0
-1
2382
-2376
67
-74
85
-49
434
-359
313
-411
-1
226
-235
-2
6
1
33
-1
225
-257
36
-26
-18
24
114
-134
16
87
-103
20
161
-138
-44
224
-226
8
-9
21
-13
10
31
-47
0
57
-54
0
2
9
-15
12
-10
13
8
42
-42
-23
15
-13
331
-332
98
-96
-1
50
-19
-33
1
-1
134
-125
-7
4
11
-15
6
-7
-1
15
-16
131
-110
606
-623
1269
-1272
200
7
-201
55
-62
1
29
-23
-5
0
-1
4
1
-2
7
-6
1
-1
-4
119
-117
-1
0
2
0
63
-66
3
38
-41
85
-85
81
33
-105
397
-388
-11
-1
150
-140
5
-17
22
-22
1
11
-4
-6
40
84
-113
-15
1
12
-14
-1
0
1
0
20
69
-91
5
1
207
-145
-46
-8
5
-12
-6
1
0
2
336
-323
-13
-2
13
277
-285
15
-20
0
-2
3
-2
57
-58
23
77
-97
16
-13
207
-213
91868
-81090
-10764
-12
1
5
33
-28
17
-14
-16
21
-18
-2
10
-10
8
-8
0
11
-1
87
-97
2
3:0
61
0
-57
101
-85
-16
43
290
-339
0
4
-5
5
35
53
-84
-8
113
-109
58
-56
75
-82
2:1
41
-42
6
-6
7513
-7513
2659
-2641
-18
0
7
-4
-1
2
13
-16
2:0
6
1996
-1967
-34
4
258
-256
117
29507
-29630
7
318
-325
2
4
9
21
1147
-1185
0
17
167
-181
62
-63
2
2087
-2086
-2
1
18
-19
37
-31
4
85
21307
-21395
-7
-4
1256
-1128
-128
25
-4
4
2
6283
-6309
20
284
-305
0
90
1725
-1803
-11
4
28
-11
-21
1274
-1272
47
1240
-1261
69
-95
15
-10
149
-150
-1
0
66
-56
-13
38
-38
47
1403
-1447
1
743
-747
24
-3
-24
27
-26
55
-50
17
171
-159
218
-129
-123
27
-25
0
-2
2101
-2101
247
-247
126
140
-245
-13
622
-624
-6
1
-1
292
-284
244
-247
0
10
-15
52
32484
-32511
3
-22
-6
1
0
147
-137
-9
72
-73
190
-175
8109
-8123
10
86
-91
553
-560
-1
2
3
15
1
-21
46
3469
-3506
-8
19
14
312
-345
8
23
-28
57
-50
-10
0
24
-7
-10
23
80
-57
-32
-15
-1
5
32
-42
32
-33
3
-2
7
-8
18
-13
-4
0
80
-60
-21
29
-8
20
-40
18
-19
4
-2
23
-25
2:4
-7
28
-28
1
-1
27
-23
62
-61
0
9
4
226
-84
21272
-21425
52
-58
30
-31
3
-1
958
-918
94
10423
-10537
2247
-2270
8
6
25
168
-166
-40
-2
0
1
-1
1
-1
1
0
-1
5:0
1
2:0
-1
2:0
1
4:0
-1
3:0
1
-1
3:0
1
0
-1
1
5:0
-1
1
3:0
-1
5:0
1
0
-1
1
-1
1
3:0
-1
3:0
1
-1
2:0
1
-1
1
0
-1
1
3:0
-1
1
-1
1
-1
3:0
1
0
-1
1
-1
1
6:0
-1
1
-1
1
2:0
1
0
1
-1
7:0
48
-48
2:0
3
-3
8
-8
6
-4
2
0
-4
4:0
1
-1
0
4
-1
-3
0
7
-7
0
2
-1
0
-1
1
0
-1
1
-1
2:0
2
-2
0
1
0
3
-4
0
1
3
-4
2
-2
2:0
1
3
-4
2:0
18
-18
5
-5
2:0
2
-2
2:0
24
-23
-1
0
1
-1
4
-3
-1
0
1
4
-5
8
-8
3
-3
9
2:-4
2
-3
7:0
1
-1
2:0
2
-2
5:0
2
-2
5:0
27
-27
0
5
-5
2
2:-1
0
35
-32
-3
2
-2
3
-3
4
-2
-1
0
9
-6
-3
-1
8
-6
-2
3:0
1
14
-15
5
0
17
-19
-2
5
6
-12
3:0
1
6
-5
-1
0
-1
6
-6
5
-5
4:0
7
-6
2
-3
0
1
0
33
-33
1181
-1093
-87
2:-1
4
2:-1
0
-2
0
3
-1
-2
6
-5
2:0
-1
0
3
-3
1
-1
2
2:-1
8
0
-8
26
-19
-7
2
15
-17
0
4
-4
1
0
8
-9
0
9
-8
5
-5
3
-4
1
0
1
2:-1
0
202
-201
110
-110
-1
3:0
1
-1
5
-5
0
3
-3
85
-82
-2
-1
10
-8
1
317
-319
6
17
-23
-1
1
0
-1
73
-73
1
-1
8
-8
11
-11
0
68
-67
-1
1
2
-3
7
-7
1
10
319
-326
-3
-1
45
-45
2:0
1
6
-7
214
-213
1
19
-21
1
2
6
-9
2:0
5
-2
-3
91
-90
-1
86
-81
6
-10
4
-5
11
-11
2
0
16
-16
-1
4
-5
15
79
-93
-1
17
-17
2
0
-2
2
-2
8
-6
-1
1
10
-1
11
-22
1
-1
2:0
64
-64
13
-11
2:2
-3
4
60
-67
2
-1
0
1
-1
5
-5
0
-1
0
1
142
-143
1
-1
0
1
3:0
1
7
-9
1
2
544
-547
0
5
-5
6
-6
0
2
-2
1
0
-1
5
156
-161
0
2
19
-11
-10
6
4
-9
-1
7
-7
1
20
-19
-2
8
6
-9
-5
0
7
-6
3
-4
1
-1
2:0
2
-2
0
1
-1
2:1
3
-5
5
-3
0
-2
2
-2
5:0
1
-1
4:0
5
-5
10
-9
0
2:1
12
41
185
-240
2
-1
3
-3
2:-1
7
-2
2
343
-350
80
-80
7
0
-5
10
-9
-3
15:0
1
-1
4:0
1
-1
15:0
1
-1
0
1
-1
2:0
1
-1
1
-1
13:0
2
-2
4:0
1
-1
27:0
1
-1
7:0
end
