v1
608
240
12
45
287
79
80
0
2
348
136
52
74
65
14
34
79
57
83
18
31
228
84
35
88
50
111
65
210
28
57
56
7
15
146
707
510
102
5
135
17
39
238
3
143
152
159
136
26
72
120
12
19
15
94
15
47
293
111
101
228
96
93
152
99
167
73
0
3
430
0
13
0
54
24
70
184
39
22
156
380
19
156
7
24
117
83
25
220
57
104
153
20
24
132
86
21
173
63
79
48
38
67
43
93
131
52
0
104
99
146
428
248
27
131
300
16
74
183
188
33
355
87
59
67
108
105
36
33
57
175
201
28
511
67
61
7
12
352
0
57
0
50
152
93
74
94
160
27
28
56
37
235
185
49
63
119
8
13
97
276
275
31
0
78
404
52
70
68
174
44
177
65
8
109
288
7
181
0
49
7
45
6
32
8
27
2
2:3
19
11
38
1
46
5
20
122
2
0
3
1
13
105
73
9
12
54
8
59
6
12
5
41
65
3
35
3
54
17
59
186
19
428
0
78
215
225
90
32
38
35
329
81
17
49
167
39
116
104
180
54
121
35
106
85
33
0
12
56
41
36
17
6
0
28
111
0
57
1
3
151
38
20
224
116
13
275
6
17
14
10
100
189
10
38
66
87
229
41
68
398
50
12
64
161
258
500
301
73
20
176
47
48
0
41
55
56
106
5
23
1
82
75
56
58
51
21
1
75
10
8
32
325
157
250
66
176
2:3
11
26
221
125
84
50
6
8
72
90
32
6
19
24
14
69
7
8
106
41
18
22
73
85
119
6
44
66
339
108
116
48
36
45
20
77
105
2
452
39
136
70
63
66
43
49
17
20
26
251
51
22
10
4
2
154
47
61
37
108
2
88
122
31
59
25
3
69
15
9
100
3
2
33
214
10
119
213
61
1
4
47
107
9
0
102
34
91
31407
22
213
33
50
3
14
30
62
92
19
76
8
0
1
20
37
54
8
28
8
22
1080
72
68
111
71
43
61
4
9
67
0
43
4
9
3301
324
1887
328
1553
981
1406
2753
7580
345
0
2891
5449
4493
2463
793
830
1211
6271
816
925
872
0
432
835
7
1378
2
4
8078
7
2
1
2825
0
882
958
13
2927
509
2
4167
8
2
5
1
1427
2094
1959
102776
13098
1
3543
1
7716
21
4
32
41
9417
2665
29756
18
4
72
135
61
12
20
89
5
54647
680
51
152
7
60
97
9
5
10
30
45
12
99
31
16
4
12
27
0
11
1
13
11
3
725
29
30
114
46
7831
13109
4271
9030
7980
575
441
1227
539
336
187
40
625
436
245
287
2
3
6
5
11
31
58
36
26
21
2
6
31
40
1
65
0
25
4
6
30302
1513
8707
24
69
31
177
423
22
294
339
344
11
45
28
41
103
318
12
0
336
153
47
128
14773
164
11712
2:1
1412059200
607:0
2
-1
0
1
0
20
0
-11
-7
36
-36
-2
1
13
31
-47
8
-8
6
-6
12
-4
2184
-2097
-94
0
30
-24
48
169
1034
-1124
-87
-32
33
-42
16
632
-620
-33
10
-11
0
268
-153
-97
33
-46
1
-6
3
-3
45
140
-50
-135
0
5
1
-5
16
17
-29
174
-61
-117
1
-2
4
2:0
-1
527
-530
3
337
-338
-1
69
-67
66
-60
-8
20
1283
-1302
57
-58
428
-417
118
-124
-6
1
175
-174
1
16
-15
26
-27
-1
7
19
-26
7
-1
2
-6
126
-126
-3
73
-73
385
-384
4
22
-21
1381
-1379
15
-24
30
-27
92
-32
-55
8
-16
3
-2
23
-22
17
-14
-4
74
0
-71
0
-3
5
-1
15
-18
37
-30
56
-47
-11
-1
-4
6
-6
178
-177
2:-1
209
473
-679
0
-3
42
2601
-2643
0
5
7
-13
59
-25
58
-79
-10
-2
0
3
10
-12
1
28
-26
-4
26
-5
-11
12
-22
0
288
-288
55
-56
26
-22
-1
3
70
-75
51
-40
129
-135
133
-79
-56
-4
3
-1
13
41
-56
8
-7
9
20
-27
82
-83
19
2
-21
34
-35
-1
10
107
-109
195
-199
-4
158
49800
-45024
-4810
-124
36
-20
72
-87
167
-71
-88
0
-8
48
88
-135
2
2:0
43
-37
-3
-7
1
0
12
-11
47
14
-36
-19
-8
1
0
2
-2
0
55
-54
89
-89
11
41
53
-105
-2
4
18
4
-18
-4
79
-31
-52
11
-11
2
-1
0
18
2:5
-22
575
-580
10
-5
-4
8
-9
26
-17
5202
-4314
-898
7
-5
-1
1
2:-1
372
-239
-126
-5
1062
-1054
-7
-1
3
0
-5
8
40
-48
906
-886
-15
-1
100
-83
46
-66
16221
-16191
-19
-8
-4
0
1
4
109
-103
-6
-4
33
-24
-5
3
-7
2
1605
-1584
-23
34
55
-91
957
-951
-6
3
10
-12
0
721
-722
3
14
-1
14966
-14972
1857
-1865
7
33
173
-213
3
9709
-9707
222
-227
3
5
34
-33
32
-42
745
-650
-88
21
-26
0
62
-32
-33
22
0
-12
767
-777
3851
-3833
-14
13
-14
25
-17
141
-152
5
129
-125
-8
1
-2
3
12
58
-65
624
-588
41
-85
16
-16
40
0
-34
-1
2
-6
21
1
2
-20
-3
3
5
135
173
-277
-33
-5
31
-34
1
0
4173
-4168
-5
263
-259
2:6
-13
60
-59
-2
1
-2
11
-13
15
390
-391
-12
-1
5
-2
5
-1
-4
113
106
-219
35
-39
2
38
11651
-11662
-23
11
-1
-11
55
-59
2
103
-42
-62
8
323
-333
23
5682
-5705
20
-17
1852
-1804
-51
13
56
-14
-27
4949
-4757
-218
0
7
-3
-4
1149
-1146
-5
23
-3
4
-20
4
-8
9
-7
14
4
3
-15
-7
17
65
-31
-52
31
-21
-2
-4
-3
3
-2
20
-14
29
-33
4
9
-17
37
-36
14
111
-95
-28
34
-27
-7
7
-8
31
-23
20
-25
0
-5
3
15
-7
-10
8
0
28
468
16
-521
1
13
12495
-12504
116
-120
0
14
-11
7
85
5021
-5115
2643
-2601
777
-793
-24
0
995
-997
17
-19
1
17
90
-94
-12
1
8:0
2
0
-2
1
-1
2
-2
4:0
1
0
47
-48
5:0
8
1
-6
4
-6
3
-4
1
-1
4
-4
4:0
5
-4
-1
1
-1
5:0
1
-1
7:0
1
2
-3
6:0
1
-1
0
9
-9
0
5
-5
2
-2
0
4
-4
0
7
-7
16
-16
5
-4
-1
0
16
-16
1
3
-4
3:0
3
-2
-1
1
0
1
-2
1
-1
1
4
-5
3
-3
3:0
3
-3
3
-3
1
-1
5
-5
5:0
3
-3
4
2:-2
2:0
3
0
-3
2:0
2
-2
0
4
-1
-3
0
1
-1
2:0
2
-2
2:0
18
-10
-8
2:0
1
4
-5
5:0
21
-19
-2
4:0
4
0
-3
9
-10
0
1
-1
1
0
-1
0
1
3
1
-5
4:0
10
-10
5
-5
14
-14
0
3
-2
0
-1
2:0
7
-7
3:0
9
-9
6
-6
4
0
-4
1
-1
2:0
1
-1
19
-19
2:0
944
-889
-48
-7
3
-1
0
-2
3
-1
-2
2:0
5
-5
5:0
1
0
-1
5:0
10
-10
2
-2
5:0
12
-11
22
-23
2:1
6
-8
2:0
4
-4
2:0
11
-3
-8
4
-4
3:0
1
4
-1
-4
2
-2
2
-1
2:0
-1
2:0
163
-127
-36
8:0
1
-1
0
1
-1
1
-1
1
-1
0
1
-1
55
-51
-2
0
11
-8
-2
-3
158
-158
2
2:-1
3:0
17
-17
4:0
1
0
-1
0
108
-101
-7
3
-2
-1
54
-53
-1
0
3
-2
-1
11
-11
2:0
2
206
-204
41
-44
-1
2:4
-8
1
177
-176
13
-15
2:0
2
-2
7
-6
-1
3
-2
0
-1
0
8
-3
-5
2:0
6
63
-69
76
-72
-3
0
-1
7
-7
14
-13
0
15
-15
0
1
-2
0
2
4
-5
54
-52
3
-6
2
-2
5
-2
-3
1
-1
0
2
0
-2
2:0
2
-2
17
-12
4
-9
0
4
-4
2:0
75
-75
0
12
-11
2:0
-1
3
-2
-1
2:0
5
-5
12
44
-56
2:0
4
-4
3:0
1
-1
3:0
2:1
97
-99
2:2
-4
0
2
0
-1
1
11
-13
0
1
-1
5
719
-724
1
-1
14
-9
-5
2
7
-5
-2
123
-124
-1
2:0
7
-7
13
-12
-1
0
22
-22
3
-3
3:0
10
-8
0
-2
0
3
2
-4
-1
1
-1
0
1
-1
2:0
1
2
-1
-2
0
3
-3
2
-2
3
7
-10
0
2
0
2:-1
2:0
1
0
-1
2
-2
0
4
0
-4
2:0
2
22
104
-128
2:0
194
-193
2
-3
0
2
-1
2
3
-5
-1
102
-98
82
-86
4:0
7
-7
0
2:2
-1
-3
end
