v1
806
743
281
205
52
802
88
226
276
2:19
37
7
868
324
428
292
300
295
358
331
135
651
285
0
573
95
183
670
102
31
225
277
257
598
57
29
203
1110
125
297
25
109
494
442
339
69
57
692
358
623
569
651
394
275
565
312
294
109
615
311
118
82
74
45
78
65
38
319
37
68
635
225
451
73
314
39
116
284
175
141
85
142
259
433
404
336
46
2
66
357
1511
301
460
165
2
368
75
1288
473
126
15
147
433
339
373
184
452
175
70
121
8
43
363
51
138
54
47
61
145
90
86
126
5
23
198
151
504
299
31498
31
208
126
173
84
58
54
36
8
22
1043
288
3612
2211
328
1553
5140
6258
4558
12405
9921
3064
1387
8082
7128
13
5162
1433
106829
16643
7741
73
9417
32443
254
26
20
94
55537
157
36
18
219
27
25
11
3
768
42397
575
2730
1635
236
40
44
47
4
6
40546
100
1568
31
11
73
41
103
866
46
15019
11712
1
-487950
57
20
258
9
196
42
233
133
232
39
9
8
0
21
239
149
53
26
50
34
86
6
495
134
1
17
129
344
30
12
29
21
106
77
82
64
201
58
193
29
73
58
71
18
287
25
412
20
32
23
51
56
72
8
28
70
14
12
19
36
88
1
172
7
160
131
2
79
76
248
10
194
41
99
33
93
114
87
36
14
225
66
96
39
7
98
67
9
50
45
156
28
17
9
190
114
16
25
21
254
308
120
95
61
107
87
155
72
185
127
9
36
103
20
11
147
98
59
45
210
35
41
84
86
52
165
104
65
79
7
107
34
171
155
74
23
88
81
489
111
113
260
67
110
345
250
247
24
92
54
19
92
195
28
39
55
30
302
37
160
53
68
171
185
53
24
108
385
79
26
41
209
176
43
112
57
164
81
40
279
14
357
67
19
56
0
121
24
125
181
27
15
14
12
33
6
50
7
0
18
5
2:7
8
3
8
3
20
8
46
2
3
0
14
7
117
4
2
2:3
22
163
4
97
45
14
4
28
20
33
25
8
38
16
38
6
11
127
203
289
7
66
31
47
0
7
85
3
27
187
122
99
70
35
31
188
332
82
43
44
182
33
201
156
292
100
28
111
27
31
154
19
49
29
170
144
27
52
202
17
14
0
19
203
87
5
18
98
70
0
229
464
43
8
7
27
8
12
175
9
41
252
410
468
2
3
7
10
252
60
79
32
135
157
56
10
32
67
21
9
117
318
7
81
139
187
66
163
13
49
248
17
13
17
33
12
94
15
39
19
11
8
34
90
57
24
14
63
13
195
60
13
85
119
6
96
623
2
36
45
102
100
40
207
10
59
1
0
45
47
1
460
67
14
6
27
2
11
164
95
12
218
40
1
28
22
2
4
39
21
89
2
239
84
13
94
2
16
71
38
224
119
75
61
42
15
1
123
9
63
113
33
66
14
55
31480
12
58
21
61
9
32
23
28
3
68
13
10
15
23
69
95
41
94
63
1068
72
68
92
90
43
8
133
34
13
281
3035
318
4090
7282
5116
5114
8064
2466
790
5704
2191
417
1741
3
2143
1378
6
10
8075
2
1
2825
882
943
15
7
1526
1407
509
2
1012
3146
1
16
4
3
1
5481
115873
1
3543
1736
5981
21
30
28
38208
2624
1015
7
3
18
2:15
46
60
35
40
43
18
104
17
10
7248
2382
45012
680
51
9
123
20
166
5
2
15
72
15
1
149
16
34
2
4
6
15
51
675
7
22
41
35
115
5
20934
3093
1178
9030
7977
816
203
44
825
358
167
372
0
467
721
436
366
166
2
1
2
4
2:1
6
19
20
2:1
41
2
1
2
3
5
4
38
27
14
4
2
2:1
4
13
59
51
14
32
30305
1513
8800
118
92
421
172
144
339
248
43
102
509
316
183
1
14879
1412037600
199:0
1
605:0
49
-10
287
-244
2144
-2124
49
258
-258
-80
1880
-401
-1510
-1
182
-172
25
-31
229
-16
61
648
-812
-79
156
-119
76
-119
-7
26
394
-148
-102
57
-250
94
-78
575
985
-1543
-30
299
-259
43
167
-248
18
-19
17
-4
-1
14
592
-425
5068
-5239
5
-26
125
-80
-31
143
-155
44
-46
185
69
-133
-74
-19
123
-152
20
319
80090
-78066
-2195
-165
22
-24
201
-122
-23
28
1837
-1871
249
-189
-113
298
-177
-88
151
-78
821
9243
-9369
-787
1760
-1547
-224
24131
-23901
-231
31
2253
-2174
-99
9946
-9950
15912
-15893
244
6251
-6321
11226
-11410
3556
-3574
168
-84
9481
-9542
313
-337
222
-136
2313
59
-2440
76
235
-124
127
-315
24
767
-710
21
-119
163
38
-129
1609
-1670
69
-53
7288
-6853
-399
344
2820
-3190
-27
9
17821
-17703
-111
63
280
-324
12944
-11768
-1213
68
15
6905
-6980
2268
-2184
102
-182
348
-322
120
-40
-114
-10
176
-149
-30
15
-10
1
93
2079
-66
-933
-1168
168
169
5679
1399
-7426
319
-294
-1
-15
405
-3
-447
11
-11
7
-5
-4
3
-1
2:1
-3
22
-15
0
1
-9
1
0
10
-8
9
-11
-1
8
-7
19
-18
30
-28
-4
3
-2
0
21
-18
-2
3
-4
0
13
0
23
-36
5
-5
-1
1
5
21
-20
18
6
-23
3
-8
22
-21
15
-18
1
10
-3
-2
-4
2
-4
2
8
-3
-1
-5
4
13
-16
-2
6
-5
-2
1
7
-8
9
-8
-1
19
-17
19
-17
2
-2
3
6
-8
-1
21
-19
-4
5
-5
7
-8
4
-3
0
9
-5
2
30
-28
23
-31
36
-33
6
-5
-3
16
12
-14
5
-15
14
-7
8
-5
-3
-9
5
16
-24
-1
6
-1
1
-3
7
4
-15
4
-4
2
0
-1
2
0
-2
4
-2
28
-2
-14
-15
6
2:-3
12
1
2
-11
9
-12
2:4
-6
-2
0
1
0
-1
3
-1
29
-20
5
-13
-3
5
1
-7
0
6
-4
10
-7
-3
6
1
5
-10
-1
10
-12
4
14
-12
28
-35
11
-2
-1
-7
1
2
3:-1
11
-12
0
6
24
-18
4
-1
-12
7
-7
20
-21
-2
1
4
-2
0
-2
23
-14
-10
13
-9
-2
1
-2
1
16
-4
-7
7
11
-23
-1
4
7
-11
15
0
-12
-1
4
-6
0
2
-3
17
4
-21
12
-12
3
0
9
-6
-4
3
-5
11
-10
-1
3
1
-4
3
-2
0
4
-3
4
-5
4
16
-7
1
2
-9
-7
32
-20
-11
1
14
-1
14
-11
-16
-2
0
3
-1
12
-2
-9
1
-4
1
3
-5
2:2
2:-1
4
21
-7
-15
0
2
-6
0
10
-10
2
32
-34
-1
6
-6
2
-1
7
-4
-1
17
-20
0
7
-6
-1
1
2
0
1
17
-18
2
-1
24
-22
10
-10
21
-23
-4
4
-3
4
-1
11
-10
10
7
-9
4
-14
3
-5
2:0
7
0
-1
-5
-1
3
5
-8
17
-4
-13
2
0
-3
0
4
-3
-1
11
-8
-3
4
2:-2
24
-12
2
3
-17
4
18
-20
11
-7
4
2
-8
0
22
-5
-18
-2
25
-26
1
2
10
-13
6
13
-18
10
-6
-4
6
-7
4
-1
7
-8
-1
0
-1
14
-4
25
-35
5
-4
15
-7
12
-18
-2
6
-2
18
-21
2
4
-5
-2
1
-1
8
-1
-8
1
13
-12
-1
1
13
-15
3
20
-22
12
-13
4
2:-1
26
-28
32
-29
19
13
-35
4
0
-3
17
2
-8
5
-12
2:-1
0
11
-11
22
-10
-12
-1
1
-2
11
-9
6
-6
-1
34
-26
-7
-3
6
-6
15
-15
20
-18
2:-1
22
-19
0
19
-20
7
-5
-1
16
2
-11
15
-23
1
-3
7
19
-24
30
-20
-3
-9
2:1
0
-1
36
-36
26
-24
2
16
-20
1
-2
9
-9
37
-36
16
-2
-14
1
-1
7
-7
37
-8
-11
14
-21
9
-21
0
24
-18
9
-13
2
8
-9
1
-3
2
-2
-1
1
12
-12
5
-2
3
-5
19
-20
31
-23
4
-13
2
-2
0
5
-5
2
15
-11
-3
3:-1
5
6
-7
3
-2
9
-4
80
-85
2:0
12
-12
20
-18
0
-1
1
-1
4
-5
1
-1
4
-3
6
-1
-2
-3
32
-33
3
2
7
1
-4
-8
-1
0
4
-3
23
-23
0
8
-4
-3
5
-5
0
-2
6
-6
1
13
37
-37
-7
-4
38
-40
30
-25
7
9
-19
-3
7
4
-9
7
-9
0
5
0
-5
58
1415
-1389
-61
-16
2
-5
5
-9
23
-7
-13
19
-20
32
-31
10
8
-3
-11
-1
7
417
-375
-50
56
2:-30
201
-166
-34
4
141
-130
-12
4
-9
110
-103
-3
27
-5
384
-395
94
-109
13
-12
328
-328
29
-27
0
6
230
-91
-141
-7
15
22
-33
0
13
91
-102
11
-16
1
2
18
12
-22
-7
-4
119
-99
-20
9
193
-198
-3
3
163
-162
2:8
-21
8
1172
-1169
-11
9
-9
196
-164
-8
-24
52
-21
-27
2
7
-14
2
3
-2
0
-2
14
-2
-5
6
63
237
-310
2
-4
11
-10
298
-299
6
3
-11
3
14
-10
-7
2
-2
5:0
1
-1
0
2
-2
5:0
5
-5
3:0
1
-1
11
-11
2
-2
4:0
10
-10
0
1
-1
2:0
1
2
-3
4:0
1
0
-1
0
1
2:0
-1
1
-1
2:0
1
-1
7:0
1
0
-1
0
1
-1
2:0
1
-1
9:0
1
-1
2:0
1
-1
7:0
1
-1
3:0
1
-1
17
-16
4
-5
0
1
2
-3
0
2
-1
1
3
-4
-1
0
1
0
-1
2
-2
2:0
1
-1
2:0
1
0
-1
10:0
1
-1
3:0
1
-1
2:0
3
-3
4:0
2
-2
7:0
1
-1
1
0
-1
1
-1
4:0
1
0
-1
3
0
-3
0
1
0
-1
0
5
-4
0
-1
0
1
0
-1
0
2
-2
2:0
1
-1
0
1
18
-16
-1
2:0
-2
9:0
6
-5
-1
2:0
1
-1
0
1
3
-4
0
7
-3
-4
2:0
1
-1
1
0
-1
0
1
-1
0
1
-1
3
-2
-1
1
-1
3
-3
3:0
1
-1
4
-4
2:0
1
-1
2
-2
0
2
-2
0
1
0
6
-7
7
0
-7
0
4
-1
-3
0
7
0
2:-2
-3
4:0
6
-4
-2
3:0
1
-1
2:0
1
-1
2:0
5
-3
-2
1
-1
0
1
-1
0
5
-5
4:0
1
2
-3
0
2
-2
1
-1
0
1
-1
2:0
1
0
-1
2
-1
3
-3
1
-2
3
-1
-2
1
-1
2
0
-2
3
-3
0
2
2:-1
1
-1
4:0
1
-1
4:0
4
-4
8:0
1
-1
4:0
2
-2
3
4
-7
3:0
2:1
-1
0
-1
1
-1
3:0
6
-6
4:0
1
-1
4:0
2
-2
2:0
4
-4
3:0
3
-1
2
-4
2:0
2
1
-1
-2
1
0
-1
3
-3
1
-1
4:0
2
-2
0
1
0
-1
0
1
8
-9
0
19
-18
1
-2
9
-9
2:1
-2
1
-1
0
1
-1
1
-1
1
2
1
-4
1
-1
0
1
0
4
-5
2
-2
2
-2
5:0
1
4:0
-1
1
-1
2
-1
2
-3
2:0
1
-1
0
2
-2
3:0
5
-3
-2
12
-12
0
2:1
4
-5
1
-2
2:1
-2
5:0
8
-8
0
2
-2
4:0
4
-4
2
0
-2
1
-1
2:0
1
2
3:0
-3
0
2
-1
0
2
-3
0
2
-2
6:0
8
-8
0
1
-1
4:0
1
-1
4:0
3
-3
8:0
7
-6
end
