v1
1011
592
151
297
84
105
52
153
42
607
188
26
210
127
17
41
17
39
11
138
19
207
167
392
548
5
140
307
285
393
275
169
147
24
111
34
143
92
166
194
22
24
57
37
167
573
70
24
401
111
129
159
187
225
277
257
20
76
166
257
127
148
276
59
146
269
193
4
381
431
153
341
442
126
213
69
57
31
626
152
106
128
7
239
88
124
339
254
27
28
16
82
230
409
7
394
115
142
18
16
43
112
57
361
177
111
214
80
109
472
4
56
12
33
6
32
25
79
56
145
2
4
118
82
12
14
48
123
30
35
41
16
38
17
127
118
447
173
120
225
195
219
110
304
10
6
27
6
116
338
121
141
85
101
41
87
172
146
58
66
163
441
110
189
38
10
83
70
229
41
516
187
808
301
93
367
56
106
3
2
24
157
187
75
50
325
318
287
31
19
11
247
33
80
12
84
264
22
35
69
7
8
147
323
96
14
534
77
81
20
184
38
237
177
175
70
25
96
8
11
31
1
86
88
19
170
89
100
54
47
53
8
35
112
88
153
64
23
198
151
172
247
132
63
155
34
31493
5
22
9
43
247
44
85
88
76
120
36
30
1043
0
109
68
111
237
18
3357
324
1887
328
1553
5137
3
10816
1500
1150
4766
6612
5297
13
2988
4449
2
8082
2835
882
958
19
3432
4159
7
11
5
108257
16643
7717
24
9490
32421
22
300
89
5
55463
231
9
27
57
6
12
17
36
109
27
11
2
11
1
11
3
82
862
24033
10208
8793
247
1183
1062
665
436
366
166
2
14
11
28
3
58
28
54
9
31
37
3
1
11
79
4
5
1
40280
26
64
176
100
126
599
1
46
0
306
25
17
0
202
277
9
57
18
41
103
77
11
14
303
425
13
23
15
23
14945
82
1990
9722
2:1
162
1
115
18
10
62
2
11
62
65
22
61
38
22
0
-488793
6
242
238
18
69
44
380
9
67
66
72
160
30
18
52
4
74
87
20
113
44
48
0
8
46
2:42
176
173
67
46
163
38
59
223
82
262
0
75
39
7
62
15
88
16
42
22
248
12
49
199
29
142
10
39
23
213
5
143
7
153
45
195
73
80
143
10
207
87
211
161
149
132
43
83
162
132
93
354
13
27
47
15
91
77
0
53
146
26
43
16
137
92
17
107
113
109
2
8
36
135
7
20
16
76
428
58
229
43
89
136
144
142
37
2
18
29
90
51
62
0
7
139
141
42
105
19
8
71
63
0
332
33
120
135
12
129
41
202
94
50
13
32
0
43
36
0
277
249
124
31
113
175
48
93
28
15
69
86
30
139
295
301
24
85
125
364
58
223
326
64
412
255
168
4
30
382
219
342
51
70
24
12
16
70
68
123
12
232
160
45
2:15
121
24
118
182
90
67
28
3
12
7
8
11
30
1
46
5
14
7
70
40
16
128
45
10
0
9
41
82
5
2:14
3
59
23
18
15
35
277
127
118
322
234
53
22
291
121
10
50
211
2
440
76
0
69
102
15
21
428
168
6
147
50
154
19
31
47
150
20
144
27
52
196
6
17
33
202
88
5
99
210
54
402
114
34
4
13
54
7
129
46
2
12
29
41
278
454
184
144
29
0
2
10
262
2:60
45
384
194
38
41
26
582
77
66
27
127
322
0
26
1
6
165
25
2:6
21
2:53
37
57
300
9
2
165
116
43
14
54
333
113
152
10
38
142
21
0
84
10
52
0
4
101
64
101
77
5
3
86
141
5
49
4
60
152
31
4
2
61
149
95
29
22
156
137
25
70
17
72
48
200
25
107
69
2
18
143
67
154
20
1
71
138
21
53
85
29
101
0
140
13
15
31399
93
149
33
42
18
7
90
2
0
92
22
33
2
28
18
1
119
70
920
54
94
37
13
270
2
46
135
48
2
9
272
7443
1732
316
703
2063
2468
1761
2353
1002
1805
711
705
1522
8435
2466
10843
872
432
2226
8074
11
2
1
2811
3387
920
13
983
1041
3126
2
2:8
2
1412
13
0
20
1
119906
1
3543
1736
6032
51
12078
29714
8
0
24
53
5
7
0
3
56
71
4
40
0
37
36
50
42
27
11
10999
43632
724
0
7
0
50
24
85
59
105
32
15
2
36
20
28
21
32
64
13
7
33
2
3
1
5
2
741
43
27
19
73
12863
0
3480
2356
1
3
2294
8149
8403
4729
978
907
1231
1827
5
1
6
19
21
45
5
47
21
3
15
13
41
63
0
11
1
0
27
31845
8264
656
104
19
362
6
20
69
13
126
201
96
107
141
257
19
26
47
162
10
31
11
4
2:5
596
43
32
12
39
24
0
53
14804
3
155
2044
9850
106
16
66
12
23
49
150
35
3
16
8
30
13
1422772200
399:0
1
610:0
33
-21
2:9
357
-339
-33
3
4557
-4547
-16
0
12
1
588
-507
5470
-5485
-32
-20
2054
-2066
-15
0
124
-22
-91
86
454
-550
30
286
-291
128
-152
469
-402
40
-101
5
202
-191
-19
55
100
-154
13
-7
-11
11
-12
2
56
-12
177
-210
-12
0
26
-20
-7
15
-7
51
36
-91
5
162
-97
-44
-2
162
-180
91
-79
-11
0
-3
10
-9
11
38
-45
-3
19
-2
-20
10
3556
8404
-11973
0
2
76
362
-444
117
250
-365
0
32
-26
460
-396
-61
79
84
-164
717
-697
109
1628
-1767
12
259
-257
11
-16
-4
30
17
70
505
-623
24
46
345
-267
-54
-95
11
-13
115
-115
336
-124
-207
42
31
-52
-17
399
-407
73565
-73560
87
28615
-28522
-90
-57
-32
3
-5
130
-108
35
-59
3
133
-76
-62
17
93
-111
797
-545
-241
22
64
-52
-27
42
151
-196
1886
-1900
28
-24
62
-38
-4
12533
-11008
-1112
-372
-62
0
-1
7
25
30
-21
-35
-3
2
937
-944
-2
1755
-1567
-110
84335
-84376
-23
833
-790
-55
14
16
222
-247
8
247
-174
118
-204
7
3126
-2893
-207
-17
5
240
2989
-2330
-846
467
18277
-18783
-36
3320
-3274
73
66
-185
3837
-225
-3144
-465
33
-29
43
182
-223
1620
1036
-594
-1873
-110
-42
-31
153
-160
242
-244
179
1012
-1122
-66
0
29
-30
17
121
-97
94
-117
126
670
-769
22
105
377
-554
529
2004
-2534
112
271
-354
-28
82
-49
-4
-27
346
-348
-1
42
-37
27517
-27502
29
347
-368
341
5479
-5789
265
-323
5032
-3668
-1343
51
-70
65
-66
1293
-1286
27356
-27345
55
-4
-58
123
-93
-14
111
-143
26
-19
55
-58
-1
2
46
-30
79
38
-16
-45
-74
44
-14
-15
9358
-9268
-82
11633
-11657
64
496
9975
-4928
-5594
21
-8
-13
1866
-183
-1626
60
-110
114
-35
154
652
-895
-3
380
-75
-272
-1
-26
429
746
-437
493
-1174
-28
-22
-21
31
-28
1
216
-207
-11
94
828
-903
4
103
366
-422
2071
-2115
110
-134
372
-222
-140
41
867
-912
138
-127
662
-655
43
-82
2
-2
2:3
-7
6
-3
-1
0
1
-1
8
-9
9
-10
5
-4
-1
2
-3
5
-5
2
1
-2
-1
5
-5
1
5
2:-3
1
7
-1
-7
8
-1
2:-2
3
0
5
-7
1
2
-4
0
-3
3
-2
3
1
2:0
-4
7
2
-10
2
2:0
4
1
-3
-4
2
0
3
-5
5
-4
-1
2:4
-5
2
1
-1
-3
-2
3
-3
4
-4
0
1
0
2
-2
4
-1
7
-1
-3
-6
2
2:1
-5
10
-10
2
-1
9
-7
2
-5
12
-8
2:-1
0
5
-6
2
-3
6
-4
2
2:-1
0
5
-5
-1
1
-2
1
2
2:-1
4
-5
2
-2
2
-1
1
2:-1
5
2
0
-6
2
2:1
-4
2
1
0
-3
3
6
-5
-3
6
-5
1
3
-7
0
5
-4
5
-5
7
-5
-1
9
-11
3
-2
2:0
8
2:-1
-2
-3
2:0
3
-1
-2
6
-6
3
7
-8
-3
-1
1
2:4
1
-7
3
2:-1
0
2:1
-1
4
1
-9
3
6
-8
-1
2:2
-4
3
2:-2
9
-7
-1
1
3
-3
-1
0
9
-8
1
7
-8
-1
0
2
-2
11
-6
0
-5
2
0
-2
4
2:-2
0
2
-1
1
8
-10
2:0
3
2
-3
-1
1
-3
0
9
-5
-4
10
-6
-2
-1
3
-3
10
-5
-1
-3
2:0
2
-4
1
3
-4
6
-3
-2
10
-11
2
-1
0
3
2
-6
2:0
1
5
-2
-1
3
-2
2
4
-9
2:1
7
-5
3
-7
-1
4
-1
0
4
-2
-5
11
-2
-8
5
2
0
-3
5
-9
8
-4
-1
-4
4
-1
-3
1
4
1
-6
2
-2
3
-1
2:1
-4
1
0
4
-3
2:-1
3
6
-7
1
-2
7
-7
0
4
-4
1
0
-2
2:0
6
-1
-2
-1
-2
4
3
-7
7
1
-2
4
-6
0
5
-5
2
-6
2
1
-3
2:1
-1
1
-2
2:0
7
-4
2:0
-2
2:4
-7
2
-4
1
-1
1
0
2:1
-2
0
-1
0
1
-1
10
-7
3
-3
-2
0
5
-2
-1
0
4
-1
1
-6
10
-11
1
10
-10
0
1
7
-8
4
-5
2
2:-1
0
6
3
-5
-3
-1
2
-1
2
2:4
0
-10
3
-1
4
2
0
-1
-7
7
-1
-4
-3
10
-4
2
-1
-6
0
10
-11
4
-2
9
-11
9
-6
1
3
-1
4
-4
-2
-1
2
-3
-2
4
0
-2
3
2
-6
-1
2
0
2
1
2
-4
1
-2
6
1
-5
2
-5
7
-6
-1
4
-3
8
-2
-8
0
2:4
-3
0
-2
5
-6
1
0
1
3
1
0
-4
4
-6
10
-11
1
5
1
-1
-2
-1
-4
2:4
-5
0
3
-2
-3
0
11
-11
3:1
-1
6
-7
-2
4
-4
1
2
1
4
-6
6
-6
2:-1
1
0
2:1
2:0
4
3
-9
-1
9
-4
4
-6
1
4
-8
10
-9
1
-1
0
-1
7
-5
1
-2
7
-6
2
0
-1
0
-1
2:0
1
5
-1
1
2
-2
3
5
-5
-3
1
107
-106
-1
3:0
10
-8
14
-17
0
3
-3
0
1
-1
12
-8
-4
7
63
-68
-2
1
-1
7
-7
3
-3
10
-9
-1
0
2
0
6
3
-11
1
3
-4
0
4
-1
4
-4
7
-9
-1
3
1
-3
0
1
0
-2
4
-3
-1
15
-9
-2
2
5
-9
13
-9
-5
-1
1
2
-1
1
6
-9
0
1
2
-2
5
-4
2
-4
2
5
7
30
-43
-1
20
-19
2
-3
2:0
1
2
-3
48
-47
-1
9
4
-13
2:0
52
-50
5
2:-3
4
3
22
15
-45
0
6
41
-38
1
-9
2:1
12
-11
18
0
-21
3
5
-7
1
61
-54
1804
-1814
5
70
-44
-24
0
-5
0
2
-3
0
16
-14
-3
0
8
2:-3
17
-19
84
-83
12
-2
0
-7
-1
4
20
-21
33
-38
-1
1
11
-8
1
606
-545
-60
-5
0
-1
3
-2
1
6
3
-9
-2
1
49
-50
2
35
-25
-7
237
-240
-1
53
-54
1
2
5
19
-27
0
47
-34
0
-13
3
117
-53
-67
7
-5
-2
0
3
1
28
568
-597
-2
172
-171
8
6
-14
154
364
-438
-79
-3
10
-7
38
-35
85
-90
112
-94
-7
-9
4
16
-20
49
-45
32
157
-180
-16
0
6
-5
7
44
-45
0
-7
26
14
-23
-17
29
5
-32
50
-45
-5
0
6
0
-2
25
-30
4
1
3
-8
0
4
-1
184
-186
3
23
-28
0
790
-786
8
-11
4
78
-76
5
-3
-8
1
15
-2
1463
-1478
36
-32
2
5
11
-17
11
-15
10
-10
5
-3
-1
1
11
-7
17
-5
-12
3
-9
0
5
-3
19
-22
1
322
-323
11
86
248
698
-1042
2:2
1
270
-259
-10
4
1
-10
3
32
206
-236
0
53
-52
23
0
-20
11
17
70
80
-185
16
-20
1
2
-3
9
5
1
-14
14
-2
-10
1
-3
10
2
39
-49
20
-23
0
10
13
-10
20
-31
77
-78
26
-17
1
-11
1
-1
9:0
2
-2
2
-2
3
-3
5:0
1
-1
5:0
1
-1
2:0
6
-6
5:0
32
-32
2:1
-2
4:0
1
-1
1
0
-1
1
-1
0
2
-2
4:0
1
-1
3:0
2
-2
1
-1
3:0
1
-1
7
-7
10:0
2
-2
2:0
1
-1
1
-1
7:0
3
-3
2:0
2
2:-1
8:0
1
0
-1
0
2
-2
7:0
1
-1
16:0
1
-1
4:0
1
-1
8:0
2
-2
8:0
2
-2
1
-1
3:0
1
-1
4:0
1
-1
0
1
-1
0
1
-1
2:0
1
4
-3
-2
0
2:1
-1
3
-3
1
2:-1
2
2:-1
0
1
-1
1
-1
2:0
2
-2
4:0
1
0
-1
6:0
1
-1
1
-1
0
1
-1
5:0
9
-9
3:0
1
-1
4:0
2
0
-2
1
0
-1
0
1
-1
2:1
-2
3:0
1
-1
2:0
2
-2
2:0
1
-1
4:0
1
-1
3:0
1
-1
0
2:1
-2
2
-2
2:0
2
-1
0
-1
4:0
1
-1
0
2
0
-2
2:1
3
2:-1
-3
1
2
-3
1
-1
3:0
1
-1
1
-1
3:0
2
-2
2:0
1
-1
4:0
1
-1
5:0
1
-1
5:0
3
-3
7:0
5
-3
2
-4
0
3
-3
2
-2
2:0
1
-1
1
-1
1
-1
2:0
1
-1
3:0
4
-4
11:0
2
-2
2:0
1
-1
4:0
3
-2
-1
0
2
-2
1
-1
3:0
1
-1
7:0
2:1
-2
1
-1
2
-2
0
4
-4
2:0
2:1
2:-1
1
-1
0
3
-2
-1
4:0
1
2:0
1
-1
0
-1
5:0
2
-1
0
-1
1
-1
0
1
0
-1
1
-1
2
-2
2:1
2:-1
3:0
2
-2
5
-4
1
-2
9
-9
0
1
-1
2:0
1
-1
0
3
-1
-2
2:0
2
4
-6
1
-1
1
-1
4:0
1
2
-3
0
4
-3
-1
0
3
-3
2:0
2
-2
2
2:-1
4:0
4
-4
2:0
2
0
-1
1
-2
1
-1
3:0
2
-2
7:0
1
-1
2:0
3
-3
0
1
-1
5:0
1
-1
5:0
1
-1
0
1
-1
10:0
end
