v1
849
210
26
133
724
31
26
131
139
48
496
119
79
62
73
167
143
28
57
56
7
15
28
37
437
186
165
0
59
234
31
4
61
223
5
87
48
165
127
148
152
276
7
12
26
72
100
175
93
87
271
34
67
76
258
136
365
160
153
260
339
156
54
345
21
135
31
51
37
137
349
185
87
96
336
79
48
241
242
75
71
95
14
147
13
193
31
79
104
151
12
8
431
153
341
212
95
50
31
54
126
213
69
57
31
119
507
152
1
105
135
239
551
254
55
93
279
9
24
139
116
77
7
300
94
0
257
18
0
16
93
283
197
116
61
111
214
80
404
171
10
26
1
29
12
11
22
6
32
25
18
2:19
30
47
2
17
117
13
4
118
73
4
5
74
59
64
35
30
95
17
127
76
42
85
362
173
120
225
195
329
304
10
33
6
116
146
192
121
0
141
186
41
59
31
169
146
272
15
129
281
31
299
38
8
2
66
17
70
229
41
309
219
225
758
301
71
12
10
312
55
5
51
109
2
24
42
115
186
1
75
18
32
215
440
297
9
19
258
33
0
29
203
80
128
57
69
2
5
8
147
323
110
611
72
29
82
102
242
170
40
175
70
121
8
11
32
86
37
329
100
54
47
61
35
112
241
64
20
3
104
89
5
9
24
224
313
71
61
63
98
15
42
34
91
1
31401
5
22
9
43
12
153
29
53
23
21
91
82
76
120
36
8
22
932
148
72
68
92
19
71
166
18
3357
2211
328
1553
3406
358
1372
4
7580
3236
2650
4766
5782
6140
2988
4449
2
10917
882
943
15
19
2447
5134
10
16
2
6
1444
119910
3545
7741
73
9417
32421
20
2
23
10
128
119
92
17
5
54647
724
57
35
74
157
7
2
27
57
6
12
17
129
16
27
10
3
11
1
11
2
83
10
660
2
14
10
172
3445
4380
2
8453
2356
1
2297
3093
5057
5151
7980
813
203
44
1183
873
143
46
665
802
166
2
1
13
11
31
58
28
10
25
9
10
40
9
28
3
1
43
47
4
6
40088
192
26
240
69
31
126
12
587
1
46
263
43
25
17
202
277
9
21
3
33
18
41
103
24
23
24
7
15
39
273
375
45
5
13
6
17
15
23
14805
140
10
52
2010
9722
2:1
162
1
115
18
10
62
2
11
27
2
33
65
22
45
16
38
22
-488787
132
12
8
90
325
41
80
141
96
249
31
55
50
111
18
416
5
133
223
86
123
135
96
76
82
310
77
132
63
401
820
22
25
151
256
80
305
171
107
186
162
353
21
245
225
119
320
108
161
166
18
132
21
92
118
228
25
264
429
2:110
40
13
76
80
53
33
72
638
127
75
147
19
43
169
329
34
52
64
212
42
186
98
74
32
13
138
290
164
130
378
45
74
451
110
566
421
433
137
50
389
581
530
114
653
95
232
10
22
90
155
20
2
101
15
182
10
36
44
110
15
28
14
51
147
105
210
5
49
59
23
69
128
246
419
32
7
110
33
450
11
120
44
762
69
58
263
191
68
272
105
107
97
39
111
163
80
243
261
38
356
528
0
43
50
104
83
91
411
210
288
185
193
241
121
814
150
2
255
66
553
12
6
78
189
94
309
2
58
319
623
83
202
43
204
10
160
345
152
18
19
51
94
138
22
29
236
6
50
207
248
224
121
32
54
246
10
149
167
32
146
122
31376
168
70
96
54
38
195
127
981
17
39
29
27
88
162
171
24
50
47
49
5846
4629
2064
12319
8442
2466
1620
3485
1389
423
2182
3
1741
1304
835
1401
8075
2:1
5
2807
3387
1916
2
1012
27
3126
20
4991
11905
104457
11317
45
41867
15
16
125
40
93
110
71
6595
573
3760
44363
250
120
66
44
97
50
1
3
1
7
741
49
19379
17036
8673
418
1827
1
14
17
71
30
64
2
87
20
50
18
30303
1513
8794
96
754
119
23
316
92
8
86
140
53
5
88
81
92
13
9
194
394
37
19
157
3
15016
11968
26
33
19
116
67
82
1422801000
499:0
1
348:0
5
7
-7
73
8
-40
-36
4
-3
-2
5224
-5228
96
-76
-5
-3
-7
100
5214
-5023
-272
202
-223
1
-4
37
-6
3337
-3362
6
12
-21
146
-146
-3
0
55
-45
511
-421
-95
-5
1
5
548
-554
1
0
18
22
-27
-10
-4
14
-8
232
208
-445
24
-25
66
-64
-2
187
-185
82
-84
7
554
-514
-34
-12
2:4
7
-10
173
-164
-15
0
4
87
-88
66
-62
-6
10
-9
2:-1
96
-3
-66
-12
41
-51
4
13
318
-339
106
32
430
-567
2:1
45
-46
111
-109
14
28
-28
-12
328
-99
-234
6
318
-150
-174
10
-9
156
-15
-110
2:1
-36
19
-10
591
-589
1
39
-38
139
-142
-9
0
12
-4
0
-9
47
-43
10
3273
-3234
-50
2
132
-129
2:-4
14
-12
2
175
-141
1719
-1752
492
-411
156
-26
-215
391
-367
38
-54
25
83
-111
297
-195
51
-139
-12
369
-377
120484
-120468
15142
-15068
-61
-10
14
4
9
-9
15
-51
0
43
-44
3
32
-35
5
12
142
-128
-28
270
-270
795
-750
-24
374
-395
-3
7
54
109
-163
-3
49
-49
3258
-3210
-49
46
81
-116
84
-86
-12
9895
-4193
-5693
54
-56
143
-149
6
1
111
-107
0
-8
2
3
1180
-1186
1736
-1739
17
81
144580
-144654
413
-434
76
-54
3
243
-271
22
62
262
-322
-19
3414
-3283
-84
-52
0
14
253
31425
-31686
2579
-2571
6
22
2168
-2164
2979
-3023
12
150
-148
-15
1
-1
3
0
125
-129
2:0
1702
-1698
21
119
901
-914
90
-218
-2
-1
3
9
32
148
-192
164
-139
210
1198
-1431
291
-288
-3
25
-18
286
-262
-7
97
-37
203
-14
416
-368
-313
128
-29
276
-384
2242
-989
-1130
-100
69
223
-301
35
-49
10
-2
301
-308
8
27
-21
-8
28572
-28578
27
-24
89
166
-143
5728
-5751
-84
161
-171
7
-6
14
-14
996
1823
-2814
57
-38
14
-1
2:-18
19
68
-64
21
-39
14325
-14323
81
-78
-8
7
65
-31
-30
-11
14
74
-91
3
-3
21
179
-200
7
-7
4
-1
23
-7
2
0
-12
18
-26
2
-3
49
-45
-2
15
40
32
-58
-31
11
-9
110
10087
-10069
19
-124
-24
3
13262
-13242
-22
134
11972
-6366
-5741
13
-7
619
-621
2710
-2686
-2
-23
2
470
-476
172
354
-525
15
155
23
-114
-28
37
952
-1031
-2
797
7361
-8072
-22
-42
-25
9
-6
9
-5
21
-33
2:2
237
-156
-59
-9
253
-173
-86
-12
74
-45
-25
377
-214
5855
-6011
190
-187
92
-73
-7
-23
32
-33
97
-70
78
-95
-9
584
-577
-12
-3
0
2
-1
1
-1
3
0
-1
1
-4
0
1
-1
1
0
3
-4
1
2
-2
3:0
-1
2
-1
0
2:1
-3
3
-1
1
-3
2:0
1
-1
4
0
-2
0
1
0
-1
-2
4
-3
1
0
-1
0
-1
0
3
1
-3
1
2
-1
-2
2
-2
-1
0
4
-2
-1
2
-3
2:1
-1
2
-3
3
-2
2:0
-1
3
0
-2
2
-2
1
-2
2:1
0
-2
1
-1
2:2
-3
3
-3
0
-1
4
-4
0
3
0
-1
-2
2
2:-1
2
1
0
1
-1
-3
2:0
1
3
-1
-2
3
-3
1
0
-1
3:0
3
-1
0
-1
2
-4
1
4
-3
0
-2
0
2
0
-2
3
2:0
-3
1
3
-2
2:-1
1
2:0
1
0
-2
3
0
-1
-2
0
2
-2
4
-2
1
3:0
-3
3
1
0
-1
-3
0
2
-1
1
-1
2:0
1
0
-1
3
3:-1
1
-2
4
0
-2
-1
0
2
2:-1
2:0
1
2:-1
0
4
2:0
2:-2
3
-2
-1
2:0
3:1
-2
2
0
-3
3
-3
1
2
-2
2:1
-3
4
-3
1
-1
2:0
3
-3
1
-1
0
-1
2
1
-3
0
1
2
-1
-2
0
1
2:0
3
-3
1
-2
2:0
2
1
0
-1
2:0
2:-1
2:1
0
-1
2
-2
2:1
-2
1
-2
4
-4
2
2:0
-1
0
-1
0
2
0
-2
3
2:-1
2:0
-1
1
3
-1
0
-3
1
0
1
-1
0
3
-4
4
-4
3
2:0
-3
4:0
1
3
-2
2
-3
2
-2
1
2
-4
2
-1
0
3
-2
2:-1
0
4
-3
1
2
-2
1
1
2:0
1
-1
0
1
2
0
-1
104
-105
-1
3
0
-3
0
9
-2
-4
12
-10
-5
0
33
-28
0
-5
2:0
2
-1
24
-25
0
1
-1
1
-1
11
-11
1
-1
1
38
-39
1
-1
1
2
-3
1
-1
4
-4
19
-19
0
3
-3
4
-4
1
2
-2
2:0
2
23
-23
2
-5
2:0
1
0
3
-3
-1
1
-1
1
-1
2:1
-2
3
-3
1
-1
5
3
-5
3:-1
6
-4
21
-22
12
-7
2
-8
2:0
1
-1
2
0
-2
1
0
-1
3
-3
0
2
2:-1
0
2
-1
26
-1
-26
5
0
-3
-1
3:0
-1
2
-2
61
-60
-1
6
-5
1
0
2:-1
0
1
29
-29
2
-2
5
-5
8
-8
2
-2
1
17
2
-17
-2
52
-48
0
4
-9
19
-17
5
-5
-1
7
-8
42
-27
-13
-2
2
61
-61
1859
-1859
96
-82
-17
0
12
0
-10
1
-3
2
-2
11
-10
0
6
-6
1
2
13
-17
0
41
-40
-1
14
-7
15
-19
0
-1
10
23
-33
-1
8
-9
38
-35
-2
5
4
-8
-2
1
-1
796
-632
-163
5
-5
4
-4
5
-4
5
-3
0
3:-1
55
-55
27
-28
7
-5
443
-436
26
-35
0
3
-2
13
-14
4
27
-21
-8
-1
152
-71
-76
-6
2:0
19
767
-785
86
-86
0
7
198
-202
654
-654
-1
64
-65
-2
2
5
-7
1
26
-24
-2
-1
76
-74
2:1
130
-127
14
-20
0
-1
3
1
-4
25
-25
48
-38
40
193
-239
19
-21
-2
1
0
-1
8
0
21
-21
-3
19
8
3
-35
3
-3
35
-35
28
23
-49
1
0
8
-1
8
-16
3
-3
7
-7
6
-8
3
-3
239
-235
-4
2
16
-18
9
444
-448
-4
1
-2
5
-5
3
0
6
121
-129
-1
2
5
12
-14
-4
6
-6
12
-6
1
979
-986
33
-30
-1
4
16
-2
-19
-2
5
-5
0
3
-2
-1
0
1
-1
1
3
-4
2
0
-1
2
1
-3
2
-3
1
3
-1
-2
5
8
-7
-5
2:-1
0
7
8
-15
3
-2
-1
0
262
-253
-5
46
328
106
-482
0
-1
98
-99
12
-8
6
-10
1
11
-11
42
69
-110
3
19
-16
37
-35
-4
21
-26
0
156
487
-642
27
-29
1
-1
4
0
7
-7
-4
1
7
13
-15
9
-13
25
-24
0
-3
0
2
-1
23
-15
4
-12
15
-15
-1
5
11
-15
-1
0
11
-10
62
-62
0
29
-28
-2
16:0
1
-1
24:0
1
-1
2
-2
10:0
1
-1
2:0
1
-1
6:0
1
-1
12:0
1
-1
28:0
1
-1
2:0
1
-1
0
1
0
-1
0
1
-1
2:0
1
-1
2
-2
7:0
1
-1
3:0
1
-1
0
2:1
-2
3:0
1
-1
3:0
1
-1
2:0
1
0
-1
4:0
1
3:0
-1
1
-1
2:0
1
0
-1
7:0
5
-5
0
1
-1
2
-2
4:0
2
-2
0
1
-1
2:0
2
2:-1
2:0
7
-7
16:0
1
-1
2:0
1
-1
0
1
-1
11:0
2
-2
6:0
1
-1
2
-2
2:1
-2
1
-1
0
1
0
-1
1
-1
7:0
2:1
-2
3:0
1
-1
2:0
2
-2
0
1
-1
4:0
11
-9
-2
6:0
2
-2
6:0
1
-1
1
-1
7:0
1
-1
4:0
1
-1
4:0
2
-2
5:0
1
-1
1
-1
end
