v1
1018
252
52
235
45
159
381
12
93
31
21
139
14
34
52
4
440
119
314
136
159
56
7
15
28
118
535
166
6
324
186
102
140
148
444
159
162
72
132
143
47
133
271
177
92
166
334
167
27
108
9
16
10
8
257
138
94
141
104
156
54
139
206
21
212
160
19
277
72
37
148
20
67
89
343
79
48
148
53
125
98
59
225
30
160
193
110
104
46
117
8
108
323
117
36
341
176
36
145
6
79
339
64
5
57
31
345
316
117
106
135
123
98
106
124
244
95
254
27
73
48
82
146
7
77
339
394
275
16
93
283
197
177
111
294
404
181
27
29
45
6
32
18
7
30
26
23
8
46
2
17
6
124
4
13
101
4
64
2:9
74
59
14
21
29
65
3
35
57
17
127
113
5
87
17
72
271
78
7
88
120
225
195
219
22
88
304
10
33
6
116
284
54
121
141
85
101
41
259
146
5
97
185
410
31
110
181
8
10
36
2
66
17
70
229
41
309
114
85
8
187
9
799
199
50
52
83
10
367
24
32
109
2
24
250
94
75
50
257
26
372
306
277
33
30
50
152
38
42
128
126
7
8
147
323
110
447
245
20
5
77
102
245
207
175
17
53
121
8
11
32
43
70
250
89
100
54
47
61
6
121
20
88
153
59
5
20
3
104
89
5
151
106
194
199
52
63
189
31493
5
1
21
9
43
12
149
33
53
44
85
88
36
40
120
15
21
8
22
1043
37
72
68
92
19
61
10
166
18
47
3310
2211
328
1553
663
3101
1376
10801
15
2650
4766
4992
790
6140
2988
925
2139
1385
2
8082
9
2826
882
943
2468
13
5143
1
7
9
2
1433
1042
118885
3544
1
7741
73
9417
32421
4
18
132
21
10
137
89
5
54647
816
74
157
7
2
15
12
57
6
12
1
16
29
100
16
27
10
3:1
4
6
2:1
11
85
643
29
8023
8453
4654
3093
10208
7980
2243
454
562
46
665
436
330
36
166
2
3
6
16
31
39
5
14
28
35
19
40
9
28
3
1
86
2:4
5
1
30302
1513
8465
26
64
176
69
31
126
599
1
46
41
222
43
25
17
2:101
277
9
21
36
18
41
103
132
273
350
25
50
13
6
17
15
23
30
14859
56
2072
9722
2:1
162
1
101
14
8
10
72
2
11
62
5
30
52
61
38
22
-488793
99
149
198
551
109
33
177
94
139
107
0
37
15
61
97
131
88
75
65
23
213
125
38
13
23
284
338
81
46
119
40
38
26
1
3
555
142
10
52
250
423
69
46
11
163
60
421
233
249
46
45
129
68
10
89
62
56
107
0
154
97
103
89
104
137
208
132
71
388
181
7
6
18
51
37
486
72
80
0
77
52
166
0
29
43
122
199
96
136
287
166
0
86
292
287
86
23
211
318
45
66
72
609
113
1
0
682
16
144
220
386
111
223
94
120
93
369
565
480
38
9
248
0
228
114
55
245
40
313
5
399
45
5
165
305
57
11
22
7
54
0
32
0
2
20
0
2
8
28
13
51
1
21
206
24
216
71
42
15
0
3
53
16
503
243
26
205
386
135
48
54
217
70
249
226
42
68
137
14
101
252
307
231
248
46
0
98
79
227
0
16
282
520
432
3
4
47
185
40
125
284
253
334
0
139
329
142
456
80
84
123
45
113
681
241
50
18
129
2:25
45
2:94
38
199
72
346
200
458
36
151
274
66
96
74
3
86
12
430
74
36
106
124
242
147
258
197
0
162
157
15
201
121
27
16
85
73
57
1
21
13
100
126
31
31381
37
139
57
84
12
54
130
55
48
0
14
131
979
366
133
3
0
39
155
272
7443
10074
4137
15451
4874
423
2185
2613
10720
12
11
1
2
0
4
4680
2435
486
4660
16
2:1
15
1
4950
121684
6032
12129
29774
37
0
88
46
87
14
0
12
36
37
19
27
11
36035
19299
28
0
1
49
43
125
1
151
10
257
2:17
22
730
163
19
37486
4643
1146
201
624
684
1153
1232
3
85
3
47
39
10
44
8
51
69
30306
9914
341
58
74
16
541
332
173
107
420
0
23
130
89
55
275
172
97
147
32
0
11163
3721
226
11990
21
12
0
19
4
44
13
142
62
43
-488244
35
610
83
161
18
416
8
244
9
1025
443
358
296
718
326
174
648
309
156
910
8
318
88
1297
378
584
549
1194
474
1369
110
359
543
518
358
2062
361
400
451
553
66
1457
44
37
120
779
809
197
401
163
584
61
900
198
134
1091
558
233
42
88
94
166
441
68
89
798
143
76
836
741
1065
398
139
86
96
708
125
249
410
13
31846
1417
10363
5234
35143
8046
2843
3387
1918
4185
1446
131269
42137
11128
43792
604
352
95
97
18480
1751
26357
1629
205
81
22
40123
647
232
260
1029
269
26
5
113
17712
10221
1422831600
499:0
1
399:0
1
117:0
8
23
128
-151
9
-3
12
663
-572
-82
-22
103
-87
10
53
-79
5343
-5283
198
77
13016
-13252
-74
134
-109
-29
-27
3
14
-9
86
-77
22
92
-63
-55
553
-531
83
-117
39
69
-105
78
266
-340
12163
-12126
-31
111
-29
-87
-8
4
130
-75
-56
9
299
-308
88
-72
8
-22
-4
399
-397
-3
52
267
2
232
-187
-358
37
-38
-6
38
11
-45
2
-7
35
-33
2
70
-53
123
-144
262
-261
1042
-1035
22
1475
-1502
14
483
-495
335
34
-306
-52
10
-21
12
-17
1
13
50
-37
-11
-16
33
-32
96
-87
2:0
268
-278
40
-40
12
62374
-62085
-32
-247
-12
38
450
-496
83
96
-147
50
-66
5400
-5388
-11
435
-434
55
-73
54
-57
16
-7
-3
76
-76
19
118
-118
-25
59
164
-185
1295
-1165
-143
-24
1
54
327
-364
-10
8
1
9
35
196
-255
310
-284
133
-157
-4
203
-106
163
-258
217
-219
703
-674
408175
-408199
5638
-5527
-107
26
-1
-9
56
-69
309
-20
-299
0
10
12
-13
53
-52
66
85
-161
126
142
-265
18
-5
56
2304
-2362
352
-364
329
-308
-25
92
-88
-2
142
-139
12
2477
-2478
387
-388
198
-211
18
45238
-37779
-7321
-100
91
-125
-6
74
-82
42
-53
170
-150
-7
1396
2484
-3826
-29
28296
-27790
-279
889
-1134
23
-41
28
315
-250
14
-32
-55
92
-72
9310
-9114
-158
-76
0
980
-934
4432
27051
-31522
2488
-2490
-3
52
972
-1001
-24
3571
-3556
2648
-2665
14
167
-164
-17
1
0
9
587
1246
-1783
3835
-3849
116
90
-245
-9
1280
-1276
27
192
-177
234
-281
35
366
-400
1867
-1857
157
-164
-3
446
-408
-16
102
-109
10
493
-464
48
-1
79
986
-478
-688
541
189
-688
502
374
-883
-26
11
466
-353
-131
-2
12
173
-128
-51
101
-68
-40
13
39
-51
19
-19
11
59202
-59192
-20
7
282
-172
267
-265
3503
-3608
7
131
-149
-3
1
-2
355
1730
-1970
-111
781
-691
79
-161
-11
12
20
346
-367
3
16810
-16825
6
306
-293
-10
12
-20
3
2
-2
96
-7
169
-212
-47
8
-9
4
11
39
-12
41
-17
75
-143
45
26374
-26306
-101
221
796
-1009
-18
0
14
8663
-8676
-3
26
54
428
23172
-23458
-221
325
17712
-10875
-7155
17
21
47
1793
-1887
3
7985
-7942
252
-266
-31
66
47
123
696
-925
62
-63
272
-96
-150
-4
-15
324
1490
-1825
242
6191
-6389
56
-68
-18
-12
-4
11
1181
-1035
-140
-10
622
-580
-7
-35
87
176
2132
-2160
22810
-22973
-76
312
-310
-5
361
-302
-45
253
-250
12
112
-130
1362
2337
-3717
5
-4
0
1
3
-1
-4
5
1
-2
-1
-3
2
2:-1
4
1
-2
2
-2
-3
2:0
3
1
2:-2
3
2
-5
6
0
-3
0
1
-2
2
1
-5
2
3
-4
4
-4
4
-2
-3
6
-2
-3
0
-1
3
-1
1
-2
5
-3
3
2:-3
4
-3
5
-5
-1
1
2
-3
4
1
0
-4
0
2
3
-2
-3
3:1
-3
2
-3
2:2
-1
3
-1
-4
2
-1
0
-2
2:0
5
-4
3
-4
2:0
3
2:0
1
2
-6
0
2
1
-3
6
-2
0
-4
3
2:-1
3:0
-1
0
1
-1
2:0
3
-3
1
0
2
0
1
-1
-3
2:2
-2
0
2
-1
3
-2
-1
1
-4
2
0
-2
4
0
-4
4
-2
2
-3
1
-1
1
0
3
-3
-2
1
3:0
-1
1
-1
1
4
0
-4
1
3
-4
2
-2
4
-5
3
-2
-1
4
-2
1
-1
0
1
-3
2
-2
3
-1
-2
5
-4
-1
0
2
2:-1
5
-3
-2
5
-5
4
0
-3
2
-2
1
4:0
-2
2
-1
5
-3
2:-1
1
3
-5
5
-5
3
-3
0
2
-2
5
0
1
-2
-3
1
-1
2:1
0
2
-4
-1
1
-1
0
2
1
-3
5
-5
1
-1
1
2
-3
1
-1
5
-5
2
0
1
-3
1
4
-2
1
-3
-1
1
2:0
2:1
-3
4
1
-5
2:0
6
-6
5
-3
1
-3
1
0
1
2:-1
3
-2
-1
2:2
-2
4
-1
2:-2
0
5
-4
1
0
3:-1
4
-3
2
-1
-2
2:0
3
3:-1
1
-1
1
0
5
-4
1
-3
2
2:-1
5
-4
0
1
0
3
2:-1
2
2:-2
-1
3
2
-1
-4
3:0
3
-2
1
2:-1
6
-3
-1
4
-6
2
3
-2
-3
6
2:-2
-1
2
-2
1
0
-2
1
0
-1
1
-1
1
2:0
-1
0
2:1
2:0
-1
4
-1
2
-7
7:0
1
0
-1
9:0
1
0
-1
4:0
1
-1
3:0
1
-1
1
-1
11:0
1
0
-1
2:0
1
-1
1
-1
1
-1
0
1
-1
0
1
-1
5:0
1
-1
16:0
1
-1
6:0
1
-1
0
1
0
-1
0
1
-1
1
2:0
-1
10:0
1
0
3
-3
2
-2
0
11
-10
3
2:-2
6
-5
0
4
118
-122
-1
8
5
-8
5
-5
-3
1
-3
3
2:-1
17
-16
-2
9
-7
1
61
-64
2
-2
4
0
-3
-1
3
-3
20
-20
0
1
3
-4
2:0
11
-9
-1
0
4
-4
-1
1
2
-2
-1
17
-16
1
-2
12
-8
11
-14
1
3
2:-2
1
4
-6
2
-2
1
-1
1
2
-1
2:0
13
-15
11
-11
2:3
-6
1
0
-1
15
0
-14
5
-2
-3
0
-1
0
2:1
-2
1
-1
2:1
8
-10
7
-5
4
-6
0
1
2
9
26
-15
-21
1
0
-3
1
8
75
-83
7
-5
5
-5
2
47
-52
2:2
4
-7
2
13
-12
-3
0
6
19
-25
-1
29
-29
3
49
-45
-2
-5
0
6
14
-19
0
3
2:1
-6
11
-11
0
2
18
-16
-3
7
-4
8
-9
2
-5
77
-63
1603
-1616
111
-87
-19
3
0
-9
7
-2
-4
33
-29
1
-3
8
-7
2
-4
-1
21
-21
0
61
-61
3
5
0
13
-19
2:-1
0
1
-2
17
-15
-2
24
-21
-2
45
-46
7
-3
14
-17
0
711
-614
-90
-8
0
4
3
1
-7
-1
1
2
-3
3
47
-24
-15
-8
392
-390
36
-40
3
4
-8
1
22
-23
37
-29
-8
9
-6
157
-53
-96
-8
-3
4
-2
24
796
-819
150
-152
1
3
16
-16
3
195
-200
624
-624
2
82
-84
-2
0
-1
3
45
66
-110
164
-168
18
-8
-6
-4
4
-2
3
17
-20
64
-66
9
36
-45
259
-248
20
-30
-1
4
2:-1
8
-10
11
33
-30
-10
2
36
-5
3
-40
1
41
-42
55
5
-55
3
-6
6
-4
-2
0
6
31
-37
6
-6
6
-6
-1
6
-5
3:0
243
-242
-3
4
-1
21
-24
14
658
-670
-2
13
-12
1
-2
0
8
124
-129
-2
20
-8
-10
13
-16
1
12
-5
3
-10
1416
-1417
3
36
-38
7
-4
-3
3
-4
1
31
-16
-3
5
-5
-12
0
2
5
-4
1
2
6
-13
3
0
34
-28
-8
10
-3
-7
1
-2
3
10
-13
2:0
2
-2
270
-259
-9
88
355
554
-999
7
-4
5
193
-199
0
16
-11
14
-12
-8
2
1
36
181
-215
-4
2
47
-43
29
-36
8
12
21
-42
98
320
-417
25
-17
-5
-4
0
8
24
-25
5
-12
16
-16
1
10
-3
-6
31
-14
12
-29
-2
32
-32
2
11
18
-26
10
-15
2
95
-97
43
-21
-22
7:0
1
-1
8:0
1
-1
1
-1
6:0
2
36
-38
3:0
1
-1
2:0
1
-1
9:0
1
-1
2:0
1
-1
3:0
8
1
-9
6:0
1
-1
0
1
-1
2:0
1
-1
2
-2
7:0
1
-1
1
-1
8:0
2
-2
5:0
1
-1
0
1
-1
2:0
1
-1
0
3
-3
2:0
1
-1
13:0
1
0
-1
2:0
1
-1
5:0
3
0
-1
-2
0
2
-2
2
2:-1
2
2:-1
0
2
2:-1
13:0
1
-1
5:0
1
-1
3:0
2
2:-1
7:0
3
-3
1
-1
5:0
2
-2
5:0
1
-1
8:0
2
0
-2
1
0
-1
10:0
1
-1
0
2:1
-2
4:0
1
-1
4:0
3
-3
1
-1
1
-1
0
3
-3
1
-1
4:0
1
-1
2:0
2
1
-3
2:0
1
-1
2
0
-2
0
1
-1
2:0
2
-2
5:0
1
-1
2:0
1
-1
2:0
1
-1
2
-2
3:0
2
2:-1
11:0
3
-3
6:0
1
-1
2:0
6
-6
2
2:-1
17:0
2
-1
0
-1
0
2
-2
0
1
-1
0
2
-2
0
1
0
-1
1
-1
2
0
-2
3:0
1
0
-1
4:0
2
0
-2
1
-1
2:0
1
-1
32:0
1
-1
5:0
1
-1
4:0
1
-1
40:0
1
-1
2:1
-2
11:0
2
-2
13:0
end
