v1
921
55
152
3
26
61
20
52
184
190
486
52
139
39
9
289
64
58
36
49
119
21
58
62
73
167
143
0
28
57
56
7
15
28
37
437
59
120
7
165
0
59
21
213
31
4
61
10
111
97
5
92
213
31
96
300
159
117
45
72
368
87
7
153
111
34
0
67
76
92
166
136
58
266
41
78
235
193
67
95
165
79
156
54
345
21
135
31
88
137
277
72
32
5
115
33
176
7
79
257
0
79
37
11
105
43
93
212
30
211
44
160
193
110
68
36
80
83
8
297
0
52
82
16
74
63
341
212
95
50
31
54
339
66
3
57
31
626
152
106
29
106
30
209
171
0
11
30
172
167
254
34
66
48
288
24
139
87
29
77
7
300
0
94
257
18
16
93
64
219
173
24
177
30
81
49
245
404
0
207
1
41
11
22
2:19
6
19
18
12
7
19
23
54
2
17
117
13
4
118
53
20
4
5
74
45
14
64
35
30
38
19
38
17
14
113
118
85
91
198
65
8
78
7
85
3
22
98
225
160
35
219
110
98
206
10
33
6
116
104
180
54
121
65
76
85
101
41
59
31
108
61
146
5
19
248
15
129
275
6
31
276
23
46
2:1
66
87
229
41
309
219
175
9
41
758
249
52
83
10
312
55
5
45
6
109
2
24
42
213
89
75
18
32
215
440
65
241
31
65
181
62
63
54
86
38
170
19
38
69
7
8
147
40
2
281
67
29
14
447
162
83
20
82
102
8
404
40
175
70
121
8
11
32
86
37
8
16
0
78
138
89
100
54
108
35
112
88
153
59
5
20
3
193
5
119
138
194
119
72
60
63
155
34
1
91
31401
5
22
9
43
95
66
4
96
30
173
76
8
58
54
36
8
22
932
148
72
68
92
19
71
46
120
11
7
47
1151
2159
2211
328
1553
5136
4
10816
1500
1150
19
4747
4992
790
6127
13
2988
925
3521
3
2
10903
14
882
943
15
19
2447
1997
3137
10
7
9
2
6
2
121352
3545
1735
5981
25
73
9417
28772
3649
22
11
15
7
120
14
186
36
5
7255
47392
0
781
35
74
59
98
7
2
27
57
6
12
1
16
36
93
16
27
10
3:1
11
1
11
85
10
660
2
14
6
4
103
63
3451
12835
4654
3093
5057
5151
7894
86
813
0
247
1183
873
0
143
46
665
436
330
36
166
2
3
6
5
3
8
27
4
58
28
10
44
40
9
28
3
1
43
47
4
5
1
31815
8465
26
64
176
69
157
12
0
587
1
46
250
13
43
25
17
202
262
15
9
42
15
10
8
41
103
47
24
7
10
5
7
2
303
212
138
25
45
5
13
6
17
15
23
14805
140
10
52
1997
13
9722
2:1
162
116
18
10
7
55
2
11
27
2
33
5
82
61
0
6
32
22
-488830
187
105
318
693
205
139
251
138
223
86
40
70
148
58
38
76
366
81
22
85
0
47
24
214
95
131
145
179
64
369
110
373
94
64
87
174
171
107
319
228
79
75
290
94
308
242
241
24
316
86
192
72
297
75
896
39
64
43
638
202
101
46
19
378
279
19
86
7
0
60
77
39
129
101
160
151
163
127
164
130
365
0
45
87
33
300
118
110
359
281
317
153
376
6
65
50
84
272
409
0
507
175
651
5
43
480
265
2
129
0
66
103
10
36
44
104
21
17
24
1
65
7
126
104
109
50
52
65
38
476
760
109
313
44
79
12
360
284
69
0
320
28
259
377
0
204
39
111
586
53
108
43
0
64
52
0
52
711
43
42
0
112
174
621
468
5
0
187
6
362
177
186
9
915
119
35
17
11
29
300
138
0
25
31
27
11
8
124
366
117
0
160
905
105
247
146
477
5
192
189
29
76
165
65
121
58
14
166
214
58
45
142
204
255
167
30
2
54
15
140
13
46
0
31103
273
85
4
23
155
132
174
175
63
974
56
88
357
28
69
28
19
283
9175
1019
691
1370
2470
5116
7858
0
827
12064
9268
10
8075
2
1
4
8110
4160
1452
3566
119905
49643
14
16
209
73
20
72
38
71
10928
44363
132
118
257
64
6
60
750
149
17
50
2
44585
2572
32
19
52
30
132
37
54
40107
1371
50
53
1
38
57
185
191
69
172
250
37
216
607
14947
72
11853
10
70
10
51
53
77
125
92
1422806400
599:0
1
320:0
6
-2
0
9
-9
85
-80
8
-5
32
-38
-1
2
-3
-1
2:1
2
38
6276
-6250
-65
162
-142
-8
-1
0
3
112
7524
-7650
29
255
-275
-11
38
-38
2
2:-1
1
79
-64
4
117
-136
6
-7
-1
755
-749
226
-232
9
132
-132
-2
1
505
-512
30
-31
10
46
-43
1
4
-7
31
-21
-14
-4
1
202
-203
5
2
39
-19
-29
16
-4
-7
-5
140
-128
117
-117
668
-636
-18
-15
11
-23
271
-270
5
-1
10
0
5
-19
9
-5
2
632
-634
18
-23
87
291
-376
5
-7
2
-1
3
592
-590
0
-6
97
-95
2
34
-27
88
-95
1
39
214
-90
-163
160
602
-757
-4
54
-36
-23
38
-35
13
-11
0
-6
6
13
5
0
-22
10
148
-150
-6
324
-320
168
-171
15275
-15275
0
286
-188
-70
-31
55
-39
0
-17
639
-593
-32
132
-147
158
-144
0
-8
-5
1
47
-41
50
2932
-2984
66
-68
-3
1
27
-28
5
2:-3
3
7
154
-75
-73
1889
-1900
1445
-1347
-98
265
-255
-7
398
-358
-48
7
6
-12
3
136
-112
-20
-2
-6
303
-297
-3
17
111
-128
67
14
-79
-4
0
402
-401
12
130911
-130837
15746
-15720
-88
10
-1
46
-77
57
-60
10
97
-107
5
0
83
-77
-11
30
-24
14
-19
0
5
0
-6
286
-278
100
226
-329
102
-66
775
-817
9
-6
1
8
64
-72
175
-176
35
-34
4651
-4628
-27
11
122
92
-222
251
-253
10560
-3532
-7024
139
-137
71
-26
-41
-8
-3
134
-133
-1
1
-1
0
1193
-1191
4
374
-364
39
178256
-178310
4
60
-64
5
552
670
-1225
-3
40
-16
230
-254
13
96
-34
-40
-18
4589
-4387
-191
-23
-3
0
4
-1
-2
1
19
331
36305
-34123
-2535
42
146
-115
81
2876
-2945
5200
-5278
216
-223
40
-31
-9
244
-218
182
-206
1484
-1484
30
1177
688
-1756
-8
-129
-4
73
-74
1
281
-102
-129
-50
7
523
1100
-1615
409
-415
-7
42
-21
277
-252
-25
-24
147
-121
10
-34
1
141
-62
552
-263
-369
496
2804
-3300
1651
-1217
-377
-52
-2
-4
178
209
-383
-4
21
94
-114
-2
38
-23
265
-280
49
-47
65
-50
9
-21
34115
-34118
-1
4
185
-189
1
287
-157
6858
-6987
337
-157
-182
0
9
-6
-1
28
1188
3170
-4386
3
0
-1
41
0
-45
39
-35
8
113
-103
1908
-1905
-24
18068
-18065
2
74
-66
-8
-4
6
-5
60
-7
-24
2
161
-189
-4
0
-1
14
-16
6
-4
12
25
-20
-11
2
-7
24
-25
-1
2
78
-79
0
225
-193
86
-120
29
76
-75
-28
4
5
-6
-4
131
-131
11434
-11143
-103
-148
9399
-9395
-43
166
15539
-9113
-6590
1
-5
9
1931
-1939
4056
-3994
2:-25
-5
23
-30
2
217
491
-705
-2
150
113
-124
-72
-34
-26
135
961
-1106
743
-743
12190
-12108
16
-92
15
-18
1
14
85
-102
18
45
-63
5
-5
11
479
-433
13
-56
263
-218
-40
-21
72
-71
26
-25
923
-814
15396
-15218
-285
85
-82
43
-19
-23
6
-3
119
-110
96
-111
0
-4
712
-466
-249
-1
2:1
-2
0
1
0
-1
2
0
2:-1
3
2:-1
1
-2
0
1
0
-1
1
-1
2:1
2:-1
0
2
-2
2:0
3
-2
-1
0
2
-2
1
2:0
1
-2
1
2
-2
3:0
-1
0
1
-1
0
2
-2
0
2
-2
0
1
0
2
-2
-1
2:1
0
-1
0
-1
1
2
-3
2
3:0
-1
2
2:-1
0
1
-2
2
-1
2
2:-1
2:1
-1
0
-2
1
-1
0
2
-1
0
-1
1
0
2
2:-1
0
1
-1
0
2
-2
-1
1
0
2
-3
1
-1
3
-2
0
-1
2
-2
2
0
-1
0
-1
3:0
2
-2
1
2:0
-1
0
2:1
0
-1
2:0
-1
1
0
-1
1
-1
2
-1
1
2:-1
2
0
2:-1
0
2:1
-1
1
2:-1
0
3
0
-3
0
1
0
-1
2
-1
1
-1
2:1
0
-3
3
-3
2
-1
1
2:-1
0
2:1
-1
0
-1
0
1
2
3:-1
0
1
-1
2
0
-1
2
-2
1
0
-2
1
-1
1
0
1
-2
2
1
2:0
2:-1
1
-2
3:0
2
-2
1
2
-2
2:0
-1
2
0
-1
0
-1
1
2
-3
3
-2
-1
2:1
2:-1
0
2
2:-1
2:1
-2
2:0
3
-1
-2
3
0
3:-1
0
2
4:0
-2
1
0
2
-3
0
1
0
2
-3
1
2:0
1
-2
0
1
-1
0
2
-2
3
-3
3
-3
2
0
-2
1
0
2:1
-3
2
-2
1
0
2:1
2:-1
2
1
3:0
1
0
-1
1
0
3
-4
2
-1
0
-1
1
-1
0
4
109
-113
1
-1
3
-1
-2
2:0
11
6
-16
5
-1
-5
3:0
36
-35
0
-1
3:0
3
-3
3:0
27
-27
2:0
2
9
-10
-1
1
44
-45
2
-2
0
7
-7
0
5
-5
0
6
-6
1
5
7
-13
0
2
1
-3
0
1
3
-4
1
3
-3
2
1
20
-24
2
-2
2:0
3
-2
-1
1
2:0
1
-2
2:0
1
4
-5
1
3:0
-1
1
-1
2:0
1
8
-9
2:0
8
-7
0
3
-1
-2
-1
3
-1
18
-2
-18
6
3
-8
-1
2:1
-2
5
-5
3:0
1
-1
0
4
-4
1
0
1
-2
2
-2
2:0
2
1
-2
0
30
-30
7
-8
5
2:-2
2:0
-1
0
3
-1
53
-54
0
-1
1
-1
3:0
52
-51
-1
2:1
0
8
-8
8
-7
-3
2
1
13
18
-34
5
-5
55
-46
-6
2
4
-7
18
-19
2:0
9
-10
1
10
-9
2:-1
0
36
-34
2:-1
11
-11
2:2
-3
0
-1
76
-75
7
1978
-1985
100
-83
-15
-2
0
2
-3
3
2:0
-2
1
2:-1
14
-12
-2
0
1
3
-4
0
3
-2
0
16
-17
0
44
-44
19
-13
18
-21
0
-3
1
3
7
-11
35
-35
4
-3
47
-46
-1
1
7
1
-10
1
0
921
-764
-158
7
-7
4
-4
6
-6
0
8
-7
-1
0
3
-3
51
-50
-1
22
-19
0
478
-479
4
1
-7
0
46
-45
0
2
6
-8
16
-17
0
38
-28
-8
0
167
-70
-89
-10
0
1
-1
2:0
3
-2
21
886
-827
-81
3
17
-9
-1
194
-191
684
-695
65
-67
2:1
5
-6
1
37
-37
93
-95
3
-2
161
-149
1
-12
0
-1
2:0
26
23
-40
-9
-1
62
211
-268
23
-27
-1
3
1
-4
12
-8
-3
29
-30
6
-5
-1
3
18
19
12
-52
39
0
-38
69
-70
2
0
2:-1
3
7
-7
-3
14
24
-38
0
2
1
3
-6
7
-5
-2
2:2
-4
241
-237
-3
2
32
-33
-2
0
11
479
-489
8
0
-7
-1
2
-3
3
-1
9
137
-147
-1
2:0
6
10
-16
7
-6
11
-12
13
-5
2
-10
1173
-1172
1
34
-32
2
-4
2
1
26
-18
-7
2
-8
0
1
-1
1
-1
1
-1
2
1
3
-2
-3
3
-4
2:1
2:0
9
-9
0
-1
7
8
-15
-1
7
-4
-3
4
-3
-1
1
2
-2
17
-18
1
0
278
-269
-9
60
346
537
-942
2:-1
3
176
-179
12
-4
3
-6
-5
5
-4
0
45
110
-152
-4
7
26
-28
50
-47
-8
13
14
-27
148
-148
721
-718
30
-25
-8
2
-2
2
-2
0
2
-2
2
-2
1
11
10
-18
7
-10
29
-29
4
-5
0
2:1
-1
22
-11
3
10
-24
2:0
3
23
-25
-2
1
14
-12
79
-82
2:0
38
-33
-5
12:0
1
-1
1
-1
6:0
1
-1
12:0
1
-1
10:0
1
-1
12:0
1
-1
34:0
2
0
-2
15:0
1
-1
9:0
1
-1
19:0
1
-1
0
1
0
-1
26:0
1
0
-1
3
-3
3:0
2
-2
3:0
1
-1
1
-1
3:0
1
-1
6:0
1
-1
3:0
1
-1
2:0
1
0
-1
1
-1
3:0
1
-1
0
1
-1
3:0
1
-1
1
-1
3:0
1
0
-1
12:0
2
-2
9:0
1
-1
0
3
-3
7:0
2
2:-1
1
-1
3:0
2:1
-2
14:0
2
-2
15:0
end
