v1
604
317
52
170
59
24
424
183
191
14
34
130
19
143
119
31
5
49
119
138
76
167
38
5
3
105
58
2:19
37
22
28
277
383
165
389
93
28
97
5
104
20
16
26
266
148
7
145
139
254
322
133
271
51
17
33
334
146
188
32
13
122
78
58
82
217
138
94
301
100
54
345
156
31
225
8
341
152
25
8
44
132
7
100
35
126
75
127
38
110
284
197
46
63
160
110
83
31
354
297
22
0
74
38
153
48
293
219
14
124
10
75
339
64
5
57
0
31
64
202
217
143
152
88
0
18
135
219
177
391
3
254
27
356
141
275
255
139
275
16
43
333
51
0
30
76
16
24
207
30
51
294
109
165
7
298
6
27
15
2:7
28
17
38
43
17
21
23
54
5
14
130
3
1
118
28
26
19
9
12
62
59
64
35
30
41
71
127
118
176
27
243
1
78
95
120
225
134
26
35
86
10
123
2
108
30
68
206
10
33
6
116
104
42
138
54
121
62
79
85
101
41
0
259
146
5
97
147
38
410
31
271
5
23
15
33
66
87
86
53
131
309
114
44
236
50
41
717
301
71
22
83
93
191
50
6
66
45
23
1
42
171
131
8
67
50
47
168
110
330
77
66
163
19
29
229
33
29
1
146
50
86
101
27
19
107
7
155
40
2
115
166
96
14
1
333
113
162
83
20
82
100
2
452
61
114
191
8
11
0
32
2:43
139
138
22
29
38
100
54
44
3
0
61
6
89
2:52
36
153
59
5
20
3
59
45
94
119
19
13
54
29
23
194
61
58
40
155
38
60
2:91
31399
3
5
22
9
43
108
53
33
53
44
37
136
69
7
8
112
36
8
22
12
4
916
54
94
72
68
92
19
71
46
92
28
18
47
3310
2211
2
326
381
1158
14
2370
2767
3
2464
2792
4840
720
1500
1150
4766
4989
3
790
0
6140
433
1736
819
4449
2
4
10
8068
7
3:1
4
2821
1840
2453
13
985
4158
1
7
1
8
2
5
1
2
4985
119911
1
7741
30
2
41
4
9413
28772
2624
983
32
10
20
2
26
7
120
14
40
93
53
36
5
16
10999
43632
816
49
25
164
2
0
15
12
18
39
6
12
1
16
12
133
37
1
0
2:1
10
2:1
11
85
643
43
18
95
17
0
41
5
3451
12835
2357
566
1731
3093
5056
1
2717
2434
3251
4729
813
247
1183
827
189
46
665
436
366
166
2
14
11
9
22
53
5
28
10
44
14
26
3
34
3
1
11
32
51
5
1
40037
243
90
245
90
67
599
1
309
43
25
17
202
49
226
2
9
57
18
41
69
34
24
28
26
11
4
9
2
28
604
7
87
13
6
17
15
23
11
6
14928
82
1977
13
9722
2:1
162
1
115
28
62
2
11
62
65
22
99
2:11
-483331
19681
101068
335180
1422877800
599:0
1
3:0
59
-53
-1
-4
-1
6
30
-28
-7
12
26
-28
-2
-5
-2
2:0
2088
-2089
1
4
-5
0
13
-14
1
402
-401
228
-213
111
-127
0
2
-2
-1
14
-7
19
-18
1
10
-18
140
-106
-30
63
648
-443
-272
2
10
-13
4
-3
18
-16
0
-2
2
33
-31
2
-6
2
16
-19
54
-19
-30
-1
11
16
591
-599
-18
3
2
11
-11
-9
2:0
3
-4
20
-14
-2
7
-10
-1
1
5
222
-224
1
0
56
-40
-19
-2
2
38
-30
-8
43
-42
-3
1
137
170
-256
-52
4
-2
-1
29
-15
-14
2
5
-4
-1
-3
6
2:-1
15
-18
108
-107
2
-3
4
21
-15
42
9
17
-20
-41
-12
0
3:-2
314
-313
-1
2
28
-23
-6
0
8
1
-6
-3
0
5
12
211
-191
65
-103
89
-87
-1
2
-2
2
-3
75
-45
71
-87
-10
491
-493
41
-34
2
-8
285
-284
2
7
71
-80
-2
2
292
-289
29
-19
-2
-11
-3
7
149
-157
10
-8
215
-217
0
7
72398
-72405
19418
-19315
-93
-9
11
39
-42
-9
60
-56
-4
6
0
1
-2
-3
-2
3
16
-18
1
-2
0
88
-86
256
-256
11
-12
6
712
-716
-3
12
-8
9
-13
73
56
-128
56
-57
3
2031
-2032
3
-5
93
-91
2
1
-4
4193
-4191
3023
-3025
0
2
1
9
-13
2
3
-3
1
23
2:-12
4
-5
9
-3
-5
997
-998
529
-512
101949
-101964
10
-12
5
38
165
-201
-5
1
-4
1
4
0
-5
157
-118
-7
2
-27
895
-829
135
-200
-8
14
-11
29
-32
1
17
78
21511
-21607
2
1
1526
-1525
-4
43
-43
380
-364
0
1448
-1441
1143
-1163
-1
96
-98
1
-1
9
-9
19
-16
-3
2
317
-133
-186
0
573
-564
-8
2568
-1202
-1262
-12
-92
7
-3
5
-8
26
-27
96
-93
8
-10
83
665
-680
128
-198
1
29
-28
25
329
-349
-1
1
4
-11
0
26
-7
33
104
-128
-20
419
-425
-2
63
-63
63
189
-251
0
5
179
-183
1074
-1054
-21
-1
18
0
90
-107
0
160
-158
21
-24
2
8
-7
-2
-1
0
2:1
495
-481
-14
-2
13
11
-22
3
-3
40377
-40359
-13
-6
1
0
50
207
-258
2
20
-21
2776
-2776
-1
4
-3
99
-97
1399
-1401
2:-1
12
-4
-6
-2
529
638
-1156
-11
4
34
-37
15
-15
3
-1
1
10
-12
3
1786
-1787
-4
4819
-4816
39
-34
-3
4
-8
1
15
14
40
-25
-44
3
-2
-1
1
-2
0
1
16
-15
14
-2
-14
19
-13
34
-41
0
16
-12
31
-35
14
16
-29
1
11
55
-62
108
-94
-15
67
-23
-49
278
-277
25
17
-35
6226
-6233
18
-18
132
5687
-4472
-1347
7
2
-4
170
-176
2923
-2916
-6
1
22
15
125
-155
52
155
-189
-25
73
-74
45
399
-335
1444
-1541
-2
13
-24
4
-3
3
90
-86
-2
8
-11
-3
2
33
-16
-6
-13
143
-143
3
86
-89
0
13
-9
160
-143
287
-303
81
28
-101
118
-108
122
-119
-1
324
-348
78
-79
3:0
1
5:0
3
-2
-1
2
-2
3:0
1
-1
0
75
-75
0
1
-1
4:0
5
-4
5
-2
-1
-3
9
-7
-2
3:0
5
-5
3:0
1
-1
0
10
-10
26
-26
5:0
4
-4
3:0
6
-6
1
-1
0
3
-3
0
3
-3
3:0
16
-16
3:0
1
-1
1
-1
3:0
4
-4
6:0
1
-1
0
1
3
-4
3:0
4
2:-2
2
-2
3:0
15
-10
-5
2
-2
6:0
2
-2
0
1
0
-1
2:0
3
-3
3:0
1
-1
11
-8
-1
-2
1
-1
8:0
24
-22
-2
2:0
1
-1
2:0
2
-2
3
6
-2
-7
2
-1
1
-2
0
1
-1
10
1
-11
2:0
30
-29
0
2
-2
-1
12
-12
3
-2
3
-4
2:0
35
-34
3
-3
-1
1
-1
0
1
-1
2
-2
30
-30
0
2
1092
-1094
41
-28
-13
0
1
4
-3
-2
5:0
1
0
-1
2:0
5
-4
-1
2:0
9
-9
19
-18
3
-4
0
13
-13
3:0
3
-3
12
7
-19
8
-8
1
43
-42
2:-1
4
-4
1
-1
0
256
-256
88
-88
3:0
4
-4
0
1
-1
1
2
-1
-2
3:0
3
-3
38
-38
15
-7
290
-296
1
-3
1
-1
25
-24
-1
6:0
10
-1
-9
2
-2
56
-23
0
-32
-1
2:0
2
-2
1
-1
7
353
-360
1
0
52
-53
0
1
-1
11
-8
0
107
-108
184
-186
1
33
-34
4:0
1
-1
3:0
13
-13
0
50
-48
-2
3
52
-49
-2
-4
0
2
-1
0
8
-9
31
-31
6
-5
19
78
-95
5
-8
0
3
-3
1
2
-2
-1
2:2
-4
0
10
-9
-1
2
4
-6
12
-12
0
16
-16
0
13
-13
2:0
18
-18
25
-24
-1
0
1
0
1
-2
0
11
-8
6
-7
-2
2:1
-2
0
1
-1
2
0
-1
0
-1
0
1
-1
2:0
146
-145
0
-1
2:0
11
-11
2:0
2
-2
205
-205
3:0
7
-7
11
-11
2:0
1
-1
2:0
5
67
-70
-2
1
5
-6
6
-6
4
0
-4
0
1
2
5
-6
-2
472
-472
9
-8
2:0
-1
2
0
10
-6
-4
0
4
-6
5:0
1
0
2
-2
-1
2
2:-1
2:0
1
-1
1
-1
0
6
-6
2:1
11
-13
3
-2
-1
2
3
-3
2
-4
0
2
-2
133
-133
4
-3
19
153
31
-204
2
0
-2
31
-31
7
-6
-1
2:1
11
27
-38
6
-1
11
-17
-1
0
3
8
40
144
-195
0
6
-6
2:0
1
0
-1
0
4
-4
0
2
6
-7
4
-5
4
-4
0
4
-4
2:1
0
11
-9
4
-8
9
-7
-1
10
-10
10
-9
12
-1
-13
2
-2
3:0
end
