v1
1038
55
480
18
39
74
77
297
6
78
105
52
139
14
34
8
21
27
181
213
130
21
14
188
26
167
43
127
58
17
39
2:11
127
19
23
54
279
18
47
75
39
7
77
88
58
1
3
266
61
54
164
2:5
135
7
10
191
84
5
10
256
29
248
73
72
275
169
11
136
24
111
34
143
92
166
73
121
22
24
57
70
93
41
313
87
106
67
70
24
141
54
206
45
9
57
41
88
144
15
21
135
31
88
137
277
72
185
20
67
9
80
53
0
33
257
0
116
11
9
119
20
93
183
59
45
293
77
124
69
4
75
31
104
151
20
431
64
26
32
31
12
313
16
388
54
59
67
156
57
36
28
15
47
22
9
77
30
139
380
152
88
18
128
7
57
182
88
124
28
223
85
3
254
27
21
7
16
77
5
230
77
332
7
394
115
148
12
16
43
112
57
164
51
122
24
177
60
51
193
101
59
45
5
170
103
15
182
2
4
56
12
33
6
19
13
12
13
18
12
15
34
7
1
48
3
11
3
128
2
3
1
118
54
10
2:9
12
14
48
123
30
5
30
38
3
16
38
17
127
118
447
78
95
120
72
22
131
160
35
219
110
304
10
6
27
6
116
1
103
159
21
54
121
35
106
85
101
41
87
169
3
146
24
31
3
66
148
15
129
79
233
19
91
189
10
5
23
10
66
17
70
229
41
516
12
7
168
9
799
253
48
83
10
252
115
5
45
6
106
3
2
24
157
86
79
22
75
18
32
30
295
318
12
77
66
132
31
30
26
221
33
29
1
6
44
12
84
50
6
27
2:53
75
19
3
35
69
7
8
147
40
167
116
96
14
447
87
65
12
81
20
82
100
2
8
30
127
90
20
140
37
34
141
70
25
38
58
8
11
31
1
2:43
88
19
170
22
29
38
100
54
47
3
28
22
8
35
92
20
88
153
59
5
23
104
18
71
5
151
172
247
40
32
60
63
155
0
34
64
31429
5
10
12
9
43
161
33
53
7
37
85
6
82
76
120
36
8
22
932
54
57
7
102
0
68
111
71
46
62
58
18
47
9
272
3029
324
1887
328
1553
5136
1
2132
335
1442
3674
2516
720
410
1090
1150
4766
4992
792
828
5297
13
2988
1797
432
2220
2
4
8078
2835
882
958
19
1514
920
487
511
4159
6
2:1
8
2
5
1
2
1425
106829
13099
3543
1
1735
5982
24
26
47
9417
2665
26107
3649
22
26
10
56
71
4
77
36
20
53
36
2:5
11010
43632
731
50
35
74
59
98
7
2
27
18
2
37
6
12
1
16
33
3
106
3
27
10
3:1
8
2
2:1
11
2
1
82
643
29
14
27
19
130
4
16282
2356
1
2297
3093
5056
5152
7980
813
247
1183
873
189
665
436
366
166
2
3
5
1
5
1
10
28
3
44
5
9
28
31
3
20
9
31
9
28
3
1
43
27
20
4
5
1
40102
178
26
64
176
69
31
89
37
12
74
388
82
43
1
46
133
130
43
25
17
202
124
153
9
47
10
18
41
103
37
10
30
16
5
4
1
29
273
337
32
51
5
13
23
15
23
14945
15
67
1990
9722
2:1
162
1
72
43
18
10
7
23
32
2
11
62
65
8
14
45
4
12
36
2
2:11
-488712
167
325
111
247
75
100
33
72
190
12
32
26
78
87
133
44
48
54
42
218
173
113
105
20
16
60
364
445
119
64
260
248
220
23
368
153
45
119
42
330
10
207
298
161
149
79
28
25
43
245
99
303
217
62
168
53
146
69
16
137
16
313
109
188
827
268
144
142
39
135
122
78
61
183
105
19
8
66
5
63
105
380
128
19
170
135
67
144
0
124
500
208
261
1006
207
224
10
55
200
274
333
731
168
4
30
382
342
340
36
86
203
452
15
121
149
148
60
152
20
2
19
77
26
70
40
30
65
154
82
5
2:14
3
29
30
56
312
127
118
171
385
487
10
261
2
516
24
33
12
102
464
168
6
31
116
301
150
439
6
252
456
516
34
4
5
8
190
60
70
278
454
184
144
29
245
89
598
123
41
26
110
642
848
225
132
11
275
450
275
38
309
4
165
101
77
5
89
141
5
300
2
32
82
96
146
156
49
79
9
184
166
107
176
2
161
67
154
20
1
26
183
74
85
29
101
168
31399
93
249
2:92
13
9
35
46
1
119
70
1068
37
13
270
173
10
48
2971
4397
358
2048
703
6292
2353
2807
11373
11568
1741
3540
8046
0
18
11
0
3
4
2807
5303
5599
33
119907
11253
63
47
41781
11
39
46
0
12
9
165
123
42
38
55355
45
101
195
15
59
48
53
64
58
911
12863
5840
18846
5707
907
3089
118
39
6
7
84
31904
9405
6
228
201
96
107
141
104
153
19
73
203
11
219
391
56
31
63
53
14804
3
2199
9850
30
76
78
88
150
38
16
8
1422771000
699:0
1
337:0
8
-3
2
31
-31
5
2
-10
18
269
-248
-34
0
53
-49
9
-15
-3
-1
1
4
4291
-4266
-20
-6
3
6
615
-511
5277
-5259
-121
50
-35
2041
-2066
14
-7
-6
-3
-1
0
7
-6
1
3
30
-36
0
28
-19
84
-92
115
-111
-1
-4
8
-1
8
-12
184
-183
8
532
-532
13
-12
286
-274
140
-157
428
-356
31
-105
46
-9
201
-224
-20
6
74
-78
-1
0
164
-151
12
-26
0
12
-5
-6
12
-7
18
-22
8
-9
6
10
-12
44
-45
-3
217
-207
-1
0
-8
3
0
4
31
15
-50
11
-1
-14
8
-7
-2
19
-14
4
74
-74
1
13
-18
30
-33
1
372
-304
-69
0
2
29
-32
2
27
-29
165
-165
18
-18
121
-117
-2
1
17
-15
11
-15
-1
19
-1
5
-23
13
19
17
-47
9
4
19
-27
-5
2
24
-9
-12
-1
3371
8253
-11628
11
-1
-3
7
167
301
-478
-5
405
-385
-12
32
-25
-14
2:-1
284
-214
-47
-10
-12
184
-124
-62
15
-12
4
1
-5
697
-654
116
1399
-1556
26
-30
282
-280
14
-16
2:0
40
-32
-4
5
-8
1
2
13
18
-32
84
36
-123
2
5
575
-571
24
43
341
-380
-30
88
-90
6
12
-14
110
-114
340
-137
-208
-2
67
-58
-8
83
-83
33
-17
444
-444
70950
-70955
70
27899
-27794
-188
3
-3
13
97
-71
-36
9
-6
9
118
-96
-34
63
-52
-14
0
19
109
-123
43
28
-67
8
-16
23
85
-105
-3
10
829
-837
177
-166
38
44
-48
-46
-1
27
-23
66
-70
210
-210
30
-30
1964
-1963
-2
18
22
-32
80
-49
-6
-31
5
13374
-11940
-1433
453
-458
74
-58
-14
-2
1
15
1
40
-24
71
-47
-60
6
-5
18
3
-9
-11
2
-3
12
5
965
-975
7
-9
1712
-1669
54
92701
-92801
-2
47
-29
714
-732
65
-62
5
14
12
-31
-3
240
-239
16
-15
0
20
-19
267
-265
89
181
-269
-6
38
3598
-3396
-212
0
-24
6
233
2858
-3101
2
-1
82
506
18116
-18657
-49
10
-2
3518
-3475
-43
117
55
-171
-2
4073
-1081
-2987
-9
7
497
-497
37
-33
-13
4
72
182
-254
0
1629
-1629
2544
-872
-1674
191
-89
-36
-68
9
8
-14
184
-176
-8
254
-246
160
966
-1113
71
-81
-14
16
-12
46
-1
-35
26
-21
-17
-1
156
-97
-56
-5
1
175
-124
79
663
-730
-55
69
-77
4
-1
1
-4
725
-726
25
524
1814
-2361
0
27
83
299
-365
-43
-1
7
125
-133
47
-31
-1
385
-386
-10
5
-6
5
30
-38
15
-12
1
36943
-36917
-22
-5
2
64
-68
3
448
-448
35
375
-413
50
6583
-6626
-7
66
234
-297
2:-1
2
0
-1
0
10
2
5295
-3972
-1338
3
0
-3
0
39
-35
-3
61
-53
12
47
-59
-10
3
205
-182
-3
34729
-34747
32
-36
82
-11
-60
11
-19
179
-181
3
56
-15
2010
-2049
1
53
-59
5
-3
-4
5
13
-16
3
-4
4
-2
62
-61
11
9
-12
-1
52
-63
30
119
-34
21
-45
-77
-6
-5
3
52
-57
42
-17
2941
-2963
-2
130
-87
-43
-1
11999
-11982
63
-78
519
9415
-3145
-6791
2
43
-10
-13
1660
-1679
1977
-1906
79
-117
-35
135
-136
31
-12
-20
5
-4
271
570
-823
-14
51
285
-27
-273
-17
-24
388
875
-1262
769
609
-1305
-17
-52
-2
29
-31
3
38
-36
-4
62
-63
950
-945
5
351
-320
-34
106
744
-855
30
39
70
434
-481
2201
-2258
-34
135
-124
416
-430
10
74
-62
31
781
-819
-7
138
-146
0
26
-16
254
-261
156
-161
0
-1
2
-3
2
0
1
-2
1
-1
2:0
1
2:-1
2
-1
0
-1
2:0
2
-2
3
3:-1
3
0
-2
-1
1
2:0
2
-1
2:0
-2
0
2:1
-2
3
-2
2
0
-3
2
0
1
-2
-1
2:0
2
-1
0
2
0
2:-1
2
-3
1
-1
3
2:-1
2
0
-1
0
1
-1
0
-1
1
-1
1
0
-2
1
-1
2
-1
1
-2
2:0
3
-2
2
2:-1
0
2
-2
-1
3:1
3:-1
1
2:0
2:1
3:-1
1
-1
1
3:0
2
-1
0
-1
1
4:0
-1
2
0
2:-1
2:0
-1
2:1
-1
1
0
-1
1
-2
3
-2
1
0
-1
2:0
-1
1
0
2
-3
0
1
-1
2:1
-1
2:0
2:1
-2
0
-1
1
0
1
-2
2:0
2
-1
0
1
0
-1
0
1
0
-1
0
-1
1
-1
2
0
-1
2:0
-1
2
0
1
-3
2:1
0
-1
0
1
-2
1
-1
1
-1
2
0
1
0
-2
2
-3
3
-3
3
-3
2:1
-2
0
2
-2
1
-1
1
4:0
1
-1
0
-1
3
0
-2
1
3:0
-2
3
-2
2
-3
2:1
-1
0
1
0
1
-3
0
1
-1
1
2
-2
1
-1
0
2
-2
0
2
-2
5:0
2
-2
1
-2
3
-2
0
-1
2
0
-2
1
0
1
-2
0
2
0
1
-2
0
1
-1
2
-2
2:0
1
0
1
0
-2
3:0
-1
0
3
-1
1
-1
-2
0
2
0
-1
0
-1
1
-1
2:1
-2
3:1
-2
1
0
-2
3
-2
3:0
2
-2
0
3
6
-5
-1
-3
2
2:-1
3
-3
3:0
124
-122
2:-1
1
0
9
-6
15
-19
5
-4
1
-2
6:0
31
-30
0
-1
6:0
10
-9
3
-3
-1
2:0
1
-1
0
8
-8
2
69
-69
-2
3
-2
-1
7
-7
2
-2
8
-8
1
0
-1
1
-1
10
1
-11
2:0
11
-11
1
-1
0
2
2:-1
4:0
4
-4
0
3
0
3
-4
-2
10
-9
2:0
1
-2
0
1
3
1
-5
3
-1
-2
1
0
-1
2
1
-3
4
-4
1
-1
0
2
-2
0
18
-11
-7
2:0
5
-4
-1
7
-6
8
-9
2
-2
15
-15
0
2
2:-1
3:0
3
-2
2
-3
3
0
6
-9
2:0
1
-1
2:0
2
0
3
-5
1
3
-4
0
2
0
3
8
42
-54
0
13
-12
1
-3
0
1
-1
2:0
1
-1
2
-2
47
-45
-2
3:0
2
-2
0
8
5
-13
0
1
-1
55
-55
2
1
-1
-2
7
-3
-4
3
-1
-2
1
0
4
-4
7
27
-35
1
0
46
-47
0
9
37
-39
-7
8
-6
-1
1
2
10
-9
15
1
-20
0
4
-5
1
7
-7
2
0
66
-59
1858
-1868
4
71
-44
-31
2
-2
9
0
-3
-5
3:1
-3
2:0
15
-12
-4
3:0
2
8
-7
-1
3
-4
1
17
-18
2
-3
91
-91
1
10
-4
3
-7
2
-5
2
-1
10
-11
28
-27
6
-7
38
-36
0
2
-4
1
14
-12
1
-4
0
624
-552
-70
6
-8
2:1
0
-1
0
-1
5
-3
-2
10
2
-12
1
-1
4
-4
1
0
1
-2
3
1
50
-51
-3
0
33
-20
-7
245
-251
2:0
1
57
-58
2:0
2:2
3
-7
1
26
-27
2:0
1
-1
1
48
-49
12
3
-15
0
3
112
-37
-78
7
-6
1
-2
1
0
1
-1
3
29
551
-580
-4
0
1
173
-172
-2
10
4
-10
1
172
368
-541
-4
5
81
-84
-2
10
-9
0
4
38
-39
0
96
-100
2
110
-111
18
-9
-5
-2
-3
10
-10
27
-26
-1
53
-46
29
183
-210
10
-18
-1
2:0
5
0
-3
9
-6
-3
-2
54
-46
-5
-3
0
8
-8
28
9
-21
-15
-1
0
1
-1
1
-1
39
-39
1
52
-48
1
-6
3
-2
6
0
-6
-1
7
29
-35
0
2:2
4
-8
-1
1
-1
2
1
-1
3
-5
1
192
-191
1
-2
0
3
-2
-1
25
-24
-2
0
2
8
790
-800
1
2
9
-9
-3
4:0
1
0
3
2
72
-78
2
-1
0
2:3
-2
-4
11
-10
7
-8
10
-11
1
16
0
-15
1510
-1512
2:0
37
-33
0
2:-1
10
-12
2
19
-11
9
-16
-2
12
-6
-4
-3
1
-1
1
2:0
-1
0
2:3
-6
2:3
-4
1
10
-13
9
16
2:-8
2
-10
3
-4
1
0
-1
7
-4
17
-18
2:-1
2
-2
0
340
-338
7
-5
100
251
745
-1098
-1
2:2
1
292
-298
20
-13
4
2
-13
1
0
4
-5
0
2
-2
36
196
-227
-5
5
61
-58
22
-18
-12
2:20
-40
100
104
-200
19
-23
4
-4
2:0
4
-4
2:1
-2
0
2
7
10
-1
-18
16
-7
-9
2:4
-6
11
2
35
-47
-2
21
-21
-1
0
2
7
13
-8
26
-39
-1
76
-76
0
1
-1
25
-24
14
-15
2:0
1
-1
12:0
1
-1
31:0
1
-1
10:0
1
-1
0
1
-1
26:0
1
-1
4:0
1
-1
13:0
1
-1
0
1
-1
2:0
1
3
-4
0
1
-1
4:0
1
-1
3:0
1
-1
5:0
1
-1
1
-1
15:0
1
-1
8:0
1
-1
9:0
1
-1
0
2
-2
0
1
-1
0
1
-1
18:0
1
-1
2:0
1
-1
5:0
1
-1
10:0
2
-2
9:0
1
-1
0
1
-1
3:0
1
-1
1
-1
14:0
1
-1
4:0
1
-1
1
-1
4
-3
-1
7:0
1
-1
1
-1
4:0
2
-2
4:0
2
-2
8:0
1
-1
5:0
1
-1
9:0
1
-1
2:0
end
