v1
942
1124
105
205
34
598
17
14
510
85
56
22
28
533
904
424
308
156
237
827
334
216
285
27
546
70
269
156
811
534
87
89
343
127
483
211
44
160
303
275
431
153
341
324
64
54
339
126
915
135
221
136
64
369
254
55
93
651
300
94
275
16
93
64
416
288
294
612
29
83
43
12
0
26
96
133
1
118
73
9
74
59
64
65
38
74
127
118
192
255
170
3
120
225
524
314
33
6
116
338
121
141
85
101
41
198
61
433
410
17
313
48
66
17
70
229
41
516
237
758
301
460
167
24
344
75
50
325
330
77
506
33
29
411
126
7
8
147
323
110
896
452
175
191
8
11
32
101
451
54
47
61
49
186
115
97
5
20
3
198
642
60
63
189
123
31370
5
22
9
236
98
173
76
120
15
21
8
22
932
111
109
68
111
61
10
166
65
3310
2211
328
1553
3764
1376
9034
1782
2650
4766
6612
5310
2988
4449
2
11799
958
2453
13
5144
18
5
1428
119927
1
3544
7741
73
9417
32421
22
280
109
5
54647
816
74
157
36
57
6
29
145
27
24
1
11
2
755
7
16469
4654
21281
2243
1062
665
802
193
31
39
19
28
54
8
69
3
1
42
1
51
5
1
40084
196
26
64
276
126
12
587
1
352
25
17
202
277
9
57
18
41
103
56
57
292
375
50
13
6
55
57
14832
138
1990
9723
1
162
116
28
62
75
87
99
2:11
-488643
340
3
42
199
8
242
60
93
95
115
124
4
61
13
58
80
82
3
7
34
102
198
9
22
51
27
26
35
65
18
258
38
205
344
152
39
7
91
74
328
12
102
24
68
65
18
432
22
121
7
284
52
130
118
86
143
180
160
111
22
155
205
22
21
159
110
38
155
8
28
186
37
59
57
175
19
148
183
16
100
16
71
34
341
13
20
5
156
23
8
46
5
13
438
14
58
229
112
32
41
33
1
71
0
122
142
86
110
93
85
202
147
11
38
260
107
31
48
151
135
12
300
200
56
165
160
264
132
13
391
102
10
324
131
249
152
64
24
146
46
65
135
212
172
72
58
250
68
2
5
66
237
46
53
163
81
35
77
101
29
148
229
9
129
13
246
164
250
184
0
95
5
144
93
67
50
146
142
7
166
9
6
26
42
33
6
57
35
44
7
1
46
2
3
131
13
17
90
98
11
50
0
57
113
33
54
38
6
228
113
2
89
27
754
142
26
11
24
16
70
10
123
208
204
2
311
138
182
385
29
6
28
318
5
19
67
181
95
49
79
233
10
100
161
38
5
31
560
288
51
34
20
59
116
62
397
541
7
173
2
2:10
90
162
60
105
6
66
43
183
280
38
637
318
31
25
106
178
8
138
13
43
74
6
53
94
38
271
840
162
2
36
2
43
20
82
347
10
105
52
3
228
1
53
215
43
45
18
68
8
138
278
15
93
92
261
39
152
89
14
33
9
154
46
6
194
50
55
14
93
123
92
42
126
31480
116
45
33
53
14
31
256
1164
94
50
67
106
145
58
4
30
43
3
334
7437
2048
703
4531
5117
4735
10908
790
2041
3663
423
2182
1747
2136
1391
6
8079
2
5
16
2805
1825
34
2921
509
2
4158
7
2:1
2:8
1444
3506
119948
7717
38743
3151
39
51
7
134
19
21
93
53
46
83
55340
43
230
2
30
15
34
23
53
46
47
53
3:1
2:4
2
98
643
43
6
174
2
18640
5387
5057
5151
3251
5542
247
2056
88
45
10
1477
202
2
7
2
5
38
53
26
19
2
84
36
86
9
31825
8244
136
351
11
58
90
30
71
440
172
41
222
311
25
304
230
15
5
4
30
297
191
135
70
41
15
14828
83
57
45
41
0
1973
9735
165
135
38
34
11
7
60
6
10
44
8
81
-488216
196
5
401
246
39
351
100
616
229
4
233
111
844
186
1082
47
54
52
143
15
156
189
544
300
668
1040
1567
81
747
128
456
787
1140
1004
324
13
176
1426
215
523
477
35
91
37
753
293
95
27
96
2
668
112
726
79
1510
667
119
381
431
509
52
56
747
152
20
1045
1019
434
698
727
261
308
725
877
553
79
212
95
29
289
66
144
369
6
76
577
15
113
124
5
52
155
27
31400
97
30
395
97
130
1100
872
46328
872
2668
153094
38185
3792
32
219
36
2
55362
9
419
82
61
1
59
756
3663
15193
28525
26
66
76
12
120
37
42275
47
102
128
5
37
436
293
27220
51
27
55
176
1423507200
299:0
1
499:0
1
141:0
34
41
-42
58
44
9487
-9592
0
183
2293
-2459
186
-101
80
-189
102
-27
877
-953
32
131
-153
63
-13
80
-134
6
1548
-1433
-127
158
-146
2:-5
2
16
-18
7
1297
-693
-570
-26
6
52
361
379
-678
1012
-1127
95
17
-133
9
-10
63
-37
140
-162
856
-748
-32
9
535
-86
-534
193
-194
3
112
-111
19
0
-8
-15
39
38
-46
42
787
-810
27
25
895
-991
6
-12
109
-99
215
-223
201
15
-220
735
126687
-125555
5880
-7486
-241
-5
63
-62
255
-102
-147
0
-1
17
5
-15
528
-512
22
-20
25
1587
-1541
-95
69
113
2902
-2846
-172
21424
-12326
-9170
-4
33
-45
21
-15
128
1246
1517
-2887
15
37337
-37359
354
-43
-235
-51
-1
2417
-2266
-110
-42
474
38220
-38715
6436
-6435
53
1940
-1426
3615
-4063
2883
-2776
-224
0
156
1194
-1229
430
3830
-4048
-130
-156
169
-13
-135
2172
3269
-4945
-565
1174
-1179
1341
-1096
-238
1
7
27
276
-305
122
138
957
-255
-969
596
-596
578
2170
-2734
3133
8412
-11344
-174
3
-37
16
-18
1
18
38761
-38778
8
20
-23
207
150
-301
5919
-5996
454
-427
885
3023
-3907
-17
-8
59
77
-122
82
2502
-2549
-52
143
-123
739
-753
2:5
-14
23
8
117
-142
179
-173
95
959
1809
-2831
270
52170
-52447
168
16892
-13641
-3393
-60
5
25
980
-522
21623
-22115
40
-40
-1
5
279
205
-461
33
8
-69
205
1259
-1211
24032
-24268
16
-24
831
-825
-3
-10
39
9
468
-503
-3
21
53
591
-417
191
-131
-293
-2
162
-49
53
-187
382
-402
1
-4
19
-20
0
17
-17
7
-1
-4
1
4
-7
-1
2
-2
4
-4
5
-4
4
-3
-2
6
-2
7
-11
0
1
0
2
1
9
-11
-1
4
1
-4
16
-16
4
-6
16
-15
1
2
2:-1
12
-11
-2
3
4
-7
-1
0
12
-3
6
2:-7
-1
3
12
-14
-1
0
2
10
-8
11
-13
6
-6
7
-3
-5
2:0
2
-2
4
-5
5
-1
-3
-1
17
-9
5
-10
-3
0
2:1
4
10
-14
1
-3
13
2
-15
1
2
-2
0
7
10
-15
-2
-1
2
0
-1
8
-6
0
-3
3:2
-4
3
13
-14
2
3
-2
-4
14
-5
-11
2
5
-3
5
-1
-4
-1
-4
17
-17
8
-1
-3
-4
1
14
-12
-2
6
7
-10
2
-4
0
3
15
-13
-1
1
-5
-2
14
-8
2
-7
2:0
2
-1
1
-1
4
10
-16
5
11
-15
2
6
0
-3
3
-8
17
-17
2
-1
0
13
-7
-5
-2
18
-18
0
2
12
-14
0
14
-2
-9
-3
10
-7
2:-2
5
-2
4
0
-7
9
-9
11
-11
2
0
10
-4
-3
-4
14
0
-10
-5
2:0
8
6
-9
-5
3
7
-6
6
-7
3
1
-4
12
-1
3
-16
-1
2
1
-1
8
-10
5
0
-4
7
-5
-2
1
6
-1
-7
1
4
-4
19
-17
2
8
-11
-1
0
16
-10
-6
6
-5
1
7
-10
18
-18
20
-17
1
5
9
-16
-1
6
1
-8
4
13
-17
3
0
7
4
-10
-4
5
1
4
-3
2
-9
10
0
-7
-3
7
13
2:0
-19
9
-2
7
-15
0
3
13
-10
0
-3
1
-3
12
-11
-1
2:0
11
-10
1
-1
5
-1
2
-3
0
-4
2:0
2
-3
0
6
-5
4
5
-10
1
8
-9
1
3
-2
9
-11
0
5
-3
5
-7
3
0
1
-4
0
1
3
7
-4
-2
2
-4
-3
11
-2
-5
5
0
8
-13
14
-15
-1
-2
2
1
2
-1
2
-2
2
6
4
-15
1
2
5
0
-1
-8
4
-4
17
-13
-3
4
15
-17
4
-1
-2
1
14
-15
2
9
-15
1
-1
1
8
-3
2
-6
1
11
-10
3
-7
9
-7
15
-11
1
-3
3
-6
17
-17
1
10
4
-13
1
11
-10
1
-5
9
-5
12
-16
4
0
5
-2
-6
8
-7
-2
6
-5
-1
2
4
12
-16
2:0
-1
12
-2
-5
-1
12
-13
-4
0
-1
3
9
-11
11
7
0
-13
4
-6
1
0
-1
1
-6
2:0
1
-1
1
-1
2:0
1
0
-1
2:0
1
-1
0
1
0
-1
1
-1
5:0
1
-1
1
0
-1
1
-1
5:0
1
-1
6:0
1
2:0
-1
0
1
-1
1
-1
1
-1
6:0
1
0
-1
7:0
1
-1
0
1
-1
1
-1
1
-1
0
1
3:0
-1
0
1
-1
0
1
3:0
-1
2:0
1
0
-1
3:0
1
3:0
-1
1
-1
1
-1
0
1
-1
2:0
1
0
-1
0
1
-1
1
2:0
-1
1
0
-1
1
-1
6:0
1
1
4
-3
3
-4
127
-127
0
12
-2
4
-11
-2
26
-27
7
-7
43
-41
6
-8
7
-7
2
-2
0
2
28
-25
-4
-1
2:2
-3
3:0
6
8
-11
-3
4
-5
4
12
-2
-11
9
-10
2:-1
4
0
-4
2:0
4
-3
41
-33
-4
-3
1
-3
1
100
-100
5
25
-24
-5
0
7
-7
-1
17
7
-24
49
-39
-6
0
16
-19
5
-6
12
-13
35
-35
11
-2
-8
101
1840
-1939
98
-77
-21
0
5
-5
0
1
-2
12
-5
-3
-5
10
27
-36
2
16
-16
13
-15
0
17
4
18
-29
-9
823
-655
-167
-1
6
-6
1
-2
5
54
-28
-25
-6
547
-540
35
-21
4
-20
-5
159
-73
-82
-6
30
923
-951
136
-138
16
-15
24
196
-212
459
-408
-44
-10
12
67
-83
1
192
-177
2:-9
23
17
-28
40
-51
156
-149
21
-29
1
11
-11
5
-6
9
30
-36
6
15
9
29
-61
21
-22
48
16
-58
-2
83
-68
-13
16
-16
-6
0
11
-8
267
-270
3
25
-27
35
-36
6
420
-425
9
-9
2
148
-148
2
10
-7
-5
16
-10
520
-500
-26
16
-9
-4
-3
1
-4
5
-1
2
3
-3
17
-21
7
0
130
-139
4
223
-221
45
731
-114
-668
6
-4
0
158
-160
97
-92
7
-9
1
-1
33
91
-111
-12
32
-31
12
13
68
667
-759
13
-19
27
-21
-4
6
3
1
15
-27
0
1
-1
21
-1
3
14
-35
3
14
72
-69
-19
20
-23
13:0
1
2:0
1
-2
2:0
2
2:-1
7:0
1
-1
1
-1
0
1
36
-37
3
-3
4:0
1
-1
1
-1
1
-1
2:0
2
-2
2:0
3
-2
-1
1
-1
7:0
2
-2
4:0
1
-1
4:0
1
-1
5:0
1
-1
2
-2
9:0
4
-4
5:0
1
2
-2
-1
4:0
1
2:0
-1
9:0
1
-1
3
-3
4:0
2
-1
0
-1
3:0
2:1
-2
2:0
1
0
-1
0
1
0
-1
2:0
1
-1
6:0
3
0
-3
2:0
1
-1
3:0
3
-3
1
0
-1
0
3
-3
2
2:-1
3
-3
3:1
3
-4
-2
2:2
-4
2
-2
3:0
4
-2
2:-1
1
-1
4:0
1
-1
0
2
-1
2
-3
2:0
1
-1
0
1
0
2
-3
3:0
1
3
2:-2
0
2
-2
4
-4
2
-2
3:0
1
-1
0
2
-2
1
3
-4
0
2
-2
0
3
-2
-1
0
2
-2
0
1
-1
5
-5
1
-1
0
1
-1
4
-4
4:0
5
-5
1
-1
4
-3
2
-2
2:1
-2
-1
2:0
4
0
-3
1
-2
0
5
-4
-1
2:0
2
-2
1
-1
2
-2
1
-1
3:0
4
-3
4
-1
2:-2
3:0
2
2:0
-2
4
-2
-1
2:0
-1
2
-2
1
-1
5
-4
-1
1
-1
6:0
1
-1
1
0
-1
1
-1
0
1
-1
0
1
-1
3:0
3
-3
1
3
-4
2
-1
0
-1
4
-3
-1
0
1
-1
9
-7
2:-1
0
1
0
3
-1
-3
2:0
1
0
-1
3
-3
3
-1
1
-3
3:0
1
3
-4
6
-6
11
-11
0
1
7
-8
0
5
-5
0
1
3
5
-8
-1
3:0
1
-1
1
-1
4
-1
-2
0
-1
4
-4
3
-3
0
1
-1
4:0
1
6
-6
1
-1
0
-1
0
7
-6
1
-2
1
0
3
-1
-2
2
3:-1
1
-1
1
0
8
-9
1
-1
1
8
-8
0
3
0
-3
-1
0
1
0
-1
2:0
16
-13
-3
1
0
-1
7:0
1
-1
33:0
1
0
-1
9:0
1
-1
6:0
1
-1
18:0
2
-2
25:0
1
-1
0
1
-1
12:0
2
-2
7:0
1
-1
8:0
end
