v1
698
317
222
45
38
121
486
52
115
38
34
8
48
132
80
21
153
8
20
26
119
79
10
174
51
67
143
28
38
19
56
22
28
195
160
137
41
81
46
62
103
293
35
284
140
7
414
171
159
136
98
151
85
219
271
34
17
2
48
334
237
0
119
145
173
12
388
24
46
269
36
120
420
135
31
12
46
121
18
28
349
37
115
33
44
132
86
1
111
145
0
368
85
98
104
147
309
107
4
27
79
104
163
8
23
175
61
134
38
141
12
341
307
81
54
339
69
10
47
873
42
135
166
73
127
55
30
214
125
94
187
356
77
157
69
113
31
363
275
16
43
50
480
46
242
2
42
250
575
4
6
27
29
12
33
38
12
31
12
7
19
23
54
5
14
130
3
1
118
73
9
62
0
12
59
14
48
2
65
57
38
17
127
118
85
296
0
58
8
78
7
88
22
98
225
90
324
110
98
206
10
33
6
116
284
54
121
141
85
33
68
41
59
2
137
61
170
49
199
15
129
281
31
10
100
63
103
5
18
10
5
33
83
70
86
143
41
135
174
199
8
12
175
62
746
199
102
71
22
367
56
109
2
24
42
0
302
8
67
50
134
243
198
80
45
32
66
46
60
57
2:48
181
33
29
147
10
126
53
75
19
107
7
8
44
103
40
2
46
235
96
14
334
113
265
82
100
2
347
61
4
40
58
117
17
116
58
8
11
32
43
31
27
189
73
51
38
100
54
44
3
61
6
121
20
52
36
153
59
5
20
3
93
11
89
5
9
33
109
99
259
61
40
32
21
39
63
38
151
77
14
31402
5
22
0
9
43
12
83
66
130
85
9
79
76
30
90
36
8
22
932
54
166
68
92
19
71
46
59
61
18
47
9
3301
2211
328
1553
3764
1376
649
1815
5116
3236
1500
1150
2798
1968
4992
790
6140
2169
819
1797
2652
2
4
8
8020
59
2826
882
958
2453
13
474
509
4160
1
6
2:1
10
6
1448
119906
3544
1
7741
26
47
9417
28772
3607
32
30
2
33
59
29
147
12
20
89
5
54647
781
35
47
27
47
110
7
29
18
39
6
12
17
133
12
37
1
2
10
2:1
6
5
2
83
672
2:7
6
16
154
3451
12245
590
2356
1
2297
3093
1178
9030
3251
4643
86
813
247
1183
873
88
45
10
46
665
802
166
2
1
13
11
9
19
3
39
19
28
10
44
8
32
9
28
3
1
43
47
9
1
30302
9914
64
26
64
176
15
85
89
37
12
587
1
309
43
25
17
202
24
95
158
9
24
18
15
18
41
103
52
41
5
2:2
11
19
176
97
350
25
45
5
13
6
17
15
23
8
50
3
14827
57
15
30
37
1977
13
9723
1
162
1
53
48
14
28
26
36
2
34
39
11
54
22
62
37
4
7
11
26
-488046
233
75
290
885
450
679
1601
457
645
59
519
266
684
305
1748
1057
170
733
311
112
281
457
1532
191
98
1615
165
113
790
492
568
353
596
177
128
522
957
96
916
280
249
501
431
248
210
2492
397
145
1399
599
46
1036
1090
521
415
306
1026
142
53
366
157
31643
53
211
90
1245
63
407
3
7817
21083
29417
29200
157796
179
72
55400
206
45
98
267
21
37838
6361
3939
186
31991
8800
631
771
239
34
919
57
109
14807
11934
315
262
1423230600
597:0
1
99:0
11
-6
-1
-4
3
10
-13
78
-64
-4
114
-118
-1
-5
3:0
2
-2
5059
-5055
3951
-3952
19
-17
2
65
-70
2606
-745
-1839
97
-117
-4
0
5
15
-18
1
2
19
-22
124
-82
-41
5
159
-143
140
50
-214
0
8
2
-10
3:0
650
-646
0
-4
79
-79
21
2
-16
-6
23
-23
18
-11
-4
2:-2
7
-7
0
445
-441
-4
3
29
-22
-8
0
-2
8
1
0
20
-24
129
-132
-2
4
5
-7
2
620
-616
26
94
-128
0
3
-3
37
-37
8
6
-1
13
219
-162
-75
-5
34
-37
6
9
-14
12
30
-40
15
-4
97
-100
-7
-4
6
-3
5
8
-13
177
-143
-34
68
-68
377
-377
18
-21
3
75
-78
5
1
7
-7
2:0
20
-24
23
-10
3
24
-40
7
-9
10
50
-60
95
-66
-29
382
-378
0
84
-71
32
-49
38
380
-411
-2
6
-7
86
-88
2
0
9
303
-313
-1
47
-33
2
-13
-5
3
450
-445
-6
81970
-81964
5924
-5819
-103
-4
3
17
-21
-5
0
95
-91
-2
220
-219
-1
-2
2
13
-12
5
-3
1
8
-14
2:0
108
-106
-2
248
149
-384
-12
30
1052
-1080
7
-10
3
8
5
-16
125
-121
73
-69
29
2399
-2412
-24
131
-128
-3
3
12010
-12010
4819
-4809
-13
0
4
7
13
-18
-6
0
1
6
-3
-4
44
-32
11
-6
-17
19
-16
787
-787
220
-215
-3
-2
87686
-87687
0
7
-1
-8
203
-198
8
15
-23
-2
394
-396
2:3
48
-55
15
0
-3
-4
802
-653
-117
-35
1
-4
1
16
-18
19
119
33877
-34016
5
2333
-2338
2
68
-70
76
-57
-2
2974
-2944
1235
-1282
5
-1
422
-421
-3
-2
6
-6
3
1
29
-26
6
534
-545
787
-789
8
196
2351
-2355
-89
-11
-98
-2
3
0
102
195
-300
187
-180
-1
192
143
-195
5
-123
-25
45
-31
-2
-9
22
-26
23
66
-56
-33
0
286
-261
426
-279
-155
299
-316
0
-2
2312
-2308
338
-339
6
-5
16
87
-101
158
-63
-93
55
-53
-2
-8
2
-2
13
222
-229
27
-14
-15
2
-3
2:0
5
29984
-29989
-3
34
-24
88
158
-256
13
4550
-4559
1
-5
5
295
-289
-11
2:0
9
-7
143
15127
-15270
7
39
17
-52
-13
24
-21
28
-29
19
66
-64
3702
-3725
20
3443
-3458
1
2:6
61
-75
53
-51
13
-9
-3
-5
7
-3
227
-233
10
2
-9
8
-7
29
-31
11
-13
3
25
-17
-6
80
-85
3
1
-1
8
62
-38
-31
21
-8
1
891
-909
76
41
1627
-1717
1447
-1468
4476
-4355
-98
-29
110
8101
-6844
-1367
4
8
348
-352
-6
7882
-7865
162
-156
-17
-3
-2
261
-262
263
-50
-204
28
283
-285
-29
-5
-3
60
625
-669
-7
172
3559
-3709
-4
-27
0
3
-2
5
1328
-1318
-13
20
-23
3
1
6
33
29
-57
-11
63
-62
3
10819
-10811
-6
3
-13
2:0
22
655
-591
44
-117
-13
7
153
-10
656
-788
-5
-10
150
-108
-11
-10
-24
235
-232
29
-6
2
-27
20:0
1
-1
3:0
1
0
-1
1
2:0
-1
4:0
1
-1
5:0
1
-1
0
1
-1
5:0
1
-1
3:0
1
-1
6:0
1
-1
2:0
1
-1
3:0
1
-1
9:0
1
-1
4:0
1
-1
0
1
-1
2:0
1
8:0
1
-1
0
1
-1
4:0
1
85
-84
-2
2:0
1
-1
1
-1
5
3
-2
-5
-1
3:0
1
16
-17
2
-2
0
16
-15
-1
0
12
-11
0
22
-23
0
3
-3
4:0
7
-7
2:0
6
-6
0
3
-3
0
1
-1
2
2:-1
5:0
25
-25
2:0
5
-5
1
-1
4:0
2:1
-2
3:0
1
-1
1
2
-3
0
5
-5
2:0
2:1
-2
2:1
-2
0
13
-1
-9
-3
1
-1
2:1
-2
0
1
0
-1
0
5
-4
2
-3
1
-1
0
4
-4
19
-15
-3
0
-1
2:0
1
-1
0
46
-46
0
1
2
-2
-1
1
13
-14
8
-8
0
6
-5
8
-9
2
2:-1
14
-6
-8
35
-35
0
9
-7
-2
0
2
11
-10
-3
2
-2
7
-7
1
2:0
43
-44
0
6
-6
1
0
-1
1
63
-64
0
1441
-1441
73
-62
-11
2:2
-3
1
-2
1
0
1
-2
0
2
-2
2:0
3
-3
3
0
3:-1
2:0
11
-11
0
38
-38
5
-5
1
13
-14
1
-1
0
5
-4
-1
9
-9
15
-14
4
24
-26
-3
3
-3
2:0
410
-410
116
-113
-3
2:0
1
-1
4:0
1
0
-1
2
2:3
2:-4
4
-4
57
-57
19
-18
0
-1
362
-362
2:0
3
-3
26
-26
1
2
-3
0
10
-10
2:0
15
-15
2
-1
1
-1
66
-31
-36
1
-1
0
1
-1
0
2
8
524
-534
1
66
-67
0
2
-2
6
-2
0
159
-155
245
-253
2
-2
39
-39
5:0
1
9
-10
3
8
-11
47
-47
2
-1
83
-75
-1
8
-16
2:0
1
9
-9
-1
35
-31
-4
30
65
-91
10
-11
-2
5
-3
-2
1
6
-8
0
25
-18
-7
0
3
2:7
3
-19
18
-18
0
-1
28
-28
39
-39
1
-1
1
2
-2
11
-11
2:7
-14
-1
3:0
3
1
-4
7
-7
0
12
-12
0
1
-1
170
-168
-2
29
-28
12
-13
2:0
244
-242
-2
0
1
5
-4
-2
2:0
1
-1
7
97
-104
4
6
-9
9
-10
4
-4
0
2
5
3
-4
315
-321
12
-9
-2
3
-3
6
5
-12
3
-1
2
-1
-3
0
3
-3
0
1
-1
3
-3
1
2:0
-1
3:0
2
0
-1
11
-11
-1
2:0
3
6
-8
-1
2:0
2
49
-49
-2
5
144
-149
5
-5
136
-135
4
-5
24
286
-76
-234
0
2
39
-41
0
58
-56
0
2
-3
-1
1
2
-2
22
19
-39
12
-14
23
-23
-1
0
4
9
-13
0
74
281
-352
17
-20
4:0
37
-31
-6
2:0
2
-1
4
2:1
-4
-3
10
-10
2:0
2
1
-3
4:0
13
1
2:-6
-2
1
16
-17
0
1
3
-4
12
-9
-1
19
-21
13
-13
1
7
-8
16:0
1
-1
8:0
1
-1
4:0
1
-1
3:0
1
0
-1
20:0
1
-1
14:0
1
-1
15:0
1
-1
2:0
2
-2
0
end
