v1
626
207
232
304
486
167
63
17
48
212
21
147
6
54
119
214
167
209
19
56
50
825
21
489
29
73
147
585
159
136
98
322
122
11
271
34
67
334
73
121
216
56
35
160
413
495
399
171
16
200
25
24
597
175
257
104
745
176
390
134
54
431
16
478
149
208
85
99
240
69
57
657
258
301
73
551
217
72
764
37
357
275
16
43
50
118
11
154
197
502
80
585
27
29
28
17
6
32
43
19
49
1
46
19
49
81
4
118
64
2:9
74
121
2
30
35
57
55
73
172
203
236
8
173
22
98
225
195
219
110
314
34
5
116
284
54
121
141
227
87
323
282
551
189
48
66
17
70
229
41
309
114
280
808
301
71
22
176
191
56
111
368
75
50
47
13
595
262
44
277
33
29
203
80
128
126
7
8
147
40
244
135
14
712
82
102
452
308
66
11
32
43
320
89
41
59
54
35
12
61
6
121
20
88
212
5
20
3
104
89
5
205
349
2
85
1
13
110
189
91
42
0
31365
22
9
195
9
88
16
26
173
76
120
36
8
22
0
932
148
72
160
19
71
166
18
43
4
3310
324
1887
328
1553
5140
10816
1500
1150
4766
4989
6933
2988
4449
2
4
10913
882
958
2453
487
4669
8
11
1439
15
106808
13098
3544
1
7708
33
32
41
9417
32379
32
10
18
4
167
113
20
53
36
5
54647
816
47
27
157
7
29
57
6
12
17
145
37
1
12
2
11
85
643
29
3641
12835
0
4654
3093
1178
3878
5152
7980
1060
1183
873
88
101
665
436
534
3
22
31
39
10
9
28
10
39
5
8
32
37
3
1
43
47
9
1
40280
90
9
167
15
211
12
587
1
46
41
2:111
43
25
17
92
110
119
158
9
57
18
41
103
52
26
35
19
186
299
226
6
55
14889
2128
9722
2:1
162
116
28
62
2
73
11
54
22
5
94
2:11
-488763
218
233
229
661
30
206
282
167
362
303
688
881
1127
45
440
312
248
245
444
7
33
425
24
245
760
33
37
91
323
72
283
78
12
74
21
401
288
202
99
48
62
204
260
169
304
195
191
2121
109
68
39
84
243
1061
409
278
626
215
106
377
147
502
175
6
49
138
33
79
3
21
110
350
224
70
74
205
484
385
837
269
782
200
146
102
170
37
388
31
10
266
1002
257
650
113
182
185
542
26
42
253
57
85
1155
324
283
168
418
6
96
623
38
183
481
227
176
119
332
36
297
180
189
262
56
118
300
50
55
107
39
329
14
31402
244
29
121
6
55
82
40
35
8
7
1163
463
62
30
107
7374
2384
11460
14534
11715
1274
9469
2
1
8116
4159
8
1443
106601
13327
49547
3669
35
59
7557
28796
19652
45
10
48
82
61
57
3
6
786
6
161
4
11
18637
18849
4643
899
247
1721
478
1695
20
75
68
33
35
43
57
17
0
9
40312
309
41
79
511
690
339
21
270
289
398
45
5
36
46
14880
57
45
37
11877
150
48
119
118
49
1423141200
399:0
1
225:0
2
1
12
188
-128
-73
165
-166
2:0
203
-203
1
4280
-4271
42
-52
749
-515
-174
-19
53
-71
-15
60
-57
80
-74
121
57
-193
67
-61
7
-15
0
302
-282
14
-25
-9
28
186
-191
53
-61
-5
25
-34
311
-311
17
-17
12
-13
1
8
-9
1
493
-477
3
-4
-1
-3
172
-184
231
-193
0
-27
79
-83
9
56
-71
0
7
-7
158
-148
19
20
-48
20
-13
3
327
-317
41
-61
7
3
-5
4
-11
79
-54
-13
-11
1
6
-1
-5
58
39
-79
0
-18
434
-345
-91
12
60
163
-234
6
3
61
-64
5
198
-136
-57
-10
2
6
-14
193
83384
-83578
11406
-11317
-68
-14
5
23
96
623
-753
15
-7
101
50
-150
230
-228
47
790
-847
44
-45
38
118
-155
47
-48
2569
-2547
82
4042
-647
-3487
-13
1
45
-45
0
32
-22
-2
-7
16
686
-365
-329
70
99029
-98911
-198
2
331
-331
-1
584
-539
-34
911
-874
-11
97
-94
-31
-9
84
19335
-19419
1
1668
-1395
-274
45
311
-343
2113
-2111
4065
-4055
-18
145
-152
-1
2
2:15
-32
29
495
-523
16
3
3364
-3265
14
-132
3:0
85
8
-78
76
65
30
-141
217
-241
-7
2
-16
7
28
-16
-3
11
-27
35
-35
45
279
-232
355
118
-548
537
2433
-2986
75
193
-260
32
-41
118
-85
154
-174
9836
-9831
-18
45251
-45147
-104
71
-52
-19
80
-80
272
-79
-179
3002
-3017
7
65
-71
170
-169
-1
2:0
17
1674
-1691
39
-31
4
-11
18
223
-229
130
-132
7629
-7627
-1
-13
2
41
-23
-11
2:2
-11
17
-1
-17
15
-14
7
39
-8
-38
25
-3
-14
2
94
-92
5
-7
261
-130
3147
-3260
4
-3
6
-36
3499
-3500
11
221
7705
-6038
-1897
-1
11
193
4601
-4792
-13
22
-10
235
-246
211
-37
-175
6
-5
9
37
182
-155
-74
7
389
-370
405
-343
2106
-2178
20
37
-72
1498
-1481
-18
9
5
1
37
-35
5
-21
617
-198
-75
-206
-18
-88
-16
127
-144
19
-5
-13
210
-211
177
-175
-3
0
4
-5
0
1
0
-1
0
8
-4
1
-5
0
1
-1
0
8
-8
4
0
3
-6
3
-4
0
1
2:0
5
1
-7
1
3
-3
7
-2
-5
6
-6
-1
6
-6
6
-6
7
-2
-5
1
4
-4
2
4
-7
0
1
5
-2
-3
-1
2:0
5
0
-4
0
5
-6
0
1
4
0
2
-6
3
-3
0
-1
7
0
-3
0
-3
2:0
-1
0
1
3
-4
7
-2
-5
5
-4
4
0
-1
1
-5
5
-1
-3
6
-6
-1
5
-4
3
0
1
-4
3
2
-6
2:0
5
-5
0
7
-6
3
-4
2:0
3
2:1
-5
0
4
-4
5
-5
0
6
-6
2:0
5
-5
1
2:0
2
-3
2:0
4
-3
5
-1
-5
2:4
-7
0
5
-6
1
-1
1
2
3
-5
4
-5
6
-5
4
-4
-1
8
-3
-5
1
0
4
-4
0
-1
4
-4
7
-2
-1
-4
5
1
-6
3:0
4
-3
5
-5
-1
4
-4
4
-4
0
1
2
-2
-1
4
-4
5
3
2:-1
2
-3
2
-6
2:0
7
-7
5
-2
-3
1
0
2
-1
0
-1
6:0
1
68
-66
0
-3
7
-2
-4
7
-8
2:0
10
-9
10
-11
0
20
-20
0
2
-2
2:0
3
-3
3:0
6
-6
3
-1
0
-2
2:0
17
-17
0
2
2:-1
4:0
6
-4
-2
1
-1
1
11
-12
10
-7
-2
-1
5
-5
0
6
-6
3:0
12
-8
-4
4:0
1
-1
0
43
-43
2
-1
0
1
-2
9
-5
-4
2:0
6
-6
0
3
10
-5
-8
1
21
-14
-8
2:0
18
-18
3
-3
7
-6
1
30
-22
-10
0
1
3
-3
48
1240
-1289
62
-49
-11
1
2:-1
0
-1
2
3
-5
9
23
-32
0
7
-3
13
-16
2
-3
8
6
-13
10
-11
35
-31
2
281
-183
-104
2:0
3
-3
2:0
4
0
-4
3
34
-28
-5
-2
342
-343
-1
1
28
-29
1
8
0
-7
63
2:-31
3:-1
0
5
396
-401
1
59
-60
1
0
6
-2
134
-133
188
-192
-2
27
-27
3:0
17
-17
6
28
-34
2:0
71
-62
7
-16
3:0
12
11
-17
17
34
-52
3
0
-6
-1
2
-3
2
3
6
-5
-6
0
3
-3
8
6
10
-4
8
-28
25
-23
-2
1
5
-1
7
-12
2:0
7
-7
3
8
-11
168
-168
0
1
18
-19
10
-10
2:0
2
187
-189
0
3
-2
5
-6
1
-1
1
2
86
-89
6
-3
2
-5
2
-2
6
2:-1
283
-274
-11
-2
1
3
-2
6
0
-6
-2
4
0
-4
3
-3
0
2
1
-3
4
-3
0
2
15
-18
0
2
7
-2
138
-144
-1
2
2:-1
125
-125
2
16
283
-98
-203
0
1
23
42
-62
-4
0
2
4
-6
16
22
-37
-1
0
2
11
-9
13
-17
2
-2
2
10
43
199
-253
11
-12
0
45
-33
-12
0
7
-5
7
-9
1
0
18
-8
-5
8
-14
1
4
7
-12
2
13
-15
12
-12
6
-6
9:0
2:4
-8
9:0
2
-2
6:0
1
-1
2:0
2
-2
0
1
-1
7:0
1
0
-1
8:0
1
-1
8:0
3
-3
2:0
1
-1
1
-1
2
-2
2:0
5
-5
2
3
-5
5:0
1
-1
5:0
1
-1
6:0
4
-4
2:0
1
0
-1
1
-1
2
-2
6:0
3
-3
14:0
1
-1
7:0
1
-1
4:0
2
-2
2:1
-2
8:0
2
-1
1
-2
1
-1
8:0
2
-2
3:0
1
-1
1
-1
2:0
2:1
-2
2:0
1
-1
3:0
1
-1
3:0
1
-1
4:0
1
-1
2
1
-3
0
2
-2
2:0
1
-1
3:0
end
