v1
1103
187
388
168
119
262
105
31
21
89
64
34
8
98
24
171
195
84
35
62
26
0
53
47
26
100
295
56
7
15
28
118
344
12
179
36
136
296
214
102
58
1
81
17
275
27
273
138
21
162
72
46
86
323
72
88
111
101
76
258
216
24
113
33
115
160
275
71
67
94
184
61
206
370
33
133
88
42
67
28
386
115
33
20
76
166
0
257
79
57
139
93
242
45
0
166
342
8
47
110
104
171
292
139
1
152
129
212
388
54
126
0
21
192
69
57
404
151
137
181
42
29
99
7
47
0
57
117
145
210
177
37
94
119
41
27
2
2:21
64
39
50
159
55
361
243
151
275
16
157
54
1
285
0
78
62
178
46
286
0
8
109
165
5
125
171
10
27
29
83
43
19
25
17
8
46
2
3
14
7
121
6
101
7
10
73
9
74
45
78
30
5
2:15
3
35
65
9
127
79
9
1
29
85
361
1
78
95
120
225
160
254
110
137
167
10
33
6
116
104
42
138
54
121
141
85
74
27
41
256
3
151
17
102
163
129
0
275
23
14
110
189
10
38
153
213
16
41
423
93
12
175
9
211
330
162
96
301
42
29
22
367
20
0
30
6
109
2
23
1
255
89
75
50
325
186
287
176
18
67
179
4
0
2:29
1
146
10
40
6
44
36
15
113
19
107
7
8
106
41
306
17
18
78
0
14
1
333
176
101
36
45
20
184
314
101
37
175
70
121
8
11
32
74
6
29
108
160
8
29
38
100
40
14
47
61
6
29
5
87
108
112
41
59
5
20
3
10
94
89
0
3
2
9
24
0
118
106
86
227
40
32
21
39
26
19
18
21
1
50
83
34
31493
5
22
9
43
152
9
33
22
75
85
69
19
76
8
112
36
8
1102
72
68
182
43
123
15
3
47
281
3029
2211
328
1553
5137
3
5256
1002
0
1322
3236
2650
4766
2526
2463
793
6127
13
2988
1797
1267
1385
2
4
8078
7
23
2791
14
1840
2466
0
983
4160
1
7
9
2
1433
4053
115874
3544
1
7717
24
26
47
9417
18301
14110
10
18
4
26
66
75
113
20
89
2:5
7250
47392
731
50
35
133
98
7
29
18
2
40
3
12
17
38
107
27
11
4
6
2
0
2:1
11
2
755
185
15701
590
1172
3482
3093
5056
5152
7980
1060
1183
961
55
711
436
366
166
2
1
2
4
2:1
5
1
10
28
3
44
5
37
8
46
8
1
31
37
3
1
43
27
20
9
1
30302
9786
192
26
64
16
260
126
12
587
1
2
350
25
2
15
251
2
24
200
2
9
21
3
23
10
2:9
41
103
111
2
19
173
520
17
1
10
0
13
38
14945
54
28
1990
9723
1
162
1
115
18
10
36
26
2
11
62
5
0
60
22
5
56
38
22
1
47
28
-488857
112
79
45
20
122
66
48
238
189
140
68
208
0
189
13
144
126
42
90
125
9
28
31
164
107
3
40
109
93
2
137
159
249
34
69
0
53
46
77
6
399
0
222
165
36
452
62
109
0
70
67
58
51
234
73
96
55
38
342
38
47
178
135
22
0
180
45
85
55
22
104
214
96
91
28
294
126
0
82
114
31
11
22
399
264
86
203
136
72
229
183
147
82
190
14
31
0
108
150
5
151
24
161
31
63
160
13
184
47
26
96
24
63
46
59
12
95
362
72
23
88
171
271
63
132
157
359
219
45
36
113
305
0
138
397
0
265
30
172
72
0
92
148
257
312
170
162
125
80
45
12
16
457
35
0
144
154
173
24
75
90
72
388
3
13
222
101
191
6
32
42
33
6
44
26
2
15
5
21
25
77
111
13
3
14
107
33
29
30
50
71
14
3
29
49
4
17
54
16
11
0
27
90
12
0
42
109
114
334
0
10
385
265
20
0
41
31
55
10
100
35
126
109
116
145
565
224
113
0
55
139
207
102
170
425
41
75
78
113
38
23
76
210
140
468
47
13
194
38
0
41
368
81
351
116
10
145
23
212
352
91
133
37
72
21
9
123
30
11
118
18
138
7
327
170
71
56
9
19
389
134
27
11
0
227
273
46
69
41
0
20
137
412
113
162
79
101
5
100
0
132
4
95
199
73
143
268
35
8
24
28
225
39
44
238
22
2
61
34
38
20
16
36
228
34
112
114
191
42
129
3
83
92
128
2
194
113
27
28
31399
8
2
110
126
82
11
3
92
105
10
62
11
40
0
1077
54
64
107
40
205
240
2960
2554
1865
336
2065
686
2063
7929
765
6328
8206
1620
1211
463
3200
2605
3
5281
8064
13
48
4603
2468
487
4693
1
1448
3502
0
37
11911
91135
0
16396
3188
4998
32759
5528
3646
23
74
91
44
10
35
16
11
14
79
33
70
6601
4333
44372
32
91
27
166
47
8
67
5
4
0
70
47
4
49
0
2
1
0
108
643
27
16
6
36
5
15
51
63
4
2
18641
6564
20125
1621
206
1
31
61
19
62
1
68
29
14
22
35
31847
8701
30
111
48
541
172
240
310
24
351
88
89
5
26
5
10
5
568
215
14814
14
11934
111
107
48
37
12
19
1
145
11
0
26
60
23
42
14
48
23
14
1423972200
599:0
1
502:0
4
6
20
-2
41
157
-217
39
-43
104
-7
-97
4
7
-11
1
53
7240
-7265
-27
-1
17
2
29
-22
75
4560
-4658
30
-17
-14
-3
16
-4
-9
4689
-4689
133
195
-331
12
546
-543
-16
1
134
-135
22
-18
3240
-3242
18
1
-20
3
520
-472
-34
41
-33
-20
-4
-2
33
8
-26
93
-27
-54
-3
-22
15
239
-255
189
-188
0
1
179
-176
-3
240
-134
-81
-6
4
30
-2
-53
19
61
-76
-1
-2
-1
2
13
12
211
-213
457
38
-75
-431
20
-33
498
-497
103
-104
-1
1
224
-205
107
-124
1
0
13
27
-43
-2
60
-58
1
-3
385
-231
-150
0
11
-12
1
18
-5
21
-7
-28
72
-42
166
-93
-105
723
-711
540
-292
-257
-3
351
-318
40
7
-75
-2
-4
84
-60
0
55
2:-39
14
64
-78
190
-177
63
436
-490
-5
81
-78
2
-6
-12
-4
39
-40
4
62
-65
14
92
-80
668
-569
-123
79
-12
-57
154
83
-227
-8
-14
5431
-5418
5
-18
62
113
-154
-6
196
-196
51
2:14
-92
426
115
-539
278
87075
-86846
1939
-2254
-191
-2
36
3
-3
128
-166
2
13
28
-43
221
-69
235
-327
122
-180
-2
17
-14
37
-39
316
-314
463
-449
-19
66
270
-163
-158
1
19
-6
-26
1
-4
78
130
-203
-3
24
2650
-2653
1
-24
34
-9
654
-673
322
-326
27907
-25811
-2015
-83
5
15
-18
-1
0
99
-97
-1
17
14
0
-33
1
4
7
269
-234
-44
820
-803
852
-846
102
-127
24964
-24962
14
-17
24
0
444
-468
1
24
38
-48
9
-6
194
-210
16
300
-250
150
-192
2764
-2410
-343
-35
2
47
91
437
-577
3
252
2995
-3249
23215
-23085
3561
-3677
-2
8
-10
597
-606
21
-20
1841
-1766
6722
-6799
12
15
-7
624
-202
-430
-11
-2
-1
74
-74
14
9
2
-8
2134
-2148
8
184
-194
-2
2
4
2105
-2010
6430
-6374
-19
-38
-96
49
-36
-16
1252
-1236
-14
371
-180
-192
316
1086
-1400
13
35
-13
-20
-17
115
-114
150
-34
-116
260
30
1203
-1353
-130
213
-225
2:1
0
1047
601
-1621
-26
19
-20
-1
8447
-8410
82
-21
-79
184
-203
14
-10
-4
0
33
79
-91
4
-25
14
851
-822
278
27428
-27737
155
23
-187
201
-177
470
-484
62
7862
-7922
-15
68
-52
761
-775
-3
0
1
3
46
12686
-12735
-2
223
-218
23
-27
4
132
-114
58
-77
9
-9
1130
-1101
4639
-4666
123
-58
-70
4
-3
1
-2
40
87
56
-181
753
-753
-1
24
70
-38
-55
-1
19
42
-57
41
-43
-3
80
22
-87
81
-73
0
-23
2
37
-7
-33
4
130
-132
2743
-2741
-3
1213
-1197
19524
-19528
1
29
879
12038
-7801
-5154
-4
82
319
3270
-3354
-314
1985
-1793
-41
-152
19
-17
-1
368
350
-718
58
-39
7
21
-50
199
-197
1135
-782
3830
-4173
-9
15
668
-661
2732
-2648
-37
1368
410
-1795
-55
0
18
0
-16
-1
753
-482
-260
143
-136
51
1055
-751
2073
-2378
310
-213
-131
570
-399
-190
211
59
-283
-2
17
298
-315
677
-416
-221
103
624
1182
-1955
2
-2
16
-5
-11
0
2
1
-3
12
-10
0
2
-3
15
-14
13
-15
15
-11
-2
-1
1
-2
3
-2
1
-1
1
2:-1
2
-1
12
-11
-1
3
0
-3
-1
2:1
0
8
-8
1
-2
2
-1
9
-8
8
-9
-2
3:1
-2
11
-11
0
13
-14
2
1
10
1
-14
13
-11
2
-3
-1
3
-2
-1
2
-1
1
-1
0
2
11
2
-12
0
-3
9
-7
8
-9
-1
10
-10
-1
2
-2
1
3
-1
0
7
-9
1
8
-9
1
-2
3
-1
0
-2
11
-10
3:1
2:0
-3
3:0
1
0
2
-2
9
-11
2
-2
2
1
10
-11
-2
11
-7
0
-3
0
10
-11
3
-2
-1
1
-1
0
16
-16
3
-1
0
2:1
-3
10
-8
-2
-1
4
-1
2:0
-3
3
0
-3
2:1
-1
14
-14
1
-2
2
10
-9
-2
0
10
0
-8
-3
1
2
8
0
-9
1
-1
0
2
-4
14
-12
9
1
-9
-1
12
-11
-1
1
13
-16
3
0
2:-1
0
-1
1
-1
12
-10
1
-3
3
-3
1
9
-9
0
2
0
2:-1
2:1
9
-10
1
-1
0
-2
0
1
15
-13
0
-2
0
3
-3
-1
2:1
-1
2:0
-1
11
2
-12
-1
1
3:0
1
2
8
-11
11
-12
3
-2
10
-11
13
-11
11
-12
2:0
10
4
-14
15
-15
0
-1
4
-3
2
-3
1
0
3
-4
2:2
-1
1
7
0
-10
1
9
-10
1
0
-2
15
-14
-1
13
-12
0
9
-9
1
0
1
-3
15
-13
13
-12
10
-13
3
-3
0
1
-1
1
-1
2
0
1
-2
0
2
-3
15
2:-1
-10
10
-9
-2
9
-10
2
-3
0
1
-1
1
3:0
2:1
-1
1
12
-15
2
2:-1
0
13
1
-12
-2
11
-11
13
-13
3
-1
-2
3
2:0
-1
1
-2
2
-2
14
1
-16
0
2
1
-3
10
-7
-1
1
-2
0
1
-1
0
-1
2:0
2
2:0
-2
3
-1
1
-2
0
-1
0
15
-14
1
11
0
3
-15
-1
0
1
0
1
0
-1
1
2
10
-11
-1
11
1
-13
0
12
-10
-1
-2
1
-1
3
-2
12
-11
0
2
-2
8
-10
1
9
5
-4
-10
2:1
-3
0
3:1
10
-10
-3
4
-3
12
-10
0
-2
3
-1
12
-11
2:-1
2
11
-12
-3
10
-7
-2
0
1
10
-2
-10
13
-12
1
-2
11
-9
11
-13
2:1
11
1
0
4
-4
1
11
-12
5
-5
4
3
-7
0
1
-1
0
2
141
-143
2:0
2:1
-2
4
7
13
-23
12
-12
1
-2
0
1
-1
10
-10
2
15
-17
0
6
-6
2:0
5
-5
1
-1
27
-27
0
4
-4
1
10
-3
-7
8
-6
-3
2:0
9
-8
-1
2
6
-6
2
-4
0
2
-2
3
-3
0
1
9
-10
0
6
-1
-5
2
1
3
-2
-4
2
2:0
-1
2:0
-1
0
4
2
-4
33
-34
8
-9
5
-5
19
-19
7
-6
0
-1
13
-7
3
-9
0
2
-1
4
-5
1
5
-6
2:0
1
3
-4
0
1
-1
0
4
0
2:-2
4:0
4
-4
21
-21
46
-30
-15
0
-1
5
-4
0
-1
2:0
4
-3
1
43
-43
-2
0
2
-2
7
-2
3
72
-75
-3
2:2
-3
12
-13
0
3
-5
0
16
-16
0
37
-35
56
-48
-9
5
2
-6
1
13
-13
-1
-2
19
-13
-6
0
1
11
-11
-1
25
-23
3
-2
7
-8
1
79
-82
17
1789
-1804
75
-44
-31
-1
5
2
3
-6
-2
-3
7
-7
1
33
-31
-3
0
20
-18
2:0
-1
8
-9
43
-42
73
-62
-12
15
-4
0
-9
8
-9
1
-2
0
2
20
-4
-17
0
4
39
-44
0
2
4
0
15
-20
8
-9
901
-822
-71
-7
2:0
-1
2:0
16
-16
0
4
6
-8
-1
0
-1
3
5
0
-8
49
-45
44
-43
2:-2
283
-284
5
-5
2:0
53
-53
1
2
1
-4
6
0
19
-25
2
41
-32
10
-20
127
-52
-62
-12
-2
0
1
-1
1
0
3
44
-48
728
-714
151
-164
1
-1
2
17
-20
5
0
172
-173
636
-639
4
2:0
20
102
-127
2:0
3
0
-3
9
-8
14
-10
1
-6
0
17
-15
2:-1
4
150
-149
199
-184
-13
-1
-5
6
-4
-3
32
-28
-3
75
-63
-13
57
180
-235
-1
6
-3
6
-10
37
-36
10
2:-5
6
33
0
-25
-15
33
-33
1
0
-1
55
6
-59
-1
1
-2
1
464
-462
-2
1
11
30
-42
-1
5
-5
0
3
0
10
0
-13
13
-7
-4
1
178
-180
2
17
-16
24
-27
-1
2
7
805
-814
1
4
-3
18
-20
2
-1
2:0
3
415
-418
0
1
0
3
-4
0
10
-4
-6
8
-9
0
11
4
510
-525
43
-38
-2
4
-6
2:0
15
-8
8
-15
4
-5
0
1
-1
13
-11
-2
5
2
-4
7
-9
0
21
-16
-3
14
-17
2
2:-1
1
4
-5
4
7
-10
19
-19
0
33
-33
338
-337
-1
8
95
283
666
-1051
-2
7
14
256
-273
-4
65
-53
3
-15
3
0
-3
49
191
-240
21
-18
-3
39
-38
1
-2
3
28
12
-42
0
2
117
-119
288
-284
27
-30
27
-24
-5
1
-1
4
-4
0
23
2:-8
-5
2
-2
16
5
28
-48
21
-22
-2
18
-1
-3
6
-5
-14
2:0
119
-119
1
14
-1
-7
55
-58
-5
2:0
1
-1
7:0
2
0
-2
1
0
-1
9:0
1
-1
5:0
2
-2
0
1
44
-45
25:0
1
-1
2
-2
2:0
2
-2
4:0
1
0
-1
3:0
6
-4
-2
2:0
1
-1
1
-1
1
0
-1
0
1
-1
4:0
2
-2
9:0
1
-1
0
2
-2
0
1
-1
13:0
1
-1
0
1
-1
0
1
0
-1
15:0
2
-2
5:0
1
-1
6:0
3
-3
3:0
1
-1
2:0
3
0
3:-1
0
1
-1
0
1
0
-1
1
-1
2
-2
1
5
-6
0
1
-1
2:0
5
-5
2
-2
6:0
5
-5
1
-1
11:0
1
4
-5
0
2
-2
3:0
4
-4
1
-1
5:0
1
0
-1
2:0
4
2:-2
13:0
1
-1
2:0
1
-1
0
2:1
2
-4
3
-3
2:0
3
-1
-2
3:0
1
-1
1
-1
1
-1
2:1
-2
7:0
2
-2
3
-3
0
2
-2
6:0
2
-2
9:0
1
-1
5:0
2
4
-6
2:0
1
-1
3
-3
9:0
2
-2
2:0
10
-9
-1
3:0
2:2
-4
3:0
6
-6
3:0
1
-1
2:0
5
-5
1
-1
1
-1
2:0
1
0
-1
6:0
1
-1
8:0
1
-1
5
-5
3:0
1
-1
0
8
2
-10
8:0
10
1
-8
2
0
1
5
-11
1
0
-1
6:0
1
-1
2:0
2:1
0
-2
0
1
-1
7:0
2
-2
2:0
2
-2
3
-2
-1
2:0
1
4
-5
3:0
1
0
-1
3
-3
3:0
1
0
-1
6:0
1
-1
1
-1
3
end
