v1
1032
210
329
36
168
30
456
52
139
14
25
9
56
132
229
184
14
188
126
67
151
77
56
22
223
183
96
18
41
120
7
72
433
170
102
140
592
159
211
23
444
11
271
34
27
116
258
194
22
81
37
167
27
133
413
63
32
400
105
294
21
135
31
225
291
58
185
44
43
161
14
112
145
79
57
139
31
198
47
104
42
165
163
193
4
106
178
97
292
139
349
145
201
187
54
59
260
20
36
29
4
57
22
9
626
152
64
42
128
7
366
85
214
125
53
107
94
27
121
76
159
239
170
7
300
35
59
275
16
157
270
122
24
288
44
250
59
50
288
7
208
29
45
6
32
25
18
2:19
77
19
130
4
118
21
43
18
66
8
45
2:14
50
18
12
5
30
57
55
127
118
381
66
78
95
120
225
116
44
35
219
110
28
276
10
33
6
116
104
180
54
121
141
85
142
259
146
5
282
410
31
110
189
10
5
31
2
83
70
229
41
423
43
50
5
2:7
168
9
82
717
301
71
5
17
367
56
109
2
24
42
6
109
93
72
22
75
50
325
330
143
132
31
8
23
246
33
29
283
54
74
19
38
69
7
8
147
40
73
320
609
2
81
20
184
452
175
70
121
8
11
32
174
43
168
29
38
100
54
47
60
1
35
20
72
20
2
86
212
5
20
3
193
5
610
32
60
63
155
34
31491
2
5
22
9
204
4
29
55
12
30
85
69
19
76
8
112
36
8
22
17
915
148
72
68
111
71
166
15
3
47
281
3029
2211
328
1553
3073
2067
10816
2650
4766
2526
2463
793
6140
2988
4449
2
4
8085
2828
882
958
2453
13
5143
1
18
1433
3523
116404
3544
1
1735
5981
25
73
9417
32411
10
18
4
280
109
5
54647
816
47
27
157
9
27
57
6
13
16
129
16
15
12
10
3:1
11
1
11
41
12
32
643
29
14
16462
4654
8150
5151
7980
813
1430
1017
45
665
436
366
166
2
3
2:11
28
3
39
19
28
10
44
8
32
9
22
6
3
1
43
47
4
6
40088
192
26
64
176
15
85
24
102
25
574
1
46
91
69
103
43
25
17
202
277
9
57
2:9
41
103
47
53
13
19
273
375
62
1
6
17
38
14802
143
82
1990
9722
2:1
162
1
115
18
2:5
62
2
11
47
15
11
54
22
68
31
2:11
-488785
382
145
38
418
1
219
216
18
2:53
87
18
116
89
5
49
81
252
118
340
14
29
118
214
301
192
58
1
21
728
263
67
225
119
53
149
61
267
443
30
79
228
0
53
22
114
20
52
45
12
25
215
127
58
42
135
47
25
93
23
5
49
17
166
70
43
271
431
79
2:34
42
29
46
339
4
100
173
76
80
7
100
173
110
51
67
288
1
126
30
211
17
27
567
65
193
172
173
15
97
40
363
63
272
211
264
28
257
297
390
92
73
144
36
229
2:202
178
70
71
336
24
240
15
44
70
88
39
343
193
35
333
121
24
98
0
68
63
65
19
417
163
326
4
75
5
21
46
26
11
0
6
15
8
9
17
8
0
72
110
16
104
7
62
19
4
17
20
118
29
68
11
7
35
3
110
43
366
16
40
47
134
177
446
73
120
416
137
78
258
27
185
327
18
42
45
55
31
0
166
251
393
180
39
919
174
168
276
141
816
0
380
67
2:60
157
28
0
83
261
94
79
165
116
315
57
32
259
0
132
178
17
33
96
64
36
23
66
37
368
156
20
105
18
25
68
333
113
63
0
284
16
150
194
150
7
86
141
295
2:6
0
6
0
26
178
160
100
134
22
103
430
9
10
30
97
35
118
54
52
122
72
119
85
0
11
62
20
63
18
189
59
31381
37
31
9
86
89
9
0
51
256
200
1012
81
293
88
5
57
73
59
1146
6233
5150
2468
4114
1002
1110
695
2931
378
10530
6917
3926
3
11564
41
9
4651
34
4444
3137
17
9
8
2
1446
126169
46982
7
91
29
14
35
98
53
19
38
6666
571
2
0
48123
38
12
168
32
1
72
17
2:15
1
37
19
0
21
32
157
18
740
141
67
2
24027
18686
562
825
1319
1743
2
8
1
34
50
3
86
10
4
2:32
6
101
30303
1513
8580
124
174
0
42
511
505
107
134
89
162
282
26
15
225
473
34
5
72
19
14871
143
1973
9953
0
3
89
55
11
2
95
64
54
8
30
6
-488580
324
356
231
33
208
86
225
103
324
575
755
180
1867
212
1208
42
2314
964
505
700
494
119
562
1244
726
69
96
595
690
1128
138
1214
227
505
208
217
41
16
657
405
1204
948
280
343
275
714
601
745
162
95
348
37
100
129
286
348
180
433
1064
237
1481
105
362
1422
189
294
675
256
31770
201
73
280
1433
61
13
54
7784
16044
23713
18862
4165
174527
343
55897
173
46
16
826
5
37621
5745
2100
1858
142
40650
997
28985
19
64
1423290600
499:0
1
431:0
1
99:0
17
-6
-2
3
4
97
2:-52
186
-176
139
-149
1
94
-91
4315
-4257
-56
9
-3
138
4077
-4217
-10
354
-342
8
-17
-3
1
-1
5
-5
37
32
10
-69
80
161
-227
-20
29
-28
26
-20
539
-531
-15
-2
4
39
-12
43
107
-178
29
338
-372
21
-18
184
498
-595
-69
-18
96
-86
-12
0
3
2
186
291
-468
22
1345
-1357
53
-78
0
3
173
-160
-11
8
-10
1084
-931
-128
304
78
-408
3
151
2030
-2068
40
-144
-12
47
-43
36
-26
-14
13
-10
84
-47
377
-414
-6
28
-12
373
-337
-33
-5
-14
2
1
-2
220
459
-671
-4
374
-245
-108
-26
1
5
335
-138
-173
48
-75
11
3
67
-81
63
-37
-25
380
-383
12
43
-53
5
18
-7
240
-173
-80
69
499
-566
33
-28
-11
16
35
-49
80
-31
47
-47
-11
-40
315
-311
163
-167
5
26
38
-69
3
17
569
-296
-292
-1
72672
-72643
5400
-5296
-132
25
50
92
178
-347
159
-96
-60
3
45
-37
-2
-11
216
-217
5
42
482
-301
-229
108
105
-201
17
-3
-10
-14
28
-8
-19
27
33
127
-167
-22
11
1939
-1949
11
664
-584
-89
58
-42
-18
10
12386
-10605
-1674
-112
1
-4
7
-9
-1
1
88
-38
-4
-17
-31
532
-529
-2
1343
-1296
202
64558
-64804
1
375
-379
133
-122
25
278
-149
210
-346
-6
2448
-2345
-77
192
-236
83
-88
376
263
27816
-28422
58
3874
-3831
-110
-18
54
139
93
-280
3396
-3403
2177
-2110
120
-191
23
9
162
-181
1737
-1750
119
17134
-17086
-105
-29
-21
22
-32
2735
-2584
-141
19
214
-239
-3
140
112
-159
42
-134
14
-17
61
-20
-18
-12
67
-81
34
240
-230
129
-53
666
-697
-86
244
229
520
-842
-146
-2
-5
313
-257
-56
74
56
-131
56
-12
166
-130
-73
29
57
18170
-18249
-10
27
5
1
-3
9
292
-288
4576
-3237
-1287
-31
8451
-8513
7621
-6298
-1293
-27
-4
-3
84
-80
18
-9
218
-195
4258
-4295
74
-70
47
-44
-6
0
13
-11
14
80
-74
-23
21
-18
20
2414
-2423
4
370
-365
-14
-4
27
17
-30
11515
-11378
-114
-9
-20
-7
5
365
-368
10354
-7438
-2918
151
-155
7271
-3145
-4096
-14
11
1802
11336
-8441
-4675
-35
40
1243
-1299
2160
-2040
86
-183
-10
8
-21
6
170
70
2100
-2344
3:0
111
-76
9
0
270
1263
-1390
-132
1457
-1371
-57
-84
6
1029
-1037
15
-11
20
111
-131
70
-22
-50
0
621
-552
55
954
-789
6013
-6268
123
-158
104
-80
33
-41
76
-92
340
-320
13
90
-85
266
-302
83
-95
4
-1
-3
2
-2
5
0
-1
-3
1
0
1
-2
2:0
5
-5
1
0
6
-3
-2
3
-6
2
5
-6
6
-3
-2
4
-1
-5
2
0
3
-2
4
-5
2:1
2:-1
-2
0
2
3
1
-3
-1
6
-6
6
-8
3
-1
1
-1
1
3
-4
-2
5
-3
3
-4
1
-1
6
-2
2:0
-2
-1
6
-5
0
2
-3
2
-3
0
-1
4
-2
0
5
-5
-1
2:2
-3
1
-1
0
3
-5
2:0
3
1
-2
4
-5
5
-4
-1
4
2:-1
3
-4
-1
4
-3
5
-6
6
-6
0
7
-7
3
-2
2:0
1
4
2:0
-6
0
1
-1
1
-1
1
-1
6
-6
3
0
2
-3
1
-3
1
-1
2:1
-1
1
-2
2:1
0
2:-1
2:0
3
-3
2
-2
2:0
3
2:-1
2
2:-1
2:3
0
-6
4
-1
-5
6
-3
-2
3
2
-6
2
3
-5
2
6
-6
0
1
-2
6
-1
-4
0
1
0
5
-4
-2
1
-2
1
0
4
-3
2:-1
6
-6
6
-6
1
0
1
-1
1
3
-4
6
-6
0
1
-3
2:1
-1
0
6
-6
6
-5
5
-5
0
6
-6
-1
0
1
2
0
-1
-3
8
-7
1
3
0
-4
0
3
2
-4
-2
4
2:-1
2:1
-2
0
-2
2
1
-2
3
-4
2
0
4
-4
5
0
-5
4
1
-7
0
8
-7
1
2:0
2
-3
1
-2
2
1
-1
2:0
-1
2:1
2:-1
1
0
6
-4
4
-6
-1
3
4
-1
-4
-2
2:1
4
-3
-2
0
3
-1
4
-6
1
3
-3
0
3
0
-4
-1
2:2
0
1
2
-3
-2
2:-1
3
-2
2
1
0
2:-2
2
-1
3
2:0
-1
-4
6
-3
-2
0
5
-2
-3
5
1
-7
5
2
-6
-1
3
0
-2
1
2
4
-1
-2
-3
2:0
-1
1
2
3
-4
4
-7
1
2
5
-4
-3
7
-3
0
1
-3
2:-1
1
2
1
-3
0
-1
0
6
2:-3
7
-3
-5
8
2:-4
0
1
0
5
-3
-1
-2
3
-2
0
7
-6
0
4
2:-1
1
-4
-1
0
1
0
-1
4:0
1
-1
3:0
1
0
-1
0
1
-1
1
-1
1
0
-1
0
1
-1
1
-1
0
1
0
-1
1
-1
3:0
1
2:0
-1
2:0
1
0
-1
0
1
2:0
-1
6:0
1
-1
5:0
1
0
-1
1
0
-1
0
1
0
-1
2:0
1
-1
1
2:0
-1
1
-1
1
-1
7:0
1
-1
2:0
1
2
-2
2:0
5
-1
-2
1
-3
8
-8
2
-2
0
113
-110
-2
2
-2
6
16
-12
-11
4:0
1
31
-32
2:0
9
-4
5
-7
-3
34
-34
5
-1
2:-2
3
2
-5
1
-1
2
10
-11
2
8
-11
0
6
-6
3
0
-1
6
3
-11
1
4
-4
-1
0
2:1
2
-4
1
3
-4
0
1
2
-3
0
4
1
-3
1
-3
19
-19
7
-7
9
-9
2
4
-6
0
12
-10
-1
6
-6
-1
2:0
4
-2
2:0
2
-1
-3
1
2
-3
0
1
3
-4
0
2
-2
4
17
-20
-1
33
-17
-12
-3
0
2
-3
7
-7
55
-53
1
-2
0
-1
6
-5
1
51
-52
9
-6
-4
6
2:-1
10
13
-27
0
43
-43
5
-3
0
-2
4
-4
8
-6
4
-4
3
-2
9
-11
25
-24
0
2
5
-9
2:1
3
61
-65
5
1864
-1869
90
-59
-29
3
0
1
2
-7
-2
8
-5
-1
6
-5
-1
0
23
-24
2:0
84
-83
4
3
4
-7
-6
2
-2
3
-3
4
-3
-1
13
11
-20
-4
2
43
-43
3
6
-6
-3
2:0
-1
0
535
-469
-61
-5
0
-1
1
3
-4
0
9
-4
13
-6
-12
56
-54
-1
34
-20
-12
254
-255
-2
31
-30
2:2
-2
14
13
-22
1
-5
112
-53
-58
-5
3
-2
1
2
33
558
-590
-5
147
-146
-1
1
7
-8
20
-11
151
-156
414
-416
71
-72
21
-16
22
-25
87
-88
1
135
-122
-9
1
-4
2:-2
2
31
-28
-5
41
-36
-2
32
105
-133
6
-13
2
-2
7
-6
6
-1
27
-33
3
2
-5
4
33
-13
-6
-16
28
38
1
-63
-6
2
-2
13
-1
-8
28
-30
-1
2
0
1
-4
5
16
-21
195
-191
-2
28
-28
13
-12
-3
0
13
709
-720
4
-3
16
-18
7
82
-84
-4
1
5
-1
3
-7
0
14
-17
698
-698
23
-23
3
0
-1
-2
5
3
-1
7
-14
1
14
-4
-5
-2
0
2
-5
5
2:-2
6
-8
4
30
-26
-4
2
-6
3
-2
39
-39
19
217
-237
3
-3
271
-258
-4
-3
-6
78
312
337
-717
-7
2
284
-289
90
-85
9
-9
-4
4
-5
3
-3
41
220
-259
-2
1
3
39
-40
13
-4
7
13
64
-96
185
-180
27
-28
-4
32
-26
-3
0
-3
7
-5
13
-10
-5
3
2:1
-4
19
1
35
-52
20
-23
2
-1
1
6
8
-17
23
-20
-1
62
-62
24
-25
17
-18
1
-1
5:0
1
-1
6:0
2
-2
2:0
1
-1
4:0
2
-2
1
0
-1
7:0
2
-2
1
-1
4
-1
-3
8:0
1
-1
15:0
1
-1
2
2:-1
2:0
1
0
-1
1
-1
2:0
1
-1
0
2
-2
2:0
1
-1
7:0
2:2
-4
2:0
1
-1
7:0
2:1
-2
12:0
1
-1
8:0
1
-1
2:0
2
-2
7:0
1
-1
2:0
2
-1
0
-1
2
-2
1
-1
3:0
1
-1
4:0
1
-1
2
-2
7:0
1
0
-1
4:0
1
-1
2:0
2
-2
0
1
0
-1
2
2:-1
1
-1
3
-3
3
-3
1
0
-1
0
1
-1
5:0
1
-1
11:0
6
-6
2:0
2
2:-1
2:0
3
-3
6:0
1
0
-1
9:0
1
0
-1
4:0
1
-1
3:0
1
0
3
-4
0
2
-2
0
3
-3
3:0
1
-1
4:0
2:1
-2
12:0
1
-1
9:0
1
-1
1
-1
1
-1
2:0
1
-1
3:0
2
0
2:-1
2:0
1
-1
2:0
1
-1
0
1
0
1
-2
0
2
0
2:-1
1
-1
2:0
2
2:-1
5
-5
0
5
0
-5
1
-1
4:0
1
0
-1
9:0
2
-2
0
2
-2
4:0
4
-4
4:0
2
-2
3:0
1
-1
1
0
-1
0
2:2
-4
11:0
1
-1
0
1
-1
22:0
1
-1
29:0
1
-1
5:0
1
-1
19:0
1
-1
5:0
1
-1
3:0
2:1
-2
5:0
end
