v1
1034
400
39
66
48
19
12
159
222
76
5
9
38
136
36
16
84
8
29
18
1
38
9
14
12
26
390
8
130
35
141
53
80
145
42
90
1
51
6
17
31
8
7
15
28
78
21
19
77
257
10
30
122
39
7
80
85
21
361
84
19
25
29
73
32
13
95
56
236
27
273
89
70
32
92
12
26
72
36
106
133
180
136
0
24
111
4
18
14
65
228
75
21
0
10
136
58
18
85
5
32
76
13
78
113
23
24
108
92
75
66
72
44
122
69
32
127
16
85
28
15
11
70
28
224
23
21
65
97
4
12
23
53
109
28
255
36
58
6
26
0
141
12
20
67
89
86
2:56
145
79
48
9
36
30
73
31
18
44
67
116
2
57
415
138
22
33
4
106
232
16
7
20
121
138
188
74
63
48
72
221
80
15
132
46
84
31
54
125
1
180
33
36
33
14
43
31
82
263
28
405
64
1
41
128
7
37
2
5
60
1
51
65
143
2
30
25
30
172
72
7
88
97
28
73
15
41
27
2
71
48
76
45
11
86
17
44
9
24
163
72
35
62
7
8
80
101
82
17
106
275
16
43
50
64
55
10
55
85
65
353
10
71
286
8
38
21
50
10
15
263
67
121
27
29
28
17
25
13
12
26
5
19
8
11
23
7
1
46
2
3
14
5
112
13
3
1
118
64
3:9
65
40
5
14
64
30
5
30
3
35
19
38
17
127
118
12
93
341
1
31
3
136
3
120
94
48
83
98
97
196
23
110
28
2
117
157
10
33
6
29
87
15
131
68
45
79
61
60
141
85
74
27
41
198
56
2
3
146
5
97
19
151
15
404
6
31
110
189
10
5
31
2
66
17
70
213
16
41
309
56
58
51
42
12
175
9
41
319
181
258
199
102
93
367
50
6
106
3
2
24
42
40
75
98
89
75
18
32
6
319
318
12
0
306
19
79
179
33
29
1
50
12
94
40
6
69
11
53
48
27
19
3
18
17
62
2:7
8
147
157
166
96
14
447
63
99
2
81
20
77
5
9
93
64
191
197
39
10
126
70
121
8
11
32
43
70
112
65
73
51
22
16
100
54
47
31
30
6
29
20
48
24
20
2
86
112
41
64
20
0
3
104
10
79
5
9
24
118
106
102
17
0
193
73
40
11
9
63
53
2
25
75
34
67
10
46
31370
5
1
21
9
199
5
4
29
53
11
33
85
69
19
36
40
8
23
89
36
8
22
986
57
37
50
22
68
40
2:71
46
120
11
4
3
47
9
272
5240
328
1553
2387
2753
2466
8350
2650
4766
4989
3
2831
2274
1825
2988
925
2139
1385
2
4
8085
2
1
4
17
2804
882
958
1533
920
13
983
2
4149
9
1
18
5
1
2
1425
21
15450
104456
1
3543
1
7741
73
4
9413
31396
1015
10
18
4
11
10
132
14
19
21
47
33
13
89
5
16
10999
25036
18596
731
50
35
47
20
7
157
7
17
12
18
39
6
29
36
91
18
27
12
9
2
2:1
11
2
83
643
29
41
15
2:4
61
60
11
7827
7863
590
4654
3093
10208
7980
498
315
247
1183
170
703
144
45
665
2
434
0
366
166
2
3
4
2:1
5
11
28
1
2
1
38
5
12
2
28
10
14
22
2:8
1
31
6
25
5
1
3
1
40
3
47
4
5
1
30302
1513
8273
192
26
64
176
15
54
31
126
12
74
388
125
1
87
222
43
25
17
77
125
135
127
13
2
0
9
23
24
10
2:9
41
103
52
41
2:9
2
19
59
114
315
135
25
63
6
4
13
38
14805
83
57
82
1990
9722
2:1
162
1
115
18
10
7
55
2
11
62
11
28
48
61
6
32
4
7
11
50
9
-487921
60
192
72
92
766
235
218
58
167
491
351
269
189
532
10
9
124
86
467
143
125
627
205
269
244
892
591
181
9
73
121
775
41
151
76
228
288
202
147
19
44
270
555
21
40
144
200
4
792
466
515
58
162
140
376
108
281
241
131
38
320
213
206
300
115
67
25
245
106
15
543
24
46
136
116
362
203
353
58
105
5
55
78
113
90
5
154
85
48
108
153
121
468
99
306
294
131
903
83
57
522
23
761
1
331
121
206
559
327
4
42
1
1017
357
5
7
262
60
459
37
72
30
164
962
36
402
100
126
0
34
251
81
2
434
604
664
540
23
35
73
168
424
81
23
451
228
174
175
16
40
176
232
28
8
31511
139
150
25
177
1406
296
78
3359
4414
12398
10209
7055
5297
5230
2236
8067
4661
4505
3126
1
9
4
126638
5981
41894
97
78
52
78
38
1
73
19
27
55698
248
31
22
1
2:2
24
768
113
44985
558
1696
19
18
124
25
44
8
35
40484
1023
250
324
304
143
81
31
167
491
82
12
51
81
14973
1973
9883
256
82
1
192
11
33
4
1423623600
799:0
1
233:0
30
-28
3
-4
1
0
108
-94
-14
3:0
442
-442
25
-25
2
39
-21
-20
33
65
-82
-14
2:-1
14
-11
7050
-7051
-3
3
6
-7
6
493
-499
428
997
-1126
3241
-1538
-1815
-149
-39
22
80
-22
-80
120
-118
1
49
-52
45
-13
-31
-2
2
-1
0
17
67
-85
0
9
160
-160
-9
144
-144
4
-3
0
63
-64
145
-130
-14
3
-1
440
-439
20
74
-94
-3
3
27
-22
-7
15
-4
793
-794
0
-10
-1
0
24
-23
11
27
-39
340
-232
-62
-37
12
-21
56
-55
2
-4
8
-7
1
59
-59
0
2
2:0
5
4
118
-130
1
820
-820
-2
11
-7
415
-419
9
-8
287
-261
2
-28
83
-45
-36
-1
16
-17
8
81
-80
-8
1177
-1179
1
23
-22
-2
25
-23
37
-37
234
-203
-20
-11
9
-1
132
-141
-1
1
239
-239
12
-11
72
-39
-34
36
178
-202
-1
-10
-1
12
16
116
-141
-2
-1
165
-137
5
-32
80
-62
-18
15
-16
47
-45
-2
30
-29
74
-76
0
354
133
-485
0
1
23
654
-678
2:6
-12
2
-4
12
-10
-1
3
-4
1
47
-48
3
75
157
-226
-6
0
20
-4
-10
32
-40
1
4209
-4198
1260
-1272
2
5
6
-12
185
299
-456
-29
15
3
10
-18
-10
3
0
-2
10
9
-11
182
-189
14
174
-191
0
21
-20
24
8
80
-103
-2
-6
122
-123
-1
17
170
-185
8
7
3
-9
-1
4
-5
2
-7
37
-4
-35
172
-37
-125
60
701
-750
33
-37
2:-4
60
182
-251
456
-444
33
-32
5
13
3
358
-195
-179
-19
135
-135
0
-1
59
84
-139
-1
59
-60
-1
0
20
299
-320
0
9
33
101258
-101270
5486
-5470
181
-226
3:0
20
-20
57
72
-100
-27
7
4713
-4449
-263
-7
112
20
-128
-7
2
0
59
-54
2
28
-37
75
-63
-11
21
682
-663
30
93
-165
90
137
-219
-4
10
-13
1
19
17
8
-14
-32
1
62
-53
139
-121
2214
-2240
21
-1
0
116
-128
-7
11
0
-13
28496
-24384
-4111
118
-117
-2
0
12
0
-10
9
-12
55
-16
305
-341
40
124
-159
-5
52
-54
33
-31
-3
905
-883
-21
1
6
2
1542
-1498
-40
18322
-18336
89
-86
348
-339
76
-78
32
3982
-4002
-19
7
-9
357
-356
0
74
-75
1
99
461
-521
2807
-2624
-153
-70
9
96
-105
0
1
56
-46
3511
34220
-37659
-76
6327
-6334
21
-18
11
15
-12
59
446
-521
19
4019
-4012
-1
2198
-2205
-19
504
298
-790
-9
56
-46
-12
1
59
-59
20
-7
-15
67
448
-514
0
-1
8
1897
-1892
-13
27
-13
2922
-2910
149
-96
-79
158
-157
60
-58
-4
141
-90
-50
350
-350
20
-12
-8
548
352
-877
68
-90
0
13
-12
18
-4
-17
12
-4
-6
150
-151
9
356
-356
-9
0
294
1331
-1544
-80
486
-487
560
5512
-6002
19
-86
2:0
22994
-22967
-20
4
8
72
-91
-3
3
-4
82
-82
67
-31
22
-57
1
17
-19
0
27
15
-33
21369
-21321
-55
6
5
-10
-2
40
28
-60
40
480
-453
-76
8175
-8175
1
36
-8
491
-518
2
7
-2
65
-72
19
-19
10
21
1593
-1624
1
-3
39
26
-62
0
-2
29
-21
53
-53
-1
163
-169
21
126
1840
-1986
-2
62
56
-110
2:0
26
352
342
-692
-25
-9
11
-14
1
-1
1
0
8
-9
0
3
7
31
8
-29
119
-138
17
-8
32
-30
-12
3
18
77
-83
16
-4
-5
27
-5
-34
19
-29
3
7
430
-431
13
2717
-1188
-1529
-1
39
-58
673
-663
-12
2
43189
-42113
-1063
32
-46
22
-19
1484
14226
-10391
-5322
29
26
-27
15
3101
-3130
-11
5
2265
-1649
-354
86
-313
37
-68
40
-51
-2
17
598
4122
-4736
1
94
-95
70
-69
14
-16
1
29
237
0
1853
-2091
-27
323
-298
3159
-3093
9
-101
1
21
-19
774
-759
-19
0
1
-1
13
22
-23
7
10
93
-121
0
11
934
-826
-112
897
-547
4457
-4769
330
-357
16
-19
98
-77
-25
173
-177
-6
150
-126
-25
7338
-7336
31
521
582
-1133
-5
0
1
-1
6
-5
-1
1
5
2
-8
6
2
-7
-1
8
-8
8
-2
1
-7
7
-7
0
8
-2
-6
8
-1
-7
0
1
7
-3
3
-2
1
0
-1
-6
7
-1
0
-5
5
1
-6
-1
7
0
-6
6
-7
6
-6
3:0
6
-5
-1
6
2
-7
2:0
8
-8
-1
0
6
0
-6
8
-2
-5
0
-1
8
-1
-7
7
0
-1
-6
2:0
1
5
-5
0
-1
7
-1
0
-5
8
-9
0
6
0
-5
3:0
6
-1
3
-9
1
6
-1
3
-9
7
-6
8
-9
6
-6
6
-5
-1
1
5
0
2
0
-8
0
6
-6
1
-1
1
6
-7
8
-8
9
-9
6
-5
-1
0
1
4
-4
7
-1
-6
5
-5
3:0
5
-5
-1
2:0
1
-1
8
-8
0
7
2:0
-7
1
0
5
-6
0
1
7
-7
0
7
-8
6
0
-5
-1
1
6
-1
-5
6
1
-8
0
8
-8
8
-7
0
-1
7
-7
1
-1
2:0
8
-7
6
-7
1
0
6
1
-8
0
9
-8
-1
2:0
1
5
3
-8
7
-8
7
-7
1
-1
0
1
7
-7
1
0
1
-1
1
-1
4
-4
4:0
16
-16
3
-2
-1
0
2
-2
1
7
-8
0
1
-1
0
1
127
-128
2:0
1
-1
2
-2
0
16
-16
0
35
-33
7
-8
-1
1
6
-7
3:0
2:1
31
-33
3
-3
4:0
1
8
-9
0
1
-1
1
-1
11
-11
3:0
2
-1
37
-38
0
1
-1
1
-1
2
7
-9
2:0
2
1
-3
1
0
7
-7
0
-1
2:0
4
-4
0
11
-11
0
2
-2
1
-1
0
6
-6
5:0
7
-7
0
1
-1
1
-1
3
-2
-1
0
7
-7
0
2
-2
7
-7
2:0
8
-8
2:0
9
-2
-7
0
2
-2
3
4
-7
2
1
-3
0
5
-5
0
3
-3
2:0
3
2
-4
-1
2
-1
8
-9
2:0
16
-16
1
0
-1
4
-4
0
15
-15
2:0
1
2:0
6
-7
1
-1
7
-6
5
-6
1
2
-3
1
-1
4
-3
-1
4
-3
8
-9
2:0
1
-1
3:0
3
-3
5
-4
-1
2:0
2
-2
3:0
1
9
-10
0
3
-3
3:0
4
-4
1
0
-1
2:0
3
24
-27
4:0
47
-21
-25
-1
0
1
0
-1
5:0
5
-5
118
-118
3
5
-8
1
-1
0
3
4
8
-14
0
-1
25
-24
-1
10
-7
-3
1
3
-2
0
6
-2
-4
0
-2
0
6
-5
14
16
-31
3
46
-49
5
-4
2
-2
14
-7
-6
2
0
-1
2
-3
9
-6
19
-24
9
-9
12
-12
2:0
5
-4
1
-2
7
-7
2:0
1
62
-63
2:0
7
1842
-1846
79
-82
37
-37
3:0
3
-3
8
-5
1
-4
2
0
-2
0
1
15
-11
-5
1
-1
0
18
-17
1
5
-7
12
-11
2:0
178
-174
-3
9
-11
10
-1
-7
-2
4
-3
-1
9
-6
-1
1
-3
0
15
-13
18
-17
39
-41
1
-2
2:4
-7
3:0
-1
610
-544
-65
7
-8
1
-1
3
2:0
-2
-1
2
2:4
-9
0
-1
0
1
5
-6
6
-5
-1
46
-37
-8
-1
1
-1
43
-34
-7
283
-285
2
-2
35
-34
-1
2
2:1
-1
-2
0
-1
22
-22
0
28
-28
0
10
5
-9
113
-50
-59
-9
-1
3:0
1
-1
2
48
599
-618
-30
155
-156
2:1
-2
8
-2
-6
15
-15
5
200
-200
0
477
-478
-4
5
79
-84
1
2
-1
-2
0
1
-1
17
-16
-1
6
16
-22
2:0
1
103
-104
1
-1
2
176
-178
22
-18
-4
11
-11
2
1
-3
32
-31
-1
56
-56
5
-3
-2
44
125
-163
3
-8
-1
2:0
1
2
-3
8
-3
-5
45
-45
0
10
-8
-2
0
22
11
-11
-22
34
-34
50
24
-70
-2
1
-2
-1
994
-991
1
-4
8
30
-36
-1
4
-5
2:0
8
-2
-5
-1
0
7
-7
0
1
13
-12
168
-170
1
0
1
2:-1
31
-30
1
11
-13
11
-11
918
-918
0
2:1
14
-16
0
1
2
-3
2:2
-4
3
1
90
-94
1
-1
6
-5
1
-2
2:0
6
-1
-2
-3
3
0
3
8
501
-514
-1
25
-18
-6
0
-1
12
3
-4
-8
6
-6
6
-9
3:0
1
-1
2:0
1
0
6
-4
0
12
-15
1
0
5
-6
2:0
3
15
-18
9
1
-9
7
-5
-1
1
-3
2:0
6
-4
-1
17
-18
10
-8
-2
0
7
-7
2:0
306
-296
-8
10
-12
2:0
92
1017
-237
-872
4
0
1
2
418
-423
1
-3
98
-89
0
-1
-8
3
-3
6
-6
0
4
42
194
-239
-1
28
-28
28
-28
9
-9
0
1
19
0
22
-42
2
87
-89
264
-259
35
-40
0
3
-3
22
-16
-6
3:0
1
9
-9
-1
14
1
-14
0
3
0
6
-8
28
-3
24
-50
19
-19
0
-1
6
5
-7
17
-19
-2
75
-75
0
15
-15
1
24
-24
-1
4:0
1
-1
2:0
1
-1
0
1
0
-1
11:0
4
-4
5:0
1
-1
0
1
0
2
-3
0
3
-3
19:0
1
-1
8:0
2
-2
6:0
2
-2
7:0
2
-2
4:0
3
-3
3:0
5
-5
0
2
-2
1
-1
4:0
1
0
-1
0
4
-4
2
2:-1
0
2
-2
4:0
1
0
-1
4:0
1
-1
11:0
1
-1
0
2
-2
1
2:0
-1
8:0
4
-4
2:0
2
-2
3:0
2
-2
7:0
3
-3
3:0
3
-2
-1
2
4
-6
0
4
-4
7
-3
-4
5:0
2
-2
2:0
3
-3
2:0
7
-7
3:0
1
-1
3:0
5
-4
-1
1
2:0
-1
6:0
end
