v1
1069
1229
191
663
214
167
228
17
39
50
653
172
612
587
145
159
234
687
100
374
501
160
341
552
15
420
391
534
176
1671
275
297
134
936
339
1397
136
1147
339
394
275
589
237
0
345
641
83
70
114
117
10
118
82
133
64
422
447
173
120
749
314
33
6
116
459
141
227
259
1219
2
423
528
225
758
301
460
167
368
75
381
324
583
62
283
128
126
15
147
323
110
896
452
374
11
249
146
89
100
54
108
6
141
88
217
23
198
247
455
63
189
31498
22
9
287
47
173
196
36
30
1043
109
179
3612
2211
328
1553
3764
1376
10816
2650
4766
11922
2988
24836
124905
7741
73
9417
32443
44
345
5
55701
29
92
145
27
24
1
11
757
42411
2243
1727
802
193
31
39
47
54
8
69
3
1
99
1
40280
26
64
1001
1
82
270
25
496
9
57
18
144
83
10
20
192
0
475
69
55
14805
222
1990
9723
1
162
116
165
11
35
41
59
40
22
-488787
242
20
236
16
15
79
348
43
66
10
19
2:155
9
26
91
13
58
49
2
257
81
89
28
235
238
38
82
15
70
416
16
186
72
5
147
51
214
4
211
137
76
7
285
27
67
36
18
230
113
28
76
26
347
47
133
136
24
111
22
12
67
76
248
204
41
2
22
201
40
114
393
67
235
104
55
17
127
290
66
156
23
8
117
80
377
42
326
79
112
145
79
86
203
85
106
0
51
45
53
157
160
87
51
55
31
113
116
24
74
7
312
101
54
48
89
289
52
82
11
264
211
160
89
29
4
57
31
373
405
106
6
23
106
19
85
223
94
274
95
281
121
218
70
263
257
1
75
38
29
351
34
93
64
55
164
104
300
81
340
13
345
181
27
74
2
4
44
13
18
12
7
19
23
7
1
46
2
3
251
92
17
41
0
9
12
73
80
5
33
35
3
16
38
17
127
14
189
118
312
10
57
35
339
9
98
97
14
2
70
10
123
138
76
170
479
54
347
101
100
346
5
50
217
15
129
27
285
110
189
15
18
81
17
70
229
350
114
54
31
195
9
703
295
54
101
30
322
105
6
106
3
26
250
182
5
32
477
166
265
53
19
11
18
262
38
9
33
96
56
133
132
76
313
261
15
446
63
50
49
83
20
429
10
105
267
70
121
51
43
37
68
142
260
103
53
135
22
239
59
38
83
11
89
14
142
54
52
255
98
32
21
30
114
30
74
134
31402
174
61
5
86
14
31
84
58
106
135
29
1152
27
63
182
46
62
58
5
10
3
43
4
9
5
8367
2094
2063
7584
4736
11698
2041
3663
4349
870
2654
2
4
10
8064
4
7
0
2
22
2804
882
943
15
19
2447
5134
9
1
7
9
4
3
1428
21
3502
116404
1
3543
7768
51
38185
3639
7
3
55
134
166
20
35758
19661
9
41
22
13
74
157
9
15
30
39
6
12
199
3:1
10
15
17
66
650
36
113
50
19
3445
4382
4973
3480
2358
2296
3093
5057
5151
9040
2056
189
1101
532
2:2
1
6
44
52
9
38
45
8
31
9
27
39
9
47
4
2
40550
11
12
46
114
43
12
462
172
250
13
85
202
24
251
127
159
8
14
22
11
21
10
263
331
19
75
13
23
15
21
14923
24
11794
165
101
32
23
49
2
6
5
67
60
67
16
7
42
-488644
65
117
253
121
48
123
318
49
115
38
302
82
92
15
121
94
31
58
386
19
52
25
4
201
235
180
81
129
8
264
199
660
433
101
26
260
19
293
351
52
208
40
35
84
163
118
78
644
17
45
50
116
2:34
132
475
150
123
102
12
311
14
130
133
24
43
101
75
20
103
10
60
190
148
78
200
46
98
59
46
19
74
173
280
776
111
260
4
53
125
63
95
81
113
327
255
101
19
125
236
2:216
192
110
25
85
61
491
70
354
143
266
44
161
100
202
108
523
24
149
528
66
51
170
2
101
28
148
17
4
32
16
26
16
42
59
131
117
13
3
102
90
128
43
6
162
26
116
323
198
7
47
219
187
291
66
227
375
78
191
42
68
252
278
173
108
58
117
729
17
24
153
113
33
3
382
211
156
175
15
35
737
443
7
180
5
193
76
386
2
131
42
40
389
110
395
12
66
119
246
138
116
256
19
38
3
16
292
156
20
84
812
182
21
17
35
275
76
24
71
432
25
4
307
12
17
25
11
234
229
228
147
76
21
35
86
332
105
14
0
85
131
73
4
15
42
111
46
31385
64
165
29
159
32
73
14
58
11
7
192
972
326
175
97
33
297
12258
2467
2792
4137
703
4923
1246
6956
3
1620
7479
13312
54
43
2764
5305
4165
2
16
1444
125190
44724
2168
1043
2:15
66
80
9
26
73
20
14
58
27
11
6666
573
0
47392
680
183
118
144
34
143
60
6
743
49
113
59
36243
1247
5542
203
869
812
374
1877
7
2
17
77
80
10
9
29
14
94
11
30321
1513
8222
51
431
127
59
30
724
103
189
107
43
357
173
89
55
216
535
68
14784
87
2116
9886
1
163
19
4
66
133
62
1423258800
199:0
1
499:0
1
368:0
176
188
5949
-6136
353
-321
931
19094
-19398
-553
-22
-2
-134
256
-287
944
-555
-379
250
-250
270
-183
21
-51
-41
1739
-1616
294
-386
917
-966
11792
-11723
177
-242
9
32
66
114
-133
317
-206
0
-49
2079
-1808
29
-267
-97
50
-98
1356
-1325
-70
10
77
299
-356
829
283653
-283034
5660
-7026
-27
-100
108
1977
-2044
228
133
-327
-12
-38
91
2698
-1757
111218
-106742
-5524
-11
13
52
-58
1513
2866
-4386
39398
-38678
-482
21
-250
33506
-33354
2975
-3104
96
4217
46575
-45971
-4842
-86
21
4963
1211
-6109
1561
-1636
1699
9894
-7365
-4175
88
-172
575
-448
256
139
936
-265
-1164
-15
153
3906
-2600
-953
-505
559
8
2420
-3000
420
-155
34520
-34769
260
-263
8381
-8040
1854
-2193
3795
-3770
116
11476
-11592
139
-172
-4
307
-263
560
-535
3550
-3615
234
5098
9056
-14372
28163
-27996
19
19494
-14738
16529
-20485
3276
-3910
-212
28
631
-527
-293
190
-112
1639
-1422
19650
-19814
-5
-135
1261
-1044
0
-99
102
17
1424
-1187
-461
1570
-1567
760
-518
-118
144
-160
127
-221
96
-98
-109
0
46
-3
-42
25
-26
0
8
21
-29
19
-18
6
14
-21
0
12
2
-15
2:2
-3
-1
3
53
-54
13
0
32
-37
-7
-1
12
56
-17
-51
-1
6
-6
2
-2
1
0
29
-29
-1
22
21
-41
46
-46
-2
19
-7
-12
27
-15
21
24
-43
-12
0
26
-6
19
-41
8
-7
-1
16
-15
-1
65
-66
0
1
33
-34
37
-23
-7
-3
64
-48
-20
26
-25
12
11
-11
20
-12
0
20
-33
-6
0
5
-6
6
44
2:-24
-1
21
-2
-20
6
-7
2
1
-2
3
-2
0
7
-1
63
-58
-11
2:-1
0
9
41
-35
5
-10
-9
17
27
-44
0
64
-65
18
-6
-4
-1
8
-6
15
-23
0
1
-1
2:0
12
-1
49
2
-46
-10
23
9
-25
-13
57
-38
-17
9
2
1
7
-19
11
1
0
-2
-11
13
15
1
-21
22
-3
-19
11
-18
-2
17
-16
0
1
54
-34
2
-24
3
75
-78
30
11
-2
7
-47
2:4
-7
9
-10
56
-54
48
-46
6
-9
0
-1
2
40
-41
11
-1
21
15
16
-63
4
8
-9
2:0
50
-36
-15
10
-9
75
-68
-9
9
11
3
24
-45
17
-12
-4
20
-22
1
5
4
-9
-2
2:1
15
6
-12
5
-8
2
0
48
-56
-2
0
9
-7
28
-27
11
-13
-1
0
12
3
-14
-1
21
-22
47
-45
2
8
-8
6
-3
13
-17
5
-6
71
-41
19
-7
28
-64
-5
2:-1
21
-15
20
-26
42
-12
-1
0
-14
12
48
-64
-11
1
9
-8
65
-53
-14
0
8
-7
-1
36
-36
7
19
8
-34
9
15
-23
11
-10
48
-50
11
46
-32
-25
0
52
-52
1
42
-42
31
-2
-29
7
3
44
-54
27
-25
2:-2
2:2
21
31
-40
-2
-11
78
-77
-3
11
-1
-10
45
-38
55
-63
36
-35
68
-59
36
-45
47
-28
-8
-9
23
31
-55
16
-17
29
-26
2:-1
66
-42
-24
13
24
-37
6
13
-18
-3
10
23
-17
2
-10
-1
2
65
-49
-11
-2
2
12
5
-29
1
26
-27
8
-9
1
-2
3
-3
0
43
-33
64
-64
-9
15
-5
7
29
8
-22
-24
-9
16
-8
1
-7
30
-20
-10
8
27
-28
17
-25
10
27
0
-37
12
-12
6
4
-4
-7
7
-5
17
41
22
-27
-10
-42
-3
24
-1
-22
13
-13
7
50
-42
24
-37
4
-6
17
11
-8
-19
34
-16
-2
3
-12
39
-46
77
-29
-33
-6
4
-14
11
-10
36
27
-65
0
4
-6
9
-1
-8
0
7
2
-3
3
-9
0
1
7
-8
2
6
-8
9
2:-1
-5
6
-8
8
-7
-1
1
-1
2:0
2:1
5
0
-7
7
-7
1
2:0
1
-2
6
-6
2:0
2
-1
0
1
-1
0
-1
1
6
-5
-1
2:0
7
-8
8
-8
6
-5
-1
2:1
-2
8
-7
7
-7
8
-9
6
2
-8
1
-1
0
1
7
-7
0
-1
8
-7
5
-4
5
2:0
1
0
-2
-6
6
-5
0
-1
0
2
6
-1
-6
8
-8
-1
2:0
1
0
8
-1
-8
0
2:1
-1
6
0
-6
-1
1
2:0
1
-1
0
6
1
-6
-1
0
6
0
1
0
1
-7
2:-1
0
2:1
4
0
-5
1
-1
1
0
-1
5
1
-5
6
-8
4:0
2
-1
0
8
-1
-6
-2
1
6
-7
1
-1
7
-5
-1
8
0
-7
4
-4
5
-7
0
2
-1
1
0
-1
0
6
-5
-1
1
-1
1
-1
5
-6
0
6
-5
0
-1
2
0
-1
4:0
-1
7
-7
8
-6
6
-1
-7
1
7
0
-7
1
-2
1
0
1
0
-1
8
-8
0
-1
0
2
4
-4
0
2:-1
7
-5
-1
0
-1
6
-5
-1
1
-1
2:1
2:-1
2:0
2
-2
1
0
-1
1
0
-1
0
9
-3
-6
0
7
2
-1
-6
-1
1
2:-1
2:1
6
-6
-1
0
-1
2:0
2
0
-1
1
4
4:0
-5
4:0
7
-7
7
-8
0
2:1
-1
1
6
-1
-7
8
-8
1
6
-6
1
-2
0
6
-5
6
-7
2
2:-1
2:1
2:0
-1
3:0
8
-9
7
-7
2:1
0
-2
1
3:0
-1
0
1
-1
1
0
8
-9
2
-1
8
-7
-1
0
1
-1
8
-5
144
-145
-1
14
-14
19
-13
-4
4
17
-22
12
-11
47
-49
0
16
8
-23
-1
0
2
-1
23
-16
-6
0
25
-27
17
-1
10
-24
-2
1
13
33
-32
-14
-1
0
132
-125
50
-54
1
-2
26
7
42
-68
5
-3
10
-2
-13
101
2115
-2218
118
-93
-16
-7
-2
22
-25
63
-48
2:-5
13
3
25
-30
974
-810
-181
9
3
16
-9
36
-13
-40
535
-532
37
-21
13
173
-111
-92
1
-5
39
1213
-1082
-169
2:7
243
315
-509
-63
9
21
119
89
-217
-9
-13
36
29
-10
122
-148
-27
6
1
5
28
0
22
-63
33
35
-8
-58
10
-3
273
-260
-23
15
632
-630
-16
12
153
-163
0
783
-745
-33
18
-10
-4
-5
0
10
19
-33
30
-8
338
-361
330
-326
81
652
234
-966
172
-57
-113
9
38
106
-162
27
-22
10
25
74
761
-840
-33
-1
17
-18
0
8
4
22
-32
0
1
30
-16
23
1
-19
-18
-4
95
-95
16
-3
-13
1
2:0
-1
1
-1
7:0
3
-3
0
2:1
-2
0
3
-3
0
2:2
-3
-1
2
18
-20
2:0
49
-49
0
2
-2
4:0
1
-1
0
2
-2
3:0
3
-2
-1
1
2:0
7
-7
-1
5
-4
2:0
2:1
-1
-2
2:0
6
-6
2:0
3
-3
5:0
2
0
-2
5
-5
4:0
3
-1
2:1
-3
1
3
-5
2:0
1
-1
1
2
-3
0
3
-1
-2
2:0
1
-1
0
1
-1
0
4
-4
4
-4
6:0
3
-1
-2
2:0
4
-4
1
4
-5
2
-2
6
-5
0
3
2:-2
1
-1
3:0
1
-1
3
3:-1
1
0
-1
0
2
-1
0
1
0
3
-3
-2
2
3
-3
5
-6
2
4
-3
2:0
17
-18
1
-3
-1
1
-1
0
1
9
-10
4
-4
2
0
-2
5
1
-3
0
-3
0
1
-1
2
-2
2:0
7
-7
4
-4
1
-1
1
2
-3
2:0
3
5
-2
-5
1
2
-1
-3
1
9
-8
-1
1
0
24
-22
-3
2:0
12
-3
-9
1
-1
3:0
2:1
-3
0
1
-1
1
4
-4
2
3
-5
0
-1
7
-6
-1
0
5
-4
-1
3
0
-3
2:0
6
2:-3
0
6
-6
1
-1
3:0
3
-1
2
-3
1
-2
13
-11
8
3
-11
2:-1
1
-1
2
0
1
-3
5
16
-21
1
4
0
-4
1
-1
3
-3
2
26
-27
-2
4:0
4
-1
-3
9
-5
-4
0
2
-2
10
-8
7
-8
-1
2
5
-7
0
30
-30
0
5
-5
5
-4
-1
2:0
1
2
0
-2
-1
1
-1
0
13
30
-41
0
-2
1
2:0
4
-5
2
4
-5
0
-1
11
-11
38
-36
6
-7
-1
1
3
-3
0
45
-46
1
-1
4
-4
1
-1
2
5
-5
-2
3
-3
2
-2
1
-1
1
11
-1
-6
-5
2
6
0
6
2:-6
0
3
-3
2:-1
12
-11
1
-2
2:0
1
-1
0
6
-4
9
-9
-2
7
-4
1
-1
3
1
-6
-1
7
-7
1
-1
0
2
-2
2
9
-8
-2
-1
2
7
-6
-3
6
-6
0
2
-2
0
3
-2
1
-1
3
26
-22
-7
-1
3
-3
0
2
-2
1
13
-14
6
-5
0
1
2
11
-13
-2
0
3
4
-6
-1
2
-1
9
13
-20
0
-2
-1
2:0
4
2:-2
3:0
1
-1
5:0
2
-2
7:0
1
-1
2:0
1
-1
10:0
2
-2
16:0
1
-1
0
1
-1
3:0
1
-1
1
-1
1
-1
4:0
1
-1
1
-1
3:0
2
-2
4:0
1
-1
6:0
1
-1
10:0
1
0
-1
15:0
4
-4
5:0
1
-1
0
2
2:-1
2:0
2
-2
2
-2
2
-2
5:0
1
-1
7:0
7
-7
1
-1
3:0
1
-1
2:0
7
-6
-1
2:0
1
-1
3:0
1
-1
2
-2
0
1
2:0
-1
3:0
2
-2
5:0
1
-1
5:0
1
-1
0
1
-1
9:0
1
-1
0
1
-1
1
-1
3
-3
7:0
1
0
-1
0
1
3:0
-1
1
0
2
-2
-1
2:0
2
-2
8:0
1
-1
12:0
2
1
0
-2
-1
5:0
2
-2
9:0
2:1
-2
7:0
3
-3
5:0
3
-3
4
2:-2
3:0
3
-3
3:0
2
-2
2:1
-2
8:0
1
-1
5:0
2
-2
0
1
-1
8:0
1
-1
2:0
2
-2
4:0
end
