v1
1096
11
44
132
23
87
287
645
3
64
80
58
25
17
6
42
74
61
46
50
209
105
14
79
62
173
210
28
51
6
19
37
22
28
614
39
7
159
6
174
218
7
111
89
8
5
37
103
319
67
35
171
191
181
21
46
229
88
228
135
101
334
216
19
266
321
5
22
225
70
98
171
150
6
54
98
181
12
16
13
46
135
31
18
188
5
14
386
115
53
156
12
331
127
9
170
62
242
45
117
63
30
82
1
270
16
94
39
125
111
87
344
90
23
40
341
145
67
176
54
126
213
69
57
62
166
136
40
166
87
216
24
18
128
7
221
106
94
30
61
302
193
21
43
121
235
53
244
19
100
30
127
48
189
223
52
16
43
169
65
99
173
24
288
214
72
8
95
14
170
180
120
6
56
28
17
6
32
12
13
18
4
15
6
13
31
46
5
14
110
2:7
4
2
3
1
81
20
17
73
9
74
40
5
14
18
46
30
5
30
38
74
14
73
158
85
118
16
162
58
8
173
22
98
225
98
97
96
123
110
262
52
33
6
116
338
61
60
141
85
74
27
41
4
55
139
61
146
5
267
15
31
98
79
202
17
124
189
10
5
18
15
66
17
70
229
41
161
45
103
56
144
7
5
7
225
758
301
71
12
131
191
55
162
3
0
2
24
213
37
94
75
18
32
331
146
178
306
19
258
62
147
50
33
17
36
128
19
38
69
2
13
106
41
157
41
125
63
33
14
447
162
2
81
20
82
102
229
131
92
175
70
121
8
11
32
43
31
2:6
27
301
138
54
78
0
22
8
6
121
20
88
153
59
5
20
3
104
89
3
2
138
189
227
2
14
72
21
30
72
155
34
123
31370
5
6
16
9
204
33
50
3
44
85
88
76
120
36
8
22
1043
5
32
50
22
68
111
66
51
120
18
56
3301
2211
328
1553
3073
691
1376
2464
1771
1
1020
3434
2111
15
2650
4766
4989
3
790
830
5297
13
2169
819
925
872
1274
1378
2
4
10
8077
1
4650
15
2453
5156
1
7
11
5
1
2
121352
3544
1
1735
6006
73
9417
28772
3596
11
32
10
18
2:2
132
21
49
5
73
20
53
36
5
87
54560
723
8
159
59
0
98
7
92
12
17
145
27
2:12
1
11
3
725
131
31
57
6
16280
4654
3093
10208
7894
899
247
1105
78
873
189
665
436
366
166
5
4
2
16
27
1
3
39
19
28
34
20
8
1
31
9
28
3
1
43
47
4
6
30302
9978
26
64
176
69
31
126
12
462
125
1
296
56
25
17
479
9
57
18
41
103
47
5
31
6
4
20
19
273
331
57
32
18
6
4
13
38
30
14775
140
2059
13
9666
56
2:1
150
12
116
90
2
11
7
2:20
0
15
11
24
30
12
10
5
56
7
31
4
7
11
-488303
97
107
48
574
11
92
188
80
6
18
150
136
231
120
622
866
78
277
261
510
239
38
108
195
137
87
305
35
313
247
213
53
0
176
43
323
166
386
360
54
165
80
121
20
289
86
32
10
143
44
218
336
48
148
44
134
303
65
401
193
319
200
62
39
15
266
3
358
208
488
76
203
592
345
82
255
349
160
78
16
34
0
360
130
268
2
123
87
95
400
19
59
657
155
309
323
138
55
10
27
41
89
17
25
44
7
49
24
123
108
91
156
114
38
16
30
8
144
167
38
89
349
309
49
242
353
109
0
206
449
502
95
307
12
0
304
171
285
21
324
203
194
451
43
0
42
195
12
995
76
97
22
252
139
32
217
156
556
3
315
89
66
193
18
262
30
17
33
152
74
156
16
95
195
48
12
286
33
695
129
331
10
727
177
73
22
105
151
12
96
392
157
98
24
373
625
31495
165
96
67
220
127
983
135
236
99
215
16
7724
12399
13177
8960
6495
12297
882
3424
474
509
4167
2
8
4
1418
13
3523
103078
227
24452
41733
154
12
59
29
46
114
6
85
38
7239
48123
33
17
35
8
157
75
15
12
57
12
205
1
2
8
2
15
30
17
36
672
14
6
12
37650
5227
2706
45
1691
105
134
47
59
13
18
31816
0
8890
79
462
172
41
14
78
130
287
135
155
173
120
33
31
638
50
51
14968
11942
17
285
185
-488738
171
60
57
550
213
283
398
114
239
355
108
121
200
198
322
377
88
399
201
132
384
130
64
261
0
626
0
278
96
222
122
327
58
302
463
722
37
1362
60
267
100
203
36
274
471
12
206
61
277
1025
224
101
383
832
12
135
41
110
106
261
38
582
108
429
478
615
124
92
88
172
531
112
64
51
77
31
18
22
564
885
172
288
358
790
26
37
5
68
530
590
369
267
472
423
342
178
507
452
150
90
31
3
404
170
810
834
590
132
145
516
1022
835
493
2
57
144
369
147
337
12
60
61
98
0
118
20
81
34
48
120
31149
385
419
75
8
65
0
94
1076
437
53
5609
5647
8959
7438
16464
427
4297
9466
17
9124
4619
131168
78
23
42019
6
154
28
11058
44843
92
1
4
50
4
74
19537
8563
15176
3184
1629
0
5
113
136
6
40278
1463
200
43
76
279
179
140
692
118
15019
11800
89
44
94
19
64
201
1423338000
599:0
1
299:0
1
195:0
5
3
0
-1
-2
-1
7
-7
0
28
178
-122
-77
2:-1
-2
0
6
-7
4
-3
8101
-8100
2:4
-10
5
-4
487
-490
22654
-22457
-11
38
-82
-142
7
-6
-1
2020
-2017
5
-8
1
244
-163
-76
-6
3
2
129
-131
-3
382
-375
28
-30
1
182
-182
735
-559
-180
58
23
-83
2
39
-33
-3
0
-5
36
-35
416
-361
-53
-2
3
467
-468
1
5
20
-23
2056
-2061
1
53
116
-112
-30
-19
-4
2:-3
8
-3
-5
2:1
0
3
2
-3
303
-304
60
346
-351
110
-164
-2
14150
-13684
-457
-11
2
639
-636
514
-490
669
-695
-2
1
4
-5
2
4
-4
958
-958
69
-13
-29
-27
-1
-2
7
-1
-4
30
156
-144
-44
55
-54
512
-511
3
-5
425
-424
87
-24
-8
-55
2
33
15
468
-471
-19
128
-5
-150
7352
-7353
1446
-1438
-8
58
-56
7
-5
791
-796
40
256
-288
51
-57
40
-36
5
2:-3
-1
-2
556
-549
-9
35
68
-31
-63
80
-82
3877
-3796
-78
-3
60
-67
192
-189
0
597
-548
-17
-34
4
141
-137
-7
-1
3
0
209
477
-690
91
-4
-85
0
4
712
1917
-2635
163543
-163537
9867
-9671
-150
-51
290
-209
-78
1
7
414
-426
2
3
181
-154
-29
-3
56
-53
8
-2
-8
116
-70
125
-166
1
-5
320
-312
39
-11
3
1161
-1194
-2
-5
1
7
-8
1
200
-202
95
84
-179
10
-5
-4
3261
-3257
-3
-1
1190
-1187
0
4
36005
-28139
-7865
150
-90
-65
48
-44
38
75
801
-919
-1
-2
40
53
1446
-1531
-5
3164
-3167
97
201
41750
-41992
347
-355
-48
28
586
-611
2
-2
2
25
1
81
23
-62
38
-13
-43
-23
4224
-3910
-299
22
-68
2:4
-9
2
5145
97741
-102886
0
3
5756
-5461
-267
56
84
-115
286
4506
-4765
2985
-3067
268
-230
571
-610
1
-1
80
-77
53
-52
-6
399
-390
1595
-1601
135
7847
-7982
167
106
-248
-21
-2
29
199
-172
123
-155
436
274
-701
1499
-253
-1284
1
3
470
-436
53
-88
2214
-2135
-41
-33
69
180
760
-810
-199
80
581
-667
51
-16
-37
11
-7
1374
1335
660
-3366
-6
29
-27
30
1988
-2020
366
-360
57
-64
37
67
-74
-21
-5
-2
-1
51
-45
2:23
-48
45909
-45721
-188
45
20
-34
102
-138
418
-211
4500
-4706
7
-7
6
44
-48
-2
1095
-1096
5
45
-46
2
-2
-4
1019
3990
-5009
56
-54
-2
68
2
0
50
-87
343
-323
4992
-4937
-35
-63
55
43
844
-952
5
6
-10
6
-1
1235
-403
-833
3
-1
-4
2
-3
146
-140
38
125
-74
59
-147
45
-48
-4
122
-119
0
13513
-10298
-3090
146
-275
51405
-51376
-21
39
-45
342
16597
-10695
-6097
-118
12
4492
-4491
3043
-3045
137
-47
-133
11
150
-150
-11
422
794
-1150
31
27
18
203
1552
-1293
23582
-24098
19
-99
-7
5
40
-42
1262
-1260
45
-43
-6
0
165
-114
-53
31
472
-460
-41
25
-24
188
-191
1
2040
-1823
1498
-686
-774
-166
-60
-25
-1
-3
1
0
118
-119
0
2:2
365
-364
50
-46
581
-591
73
302
-376
-1
29
-29
0
30
-7
-23
-1
2:0
2
0
-1
14
-15
1
2:0
1
2:0
14
3
-18
-1
16
-16
2
-1
1
21
-22
1
-1
17
7
-23
16
-16
26
-28
0
2
2:-1
15
5
-19
23
-24
19
8
-12
4
-18
20
-20
16
-16
-1
0
25
-24
1
-1
0
23
-22
-1
0
2
-3
2
-1
1
-1
20
-19
0
1
-2
-1
16
-15
2
-2
0
1
20
-22
0
24
-24
1
2:0
15
-14
0
13
12
-3
-23
1
-1
1
-1
1
0
-2
2:1
-1
2:0
1
14
4
3
-21
18
-5
-14
22
-21
-1
0
-1
17
9
-11
-14
-1
1
-1
2
15
9
-25
2
-1
13
1
-15
1
-1
17
-17
0
1
0
20
-21
18
3
1
-22
0
-1
0
20
-18
27
-11
1
-19
2:1
15
-16
2:0
18
-18
2:0
1
29
-30
0
-1
2:1
0
23
-23
0
-2
17
2
-19
2
15
-15
-1
0
1
17
-19
1
2
2:-1
0
1
25
-27
23
-23
2
-1
0
1
22
-6
9
-24
-3
2
0
18
-18
-1
17
5
-22
20
-20
-1
1
14
-12
-1
13
-14
3:0
1
0
-1
0
26
-24
-1
15
-2
10
4
-28
17
-16
29
-29
22
-23
2:0
24
0
-24
18
-16
24
-27
1
0
27
-27
2:1
28
-29
27
-27
2:-1
14
-12
26
-27
17
-17
13
5
-16
2:-1
0
1
25
-6
-3
9
1
-8
-3
11
-26
-3
4:0
1
-1
2:0
1
-1
0
1
-1
0
1
-1
1
-1
2:0
1
3:0
-1
4:0
1
-1
0
1
-1
3:0
1
2:0
-1
1
-1
0
1
-1
0
1
0
-1
0
1
2:0
-1
1
0
-1
1
0
-1
5:0
1
-1
1
-1
2:0
1
4:0
-1
1
-1
1
-1
1
0
-1
6:0
1
-1
0
1
6:0
-1
4:0
1
2:0
-1
6:0
1
-1
1
0
-1
1
0
-1
0
1
2:0
-1
2:0
1
-1
1
-1
1
-1
1
-1
1
-1
1
0
-1
1
-1
1
-1
2:0
1
-1
1
2:0
-1
2:0
1
-1
1
2:0
-1
1
-1
0
1
-1
0
1
-1
3:0
1
-1
2:0
1
-1
4:0
1
2:0
-1
1
-1
1
2:0
-1
1
5:0
4
-4
2:0
5
-2
-3
0
1
0
-1
2:0
4
-4
150
-150
0
1
-1
1
0
18
-18
19
3
-19
-2
2
34
-38
1
-1
3:0
1
-1
30
-30
3
-2
-1
0
10
-9
-1
36
-35
1
-2
0
5
-4
14
-14
0
10
-11
2:0
5
-3
-2
1
-1
6
-6
2
-2
2:0
2:1
-1
0
-1
2
-2
35
-35
0
2:2
-3
3
-3
1
-2
0
2:1
-2
0
1
-1
0
5
-5
12
-12
0
26
-26
10
-8
-2
9
3
-12
0
1
10
-11
14
-11
1
-4
5:0
2
-1
5
-6
6
-5
0
3
-4
4:0
4
-2
5
-7
2:0
24
-24
2:0
49
-49
12
-8
-3
1
-2
5
2:-2
5
-6
1
88
-89
3
-3
0
2:1
7
-9
1
2
59
-62
5
20
-25
2:0
8
-3
11
-13
0
-3
0
1
-1
0
3
22
-24
-1
40
-39
59
-48
-10
0
2
-3
18
-16
-3
23
-19
8
-12
0
19
-18
-1
2
2:-1
24
-10
-14
6
2
-8
3
0
4
98
-105
2272
-2272
123
-94
-21
-7
10
-3
-2
-6
6
-4
-1
1
-2
27
-23
-2
-1
13
-14
6
-4
3
-2
0
22
-23
2
-4
60
-58
0
12
-10
13
-17
0
2
-2
3:0
8
-6
21
9
-31
2
-3
0
49
-49
2
0
17
-17
2
-2
1250
-1053
-199
7
-7
0
9
-5
-1
11
7
-18
-2
2:0
11
28
-35
-3
26
-28
2
1
559
-562
0
9
-8
-1
59
-56
1
-3
4
1
-6
18
-18
5
34
-25
-8
-2
192
-95
-90
-6
-5
2
0
-2
2
38
1130
-1170
0
1
137
-137
0
4
10
-6
12
199
-206
679
-686
-3
-4
83
-83
3:0
8
22
-30
0
23
-19
120
-123
5
182
-188
22
-9
-3
-9
-1
5
30
-32
61
-54
45
139
-188
17
-21
-2
2:1
12
-10
7
-11
2
34
-30
-5
5
32
13
-1
-46
-2
35
-36
-1
3:0
1
78
-1
-70
-7
2
-2
0
3
26
-28
12
-10
-1
-3
11
36
-39
-3
-1
-4
3
-1
-2
39
-35
0
277
-276
-2
-3
47
-45
23
-25
0
15
670
-684
-1
0
2:1
-2
0
12
-11
-1
2:0
1
-1
1
13
203
-217
2
-2
1
15
-16
0
16
-13
5
9
725
-703
-32
-5
25
-7
-2
-18
8
-8
1
-1
0
7
0
-5
2
-3
1
2
-4
11
-9
2
29
-23
-4
-5
2
-3
1
23
-24
1
20
254
-273
2
-4
262
-258
-1
9
-10
83
538
487
-1098
-8
2
275
-277
112
-109
10
-7
-9
0
4
-4
0
59
169
-228
33
-28
37
-28
23
82
659
-774
29
-28
-5
-1
2:1
21
-14
-3
-4
-2
5
7
-5
-7
13
29
-42
1
8
-7
6
-8
3
29
-16
-14
47
-22
-15
1
-11
-2
3:0
19
-19
1
2:0
164
-165
4
0
28
-32
4
17
-21
5:0
4
-3
-1
2:0
1
-1
0
1
-1
6:0
1
-1
2:0
6
-6
2:0
1
-1
1
0
-1
5:0
2
-2
4:0
2
-2
0
5
-5
4
-1
-2
0
-1
7
-7
2
-2
4:0
1
0
-1
2:0
1
-1
6:0
3
-3
2:0
1
0
-1
5:0
1
-1
0
3
-3
2:0
1
-1
0
2
1
-1
-2
3:0
2
-2
4:0
1
-1
3:0
1
2
-3
2:0
3
-3
3:0
1
0
8
2
-5
-6
3:0
1
-1
3
-3
3:0
3
-3
0
1
0
-1
4
-4
1
2
-2
-1
4
0
-4
1
-1
0
2
1
-3
1
3
-4
0
1
5
-6
2:0
8
-8
2:0
1
-1
3:0
1
-1
1
4
-4
-1
0
2
-2
1
-1
1
-1
2:0
2
0
-2
0
2
2:-1
2:0
10
-10
4
-4
4:0
2
3
10
-14
-1
2
-2
2
-2
0
1
3
-4
4
-4
0
2
6
-8
1
4
-5
0
2
0
-1
0
-1
4
-1
-3
0
11
-10
1
2
-4
4
-4
9
-8
8
-9
2:0
8
0
-8
2
-1
2
-3
2:0
1
0
-1
0
1
-1
6
-3
2:-1
2:0
8
-9
2:0
6
0
-4
-2
1
0
-1
0
9
3
-9
6
-9
0
1
-1
6:0
1
0
-1
8:0
1
-1
9:0
1
-1
5:0
1
-1
20:0
1
-1
10:0
1
-1
12:0
1
-1
3
-3
0
1
-1
14:0
1
-1
3:0
3
-3
6:0
1
-1
2:0
1
-1
1
0
-1
3:0
1
-1
25:0
1
-1
5:0
1
0
-1
2
-2
4:0
2
0
-2
17:0
1
-1
0
1
end
