v1
1016
584
449
401
25
624
214
170
167
1
57
48
8
22
28
416
76
657
288
732
159
234
591
135
101
182
152
194
307
27
133
908
270
316
225
534
20
156
51
292
136
232
242
144
574
275
297
247
381
442
104
235
126
650
159
106
239
686
254
27
121
651
394
275
16
43
50
387
675
109
295
237
28
17
38
43
4
8
26
31
182
7
10
118
73
9
74
59
14
50
35
30
95
17
245
447
170
3
120
206
433
110
304
10
33
6
116
459
141
85
101
128
169
3
151
282
427
14
299
48
66
17
70
229
41
1511
301
460
56
109
2
24
344
75
50
655
26
328
229
33
29
147
56
80
128
126
7
8
147
433
447
265
184
452
175
191
8
11
32
74
478
54
47
50
11
127
19
1
88
153
59
5
23
207
633
60
63
189
31493
5
22
9
204
90
40
173
0
76
120
36
30
1152
68
111
237
15
3
3357
2211
328
1553
5140
10801
15
2650
4766
11922
2988
4451
8113
3686
958
13
2453
5162
121360
3545
7741
73
9417
32411
32
11
378
5
55694
36
57
6
12
17
145
27
24
1
11
3
732
22
16476
25935
2243
1016
46
665
802
166
2
3
22
31
86
31
23
8
69
3
1
90
9
1
40280
90
876
125
1
309
68
17
202
277
9
57
2:9
144
83
28
2
19
661
50
6
17
38
14888
2129
9723
1
162
116
21
69
75
46
41
99
11
4
7
23
-488661
113
206
30
110
80
48
80
109
206
43
31
21
115
24
48
52
4
74
56
82
33
169
26
84
21
65
28
235
276
36
2
44
4
81
57
19
39
37
442
17
7
181
312
58
99
132
135
386
35
362
28
210
70
169
180
160
65
50
325
235
20
61
25
99
33
93
295
15
91
146
67
0
70
25
140
9
34
61
71
63
50
124
222
16
9
21
5
130
7
101
11
195
205
18
9
59
272
96
79
1
5
23
83
46
178
196
380
101
65
0
62
109
33
2:43
107
31
166
17
65
86
141
310
1
15
101
36
129
112
261
72
124
31
180
35
37
210
10
354
69
28
4
13
236
349
44
134
32
161
39
30
25
30
172
72
182
130
66
142
58
231
537
73
229
108
30
204
55
164
270
116
99
44
170
72
67
196
24
2
183
121
27
41
89
7
10
3
2:2
18
2
7
9
11
22
47
2
17
5
2
123
3
14
83
86
13
10
7
107
17
14
1
76
20
18
35
19
69
113
192
31
98
16
306
309
131
160
35
86
10
47
2:284
191
42
138
54
489
4
32
23
31
271
44
0
272
144
275
6
41
100
30
136
33
5
358
5
402
157
42
8
12
184
53
133
355
450
7
185
10
417
8
476
126
215
483
34
229
13
6
11
6
220
200
118
12
142
41
38
271
283
111
205
143
260
201
84
5
252
160
282
215
37
6
26
113
65
73
89
189
15
28
24
4
429
45
66
30
11
89
3
253
108
142
53
15
1
72
21
257
126
31
31449
16
30
119
11
31
40
81
376
954
54
56
8
30
156
209
188
5837
5329
1028
7928
1092
14552
790
830
7479
3883
1391
10
8075
2
17
2809
1825
2955
509
2
4158
1
6
1
16
1
1427
17
3506
119948
7717
102
41831
3
43
12
9
69
52
4
19
21
0
37
36
9
11
16
56
7277
28796
18596
703
37
41
130
145
15
30
58
198
2
1
2
6
2
3
12
83
643
43
182
3445
9355
8134
3093
1178
3879
7155
5890
584
315
165
82
2056
88
1202
537
6
19
24
0
43
5
44
8
25
28
0
31
6
3
75
22
29
30308
10004
143
97
69
31
21
68
37
12
634
41
265
253
279
114
155
41
5
4
303
0
75
256
19
25
50
51
14828
140
82
1977
9735
165
101
49
19
49
0
73
10
133
104
0
26
-488906
198
308
51
6
733
510
92
314
16
373
156
485
428
149
380
171
435
5
223
136
51
56
87
119
549
65
382
114
176
563
157
412
443
313
26
28
5
140
6
750
41
408
47
141
147
349
36
466
270
21
267
33
340
505
392
273
916
287
108
653
129
15
116
904
95
1004
291
379
558
38
18
22
2
22
34
310
211
54
4
131
403
294
65
259
59
1027
381
136
244
1081
52
273
4
861
332
2:7
272
1130
35
627
131
37
5
40
57
123
637
62
40
564
232
166
47
443
221
220
128
358
97
104
248
135
32
89
19
25
97
233
211
169
320
118
9
57
23
511
199
21
351
47
148
60
15
140
31603
2:83
77
107
96
7
1308
512
272
5556
4638
4531
1422
7340
3793
1246
15217
2585
872
10744
6
16
8096
1025
129792
6002
38266
2624
1072
243
85
57
71
10928
44312
51
250
73
57
146
47
54
754
34459
12954
135
7
25
36
121
31834
8890
517
328
693
35
242
31
10
217
13
507
4
73
27214
102
80
49
23
1423686600
299:0
1
499:0
1
215:0
51
-21
45
-15
9235
-9124
-25
-88
-30
253
141
1550
-1907
241
-222
9
-67
485
-363
-118
824
-681
-50
-85
571
-572
342
-264
-14
129
-192
88
-89
1278
-1257
121
184
-81
-244
584
188
-751
-31
554
615
-1049
-117
55
3131
-3099
173
357
-593
-11
65
1894
-1926
-47
31
-13
70
512
-551
-25
4
60
122
83
-245
86
-123
-14
19
348
-329
134
-128
-39
11
-6
299
-104
-174
22
7816
-7848
68
73
31
-23
138
-218
185
-121
57
-193
1622
-1504
-97
-23
385
-400
138100
-135923
11303
-13304
-50
-91
16
-39
84
-23
-15
-59
157
134
-260
-30
641
-602
18
-52
41
275
-239
237
2312
-2611
8
224
-250
66972
-57970
-9005
86
49
-133
73
-57
18
14
-36
5
1389
1295
-2701
89
27005
-26801
-227
-64
297
-197
-65
-27
5587
-5416
-73
-102
440
123397
-123776
119
7323
-7505
184
-80
-25
-62
-9
10932
-6972
-3969
-4
4
59
1772
-1611
4723
-4612
-194
-97
-35
446
-211
11
-221
349
1248
-1317
-161
-125
-17
25
-38
30
323
-298
1406
-1010
-271
-157
563
575
-1159
11993
-11602
-288
-82
90
-53
39
-92
45970
-45931
164
135
-340
6916
-6363
454
-1000
978
4491
-5240
-59
-167
104
-110
5841
-5770
-65
30
-25
80
250
-216
-89
-18
78
-6
-94
19
224
-122
-41
-46
-39
19
32946
-31834
-1112
50554
-50542
423
28818
-22473
-6750
-16
1087
774
-1814
-62
389
497
-855
625
-589
12
232
1390
-1347
-370
27430
-27337
-88
9
536
-544
107
-65
-45
45
176
-220
71
1789
-1583
139
-142
-251
243
-113
1162
-1164
-40
196
-311
3294
-2537
-782
1
-2
10
13
-14
-10
3
-2
2
9
6
-4
0
-14
15
-8
1
-8
2
-2
4
-4
18
-14
8
-5
-4
-1
5
2
-8
3
0
14
-14
9
-13
3:0
5
-5
3
-1
-2
0
1
-1
10
14
-18
5
-7
-4
2:10
-17
-3
6
-6
0
6
-3
7
-7
-3
0
10
-6
1
9
-1
-4
2
-5
-1
-2
-1
3
0
-5
3
2
-5
9
14
-21
8
-7
1
-4
4
-1
-3
2
5
-2
-5
12
-8
-4
0
1
0
18
-5
5
-19
15
-3
-12
0
8
-6
15
3
-17
9
-9
1
-4
18
-6
3
-14
12
-10
7
-10
8
-8
4
3
0
7
-6
10
-14
0
5
1
-7
-3
6
-4
21
-14
-9
13
2:-6
2
2:1
2
-5
8
-4
2:-3
21
-13
-4
3
-7
3
2
-1
13
-17
2
5
3
-2
-7
3
5
-5
-2
1
7
-5
0
-5
8
-3
-2
6
-9
5
-2
0
1
-4
0
10
-7
11
-12
5
-5
2:0
1
5
-3
-5
7
5
-9
2
-3
11
-13
12
0
6
-14
-2
3
14
-3
-10
2:-1
15
-14
9
-14
3
-3
2
7
3
-8
18
0
-14
-8
2:3
-5
2
10
0
-10
0
11
-5
-9
10
-6
-2
12
1
-6
-9
0
3
0
14
-8
-9
4
-4
0
9
5
-8
8
-10
2
-6
24
-5
-8
7
-3
2:0
-5
11
-21
0
4
8
-12
8
11
-15
15
-19
0
8
-8
0
2
0
2
16
-1
-16
5
-5
1
0
2
17
-15
-4
10
-11
-3
2
-2
20
-20
5
2
-4
1
2
-2
7
-8
-3
3
19
-15
-2
2:-1
7
-10
0
7
1
-8
18
-17
22
-19
-1
2
0
5
-10
5
15
-19
5
-5
2:3
-5
6
2
-3
11
-9
-4
2:-2
0
13
-4
-10
3
-3
12
10
-10
4
8
-17
11
-13
2:0
2
-4
0
15
-18
11
-6
-5
16
-11
-2
4
1
-8
6
-6
14
-14
8
-5
-2
13
-12
-2
23
-22
14
-15
7
3
7
0
-14
5
4
6
-7
11
-13
-4
6
-2
2
10
3
-8
-13
6
-7
16
-18
0
6
2
13
-16
-1
18
1
-21
4
3
10
-16
3
9
-5
-3
1
5
-12
5
15
3
-8
-14
15
-7
-2
16
-3
-18
6
-3
17
-12
-11
11
-6
2
12
-19
6
3
0
4
-1
-12
13
-6
5
-9
4
2
7
-8
-6
7
9
-6
-4
-5
10
-2
6
-13
5
4
3
2
-19
1
3:0
2
-3
0
1
-1
1
0
-1
2
-2
2
1
-3
2:1
-2
3:0
1
-1
2
1
2:-1
2
0
-3
3
-3
2
-2
0
2
-2
2
0
-2
2
1
-3
0
2
-1
1
2:0
1
2:0
-3
0
1
-1
0
2:1
3:0
-1
2
0
-1
0
1
-3
0
3
-3
2
-2
2
0
1
2:-1
0
1
0
-1
0
1
0
1
-3
2
-2
3
-3
2:1
0
-2
1
2
0
-2
-1
2:0
2
1
-1
0
-2
0
2
-2
3
-3
3
-1
-2
2
3:0
-2
2:0
2
1
-2
2:1
-1
2:0
2:-1
2:0
2
0
-2
2
-2
0
3
-2
-1
2
-2
2:1
-2
1
2
-3
2
1
-1
0
1
-2
-1
0
3
-1
0
-2
1
0
1
-1
0
-1
1
-1
0
1
-1
2
1
-3
3
-2
-1
0
2
-2
2
-2
0
2
-2
0
3
-3
4:0
2:1
-2
2
0
1
-1
0
-2
0
1
2
-3
0
1
-1
3
3
-2
4
-4
144
-140
-4
2
-1
11
-12
12
14
-20
-6
2
-2
29
-14
-13
35
-36
4
-5
1
5
-4
21
-23
1
6
-7
4
21
-19
-4
2
-4
4
-2
3
-2
-3
7
13
-19
-1
13
5
-18
15
-10
-5
3
12
-11
0
-3
7
-6
7
39
-33
-14
0
1
-2
147
-144
0
7
-8
3
42
-43
-3
0
6
2:-2
-3
20
5
-22
56
-53
1
-6
9
-7
20
-19
4
6
12
-26
16
-13
-3
3
82
-76
2131
-2135
108
-84
-17
-6
-2
-1
-3
1
13
-10
4
-4
2:3
44
-52
1
13
-8
11
-4
14
10
-38
5
3
-8
763
-601
-159
3
-7
1
6
-5
4
1
-4
5
46
-20
-24
-7
546
-502
-46
5
17
3
-12
-10
187
-112
-64
-14
26
923
-934
-16
168
-167
-1
7
10
-6
22
202
310
-544
12
-7
2
99
-103
221
-200
-11
-9
-5
28
31
2
-50
64
169
-219
-15
-2
-3
29
-31
2
1
2:18
4
-17
-29
49
11
-55
718
-717
26
-32
3
-3
0
8
277
-242
-12
-31
5
542
-546
10
-11
10
161
-158
-10
12
-7
2
483
-461
-27
18
-12
1
-9
-2
2:3
7
-4
-10
7
26
-26
3
-9
1
3
18
-18
-5
284
-280
69
1196
-522
-744
6
141
-82
-47
-14
39
120
-161
0
38
-37
11
15
62
-93
827
-799
-27
-2
19
-6
-13
12
-6
5
10
-21
1
30
-5
-2
10
-33
4
17
-20
79
-64
-12
-5
19
3
-22
4:0
1
-1
3:0
1
-1
1
-1
0
1
-1
6:0
5
-5
2:0
2
0
-2
6:0
2
-2
3:0
24
-24
1
-1
2:0
1
-1
0
1
0
-1
1
-1
1
0
-1
0
1
-1
3:0
1
-1
4:0
1
3
0
-4
2:1
-2
0
1
-1
5:0
2:1
-2
4
-4
8:0
1
4
-5
0
1
-1
0
1
2
-1
-2
1
0
-1
0
1
-1
0
5
-5
1
-1
2:0
1
2
-3
2
-2
5:0
2
-2
1
-1
0
4
-4
2:0
1
-1
3:0
3
-3
0
3
-3
0
1
-1
1
-1
2:0
1
-1
0
2
-2
4:0
1
2:0
-1
0
1
-1
0
1
0
-1
1
0
-1
8
-3
-5
0
2
-2
4:0
1
-1
3:0
7
-6
1
-2
0
2
2:-1
2:0
1
-1
0
3
-3
1
2:0
-1
4
2:0
-4
1
0
4
-4
1
-2
0
1
0
2
-2
1
2:-1
0
1
-1
10
-4
-6
2:0
1
-1
0
4
0
-4
2:1
4
-6
1
-1
0
1
3
-4
0
1
0
2
-1
3
-5
4:0
2
0
-1
1
-2
0
4
-4
2:0
5
-5
2
-2
6:0
1
0
2
3
-6
6:0
2:1
0
2:-1
0
1
-1
3
4
-7
6:0
7
-7
0
3
-1
-2
2:0
3
-3
0
7
6
-13
2
0
-1
1
-2
0
1
-1
0
3
-3
5
-5
1
0
-1
1
-1
0
2
-2
1
-1
3
-3
2
-2
2
0
1
-3
0
2:1
-2
2
2:-1
2
-2
14
-11
-1
2
-3
2:0
-1
0
1
-1
0
2:1
-2
4
-4
2:0
1
-1
3
0
-3
2
-2
1
-1
1
-1
1
0
-1
0
2
-2
10
-10
11
-11
3
-2
7
2:-3
3
-5
2
1
5
-6
-2
4
-3
2
2:-1
0
-1
1
-1
3:0
4
-4
0
2:2
-4
1
0
5
-5
-1
1
-1
2:0
4
-4
1
3
-4
2
-2
3
-3
5
-1
2:-2
2
-2
2
0
-2
14
-14
1
2
-3
2
-2
2
2:0
-2
7
-7
4
3:-1
5
-6
0
4
-4
1
2:0
1
0
2
-4
2
-2
0
1
-1
12:0
1
-1
0
2
-2
17:0
1
-1
3:0
1
-1
2:0
1
-1
4:0
1
-1
0
2
2:-1
6:0
1
3:0
-1
2
-2
1
-1
9:0
1
-1
21:0
1
-1
2:0
1
-1
11:0
1
-1
0
1
-1
10:0
1
-1
4:0
1
-1
1
-1
5:0
1
-1
5:0
1
-1
5:0
1
0
-1
17:0
1
-1
0
2
-2
0
2:1
-2
4:0
1
-1
4:0
1
-1
3:0
1
-1
6:0
end
