v1
893
584
159
381
105
31
21
37
141
9
8
488
119
214
100
67
228
17
39
22
146
535
564
118
102
140
592
393
527
199
34
143
152
75
31
194
307
573
495
152
181
43
23
156
31
225
277
78
179
20
156
198
145
79
374
98
59
45
370
197
106
275
292
139
64
89
341
388
54
126
213
126
376
399
34
106
269
577
79
87
130
473
186
93
84
118
276
106
169
16
34
123
219
173
24
46
242
214
80
397
188
27
29
12
33
6
32
12
31
19
6
19
25
186
7
6
2
116
73
9
74
59
62
2
30
35
41
71
127
118
377
70
173
120
72
153
150
45
219
110
304
10
33
6
116
104
180
54
121
141
85
101
41
259
146
102
185
410
31
299
10
5
33
83
70
229
41
309
444
758
301
71
22
367
167
24
42
115
187
75
50
930
22
39
247
33
29
203
80
128
126
7
8
147
419
14
447
63
101
81
20
184
229
223
175
134
57
8
11
32
414
38
100
54
47
61
6
29
92
20
88
153
59
5
20
3
193
5
19
238
385
60
46
17
53
136
31493
5
22
9
43
161
33
97
85
69
19
76
21
99
36
8
22
932
110
88
22
68
111
71
166
18
47
9
3301
2211
328
1553
5140
10816
2650
4766
5782
6140
2988
4451
8082
9
2826
882
958
2456
10
5144
16
2
4956
531
115873
3544
0
1
7741
73
9417
32421
22
147
133
114
55463
133
98
36
57
6
12
17
145
27
10
3
11
1
11
2
755
20
16456
4654
3093
5056
13132
2243
1062
665
802
166
16
11
31
39
19
62
20
8
32
37
3
1
43
47
4
5
1
30302
9791
187
26
64
176
15
54
90
67
599
1
46
212
51
43
25
17
202
277
9
24
33
18
41
103
113
205
87
375
63
23
38
14945
82
1977
13
9723
1
162
1
115
28
62
2
11
62
11
24
8
2:22
61
38
2:11
-488787
2
73
57
48
9
8
119
68
114
113
67
0
40
151
56
61
114
33
208
24
52
22
146
170
100
14
28
233
8
16
12
238
0
8
43
0
201
224
140
55
2
44
282
11
72
76
6
59
36
0
229
4
157
68
64
191
215
21
5
136
248
67
3
32
130
80
143
276
2
15
11
255
86
31
9
428
137
94
19
107
122
63
16
18
175
167
205
83
59
45
120
81
1
219
155
212
42
77
64
377
15
51
54
21
188
86
375
157
37
56
112
79
138
57
48
11
52
118
235
197
17
46
518
239
43
272
211
124
144
66
283
10
468
45
191
216
71
99
19
79
140
190
30
172
79
51
131
187
21
7
45
40
202
41
77
332
164
0
98
473
30
3
136
291
18
125
501
67
45
5
25
140
130
166
5
4
6
4
47
33
80
30
15
0
34
7
44
3
2
3
14
6
1
110
13
107
72
57
78
9
28
15
17
68
18
35
19
12
0
26
33
187
91
56
269
65
86
92
11
14
122
70
229
183
0
10
916
280
265
65
7
32
23
2
29
166
149
58
357
28
271
3
174
151
99
492
373
8
5
7
175
9
984
14
41
107
7
4
267
21
60
326
170
45
57
164
87
81
127
301
12
362
40
252
138
10
15
25
12
21
40
160
3
35
71
33
167
2
236
39
6
63
381
30
245
38
75
67
5
110
237
2:85
86
143
268
23
20
40
164
73
22
12
181
106
229
248
132
5
87
35
2:86
246
119
38
2
36
47
35
58
16
1
75
42
125
31409
4
37
40
30
139
62
75
38
77
28
1335
13
280
88
39
23
9
64
331
5565
9160
5117
4735
378
10530
5105
1389
4349
872
2652
6
0
10
8038
37
4653
34
2434
996
1014
3146
7
2:1
15
1
121355
5279
5973
40735
1167
32
14
44
7
174
74
19
30
42
17
21
65
10934
25036
18596
781
82
20
7
164
2
15
30
2
108
30
63
4
50
1
3
6
2
16
7
71
4
643
70
7982
21257
5151
3251
5304
238
203
44
1230
826
88
1202
534
2
1
12
2:19
97
55
48
94
31845
8222
609
89
0
511
32
169
12
91
176
25
7
262
223
32
21
24
200
46
5
4
30
173
0
139
109
272
5
19
32
21
14807
83
102
11749
151
115
32
36
184
82
34
1423383600
399:0
1
492:0
142
-123
3
68
-72
8
-4
-11
52
31
28
3154
-3227
-25
-3
114
-95
3301
-3320
433
-430
1642
-1618
101
-132
128
3437
-3199
-370
5
-4
4
-6
11
1
43
-21
2
-31
51
-42
-11
39
111
-10
-103
-33
268
-254
-22
4
15
1110
-1128
128
-124
51
33
-53
-30
180
46
-229
2
258
-98
-160
49
43
113
-205
78
-77
107
-89
-9
-5
49
-52
-6
14
67
143
376
-585
297
-309
353
-342
-4
0
-4
25
319
-345
52
-36
23
-45
3
13
30
45
-88
32
278
-302
195
-191
10
134
-81
-76
19
24
-33
37
299
228
-533
-42
6
27
-31
99
-94
12
-12
196
-129
131
-184
126
-142
38
-32
-12
56
378
-432
76535
-76473
5137
-5093
-107
7
66
-59
28
-36
-3
84
-64
101
-104
169
-179
23
103
-121
-16
365
-289
-69
24
118
-142
2
51
30
-70
-18
1936
-1784
-136
-13
33
10547
-8681
-1851
-43
59
-63
38
-31
-6
31
-19
829
-329
-519
31
163593
-163624
560
-560
143
-119
-20
30
339
-337
57
-78
1182
-1181
1541
-1421
-113
-19
20
367
27769
-28139
2521
-2495
-43
-1
53
-8
-15
-32
1654
-1653
2338
-2321
172
-131
-28
-24
5
-8
57
-59
1413
-831
1733
-2139
-164
144
-143
-8
383
-93
-233
170
-235
4
157
22
-180
84
-71
-15
5
27
-8
-17
-3
37
105
150
-297
62
69
744
809
-1259
7
147
-570
-4
662
-606
3
-62
3
80
-75
52
-52
3
1497
-1509
33578
-33532
59
-66
-30
0
15
404
-370
5305
-5285
15846
-15828
-17
1789
-1863
-2
58
29
-66
131
-136
5477
-5408
-63
-23
21
10
-16
134
-125
-24
0
19
24
-44
5
6
52
-54
96
-106
95
-63
207
3192
-228
-3180
-18
6962
-6951
4
353
6826
-3147
-4033
31
-51
33
3929
-3952
8
2588
-2584
292
-300
-1
-9
18
-11
106
1736
-1849
9
-6
38
-11
-12
28
164
1593
-1806
514
1218
-1711
44
1424
-1473
-17
11
53
-48
36
-42
37
-37
21
300
-156
1848
-2008
118
-46
-20
-60
13522
-13429
-88
-2
31
-3
67
-93
1270
-1216
-22
-52
-2
1
4
-5
0
5
-5
1
5
-4
-1
0
2
-4
0
3
-1
0
2:-1
7
-3
2:-2
2:0
4
-1
0
-1
-2
3
-1
0
2:1
2:-2
6
2
-3
-4
2:1
-3
3
1
-2
2
-1
5
-6
-1
1
2
-4
0
6
-2
6
-10
9
-2
-5
3
4
-9
1
-1
2
5
2:-3
4
-3
8
2:-4
3
-3
-1
0
7
-6
-2
2:2
-1
0
-2
6
-6
0
-1
0
3
-3
6
-4
4
-6
7
0
2
1
-4
-5
9
-7
0
-3
1
8
0
-8
0
3
-2
6
-6
4
-5
-1
3
1
-3
5
-5
2
-1
7
-8
2:0
9
-10
2
1
-3
0
1
3
0
1
-4
5
-6
3
5
-5
-2
7
-8
2
6
-7
2
2:0
-1
0
-2
3
-2
1
-2
8
-5
-2
5
-3
-1
2
-1
4
-4
7
-9
4
0
4
-4
-3
0
3
-4
0
2:4
0
-3
-6
9
-7
0
4
-3
-1
-2
2
-2
4
-4
4
2:3
2:-3
-2
2
-3
-1
9
-7
1
-1
0
6
-5
-3
2
-2
3
-2
3
-4
2
-2
5
-4
3
-3
0
-1
0
10
-1
-8
2:1
-2
0
2:4
-1
-3
1
-2
-1
1
2
-6
2:0
2
-2
9
-8
-1
2
7
-5
-2
3:0
-2
4
2:3
-7
-3
3
7
-6
0
-4
9
-6
-1
2
-3
1
0
6
-5
-2
-1
4
-3
2
-2
-1
0
7
-7
1
-1
2
-1
1
-2
9
-9
0
1
0
7
-6
2
-2
3
0
-4
8
-9
9
-3
-1
-3
-1
0
8
-9
1
2
-2
2:1
2
-2
2:-1
0
4
-2
-1
4
1
-5
6
-5
4
-6
-1
3
-3
3
-2
8
-7
-1
3
-2
2
-3
3
-2
6
-1
1
-3
-4
1
-1
0
5
-3
1
-4
8
-8
7
-5
0
-2
3
4
-5
0
-2
2
4
-5
0
-1
1
-1
4
1
-3
-2
4
-2
1
3
-4
7
-8
3
2:-1
3
1
3
-5
1
-1
2
3
-3
-2
-1
0
-3
3
6
-2
-7
2:0
9
-9
4
5
-5
3
0
-6
5
-3
-2
3
-2
5
-3
-2
-1
5
2:-3
4
1
-4
3
-4
5
-5
3
0
-2
3
-2
2
0
-3
3
-3
2
-2
2:0
5
-4
5
1
-5
-3
10
-9
2
6
-5
-2
1
5
-1
-5
7
-4
-5
2
-2
1
2
1
2
-3
0
1
-1
3
2
2:0
4
-4
3
-4
0
4
2:-1
100
-101
1
-1
8
-9
11
-2
1
-8
-2
6
7
-12
7
32
-40
2
-1
0
-1
2
6
-8
8
-6
3
-5
1
-1
0
3
0
8
-6
-5
6
-6
0
3
2:1
2:-2
0
1
0
-1
3
7
-11
4
-4
0
2
-2
9
-8
14
-15
2
-2
1
2
-2
-1
6
-6
4:0
13
-13
27
-26
18
-18
-1
2
1
0
-3
0
5
0
32
-36
2:1
4
-6
0
3
31
-34
13
-12
-2
0
5
-5
0
6
-6
23
-22
49
-46
2:-2
3
1
5
-9
7
-4
12
-15
28
-27
2
-3
3
-3
2
1
56
-53
1593
-1597
78
-65
-15
3
0
1
-2
0
2
-4
5
-1
-3
13
-9
-2
18
-20
1
55
-54
4
6
-2
-11
4
2
14
-15
-4
32
-23
-7
-2
4
452
-368
-85
-3
0
-1
2
1
3
0
1
47
-29
-18
-5
234
-236
33
-31
-2
1
0
4
9
-14
26
-21
-5
3
61
-4
-53
-5
0
28
481
-502
80
-88
0
2
0
10
-7
-1
131
-134
364
-365
64
-65
3
11
-11
-2
15
-16
73
-69
98
-87
-8
-2
6
-9
8
-6
-4
45
-42
-3
30
55
-82
10
-10
-3
0
6
-3
4
-3
14
-6
-5
-6
3
12
2
-3
-2
30
14
-54
-3
9
-2
21
-28
5
-2
0
1
-4
9
-5
-4
159
-154
-5
27
-26
0
8
-9
13
476
-485
3
-7
1
89
-87
-3
8
-6
3
5
3
478
-464
-22
2
-3
9
-11
7
-8
1
3
1
-1
-5
0
7
1
-4
20
-23
3
-3
33
-16
77
-94
-1
172
-167
-1
56
208
274
-538
-3
2
0
117
-118
-2
75
-72
6
-2
-5
0
-1
3
26
111
-135
-6
3
17
-16
13
-6
2
15
-28
75
113
-186
21
29
-51
-1
3
4
1
2:-1
-4
-2
3
5
10
9
-25
16
-17
5
2
4
3
-12
-1
-2
4
55
-58
15
-15
11
-12
28:0
1
-1
8:0
1
-1
1
-1
14
-14
2:0
2
-2
6:0
1
-1
9:0
1
-1
3:0
3
-3
0
1
-1
4:0
2
-2
0
1
-1
0
1
-1
7:0
1
-1
0
1
-1
6:0
1
-1
1
-1
1
-1
7:0
1
-1
10:0
1
-1
4:0
1
0
-1
8:0
2
-2
4:0
1
-1
1
-1
9:0
1
0
-1
7:0
2
-2
3:0
1
-1
0
1
-1
0
7
-6
-1
2:0
1
0
1
-2
7:0
1
2
-2
0
-1
17:0
1
-1
9:0
3
-3
0
1
-1
2:0
3:1
-3
2:0
2
-2
9:0
1
-1
3:0
1
-1
6:0
1
0
-1
0
1
0
-1
0
1
-1
4:0
1
-1
0
1
-1
6:0
1
-1
2:0
2
-2
3:0
1
-1
2:0
1
-1
0
1
-1
5
-4
-1
3:0
1
-1
4:0
1
-1
4:0
1
0
-1
6:0
1
-1
7:0
1
-1
2:0
1
0
-1
2
-2
2
-2
3:0
3
-2
2:0
-1
6:0
10
-10
3:0
2
-2
10:0
1
-1
1
2
-3
3:0
2:1
2:-1
3
1
-1
-3
2
-2
1
-1
0
1
-1
1
0
-1
4:0
3
5
-8
2:0
1
-1
3:0
2
-2
2
-2
0
2
-2
0
2:1
2:-1
6:0
1
2:0
-1
4:0
1
-1
2:0
3
-2
-1
1
0
-1
1
3
-3
0
-1
0
2
-2
0
1
-1
1
-1
2:0
1
-1
3:0
1
-1
end
