v1
1089
553
190
407
79
52
187
130
485
141
468
19
37
7
15
28
118
214
229
99
0
165
510
102
5
727
44
115
136
26
72
36
239
47
269
24
111
61
40
76
248
10
194
103
73
40
90
1
160
275
71
67
94
245
156
399
21
135
31
225
421
113
20
24
132
86
257
79
196
93
85
98
104
563
110
104
171
292
139
18
72
63
341
388
54
15
304
20
69
57
31
141
415
2:105
12
106
135
104
347
123
151
93
255
119
76
212
363
300
94
257
18
16
93
119
649
214
10
70
109
25
270
181
56
45
6
32
25
18
19
8
2:17
8
46
2
3
144
3
1
13
105
82
74
59
64
30
35
95
17
127
118
85
361
1
78
95
120
72
153
414
110
304
10
33
6
116
146
138
54
121
141
85
101
41
254
5
151
282
410
31
110
114
75
15
18
15
153
229
41
309
114
105
175
9
41
758
189
10
102
93
367
56
109
2
24
88
69
187
75
50
655
143
163
19
11
18
229
33
29
69
134
38
6
36
128
19
38
69
7
8
147
306
127
275
172
162
2
81
20
82
102
412
3
0
37
175
70
121
8
11
32
80
137
168
67
100
40
14
47
53
8
6
29
5
15
94
86
153
64
20
3
104
89
3
2
9
110
138
313
40
32
21
39
46
17
189
123
31370
5
1
9
12
9
204
83
3
44
85
88
76
8
112
36
8
22
944
123
13
72
68
111
71
166
18
47
9
3301
2211
324
4
1553
3073
2067
10816
2650
4766
5782
830
5310
2988
1797
0
2652
2
4
8078
7
2
5
3703
943
15
2456
10
983
4160
1
7
9
2
5
1
1427
119927
3544
1
7716
25
26
47
9417
28772
3607
16
26
10
8
4
167
113
20
53
36
5
54647
731
159
157
7
2
15
12
57
6
12
17
16
129
27
10
3
0
10
2:1
11
85
643
29
14
3627
12245
590
4654
3093
10208
7980
1060
1183
1062
665
766
36
166
2
1
2
6
16
27
1
3
39
47
54
8
32
0
9
28
3
1
43
47
9
1
30302
9978
26
64
176
69
31
725
1
46
306
25
17
202
24
253
9
5
19
14
19
18
41
103
78
3:5
20
19
273
425
13
6
17
15
23
14791
154
2072
9723
1
0
150
12
1
115
64
26
2
11
62
28
13
46
61
38
11
12
22
25
3
25
12
-488743
130
389
113
43
9
184
38
186
86
31
24
14
24
442
18
0
128
59
124
168
110
128
152
168
38
183
155
81
75
195
281
199
60
105
38
10
17
9
293
102
310
3
123
174
41
45
663
260
75
167
80
27
91
19
14
43
204
65
40
51
129
410
9
271
26
347
248
3
30
91
323
144
11
109
88
1
131
2
0
145
82
199
36
0
60
74
124
74
106
109
102
204
43
23
72
59
193
581
54
11
34
52
22
237
623
67
32
217
494
493
87
189
98
106
39
55
228
45
1
95
143
70
41
27
315
41
141
0
44
49
175
205
0
7
50
43
609
327
26
119
36
83
388
222
11
118
215
24
17
11
5
42
68
14
12
30
0
66
110
9
14
154
29
9
71
57
28
15
6
11
53
0
33
38
16
69
68
97
171
98
16
93
335
187
291
35
31
65
263
543
3
0
107
811
309
170
144
27
52
219
33
325
2
67
17
91
723
34
1375
29
188
117
235
53
40
131
37
93
156
6
285
4
3
493
96
140
2
438
14
125
322
81
283
620
137
41
24
192
0
420
484
3
22
6
35
22
226
6
0
52
288
9
129
20
200
100
127
132
0
118
276
24
0
105
109
28
93
23
54
48
9
98
28
31399
50
31
39
155
240
11
22
99
1146
56
25
321
174
352
9508
1377
1372
2468
9852
378
17447
2185
1255
486
2139
7
9469
1
2813
14
1840
19
12565
116405
5279
983
46924
65
91
83
72
93
27
11
55311
101
82
86
152
5
74
144
35
3
2:1
4
2:17
758
176
18638
6567
12281
5542
247
2055
1
2
86
45
1692
6
8
90
9
36
47
2:4
106
9
38
13
31821
8205
39
29
298
171
132
16
67
51
423
332
0
103
296
126
417
55
216
437
25
49
24
49
14890
139
11712
298
3
33
4
153
19
48
19
23
1
35
2:19
30
-488388
768
45
176
26
390
435
364
139
145
571
457
565
60
512
657
72
116
75
3
27
12
17
30
301
293
39
77
172
54
245
482
175
128
555
39
315
469
20
195
21
334
629
46
11
179
120
137
56
208
412
110
575
430
508
253
507
189
144
759
572
608
19
306
99
166
168
585
304
45
177
238
303
11
303
98
20
59
172
416
235
395
68
511
44
91
126
626
309
250
173
991
62
613
140
103
385
772
632
411
97
722
460
804
304
88
202
156
568
877
200
580
189
349
127
23
84
432
244
92
123
11
172
134
27
74
31619
83
17
216
130
83
1315
453
6280
1494
10074
4473
13495
6494
423
6072
17588
5631
126169
5027
73
41831
23
94
71
6
55
57
11
183
6601
4333
24702
334
19320
213
320
35
16
50
858
45
45549
1683
32
71
41518
227
105
173
327
178
45
224
46
207
616
11067
15937
33
106
138
131
1423958400
499:0
1
399:0
1
188:0
14
36
-12
81
-76
2:-13
6435
-6441
140
-140
9419
-9350
-21
155
-179
118
-76
-61
1
5286
-5250
258
33
-217
-117
25
97
-118
249
-160
-74
-14
378
-383
141
-133
225
-193
459
-414
-75
7
-12
-5
5
74
358
-420
72
5
-89
4
171
-164
-11
-4
41
805
-847
158
-99
-57
49
-36
8
29
-48
175
-146
22
-51
7
142
-138
650
-425
416
-655
0
602
-509
-54
153
-109
-82
214
-194
67
-75
25
32
15
-49
-36
62
513
-569
32
-38
20
-16
1
375
-162
-214
1366
-1362
550
-413
104
-220
-22
-3
12
-5
-11
76
21
219
-262
4
0
-43
97
223
-314
-6
1
-13
138
-137
9
-4
1
1216
-1225
-2
227
-209
142
899
-975
67
17
538
-286
-409
7990
-7985
310
-310
-3
111
-109
648
-419
-244
44
-39
425
-127
315444
-315363
17806
-17922
-252
-7
-6
1120
-950
-166
1400
-1278
-129
443
-442
153
-154
205
-197
12659
-12602
-62
14
460
-441
24
727
-786
16
-14
48
1
-44
55
-47
-15
156
-149
2517
-2372
-123
255
-282
2036
-1973
23239
-19009
-4206
-35
-39
41
-45
64
-48
69
-68
71
-82
-11
12
4805
-4760
837
-893
-7
504
-503
106
45522
-45604
423
-445
-4
332
-306
48
-72
-1
306
-306
23
-4
155
78
-114
-130
6442
-6305
-79
-64
30
-19
37
3822
-3868
30747
-30683
-38
4240
-4253
-6
45
2:-27
476
-439
3555
-3524
4193
-4258
5
356
67
-411
-19
18
-21
4
0
-3
65
-67
40
1843
-1873
70
5114
-5177
-16
119
146
-264
-1
12
958
-970
404
-203
-147
285
1848
-2171
304
-305
-16
36
481
-474
5
-22
52
0
-67
-6
240
-143
-55
2577
-2269
-339
308
1364
3116
-1980
-2819
31
4943
-4851
-105
4
-6
95
-99
14
-30
3
156
-132
-27
17
-12
43
11
-46
338
-336
78
33278
-33355
-16
27
22
-37
96
-81
408
24
-396
7847
-7909
59
744
-773
87
-103
345
-359
13
-12
1
72
15426
-15320
-178
14
17651
-17649
-14
4
186
-78
-68
-14
3042
-3061
109
-63
-52
-8
4
-6
85
23
7
-100
-3
15
3150
-3167
236
-228
22
-33
15
96
-118
72
-60
119
2605
-2735
374
-350
-25
0
11
68
52
-130
8852
-8843
1872
19077
-20952
11
6
-20
791
19811
-12633
-7973
851
-364
4121
-4567
4995
-4733
-214
169
-246
4
463
583
-1056
33
54
-18
-72
-1
365
11403
-11762
867
44
-681
12523
-12717
86
-127
5
12
-9
1115
-1041
-51
-31
92
-94
65
-45
387
884
-1278
13
1121
-806
-1
-338
1281
-1223
365
678
-1024
-57
13
159
-84
-110
254
-253
1059
-999
1502
-1564
3
1
135
-105
-42
5
-6
3
4
-5
-1
2
-2
0
3
-4
1
2:0
3
0
2:-2
7
0
-5
5
2:-2
-3
3
-1
5
-7
6
-6
0
4
2:-2
3
4
-7
3
-3
2:0
1
5
-1
1
-1
-4
5
-1
1
-6
2
-2
7
0
-6
2
-1
2
-4
-1
4
-1
-2
0
4
-1
1
-4
7
0
-7
1
2:-1
2
2:0
1
2:0
-2
2
1
-1
-2
2
-2
1
2
3:-1
0
3
-3
1
-1
1
4:0
4
0
2
-7
3
-2
2:0
4
2:-1
2
-5
2:0
7
-3
-4
1
6
0
-5
-2
1
5
-4
5
-7
1
2
-3
1
4
0
-4
4
0
-5
5
-3
3
1
-5
3
2
-2
1
-1
-4
1
5
-5
-1
3
-3
1
6
-6
2
4
-5
0
5
-6
-1
1
3
0
-2
2:2
-2
-4
4
-3
-1
2
-1
0
3:1
-3
-1
2
3
-4
2:0
2
0
-2
-1
1
0
5
-5
-1
6
-5
4
-3
-2
0
2
4
-6
1
0
-1
2
1
-3
1
-1
1
6
-7
3
-3
0
6
-4
3
-3
1
-2
2
4
-7
4
-4
6
-4
-1
0
4
2:0
-4
-1
2:2
2:-2
1
-1
7
-6
6
-5
0
2
-3
-1
2
-2
1
-1
1
-1
2:1
2:-1
0
4
-4
5
1
3:-1
0
-3
6
-4
-1
3
-3
6
-4
-1
-2
5
-4
2
0
-2
3
-4
3
-2
0
5
-6
4
-2
2
0
1
-1
-3
2:0
-2
6
-4
0
1
0
1
2:0
1
2
-5
-1
1
4
-1
-3
5
2:-3
5
-4
0
5
-4
3
-4
5
0
-5
6
-4
3
-6
2:0
1
4
-1
-4
7
-5
3:0
-2
7
-6
5
-2
-3
2:1
2:-1
2:2
-5
5
-5
0
2
-1
1
4
-1
2:1
-4
2:0
-2
2:0
-1
3
4
-6
4
-3
1
-1
-2
7
-7
1
2:0
5
1
-8
-1
1
2:0
-1
1
-1
1
0
-1
1
-1
0
1
4:0
-1
1
-1
1
-1
0
1
2:0
-1
0
1
4:0
-1
2:0
1
-1
3:0
1
-1
2:0
1
2:0
-1
1
-1
1
-1
3:0
1
-1
1
-1
3:0
1
-1
1
2:0
-1
1
2:0
-1
1
-1
0
1
3:0
-1
1
0
-1
1
-1
1
2:0
-1
3:0
1
0
-1
1
-1
1
0
-1
1
-1
2:0
1
-1
0
1
4:0
-1
1
-1
0
1
-1
1
-1
5:0
1
0
-1
0
1
-1
0
1
3:0
-1
1
0
-1
0
1
2:0
-1
1
-1
2:0
1
-1
0
1
-1
1
0
-1
2:0
1
0
-1
2:0
1
0
-1
0
1
0
-1
2:0
1
2:0
-1
1
-1
1
-1
5:0
1
5
-5
4
1
-1
-3
137
-138
19
-18
23
-24
15
-10
-4
-1
0
52
-1
-42
-8
26
-27
6
-6
2
3
-4
49
-50
1
-1
1
0
5
-6
1
4
-3
2
-2
2:-1
2:0
12
-11
0
1
6
-8
2:2
-2
1
-2
9
14
-23
10
-7
-4
2
1
3
-4
-1
2
6
-8
0
2
6
-8
22
-23
7
-7
2
3
4
-8
13
-14
1
17
-13
-2
-1
0
-2
1
-1
1
4
1
-4
2:-1
0
1
0
1
-2
0
17
-17
52
-51
14
-14
-1
2
1
-3
0
50
-48
-2
2
7
4
-11
0
72
-71
5
-3
-4
0
2:1
17
-15
1
0
-4
29
-31
51
1
-36
-12
7
-2
7
-14
11
-8
8
-13
1
20
-16
3
-3
-5
9
-7
97
-90
1868
-1874
89
-57
-34
4
0
10
-11
3
-2
-4
-1
34
-33
13
-11
5
-4
-1
16
-14
-5
61
-49
1
5
-15
2:1
0
-2
-1
18
-20
4
22
-26
44
-36
-2
9
-11
-4
3
1046
-914
-127
-2
-4
5
-6
1
2
5
-1
2
-10
5
-5
7
0
38
-38
-4
32
-30
-1
409
-413
49
-49
2
1
0
5
-3
-4
27
-27
4
0
35
-26
-10
-1
214
-117
-89
-10
1
0
1
42
-45
998
-988
-8
168
-165
-4
-1
1
0
24
-17
202
-207
747
-746
-2
19
101
-121
-1
2
4
-6
13
-11
5
-4
7
173
-181
1
228
-230
-1
22
1
-16
-7
2
35
-33
80
-70
-10
47
218
-261
22
-30
1
2
7
-6
2
4
33
-31
-7
-3
4
36
-42
42
0
-41
32
22
30
-81
-4
2
471
-468
-2
1
14
38
-54
-1
3
5
-8
4
-4
0
-1
20
-20
18
-17
2
4
242
-249
5
-1
28
-29
24
-26
-1
2
7
761
-768
-2
0
2
-2
1
15
-16
2
0
-1
9
558
-565
-1
12
6
-15
2
-6
9
-3
8
5
557
-577
46
-37
0
-4
2:0
19
-10
-5
-4
5
-8
-2
2
-1
1
8
-6
4
3
-10
13
-11
17
-20
1
12
-12
2:0
2:3
-7
1
22
-16
33
320
-355
7
1
-11
83
315
724
-1120
7
18
276
-305
71
-62
13
-13
-5
-3
60
229
-278
5
-15
48
-43
-5
16
31
-49
2:0
124
546
-666
39
-39
-3
0
5
20
-6
-14
0
-1
-2
16
-16
18
-19
8
-8
29
-9
0
-22
55
-52
25
-10
-5
12
-15
17
-25
-1
92
-93
23
-20
9
-11
0
3
-1
-2
-1
7:0
1
0
-1
0
1
-1
0
1
0
-1
2:0
1
-1
1
-1
2:0
1
-1
1
-1
2
-2
2:0
1
-1
1
-1
8:0
1
-1
1
2
-2
0
-1
1
-1
12:0
1
-1
2
-2
1
0
-1
6:0
2
2:-1
6:0
1
-1
5:0
1
-1
0
1
-1
0
1
-1
0
1
-1
2:0
2
2:-1
0
1
-1
0
2
-2
0
2
2:-1
2:0
3
-3
1
-1
3:0
4
-3
0
-1
12:0
1
-1
1
-1
1
0
-1
0
2
-2
4:0
2
-2
0
3
-2
1
2:-1
5:0
1
3
-4
2:0
3
-3
3:0
1
2:0
-1
1
-1
1
-1
3:0
1
-1
1
-1
2
0
2:-1
0
1
-1
2:0
2:1
-2
0
3
-3
3:0
3
-3
6:0
1
-1
1
-1
0
1
-1
3
6
-9
2:0
5
-5
3:0
4
-3
-1
3:0
2
1
-3
2:0
3
-3
0
7
-7
2:0
2
-2
5:0
1
2:0
-1
2
-2
2
2:-1
3
-3
1
-1
3:0
3
-3
1
-1
0
2
2:-1
0
1
0
-1
1
-1
0
3
-3
0
4
2:-2
2
-2
1
0
-1
2:0
1
0
-1
1
0
4
-4
-1
0
4
-4
0
4
-4
2:0
2
3
-5
0
1
-1
2:1
0
-2
1
-1
0
1
-1
2
-2
4:0
2
-2
0
2
-2
4
-4
0
4
-3
1
0
-2
6:0
2
-2
4:0
1
0
2
-2
-1
2:0
2:1
-2
3:1
-2
-1
1
-1
0
1
-1
6:0
3
-2
-1
0
2
-2
10:0
2
-2
51:0
1
-1
13:0
1
-1
16:0
2
-2
1
-1
0
1
-1
4:0
1
-1
2
-2
12:0
1
-1
8:0
1
-1
1
-1
26:0
1
-1
2
-2
6:0
1
-1
5:0
1
-1
2:0
end
