v1
901
207
3
23
351
159
222
75
53
136
52
23
0
164
8
124
17
39
49
31
347
110
104
337
58
17
39
7
15
127
19
374
41
120
7
165
229
33
55
2:7
9
170
102
140
297
2:295
98
455
136
135
34
27
40
268
56
10
73
121
22
81
37
167
71
7
58
24
25
388
44
234
61
156
152
247
156
0
31
225
277
249
8
20
67
89
7
79
112
82
63
79
57
139
100
176
59
415
192
1
110
104
171
292
139
16
137
120
221
442
126
213
69
232
102
380
152
27
79
135
104
117
183
17
30
199
15
125
281
2
169
71
73
118
332
7
118
182
94
275
16
15
140
67
351
288
286
8
14
45
48
2
288
188
56
26
57
25
18
19
8
34
7
1
0
46
5
14
77
53
4
118
82
66
8
45
78
30
5
30
3
35
74
98
29
89
29
447
173
120
72
153
195
219
110
304
10
39
116
284
54
121
141
85
101
41
36
51
169
3
433
441
19
91
189
10
5
23
8
2
153
229
41
423
280
9
41
758
301
53
30
10
367
56
109
2
274
94
2
73
50
655
336
0
247
33
29
51
96
50
86
128
19
38
69
7
8
147
419
14
153
458
36
65
77
107
315
137
175
17
53
63
58
8
11
32
363
22
67
100
54
47
7
54
35
54
6
52
2
86
153
59
5
20
3
104
89
5
327
315
21
39
63
155
34
31493
5
1
21
9
43
194
97
85
69
19
76
66
54
36
8
22
986
166
68
111
114
123
18
0
47
9
3301
2211
328
1553
978
2095
2063
1
3
2127
5453
3236
1878
772
4766
2526
2466
6930
2988
4451
4
8087
1
2825
882
958
2466
5143
1
16
2
1420
13
106829
13098
3545
2718
4999
24
73
9417
32421
18
4
92
61
101
26
109
5
16
54631
816
67
66
98
9
27
57
6
12
17
36
93
16
27
11
2
11
1
11
2
1
77
677
20
16456
4654
3093
18188
813
247
1183
1016
711
436
532
2
3
22
31
39
5
14
28
34
20
9
8
23
37
3
1
43
25
22
4
5
1
40280
26
64
176
69
31
126
474
125
1
13
0
33
0
306
25
17
202
275
2
9
57
18
41
103
47
42
0
4
9
30
273
425
13
6
17
38
14945
82
1977
13
9722
2:1
162
1
101
14
18
10
62
2
11
62
35
30
22
99
2:11
-488554
9
206
20
299
158
88
56
108
33
229
30
22
196
27
49
23
69
8
46
170
140
83
107
151
20
200
421
81
187
11
168
149
64
149
117
210
14
261
94
482
130
138
15
70
193
179
7
192
0
96
6
221
81
33
63
23
43
135
113
114
145
108
74
119
148
141
175
113
317
146
71
36
76
523
5
56
255
61
54
354
23
165
62
67
18
202
101
0
46
27
234
159
174
0
19
447
29
61
195
4
18
259
122
0
190
176
429
466
28
151
17
120
117
64
109
662
71
116
103
119
41
100
11
231
85
141
261
168
302
228
168
1
57
8
99
243
456
7
177
37
114
25
184
106
9
33
80
70
9
8
23
3
79
24
117
121
104
118
62
33
19
56
16
38
70
241
325
151
234
366
121
10
153
108
2
114
158
45
226
42
348
392
139
207
58
44
0
170
46
98
275
6
41
153
460
353
103
157
15
35
5
7
0
370
968
17
334
245
1
42
40
112
19
82
48
9
85
197
163
181
223
229
56
233
51
156
46
44
193
74
10
100
115
2
156
20
122
1
389
0
71
324
138
74
247
246
224
42
108
80
131
180
17
292
14
121
72
189
180
32
48
23
11
24
0
105
13
54
42
10
204
109
38
0
6
41
163
93
31533
91
152
17
69
2
12
92
32
73
90
1258
130
93
9
90
104
67
11
330
24577
12528
4874
423
446
3480
3524
16
8068
7
1
4652
2468
487
1548
3146
2
1446
1021
118886
3543
7768
51
41781
73
13
11
4
7
78
91
5
93
30
23
46
36046
19365
12
109
164
17
2:15
120
17
119
13
741
219
4
3447
15192
10447
5151
3251
5745
2100
1825
8
6
2:19
52
92
13
35
57
31890
8273
473
174
719
5
92
86
18
3
10
13
14
163
59
75
111
155
12
0
50
72
386
164
56
300
109
28
26996
135
23
45
19
142
1423027200
499:0
1
400:0
20
-1
183
-194
1
18
-18
-1
115
-100
-10
-2
106
-110
2:0
28
-21
0
3612
-3615
3
7
458
-388
1812
-1886
3
5
20
-38
10
-2
-3
23
-28
7
-6
11
-7
6
-9
3
53
-56
237
-150
486
-561
514
-412
-113
37
55
-92
457
-439
-12
72
668
-738
10
1
-22
1
264
-61
-185
141
-157
96
-83
3
207
-154
-58
-6
994
-940
-54
-6
29
2234
-2251
-5
9
-12
-4
0
25
-7
-20
8
1
99
-103
5
-9
17
591
-601
94
-82
-9
-10
30
-24
296
-126
-153
156
-120
-57
-2
1
-2
0
162
1540
-1695
-7
44
-43
2:0
-1
26
8
-8
-24
2:-1
1
0
2956
-2946
1
612
3550
-4153
-13
20
-11
379
-187
-209
143
-134
9
-13
40
-16
-22
87
-88
235
-207
-14
36
-44
14
-26
6
-2
2
59
-63
16
-7
29
119
446
-595
28
-30
46
47
-54
70
-84
-32
18
-17
-1
0
194
-50
-114
-21
-2
2
18
-17
309
-312
83420
-76804
-6316
-290
64
-62
160
-169
-11
972
-969
6
22
-5
18
-29
-13
8
95
-87
-3
-5
4
819
-830
111
-4
-96
-7
0
11
160
86
-157
1208
-1287
2030
-2055
3
7
-1
17357
-16956
1886
-2194
-102
10
0
39
-13
15595
-15631
11
-9
11
1289
-1303
0
419
-416
27
12789
-12776
715
-713
-3
203
40
-280
246
-251
153
-58
-94
888
-889
17
3304
-3211
-98
1996
-2004
11
240
19426
-19588
-67
2407
-1839
-523
-72
23
-18
365
-371
23
3207
-3218
870
-877
8
414
-414
23
-25
17
54
-79
1430
1670
-1205
-1851
172
-196
-21
19
76
45
-122
164
-176
-6
91
25
-70
42
-88
19
-17
8
0
71
-49
0
-22
16
110
-18
699
-792
-20
-5
-2
33
153
-183
-2
525
-522
634
-593
-44
5
265
-254
64
-78
-3
2
3
9
256
-264
10
-4
20
30197
-30220
-8
0
2:42
97
-177
533
-487
5428
-5432
-45
642
-637
-6
10
129
265
912
-1295
-11
11
232
-246
30
-29
129
-126
44
-55
10065
-10065
-1
43
9
-50
2
29
-13
63
-28
-46
14
164
-182
1
10
22
76
-87
-25
19
10
111
-15
-90
-23
-12
26
4780
8009
-12814
-1
42
-38
8055
-8044
-17
18
1522
23554
-20170
-4922
17
109
-127
25
1818
2391
-2429
-1754
-30
-19
2
79
-82
187
2211
-2395
-2
-1
6
104
-31
-43
-2
-28
140
981
-938
781
-901
-11
-56
31
-1
-31
9
10
-15
-3
397
-400
1
23
4
-20
-1
33
81
815
-464
1648
-2115
8
475
-481
17
-3
-15
22
294
-318
22
16
117
-159
98
-105
0
2
1
-2
-1
5
-1
2:-2
-1
2
-2
0
6
-5
0
-1
4
-2
0
-2
2
3
-2
1
-2
0
-2
7
-5
-2
5
-1
2
-4
-2
0
6
-3
2
-3
-2
3
-3
2
-2
6
-5
0
1
-2
6
-4
-1
2:0
2
-1
1
-2
3
-3
2:3
-2
-3
-1
3
-3
1
2:0
1
3
-4
-1
0
5
-5
2:0
1
2
0
-2
1
-2
0
1
2
-3
0
1
0
-1
4
1
0
-4
0
1
-1
3:0
4
0
-5
-1
6
-5
1
4
-5
0
2
1
-4
2
-2
0
2
-2
7
-7
3
2
-4
2:1
-2
2
0
-2
0
3
-2
2
-1
3
-5
3
-1
1
2
-6
5
-5
1
0
-1
5
-4
1
3
-1
-4
4
-3
2:0
5
1
-1
-4
2
-3
4
-4
0
2
-1
-2
2
2:1
-2
2
1
0
-5
4
2
-5
0
1
0
1
-1
4
-5
2
-2
1
2:0
1
2
-3
3
1
-4
1
-2
4
-3
2:0
3
1
-6
5
-2
-1
-2
2:3
-5
1
-2
1
2:2
-2
2:-1
4
1
-5
4
-2
2
2:-1
-3
3
-2
2
-3
1
3
0
-3
0
-1
5
-4
2
-1
3
-4
-1
1
2:2
-5
0
6
0
-3
-1
2:1
-3
0
2:2
1
-5
2
-2
0
1
2:-1
3
-2
1
-2
1
3
-2
4
-5
1
2:0
1
0
2
-4
1
2
0
-3
2
-2
1
-1
3
-2
2
-3
3
-4
4
0
-4
1
5
-5
2:1
-2
-1
5
-4
-1
6
-4
-2
2
3
-1
-4
2
-1
0
4
-5
2:1
-2
5
-2
-1
4
-1
0
-1
-3
-1
2
-2
6
-1
0
-2
2:-1
0
-1
4
-2
1
-3
0
6
-6
2:0
2:1
-2
2
1
2:-1
0
3
-1
-2
2
2:-1
1
2
0
2
-5
0
-1
0
4
-3
0
4
-4
2:1
-2
3
-3
-1
6
-2
2
-4
-2
4
1
0
1
-1
4:0
5
-5
2:0
3
-3
2:0
6
-5
0
110
-111
2:2
3
-7
26
-26
4
-4
4
-3
-1
0
22
-16
-6
2:0
2
-2
2
-2
1
-1
2
7
-9
45
-44
-1
6
-6
0
4
-4
0
5
-5
3
-2
-1
2
6
-8
2:0
1
0
8
-9
2
-1
1
2:-1
4
-1
2
3
-5
-2
3
-2
0
2
-4
3
-3
1
7
-7
0
1
-2
1
2
0
-3
3
5
-8
15
-15
3
-2
8
-9
7
3
-8
10
-5
-7
2:0
1
-1
5
-1
-4
2:0
3
-2
-1
1
3
1
-5
3:0
1
-1
16
-15
-1
37
-21
-14
-2
0
3
-3
6
-5
100
-101
2
-2
4
0
-1
6
-9
18
-17
6
-4
-2
0
-1
3
0
5
-5
-3
0
1
11
36
-9
-39
7
-5
0
5
-4
2
-4
0
5
-6
1
-1
17
1
-15
-2
0
2:1
-2
50
-47
1726
-1657
-43
-29
6
-2
0
-2
1
-4
2
-2
2
7
4
-9
-4
4
13
-14
1
-3
0
110
-108
6
2
-8
-1
-2
6
9
5
-19
3
1
41
-44
-1
7
-7
378
-378
55
-50
-5
-1
0
4
-1
43
-45
3
-4
5
44
-49
1
36
-35
1
212
-214
37
-38
2
-2
6
-3
13
-16
22
-15
-7
4
-4
5
72
-20
-54
1
-4
3
15
470
-469
-19
147
-145
2:-1
6
-6
14
-12
23
108
-126
146
-148
-3
57
-59
31
-28
0
17
-16
55
-54
86
-89
13
-7
-6
-2
17
-13
-3
34
-32
-3
26
53
-73
3
-8
4
-5
5
-4
30
-26
0
-3
0
6
15
0
-10
-13
1
-1
0
22
-22
0
45
-45
55
-51
-4
2
5
-5
21
-22
4
-5
2
1
2
-3
15
-14
0
172
-175
6
-5
18
-5
-14
2:0
13
673
-685
0
15
-16
2:0
5
0
81
-86
2:1
-2
1
4
1
-5
3
2
-2
754
-758
0
14
-8
-6
5
6
-9
4
-2
-4
0
4
-2
0
6
2:-2
1
-3
3
-4
35
-30
3
-9
0
3
15
342
-359
-1
1
0
232
-231
-2
6
83
859
-429
-518
3
2
-4
2
273
-131
-135
1
-8
-1
-3
4
-2
26
113
-140
0
1
0
22
-23
15
-7
-5
6
18
35
61
-120
11
-12
-2
0
2
-2
6
-7
4
9
-13
8
-1
-5
1
-1
3
-3
19
-5
31
-46
-1
32
-31
2:1
7
-6
17
-20
2
26
-13
-16
18
-18
7:0
1
-1
9:0
1
-1
2:0
1
-1
8:0
1
-1
3:0
1
-1
19:0
2
-2
6:0
1
-1
44:0
1
0
-1
0
1
-1
16:0
1
-1
1
-1
6:0
1
-1
1
-1
3:0
1
-1
9:0
3
-3
3:0
2
-2
9:0
1
-1
1
-1
1
-1
0
1
2:0
-1
2:0
1
-1
3:0
2
-2
3:0
1
0
-1
4:0
1
0
-1
0
1
-1
0
1
0
-1
3:0
4
-4
3:0
2
2:-1
3:0
3
-2
-1
6:0
2
-2
6:0
2
-2
2:0
1
-1
2:0
1
2:0
-1
4:0
1
2:0
-1
2
-2
1
-1
7:0
1
-1
2
-2
1
0
-1
0
1
-1
3:0
5
-5
8:0
3
-1
-2
9:0
3
-3
0
4
-4
2:0
2
-2
6:0
1
-1
2:0
2
-2
2:0
1
-1
4:0
2
-2
4
-4
1
-1
2:0
1
-1
5:0
2
-2
5:0
4
-4
0
1
-1
20:0
2
-2
7:0
end
