v1
962
1120
109
52
115
72
615
609
56
7
43
118
1459
307
678
236
219
136
312
258
194
22
131
822
799
393
19
410
211
287
6
218
57
232
1064
171
584
1122
64
62
376
539
135
790
478
575
1258
1235
39
75
38
31
46
353
119
14
64
65
38
3
16
182
1607
262
52
33
6
454
156
1025
129
281
141
30
159
15
33
423
703
1109
460
165
2
368
75
50
991
309
209
74
128
126
7
155
433
510
137
65
184
818
8
11
446
138
54
47
61
235
217
23
104
351
385
123
189
31493
5
31
507
232
1182
179
302
5521
328
1553
5140
10816
2650
16688
27806
8
10
6
4950
116404
11286
26
47
9417
32421
22
300
89
5
55350
344
93
18
17
172
24
769
42411
3970
968
27
31
39
47
2
52
8
69
3
1
90
4
6
40280
26
240
100
126
599
1
13
381
479
9
57
18
14
223
20
19
711
23
68
14761
11949
1
162
1
115
92
73
11
54
1
120
-488077
677
39
65
181
429
137
26
338
2:38
59
70
76
535
7
0
165
324
288
5
135
165
154
121
152
68
88
35
98
6
26
347
93
358
22
59
591
3
62
199
78
82
18
91
34
198
5
67
549
291
13
16
46
221
461
58
61
124
20
24
185
33
257
0
127
105
0
43
31
69
78
39
118
45
158
8
44
2:160
0
143
267
300
139
53
8
0
375
140
225
0
135
126
193
89
714
235
13
112
399
257
72
349
27
2
169
168
704
123
291
43
371
161
286
44
250
134
63
200
7
175
6
27
29
45
38
25
22
15
42
7
52
14
7
66
4
51
2
4
110
8
21
52
71
106
59
5
27
6
65
0
27
17
45
82
118
19
427
1
78
95
120
94
131
160
35
86
133
208
206
165
214
70
54
121
0
141
85
101
128
172
114
32
5
709
290
33
36
1
84
70
229
147
317
58
47
184
41
758
199
156
597
42
208
1017
23
159
12
326
33
96
10
46
6
32
6
183
38
84
187
2
1417
230
92
49
126
70
172
109
6
102
146
89
58
40
134
157
20
241
59
25
196
5
462
60
141
39
218
31538
16
21
192
97
33
242
7
8
112
44
22
7
937
99
37
50
90
111
71
166
18
328
3029
2213
4266
9331
1002
4736
5916
4992
1620
5297
446
895
1660
4449
2
14
8077
5
2821
882
943
15
2466
0
5143
8
9
7
1428
106829
16642
1
1735
5981
98
41828
58
127
14
40
55603
12
35
74
0
54
5
105
2
27
18
39
6
65
109
37
2
1
10
0
2
11
2
83
0
666
20
16
160
6
0
16280
2358
2296
3093
10208
7894
899
247
1183
961
101
0
1431
36
122
49
4
2
5
39
61
38
168
25
31
30303
10068
245
631
0
139
33
306
25
219
24
0
251
13
114
103
755
94
17
38
14888
57
2072
9722
332
38
140
22
67
1
42
11
-488590
187
145
38
197
3
219
89
102
28
174
60
91
71
17
148
89
22
230
235
70
40
37
72
99
44
62
27
7
220
163
139
35
129
144
18
141
119
170
141
108
10
216
59
389
70
49
304
13
19
104
505
67
149
14
65
40
35
266
99
126
908
0
23
93
113
165
0
58
234
64
6
7
0
24
35
16
112
16
59
434
0
263
12
95
25
78
154
205
273
100
1
202
19
28
746
401
39
15
0
185
193
29
304
40
71
157
104
143
98
14
324
295
301
584
44
433
0
66
477
141
2
0
73
18
175
165
32
180
527
164
157
156
41
417
67
45
155
15
351
2
132
5
15
5
27
76
147
3
101
79
132
136
7
538
547
36
497
261
383
718
365
479
223
180
74
142
460
282
174
199
8
197
35
17
1025
93
22
43
329
45
0
6
348
224
0
79
281
122
502
9
48
50
250
327
11
37
69
58
199
0
77
620
417
71
31
100
10
56
327
21
3
497
25
6
12
6
102
2
25
69
95
271
93
84
80
228
279
0
105
13
54
42
265
14
30
14
7
33
72
66
38
32
45
77
78
28
31480
116
62
16
43
10
0
14
66
58
60
117
1096
110
6
19
143
102
133
95
43
48
7368
3109
691
8957
16433
10053
3530
8057
28
2814
5303
2
1025
3154
6
121353
0
49547
2624
1043
37
130
116
10
3
80
36073
19276
51
9
242
98
79
82
61
56
4
6
743
49
0
105
2
17
12852
4652
1751
22926
3345
1682
1
15
17
3
63
5
6
80
14
32
8
49
31898
8890
0
858
95
10
13
711
43
16
69
5
728
6
39
5
12
11
41
71
14730
236
11863
0
67
116
4
49
150
40
78
1423183800
199:0
1
399:0
1
361:0
23
351
-345
-6
2
9874
-9593
3191
-3477
232
-222
-15
10
176
-182
3
370
-366
976
-974
2
152
334
-490
-6
349
-334
-13
-1
4490
-4482
430
-117
693
787
2311
-3755
-363
8
9
-8
9
-8
152
783
-548
-381
-6
3
-2
4
5
691
-705
-3
186
364
-545
219
-218
-9
235
196
60405
-60674
4234
-4396
5
12
-10
5
-9
7
10
-14
605
-274
-328
178
1715
-1892
213
11447
-10480
-1173
-14
1606
-1608
8
1111
-490
-627
22696
-22235
-454
-8
8
161
-163
2421
-2240
-171
3458
32425
-35887
3022
-2765
2610
-1475
-1400
13
-12
259
452
-283
2768
-3202
2118
-1841
94
-349
-9
345
486
-536
19
301
4359
-821
-4159
-8
30684
-30287
-389
6
267
-261
-2
5023
-5039
780
-775
1238
1705
-2947
16
-19
6
4777
-4762
-7
3
0
724
-720
-19
6389
-2902
-3282
-205
21543
-21530
225
10975
-9322
-1878
587
559
4835
-5606
-388
1
2
584
10
-598
7
207
934
-928
1540
-1759
4
584
-575
156
-170
7
497
285
1281
-1018
-1049
194
-194
16
314
-334
8
274
-251
-43
8
-5
5
-8
1
-1
0
3
-1
8
-2
31
-32
-4
-1
73
-71
40
-35
3
-12
3
5
36
-35
-1
-6
2
-3
5
85
-90
9
-9
4
-2
-3
2
-2
1
154
-152
-2
3
2:0
34
-1
-34
8
-8
116
-116
-2
2
37
52
-81
-6
-2
-3
9
-3
-5
1
0
6
-7
58
17
-5
-71
1
140
-141
10
-9
1
0
46
-48
2
81
-80
-1
0
8
0
-3
-1
143
-142
-3
5
-6
-1
1
7
1
-8
-1
6
-4
-2
0
-2
8
149
-150
-7
89
-89
104
-97
44
-51
0
2
123
-123
-1
5
52
-47
99
-63
-43
-1
7
-9
-1
1
7
-6
-2
2:4
47
-55
126
-121
3
-8
5
104
-107
0
5
-5
0
7
3
-9
9
133
-136
-9
105
-101
62
37
-99
60
-60
-3
3
7
71
-72
113
-122
-1
11
-8
4
50
-53
-2
57
45
-103
8
-2
0
-7
5
101
-103
0
1
91
-90
-5
2
-1
2
113
-74
-30
-9
2:4
-5
-6
1
5
1
-5
-1
4
-1
3
4
-7
-2
8
-7
50
-51
3
6
-1
87
-96
51
16
-59
-9
0
3
-2
11
-11
2:1
35
9
-38
-1
30
7
110
-153
0
6
-1
-4
4
58
-64
-1
10
131
-141
41
-31
99
-108
87
-88
48
-48
10
-2
30
3
-36
81
-43
-42
169
-123
-44
2
-3
4
32
-37
8
70
-79
1
81
-31
5
-52
-4
143
-131
-11
2
1
4
-3
7
91
-94
2
0
116
-116
105
-115
6
33
-32
-4
-2
5
0
31
-36
7
-7
2
-2
3
-4
3
120
-123
11
123
-131
44
-46
0
5
0
-3
40
39
-31
-45
-1
-2
-3
-1
3
0
-1
1
3
88
-14
-69
-11
0
10
44
-51
3
5
-9
73
-73
8
-7
6
-9
8
-2
-4
7
2
1
-1
126
-129
-5
7
2
-1
96
39
-105
-39
2:0
3
79
-39
-44
62
-51
46
-49
-6
65
-60
77
-33
-40
50
-60
52
-49
46
-54
0
2:1
-1
2:0
2
-2
2
-2
0
1
-2
1
0
-1
1
4:0
1
-1
0
-1
1
0
-1
0
3
-3
2
2:-1
1
-1
1
2
-2
0
1
-1
2:0
-1
1
2:0
-1
3
-1
0
2:-1
2
-2
3
-1
0
-1
1
-2
2
2:-1
2:1
-1
1
0
-1
0
1
-2
2
-2
1
3:0
2
-2
1
-1
2
0
-2
2:0
-1
2
-2
3
-3
3
-2
2
-1
1
-2
-1
3:0
3
-3
3:0
2
0
2:-1
0
2
-1
1
0
-2
0
2
-1
1
-2
2:0
1
2:0
1
-2
2
0
1
-2
1
-2
2
-2
0
2:1
-2
2
-1
4:0
2
-1
2:0
-1
0
-1
2
-1
1
0
-1
1
-2
1
2
-3
1
-1
2:0
1
3:0
-1
1
-1
2:0
2:1
-2
2:1
-2
1
-1
2:1
-1
4:0
-1
0
2
-2
3
-1
1
-3
0
2
-1
0
-1
2
-2
2
3:0
-2
2
-2
2:1
2:-1
0
1
-1
2:0
2:1
-1
0
-1
0
1
-1
1
4:0
2
-3
1
0
-1
2
-2
2:0
1
-1
1
-1
2
-1
1
2:-1
3
-1
-2
1
3:0
-1
2
-2
2
-2
1
-1
1
-1
2
-2
4:0
1
-1
1
0
-1
2
2:-1
0
2
-2
0
1
-1
0
2
-1
2:0
-1
1
-1
2
-2
0
2
-2
1
2
2:-1
2:0
-1
3:0
3
-3
2
-2
2
-2
0
2:1
-2
1
2
-2
2
-3
2:0
2
-2
3:1
-2
1
2:-1
0
3
-2
0
2
-3
1
-1
1
-1
0
3
-2
3:0
-1
2:1
-1
2
10
-8
-3
6
115
-111
16
-21
-4
2:0
-1
39
-39
5
-3
1
3
-5
0
-1
0
4
-4
11
-11
4
-3
-1
1
-1
3
-2
17
-14
11
-14
-1
1
0
3
2
-6
19
-18
-1
5
2
-3
-1
6
39
-43
-3
7
3
-12
2
2:1
52
-56
1724
-1721
80
-79
-4
10
-4
-1
0
-5
8
-3
64
-54
-13
20
16
-35
4
497
-441
-59
-3
20
-20
6
33
-5
-28
221
-171
-55
-2
2
14
-16
112
-35
-76
21
657
-675
121
-107
152
190
-357
-1
17
-4
63
-74
163
-163
37
48
-81
-5
0
15
13
-9
3
39
-11
-45
-6
-1
203
-204
4
9
-13
0
8
501
-508
15
-13
6
108
-117
10
-2
2
612
-619
5
-3
0
21
-20
-5
9
213
-221
-2
277
-276
60
372
206
-636
11
213
-101
-121
2
2:-3
22
126
-149
21
-12
25
42
131
-206
2
8
-3
0
2
-10
0
32
-11
21
-41
26
-8
-7
-2
-9
-1
25
-22
3:-1
5:0
1
-1
6
-6
1
-1
21
-1
-15
-5
9
-9
1
0
-1
0
8
-8
5:0
2
-2
4
-4
4:0
2
-2
2
-2
4:0
8
-7
-1
2:0
1
-1
0
1
-1
8
-6
2:-1
0
4
0
-3
-1
0
1
-1
0
1
-1
1
0
-1
2
-2
1
-1
0
5
-5
0
8
-8
4:0
2
0
5
-7
0
3
-3
3:0
3
-3
2
-2
0
1
-1
0
1
36
-36
0
-1
0
6
-5
51
-52
0
2:1
-2
2
0
8
-9
37
-37
-1
2:1
-1
1
-2
3
-3
2:0
5
6
-11
45
-45
1
-1
0
1
0
-1
2
-2
0
3
5
-8
4
7
-11
0
14
-13
4
-1
-2
12
-13
-1
1
0
2
2:8
-19
2:2
3
-1
-4
2
1
-5
19
-19
2:2
-4
0
2
-2
2:0
6
5
-11
2:0
3
-3
4
15
-16
-3
2
-2
1
-1
3:0
1
-1
2
-2
4
-3
2:0
2
-3
1
2
-2
-1
0
21
-21
9
-3
3
-9
2:0
1
0
-1
2:0
4
3
-4
6
-1
-5
49
-52
0
1
2
-2
1
5
-7
2:0
19
-19
9
-8
26
-24
18
-21
2:0
1
0
8
-6
0
34
-31
-6
5
-5
3:0
1
4:0
-1
2:0
10
11
-19
1
-2
3
-2
1
-2
5
-1
17
-22
3
-3
3
0
-1
11
-12
0
7
-7
-1
0
2
3
-5
4
-3
2
0
-3
0
1
6
-4
-1
6
-3
-5
29
-27
-2
2
1
0
5
2
-9
5
0
-6
1
-1
4:0
2
3
4
-6
-3
1
4
8
-12
2
1
-4
4
-4
2
-2
2:0
1
-1
0
2
-2
1
2
4
-5
-1
1
-2
3
22
-18
1
-6
0
2:-1
4
15
-18
2
6
3
-11
1
0
2
7
-3
-7
58
-57
6
-6
7
-9
0
1
-1
48:0
2
-2
0
3
-3
3:0
3
-3
9:0
1
2:0
-1
0
1
-1
2:0
1
0
-1
10:0
2
-2
3:0
1
0
-1
18:0
1
-1
25:0
2
2:-1
1
-1
6:0
1
-1
12:0
1
0
-1
3:0
2
-2
0
1
0
-1
1
-1
6:0
1
-1
14:0
1
-1
5:0
1
-1
11:0
1
0
-1
2:0
1
-1
2:0
2
-2
1
-1
3:0
1
-1
9:0
1
-1
14:0
1
0
-1
10:0
1
2:0
-1
1
-1
0
1
-1
2:0
2
-2
11:0
7
-5
0
-2
1
-1
8:0
2
-2
0
2
-2
3:0
3
-3
1
0
1
-2
2:0
1
-1
2:0
1
-1
1
-1
2
0
-2
7:0
1
-1
5:0
end
