v1
792
49
57
101
1022
31
174
90
170
389
551
1
57
56
7
15
28
99
515
211
612
336
396
159
234
726
101
76
258
212
289
269
304
495
270
541
534
44
475
368
85
98
104
673
240
35
297
134
494
442
339
126
22
1028
311
53
301
125
637
416
394
275
59
1112
612
29
12
71
43
4
8
26
3
27
47
136
7
10
118
64
2:9
49
25
59
129
38
57
17
245
105
272
70
170
3
120
206
214
329
314
33
6
116
146
313
141
227
692
740
46
2
66
316
41
1011
500
301
93
367
165
2
368
75
18
687
77
93
413
33
276
36
128
19
107
15
147
433
692
204
452
0
175
191
8
11
32
552
54
97
11
35
112
88
153
59
5
23
193
5
257
385
60
63
189
31493
5
22
9
290
44
173
76
120
36
30
932
220
179
71
166
18
43
3314
2211
328
1553
5140
10816
2650
4766
11922
2988
4449
2
10917
882
958
13
7615
6
121354
3545
7741
32
41
9417
32421
22
280
109
5
54647
816
231
36
57
6
12
17
145
51
1
11
3
754
20
16456
7747
10208
7980
2243
873
189
665
802
168
3
4
7
11
31
39
19
28
54
8
32
37
3
1
43
37
10
4
6
40084
196
90
176
0
69
157
599
1
309
68
17
341
138
9
57
2:9
144
113
19
173
379
165
17
38
14889
2128
9723
1
162
1
53
62
28
30
34
73
87
99
2:11
0
23
51
2
-488212
714
48
186
51
31
179
49
170
198
65
67
151
96
268
277
75
127
186
303
4
114
92
218
42
88
162
52
96
343
130
118
60
26
143
93
87
160
65
80
17
374
204
385
357
208
24
91
154
555
21
135
7
526
72
32
115
26
274
1
71
350
637
19
44
127
171
55
86
31
239
21
401
54
185
81
361
84
124
89
254
61
89
10
292
412
152
106
128
226
2
145
55
96
106
448
7
66
266
70
132
49
69
106
130
377
151
25
9
93
119
164
318
167
318
35
0
50
288
173
15
4
97
2
76
20
2:9
26
8
51
14
6
124
199
67
48
4
37
44
32
5
18
15
38
16
182
14
178
11
140
156
45
12
396
163
66
62
468
97
103
449
54
156
191
101
100
31
108
58
3
146
5
692
17
124
199
191
405
174
165
34
1
19
184
1
40
841
109
87
93
35
239
171
135
157
93
102
117
6
319
318
265
9
44
19
12
308
147
10
42
4
170
76
19
76
195
2
46
110
125
316
128
113
164
77
24
82
100
414
3
71
211
258
26
178
363
116
72
345
37
70
245
350
68
94
65
0
75
117
111
14
1
31398
82
46
115
387
1
126
29
34
5
969
13
43
178
92
194
4
30
11259
2811
6145
5114
2325
1246
6959
1620
7479
825
1791
1267
9476
2
2812
1839
2468
13
983
4160
7
1
9
7
3
1425
17
119911
3543
46004
3704
9
39
11
29
42
6
17
21
86
7
16
37
19
103
7174
48123
159
164
2
15
30
10
48
98
47
43
10
2
1
2
6
2
15
726
43
113
63
3451
15192
2297
16552
5542
2446
1477
202
10
1
43
2
98
11
3
11
68
8
92
31
31816
8273
218
255
51
34
59
92
449
478
244
288
19
21
74
150
5
26
15
312
331
44
45
5
13
38
13
18
14797
140
2059
9735
315
19
36
86
119
25
55
57
3
-488401
240
30
1037
100
475
1049
130
1596
319
629
148
1115
1356
106
893
264
720
312
229
151
1055
1336
769
108
2215
746
473
207
92
353
2
33
23
446
104
112
31
18
1196
391
1710
435
352
950
528
93
1379
610
213
287
142
125
1132
77
87
1752
195
246
753
528
228
279
89
448
31965
659
1188
261
192
5573
7016
2467
31114
489
3540
15199
179904
49
36243
19459
495
110
704
47353
167
157
41437
29109
39
121
119
1423669200
299:0
1
399:0
1
91:0
16
21
145
-161
-1
29
-10
285
6314
-6618
5
185
-192
4
-2
239
-217
-12
17
49
-81
109
-106
2810
-2717
27
-49
172
-211
18
-52
44
-44
107
817
-894
-9
-17
499
-504
182
-180
505
-487
40
6
109
439
-310
-74
-179
12
-47
17
3
-35
33
-32
0
200
-181
8
48
137
-204
-6
112
-27
29
-115
40
62
27
-117
51
-52
146
-120
13
-20
587
-437
-55
-77
432
-478
-1
4
180
3
-116
780
-837
246
-209
-53
-2
301
103164
-102874
3210
-3689
-109
39
-29
41
-29
32
6
178
-210
-24
1149
-1088
-40
162
-181
2490
-2457
163
13314
-6512
-7007
3
-3
33
-5
-25
-2
2
690
-688
1243
-1231
32735
-32387
-354
159
-154
19
-6
-28
3691
-3470
-215
199
30434
-30476
4492
-4644
-4
81
-77
-1
3689
-1132
-2568
313
-312
-1
4
122
817
-917
2196
-2141
65
-146
96
73
-94
77
1029
-1082
-83
53
-55
65
-29
-24
17
-37
25
812
-384
728
740
-1508
-350
11155
-10912
-297
33
-47
31
81
-18
48577
-48672
29
60
259
-121
-204
5441
-5354
269
-372
589
2810
-3400
23
568
-428
-167
22
-22
2879
-2861
4
23
17
-31
5
-35
91
-86
-8
101
-50
37
-76
45
-11
-42
-1
3
42
237
-136
-68
46
328
13263
-13709
-4
112
24465
-22621
-1947
300
-309
5
260
101
6494
-6828
-13
-5
-16
10
224
86
-314
45
6848
-6893
22
710
-579
-159
11391
-11378
846
-849
5
1891
-1833
-54
26
10840
-10877
702
-590
81
-196
65
225
-195
-103
7
157
-135
258
-284
21
-2
208
-225
175
-192
-1
11
-12
8
-7
-1
6
-5
-1
5
7
-12
1
-1
1
12
-11
-2
0
2
4
6
-12
0
5
-5
8
3
-6
3
-8
3
0
-1
-2
4
2
-2
-3
-1
2:2
-2
8
-2
-7
0
3
0
6
-7
-3
2
11
-12
0
-1
8
-7
-1
4
-4
8
-3
-5
13
-8
-5
1
-1
0
3
-2
0
1
-2
0
8
-8
2:1
7
-6
-2
9
-4
7
-13
1
2:2
-1
2
-3
8
-10
0
2
-2
0
4
-5
5
1
-6
2:0
6
-5
-1
4
-2
10
-11
2:0
3
4
-8
5
-4
12
-9
8
-9
-1
4
-3
2
-5
10
-9
3
4
-3
-5
0
1
3
4
-7
-1
2
3
-4
2
0
2
-3
10
-11
0
-1
3
-3
2
5
-2
-5
9
-6
7
-5
7
-6
-5
2
-2
4
5
2:-4
6
0
-7
-1
5
0
-1
-4
12
-12
1
6
1
-8
0
12
-11
7
-6
-2
8
-8
6
-5
-1
13
-13
0
2
-1
0
11
2:-6
4
1
-4
-1
6
-6
9
-5
6
-6
-3
0
-1
12
-5
-4
5
-5
-1
9
-10
2:1
3:-1
1
4
-3
5
-7
7
5
-9
0
7
-2
-8
5
-4
0
-1
13
2:-6
-1
0
1
0
10
-9
0
-1
5
-6
7
5
-12
0
6
-1
2
-7
0
3
-3
1
0
-1
1
11
-9
0
-3
1
-1
0
3
2:-1
5
0
-5
8
-9
2:3
5
-9
3
-4
-1
9
-8
0
2
-3
0
2
2:-1
3
2
-3
2:-1
3
1
2:-1
-2
9
-8
2
6
-9
3:0
1
8
-2
-3
3:-1
7
-7
0
9
-6
-4
2:2
5
-4
-5
5
-5
8
-4
4
-1
-7
3
-3
2:0
2:1
-1
12
-11
2:2
-6
0
3
-2
10
-8
4
-6
-1
2
-1
10
-5
-2
0
1
-4
2
-2
1
7
-7
2:-1
0
1
2
1
-1
5
-7
9
2:-3
-2
2:-1
0
-1
1
-1
5:0
1
-1
15:0
1
-1
4:0
1
-1
1
-1
31:0
1
0
-1
3:0
1
-1
0
1
0
-1
2:0
1
-1
1
-1
4:0
1
-1
2:0
1
3:0
1
-1
2:0
79
-79
0
13
-13
0
12
-7
-5
1
2
9
-12
9
-8
27
-26
2:-1
6
-6
11
-11
1
0
-1
22
-21
-1
1
2
1
-4
1
5
-6
4
-3
5
-1
9
-5
-8
-1
4
-4
2:0
4
2:0
14
-15
-3
50
-48
1
-1
22
-17
-7
1
8
-9
1
7
-7
-1
19
-1
-18
1
34
-35
10
-4
10
-15
0
2
12
-12
-3
43
-43
16
-7
-9
3
61
1548
-1610
82
-70
-14
6
2:-3
7
4
-10
35
-36
3
8
-11
12
8
-16
31
-30
2
504
-379
-131
4
-5
0
2
1
-2
3
41
-42
21
-20
483
-446
-38
8
1
2
2:-7
117
-70
-40
9
650
-666
94
-93
0
6
-4
11
175
182
-370
50
-50
8
-5
2
59
-59
107
-105
4
-6
11
29
-42
33
116
-138
-11
2:1
0
11
-11
-6
2
6
24
7
-22
14
9
-35
405
-399
4
8
-22
2:3
-7
216
-214
19
7
-28
0
4
295
-294
2
-6
3
93
-97
5
2
-7
5
2
0
303
-292
-8
1
-6
-5
3
1
3
-6
3:2
-7
3
4
-5
-2
2
0
-1
11
-5
-1
-6
5
150
-152
1
26
354
-34
-349
-1
2:1
58
-60
62
-56
-4
2:0
2
18
51
-70
1
41
-45
5
16
41
-62
525
-509
25
-29
-11
-1
8
-4
8
-9
-3
18
-3
-2
-12
-1
19
-16
-2
9
3
13
-11
-13
6
0
6
-14
3
-3
0
1
-1
3:0
1
-1
0
1
0
-1
4:0
17
-17
10:0
1
-1
14:0
1
-1
0
1
-1
2:1
-2
0
1
-1
2:0
2
-2
0
2
-2
1
0
-1
6:0
2
-2
8:0
2
-2
2:0
2:1
-2
2:0
1
2
-3
1
5
-6
3:0
3
-2
-1
1
-1
5:0
1
0
-1
3
-3
5:0
2
-2
1
-1
3:0
2
-1
0
-1
2:0
2:1
2:-1
3:0
1
-1
6:0
1
-1
7:0
1
-1
0
5
-2
2:-1
5
-3
-2
0
-1
0
3
0
-2
2
-2
0
-1
6
-5
0
-1
2:0
1
-1
5:0
1
-1
0
3
-3
2:0
2:1
-2
3:0
2:1
-2
2:0
2
-2
0
1
0
-1
0
6
-6
1
-1
0
6
-6
0
2
-2
0
2
-2
1
2:0
-1
3:0
1
0
-1
0
4
-4
1
-1
2:0
2
-2
2:0
2
0
-2
1
-1
2:0
4
-4
2:0
2
-2
11:0
3
-3
2:0
2
-2
1
-1
2
-2
1
3
-4
2:0
5
-3
10
-12
2:1
-1
0
-1
12:0
2
-2
2:0
2
2:-1
0
1
5
-4
0
-2
2
-2
3:0
1
2
-1
2:0
-2
3
-3
5
-4
-1
0
2
-2
2
-2
2:0
1
2
-3
1
0
-1
7:0
3
-3
0
1
-1
5:0
3
-2
-1
2:0
2:1
2:-1
1
0
-1
2
-2
6
-2
-4
0
1
-1
1
-1
3
2:-1
0
-1
34:0
1
-1
23:0
1
-1
8:0
1
-1
8:0
2
-2
8:0
2
-2
1
-1
4:0
end
