v1
821
130
454
159
538
23
92
63
9
8
44
54
509
381
222
6
56
22
127
19
535
172
517
95
66
74
344
248
321
72
132
312
11
271
34
47
54
42
106
46
106
103
110
66
222
160
413
94
1
400
152
24
89
128
156
37
51
174
277
170
54
33
20
24
132
198
145
79
122
167
85
98
59
45
166
44
126
34
138
55
110
150
125
292
139
117
36
341
212
176
54
339
69
57
31
5
879
135
239
278
178
58
37
281
147
24
185
409
7
2:119
62
94
275
16
120
67
25
258
391
286
8
59
50
25
140
5
125
177
4
27
29
45
38
12
13
18
2:19
23
54
2
3
64
16
64
4
118
82
66
8
59
46
18
50
15
3
35
74
127
118
105
207
65
4
65
1
78
95
120
138
87
150
45
219
110
304
10
14
19
6
116
104
180
54
121
226
401
146
124
163
410
31
299
15
31
2
83
70
229
41
423
43
42
8
12
175
9
41
9
254
495
301
71
22
252
115
5
45
117
24
157
187
75
50
363
525
29
13
31
8
11
258
33
29
1
196
50
36
128
57
69
7
8
147
380
53
334
113
164
36
45
204
452
49
126
17
53
121
8
11
32
46
28
70
81
227
100
54
47
31
19
3
8
127
20
2
86
153
59
5
23
104
92
2
343
211
88
13
47
46
17
21
37
131
123
20
31350
5
22
9
43
46
201
44
85
88
76
120
15
21
30
932
2:110
68
111
71
61
105
18
45
2
9
3301
2211
328
1553
5140
7580
3236
2650
9755
793
6140
2988
925
1304
835
1385
2
8
8081
2
3708
958
2466
5143
1
7
9
2
6
5480
115874
1
3543
1
1735
6006
26
47
9417
32418
3
22
167
113
73
19
17
5
54647
731
85
74
157
7
17
32
37
6
12
1
16
36
109
27
12
1
10
2:1
11
2
83
672
20
16456
4654
3093
10208
7980
2243
1727
436
366
166
2
3
6
5
11
27
4
39
19
28
34
1
19
8
32
37
3
1
31
12
47
4
5
1
30302
1513
8241
224
26
64
176
15
236
61
124
264
125
1
46
263
43
42
202
277
9
2
19
36
18
41
103
47
31
35
19
273
438
6
17
15
23
14945
54
28
1977
13
9722
2:1
162
1
101
14
19
9
36
26
2
11
62
28
13
24
22
34
27
38
22
1
47
26
2
12
-488814
94
42
45
115
83
10
62
332
512
9
214
102
6
76
92
42
445
237
19
56
301
65
181
202
224
36
674
39
13
21
1170
47
255
66
105
79
521
527
5
51
57
180
189
63
50
43
772
7
112
91
18
309
68
196
251
72
92
348
20
22
505
11
409
117
251
5
455
149
36
171
623
66
109
24
160
413
38
780
22
65
408
55
200
160
29
26
81
918
43
656
280
70
286
5
937
87
33
23
1
65
6
1
103
127
50
38
21
20
48
4
35
53
21
34
5
18
53
16
146
528
52
13
54
154
452
201
293
216
147
148
74
274
106
186
38
39
23
31
166
105
49
411
27
52
196
23
24
75
78
502
98
316
351
934
109
182
3
7
433
2
175
171
37
93
64
68
177
142
330
143
154
10
201
284
56
227
19
254
194
125
620
178
34
72
100
257
6
54
45
55
38
307
172
47
253
22
364
164
273
101
40
55
124
32
96
277
46
38
55
12
188
57
126
31398
1
8
89
23
122
4
49
30
26
45
38
146
13
29
163
1470
7551
358
2751
7323
1322
5738
2703
9394
431
4874
7889
10889
14
1825
22
2933
509
4151
18
12
1418
13
3523
11948
115819
41852
2
35
248
19
7349
48173
82
20
173
45
256
5
6
47
696
43
16
26
8
54
28518
644
13944
320
3822
19
116
55
37
3
26
17
40433
240
2:31
126
687
84
449
111
140
47
3
232
50
94
122
302
160
45
5
64
14801
11
153
12082
17
19
146
11
86
23
35
1423989600
499:0
1
320:0
92
-69
0
-12
-4
0
12
56
-68
-1
9
3622
-3621
7
281
4163
-4436
-1
346
-371
3363
-3362
132
-133
535
-529
183
-188
895
-891
39
-31
46
-40
-15
9
4
-1
-12
47
-3
159
-204
15
19
49
-70
163
-175
2
4
9
-17
17
38
-51
335
-313
-27
39
75
203
-318
0
17
-2
-7
-2
45
-47
4
62
-51
5
-23
510
-312
-199
1
540
-539
757
-342
-389
-11
-14
2248
-2248
70
158
-181
-46
66
28
355
-441
49
-52
6
-15
3
57
3
-50
57
-66
-1
646
-604
-39
-1
1314
-1094
-220
55
-60
9
-8
30
-30
27
-27
39
-38
-2
9
19
-25
6
7
30
-18
303
-331
3
14
-17
14
102
-99
-14
9
8
-13
-5
120
-41
535
-609
55
-36
-25
27
41
17
-86
4
-1
7
259
-264
-2
85
-52
-27
824
-832
45
157
105
-266
-33
6
-7
234
-237
70323
-70326
105
5787
-5743
-150
18
39
-48
-5
19
-22
143
-132
-13
7
68
-67
8
344
-345
79
-80
237
-182
-68
1
-2
6
40
-39
-6
14
-4
44
120
-92
-62
-18
1615
-1617
-1
391
-389
23
14714
-12457
-2193
-71
-16
-1
5
-2
-4
6
93
-72
-21
378
-379
9
-3
762
-765
415
-414
95
19515
-19604
683
-697
28
-27
179
-174
436
-214
-226
42
-44
27
-13
1220
-1023
-186
374
-398
0
-2
323
82
20391
-20728
-62
-4
1
2016
-2017
1
0
212
-189
-8
1474
1961
-3426
15
257
-291
56
-55
-7
34
-1
20
-48
7
1122
-1117
23
-23
2609
-2447
-62
23
-142
1
372
-373
166
-136
188
-187
756
-702
-63
-19
4
-6
5
3
2
95
-33
-65
97
-100
291
-195
441
462
-849
-154
485
4416
-4889
-9
6500
-6268
-233
-2
-1
21
110
-89
-38
-3
8
54
-63
14
1046
-1054
419
11857
-12271
4
30
-41
5
77
-77
390
-394
31
3929
-3932
77
183
-286
116
-119
4
-7
20182
-20178
-4
6
-7
537
-525
8
-16
4
280
-275
-12
1214
-1215
65
-29
-33
13
70
13
-68
255
-283
1
39
-33
36
-23
38
-60
13
2
48
-63
62
-44
-18
1
2
7
174
-176
3722
-3730
21
1305
-1313
1033
18952
-19983
9
266
8480
-5404
-3365
5
12
-8
296
2616
-2923
1
8
1289
-1117
-115
-48
-18
102
-102
10
-7
143
514
-659
0
8
99
-69
183
365
-498
-80
110
2191
-2276
14
-47
0
872
-868
2
-7
6
24
-23
165
-171
237
-14
-221
43
-37
179
-71
17778
-17883
10
335
-352
43
573
-585
-14
48
129
-181
-8
21
67
-94
-4
54
17
45
50
-146
2:-5
-12
-1
-2
2
2:-1
0
3:1
-2
2
-1
2:0
-2
3
2:0
-2
2
-2
0
3
-1
1
-3
3
-3
1
2:-1
2:1
2:0
1
-2
2:0
1
-2
2
0
1
-3
4
0
-3
3
2:-2
2
0
-2
0
3
-2
0
1
0
-1
2:0
1
2
-4
2:0
1
-1
2
1
0
-3
2
-2
2
2:-1
1
2
-2
-1
3
1
-3
0
1
-1
0
3
-4
1
0
3
-2
-1
0
-1
4
-2
1
-2
2:0
2
-3
1
-1
1
3
-3
1
-1
2
-1
-2
5
-5
2
-1
1
0
2:-1
2
-1
0
-1
2
2:0
-2
3
-2
1
-2
2
-2
2
2:-1
0
2
-1
1
2:-1
1
-1
1
-1
0
2
-2
1
4
-3
3
-3
-1
3:0
2
-3
3
-2
2
-1
-2
2:0
3
0
2
-1
-3
0
-1
1
2
-2
3:1
-3
1
-1
2
-2
-1
0
2:2
-2
1
-3
4
-4
2
-1
2:0
2
-2
2
-1
0
-1
0
2
-2
0
2
0
-3
2
1
-1
0
2
-2
-1
1
-1
0
1
2
-1
-2
3:0
-1
0
1
-1
2:0
3
1
-4
2
-1
1
-1
1
-2
2:1
0
1
0
1
-1
-2
2:0
1
-2
4
2:0
-1
0
-1
0
-2
2
-2
0
4
-1
0
3:-1
0
3
-1
-2
0
3
-2
2
-3
1
2:0
-1
2:2
-3
0
-1
2
0
-2
1
-1
3
-3
2
-1
0
3
0
-3
2
1
4:-1
1
-1
1
2
-1
2:1
3
-3
-1
2:0
5
-5
2:0
93
-92
-1
10
-5
4
-9
2
-1
6
-7
16
-16
1
-1
10
-10
17
-16
-1
5
-2
-1
-2
3:0
1
2
-3
0
1
6
-7
2
-2
0
6
-6
4:0
3
-3
16
-15
-1
0
2:1
-2
1
2:2
-5
0
2:1
-1
0
2
-3
1
0
4
-5
0
5
-5
11
-11
8
-8
2
8
-10
0
10
-3
-6
2:0
-1
2
4
-6
0
1
-1
3
1
-4
2
-1
0
13
-14
2:0
21
-16
-5
2:0
4
-4
1
0
20
-21
2
-2
2:0
2
-2
5
-4
2:1
32
-34
-1
7
-6
1
3
12
-15
2:-1
0
1
20
3
2
-26
5
-5
0
4
-3
7
-7
-1
2
1
10
-10
-3
3:0
27
-27
4
3
-7
4
-4
3
-1
51
-47
1328
-1334
1
64
-46
-19
1
2
0
-1
5
-5
-2
4
-3
3
15
-17
-2
40
-40
10
-4
4
-8
-2
2
-1
2
0
-3
2
-2
0
12
7
-19
6
-6
35
-35
1
7
-7
4
428
-344
-83
-6
3:0
1
-1
0
7
-3
0
-3
-1
1
5
36
-40
21
-14
-8
319
-319
34
-34
1
0
-2
3
13
3
-19
6
-6
6
-4
72
-38
-32
-1
-3
2:0
1
21
470
-485
-5
-2
1
79
-78
2:-1
9
-6
5
122
194
-320
-2
61
-63
0
7
-7
5
-5
10
-8
-2
72
-72
0
3
101
-87
-7
-9
-1
2
20
-22
36
-30
28
-34
135
-120
-12
-3
3
-2
2
5
-8
20
-16
-4
3
0
-1
17
9
-8
2
-22
32
16
-48
1
245
-241
-1
-3
-1
8
17
-25
3:1
-2
1
8
-8
-2
2
147
-146
-1
16
-16
2
20
-23
-1
1
4
389
-394
7
3
-9
2:0
1
-1
334
-335
0
7
-3
2:1
-6
0
12
4
-12
-4
265
-262
16
-15
-3
0
1
6
1
4
-13
2
3
2:-1
2
-3
0
2
1
5
-10
1
5
-5
0
-1
0
25
-25
15
-15
0
26
-26
2
220
-218
2
38
191
172
-407
3
2:-1
7
107
-114
1
-2
45
-41
3
-1
-6
3:0
3
18
112
-132
0
7
18
-24
11
5
-17
0
50
157
-204
13
-14
-1
28
-24
-6
0
1
14
-15
6
-3
0
-1
-2
3
-2
10
0
15
-25
-1
18
-18
0
9
-4
2
-1
6
-12
0
2
36
-38
0
8
5
-10
35
-37
0
-1
17:0
1
-1
5:0
18
-18
0
1
0
-1
16:0
1
-1
4:0
1
0
-1
1
-1
38:0
1
0
-1
13:0
2
-2
0
1
0
-1
0
1
-1
14:0
1
-1
2:0
1
-1
5:0
1
-1
12:0
3
-3
6:0
1
-1
5:0
1
4
-4
-1
8:0
1
-1
0
2:1
-2
3:0
1
-1
2:0
2
-2
4:0
1
-1
3
-3
4:0
2
-2
10:0
1
-1
17:0
1
-1
4:0
1
-1
0
2
-2
3:0
1
-1
2:0
3
-2
-1
3:1
-2
-1
12:0
2
-2
2:0
1
-1
5:0
2
-2
7:0
1
-1
4:0
2
-2
11:0
end
