v1
1069
177
67
251
58
190
48
242
116
80
52
115
24
14
34
106
24
171
195
36
83
79
62
173
237
58
56
7
15
28
118
374
41
127
139
26
32
292
288
336
190
54
152
139
20
32
104
26
72
275
451
101
528
22
19
99
167
269
237
67
431
49
15
54
366
135
31
58
139
28
391
143
20
67
89
86
0
112
224
57
232
85
202
99
2
109
76
84
13
180
4
70
36
39
228
8
259
38
134
90
23
4
36
341
212
21
74
50
6
25
54
126
0
193
20
126
366
71
220
216
42
135
166
73
88
39
55
120
33
121
349
27
2
5
114
235
53
132
49
175
7
118
80
196
106
151
18
16
15
78
601
56
60
51
44
170
80
109
172
331
29
45
6
32
25
18
12
19
7
30
1
46
2
3
14
110
14
4
6
13
105
73
9
12
62
45
14
64
30
5
30
38
3
16
38
17
127
118
447
78
95
120
225
160
49
205
110
147
157
10
33
6
116
146
138
54
121
141
85
101
41
90
169
146
287
156
254
17
124
189
10
36
2
66
17
70
229
41
466
43
7
12
7
168
9
12
29
758
83
109
7
102
71
12
10
367
56
109
2
24
157
187
8
67
18
32
381
274
45
98
110
44
9
19
11
18
8
221
33
29
18
51
134
38
6
36
128
19
38
69
7
8
147
40
158
125
110
611
81
20
82
102
245
170
37
175
70
121
8
11
32
68
12
6
27
177
73
51
138
54
47
59
2
127
20
2
86
153
59
5
23
104
89
5
9
248
255
39
19
0
72
21
39
26
37
44
91
54
92
31401
5
22
9
43
116
45
4
28
51
3
44
37
136
76
8
58
54
36
8
22
1080
72
45
23
67
25
0
19
71
46
120
15
3
47
9
3301
2211
2
314
12
1553
3073
691
1376
2464
5116
3236
2650
4766
4989
793
6140
2988
3064
1385
2
4
10
10903
882
943
15
2453
13
474
4669
1
7
9
2
5
1
1414
13
21
119906
3544
1
7741
73
9417
32411
8
2
22
121
46
40
93
72
17
5
54647
781
82
27
157
9
16
11
18
39
6
12
17
129
16
2
25
10
3:1
10
2:1
11
85
672
20
4
3617
12835
4654
3093
18188
813
247
1183
873
189
665
436
330
36
166
4
1
6
16
27
4
39
16
1
30
54
8
1
31
9
28
3
1
43
47
0
9
1
30302
9786
192
26
64
176
69
0
31
138
462
125
1
46
160
0
80
23
43
25
17
77
125
31
18
226
2
9
57
2:9
41
0
23
9
46
25
47
9
21
6
28
2
19
29
147
10
87
331
7
12
70
5
13
5
1
4
13
15
23
14805
116
24
82
1990
9722
2:1
150
12
1
115
18
0
17
29
26
2
0
73
5
6
76
45
54
22
2:1
21
3
22
40
-488875
132
23
42
278
39
15
184
51
80
142
114
31
46
227
35
106
136
82
54
14
24
8
88
120
83
148
121
29
128
74
50
117
4
17
254
121
136
26
17
351
263
24
6
0
280
7
10
384
188
11
275
246
33
247
39
136
169
17
18
108
227
136
41
151
56
0
14
93
0
60
59
35
23
190
108
122
87
8
22
135
25
18
61
142
57
302
0
54
163
2
73
37
91
27
252
44
4
68
42
331
268
181
114
203
367
11
8
291
137
99
43
24
63
518
54
48
137
147
46
249
128
80
155
164
52
587
272
217
146
51
2:60
57
188
475
221
30
336
33
64
75
405
38
28
85
372
65
17
32
54
1
164
197
40
0
627
19
175
125
171
4
55
2
17
58
25
23
5
7
13
2
25
17
80
123
3
104
43
164
4
36
1
11
0
6
11
68
2
16
123
127
189
2
89
27
16
220
7
388
163
102
16
141
47
206
10
68
112
172
191
782
28
169
117
37
53
44
314
79
179
54
110
204
428
161
149
27
114
34
4
5
42
8
232
17
650
111
339
23
24
76
321
13
72
117
146
56
5
88
173
168
428
208
43
23
384
8
138
50
14
19
205
306
115
610
113
200
257
52
4
348
89
266
0
73
35
68
35
39
36
33
168
51
16
198
56
43
5
15
144
374
0
98
35
172
296
109
40
195
33
42
35
76
14
32
31367
42
56
79
99
64
12
83
23
69
118
43
62
1044
56
1
87
27
135
82
136
3417
2552
1542
7618
2792
1322
4223
1515
2702
9826
3485
1389
423
2182
3
822
919
872
432
2217
17
2
8018
28
29
2
5
2807
1873
7597
1462
3506
37
0
116368
3543
1736
6032
51
38185
3607
39
1
20
30
7
9
30
20
61
64
63
73
46
82
1
10927
25036
19327
323
26
111
110
7
0
16
38
1
5
17
93
633
1
26
34
44
51
65
25209
9030
3251
5745
2188
45
1699
26
19
1
51
26
4
15
27
0
24
110
46
1
31834
8571
349
37
34
3
188
553
20
181
258
0
94
172
15
235
26
15
5
207
175
45
95
123
37
38
144
11026
3804
141
2
1973
10043
2
30
43
90
18
19
27
22
41
42
73
1423861800
599:0
1
468:0
8
1
-2
2:9
13
4
-27
-6
30
-14
-16
45
-47
4
31
-33
0
11
7699
-7600
-113
11
-7
266
1875
-2133
69
663
-743
115
-14
-98
16
6998
-7009
258
156
-421
-2
9
136
466
-591
-8
-7
0
368
-367
8
11
-20
2:-1
115
2655
-2770
-2
243
-242
9
62
-59
-13
35
16
439
-488
1086
-1089
110
-100
-6
169
-160
-12
2
-3
91
-49
185
-225
0
-1
1
-1
1
3
15
-18
96
-82
-8
45
467
-507
43
-23
8
-40
4
26
14
-27
-6
-8
-4
1
67
138
-198
3
-4
171
312
-488
7
-5
13
61
-38
-14
-8
-12
4
-2
26
54
-81
33
-20
-16
450
-344
-107
7
-10
16
-14
168
-162
0
248
-251
-3
2654
-2509
-142
2
77
-84
331
-306
-22
3
150
-82
-54
-1
2:-9
0
558
-542
68
-55
-20
30
-38
22
-3
26
5332
-5375
75
197
-276
230
-227
102
-104
965
-959
79
-85
76
51
-116
42
234
-95
-193
12
16
80
492
-379
-51
-169
563
-436
-74
-52
27
-1
625
-651
13
265516
-265135
7074
-7127
-330
13
-10
20
5
-18
63
267
-352
45
-46
29
-29
12
-7
-5
145
-134
14
377
-398
265
-205
-13
308
-359
14
-13
157
-142
28
-25
25
-27
19
-33
1
-2
266
-262
7
1
3332
-3309
58
576
-659
-2
106111
-106100
5617
-5631
49
-46
67
-70
-6
2
34
-30
12
1
-11
-8
121
-107
-12
15
-12
-6
18
10
18
747
-789
20
2732
-2742
82
41437
-41482
-50
1
444
-419
-7
-14
-2
274
-277
-1
130
-3
-114
324
32249
-32345
-207
-31
6
2
-10
15
26
-42
2848
38121
-40889
-79
6484
-6467
-1
-7
230
-173
1428
8116
-1438
-8160
-6
378
-378
25
-15
19
-33
8
-11
1
16
159
-79
-97
25
1996
-2017
2737
4988
-6485
-945
-217
-78
41
-33
40
-49
22
294
-316
194
-91
-102
-4
507
1016
-1491
62
-93
736
-734
13
36
246
1
-150
-116
-31
114
-102
81
-58
-13
391
63
-473
-3
1644
-1294
-326
-25
567
-568
3
951
3718
-4593
-75
-2
12088
-11743
-341
35
71
-86
-26
101
-88
-12
20
-19
1
20
-10
840
-849
1
42631
-42620
2841
-2854
15
-17
41
-42
3496
-3084
-367
7113
-7126
-32
75
498
-564
-4
-2
0
3
236
19282
-19506
-16
3
11
123
-128
-11
154
-152
10
200
-176
3155
-3157
115
538
-634
-52
0
6
-4
3
111
-19
73
-171
210
-178
-14
-17
32
15
-28
87
-103
10
26
-14
8
141
-161
96
33
-120
-21
1
-1
57
-29
41471
-41498
4
13
3388
17573
-20981
0
44
-29
338
20661
-13968
-7028
16
-13
461
1239
-1712
-4
4824
-4756
35
-95
-4
2
-5
52
-39
253
1000
-1270
5
6
-8
1
1261
-1198
-21
-48
12
107
-7
-112
406
1634
-1737
-296
24047
-24031
-6
15
-31
1
82
-84
27
10
31
-68
928
-880
-47
223
-216
83
-88
-2
6
-6
1
115
-41
152
-219
97
-40
441
1607
-2095
-9
3
214
-225
1261
-372
-843
178
-159
360
-404
-5
-6
2107
-2044
-66
1
139
-114
-19
183
-198
455
-119
32695
-33025
19
-9
3489
-3439
-70
2
-2
0
-1
0
3
-5
2
-2
2:1
-2
4
2:-1
1
-2
0
2
-2
-1
5
-5
0
1
3
2:-1
1
-2
2
2:0
-1
-2
5
2:-2
0
1
3
0
-3
0
2:-1
4
-4
3
-2
-1
4
-4
5
1
-3
-2
2:0
1
4
-5
0
-1
2
0
3
2:-1
-2
0
2
-3
5
-4
1
2
2:-2
2
0
-2
2
-2
2:1
-1
4
-4
1
-1
2
-2
1
2
0
-4
0
5
-5
5
-2
3:0
-2
1
-1
2
0
-1
-2
1
3
-2
0
-2
3
-2
2:0
4
-4
-1
2
1
-2
5
-5
3
0
-4
4
-2
1
-2
2
2:-1
1
2:-1
6
0
-5
-1
0
2
3
-3
1
2
-3
2
2:0
-2
-1
2
0
-3
1
3
1
-5
2
0
1
2:-1
2:1
2
-2
-3
3
1
-1
-2
-1
1
-1
2
0
-1
2
-3
3
-2
2:1
-2
2
-1
1
2
-4
1
2
-3
1
3
-3
-2
1
2:2
-4
2
2:-1
5
-4
-1
0
-1
1
0
3
-1
0
2:1
-2
-3
0
1
-1
1
2
3
-1
1
-6
5
-3
-2
0
4
0
-3
0
3
2
-1
-4
-1
2
-1
0
1
-2
2
2:-1
1
3
1
-5
0
1
3
-3
-1
1
3
0
-3
1
0
1
0
1
-1
-2
2:1
-2
2
-2
0
1
-2
2
-2
0
2:1
2:-1
1
0
1
-2
4
-3
-1
0
3
-3
5
-5
0
2
0
-1
4:0
4
-5
0
1
0
1
4
-6
1
0
2:1
-3
0
3
-2
3
-3
-1
4
-3
2
0
-3
3
2
-3
-2
4
-1
-3
1
3
-4
0
4
-3
4
-4
4
-2
3
-1
-4
4
-3
2
-2
-1
0
-1
5
-3
2
-2
-1
3
-1
3
-6
3
0
2
0
-2
3
-5
2
-3
4
-1
-2
0
-1
3:1
-1
-2
1
-1
3
0
-2
0
3
-2
3
-5
1
-1
0
5
-1
-3
2
-2
1
2:-1
4
-4
0
2:1
2:0
-2
2
1
-3
4
-3
2
0
-1
-2
3
-3
3
1
-3
1
3
2:-1
1
-1
-3
5
-3
3
2:-2
3
-3
5
0
-5
2:0
1
0
3
-3
-2
1
2:0
1
-2
0
5
-1
-2
2:2
-4
2
-1
0
2:1
-2
2:0
2
1
-2
0
-1
1
-1
2:0
3
-3
159
-157
-2
0
1
17
-2
-13
4
2
-7
-2
0
35
-35
20
-20
3
16
-19
0
1
8
-8
2:0
-1
1
25
-25
2
-2
3
-4
2:1
15
-17
3
0
-3
0
4
-4
2
0
2:-1
0
36
-36
5
-4
0
4
1
-1
-4
2:0
3
2
-5
-1
5:0
4
-4
0
4
-4
1
22
-21
-2
9
-7
0
2:-1
8
-7
-1
0
2
-1
0
11
-11
2:0
17
-16
-2
2:0
2
4
-3
-2
-1
1
-1
8
-8
1
-1
0
10
-9
-1
0
3
-3
1
-1
1
12
-13
0
49
-49
0
17
-11
-5
2
-3
2:0
7
-7
0
77
-76
0
5
-1
-2
-1
76
-76
9
-8
-3
6
-3
1
24
-23
1
-5
-1
2:0
30
-30
35
-34
57
-58
10
-10
2:8
-13
5
12
-18
-2
2:1
8
-4
11
3
-18
15
-14
5
-6
-2
2
91
-93
9
2187
-2191
102
-70
-36
4
-3
11
-8
-4
5
-5
-1
17
-15
4
-5
3
2:-1
21
-21
-1
59
-60
4
21
-10
2
-17
1
0
7
-8
2
-2
0
4
8
-12
0
2
29
-29
0
2
43
-40
-2
7
-9
-3
1116
-1115
187
-188
6
-6
5
-5
2
2:-1
4
-4
0
2
-2
8
-5
1
-3
-1
1
-1
1
6
47
-48
-4
35
-33
-1
657
-654
-4
3
55
-60
4
-2
-1
24
-23
-2
31
-13
-15
1
234
-160
-68
-10
0
2
-2
3
2:0
21
1231
-1244
-11
151
-149
2:-1
17
-6
1
231
492
-729
-2
125
-128
1
-2
0
6
0
4
-10
5
-4
14
-14
-1
150
-149
4
259
-236
-5
-21
-1
6
-6
0
-1
4
29
-33
75
-69
-4
1
79
209
-283
12
-20
9
-9
4
-4
3
0
7
0
-7
37
-39
6
-5
2
5
37
-44
-2
53
3
-54
0
30
-31
1
56
43
-99
-1
0
502
-491
-11
11
40
-51
0
4
-1
2:-2
0
6
-6
8
-4
-1
3
269
-274
2
-3
3
-3
38
-36
25
-26
7
755
-761
-2
4
12
-14
-1
2
-2
2:5
880
-888
2:-1
16
-3
-5
-9
3
2
7
0
5
496
-513
44
-44
4
3
-6
2:1
0
35
-18
-13
-5
2
-1
-3
3
5
-3
-1
8
-9
-1
10
-6
-2
24
-26
-1
2
3
-5
1
0
12
-11
31
-26
-8
0
51
251
-300
-2
13
-11
77
516
501
-1093
2
-1
21
178
-201
-2
83
-76
8
-3
-8
0
-2
2:1
35
194
-229
-4
0
1
4
8
-7
34
-40
3
-3
2:0
20
26
68
-114
1060
-1059
0
-1
2:0
38
-31
-7
0
4
-3
21
-1
-21
0
1
6
-5
-2
2
0
2:4
-10
9
-9
15
-9
28
-32
-2
8
-7
6
-3
29
-7
-26
40
-38
38
-39
-1
0
29
-21
6
0
6
-17
-2
100
-101
15
3
4
-22
8
-8
2
1
-3
5:0
1
-1
1
-1
19:0
1
-1
6:0
1
-1
1
-1
14:0
5
-5
1
-1
2:0
2
-2
5:0
4
0
-4
1
-1
10:0
1
-1
7:0
1
-1
7:0
1
-1
11:0
1
0
-1
5:0
2
-2
4:0
2
-2
0
2
-2
16:0
1
-1
0
2
-2
4:0
2:1
-2
3:0
1
-1
2
2:-1
2:0
1
3:0
-1
1
0
-1
0
1
0
-1
6:0
1
-1
0
1
0
-1
12:0
1
-1
8:0
2
-1
0
-1
2:1
0
2:-1
0
1
-1
3:0
3
-2
-1
4:0
1
-1
17:0
2
-2
3:0
1
-1
6:0
1
-1
2
0
-2
10:0
1
-1
6:0
1
-1
5:0
1
0
-1
0
1
-1
2:0
2:1
-2
5:0
3
-3
11:0
1
-1
4:0
1
-1
2:0
1
-1
0
2
-2
3:0
1
-1
0
2
4
-4
-2
0
1
0
-1
3:0
2
-2
2:0
1
-1
1
-1
0
2:1
-2
0
1
-1
0
1
-1
1
0
-1
3:0
3
-3
5:0
1
-1
1
-1
0
9
-9
6:0
1
-1
4:0
2
-2
5:0
1
0
-1
3:0
3
-3
14:0
1
2:0
-1
10:0
1
-1
3:0
1
0
-1
0
1
-1
1
0
1
end
