v1
966
207
377
159
237
88
161
52
115
72
132
105
378
177
37
60
278
57
17
39
7
15
127
19
535
73
99
59
170
111
49
53
97
73
140
17
39
330
206
89
70
136
98
455
136
135
34
67
228
96
10
73
121
22
81
37
33
93
41
136
24
25
33
217
84
54
94
349
52
152
247
156
9
14
8
55
170
0
277
109
140
8
176
86
72
122
63
79
57
139
93
91
92
104
370
193
110
150
125
447
137
341
442
126
213
69
57
62
747
106
29
106
104
300
47
339
281
2
169
601
118
182
94
275
16
93
62
67
351
288
294
14
45
50
32
438
33
29
51
32
25
18
2:19
23
8
46
2
3
14
130
3
1
111
7
73
9
12
54
8
45
14
64
30
5
30
38
19
55
127
89
29
49
398
173
120
94
131
160
35
96
123
110
304
10
39
116
104
180
54
121
141
85
142
87
172
146
102
170
15
410
17
14
299
10
28
8
2
83
299
41
309
172
35
187
50
758
301
53
30
10
367
167
24
250
94
2:1
73
50
655
322
14
1
246
33
29
51
96
56
27
2:53
37
38
19
38
69
15
147
40
2
281
96
14
153
458
36
65
77
5
102
8
307
137
175
70
63
58
8
11
32
363
22
29
38
100
40
14
47
7
54
147
88
153
59
5
20
3
104
89
5
42
77
32
240
36
215
21
0
39
63
20
135
34
123
31370
5
22
9
237
53
44
85
88
76
66
54
36
8
22
1080
72
68
111
71
166
18
47
9
3301
2211
325
3
1553
3764
1376
10801
15
2650
4766
2526
2466
790
6127
13
2172
816
4451
8082
9
2826
882
958
2453
13
474
508
1042
3119
1
16
2
5
3
1425
106829
13098
3544
1
7741
73
9417
32379
32
10
22
29
138
35
5
47
26
109
5
16
54631
740
143
66
98
9
15
12
57
6
12
17
34
111
27
10
3
8
2
2:1
11
2
1
16
61
5
643
29
24
16452
4654
3093
10208
7980
813
1430
1727
436
532
2
3
22
28
3
39
47
54
9
8
23
1
8
28
3
1
43
22
3
22
4
5
1
40280
26
64
176
69
31
126
599
1
296
13
43
25
17
202
277
9
57
18
41
103
89
4
39
273
420
18
6
17
15
23
14945
82
1977
13
9722
2:1
162
1
115
28
62
2
11
62
65
22
99
4
7
11
-488787
197
301
318
169
97
51
44
109
79
56
18
162
0
113
49
100
216
59
480
617
41
21
106
91
90
46
262
186
134
555
584
276
293
192
169
26
0
242
20
46
63
23
217
120
329
451
61
92
118
80
6
125
109
2
256
145
315
68
6
36
2:163
46
145
317
60
74
69
235
192
447
183
20
410
0
63
109
90
23
160
121
71
14
402
1177
405
209
200
155
18
187
447
85
73
41
1179
134
164
121
293
285
72
86
26
3
172
2:1
123
181
186
1
7
14
1
17
207
7
4
279
10
68
44
52
110
99
641
47
775
219
232
85
268
640
100
531
231
331
19
72
53
250
87
736
55
191
256
742
144
474
109
108
131
224
562
487
233
68
229
158
119
217
597
241
63
89
93
202
43
19
195
20
140
71
15
454
634
29
60
54
25
173
221
6
74
58
172
42
323
0
40
45
132
31666
73
161
100
92
32
60
13
10
32
48
1221
87
173
142
128
341
10194
4194
337
4114
1002
4736
378
5095
7055
10095
2652
6
8028
60
4650
7632
1465
106807
24361
101
41852
30
7
59
61
33
114
16
83
7250
28796
19466
20
164
157
91
2
13
42
3
756
36
6
113
37549
5789
2056
143
1688
2:1
0
6
39
46
14
62
21
74
30408
0
1513
8700
190
541
172
41
178
221
385
27
122
128
5
50
367
11
256
0
81
13
27079
32
17
19
53
86
126
56
-488634
5
1
62
370
62
345
210
477
168
54
310
801
451
696
117
457
19
371
102
204
19
532
220
205
731
440
366
430
217
0
630
240
101
95
377
294
321
65
8
468
279
376
1216
633
507
109
0
763
119
341
37
218
61
33
266
0
231
113
457
234
112
665
894
115
489
53
451
861
279
59
545
911
119
599
1691
588
718
154
5
434
183
152
0
332
904
340
156
52
61
184
443
119
23
85
110
432
296
106
835
37
88
553
26
23
30
0
150
225
506
194
105
13
242
207
31520
166
371
16
0
103
1044
224
238
136
7773
2065
2749
30591
15084
11
2833
6323
3142
4991
116368
0
53329
181
24
55662
164
137
63
964
2
50
3464
40655
816
503
1737
33
189
41409
439
57
241
98
1277
27
13
26991
56
142
57
1423022400
499:0
1
299:0
1
165:0
19
4
5
-24
3
564
-546
-18
127
-129
8
3685
-3679
0
-14
15
435
-375
2191
2547
-4792
-1
33
-22
-31
3:0
7
-5
-2
21
3
21
53
-20
-78
108
-107
822
-734
50
-140
363
-178
-177
109
-107
514
-510
-14
47
646
-684
12
-4
-16
55
246
-100
-192
-9
46
-45
118
-120
1
12
158
-160
-10
0
1
1108
-1101
181
-157
-31
-1
0
13
-5
6
-15
12
2
16
738
-766
-1
2
105
-100
81
-74
691
-633
181
-251
3586
-3401
-20
-166
441
-360
-72
-9
233
-111
-122
1759
-1749
9
-2
29
-34
-13
27
1224
-1238
0
430
2516
-2948
-11
26
-17
459
-257
-5
-195
11
49
-70
-1
14
103
-95
172
-150
-23
36
-50
23
-22
8
-16
58
4
-50
117
-45
-84
197
-189
615
-606
-5
12
-22
12
66
317
-378
78
-88
5
21
-15
-19
256
-255
136
-86
-21
-29
67
-61
1
-9
10
185
-179
82020
-74143
-7577
-316
37
31
-27
92
140
1003
-1262
58
-64
0
-8
58
-48
7
20
120
-132
-13
-5
775
-708
21
122
-216
0
-1
22
7
70
287
-286
1019
-1090
2366
-1849
746
-1276
18591
-18606
268
1926
-2027
-151
-16
16
-17
53
-35
11149
-11094
-62
1
-11
9
-9
1
1373
-1373
-2
583
-510
20754
-20827
27
42
-22
289
-280
-9
118
188
-340
-4
177
-185
0
178
-14
1172
-1329
9
2509
-2323
-177
-26
8
2
14
723
-737
21389
-21313
-61
3002
-2995
500
-520
22
2981
-2994
1470
-1469
-6
257
-260
-12
7
-7
0
108
-93
1
116
349
-482
2
941
-836
1223
509
-1648
-166
151
-176
82
-55
245
-259
-11
148
-4
-104
68
-99
10
-5
36
-33
92
-54
-48
-1
168
-68
-108
1511
-1438
39
1103
-1178
542
75
-545
-108
2:0
88
65
-143
30
29
-70
0
10
11
160
-173
-7
-1
26
-25
27
-18
479
27986
-28425
-50
8
0
14
59
34
336
-388
10922
-10983
10
38
990
-1040
2
2:-1
15
7
87
1438
-1520
270
-290
115
-110
-5
7
-14
154
-147
312
-302
10521
-10537
74
-29
-44
8
31
-30
17
-6
329
-318
-33
1
10
2
-5
146
-155
9
10
49
-67
26
6
23
107
-128
111
-96
-42
17
-1
3202
11293
-14489
11212
-11217
-23
40
3484
-3525
1552
29138
-25496
-5181
-13
14
41
-40
1
2266
7685
-8736
-922
-63
-186
-32
-5
206
5353
-5580
-1
155
-60
-50
-10
222
1486
-1623
1412
-712
-758
-15
-48
18
-5
-13
4382
-4365
-5
-10
151
-110
-32
-4
80
37
850
-540
1475
-1889
383
-374
83
-30
-70
164
-151
17
178
-220
15
43
-59
4
1
-6
7
1
-8
-1
2
-2
0
1
-1
2:1
-2
1
-1
9
-3
-6
2:0
6
-4
0
3
2:1
-6
5
-5
-1
2
-2
2
-2
1
0
5
-6
1
-1
0
9
-8
4
5
-9
1
-2
6
1
-5
-2
0
2
-2
7
0
-6
6
-5
-2
9
-8
6
2
-3
1
-6
-1
9
-9
2:1
0
4
2
-7
5
-6
2:0
1
7
-7
5
-4
-2
1
-1
6
2
-2
0
-4
0
-1
1
2:-1
1
0
4
5
-10
1
-1
7
1
-1
-7
1
-1
7
-5
-2
2:1
-2
2
0
-2
0
10
-10
0
7
-7
1
0
7
-8
6
-6
2
4
0
2:2
-10
1
7
-6
-1
0
9
-9
-1
9
-3
1
-7
2
-1
2:0
7
-6
-2
2
4
-6
2:0
7
0
-6
0
-1
7
-6
0
1
-2
1
7
-6
-2
8
2:-3
0
-2
1
-1
3:0
1
-1
0
6
-6
7
-7
0
7
-7
3:0
1
9
-10
2
-1
1
-2
2
-2
10
-3
-2
2:2
-1
-6
5
-6
9
-1
-9
6
-5
0
1
-1
1
0
-1
6
-6
-1
6
1
-6
-1
2:0
1
0
7
1
-3
0
-4
2:-1
6
-6
2
3
-4
-1
6
-5
-1
8
-7
0
-1
0
1
7
-7
7
-7
-1
0
1
-1
1
2:4
-3
-5
1
-2
8
-8
0
10
-8
0
-2
5
-3
-2
1
5
2
-1
-6
0
1
4
-6
6
-7
-1
0
1
-1
1
2:0
-1
0
1
-1
0
1
2:0
-1
1
3:0
-1
0
1
-1
2:1
-2
1
0
-1
1
-1
1
2:0
1
-1
3:0
-1
2
0
-2
2:0
1
2:0
-1
1
2:0
-1
0
1
6:0
-1
1
-1
1
0
-1
1
3:0
-1
1
-1
1
2:0
-1
1
-1
1
-1
1
-1
1
0
-1
1
2:0
-1
1
0
-1
1
3:0
-1
0
1
0
-1
1
0
-1
1
0
-1
0
1
3:0
-1
1
-1
1
5:0
-1
1
2:0
-1
0
1
-1
1
-1
0
1
2:0
-1
2
2:-1
1
2:0
-1
2:1
-2
1
-1
0
1
0
-1
1
-1
1
6:0
-1
1
2
0
2:-1
15
-12
-3
2
-2
1
123
-124
3
-3
2
10
-12
35
-31
1
-5
5
-3
-2
1
-1
3:0
1
-1
2
-2
1
-1
0
10
-10
1
-1
46
-45
-1
9
-8
4
-3
-2
2
-2
4
-3
-1
3
-3
6
8
-14
2
-2
3:0
11
-11
0
2
-1
1
2:-1
0
4
-4
6
0
-5
0
-1
3
1
2:-2
1
4
-2
0
-2
0
-1
0
1
2
0
1
-3
14
-14
9
-1
2
-9
11
-4
-8
-1
2:3
-6
1
-1
0
2
3
-1
-2
0
29
-30
-1
43
-22
-18
-2
-1
1
-1
4
152
-156
5
0
-5
0
1
8
-8
26
-26
7
-6
2:0
2
7
-10
2
2:-1
0
11
-12
59
-58
52
-52
-1
5
-3
0
4
2
-7
6
-6
3
6
2:-5
16
-16
17
-9
-7
0
4
-5
5
-4
0
54
-46
1823
-1745
-44
-41
4
-2
5
-6
2
-4
-1
14
-10
-3
0
15
-14
-2
5
14
-16
-3
0
153
-152
6
4
2:-5
0
1
4
16
4
-26
1
4
41
-34
-9
-1
474
-476
0
56
-42
-12
-2
2:0
4
-1
48
-48
1
2:-2
2
2:-1
53
-53
1
39
-34
247
-251
3
-5
1
42
-43
3
-3
3
0
-3
16
-15
-1
25
-21
2
-6
4
106
-43
-61
-4
2:-1
3
24
-26
602
-571
-32
151
-144
11
-12
28
125
-153
261
-261
-2
66
-70
0
2
-2
1
36
-33
0
1
23
-28
5
67
-71
3
101
-84
-15
-4
1
11
-8
38
-41
-2
39
66
-100
5
-9
1
2
4
0
35
-35
-8
-1
12
20
-32
35
2:-17
28
-29
50
13
-59
-4
3
-3
2
0
-1
3
11
-15
3
1
2:0
-2
2
-4
2:0
22
-21
6
193
-199
-1
3
-1
23
-23
19
-21
11
910
-921
1
0
17
-18
3
-3
2
0
1
4
87
-93
2
-2
-1
2
1
4
-7
2
-1
8
-2
816
-823
27
-23
0
3
-6
1
6
-5
8
-5
-6
2:0
9
-3
-2
-4
1
8
0
-8
8
-4
6
29
-33
3
-7
-2
3
-2
18
423
-443
269
-266
-3
7
-7
4
89
1396
-839
-647
-2
1
4
-3
-1
368
-223
-136
9
-14
0
-4
2
28
144
-175
0
22
-18
9
-6
11
21
23
126
-183
15
-21
1
4
-3
0
17
-18
9
-10
7
-3
-1
-2
3
-2
24
-10
38
-53
29
-29
4
10
-12
19
-20
36
-13
-25
0
13
-12
0
-1
4:0
1
-1
1
-1
0
2
1
-2
-1
3:0
1
-1
2:0
31
-31
2:0
1
-1
4:0
1
-1
11:0
2
-2
10:0
1
-1
0
1
0
-1
1
-1
3:0
2
-2
0
1
-1
3:0
2
0
2:-1
6:0
2:1
-2
5:0
3
-3
1
2:0
-1
0
1
-1
1
-1
2:0
1
3:0
-1
3
-3
1
-1
5:0
2
-2
0
2
-2
0
1
-1
1
-1
1
-1
3
-3
0
2
-2
0
3
-3
0
3
-3
0
1
-1
1
-1
0
2
-1
2:0
-1
6:0
4
-4
3:0
2
-2
4:0
1
-1
1
-1
1
0
-1
1
-1
4:0
2
-2
0
2
1
-3
3:0
3
-3
1
0
-1
4:0
2
-2
4:0
1
-1
4:0
2
-2
0
1
-1
5
-4
-1
0
3
-2
1
-2
3:0
1
0
-1
2:0
2
-2
1
-1
1
-1
4
-3
1
-2
1
-1
0
3
-3
0
1
0
-1
2
2:-1
1
-1
1
2:0
-1
1
-1
2
2:-1
2:0
4
-4
2
2:-1
3:0
2
-2
0
4
-4
1
-1
4:0
3
-3
1
-1
15:0
1
0
-1
25:0
1
-1
38:0
1
-1
30:0
1
-1
9:0
1
-1
29:0
2
-2
2:0
1
-1
8:0
end
