v1
913
210
42
418
450
109
52
115
24
14
34
117
71
49
50
160
3
46
119
51
13
150
100
67
170
52
6
56
7
15
28
195
419
46
165
293
69
250
5
427
27
102
19
152
159
32
104
26
72
322
133
22
138
111
101
76
87
65
106
237
223
40
1
160
50
296
67
70
269
72
84
265
61
67
6
21
135
31
18
99
80
28
263
85
43
143
87
9
80
86
29
165
63
79
57
232
85
202
99
84
380
110
235
20
12
8
292
139
117
377
82
11
270
25
54
306
33
69
57
176
228
253
258
128
7
44
122
73
127
55
91
111
167
143
138
7
66
48
218
17
53
24
139
193
7
158
101
41
94
106
169
16
43
33
17
64
55
309
52
217
71
44
250
46
233
2
123
175
6
27
22
7
12
33
6
32
12
31
12
7
8
11
23
7
47
96
40
7
4
2
4
103
15
73
9
12
62
45
2:14
50
23
7
35
38
3
16
38
17
127
118
85
2
116
236
8
78
57
35
3
120
225
160
35
219
110
98
206
10
33
6
116
104
42
39
29
124
121
141
85
101
41
59
31
169
146
287
18
138
271
3
11
110
189
48
153
229
41
291
132
85
1
7
12
175
50
758
192
7
102
71
16
6
252
115
56
66
45
24
157
56
37
94
75
50
325
268
62
306
19
29
229
33
29
1
116
30
10
46
80
128
19
38
69
7
8
147
88
235
96
14
683
9
20
182
2
8
56
123
128
97
3
37
175
70
63
58
8
11
32
43
70
250
51
38
100
54
47
61
127
20
88
153
59
5
20
3
93
100
3
2
9
24
172
42
10
149
45
119
72
21
102
155
34
31493
5
22
9
12
126
61
5
33
97
85
88
76
66
54
15
21
8
22
1043
109
68
97
14
71
108
58
16
2
0
43
4
3310
2211
325
3
1553
3764
1372
4
2464
5116
3236
1500
1150
4766
4989
3
790
2919
3208
13
2988
1797
1267
1385
2
4
8087
5
2821
882
943
15
2453
3
10
5143
1
7
9
2
5
1428
4053
115874
3544
1
7741
32
41
9417
32418
3
22
26
46
91
4
40
93
53
36
5
35717
334
19299
28
38
12
35
67
7
157
7
2
27
57
6
12
1
16
145
27
10
2
1
2
9
1
11
2
8
75
643
29
14
6
16456
2358
5389
10208
2004
5976
813
247
1183
873
88
101
665
436
366
166
2
3
4
2
5
11
31
39
19
28
10
44
8
32
36
1
3
1
90
4
5
1
40280
26
64
25
115
36
69
90
30
37
12
587
1
46
28
13
50
159
13
43
25
17
92
110
277
9
57
18
41
103
47
36
10
20
19
113
160
331
44
63
6
17
15
21
2
58
32
14798
1
56
45
2027
9723
1
149
13
116
55
3
32
2
24
49
5
6
76
5
63
31
2:11
-488525
133
89
14
69
292
179
139
28
476
21
181
696
358
161
285
244
265
428
731
144
346
512
114
233
56
253
255
213
291
54
62
366
139
211
297
101
965
91
12
260
45
320
118
255
1322
426
456
1239
71
62
236
4
499
349
251
209
108
118
6
144
168
66
57
348
622
939
123
149
73
7
138
161
182
67
88
29
53
33
428
145
162
45
1337
479
741
58
105
12
56
78
170
171
52
202
194
151
1168
82
459
837
127
105
115
501
41
430
255
176
61
40
154
155
179
257
285
405
75
247
226
49
254
288
105
0
558
37
62
142
203
163
54
2
201
380
69
579
15
179
59
211
31444
64
95
152
18
120
117
46
33
123
1152
182
194
141
10461
2064
6581
18266
1211
6268
1744
11587
28
1
2
4684
2921
1550
3126
18
2
1446
123450
49673
123
159
92
7277
48116
578
0
6
50
6
72
682
54
28
7963
10810
2297
21195
2205
2838
193
62
86
31834
9431
316
189
683
91
18
760
23
15078
11712
132
251
90
37
-488016
837
78
312
555
170
1178
320
249
1129
124
1080
18
615
347
135
43
854
1826
203
146
349
505
60
440
480
103
2007
2591
79
70
203
418
512
437
254
6
55
133
3
138
1286
2147
679
1685
1007
196
924
659
176
799
26
1986
13
240
1289
77
856
92
101
60
15
153
31423
118
412
44
1156
15
501
92
43
331
44170
2161
3537
20373
1418
169944
3211
46
341
54658
1304
66
811
3600
21760
18026
245
3713
19
52
100
157
40704
1586
394
572
27209
1423246800
599:0
1
212:0
1
99:0
3
-1
35
-14
38
-54
-4
4
56
13
-74
0
11
-2
-8
-1
7
9384
-9382
-9
1
6
382
-389
7
253
14964
-15218
39
330
-362
-12
9
146
-125
-25
253
-259
27
-26
4
-5
146
-139
3
-2
11
300
-301
-7
4
-3
25
-26
-11
1
6
81
-82
6
9
18
201
-239
0
12
-2
-4
19
115
-140
15
10
4
-16
11
-4
-21
9
-8
1349
-1342
143
-150
91
-91
7
146
-143
87
-88
21
-22
483
-456
-24
-8
-4
11
-1
482
-168
-301
-11
1310
-1321
174
-169
44
-40
-1
-5
16
318
-302
287
-297
683
-701
362
-363
20
-11
40
-44
-11
12
59
-72
1
4
19
-10
-14
1
7
145
-142
-10
6
-6
6
-2
29
-33
3
2
236
-241
265
-122
-78
-65
7
114
-121
15
416
-418
32
-29
104
-109
11
-14
-9
1
10
3066
-3062
8
-15
9
52
248
-311
19
25
-41
-5
24
-20
-1
0
-1
0
480
-479
1
131
-133
68
17
971
-1050
199
-210
173
-164
170
-170
-2
339
-323
-23
11
0
30
-31
90
-44
-57
23
-16
248
-249
-6
66
49
-16
-92
0
-2
1
385
-373
-4
233321
-232937
4228
-4392
-234
29
13
-42
58
284
-311
2
-21
129
-133
-8
22
5
8
-35
4
30
-34
5
7
140
279
-407
86
599
-701
-7
0
364
-295
57
-114
128
-52
-82
12
151
141
-307
34
-33
2959
-2953
-10
991
-992
9
-8
0
35923
-19597
-16296
-26
0
52
-42
8
-23
117
-98
18
-33
2
-5
7
14
47
1400
-1303
-160
4250
-4241
20
33925
-33960
10
-2
524
-461
-65
3
-9
674
-673
-1
1
10
-1
-5
89
-57
-29
-7
13
1545
-975
-539
6
-51
10
8
-11
1537
36277
-37805
3594
-3601
61
22
-54
-32
3397
-3364
5751
-5773
-8
-3
179
-184
4
-4
-1
1
3
-3
5
135
-134
1504
-1499
1671
-1669
4057
-3880
109
-288
-11
4
9
-14
284
-263
158
-148
-26
971
-954
302
-320
1521
-220
-1217
-36
-47
14
-5
-14
33
-25
9
0
30
-42
661
-593
24
881
-694
-279
69
489
-545
-17
1091
-1091
2857
-2848
-10
15
22
-36
6
200
164
-336
-31
15
29
-40
-2
-5
-1
6
0
68
-60
7
4
-2
-14
8
-16
41263
-41232
-21
4
41
-52
607
-308
-227
24
4039
-4126
178
138
-328
-1
12
-4
-7
6
-2
897
3079
-3981
0
1
4
297
-290
28
-25
9
82
-98
3
37
-27
112
-112
-14
3648
-3582
-47
-8
-17
11
-11
63
-32
429
-456
3
34
-35
19
-18
11
24
-34
17
-21
-5
66
-54
0
207
-219
0
6
165
-157
167
-165
-15
34
-34
-1
4
586
374
4497
-4740
-257
-409
36983
-36808
-213
-17
185
18099
-15227
-3036
5
1
768
6726
-7501
105
-110
-4
115
-103
-16
-6
11
-7
290
300
-590
0
40
-44
29
-22
53
274
-271
-63
60
99
1233
-780
20880
-21468
23
-43
2:3
1307
-1297
-21
27
-16
166
424
-555
-36
2
-12
423
-415
-4
1395
-1398
4
23
76
1149
-1127
-125
344
292
-626
-10
82
-60
47
37
-88
37
244
437
11911
-12215
-344
-33
-53
-4
1
3
-5
1
0
1
-2
4
0
-3
1
2
-4
2
3
-2
2
2:0
-5
4
-3
-1
5
2:0
-3
2
-3
0
3
0
-2
-1
3
-3
4
-2
1
-2
-1
3
1
-3
0
2:-1
2
-1
3
-2
1
2
-4
0
1
2:0
2:-1
3
-2
3
-3
0
1
0
3
2:0
-4
3
-3
4
0
-4
4
-4
1
-1
3
0
1
0
1
-1
-4
2
3:1
-4
2
0
-3
0
1
-1
4
-1
-3
4
-4
1
2
-4
1
3
-3
0
3
1
-3
-1
2:1
2:-1
3:0
3
-2
3
-4
4
-1
-2
-1
3:0
3
2:0
-3
1
0
-2
5
-1
-3
2:0
-1
2
0
-1
5
2:-1
0
1
-1
-3
4
0
-1
-3
4
-5
4
-3
2:0
4
-4
0
5
-5
3
2
-5
4
-1
1
-4
4
-3
-2
0
5
-1
1
2:-2
2
-2
1
2
2:0
-3
3
-3
4
-3
2
-2
1
-2
1
0
3
0
-4
4
-4
4
-1
2:-2
1
-1
0
1
-1
0
1
0
-1
11:0
1
-1
1
-1
1
0
-1
9:0
1
-1
0
1
-1
2:0
1
0
-1
2:0
1
0
-1
1
0
-1
3:0
1
-1
3:0
1
-1
0
1
2:0
-1
2:0
1
-1
0
1
3:0
-1
0
1
3:0
-1
1
0
-1
1
-1
0
1
0
-1
0
1
-1
1
0
1
3:0
4
-3
-1
3
-2
4
-5
1
-1
0
1
-1
2
98
-100
0
1
0
-1
2:0
7
4
-9
15
-12
-5
0
40
-38
-2
0
28
-28
1
-1
2:0
10
-7
-2
1
0
23
-25
3
-3
0
4
-1
-3
0
2
7
-9
1
-1
10
-9
-1
1
-1
1
-1
0
4
-4
2:0
2
-1
0
1
-2
2:0
38
-38
2:0
5
-4
-1
2
-2
1
2:0
-1
0
2
1
-2
-1
0
1
3
-4
0
1
13
-14
8
-8
5
-5
1
-1
1
17
-16
16
-11
-2
-5
1
-1
7
-5
2
-4
1
-1
2
2:-1
0
4
-4
1
-1
0
1
0
1
2:-1
0
2:4
-8
2:0
33
-32
15
-14
-2
0
2:2
-4
3:0
3
-2
76
-76
0
2
-3
0
2
4
-5
3
-3
0
-1
29
-26
4
-7
1
-1
6
-5
1
18
-20
2
-2
0
2
20
-21
18
-18
54
-55
9
-7
2
-4
4
-4
1
13
-13
-1
5
-2
1
0
6
-9
-1
2
-2
23
-21
-2
0
9
-5
-4
0
3
-1
67
-68
4
1783
-1785
91
-75
-19
3:0
5
2:-2
1
4
-4
0
-2
9
-7
4
-6
4
-3
-1
0
5
12
33
-38
-7
13
-18
2
-1
2:0
4
-2
3
10
-16
3
18
-20
-1
3
-3
43
-41
-2
10
-10
2
2:-1
773
-570
-199
-4
0
7
-6
1
-2
7
-6
14
-15
0
1
-1
2:5
47
-56
-1
35
-27
-8
519
-519
5
-5
37
-37
1
0
-1
11
-11
2:0
1
-1
1
29
-24
-4
-2
2
146
-70
-69
-7
-2
4
2:-2
28
907
-933
121
-118
1
12
-13
8
175
-177
426
-436
0
-1
57
-57
0
1
2:0
-1
1
7
20
-27
24
-21
85
-88
146
-128
-3
-15
0
-1
6
-5
21
-19
44
-40
-6
42
-41
124
-124
16
-14
1
-2
-3
8
-3
-5
23
-23
3
0
-3
2
6
13
-21
29
6
-34
-1
31
-31
2
49
-51
59
-56
-2
1
2:-1
1
6
3
-9
-1
9
22
-30
6
-6
1
2:0
1
-3
0
12
10
-21
2
-3
236
-234
1
-3
46
-44
18
-20
0
10
426
-435
7
5
-12
-1
0
1
3
-2
0
8
122
-132
2
-2
2
-2
2:2
-4
18
-11
-5
2
-2
4
5
-5
-6
535
-512
-17
-1
-5
2
1
12
0
-8
-6
-1
8
1
-2
-6
3
0
-3
3
2:-2
8
-4
1
9
-12
-2
3
22
-21
2
0
-6
1
-1
2:0
57
-46
247
-258
6
-5
228
-224
0
-5
47
453
93
-588
-3
1
123
-19
-105
7
-8
-1
9
-8
2
-3
2
0
29
75
-104
-2
1
-1
0
3
8
-7
32
-36
8
3
21
76
624
-732
29
-25
-4
1
32
-27
-6
2:1
13
-2
-8
1
-4
-1
22
-23
3:0
5
-1
0
20
-8
-16
22
1
-23
0
4
10
-14
10
-9
3
70
-73
4
20
-23
7
-9
17:0
1
-1
2:0
1
-1
8:0
3
-3
19:0
2
-2
15:0
1
-1
0
1
2:0
-1
0
2
-2
4:0
2
-2
1
-1
2:0
2
-2
4
-4
5
-5
10:0
1
-1
7:0
3
-3
3:0
1
-1
6:0
2
-2
4:0
3
-3
6:0
1
0
-1
5:0
2
2:-1
1
-1
3:0
1
-1
0
2
-2
6:0
1
-1
0
2:1
-2
2:0
1
-1
1
-1
2:0
1
-1
4:0
1
-1
6:0
1
2:0
-1
4:0
5
-4
-1
5
-5
1
-1
4:0
1
-1
11:0
1
-1
8:0
1
-1
1
-1
16:0
2
-2
35:0
1
-1
5:0
2
-2
8:0
end
