v1
1029
460
79
204
486
52
121
32
34
615
214
395
17
39
7
15
28
533
292
466
51
95
459
273
159
32
202
132
323
136
24
111
81
248
96
10
216
19
266
160
341
5
67
495
399
54
0
133
206
19
291
90
153
20
156
53
0
33
50
207
79
57
232
7
78
157
144
464
110
104
54
117
431
117
377
442
126
213
69
57
809
106
29
106
366
424
281
197
159
77
270
69
394
275
16
613
248
294
109
170
121
4
208
29
28
55
25
18
61
8
0
48
3
21
121
6
13
105
82
74
40
5
14
64
30
5
30
38
19
38
17
127
118
85
20
269
73
173
120
225
414
110
304
10
33
6
116
146
138
54
121
35
106
85
142
254
5
151
97
185
441
299
48
66
87
229
41
423
280
9
12
787
301
460
50
6
106
3
2
181
114
73
75
18
32
655
43
2
20
260
11
247
33
29
203
80
128
126
7
8
147
433
611
36
45
20
184
452
175
70
121
8
11
32
148
302
2
100
54
47
61
127
20
88
153
64
23
198
9
248
385
60
63
189
31493
5
22
9
204
83
3
44
85
65
23
76
120
36
8
22
944
208
0
68
111
71
166
18
47
3310
2211
328
1553
5140
10816
2650
4766
6612
1211
4099
2988
925
2139
1385
2
8092
2825
882
958
2453
13
474
4670
18
5
1428
123471
1
7741
73
9417
32411
32
124
156
20
89
5
54647
703
28
159
157
7
2
27
57
18
17
82
63
0
27
13
11
1
11
85
672
16476
4654
3093
18188
1060
1183
0
1727
802
166
2
7
2
16
28
3
86
54
8
32
37
3
1
43
47
4
5
1
40280
26
64
176
100
725
1
46
250
81
219
277
9
57
2:9
41
78
25
83
19
11
19
273
425
19
17
15
23
30
14915
82
1990
9723
1
162
1
93
8
14
18
46
26
2
11
62
5
82
61
38
2:11
23
53
-488814
83
20
3
30
263
2
48
19
152
95
301
35
241
66
62
110
414
0
86
28
135
100
210
27
39
86
157
225
35
96
18
100
22
39
84
29
0
80
319
81
64
0
122
97
65
39
77
159
15
126
7
160
36
98
49
104
26
108
0
239
15
226
232
12
143
85
367
5
17
32
162
269
40
51
87
4
6
0
301
16
125
43
16
45
55
37
58
34
17
95
234
19
0
27
142
0
2
110
160
258
68
229
43
9
278
82
190
45
29
0
315
139
76
90
204
197
27
56
111
160
7
12
156
149
150
97
40
574
124
6
0
25
113
66
109
72
13
56
29
14
264
50
137
17
236
248
138
54
57
30
87
90
16
94
30
172
72
58
85
165
18
12
11
29
71
0
43
0
5
132
0
158
5
349
205
90
12
200
228
50
8
0
56
55
164
173
0
598
67
75
147
289
0
15
68
0
11
22
6
19
59
1
8
7
27
22
47
16
0
3
77
1
35
17
3
104
36
43
9
21
98
58
90
45
212
62
17
228
13
223
7
62
17
309
229
36
26
0
35
357
119
14
323
62
27
116
566
77
23
31
108
58
149
24
248
33
111
275
6
17
124
30
23
113
33
5
116
91
65
319
326
55
12
0
220
462
541
39
93
12
262
120
45
130
10
214
37
5
182
360
327
262
75
67
64
186
108
26
4
10
52
21
17
89
37
0
57
21
17
271
2
165
116
96
461
0
162
53
127
5
100
10
122
125
20
85
55
403
50
7
37
6
25
35
108
146
22
29
11
21
260
63
0
392
38
94
71
18
3
17
18
118
99
7
312
1
38
47
8
0
65
20
70
228
31480
9
185
251
103
58
1052
0
54
56
1
87
4
314
125
10
59
9763
1394
1372
6582
1002
15258
383
3
9102
5271
8109
4651
12
2447
5143
8
9
1456
3502
11948
104457
5279
5981
0
12180
7660
22054
40
2
18
46
50
71
23
21
0
11202
44310
103
35
133
105
2
45
38
163
2
0
53
1
4
2
747
49
0
13
8
61
31
57
4
2
12800
12405
12281
5542
165
2327
1679
51
5
14
63
23
5
40
27
31920
8800
157
474
746
98
13
140
34
1
23
219
0
31
10
5
215
10
418
19
25
45
18
14862
1
3
83
143
1973
0
9735
315
6
19
95
51
1
4
19
125
37
-488557
67
397
420
232
39
248
203
261
339
750
198
106
117
452
107
1647
1690
428
722
112
114
601
69
189
25
150
3
105
91
570
266
1542
486
37
678
497
518
130
557
245
339
62
440
884
103
46
933
339
561
203
123
1159
1064
2270
735
157
42
245
1790
263
12
1066
9
8
1588
172
302
709
6
837
322
95
87
23
679
154
214
338
120
31427
389
147
30
0
43
159
7505
10593
1359
18758
5704
15964
7
4650
7627
0
20
2467
130203
41922
132
139
116
2
35701
19879
186
167
0
20237
9881
16247
143
1147
542
26
219
40503
1372
226
32
247
21
0
441
94
27784
244
1423788000
399:0
1
499:0
1
128:0
1001
-971
11
2549
-2538
-18
13
-19
6713
-6728
919
567
1603
-3058
73
149
-113
10596
-10723
1
114
-119
147
-154
-1
686
-576
-94
425
-439
10
11
-16
14
599
-618
-2
34
-29
74
-62
52
-69
3
42
1
-19
-9
169
-158
-9
377
-281
-1
-68
-1
-35
5
8
3
703
-627
-57
46
-14
-52
-22
103
-98
6
1062
-1045
-19
76
79
-166
194
128
-289
-31
146
-95
92
-127
-18
51
37
-3
-82
3798
-3026
-567
78
-249
-37
9
105
-116
11
-3
7
-13
298
-296
590
-584
18
51
-34
4
-2
-45
1
70
14
-63
48
1050
-1041
-79
5
16
63
-6
-62
228
-242
27
-31
2:5
275
-280
2
8
470
-410
196
-198
-38
331
-349
135866
-135874
3912
-3671
-241
-4
-1
12
-15
144
-66
-6
-65
94
-93
-7
62
-55
45
695
-746
14
70
386
-468
17
176
-196
88
34
2067
-2159
18
-37
-4
194
-198
825
24007
-21797
-3040
72
-73
3
23
-15
-1
5
63
-56
-19
8
3
681
262
-945
94
19955
-19109
-945
0
21
-12
340
-234
8
-108
-18
1544
-1393
-113
-34
133
-131
3811
59327
-63145
4323
-4323
526
-72
-448
3509
84
-3334
-206
-53
6
12
-10
1374
-1384
6779
-6651
143
-108
-154
-7
419
131
-519
2345
-2330
380
1282
-1690
209
-223
38
-5
-21
-8
28
51
-51
-37
195
198
895
-1017
178
298
4191
-4863
598
-671
13713
-13633
-90
2
14
92
-93
13
-26
24
61
-84
0
337
35454
-35760
-12
1
115
353
-470
6335
-6350
1241
-1238
-2
2
1514
4434
-5587
-336
-26
3
166
-177
1
145
-134
19
3000
-3025
40
7
2:-19
28
44
-34
-52
123
-113
102
-80
25
-54
58
-19
47
-74
14
-19
-9
6
17
-21
5315
-4579
25455
-26173
34
831
15720
-10823
-5485
-258
36
2
2845
507
-3295
-74
-3
-33
392
1507
-1918
20
32
-54
471
1029
-1144
-337
7073
-7030
-51
81
-88
17
3623
-3596
-38
-14
66
-60
8
50
-53
13
210
39
1349
-1343
4451
-4728
5125
-5084
282
-213
591
-547
-138
98
616
-726
191
-189
109
-42
221
-269
51
-91
0
6
-1
-3
1
-1
6
-6
0
-1
0
2:1
-3
0
3
0
-1
1
-1
7
-4
1
4
-8
-1
3
5
-6
2
-3
4
-4
2
5
-8
0
8
0
-3
-5
0
1
10
-9
7
-9
2:1
2
7
-9
0
2:4
-11
6
2:1
-8
3
5
-8
12
-10
-2
4
-4
11
-3
-4
0
5
2:-4
3:0
-1
0
9
-7
0
6
-6
8
0
-5
2
0
-2
1
3
1
-10
1
5
1
-4
1
5
-6
3
-3
5
-3
-4
0
6
0
-4
7
-2
-6
8
-5
0
-4
3
1
-5
0
1
2:0
3
-3
3
-2
5
0
1
-3
-4
11
-11
0
8
-4
2:-2
2
-3
0
3
4
-7
3
1
0
8
-11
2:2
6
-8
4
-6
-1
2
0
7
2
-11
2
-1
2:1
-3
0
1
10
-10
0
2:1
2:0
1
5
2:-1
-6
4
0
-4
2
7
-8
2:-1
2
1
7
-7
-1
4
1
-2
-4
5
1
-7
10
-10
1
5
0
1
2
-7
3
-2
1
-4
2:4
-8
5
-4
-1
11
-8
5
-1
-6
-1
0
1
-1
4
0
4
-6
2
-4
2
0
2
-3
7
-7
0
2
-1
4
-5
3
-3
6
-1
-4
2
0
2
-4
2
0
4
-8
2
5
-4
-3
11
-3
4
-10
2
-4
2:1
0
1
3
-1
2:-2
0
4
-5
0
11
-9
0
5
-6
1
8
-5
6
-11
5
-5
1
0
2
-2
-1
2:0
9
-1
-6
1
5
4
-10
2
-3
2
-2
0
5
-5
0
4
2
0
-1
-4
-1
2:0
-1
5
-2
8
-5
-1
-5
7
-4
0
2
7
-9
4
-7
2
-2
1
-1
6
-2
-4
1
7
0
-7
2
3
-2
2:3
-9
-1
6
-4
4
3
0
-6
0
7
-6
-3
-1
5
-2
0
2:-1
1
0
3
-5
8
-7
-1
4
0
-1
-3
7
-7
3
0
1
-3
3
-4
3
4
2
-2
-3
2
-4
2
-4
1
0
-1
1
0
9
-8
1
7
-8
0
-1
3
-4
7
1
-7
-1
2:1
-1
9
-1
-6
3
-4
8
-3
-7
8
-3
-2
3:-1
2:0
1
-1
1
3
-4
0
1
3
-3
-1
11
-11
7
-5
2
-3
2
3
4
-3
-5
9
-6
4
-9
4
-1
0
7
-5
-4
5
2
-8
9
-6
-3
0
2
-1
5
-2
2
-4
0
5
-2
-5
7
0
-5
5
-3
-4
0
1
2
-1
3
2:-2
2:-1
6:0
1
3:0
-1
0
1
-1
4:0
1
0
-1
4:0
1
0
-1
1
-1
1
-1
1
-1
0
1
-1
2:0
1
-1
1
-1
4:0
1
0
-1
0
1
-1
4:0
1
2:0
-1
2:0
1
5:0
-1
4:0
1
-1
1
2:0
-1
3:0
1
0
-1
0
1
0
-1
0
1
-1
1
-1
0
1
-1
2:0
1
-1
5:0
1
-1
2:0
1
-1
12:0
1
-1
2:1
0
10
-4
-7
1
2
124
-127
17
-14
27
-26
16
-19
-1
22
-22
0
13
-12
8
-9
0
31
-30
2
-2
0
1
-2
3
-2
6
-6
-1
20
-19
-1
0
7
-4
-1
-2
0
5
-5
11
-11
0
6
1
-5
-2
0
5
-5
8
-6
0
-2
0
2
2:-1
3
4
-7
0
23
-11
-12
9
2
-11
10
-3
-6
0
6
-6
7
-8
3
5
-8
2
-1
0
19
15
-7
-27
-1
5
58
-62
4
-5
2
0
8
-10
37
-35
8
-9
4
2:0
-2
2:-1
10
-10
35
13
-40
-7
0
2
4
-6
2
11
-14
3
-4
4
1
11
-15
7
-8
19
-10
-3
6
-9
59
-53
1822
-1829
92
-73
-21
7
-6
7
-8
6
0
-5
-1
20
-16
-3
9
-8
12
55
-67
5
2
7
-12
-4
2
-2
19
1
19
-37
1
-2
2
7
-9
-1
773
-683
-89
9
-9
-1
1
-1
4
-3
7
-2
-4
2:4
35
-8
-28
-4
333
-283
-54
-1
9
-5
24
0
-13
-12
1
136
-55
-76
-9
2:0
29
763
-789
167
-169
13
0
-8
168
358
-411
-119
0
10
-5
0
110
-110
185
-173
-7
-9
-3
5
27
-31
-1
56
-46
53
154
-211
10
-16
4
0
-3
6
2
21
-25
-3
1
21
9
-8
-1
22
26
-68
-3
-1
627
-624
4
-5
6
37
-45
5
-1
-4
1
6
-6
2
213
-215
0
6
12
-19
5
779
-783
21
-22
0
3
5
131
-132
-6
4
8
2
-12
3
-1
8
1
504
-517
27
1
-27
7
16
-15
-5
2:0
-4
5
-3
7
-8
10
-1
5
-13
6
-6
-2
2
3
-3
14
-9
299
-304
8
72
381
470
-929
-2
1
9
292
-229
-66
3
-6
-2
50
221
-274
-2
6
0
13
28
62
-109
518
-514
-4
42
-42
2
14
0
-12
5
-5
6
-8
10
-12
9
-8
4
21
3
12
-41
1
-1
25
-23
2:4
1
-6
12
-17
105
-105
9
-7
15
-9
-2
-6
4:0
1
-1
12:0
1
-1
6:0
2
-2
2:0
1
-1
2:1
0
-2
7:0
1
-1
18:0
2
-2
3:0
1
-1
3:0
1
-1
5:0
2
0
-2
4:0
3
-3
4:0
1
-1
2:0
3
-3
2:1
-2
0
1
0
-1
1
-1
3:0
2
-2
7:0
1
-1
0
1
-1
0
1
2:0
-1
7:0
1
-1
1
-1
7:0
1
-1
1
0
-1
2:1
2:0
-2
4:0
1
-1
1
-1
7:0
1
0
-1
1
-1
0
1
-1
2:0
2
-2
0
2:1
2:-1
3:0
2
-2
2:0
2
-2
4:0
4
-4
0
8
-8
0
1
0
-1
0
2
-2
3:0
1
-1
3:0
2
-2
5:0
1
-1
1
2:0
-1
2
0
-1
0
-1
2:0
1
-1
0
1
-1
1
2:0
-1
2
-2
1
-1
1
-1
1
0
-1
0
2
-2
3
4
-5
-2
4:0
4
0
-4
4:0
1
-1
0
2
-2
2:1
-2
0
1
-1
1
0
-1
8:0
1
-1
3:0
4
-3
-1
0
1
-1
1
-1
3
0
-1
-2
1
-1
1
0
-1
1
-1
1
0
2
-3
0
1
-1
2:0
1
2
-3
2
-2
4:0
5
-5
2
-2
3
-2
-1
0
1
-1
2
-2
2
-2
3
-3
1
-1
1
0
2
-2
-1
2:0
1
0
-1
11:0
1
-1
4:0
5
-5
4:0
6
3
-8
2:0
-1
15:0
2
0
2:-1
1
0
-1
2:3
-2
-4
0
1
0
-1
2
1
-3
6
-6
6:0
1
-1
5:0
2
-2
4
-4
3:0
2:1
-1
1
2:-1
2
-2
4:0
1
0
1
0
-2
0
2
-2
4:0
3
0
-3
0
2:1
-2
1
2:0
-1
4:0
1
-1
14:0
30
-30
21:0
1
-1
12:0
1
-1
43:0
1
-1
19:0
1
-1
2
-2
11:0
end
