v1
982
553
31
159
486
52
115
24
48
56
428
131
381
170
39
19
48
8
7
14
1
28
118
535
7
12
153
21
489
7
95
140
319
273
159
234
275
180
61
75
24
111
22
155
152
71
35
334
33
134
160
360
53
495
152
224
23
21
135
31
58
133
15
19
349
32
5
148
20
24
43
89
53
33
257
79
57
139
93
7
235
0
45
210
160
138
55
110
104
171
431
1
116
36
215
126
388
54
126
35
178
36
33
57
22
354
179
15
239
106
135
123
11
87
200
202
72
95
243
38
56
300
53
24
339
394
106
169
496
270
111
286
8
59
50
170
125
181
27
0
29
28
17
38
35
8
4
15
19
30
1
48
17
124
4
2
3
1
118
73
9
66
8
40
5
2:14
50
30
5
30
38
19
38
17
127
118
105
342
173
120
94
131
195
219
110
147
115
42
10
33
6
72
44
284
54
121
141
85
101
41
254
5
146
5
282
129
79
202
31
140
159
10
5
30
1
2
66
17
70
229
41
703
9
799
301
71
22
7
360
56
109
2
24
157
187
75
50
655
336
1
246
33
29
63
140
38
6
36
53
75
19
107
15
147
433
275
336
101
184
408
7
37
175
70
0
121
8
11
32
86
277
73
16
100
54
47
50
11
103
24
20
88
153
59
5
20
3
193
14
248
313
40
32
60
63
155
0
34
31493
5
22
9
204
86
44
173
76
120
36
8
22
1152
68
111
71
166
18
47
3310
2211
328
1553
3764
1376
6578
1002
3236
2650
1545
8213
1620
5310
2988
3064
1385
2
4
8087
2826
882
958
13
2453
1997
3146
1
16
2
1433
3523
531
115873
3545
7717
24
26
47
9417
32443
26
16
121
4
113
73
0
19
17
5
54647
0
731
159
157
9
27
57
6
12
1
16
38
44
63
27
10
2
1
11
1
11
3
82
672
16476
4654
3093
10208
0
7980
1060
1183
1062
665
802
122
44
2
3
6
16
28
3
39
5
14
28
2
8
44
8
1
31
9
22
6
3
1
43
25
22
4
5
1
30302
9786
192
26
64
176
100
126
474
125
1
46
306
25
17
202
135
142
9
23
1
42
9
41
103
47
36
10
9
11
19
173
100
420
5
13
6
17
15
23
30
14775
140
2072
9723
1
162
1
101
14
30
34
26
2
11
62
46
29
12
68
0
31
2:11
23
53
-488906
198
30
57
366
110
98
175
109
77
64
2:69
25
17
18
3
23
185
113
82
10
54
84
86
28
170
178
16
81
104
579
41
81
108
161
204
55
7
215
60
18
53
89
285
141
7
290
53
48
37
19
219
11
555
40
33
17
50
182
121
21
93
111
65
97
10
94
247
63
165
132
101
1
29
42
112
16
105
60
14
8
42
15
11
86
285
28
44
107
46
29
60
349
4
302
312
13
25
85
68
94
105
74
147
349
19
364
64
334
312
155
74
111
440
79
118
13
155
55
38
71
85
103
409
221
70
216
71
153
44
65
75
110
55
11
44
302
65
59
126
10
60
5
66
40
8
50
168
202
55
77
92
15
197
66
29
209
129
47
15
27
51
64
55
164
237
6
194
14
78
5
165
118
96
122
18
90
174
37
22
95
44
12
22
24
18
16
54
25
111
9
135
27
127
69
1
28
29
20
30
7
38
27
135
228
305
2
144
111
41
448
66
78
248
70
405
43
27
13
29
48
7
19
666
139
58
173
206
42
33
386
56
91
372
195
254
125
23
114
43
42
1
7
12
52
135
38
500
450
7
185
23
210
29
2:60
45
354
37
5
220
288
166
15
34
0
191
32
112
60
13
44
19
79
269
41
78
83
19
23
101
60
18
93
195
48
69
166
111
333
113
162
79
4
30
67
9
65
31
132
125
163
68
15
477
108
168
29
236
34
22
43
20
34
87
23
375
5
71
56
118
54
154
47
45
103
15
39
47
131
21
4
207
3
21
3
32
31376
5
68
39
57
56
224
165
7
14
1126
24
56
88
67
386
331
2688
2877
1878
2048
703
4531
2792
7067
5909
10094
1392
423
2182
1744
3540
8046
22
7
24
2790
1839
34
2435
486
509
4184
1
2
2467
124165
6002
8
73
40809
914
69
32
10
18
37
120
0
16
33
5
37
43
13
110
6666
4333
44413
35
238
17
30
203
4
50
4
8
15
726
43
6
132
42
3447
4382
7863
9515
17508
315
165
2137
1
88
45
10
1682
9
7
17
10
106
19
8
111
54
40041
14
171
155
238
31
74
16
30
724
222
177
223
149
71
130
94
26
261
397
19
25
122
60
27
14942
11712
145
170
19
116
6
54
27
38
24
105
23
1423701000
499:0
1
481:0
9
1528
-1495
740
-747
-25
1
14
-15
6
5868
-5856
38
-53
559
-105
1617
-2033
122
-116
94
-110
-28
-5
18
519
-537
0
35
59
-69
-25
106
-86
720
-724
2
-18
479
-453
42
1050
-1118
0
56
44
158
-255
173
230
-404
133
-130
0
2
13
41
-48
113
-39
3
-81
437
-442
4
-5
325
-317
-8
-2
301
-302
1
25
65
1009
-1078
772
-729
-46
3
15
70
-107
0
39
349
-376
690
-155
-506
-27
2
-12
1471
-1466
110
-119
2
500
-435
-56
39
-48
27
-20
6
95
33
-88
-46
43
-52
10
-10
13
15
-23
4
3
2
-13
64
539
-298
-305
140
43
-150
50
-75
65
-63
2
-4
52
-47
-8
-1
349
-347
4
713
-722
37
-3
2:-12
-11
43
-34
-1
401
-396
7
-21
80
58
-138
1080
-1075
152
-156
-1
1
232
-123
5
90
91
-250
-4
-40
45
-12
202
-223
116
-48
115
-180
30
-46
46
378
-421
2
-2
105799
-104798
3530
-4530
225
-230
36
13
181
-213
-9
31
-37
351
-215
-119
105
-124
3
12
52
-40
45
-49
-7
-8
161
216
1502
-1747
-131
117
230
-341
140
-55
119
-210
-8
3
2886
-2880
44
343
2442
-2837
27118
-24764
-2303
-3
18
-67
101
-63
0
-38
11
-5
-4
20
-20
1360
-1355
464
-410
23709
-23290
-480
36
-21
161
-114
-63
260
-177
267
-264
-55
3176
-3059
-11
-137
4
66
1159
-345
47706
-48584
143
4992
-656
-4457
297
194
-485
-25
5272
-5258
3671
-3691
10
38
-20
-31
13
55
21
-83
-2
3796
-3738
5667
-5602
20
-77
-59
132
227
-323
806
587
-1396
544
-526
-51
190
-194
61
86
202
-298
172
1060
-970
-318
635
-624
-10
1210
6081
-7276
-10
4
13906
-13874
-44
15
136
-149
1
-1
64
-51
96
-105
-5
11
102
-85
50626
-50641
7
196
-145
-25
-36
410
-417
53
7336
-6405
-985
608
-606
-3
53
-48
-2
0
121
4777
-4898
1
-4
-2
230
-223
143
12
-145
24
39
7874
-2558
-5378
27
-29
496
-509
17
39
28
36
187
-309
88
-74
-12
14
0
3
72
-83
90
-60
71
-96
-13
1517
-1419
-86
8
9
3
6262
-6284
-3
3
529
-528
8
14266
-14286
14
37
-48
150
657
18443
-12577
-6665
32
10
-22
34
2065
-2124
-1
2010
-1984
45
-65
23
-29
-1
206
1225
-1434
57
12
-19
-39
-9
560
1956
-2506
20
-8
4996
-5000
72
-93
2
84
104
1335
-1502
-22
39
-39
3
13
10
27
-50
178
-166
8
-13
62
7148
-6468
841
-1565
-1
335
-333
0
123
-118
-31
102
-104
-1
174
144
-286
148
-125
184
194
308
-750
6
-4
4
-2
2
-4
0
-1
3
-1
2
-4
-1
3
-3
2
0
5
-5
0
-2
5
-4
-1
1
2:0
6
-4
-3
2
0
3
2
-6
0
-1
6
-5
1
-1
5
-5
2:1
4
-7
3
-2
1
4
-5
1
-1
1
3:0
4
-5
0
-1
5
-2
0
-2
0
-1
5
-5
1
2
3
-4
1
3
-3
0
-3
7
-3
-2
0
3
1
-3
2:-1
0
-1
0
2
5
-6
5
-4
2
-3
-1
2:0
1
3
-1
-3
0
3
1
-3
5
-6
2
0
2
-2
3
-4
2
-2
2
0
-1
2
1
-4
5
1
-6
2
-3
1
-1
2:1
3
2
-2
0
2
-5
0
-2
4
-2
4
-4
4
-2
3
-4
-2
3
-3
0
-1
4
-4
3
-2
2
-3
6
1
-3
0
-3
0
1
-1
4
-4
4
-4
4
-3
2:-1
0
3
-3
5
-1
-3
3
-1
-2
4
-3
2
-3
6
-7
3
-2
-1
0
2:1
-2
3
2:-1
2
1
-1
0
3
-2
-3
0
-1
0
1
0
3
-3
2:1
-1
1
-3
2:0
1
7
-7
-1
1
-1
1
0
2:2
-3
-1
5
-5
0
3
-1
2:1
3
0
2:-2
1
-4
0
3
-4
2
0
-2
1
6
-7
2
3
-4
2
-1
0
-2
1
0
6
-5
-2
2:0
2
4
-4
-1
2
-3
3:1
-2
2
0
1
4
-8
0
2
-2
2
3
-1
1
2
-6
-1
2
-2
1
4
-1
-3
2
2:-1
1
-1
4
-2
-1
2
-2
1
-2
-1
0
7
-7
0
1
3
2:-1
0
-2
3
2:0
1
-3
2:0
1
4
1
-6
4
-3
2
2:-2
0
4
-3
2
4
-5
2
-2
2:1
-2
1
-3
2:1
-2
1
0
-1
2
-1
5
0
-6
3
-2
2
-3
4
2
-3
2:-1
1
2
2:0
-1
-3
3
-1
0
2
-3
0
1
0
3
1
-2
-3
3
-2
1
0
-2
4
-1
2:-2
3:1
-3
3
-2
0
5
0
2:-3
2:2
0
-3
6
-4
-2
0
4
0
-4
2:2
-3
1
3
-5
2
-2
0
1
3
-3
1
-3
4
-1
-2
3
3:-1
0
1
-1
0
5
-1
-2
4
-7
6
-6
2
0
2
-1
-3
1
4
-4
5
-4
2:0
-2
1
6
-7
3
4
-6
3
0
-3
-1
2
-2
7
1
2
1
2
-2
-1
0
1
-2
0
122
-123
2
-2
13
-13
17
-14
-3
13
-8
-4
1
19
-21
3
-3
2:0
18
-15
-3
8
-7
33
-34
5
-5
1
2:2
-4
2
-2
-1
2
1
-3
16
-13
-3
6
-4
-2
0
4
-4
1
5
-6
2:0
14
-13
-1
1
7
-7
1
-2
3
-3
5
2:-1
0
-1
4
-6
1
0
2
-2
1
-2
4
10
-14
27
-21
-6
0
1
-1
11
-11
11
-10
-1
12
-12
5
1
-6
3
-3
0
2:3
-5
0
-1
0
5
-5
4
-1
-3
7
-7
7
-7
1
21
15
-35
14
-16
0
2
0
55
-55
2
-3
1
4
-3
0
8
-10
1
48
-50
5
-5
2:2
0
2
0
-5
-1
1
6
-6
19
3
-22
45
-46
10
-7
-2
1
-1
7
-5
0
11
-12
6
-7
7
-4
15
-13
15
-14
-3
-1
6
-7
1
71
-74
0
7
1839
-1842
88
-92
30
-28
0
3
1
2:-1
-4
0
35
-31
-2
15
-15
-1
4
0
-5
16
-12
-1
-2
0
64
-62
3:2
5
-14
2
18
7
-25
1
-3
55
-52
2:2
-6
-1
739
-652
-83
-1
-2
-1
7
1
-3
-5
4
-3
-1
7
-5
43
-40
26
-30
326
-278
-49
2
5
12
-19
1
30
-15
-5
-1
-8
144
-79
-56
-11
1
-1
5
24
736
-758
-7
178
-177
4
3
12
-10
-2
189
-192
454
-457
-2
8
2:-4
15
-4
1
-7
0
95
-97
169
-164
-2
0
-2
30
8
-36
50
146
-196
14
-15
-4
9
-3
24
-21
-8
1
23
7
-5
-25
23
-26
3
50
23
-76
4
-4
707
-706
-1
14
18
-29
3
2:-1
-4
0
5
-4
18
-18
4
203
-208
4
-4
27
-11
-15
-1
1
9
625
-621
-14
2:0
2
0
-2
0
2:3
114
-115
0
-4
9
2
-7
-2
9
-5
11
-17
535
-536
0
23
-21
4
-6
5
13
-3
-6
-7
3
0
-2
-1
4
-5
0
10
-10
17
-16
21
-22
-1
13
-9
-3
0
3
-3
14
-11
-2
-1
2
-3
1
321
-319
0
7
-6
-4
95
301
478
-870
-4
9
-3
5
277
-285
-3
84
-76
4
-7
-3
-2
4
34
197
-229
15
-15
21
-21
-3
20
27
-50
1
0
399
-395
24
-25
-4
2:2
13
2:-8
4
-3
5
-5
2
10
-14
9
-9
1
6
-5
28
4
7
-40
0
30
-31
0
11
4
-12
18
-21
0
93
-89
-1
10
-11
19
-16
0
-5
2
-2
2:0
1
-1
2:0
2
2:-1
16:0
1
-1
3:0
1
-1
16:0
2
-2
23:0
2
-2
15:0
1
-1
2:0
1
-1
5:0
2
-2
3:0
1
-1
0
1
-1
10:0
1
-1
20:0
1
-1
0
2
-2
0
4
-4
10:0
1
-1
15:0
1
-1
4:0
1
2
-2
1
-2
10:0
1
-1
11:0
1
-1
0
1
-1
5:0
1
-1
6:0
1
-1
3:0
1
-1
0
1
2:0
4
-4
-1
1
-1
0
2
-2
7:0
2
-2
1
-1
9:0
3
-2
-1
8:0
3:1
-3
0
1
-1
0
1
0
-1
4
-4
3:0
1
-1
7:0
2
-2
0
1
-1
6:0
1
-1
3
-3
1
0
-1
0
1
-1
1
-1
4:0
1
-1
3
-3
1
-1
3:0
1
0
1
-2
2:0
1
0
-1
1
-1
3:0
1
-1
3:0
3
-3
0
1
-1
1
0
-1
8:0
1
-1
3:0
2
-2
6:0
1
2:0
-1
3:0
2
-2
5:0
2
-2
3
-3
2
-1
0
-1
4
-3
-1
11
-11
1
-1
0
2
2:-1
1
-1
2
-2
5:0
1
-1
0
2
-2
1
-1
8:0
5
-4
-1
2:0
1
-1
2:0
3
-3
3:0
1
-1
5:0
3
-3
3:0
1
-1
5:0
end
