v1
706
743
381
64
41
52
23
61
69
34
8
5
117
366
119
79
59
243
43
127
52
6
17
2
37
7
15
127
19
374
41
120
7
165
58
414
10
28
102
104
120
234
26
96
152
129
9
21
32
23
25
56
98
132
236
87
255
16
34
67
100
199
35
50
144
22
21
60
37
33
21
113
160
18
135
122
71
14
53
278
116
49
30
7
15
399
26
161
55
170
381
117
36
20
163
79
72
185
79
48
9
139
93
85
46
52
59
45
147
223
160
33
4
106
255
20
297
134
16
101
36
8
333
357
85
59
67
213
69
10
47
657
258
69
66
0
327
39
55
274
95
223
31
27
73
186
97
44
9
24
139
18
5
170
7
259
41
94
106
169
16
212
337
130
97
85
294
78
326
181
40
16
12
16
17
38
25
18
19
8
11
77
5
14
130
3
1
118
82
53
21
40
5
14
46
16
2
65
38
3
16
11
27
17
127
118
105
334
7
1
173
120
94
326
86
133
110
304
10
33
6
116
104
42
138
54
121
141
85
101
38
3
4
32
54
108
0
61
287
146
128
28
248
6
17
14
299
10
5
31
2
66
17
70
229
41
52
83
288
85
20
175
50
263
495
301
71
5
17
0
90
277
56
109
2
237
131
75
18
32
961
48
8
221
33
29
9
138
50
6
8
2:36
53
48
27
2:19
88
7
8
106
41
42
46
345
447
164
81
20
182
2
49
206
60
100
37
175
17
53
63
58
8
11
31
1
74
100
189
22
15
52
100
54
47
31
30
35
60
52
29
59
153
59
5
20
3
193
5
122
29
106
123
82
33
147
13
47
63
189
31226
264
1
2
5
6
16
9
43
161
4
13
69
44
125
48
76
1
7
1
111
36
8
22
1080
72
0
68
111
71
104
62
18
47
3310
2211
328
1553
4134
1006
7580
3236
1500
1150
1551
3215
4992
1620
0
1211
0
4099
2169
819
3064
1385
2
8091
2826
882
943
15
2453
13
5143
1
7
9
2
6
1427
3523
116404
3544
1
7716
25
73
9417
28772
3607
42
20
2
33
59
32
156
0
20
53
36
5
36051
18596
731
2:50
216
7
17
69
18
1
16
145
27
13
0
10
2:1
11
3
82
643
29
14
6
176
0
3445
12835
2358
2296
3093
5057
5151
7980
575
485
1183
961
101
665
436
366
166
2
3
5
1
5
11
28
3
39
16
1
2
28
10
27
17
8
1
31
9
28
3
1
31
12
25
22
4
5
1
30302
1513
8273
192
26
64
176
69
7
24
89
37
51
162
261
125
1
46
125
87
51
43
25
17
202
49
226
2
9
40
2
33
41
61
42
47
46
9
11
19
186
162
275
25
45
5
13
6
17
15
23
8
82
14798
57
2072
9722
2:1
162
116
28
62
13
27
35
65
22
68
31
22
23
53
-488906
0
43
529
189
647
316
174
1165
181
1136
705
89
2932
319
215
101
769
2006
150
272
2313
12
157
1080
26
568
504
61
1494
339
636
7
23
90
17
227
80
1447
130
71
245
1694
1309
466
2181
1386
790
615
719
180
467
799
124
227
128
2:72
880
167
0
90
0
257
111
31423
633
139
43
1050
90
291
136
58
9780
13554
12037
7303
3926
11622
12277
2487
130248
42063
11202
44522
166
45
284
945
45337
1826
32
324
40580
788
841
66
277
136
424
17288
10073
34
165
187
1423728600
599:0
1
105:0
27
40
-65
60
-55
1
0
-3
129
-119
-12
10
-8
4160
-4161
-2
114
-63
-20
-31
367
-360
-8
1026
-1024
28
-22
73
-74
5
-10
-2
321
-319
22
-18
5
2
-12
0
2
3
-5
86
-84
-2
6
-6
163
-164
34
181
-171
-42
8
6
57
-69
0
-3
33
2
-33
31
-34
53
-48
54
-46
-8
38
390
-421
-10
4
28
-21
143
-154
0
2
16
2
-4
-15
2
18
-19
351
-354
0
143
-139
-4
1
-2
22
12
-34
3
0
-1
10
148
-70
-11
29
-108
258
-252
7
29
435
-475
178
-176
40
-43
7
15
-22
85
-75
105
-116
8
97
-85
19
-31
5
6
-17
25
7
-32
-2
11
-10
35
-34
35
-19
-17
5
-3
2
154
-154
-5
2
3452
-3454
492
-479
1042
-794
-253
290
-276
-8
-13
64
-59
43
4
-53
6
-5
-1
77
-77
2
27
6
-29
48
-43
-9
0
2
-1
2
-4
12
8
28
217
-266
61
-61
9
-6
3
12
2
151
-170
0
98
-98
14
4
-19
225
-224
-1
5
256
-225
44
-78
8
-9
5
117
-110
58446
-58455
5954
-5892
-64
3
13
25
-36
40
-9
-11
-27
134
-127
1
-7
4
-1
10
-11
60
-62
0
10
5
-16
7
88
-82
-5
396
-51
-335
74
-62
62
70
-162
0
1
2
-3
27
2:-12
36
113
-149
4
111
-8
-98
1364
-1374
0
120
-122
5731
-2540
-3182
10
-16
-2
4
48
-26
-9
-16
2
1
3
-8
55
-45
-8
1
928
-924
-4
559
-547
122
-137
23494
-23490
-3
351
-348
10
42
49
-100
438
-332
-107
3
20
131
-148
-8
360
-361
31
945
-849
-127
22
-12
243
-253
18
41
-20
146
17628
-17808
-3
2641
-2639
61
-8
-58
165
-161
1
2236
-2233
1452
-1447
549
-560
1
10
-11
0
-1
16
-16
2540
-2511
436
-464
-1
8
15
11205
-11226
100
-77
-25
9
-9
2
-1
115
-115
147
-134
-15
4
-4
87
680
-760
110
-112
25
1
-31
16
-2
-11
34
8
4
-45
11
302
-286
1234
-877
-386
632
-634
1206
-1091
-20
-94
5
-3
31
-5
7166
-7195
97
-95
15
42
-58
3
74
-77
45
-41
3
2
828
-832
68
28684
-28758
6
-4
39
-24
38
-55
343
-310
3724
-3756
-1
75
-74
93
-91
-2
2:2
-1
-3
0
14
1787
-1800
20
-19
-1
0
22
-17
5
2
-5
-3
2651
-2611
-35
-7
-1
-2
27
29
31
308
-393
-1
54
-52
3
-2
-1
-4
30
-29
9
14
-17
1
0
-8
15
26
-40
10
38
-48
2
30
-7
-20
-1
0
29
97
-129
3099
-3096
1
-1
15
374
-375
-17
17045
-17020
-22
26
-30
1862
5047
-4619
-2290
17
-16
26
-10
13
537
-553
-12
13
2976
-2717
-139
-115
-14
2
-8
1
25
-22
3
-5
111
275
-388
-1
2
9
45
-43
16
-22
-2
-5
89
387
-471
-4
1039
-972
-65
36
-38
-1
79
598
-675
41
-25
-15
-1
-2
3
-1
5
39
-43
63
-61
-1
57
-57
31
-33
312
-165
1340
-1227
-235
6
-4
0
32
-31
19
-33
61
168
-232
-10
-3
-1
1
-1
1
-1
2:0
1
2:0
-1
3:0
1
-1
5:0
1
-1
1
2:0
-1
3:0
1
2:0
-1
2:0
1
-1
1
0
-1
0
1
-1
2:0
1
3:0
-1
4:0
1
-1
10:0
1
0
-1
0
1
3:0
-1
1
-1
0
1
-1
3:0
1
-1
1
-1
3:0
1
-1
6:0
1
-1
1
0
-1
0
2
-1
0
2
2:-1
1
-1
6
-6
2:0
2
82
-83
-1
4:0
11
-11
0
13
-12
7
-8
3
-2
-1
1
11
-11
-1
3:0
6
-6
4:0
6
-6
0
1
-1
1
-1
0
12
-11
0
2
-3
4
-2
2:-1
0
4
-4
4:0
1
-1
0
10
-10
5:0
8
-7
-1
3:0
1
-1
0
1
-1
16
-16
0
5
-5
3:0
3
0
-3
3:0
2
-2
0
1
0
-1
7
-7
1
0
2
-3
11
-11
6
-6
2
2:-1
8
-7
11
-12
0
8
-5
-2
-1
0
5
-5
1
0
-1
1
0
-1
3
-2
1
2
-4
0
2
-2
0
1
-1
2:0
1
7
-8
1
20
-21
13
-9
-1
-3
2:0
3
34
-37
3:0
8
-8
1
2
3
-6
9
-8
-1
3
0
-2
-1
2
-1
4
11
7
-23
5
-5
1
-1
2:0
4
3
-7
0
1
-1
2
0
-2
13
-12
2:0
20
-18
2:-1
1
-2
1
40
-35
1244
-1250
57
-43
-14
0
3
0
-1
4
-5
1
-2
3:0
1
-1
0
2
-2
5
-5
0
2:1
-2
0
7
-5
0
-2
35
-34
0
5
-3
5
-8
2:0
1
-1
2
1
-3
14
0
-12
-2
9
0
-9
27
-25
-2
4
-4
249
-198
-51
3
-2
-1
0
2
1
0
-3
1
0
1
-2
0
6
-6
1
34
-32
-3
16
-12
-1
-3
237
-236
-1
23
-21
-1
3
-3
0
14
-15
2:0
2
10
-8
-4
6
-6
2
62
-21
-43
8
-8
0
1
0
-1
2
15
309
-323
-2
73
-73
-1
5
-5
8
-7
3
111
-113
194
-195
35
-36
1
2
-3
2:0
6
-5
4
3
25
-33
3:0
75
-75
9
-2
-7
4
-4
0
2
17
-19
35
-34
-1
1
-1
26
63
-86
6
-9
6
0
-6
5
-2
-3
8
-1
-5
-2
5
6
-3
-8
15
-15
17
-17
45
-45
1
0
1
2:-1
0
345
-345
7
-7
4
13
-16
1
2:-1
0
2:1
6
-8
0
1
133
-133
0
1
15
-16
10
-11
0
7
315
-322
0
5
-5
10
-8
2:-1
1
0
-1
2:1
73
-75
2
-2
1
-1
2:1
-2
9
-5
-3
258
-243
-16
2
0
-1
6
-3
0
-2
0
1
-1
0
-1
2:0
-1
4
-4
4
-1
-3
2:2
-4
1
10
-11
2
12
-14
1
3
-3
-1
0
1
0
13
-13
8
-3
-6
2:0
3
-2
-1
184
-181
-3
4
-3
43
185
57
-286
2
-2
5
-3
1
89
-92
0
2
49
-43
-3
0
-2
-3
1
-1
3:0
2
13
64
-79
2:0
1
11
-11
13
-8
-5
-1
5
14
-19
0
127
-122
-5
17
-16
-1
0
22
-21
-1
4:0
1
2:0
5
-5
6
-7
1
-1
0
3
-3
15
-2
2:5
-23
2
1
-3
7
-5
21
-22
2:7
-12
-3
10:0
1
-1
25:0
1
-1
9:0
2
2:-1
0
1
0
-1
0
1
-1
27:0
2
1
-2
-1
3:0
2
-2
9:0
1
-1
0
end
