v1
1046
575
168
538
115
38
34
56
181
64
314
79
135
100
238
57
56
22
28
118
535
172
324
288
140
7
585
159
234
396
195
135
101
76
248
10
661
153
354
245
156
54
366
148
64
145
34
277
104
78
75
176
7
5
186
82
338
93
85
157
203
52
384
79
275
108
323
90
50
13
483
131
90
25
54
126
213
126
809
106
135
221
106
39
257
167
281
409
279
84
271
27
96
275
16
43
50
0
119
361
157
131
294
279
333
57
17
38
18
7
10
12
34
23
7
66
7
110
13
4
118
21
43
18
62
57
2:14
21
29
65
41
16
182
118
446
1
78
95
103
17
94
291
35
219
110
304
10
33
6
29
87
338
121
141
85
142
259
146
5
411
27
254
17
0
285
38
35
1
2
66
17
70
270
423
280
50
662
96
199
102
93
367
56
111
24
344
75
50
655
77
237
23
246
33
440
126
7
114
41
433
12
435
162
2
81
20
82
102
245
170
37
245
121
8
11
75
37
6
277
189
54
78
30
6
29
92
20
2
239
64
20
3
193
5
9
142
106
255
151
39
63
189
31493
5
22
9
43
95
66
4
29
97
173
196
36
8
22
1043
109
240
56
81
39
18
3357
2211
328
1204
349
5140
6578
4238
2650
4766
4992
1620
5310
2988
3064
1385
2
8082
3717
943
2481
5162
5
121355
3544
1
1735
5982
24
26
47
9417
32411
7
25
207
47
46
16
73
5
54647
816
8
66
157
7
2
27
18
45
12
17
145
27
10
3:1
12
11
85
643
219
34241
8141
899
2056
189
665
766
36
168
3
6
47
39
47
54
9
68
3
1
43
47
4
6
30302
9978
26
64
245
157
12
462
125
1
46
306
25
17
479
9
57
18
3
38
103
56
22
15
20
19
648
38
25
61
30
14915
53
29
1990
9722
2:1
105
57
102
14
90
2
73
5
82
61
60
-488787
132
17
6
87
238
4
3
118
264
7
170
54
74
86
64
41
39
0
139
58
31
55
144
24
54
81
1
0
51
2:37
38
62
128
107
4
124
17
22
13
25
44
80
318
107
71
0
6
75
46
17
169
11
27
170
99
207
64
23
147
280
22
128
164
119
1
75
5
20
37
19
26
223
124
169
11
160
94
39
261
46
0
53
247
0
6
12
4
19
99
87
39
41
113
156
79
12
213
63
215
195
7
14
46
349
155
37
51
37
428
156
107
76
133
33
1
28
0
21
207
65
14
48
38
117
193
180
42
57
48
19
43
127
34
138
55
46
33
286
0
12
300
101
44
12
43
52
4
24
60
249
44
344
102
230
141
11
18
59
156
222
179
102
216
111
59
0
111
19
11
84
13
51
59
80
4
26
125
119
58
124
126
25
45
71
48
189
46
77
64
44
31
2:9
175
91
73
33
8
7
28
67
200
70
68
38
24
142
0
54
165
66
28
340
100
237
112
5
146
26
123
89
86
6
56
51
4
15
25
31
3
14
2
2:8
11
19
4
51
147
3
79
22
88
21
54
8
40
36
1
76
5
105
0
20
6
11
91
0
129
99
11
91
27
231
454
77
90
245
217
2
68
124
324
1
26
42
117
21
54
172
353
23
139
91
67
5
102
44
0
170
15
128
80
233
19
76
15
189
15
18
254
37
71
35
176
71
103
157
50
12
59
161
762
280
93
5
7
17
169
136
60
45
183
46
125
37
5
182
38
0
177
32
110
0
318
155
163
14
5
11
18
233
0
58
1
0
8
9
33
96
56
6
32
6
2
0
34
53
0
37
57
122
187
158
125
757
163
53
41
247
60
32
57
8
41
38
10
126
140
102
6
37
24
150
168
17
27
23
198
3
53
4
99
140
159
53
132
92
35
0
9
163
9
165
72
103
16
0
40
32
9
14
19
9
55
97
14
4
14
1
42
111
15
31
10
31408
40
7
79
142
10
2
12
31
61
30
62
13
44
38
1
7
16
7
129
1012
56
13
165
87
24
60
11
43
95
33
341
7443
341
315
2095
691
1373
7585
10650
5782
2041
4086
3437
489
872
2668
8028
0
47
2
0
2812
14
1840
13
6
2434
487
509
2
1012
3146
1
6
1
9
8
1414
13
21
3502
530
19730
96145
11362
41854
23
5
7
91
29
10
4
101
13
72
19
38
35701
334
19276
84
17
102
54
12
174
17
3
48
47
19
47
4
54
6
2
1
14
755
7
13
41
17
55
63
15690
590
4654
3093
1178
12281
4643
86
498
77
118
120
165
1265
1006
1157
542
9
8
9
18
48
5
92
2
5
2
30
9
100
22
9
31816
8269
423
39
11
89
59
292
462
119
90
13
70
107
110
24
7
104
198
219
15
27
22
12
73
209
261
89
0
31
39
5
19
17
15
39
14789
0
83
1
101
41
0
1973
9946
36
51
5
12
0
50
7
4
7
4
3
2:8
5
45
17
37
27
22
18
22
1
31
4
69
1423435200
399:0
1
645:0
10
3
8
69
-78
221
-224
3
227
16635
-16774
-11
-57
148
568
-228
-359
162
-310
-1
7
0
199
-206
10
196
-191
756
-768
467
-363
-87
-12
474
-276
-80
-126
-2
152
-53
-100
101
-100
16
146
827
-980
5
935
-826
280
-402
0
5
11
-15
751
-736
-17
7
5
-6
70
566
-641
687
-683
8
698
-710
-1
6
5
150
-145
108
-15
-96
1
80
-11
189
-271
-1
120
-103
-6
178
114
-287
-6
1012
-303
-645
-56
-12
0
-6
478
-276
275
-329
891
-537
-499
-2
781
-782
-1
10
8
68
103
-186
2
182
-177
7
200
-138
-77
162
1306
-1458
8
186
-200
-4
88
1170
-1260
15
-3
262
-274
134
-132
235
-160
75
-151
2:1
517
1450
-1953
369746
-369762
6814
-6803
157
-146
65
-71
107
292
-199
-108
-101
-8
20
-20
6
3
6
1
-10
290
114
-398
70
-66
246
26
-272
119
-133
107
-108
191
-191
2764
-2761
265
-251
96386
-93719
-2493
-174
5
-22
17
89
-90
1135
643
-1778
294
41641
-41717
-234
3
-4
76
-54
-19
3
229
-137
-87
108
370
-475
3280
-3090
-204
2:1
0
5493
21856
-26970
3711
-4092
200
-200
106
62
-165
4698
-4610
3218
-3301
323
-320
-3
11
-10
-9
10
2798
-1026
-1092
165338
-165762
-14
-248
14
1306
-1321
-2
253
28
256
289
-816
413
1003
-1329
2746
-2844
4
92
114
88
145
996
-1438
553
-201
-347
928
75
-985
78
-94
1358
-1244
-116
7
131
-137
-5
8
66
46017
-46079
1298
-1308
509
-503
80
335
46
-238
4327
-4540
-9
325
-333
292
-289
8
225
1891
-2120
-4
-5
7
115
-119
10
140
-153
10
5
8452
-8382
-82
15
-15
-3
18
113
91
-222
0
2
8
-9
0
5
79
3337
-3304
-35
-62
-18
2
217
4301
-3916
29072
-29668
2047
17562
-11336
-8275
14
-4
2256
-2262
4688
-4617
25
-94
62
-61
-16
254
787
-1027
95
-3
-9
299
2376
-2553
8223
-6594
-1832
120
-132
3
11
925
-927
-15
-1
251
106
-336
0
-22
13
62
13
1482
-1439
-126
3967
-3963
586
-480
-92
277
-292
1248
-1245
706
-718
-6
58
-59
2:4
34
-40
0
-3
43
-39
-2
76
-77
-1
7
-4
0
3
0
2:-1
-3
-1
8
-7
4
0
3
-3
-2
3
-4
-1
2
-2
0
3
-2
3
-1
-2
3:0
2
-1
2:1
0
-4
0
-1
8
-7
1
-1
4
-3
2
-2
1
3
-1
-3
-1
0
1
2:-1
2
2:-1
5
1
52
-54
-3
5
-6
1
-1
0
2:2
-3
46
-47
2
49
-51
5
42
-43
2
-5
1
72
-69
-1
-3
-1
7
-1
-5
-1
6
-2
-3
1
0
73
-73
0
61
-61
2:-1
0
45
-44
36
-31
-4
0
-2
37
-35
4
-5
7
-7
4
-4
3
43
-40
-5
3
0
-2
2
-5
8
-4
2:-1
50
-47
-2
-3
53
22
-75
0
2
6
-3
2
-4
34
-35
4
-4
2
1
0
70
-72
33
-36
2:0
2
5
0
53
-58
2
0
2
-5
-1
3
-1
5
-5
5
-7
71
-68
-2
2
0
6
-7
4
-5
0
-1
5
38
-35
-8
3
-1
6
-3
1
-3
-2
-1
1
0
1
2:-1
6
-2
-3
40
-38
-2
42
18
-16
-44
3
-2
48
-49
0
82
-82
-1
3
-3
46
-44
2:1
-4
8
67
-75
1
73
-71
-2
0
60
-54
-4
0
31
-33
75
-75
-1
4
-4
7
-4
5
-4
-3
56
-56
1
36
-37
53
-50
-4
2:1
49
-51
8
27
-33
2
-2
6
-7
-1
6
-6
3
1
-1
53
-55
1
61
-63
2:1
80
-78
-2
0
1
-2
57
-58
9
-8
-1
1
2
-2
4
-4
1
6
-7
37
-30
-8
2:0
3
41
-43
0
5
-4
2
-1
0
-2
1
0
1
-3
6
0
2
0
32
-39
5
-3
61
-63
1
-1
0
3
4
-6
-1
41
-40
3
0
36
-35
-1
-4
8
36
-40
-5
3
4
-5
-1
1
-1
1
2:-1
3
-1
0
-1
65
-65
53
-50
2:0
-3
3:0
32
-32
79
-77
0
-2
76
-76
75
-73
5
-5
0
-3
2
-2
1
3
-2
1
0
-1
65
-29
-37
2
5
-5
-3
2
1
6
-8
2:1
2
-3
7
-6
-3
1
76
-77
8
-3
-4
5
-5
2:1
-3
2
55
-56
5:0
1
-1
73
-73
44
-45
56
-56
0
1
-1
2:1
0
37
-37
-1
0
34
9
-43
4
-5
8
1
-6
-2
-1
0
3
2
-4
6
33
-39
2
68
-67
2:-2
7
36
-42
0
6
58
-21
-43
3
-3
50
-47
-4
2
2:1
3
-1
0
-5
2
-1
5
-6
0
-1
3
0
1
-4
0
35
-34
2
-2
-1
1
44
-43
64
-62
4
-7
-1
3
-3
2
52
-51
56
-58
3:0
3:1
32
-28
60
-61
-6
1
45
-46
-1
0
6
-3
60
-63
2
2:0
79
-81
6
-6
5
-3
0
40
-41
33
-27
-2
29
30
-57
-5
1
72
-74
0
1
-1
5
2:1
70
-74
-2
38
-38
5
-6
0
-1
2
75
-76
0
-1
34
-27
2:-1
-5
2
7
64
-29
-44
54
-49
-2
3
48
-47
-2
3
-5
-1
2:1
-3
2
0
-2
32
-33
52
-51
-1
2
-2
0
8
-1
-4
-2
0
3
2:0
75
-79
7
2:1
0
-1
1
5
-6
2:0
100
-100
0
1
2
12
-4
13
-17
-6
2:1
-1
19
-19
-1
11
-8
53
-57
0
6
-5
1
-1
7
-7
2:0
2
5
-8
2
-2
4
-4
16
-14
2:-1
14
-8
-6
1
3:0
2
5
2:-4
0
1
16
12
-29
9
-8
-1
4
-4
2:0
1
15
-15
11
-11
0
2
3
-5
2:1
-2
4
-2
-3
0
22
-20
-2
39
-25
-10
-4
2:0
3
-3
1
9
105
-112
6
-8
0
64
-65
1
2:0
10
-8
2
-2
-1
1
6
5
14
-28
0
53
-52
2
3
-6
0
7
11
-18
6
0
12
-18
16
-13
8
-11
6
-5
2:0
4
71
-67
1827
-1835
110
-111
31
-24
0
-4
6
-8
16
-13
1
-3
1
0
-1
0
-2
4
-4
1
81
-76
-5
6
12
-15
-2
4
-2
12
-16
34
-33
35
-35
7
-6
824
-736
-83
-3
2:-2
0
7
-2
53
-13
-38
-7
406
-352
-54
3
-2
1
6
2:-4
19
-18
3
31
-22
-11
161
-59
-100
-3
2
-3
36
808
-842
167
-169
1
2
6
-9
8
198
-194
601
-609
86
-89
-1
5
2:-2
3
17
106
-123
190
-175
-4
-11
-2
9
-11
1
27
41
-13
127
-176
17
-24
11
-8
0
-3
43
-34
3
25
2
-39
34
4
-38
68
-1
-62
0
-3
19
-15
-5
8
31
-40
3
1
15
242
-260
36
-36
26
-26
-1
2:0
17
736
-751
1
11
-10
-3
-1
0
5
122
-123
-1
-2
7
3
-9
6
-5
3
-2
7
836
-820
-26
14
-12
-1
6
5
-2
-4
3
-10
3
-3
4
1
3
20
-28
7
-5
-1
1
14
166
-179
287
-289
102
588
287
-971
-3
5
370
-377
106
-99
7
-11
-3
0
1
51
210
-258
23
-24
37
-16
21
66
425
-538
1
42
-43
2
0
14
-3
-10
-3
13
7
-20
11
-11
2
4
-3
40
-23
-20
53
-53
35
-29
17
1
-24
132
-131
13
-14
12:0
9
-9
0
3
-3
2:0
2
-2
3:0
3
-3
16:0
1
-1
4:0
1
32
-33
2:0
1
-1
4:0
2
-2
10:0
1
-1
1
-1
13
-12
-1
2:0
1
0
-1
1
0
-1
3:0
5
-5
7
6
-13
3:0
8
-8
5
-5
2:0
2
-2
0
2:1
-2
2:0
2
-2
0
4
-4
3:0
4
-4
2
0
-2
2:0
4
-4
2:0
1
-1
3:0
4
-3
0
-1
0
2
2:-1
4:0
3
-3
2:0
11
-11
3:0
1
-1
2:0
1
-1
0
1
-1
2:0
3
-3
5:0
4
-4
2
-2
1
-1
2:0
2
2:-1
2:0
2
-2
0
1
-1
2:0
3
-3
5:0
1
-1
3:0
2:1
0
-2
7:0
1
-1
1
0
-1
0
2:4
-2
-6
0
2
8
-10
0
3
-2
-1
2:0
1
0
-1
2:0
3
-2
-1
0
9
-8
-1
0
6
-4
-2
0
4
-4
19
-17
0
-2
1
2:0
-1
2:0
10
-10
0
1
-1
3
-3
2:0
1
0
-1
2
5
-7
2:0
1
0
-1
2:0
2
0
-2
14
-14
0
6
-6
2:0
21
-20
-1
3:0
11
-11
0
1
-1
0
2
-2
3:0
1
-1
2
-2
4:0
2
-2
1
0
-1
5:0
1
0
-1
1
2
-3
5:0
10
-10
4:0
4
2:-2
2:0
1
0
7
-7
0
-1
3
-2
1
-2
2
2:-1
2:0
1
-1
6:0
11
-11
9
-9
4
-4
1
0
-1
0
2
-2
8
-7
-1
0
20
-20
19
-16
-3
6:0
1
-1
2
2:0
17
-19
8:0
1
0
-1
3:0
1
-1
0
3
-3
1
-1
7:0
5
-5
4:0
1
-1
0
8
-8
8
-8
8
-8
6:0
1
0
-1
0
6
-5
-1
2:0
4
-3
0
-1
0
1
2
0
-2
2:0
-1
1
-1
4:0
25
-25
2:0
4
0
-4
2:0
4
-4
5:0
2
2:-1
2:0
2
-2
0
1
2
-3
3:0
2:1
-2
3:0
12
-12
5:0
3
-3
1
15
-15
7
-8
4:0
1
-1
5
-2
-1
-2
2:0
8
-8
2:0
1
-1
13
-13
3:0
10
-8
-2
2:1
-2
0
6
-6
11
-10
2:1
4
-6
-1
0
3
-3
3:0
1
-1
0
4
-4
0
8
-7
-1
2:0
1
-1
4:0
4
-4
1
0
-1
2:2
3
9
-16
0
1
0
2
-2
-1
7:0
1
0
-1
23
-23
6
-6
4:0
1
-1
0
1
-1
2:0
2
17
-19
1
end
