v1
980
743
188
237
61
205
25
9
0
79
51
366
119
14
200
213
176
6
19
37
7
15
28
378
187
254
6
510
102
58
71
22
308
273
254
67
50
22
132
323
136
135
34
67
76
248
139
372
160
413
63
432
54
345
21
135
7
24
51
7
30
137
386
148
20
67
89
86
257
79
57
29
110
178
127
30
45
336
34
303
104
171
431
6
147
305
36
357
85
126
99
114
64
5
0
233
481
35
117
65
41
128
7
104
135
88
124
339
254
148
235
44
190
182
263
37
94
53
204
18
173
65
1
153
81
23
93
288
294
183
221
175
32
30
12
16
17
38
18
7
18
27
11
77
2
3
148
13
105
82
74
59
35
11
18
30
35
3
35
19
38
17
85
42
118
85
362
78
92
3
120
72
92
61
195
329
28
276
10
33
6
116
104
97
137
121
35
106
85
101
41
259
418
15
427
14
110
30
159
10
36
2
66
17
70
212
17
41
309
114
43
42
20
52
123
50
758
301
83
10
121
55
191
50
6
109
2
24
157
187
75
50
47
516
92
306
13
228
36
33
29
1
50
96
136
128
22
104
7
8
147
433
447
162
79
24
82
102
415
37
175
70
121
8
11
32
43
174
146
22
67
100
54
47
31
30
127
20
88
130
23
64
20
3
104
89
5
151
106
385
60
63
146
9
34
31493
5
22
9
204
4
29
53
44
1
23
6
55
88
76
8
112
36
8
22
1080
72
68
111
71
166
5
13
47
3310
2211
328
1553
3764
1372
4
2464
8337
15
2650
4766
4989
2834
3663
436
0
2172
816
1797
2652
2
14
8068
9
5
4661
2466
0
474
4670
7
1
8
2
5
1428
106829
13098
3545
7741
73
9417
32443
26
7
120
147
53
19
17
5
54647
781
109
59
98
7
2
15
12
57
6
29
145
27
10
2
9
2
2:1
11
2
83
868
16280
4654
3093
10208
2635
5259
86
2243
455
418
189
665
436
330
36
166
2
3
11
39
3
39
19
0
21
7
54
9
31
37
3
1
43
25
22
4
5
1
30302
9978
26
64
176
69
31
126
12
358
104
125
1
46
41
39
80
103
43
25
17
202
275
2
9
57
18
41
103
111
21
273
375
63
6
17
15
23
58
14747
116
24
2072
9722
2:1
162
1
115
18
17
23
32
2
0
11
62
65
22
67
32
2:11
-488773
61
232
168
23
16
15
36
202
219
14
13
0
192
21
23
61
55
57
27
16
4
132
49
0
55
150
8
20
26
307
0
129
106
1
166
148
63
295
93
0
23
156
7
165
13
46
330
281
71
11
17
148
127
459
60
64
261
124
0
345
60
115
12
38
0
164
91
111
23
121
22
19
62
37
126
154
504
50
194
193
42
17
101
228
79
117
34
235
253
68
42
135
52
219
20
51
0
122
190
73
1
31
136
329
11
48
46
19
0
44
70
199
84
6
138
5
3
206
7
375
166
102
9
200
242
63
21
155
86
27
40
276
90
253
123
480
427
108
55
25
4
87
133
383
43
28
56
87
168
158
268
125
2:40
73
340
167
119
11
352
201
34
12
83
170
139
19
31
150
20
2
15
86
203
4
23
13
67
4
40
13
15
9
0
6
7
11
5
26
8
62
3
6
1
110
13
3
82
22
36
7
25
20
62
66
60
11
67
46
85
336
0
71
250
408
123
98
245
79
39
101
68
155
129
0
91
280
182
28
369
23
2:0
49
90
207
5
53
44
203
190
196
6
41
85
181
38
930
7
284
397
364
160
197
105
406
3
0
279
82
55
596
166
89
13
53
46
73
63
29
309
142
12
25
6
27
13
6
87
73
21
34
275
2
156
125
63
0
739
202
244
13
75
30
52
232
311
52
152
200
86
2
15
62
154
8
0
96
345
24
29
85
24
86
260
122
55
14
40
53
85
55
4
38
18
0
15
153
15
28
3
31377
4
68
95
154
12
92
32
73
75
16
119
1072
28
1
269
194
4
63
1215
6569
2048
703
9647
4736
10908
790
830
5297
1358
410
414
825
3058
1391
8038
2:18
11
0
3
2825
882
977
3432
1025
3133
27
1446
3502
43
116362
3543
1736
6032
40860
1022
1
2
64
125
2
38
61
12
1
4
31
83
7250
3760
25036
19276
84
5
12
35
47
115
3
1
79
40
22
16
0
19
146
56
2
749
43
18
95
50
13
3451
14007
1185
5390
1178
3879
8402
5542
165
82
2055
144
1682
1
7
25
18
57
88
13
35
97
16
31834
8186
378
326
30
711
546
25
17
47
133
42
146
118
46
5
2
655
70
5
15101
1977
9880
121
68
53
104
0
102
1423000200
499:0
1
479:0
14
18
-25
140
-80
-60
18
-1
68
-87
0
6111
-6096
66
-80
22
726
-611
2350
-2479
18
145
-129
-41
2:-1
9
183
-193
0
1
2
109
-111
2
-2
1550
-1398
-139
117
1098
-1227
-1
1
-1
49
100
-147
26
-29
20
-17
49
-35
22
38
-45
-30
61
-62
689
-689
593
-568
-25
12
-4
5
10
326
-347
15
77
-74
-3
-17
9
18
85
-86
214
-211
-28
100
-102
318
-31
149
-420
63
47
-35
-70
0
-20
2
6
29
-36
48
-28
18
1107
-1124
13
-17
3
7
213
-232
6
-14
260
-253
121
394
-522
25
265
-147
-144
2
44
-45
251
325
-395
77
-247
71
-82
9
40
350
-385
-14
1792
-1775
-16
117
-117
38
-14
7
-17
219
-235
289
613
-815
-38
166
-216
49
-37
466
-476
69
-45
0
38
-63
35
115
-135
195
-209
23
421
-324
-102
-19
55
-47
460
-440
-26
115872
-114130
8890
-10515
-119
8
24
25
-55
141
-108
-25
146
-114
-33
87
63
-144
37
-51
135
-122
92
322
-397
-12
-5
-12
26
651
-679
0
11
3
1835
-1829
-11
5
89
19
-114
8
2:-7
3355
-3347
408
-290
77
-165
-2
111406
-102010
-9390
-17
288
-197
-102
-15
146
-31
-86
40130
-40158
39
-39
43
1933
-1978
625
-570
-4
35905
-35265
597
-1287
31
3
-22
251
-262
120
-57
-25
8
8051
-7916
-120
-8
88
-116
-10
-9
3519
91365
-94836
-56
5369
-5369
106
44
97
-211
4659
-4643
3722
-3774
39
174
-185
-26
99
3100
-3063
445
-571
1904
-1572
4948
-5150
159
-293
19
8
-7
119
-106
-42
853
-852
117
-69
-29
167
479
-646
314
-323
486
-410
-50
548
-441
-144
21
6
152
3388
-2258
-1118
-188
8
876
-884
-2
768
2996
-3636
-127
68
-68
53
8
-63
312
-310
23
53
-54
299
-322
1
21
41
-12
61
-92
-6
-12
14
57290
-57292
25
-22
7
779
-464
-170
7709
-6993
-884
13
-5
-8
10
-9
152
5319
-5465
-8
13
7
16
6
-31
0
154
-148
199
24968
-25119
-52
-2
0
-1
4
36
66
61
-139
2
-16
30
-38
-14
28
-30
0
65
27
-72
-20
8
2144
-2141
485
-284
-145
-32
-33
-2
2
17888
19037
-36906
-1
-12
70
883
-960
11
293
24335
-8835
-15786
-6
1295
-1153
-113
1076
-1118
16862
-16774
-48
-38
22
30
-20
-24
3
-13
369
807
-1165
-3
-8
0
11
124
9
-74
11
58
325
1492
-1723
5658
-5777
69
2538
-2687
-18
-14
445
-384
-40
-14
557
-566
39
-26
7
116
-122
2031
-1810
812
-1023
341
124
-489
9
55
-46
6
-22
182
-175
164
-163
197
-151
246
-305
-2
2
0
5
-5
2
-1
1
-3
2:1
-3
1
7
2:0
-5
7
-9
3
-4
1
2
-1
-2
0
2:1
5
-4
0
-2
2:0
9
-8
-2
1
2:0
1
2
7
-7
-4
7
-7
4
0
-3
11
-2
0
-6
-4
2:0
2
1
-3
2
-2
4
-3
-1
0
4
-4
1
9
-10
3
7
-1
-5
0
6
1
-8
-2
-1
11
-7
-4
0
2:1
-2
3
-1
1
0
-3
1
3:0
10
-10
2:0
-1
4
-2
10
-10
-1
2:0
3
2:-2
12
-12
3
-3
1
2:0
-1
3
2:-1
0
-1
8
-6
8
-8
0
-2
12
-4
-5
0
3:-1
8
2
-10
8
-7
-1
4
-1
-3
1
-1
4
5
1
-9
1
-1
3
8
-4
-1
-3
-4
1
0
7
1
-7
0
-1
2
-3
9
-7
10
-10
-2
9
-7
2
-3
8
0
-6
-1
1
-2
2
-3
8
1
0
1
-9
1
0
-2
2
-1
3
-4
9
-8
3:1
3:0
-2
6
-4
-3
0
11
-11
2
10
-13
3
5
-5
-2
7
-5
2:-1
1
7
-9
8
-8
3
-2
0
2
-3
12
-10
-1
10
-11
4
-1
8
-11
0
1
10
-9
-2
0
2
8
-10
12
-11
1
-1
0
7
-7
0
2
-1
2
-4
2:1
-1
2
0
-3
0
2
-2
11
-2
-9
8
-7
0
1
-1
8
-6
-3
2
1
-1
0
-1
3
-4
1
0
11
-4
-5
1
0
-1
-2
3
-4
3
6
-8
0
-1
3
7
-9
8
-7
1
2:0
-3
9
-8
9
-8
0
-1
0
2:1
-1
1
2:0
-2
-1
2
9
-10
1
0
-2
2
-2
1
2:0
1
-2
9
-5
-1
-3
4
-4
2:0
4
-2
-1
2
6
-5
-2
0
-2
2
-1
8
-9
3
-2
-1
3:1
8
-3
-5
9
-10
9
-9
1
5
-8
2
-1
0
1
-2
4
0
4
-6
0
2
0
-3
0
9
-10
1
0
2
0
-1
0
-2
0
4
-2
2
-4
3
-1
0
-1
1
-1
0
9
0
1
-9
6
-5
-3
2
-2
9
-6
-3
1
7
-8
4
2:-1
1
9
-12
9
-2
-7
12
-12
3
5
-8
0
9
-7
-2
2
-1
0
-1
0
1
2
2:-1
0
-1
2
9
-9
-1
2
1
6
-2
-4
7
-11
4
-1
6
0
-6
-1
6
1
2:0
8
-7
-1
2
0
-2
0
2
125
-127
2
-2
1
18
-19
13
-12
8
2:-4
-1
0
3
-3
17
-17
2:0
1
10
-11
2:0
46
-43
-1
-2
9
-7
2
-4
2:0
16
-16
6
-6
5
-5
2
-2
4
-3
1
-1
0
-1
23
-22
7
-6
-2
2
0
1
-2
1
-1
2:1
-3
2
-2
0
1
4
-3
19
-12
-9
7
-7
9
-7
14
-15
-1
17
-17
6
0
-6
0
1
3
-4
4
-3
1
0
-2
0
3
4
-4
-1
0
-2
0
11
-11
0
43
-43
1
11
-11
-1
0
2
-2
2:0
5
84
-89
3
-3
0
6
-6
2
0
49
-51
2
4
-6
10
0
-3
-7
24
-24
57
5
-53
-5
-3
-1
6
-4
19
-19
4
-2
0
2
-5
2
10
-11
20
-22
0
9
-6
-3
0
8
-4
79
-82
3
2185
-2184
124
-110
-17
-2
2:4
-7
2:2
-1
-3
12
-13
10
-10
5
-2
-3
22
-20
0
71
-70
-2
10
-11
3
15
-16
2:-1
2:3
-6
1
3
14
1
-18
1
-2
0
42
-40
2
-1
4
-1
-6
620
-494
-122
-4
0
9
4
-13
0
5
2
66
-72
0
5
-3
54
-57
47
-38
-6
443
-392
-51
-1
-2
5
-5
18
-16
35
-27
-9
3
199
-117
-75
-6
2:0
-4
-1
24
873
-881
-16
135
-134
6
7
-13
6
237
-241
527
-526
0
65
-67
0
32
-29
22
-27
6
96
-95
177
-171
-4
-3
-6
0
9
7
-16
3:0
58
-47
-7
42
143
-184
31
-35
6
-2
4
-1
28
-36
3
-1
3
26
3
6
-40
1
38
-39
0
54
11
-60
-5
2:0
2:1
-1
4
-4
11
16
-27
-1
6
-5
0
5
0
-6
2:2
-4
2
266
-266
-1
1
6
22
-30
15
869
-876
-5
2
-4
-1
2
3
1
146
-151
0
4
-5
7
-3
8
-11
2:2
1
964
-935
-34
5
-3
-1
1
16
0
-5
-12
9
-9
1
-2
0
4
-4
-1
5
7
-11
1
0
47
-47
-1
4
-2
0
-2
-1
2
17
586
-605
2:0
1
68
-69
7
65
505
260
-835
0
7
-7
4
207
-212
179
-171
5
-11
1
-1
-2
0
-1
1
57
110
-163
-4
-1
0
4
29
-30
31
-28
-3
10
31
49
417
-506
32
-35
10
-10
0
24
-21
3
-7
27
-27
2
-2
6
1
-3
31
-19
15
-29
44
-46
2:0
8
7
0
-15
19
-18
82
-83
32
-30
13
-15
13:0
2
-2
6:0
2
-2
3:0
1
-1
2
-2
4:0
1
-1
5:0
2
20
-19
-3
0
1
-1
0
2:1
-2
2
-2
15:0
1
-1
3:0
3
-3
0
1
-1
10:0
1
-1
6:0
1
-1
3:0
1
-1
0
2
-2
5:0
5
-5
13:0
1
-1
9:0
2:1
-2
3:0
2
-2
4:0
1
-1
4:0
2
2:-1
4:0
1
-1
5:0
2
-2
0
1
-1
1
-1
3:0
2
2:-1
5:0
3
-2
-1
13:0
2
-2
2:0
1
-1
2:0
1
-1
1
-1
5:0
1
-1
3:0
2
-2
1
-1
5:0
4
-4
0
1
-1
0
1
2
-3
2:0
2
-2
3:0
2
-2
15:0
2
0
-2
3:0
4
-4
0
2
-2
0
1
-1
3
1
-4
2
-2
0
1
-1
6:0
2
-2
1
-1
9:0
1
-1
6:0
6
-5
1
-2
3:0
1
3:0
-1
4:0
2
-2
0
2
-2
4:0
1
-1
0
1
0
-1
6:0
1
-1
0
2:1
-2
4:0
1
-1
1
-1
0
4
0
-4
2:1
2:-1
0
8
-7
0
-1
2:0
1
-1
15:0
1
0
-1
3:0
1
-1
9:0
13
-12
7
-4
5
-9
4:0
2
-2
0
1
-1
2:0
1
-1
3
-3
2:0
1
0
1
-2
10:0
1
-1
1
-1
3:0
1
-1
3
-2
0
-1
3
-2
4
-4
0
-1
0
1
-1
3:0
end
