v1
670
207
1022
239
56
74
485
609
17
39
7
15
28
653
7
62
103
262
66
182
102
196
263
25
248
74
85
234
322
133
218
53
329
71
35
103
398
269
304
495
456
130
225
534
7
80
511
57
28
1
386
270
397
4
106
275
704
9
212
442
339
126
376
539
128
7
366
55
274
95
254
148
288
24
163
176
394
275
173
55
649
44
250
397
244
83
78
85
14
130
4
118
73
9
74
158
1
29
41
16
69
231
105
341
1
173
120
420
329
314
33
6
116
338
121
141
227
59
448
595
330
10
38
382
41
1511
301
71
22
367
56
111
24
157
187
75
18
32
655
170
136
19
4
254
62
283
128
19
107
7
8
147
433
611
101
184
49
403
245
129
11
32
68
295
37
52
100
54
108
55
92
2
86
217
23
104
69
20
5
501
141
60
63
189
31493
5
22
213
109
21
173
76
16
104
36
30
1067
153
111
237
18
47
3310
2211
328
1553
5140
10816
2650
4766
11922
2988
4451
4
11795
943
15
2466
983
4160
1
6
1
11
5
1428
123472
7741
73
9417
32421
22
11
22
39
300
17
5
54647
1047
7
29
63
13
16
145
39
1
23
2
769
16462
25935
3305
665
995
31
86
54
40
31
6
3
1
43
57
40280
90
176
69
382
374
1
309
85
479
9
57
18
41
103
78
35
667
50
13
61
14955
35
11750
1
162
0
116
28
62
75
87
99
11
13
-488592
491
30
98
28
287
95
37
158
229
205
54
0
538
113
19
153
129
260
201
304
427
231
67
165
244
290
127
30
249
464
221
25
42
106
142
307
37
480
188
142
758
87
217
37
379
107
6
347
8
7
151
40
145
36
239
380
147
223
272
0
454
149
134
16
137
490
208
429
64
10
454
250
216
300
108
165
675
0
2
71
595
375
64
165
70
130
262
99
434
12
391
51
273
22
33
148
27
41
33
50
31
2:6
7
19
8
15
8
46
26
47
23
40
120
79
151
14
0
32
18
50
18
92
17
199
222
43
296
10
472
194
55
380
10
157
180
89
0
42
348
191
101
128
167
5
0
146
443
698
87
322
257
114
38
47
20
175
50
9
948
175
141
479
0
171
37
292
659
162
0
95
282
30
68
78
10
40
6
27
11
0
132
225
141
283
557
200
0
45
97
105
62
4
191
105
93
48
126
133
58
0
50
44
342
268
2
94
164
148
41
59
25
234
105
119
299
14
40
0
45
131
92
33
9
31563
208
82
81
48
69
117
142
39
969
56
110
58
0
192
138
89
2
11
7045
7952
0
5116
1110
695
14629
10925
2652
8091
0
2
7119
998
4175
8
16898
104456
3544
7717
51
0
10310
27926
3639
153
46
40
73
20
53
19
27
11
10999
44413
0
35
47
27
91
75
84
18
146
43
15
8
2:1
96
643
29
20
85
12891
4652
1185
2297
3093
10208
3251
5789
1183
1016
1513
166
2
3
11
20
61
19
52
35
17
27
63
50
2:9
30303
1513
8491
316
113
37
86
388
478
25
182
37
49
258
3
18
233
14
19
4
5
34
173
13
507
24
17
28
14898
57
82
1990
9722
315
19
38
11
44
53
30
27
115
1
16
21
1423647000
299:0
1
369:0
139
-105
227
-257
23
3889
-3819
-31
317
-379
22
35
-55
-2
2:0
22
-21
0
43
-42
0
-1
95
-28
97
0
-162
0
41
-15
-28
23
92
-114
162
-164
170
-102
-25
2
402
27
-471
39
-10
-3
-9
-19
147
-148
1
54
175
-80
-8
-142
242
-95
-109
-8
250
-276
-2
1
1136
-1135
-4
47
-45
-2
2
1
0
-2
62
-29
3
-3
5
-38
32
-32
2
22
-24
1
0
26
32
-16
-44
241
-194
14
-59
136
-137
0
1
217
-215
-4
496
-441
-33
-19
285
79775
-79975
5126
-5156
-21
-3
-30
159
-163
3
-1
44
-44
260
-225
304
-294
30
-76
87
1328
-1414
131
-131
2
7474
-4038
-3437
39
-40
42
-7
489
-523
29
-12
-19
530
-510
629
-623
84
19698
-19455
-293
-35
131
-125
33
64
736
-780
-47
-17
227
-205
527
-447
19073
-18771
-425
44
127
-93
1944
-1238
-651
-131
-1
101
-101
1
28
132
214
-332
202
-115
-129
61
70
-13
-117
-2
67
634
-620
-82
3
23
34
-30
6
-33
66
153
-165
313
242
325
-916
15812
-15710
-81
-39
27
-26
60
-60
-2
2
-4
1
0
32386
-32384
-3
56
277
-265
3199
-3198
549
-619
5
-3
-1
179
1590
-1728
-13
72
7
-77
-27
1290
-1256
-37
3
97
-96
-4
43
30
-46
-5
137
6729
-6747
5817
-5928
35
415
7410
-5900
-1955
219
3534
-3626
-160
2
-3
213
7
-217
44
-11
380
-352
2005
-2068
67
-69
1012
-1012
1
262
-230
-33
0
342
-216
-44
0
51
-99
-9
6
32
116
-133
-46
10
-12
-2
2
-2
15
-13
7
-8
2
-3
1
-1
3
-3
13
-11
9
-10
2:0
2
-1
-2
0
10
-8
-2
22
-22
0
1
12
5
-15
-2
0
12
-12
-1
0
2
-2
0
2
-1
0
9
-10
22
-22
1
9
2
-11
19
-17
-3
12
-11
2:1
0
16
-18
0
1
17
-16
7
8
-17
14
-12
-3
0
1
0
-1
2:1
2:0
13
-15
0
3:1
-2
2
-2
13
-11
7
-10
2
7
-8
8
-8
8
-8
-1
3
19
-22
0
2
0
-1
2:1
-3
10
-1
1
-10
0
13
2
-12
6
9
-1
-17
3
-3
2:1
-1
2:0
2
3:0
-2
2
11
-11
16
-19
17
-1
-14
-2
10
-10
15
-14
-1
3
-2
2:1
-3
22
-20
11
-10
-1
1
-2
1
-2
2
-2
3:0
1
16
-16
0
-1
2
9
-2
2
-10
1
-1
0
-1
3
-3
2
2:-1
1
0
-1
1
0
1
-1
0
16
-15
1
-2
0
1
7
8
-14
13
-16
11
-2
2
4
-14
1
-1
2:0
1
-2
2
0
-2
2:0
24
-24
3
-2
13
-13
-1
14
-12
2:-1
17
-17
0
13
-13
2
11
-13
2
-2
3:1
-2
0
1
8
-9
-1
18
-16
-2
3
-1
7
6
-14
2
-2
1
-2
2
3:0
-2
2:1
-2
2
-2
2
0
2:-1
17
-15
0
-1
0
17
-4
-3
7
-17
0
9
10
-6
-11
0
9
-12
0
2
0
7
0
-9
3
-3
13
-11
16
3
-11
-8
17
-19
10
9
-18
2:0
2:1
-2
10
9
-4
-13
-2
8
-9
10
-8
-1
10
8
-18
0
2
-2
2
-2
17
-18
1
2
-1
2:0
15
-17
15
8
-22
1
-2
15
9
-23
-1
2
7
-7
2:-1
13
-10
-2
20
-18
-3
1
2:2
-4
0
65
-58
-7
9
-8
2
-2
0
11
-12
4:0
7
-7
2:0
7
-7
0
13
-13
1
-1
2:1
-2
2
-2
7
-7
3
-2
-1
2
14
-13
-3
0
2
-2
5:0
3
-1
4
-6
0
5
4
0
-8
-1
3:0
1
5
-5
1
-2
0
1
-1
0
1
10
-7
-4
1
2
-3
26
-26
1
5
-6
2
-1
2
6
5
-14
21
-18
-2
-1
8
-8
1
-1
13
-9
-3
26
-21
-4
-1
34
954
-989
40
-33
-5
-1
0
-1
1
-1
0
7
-5
30
-26
1
4
-2
-8
5
20
-25
5
-6
1
237
-182
-56
2
-2
4:0
1
3
-3
43
-42
10
-6
-4
279
-260
-19
4
0
-6
14
-13
45
-11
-31
-4
3:0
8
304
-286
-26
2
-1
5
82
102
-189
-1
2
32
-34
4
-1
2
38
-37
14
-10
-6
-4
12
14
-22
-4
17
63
-70
-10
0
4
9
-10
-3
0
10
2
1
0
18
-14
-15
300
-294
11
-16
0
-3
4
-2
-1
5
-6
2:0
143
-143
0
11
-11
6
253
-254
3
-8
3:0
3
75
-77
3
-2
1
2
-5
210
-198
-12
3
0
-3
0
5
-1
0
2
10
-3
-10
154
-150
-7
20
213
-21
-211
49
-1
-47
-1
0
-1
12
37
-47
22
-21
12
28
112
-154
7
-8
30
-28
-1
0
4
-5
0
14
-7
2
0
5
-14
1
6
7
-9
-5
24:0
1
-1
24:0
2
-2
0
2:1
-2
2
-2
0
2
-2
3:0
4
-4
2:0
1
-1
4
-4
6:0
1
0
-1
21:0
6
-6
1
0
1
-2
1
-1
3
-3
2:0
1
0
-1
5:0
1
0
2:1
-3
3:0
1
-1
4:0
2
-2
1
0
-1
0
2
-2
2:0
1
3:0
1
0
-2
0
1
-1
2:0
1
0
-1
2
-2
6:0
1
-1
2:0
2
-2
3:0
2:1
-2
5:0
2
-2
3:0
1
-1
6:0
3
-3
5:0
3
-3
2
-2
0
2
2:1
-4
11:0
3
-3
1
-1
1
-1
0
1
-1
2:0
2
-2
0
1
-1
6:0
1
-1
3:0
6
-6
0
1
-1
4:0
15
-15
9:0
1
-1
5:0
1
0
3
-4
1
-1
0
4
1
-3
1
-3
0
6
-3
3:-1
3
-3
3:0
4
-3
-1
2:0
1
-1
2
1
-2
-1
4
-2
2
-4
3:0
1
0
-1
1
0
1
-2
3:0
1
-1
2:1
-2
0
1
-1
6:0
1
-1
2
-2
3:0
5
-5
2:0
1
2
-2
-1
0
5
-5
3:0
1
-1
8
-8
0
end
