v1
1074
252
480
11
486
205
34
615
79
235
237
1
57
56
22
28
118
298
73
3
41
81
46
165
612
447
114
171
321
72
444
282
435
194
22
19
266
27
133
153
144
116
95
140
104
156
420
135
31
225
534
312
207
79
57
139
276
104
158
212
3
190
4
106
104
171
431
494
388
54
339
65
61
31
778
106
135
235
92
37
2
71
353
21
616
53
2
361
335
59
257
18
16
93
64
98
358
248
286
8
24
85
532
83
25
18
12
26
31
46
5
21
123
3
1
118
73
9
74
59
64
30
35
38
57
144
118
85
362
173
4
116
94
131
414
110
304
10
33
6
116
104
180
54
121
141
85
101
300
418
15
129
27
248
6
17
14
110
119
70
33
15
66
87
229
41
528
175
808
301
71
389
165
2
24
157
56
37
94
75
50
991
247
33
29
203
44
36
128
126
7
8
147
40
393
647
45
20
184
412
40
175
70
121
8
11
32
363
189
54
47
61
35
92
20
88
153
59
5
23
198
9
248
194
105
146
218
34
31493
5
22
9
204
86
44
85
69
19
196
36
8
22
1152
179
71
166
16
2
45
2
2064
905
341
2211
328
1553
311
3453
1372
4
10816
2650
4766
4989
793
6140
2988
3064
1385
2
4
8054
2
22
9
3708
958
2466
986
4157
7
10
2
6
1427
119927
3545
7741
73
9417
32411
7
3
22
42
50
75
113
34
58
17
5
55537
157
9
27
57
6
29
145
27
2:12
1
6
5
2
1
754
32
16444
4654
3093
18188
813
1430
1062
665
968
27
31
58
28
54
40
37
3
1
43
56
1
30302
9978
26
64
176
100
369
356
1
46
306
25
17
202
277
9
2
45
10
2:9
41
103
30
17
13
53
19
273
375
69
17
15
23
72
14816
104
7
2018
9723
1
150
12
1
101
14
18
46
26
2
15
58
87
61
38
2:11
23
53
12
-488633
74
5
63
100
206
0
515
21
139
39
87
223
110
114
154
124
126
2
65
1113
339
31
4
12
364
65
302
432
32
23
62
19
420
133
50
22
528
462
11
0
242
218
728
34
245
0
134
275
200
218
68
37
192
75
57
12
74
112
82
228
203
85
24
133
144
81
61
289
0
210
541
159
0
29
63
685
157
66
278
438
281
497
0
117
175
25
0
224
50
376
7
246
180
0
64
0
73
195
15
263
8
9
440
50
119
164
404
0
30
0
404
345
59
107
0
15
68
33
6
67
25
2
16
0
33
49
17
6
141
90
92
17
54
166
87
55
0
14
243
62
300
7
144
0
600
121
1178
451
108
207
5
490
197
350
31
85
649
114
93
182
0
14
814
184
178
7
10
7
224
40
146
6
390
542
0
327
143
154
57
292
208
221
38
273
0
281
0
1004
257
136
552
289
89
254
4
10
13
346
2:107
89
38
118
419
72
13
8
46
56
253
28
31480
194
306
40
8
190
0
1031
177
92
136
135
9822
703
12868
19340
2182
13312
4700
4
3462
4159
2:7
1437
4053
127135
51
38236
3639
58
0
127
147
54741
731
9
361
57
146
56
2
0
749
93
63
3514
4382
17378
0
18070
2055
1825
2
5
10
118
42
185
5
40604
141
49
462
213
0
222
177
119
40
453
739
6
83
5
13
146
14720
133
7
15
67
11968
59
0
19
157
210
-488835
249
201
70
9
312
137
135
326
3
27
0
132
113
52
89
46
141
214
133
62
203
2
76
168
52
3
68
52
7
14
47
153
87
13
84
61
86
207
219
122
152
227
488
226
15
154
19
109
500
76
11
283
397
0
94
119
3
32
22
0
1
8
64
304
13
142
184
39
82
0
11
100
330
31
27
159
2
73
7
121
190
237
120
53
56
107
46
148
944
19
50
36
28
94
268
290
354
3
52
54
97
4
255
64
0
29
597
156
45
48
43
59
233
92
67
369
0
30
141
143
86
11
22
87
98
282
61
508
451
87
0
29
93
149
142
209
0
122
130
79
12
303
2:89
110
173
302
547
9
2
28
72
23
31
2
1
34
380
35
112
7
42
4
18
57
18
38
274
147
43
28
43
220
238
422
37
24
96
261
70
77
127
80
233
27
321
111
35
246
197
173
78
216
429
0
205
52
33
596
339
47
139
222
16
264
919
19
800
215
194
266
77
12
185
44
8
11
467
62
94
165
438
5
174
8
245
241
342
445
22
20
488
44
101
146
200
56
109
29
28
19
72
110
195
33
394
57
194
37
26
64
43
41
83
0
125
19
22
4
214
31600
5
37
1
222
190
25
1145
324
132
1
3
5968
1879
7282
2789
3
2324
4743
10901
2831
3663
4349
3540
12762
2921
511
1012
21
3152
1412
34
3502
37
11911
108000
7774
41837
62
35
320
46
11
7786
27915
334
0
19377
156
164
22
180
5
49
1
2:5
100
686
19
3608
15195
24150
1544
1130
10
1147
537
12
19
3
16
52
95
0
1
38
2:3
31947
8380
420
52
38
139
610
447
118
62
22
289
39
94
26
11
4
819
50
14973
1973
9886
166
23
43
23
44
6
24
31
89
55
158
19
1424811000
399:0
1
299:0
1
373:0
16
78
936
-919
-35
-47
10747
-10746
-15
1
47
408
2234
-2525
-147
28
-3
-35
191
-172
74
-75
2330
-1947
-400
7
115
-117
77
-90
339
-107
-201
-16
-8
31
85
-78
-33
21
-11
-21
0
54
-6
330
-368
7
808
-765
-28
-15
1
814
-831
11
3
-16
58
-10
-44
51
146
745
-847
-98
236
-208
375
-135
-226
-1
-36
11
56
-46
-10
330
-346
17
-18
19
-10
60
-56
81
529
-618
1004
-836
353
-417
-109
186
-181
71
-54
-20
129
-131
17
31
14740
-14736
951
-724
-242
-33
29
-30
0
-1
9
267
-216
12
805
-794
31
73
-186
299
-297
18
-13
79
-68
93
324
-276
-92
72
-111
-8
477
-487
125710
-125379
19783
-19847
-280
17
1
0
17
-32
-1
41
-42
49
-49
0
5
31
85
-113
-7
97
-45
-51
1539
-1540
19
102
823
-942
6
33
830
-836
3372
-3350
323
-367
54
31
-59
136793
-124374
-12390
-51
73
-92
11
-9
69
-54
1572
2372
-3958
141
83056
-83198
279
-248
-28
161
-21
-144
127
211
-285
-13
32457
-32340
-128
-29
3407
142895
-146236
6019
-6070
-11
48
66
-14
-61
9657
-4397
-4891
-405
12
-10
8
-10
1
13507
-12780
6194
-6815
133
-180
-39
79
1195
-1245
265
-107
2984
-3176
231
-240
26
-32
42
52
-96
5
-2
313
-295
159
-51
1601
-1494
-219
216
-221
370
139
555
-950
-132
46
2014
-1888
19
-139
49
-86
32
-5
44
-83
30
-1
31
-18
-34
13
0
39455
-39456
-24
24
815
-458
-375
3240
-3247
1
12
1038
1034
-1534
-547
0
1
-2
3405
6870
-10271
306
-307
115
-88
-18
4800
-4739
-61
4
39
236
600
-675
-189
-19
29
-37
34
-6
75
123
-210
206
-187
124
492
-622
19329
-19360
1206
21655
-22841
433
18587
-13792
-5152
34
927
-1031
1127
-1082
146
-209
-1
17
311
1091
-1425
40
2
178
237
97
629
-1177
2
247
-169
7171
-7208
950
-979
-21
120
8930
-9031
-6
111
301
-342
-75
194
14737
-14935
2:62
12
1754
-1294
1969
-2215
-352
13
978
-988
109
-37
-70
-6
73
105
-175
127
-92
44
-36
-43
45
-61
0
2
-3
8
-2
0
-4
8
-8
2:-1
0
3
-2
1
-2
10
-6
0
-2
-1
3
-4
1
3
2:-2
10
-7
4
-5
7
0
-1
-7
0
7
-5
3
0
-2
5
-6
8
-5
0
-5
3
-1
0
8
-6
-1
-3
10
-7
0
-3
8
-8
4
1
2
-7
-1
0
3
-1
1
5
1
-3
1
-3
4
-2
-5
5
-6
11
-7
1
-3
3
6
-3
-2
-5
8
-6
6
-5
2:-1
4
0
-3
1
-3
8
-5
6
-9
10
0
-3
2:-1
0
1
-2
2
-3
-2
1
6
-3
-4
8
-9
0
5
-3
3
4
-4
3
-7
0
-2
2
1
5
-3
3
-2
0
-5
1
0
3
5
-4
2
-3
-4
1
3
4
-1
-7
3
2:2
-4
5
-6
-3
10
-4
0
3
-8
8
-7
7
-3
0
3
-9
0
9
-7
4
-1
3
-8
2
6
-5
-3
5
-4
2
2:-1
2
7
-10
2:1
8
-2
-6
9
-4
-6
4
-4
2:4
-8
0
3
5
-6
-1
7
-1
-6
1
6
-9
2:3
0
-1
1
-5
8
-8
2:1
-2
7
-4
-2
-1
0
9
-9
1
6
4
-8
5
-7
4
-6
5
7
-11
2
1
-2
2
8
-11
3
1
0
-3
2
-2
9
-10
7
-7
2
0
2:-1
0
7
3
-7
1
-4
6
-6
9
-5
6
-3
-2
-1
-4
6
-1
-6
2
5
3
-5
-1
4
-4
-3
2
3
1
-4
4
-5
4
-3
2
1
5
-14
1
-1
1
0
-1
3
-3
0
1
2
-2
-1
2
0
-2
3
-3
3:1
-1
0
-2
2
0
-1
1
0
1
-3
0
1
0
1
-2
1
-1
2:0
1
-1
2:1
-1
0
-1
0
1
2:0
-1
2:1
-1
0
2
-2
1
2:0
-2
0
2
-2
0
3
2:-1
1
0
-2
1
2:0
1
2:-1
0
1
-1
2
-2
2
0
-1
0
2
-3
3:1
-1
0
-2
3
-2
0
2
2:-1
1
-2
0
2
-1
0
1
0
-2
2:0
2
-2
0
1
0
1
-2
0
2:1
-2
2
1
-2
1
-2
1
-1
2:1
0
-2
1
-1
2
2:0
2:-1
2
-2
3
-1
0
-2
2:1
2:-1
3
2:0
-1
-2
1
-1
3
-3
3
-3
0
1
2
-2
0
-1
2
1
-2
2
0
-2
1
0
-1
1
-2
2
-2
3
-3
3
-2
3:0
2:1
0
-3
2
-1
1
2:-1
2:1
-1
2:1
-2
3:0
-1
0
3
-2
1
2:-1
2
0
2:-1
0
1
2
-1
1
-2
4:0
1
-1
0
-1
0
1
2:0
-1
1
-1
1
-1
2
-2
3
-3
0
2
-2
2
-2
0
2
2:0
-1
1
0
-2
1
0
-1
1
0
-1
0
2
0
2:-1
2
-2
3
-1
2:0
-1
1
-2
3
-3
0
3
-3
1
-1
3
0
2:-1
0
1
-1
0
1
-1
0
-1
1
-1
2:1
0
-1
2
0
-2
1
0
-1
1
-1
1
-2
0
1
2
-3
2:0
3
-3
0
3
2:-1
0
-1
3
0
-1
-2
0
2
-1
0
-1
1
-1
1
-1
0
2
-1
1
-2
0
2
-2
0
1
3:0
1
-2
3
-3
4:0
2
0
-1
0
-1
0
1
3:0
2:1
-3
1
2
-1
2
3
-1
0
159
-163
0
1
-1
17
2
17
-35
4
-5
0
2
-2
0
42
-25
5
-22
0
17
-15
21
-23
2:6
-8
-4
0
9
-9
1
-1
0
5
-5
1
-1
3
0
1
-2
24
-23
-3
2
1
0
-1
-2
9
-9
1
-1
3
-3
8
-8
21
-16
12
-17
14
2
-16
3
-3
0
8
-5
-3
1
-1
1
-1
4
-4
2
-2
0
11
-10
55
-52
6
-9
2
1
-4
0
6
-5
89
-90
1
11
57
-66
1
-3
9
-9
26
-26
2:0
1
24
0
-21
59
-54
-3
4
-7
18
-19
1
-3
5
-5
18
6
-25
5
-3
1
2
92
-89
2083
-2089
107
-63
-44
3
-1
8
-8
-2
4
5
-10
11
-7
2:-1
7
-9
7
-7
-1
13
-13
125
-124
11
-5
10
-6
-9
11
71
-79
46
-47
4
-6
0
-2
2
839
-676
-156
-8
8
-2
-3
4
-8
7
34
10
-45
-5
462
-458
46
-49
3
6
8
-17
32
-17
-11
-2
201
-122
-68
-13
39
961
-984
137
-155
2:2
13
-4
-1
215
460
-567
-119
3
-3
-1
7
-1
132
-137
249
-233
-2
-13
8
9
-16
-3
88
-25
226
-283
15
-17
5
-1
25
-31
1
-3
2
-1
4
2
29
7
11
-53
5
-6
33
34
21
-85
-2
-1
222
-212
-10
15
48
-59
0
-3
-1
11
-8
-3
27
-26
12
-7
-3
278
-276
-5
33
-6
-27
5
193
-197
1
0
14
23
-38
3
2:-2
5
8
378
-385
5
-1
-10
20
-17
407
-375
-31
-1
16
14
131
-152
-10
-2
8
-8
3
13
-7
0
-8
13
-7
7
3
-11
21
-26
23
345
-358
74
574
202
-856
12
149
-162
30
-29
11
-6
-9
5
29
184
-213
14
-17
40
-36
18
10
-34
3
104
-99
554
-560
34
-37
8
-7
487
-473
-14
1
5
17
-22
26
-22
-6
1
37
-36
36
2:-9
7
-27
0
35
-34
1
4
2
-6
12
64
-78
14
-12
8
-6
-1
1
-4
3:0
1
-1
2:0
2
-1
1
-2
10:0
1
-1
8:0
1
-1
1
-1
6:0
1
-1
2
-2
0
2:1
-2
0
1
0
-1
0
2
-1
1
-2
2
-2
2
2:-1
1
-1
9:0
1
-1
3:0
1
-1
1
3:0
3
0
-3
3
2:-2
5:0
2:1
-2
2:0
1
0
2
-2
-1
5:0
3
-3
2:0
4
-2
-1
1
-2
3
-3
2:0
3
0
2
-5
1
-1
1
-1
0
2
-1
5
1
-6
-1
1
-1
0
2
0
1
-2
-1
1
0
4
-5
1
-1
4
-4
3
-2
6:0
3
-4
2
2:-1
3:0
5
-5
1
4:0
1
-2
0
2
-1
2
0
2
0
-5
2:0
2:1
2:-1
4:0
1
0
3
-2
0
8
0
-10
2:0
9
-9
1
2
-3
1
2
3
-6
5:0
2:1
0
-1
0
-1
1
-1
0
2:1
0
-2
2:0
3
-2
4:0
-1
0
1
2
-2
8
1
-9
4
-1
0
3
-7
1
2
-3
2
0
1
-3
2:1
-2
3:0
2:1
-2
3
-1
1
2:-1
1
2
-4
2:0
1
2:0
6
2:-3
-1
2:1
-2
2:0
1
2:0
-1
3
-3
1
-1
0
1
-1
8:0
1
-1
6:0
1
-1
10:0
1
-1
31:0
1
-1
22:0
1
-1
2:0
1
-1
18:0
1
-1
4:0
1
-1
28:0
1
0
-1
6:0
1
-1
3:0
1
0
-1
1
0
-1
1
-1
1
-1
2:0
2
-2
1
-1
8:0
2
-2
0
1
-1
4:0
1
0
-1
7:0
2:1
-2
10:0
1
-1
4:0
1
-1
4:0
3
-3
7:0
1
-1
14:0
2
2:-1
16:0
1
-1
0
3
-3
0
1
-1
0
1
2:0
-1
1
-1
8:0
2:1
-1
0
-1
3:0
2
-2
9
-9
2:0
8
-8
2:0
1
-1
0
3
-3
5:0
1
-1
2
-2
0
1
-1
5:0
1
-1
2
-2
10:0
3
-3
1
-1
2:0
1
-1
2:0
3
-3
2:0
1
-1
1
-1
2:0
end
