v1
794
1186
43
192
13
164
485
314
110
185
56
7
15
28
653
172
612
372
360
371
22
726
435
194
22
285
247
74
252
495
420
178
213
534
262
194
63
610
75
69
258
13
193
110
104
171
431
494
212
230
339
126
915
128
7
123
116
551
281
356
332
478
275
16
750
111
294
641
28
55
43
38
31
175
24
118
82
74
40
19
64
65
57
300
203
244
173
120
749
314
39
116
146
192
121
226
401
433
156
248
37
299
10
38
153
229
41
309
1202
301
71
22
367
165
2
181
187
75
50
47
413
365
166
247
473
126
15
147
419
14
712
82
102
360
92
175
70
121
8
11
32
80
283
189
54
47
61
35
54
146
153
64
23
104
94
642
60
63
189
64
31434
22
9
284
6
44
85
88
196
36
30
1152
416
18
2111
1246
2211
328
1553
3764
1372
4
10816
2650
1553
3213
5782
2041
4099
2988
1797
2652
2
11799
958
2466
5144
7
11
5
1
1427
119927
1
3544
7741
9490
32418
3
22
42
238
109
5
55463
74
157
36
57
6
12
17
145
27
24
1
6
5
728
29
190
16286
4654
3093
5056
5152
7980
813
1430
873
189
665
968
2
7
18
31
58
17
11
54
40
37
3
1
43
56
1
40280
26
64
176
15
810
1
87
222
43
42
479
9
57
2:9
41
216
19
717
32
23
72
14918
2
7
8
2010
9723
1
150
12
116
28
26
10
28
73
87
99
22
62
14
-488415
2
34
45
189
140
347
136
63
9
237
205
5
23
26
198
195
107
209
20
142
60
281
236
28
14
4
77
116
31
265
16
126
122
397
59
148
7
275
12
179
159
19
45
171
46
315
77
10
87
152
41
5
189
154
223
119
3
54
25
166
180
77
15
53
17
244
72
211
263
9
163
24
51
7
30
103
6
60
245
72
37
168
24
132
87
20
8
307
52
71
166
85
98
251
19
43
1
399
304
332
251
237
18
271
63
151
25
729
67
127
33
220
146
6
280
5
60
14
103
200
202
72
189
154
6
148
132
57
123
84
24
124
8
92
212
66
229
151
0
127
27
37
65
154
104
69
145
121
332
204
85
123
181
27
41
33
44
19
10
20
32
24
47
2
24
121
5
14
88
9
85
17
3
68
53
32
20
11
33
68
57
17
127
27
99
66
102
205
57
87
99
255
86
160
0
35
86
10
123
138
276
0
43
239
167
502
77
23
346
5
6
91
170
33
111
281
17
68
56
53
146
5
18
13
372
121
355
43
42
1
194
50
445
697
233
89
105
6
82
53
250
187
32
183
32
110
3
327
77
185
63
29
262
29
69
134
6
74
90
57
38
76
195
2
17
62
202
444
313
45
459
149
8
3
76
112
164
101
44
49
17
181
124
50
177
43
22
135
20
52
248
25
196
14
24
105
13
96
10
1
118
75
50
55
14
93
30
125
64
38
111
15
31
31370
79
96
65
33
0
9
41
7
45
32
113
99
1
30
35
98
31
923
110
1
37
140
111
32
39
43
61
78
28
21
9
9780
6650
1359
2324
5125
10519
6494
2602
1747
1304
2226
10
8075
0
2:1
2824
1827
2955
1523
13
8
3125
7
2
8
5488
119418
1736
5981
98
41796
39
51
66
61
14
2
17
21
93
53
19
27
7250
48173
176
99
2:45
13
0
145
53
2:1
3
8
45
53
692
165
9
3447
21760
12281
5789
825
3058
6
8
17
18
1
42
10
45
2
21
4
23
45
27
16
70
4
9
40108
513
31
89
683
132
118
40
41
109
110
24
111
172
26
130
42
30
17
31
12
3
312
331
18
32
39
5
22
1
13
46
50
14747
84
56
82
1977
9735
111
187
17
23
2
30
8
72
34
26
27
35
21
7
42
34
25
11
15
14
12
106
1424966400
299:0
1
493:0
16
1
11620
-11512
-77
10135
-10130
-39
2928
-2558
-367
4
199
-196
1818
-1728
-51
43
-71
244
-247
649
-641
-25
30
58
-86
-1
50
93
-122
794
-789
-14
18
-11
644
-244
-417
2
13
-9
130
1116
-625
-210
-419
10
262
-183
317
-401
38
-26
-7
0
-4
17
80
-100
222
-172
581
-606
-1
90
-110
7
385
-364
-31
3
53
48
-86
320
-320
-18
41
79
125
-240
118
-116
181
48
-174
329
104721
-98897
-6093
-105
-18
-2
12
-5
78
-44
154
-195
11
-13
152
-34
-100
1287
-1305
71
1021
-1023
-51
2513
-2527
484
-458
11538
-3645
-7922
0
40
-16
-3
6
940
490
-1426
65040
-65067
310
-301
38
163
-213
49
1
56
-106
2532
-2383
-147
26
-22
275
30071
-30340
2848
-2855
590
-590
24
2656
19
-2689
302
-316
1
163
1059
-736
2384
-2775
-15
-48
-31
69
793
-681
128
1018
-868
3434
-3849
-2
-31
150
-159
736
-488
-248
4
304
366
816
-1491
17
16
-38
1131
-569
-560
27
33
-48
211
-221
116
-119
36801
-36804
2
2:11
-23
54
274
6702
-7031
269
-120
-94
-10
21
11645
-11679
-24
15
132
-150
-5
16
1873
-1826
-62
4
352
-171
-9
-17
-139
-17
8
7
51
31
-99
54
-44
123
50
-184
70
-40
24
-54
100
2553
-2514
-106
1011
14611
-15650
136
10652
-7023
-3768
280
977
-1098
463
-615
1363
-1373
210
211
-420
963
-943
36
6
446
-319
-187
20152
-20138
4798
-4801
202
-201
101
729
-715
155
60
-302
-28
2740
-2455
-77
368
-301
-259
-28
28
-31
130
-28
60
-136
-8
-7
-23
-2
2
3
0
-3
0
8
-2
4
-11
-1
2:0
11
-9
-1
4
-4
-1
1
-1
1
10
-8
-2
1
0
-2
2:0
2
2:0
-2
1
3
-1
-2
3
1
-2
3
-6
6
-5
-1
2
0
-2
5
-3
2
-3
2
-1
0
2:-1
7
-6
4
1
-6
4
1
-3
-2
2:0
2
-1
6
-7
2
-1
2
-1
-2
8
1
-6
10
-10
-3
2:0
3
-3
4
-3
-1
2
-2
0
3
-1
1
-1
5
-6
2:0
-1
0
3
2
4
-7
-2
0
6
2
-8
3
-3
2
4
-3
-2
9
-10
1
4
-4
9
-1
-9
3
-2
2
-2
12
-12
0
1
3
-2
3
0
5
-10
1
-1
5
-4
1
-2
1
0
-1
0
1
0
2
-4
7
-7
5
-3
8
-9
7
-3
-1
1
-5
1
0
2
1
-2
3
-5
9
-8
0
1
-2
2:4
-4
2
-5
2:0
4
-3
-2
2
-1
2
-1
8
-7
0
8
-9
-1
11
-11
2
0
2
-4
3
-3
1
4
-3
9
-12
7
2:-3
0
-1
0
1
2
-3
13
-11
-1
9
-7
10
-13
2:2
-4
12
2:-6
4
-3
2
5
-5
-3
11
-6
-5
11
-10
3
-3
3
1
-5
7
-5
-2
8
2:-4
5
-5
3:1
8
2
-4
-9
2
-2
6
-4
8
-4
-6
2:0
8
-8
2:0
2
-2
0
9
-6
-3
2
-2
0
4
8
-4
-8
2:1
2
7
-11
2
0
2
2:1
-4
0
-1
0
5
2:-3
0
3
2
-5
0
1
9
-10
12
-6
-3
0
-1
10
-10
-2
2
-1
2
-3
2
2:0
-2
9
-9
6
-4
10
-2
-8
9
-9
0
2
-4
5
-5
1
0
1
0
2:-1
0
4
-4
2:1
2
-1
2:0
2
-5
0
1
-1
2
-1
2:0
8
-8
3
5
-7
-2
11
-9
11
-10
-2
0
2
-3
2
8
-6
-2
4
-6
0
3
8
-6
-5
13
-7
0
-2
-4
0
2
-2
11
-10
3
2:-2
4
2
1
-4
1
2
0
-4
2:-1
7
-5
2
1
-4
11
-12
6
-5
5
2:-3
2
-1
11
-11
6
-2
-4
-1
1
9
-9
11
-10
3
-4
-1
7
1
-7
7
0
-3
-1
-3
7
4
-11
1
-2
6
1
0
-5
7
-4
-5
4:0
2
0
-1
1
2
1
-4
11
-12
3
-3
2
-1
1
0
1
4
-4
3
-3
9
-1
-11
1
1
5
2:-2
-1
109
-108
-1
16
-3
-10
10
-12
0
11
-1
-11
9
-9
23
-22
10
-7
-2
10
-12
0
3
2
-3
0
20
-19
2
-5
3
-2
4
-5
2:0
1
5
-5
10
-8
1
-3
18
-9
-8
2:0
1
-2
0
4
-3
2:-1
36
-30
-6
0
4
31
-33
-1
43
-37
-1
-3
-2
18
-1
15
-25
-8
6
-3
10
-11
7
-9
39
-29
-7
62
1608
-1609
-52
-12
4
-1
0
6
-2
-5
1
-1
5
-6
36
-26
-8
18
-19
11
83
-92
-1
43
-44
5
-5
572
-448
-126
4:0
2
27
-5
-22
428
-430
40
-34
-5
13
-14
18
-12
-5
0
106
-52
-50
-5
3
10
701
-710
92
-95
0
3
4
182
217
-403
58
-59
1
3
65
-72
143
-127
-7
-9
6
7
-8
38
2
126
-163
0
15
-19
7
-8
2
31
1
-32
-5
19
16
18
-52
2
-2
-1
112
-105
-3
5
20
-26
7
-6
-4
2
205
-207
4
-2
16
-18
23
-23
346
-343
9
-6
11
-17
7
242
-245
8
-3
-8
8
-7
5
218
-207
-16
9
0
74
-80
0
-3
-1
3
4
2:-4
0
8
-6
13
-12
1
10
2:-6
-2
15
-6
-7
-2
8
227
-231
28
280
538
-847
8
78
-73
-15
7
0
-8
21
66
-85
0
8
35
-38
12
45
-60
510
-512
221
-213
-3
-5
17
14
9
-25
0
-17
2
26
-10
-4
-3
8
-19
6
-6
3
11
20
-25
-3
-6
15:0
3
-3
0
1
-1
4:0
3
-3
0
34
-34
3:0
1
-1
3:0
1
-1
17:0
1
-1
8:0
1
-1
5:0
2
-2
0
1
-1
2:0
2
-2
0
1
-1
4:0
1
-1
2:0
1
-1
0
1
-1
2:0
1
-1
19:0
1
-1
2
-2
0
1
-1
2:0
1
-1
4:0
1
0
-1
2:0
1
-1
1
-1
4:0
1
-1
3:0
2
-2
0
2
-2
2:0
3
-3
3
7
-9
-1
4:0
1
0
-1
9:0
4
-4
2:0
1
-1
9:0
2
-2
1
-1
3
0
-2
-1
2:1
-1
0
-1
3
-3
1
0
-1
2:0
1
-1
2:0
1
-1
6:0
1
-1
4
-4
4:0
2
2:-1
5
-4
-1
0
1
-1
1
-1
3:0
1
0
2
-2
-1
4
-4
2:0
1
4
0
-4
-1
2:0
8
-8
1
0
-1
2:0
2
-2
7:0
2
-2
0
1
-1
2
-2
0
1
0
1
-2
4:0
3
-3
1
-1
2:0
9
-9
2:0
1
-1
3:0
2
2:-1
3
-3
11:0
1
-1
2
-2
1
-1
0
3
-3
5
-5
0
1
-1
5:0
1
-1
0
1
-1
1
-1
0
1
2:0
-1
2:0
1
-1
3:0
1
-1
3:0
4
-4
0
1
-1
3
-3
0
1
0
-1
0
2
-2
2
0
-2
3:0
3
-3
2
-2
2:0
4
-4
2:0
2
-2
1
0
-1
0
2
-1
2:0
1
-1
0
-1
2
-2
8:0
2
-2
3:0
1
-1
1
0
-1
5:0
1
0
-1
0
3
-3
0
8
-6
3
-5
0
1
2
-3
2:0
5
-1
-4
0
8
-7
-1
2:0
1
-1
1
0
-1
4:0
5
-5
2:0
1
-1
3:0
2:1
2:-1
0
1
-1
0
end
