v1
882
584
196
449
52
15
59
79
34
8
122
220
86
60
66
53
314
67
171
51
6
56
7
15
28
492
122
39
172
327
1
71
135
65
13
168
28
288
96
152
159
57
177
106
169
47
133
84
187
435
194
307
78
495
70
269
156
399
156
256
534
334
185
127
75
166
183
104
99
72
39
0
160
193
74
36
267
8
148
144
27
112
394
100
307
135
218
66
55
64
5
57
572
85
152
106
135
47
192
125
57
120
124
30
95
637
416
8
86
24
5
271
106
151
18
173
456
177
71
294
109
476
27
29
12
33
6
32
25
18
12
7
19
0
77
5
138
10
118
73
4
5
62
12
45
14
64
65
38
3
16
38
17
127
93
25
74
11
354
7
1
78
95
120
94
131
160
35
140
189
262
42
10
33
6
116
146
192
121
35
12
94
186
41
59
31
169
151
97
185
156
52
196
6
17
14
110
189
10
5
33
153
229
13
28
327
96
105
175
9
41
9
749
301
53
18
12
10
7
360
56
109
2
181
93
94
75
50
655
45
32
93
413
33
0
29
1
146
56
38
42
128
57
69
7
8
147
40
48
235
96
14
447
162
2
81
20
82
102
412
40
175
191
8
11
32
43
174
146
189
54
47
61
35
157
43
153
59
5
20
3
193
5
9
196
296
69
19
53
51
9
63
189
77
15
31401
5
22
9
204
4
29
53
44
85
88
196
36
30
932
110
0
1
7
102
68
182
166
18
47
3310
2211
328
1553
5140
2464
6929
1423
2650
1553
3213
5404
378
4315
1825
2988
4449
2
12
2
8077
2826
882
943
15
2450
6
10
983
4160
7
12
5
1
4950
116404
3545
7741
73
9417
32421
22
42
125
40
165
17
2:5
82
54560
731
85
74
157
7
2
27
42
15
6
12
17
145
27
10
2
1
10
2:1
6
5
2
83
672
20
16456
1172
1185
0
2297
3093
10208
7980
813
165
82
1183
1062
665
968
2
3
2:11
27
1
3
58
28
36
18
40
37
3
1
94
5
1
30302
9978
26
64
9
167
69
120
37
12
462
125
1
46
41
199
23
43
25
17
479
9
21
36
18
41
103
47
46
5
15
19
273
350
75
0
13
6
17
15
23
14945
45
9
8
2010
9723
1
150
12
1
53
35
13
14
28
7
29
26
75
5
60
22
99
2:11
2
21
25
26
2
-488913
274
160
66
528
13
9
38
401
143
105
168
5
23
224
62
47
196
244
137
289
0
59
121
141
91
132
145
137
837
297
9
144
12
26
204
136
415
65
79
9
21
198
75
247
19
225
75
126
50
116
34
38
108
302
175
415
26
64
142
75
7
444
4
10
58
190
15
156
86
1
28
83
243
355
51
252
46
11
8
217
30
154
75
603
150
2
95
259
510
180
292
12
252
149
6
32
255
285
99
98
32
243
85
12
581
27
2
119
189
123
157
113
62
205
7
28
38
27
37
225
115
10
93
283
173
70
22
592
7
196
123
6
179
36
11
62
38
28
6
23
35
7
49
17
7
110
13
107
193
18
37
28
53
33
123
68
212
62
327
78
101
329
179
73
48
271
70
327
59
269
51
350
340
58
33
140
392
331
144
108
142
131
2
77
42
12
402
157
42
0
8
377
522
666
136
246
213
224
48
184
443
318
1
7
40
329
99
110
89
37
57
3
16
34
48
208
2
392
333
265
295
247
10
59
16
314
268
49
206
116
389
58
52
369
11
127
4
114
106
194
159
53
146
11
43
15
33
96
38
31400
93
144
62
43
67
25
92
7
88
8
1
1257
130
102
19
117
58
13
21
43
59
272
7443
2751
691
5273
1359
2324
4736
10908
1620
5297
2182
1744
2139
1391
8085
12294
10
1425
0
119928
3543
1736
6036
2
45
38185
3704
59
71
117
20
99
7248
48118
57
82
238
51
7
52
29
17
101
4
6
743
61
164
3445
9355
5838
10446
13045
1347
1855
88
1743
8
2
17
21
40
2:5
45
3
20
28
3
67
96
31825
8222
524
245
440
304
308
134
25
17
222
22
18
5
157
93
10
14
203
315
148
57
15034
72
1977
9735
334
38
11
7
90
30
8
75
7
35
80
38
1424276400
499:0
1
381:0
9
1826
-1801
-10
-16
17
88
-85
-21
-2
2
250
-250
1
8806
-8807
25
-18
-9
451
-324
-89
0
418
-446
-9
0
3787
-3783
2
-7
23
-18
121
-108
2:-6
177
-67
-51
-58
271
-269
-9
68
-66
31
-13
12
521
-368
-184
4
75
-67
26
365
-404
745
-716
-9
2:-1
-13
3
52
-54
0
-5
11
3
-10
22
80
-49
-26
1231
-1260
-1
23
650
-663
59
-69
429
-421
39
220
-266
4
89
-85
-5
-6
45
-7
196
-219
1
-10
21
-2
-21
46
-45
18
-21
17
-4
-9
230
-233
6
150
-158
0
8
4
90
-97
1
19
-18
-5
14
-13
129
-108
38
-61
289
-288
3
-3
24
292
-162
-67
-46
-44
687
-634
47
-93
89
-26
176
-230
-11
2
-5
58
-50
-9
234
-228
6
-8
-4
160
-161
176
105
-253
-5
-23
6
-2
360
-190
-166
122920
-122902
5157
-5007
-140
-13
37
-57
22
-20
-4
121
-121
188
-107
-65
-12
73
-75
45
90
-138
142
-130
5
45
-57
-5
250
-229
11
-27
1398
-1299
-102
2
3
1
257
-264
67
99
-157
-10
38
30
-68
2901
-2885
68
237
-317
2
13910
-2418
-11471
-13
3
-17
54
45
-86
0
-6
3:-2
44
-5
695
-683
745
-789
99
55353
-55460
21
-17
23
366
-392
2
0
12
1
-3
509
-516
72
-34
-42
1709
-1360
-330
-21
39
-14
388
35160
-35550
4024
-4036
0
68
-58
14
2991
-3008
4636
-4620
273
-300
72
-77
4
93
-92
-4
3
5
1486
-1462
-26
50
4795
-4645
33
-240
0
-2
32
103
749
-659
229
938
-1302
-69
-17
0
10
-13
47
-43
11
64
-8
-64
143
-81
851
-768
227
-377
0
364
849
-1165
-44
-5
16
-15
5556
-5342
-190
86
4102
-4213
0
-2
22
-20
64
-49
-6
25
128
-152
-11
41881
-41856
-5
-9
60
339
-52
-318
8577
-8498
84
49
-251
0
4
745
11025
-11776
50
104
-148
42
-18
58
-77
2
219
-190
11
-19
-20
1937
-1910
-27
-11
6
2:-1
52
-4
-54
43
-30
-5
21
-20
74
-80
-1
2
1
12
-17
41
-22
-20
2
271
-230
0
-30
47
-51
40
44
-81
-6
17406
-17082
434
-762
19695
-19677
162
16805
-13411
-3572
139
1554
-1685
1184
-1155
62
45
-116
-31
4
378
-379
-4
222
739
-960
18
-19
0
37
-8
52
28
1088
-1196
135
17591
-17694
19
-50
-2
0
969
-934
-21
-7
6
0
-8
253
-234
-23
109
-107
41
1142
-1186
48
1117
-1070
1603
-540
-1145
134
-21
-105
303
-276
-47
91
-85
109
-106
-8
170
-40
-91
-9
-27
6
118
-53
-59
-21
-1
1
0
3
2:0
-1
-3
2:1
-1
1
-1
0
-1
1
0
1
-2
3
0
-2
0
1
0
2:-1
2
1
-2
0
2
1
-2
2
-4
2:1
2
-4
2
0
1
-2
-1
2
-2
1
0
4
-4
1
-1
0
-1
2:1
-2
2
-2
4
-1
-2
1
-1
0
1
2
-4
2
-1
1
2
-2
0
-2
2
-2
4
0
-4
1
4
-4
2
1
-3
1
2
-2
1
-3
2:1
-1
2
-2
0
1
3:0
1
-2
0
1
0
-1
1
-2
1
-1
4
-1
0
2:-1
3
-2
2:-1
4
-3
3
-3
3
2:-1
-2
4
-1
-2
0
-1
2:1
0
-1
3
-3
3
-3
0
3
-3
0
2
-3
2
-1
2
-3
1
0
-1
1
-1
1
2:0
3
-3
4
-3
-1
2
-3
1
0
3
-4
3
2:-1
0
1
-2
0
2
-1
2
-2
0
2
-3
1
-1
3
2:0
2
-1
0
-3
3
-3
-1
2
2:0
1
-2
-1
0
4
-3
0
2
-1
-2
3
-3
2
-2
0
4
-2
1
-3
0
1
0
3
0
-3
0
3
-4
0
4
-3
2
-3
3
-2
-1
1
2
1
-2
2
-1
-3
2
-1
1
-2
1
0
1
-1
1
-2
1
-1
0
2:1
-2
1
-1
1
-1
2
1
-2
0
-1
1
3
-3
0
1
-2
2
-2
2:1
-1
2
1
0
-3
-1
1
3
-4
4
-3
2
0
-3
4
-3
2
-3
2
-2
1
2:0
1
0
2
-3
0
-1
2:0
2
1
-2
1
-2
2
2:-1
4
-4
1
2
0
-2
3
-3
2
-2
1
0
-2
2:0
4
0
-4
1
0
1
2
-3
-1
4
-4
2
1
-2
0
3
-3
0
-1
4
-4
1
0
1
-2
3
-3
1
0
-1
2
-2
4
-1
0
-1
-2
1
2
1
-1
-2
4
-3
0
-2
1
0
-1
1
2:0
2
-2
0
1
3
-4
0
1
-1
1
0
94
-95
1
-1
0
10
-8
-2
15
-11
-4
0
3
9
-12
2
-2
1
-1
19
-19
2:0
2
8
-10
0
17
-17
0
5
-4
-1
6
1
-2
8
-13
2
0
-1
3
-4
1
23
-22
-2
1
0
-1
2
-2
1
-1
4:0
3
-3
4
-4
13
-13
2:0
5
-5
6
-6
22
-22
0
13
-13
3
2
-5
1
-1
5
2:-2
-1
0
3
-3
2
-2
4
0
-1
-3
3:0
31
-31
0
10
-10
1
-1
1
28
-28
4
-4
2
-3
4
-1
24
-25
3
-1
0
-2
0
19
-19
-2
31
-7
-22
-1
36
-37
7
-5
3
-2
9
-8
-2
1
-3
5
-4
-1
12
-9
-3
1
-1
26
-26
14
-2
-10
-1
0
1
-2
83
-83
5
1834
-1837
72
-55
-19
5
2
-7
0
2
1
2:-1
1
18
-19
1
9
-9
0
-2
5
2:0
-4
7
-8
1
33
-24
-6
-4
15
-15
1
3
-4
3
1
-4
11
9
-20
0
1
5
-6
39
-35
0
5
-8
-1
769
-629
-138
1
-3
2:0
7
-4
0
-2
2:0
2
-3
5
35
-40
28
-22
-1
445
-446
-4
4
-3
40
-39
-1
0
-1
4
-4
19
-18
23
-15
-9
152
-103
-40
-7
-1
1
26
726
-749
99
-103
-1
7
-1
3
153
-160
525
-526
73
-74
0
1
6
-7
6
-5
2
3
74
-79
0
1
144
-126
-3
-14
-3
1
3
14
-17
59
-22
150
-167
-19
-2
0
2
-2
5
-2
6
13
-18
-4
1
19
17
7
-20
-22
-2
33
23
-56
2
-2
1
-1
203
-194
6
19
-33
0
2
-2
3
-4
2
-2
0
14
-14
6
-5
233
-233
2
-2
22
-3
-20
7
453
-454
1
17
-23
1
2
1
351
-355
1
2
-2
6
11
-8
-10
8
-9
0
18
-14
2
250
-232
-20
0
-3
5
-2
14
-4
-14
7
-6
1
-2
3
5
-8
2:0
2
0
-2
4
2:-2
1
16
-14
8
-7
-3
2:0
10
-9
-2
21
-21
13
-13
249
-240
38
277
309
-633
18
89
-106
45
-42
4
-7
6
-6
3
-3
2:0
40
81
-120
1
-2
0
7
-4
39
-33
16
-25
95
570
-665
19
-20
1
-1
25
-17
-7
1
4
0
-4
7
-2
-7
16
-15
2
29
-32
4
25
-16
2
3
-18
3:0
31
-31
0
2
-1
5
-3
-2
49
-39
-9
8
-9
1
17
-19
1
-1
12:0
1
-1
9:0
30
-30
8:0
1
-1
3:0
2
-2
2:0
1
-1
0
2
-2
1
-1
4:0
1
-1
2:0
2
-2
2:0
1
-1
3:0
2:1
2:-1
1
-1
0
1
-1
12:0
1
0
-1
5:0
1
-1
0
1
-1
5:0
1
0
-1
0
1
-1
0
2
-2
2
2:-1
0
1
-1
0
1
-1
1
-1
5:0
1
-1
4:0
1
-1
2:0
1
-1
11:0
1
-1
7:0
1
-1
7:0
2
2:-1
0
1
0
-1
1
-1
8:0
3
0
-3
3:0
2:1
-2
1
-1
2:0
2
-2
0
2
-2
4:0
1
-1
3:0
4
-4
9:0
2
-2
0
2
-2
4:0
1
-1
2:1
-2
1
-1
11:0
1
-1
3:0
3
-2
-1
3:0
2
-2
2:0
1
-1
4:0
1
-1
3:0
1
0
-1
0
1
-1
1
-1
2:0
2
0
-2
1
-1
4:0
1
-1
3:0
1
-1
3:0
2
-2
5:0
1
0
3
-4
0
3
-3
4:0
2
-2
3:0
2
-2
2
-2
4:0
1
-1
6:0
1
-1
0
1
-1
2:0
1
-1
5:0
1
-1
0
1
-1
0
1
-1
0
1
-1
2:0
1
-1
3:0
1
0
end
