v1
1060
297
446
290
196
52
26
113
14
25
9
8
48
394
165
126
68
20
376
19
56
22
146
221
486
612
157
275
300
122
37
136
553
122
14
135
177
227
0
21
10
194
22
118
0
167
160
275
138
44
234
116
101
399
21
166
225
386
148
20
76
166
257
79
48
9
139
335
160
255
193
110
104
171
87
210
134
494
388
54
408
57
22
314
40
205
334
128
7
221
106
124
339
281
0
171
185
416
394
275
0
31
846
294
109
165
311
56
51
32
43
115
2
17
130
4
13
90
15
21
52
9
74
73
15
35
30
35
38
36
21
17
245
620
120
225
160
35
219
110
314
33
6
116
104
180
175
0
141
186
41
87
172
151
282
427
14
163
136
10
38
66
17
52
18
229
41
703
9
1
798
199
102
460
56
111
24
344
75
50
485
170
325
258
33
29
203
208
126
7
8
147
42
281
110
275
417
20
184
415
37
175
16
54
121
8
11
32
452
100
54
47
61
35
5
15
72
20
88
153
64
20
3
104
89
5
702
63
189
67
31426
5
22
9
43
161
33
53
44
154
19
76
120
36
8
22
1152
68
111
71
166
18
47
3310
2211
328
1553
5140
7580
3236
2650
16688
2988
3064
1385
2
8092
4665
2466
474
4669
1
16
2
121360
1
3543
1
7717
24
73
9417
32411
10
20
2
26
16
50
188
92
17
5
55694
2:9
18
57
6
12
17
82
63
27
24
1
6
5
2
83
672
32
16444
4654
3093
18188
2243
1062
665
436
532
2
3
4
18
29
2
49
37
54
8
32
37
1
2
1
43
47
4
5
0
1
30302
9786
192
26
64
9
167
69
31
725
1
352
25
17
202
277
9
23
34
18
41
103
47
66
292
350
25
50
13
6
17
0
38
14990
9
28
1990
9723
1
150
12
1
101
14
28
36
26
13
62
65
22
99
21
2:1
22
25
28
12
-488888
13
156
41
52
13
267
97
52
89
143
155
35
115
26
69
0
129
275
52
89
120
15
3
21
65
37
201
25
218
20
51
23
89
99
185
97
77
16
179
7
0
12
65
29
62
55
1
213
45
7
16
267
145
386
54
343
23
62
45
80
28
70
26
143
302
38
28
152
32
161
67
79
29
134
217
3
11
93
310
91
307
72
69
53
6
45
71
22
91
333
32
162
9
99
319
106
72
32
160
37
43
89
12
74
72
40
52
258
203
85
6
92
104
42
57
2
65
127
120
67
28
22
37
174
187
279
33
180
49
27
36
48
17
154
9
476
205
180
80
17
15
11
67
186
440
216
1
127
86
47
72
83
60
11
27
4
25
55
0
50
70
141
13
123
66
119
25
16
29
6
20
93
49
79
61
74
25
24
270
62
159
348
185
154
3
55
10
0
235
13
51
146
20
89
14
92
274
45
13
19
201
2
163
19
116
10
23
14
43
17
50
13
12
10
13
2
8
11
6
17
7
1
51
20
1
121
107
14
12
45
29
11
2:7
40
48
5
14
46
53
33
38
0
16
46
23
113
52
7
171
64
43
220
7
79
309
253
159
10
50
211
113
34
26
61
4
38
242
57
204
65
91
191
59
9
6
127
31
166
222
29
141
29
144
79
196
6
41
9
91
204
32
198
332
29
174
157
42
1
7
5
7
22
110
88
294
484
68
102
30
157
2
2:10
7
245
53
7
220
68
40
75
56
37
187
357
135
195
77
66
163
84
306
146
50
0
183
2:19
63
172
368
18
4
40
446
63
99
2
178
171
191
60
45
31
376
101
44
31
12
62
0
215
22
29
242
50
2
12
13
76
54
208
70
20
38
152
187
54
52
102
20
72
50
10
1
42
35
21
40
1
4
8
19
46
19
39
125
9
20
105
1
31
31418
40
30
126
13
15
61
7
60
32
0
23
157
16
12
1
1153
54
5
2
17
13
227
28
113
135
59
2960
2554
2858
1391
703
691
3503
8674
1893
2324
3214
2526
2463
3
790
830
5297
2182
1744
872
1274
1384
8074
11
2
5
16
2791
14
882
943
34
2434
2023
3140
1
16
1
2
4948
116405
11317
45
38185
2624
983
60
37
120
10
0
44
47
46
53
57
36035
18596
703
28
50
82
20
66
105
0
40
29
1
19
16
19
33
10
71
65
3
2
1
5
2
741
43
42
4
67
69
3445
4917
6780
19093
3251
5542
247
1637
552
1523
170
6
1
25
19
2:2
38
5
14
55
7
29
37
2
1
97
31850
8222
22
502
106
38
67
86
388
172
41
103
16
80
0
23
177
162
0
223
13
19
3
23
146
78
26
5
10
9
248
190
196
116
29
14828
83
57
11794
237
16
62
19
2:38
40
0
6
103
41
35
7
62
20
29
-487710
1616
2249
2426
4611
319
2411
149
348
1079
142
478
1321
520
1070
110
276
1138
1270
3314
1303
429
125
61
551
721
78
1015
622
1699
23
33012
529
1395
1
7810
64552
4066
127214
42046
114
124
55573
267
182
43663
4457
97
89
87
40376
1464
820
207
548
59
16996
9846
158
446
1424312400
399:0
1
599:0
1
59:0
20
130
-123
38
-15
366
-398
112
-111
-1
4
-3
20
8024
-7817
-169
244
-206
1118
990
-2164
-41
230
3458
-3640
-14
89
-76
-20
46
-68
65
-69
283
-217
-4
-48
1
-12
55
54
-103
55
0
-34
482
-396
-10
-101
120
-93
60
-43
395
128
-452
68
-113
39
-107
-7
21
53
32
1093
-1197
498
-476
38
-37
-7
-13
150
-145
140
-123
16
-41
82
-83
108
-111
571
-556
10
-11
83
218
-308
-2
36
-17
-8
0
31
-5
2358
-2137
22
-42
-206
-33
158
-131
-25
8
487
-459
400
-438
33
-26
-8
1
98
-90
10
80
-102
25
692
-618
244
434
-573
-104
45
-125
0
-20
9
422
-290
-25
-6
-44
-57
9
590
111503
-111993
4404
-4237
-267
17
31
1
13
-63
87
-103
143
8
49
-195
36
-34
315
-321
634
1694
-2162
-45
-33
-19
164
-203
-22
-10
62
-59
155
2334
-2411
147
-226
29670
-28064
-1439
549
-717
59
99
-132
-27
48
431
3058
-3518
110
22614
-22573
-88
607
-689
94
-2
419
-504
302
-264
-23
144
-148
2574
-2354
-198
-20
1199
53601
-54754
4833
-334
-4553
-6
156
-155
577
-551
2983
-3013
3801
-3793
-7
403
-322
-17
2516
-2583
102
5733
-5635
-100
-59
-32
-8
28
85
25
248
-381
289
1466
-1743
24
325
-350
-4
-11
429
-378
-22
167
612
512
-1251
89
-146
593
4961
1134
-6689
4
11
93
-109
92
-28
-47
-19
23
29
19752
-19812
-2
1
93
-90
425
-366
10853
-10899
-10
-6
6120
-6114
501
-498
4
0
41
11008
-10938
-116
97
74
-151
58
-63
2991
-3007
44
-3
16
-24
-41
318
-245
-69
4100
-4046
-1
-43
99
-45
860
-914
113
-102
76
-81
-14
8
258
-265
4081
-4086
1933
34690
-36474
-126
1436
-1426
13231
-5465
-7793
601
-599
253
-26
3044
-3263
12
7019
-6930
164
-227
-36
13
-4
173
1451
-1565
-69
5
-25
537
1278
-1799
269
7048
-7313
70
-90
1111
-1094
72
-88
7
27
-34
16
-2
54
145
169
-367
92
1250
-939
377
1781
-2540
-16
282
-294
536
-363
-130
47
-91
486
-170
-258
108
253
-426
488
-444
-36
-23
1
-2
0
-1
5
-4
0
-1
0
6
-5
1
13
-15
1
-1
0
2:1
-3
3
-1
10
-6
-3
-1
4
2
-4
3
-5
0
-1
11
-8
-3
2
-1
4
-4
-1
0
2
0
-1
3
1
-5
2
7
-8
1
0
2:-1
11
-1
-2
-3
3
-7
0
3
-2
12
-12
-2
2:1
-2
4
-4
2
6
-6
12
0
-9
-3
6
-5
-2
6
-8
1
9
-7
-2
9
-4
0
-6
4
-3
1
2
9
-6
-4
0
1
-3
3
11
-13
0
-1
0
7
-6
0
4
7
-3
0
-8
10
-6
-5
0
5
3
-8
3
-4
2:1
-1
1
5
1
-5
4
-2
-4
6
-5
-1
3
-3
3
-2
1
4
2
-1
3:-2
1
2:-1
6
-2
-3
0
3
-1
2
4
2:-4
10
-11
4
7
-11
9
-7
0
1
2:-2
1
2
7
-8
4
-3
3
2:1
-1
9
-11
0
1
-1
0
-4
2:0
6
-6
1
-1
2
11
-1
-12
1
-1
2
0
-1
0
12
-7
0
8
-5
-6
9
3
-7
2
-9
6
-2
1
-4
-1
5
-3
1
-3
-2
7
-4
-3
2
6
-8
5
-2
2:2
7
-3
-5
3
-3
0
9
-8
-4
12
-13
-1
1
-1
2:0
13
-9
-2
5
6
-12
3
-4
8
-3
-4
2:1
4
-5
0
13
-10
-4
12
-13
2:0
1
10
-8
-3
7
-7
3
-1
2
8
-9
3
-5
-1
10
-7
-3
5
-5
10
-9
0
11
-3
-6
-2
0
1
2
-3
1
0
-1
9
3
-12
14
2:-6
-3
5
-1
7
-10
6
0
-4
10
-13
4
-5
15
-12
-2
0
3
1
2:0
1
5
-5
3
-6
-2
2
0
-2
5
-2
-3
1
3
-3
-1
8
2
-9
-1
1
0
2
1
-2
6
1
-4
5
-6
-5
12
-8
9
0
-12
5
-5
1
12
-13
1
10
-4
-5
0
1
-2
0
1
-2
4
0
-3
-1
2
1
3
-5
2:0
6
-5
7
-2
-5
2
-4
6
-5
0
5
-5
2:-1
0
1
4
-2
2:-1
0
1
-1
2
3
-5
2
-1
2
-2
-1
0
6
0
-6
7
1
-6
9
1
-1
-5
-2
-4
4
2
-4
10
-8
-1
1
-4
3
4
-6
11
-11
5
-2
-3
3
2
-2
0
8
-8
2:1
-5
3
7
3
-14
9
1
-9
1
2
-3
1
-1
1
-2
2
-2
1
11
-3
3
-10
-1
14
-10
2:-2
-1
10
-8
8
-3
-7
3
-2
-1
8
-6
6
-2
1
6
-3
-7
3
-5
6
4
-8
-3
1
2
-2
-1
14
-13
13
-13
-1
9
-8
2
4
-6
0
7
-8
14
-13
4
1
-5
7
3
-10
12
-12
-1
4
1
4
-8
6
-7
2
-1
1
0
6
-8
12
-9
-1
7
-1
6
-11
2
0
-2
1
-2
6
7
-9
-6
15
-7
2:-1
-5
0
1
0
4
-6
5
-1
-4
0
15
-14
12
0
1
-9
1
6
-12
5
-3
-2
0
2
10
-13
59:0
2:3
-5
10
-7
-3
2
-1
1
-1
0
1
-2
161
-161
1
0
-1
17
18
-14
-19
-1
20
-7
-12
-2
7
-7
0
1
4
-5
2
3
-1
2:0
-4
5
3
-4
2:0
4
-5
-1
4
-6
2:0
6
-4
-1
5
6
-9
4
-1
-5
1
5
-3
-1
-3
1
4
-5
2
1
2
-5
19
-19
0
2:9
-17
11
-8
2:-2
0
1
-1
5
-3
6
-7
-1
5
-2
4
0
-6
1
25
26
-36
0
-16
1
82
-80
-4
2:6
-7
52
-49
8
-9
-6
2
9
-12
0
36
-36
1
51
-44
-8
1
23
-14
2
-9
-3
2
8
6
-6
-5
4
-6
0
1
60
1809
-1870
85
-46
-40
8
6
-1
-10
0
-5
1
31
-27
15
-16
4
-8
18
-16
118
-115
-2
-3
8
3
-4
-5
0
-2
26
-22
18
34
-47
2:-3
822
-761
-53
-11
1
0
10
-8
2
3
34
-1
-30
-6
273
-275
2
50
-55
5
0
16
-20
51
-44
-8
12
-11
120
-39
-74
-7
53
726
-757
168
-186
-5
0
9
-7
25
-17
134
-142
592
-591
2
122
-119
2
133
-143
6
180
-167
-13
-2
2:-1
1
19
-20
90
-84
33
179
-213
6
-7
-2
9
-6
33
-32
-5
2
38
5
-24
3
-27
55
9
299
-361
0
14
30
-46
6
11
-17
14
-9
-1
193
-180
-17
5
27
-31
-1
17
955
-971
2:0
19
-18
30
-31
-1
9
-2
387
-380
-5
-9
6
4
-2
7
450
-464
34
-26
4
-2
-11
20
-18
2
6
-10
2
4
12
-13
13
-14
22
-18
12
-20
2
-1
7
-5
16
-14
31
339
-373
6
103
-111
821
256
-1075
5
-4
15
0
380
-392
-6
55
-47
9
-17
10
-6
0
46
254
-282
-18
34
-29
20
19
-48
90
278
-366
24
-21
7
-10
2
-4
9
1
-8
10
1
-4
-6
51
-51
4
19
7
-11
41
-59
-3
26
-26
10
-6
8
5
-16
95
-76
-20
12
-9
-2
44
-42
0
-4
29:0
1
-1
8:0
29
-2
-27
1
-1
0
2:1
-2
0
1
-1
4:0
2
2:-1
0
4
-4
7:0
1
-1
1
-1
5:0
2
-2
3:0
1
-1
0
2
-2
3:0
2
-2
4:0
2
-1
0
-1
3:0
2
-2
2
-2
0
3
-2
-1
0
1
-1
1
-1
2
-2
2:0
1
0
-1
0
1
0
-1
0
1
0
1
-2
0
2
-2
0
1
-1
4:0
1
-1
0
2
-2
10:0
2
0
-2
2:0
2
-2
0
1
-1
1
-1
0
1
-1
5:0
2
-2
3
-3
0
3
-3
2
2:-1
11:0
3
-3
6:0
4
-4
0
3
-1
-2
0
1
3:0
3
-3
1
-1
0
2
-3
7:0
1
-1
2:0
2:1
2:-1
2:1
2:0
3
-5
1
0
-1
3:0
1
-1
0
3
-2
-1
3
-3
7:0
4
-3
-1
6
-6
0
4
-4
3:0
1
0
-1
1
-1
1
-1
1
0
1
2:-1
0
1
-1
3:0
2
-2
2:0
1
-1
3
-3
3:0
1
-1
2:0
5
-4
1
0
-2
3:0
2
-2
2:0
1
2
-2
0
-1
1
0
-1
2
-2
4:0
5
-5
4
-4
1
-1
3:0
1
-1
1
-1
1
-1
2
-2
1
-1
5:0
1
0
2
-1
-2
1
-1
7:0
10
-10
0
2
2:-1
0
1
-1
1
-1
0
1
-1
8:0
3
-2
3
-4
0
3
-3
9:0
1
0
-1
8:0
1
-1
3:0
1
-1
4:0
4
-3
-1
3:0
2
-2
0
2
0
1
-2
-1
4
-3
-1
4
-4
3
4
-7
2:0
3
-2
3:0
-1
1
0
-1
2
-2
1
-1
2:0
1
-1
0
1
-1
3:0
1
0
-1
2
-2
0
3
-3
0
2
-2
2:0
2
0
-2
1
-1
3:0
3
-3
0
10
-6
-2
2:-1
6
-1
-4
-1
0
1
-1
2:0
1
2
-3
1
-1
2:0
1
0
-1
3:1
-3
0
5
-5
6:0
3
-3
3
-3
3:0
2
0
-2
3
-2
1
-2
0
3
2:0
-2
-1
5:0
2
-2
0
6
-6
1
-1
6:0
2
2:-1
2:0
2
0
6
-8
1
2:0
-1
1
2:0
-1
0
1
-1
24:0
1
-1
12:0
2
-2
19:0
end
