v1
682
55
51
211
201
225
76
441
21
139
14
34
398
98
42
77
138
104
0
201
109
57
56
0
7
4
11
28
434
47
15
0
118
39
7
62
103
59
269
154
130
147
22
27
338
46
152
295
26
72
132
34
278
11
271
22
12
67
334
194
22
285
160
109
232
5
67
294
116
49
14
22
54
183
108
217
2
22
18
207
277
109
410
202
55
127
9
170
62
85
98
59
31
113
2
46
11
8
97
76
31
143
50
16
15
79
104
151
20
52
56
151
172
16
185
249
44
363
25
54
259
80
69
57
404
253
325
61
7
104
135
0
212
244
95
94
187
2
0
19
150
139
46
216
200
30
88
153
123
106
169
591
286
294
585
26
1
29
45
6
32
18
25
12
7
19
23
7
1
46
2
3
144
4
118
64
9
4
5
12
62
19
26
2:14
21
11
16
2
11
24
30
38
19
55
203
42
85
118
106
130
8
2
151
20
120
225
195
219
110
98
206
10
39
116
104
180
54
121
7
134
0
85
27
202
111
27
34
146
5
68
29
185
410
31
110
30
159
48
83
55
15
86
143
41
309
114
43
42
20
161
14
50
289
469
97
2:102
53
18
12
10
312
43
12
50
6
111
24
344
75
50
325
330
143
440
33
176
94
42
90
38
57
0
69
7
8
147
42
281
110
334
113
245
102
100
2
255
149
8
40
49
102
24
70
121
8
11
32
46
0
20
35
313
38
100
54
35
12
59
2
35
54
146
130
23
59
5
20
3
109
89
9
129
96
335
1
19
113
63
113
0
42
34
92
31406
22
9
12
31
39
122
86
44
85
88
76
1
7
13
1
98
36
8
22
1042
25
13
72
68
111
71
46
59
61
16
2
26
21
3310
2211
328
1553
3764
1376
2464
0
1768
6584
2650
1553
3213
4606
1176
6127
13
1755
0
1233
4449
2
4
8078
7
2
1
883
1942
882
943
15
2453
4
9
983
4161
7
11
1433
3523
116404
1
3543
1
7716
25
26
47
4
9413
18301
10471
3607
0
42
18
2:2
42
39
66
16
44
73
20
94
87
54560
731
50
35
47
27
157
9
45
10
29
6
12
17
145
2
25
10
0
2
1
10
8
5
2
726
29
14
6
170
4
2
3445
12835
4654
0
3093
10208
3251
4729
2243
1006
56
665
0
436
532
2
3
4
2
5
11
27
1
0
3
49
9
28
54
8
32
9
0
28
3
1
35
46
2:9
1
30302
9978
26
64
9
167
0
15
54
37
120
599
1
46
41
222
43
42
92
110
24
25
136
90
2
9
21
36
18
41
61
42
47
5
4
33
9
6
9
19
186
87
331
44
50
13
6
17
15
23
8
14937
15
30
9
11740
2:1
150
12
116
28
7
23
6
28
73
5
41
19
22
61
36
2
0
22
23
25
28
0
24
-488755
117
1116
490
8
306
1884
267
1600
28
1332
428
17
50
892
757
330
704
1036
401
410
9
789
403
409
292
543
1275
407
1152
764
455
282
368
152
198
2862
4554
103
434
746
1126
551
304
101
345
1099
623
622
109
170
74
154
190
186
31823
1384
551
25
80
35757
1620
11362
21753
5505
169260
36278
19958
16116
10063
21952
32
78
89
119
25
40737
2467
56
15176
12010
92
1424429400
599:0
1
81:0
5
31
-27
13
-19
2
-1
0
-2
32
-24
7
-14
2
3297
-3297
-3
0
33
-33
220
-125
3
-91
-3
19
56
-77
-1
6
-1
10
-16
-1
5
2246
-2247
0
-4
146
-136
-10
0
65
-46
89
-40
-67
367
-351
-14
-3
0
434
-430
-4
6
65
-71
16
-4
390
-401
-1
5
4
-6
-3
2
-2
13
-8
-5
12
-8
-2
32
-29
261
-266
1
7
-2
20
-20
22
-24
2
-3
197
652
-852
15
-14
-1
1
-1
1
-1
3
-2
5
3
-7
170
-172
0
152
-151
17
-18
27
-24
-2
-1
9
63
-72
206
-191
196
-207
23
-26
-1
0
11
16
-25
0
-2
8
-7
76
-65
-11
6
1
-8
6
52
-58
0
20
-20
0
1
179
-177
77
-80
85
-63
-21
4
8
-9
5
19
10
-23
-8
-7
6
4
2
-12
0
1
-1
3
0
62
-20
-14
-18
-12
270
-224
13
-60
8
-6
-2
6
-4
-2
26
-24
4
200
-202
0
10
-12
258
-257
-1
0
-2
201
-197
-4
86
66
-135
-15
0
270
-267
6
50989
-46956
-3968
-76
9
31
-7
-31
18
-1
-16
-3
231
-230
24
-12
-9
2:-2
1
24
-20
4
-5
-4
64
236
-293
8
-1
-14
30
644
-671
2:1
-1
10
-11
27
-26
-3
65
-66
2
159
-88
789
-861
12
-11
-2
1849
-1844
8
181
-194
4604
-584
-4008
-12
8
-7
83
-83
-1
0
6
-4
720
-715
2
368
-361
84
22858
-22958
3
443
-442
-2
2:0
-2
334
-326
-8
0
91
-91
1
24
-12
-6
412
-361
-29
-28
0
11
-10
-2
13
102
17499
-17612
2:0
1567
-1556
102
-51
-56
-6
11
1946
-1944
1307
-1266
31
-78
-7
-2
1
0
1
7
13
-22
2:1
1000
-1001
4414
-4325
-11
-74
15
21
-23
-11
111
-113
192
-196
-1
1
0
2
138
372
-506
75
-75
-6
2
6
0
158
-155
-12
2
19
-21
38
-38
31
98
-82
384
-326
-93
224
-236
1
-1
1591
-966
-603
43
-64
16
-12
1584
-1587
-2
108
-92
61
18
-93
2
3
-2
-3
121
-119
1
6517
-6515
-7
10
-8
2
-4
43299
-43295
0
99
-101
3
61
-66
296
-296
29
-28
2207
-2204
-4
8
-2
55
-26
-32
26
545
-574
170
-162
-7
11
-12
6027
-5978
-32
-15
-1
6
-3
11
10
-25
2:0
28
124
-139
747
-747
-12
20
-14
-1
-6
2
-2
12136
-12127
204
-208
36
-40
8
11
-20
0
1
98
-80
1
-13
-7
1
14
120
-135
9
11
-3
-14
14
10
933
-957
-2
81
8
-87
-2
0
8322
-8318
9
651
7899
-8554
5
-9
2
142
4156
-2695
-1604
-7
49
59
178
-284
169
-157
95
-60
-26
-5
-7
-11
93
-69
83
228
-333
-1
0
6
30
-35
1
325
-328
9
-7
36
548
-580
121
4075
-4182
-20
53
-53
2
1
5
-3
12
323
-333
-4
14
-17
1
2:3
13
17
-32
25
-28
3
0
14
204
-217
172
-101
705
434
-1078
-118
-15
-5
95
-86
20
-21
-7
4
42
-43
-4
24
-5
-17
48
-14
-28
-1
8
-16
21:0
1
-1
34:0
1
-1
18:0
1
-1
2:0
2:1
-1
0
1
-1
0
2
-2
0
1
-1
2:0
71
-71
4:0
7
-4
0
-3
0
7
-7
6:0
11
-11
8
-8
2:0
14
-13
-1
2:0
1
6
-7
0
8
-8
1
-1
0
4
-4
0
2
0
-2
2:1
-2
3:0
2
-2
3:0
1
0
-1
3:0
2
-2
13
-12
-1
2:0
2
2:-1
4:0
1
-1
9:0
1
-1
0
5
-5
0
8
-8
2:0
4
-3
-1
4:0
7
-7
4
-3
-1
4:0
1
-1
4:0
3
-3
0
1
0
-1
8:0
20
-20
7
-7
0
21
-18
-3
1
0
-1
3
8
-11
1
-1
0
1
2
-3
0
6
-5
-1
0
15
-8
-6
1
-2
24
-24
3
-3
2:1
-2
3:0
4
-4
0
6
-5
1
2:-1
14
-13
-1
2:0
20
-20
0
3
2
-3
2:-1
36
-35
6
1043
-988
-55
-7
0
1
2
-3
2:0
2
-2
1
0
-1
6
-5
-1
2:0
4
-3
-1
2:0
5
11
-16
0
8
-8
5
9
-14
3:0
1
-1
3
-1
-2
10
-10
0
14
-14
1
-1
4
-4
0
32
-30
3
-2
-3
351
-279
-70
-1
1
-1
3
-4
2:0
1
0
35
-35
1
23
-23
1
262
-265
4
9
-13
0
1
0
-1
10
-7
-3
0
17
-17
0
3
-3
1
47
-6
-35
-7
5:0
12
377
-389
1
0
58
-59
1
6
-7
2
3
100
-102
271
-274
31
-31
3:0
4
-4
2
3
-5
0
1
50
-51
76
-65
-6
-5
6
-6
2
-2
9
-9
36
-34
-2
1
-1
1
26
85
-112
11
-11
2:0
4
-3
4
-3
-2
0
10
-10
3
-3
1
-1
9
11
5
-25
8
-7
0
-1
21
11
-32
2
-2
2:0
95
-95
0
8
0
12
-20
0
3
0
-3
0
2
-2
1
7
-8
0
2
-2
2:0
152
-151
0
13
-14
0
12
-12
2:0
4
-4
279
-279
3:0
2:1
-2
6
4
-10
3:0
1
-1
247
-247
2:0
1
-1
0
8
-4
-3
-1
0
6
0
-4
119
-118
-3
1
2:0
-1
2
-1
346
-346
0
-1
3
-3
2
-2
0
1
0
3
2
0
-5
-1
0
1
11
-12
2:2
0
-4
3
-2
1
-2
2:0
10
-10
2:0
12
-12
1
11
127
-138
6
-6
0
31
147
114
-293
0
1
8
33
-42
15
-13
10
-11
2:0
-1
3
-3
1
15
44
-60
0
1
0
24
-24
1
2:-1
2:0
4
9
-12
35
282
-317
-1
8
-5
-2
-1
3:0
21
-18
-3
2
-2
1
4
-5
1
3
-4
5
-5
2
-2
2
27
-25
9
-4
0
2
5
-16
3:0
3
5
-8
0
1
23
-24
0
6
-1
-4
5
4
-8
0
-2
25:0
1
-1
9:0
1
-1
1
-1
16:0
1
-1
2:0
1
-1
0
1
-1
6:0
2
-2
5:0
1
-1
2:0
end
