v1
895
248
1228
607
79
530
56
50
614
211
612
147
978
827
569
786
123
1011
225
277
519
257
368
497
613
444
112
90
404
442
339
69
57
873
42
1012
1266
94
275
1895
81
30
183
117
91
9
114
83
65
112
245
439
8
518
524
314
39
454
262
186
446
697
17
14
337
10
83
70
229
41
703
1000
109
460
167
181
187
75
50
991
456
83
53
128
126
121
41
323
110
447
1275
43
552
54
47
61
388
64
20
3
198
9
693
252
31498
14
307
44
173
196
36
8
954
399
71
61
123
3357
2539
1553
5140
10816
2650
6462
10226
2988
436
4013
10
11791
958
2456
5172
1450
119910
11286
73
9417
32305
138
42
347
5
55463
240
84
6
29
185
11
7
5
33
724
32
16444
2358
5389
18188
3305
1633
2
56
58
28
54
80
1
100
40280
266
825
1
87
209
56
25
354
151
57
18
248
9
19
186
87
438
61
14999
8
11733
1
150
12
116
64
26
306
25
21
7
-488913
50
152
26
213
59
34
494
8
14
174
31
21
139
14
112
52
220
92
5
49
133
37
137
6
0
187
43
3
105
58
13
23
2
4
40
15
486
75
120
7
12
481
154
96
29
134
308
10
114
19
152
123
7
61
130
118
54
32
190
41
363
22
12
143
106
41
5
106
194
22
244
41
12
7
60
81
109
52
185
0
13
36
18
94
141
43
61
150
6
28
197
174
21
135
7
75
7
30
379
21
86
32
153
44
32
100
7
130
61
82
142
48
38
90
20
22
156
51
106
192
24
166
33
193
79
31
255
12
8
297
150
2
43
92
219
22
0
48
8
104
101
51
21
335
21
184
72
466
151
17
85
152
241
37
7
79
112
186
30
339
54
40
144
16
27
2
5
66
48
189
46
28
16
97
44
92
40
15
79
5
118
0
71
9
130
172
185
157
392
70
29
41
31
141
49
5
240
281
116
7
181
4
22
14
11
5
9
36
2:6
7
44
10
7
1
4
31
26
8
46
2
3
21
127
13
90
15
64
13
35
2
30
4
8
45
14
17
149
1
0
3
16
38
62
28
54
192
11
296
45
12
11
76
95
120
203
156
26
11
24
86
10
245
16
70
206
43
122
104
30
12
68
70
66
109
35
191
142
59
166
31
3
1
36
114
97
170
15
129
27
233
41
184
126
10
5
31
67
1
87
21
102
308
45
103
148
20
31
1
7
12
170
14
36
5
267
22
373
96
15
184
113
60
12
186
136
111
66
3
40
25
1
42
38
170
5
348
81
245
195
77
66
96
67
8
11
29
114
5
110
12
21
29
9
42
109
12
25
6
38
6
89
37
34
23
38
61
10
5
8
20
167
2
156
86
164
319
275
83
20
82
100
2
60
4
191
157
3
37
175
15
2:1
174
19
106
6
32
14
12
79
73
0
73
51
36
2
126
14
63
1
50
24
111
20
52
36
192
20
38
24
70
77
12
39
117
106
194
119
40
32
21
19
65
18
53
78
24
111
14
1
31401
6
21
9
43
95
66
33
55
1
11
60
7
48
126
38
21
107
58
12
974
57
7
30
72
68
141
87
120
15
2:25
9
5512
709
4245
691
3840
2792
2324
7439
3213
4992
790
830
1211
3663
423
1341
844
1741
1304
2222
4
10
8046
29
2
2826
1825
22
12
2438
9
983
4160
1
6
1
9
2:4
2
1412
6
27
3503
531
102547
13327
3544
1735
6032
38236
3513
133
3
18
25
5
7
9
39
11
29
32
14
19
21
61
12
13
7
16
37
19
4
11033
44363
93
39
184
7
3
26
18
10
24
8
15
1
52
34
75
2
10
3
12
10
2
3
2
4
2:2
13
47
36
643
43
6
124
50
2
3445
4382
12535
572
8150
5151
3251
5542
247
1183
873
143
711
972
1
6
5
1
10
9
61
5
35
34
22
13
1
31
37
15
32
25
22
9
30303
1513
8491
64
9
70
166
65
25
67
12
462
172
240
23
70
15
92
110
275
2
11
19
3
15
99
81
38
9
13
18
5
43
256
139
186
29
19
70
5
19
17
15
14828
83
57
45
37
1977
13
9722
165
101
42
7
19
1
3
32
2
11
4
3
40
15
28
37
22
61
38
2:11
1
75
12
1424530800
199:0
1
694:0
197
775
7702
-8650
431
210
-411
-225
2432
-2272
-162
159
-164
14
-10
5
2
1013
-1006
-17
-4
763
-752
226
-232
-1
-2
6
486
-239
-254
253
-239
-4
-6
1369
-1036
-325
409
-420
-1
4
-4
-1
603
-597
243
-74
49
-52
-171
235
-226
521
110273
-101425
-9373
9
8
-8
-11
22
-24
31
195
680
-872
-27
1069
-1061
13
160
2945
-2709
-420
21674
-14988
-6680
5
-8
2651
-2659
1058
-550
-499
62628
-62466
445
-615
3639
-3621
435
27461
-27914
4223
-4214
3334
-3340
5553
-5310
-232
-16
1906
4928
-6824
5
535
-254
612
220
-1126
3
4
-1
-3
204
85
2832
-2589
-171
336
503
-1178
2291
-1837
555
-1018
4
-3
231
-237
25959
-25966
16
263
-262
6007
-6016
354
-197
657
10631
-11440
-18
31
297
540
1034
-1876
6948
-6658
-291
-13
8
-14
-2
6
12
2
-13
6
9159
-9152
1075
11120
-2173
-5689
-3578
357
-1102
230
284
-546
22
-4
15
-32
1266
-916
7209
-7377
539
-723
7
3
-4
471
-18
-454
899
-185
418
-824
-133
-171
25
-17
684
-516
-150
-55
1
3
-5
2:0
3
4
2:-2
1
0
8
-2
-6
-1
75
-76
2:-1
10
-9
3
-2
7
0
-5
13
-16
8
-7
0
1
-2
1
4
72
-68
-9
5
0
-3
9
-9
8
-8
8
-10
4
-5
2
157
-155
-2
3
2:-1
-3
4
-3
-1
142
-142
7
-4
-3
0
1
140
-128
135
-146
14
-15
-1
0
5
7
-11
1
2:0
1
8
-9
-1
0
-1
3
2:-1
3
6
5
-7
-8
0
77
-74
-2
-1
18
-2
154
-161
1
-10
6
-1
-5
12
-10
-1
2:1
0
-1
5
-5
2:0
4
-1
51
-46
-6
59
-59
-4
153
-146
0
7
-11
-3
0
5
0
-4
2:0
1
-2
3
0
1
-3
4
-5
8
4
2:-5
1
0
74
-74
-2
0
3
60
-62
1
-1
1
5
-6
7
-9
8
-8
2:3
-4
-2
1
-1
1
3
-4
153
-151
2:0
3
-5
6
8
-10
0
-4
2
-1
1
6
-6
-1
115
-114
0
2
73
-77
2
-2
5
-3
-2
12
-6
3
-9
57
-42
-11
117
-118
-3
7
0
2
-8
2
6
166
-171
5
66
-68
-6
2
-2
2
153
2:-76
54
-57
-1
5
0
-4
11
-11
1
0
2
2:0
-4
5
-4
1
4
148
-87
-66
1
2
-4
2
-1
2
0
-2
15
-12
6
117
-125
-2
10
-10
12
-8
108
-111
12
84
-85
-12
12
147
-158
-1
0
5
-1
61
-62
2:-1
2
-2
143
-142
2
87
-91
10
48
-54
-3
9
2:-5
2
-1
0
1
6
-7
4
-2
-3
1
-1
2:3
108
-113
2:0
12
-10
1
2:2
-6
-2
10
-9
1
11
-12
5
-5
-1
15
-14
9
-3
-1
-4
2:-1
3
-3
2
-2
91
-86
7
0
-11
5
-6
1
0
2
3
2:1
-8
2:2
7
-11
0
14
105
-119
5
-3
1
-3
2
-1
5
-4
7
77
-82
118
-121
-1
5
7
59
76
-44
-91
-12
7
10
130
-146
9
-9
-1
8
-6
0
-1
125
-121
-4
8
-9
6
-2
-3
1
86
-79
2
-11
78
-77
4
-3
2:1
-4
16
-16
0
6
-3
-1
1
2
2:1
0
10
-17
1
7
1
-6
-1
70
-67
146
-46
-102
-1
86
-83
1
-2
1
2:-1
140
-133
3
-11
2
141
-145
2
8
-6
160
-25
-34
-104
0
63
-58
-5
65
-66
63
-58
-3
147
-144
0
-4
-1
11
3
56
-70
1
6
-5
-1
1
-2
1
84
-16
-64
-5
1
6
132
-124
-13
123
-124
118
-117
9
-10
0
8
-9
2
1
-2
0
6
-4
0
56
-56
-2
132
-132
2
0
-3
1
146
-145
-2
4
7
167
-178
2
1
-3
15
-11
0
-1
58
-61
3
1
4
1
-9
1
7
-1
0
101
-102
-5
63
-61
0
-2
0
12
-11
2:8
97
28
-140
4
8
-12
11
-2
-8
5
1
105
-10
-104
17
-13
-3
14
-16
6
-4
13
-13
2
91
-86
2
-10
2
0
166
-161
-7
134
-19
-115
59
-54
-6
171
-171
6
-3
3:-1
3
-1
11
121
-134
2:1
8
117
-113
-13
14
4
71
-87
58
-58
9
-9
2
9
2
-8
9
-16
111
-110
14
-12
110
-113
2
-2
0
2
82
-85
7
0
-7
1
2
0
89
-92
2
1
5
9
53
-60
2:-2
-5
0
8
82
-90
162
-150
4
-15
62
-63
7
-6
2
56
-43
-7
-9
0
1
68
-70
5
147
-151
149
-145
63
58
-70
-45
1
2
143
-144
14
-1
-12
-2
2:13
-25
15
-13
-3
0
2
-2
30
-30
3
2:0
1
-4
0
5
-4
2
22
-14
-9
5
-6
5
-6
0
38
-35
43
-39
-4
1
-4
2
39
-39
10
2
-6
9
-12
40
-44
68
1708
-1686
-88
-3
3
-2
6
-5
4
-6
48
-47
22
-16
7
-12
-2
17
32
-34
-13
836
-665
-172
-1
3
-1
0
39
-10
-31
423
-411
33
-41
142
-141
28
786
-815
89
-88
155
-157
580
-502
-78
4
102
46
-155
3
17
48
-19
152
-195
-3
1
0
-4
12
-5
32
7
-16
9
17
-56
174
-164
-2
8
-16
2:4
-7
225
-225
31
-32
3
460
-463
16
7
-15
331
-335
5
4
-6
230
-232
8
351
-358
-6
2
-2
4
-4
5
-3
3
0
-5
12
-12
18
198
81
331
-512
-81
-31
30
97
-129
-2
9
-8
0
22
69
539
-628
19
-8
-12
2
-2
18
35
-55
18
4
6
-13
4
-18
4
0
14
-19
2
-2
8:0
1
-1
1
2
-1
-2
0
2
-2
2:0
3
-3
4:0
1
-1
5:0
1
-1
1
24
-25
2:0
39
-39
1
-1
1
-1
5:0
10
-10
2:0
1
-1
4:0
5
-5
3
-3
1
-1
1
5
2:-3
3
-1
-2
2:0
1
-1
5:0
4
-4
4:0
1
-1
0
2
1
-1
-2
5:0
1
-1
14:0
2
-2
4:0
1
0
-1
5
-5
0
14
-13
-1
4:0
1
0
-1
8:0
1
-1
7:0
1
-1
1
-1
4
-4
1
-1
0
4
-4
2:0
1
-1
1
-1
7:0
6
-6
3:0
1
-1
1
2:0
-1
3:0
1
-1
0
48
-48
0
1
4
-5
3:0
3
-3
2
2:-1
0
2
-2
0
8
-8
2:0
2:4
-7
-1
4
19
-23
1
19
-20
5:0
5
-3
2
-3
-1
1
2:0
1
2:-1
0
1
-1
1
-1
3:0
3
16
-13
-6
5:0
1
-1
0
1
2:0
18
-19
0
1
-1
4
-4
13
-13
3
-3
5
-5
1
22
-23
2:0
1
-1
6
-5
2
-3
1
-1
6
-6
3:0
3
21
-24
6:0
1
-1
0
1
-1
6:0
21
-21
2:0
5
-4
-1
0
5
-5
0
1
-1
3:0
1
-1
3:0
1
0
1
-2
1
-1
2
2:-1
0
5
-5
2
1
-3
4:0
2
2:-1
3:0
2
0
-2
0
12
-11
-1
4
-3
-1
3:0
1
0
2
0
-2
13
-14
0
3
-2
0
28
-19
-10
2:0
2
61
-63
8:0
2
-2
1
-1
2
-2
3:0
2
2:-1
12
-12
5
-5
0
1
-1
3
-3
0
5
-5
5
-4
7
-7
0
-1
4
-4
0
1
-1
0
1
0
-1
16
-6
-9
0
4
-5
5:0
3
-3
6
-6
1
12
-12
0
-1
2:0
13
-12
-1
2
29
-31
0
3
-3
22
-22
1
5
-4
-1
0
-1
6
-3
-1
-2
0
2
-2
3:0
1
38
-36
-2
-1
2
4
-4
2:-1
1
-1
10
-9
6
-7
0
3
-3
2:0
1
-1
2:0
1
-1
2:0
31
-31
3:0
1
5
-5
-1
0
3
20
-23
3:0
3
-3
2
-2
1
-1
2:0
3
1
-4
0
1
-1
2
8
-9
-1
1
3
-4
2:0
12
-12
1
-1
17
-17
2:0
2
1
-2
2
-3
0
1
10
-10
-1
2
3
-5
3
-3
0
1
3
-4
0
11
-10
1
-2
0
2
20
-21
-1
9
-9
4:0
13
-11
-2
5:0
1
5
29
-34
3:0
11
-10
-2
2:3
-4
-2
4
-4
1
2:0
2
0
-2
1
-2
48
-47
3
-4
5
-5
1
-1
2:0
25
-25
3
-3
8:0
2
4
5
-3
-7
1
-2
1
-1
2
-2
3
2:-1
0
1
-1
0
-1
0
2:6
-12
3:0
13
-13
2
55
-57
10
-10
7
-6
1
-2
end
