v1
918
663
80
557
400
118
265
381
171
57
56
22
853
1737
275
169
459
452
307
573
473
22
399
412
290
763
821
120
277
385
292
57
1018
339
502
674
239
127
424
402
1336
861
980
63
22
455
9
1
125
174
74
82
656
124
3
345
524
314
39
575
1060
427
313
48
153
229
41
753
841
218
83
10
367
167
24
344
75
50
655
170
413
292
53
128
126
162
419
14
712
184
826
11
32
363
189
54
47
61
235
153
64
23
198
702
209
43
31498
22
428
88
232
1182
68
182
6080
6693
10816
2650
4766
5782
6140
2988
4449
12759
2450
6
10
983
3
4176
5
121356
3544
7741
9490
32443
300
89
5
55537
157
93
6
29
145
58
5
757
20
16456
4654
3093
21304
189
665
973
111
28
31
23
2:40
1
43
56
1
30302
9978
26
466
599
1
224
128
25
505
57
18
41
216
19
186
87
350
75
13
6
71
14983
11740
2:1
105
45
12
116
64
129
158
22
48
-488835
132
318
79
471
174
31
21
115
24
14
34
8
18
104
56
6
45
116
94
49
198
62
98
351
82
43
48
51
19
77
17
321
120
7
224
3
278
126
11
135
157
302
25
81
15
14
138
159
242
38
60
216
133
11
73
136
51
22
109
198
75
21
10
7
96
52
80
293
54
92
37
59
237
137
24
141
43
61
71
237
73
168
27
135
31
46
12
121
323
14
58
37
148
20
24
43
9
14
152
112
28
196
57
29
7
281
64
138
101
46
11
52
160
267
36
139
116
72
270
71
38
18
99
377
149
11
23
50
155
135
45
21
135
24
102
57
366
55
151
85
6
210
42
128
46
65
39
78
200
30
12
8
103
91
30
189
187
2
5
21
542
195
7
118
16
71
66
27
2
369
109
64
34
21
164
121
149
55
151
53
250
24
110
147
52
187
65
4
22
1
29
23
5
23
19
13
12
28
3
12
7
8
11
6
24
1
46
2
24
110
13
4
103
15
77
67
12
22
37
14
4
46
30
35
3
38
16
11
27
6
138
14
104
74
11
91
43
219
8
1
2
76
7
208
206
153
61
86
10
123
138
48
22
206
22
21
1
121
104
180
54
262
85
101
41
59
31
43
123
3
146
73
29
589
6
31
85
25
204
116
114
361
26
262
38
47
8
5
7
175
317
224
267
199
173
198
136
105
6
109
68
40
168
93
341
517
176
9
63
12
251
28
29
51
96
56
6
38
89
37
57
2:19
76
8
106
52
29
140
137
6
316
128
113
200
2
30
347
125
105
52
3
37
175
70
121
94
3
40
24
107
197
289
3
6
8
29
20
40
32
20
16
13
9
50
212
25
107
89
14
142
175
33
2:20
102
53
2
13
1
72
21
19
11
6
66
16
37
2
43
57
126
31401
11
25
12
31
161
4
29
53
44
62
187
1
7
112
15
29
22
9
923
54
57
37
223
28
179
9
21
22
6
18
47
9
2960
341
2211
1881
17846
10518
1620
9223
2139
1387
14
8075
2
2812
14
882
943
34
7590
1
7
9
8
1427
17
3
106808
13099
3544
7717
98
4
38185
3639
10
18
2:15
7
9
69
13
156
73
19
38
54631
731
50
35
47
74
12
105
2
45
57
82
17
90
10
2
1
2
6
2
2:1
6
24
66
643
61
95
67
5
3442
9355
16284
5151
2004
1247
4729
1016
1227
961
1568
166
2
9
5
11
27
0
2:1
2
39
5
77
1
23
3
154
9
4
31821
7115
1158
66
216
176
69
31
43
95
22
440
172
263
70
15
202
9
15
25
2
226
30
26
172
47
31
15
18
270
412
73
15
23
17
14788
140
10
5
30
37
1977
13
10020
3
2:7
19
4
32
2
11
62
5
6
24
30
22
61
7
42
12
22
51
2
12
7
5
-488765
1062
191
50
430
136
51
706
435
174
67
1188
519
46
228
346
540
635
75
44
66
291
653
34
57
526
884
649
1126
159
309
335
171
727
267
439
1042
1031
887
908
363
508
243
61
635
931
52
356
291
511
1578
392
0
79
545
353
692
498
46
1984
335
491
1032
1347
1034
160
271
257
472
35
201
278
443
87
35
31461
225
208
1818
377
5242
4952
12868
4218
16462
26505
4948
121684
47937
165
56180
2
4
16
30
960
18659
24391
2305
1856
2:71
21
40371
1268
837
229
253
394
37
44
45
66
14901
12262
126
75
78
1424191200
199:0
1
599:0
1
117:0
23
22
-22
12
-9
10711
-10075
-640
331
1784
-2094
4272
-3975
-299
964
-432
-69
-30
-437
11
-5
736
-24
-455
-278
27
-14
11
328
327
-678
317
-58
-255
6
-6
11
7
2734
-2739
0
-6
-7
1095
-1098
536
-536
8
-10
372
-370
8
1
231
-230
241
127511
-123020
-4730
16
-29
250
-25
-206
-2
1445
-1223
-240
326
-313
12
2827
-2583
238
21035
-14528
-6995
-17
16
1
-12
-6
1388
-1131
42112
-42365
601
-599
514
4868
-4997
-387
5
352
32829
-33183
3769
-3579
-194
4021
-515
-3275
-222
703
1017
2762
-4221
656
-706
1417
-1368
-266
0
840
-169
147
788
2713
-4308
5777
-5274
-515
207
-200
-5
-2
-1
21
49112
-49132
8
279
45
9373
-9427
-281
812
11911
-12710
12
-18
15
1686
-1691
203
-212
14
-1
-9
-8
5
216
-202
3
-27
26
1747
-1773
23525
-23517
22152
-17126
-4399
-366
721
-987
601
-581
230
89
272
-586
-12
-16
1191
-988
15322
-15523
953
-937
-16
3
16
-12
383
-121
-269
490
-488
1114
-878
1292
17661
-18555
-378
-261
14
-11
-2
592
-606
-7
-2
1
2
12
-1
-5
-8
6
140
-62
-84
0
14
-15
3:0
6
9
-14
16
-15
2
-2
186
-187
0
1
-2
1
5
0
-1
-4
1
-1
6
9
179
-194
-1
13
-12
5
-1
126
-128
-2
2
145
-132
-15
0
13
-11
126
-129
1
5
-3
-2
69
-69
10
-4
-7
2:0
3
-3
2
-1
16
-14
0
-2
8
-3
-4
1
10
-9
1
74
-79
68
-53
-8
-1
6
-11
56
58
-98
-15
12
-14
20
-14
-6
12
-10
-2
5
0
-5
146
-146
0
3
15
-11
93
-17
-82
8
-9
3
1
17
-18
8
59
-68
11
-11
-2
18
83
-101
2
9
-11
18
115
-130
-3
4
3
5
49
27
8
-96
3
133
-129
-5
0
7
54
12
-72
4
-5
6
1
-8
2:0
5
8
-6
-2
-5
3
-3
16
128
-144
1
-2
5
15
-19
1
0
2
-1
108
-108
-3
10
-5
8
3
-15
2:4
58
-65
2
4
-7
167
-167
1
53
-54
0
13
-12
5
83
-79
-3
12
-20
7
-7
183
-183
108
-107
16
134
-149
175
-176
0
119
-120
161
-160
3:0
19
-18
74
-74
84
-80
-4
4
-1
-4
9
166
-172
8
-12
206
-205
1
4
73
-77
6
-4
3
-2
1
-1
-4
-1
162
-161
15
167
-174
6
-5
133
-138
3
-8
3
77
-76
-3
3
161
-153
96
-108
19
-11
4
-12
2
8
-9
0
20
-20
2:0
18
-19
8
127
-128
-7
3
0
-3
7
-5
-2
2:1
9
-9
-1
2
-2
6
-1
-5
16
-15
3:1
-5
10
-9
8
-8
3
70
-60
124
-132
2
7
-11
-4
4
1
-4
0
1
-2
5
-5
4
-2
2
84
-6
4
-81
5
6
-1
-12
-2
12
-11
-2
1
-1
1
14
2:-7
12
-9
0
2:-2
213
-206
12
-17
61
-48
-9
-6
1
3
1
3
-7
-1
2:0
8
0
-4
1
-4
8
-9
0
5
-4
6
-6
7
-6
176
-177
5
-2
-4
54
-43
116
-124
16
-18
-1
161
-160
129
2
-131
13
-13
7
-7
4
8
-12
-1
1
3
69
12
-78
3
-10
146
-32
44
-156
3
1
-2
-3
129
-128
2
1
-5
6
132
-137
5
-4
8
1
-4
-6
10
-10
5
-4
64
-60
-1
100
-101
-3
7
117
-120
-3
4
-3
10
-13
3
7
-5
2
-7
52
-49
5
6
-13
-1
0
92
-82
-10
15
-14
10
43
-54
3
-2
2:1
4
93
68
-24
-140
12
-11
61
-65
-1
0
6
1
-4
-1
-2
0
57
-54
52
-55
8
186
-139
-54
55
104
-151
0
-5
7
92
-92
59
-60
-4
-5
1
0
4
-3
-1
149
-149
-2
58
-51
-3
70
-74
20
-20
6
4
-1
-9
113
-106
-7
1
2
-2
203
-203
0
72
-67
-5
13
-14
14
-11
15
-10
108
-114
2:2
3
-4
49
-45
-4
52
-57
7
86
-87
-5
11
72
-73
-11
121
-109
-11
4
-4
110
-100
-9
2
2:-1
104
-98
-1
-2
-5
-1
1
-1
4:0
1
-1
4:0
1
-1
0
1
-1
6:0
1
-1
4:0
1
-1
9:0
1
-1
0
1
-1
0
1
-1
6:0
1
-1
14:0
1
-1
1
2:0
-1
1
-1
1
0
-1
0
1
-1
4:0
1
-1
5:0
1
-1
12:0
1
-1
1
-1
2:0
1
0
2:1
-1
2:0
102
-99
-3
12
-2
2
1
5
-17
-1
1
4
7
-11
-1
3
-3
29
-29
2
-2
3
-2
14
-15
0
17
-7
-9
3:0
3
2:-1
0
2
0
-2
1
36
-38
0
1
3
-4
-1
0
19
-15
78
1769
-1755
-90
1
-5
17
26
-34
-7
9
-11
-1
19
-18
5
42
-41
-8
897
-741
-152
-1
-3
6
-5
5
43
-23
438
-463
42
-40
17
111
-60
-63
-5
25
811
-835
102
-101
1
172
447
-543
-74
-8
106
54
-146
-11
50
128
-172
-4
6
23
-5
11
25
-61
-2
259
-252
7
-14
-2
0
6
-5
-1
240
-240
2
19
-21
704
-695
-8
6
390
-377
-11
1
2
290
-286
0
-12
2:0
1
-2
2:0
-1
8
-7
-3
15
-15
255
-246
305
380
-691
12
139
-152
44
-41
-4
52
136
-189
10
-10
31
48
617
-694
23
-9
-16
6
-4
4
-2
6
-10
26
-24
23
-12
-13
38
-23
17
-31
-1
7
-2
22
-26
-1
3:0
2
-1
2
-2
-1
2:2
-4
1
-1
11:0
6
-6
4:0
2:1
25
-26
-1
3:0
23
-23
5:0
11
-9
-2
2:0
1
0
-1
2:0
1
-1
4:0
7
-7
0
1
-1
0
1
-1
3:0
2
-2
1
2:0
2
-3
6:0
1
-1
1
-1
2:0
2
-2
4:0
2
2:-1
4:0
2
-2
2
-2
0
1
2:0
-1
8
-8
3:0
1
5
-6
1
2
-3
9:0
4
1
-5
4:0
1
4
-5
3:0
1
3
-4
4:0
2
-2
2
2:-1
2:0
1
4
-5
5:0
13
-13
1
-1
1
-1
5:0
58
-57
-1
2
-2
0
6
-6
0
2
6
-8
0
1
0
44
-45
0
3
-3
1
-1
1
-1
2:1
8
-7
-3
2
-2
24
-24
31
-30
-1
11
-11
2
-2
1
7
-8
16
-15
2:0
-1
1
-1
1
-1
12
-10
-2
1
-1
2:0
29
-29
4
-4
6
-6
4:0
1
0
-1
2:2
-4
2:0
15
-15
4
-2
0
3
-1
-2
-1
1
-2
1
19
-18
-2
3
-1
1
4
-7
0
2
2:-1
4:0
4
-4
0
2:1
-2
0
21
-21
1
-1
1
-1
3
-2
-1
0
1
-1
0
2
-2
0
1
-1
0
3
0
-3
2
0
2:-1
2:0
1
-1
3
1
-3
-1
0
2
-2
0
5
-5
0
1
-1
5:0
2
1
29
-21
-11
1
2
-1
-2
0
2
0
-2
3:0
1
-1
0
1
-1
3:0
5
4
-6
-2
2
-2
0
-1
3:0
1
-1
2:0
3
6
-8
-1
2
-2
6
-6
2:0
2:1
2:0
-2
22
-22
3
0
-3
2
0
16
-18
8
-8
0
36
-36
5
16
-21
2
-2
1
-1
0
2
-2
3:0
30
-24
-5
0
-1
2
12
26
-40
2
-1
4
-5
33
-32
3
1
-5
3
-2
-1
0
5
-5
3
1
-3
-1
3:0
27
-26
-1
8
-8
0
1
9
-10
0
2
-2
2
-2
0
1
2
-1
-2
2
-2
1
2
-3
2:0
5
1
-4
9
-11
0
4
2:-2
2:2
-4
7
11
-5
3
-16
2:3
-6
3:0
2
-2
0
2
-2
0
5
-5
5
-5
1
9
-9
-1
1
19
-18
0
-2
0
9
-4
-5
1
-1
3:0
1
-1
1
-1
2:0
5
0
-3
5
-7
2
-2
2
1
-3
0
54
-53
-1
2:0
1
15
-16
0
22
-20
-1
1
-2
2:0
9
-9
16
-16
1
3
-3
-1
0
1
0
1
-2
0
2
0
2:-1
10
-4
-5
14
-13
-2
1
-1
59
-59
2
-2
1
-1
1
2:0
-1
27:0
1
-1
2:0
2
2:-1
4:0
1
-1
3:0
1
-1
3:0
1
-1
28:0
1
-1
10:0
1
-1
0
1
-1
5:0
2
-2
10:0
1
-1
1
-1
3:0
end
