v1
1078
240
299
45
159
237
249
52
139
14
25
9
8
122
2
315
49
119
70
18
464
57
56
7
15
28
118
77
366
264
324
0
186
31
71
140
292
0
27
121
311
136
26
72
444
11
271
61
40
0
76
0
248
10
194
307
135
25
18
323
5
67
70
24
1
336
64
50
349
21
135
31
225
501
33
20
76
80
86
112
82
63
79
289
85
6
196
94
72
43
0
1
83
77
193
110
88
62
98
27
292
139
90
27
36
341
307
56
79
126
213
69
22
35
31
345
539
135
239
212
55
159
19
69
37
212
42
174
106
180
339
288
12
94
275
228
649
214
72
0
8
109
170
125
181
27
29
12
39
32
25
18
38
23
8
46
2
3
14
130
3
1
118
64
18
12
62
59
14
50
30
5
30
38
19
38
17
127
118
85
2
206
154
173
102
18
225
211
136
67
110
304
10
33
6
116
104
42
138
54
121
141
85
101
128
172
175
258
129
281
17
14
299
10
5
33
83
70
229
41
423
38
55
12
184
41
758
83
218
71
112
277
56
109
2
24
157
187
75
50
655
45
261
30
247
33
29
69
78
10
46
44
36
15
113
19
107
7
8
147
323
110
510
101
81
20
184
412
40
175
70
121
8
11
32
2:43
58
73
146
19
70
100
54
47
61
35
92
108
86
67
64
20
3
104
89
3
2
9
196
437
60
63
189
123
31370
5
22
9
12
70
122
130
85
88
76
8
112
36
8
22
1104
26
22
151
28
71
166
18
47
3310
2211
328
1553
3073
2067
10816
2650
9758
1620
0
5310
2988
3064
1385
2
14
8068
10
2825
882
943
15
19
2431
16
5143
8
9
2
5
1
121354
1
0
3544
7741
73
9417
32411
10
18
4
33
134
113
109
5
54647
1047
9
24
0
3
57
6
12
1
16
29
116
0
27
12
1
10
2:1
11
2
1
82
643
29
24
172
16280
4654
3093
10208
7980
813
1430
454
1273
968
2
3
4
2
5
1
10
31
39
47
54
9
31
0
37
3
1
43
47
4
5
1
40280
26
64
79
166
31
59
541
125
1
309
12
31
25
17
202
277
9
57
18
41
103
47
66
19
10
263
438
6
17
15
23
14889
56
0
54
28
1990
9723
1
146
16
1
101
14
64
26
2
11
27
35
11
17
59
68
31
2:11
1
22
25
28
12
-488743
23
42
65
20
102
133
322
94
272
5
31
100
356
59
7
3
20
21
38
146
116
0
47
62
61
68
107
0
323
460
144
777
116
55
10
39
377
298
52
100
377
316
13
76
30
50
14
212
122
22
167
51
25
0
4
0
118
33
93
154
156
166
120
228
0
25
43
195
16
34
112
236
186
70
42
29
0
279
106
109
153
82
140
419
9
5
24
7
103
31
304
144
48
11
122
0
228
252
17
81
70
12
267
52
136
106
79
72
99
22
249
143
71
204
109
141
62
50
350
32
433
250
10
57
19
63
141
39
41
14
202
72
30
152
7
144
45
5
114
218
17
55
116
69
92
77
15
110
80
7
50
523
27
34
3
313
79
70
111
10
9
29
0
12
115
152
100
266
114
0
15
123
50
57
37
5
17
50
2
37
11
6
2:1
8
6
14
86
110
30
11
208
30
19
33
5
32
21
4
29
60
24
14
60
251
110
373
47
117
457
26
35
86
54
209
8
70
865
100
165
68
59
31
20
88
58
149
5
97
170
46
125
248
47
9
66
8
17
235
68
492
174
148
51
205
702
111
160
17
180
12
10
7
188
28
89
75
151
19
43
33
138
37
5
67
85
30
62
6
129
18
32
517
66
154
28
12
17
486
141
37
60
18
17
71
119
81
2
46
110
9
501
334
3
35
118
24
1
114
169
68
115
44
8
3
55
467
18
139
189
292
6
149
0
2
198
80
288
109
85
11
10
102
20
72
50
69
93
123
134
98
31481
27
9
37
130
17
1
9
38
3
26
51
32
105
44
79
1131
0
56
8
17
13
365
61
78
5572
5640
3
6632
1322
1002
3221
1522
5909
0
4989
793
5704
423
2182
3
1741
0
872
1274
9469
2:1
2812
4794
1523
3146
1452
21
3502
531
0
119417
0
1736
6038
45
38185
3646
126
192
7
53
19
27
55525
171
157
27
0
119
1
4
6
2
8
37
17
686
77
122
17
3447
4917
12000
8722
13629
562
201
0
624
0
1364
1487
0
36
176
26
19
99
39
6
7
41
0
8
19
70
3
2
11
4
30317
1513
8222
349
101
70
178
37
12
74
560
29
7
389
0
149
0
25
2
84
153
87
182
26
10
2:5
4
94
540
19
70
137
14747
83
101
2015
9735
123
28
86
61
17
135
30
6
107
6
80
33
11
-487002
966
575
231
1533
251
471
478
2312
523
1460
356
73
307
408
153
94
310
931
1259
57
784
102
682
1939
367
179
122
86
14
574
199
473
421
767
752
931
1215
202
945
2512
1109
312
2574
259
1
417
87
23
507
343
275
4
73
135
15
31937
252
51957
20369
174715
155
55493
404
168
963
7895
37508
187
1636
7
26
176
40157
1761
492
50
28526
1424043000
499:0
1
499:0
1
77:0
16
-1
1
1909
-1908
2811
-2767
-46
73
-53
3
14
-31
100
-108
32
9428
-9461
15
-1
51
12479
-9205
-3270
21
-88
74
-16
5027
-5067
1
-6
-9
404
-389
-15
-1
-3
1
2
27
-32
470
-471
5
790
-749
-38
-2
17
-1
388
-113
-121
-137
196
-140
1085
-931
-239
95
-45
-43
68
-83
62
-50
943
-894
38
22
505
-627
287
-223
-60
292
-251
-34
-12
29
62
-67
22
99
-120
-1
-17
-1
1
19
-26
0
13
-3
3
243
-210
242
349
-7
-197
-415
-9
3917
-3916
-7
148
-145
402
-41
507
-812
-49
14
-19
134
-118
20
-44
-1
2
4
88
302
-394
10
4
0
942
-941
10
127
556
-583
-102
36
-52
-1
144
-128
-21
47
-32
414
-293
-138
2
5172
-5163
3
22
117
-129
3
-19
1216
-1175
-45
9
186
-93
158
1391
-1634
52
47
-116
239
-164
-72
304
-7
-299
4
142
-147
286
-281
-1
-9
129
-39
-3
62
-72
-65
214
-185
351
-272
410356
-410419
18173
-18066
-154
9
-4
0
216
-188
45
-83
83
142
-217
74
-77
-7
2
9
78
-70
-19
388
-249
-119
35
449
-503
10
-3
-5
15
151
-127
-30
136
-150
27
3153
-3169
-2
720
827
-1546
92441
-89854
-2280
-281
48
-39
-20
76
-80
-2
-13
11
-5
11
2524
-2490
-57
948
-943
2531
-2525
162
64274
-64443
639
-632
19
-15
-14
612
-613
96
-7
50
-118
5842
-5631
-197
-35
-1
15
71
-52
-27
310
3381
88296
-91993
3602
-3511
-82
367
-317
-18
3954
-3957
4627
-4660
127
-126
414
-413
-7
26
21
3
2222
-1723
489
3342
-4145
-27
-208
2:6
215
436
-330
-83
-249
220
1929
-1767
-246
11437
-11541
611
-594
18
11
180
-231
-6
228
-84
948
-879
-229
501
108
4199
-4809
4
-3
7050
-6967
-84
17
91
-110
32
-27
70
-72
-1
10
-9
155
-150
-9
0
-2
38582
-38534
-47
23
-6
6
105
352
-425
8561
-8599
-10
-8
242
-235
-6
19
11
14462
-14487
76
-70
11
7
145
-154
107
-119
-6
2372
-2358
68
-3
-49
-19
-3
-11
65
96
32
23
-213
29
-30
32
-24
167
-176
50
-16
-35
154
-149
37
70
426
1593
-2080
698
-729
-13
-8
465
-428
7305
-7325
1695
6050
-7761
26
-6
2358
14758
-12654
-4479
30
13
104
2121
3213
-5453
1119
-1149
2
28
-20
-4
247
1945
-2194
-1
109
-9
-20
-79
611
5880
-6365
10772
-10892
139
-148
1167
-1149
-8
44
71
-100
23
-28
178
-171
-27
5
48
-53
100
2211
-1517
-791
2976
-2961
-19
534
10
-320
-204
18
-21
130
-145
228
35
-245
671
-551
300
28897
-29288
447
285
-659
-133
1
-1
2:3
-6
1
0
-1
0
1
-1
5
-4
0
-2
3:0
2
4
-4
-1
3
-3
0
1
-1
1
-1
2:0
1
3
1
-3
2
-3
1
2:0
-3
4
-3
2
5
-6
1
4
-6
5
0
-5
1
-1
3
0
-1
0
-1
2:2
-1
-4
3
0
-3
2
1
2:0
-3
0
2:2
2:-1
2:1
2
-6
1
0
-1
4
2
-6
2
1
2
0
-1
2
-6
3
3:0
1
3
-7
1
0
2
1
3
-6
1
-2
4
-3
0
3
4
-7
1
3
-4
-1
0
8
-8
3
-1
1
-1
-2
3
2
-3
-1
3
4
-7
4
0
-4
2
3
-2
-3
3
0
-3
2:0
2
-2
7
-2
-4
2
-3
-1
0
5
-4
2:0
6
-7
1
2
-1
2
-4
0
4
-4
3
3:-1
5
-4
4
-5
1
3:0
1
-2
0
2
-2
6
-5
1
3
2
-6
1
3
-4
-1
5
-5
1
3
0
3
0
-4
-2
1
6
-7
2
-3
1
8
-6
-3
6
-6
0
4
2
-6
5
3
-5
-2
-1
7
-4
3
-2
0
1
-5
1
2
-2
1
-1
0
2:1
2
2:-1
1
-2
4
0
-4
5
-2
2
-4
-3
6
-4
-1
2
0
-2
-1
4
-4
8
-4
-2
2:-1
1
2
-3
2:0
2:1
2:-1
8
-1
-3
-4
6
1
-6
1
4
-5
3
-4
0
2
-2
0
6
-2
2:2
-9
3
-2
4
-3
1
2
-3
8
-1
-7
2
5
-8
3:0
2
1
3
-1
-3
-2
1
-1
2:1
-2
3
-1
-2
2:3
2:-1
-3
0
2
-3
1
-1
1
-1
0
2
-2
0
1
2:0
-1
4
-3
-1
2
2:-1
0
2
-2
3:0
1
3
4
-2
-5
-1
1
-1
9
2:-5
3
-2
2:2
-2
3
-4
5
-6
6
-1
0
-5
9
2:-3
-1
1
-1
-2
1
4
-1
-3
6
-5
1
-1
7
-9
7
-7
5
-4
0
2
-1
7
-8
1
2
4
-5
-3
1
-1
1
5
-6
3
1
-3
1
-2
4
-3
-1
2
1
-3
3
1
5
-9
0
1
6
-7
2:1
0
6
-8
2
-2
2
0
2:-1
8
-8
0
2
2:-1
4
3
-5
1
0
1
-4
3
-1
1
-2
2
1
-5
4
2:-1
7
-2
-1
0
2
-6
-1
1
8
-6
-3
6
-6
0
6
-6
7
-7
1
0
1
-2
8
-8
5
-5
1
4
-6
77:0
1
0
2:2
-3
6
-1
-4
2:-1
8
-8
3
-3
1
3
145
-149
0
3
12
8
-20
14
-14
-2
0
-1
10
-8
0
2:-1
27
-24
-2
2:0
-1
1
2:0
41
-42
3
5
-7
2
0
1
0
-4
12
-10
14
-16
1
2:0
2
4
-4
-1
-2
0
6
-6
2
-1
2
3
13
-18
6
-5
-1
2
0
1
-3
5
3
-9
4
-4
5
-5
2
-1
0
3
-4
2:1
4
-6
3
-2
18
-18
6
-6
2
1
9
-13
0
17
-17
21
-11
-10
4
2:-1
2:2
-6
1
-1
3:0
6
-6
1
-1
0
2
15
-17
0
43
-26
-13
1
-5
1
0
54
-54
1
0
3
2
5
-11
3
70
-72
5
-3
3
-3
10
-7
-5
0
1
0
14
27
-43
53
-51
8
-6
-4
13
-1
-11
15
-14
0
-2
11
-11
13
-12
-2
0
16
2:-8
8
-1
-7
0
5
71
-58
1502
-1518
82
-56
-26
-2
5
0
5
-6
-1
1
-3
32
-33
14
2:-6
-1
3
14
-15
0
56
-57
13
-9
10
-8
-7
1
6
-5
-1
16
-15
19
-20
-2
44
-41
0
17
-14
-3
1010
-914
-88
-10
-1
6
-6
10
-5
3
-8
1
0
7
-5
6
-9
54
-53
46
-41
-4
355
-351
49
-53
-1
3
0
16
-19
33
-20
-2
-10
189
-88
-94
-7
1
-2
2
1
-4
3
38
796
-832
146
-150
1
23
-25
6
169
-171
838
-835
-1
-4
137
-139
1
15
-11
8
147
-158
3
200
-183
-6
-16
1
4
28
-30
81
-62
-17
42
204
-246
19
-20
-4
6
-6
7
10
28
-38
-4
5
34
0
-9
-30
31
15
27
-71
-1
0
472
-472
-4
13
50
-61
2:-1
3
2:0
-3
1
-1
8
2
-6
-2
213
-213
0
34
-35
0
23
-24
9
831
-837
-3
1
11
-7
-1
-4
4
439
-440
7
-1
-9
0
3
12
4
-7
-11
608
-609
29
0
-22
-5
2
-1
20
-8
0
-11
-3
8
0
-3
-6
0
3
8
-7
2
8
-11
10
-13
17
-6
-10
1
0
-1
0
1
4
21
-21
21
287
-314
6
-1
104
326
746
-1181
4
1
9
345
-302
-50
4
-11
4
-2
0
2
52
263
-317
-2
24
-24
36
-27
16
18
50
574
-666
47
-44
14
-10
-8
5
0
-1
14
-17
18
-19
7
0
-6
2
1
33
-22
-15
55
-54
0
27
-13
-5
12
-14
-8
24
-23
-1
129
-126
24
-24
14
-12
-3
43
-42
-2
-1
11:0
1
-1
21:0
2
-2
22:0
2
-2
14:0
1
-1
2:0
2
2:-1
2:0
1
-1
2:0
2
2:-1
2
-2
6:0
1
-1
1
-1
0
1
-1
3:0
1
-1
9:0
3
-3
8:0
1
0
1
-2
3:0
1
-1
2:0
2
-2
3:0
2
-2
7:0
2
-2
0
1
-1
17:0
1
0
-1
1
2
-3
0
1
-1
3:0
3
-3
2:0
1
-1
1
3
-4
3:0
3
-3
2
-2
0
2
-2
3:0
1
-1
1
-1
2:0
1
0
-1
2:0
3
-2
-1
0
1
3
-4
3
-2
-1
2
2:-1
5:0
1
0
1
-2
3
-3
3
-3
0
2:1
-2
4:0
1
-1
4:0
2:1
2:-1
0
1
-1
5:0
1
-1
3
-3
2
-2
2
2:-1
0
3
-2
0
-1
1
-1
9:0
1
-1
3:0
2:1
-2
2
1
-3
1
-1
7:0
1
-1
0
2
-2
1
-1
0
2
-2
3
0
-3
0
1
0
-1
2:0
2
-2
4:0
1
0
-1
0
2
0
-2
1
-1
0
1
-1
5:0
1
0
-1
2:1
0
-2
1
0
-1
1
0
2:1
-3
0
10
-10
2
-2
2:0
10
-9
-1
5:0
1
-1
1
0
-1
0
1
-1
0
4
-4
5:0
7
-7
6
-3
0
-3
2:0
2
-2
2:0
1
-1
11:0
3
-3
2
2:-1
0
2
-1
2
0
-3
3:0
1
0
-1
7:0
1
-1
0
3
-3
6:0
1
-1
1
-1
0
5
-5
1
0
-1
3:0
3
-3
0
1
-1
2
2:-1
1
-1
0
1
0
-1
13:0
1
-1
44:0
1
-1
9:0
1
-1
2:0
1
-1
0
2
2:-1
4:0
end
