v1
844
248
291
204
538
139
14
25
17
122
395
90
51
28
115
230
185
17
2
37
7
15
28
118
340
156
46
165
328
250
34
129
18
585
159
136
76
22
726
34
67
252
82
194
307
269
52
5
194
53
70
824
21
135
31
46
179
277
72
185
44
139
79
112
145
86
282
85
373
39
127
33
193
110
150
125
431
16
2
72
304
100
442
339
69
57
555
17
301
42
128
51
60
19
667
87
201
66
98
238
337
26
300
94
106
185
549
231
375
585
101
6
32
25
10
7
1
35
3
23
7
1
51
131
11
6
100
3
15
64
2:9
66
8
40
19
9
55
65
38
19
38
17
73
54
118
85
296
58
0
8
78
95
120
225
524
98
204
2
10
33
6
116
146
39
153
121
141
186
41
59
166
31
3
146
287
410
17
14
299
38
8
2
66
17
70
229
41
161
348
7
187
9
799
192
109
71
22
367
56
44
65
2
104
77
187
75
50
215
440
77
248
11
247
62
147
56
27
11
6
36
128
126
7
8
147
323
110
447
162
79
24
82
102
255
157
3
37
175
15
2
174
8
11
32
80
6
26
251
89
100
54
47
61
16
19
54
38
20
88
153
59
5
20
3
104
89
5
9
241
359
33
0
40
20
63
155
34
77
31416
5
14
8
9
204
33
53
2
1
11
30
85
88
2:38
120
36
8
22
932
220
68
111
71
181
3
47
3310
2211
328
381
1172
3764
1376
10816
2650
4766
1696
3296
790
6140
2988
436
0
4013
2
2:4
6
8075
1
2827
882
943
15
19
2437
10
5143
8
11
1450
3
3503
116404
3544
1
7741
73
9417
32305
116
22
42
311
19
0
17
5
55378
85
8
39
27
157
7
2
27
18
39
6
12
1
16
36
34
75
15
2:12
1
0
11
1
6
5
2
31
0
52
643
29
20
10
2
162
3447
12835
2358
2296
3093
1178
9030
7980
498
562
1183
873
189
665
968
2
3
2:6
10
31
58
28
2:27
40
37
3
1
90
9
1
30302
9751
35
192
90
9
167
69
90
79
462
125
1
46
41
209
13
43
25
17
202
49
86
4
138
9
21
36
18
144
47
31
0
35
19
273
116
304
5
13
6
17
15
23
14945
45
9
8
20
1990
9722
2:1
150
12
1
115
28
30
6
26
13
62
5
41
19
22
68
31
22
23
25
28
-488863
391
59
528
8
14
174
31
208
26
30
22
54
218
92
8
46
81
3
297
290
696
120
234
420
691
294
7
61
130
118
54
263
385
155
0
106
41
5
96
470
60
141
341
18
36
112
6
239
71
21
58
643
7
30
400
147
300
508
90
42
313
192
69
426
155
143
267
38
506
70
8
104
173
237
119
51
121
84
466
253
152
173
234
285
66
145
3
356
50
2
119
189
46
0
28
206
43
55
77
125
71
9
130
450
64
462
101
190
524
2
43
73
7
207
30
9
3
52
66
8
34
69
2
24
103
37
217
2
30
57
31
1
76
0
72
4
116
274
352
12
11
83
555
12
0
26
11
24
86
133
138
545
30
80
49
12
410
340
98
21
190
170
144
27
52
222
21
304
207
384
71
103
114
54
31
20
220
5
267
22
373
111
369
262
0
165
72
3
65
1
42
561
664
163
48
262
80
109
89
124
57
21
17
271
108
50
569
358
847
516
124
36
128
63
15
257
310
198
520
16
40
53
85
297
1
31407
73
95
163
63
220
0
20
107
70
1038
210
101
87
62
132
10466
696
3835
2792
2324
2516
15959
3663
1764
427
414
13361
4662
3453
4167
10
2:4
1427
106601
13327
5279
44268
3669
23
5
7
48
11
61
14
19
21
61
32
6
175
55341
362
161
3
11
14
25
5
2
4
786
46
84
7879
35201
448
624
1374
1695
20
66
5
30
56
13
1
83
57
13
40210
115
143
112
85
126
243
236
407
200
245
153
37
77
22
174
11
7
15
192
63
355
19
14954
83
12002
115
68
1
52
100
50
56
49
85
68
1424527800
499:0
1
343:0
166
-160
8
-3
-6
13
2
43
-35
-12
7406
-7415
47
-45
0
338
-342
1
466
-453
16
293
-324
5
17
-21
2389
-2388
6
211
-209
-4
118
-60
119
-169
193
-57
-142
6
-13
132
-124
12
-14
167
-154
-4
-13
5
-7
6
-2
23
-25
505
-473
-26
182
-191
5
10
-13
12
-12
633
-581
-52
11
-11
50
-49
55
185
-105
-130
-3
9
2
-16
9
354
-18
-335
94
-103
3
11
6
-21
24
-24
1
61
-43
-19
6
64
-61
-4
100
1247
-1073
-277
15
-10
-2
108
-36
-59
-17
133
-73
-50
-10
69
-69
2:17
-20
-13
-2
4
27
151
-165
-17
80
-57
27
565
-470
-70
-61
32
-43
247
-125
-123
1
-1
199
-201
6
101
-103
-3
12
1
225
-232
174
-138
-28
538
-545
10
-12
108850
-108854
7063
-6921
-119
-24
21
64
-60
-1
63
-83
-1
2
636
-620
50
-65
30
-14
151
-123
41
170
-258
907
-874
-17
627
-640
-7
2
28
-27
60
-27
53
-89
30
2867
-2890
40
-47
393
-392
12
21769
-16010
-5759
-5
1
-5
-3
22
61
-73
14
-23
2765
-2766
7
9
980
-608
-369
61
58564
-58635
488
-484
-12
68
-50
45
30
-90
5
22
85
-60
-48
-9
15
2962
-2840
-116
-17
2:-1
98
-95
380
26819
-27186
4987
-4924
-81
4
-2
4
29
-17
-16
3494
-3483
4061
-4070
2
246
-212
-40
1
5
-3
-1
43
-31
7
1663
-1683
0
5414
-5387
106
-9
-73
-50
13
-11
-3
6
489
289
-512
-270
6
716
1481
-2159
139
-172
110
-54
-51
-12
-7
179
-117
238
-259
2378
-2418
363
-356
548
284
173
-921
-53
-32
55
1947
-1649
1833
-2174
8
45
-69
25
-21
-7
5
135
-124
3
248
-188
-60
45
-64
8
39502
-39487
-21
-1
42
-39
75
207
-257
7095
-7094
33
1693
-1298
-456
3
-1
702
12606
-13311
33
-32
1
38
56
-96
10
48
-57
26
255
-269
-7
1105
-1112
6
46
-50
11
-9
0
3
20
11
6282
-6069
-144
-68
0
-23
-7
26
-26
-7
71
-72
8
71
-60
88
-88
-19
4
38
-42
-1
124
-84
-20
80
-87
17
-30
59
-55
227
8459
-8664
845
-842
10474
-10481
130
7707
-3710
-4141
86
468
-557
-4
15
1465
-1457
46
-37
19
-47
-1
4
249
170
-416
-2
25
-27
-4
46
5
-43
35
-41
43
65
812
-920
228
8907
-9061
-77
2
1
531
-517
3
68
-89
6
14
73
-29
-59
494
-495
5
444
-431
46
188
-249
965
-306
56
-434
-283
117
-69
-53
35
-5
-22
32
-40
6
35
98
-136
32
9
-31
304
-268
-51
-3
0
3
2:0
-1
1
-3
2:2
-2
-1
1
2:-1
2:0
1
0
3
-3
2
-3
3
-3
3
2:-1
3
-4
1
-1
3:0
3
-3
1
2
0
-3
1
-1
2
-2
2:1
2:-1
2
1
-3
0
3
-3
2:0
2:1
-1
1
0
-2
3
-2
-1
2:1
-2
1
2:0
-1
1
3
-2
1
-1
0
1
-2
0
1
2:0
2:-1
2
1
-3
4
-4
3
-1
2
-4
0
3
-3
1
0
2
-3
2
-2
0
2
-2
2:0
2
-1
0
2
-1
-2
2
-2
2:1
-2
3
-1
1
-2
2
0
-2
3:0
-1
2
2:-1
0
2:1
0
-2
3
-1
3:0
1
-3
2
-1
2
-3
3
-3
0
1
-1
0
1
-1
2
1
-1
0
2
-2
-1
2
-2
0
1
-2
0
2:1
0
1
-3
1
-1
2
1
-3
1
-1
0
3
-1
-2
2
1
-1
-2
1
3:0
2
-3
2:0
4
-3
3
-4
2:1
-1
2
-3
2
-2
0
1
-1
2
-2
0
2:1
-1
1
-1
1
-1
1
2:0
1
-2
2
-3
1
0
-1
2:1
-2
3
-2
1
-2
2
-1
2
1
-1
0
-1
-2
1
0
1
-2
0
1
-1
4
-2
0
1
3:-1
0
2
-1
2
0
-3
2
1
0
-1
2
-1
0
-2
2
0
-2
0
1
2:0
2
2:-1
2
-3
-1
2:0
1
0
1
-1
2
-3
2
-1
1
3:0
-2
1
2:0
3
-2
1
0
-1
0
-2
2:2
-1
-2
0
-1
1
2:0
2
2:0
-2
2
0
-1
1
-3
3
1
-3
3
-3
-1
1
0
2
-3
1
0
1
2
-3
1
-1
1
2
-3
137
-137
2
-2
0
13
-12
-1
8
-6
16
-16
2:-1
1
23
-9
-15
1
23
-24
0
12
-11
-1
0
22
-17
-2
0
-3
2:2
1
-5
3:0
3
-1
3:0
2:-1
27
-27
1
-1
2:0
4
-3
1
-2
3
1
-4
2
-2
2:0
5
-5
7
-4
-3
0
1
-1
1
23
-11
-12
4
-5
2:0
5
-5
0
1
0
5
-6
0
1
-1
2:0
2
-1
35
-36
2
2:-1
43
-40
1
-3
33
-33
-1
0
7
-7
4
-1
0
-1
-2
2
-2
24
-24
0
19
-17
2
37
-41
3
-1
0
-2
12
2
-13
0
-1
6
-4
-2
12
-12
0
4
0
42
-45
13
-11
-1
81
-82
-1
4
1584
-1588
102
-86
-14
-2
3
6
-8
2
-3
4
-4
0
14
-13
7
-5
2:2
3
-10
0
42
-40
-1
19
-15
8
-13
0
2:1
-2
15
-15
12
-10
7
38
-43
-4
0
14
-14
1
744
-583
-161
-1
3
-1
-2
0
6
-3
0
-2
-1
1
0
1
32
-9
-14
-11
398
-389
30
-34
-3
-2
3
0
11
-11
-2
0
31
-28
-4
0
2
122
-70
-49
-5
2:0
1
0
30
739
-765
76
-81
4:0
5
-1
2
154
-156
552
-551
-1
66
-67
-3
0
8
0
-7
7
-4
1
106
-110
-1
151
-151
12
0
-8
-4
3
-3
0
1
18
-16
63
-66
6
43
157
-201
10
-12
6
-6
0
4
-7
9
-7
4
8
15
-29
33
-31
25
2:13
-49
-4
3
-3
172
-160
-4
-1
13
14
-30
-4
1
2
-3
2
1
-2
7
-7
0
7
-5
-1
213
-214
-1
1
20
-17
16
-20
3
384
-387
5
10
7
-20
2
0
3
296
-302
4
-5
2
17
-11
-6
9
-9
6
1
-3
4
-10
201
-201
0
10
-10
1
0
1
0
12
-2
346
-352
-6
2:0
2
7
-8
2
-3
1
-1
1
4
-5
11
-8
-3
3
0
-3
0
17
-13
-1
6
-5
-4
1
-1
1
16
-2
-15
15
-15
190
-184
27
227
279
-538
17
67
-83
-2
0
28
-25
-2
3
1
-4
0
2
28
71
-97
-5
0
1
8
-6
49
-48
-4
2:0
10
12
-20
80
498
-558
-20
-1
0
17
-7
-8
-3
4
2
-3
3
10
-14
18
-18
-2
41
-41
1
4
-2
18
-2
4
-5
-18
19
-17
-2
2
2:0
6
-8
0
3
41
-44
10
-3
-2
11
-15
-1
4:0
1
2:0
-1
27:0
1
-1
2:0
2
-2
15:0
1
-1
2:0
1
-1
10:0
1
-1
3:0
1
-1
9:0
2
-2
8:0
1
-1
4:0
1
-1
8:0
2
-2
3:0
2
-2
12
-12
3
-3
5:0
1
-1
3:0
1
-1
1
-1
12:0
1
-1
3:0
1
-1
2:0
1
-1
1
-1
10:0
1
0
-1
11:0
1
-1
1
-1
1
-1
6:0
4
-4
5:0
1
-1
1
-1
8:0
2
-2
3:0
1
-1
2
2:-1
10:0
1
-1
1
-1
0
1
0
-1
4:0
1
0
-1
2:0
1
-1
1
-1
3:0
1
-1
2:0
1
-1
0
1
-1
0
1
-1
9:0
2
-2
8:0
1
-1
0
2
-2
4:0
1
0
-1
1
-1
3:0
1
-1
3:0
3
-3
8:0
1
-1
0
2:1
-2
2:0
1
-1
7:0
end
