v1
676
207
179
149
511
183
31
21
19
120
14
260
147
123
119
381
228
56
22
28
825
612
484
96
152
159
162
72
726
170
7
152
106
194
49
16
15
227
269
166
208
24
245
156
237
124
38
156
108
148
277
104
153
262
257
61
214
117
61
0
202
286
53
31
193
110
150
19
106
292
139
153
129
112
100
442
339
69
433
28
253
152
64
42
135
239
127
424
254
27
2
354
416
394
275
16
861
294
612
29
28
17
38
35
8
38
23
54
2
17
130
3
1
118
73
9
74
40
19
62
2
65
95
17
82
45
118
0
439
7
1
78
95
120
225
524
30
284
33
6
116
284
54
121
141
60
167
87
169
3
146
5
282
129
281
194
136
15
33
66
17
70
229
41
161
148
394
9
799
301
93
367
56
109
2
181
186
1
75
50
485
170
325
12
246
179
2:40
86
128
57
76
8
0
147
323
110
611
101
184
412
3
37
34
141
133
58
8
11
32
74
311
44
123
54
35
12
61
127
20
88
153
59
5
20
3
193
5
138
564
63
155
34
24
31469
5
22
9
237
97
85
88
76
120
36
8
22
932
220
179
71
166
18
47
3310
2211
328
1553
5140
10816
1507
1143
4766
4989
793
6140
2988
4449
2
8089
2828
1840
2466
474
4677
11
1433
119927
3545
1735
6006
73
9417
32421
20
2
167
40
165
17
5
7255
48173
35
47
27
157
64
29
6
12
1
16
145
27
10
3
8
2
2:1
6
5
728
29
20
12
153
5
16286
4654
3093
5056
5152
3251
4729
1016
44
1183
1062
665
436
366
166
2
3
6
5
11
31
58
28
54
40
37
3
1
51
39
9
1
40084
4
192
26
64
219
26
31
126
599
1
46
306
25
17
479
9
21
36
18
41
103
113
19
186
87
350
75
19
17
38
14999
2018
9722
1
151
12
116
28
62
2
11
62
65
22
99
2:11
1
47
-488586
439
653
361
61
92
135
1286
81
46
91
462
211
153
0
292
478
13
28
306
143
88
83
9
220
73
29
50
668
254
86
328
5
67
10
225
59
117
62
42
25
60
315
184
33
37
638
109
431
571
197
46
63
125
259
48
213
390
25
125
338
18
271
696
15
602
534
180
122
80
274
189
31
66
26
473
2
0
262
92
478
29
228
50
482
71
411
144
13
222
0
304
4
64
39
87
7
49
1
182
30
90
109
70
0
37
0
81
27
5
17
54
16
275
74
400
614
62
121
133
12
87
109
206
564
286
101
337
211
288
338
130
182
274
692
20
225
0
8
833
0
116
144
4
37
427
561
232
32
485
32
596
144
31
536
599
403
83
102
278
79
479
181
34
32
105
146
343
207
228
368
29
106
102
68
24
119
72
51
93
23
209
13
15
31
31449
161
4
82
14
184
103
190
1436
135
59
9780
338
1035
4
6632
2324
15644
9099
1744
3530
12738
1548
1916
4160
132640
29
41925
30
16
50
208
53
7843
3213
44372
209
105
2
45
34
44
180
3
106
16010
3495
1
17601
0
6789
1349
535
419
1858
61
57
45
7
41
2:63
30308
1513
8731
159
79
462
324
111
177
110
24
115
324
94
41
288
318
182
31
14797
83
139
11863
152
12
278
7
129
12
1424176800
399:0
1
275:0
70
-63
848
-849
31
-17
-13
24
-23
99
-96
2:-2
3453
-3454
825
829
-1653
263
2882
-2944
-200
15
95
-54
-58
442
-435
10
206
-223
19
-18
20
4
-25
15
-13
-1
-2
9
13
-4
-16
-2
2
0
-2
509
-502
29
-5
-28
4
-7
2
252
-140
10
502
-622
48
28
-64
508
-523
0
203
325
-524
1
-5
15
6
268
-165
-119
-1
7
-10
-2
60
-53
-6
7
27
59
-78
-14
862
-863
7
143
-61
-91
65
-1
-59
24
-7
-2
96
-109
5
24
-33
2
39
-31
-4
3
67
-56
14
348
-333
15
-46
-14
14
118
-124
380
-391
36
82
5
-123
13
126
-142
104
-78
-21
189
-194
85271
-85235
2823
-2801
-54
0
2
-1
41
20
-60
34
-26
-9
4
-2
33
-39
2
11
-12
146
-129
-14
22
3
996
-1025
2
3
-3
36
150
-160
2159
-2187
1
290
-255
-37
9707
-4460
-5223
-23
0
-2
359
-304
-52
-2
7
13
460
-424
-37
104
2
51255
-51376
250
-208
1239
-837
-448
4
53
66
-110
-11
4
1895
-1749
-125
-26
12
-13
281
28946
-29223
0
1686
-1686
-2
52
-49
12
3082
-3095
2150
-2154
138
-138
6
32
-36
859
-824
-10
1657
-1609
96
-167
103
679
-659
-123
178
667
-846
87
-67
8
2
-24
273
-241
60
94
-152
398
41
-137
438
-782
531
3414
-3924
-10
3210
-2986
-228
61
-68
250
-131
-119
0
7
25442
-25451
11
431
-437
277
-260
4779
-4716
-84
3224
-3223
3
2
159
17035
-17197
524
-508
-15
9
5
-16
9
63
-64
133
1166
-1307
5
-5
0
1
19
-7
44
83
-121
-18
30
-33
51
-28
25
-37
83
-91
12
-13
3
14
-19
2
64
-55
14
-23
5
4
8
-18
0
82
29
-7
-89
744
11084
-11820
94
7074
-4687
-2505
12
113
251
6
-377
472
-468
8
720
-726
-7
92
141
0
-229
12
13
11
14
558
-615
64
8307
-8356
18
521
-554
20
-13
-3
4
22
-18
64
471
-502
-37
279
1805
-1686
-290
85
-200
4
-3
2:21
26
12
-80
358
-318
60
-108
2
-2
3
-3
0
1
0
1
-1
0
-1
3
-1
0
-2
2
2:-1
2
-2
0
2:1
2
-3
3:1
-1
-2
1
2:-1
2:0
1
3:0
-1
2:0
2
-2
4
-1
-3
3
-2
2
-2
2
-3
2
2:-1
4
3:-1
0
1
0
-1
1
-2
0
1
0
3
-4
1
2:0
2
0
-1
0
1
-3
1
-1
3
-2
0
-1
1
-1
1
0
2
0
-2
0
-1
4
-1
1
-1
-3
2
-1
1
2:0
2:-1
3
-2
-1
0
2:1
0
-1
2:0
-1
3
-2
-1
1
3
-1
-3
3
-3
0
1
-1
1
2:0
2
-2
-1
1
3:0
3
-4
3
-3
1
0
-1
1
-1
1
2
-1
2
0
-4
2
-2
4
-4
3
-3
1
-1
2
2:-1
3
-3
2:1
-2
1
0
-1
2
-2
4
-4
3
2:-1
1
-2
0
2
-1
0
3
-3
1
-1
2:0
-1
0
2
2:0
2
-2
0
-1
0
-1
0
1
-1
2
0
-2
1
0
-1
1
-1
1
3
2:-2
0
1
0
3
-2
1
0
-3
0
4
-2
1
-1
4:0
-1
2
-3
2
2:0
2:-1
2
1
-1
2
0
-1
1
-3
0
-1
1
-1
2
-1
2
-3
2:2
-2
2:1
-1
-2
-1
4
-3
3
0
-3
3
-1
2
-1
2:0
1
-1
3:0
1
-1
0
2
88
-89
2:4
-7
2
4
7
-15
0
10
-9
-1
8
-8
0
1
0
3
-3
-1
2:0
4
-4
1
-1
0
1
4
-5
4:0
22
-22
0
1
3
-3
-1
1
-1
7
-1
-4
2
-4
2
-2
6
-6
0
7
-6
3
-4
2:0
2
15
-13
2:-2
1
-1
0
1
2:0
-1
0
2
-1
0
-1
1
0
14
-8
-6
2
19
-21
1
-2
2
22
-24
4
-1
-2
8
-9
1
0
-1
14
-5
-7
26
-23
-5
3
-3
2
11
-11
-2
0
3
6
0
-8
-1
27
-26
12
-6
-7
45
-45
1218
-1217
62
-56
-7
1
-1
2:0
1
-1
1
6
-5
2:0
1
-2
1
3
-4
35
-35
-1
8
-5
9
-12
0
2
-2
11
3
-6
34
-38
-2
1
-1
-2
504
-400
-103
-1
0
1
-1
6
-6
2:0
3
33
-35
3
-3
0
321
-318
23
-27
2
9
-11
0
23
-21
0
-2
0
78
-41
-34
-3
2:0
21
457
-478
3
46
-49
0
8
-5
3
117
-122
349
-350
37
-37
2:3
-3
65
-68
2
74
-71
4
-8
10
-11
34
-33
33
80
-109
6
-9
3
1
0
16
-17
2:-1
4
9
10
-8
3
-21
39
-34
-5
0
154
-143
-4
14
-18
-2
3
-3
1
-1
163
-164
15
0
-15
1
3
435
-435
-4
9
-8
2
-1
4
264
-269
1
0
1
5
-5
-3
10
-3
4
-10
137
-134
-3
1
-2
0
1
10
2
-5
-6
0
-2
2
-2
2:0
2
3
-3
-2
1
-1
2
-2
1
6
-2
1
-6
2:1
-1
1
-1
0
16
-12
-5
13
156
-164
20
154
159
-337
0
12
29
-42
0
28
-27
4
-5
2
-2
3
16
40
-58
3
-2
23
-22
14
-16
39
426
-465
10
3
2:-7
2
-1
2
1
5
3
9
-20
1
12
18
-22
6
-15
-1
6
-6
2
-1
21
-17
-3
1
-2
18
-19
7:0
1
10
-11
12:0
1
-1
20:0
1
-1
8:0
1
-1
2:0
1
-1
9:0
1
-1
7:0
1
-1
10:0
1
-1
0
1
-1
0
2:1
0
-2
10:0
1
-1
10:0
1
-1
0
2
-2
1
-1
5:0
1
-1
2:0
1
0
-1
11:0
5
-2
-3
4:0
1
-1
3:0
1
-1
8:0
1
0
2
-3
7:0
1
-1
3:0
2
-2
30:0
2:1
-2
6:0
1
-1
4:0
2:1
2:-1
6:0
1
3
-3
-1
16:0
1
-1
6:0
end
