v1
1056
553
190
237
249
41
11
139
0
39
9
496
84
35
110
119
380
56
21
1
146
24
135
55
7
153
161
7
165
191
133
16
170
249
300
12
121
152
159
136
98
0
322
269
24
111
101
324
10
136
58
140
126
41
160
413
339
92
64
20
220
90
46
23
21
135
31
88
118
19
277
72
152
33
20
24
193
25
257
79
57
139
93
7
176
12
47
45
30
69
59
212
193
4
84
22
275
431
282
18
48
146
442
59
280
126
121
255
433
1
63
1
41
29
12
26
68
327
39
257
72
95
254
27
121
279
259
113
300
94
147
128
16
157
55
337
312
286
8
404
208
29
12
33
38
25
18
17
21
6
71
2
3
14
134
118
54
19
2:9
3
62
59
14
50
30
35
38
57
17
127
118
203
243
1
173
120
225
160
35
219
110
304
10
33
6
116
338
121
141
85
101
41
87
172
151
24
243
15
410
17
14
110
189
46
2
83
70
217
12
41
423
105
175
9
41
758
83
218
71
5
329
55
5
51
109
2
24
157
187
75
50
47
168
122
363
32
248
65
193
5
28
29
51
196
36
128
57
69
7
8
147
40
283
110
611
36
45
20
184
452
175
70
121
8
11
32
43
320
89
100
54
47
61
6
29
92
20
88
153
59
5
20
3
104
89
5
9
248
255
58
72
60
63
155
34
123
31375
1
21
9
208
75
7
44
1
84
69
19
76
30
90
36
8
22
1130
22
165
14
71
166
18
47
2064
1246
2211
328
1553
5136
4
10816
2650
1551
15137
2169
819
925
2139
1385
2
4
10
8044
2859
882
958
2466
5143
1
2:8
2
1433
119927
3545
1735
5981
25
26
47
9417
32411
10
22
26
7
9
165
73
20
53
19
17
5
54647
890
157
9
27
57
6
12
17
145
27
10
3
10
2:1
6
5
2
1
77
5
643
29
32
160
16284
4654
0
3093
18188
1060
825
358
48
1014
665
436
532
2
3
4
18
31
39
47
27
8
19
9
31
37
3
1
43
47
9
1
40280
26
64
176
69
31
725
1
309
5
38
25
17
202
52
225
9
57
2:9
41
103
30
17
55
9
2
19
186
87
375
50
13
6
17
38
30
42
14733
84
49
7
47
7
28
1990
9722
2:1
150
12
1
115
35
29
26
2
11
62
65
119
2
22
1
22
25
2:14
12
-488919
38
161
87
50
29
129
79
148
167
142
14
113
197
69
42
18
104
220
92
224
19
9
112
123
3
15
220
16
35
23
46
43
37
13
162
188
74
55
2:2
132
7
65
29
117
1
3
167
64
358
101
165
256
21
341
98
32
80
124
19
117
3
4
180
293
12
76
67
18
88
121
117
124
6
205
59
75
24
66
34
30
298
162
71
69
9
34
39
23
54
16
113
26
2:138
31
32
60
109
75
128
12
6
27
145
137
10
156
94
69
47
53
12
447
190
129
18
34
5
310
19
44
31
368
310
13
338
71
54
45
29
23
9
31
219
51
42
51
2
37
283
13
211
62
187
33
302
159
0
13
20
220
146
197
43
64
34
14
51
65
78
97
25
208
374
89
7
311
72
22
64
44
224
97
62
6
140
202
200
78
361
16
63
86
2
27
92
21
144
114
195
50
10
137
25
144
94
62
4
40
11
33
23
19
75
6
2
14
5
14
8
1
46
25
1
70
53
3
14
114
55
4
128
5
7
25
17
22
38
19
18
38
16
69
305
11
255
34
52
2
242
35
18
111
229
183
10
261
274
18
6
220
40
84
83
337
242
23
19
12
108
58
149
0
86
16
314
27
248
56
144
151
99
463
203
152
13
42
270
390
238
1
111
184
185
10
7
216
29
165
112
3
25
251
5
67
21
94
38
30
147
142
330
131
175
48
114
178
146
10
46
27
200
228
90
337
494
162
156
29
100
112
135
115
48
359
101
47
28
4
2
21
8
276
17
12
15
117
109
29
85
34
21
89
228
296
67
21
13
172
0
36
20
83
39
69
40
53
46
77
73
4
15
168
31412
37
31
9
152
0
33
50
197
17
42
41
7
1164
29
35
170
92
62
3228
2876
1879
341
1391
316
355
348
691
6632
1322
1002
4736
7
5909
2526
2466
790
830
1211
3663
423
1768
3030
10743
2
1
4
11
868
3767
1548
1916
3
4164
1
16
1
2
4948
37
493
1
11417
104457
3543
7774
40854
1022
21
2
94
9
31
21
14
2
30
211
71
9548
26416
19276
101
102
5
166
47
58
52
93
4
51
3
6
148
644
13
31
14
55
63
3445
4380
10815
6565
0
9030
8793
1348
536
1
551
10
0
1477
206
6
1
25
18
1
2
45
11
3
87
3
38
3
63
39
15
9
30308
1513
8564
108
70
148
30
49
462
172
28
13
103
93
3
10
83
92
15
60
59
40
70
66
148
47
83
120
5
10
11
100
532
19
31
39
56
108
0
14859
87
12006
37
52
2
61
30
11
19
67
16
42
7
37
25
49
35
25
1424823000
499:0
1
555:0
19
80
-63
99
-117
32
-36
0
6
119
-126
231
7478
-7711
5
381
2339
-2700
90
-87
-30
7
40
1350
-1159
-217
-20
2264
-2262
0
-3
8
1
20
-22
138
-90
-55
4
66
0
-58
2592
-2483
1019
-1127
-10
70
-71
246
-224
23
0
36
2
-12
-55
37
-55
545
-545
137
-76
-23
-28
20
-30
12
228
-218
-18
-4
61
-40
-14
9
-11
37
-38
2
3
8
24
5
-27
106
-126
3
12
-9
5
13
-23
2
45
69
-74
-34
158
-164
2343
-2215
-127
146
-80
-66
8
17
-27
7
-8
113
-110
6
18
37
259
-323
7
9
17
-28
10
76
-90
62
542
441
-709
-330
263
-117
94
-246
51
-10
506
-462
146
132
-309
-51
0
467
-433
988
-1021
-1
-3
-2
5
36
-32
127
-53
-77
-3
691
-673
-13
114
-71
-51
227
-200
624
-617
-29
5
1
217
-221
-6
85
205
182
-312
32
-169
2
920
-941
115774
-115729
19467
-19339
-153
80
37
-51
1360
-1395
-54
192
-189
19
-13
80
-69
12
-12
-17
70
-73
974
-966
-1
-7
158
355
-501
3
23
9
24
18
-33
592
-599
-45
-5
2488
-2109
-367
-13
720
-597
-101
22981
-20836
-1984
-169
2
-11
43
-45
54
-55
110
-101
-2
442
-451
82
-41
939
-977
614
-594
67
27254
-27325
-13
526
-528
4
3
105
20
0
-39
-32
-27
4381
-4187
-219
-10
5
67
2496
39923
-42485
4888
-4896
2286
-1435
-822
438
-392
-27
2834
-2867
5816
-5831
10
354
-341
-23
21
-22
2
40
-40
17
2491
-2298
5746
-5954
142
124
-269
45
57
100
-149
549
-492
218
-321
17
858
687
-1555
57
-47
42
-66
80
-23
104
-154
-5
282
-103
-58
1915
-1540
-498
336
834
4024
-5024
2111
-2279
53
-55
84
-49
79
-110
6
-3
4
28
14
-11
-33
109
-116
23
47254
-47231
-22
89
-115
12
475
-461
33
10486
-10236
-303
302
-302
-3
673
-675
90
-87
-4
7
2290
7581
-9878
156
-74
-78
45
-36
38
5
7062
-7037
-23
-42
-12
1
25
103
3276
-3016
-352
80
-103
-16
4
39
43
-87
33
99
140
-204
132
-192
-2
116
-24
-54
99
-133
109
-102
-11
19
7
6651
-6684
1403
-1373
-28
40009
-40007
54
1102
18541
-14883
-4698
-86
184
1645
-1466
-337
117
-154
-6
-2
483
17425
-17922
291
-261
-8
143
-146
85
517
1264
-1706
-46
5724
-5840
56
-27
-42
-3
0
9714
-9664
-49
22
109
-130
8
873
-859
379
-393
1045
-1038
-15
-4
0
84
51
-135
139
-136
1227
-823
132
240
-777
426
-419
158
-117
-42
29
158
-196
2
43
1360
-1400
25
51
514
-563
-20
-15
-1
-3
2
-2
2
-3
3:0
2
4
2:-3
2
0
-2
5
2:-2
7
-6
-1
0
1
2:-1
2
-1
2:2
1
-6
1
-1
1
0
4
-5
7
-3
-2
5
-6
3
-2
2:0
-1
1
-1
1
0
-1
3
-1
-3
6
-3
-2
-1
0
1
-1
8
-4
1
-5
7
2:-2
-1
2
-2
4
-5
-1
1
-1
1
4
-5
6
3:0
-4
1
-2
1
0
-2
5
-2
4
1
-4
-3
-1
1
-1
1
5
-4
2:-1
4
0
-2
2:1
-3
-1
2:2
-1
-2
3
-4
2
-1
2:1
-2
-1
2:0
3
4
-4
-3
3
-2
2
1
2
-4
-1
1
2
-2
2:-1
4
-4
2
5
-7
5
0
-3
3
2
-7
1
3
0
-3
0
1
3
-5
2
0
-1
0
2:1
-2
3
2
-4
0
5
-5
-2
0
5
-1
-4
3
0
1
-3
0
-1
2
-2
2
-2
0
1
5
-1
-5
2:1
-1
5
-2
0
2
-3
3
-5
4
-4
-1
1
0
1
-1
1
5
-3
0
-4
5
2:-1
0
-2
3
0
4
-7
4
0
2
-7
1
4:0
4
1
-5
1
0
-1
0
2:1
-1
0
5
-3
0
-4
4
3
-7
1
0
5
-2
-4
4
-2
5
-6
6
-3
3
-3
-2
0
4
2:0
-6
3
4
-5
0
4
-4
-2
0
4
-2
2
3
-2
-1
0
4
-5
3
-3
-1
6
-5
3
-6
1
-1
0
7
-6
-1
1
2
-2
0
1
-2
0
2:2
-2
1
5
-6
2:-1
6
-4
2
-1
-2
1
0
5
-4
-3
6
-6
4
-1
-2
1
2:0
5
-6
-1
0
2
-1
0
1
2:-1
2
-2
0
4
3
-6
-1
3
-2
1
-2
8
2:-2
4
-6
-1
3
-3
-1
6
-1
-2
0
2
-1
4
-7
0
1
-2
3
4
-6
-1
5
1
-6
3
-3
2
-1
0
-1
1
0
3
-4
0
7
-6
-1
0
6
-5
-1
2:2
-4
1
0
-1
2
0
5
-2
-4
3
-4
7
-6
3
-2
2
2:1
-5
0
1
-1
5
-5
-1
0
3
-3
1
2
2:-1
1
0
1
3
-4
0
-1
7
-7
1
0
1
-1
2
-3
0
7
-7
-1
2
2:-1
6
-4
-1
3
-3
2:0
-1
0
2
3
-4
5
2:-1
-2
-1
6
-6
0
6
-5
-1
0
1
2
-4
6
-3
-1
4
-4
6
-5
2:-1
0
-1
0
4
2
1
-3
-4
2
-2
1
3
-1
5
-1
-2
-4
0
-1
4
-1
-3
4
-1
-2
1
3
2:-1
-2
6
-1
-2
-3
-1
1
-1
1
2
-3
4
1
0
1
-6
0
5
-2
2
-4
-1
1
4
3
-2
-4
-1
5
-6
1
4
-4
0
1
2
-2
12
-12
8
-5
0
-3
6
-2
-4
181
-181
1
19
4
-24
27
-24
-3
3:0
2
1
42
-37
-8
2:1
-2
0
1
0
2
4
-6
-1
21
0
-21
2:1
2
-3
-1
9
-9
3
-2
0
6
-5
2
-3
0
4
-5
2:0
1
0
2
0
-1
0
-1
11
-11
0
-1
4
-1
-2
-1
1
6
-5
1
-1
1
-3
0
2:1
2:-1
2:0
2:1
-2
0
5
10
-7
-8
2:0
19
-6
-12
15
-15
-1
1
0
-1
1
-1
6
-6
2:0
6
-4
-1
1
2:0
-1
3
-4
2:0
23
-22
31
-32
21
-19
5
-6
0
4
-5
52
-48
2:2
-8
2
62
-63
6
-5
3
-4
14
-7
-5
-2
18
27
-46
3
26
-29
1
6
-4
-2
7
-3
9
-9
-4
4
1
9
-15
1
14
-7
-1
3
-8
1
0
72
-69
1861
-1863
75
-52
-23
11
-11
2:1
-5
-1
37
-34
-3
2
15
2:-8
1
-2
15
-15
109
-107
2
-4
13
-1
-10
3
-4
4
0
12
-17
69
-67
-1
0
53
-54
3
1
7
-5
-3
829
-750
-67
-15
1
-1
0
1
8
-9
11
-11
5
-3
-1
1
8
35
-44
46
-41
2
275
-280
0
43
-46
4
1
6
-3
30
-23
-9
-4
161
-87
-70
-5
4
-3
28
788
-816
130
-132
2:1
2
10
1
-7
159
-166
636
-635
1
109
-111
5
-3
3
2
-1
-2
0
131
-134
225
-227
17
-4
-13
0
8
14
-22
1
-1
64
-62
-2
53
192
-237
7
-15
6
-6
8
4
9
-17
0
-3
2
29
14
-17
-29
29
23
29
-81
187
-185
-1
4
-5
14
34
-44
-1
1
0
-3
0
11
-1
-10
-1
2
256
-255
17
1
-19
0
-2
1
5
966
-972
0
16
-14
-1
30
-27
3
-6
0
5
2
313
-321
13
-3
0
-9
10
-3
0
360
-335
-28
1
-3
0
13
4
97
-108
-7
2:-1
2:3
-4
-2
0
8
2
1
-4
9
-14
2
14
-18
4
5
-6
17
-19
0
-1
5
18
-20
28
-31
0
316
-315
11
76
292
531
-904
-2
13
279
-264
-26
13
-11
-7
1
54
226
-281
-2
20
-17
34
-30
-7
32
12
53
-85
416
-426
24
-24
3
-4
-1
542
-525
-17
5
-3
9
-7
0
8
-1
-10
11
-11
-1
2:0
1
15
-15
5
-6
39
-15
-7
29
-46
38
-36
0
6
-3
-2
18
-21
0
11
1
-11
4
2
-6
2
-1
-2
1
-1
13:0
1
-1
0
2:1
-2
9:0
1
-1
0
1
-1
23:0
1
-1
3:0
3
-3
1
-1
2
-2
4:0
1
-1
9:0
2
-2
1
-1
28:0
1
-1
2:0
1
-1
11:0
2:1
-2
8:0
2:1
-2
2
0
-2
1
-1
10:0
1
-1
8:0
2
-2
3:0
1
-1
11:0
2:1
-2
0
1
-1
2:0
4
-3
-1
0
2
-2
1
-1
4:0
3
-3
15
-14
-1
0
2
2:-1
4:0
2
-2
0
1
-1
3:0
2:1
-2
9:0
1
-1
1
2:0
-1
0
1
-1
5:0
2
-2
3
-3
0
1
2
-3
0
1
-1
2
2:-1
2
-2
0
1
-1
0
1
-1
3:0
2
-2
7:0
4
-4
4
-4
5:0
2
-1
0
-1
1
-1
2:0
2
-2
2
-2
5
-5
2:0
2
-2
5:0
1
-1
0
1
-1
0
1
-1
17:0
1
-1
5:0
6
-4
-2
1
0
-1
1
-1
1
-1
0
2
-1
2
0
-3
5:0
3
-1
-2
2:1
-2
8:0
1
-1
2:0
1
-1
0
1
-1
0
1
0
-1
3:0
1
-1
5
-5
3:0
1
-1
0
1
-1
1
-1
2:0
2
-2
1
-1
11:0
1
-1
2:0
1
-1
3:0
1
-1
2:0
9
-8
-1
2:0
1
5
-5
-1
5:0
1
0
-1
0
2
3:0
-2
2:0
1
0
-1
3:0
2:1
-2
1
-1
2
-2
2:1
-2
0
1
-1
2:0
1
2
-1
-2
3:0
2
-2
2
0
-2
1
-1
5:0
3
-3
6:0
1
-1
7:0
1
-1
2
0
-2
3:0
1
-1
2:0
3
-3
9:0
end
