v1
972
1229
31
199
9
130
432
53
272
42
237
1
57
56
22
28
118
707
328
284
157
215
189
171
321
72
322
404
435
194
307
27
133
161
252
267
195
33
330
90
33
145
43
170
349
185
262
257
79
374
232
136
44
160
193
110
104
171
431
16
478
388
54
59
67
213
126
915
128
7
104
135
88
368
95
94
160
148
544
107
205
189
275
16
93
64
219
374
111
294
109
466
10
27
29
45
38
25
18
8
4
5
21
30
47
2
24
127
118
73
9
12
62
59
35
29
65
57
38
144
118
85
362
0
173
120
639
110
314
33
6
116
146
192
121
35
106
186
41
259
146
5
267
15
441
110
189
48
153
229
41
703
9
799
301
83
10
176
136
55
50
6
109
2
24
157
187
75
50
655
65
518
33
176
13
10
33
38
42
90
38
19
107
15
147
40
393
609
2
101
82
102
41
371
40
175
142
49
8
11
32
80
6
466
54
47
61
35
92
20
88
153
59
5
20
3
198
9
442
251
63
117
72
77
31421
22
9
12
47
145
4
51
31
44
85
88
196
36
8
22
1043
7
30
24
48
68
111
71
166
0
18
47
2064
0
1246
2211
328
1553
3764
1372
4
10816
1500
1150
4766
5782
830
5310
2988
3064
1385
2
8091
2826
1840
2466
5151
11
1433
3523
116404
1
3544
7741
73
9417
32411
10
22
33
9
125
40
146
36
5
54647
816
74
67
90
36
57
6
12
17
127
18
27
13
10
2:1
6
5
85
672
32
16444
4654
3093
18188
813
1430
1062
665
766
202
5
22
31
86
54
40
37
3
1
43
47
4
5
1
30302
9978
26
64
176
69
31
725
1
352
25
17
479
9
2
55
2:9
41
103
47
13
38
15
19
273
438
9
14
15
23
72
14918
2
7
2018
9723
1
150
12
102
14
54
4
6
26
75
5
60
22
54
45
22
23
39
14
12
47
69
-489025
0
548
15
189
268
127
113
115
24
56
18
30
362
24
138
86
37
53
391
36
104
0
140
180
383
424
34
47
277
135
196
101
47
50
46
291
52
92
6
82
0
477
293
113
148
46
322
151
68
25
122
2
352
71
137
165
43
61
60
11
130
9
307
38
163
24
117
389
105
5
163
56
0
100
12
268
199
119
113
124
118
45
101
140
326
529
55
94
488
817
0
173
216
413
15
70
217
215
84
98
145
55
30
172
380
68
28
45
283
53
24
108
132
59
33
240
38
429
0
197
347
60
359
169
142
121
26
43
73
7
116
75
74
23
130
6
8
48
3
14
117
11
2
17
88
2
180
53
15
39
37
38
109
98
50
6
165
0
102
43
162
57
87
440
160
35
96
331
206
349
30
471
201
28
111
298
50
85
190
27
52
196
6
17
99
186
5
56
385
534
27
20
887
288
0
7
16
64
93
29
245
103
150
52
43
152
56
167
217
50
106
4
3
315
155
154
9
19
29
291
51
135
11
12
21
18
0
220
76
195
2
281
644
158
268
181
452
215
174
146
51
136
100
159
270
203
100
153
57
31
21
70
229
14
81
4
8
248
9
31542
64
194
2:67
25
187
1
7
1
126
1037
345
117
135
59
2960
2877
2219
6261
5797
4742
16006
5738
3530
10
8046
3739
943
34
3430
1035
6
3119
1
6
2
15
1
1414
33
23763
83046
0
24351
8
51
40860
916
89
68
62
65
127
1
19
72
11037
25036
19320
7
50
83
192
38
8
41
44
172
26
726
49
41
3580
4382
4973
12405
9030
8434
121
441
44
825
1231
1826
7
6
2
35
2:1
41
2:5
64
10
25
104
50
40123
576
9
46
280
5
226
172
240
0
23
177
110
275
32
22
134
72
48
240
393
25
44
13
37
13
14866
83
139
11712
126
214
32
15
93
11
29
22
100
85
107
-488954
436
865
734
193
15
45
1
106
62
81
523
160
880
205
255
467
29
89
101
131
64
109
98
257
212
228
440
311
110
636
568
247
451
540
29
65
178
166
62
538
462
33
7
409
149
33
424
87
93
373
422
56
888
83
35
61
1816
69
1526
974
2
97
31
8
582
181
63
93
1262
420
516
721
119
417
203
586
250
187
479
172
272
12
133
2002
62
153
0
549
259
612
146
90
433
107
500
457
383
24
281
172
47
546
321
380
127
118
311
231
125
41
159
28
31
31544
17
108
321
194
1198
8150
2048
3437
3230
11937
7802
13969
8046
31
2814
4308
6628
169454
3607
188
286
71
6595
48645
374
254
50
4
6
786
19
163
17452
20040
5700
2282
1715
116
51
144
40804
12
662
13
533
157
22
72
35
950
157
14937
11939
165
283
7
153
1424977800
399:0
1
399:0
1
171:0
13
6
7
-4
117
-72
14324
-14298
-28
-27
-7
73
721
-676
91
-207
45
-52
52
-67
116
-109
66
-59
207
-220
1434
-879
-539
29
46
-89
2
19
-18
16
41
-48
-10
6
545
-430
624
-740
-7
7
18
-17
-5
411
-413
10
-11
24
100
1006
-914
334
-523
74
-11
190
-280
3
343
78
-355
18
-17
-39
-33
392
-379
0
10
-9
72
-83
53
-55
360
-238
386
-509
110
-103
14
11
254
-281
4
-3
-1
38
-36
575
-565
922
-901
-8
-19
13
-23
17
-13
29
198
-137
-51
1007
-1049
64
906
-832
137
-109
-166
-1
113
-9
-104
206
1
-16
-111
-68
356
237622
-235964
6929
-8824
-105
-14
9
46
-46
11
49
-71
45
-42
-12
94
-86
34
13
303
-337
32
1313
-1369
0
60
431
-477
-12
19
-19
4466
-4464
19
-21
592
-580
47
25213
-9814
-15407
-48
9
46
-46
-9
1074
-902
-169
50
-47
52
1296
-1359
1169
-983
76005
-76191
799
-798
1
49
-34
108
-92
-26
66
-37
-29
0
6604
-6486
-102
36
-54
1047
135819
-136848
5042
-5052
10
43
-46
54
-73
5095
-5068
3803
-3609
-220
16
-2
4
30
1610
-1657
4771
-4563
-33
-173
-5
923
-872
-42
15
134
905
-804
2114
-27
-2332
715
-727
19
-21
24
976
-1000
0
11
31
6
-33
-14
45
11
138
-81
1437
-1171
3920
-4289
460
940
-1398
1565
-1507
-57
47
2192
-2165
-88
52
19
-68
0
29
20
-42
51093
-51074
7
-30
-2
202
140
-327
5366
-5375
59
219
-214
888
-942
-16
-4
41
9877
-9918
10
5
-12
41
134
-162
70
-69
1092
-1104
97
-83
-17
7
24
40
707
-748
-28
7
41
-33
464
-432
35
-49
552
-563
71
-49
-27
-8
17
25060
-22256
13572
-16396
479
11844
-6406
-5814
-106
51
506
205
-766
2608
-1943
-646
15
-14
9
170
555
-725
-15
48
75
756
-683
-84
-116
22489
-22494
39
-39
6
-10
7778
-7758
-18
-6
62
-58
36
138
1713
-1856
116
-33
0
1728
-1393
-203
489
-688
560
531
-1126
7
25
540
-586
-1
139
57
135
-205
45
-159
0
-2
23
406
-449
2:0
1
6
-5
2:1
3
-3
2:-1
0
-3
2:1
7
-9
1
0
4
-1
-3
0
2:2
2:-2
2
-3
0
5
-4
-1
0
8
-3
3
-7
0
1
-1
4
-3
4
-2
-3
1
3
0
-3
-2
3
5
2:-2
-3
0
1
2
-2
-1
0
5
-6
2
0
1
-2
2
5
-5
-3
1
0
2:2
-3
2
2:-2
2
-2
1
0
7
-5
2
1
-6
1
0
2
4
-6
6
-3
-1
-3
0
6
2
-5
-2
6
-7
5
-3
5
-6
2:3
-5
0
-1
2
-3
3
-2
1
2
-3
1
2:0
-2
0
1
0
3
-3
0
2
6
-8
-1
2:0
9
-6
4
-6
0
1
-1
0
-1
8
-8
1
5
2:-3
6
-3
-1
1
0
-3
1
2:4
-9
7
1
-7
1
2:0
3
-3
-2
1
2:0
2
-3
1
3
3:-1
7
-2
-5
-1
4
-3
1
2
-3
2:1
0
-2
2:0
-1
0
7
1
-5
2
2:-2
1
5
-3
-1
0
5
-5
-2
2:0
-1
1
2
0
5
-8
5
-5
2:0
2
2:-1
4
0
5
-9
7
-7
8
-8
4
1
-5
3
1
-2
2:-1
2
4
-5
9
-10
3
-2
1
-1
2
4
-1
2:0
-5
1
-1
7
-8
5
-4
0
5
-6
8
-4
-1
-2
7
-6
0
-1
3
2:-2
2
4
-4
-1
2:1
6
-5
-3
1
4
-5
1
4
-4
1
0
5
-2
2
0
-7
6
-6
-1
2:2
-1
-2
-1
2
0
1
-1
5
-6
5
-1
-3
-1
0
2
-1
1
5
-5
2
-5
1
5
1
2
-8
3
0
-3
-1
5
2:-2
-1
1
7
-7
-1
5
-1
-4
0
2
0
5
-4
6
-4
4
-7
2:0
4
-6
0
9
-9
8
-4
-2
2
-1
-2
2:0
6
-7
3:1
0
-2
-1
0
5
2
-6
8
0
-9
3
2:1
2
-6
4
1
-5
1
5
-3
1
2
-2
-6
0
1
0
-1
1
-1
3:0
1
-1
2:0
1
4:0
-1
2:0
1
-1
1
-1
1
-1
1
0
-1
2:0
1
-1
0
1
2:0
-1
0
1
-1
2:0
1
2:0
-1
3:0
1
-1
1
0
-1
1
-1
2:0
1
-1
1
2:0
-1
1
0
-1
3:0
1
-1
3:0
1
-1
1
-1
4:0
1
-1
1
3:0
-1
1
2:0
-1
0
1
0
-1
6:0
1
0
-1
1
3:0
-1
1
-1
1
-1
1
-1
1
-1
0
1
0
-1
0
1
-1
0
1
0
-1
0
1
2:0
-1
3:0
1
0
-1
0
1
-1
2:0
1
-1
5:0
1
2:0
-1
0
1
-1
0
1
-1
4:0
1
3
-1
0
2
0
-3
158
-158
2
2:0
6
14
-2
-15
-2
6
-7
11
-13
0
1
7
-6
26
-27
4
1
-2
15
-19
1
-1
6
-6
0
5
-5
3
-2
2
-3
22
-21
2
0
1
-2
5
1
-5
-2
2:1
0
-2
15
-10
-6
12
-10
18
-20
2
16
-16
4
-3
3
2:-3
1
0
3
-3
3:0
5
-5
53
-46
-6
-1
2:0
-1
5
91
-94
-2
6
-4
7
-8
52
-50
1
-4
2
-2
14
-9
21
-23
-2
24
2
-24
46
-48
10
-7
-2
9
2
-11
2
-1
5
-8
30
0
-13
-7
-6
74
1725
-1800
109
-88
-24
2:2
-3
2
3
-6
8
2:-1
-5
11
-7
-5
13
37
-35
-11
18
-21
1
11
30
-42
1
2:0
46
-42
-4
4
5
-10
3
805
-634
-166
-9
0
7
-4
1
-4
0
5
-3
2
-3
45
-46
39
-36
455
-454
47
-49
-2
6
-5
18
-19
2
25
-19
-8
5
137
-78
-53
-11
1
29
902
-919
126
-139
3
-1
11
-10
6
186
-190
549
-475
-78
1
3
2
-5
87
-87
182
-170
0
-14
0
4
-4
0
7
14
-16
58
5
179
-244
7
-10
1
0
-1
14
-14
3
6
24
1
-32
-1
13
-1
-5
11
21
13
-47
-6
23
20
-41
53
-53
1
-2
166
-161
-5
14
27
-33
-6
0
9
-9
193
-195
2
18
-21
34
-34
6
531
-537
3
7
-8
21
-19
3
-3
2
294
-297
4
3
-10
11
-8
7
-4
4
331
-339
25
-25
1
2
8
3
93
-102
-6
2:0
1
8
-2
0
-3
10
-12
11
-14
8
-6
5
26
-13
277
-290
50
731
461
-1243
-5
3
7
147
-157
24
-20
5
-6
-1
-2
28
121
-135
-11
40
-30
10
-23
60
-56
637
-641
10
-5
-6
0
317
-304
-11
0
-1
8
-7
17
25
-29
-10
29
-27
24
-14
-9
17
-25
44
-40
-3
0
5
7
-12
1
51
-53
15
-3
-4
-7
1
2:-1
34
-34
6:0
2
-1
0
-1
2
-2
0
2
-2
1
-1
7:0
40
-40
1
0
-1
5:0
1
-1
5:0
2
2:-1
0
1
-1
5:0
1
-1
1
-1
3:0
1
-1
2:0
1
0
-1
5:0
1
2:0
-1
6:0
1
-1
1
-1
2:0
1
-1
2:0
2
-2
8:0
2
-2
1
-1
2
-2
0
2
-2
6:0
1
-1
0
2
-2
5:0
1
-1
1
-1
3:0
1
-1
0
2:1
-2
1
-1
9:0
2
-1
2
-3
8:0
1
0
-1
3:0
4
-4
0
3
-3
5:0
4
-3
-1
2
2:-1
2:0
1
-1
3:0
3
-3
5:0
5
-5
2:0
1
-1
2:0
4
-4
1
0
-1
2
-2
1
-1
3:0
2
2:-1
6:0
3
2:0
-3
1
-1
3
-3
0
1
-1
1
2
-2
-1
4:0
4
-4
1
-1
3:0
6
-6
0
1
-1
2:0
3
-3
2:0
1
2
-3
1
0
-1
3
3:-1
1
2
-2
-1
0
1
-1
0
4
-1
-2
-1
0
2
-2
3:0
2
2:-1
2:0
3
-3
5:0
2
-2
3:0
1
-1
2
-2
2:0
1
-1
3:0
1
-1
6
-6
4:0
3
0
-3
0
2
-2
0
2:1
-2
1
-1
3
-2
1
-1
0
-1
2:0
1
-1
2
2:-1
2:0
1
-1
3
-3
3:0
1
-1
3
-2
-1
0
2
-2
4
-3
-1
6:0
2
2:-1
6
-4
-2
2:0
2
-2
0
6
-5
-1
3:0
1
-1
27:0
1
-1
37:0
1
-1
19:0
1
-1
2
-2
14:0
1
-1
6:0
1
-1
0
1
-1
6:0
1
-1
7:0
1
-1
5:0
1
-1
0
2
-2
7:0
2
-2
0
1
-1
1
-1
1
-1
6:0
3
-3
4:0
end
