v1
762
539
234
273
140
36
7
167
38
25
9
26
140
396
53
314
110
144
41
56
7
15
0
28
378
114
122
39
7
12
65
88
539
73
336
41
203
152
371
22
251
71
133
160
145
10
285
96
10
162
32
41
2
264
73
5
3
166
79
180
67
278
116
101
28
197
195
142
16
8
12
46
19
148
277
72
185
5
15
24
144
74
194
63
127
4
5
139
93
242
45
30
69
67
44
147
13
193
46
33
31
39
65
136
35
303
128
113
40
341
0
212
151
25
54
126
213
126
657
258
135
104
14
5
96
0
2
18
127
55
30
244
95
94
160
27
84
37
290
22
162
1
77
99
205
95
94
257
18
6
10
157
593
111
294
404
0
181
27
29
12
16
17
2:19
25
18
38
7
16
7
1
46
26
103
7
13
4
101
17
73
9
74
59
55
9
35
30
38
19
55
0
73
172
74
373
173
4
116
225
160
35
96
233
147
157
10
33
6
29
87
117
29
138
54
121
226
142
59
200
30
84
32
141
146
129
27
248
6
17
313
10
5
31
2
83
70
217
12
41
68
241
114
43
62
127
48
50
129
629
199
102
71
2
20
252
115
24
26
115
2
0
66
115
187
75
378
327
65
12
93
83
72
29
229
33
29
203
46
34
128
57
69
7
8
147
40
158
235
611
36
45
20
82
102
255
160
37
175
70
63
66
11
31
1
80
210
95
167
54
47
31
30
127
20
88
153
59
5
20
3
93
11
94
33
224
119
75
103
0
16
72
60
218
34
64
13
14
31402
5
22
9
237
50
3
44
85
88
77
30
89
36
8
22
932
54
56
1
87
22
68
83
28
71
166
18
47
281
1783
1246
2211
328
1553
3764
1372
4
2464
8352
2650
1553
3213
4989
3
790
830
1211
4099
2988
4449
2
8058
31
2
1
2811
14
882
958
2466
474
4669
1
7
1
10
6
5480
115874
0
1
3543
1
7741
32
41
4
9413
28772
3646
3
20
2
26
7
9
111
14
40
93
53
19
0
17
5
7255
48116
92
47
27
157
7
2
27
57
6
29
127
18
2
25
7
3
1
2
10
2:1
6
5
85
643
29
20
4
104
56
6
4
3447
12835
4654
3093
1178
0
3878
5152
7980
1885
358
873
133
10
46
0
665
968
2
3
4
0
2
5
11
0
27
4
58
28
10
17
8
14
2:5
35
3
6
28
3
1
43
37
1
4
5
0
9
1
30302
9978
26
64
176
15
0
54
31
89
49
231
356
1
87
209
13
68
17
77
15
229
149
2:9
21
26
10
2:9
144
30
17
0
31
15
20
19
273
116
272
32
5
19
17
15
23
58
14
14733
140
15
30
2
7
8
2010
9722
2:1
146
4
12
116
28
7
19
6
4
28
73
35
30
22
40
59
2:11
37
11
14
12
14
-488918
37
1371
1
284
205
252
195
336
142
60
19
209
528
688
457
26
267
8
12
298
104
536
73
290
747
622
227
70
390
17
244
429
284
171
422
227
147
303
46
11
770
317
22
74
392
18
271
883
279
399
6
280
1060
328
321
88
278
626
164
318
121
621
15
368
106
114
150
14
107
142
74
392
99
517
651
70
496
320
682
77
442
29
789
1115
204
308
395
995
705
142
1122
62
193
49
571
444
978
496
49
133
189
335
164
469
156
459
53
21
102
77
15
31566
82
161
574
1439
164
30
7715
7282
5116
24740
3
1741
3
3530
8086
4652
3464
1014
4598
131188
42021
36382
19336
41
305
15
261
6
804
43192
0
4161
71
266
40684
94
1471
535
520
18
69
15019
1977
9900
270
102
98
69
0
1424961000
599:0
1
161:0
174
-168
-1
0
-2
33
-34
108
-104
6
-9
-1
5
8202
-8158
-41
-7
2679
-2431
-236
-7
3
35
-44
203
-200
9
-12
4
-4
1722
-1719
57
-54
-6
4
64
-65
131
-135
14
-14
5
-3
0
-1
1
519
-520
0
13
-11
17
-20
2:1
54
-56
1
9
-9
84
-62
-23
2
1
-2
3
-1
19
-21
2
395
-361
-27
27
-35
275
-265
-8
8
32
-16
88
-113
26
-28
0
740
-739
65
-62
-3
24
-19
30
-22
-15
0
54
-54
1327
-1326
409
-409
258
-258
2
7
0
-7
15
-17
240
-239
53
604
-652
30
-34
3
-4
24
3
1
-29
11
-11
2
-1
5
14
-20
0
29
-26
7
111
-116
11
-16
0
4
-4
33
123
-143
30
-44
162
-158
11
6
21
-41
0
-1
2
3
-3
4
0
-4
403
-401
95
-92
-3
-4
3
22
-19
-3
59
2:-30
90
-89
39
-36
279
-265
-8
-9
21
-20
146
-129
-19
5
3
-10
120
-116
174
-67
-110
29
-23
-5
0
4
441
-445
3
94654
-94658
7072
-7073
99
-98
20
-5
-7
30
-28
94
-101
4
-4
1
15
-17
64
-64
-2
2
-2
10
54
-44
-12
-2
130
-127
37
-46
36
975
-1005
24
-25
-4
1
-3
14
-11
-2
65
-62
993
-912
-85
20
-20
2286
-2284
1
13
9
5
-30
29
9098
-2332
-6794
19
-12
-8
47
-44
23
-23
18
-17
152
-154
-2
1
891
-884
1165
-1152
56
47153
-47223
1
771
-777
2
-2
13
10
91
88
-202
38
-5
68
-96
1838
-1716
-127
18
41
-60
10
182
34504
-34683
-12
2233
-2227
-5
51
-13
-31
2676
-2684
1643
-1645
38
190
-227
0
-1
4
-3
0
2
-2
25
-25
930
-432
-496
-2
8
2237
-2211
50
-82
11
56
-24
744
-641
-149
1
240
899
-1133
198
-197
-5
-2
3
8
3008
-3008
-9
137
-123
36
1
-50
-1
35
174
-191
261
42
-260
-40
266
-289
622
222
-812
12
-42
4
19
-25
13
740
-293
-444
44
-32
-28
3
7
-11
92
-75
265
-264
-14
-4
128
-126
4
34319
-34303
-21
8
2
3
-13
70
192
-262
41
-41
5569
-5568
11
117
-126
185
-188
1
140
-138
-3
8
-9
5
-3
-1
48
10343
-10391
1
22
-23
2:11
-15
-1
156
-134
49
2096
-2166
6
-13
8
-8
1
-1
9
-9
6
7
600
-456
-157
14
18
15
-36
-11
-1
21
-5
-14
15
1
1063
-1079
-1
32
-24
39
-46
64
-65
3
-4
29
3
43
-8
-39
-24
-3
0
-1
2
132
1
-132
467
-427
790
-826
2
-8
2
8625
-8627
11
-12
2
121
9159
4065
-13334
253
-265
1
8
0
110
194
-305
573
-130
-202
962
-1202
-1
-5
3
-4
8
-8
184
127
-309
-1
1
2
39
-40
-4
0
-1
33
478
-505
0
112
-118
5909
-5893
-13
4
5
-8
2
4243
-4224
-9
147
-163
-1
6
88
-81
24
32
-68
1290
-1287
-3
9
102
1205
-1029
-201
-20
-64
1988
-1773
-217
104
565
-512
-94
-49
-12
-2
93
-83
139
-147
49
2
-53
21
-21
29
-29
5
19
-21
4
-8
2:0
-1
1
3:0
-1
1
-1
1
-1
0
1
2:0
-1
1
2:0
-1
1
0
-1
0
1
-1
0
1
-1
2:0
1
0
-1
2:0
1
-1
5:0
1
-1
5:0
1
0
-1
0
1
-1
1
2:0
-1
1
0
-1
1
-1
1
-1
1
-1
3:0
1
2:0
-1
3:0
1
-1
0
1
-1
8:0
1
0
-1
0
1
-1
0
1
0
-1
1
0
-1
2:0
1
0
-1
0
1
0
-1
5:0
1
-1
1
-1
0
1
5:0
-1
2:0
1
-1
1
-1
1
-1
1
0
-1
1
3:0
-1
1
-1
6:0
1
3:0
-1
1
4:0
4
-4
1
-1
1
0
-1
0
95
-93
-2
1
11
-1
-9
9
-1
-8
-2
2:0
2
19
-21
0
10
-10
9
-9
2:0
8
-8
18
-18
7:0
5
-5
1
-1
0
6
-6
5:0
2
-2
0
2
-2
0
1
0
-1
1
-1
2:0
22
-20
2:1
-4
2
-2
0
4
-4
5
-5
3:0
2:1
0
4
-6
2
2:-1
1
0
-1
1
2
-3
2:0
10
-10
2
-2
0
3
0
-2
-1
0
14
-14
7
-4
-3
3
-3
1
-1
1
-1
0
1
0
-1
1
-1
1
4
-4
-1
3
-3
2
-2
1
-1
5:0
25
-24
7
-8
2:2
-3
1
34
-36
0
1
3:0
-1
3
-3
44
-44
6
-4
-2
0
2:1
5
-6
0
1
-2
20
-20
6
-5
30
-27
2:-2
1
-1
14
-12
-2
2
0
-2
6
-5
39
-29
-11
3
-2
-1
2
0
54
-56
1
1436
-1436
74
-75
11
-11
0
2
0
4
-4
-2
1
3
-3
-1
3
-3
5
-4
-1
1
2:0
10
-9
2
-4
35
-35
14
-14
3
16
-19
1
3
-4
1
-1
1
0
-1
11
-11
91
-86
-5
6
-6
36
-36
2
4
-1
0
-5
1
439
-314
-126
2
-2
0
1
2:0
-1
4
-3
1
-2
2:0
38
-36
21
-13
-9
402
-399
-4
42
-42
2:0
3
-3
7
-5
-2
9
-7
2:-1
78
-33
-45
6
-5
-1
0
9
579
-586
-1
74
-75
0
2:5
-2
153
-161
345
-345
4
49
-52
0
-1
3:0
6
-4
0
-1
62
-62
0
-1
0
110
-103
2
-8
-1
4
7
-8
44
-46
-1
35
105
-138
6
-4
-3
-1
1
-1
7
-7
0
3
6
14
-12
-10
-1
12
-9
1
24
-3
-24
-1
16
-16
29
21
-50
4
-4
2:1
-2
0
83
-77
3
22
-31
2:1
-2
1
0
1
9
-7
-4
2
-1
0
-1
168
-163
-5
7
0
-7
1
21
-22
0
4
-4
286
-286
2
5
-7
12
-12
1
7
-8
0
1
-1
5
-3
0
5
209
-214
-2
4
-4
4
2
-4
1
-3
11
-8
175
-178
7
-7
2
-2
0
2
0
-2
5
1
68
-70
-4
4
-4
5
-5
2:0
1
2:0
1
0
2
-4
3:0
5
-4
4
-4
-1
0
3
0
11
-8
-5
-1
3:0
2
14
0
-15
9
-9
7
-8
3:0
213
-212
4
-5
0
28
215
412
-653
-2
0
1
2:0
5
52
-55
15
-17
5
0
-5
0
2
-2
0
1
-2
12
55
-66
0
2
-3
21
-20
-1
2:0
2
12
-10
-4
54
-54
441
-432
-9
3
0
-3
0
166
-155
-9
-2
2:0
4
1
-1
-2
10
-12
28
-28
2:0
48
-35
12
-24
3
-4
18
-4
-14
10
0
6
-15
2
-3
0
1
3
7
-10
3
9
-13
9
-8
5
-6
1
-1
0
1
-1
37:0
1
-1
27:0
1
-1
10:0
1
-1
3:0
1
-1
4:0
1
-1
3:0
1
-1
4:0
2
-2
23:0
3
-3
11:0
3
-2
-1
2
2:0
-2
16:0
end
