v1
996
297
446
486
205
34
615
229
323
57
56
22
146
374
41
292
612
437
295
393
455
136
135
435
194
22
0
118
303
299
138
278
217
453
102
31
225
534
20
156
343
127
148
93
67
175
415
177
401
431
494
442
339
69
749
223
135
327
557
160
27
121
651
255
139
275
16
619
463
65
8
109
411
121
12
71
43
4
57
207
118
82
74
123
30
35
57
300
447
173
120
225
160
364
314
33
6
116
163
296
141
227
259
175
214
44
740
10
38
83
220
79
41
703
808
301
460
56
109
2
24
82
262
75
50
215
765
11
247
62
283
128
126
15
147
433
611
36
65
184
452
175
70
121
8
11
395
89
100
54
47
61
35
92
108
153
64
23
193
5
359
343
63
189
31493
5
22
246
97
85
88
196
36
30
1568
18
47
3310
2211
328
1553
2725
2415
10816
2650
4766
4989
6933
7439
4
8078
4675
2466
474
4670
16
2
5
1
5480
115874
3544
1
7741
9490
32443
42
238
20
89
5
55694
36
57
6
12
17
145
27
24
1
6
5
2
755
190
16286
4654
3093
18188
813
1072
358
1062
665
436
532
2
1
6
7
11
31
86
54
77
3
1
94
5
1
40280
26
64
9
167
11
58
756
1
352
42
479
9
57
2:9
41
103
47
57
9
730
23
38
72
14918
2
7
2018
9723
1
150
12
1
115
64
26
13
62
28
37
22
61
38
22
48
28
12
7
86
-488981
27
0
141
329
33
12
462
78
26
131
23
92
24
5
25
30
14
211
64
97
44
5
49
0
35
163
98
11
0
86
40
3
64
3
43
124
39
36
46
43
37
158
144
135
103
37
39
7
62
15
116
0
30
191
79
12
42
141
16
45
54
32
99
83
134
58
148
132
28
122
29
55
28
0
47
32
80
75
49
19
376
0
50
56
0
115
79
149
33
46
53
2:9
4
21
63
42
100
64
0
162
71
9
81
63
16
36
0
14
116
140
40
0
161
141
32
72
55
53
76
305
43
23
84
191
91
12
178
137
68
0
32
10
19
91
21
108
15
118
227
72
70
37
20
170
147
98
0
12
122
12
74
0
31
19
44
126
7
165
22
33
4
106
139
101
6
9
7
5
300
200
29
23
27
232
22
182
486
249
28
1
14
4
43
31
246
99
28
177
192
30
6
64
0
1
169
46
65
117
116
20
9
30
11
14
155
4
43
71
96
283
145
24
71
11
86
17
0
53
24
64
52
84
10
55
67
278
29
25
10
165
9
269
11
53
65
248
27
6
46
145
116
51
214
139
45
170
5
2
101
15
7
21
154
6
27
0
24
50
2:6
38
2:13
8
5
4
7
4
12
3
6
22
2
1
46
2
3
14
117
16
100
92
7
0
12
2
53
49
5
2:14
81
0
4
20
13
35
28
21
25
0
127
27
219
249
148
180
129
265
147
133
138
157
119
449
54
156
292
15
85
28
3
108
27
124
56
5
53
44
290
24
79
196
0
6
17
14
110
204
18
81
87
150
255
174
114
93
12
132
52
41
168
95
399
111
0
184
155
18
5
7
10
30
222
277
71
115
56
37
187
79
136
154
148
26
132
12
77
66
0
154
9
310
30
142
4
50
6
38
95
94
38
76
195
283
63
581
158
73
24
5
100
66
296
55
229
225
68
10
8
328
132
95
43
22
207
228
20
25
72
0
24
11
5
64
2
21
35
0
118
54
52
312
39
2
32
13
8
21
9
93
0
32
45
15
42
35
91
31
31376
73
95
57
4
5
0
4
13
42
27
11
3
31
36
25
147
33
7
8
14
106
7
29
39
915
12
71
28
7
30
50
4
86
64
22
25
71
0
61
3139
665
0
6841
693
7953
330
0
671
1805
12253
1586
1620
4874
423
10
2172
1744
0
872
2652
8060
31
2
2826
0
882
943
0
34
2434
998
1033
0
3125
7
1
19
1412
6
7
21
1021
2481
121684
5981
51
6
41
4
12078
29746
7
3
18
2
28
7
3
133
38
47
99
0
19
7277
28462
18930
680
51
33
17
35
54
20
0
321
91
6
35
14
0
3:1
2
6
2
98
643
49
58
55
63
25205
9030
7894
1146
1231
407
551
10
1683
1
5
1
25
18
43
5
3
11
32
0
6
0
24
25
3
38
3
8
58
8
30360
1513
8769
121
0
30
37
12
49
11
171
23
416
124
48
32
23
68
71
38
110
9
15
25
86
191
7
130
0
72
30
23
0
2:5
9
0
9
0
21
113
60
3
10
87
95
18
237
25
45
0
5
19
3
1
28
31
77
14706
11
3
140
9
6
67
1977
9735
145
163
7
57
101
18
46
38
67
11
23
3
33
3
1424839800
299:0
1
695:0
303
-246
50
-21
-52
5426
-5390
375
521
2951
-3876
-4
73
1
1931
-2011
9
47
6
-38
1770
-1649
-43
81
-152
-3
259
-24
-197
109
-167
27
-36
108
1242
-1297
-42
12
4
11
19
-58
1
90
531
-403
-178
193
-221
154
-118
19
-62
29
1
0
-34
1
0
74
-52
1366
-1326
520
-252
-321
-9
6
9
37
4
-28
236
-262
317
-301
755
-768
34
-12
369
-344
42
-12
15
-80
256
-200
-55
7
41
71
70
70741
-70907
7364
-7227
-90
6580
-6443
2920
-3146
10
23
43
-30
-47
941
-911
-31
52
118
-147
10
447
1677
-2142
-14
582
-448
-135
14052
-12581
-1295
-158
-14
16
35
-31
-13
620
-63
-509
27055
-26168
-932
-11
1
362
164
-468
830
-875
1245
-1182
-77
756
-63
42107
-42726
3785
-205
-3635
387
-399
1599
3488
-5064
500
-197
-300
-36
1902
-1884
3136
-2996
-49
18
-21
249
168
355
-852
25
-20
39
188
-197
604
-644
2
265
1286
1491
-3026
5803
-4110
-1656
-71
18
0
28
-49
74
-43
22504
-22511
-25
33
1
-18
81
319
7488
-7429
4474
-4946
1
364
3817
-3829
-351
-1
706
-630
1872
-1912
-22
6
35
502
-105
-419
-29
-1
14
5
409
-414
1
77
-30
-58
51
-39
127
-133
-4
14
9
38
3063
-1814
7805
-7789
10299
-6872
-4738
163
2140
-1467
-324
-399
-140
10
7
-13
337
3749
-4091
7
297
663
-881
4912
-3328
-1552
-113
23
16
6727
-6763
0
29
732
-682
46
44
-43
1380
-1083
540
3670
-4476
813
-561
-382
-18
46
-64
40
47
10
-41
-55
42
10
-27
-14
37
-77
0
-1
2:2
-1
20
-20
7
-9
11
-5
4
1
-11
1
-2
1
7
-7
2
-3
2:6
2
-13
3
6
2:-1
8
-1
-14
11
-5
-1
16
-7
-14
5
-2
-1
-2
1
7
-8
9
18
-25
1
-4
5
0
-3
-2
1
-1
1
2
10
-9
-1
-3
3
6
-9
8
-5
-3
0
17
2
-5
-13
1
4
2
-5
-2
0
-1
5
0
-3
-2
3
0
16
-17
0
2
-4
16
-1
-14
5
-5
22
-22
6
1
-7
3
4
-2
-5
0
6
-4
11
-12
-2
0
1
2
-3
0
6
5
-7
2
-3
8
-5
-4
1
-1
2
-2
3
2:0
-5
0
12
0
-12
27
-17
-7
8
-11
27
-26
2:4
-8
11
2
-10
9
-12
1
2:-1
7
-2
-1
-2
0
2
3
13
-6
-11
13
-16
1
2
-2
2
-3
1
5
12
-10
-7
-1
5
2
-6
0
13
-12
5
-1
-4
26
-28
2
2:-1
17
-14
-1
23
-3
-19
6
-7
-2
21
-10
0
-9
9
-7
-2
-1
5
4
-9
12
-10
4
-7
5
3
-1
-7
19
-16
0
4
-6
2:1
4
13
-20
1
5
-2
3
-1
11
-14
9
-9
-2
10
-9
16
-4
-7
-4
-2
4
-3
5
-7
0
5
3
-4
12
-11
2
4
-3
-5
0
22
-7
-14
-3
0
-1
4
-3
6
-4
-2
-1
4
23
-18
-9
26
-19
-5
0
1
2
9
-1
-7
19
-25
0
6
14
-15
-4
-1
2:2
-2
4
-6
1
9
12
-21
-1
3
-2
6
-5
0
-1
3
4
-5
6
-6
11
1
11
-15
-4
-7
1
2
12
-14
1
9
4
-14
3
-4
16
-13
10
1
-12
17
-3
-9
14
-19
12
-3
17
-19
-4
-2
12
-4
-5
15
-6
7
-19
-1
7
-2
0
2
11
-19
3
2
0
-5
7
-2
7
-12
26
-3
-20
-1
6
0
-9
5
-1
2:0
1
-2
0
19
-21
0
2
9
3
-11
-2
1
11
4
-15
-2
0
-1
24
-21
-1
13
-13
-1
2
21
-14
13
-23
10
16
-24
-2
0
6
5
-11
4
-1
4
-5
-1
4
5
-9
6
-2
2:-1
6
-5
-2
2:1
-3
9
1
-11
2
3
-4
-1
1
6
-4
-2
21
-4
-16
0
2
5
-7
1
-2
6
2
-6
0
-3
18
-18
12
-11
-1
1
0
-1
5
-5
6
-5
6
5
-7
3
-7
-1
2:6
-9
-2
1
4
0
-5
12
-3
-4
-1
-5
15
-4
-9
1
-3
0
1
4
-5
1
2
5
-3
2:1
0
-2
4
0
9
0
-16
1
2:-1
5
-1
0
-5
2
4
0
-2
5
1
2
-10
9
-7
7
-9
-2
2
8
-6
0
-4
25
-22
-3
8
-5
25
-24
16
-19
2
5
-5
6
-8
2
5
2
-10
0
6
0
4
-10
4
6
-8
5
2
6
-15
0
4
2
-1
-5
0
5
16
-19
7
6
-11
-1
-2
1
2
-4
18
-14
1
-2
0
-3
1
5
12
-16
17
-19
0
2
11
-13
7
-7
1
15
-4
-9
-1
6
-3
-2
-3
4
-1
4
-6
1
2:-1
4
-3
4
-1
-4
19
-17
0
2
11
-11
-1
6
-8
1
21
-22
1
0
5
-7
0
9
-2
10
-13
1
2
-5
0
6
-4
1
0
13
-12
-6
10
-6
12
-12
0
-3
18
-14
1
6
-10
1
-2
5
-6
2
0
1
-2
1
-1
10
4
3
-17
24
-6
-19
2:14
-24
-3
-1
11
16
-18
-7
-1
6
2
0
1
-1
2
137
-140
5
13
8
2:-11
-4
4
5
-7
0
5
27
-28
-6
3
0
-1
5
0
-5
-2
0
7
-4
0
-3
2
8
-5
4
-8
3
7
-8
-3
1
-1
4
1
-5
18
-11
5
-4
4
-7
-5
6
-1
-4
-1
1
6
-5
21
-23
35
-25
-8
2:-1
0
72
-68
-4
10
-7
31
-25
-8
2
5
18
16
-39
12
-6
-2
-3
13
0
-12
2:-1
2
44
1586
-1632
81
-52
-32
12
-5
-6
9
-10
0
19
-1
-16
141
-142
-1
13
1
-10
12
35
-4
-41
-4
9
-9
-1
536
-475
-46
-14
1
-2
5
2
-2
38
-1
-41
262
-217
-45
2
1
7
9
-11
-3
0
79
-17
-66
-1
28
581
-580
114
-141
6
3
-3
145
254
-405
93
-93
1
0
95
-96
154
-141
-14
23
-23
55
-18
137
-168
18
-25
4
1
15
7
-19
-10
24
27
13
-58
-4
191
-146
-43
-4
1
10
-11
4
1
188
-192
11
-10
10
-11
19
-20
805
-782
5
-24
-2
7
229
-225
-12
6
1
10
276
-267
-22
11
-9
96
-91
-9
0
-3
4
8
-1
-6
0
-2
17
-11
13
-13
10
-18
0
1
-2
2:10
9
293
-239
688
-143
-623
11
298
-282
-24
11
-16
8
-11
4
35
189
-214
2
6
16
25
-48
188
-198
12
-8
-7
535
-531
11
-8
17
-18
-6
23
-17
15
8
-24
43
-47
30
-30
3:3
-12
2
48
-50
12
-3
-7
1
-2
-1
2
-2
5:0
1
-1
4:0
1
-1
4:0
2
-2
2:0
2:1
0
-2
1
-1
3:0
2
-2
4:0
3
-3
2:1
-2
6:0
39
-39
6:0
1
-1
12:0
2:1
-2
2:0
1
-1
2:0
1
-1
9:0
2
-2
5:0
1
-1
4:0
8
-7
-1
11:0
1
2:0
-1
2:0
4
-4
2
2:-1
0
2
-2
9:0
1
-1
3
-3
1
-1
1
2:0
-1
11:0
1
0
3
-4
9:0
1
0
-1
0
1
-1
2:0
1
-1
1
-1
0
4
-4
3:0
3
-3
0
1
0
-1
1
-1
2:0
2
2:-1
3
-3
3:0
3
-2
0
-1
3:0
3
0
-3
2:1
-2
1
-1
2:0
1
-1
2:0
1
-1
1
-1
1
-1
0
1
-1
1
-1
1
-1
2
-2
8:0
1
3
-2
1
-2
2:0
-1
2
-2
3:0
1
0
-1
2
1
-3
0
1
2
10
-12
4:0
-1
4:0
3
-3
3:1
-3
8:0
3
2
-5
7:0
1
-1
2:0
8
-6
2:-1
3
-3
3:0
2
-2
0
3
-3
3:0
4
-4
0
1
2
0
2:-1
1
-2
5
-2
-3
0
2
-1
0
5
-5
1
2:-1
1
4:0
-1
3
-3
1
-1
3:0
1
2:0
1
-1
0
2
-3
5:0
1
0
-1
1
5
-5
-1
1
0
2
-3
1
-1
2
2:0
-2
2:0
6
-6
0
1
-1
2:0
2
-2
6
-6
0
2
-2
3:0
2
-2
0
7
-5
-2
2:0
3
-3
3:0
1
0
1
-2
1
-1
0
1
4
-5
2:0
1
-1
2:0
1
-1
7
-7
2
-1
0
4
-4
-1
0
2
0
-2
2:0
5
-5
1
-1
0
1
-1
6:0
7
-7
4:0
1
-1
5:0
5
1
0
-6
11:0
3
-3
3:0
3:1
-1
6
-6
0
2:-1
0
1
-1
3:0
1
2:0
7
-7
2
-2
-1
0
1
-1
0
2:1
-2
1
-1
7
-7
0
1
4:0
-1
3
-3
0
3
-3
3
1
2:-2
3:0
2
-2
0
1
0
7
0
-7
-1
2:0
6
0
-6
0
3
12
-15
2
1
-3
3:0
1
-1
5
-5
6:0
2
-2
3
-1
-2
2
2:-1
3:0
2
0
-2
1
-1
0
1
-1
2:0
2
0
-2
3:0
1
-1
2:0
2
-2
0
1
-1
1
2
-3
0
2
9
-11
5:0
1
0
1
-2
3:0
1
0
-1
2:0
4
-4
7:0
3
-2
0
8
-8
-1
4:0
1
-1
0
2
-2
1
0
-1
1
-1
2:0
3
-3
4:0
8
-3
-5
0
1
end
