v1
824
252
969
8
104
101
34
615
424
185
56
22
561
292
612
196
384
152
393
322
217
187
435
216
445
143
819
98
659
277
257
44
475
127
326
80
18
0
667
110
275
297
22
112
135
359
442
339
126
915
135
104
260
426
591
856
275
877
294
585
56
83
25
18
38
31
189
9
1
118
64
2:9
74
59
64
65
112
127
118
447
173
120
225
160
0
364
304
10
39
116
146
192
121
368
259
433
427
14
299
48
382
41
1511
301
71
12
10
252
115
56
44
67
66
208
94
75
750
32
93
413
63
246
164
126
7
8
147
433
712
184
412
3
37
175
191
8
11
32
4
76
283
89
100
54
47
61
16
73
58
88
153
64
20
3
198
9
693
63
189
24
31474
22
9
43
244
3
2
42
173
196
36
30
932
220
68
111
71
166
18
47
3310
2211
328
1553
3764
1376
10816
2650
1553
3213
11922
2988
4449
2
11799
958
2466
5162
5
1445
4036
115874
3545
7741
73
9417
32411
10
22
42
121
117
109
5
55463
74
157
7
29
57
6
12
17
145
27
24
1
0
6
5
3
754
190
15696
590
4654
21281
2243
1062
665
968
2
14
11
28
3
58
28
35
19
8
32
37
3
1
99
1
40280
26
64
9
167
69
756
1
352
42
202
277
9
75
41
103
104
7
2
292
438
6
17
38
14990
9
2018
9723
1
150
12
116
28
27
9
101
5
60
22
99
22
23
25
-488835
0
262
233
193
30
483
4
21
7
132
56
281
153
8
46
0
42
128
28
473
76
44
32
350
222
92
7
106
598
201
267
192
275
26
139
198
32
312
84
182
117
9
67
24
61
21
46
300
65
75
54
113
81
104
84
57
180
49
18
94
6
135
43
39
22
71
85
28
77
132
162
47
116
24
18
33
7
180
26
310
32
66
263
12
30
44
72
40
231
524
146
46
19
44
270
36
691
134
54
97
259
271
419
124
74
84
10
78
123
472
31
0
386
46
200
182
30
123
341
88
41
27
2
19
221
73
41
53
24
64
44
224
15
492
77
74
34
93
0
64
34
185
173
26
44
29
262
0
323
203
0
116
13
110
91
1
41
33
6
38
6
50
8
18
1
15
7
47
2
3
21
110
11
19
147
102
2
19
10
21
5
17
11
3
18
64
33
34
1
19
38
99
237
11
2
18
71
0
27
0
171
64
1
507
214
96
0
261
70
204
45
256
150
115
201
20
65
101
94
6
31
108
91
28
88
415
1
27
52
0
202
41
9
91
30
169
5
0
116
156
91
0
199
203
114
43
8
34
20
161
14
9
3
38
41
627
187
178
209
327
115
26
157
56
130
341
440
143
163
8
40
262
18
11
41
76
30
136
53
37
34
23
38
271
2
106
50
125
444
275
83
102
110
52
195
105
337
215
0
18
0
13
0
4
32
107
73
95
29
292
0
43
92
0
49
23
94
57
97
127
5
89
3
35
17
101
83
23
102
92
103
2
54
32
21
60
25
55
6
50
4
57
111
15
31398
0
3
174
66
100
60
32
23
69
0
95
1
7
13
1
7
37
98
1065
167
432
272
6772
10745
2324
3646
11998
1620
4874
2605
3
0
1741
0
2139
1391
10
0
8075
3:1
4
2807
14
1825
11
2461
992
4160
1
6
1
9
1435
3523
119948
7819
38185
3667
2:15
66
19
56
40
93
72
27
11
71
7168
47392
731
132
193
45
203
4
46
3
2
1
10
98
643
43
6
12
143
21
3445
15192
4
5386
1178
9030
8141
652
1072
1231
133
1157
537
12
19
18
2
41
106
44
8
50
17
0
30359
9985
274
61
24
34
92
12
462
172
160
0
103
68
109
119
40
86
140
13
19
26
130
89
13
18
20
4
216
381
37
19
70
0
5
0
22
29
31
53
14744
83
57
62
20
4
11708
221
0
45
15
34
0
19
38
165
56
36
13
12
75
12
54
1424446200
299:0
1
523:0
23
10
46
-50
45
-57
5739
-5733
305
-88
-199
81
2822
-2803
-124
45
72
67
-127
-20
83
301
-325
424
-517
58
242
608
-860
162
-180
-29
166
-164
-8
159
-7
-142
304
-186
-88
644
-675
35
16
344
-258
3
-138
6
13
-28
35
-10
301
-183
-128
45
-48
38
350
-392
-10
6
3
173
-181
103
-75
-8
139
304
-374
9
-37
137
-186
38
103
363
-364
140
-283
152
-11
405
-512
106626
-99914
-6693
-55
13
57
21
46
-119
15
-29
42
231
-276
1336
-1311
138
-131
25
-56
2
2851
-2852
18
768
-794
5
12181
-5861
-6316
203
-191
47
-57
-13
580
135
-715
103
44720
-43267
-1552
509
-513
40
69
-100
-3
1204
-1078
-121
-11
70
-71
4
257
31794
-32052
3409
-3350
41
-94
56
21
2877
-2951
3465
-3309
-156
-1
-5
1529
-1516
6610
-6480
159
-285
29
-38
6
-3
207
172
940
-1139
-196
25
-10
84
-74
142
-114
4
76
-81
588
-296
-256
215
116
805
-1207
-10
2230
-1751
-474
69
-44
458
-452
47243
-47277
1
8
-14
82
243
-317
6401
-6413
66
2705
-1683
-1089
0
709
6058
-6749
-3
-2
8
71
-81
5
14
1057
-1039
-44
28
119
8
18299
-18412
2
4
-35
-7
13
52
-50
209
-214
-8
1
2:15
152
-191
238
141
392
-769
7572
-6956
-616
158
13981
-11412
-2613
544
231
-881
67
11
-7
-85
88
583
-650
75
-96
167
804
20693
-21644
56
92
-164
824
-790
-35
349
-344
124
-127
358
-303
267
-283
209
411
-526
-26
-111
-1
15
4725
-4679
49
50
99
-193
93
-171
-1
5
-4
11
-12
7
-8
12
-10
-2
0
-1
2:0
8
-1
0
3
2:-1
-7
-1
1
-1
11
-8
1
0
-1
11
-13
2:0
2:1
0
-2
2
-3
5
-3
-1
2
-2
1
-1
2
1
-3
8
-8
11
-12
7
-7
6
-4
-1
2:0
-1
0
2:2
6
-10
13
-12
0
3
-3
2:1
5
0
-7
3
1
-2
5
-6
0
4
1
-5
2:-1
4:1
-3
0
2
-3
0
1
0
7
-3
-5
5
0
-4
1
3
7
-4
3
-11
2
-1
6
-6
6
-5
11
-7
-6
3
-2
13
-8
-1
-4
3
5
-4
2
-6
0
-1
2
6
2:-2
-1
4
0
-3
-4
9
-5
-1
-2
1
2
0
-1
0
-1
0
-1
11
-10
1
-1
11
-6
-7
1
0
-1
2
3:0
10
-4
-8
2
3
6
-11
2
2:-1
7
-3
-2
1
5
-8
1
2:0
-1
2
12
-12
6
5
-10
4
-5
2
-3
-1
2
1
-1
-2
9
-8
8
2:-1
-6
10
-9
0
-2
4
-3
-1
4
7
-9
-2
5
0
-5
0
4
3:-1
8
-6
-1
7
-7
0
2
-2
9
-10
-1
9
-5
-4
2:1
-2
8
-7
1
2
0
-3
3
8
-11
0
1
0
-1
3
-3
0
10
-9
-1
3
7
-9
7
-6
-1
3
-5
11
-10
0
3
6
-10
10
-9
2
3
-4
7
-8
-1
2
6
-3
-1
-2
9
-1
-9
0
7
-8
4
-2
2:-1
2:1
-1
2
-2
3
-4
1
6
-7
1
11
-5
0
-7
0
8
-8
9
-6
1
7
-7
-4
0
5
-5
11
-9
0
-1
0
-1
11
-6
2
0
-6
-1
2:0
7
-6
1
0
-1
11
-9
-1
7
-9
2
3
-3
0
-2
1
3
-3
-1
2
0
5
7
-14
0
11
-10
2
0
-2
7
-6
0
-1
1
-1
4
2
-6
10
-7
1
2:-2
2
-2
0
-1
1
9
-10
0
1
6
-3
0
2
-5
2
2:-1
3
0
2:-2
6
-5
0
1
8
4
-13
4:0
4
-3
2:2
-3
3:-1
3
5
-3
0
-2
1
-3
12
-10
1
6
-6
-2
-1
9
-4
-6
3
2
-3
3
-4
-1
9
-9
0
1
8
-7
2
-3
-1
7
1
-1
6
-13
6
0
-5
13
-8
1
2
5
-10
4
6
-5
-7
-1
3
-4
2
-2
8
-1
-7
3
11
-14
4
-2
3
-5
1
4
-3
-1
6
-2
-4
12
-7
-6
2
0
9
-8
-2
1
2
-3
-1
1
5
-6
1
3
6
-9
11
-10
2
-2
0
5
-7
1
0
1
-1
2
-1
150
-150
10
-4
13
-20
12
7
-19
2
7
10
-18
-1
3
9
-12
4:0
24
-24
2
-2
2:1
2:-1
3:0
9
3
-12
1
2
-3
1
17
-11
-3
1
-3
-2
0
6
-6
35
-27
-8
31
-24
-3
37
-40
4
3
-6
-2
1
21
5
-26
1
36
-28
-4
-1
6
-6
-3
15
18
-18
-10
-5
-1
0
70
-64
1703
-1630
-68
-12
4
5
-8
15
-10
-3
0
3
41
-43
15
-7
2
-13
2
4
-7
42
-35
-7
12
-11
-1
814
-666
-148
2:0
5
-3
-1
49
-27
-16
-6
446
-405
-38
9
-11
-2
28
-17
-8
122
-88
-27
-10
1
3
-4
23
714
-735
87
-89
1
3
1
0
152
-150
509
-452
-61
2
-2
108
-111
143
-126
-2
-10
-5
2
-2
17
29
3
142
-176
-13
6
-5
4
3
14
-20
-1
0
18
16
-5
-31
17
5
19
-42
2
141
-134
2
27
-29
1
3
200
-213
0
1
21
-1
-21
4
423
-426
3
2:8
-20
0
6
355
-356
7
-6
-5
0
8
-3
1
177
-156
-24
11
-5
0
527
-529
-8
1
-1
0
6
7
-10
14
-12
6
-10
2:0
15
-16
13
-13
13
-10
185
-188
8
34
238
277
-548
70
-56
-21
6
-6
2:1
20
88
-102
31
-39
12
11
652
-676
26
-26
-1
25
-19
-2
5
3
11
-20
51
-50
9
0
3
-5
12
-22
-1
0
5
-3
-1
49
-39
-3
1
11
-20
3:0
2
-2
2:0
3
-3
5:0
3
0
-3
0
2
2:-1
1
-1
3:0
27
-27
1
-1
15:0
1
-1
1
-1
2:0
5
-5
5:0
1
-1
0
1
-1
0
2
-2
1
-1
14:0
1
-1
5:0
1
0
-1
6:0
2
2:-1
0
1
-1
2:0
1
-1
8:0
1
-1
3:0
2
-2
2:0
1
2:0
-1
10:0
1
-1
1
-1
6:0
1
0
-1
3:0
1
3:0
-1
7:0
14
-11
-3
0
3
-3
1
-1
13:0
4
2:-2
2:0
1
-1
1
-1
3:0
1
-1
2:0
2
-2
2:0
1
-1
2:0
1
-1
2:0
1
0
-1
2
-2
3:0
2
-2
2:1
-2
0
3
-3
4:0
1
0
-1
1
-1
3:0
1
-1
0
1
0
-1
0
2
-2
7:0
5
-4
-1
0
1
-1
1
-1
3:0
2
-2
1
-1
0
2:1
-2
4:0
2
-2
2:0
2
2:-1
3
-1
-2
1
3
-4
2:1
0
-2
8:0
1
-1
0
1
2:0
-1
3:0
6
-6
1
0
-1
1
-1
1
-1
3
-3
1
-1
2:0
2
-2
6:0
1
0
-1
2:0
2
-2
3
-3
0
1
-1
4:0
1
-1
3:0
1
-1
2:0
1
-1
3:0
3
-3
5:0
1
-1
3
-2
0
1
-2
1
-1
2:0
1
0
-1
2:0
3
-3
0
2
-2
3:0
2
2:-1
0
1
-1
2:0
1
2:0
-1
3:0
2
-2
0
2
0
-2
2:0
3
-3
5
-2
-3
5
-5
5
-5
5:0
1
0
-1
0
1
2:0
-1
0
4
-4
2
-2
1
0
1
-2
2:0
1
2:0
-1
4:0
2
-2
2:2
-3
0
2
-2
-1
0
1
-1
0
2
-1
0
-1
1
-1
1
-1
4:0
1
2:0
3
0
-4
0
1
-1
2:0
5
-5
2:0
2
-2
5:0
1
5
-6
2:0
4
-4
3:0
end
