v1
948
207
612
214
196
52
15
172
56
74
485
79
472
1
57
0
56
22
28
118
363
11
168
72
93
62
266
138
68
78
580
152
159
234
322
404
22
79
76
258
194
22
19
24
75
107
60
170
3
347
53
70
425
420
135
31
0
225
349
0
37
148
519
127
75
0
166
183
203
111
173
180
110
275
431
113
281
100
212
230
126
92
121
69
57
366
443
64
42
69
59
7
47
192
232
70
154
7
88
281
121
213
22
53
2
161
101
99
88
30
153
123
275
48
61
283
104
381
294
46
358
181
27
29
12
16
17
6
32
12
13
18
12
7
19
23
7
1
46
5
138
6
4
118
82
12
50
12
45
14
64
35
30
3
35
19
38
17
82
45
93
25
85
118
244
78
92
3
120
94
131
134
26
254
110
304
10
33
6
116
284
54
121
141
186
41
259
146
5
7
90
170
0
15
156
271
14
38
261
15
33
83
70
229
13
28
309
18
96
85
8
12
175
50
9
653
96
199
102
71
12
10
7
169
191
56
109
2
24
157
187
31
44
50
655
319
264
62
203
38
42
53
75
57
69
7
8
147
11
29
283
96
14
447
164
101
82
102
412
33
7
175
17
174
8
11
32
46
171
146
189
54
47
61
35
92
20
88
153
59
5
20
3
193
5
151
419
72
60
63
155
34
31493
5
22
9
290
44
173
84
112
36
8
22
966
76
1
61
48
68
111
71
166
18
41
305
3011
2211
328
1553
5140
2464
2789
2327
1813
1423
1507
1143
4766
4992
790
6140
2988
4449
2
4
8078
9
2826
882
943
15
2450
6
10
5151
9
2
5
1428
3
119924
1
3544
7716
25
32
41
9417
32421
22
33
9
165
73
21
88
5
54647
731
50
35
74
157
9
27
28
29
6
12
17
16
129
27
13
10
2:1
6
5
2
83
643
29
20
16456
4654
3093
1178
9030
7980
813
1430
873
189
665
436
532
5
6
16
28
1
2
39
19
28
54
40
37
3
1
43
47
4
5
1
30302
9978
26
64
9
167
69
31
126
12
0
587
1
46
41
222
43
25
17
77
402
9
21
36
2:9
41
103
78
5
30
19
173
2:50
350
94
17
15
23
14945
45
9
2018
9723
1
150
12
1
53
48
14
18
10
26
0
4
6
26
2
73
5
60
55
28
38
2:11
23
25
26
2
2:12
-488887
6
126
65
45
7
135
66
588
167
55
81
24
490
54
66
247
120
67
62
89
0
412
304
81
39
166
64
1
281
0
213
64
135
425
289
8
9
52
130
28
144
66
3
91
15
0
169
11
132
2:4
20
72
73
35
97
163
96
0
470
542
5
50
261
305
307
0
201
0
75
187
264
104
173
242
1
392
96
221
157
45
101
46
11
8
204
43
527
305
96
155
255
43
139
297
31
373
0
68
16
93
626
516
243
0
55
159
304
160
460
157
387
28
65
202
185
93
812
5
68
236
141
436
175
73
127
7
11
109
88
123
0
64
49
76
355
48
0
89
43
221
92
531
183
221
52
765
9
64
286
201
28
3
108
58
33
532
79
196
6
141
199
36
68
131
2
131
567
47
244
761
177
514
105
0
391
225
194
15
113
315
89
220
2:10
329
185
0
23
21
17
51
75
57
81
386
219
350
265
305
247
160
76
206
246
12
204
112
12
289
5
129
76
483
110
86
174
0
77
154
45
8
19
17
179
31575
9
64
39
56
66
4
96
92
23
157
7
66
1432
207
21
22
6301
1158
3778
6632
1322
4223
10837
1583
6497
423
2182
1744
872
2668
8028
18
29
7608
4669
25
2
5478
169061
28
0
30
127
14
133
99
6677
48828
191
47
139
17
100
2
3
6
48
785
135
18638
10446
7155
5890
247
817
82
825
1231
1825
14
37
48
50
27
20
7
0
1
8
0
32
113
31834
8224
518
4
183
502
412
2:310
103
139
0
5
36
23
0
669
45
18
10
84
0
14974
20
11712
177
107
31
0
72
3
66
0
10
133
36
20
94
18
-488746
1728
817
14
79
227
121
353
336
442
65
280
1465
367
314
414
844
59
546
501
260
103
181
83
82
1312
48
286
512
92
48
2144
145
3135
552
582
145
736
397
1087
1653
425
1016
924
246
541
1736
344
1046
946
849
331
235
432
393
857
131
220
774
15
31
31465
140
285
4
1267
459
188
9
272
9508
48401
9165
3167
126638
47950
81
75
149
94
55400
585
764
86
19343
27961
17
71
48
155
41525
202
334
42
69
153
18125
10118
288
44
1424284200
499:0
1
347:0
1
99:0
16
0
-9
24
3
-24
72
-70
76
11885
-11964
16
-15
267
-2
-38
-173
384
-435
-7
69
-68
4
4025
-3967
-59
1978
-1976
166
-49
34
-119
578
-611
60
-62
367
-369
334
-310
130
-143
6
-10
274
-238
-43
0
2
4
94
-53
-35
-3
-5
-1
1508
-1507
0
120
-86
-16
17
-36
2
10
64
-64
-9
-5
30
55
1208
-475
-815
-1
36
-26
521
-532
5
219
-219
270
-275
12
-8
105
587
-631
-10
237
-282
11
-3
-17
109
-76
-18
29
36
-76
-1
77
-63
-18
812
-814
38
-39
214
16
-218
-3
0
213
-215
106
-110
586
-580
4494
-4499
-2
66
-36
-28
1178
-1140
-31
38
-18
213
-212
-20
2
6
-6
-2
453
-462
220
-138
1245
-1320
72
45
-119
153
-19
-135
307
-312
6
4
7
72
-50
-18
-21
214
-137
-77
186
-182
-4
338
-215
53
-149
-28
0
21
709
-730
143869
-143755
6587
-6425
-276
32
-10
30
-29
299
-250
-55
-17
8
-8
5
-1
48
-52
16
-6
-9
25
-26
273
-263
37
-26
-20
1410
-1410
135
-133
8
34
-43
14
214
-224
8
83
-85
179
3829
-4017
36
-39
8
3438
-3420
98
411
-485
-49
23046
-23045
9009
-8969
-17
-25
111
-111
16
-12
41
-45
828
-764
4380
-4435
64
64141
-64213
-2
25
3
384
-411
30
-3
-1
608
-626
22
117
-88
-57
17
2989
-2696
-29
-133
-137
-4
514
128953
-129437
5888
-5863
-64
14
640
-595
-22
4202
-4217
6258
-6275
271
-258
-18
7
227
-207
-25
2027
-1628
3017
-3038
-184
-152
154
38
-230
719
1086
-1811
1029
-1024
5
35
-27
34
-33
83
-91
120
-129
1
64
125
-124
1226
-714
-81
-499
97
-96
-1
428
-418
675
-658
-27
33
4101
-3470
-607
-11
-37
67
-66
-9
12
-12
49
15
-57
124
-131
1
45065
-45043
-4
-19
62
-39
653
-672
407
-323
-50
4415
-4410
295
-337
758
-759
7
-4
891
10887
-11675
-104
-3
8
5
286
-295
136
-81
-39
89
-97
3222
-3233
36
1
-20
-15
56
55
-105
70
-58
2:-8
26
-30
51
-34
12
-19
4
43
-58
510
-506
61
57
-116
59
-51
8
112
-123
15
2021
-2047
383
936
37185
-38474
296
20833
-16232
-4903
-13
-7
18712
-17557
-1139
713
-709
62
37
-114
8
-11
5
-7
0
456
273
-689
-25
-11
46
-44
111
-121
177
1277
-1449
196
-180
38942
-38936
21
-48
6
1081
-1055
12
-41
25
-24
85
-37
-51
318
-306
31
423
-317
1447
-1445
2949
-2686
-392
76
-81
282
-298
41
-39
2
-2
199
595
-787
246
-248
-9
6
473
-62
-354
122
-163
245
-165
-100
-3
29
-31
-4
0
5
-3
-2
2
-1
2:2
-3
2
1
-4
3
-3
4
1
0
-6
5
-1
-3
1
4
-2
-1
2
1
-2
1
-3
2
0
2:-2
2
1
2
0
-5
2
-2
2
4
-3
-1
0
3
1
-6
5
0
-2
-1
3:0
1
-1
-2
4
-2
0
3
0
-1
1
-3
1
-3
0
5
-3
3
0
-4
3
2
0
-3
-2
1
0
-1
3
-1
-3
2:1
-1
4
-2
-3
2
3
0
1
-2
0
2
2:-1
1
-1
0
-3
-1
0
3
-1
-2
0
2
3
1
-3
2
0
-5
2
3
0
2:-1
0
-1
0
1
-2
4
-2
-1
1
2
-1
-2
-1
3:1
-3
4
-4
0
-1
2
-2
0
2:3
-1
-3
1
0
2:-1
2
-1
4
-3
-1
4
-1
-4
2
0
-1
1
-1
-2
1
3
-3
2
-1
4
-3
-1
3
-2
-1
-2
2:0
3
0
-1
1
-3
2
3
-5
2
3
-5
1
4
-5
0
3
0
2
-5
2
3
-4
5
0
-3
0
3:-1
2
-2
2
-1
1
0
3
-3
1
3
2:-2
4
-4
0
4
-4
4
-6
1
2:2
-3
2
2:0
-3
-1
5
0
-5
3
3:0
-1
4
-3
1
-2
3
-3
0
-2
1
4
-4
4
-2
3
-3
3
2:-1
2:1
-3
2
-2
-3
4
0
-3
2
-2
4
0
1
-4
-2
1
5
-4
0
1
2:0
2
-3
-2
3
-3
2
0
-2
4
0
-2
1
-1
3
-3
2
-4
2:1
-1
2
-3
6
-6
4
-1
-3
6
-3
2
-1
0
-2
2:1
2
-1
-5
3
-1
2:2
0
-5
-1
6
-3
0
2
-2
-1
1
2
-3
1
2
0
-4
-1
1
0
-1
1
2:0
-1
1
2:0
-1
1
4:0
-1
1
-1
2:0
1
3:0
-1
1
5:0
-1
1
0
-1
1
-1
1
0
-1
1
0
-1
0
1
2:0
-1
1
5:0
-1
1
7:0
-1
0
1
7:0
-1
1
4:0
-1
0
1
-1
0
1
5:0
-1
0
1
-1
1
0
-1
2:1
-1
3
-1
-2
5
-4
0
108
-109
2:0
7
0
-1
16
-17
-4
-1
0
30
-30
14
-14
2:1
-2
26
-22
7
-11
22
-22
5
-3
0
-2
11
-7
-4
1
-1
1
-1
7
-7
2:0
3
-3
5
-3
-1
2:0
28
-29
0
1
3
1
-4
-1
0
2
-2
3:0
2
1
10
-5
-8
0
9
-9
26
-25
-1
12
-10
0
-2
2:0
11
-11
1
3
-4
3:0
2
-2
3
2
-2
-3
3
-3
3:0
9
-9
1
-1
34
-24
-10
4
-4
2:0
84
-84
1
4
5
-8
2:-1
6
-3
41
-42
0
2
-1
1
2
-3
2
-2
20
-20
-2
2
19
16
15
-53
1
13
-12
3
7
-12
17
-13
-3
3
0
7
-10
1
-2
14
-12
-2
29
-25
-4
20
-12
-5
0
-2
0
2
79
-79
1936
-1935
93
-72
-25
4
0
4
-4
-2
12
-11
-2
-1
1
-1
0
8
-6
2
0
-4
12
-11
41
-39
11
-10
-4
17
-15
-2
1
4
-4
3
-3
5
-6
1
15
-15
22
-20
-1
5
-7
1
44
-38
-1
1
-5
-2
948
-948
158
-152
2:-3
7
-6
5
-5
7
-6
54
-56
30
-20
-8
506
-508
1
6
-6
44
-42
-3
6
-6
22
-19
-3
35
-22
-13
2
182
-114
-59
-9
-2
1
37
942
-970
134
-144
0
2
9
-3
9
163
-178
604
-605
83
-81
2:1
2
1
-7
126
-124
187
-160
-20
-4
16
42
-62
50
191
-238
17
-22
1
0
-1
9
-6
4
0
28
-34
-1
0
5
17
18
21
-32
-27
-2
2
-2
38
-38
63
-59
-2
-1
247
-239
17
6
-27
-5
7
-5
1
-2
1
-2
0
20
-14
-5
282
-282
3
-4
21
-20
37
-36
-2
0
6
575
-579
9
-9
31
-32
1
-2
11
417
-422
-5
0
1
16
3:-5
-2
9
-4
3
343
-352
23
-18
2
-4
15
-7
-10
6
-7
1
4
2:-2
7
-3
-1
-2
1
2
-3
22
-21
2
10
-14
4
0
-2
8
-9
-1
20
-19
-2
14
272
-274
53
675
2
-735
-3
-1
19
150
-169
31
-30
6
-8
6
-3
-2
-3
1
0
47
180
-226
-1
0
15
-16
40
-40
17
15
-30
103
-105
947
-944
23
-23
-3
22
-6
-15
-1
4
-2
2
10
-14
23
-19
-3
30
-28
23
-9
12
-5
-24
2:0
36
-35
0
1
0
-2
6
2
-1
6
-12
1
2:-1
14
-12
10
-9
19
-22
3
0
-3
9:0
1
-1
3:0
1
-1
9:0
3
-3
6:0
1
-1
13:0
2
-2
2:0
1
-1
6:0
4
-4
1
-1
4:0
1
0
-1
3:0
1
0
-1
2:0
5
-5
4:0
1
0
-1
4:0
1
-1
2:0
1
-1
8:0
2
-2
1
-1
3:0
1
-1
0
1
2
-3
12:0
1
0
-1
1
0
-1
5:0
1
2:0
-1
4:0
4
-3
-1
2
2:-1
3:0
1
0
-1
3:0
1
-1
9:0
3
-3
4:0
1
0
-1
8:0
2:1
-2
4:0
1
-1
1
-1
3:0
1
-1
1
-1
9:0
1
-1
0
1
-1
3:0
2
-2
0
2
-2
4:0
4
-3
-1
11:0
1
-1
1
3
-3
-1
2:0
1
0
5
-5
0
-1
0
2
2:0
-2
0
1
0
-1
2:1
3
-5
0
4
2:-2
1
-1
0
4
-4
0
1
-1
4:0
3
-3
6:0
1
0
-1
11:0
5
-5
0
1
2:0
-1
3:0
1
0
-1
4:0
1
-1
0
1
0
-1
11:0
2
-2
31:0
1
-1
11:0
1
-1
5:0
1
-1
0
1
0
-1
3:0
1
-1
20:0
2
-2
8:0
1
-1
2:0
end
