v1
1039
252
480
11
486
52
139
48
496
119
314
295
19
37
7
15
146
374
122
165
46
324
288
372
75
285
130
29
55
81
26
72
444
83
199
435
216
19
132
134
78
82
508
360
40
20
400
135
31
163
62
349
447
50
144
142
196
93
183
104
166
44
463
67
188
20
341
8
82
153
341
442
125
214
126
31
626
258
128
7
327
39
329
296
87
114
288
2
159
202
288
106
275
16
43
50
64
55
164
404
30
337
8
463
122
27
41
39
32
43
12
56
1
51
14
128
2
4
191
9
66
67
64
30
5
30
112
245
381
66
173
120
94
291
364
304
10
33
6
116
284
54
347
101
239
207
5
267
15
156
248
1
22
14
110
189
33
15
66
17
299
41
309
219
175
9
41
957
102
93
7
224
136
56
109
2
181
56
131
75
50
255
477
248
29
193
36
33
29
203
44
36
128
19
38
69
7
8
147
40
393
692
20
182
2
255
157
40
175
199
11
32
363
51
138
54
47
61
6
29
92
108
130
23
64
20
3
104
94
9
110
138
194
191
60
7
56
155
34
92
31401
5
22
9
43
96
65
86
4
40
85
88
36
40
120
36
8
22
1220
182
166
18
47
3310
2211
328
1553
311
3453
2
1374
10816
2650
4766
6612
5310
2988
3064
1385
2
4
10
8068
9
3708
943
7624
8
11
6
124899
7716
25
9490
32411
7
3
22
33
9
50
188
92
17
5
54647
731
50
35
231
9
27
63
13
16
145
37
3
10
2
6
5
24980
18188
2243
1727
968
2
9
47
86
35
19
40
37
3
1
43
47
9
1
30302
9978
26
64
276
89
49
2:231
125
1
46
263
287
49
228
9
2
45
10
2:9
141
3
2:30
53
19
604
19
25
50
13
6
32
23
30
42
14873
15
32
7
28
1990
9723
1
150
12
1
115
37
27
26
2
15
58
87
121
23
53
-488614
72
129
79
161
46
105
0
18
66
53
8
215
140
34
2:4
21
35
0
3
27
0
22
52
109
0
114
89
46
141
50
0
15
149
0
37
119
39
129
163
37
81
39
196
180
20
100
7
77
147
3
231
0
31
4
12
145
25
242
28
206
58
27
102
287
103
137
176
12
56
53
15
405
80
87
283
21
0
60
144
140
22
104
122
54
1
8
64
105
13
43
66
138
70
165
43
39
22
2:71
29
330
54
165
0
73
7
133
97
81
390
20
24
19
13
11
52
49
74
112
3
130
12
21
106
38
288
157
144
2
46
69
0
25
11
28
90
3
157
0
33
369
0
537
23
88
171
0
93
373
13
31
113
67
156
4
41
48
28
1
73
0
233
131
28
253
146
6
135
38
0
60
52
60
19
98
22
98
80
202
22
145
21
196
37
79
95
106
180
139
66
21
106
15
150
97
161
84
9
122
69
28
33
79
67
33
242
52
212
15
34
51
318
54
26
5
172
64
52
7
166
9
33
13
16
23
22
63
15
7
15
7
12
7
15
1
54
2
23
1
110
16
14
95
10
2
52
23
0
17
62
66
32
18
20
17
20
18
35
3
48
6
31
113
76
116
11
20
43
28
43
74
81
64
1
86
7
80
65
288
134
61
96
123
138
70
77
0
127
46
225
0
355
7
134
5
35
246
2
17
9
3
135
31
3
170
49
29
314
79
202
255
85
5
186
405
342
39
144
38
184
16
516
0
97
15
260
68
29
12
10
126
50
19
57
60
105
130
11
82
168
182
5
215
145
315
12
0
65
78
154
9
30
132
178
68
140
17
4
143
60
146
318
29
0
159
0
494
200
257
237
135
11
40
70
196
121
94
23
8
12
108
96
146
219
57
91
58
52
248
221
38
118
311
50
44
14
93
2
0
28
125
19
0
22
4
155
3
10
15
31
31376
229
37
1
47
3
5
104
195
169
25
970
0
57
24
63
22
160
19
32
100
43
77
1
58
272
1783
0
905
2876
2220
2410
2063
2468
2
20755
0
793
5704
423
2182
1744
0
872
2666
8030
16
2
18
11
24
2804
1829
11
19
0
2447
474
509
3
1011
0
21
3126
6
8
2
10
1412
13
17
4036
11418
104456
3544
0
1736
6032
6
41
38189
3607
60
0
2
28
85
21
35
40
74
19
110
7786
28249
19336
9
67
74
211
10
29
18
53
93
43
10
2:1
3
6
3
14
17
66
643
7
22
20
12
1
94
69
3445
4382
4973
3480
1172
3482
4271
0
3235
5795
0
8555
238
247
2055
1
189
1637
13
2
8
9
15
46
10
9
63
24
4
5
98
50
4
9
31821
8564
167
69
90
139
610
5
0
104
3
89
69
25
17
92
119
42
84
190
77
22
39
17
72
5
26
5
6
4
2:9
0
194
100
170
124
87
39
3
15
10
13
15
31
77
14720
77
11857
0
111
40
67
48
49
19
4
45
23
44
6
24
11
19
121
11
12
1
46
14
1424808000
399:0
1
638:0
20
88
772
-775
-97
9
-9
9
11266
-11266
574
-480
2642
-2588
-45
-56
142
-69
-128
2372
-2373
466
-358
-96
82
-92
2:0
16
-2
118
-123
-10
326
-145
-175
11
-17
76
-61
47
-55
447
-396
-54
-4
2
10
-7
1416
-1422
10
50
-43
-9
0
-5
6
2
-11
8
179
-184
63
90
25
-173
0
-4
98
187
-282
308
-303
-7
-5
83
-68
53
383
410
-857
-1
-2
11
-11
96
-96
573
-571
561
-218
-255
-91
8
164
-167
10
-12
-2
9
131
-140
6
-5
1
13
8941
-7997
-685
-270
12
-2
-12
1
6
275
-204
901
-969
823
-743
-92
0
321
-318
113
-109
148
138
-183
28
227
575
-925
113292
-112971
15411
-15440
-291
1
-13
4
-3
0
338
-341
70
-70
9
-11
159
-148
-6
78
-77
1529
-1476
-46
45
1120
-1171
-2
8
-7
2:-3
891
-892
3
-2
2956
-2949
217
154
-264
-5
20035
-6676
-13395
-62
373
-382
-1
1
61
-58
8
-10
78
-9
1208
-1278
6
3077
-3081
209
65481
-65683
615
-617
199
-204
123
-128
2
126
22
33114
-33100
-68
-95
0
2685
96990
-99614
5957
-6017
1
5
73
-78
108
4736
-4840
4073
-4076
331
-330
5
111
-111
-10
69
-66
2
-4
13184
-13172
762
6170
-6836
196
-163
-138
67
-57
1
144
1028
-908
-272
-1
523
1795
-2320
157
-150
7
65
-72
1
190
-91
1467
-1331
-234
5199
-5210
464
147
622
-1115
-118
1957
-1727
-113
-51
49
-101
-9
82
-76
208
-215
10
-4
75161
-75159
134
-147
350
2179
-2529
3
11
337
-348
1681
-1089
-593
3
3427
5956
-9385
4
1
-9
386
-384
151
-144
2
5344
-5289
-49
-14
3
288
301
459
-923
104
50
-148
-72
-64
2
26886
-25759
-1130
20184
-20167
296
17718
-13118
-4836
-76
678
250
-912
703
-651
88
-157
3
1
8
-5
189
979
-1164
-9
515
-512
256
898
-840
-315
208
-131
16636
-16712
974
-973
99
6705
-6807
-2
0
109
-104
-1
469
-456
193
-197
239
-250
-2
76
15
-88
162
1130
-530
1456
-1867
-349
399
-352
83
-22
-104
-8
111
40
-89
-60
7
-17
0
-2
2:2
0
-4
1
0
2:1
-3
7
-4
1
56
-59
3
-3
-1
2
0
-1
3
-3
-1
2:1
-2
3
-3
5
-1
3
-6
-1
0
1
2
53
3
-57
60
-59
-3
38
-37
1
44
-46
4
-3
2:0
6
-7
2:0
3
-3
5
-4
-1
2
32
-32
2:-1
2:0
3
0
-3
4
2:-2
3
2:1
-3
40
-39
2
-4
0
2
-2
1
-1
26
-20
-7
7
23
-24
-6
2
1
45
-48
3
-2
1
3
-4
-1
2:0
2
4
-6
40
-39
57
-58
1
-1
2
-2
31
-29
-2
4
36
-33
-6
1
2
2:-1
0
-1
0
1
2:0
1
29
22
-49
-2
24
-26
0
5
-4
-1
3
1
-5
7
-7
54
-49
2:-2
-1
2:0
5
-5
1
0
-1
2
-2
7
-7
35
-34
3
0
-1
-2
1
-1
5
-2
-4
6
-4
0
29
-31
51
-48
0
-3
4
2
0
2:-3
7
-4
2:-1
1
3
1
-5
2
4
-7
1
6
22
-25
-4
2
-2
7
30
-31
1
-3
31
-34
-1
7
0
-5
-2
5
-5
36
-35
31
21
-51
4
0
-4
42
-44
0
6
40
-43
1
30
-33
2
1
-1
55
-58
3
2
-2
0
55
-56
-2
3
-2
5
-5
3
42
-46
7
25
-31
29
-29
7
19
-26
-1
5
0
-5
7
-5
-2
6
2:-2
-1
36
-36
2
-3
35
-32
4
-5
3
-5
2
-2
0
55
-49
27
-32
1
0
-1
1
-2
4
-1
-2
35
-36
4
-1
4
-5
26
-28
2:3
27
-32
2:1
-3
6
-5
1
2:-1
35
-34
-1
6
27
7
-35
-4
3
-4
2
-1
4
-5
52
-45
38
-44
0
-1
7
-7
5
-1
-4
3
0
-2
35
-35
5
-4
1
-3
42
-42
0
1
-1
1
2:0
1
2
48
-50
2:0
-2
2:1
49
-6
-39
-6
2
25
-27
3
3:-1
3
29
-32
29
-21
-6
2:-1
3
-3
4
1
-3
-1
1
-2
6
-3
-2
-1
5
-4
2
-2
3
-3
1
-2
3:1
-1
0
5
-7
3
-3
0
7
-6
2
26
-28
55
-51
-5
2:2
35
-37
0
2:-1
58
-57
0
4
23
-28
2
3
-1
51
-50
-2
-3
0
1
30
-30
5
29
-30
-4
2
49
-45
0
49
-55
0
62
-60
-2
6
-6
1
5
-3
32
-29
22
-28
0
27
-25
-3
0
36
-35
1
3
-5
0
39
-39
3
-2
-1
1
3
-2
-1
5
2
-6
1
-2
-1
3
2:-1
6
37
-37
-1
30
-30
-6
3
41
-17
-25
-1
3
-4
62
-26
-34
3
2
-5
59
-58
51
-54
2
-2
6
2:-2
58
-58
30
-28
1
0
-4
0
1
35
-34
-3
2
46
-42
-5
2
45
-48
2:1
-1
41
-35
-7
2
-2
0
3
-1
-2
1
0
39
-39
2
-1
-2
6
2:-2
2:-1
31
28
-5
-53
3
-3
-1
0
46
-43
-2
-1
6
-5
1
53
-52
-2
-1
0
1
0
34
-33
-2
0
1
0
6
-5
36
-5
-33
5
0
2:-2
1
-2
3
-3
31
-31
0
2
-2
0
3
-2
1
3
-1
53
-2
-55
7
32
-38
2
2:0
2
-1
0
-1
5
149
-155
22
-21
18
-18
26
-22
-3
-2
0
16
-15
21
-22
0
12
-11
0
1
-1
1
17
-19
0
6
3
-9
2:0
18
-17
0
-1
0
2
0
-1
2:1
-1
24
-25
5
-5
2
-1
2:0
-2
3
0
-1
4
-6
0
13
-13
0
5
-3
10
2
-14
17
-15
-2
0
6
-4
3
-3
0
1
-3
4:0
1
8
-8
48
-40
-8
0
2:1
0
-2
-1
0
1
83
-84
8
-6
-1
3
53
-54
-1
3
-4
1
0
-2
2
21
-19
56
-60
6
5
-9
0
23
-18
2
-9
19
4
-18
-4
1
81
-76
2040
-2044
113
-79
-32
2:-2
5
-3
0
-2
-1
11
-8
1
-4
2
4
-5
20
-21
116
-115
0
3
16
-18
5
-6
2:2
-1
80
-82
-2
0
50
-45
3
1
-7
-2
888
-702
-179
-7
0
4
2:-2
6
0
-3
3
-6
6
37
-41
1
41
-41
0
518
-516
49
-50
7
-11
19
-18
-1
33
-21
180
-111
-68
-10
-2
44
957
-988
125
-139
0
1
13
-13
8
213
-219
668
-669
116
-116
-2
4
-3
4
2
-7
9
-5
123
-126
0
257
-237
-10
-8
-3
2
6
-8
18
-15
72
-75
6
65
200
-264
5
-12
8
26
-30
0
5
22
10
12
-52
4
-5
28
23
17
-66
-2
204
-194
-10
8
51
-57
2:-1
7
-1
-4
7
-4
259
-256
10
-16
-2
197
-196
1
-1
12
-9
40
-42
1
2
8
374
-385
1
2:-1
7
4
-12
4
-2
405
-385
-15
-5
2
26
120
-139
-4
3
13
-9
-2
-11
1
19
-2
-19
302
-294
60
608
127
-798
-4
12
141
-153
34
-31
10
-14
2:1
3
0
33
152
-185
-3
5
-6
20
13
-31
0
109
-104
609
-617
26
-26
1
440
-432
-8
0
2:3
-2
4
-5
24
-27
2
1
-4
1
37
-38
1
32
-9
-1
1
-24
29
-28
2
3
6
-10
12
41
-46
-7
1
-2
-1
0
2
-2
10:0
2
-2
1
-1
8:0
2
-2
2:0
1
0
-1
6:0
1
-1
5
-5
3:0
1
42
-43
1
-1
2:0
1
-1
15:0
1
-1
4:0
1
0
-1
3
-3
0
1
-1
5:0
1
-1
0
5
-5
2
-2
2:0
1
-1
2:0
4
-4
6:0
2
-2
1
-1
4:0
6
-5
-1
0
1
-1
2:0
2
2:-1
7:0
3
-3
2:0
3
-3
0
1
-1
0
1
0
-1
2:0
2:1
-2
19:0
1
2:0
-1
0
2
-2
0
4
-4
5:0
1
-1
2:0
2
-2
6:0
1
0
-1
2:0
1
-1
4:0
2
-2
2:0
1
0
-1
0
2
-2
0
2
-2
7
-6
0
2
-3
1
-1
0
12
-12
0
2
24
-23
-3
2
-2
3:0
25
-25
0
1
0
-1
11
-11
3:0
2
-2
1
3
-4
0
5
-4
1
-1
2:0
-1
0
1
-1
4:0
2
-2
2:0
4
-4
1
-1
6
-4
2:-1
3:0
2
0
8
-10
4
-4
0
1
-1
5:0
11
-11
0
2
1
-3
5
-5
1
0
11
-10
-2
1
-1
1
-1
3:0
12
-12
2:0
4
-1
-2
-1
1
-1
4:0
3
-3
2:0
1
0
-1
0
1
0
-1
1
-1
1
0
-1
3
-3
11:0
1
2
-3
5:0
5
0
-2
-3
0
1
-1
5:0
2
-2
17
-13
-1
-3
3:0
6
-5
-1
5:0
2
-2
4:0
1
-1
7:0
2
-2
0
1
0
-1
0
2:2
-4
13
-13
2:0
1
0
-1
1
-1
0
4
-4
0
1
-1
5:0
1
0
-1
1
0
1
-2
1
2
-2
-1
4
-4
4
-4
2
-2
0
13
-13
0
1
2:0
-1
0
6
-6
2
-2
0
1
-1
2:0
28
-28
4:0
9
-9
0
1
0
-1
1
-1
0
3
2
-5
1
-1
0
2
-2
0
1
14
-9
-6
17
-12
-5
1
2
4
-6
0
1
-2
18
-16
-2
1
2
-3
6
-6
4:0
2
2:-1
4
-4
15
-14
4:0
-1
1
2
-3
0
2
2:-1
0
6
-4
-2
1
-1
2
-2
0
1
-1
2:0
1
-1
2:0
6
-6
1
-1
6:0
14
-10
47
-50
-1
3:0
3
-3
2:0
3
-2
0
1
-2
2
-2
3:0
3
-3
2:0
1
-1
5
-5
11
-7
-4
3
-3
0
1
0
-1
6:0
1
-1
1
-1
1
0
-1
15
-13
-1
0
3
-4
end
