v1
1074
743
486
52
187
615
214
395
56
7
15
589
53
39
172
58
1416
395
459
24
111
177
474
445
166
742
399
412
534
655
232
7
235
718
275
148
144
139
494
1283
1125
593
383
416
669
877
294
397
215
29
51
32
43
4
19
15
243
187
300
74
82
45
118
617
872
304
10
39
454
121
624
436
404
37
314
33
66
357
2272
348
187
75
50
1238
33
312
128
126
162
419
14
711
1
184
826
11
395
89
100
54
108
147
241
64
20
3
963
189
31498
365
85
88
232
30
1043
109
431
3
5896
1553
15956
2650
4766
6612
5310
7437
2
8082
9
1
3707
8567
19
5
1428
119927
1
11285
73
9417
846
31565
32
42
352
54647
1140
18
17
145
27
36
757
16476
28178
1062
665
436
559
31
86
54
40
37
3
1
90
10
40280
99
167
121
704
1
352
296
225
9
75
257
19
273
350
88
6
17
14843
194
11741
1
150
12
180
28
11
137
111
22
48
2:28
-488739
361
16
471
177
38
28
136
24
140
366
84
123
53
47
86
40
237
1
163
118
415
127
77
146
1
140
125
142
44
13
89
432
15
114
171
156
3
32
104
26
50
22
106
169
47
133
293
39
40
201
123
10
194
41
24
75
167
269
237
36
31
235
104
134
50
365
6
21
84
51
237
300
68
32
120
53
24
132
7
35
44
112
50
32
63
79
48
148
178
202
99
111
160
138
55
79
437
166
150
101
5
43
351
190
230
126
213
69
21
36
22
9
778
64
1
41
79
56
221
18
118
9
0
55
96
106
72
95
28
253
2
71
360
332
125
71
16
93
96
106
9
176
157
55
164
104
187
470
77
50
80
90
125
181
41
27
11
5
17
63
17
13
5
44
7
1
46
2
3
14
128
2
4
96
22
73
18
17
48
59
64
30
20
15
57
11
27
347
91
40
230
1
173
120
225
160
35
96
56
67
208
249
122
104
180
210
106
85
101
128
3
164
5
146
5
97
595
17
313
131
70
229
247
217
86
12
7
175
9
41
12
36
710
83
116
76
26
53
18
12
10
312
111
109
2
24
213
37
187
79
344
264
77
66
182
11
247
62
1
146
10
40
6
38
6
89
94
2:19
76
8
106
364
385
172
63
101
81
20
41
330
68
60
45
52
3
37
175
70
121
51
43
35
31
87
21
168
207
61
31
28
8
29
92
108
192
20
25
107
89
3
2
33
118
106
297
16
71
1
21
19
20
7
19
59
133
126
31401
6
9
12
9
82
155
53
11
34
36
117
95
1
7
112
44
1102
24
116
111
71
166
65
9
2055
1246
2211
4954
2067
12316
7612
1710
2376
2041
4086
10
2991
4455
8031
54
3
2825
1825
15
2453
13
474
4670
16
8
5480
119418
1
7716
41894
60
30
141
113
1
19
30
42
17
92
55291
50
35
74
157
7
2
27
18
45
12
99
100
2
1
2
8
2
6
7
30
53
643
15367
5792
3093
18188
813
1348
536
4
415
133
1523
166
5
4
2
44
1
60
17
46
27
1
40
75
51
5
30303
10004
64
245
31
59
67
12
462
159
13
41
209
13
68
17
202
51
68
156
13
19
36
59
77
26
47
31
15
9
723
5
22
29
23
30
14908
2066
13
9722
165
101
14
35
19
1
35
75
5
36
24
22
2:61
22
33
32
-488678
253
283
190
115
93
87
92
31
24
35
21
1
17
30
386
5
23
55
141
13
15
67
45
228
184
25
244
182
39
114
28
246
228
171
248
19
152
10
116
515
170
39
91
156
55
586
17
59
219
75
200
133
51
184
77
83
44
120
152
161
52
126
16
34
307
422
16
59
4
3
30
29
13
67
125
115
65
109
155
104
57
61
105
386
303
298
333
297
261
169
233
92
48
153
18
254
629
8
48
43
451
168
85
397
8
25
7
60
195
42
200
39
65
358
189
33
156
652
89
3
53
225
15
6
197
377
27
6
46
97
167
244
90
51
225
114
137
62
53
2
100
23
27
122
230
68
41
54
12
36
5
32
2:57
38
85
2
334
43
55
246
76
353
212
156
145
126
119
115
353
320
6
281
127
6
13
126
119
146
214
33
111
79
220
176
10
82
331
650
2:42
374
207
246
38
111
67
110
45
137
3
107
967
295
152
166
55
127
83
53
48
257
43
9
20
134
292
275
2
177
179
369
265
89
106
100
62
4
316
106
175
23
231
40
328
292
2
182
23
591
262
231
40
1
42
84
9
25
48
4
15
153
31495
161
100
92
105
73
18
119
1044
3
53
88
80
238
15
43
111
5539
14599
2149
13492
3
8691
2152
872
1267
1394
8071
12
6
8110
3
4165
1
18
4948
121684
6083
38185
3615
128
20
2
59
10
44
61
85
9676
45692
23
21
435
45
7
91
52
14
806
93
63
6
7827
4973
6403
9237
5795
9040
825
3055
8
7
19
61
10
45
26
21
4
38
106
2
31845
8339
468
463
465
108
35
150
15
119
15
286
23
48
176
36
392
173
59
24
90
168
14798
57
45
37
2
11855
92
243
11
68
18
23
35
7
10
52
11
1424218200
199:0
1
499:0
1
373:0
36
548
-511
-9
8281
-7953
110
1429
-1897
24
22
-39
3
4192
-4164
571
-575
289
1262
-1281
-260
-10
8
688
-696
-34
324
-304
853
-840
1
912
-436
-212
-266
495
-491
267
-286
-12
-1
9
2220
-1814
-404
12
-12
431
-408
-17
378
-388
1405
-1404
4
2
728
-740
-2
26
13
257
-275
867
-879
108866
-102435
-6428
28
577
-203
-384
5707
-5720
368
-351
355
2185
-2566
38614
-36329
-2278
27
-12
5
1381
-335
42934
-44018
477
-471
2
495
3830
-4011
1781
-1685
2755
22569
-21393
-4345
27
4647
-4679
3086
-3065
2329
5274
-6657
-388
-193
1609
-1950
-21
22
1776
-1791
1718
-1437
936
17
-1224
4364
8666
-13068
643
1785
-2417
-13
7
6
48133
-48143
32
-20
-5
376
-385
12894
-11970
-366
159
-350
11356
-11716
30
-27
8002
-7989
-5
393
-409
17
9
-23
41
-25
4
6308
-2728
31187
-34766
582
19781
-14544
-5826
1808
1157
-2981
3
35
604
3383
-3992
3
506
2460
8247
-9587
-1638
-13
3
-16
1034
-1023
-12
493
586
-742
857
936
-1792
-339
20
25
2
1441
-1038
232
-121
-569
-22
2
-2
3
0
16
-18
6
3
-10
3
-2
3
-3
-1
26
-25
5
18
-8
116
-130
0
78
-76
-1
144
-135
5
170
39
-211
0
2
123
-134
5
-9
10
-9
1
215
-218
6
2
15
74
-85
-5
-7
9
11
-16
-4
24
-8
1
-17
10
-4
120
-124
-1
-3
3
14
8
237
-261
8
13
-21
7
-4
243
-222
-18
-6
-1
11
5
-11
-3
21
-1
2
-23
3
-1
148
-137
-8
-5
0
22
-20
6
228
-225
-11
1
89
-85
-3
111
-107
151
-147
-11
27
-18
-8
2
111
-108
78
-81
101
-102
25
-14
2:0
-12
-1
2
17
-4
-13
-2
6
-6
2
13
-11
-2
-1
1
220
-217
-4
6
152
-153
18
135
-158
5
-3
22
-23
6
3
-9
2
-3
2
5
0
5
-13
2:3
-2
1
4
9
0
-13
-3
207
-200
110
-118
132
-131
14
-13
147
-126
258
-171
-109
196
-196
1
14
-14
3
-5
1
104
166
35
-190
-113
3
4
180
-182
-9
156
119
-260
-11
-1
117
-26
-91
2
1
4
168
-171
-1
-2
2
3
95
71
-165
100
-109
16
-6
-9
2
10
8
247
-266
2
143
-146
23
-25
227
-222
3
-4
1
0
20
174
-104
44
-11
-106
2:-8
-6
1
0
7
0
96
-19
-69
-13
-2
6
-4
0
4
-1
-4
3
-4
0
25
138
-160
2
3
-3
-4
7
4
7
-20
2
4
3
-6
-2
4
133
36
-88
-72
6
-12
-6
3
7
16
-12
-16
21
-18
295
-293
-2
3
256
-254
-3
24
-23
78
-74
299
-309
2:8
-11
-3
1
14
-4
-9
15
-18
198
-199
2:5
10
-16
-3
170
-19
-149
5
7
-10
1
-3
156
-136
-22
6
199
-104
-94
-6
21
93
-92
85
-82
-24
-1
299
-71
-230
218
-217
0
9
-8
3
-3
11
135
-138
-5
-3
27
2:-10
7
-9
83
-77
-9
4
315
-320
0
167
-162
-1
-7
5
-4
0
2:4
-6
18
176
-195
13
0
-12
9
143
-152
15
176
-192
213
-186
-4
89
-103
2
-10
4
117
-39
-78
-6
9
-2
20
-17
12
145
-167
2
102
-91
-11
-1
5
85
-87
8
0
-12
5
-1
0
-5
3
2
-2
135
-117
202
-202
138
-62
-71
-12
-14
9
-7
8
-8
27
1
-28
4
16
191
-191
-13
-9
3
-1
-2
209
-102
-105
151
-144
2
-9
4
-5
20
-2
-18
266
-238
-28
-1
108
-108
24
-21
316
-312
1
-6
225
-35
-170
-16
9
171
-104
-78
16
2
72
-98
1
-1
1
2:0
-1
2:2
2:-2
4
2:-2
3
-3
3
-3
3
-3
1
2
-2
2:1
0
1
-2
-1
2
1
-3
3
-3
2:0
1
-1
3
0
-3
-1
4
-1
-2
0
2
-1
2:0
2
-2
0
-1
1
0
2:-1
2
2:-1
3
-2
2
-3
1
2:0
-1
1
3
-4
2
1
-2
2
-1
0
-2
3
-3
0
1
2:0
-1
1
-1
2:0
3
-3
3
-1
0
1
0
-2
3
0
-3
0
-1
3
-2
2
0
-3
2
1
0
-3
4
-3
3
-2
-1
2:0
-1
3
-1
-2
3
-2
2:0
1
-1
2
-1
2:0
-2
1
2
-3
2:1
-2
3
-2
2
-3
3
-1
-2
3
0
-3
2
0
-1
2:1
0
-3
0
2
1
-1
0
-2
2
-2
1
2:0
-1
3
-2
-1
0
3
-3
0
4
-1
-2
-1
1
2:0
3
-1
-3
2
-2
1
-1
2
2:-1
1
2
-1
1
0
-2
-1
0
1
0
2
-1
-2
0
1
-1
1
2
2:-1
2:0
1
0
2:1
2:-2
1
2:0
2
-2
3
-4
2
-1
2:1
-3
2:0
1
-1
2:2
-4
2:0
2
0
-1
2
-2
2
-1
0
2:-1
2
-2
3
-2
2:0
-1
3
-1
1
-1
0
2
-4
2:0
1
-1
0
2
-1
0
3
-3
2
-3
0
2
1
0
-2
2:0
3
-2
2:-1
2
-1
3
-4
0
2
1
0
-3
4
-4
1
-1
3
-3
1
0
3
2:0
-2
0
1
-2
-1
0
3
-2
1
-1
2
0
-2
-1
1
0
-1
0
2
-2
2
2:-1
4
-3
-1
4
-2
-1
0
1
-2
2:2
0
-1
-3
4
2:-2
0
4
-1
3:0
1
-2
0
-1
1
-1
0
2
-3
1
2
-2
2
0
-2
3
-3
-1
0
4
3
-3
1
156
-160
15
12
-22
8
-13
0
5
15
-20
3:0
2
5
-3
-1
-3
0
4
-1
11
-6
-7
-1
0
3
9
5
-17
0
12
-2
-8
2
-2
0
21
2
-18
37
-43
5
4
-6
56
-59
0
-1
12
-12
54
-51
4
-6
3
17
-21
72
-66
1958
-1867
-95
10
-9
20
-21
8
-7
66
-67
11
45
-58
910
-838
-68
8
-7
3
46
-13
260
-301
51
-51
5
17
127
-64
-80
-5
31
850
-710
-170
7
158
-159
676
-676
136
56
-176
-23
74
184
-236
-20
5
-5
8
24
4
15
16
-66
0
336
-326
41
-51
6
-8
4
5
182
-190
3
18
-23
0
7
1001
-1008
1
19
-4
381
-392
6
2
443
-428
-25
3
-3
1
10
-10
13
-14
4
15
8
327
-347
74
329
591
-999
382
-327
-59
8
-9
67
256
-302
-21
27
24
511
-539
-15
-6
0
4
-4
14
-15
47
2:-10
7
11
-36
7
-5
-12
19
-8
16
-25
2:-1
6:0
1
-1
3:0
1
-1
3:0
1
0
-1
1
-1
35
-35
0
2
-2
4
-4
2:0
15
-15
0
2
10
-12
0
1
0
-1
0
33
-33
1
-1
9
-9
0
3
-3
2
5
-6
-1
1
0
5
-5
1
-2
6
-4
-2
0
1
-1
3
1
-4
1
0
-1
1
0
-1
3
-2
0
-1
0
2
0
-2
0
2
2:-1
0
3
7
-10
3:0
3
-3
0
1
-1
5:0
9
-9
11
-9
-2
2
-2
2:0
1
-1
6
-6
6
-6
2:0
3
0
-2
-1
0
4
2:-2
2:1
-2
1
6
-7
2:0
1
32
-32
-1
2
-1
3
2:-2
2:0
3
0
-3
1
2:0
-1
2:0
1
2:0
-1
5
-5
1
2
-1
15
-13
-4
0
2
1
15
-18
53
-53
2:0
11
-8
10
-5
-8
14
-14
0
3
-1
-2
2:0
20
-10
-2
5
-13
2
2:-1
2
-1
1
27
-27
0
-2
4
1
-4
0
1
-2
25
-24
2:1
2:-1
25
-24
7
-1
-8
2
2:-1
4
-3
2:2
-5
0
20
-17
6
-9
31
-31
2
-1
2:0
6
-1
7
-9
-4
5
-5
1
-1
0
1
-1
3
0
9
-7
-4
0
-1
0
4
-3
2:0
3
-3
2
4
2:-3
1
-2
2
2:-1
6
-2
-4
0
6
-6
0
1
3
30
-23
-6
-4
3
-1
-2
-1
0
1
0
-1
7
-6
-1
0
1
0
11
-11
9
2:-3
0
-4
126
-125
1
0
-2
6
-6
9
-7
-1
3
-4
2:0
3
1
-3
-1
0
31
-18
-12
2
1
-4
3:0
6
-6
3
50
-45
-8
0
5
9
-6
32
-39
-1
0
5
32
-35
30
-31
-1
5:0
3
-3
0
7
-6
5
-6
2:0
11
-11
0
4
1
-5
5
29
-33
1
-1
0
-1
1
-1
2
-2
7
0
-7
2:1
0
13
5
-18
6
-3
4
7
-4
-12
4
-2
4
3
-7
10
-10
2:-1
2
6
-7
4
0
1
-5
-1
2:0
1
0
1
10
-10
-2
1
-1
2
-2
0
1
2:0
7
-6
3
13
-12
7
5
-14
2:-2
1
-1
2
-2
9
-9
0
3
-1
39
-34
-6
-1
3:0
97
-93
-4
40
-37
-2
2
-2
2:2
-3
-2
17
-17
0
2
3
-5
1
-1
36
-35
0
-1
11
7
-17
-1
1
78
-79
2
0
-2
1
-1
10:0
1
-1
1
-1
17:0
1
-1
1
-1
2:0
1
-1
9:0
1
0
-1
19:0
2
-2
4:0
1
-1
13:0
1
-1
0
1
-1
2:0
1
-1
7:0
1
-1
1
-1
8:0
1
-1
3:0
1
-1
18:0
1
-1
1
-1
0
2
-1
0
-1
1
0
-1
0
1
-1
7:0
1
-1
6:0
1
-1
3:0
1
-1
8:0
1
-1
18:0
4
-4
6:0
2
2:-1
5:0
1
-1
5:0
1
-1
1
-1
0
4
-4
5:0
1
-1
3:0
2
2:-1
0
2
-2
5:0
1
-1
0
1
-1
0
1
-1
5:0
1
-1
5
-5
3:0
1
-1
2:0
1
-1
2
2:-1
0
1
-1
5:0
1
-1
6:0
2:1
-2
5:0
1
0
-1
2:0
1
0
-1
0
1
-1
2
-2
5:0
1
-1
0
3
-3
17:0
1
-1
2:0
4
-4
5:0
1
-1
0
2
-2
4:0
end
