v1
832
317
451
278
104
79
3
28
21
23
62
54
14
46
118
56
106
150
54
119
188
126
67
171
57
19
37
22
28
99
240
153
41
81
137
74
59
553
147
10
302
121
152
159
162
72
46
128
194
358
81
248
106
149
45
41
2
22
75
167
27
54
188
304
94
30
164
51
142
13
1
28
346
2
44
166
197
28
277
257
20
156
7
79
50
62
82
63
79
48
9
232
242
160
32
19
44
160
193
31
79
275
121
198
74
38
61
52
337
44
293
51
4
9
85
59
66
214
126
70
306
28
246
7
258
67
61
7
59
30
107
170
387
37
254
27
121
50
185
77
108
231
259
12
123
19
87
9
142
18
0
16
33
60
119
285
52
312
294
109
295
181
26
30
45
6
32
25
18
4
8
26
6
17
5
3
46
2
17
2:55
20
3
1
103
15
64
6
7
5
74
45
14
64
30
35
57
44
11
73
54
118
85
353
1
7
1
173
120
5
201
19
32
128
35
86
243
12
16
2
244
30
10
33
6
116
185
99
175
141
85
74
27
41
59
28
172
129
17
5
19
49
29
185
410
31
299
48
153
44
185
41
135
288
51
54
175
50
662
96
301
83
10
7
169
191
56
44
62
3
2
24
48
32
77
56
131
75
18
0
32
655
583
33
57
119
13
43
38
42
53
37
38
19
38
69
7
8
147
40
283
94
2
14
125
484
2
81
20
39
145
255
197
34
141
16
54
121
8
11
32
2:43
299
29
138
54
47
3
50
8
6
13
36
40
52
88
153
39
20
5
23
99
94
5
33
224
313
39
33
21
30
9
63
155
34
77
31416
5
22
9
204
33
53
44
37
48
88
76
120
36
8
22
932
110
1
37
72
68
92
19
71
104
62
18
47
3310
2211
328
1553
3764
1376
2464
5116
3236
2650
4766
4989
3
6930
2988
436
4013
2
4
10
8046
29
2
2812
896
943
15
19
2434
13
474
512
4157
8
1
8
2
5
1
1427
17
3506
530
1
115873
3545
7741
26
47
9417
32411
7
3
18
4
26
7
9
50
115
73
1
19
53
19
17
5
87
7168
47392
816
47
20
7
59
98
7
2
27
18
39
6
12
17
62
83
2
25
10
3:1
10
2:1
6
5
2
726
29
20
13
3608
12835
2357
574
1723
3093
5056
5152
3251
4729
2243
1062
665
436
366
166
2
3
12
10
31
39
19
28
54
40
37
3
1
99
1
30302
9978
26
0
64
9
167
15
85
6
83
37
599
1
46
41
209
56
25
17
77
15
110
277
9
2
19
3
23
10
18
41
103
60
28
25
19
273
350
70
5
13
6
0
3
14
15
23
14805
185
9
28
4
1986
9722
2:1
150
12
1
101
14
6
22
26
4
6
26
2
73
46
19
22
99
2:11
23
25
28
12
47
7
-488890
328
83
157
81
622
289
271
13
224
196
276
77
44
252
451
782
1005
375
15
47
133
225
68
12
617
140
128
95
926
289
165
9
822
112
56
358
221
349
301
48
313
785
58
92
185
171
0
22
56
104
152
136
469
43
450
1
288
117
173
254
180
55
142
132
189
123
829
212
130
37
137
269
64
1076
203
116
244
145
101
131
205
105
58
96
56
390
300
371
353
158
537
12
66
191
30
204
579
166
40
92
158
275
298
328
99
329
337
199
240
981
22
132
102
337
75
66
244
6
353
191
236
247
100
53
19
29
176
115
1
1084
149
195
150
164
199
331
170
345
155
72
172
609
2:7
273
102
458
92
367
259
31461
4
245
287
1
119
7
1037
459
3
59
76
59
5514
2190
2762
26081
5704
2605
1744
14443
1829
3460
4177
121363
3543
46004
3682
156
314
55341
330
48
149
54
77
29
704
1
157
6
15142
27886
164
2138
1
143
0
1690
25
20
119
6
22
119
24
14
13
31821
9431
435
43
268
111
289
128
5
50
652
1
157
16996
9886
147
17
19
31
18
246
0
86
1424608800
599:0
1
231:0
10
-9
7
89
-76
-13
2
5
-10
2
-3
25
-27
56
-56
3
-4
14
7374
-7379
-6
3
-1
29
-34
3269
-3232
360
-313
-19
-60
2
4
-8
2133
-2133
117
-114
-6
0
170
179
-74
-274
162
-139
-5
-7
45
5
-59
497
-500
7
15
-18
29
-30
36
-39
0
1
-1
7
0
-7
15
-14
7
-1
-7
10
-5
8
-4
-8
549
-437
-98
1
-16
0
4
47
-42
6
13
-22
144
-134
121
-129
34
-42
3
21
75
-83
-11
110
71
-186
4
-4
27
22
-48
-1
741
-496
-131
-114
3
346
-342
221
191
-305
-114
12
-12
125
-118
22
-29
25
-2
-9
49
-62
2
5
100
-93
-9
-2
1
49
481
-530
3
-5
6
468
-473
5
-6
22
-11
-2
149
-157
-3
6
0
8
-5
97
-91
-11
-2
2:0
7
-9
135
-126
-4
1358
-1361
87
-90
18
-17
0
6
-7
8
-5
6
-9
3
98
-101
72
-21
-51
0
717
-621
-89
112
-85
-34
154
-151
0
3
-2
-1
187
-190
0
8
-8
253
-109
-27
-109
6
5
-19
13
10
389
-53
-356
-2
-1
4
-4
102456
-102442
7519
-7431
-102
14
25
-7
17
-20
-17
61
-68
314
-274
-45
6
0
-6
7
-7
125
-120
25
-2
241
-243
-26
41
370
-411
3
-3
120
-85
1216
-1250
50
159
-131
-29
-49
9
2483
-2478
5
-17
2
277
-277
4
-9
67
-67
19635
-14302
-5292
0
-21
2
34
-40
-16
24
-24
6
-2
-1
7
-5
559
-561
51
8068
-8110
120
36140
-36272
5
-5
30
352
-373
-6
-2
8
238
-247
161
-153
50
-57
15
-16
31
-24
1134
-1008
-70
-63
23
-19
-3
269
61516
-61776
-10
6
954
-954
3
-4
-5
7
49
-13
-10
-30
2581
-194
-2387
4
189
-195
3
0
-3
135
-128
1
298
-277
-25
1361
-1360
-1
5321
-5188
54
-191
6
-2
642
-641
769
-481
-178
42
1070
-1190
345
-358
-25
3
1558
-1531
-20
-6
20
-3
-15
23
38
-37
217
-210
485
-263
-252
235
-241
-1
342
1854
-2091
-105
6
1218
-1152
-46
38
31
-89
9
-12
2
5
-3
62
-11
31
-69
-16
42
-46
3
15
-14
5
-9
27140
-27134
2:-3
33
-33
1
16
6
75
202
-299
41
2728
-2765
4
58
-42
163
-179
-6
1242
-1245
3
10
-6
1
-7
4
322
23779
-24103
-2
10
13
-17
1
10
-18
61
-17
-41
57
-60
19
78
-82
1154
-1164
59
-14
-3
-36
-5
-1
7
-3
12
62
3955
-3991
-32
-7
41
-33
-13
7
91
-98
5
37
-18
3
-19
-10
56
82
-80
-11
-36
-4
16
2:-7
-2
241
7146
-7392
17
807
17758
-18577
757
5504
-3415
-2801
224
-274
412
-403
1
28
1
-39
5
-4
59
-60
7
226
847
-1070
-12
10
-8
22
74
-98
13
-13
47
551
-599
3
0
1
251
10620
-10863
40
122
-168
649
-594
-50
-11
1
7
18
13
9
-29
9
-21
225
-232
57
215
-261
-11
348
-307
420
-319
243
39
-410
22
405
-440
61
-59
-2
90
-63
-21
41
-43
31
83
-25
-89
1463
-1444
121
-129
17
-30
-3
0
-1
2:0
1
-1
3
-3
0
2
-2
2:1
-2
3
-2
2
-3
0
3
-3
0
3
-3
0
2
-2
3
0
-1
1
-3
3
2:0
-1
-2
0
2
-1
0
-1
3
2:0
-2
-1
2:0
3:1
-2
-1
3:0
2
1
2:0
-1
1
-1
1
0
-3
3
-3
3
2:0
-3
3
-3
1
-1
3
-2
-1
3
-1
-2
5:0
3
-3
2
1
3:-1
0
1
-1
3
-1
0
1
-2
0
-1
2
2:0
-2
0
1
0
2
2:0
-3
2
-2
4:0
3
-3
0
1
-1
0
2
-2
0
3
-3
3
0
-3
2
-2
2
-2
3
-3
1
2
-3
3
0
-3
2:0
3
-3
3
-1
1
-3
6:0
3
-3
5:0
3
-3
3
-1
-2
2
0
1
4:0
-1
1
0
-3
3
-3
0
2
1
-3
4:0
2
1
-3
0
2
-2
4:0
2
1
-3
0
1
-1
1
2
-2
1
-2
3
-3
0
2
0
-2
3:0
3
0
-2
-1
2
-2
2
1
3:0
1
-1
0
1
-1
0
1
0
-1
2
2:-1
0
5
101
-105
-1
0
1
4
-5
6
16
-18
-4
3:0
1
-1
10
-10
17
-17
3:0
10
-10
1
18
-19
2:0
1
2
-3
7
-7
3
-2
-1
2:0
10
-10
2:0
1
-1
2:0
1
-1
0
1
-1
2:0
3
-2
-1
24
-24
3
-2
0
-1
3
-2
0
-1
3
-3
0
1
-1
4:0
2
0
2:-1
6
3
-9
2:0
2
-2
2:0
2
-2
2:0
1
18
-19
0
8
-5
-3
4:0
2
-2
0
4
-4
1
-1
0
1
8
-9
3
-3
2:0
2
-1
1
-2
2
21
-23
1
-1
1
2:0
-1
2:0
2
-2
1
4
33
-37
0
2
-3
0
2
0
36
-38
4
-3
-1
7
-7
2:0
1
15
-15
-1
3:0
1
23
-24
15
-14
-1
1
37
-28
-7
-2
6
-7
11
-10
-1
6
-6
0
12
-12
3:0
39
-25
-9
-5
4:0
4
-2
61
-63
3:0
3
1388
-1390
84
-65
-20
1
5
-5
2
-2
0
-1
2
-2
9
-9
1
-1
0
1
-1
11
-9
1
6
25
-23
-11
2:6
-12
1
-1
7
-7
2
-2
12
8
-20
8
-8
1
48
-44
-5
2:0
7
-4
-3
0
3
-3
664
-532
-132
0
2:1
0
4
-6
1
-1
3
-2
2:0
-1
47
-46
4
16
-18
-2
420
-421
4
-4
0
31
-31
1
-1
2
0
-2
13
-12
24
-25
3
-3
0
1
89
-41
-39
-10
0
2:1
18
605
-623
-2
2
55
-57
4:0
6
5
-10
7
120
297
-425
3
61
-63
-1
4
-4
4
-4
0
5
0
-2
75
-77
-1
138
-125
-8
-4
2
-1
13
-14
-1
46
-43
42
138
-180
13
-13
-3
0
2:2
-3
0
1
6
-8
22
-16
-5
4
6
2:8
-27
30
-29
-1
30
-3
-22
-5
3
111
-106
0
6
18
-29
2:-1
0
3
-4
1
2
3
-5
-1
10
-10
0
10
-6
-4
0
184
-183
1
-2
1
-1
2:0
20
-3
-17
0
4
331
-335
0
6
-6
6
-5
2
14
-17
1
3:0
-1
6
-3
272
-275
2:0
3
-2
-1
9
-9
9
-8
2
-3
0
11
-4
-3
197
-201
15
-15
5
-2
-3
0
3
0
10
-3
169
-174
-5
4
-2
1
-3
2
4
-6
0
6
-1
-5
4
-4
5
6
-10
5
-6
0
6
-5
2:0
16
-5
-12
0
11
203
-209
19
239
159
-412
21
-31
17
-13
0
5
-8
2
-3
3:0
2
32
48
-81
0
-1
4
-2
40
-42
1
0
1
11
-13
1
-1
0
66
451
-516
6
-7
0
16
-3
-13
1
-1
4
-3
4
0
-5
11
-11
26
-26
2
43
-43
-2
2
0
18
-6
7
-8
-12
-1
13
-13
1
0
-1
1
4
-1
4
-8
4
37
-34
-7
5
-2
5
-6
0
-2
7:0
1
-1
7:0
17
-17
15:0
1
-1
4:0
2
-2
22:0
2
-2
3:0
2
2:-1
3:0
1
-1
5:0
1
-1
8:0
2
1
-3
0
1
-1
5:0
1
-1
9:0
2
-2
2:0
2
-2
5:0
2:1
-2
2:0
1
-1
15:0
2
-2
6:0
2
2:-1
12:0
1
0
-1
2:0
1
2:0
-1
0
1
-1
5:0
1
-1
9:0
3
-3
2:0
2
-2
8:0
1
0
4
-4
-1
0
2
-2
2:0
1
-1
1
-1
2:0
1
-1
4:0
end
