v1
870
743
26
196
159
105
31
21
23
92
24
48
43
407
32
56
63
14
188
363
39
19
56
22
28
48
70
496
152
59
388
78
146
196
241
295
130
191
72
455
271
349
298
4
118
167
136
0
24
109
304
94
401
28
26
345
156
203
53
277
38
34
32
66
54
33
20
24
52
0
87
35
44
194
63
79
86
110
155
23
98
59
144
67
204
13
164
16
31
79
63
41
171
186
106
5
22
112
90
23
381
442
125
214
33
3
29
61
809
106
105
30
44
60
30
193
426
37
213
41
27
253
103
44
0
33
255
84
300
25
69
275
16
120
102
327
70
242
214
72
8
24
35
50
165
5
118
188
51
5
51
32
43
23
21
24
49
151
118
73
9
12
62
45
14
60
4
30
5
30
3
92
17
59
39
29
118
447
78
95
120
216
9
160
35
219
110
141
121
52
6
27
6
116
146
192
121
141
85
101
41
87
169
3
146
5
119
17
146
410
17
14
110
189
10
5
33
83
70
229
41
516
144
43
50
758
301
93
219
52
96
56
109
2
24
42
40
75
165
22
75
50
649
6
0
297
40
246
33
176
56
80
128
19
107
7
8
147
433
692
20
77
107
452
175
16
18
36
64
57
8
11
32
363
22
167
54
47
57
4
35
60
32
108
153
59
5
20
3
93
6
94
5
9
248
385
9
12
39
63
155
34
67
25
31406
22
9
237
50
17
30
85
40
48
76
1
7
112
36
8
22
1043
109
68
111
71
166
18
45
2
281
3029
2211
328
1553
5140
10816
2650
4766
6612
5310
2988
436
4013
2
14
0
8077
5
2807
1839
15
2466
5144
16
2
5
5481
115874
3545
7741
73
9417
32411
10
18
4
33
9
30
20
32
29
127
20
53
19
17
5
55428
35
231
9
27
57
6
12
17
145
27
13
11
1
6
5
757
32
16444
4654
3093
10208
0
7980
813
1072
358
1062
665
436
532
9
2
16
31
44
12
0
2
28
54
8
32
37
3
1
43
47
4
5
1
30302
9704
274
26
64
176
69
31
126
243
231
0
125
1
87
209
56
25
17
202
24
17
236
9
2
19
36
2:9
41
103
47
46
11
9
19
186
87
375
50
12
1
23
38
85
14875
30
9
28
1990
9723
1
150
12
116
28
36
26
2
11
62
65
22
44
17
7
31
22
23
39
26
-488720
42
251
0
81
23
887
211
195
10
5
49
86
16
68
163
60
329
37
284
249
34
161
7
77
213
215
248
34
130
681
470
109
93
29
170
24
120
49
76
262
149
50
58
16
250
154
285
270
172
143
63
247
40
115
184
22
197
168
141
364
118
145
224
48
241
109
178
101
46
11
52
203
236
279
151
301
97
274
295
171
44
180
260
22
477
237
146
71
235
253
25
4
25
55
159
115
459
326
229
127
212
50
245
278
64
285
61
1264
74
87
13
6
13
6
17
8
5
16
30
1
20
110
2
11
3
0
109
12
75
37
115
85
25
43
3
16
44
25
39
57
68
141
31
334
7
86
0
302
0
265
147
10
331
204
2
269
390
146
246
31
108
525
98
27
0
52
196
1
46
163
240
666
114
85
72
132
299
151
548
19
154
2
10
427
72
3
40
108
393
177
145
315
77
12
248
263
58
229
58
270
181
283
57
54
446
162
2
283
257
153
235
269
43
6
125
8
65
124
178
49
15
0
28
36
34
15
524
69
58
373
56
108
40
0
45
76
55
23
54
15
77
122
31367
82
161
17
69
68
13
25
29
79
6
66
1243
0
249
164
43
77
3019
348
7156
2066
2469
2778
1335
2:2111
10837
1200
383
6920
2185
1741
1304
2226
8056
29
3
4684
2921
4677
1
16
2
1425
3523
530
115875
3543
7774
41876
51
127
14
163
80
7239
3760
44363
132
191
47
34
76
91
6
52
2
749
7
78
77
57
3451
24995
7799
1247
7099
745
89
1737
2
12
2:19
7
35
55
23
3
1
33
35
63
65
31819
8746
144
218
495
263
177
219
179
22
23
146
78
26
2:10
207
244
206
93
1
63
14793
144
2059
9735
328
122
36
51
117
47
1424674800
499:0
1
369:0
30
-23
10
-6
104
-108
15
-6
-3
12
381
-398
10
33
-44
-1
6375
-6249
-91
-18
51
1646
-1323
-379
0
38
-43
-1
1956
-1962
21
50
-33
-4
64
-95
-1
209
-122
-61
-19
2:0
-6
2
-2
2
17
-21
152
-143
-6
-2
12
7
190
-4
-105
-97
1
-6
2
-2
41
-38
328
-279
-48
0
2:5
-5
-2
24
-31
0
2
12808
-12809
33
955
-931
-52
18
-22
0
19
68
297
-358
815
-801
-39
-3
2:2
1304
-1301
-6
763
-670
110
-115
-84
-3
10
29
-25
5
-18
41
-40
159
-157
53
-59
3
5
-3
-1
-3
3:1
2
33
153
-179
1677
-1299
-314
-49
-17
-3
25
-9
111
-83
-51
46
-39
-7
30
-31
2
7
0
-7
374
-369
96
-100
354
-356
135
-127
73
21
34
93
-221
60
-67
18
-20
30
3
-33
84
-79
1
23
-22
232
-237
301
-103
-194
16
12
-25
49
-47
28
-38
322
-318
68
86761
-86834
41
3567
-3427
-176
42
-20
116
-119
-13
127
120
-255
12
0
-10
84
-87
188
-178
34
-8
-4
-15
4
2
336
-347
-5
7
203
-202
291
-283
-15
28
196
-116
242
-359
1525
-917
-608
30
-18
-6
-7
6
-4
4027
-1549
1061
-3529
-8
-1
15
-17
65
-54
-12
11
24
578
-611
5758
-5741
93
18008
-17672
-78
-360
49
28
-22
-36
-29
145
-115
986
-988
1337
-1262
-94
13
-21
198
16230
-16372
-37
2138
1306
-3426
-15
35
-37
-13
1628
-1631
2713
-2717
165
17
96
-277
0
-1
4
-5
2:9
-14
1321
-1324
-1
20030
-19906
-51
-52
-5
-14
80
9
-87
224
-227
5
19
121
795
-893
18
-60
4
-6
79
-72
40
-24
-4
-10
89
51
976
-536
-566
220
48
2522
-2784
94
2006
-2067
-65
15
80
-94
3
-2
27
-28
7
503
-460
3
-53
21347
-21326
-18
57
48
332
-393
4786
-4824
16
-23
1125
-1129
356
281
-637
24
-23
95
-91
2
-2
211
4839
-5054
6
22
-26
64
-54
2
-12
1276
-1088
-153
-36
128
-94
934
-855
-64
21
8
-43
72
-109
4
43
-30
-15
78
-23
-36
-7
113
-102
-25
4
4356
-4360
5
-2
9
930
12359
-13298
23
228
4211
-263
-4202
56
-42
28
1610
-1641
-6
1078
-1073
39
-27
0
-16
-6
12
-9
1
371
600
-974
1
15
-7
13
18
105
-145
147
674
-822
7
173
-74
1287
-1296
-40
-57
59
-30
925
-941
11
-19
9
-11
21
-2
21
-20
-22
0
-1
172
-160
74
657
-408
946
501
-1598
-151
2646
-2610
-56
81
-22
-15
30
1548
-1156
-478
385
-355
-25
641
-627
-25
4
-5
1
2
2:-1
3
-4
0
2:2
-4
1
-1
0
1
0
-1
0
3
2:0
2
-3
3
-4
0
-1
1
0
3
-3
2
2:-1
3
-4
4
2:-2
2:1
3
-4
-1
0
2:1
-2
3
-2
4
0
-1
-3
0
-1
2:2
3:-1
3
-4
3
-2
4
-4
3:1
-3
2:0
-1
3
0
-3
3
-2
2
0
1
-2
-1
4
-5
3
-2
0
-1
0
4
0
-1
0
1
-3
-1
2:1
-1
0
2:1
-3
3
-1
-2
2
-2
5
-4
4
-5
0
4
-4
5
-4
1
-1
0
2
-1
-2
5
-5
0
4
-3
4
-4
3
-2
2:0
1
-2
1
-1
1
-2
0
2
2:-1
1
-1
4
-3
2:2
-4
5
2:-2
-1
1
2:0
-2
1
0
-1
1
0
-1
3
-1
1
-3
2
-2
3
2
-4
1
2
-3
4
-5
4
-1
1
-4
4
1
-4
0
-1
2:1
2:0
-2
3
-2
0
1
-1
0
-1
2:0
2
0
-1
1
-2
5
-5
3
-2
2
2:-1
1
3
-5
2
-2
0
3
1
-3
0
2
-3
2
-1
1
-2
1
3
-2
-1
0
3
-4
4
3:-1
3
2:-2
2
1
-3
5
-4
3
-4
2
-2
4
1
-4
3
-2
-1
2
-1
1
-1
-2
3
0
2:-1
1
0
3
-4
0
-1
0
5
-3
2
-1
1
2
-3
2
2:0
-5
2:2
1
-1
-3
3
-2
2:0
2
-3
0
3
-4
2
-2
3
-1
3
-1
-4
1
3
2:-1
2
-3
1
2
-1
-3
3
-2
4
-3
0
-2
4
-4
2:0
3
-2
0
-1
2
1
-3
1
2:0
1
0
1
-1
2
1
-4
0
1
-2
2:1
2
2:-1
1
-2
1
2:-1
1
0
2
0
1
-3
1
-1
0
1
3:0
7
-7
2
-1
0
1
4
-6
4:0
111
-111
1
0
5
13
-3
-16
0
1
-1
0
8
-8
1
5
-6
0
9
-8
-1
24
-23
2
-3
0
1
0
4
-5
3:0
12
-12
3
-2
0
2
-1
-2
12
-11
-1
0
1
-1
0
3
-2
0
-1
3:0
1
0
3
-4
2:0
3
-2
0
2
-3
0
3
-3
0
3
-3
2
-2
0
5
-5
2:0
2:1
-1
0
8
6
-15
7
-7
2:0
2
0
3
-5
2
-1
1
-2
2:0
1
-1
0
1
-1
1
-1
2:0
2
10
-11
2
22
-18
-5
-2
0
2
-2
2
0
-2
41
-41
0
3
-2
2:0
1
-2
5
-4
25
-22
-4
2
1
-3
17
10
-25
25
-27
7
-6
0
-1
4
-3
-1
7
-6
0
4
-5
2:0
21
8
-26
0
1
-3
1
-2
1
0
44
-45
0
1344
-1344
2
57
-46
-12
7
-2
-3
3:-1
4
-3
3
2:-1
-2
0
11
-8
-1
1
-3
9
-7
1
44
-47
2:4
1
-8
-1
3
-2
12
2
-9
-4
-2
33
-29
-4
6
-5
-1
0
1
-1
350
-280
-68
-2
4:0
3
0
-2
3
1
31
-34
27
-22
-4
223
-195
-28
3
-6
14
1
2:-7
-1
7
-7
5
55
-13
-41
-5
-1
22
365
-381
-6
74
-71
-3
3
7
-3
1
86
-93
296
-297
2:1
67
-69
1
2
-3
0
5
0
1
49
-53
-1
108
-96
-8
-3
-2
1
13
-11
-3
52
-52
1
0
35
103
-134
5
-9
5
-5
10
-6
17
-14
-6
0
-2
6
21
-10
-9
14
8
12
-38
0
149
-148
0
-3
26
-28
0
2
-2
0
1
12
-9
-3
0
120
-120
0
15
0
-16
10
410
-419
1
-2
14
-14
27
-27
3:0
3
-3
3
-2
9
204
-213
1
5
-5
1
2
2:-1
226
-212
-15
-1
3
4
117
-118
-2
-5
6
4
-3
-6
1
3
-4
0
7
-3
2
-4
17
-19
0
3
8
-12
3:0
13
223
-236
6
61
157
229
-452
0
1
3
142
-144
-3
25
-23
9
-6
-3
0
2:-1
1
0
26
126
-152
-1
8
-8
18
-15
-1
-2
13
3
-16
2
34
-35
137
-135
10
-11
-2
2
16
-14
-2
-1
2
-1
-2
2:3
-2
-4
2:0
25
-22
-1
9
6
-3
19
-7
-23
0
3
2
1
-1
-5
32
-35
1
0
8
-3
-1
-5
2
-2
5:0
1
-1
2:0
1
0
-1
10:0
20
-20
18:0
1
-1
11:0
1
-1
4:0
1
-1
3:0
1
-1
3:0
1
-1
19:0
1
-1
10:0
1
-1
1
-1
4:0
2
0
-2
3:0
2
-2
0
1
-1
1
2:0
-1
0
1
-1
1
-1
0
1
0
-1
13:0
1
-1
0
1
0
2
-2
0
-1
1
-1
6:0
2
-2
0
1
-1
4:0
1
-1
0
1
-1
3
-3
7:0
1
-1
0
1
-1
1
-1
1
-1
2:0
1
-1
4:0
1
-1
2
-2
1
-1
1
-1
11:0
1
-1
5:0
2
0
2:-1
5:0
1
-1
0
2
-2
11:0
1
-1
9:0
1
-1
6:0
1
-1
1
-1
4:0
1
-1
4:0
2
-1
2
-3
8:0
2:1
-2
3:0
2
0
2
-4
12:0
3:1
-3
6:0
1
-1
7:0
1
-1
5:0
1
-1
3:0
1
-1
3:0
4
-4
2
-2
5:0
end
