v1
645
575
168
76
274
136
52
19
33
87
14
34
400
96
66
53
317
64
171
57
56
7
15
28
332
187
14
127
165
58
408
19
54
73
140
7
10
327
96
152
295
98
132
395
199
101
9
219
96
10
237
223
41
113
47
58
51
57
0
247
95
140
238
22
28
26
232
59
48
6
242
124
46
349
185
44
52
122
11
33
72
185
430
5
18
98
251
192
31
66
127
31
79
104
20
26
125
431
16
48
430
442
339
64
5
57
36
621
152
64
42
135
239
224
232
95
254
27
356
77
339
0
118
141
39
96
106
169
16
157
55
407
27
164
50
1
294
78
31
170
125
181
42
14
4
41
6
32
40
3
5
14
49
47
5
14
128
2
3
1
13
105
82
74
45
78
65
41
54
17
127
118
203
109
62
65
8
78
95
120
225
414
12
98
304
10
33
6
116
104
180
54
121
141
85
142
87
169
3
248
185
129
298
313
15
33
83
70
229
41
508
20
175
50
758
301
71
22
367
20
30
6
111
106
75
187
75
50
47
608
170
136
277
33
29
1
146
50
6
44
36
128
19
38
69
7
8
147
107
216
96
14
133
478
81
20
184
415
0
37
61
114
70
121
8
11
32
74
378
100
54
47
59
2
147
2
86
212
5
20
3
104
34
58
2
379
27
95
107
34
2:21
18
63
21
23
111
34
31493
5
22
9
43
291
85
88
76
120
36
8
22
1042
1
7
102
179
71
104
62
18
47
3310
7
2204
328
1553
3764
1376
7580
3236
2650
16252
423
13
2988
4449
2
8091
2826
882
943
15
2456
10
5143
8
11
6
1427
21
4032
115874
3544
1
7741
73
9417
32411
30
2
33
9
82
43
40
86
60
19
0
17
5
16
6666
573
47392
731
85
74
54
103
9
27
57
6
12
17
145
27
0
13
0
8
2
2:1
6
5
2
726
29
20
170
4
2
0
16280
7747
18188
813
247
0
1183
1062
665
436
330
202
2
3
4
2
5
11
31
58
28
54
8
32
37
3
1
43
51
5
1
30302
9978
26
64
9
167
15
54
120
636
1
46
41
91
174
42
202
9
268
9
2
55
18
41
103
47
41
25
19
186
63
24
425
13
6
3
14
38
14888
57
54
2018
9722
2:1
143
7
12
102
14
18
10
2
34
26
0
75
65
22
68
31
22
1
47
40
-488912
226
1250
316
100
54
1487
980
714
143
87
159
101
180
842
58
13
911
234
203
658
1385
337
300
11
409
1030
154
689
744
493
276
33
1680
240
49
952
152
735
308
23
41
107
45
23
190
120
92
1073
406
391
10
1488
446
5
723
413
409
371
85
159
94
949
185
186
381
795
152
255
176
101
521
509
992
10
971
231
34
111
312
338
72
369
138
224
299
14
293
168
14
31637
91
106
188
21
1701
3
102
5837
1208
7952
6921
26821
9476
8117
1014
3155
8
132623
57
38230
3682
10
90
189
55421
183
191
47
34
1019
18
21098
13301
2004
5890
584
3908
568
116
51
87
30391
9735
1955
677
559
15176
1977
10069
116
68
124
73
14
1424256000
499:0
1
144:0
4
-1
2
153
-151
1
4
3
-9
0
80
-83
-1
2
2868
-2857
-8
-5
137
21
-150
104
-46
-62
-4
73
-72
2989
-2985
0
-3
4
67
-72
19
-17
3
9
99
-81
91
-115
71
-52
-23
-4
4
516
-471
-50
1
16
-17
15
61
-74
1
-1
65
-64
6
-3
6
4
-14
-1
2
1
-3
2:4
478
-485
8
-7
7
0
30
-39
3
8
16
-17
-8
106
-109
2
320
-318
2:3
428
-429
-6
-3
229
256
-471
235
-242
126
-86
-43
11
48
223
-280
-2
-4
9
16
-12
-13
3
51
-42
-7
-2
2
-3
2
-3
7
-5
173
-170
65
-48
101
-106
-16
-1
1
-1
113
-77
-37
123
-8
-113
-1
3
21
20
-22
-12
35
-36
64
-73
8
-9
46
-43
1
-4
11
40
-17
-34
33
238
-236
-23
10
115
-136
0
1
54
114
-169
5
22
-28
140
-128
94
-74
-27
3
-8
276
-258
69537
-69452
4690
-4720
-72
0
132
-83
-33
-2
163
-178
2
8
14
-6
-15
-1
58
-60
260
67
-245
-35
735
-782
1
42
-42
51
70
186
-308
1715
-1671
-40
7
149
-160
50
7317
-1269
-6081
4
-21
33
-24
58
-46
-14
-5
-1
0
7
-4
5
568
-576
5
582
-581
102
28750
-28858
4
50
142
-197
75
269
-331
139
-150
0
45
-40
2
-1
2
983
-869
-103
-15
-5
107
18287
-18384
205
773
-982
4
350
-359
2194
-2192
1701
-1686
-10
-7
158
-158
-2
0
1
14
-8
6
21
-30
7
-11
1
568
-492
382
-369
-19
-71
23
-18
165
-164
111
490
-605
61
-62
4
1
15
-11
-4
-5
30
-14
87
61
-161
38
350
-330
-54
384
-378
238
2305
-2555
7
4319
-4113
-200
6
-19
4
231
-230
74
-75
92
-82
5
19680
-19696
-4
5
9
24
-27
265
86
-347
2816
-2806
-22
438
-432
164
-142
-23
-6
61
-59
3
-1
112
15936
-16054
4
-4
7
-4
10
11
-24
20
-16
-3
6
49
-53
931
-917
-11
2:0
1
18
-25
29
19
111
-115
-35
-6
39
-34
37
-45
0
2
1272
-1266
3
-10
6
-1
45
-30
6
-28
26
-17
19
-20
-4
0
25
37
10243
-10299
1018
7946
-8963
-10
257
5320
-2917
-2661
5
78
112
-195
616
-606
-6
39
-38
1
-4
-1
48
239
-288
23
-22
2
16
-14
-4
20
647
-668
117
5973
-6074
9
-24
4
297
-298
7
24
-29
3
-3
12
-17
33
19
-52
1
858
-839
-15
244
-171
-79
897
8
-904
142
-124
-6
-12
7
-1
1
60
-60
72
-79
48
-44
14
159
-112
-67
-1
1
-1
0
2
-2
1
0
1
0
2:-1
2:1
-1
3:0
-1
2
2:-1
2
-1
3:0
1
2:-1
2
-1
0
-1
0
1
2:0
-1
1
-1
1
-1
1
0
1
-2
1
-1
1
-1
1
0
1
-2
1
-1
1
0
-1
2:1
-1
0
1
0
-2
0
1
-1
0
2
-2
5:0
1
-1
1
-1
0
1
2:0
1
-1
4:0
-1
1
-1
1
-1
2
-1
0
-1
1
-1
0
2:1
-2
1
-1
1
-1
2:0
1
2:0
-1
2:0
2:1
-1
0
1
2:-1
1
-1
0
1
0
1
0
-2
1
2:0
-1
2
-1
4:0
2
-1
6:0
1
-1
3
-3
2:0
68
-68
2:0
8
-5
-3
9
-9
3:0
13
-2
-11
0
1
-1
16
-16
0
1
0
-1
6
-6
7
-5
-2
3
-3
3:0
3
-3
0
2
-2
5:0
3
-3
1
-1
4:0
1
-1
3:0
16
-16
5:0
1
-1
3
-3
0
1
-1
2:0
5
-5
2:0
3
-3
2:0
5
-1
-3
-1
0
8
2:-4
3
1
-4
3:0
2:1
-2
0
2
0
2:-1
0
1
-1
4:0
16
-16
4
0
-3
0
-1
3:0
4
19
-23
0
1
-1
1
-1
2
-2
2:1
15
-17
6
-6
1
0
12
-12
-1
3:0
5
-5
13
10
-22
0
2
1
-3
-1
1
2
10
-13
2:0
1
23
-21
7
-7
-3
2:0
47
-46
959
-960
44
-34
-10
0
3
2
2:-2
-1
2:0
3
-1
0
-2
0
8
-7
17
-18
5
-1
8
-12
2
2:-1
12
-1
-11
1
38
-39
0
4
0
-4
3
317
-250
-69
-1
2:0
3
-2
2
-2
-1
2:0
4
-4
2
27
-29
1
13
-10
-4
242
-242
5
-5
12
-12
3
0
-1
14
-15
0
16
-17
3
-3
1
52
-20
-31
-2
0
10
349
-356
-1
12
-14
0
9
-5
94
-96
224
-226
2:0
38
-38
3:0
6
-6
0
4
0
-3
-1
1
40
-41
28
-19
-1
-8
9
-8
30
-26
19
64
-87
3
-4
1
-1
5
2:-1
-3
13
-11
4
-5
-1
8
12
-6
-14
13
-11
20
13
-35
1
128
-122
0
6
-11
-1
3
-4
4
-4
9
-5
-4
148
-148
0
1
-1
16
-13
10
-13
4
271
-275
2
11
-12
15
-15
-1
2:0
2:1
0
-1
233
-234
0
2
-2
0
3
4
-7
5
-1
-4
3
2
-3
125
-118
-9
0
1
0
-1
2
5
0
-3
2
-4
2
-2
1
-3
3:0
6
-6
2
2:-1
2:0
1
6
-7
0
2
0
2:-1
1
0
9
-3
-7
6
151
-157
2
18
180
56
-254
-2
11
31
-42
28
-28
3
-3
0
1
-1
0
22
36
-58
2
-2
0
17
-16
-1
1
12
-13
44
237
-278
7
-9
-1
9
-7
-2
0
1
2
-3
1
-1
6
5
-11
1
15
-15
1
10
-5
-7
13
-2
-11
15
-15
1
-1
0
2:1
6
-7
25
-26
9
-9
0
13
-12
-1
26:0
1
-1
16:0
1
-1
5:0
1
-1
2
-2
16:0
1
-1
10:0
1
-1
1
-1
3:0
1
-1
10:0
2
-2
1
-1
0
1
-1
11:0
1
0
-1
4:0
2
-2
4:0
1
-1
7:0
1
-1
end
