v1
1082
663
566
52
153
25
35
424
46
119
229
380
56
22
146
374
41
120
172
612
732
159
234
615
111
425
10
194
22
118
167
851
116
341
159
21
391
534
44
52
238
185
79
356
69
106
45
673
104
171
431
494
348
94
339
69
57
809
106
135
327
124
339
302
100
538
113
394
257
18
16
15
142
704
294
585
27
29
83
43
115
25
128
118
57
25
74
73
50
30
35
357
447
173
120
225
524
304
10
33
6
116
338
121
141
85
101
300
146
287
441
299
48
66
316
41
703
808
199
102
460
165
2
274
94
75
50
215
1023
63
229
53
128
126
15
147
433
712
184
452
175
70
129
11
32
217
146
189
54
47
61
35
20
72
108
86
131
23
193
5
151
106
78
367
26
226
31493
5
22
9
290
44
85
69
19
196
36
30
1130
22
68
111
71
166
18
47
3310
2211
328
1553
5140
10816
2650
9755
3
5105
1825
2988
4451
11799
958
2466
5160
2
5
1428
15471
104456
3545
7741
73
9417
28772
3667
4
26
7
9
165
73
109
5
55694
36
41
22
12
17
145
27
24
1
6
5
21887
3093
18188
813
1072
358
1727
436
532
9
18
31
86
54
8
32
1
36
3
1
90
4
5
1
30302
9978
26
64
176
100
369
356
1
352
42
479
9
57
18
41
103
104
9
730
23
38
30
14969
28
1990
9723
1
150
12
1
115
64
26
13
62
35
52
61
38
45
53
12
-488743
23
1
86
208
48
19
12
159
412
210
55
38
2:5
8
266
16
60
3
89
5
91
0
42
18
68
137
126
147
71
19
1
51
25
44
32
110
58
374
129
6
56
158
174
95
50
25
67
16
28
194
48
7
21
194
12
58
5
143
290
0
157
26
204
118
25
1
46
133
210
83
12
17
45
5
0
149
33
46
6
69
136
154
201
20
165
16
166
34
146
49
18
94
1
73
67
157
39
31
33
28
26
51
84
76
65
60
3
0
60
102
9
22
88
5
136
273
72
152
53
67
24
65
86
112
11
270
29
7
103
31
62
85
132
78
54
12
92
44
6
25
45
97
25
5
95
8
47
284
66
15
125
16
234
110
56
23
4
24
12
514
215
113
67
180
69
29
14
4
74
345
41
138
26
76
146
141
99
44
22
45
30
87
0
78
42
80
4
92
0
106
72
349
27
2
26
311
17
44
33
108
224
278
29
200
131
97
169
164
13
65
43
52
64
2
4
48
109
299
72
66
1
19
31
10
155
5
2
123
40
190
2
50
2:6
7
37
7
13
2:2
5
2
6
5
21
6
24
1
48
17
117
13
0
2:3
2:11
78
1
79
9
4
15
2
107
2:7
4
35
7
49
4
68
19
38
17
82
45
14
13
25
61
52
27
451
198
402
35
86
10
100
23
372
40
46
255
80
49
21
579
51
3
108
58
154
136
131
144
27
52
196
6
141
30
33
136
5
31
1
84
70
86
493
114
85
8
12
184
36
5
48
452
162
111
174
185
2:10
7
212
33
6
159
6
106
111
75
195
85
38
177
142
76
74
100
68
12
65
78
182
11
1
251
28
29
18
33
96
10
46
44
89
94
38
76
105
90
167
110
6
96
289
37
135
162
2
36
45
97
171
191
105
55
86
143
174
94
31
4
8
23
116
65
95
12
5
12
292
0
4
99
52
29
23
225
23
25
107
92
140
5
61
1
31
87
53
2
1
72
11
39
11
42
16
38
2
0
4
28
13
8
46
39
17
44
111
35
0
91
31
31381
27
10
77
50
16
27
12
2:5
15
17
1
57
165
124
8
156
1008
64
30
320
45
62
76
331
18
2670
2554
2858
2094
691
7955
1001
4736
378
2324
3214
3406
2376
2041
6268
3
1252
489
872
2652
6
10
0
8046
19
3
7
2
16
2796
0
14
1825
2955
1544
3125
1
7
13
4
2
1446
4032
1
115873
1
3543
1736
5981
2:51
41824
7
3
94
20
75
19
68
46
30
23
19
27
0
6
76
6595
29369
18596
731
50
35
27
47
164
2
45
39
19
52
93
4
49
1
2:2
0
8
15
17
66
643
7
22
20
105
2
63
16286
2360
563
6002
9030
8996
1145
408
129
417
1824
3
1
5
1
8
17
18
1
42
2:5
6
3
38
11
14
20
8
65
18
32
31872
8273
14
277
108
128
90
541
128
44
144
119
5
7
33
23
94
45
80
49
86
140
50
8
130
89
5
26
5
6
4
5
4
9
21
273
144
54
177
45
5
19
140
14720
83
1
49
7
2059
9735
107
196
5
7
19
1
37
78
23
18
19
132
11
1
47
3
11
9
29
35
17
0
-488952
703
2090
502
75
818
1236
162
718
596
218
1256
21
527
1326
466
1194
410
466
1545
1555
227
491
269
1191
597
3
43
167
36
171
146
285
108
274
258
883
257
719
97
188
92
392
448
19
3097
163
5
506
568
702
66
154
9
165
346
486
239
388
446
612
634
1022
262
673
156
239
31802
7
213
1302
184
147
484
4911
18133
34852
145001
2
41899
279
4
129
55774
114
897
27
92
37549
7988
1696
304
40457
373
687
533
111
328
130
28312
1424742600
299:0
1
681:0
1
99:0
47
658
-639
25
-24
73
-92
24
7196
-7202
88
1708
-1778
-51
169
-67
-36
2688
-2738
70
81
-102
-23
1362
-1395
794
-750
342
-391
1007
-912
-64
569
-539
202
83
-169
-180
4
47
-32
1
65
-75
42
-43
601
109
-277
-430
1016
-714
-223
-16
-59
29
-42
39
40
218
-287
13
-26
284
-191
1994
-1447
-621
290
-178
-34
7
-54
6
-47
-10
378
148
-519
-7
0
134
-24
984
-480
-528
-87
75
274
262
-295
-172
-84
171
-81
230
-329
112602
-112499
10524
-10482
-161
356
-275
-44
-57
117
19
-35
-107
106
657
1847
-2589
290
-289
23
743
-518
3527
-3732
616
-683
27644
-25062
-2561
13
27
114
-34
-140
578
1526
-2057
16640
-16299
-393
182
-25
-80
646
1800
-2313
-183
212
1795
1350
16182
-19536
3026
761
-3804
17
258
-178
2102
4367
-6568
405
-352
-31
5461
-5435
-60
3373
-3353
5216
-4999
-101
-137
187
107
-183
177
508
1354
-2069
-81
10
-11
23
2
32
-11
547
-409
-42
1850
-1485
-320
1714
4415
-6315
88
-8
2940
-3006
111
-118
28
17
-40
25456
-25447
61
2588
-2670
22
441
-446
8263
-8265
-15
1413
-1373
51
1118
-1199
0
51
9367
-9292
5
-66
13
-81
2299
-2256
-21
51
-32
553
-53
-509
525
-465
-95
3014
-2899
-40
-61
165
-173
-2
4327
-2480
34956
-36790
33
3818
-3391
10047
-5316
-5209
14
165
2875
-3056
1975
-1890
34
-78
27
29
307
835
-1194
8
704
485
-1011
4839
-5020
63
-109
2318
-2239
-85
81
-75
235
-238
214
514
-296
157
317
-887
221
-90
9
-111
25
-70
118
67
-183
6
59
-62
-38
5
-9
1
-2
10
-10
2:15
-15
-8
9
-5
-11
30
-24
-4
2:0
-2
11
-4
-5
1
8
-7
-4
13
-10
1
2
5
-8
5
6
-1
-8
25
-28
11
-11
3
-5
2:0
17
-15
3
8
-10
21
-20
-4
19
-5
-4
-10
6
-6
2
0
1
10
-9
22
-26
2
0
4
2
-6
15
-13
0
-4
2
1
0
5
-8
0
6
-6
4
2
0
-6
20
-20
6
2:-3
31
-22
2
5
-15
-1
26
3
-10
-11
4
-10
0
2
15
-18
3
-1
6
-8
-1
13
0
-11
14
4
-17
8
7
-13
0
16
-12
-9
3
10
-10
-1
14
-4
2:-2
-8
6
-5
0
3
4
-5
-1
5
-4
5
-8
0
9
17
-22
-2
0
-1
2
-3
2
16
-8
0
-2
-3
-2
17
3
-15
-6
2
1
-1
6
-9
17
-15
21
-16
-1
-7
2
2:0
2
5
-6
0
2
8
-4
-3
-6
0
1
30
-28
13
-2
-12
3
-3
10
4
0
-4
6
-15
-3
12
-11
4
5
2
-11
13
-7
8
-15
2:0
3
1
2:5
-14
8
1
10
-10
-3
2
11
-1
-15
-3
10
-4
5
-6
-3
2
5
-6
-1
2
9
-11
2
-2
8
0
2
-3
3
-10
-1
15
-1
-15
0
9
-7
5
-5
-2
5
-3
3
18
-16
-7
28
-27
1
12
-13
8
-1
9
4
2
-23
13
-5
-6
-2
3
4
-3
6
-8
6
-1
-4
0
-2
17
-15
-3
2
0
-1
27
-7
-15
20
-14
-1
-8
1
-2
8
0
2:-5
7
-4
4
-1
-4
29
-4
-5
-17
11
5
-16
2:4
-13
8
-2
18
-21
5
2:-4
2
9
-5
-6
2:4
0
-7
2
7
8
2
-10
-7
26
-26
22
-21
-4
3
10
-9
-2
1
14
-15
-1
2
26
-17
-11
26
-17
-5
-4
12
-11
8
2:-5
2
11
16
-27
8
-8
2
5
20
-17
-4
5
-10
8
4
2
-15
2:1
-2
6
-8
6
20
-21
0
1
-2
1
-1
-4
2
-2
6
-3
-2
1
-1
5
-1
-5
2:0
17
-1
-4
8
-11
-1
-4
-1
-3
3
0
-1
0
-2
2
-2
15
-7
0
-8
5
-2
-3
13
-7
-4
-2
6
25
-29
16
-15
-1
9
-9
3
-3
6
-5
-3
5
-3
9
-11
9
-6
-2
25
-24
2:3
-5
7
-8
6
-5
-3
2
6
0
-1
-6
-1
14
-10
-2
3
-5
5
-1
6
11
-15
8
-4
1
-10
7
-8
4
-1
14
-3
-1
5
-17
2:6
-3
-4
-1
-2
2
26
-17
-12
5
3
15
-20
-3
21
-21
2:1
-1
28
-7
-11
-7
-2
5
-8
22
-18
19
-22
0
4
-4
-2
17
-17
5
9
-11
1
-4
2
-2
15
-5
-7
15
-5
-11
10
-6
2
-3
9
-5
-2
-5
-2
13
-11
7
-5
-1
2
-1
0
9
-11
13
12
-27
3
-1
-2
23
-21
2
4
14
-20
3
1
-1
15
-17
0
5
-5
9
-1
-11
3
2
-5
0
3
-1
3
6
1
2:-5
6
-5
-3
2
4
25
-31
5
-3
26
-24
2
3
-6
0
4
10
-5
-12
32
-25
-4
4
-2
-3
3
-5
2
-1
18
-13
-2
9
-11
4
3
-9
16
14
-3
-25
7
2
-9
17
-11
14
-18
-1
2
10
4
-12
-1
0
-4
6
1
-1
-5
13
-14
-2
16
-14
3
17
-6
-11
1
2
-6
7
8
-14
2:-1
30:0
-1
1
67:0
1
7
-2
-3
2:-1
0
4
158
-161
16
13
-3
-25
2:-1
4
11
-10
3
-6
18
-18
5
-5
10
-9
-1
0
6
-7
0
-1
3
-1
9
0
-7
-4
0
8
-3
-5
0
1
4
-2
-3
27
-16
2
-13
9
1
-7
2:-1
4
0
-4
1
3
-5
2:0
22
35
-57
18
-14
-3
0
7
42
-39
-3
2
65
-72
19
-22
24
23
-47
49
-43
-4
13
-6
0
7
1
-8
-1
3
70
-68
1886
-1895
74
-47
-25
10
-7
-4
0
15
-12
9
-9
16
67
-89
11
2
-11
14
-13
30
20
-52
10
-12
826
-742
-78
-7
9
-8
1
7
34
5
-45
257
-213
-42
15
12
-22
6
115
-47
-74
-10
6
31
699
-722
169
-181
-2
2
20
-22
174
451
-618
105
-108
4
-6
8
-10
150
-145
204
-190
-10
-5
15
-15
-4
87
-39
180
-213
-15
5
-4
11
0
19
-22
0
-1
38
-6
-21
-1
47
8
-71
-2
0
260
-258
55
-54
-1
12
-10
217
-220
2
-3
19
0
-19
9
733
-741
0
20
-20
2
39
-41
-1
9
309
-303
-13
-2
12
1
328
-305
-28
6
0
165
-165
4
-7
-2
-6
3
12
-9
-3
16
-21
3
20
9
329
-360
17
-19
99
398
496
-990
0
11
385
-397
32
-28
6
0
-7
1
31
221
-241
25
-15
18
44
251
-333
34
-35
23
-25
8
-2
-9
35
-32
3
19
7
-24
38
-46
30
-23
5
-9
9
-13
82
-81
7
-2
-3
-1
-2
1
-1
1
-1
2:0
2:1
-2
0
4
-3
-1
5
-5
4:0
1
-1
2:0
1
-1
2:0
1
-1
4:0
2:1
-2
3:0
40
-40
8:0
1
-1
2:0
1
-1
0
1
-1
3:0
2
-2
4:0
1
3
-4
1
0
-1
7:0
2
-2
0
3
-2
-1
1
-1
3:0
5
-5
5:0
1
3
-2
2:-1
6:0
2
2:-1
2
1
-3
2
0
-2
0
1
0
-1
2
-1
0
-1
2
-2
1
0
-1
3
0
-3
4:0
1
-1
7:0
3
-3
6:0
4
-3
0
-1
1
-1
1
2
-2
-1
5:0
1
-1
11:0
1
-1
0
3
-3
3:0
1
0
3
-4
1
2:0
-1
3
-2
3
-3
-1
1
-1
2:0
1
-1
0
1
2
-2
-1
4:0
1
-1
2:0
3
-3
1
-1
2:1
-2
2:0
2
1
-3
9:0
1
2
-2
2
1
0
-4
0
2
0
-2
0
2
-2
3:0
2
-2
0
1
2
-3
3
-3
0
1
-1
2
-2
3
-1
2
-4
2
-2
5:0
3
-3
3
-1
-2
2:0
3
-3
0
1
-1
2
-2
7
-7
2
0
2:-1
2:0
1
3
2:-2
2
-1
0
-1
0
2
0
2:-1
1
3
-4
1
2
-3
3
1
0
-4
4:0
1
-1
0
2:1
-2
3:0
3
4
-7
0
1
-1
0
1
-1
4:0
1
0
1
-2
2:0
1
-1
4
-1
-3
0
3
-3
3
-3
2:0
2
8
-10
1
-1
0
5
-5
2:0
1
-1
2:0
6
-6
1
0
-1
2
-2
0
3
-2
-1
2:0
1
-1
0
1
-1
0
1
-1
7:0
7
-3
3
-7
3:0
1
-1
2:0
1
-1
3:0
1
-1
5
-5
1
0
-1
7
-6
-1
0
2
9
-11
6
-6
0
4
-3
-1
8:0
4
-4
0
3
-3
0
5
-3
2
-2
2:-1
3:0
1
0
-1
0
1
-1
7:0
1
-1
5:0
5
-4
9
-7
-1
0
-2
2:0
3
1
-4
1
0
3
-2
2:-1
8
-4
2:-2
5
-4
-1
2
-2
18
-18
7
-4
-2
0
-1
1
-1
3:0
2
-2
3:0
1
6
-7
4:0
1
2:0
3
2:-2
10
-10
3
5
-2
-5
0
-1
0
4
-3
7
-2
0
-6
1
-1
2:3
-5
2
-3
3:0
1
-1
0
1
3
-3
-1
2:0
2
-2
0
2
-2
3
-2
1
0
-1
0
-1
2:0
1
-1
3:0
2
-2
2:0
2
-2
3:0
5
2:-2
-1
2
-2
4:0
2
2:-1
3
-3
1
3
-4
1
0
7
-7
-1
1
-1
2
-2
0
2
8
-3
-7
0
4
-1
5
-6
0
-2
3:0
3
-3
2
-2
2:0
1
-1
0
12
-12
0
4
-4
1
5
-4
0
2:-1
0
1
-1
18:0
1
-1
21:0
2
-2
2:0
1
-1
0
2
-2
5:0
1
-1
0
1
-1
21:0
1
-1
0
2
-2
3:0
1
-1
0
1
-1
2:0
1
-1
1
0
-1
0
end
