v1
1044
187
556
290
0
196
52
115
24
14
25
9
8
122
42
15
166
143
84
35
126
103
85
238
57
56
7
4
11
146
260
80
156
211
293
149
24
146
147
433
152
130
29
32
23
5
70
32
72
46
229
180
72
88
111
22
79
228
96
10
103
91
22
2:43
32
33
134
160
200
0
75
71
14
53
78
417
28
26
322
23
54
133
46
179
277
4
220
33
96
15
65
53
33
194
63
79
48
9
64
75
93
67
18
98
59
0
45
30
69
0
194
77
193
110
63
87
105
20
110
283
38
122
309
30
33
212
132
44
54
125
1
213
69
57
376
205
193
35
106
128
7
104
208
54
55
30
214
30
95
50
3
228
2:121
158
33
226
39
74
88
212
94
147
128
16
212
321
328
44
242
8
119
160
130
176
27
24
5
4
24
17
38
12
28
3
2:19
77
2
3
14
6
124
3
1
118
73
9
12
14
48
40
19
14
31
17
2
30
35
3
35
19
55
14
68
163
447
78
95
120
65
151
9
414
110
28
276
10
33
6
116
284
54
61
60
141
85
101
41
87
3
169
146
29
44
170
44
208
196
6
17
14
19
91
189
10
5
32
1
66
87
229
41
423
86
7
5
7
175
9
41
758
301
71
22
252
115
50
0
6
106
3
2
66
115
93
94
75
50
6
164
562
229
11
19
1
246
33
29
9
188
86
128
19
107
7
8
147
88
0
235
110
611
81
20
184
255
160
37
175
2:17
36
121
8
11
32
78
8
277
51
138
54
47
61
6
29
20
72
17
91
153
59
5
20
3
104
0
88
1
5
151
405
14
72
13
8
39
63
155
34
1
31492
5
22
9
237
67
30
85
69
19
76
8
112
36
8
22
944
136
50
22
68
97
14
237
15
3
47
2064
1246
2211
328
1553
5140
7580
3236
2650
4766
3406
1583
3
6917
10
3
2169
819
925
872
2652
2
4
8054
33
3708
943
15
2466
983
4160
1
7
1
8
2
5
1
1414
13
3523
0
530
115874
1
3544
7708
33
73
9417
32312
106
3
18
4
26
16
111
14
87
26
20
72
17
5
16
36035
18596
731
139
177
7
29
57
6
12
1
16
36
0
91
18
27
10
2
9
2
2:1
6
5
2
726
29
16476
4654
3093
1178
17010
813
1072
358
1016
46
665
436
532
2
7
2
5
11
31
39
47
35
19
2:4
32
9
28
3
1
31
12
17
30
4
5
1
40256
24
26
64
0
113
63
69
31
138
2:231
125
1
46
133
12
105
18
38
25
17
202
51
226
9
57
2:9
41
103
30
17
57
9
19
273
375
45
5
13
23
15
23
72
14866
7
45
2
7
28
1990
9723
1
150
12
89
13
14
18
46
26
2
11
62
35
11
19
0
22
61
7
31
22
23
25
2:14
12
93
-488981
15
64
89
30
12
45
51
28
63
114
238
0
48
216
38
27
30
344
140
73
29
164
10
135
21
96
62
47
129
234
385
118
135
186
77
147
281
142
28
128
33
98
43
106
255
21
392
34
7
118
143
15
110
173
174
137
31
339
49
177
35
123
107
185
29
362
20
170
115
63
62
19
464
175
0
43
76
75
224
0
3
112
14
58
98
131
496
95
1
48
532
20
85
19
44
6
29
82
9
47
259
7
291
267
38
25
96
14
89
761
343
160
78
77
169
89
291
146
643
82
28
117
56
205
144
45
169
139
29
17
185
147
73
4
278
156
415
65
47
107
81
13
27
6
164
83
30
418
16
222
64
55
4
223
65
13
44
22
8
5
8
10
9
17
7
73
140
88
19
62
137
0
109
4
125
108
145
0
4
90
20
0
49
422
487
97
96
314
104
135
202
51
782
2
195
33
121
97
0
170
144
27
232
193
133
59
168
579
46
111
545
242
273
170
14
148
30
7
186
136
189
56
323
30
85
79
136
142
0
389
6
260
321
50
12
59
22
3
10
73
17
193
2:14
190
59
372
0
490
58
5
99
38
163
150
296
126
426
31
57
86
197
38
421
17
23
286
49
34
80
23
35
17
129
26
52
102
92
159
31
161
9
34
95
81
25
31
31368
81
9
30
122
160
32
185
3
8
13
106
7
1101
262
90
46
172
2:11
9780
686
691
3842
1762
1028
1322
1004
7436
7820
2006
20838
2
1
2811
14
1859
2434
2031
3132
14
6
108026
16870
1736
5981
2:51
32657
5528
3640
1
6
57
3
133
17
21
72
74
19
33
6671
572
47393
723
25
135
7
92
74
45
0
5
107
0
95
0
52
8
18
7
23
702
52
2
9
37
49
3514
4380
4975
21435
8957
1
0
283
1854
134
1693
1
31
20
46
5
96
4
31987
8746
144
101
38
615
9
102
8
103
12
21
144
119
15
25
3
0
83
50
140
8
224
8
18
10
217
450
157
77
14717
181
0
11756
165
53
64
6
13
14
0
196
26
5
49
44
0
7
13
1424920800
599:0
1
443:0
6
16
-13
0
47
-37
5
19
32
-54
78
-82
-5
-3
2:-1
16
-11
4382
-4388
9
75
301
127
1471
-477
-1414
30
-65
383
-435
-1
1915
-1785
-131
17
29
-31
-15
71
-62
-1
-9
5
-3
-1
-3
66
-64
9
44
207
-235
127
208
-344
-17
272
-146
-124
30
-6
-8
19
-21
-6
48
-5
-52
2
67
-69
2
78
-66
2
-17
5
2
-7
88
0
-84
50
-54
-1
37
-5
-7
-25
16
9
0
360
-326
413
-431
1442
-1480
-1
3
92
-72
35
-9
-42
-2
138
-142
0
21
41
-57
27
0
-35
16
301
-46
-266
31
-34
1
-1
253
-255
0
19
77
-79
28
364
-384
65
-66
-3
-14
15
72
-89
38
-33
-8
1018
-995
2
-5
-16
19
424
-167
-257
-22
1
2:-2
42
-42
4046
-4024
-6
429
-445
345
-293
-45
-6
89
-54
862
-768
-128
9
-11
11
12
-21
483
-485
2
33
442
-464
-2
3
-13
0
481
-472
158
-133
-16
-13
7
68
75
-148
635
-638
-3
59
-58
19
-17
-2
13
194
72
-111
-157
10
-18
38
-41
73
202
-98
-179
95
83
-171
-7
112
-91
477
-496
32
105650
-105673
4608
-4396
-217
5
-8
60
81
-100
-43
171
-159
-14
73
-70
38
-33
102
-44
-65
4
-1
-4
37
-34
19
28
-21
-24
4
742
1609
-2360
81
199
-276
1
2
6
-12
49
-22
-20
45
441
-469
-16
-9
3550
-3541
0
8
-15
153
-82
-73
17
-5
16968
-15912
-955
-103
2
-12
25
126
-146
2
80
-78
108
-115
2
31
668
-696
879
-883
670
16395
-17057
-2
46
788
-761
-43
73
209
-301
-16
213
-138
-77
103
78
-168
2367
-2237
-7
-138
13
6
5
517
36349
-36808
3620
-3700
3510
-3459
-36
-17
436
-391
-38
2303
-2299
11247
-11249
0
-4
1
568
-571
17
-6
-11
80
-70
115
-121
-2
1942
-1296
343
3291
-4066
-157
-54
2
247
130
-306
256
-336
9
673
736
-1411
30
-38
0
3
359
-345
-15
20
148
-167
95
-82
16
200
-63
1023
-1088
84
-166
553
6593
-7167
12
-10
1
-4
39
1749
-1787
0
8
-1
24
126
-147
88
-99
17
-13
44
-16
481
-502
127
-137
2
-2
20833
-20777
-56
1
7
59
1
-51
2:2
86
-94
480
-426
10847
-10906
-7
70
-68
6630
-6633
840
-832
-4
36
100
-141
0
775
8921
-9696
7
-7
16
-14
920
-920
134
-129
71
-45
-28
896
-892
-1
-7
106
16
-108
2
-14
-3
223
-70
1397
-1438
94
-204
37
-37
45
22
-68
75
-49
284
-210
-101
11
146
-6
-64
-73
-3
-2
2
33
3142
-3182
817
-817
46015
-46019
0
20
-20
1261
11204
-7773
-4651
663
-702
4
3
54
2651
-2712
1116
-977
-69
-7
-59
274
-249
-17
-14
11
-10
215
4585
-4800
2
-1
2
-2
63
-58
112
-112
9
571
2286
-2798
-13
1992
-1949
-19
-18
-45
-18
6311
-6315
17
-3
-14
7
-3
15
-9
46
3539
-3590
-6
9
141
19
-169
148
464
-260
-117
2588
-2823
32
249
-276
56
-43
8
53
29
826
-931
6
0
251
-259
6
235
-207
-25
91
-80
47
-52
5
-26
-1
0
4
3:-1
4
-4
-1
1
3:0
1
-1
3
-4
0
2
-1
3
-3
-1
0
2
-1
3
0
-3
1
3
-3
2
1
-1
-2
0
2
-4
0
3
-2
2
0
-2
2:0
1
-2
3
-3
3
-1
-2
5:0
2
-2
2:1
-2
3
1
0
1
-5
4
-2
-1
2
0
1
-3
-1
2
2:-1
0
5
-4
2
0
1
-4
1
4
-4
1
2:-1
3
1
-2
-1
0
3
-1
0
-2
0
1
-1
1
3
-4
3
-2
0
2
-2
-1
4
-4
3
-4
5
-4
0
2:1
-1
1
-3
2
-1
0
2:1
-3
2
1
2
-4
2
-1
-2
2
-2
1
2
-3
2:1
0
-2
2:0
3
0
-3
0
2
0
1
-2
0
1
2:-1
0
5
-5
4
2:-2
2
-1
2:2
-5
1
3
0
-3
0
1
2:0
2
-4
1
3
-4
4
-2
2
-2
3
0
-4
1
0
-1
4
-5
2:1
-2
5
0
-2
1
-2
3
-4
4
0
2:-2
2
-3
2
2:0
3
-4
-1
1
0
4
-3
2:1
-3
3:0
4
-3
-1
3
-2
3
-4
3
1
-1
-4
2
-1
1
0
2:-1
3
-3
4
-3
2:1
-1
-2
2
1
-2
1
2
1
0
-1
0
-4
0
2
0
-2
5
-3
-1
1
0
-1
4
-4
0
-1
3
-1
1
-3
2
-2
3
1
0
-2
0
1
3:-1
4
2:-2
0
1
2:2
-4
3
2:-1
2
-4
2
2:0
1
0
3:-1
2
1
-2
0
2
-3
1
-1
0
1
4
-2
2:-1
3:1
-4
5
2:-1
0
-3
2
-2
1
2
-3
2
-2
1
2
1
-3
0
-1
5
-5
0
3
-2
-1
5
2:-1
-2
2
1
-4
2:1
3
-3
0
-1
2
-3
1
2
-1
3
-4
-1
5
0
-4
4
-3
-1
3
-4
4
0
-4
1
3
1
-3
1
2
-5
1
-1
1
0
2
-3
2
1
-2
1
3:0
2
-1
2
-3
1
-3
2
1
-2
4
-4
1
3
-3
-1
3:1
0
-4
1
0
2:1
0
2:1
-3
2
-2
2
2:-1
2
2:1
-1
0
8
-5
-1
2:0
-2
8
-8
4:0
7
-7
140
-140
0
2:2
5
36
-43
-2
19
-14
-5
2:0
10
-10
2:0
9
-8
1
4
-5
3:0
-1
0
1
23
-24
0
3
-2
1
8
-9
0
1
-2
5
-5
2
1
-3
0
2
-2
14
-12
-2
4:0
4
-4
4
-4
1
0
2
-3
2
-2
6
-5
2:0
5
-6
0
2:1
2
-3
11
-9
-1
2
-4
1
-1
0
2
-2
3
-1
0
14
-16
2:0
3
-2
1
-2
0
4
26
-30
1
7
-8
0
1
10
-11
2:1
7
-9
1
11
-8
-1
1
-4
2:0
10
-9
4
-2
-3
3
1
-4
2:1
4
-6
0
7
-7
0
2:1
-2
0
25
-25
0
53
-53
24
-23
2
-3
5
-4
0
86
-87
2
-2
3
0
-2
10
-11
1
2
51
-54
2
7
-8
2
16
-16
1
0
-4
3
-1
10
20
-31
58
-58
-1
8
-5
0
-1
-2
0
31
-22
1
-7
0
2
5
-10
1
14
3
-17
4
1
-6
0
8
-6
70
-72
19
1849
-1868
94
-57
-29
-3
-5
8
-4
2:0
-4
2
-2
14
-10
-4
2:0
13
-11
2:1
-2
6
-4
-1
13
-14
2:-1
131
-127
0
16
-5
-14
-1
1
0
2
3
-4
-1
20
17
-32
2:-3
46
-43
2:0
-3
3
13
-16
1
3
649
-582
-56
-15
0
1
2
-3
2:0
6
-1
0
-5
0
10
31
-37
48
-47
-1
244
-248
0
1
59
-57
1
2
14
-13
-6
25
-16
-10
0
12
-10
119
-40
-72
-9
3
0
1
24
689
-687
153
-183
2
-1
1
-2
24
-17
3
153
-162
531
-528
0
-4
1
112
-110
-2
2:3
-6
0
6
-5
3
105
-110
2
177
-156
-17
-5
1
17
-18
-1
73
-73
7
37
153
-192
2
-7
2:1
2:0
-2
7
20
-27
6
-2
7
-3
36
-3
-22
5
-23
52
14
-65
-2
0
3
-3
0
212
-211
0
5
-4
5
39
-40
2:-1
1
-2
-3
16
-15
9
-6
-4
1
-1
195
-194
3
-4
2:1
2:0
16
-15
20
-23
0
10
826
-836
2
1
-3
23
-20
19
-22
1
3
4
-6
4
1
263
-268
2:0
1
-3
17
-15
2
5
-2
1
-8
295
-293
0
-1
28
-16
-3
-8
-2
1
13
0
77
-78
-9
0
1
-3
9
-5
-4
7
-9
5
13
-17
2
20
-18
13
-16
-2
1
-1
6
19
-24
27
-28
356
-356
0
6
-4
119
751
-58
-813
11
-12
1
0
8
324
-333
29
-21
8
0
-16
9
1
-9
-1
2:2
41
185
-226
-4
3:0
23
-21
27
-24
-5
28
24
5
-39
224
-237
20
-21
1
-3
437
-436
0
-1
2
5
-6
4
-6
5
61
-67
0
7
-3
24
-26
3
28
-4
-24
42
-47
0
39
-38
5
-2
2:4
5
-15
-2
1
0
65
-66
3
11
-1
-10
3
-3
-1
0
2:-1
33:0
31
-31
14:0
1
-1
13:0
1
-1
15:0
1
-1
1
-1
1
-1
13:0
1
-1
6:0
1
-1
19:0
1
-1
5:0
1
-1
8:0
1
-1
8:0
1
-1
0
1
-1
2:0
1
-1
8:0
1
0
-1
4:0
2:1
-2
3:0
3
-3
6:0
1
-1
2
-2
2:0
1
0
-1
3:0
4
-3
-1
8:0
2
-2
18:0
3
-3
9:0
1
-1
0
1
0
-1
0
1
-1
4:0
3
-2
-1
12:0
1
-1
7:0
1
-1
0
3
-3
12:0
4
-4
4:0
1
-1
6:0
1
-1
0
3
-3
5:0
3
-3
2:0
4
-3
-1
1
0
-1
1
-1
9:0
7
-7
2:0
2
-2
2:0
3
-3
7
2:0
-7
4:0
1
-1
6:0
1
-1
4:0
3
-3
3:0
1
-1
2:0
2
-2
2
-2
1
-1
2
-1
0
-1
5:0
2
2:-1
2
-2
7:0
2
0
-2
1
-1
1
0
-1
4:0
1
-1
4:0
4
0
-3
0
-1
5:0
end
