v1
841
210
1
41
251
104
136
222
159
105
3
28
21
23
92
24
48
8
21
14
310
79
10
8
32
119
14
51
137
363
39
19
31
25
22
28
48
70
91
405
46
106
59
125
215
48
78
68
78
10
186
241
295
89
41
263
275
180
112
24
135
34
67
9
239
76
10
194
18
4
118
126
41
113
23
2
6
16
109
304
94
316
63
22
54
326
19
156
9
22
172
25
28
140
137
38
34
32
66
54
33
20
24
139
35
238
63
79
86
110
93
0
62
47
74
59
45
101
65
204
13
30
134
16
31
55
24
104
151
20
186
73
33
5
134
1
89
404
173
171
44
54
125
1
213
33
3
43
47
420
237
146
6
64
42
67
68
104
30
87
91
15
14
354
58
37
213
41
27
83
170
147
9
229
50
77
7
255
45
25
69
106
169
16
93
62
2
65
220
107
70
53
189
44
170
80
24
35
50
170
125
181
27
24
5
45
6
32
43
38
6
24
1
5
41
5
21
110
13
4
13
95
10
73
9
32
42
45
2:14
2:25
30
5
30
3
35
3
16
38
6
11
59
39
12
17
51
67
105
334
7
1
78
95
120
94
122
9
134
26
35
86
133
110
141
121
40
2
10
33
6
116
22
82
42
138
54
121
35
106
40
45
101
41
59
28
169
3
146
5
119
163
129
27
248
23
14
10
100
189
10
5
33
66
17
70
229
41
106
402
8
12
132
43
50
758
199
19
83
93
219
52
96
56
69
40
2
66
40
75
165
22
75
50
183
460
2:6
65
12
220
9
19
258
5
28
29
197
6
80
5
123
57
69
7
8
6
141
40
283
110
1
610
81
20
182
2
452
175
16
18
36
64
57
8
11
32
92
271
51
38
100
54
47
3
28
22
2:4
35
20
40
32
20
0
52
36
153
59
5
23
93
6
5
69
20
5
9
24
224
149
56
108
0
40
32
9
4
8
21
18
63
21
23
9
45
15
42
34
1
66
25
31
31375
22
9
12
26
5
178
16
50
3
44
24
25
36
40
45
3
36
33
7
1
7
112
36
8
22
932
111
109
68
79
32
71
46
58
62
15
3
47
9
272
2688
341
7
317
1887
328
1553
5140
5244
1335
2111
2126
2650
1552
3214
4989
0
3
1620
5297
13
2988
436
489
872
432
2220
2
14
8077
5
2807
1839
15
2466
474
4669
1
6
2
10
5
1
25210
96144
3545
7741
32
41
9417
32411
10
18
4
26
7
9
30
20
32
29
14
113
20
53
19
17
5
16
10999
25036
18596
781
35
74
157
36
18
34
5
6
12
17
36
91
18
27
10
2
1
11
1
6
5
2
726
29
32
24
77
57
6
16280
4654
3093
10208
7980
813
1072
358
127
935
665
436
532
9
2
6
2
8
28
0
3
4
35
17
2
28
31
3
20
8
32
9
28
3
1
43
47
4
2
3
1
30302
1513
8191
274
26
64
176
69
31
59
310
231
125
1
46
41
209
13
43
25
17
202
24
253
9
2
19
3
23
10
2:9
41
77
26
78
0
15
11
9
19
173
13
87
113
262
50
13
23
38
8
77
14875
30
9
28
1977
13
9722
2:1
150
12
116
28
36
26
2
11
62
41
24
22
5
39
17
7
31
22
1
22
25
14
26
-488346
571
339
470
42
44
16
331
859
44
151
682
24
54
1077
440
343
387
273
429
530
428
1428
151
112
272
326
349
11
52
718
279
544
510
360
102
931
220
177
145
55
821
2:185
436
573
45
365
407
519
412
87
6
7
42
29
177
267
127
291
209
458
724
331
591
697
731
281
307
1206
1171
2
437
141
797
404
715
83
200
655
494
162
542
153
4
3
497
43
139
65
430
34
1134
31943
243
86
81
12504
12870
10837
15959
8056
4716
7598
9
10
1425
4053
115875
3543
7819
38185
3646
317
7357
48123
132
191
2
4725
15192
17602
9180
1737
33
71
105
40939
1086
589
781
70
0
24
32
14824
144
12122
82
40
150
1424676000
699:0
1
140:0
1
0
4
-5
2
37
-22
-2
94
-109
8
15
-11
1
5
272
-288
-1
5
-6
1
-1
15
30
-41
5907
-5911
127
-91
-19
24
-40
1471
-1016
-437
-1
180
-197
14
-10
6
1854
-1859
-4
7
36
-43
35
-37
49
-14
67
-101
7
178
-184
85
-86
1
20
-17
-4
1
13
-14
12
-13
14
2
-4
-11
12
-12
9
-8
0
62
-52
125
-118
-17
0
5
16
-18
31
224
-259
1
229
-231
98
-96
30
-23
-3
2
0
56
-52
319
-271
-44
-2
-5
26
-24
-3
0
-6
-1
12245
-12244
97
884
-983
1
9
22
-13
-18
8
12
63
-82
383
496
-880
40
-34
-7
5
3
1318
-1322
-2
832
-829
-4
1
123
138
-257
104
-98
-7
-4
38
-37
3
-5
17
-11
26
-32
55
106
-150
-9
-1
60
-59
-2
8
2
7
-4
-5
-7
0
8
-7
-2
107
-105
73
-74
18
1663
-1309
-372
82
-47
-34
-1
0
14
-15
36
-5
-31
140
-139
63
-11
-41
-5
83
-82
7
-4
11
-15
51
-56
23
84
-101
-6
3
154
-158
4
7
-6
-4
-2
9
79
-79
0
116
-4
96
-216
87
-82
28
-33
5
18
23
-43
99
-91
-6
-4
0
9
-9
31
-19
211
-223
6
-7
386
-387
2:1
202
-191
20
38
-70
8
67
-74
12
29
-42
12
270
-259
54
-77
17
84894
-84862
3172
-3041
-179
2
-4
10
47
-34
-22
34
-34
31
-15
133
-149
119
-112
13
-4
-8
104
-21
-91
1
-1
42
-16
-26
48
-17
-11
10
303
-332
19
-5
28
207
-250
1
15
-13
281
-260
-9
20
-28
-7
261
-227
190
-218
1501
-892
-616
1
34
-26
7
1
-10
3622
-1237
-841
-1550
1
23
-18
-5
0
35
-35
-1
66
-65
21
-23
1
18
11
-28
571
-559
6085
-6072
228
-253
18815
-18816
0
465
-464
-1
13
4
-18
112
-47
-38
-20
183
-156
856
-849
1311
-1219
-119
-12
24
-25
1
177
17593
-17762
-10
0
2
22
2387
-2284
-127
50
-22
-27
5
-6
50
-26
-10
1678
530
-2216
159
-164
4
162
122
-275
-13
7
-6
-1
0
1
-1
4
9
-13
7
-7
29
-12
-17
1
-1
7
-8
8
1251
-1257
4
2:-1
19814
-19692
-55
-65
-5
5
-4
23
-3
-22
87
-86
3
86
-76
-13
238
-238
-1
9
5
13
87
939
-1011
45
-73
1
0
-3
-8
47
-40
-10
0
49
-45
31
-8
-26
116
-116
170
-171
13
190
402
-570
195
-229
-2
1
284
2591
-2875
41
-40
3
-5
11
-3
2128
-2055
-68
-11
-1
0
19
94
-108
10
24
-31
2
497
-438
-68
12
49
-58
0
23101
-23090
-14
-1
74
12
324
-406
39
3838
-3869
22
-15
1116
-1135
5
351
451
-804
29
-28
-4
139
-128
-7
6
204
4848
-5062
2:0
17
-10
11
-14
30
27
-62
0
8
19
-22
1167
-1168
-3
189
-154
-24
-11
11
117
-86
936
-892
-17
-62
51
36
-93
2:0
87
-7
-36
57
-93
45
-34
-11
77
-87
56
-26
0
66
-64
-27
-3
5
7
-13
1
4387
-4388
1
12
3
925
-940
-1
12982
-12974
19
-22
246
3877
-282
-3840
67
-57
-17
42
1491
-1508
-24
11
665
-654
89
-76
-22
0
-13
28
-21
374
631
-1011
-1
6
-6
33
-19
8
-14
189
-61
584
-714
1
38
-45
192
-82
1245
-1261
-93
52
-52
-1
65
-34
786
-800
-17
28
-21
6
5
-11
0
13
-1
-19
7
-3
3
236
-202
-32
73
-76
659
-440
962
242
-1239
-151
2051
-2045
-39
49
31
-85
64
6
-70
1614
-1122
-492
378
-354
-25
11
-8
700
-679
-22
0
-3
3
1
-4
3
1
-1
0
1
-4
3
-3
4
0
-4
0
3
-3
3
1
2:0
-1
-3
4
-2
1
2:0
-1
-2
4
-2
2
-1
1
0
-1
1
-4
3
1
-4
3
0
-1
-2
4
-1
1
-4
3:0
3
1
0
-1
0
-3
4
-1
-3
2:2
0
-4
4
0
-4
4
0
-4
3
1
-4
3
-3
0
3
1
-4
0
3
-3
4
2:-2
3
0
-3
2:2
-1
0
1
-1
0
-3
0
4
-1
3:0
-3
3
0
1
-1
0
-3
4
-4
3
0
1
-1
2:0
-3
3
-3
0
3
1
-1
0
1
-1
-3
2
-2
0
3
0
-3
3
-1
1
7:0
3
-3
0
1
3:0
4
-5
8:0
109
-109
0
1
0
3
-4
15
-1
-14
0
1
-1
0
18
-18
7
-7
2:0
1
-1
6
-6
2:0
8
-8
1
21
-22
2
-2
0
1
-1
4:0
2
-2
0
1
2:0
2
-3
5:0
10
-10
1
-1
3
-1
-2
4
-3
-1
3:0
13
-13
2
-2
4:0
3
-2
0
-1
0
1
3
-4
4:0
3
-3
1
3
-4
2:0
2
-1
0
-1
2
-2
0
3
-3
1
5
-6
3:0
6
-6
0
10
-10
2:0
16
-16
0
9
-9
2:0
2
-2
2:0
2
-1
3
-4
2
0
-2
6:0
1
-1
1
0
-1
4:0
2
-2
7
-7
1
2
21
-24
9
-7
-2
4:0
1
-1
0
1
-1
2
32
-34
0
4
-3
0
2
-2
-1
5
-5
1
24
-23
-1
1
2:-1
0
12
-10
-2
0
2
16
-18
0
25
-23
23
-25
8
-7
2:0
-1
3
-2
-1
6
-5
2:0
-1
1
-1
4
-4
2:0
1
-1
20
-20
2:0
28
-25
-1
4
-6
0
2
-2
0
1
-1
1
43
-44
0
1
6
1282
-1287
55
-45
-12
1
-1
1
8
-7
-1
2
-3
3
-2
-1
1
3
-3
3
2:-1
-2
10
-10
1
0
1
2:-1
0
9
-7
2
41
-45
0
5
2:2
-9
1
0
-1
0
3
-2
11
-11
-1
16
-11
-5
0
36
-35
-1
1
5
-6
1
0
-1
336
-262
-68
-5
-1
5:0
1
0
2
-2
4
-5
0
5
-1
-4
41
-40
21
-12
-7
-3
235
-234
-1
30
-30
0
3
2
-5
11
2
-9
-3
-1
5
-5
4
53
-13
-38
-6
3:0
20
372
-390
-2
3:0
73
-70
-3
0
3
-2
0
-1
8
0
2
79
185
-274
1
-1
0
1
63
-64
7:0
3
-3
3:0
7
-4
-3
4:0
5
43
-48
2:0
1
103
-92
-7
-5
0
1
-1
2
-2
1
9
-9
-1
3
-3
0
49
-49
0
1
0
1
33
92
-123
8
-12
1
4
-4
-1
8
-2
-6
0
23
-23
9
-6
-3
2:0
5
-5
0
30
-11
-8
7
-18
2:0
27
11
-38
3
-3
2:0
2
-2
140
-135
1
-5
-1
0
2
26
-28
4
-4
0
1
12
-8
-5
7
-5
1
-3
125
-125
2:0
20
-7
-13
1
8
383
-391
2
-2
17
-18
0
21
-21
4:0
4
-4
2:1
7
206
-215
2:0
1
0
1
3
1
-4
2:-1
4
0
-2
222
-223
-1
12
-10
0
-2
1
4
2
107
-109
-4
3
-1
-3
4:0
5
4
2:-4
4
-4
1
7
-9
4
2
-2
14
-17
-1
1
-1
3
-3
0
14
-14
3:0
11
-11
0
223
-223
5
-4
51
161
167
-379
-1
2
-2
6
127
-129
-4
0
19
-16
11
-7
-6
1
-2
1
-1
27
130
-157
1
-1
0
10
-9
15
-12
-2
8
4
-14
1
0
-1
33
-33
120
-117
-3
14
-13
0
-1
1
15
-13
-3
1
0
-1
2
0
-2
8
-3
-5
3:0
33
-30
-2
0
1
10
3
-1
22
-12
-21
-1
1
3
1
2
-9
4
27
-31
0
1
-1
7
-2
-5
4
-4
0
1
-1
2:0
1
-1
18:0
1
0
-1
2
-2
2:0
1
-1
7:0
1
0
-1
0
1
-1
11:0
1
-1
5:0
1
-1
0
1
2
-3
1
2
-3
1
-1
2:0
1
-1
1
-1
2:0
2
-2
10:0
2
0
-2
0
1
-1
1
-1
7:0
2
-2
0
4
-4
0
1
-1
1
-1
1
-1
3:0
2
-2
1
2:0
-1
1
-1
4:0
5
-5
3:0
end
