v1
1136
743
538
802
188
26
100
237
58
56
168
535
166
6
510
663
564
591
312
759
1068
811
621
432
79
786
160
193
385
704
221
442
1380
499
57
224
145
1053
288
12
94
1727
360
83
43
115
149
122
82
74
59
94
35
239
118
617
872
304
10
33
6
400
54
121
141
85
101
41
434
998
471
703
1109
326
134
167
24
157
187
75
50
991
539
53
128
126
162
433
611
285
818
8
43
414
138
54
47
61
35
112
241
64
23
196
2
702
252
31498
31
12
407
88
84
112
36
8
22
1152
416
65
5521
328
1553
3764
1376
10816
2650
4766
11922
7443
20381
5486
115874
11286
73
9417
32443
26
16
352
55537
268
17
195
1
7
90
672
42411
813
2492
1633
11
47
44
42
54
40
37
3
1
42
58
40280
266
69
31
725
1
352
25
17
479
9
57
18
204
44
7
2
19
734
15
23
14999
2018
9722
2:1
150
12
1
179
39
210
7
42
11
76
12
59
-488782
90
20
236
31
571
74
31
45
60
31
0
24
14
24
1
9
8
48
74
159
71
40
47
49
84
21
93
150
323
51
23
46
14
1
28
118
77
263
156
58
79
133
170
33
350
140
0
17
148
31
96
27
75
7
39
152
159
32
28
0
76
0
26
50
58
235
4
47
94
13
26
160
111
34
67
228
106
73
21
100
17
5
19
99
126
154
28
19
143
0
18
113
72
67
25
45
269
55
5
11
49
0
61
20
9
128
88
123
6
21
135
7
2
22
51
140
311
67
5
0
32
29
2:11
102
20
67
9
80
53
33
1
49
144
199
64
75
31
62
85
98
49
10
45
99
2
140
195
80
78
79
11
93
136
15
342
33
76
16
2
95
35
5
84
135
105
166
63
21
268
247
30
3
36
33
10
47
277
99
96
220
117
135
40
66
12
92
19
37
6
55
302
100
72
58
124
167
27
2
119
189
46
0
44
33
64
44
31
116
44
33
165
47
66
229
9
160
16
1
156
55
164
434
51
276
18
104
5
150
217
44
55
10
27
0
41
0
11
5
0
23
0
19
4
21
13
10
27
6
10
3
6
17
7
1
48
3
14
7
127
13
83
86
13
79
45
60
10
76
35
3
16
38
17
61
37
105
37
181
43
155
72
1
78
95
120
94
112
19
134
26
35
86
133
152
159
101
167
104
390
154
124
59
32
51
318
5
97
170
15
129
27
52
202
17
14
110
199
5
18
13
2
83
156
143
464
51
34
1
12
7
132
50
2
36
5
263
146
229
24
96
31
161
7
173
12
264
17
152
109
68
23
15
170
102
123
319
330
262
44
19
29
117
112
33
29
51
0
18
78
10
3
43
38
6
89
94
38
56
20
8
106
81
158
119
6
96
15
271
175
200
45
20
182
257
83
74
40
164
11
70
140
75
3
34
6
45
232
34
55
258
2
97
32
108
192
20
25
102
5
18
57
14
38
86
32
54
52
119
266
13
29
64
17
41
12
102
126
31399
2
6
5
16
52
95
66
86
14
30
37
117
88
7
1
29
1198
1
7
0
80
90
83
9
5
14
71
166
15
1
2
56
2960
341
6
1
6472
686
0
4531
2792
2324
1813
1408
1515
386
10522
0
790
830
0
5297
1341
1660
436
1361
432
2222
14
8046
18
11
2
1
2811
14
882
943
2481
474
1537
7
3133
1
16
0
1414
13
3523
116405
3543
1
1735
6032
6
10304
27926
3540
99
7
3
18
2
35
91
29
10
4
40
73
20
53
19
17
10
54642
731
9
41
35
67
66
98
7
2
27
18
10
29
6
13
52
26
67
43
10
3:1
2
0
9
1
11
49
36
692
21
155
3445
12835
2360
2294
3093
1178
1995
1884
5151
9040
825
358
454
418
1
133
10
711
436
366
122
45
2:2
0
4
8
10
80
3
6
55
8
24
3
1
0
32
8
22
52
9
30
2:9
30303
1513
8242
249
64
9
0
108
285
12
22
209
403
38
3
204
18
43
27
92
15
110
275
13
22
42
12
38
103
52
10
16
5
10
98
127
87
95
236
6
83
5
0
13
6
113
14747
116
24
82
1977
10015
6
12
10
7
19
1
35
17
58
5
30
11
19
22
5
88
6
45
3
22
52
4
31
7
-488847
50
117
135
66
157
97
14
260
513
364
8
127
52
743
420
19
616
24
28
435
723
18
324
45
396
147
73
254
2:64
81
184
218
292
26
398
141
59
187
467
221
109
9
231
348
540
182
232
21
211
109
11
8
177
864
38
584
15
597
270
139
105
229
253
325
107
45
243
39
151
511
1543
50
349
107
97
21
94
232
154
51
213
126
15
7
408
81
141
147
40
5
41
46
4
32
64
22
58
41
89
202
134
838
120
193
253
306
289
459
312
166
33
1017
309
62
150
211
554
905
102
192
17
176
179
17
157
18
663
145
12
120
240
32
765
12
164
156
212
725
265
190
115
237
162
1
7
232
221
50
241
112
174
16
92
36
117
53
23
817
267
118
58
77
168
46
31643
0
159
209
96
1217
361
0
9
28920
6965
9094
21476
2
1
4157
17
5489
11417
115717
1
54
41995
77
241
36035
19299
29
131
289
136
128
695
7
36
16
2
29
17
7943
4975
0
6403
17036
1247
9703
19
1
96
197
25
40400
310
30
9
710
525
124
190
922
13
38
109
19
26873
26
41
354
77
115
1424472600
199:0
1
699:0
1
235:0
66
-32
11876
-11864
12745
-12747
23
435
633
-1101
690
-650
3603
-3632
4
478
-190
-284
388
-396
407
-418
9
10
-11
12
23
404
-417
2561
-1838
-699
-44
786
-745
-49
1025
-970
817
272
-1145
10
612
-596
-7
8
-5
1183
-1148
-5
-37
262
-230
299
-334
494
-142
73889
-73876
31277
-31654
12
36
-37
42
1627
-1645
-13
-3
574
-570
582
-606
4244
-3035
-1190
20
107394
-100124
-7267
-28
2:-5
777
-14
25798
-25804
-759
319
-317
6048
-6036
5
3319
46999
-50329
7091
-7084
-10
16
4791
2017
-6821
355
-336
11597
-3377
-7934
-315
721
-378
105
-120
1889
-2195
716
-713
28
-33
343
1645
-1540
-441
316
1035
1084
-2412
3857
-3867
40338
-38869
-1507
320
-309
8748
-7985
-771
1608
11238
-12850
5
1335
-1324
36
72071
-72116
39
238
-280
7
1888
-1893
3346
-3011
928
19916
-21179
450
20451
-15649
-5255
1922
-97
-1781
-43
48
337
1169
-1552
-5
47
511
1710
-1936
19265
-18138
-1406
-7
1002
-1005
-32
2
293
866
967
-2139
1125
-727
359
743
-1498
402
-364
-3
716
-722
1760
-1790
4060
-4034
-46
-12
3
2:-3
2
211
-200
-13
0
16
2
-9
162
-165
12
80
-96
9
92
-102
2
-2
1
23
-20
-4
4
2:0
-5
8
-7
0
271
-156
-85
-27
-4
122
-121
1
10
-8
124
114
-233
-8
0
19
6
189
-201
-12
-2
4
103
-87
-17
6
-1
9
-3
14
-21
-5
-2
4
17
-17
14
-13
12
112
-125
-1
2
226
-226
19
7
-23
-5
10
-2
-7
21
-24
2
-1
0
26
-28
0
30
-30
14
155
-141
-23
-1
5
7
-11
0
3
89
-83
-11
24
-27
4
-4
2
16
-18
3
2
-5
5
0
-4
2
-3
0
174
-155
11
-27
1
11
118
-119
-14
3
1
5
6
-12
3
7
80
-86
-6
112
-86
-23
-2
1
-2
22
97
-116
15
-6
-12
2
12
199
-214
1
0
5
130
-136
0
2
-2
11
-10
7
11
-19
155
-153
27
-21
15
-10
1
-11
6
-3
-6
8
94
-99
24
-27
1
-1
7
-6
17
-13
18
-12
3
-2
16
-27
-1
8
1
17
-24
-2
2:1
0
2
1
-3
0
13
0
-14
273
-263
2
-13
11
10
1
96
-118
236
-235
0
-1
2:0
8
0
1
0
-7
0
5
-5
0
15
-3
-14
6
-1
23
-26
3
-4
5
18
-17
4
-3
-4
17
287
-298
-10
255
-234
-20
0
3
92
-95
5
17
-23
169
-161
12
-2
8
126
-137
-15
0
11
-9
2
-4
142
-136
284
-99
-190
1
100
-98
8
-9
-1
23
-17
-4
12
271
-263
-18
-5
-1
2:0
3
10
-2
5
2
100
-113
16
-3
-11
18
174
-190
-3
4
0
109
111
-215
-3
100
-111
0
1
26
-18
90
-100
0
30
-29
0
14
-13
0
-1
120
-120
2
11
111
-123
-2
4
2
21
-26
-1
1
4
-3
-1
3
-4
2:2
16
-17
-2
124
-102
232
-246
0
-9
25
-22
-3
0
2
-2
7
-6
4
-5
23
136
-159
4
16
-19
5
7
-13
1
154
-154
3
107
-105
6
16
-17
159
-14
-17
-1
-6
-128
2
16
-20
2
-2
1
17
-14
-5
0
19
234
-249
12
74
-91
3
-3
3
5
-7
4
0
-4
10
-11
6
-5
1
-1
18
-19
0
12
0
17
-29
0
3
205
-201
-6
8
85
-92
283
-276
152
-161
10
-7
3
1
7
-4
-1
-9
27
-26
189
-169
-12
16
71
-94
4
200
-204
7
290
-296
-2
-1
1
12
-12
1
2
-2
-1
3
105
-93
-4
6
-15
10
-11
9
112
-20
-103
0
124
-101
-21
-1
1
7
-7
2
-1
17
-12
112
-113
-5
3
236
-241
9
0
5
1
77
-91
9
101
-111
12
-5
-1
-5
-1
26
-15
12
-22
3
106
-103
-4
0
6
-7
5
1
5
0
190
-202
14
-11
6
-8
0
10
-9
158
-132
-14
130
-139
-6
29
81
-91
-15
7
-10
16
-4
-13
3
15
-16
0
90
66
-3
-155
30
-20
1
-11
8
21
-28
125
-106
-13
17
-18
-3
-2
5
205
-64
-133
14
-27
-1
110
-105
5
2:-5
11
-3
3
-4
-7
22
-19
-2
-1
189
-180
-6
3
0
3
-9
0
6
20
-22
3
16
239
-260
6
0
10
115
-115
-4
-14
2:4
-7
26
-17
-4
0
5
-4
24
-29
2
-1
10
-13
9
14
-5
-18
4
115
-119
2
13
10
-19
-3
27
-4
-21
-2
-3
2
7
2
97
167
-274
120
-92
-23
10
-16
306
-306
1
0
4
6
-11
229
-227
206
-191
-17
114
-107
151
-158
1
181
-48
-134
305
-295
-10
7
-5
-4
1
-1
1
0
-1
2:0
1
0
-1
3:0
1
-1
3:0
1
-1
1
-1
0
1
-1
1
0
-1
1
3:0
-1
1
-1
0
2
-2
1
-1
2:0
1
5:0
1
-2
1
-1
3:0
1
0
1
-1
1
2:-1
3:0
1
2:0
-1
1
0
-1
1
-1
0
2
0
-2
0
1
-1
0
1
0
-1
0
1
-1
1
-1
0
2
-2
1
4:0
-1
1
0
-1
1
0
1
-2
1
4:0
-1
2:0
1
-1
4:0
1
-1
2:1
-1
2:0
-1
0
1
-1
2:0
1
0
-1
1
0
-1
1
0
1
2:-1
0
1
4:0
-1
0
1
-1
0
1
-1
0
1
4:0
-1
0
1
-1
0
1
-1
1
2:0
1
0
-2
3:0
1
0
-1
1
2:0
-1
0
2
2:-1
3:0
1
0
-1
0
2
-1
2:0
1
-1
0
-1
1
2:0
1
-2
4:0
1
-1
1
-1
2:0
1
-1
2
-2
2
-1
2:0
-1
3:0
1
2:0
4
0
203
-205
2:1
-2
19
0
-19
1
-2
16
-14
-2
32
-31
-1
19
-16
21
-22
4
-3
1
-3
1
20
-22
18
-2
-11
-5
2
-2
4
19
-23
0
57
-54
1
76
-75
21
-22
41
27
-64
-1
-3
14
-13
9
-14
98
-84
2245
-2256
97
-93
1
0
-5
6
-2
-6
-1
13
7
-18
35
-37
65
-44
-18
0
1112
-963
-148
-3
2
5
53
-20
420
-405
-53
17
-17
243
-234
-8
44
1228
-1264
147
-159
3
5
247
576
-830
139
-134
168
107
-264
-17
5
104
-105
50
267
-309
22
-25
28
-30
36
2:4
-51
33
12
52
-95
296
-292
262
-265
23
-25
11
846
-842
-13
30
447
-456
-12
371
-374
8
752
-767
7
4
-9
2
7
-10
17
-19
29
337
-354
85
360
748
-1206
266
-213
-44
-3
-1
59
240
-284
-19
57
-36
23
96
790
-930
7
-8
17
6
2:-9
30
15
-47
2
28
6
-15
25
-48
2:2
-3
0
3
7
-11
2:0
-1
3:0
1
-1
8
-8
2:0
1
0
5
-5
-1
1
6
-7
0
1
0
-1
2:0
3
0
-2
2:0
-1
0
1
-1
0
17
-14
-2
1
-2
1
-1
2
-2
2:0
30
-28
-1
1
2:-1
2
2:-1
2:0
9
-8
-1
2:0
1
3:0
-1
5:0
1
-1
3
-3
3
-2
9
-10
0
3
-3
2:0
4
-3
0
-1
2
-1
2:0
-1
0
7
-7
0
3
-3
1
0
-1
3:0
1
-1
2:0
6
-6
2
2:-1
5
-4
-1
2
-2
1
0
-1
3:0
10
-6
2:-2
2
-1
8
-9
0
3
1
-4
1
-1
1
5
-6
0
1
5
-5
-1
4:0
6
-6
1
-1
3:0
10
-10
3:0
5
-5
1
-1
6:0
12
-12
6
-6
3
-3
1
-1
4:0
3
-3
8:0
1
-1
0
1
0
-1
0
2
1
-3
4:0
1
-1
1
-1
0
3
-3
0
9
-7
-2
0
2
0
-2
6
-6
61
-61
4:0
1
5
-2
0
-2
0
-2
1
0
4
0
-4
-1
2
0
-2
2
-2
0
4
-3
0
1
-1
4
-1
-3
-1
19
-19
2:0
2
6
-6
-2
0
1
2
-2
5
-3
6
-9
4:0
1
-1
0
17
-17
18
-7
-10
0
9
-9
-1
2
-2
6
-6
2:0
35
-34
1
-2
4:0
3
0
1
-2
20
-16
-5
0
5
-1
7
-10
-2
4
-4
0
55
-53
-2
12
-11
-1
1
-1
1
6
-7
0
4
-4
2
-2
3:0
22
-22
1
3
1
-5
2:0
6
2:-3
2:0
1
0
-1
2
-2
2:1
-2
3
-3
14
-11
-1
-2
2:0
4
-3
-1
3:0
1
2
1
-4
12
-8
-4
2
2:-1
7
-7
2:0
2
-2
2
6
-8
3
-3
2
39
-41
19
-14
72
-73
-4
1
0
-1
3
-3
2
-2
2:0
2
19
-20
12
-6
-7
2
-2
0
2
-1
0
-1
2
1
-3
6
-6
0
1
8
-9
0
3
1
-4
3:0
31
-29
-2
6
3
-7
33
-35
1
-1
4
-3
-1
4:0
2:1
-2
2:0
2
11
25
-38
0
13
-12
-1
8
-8
2:0
2
0
2:-1
3
-3
1
-1
0
4
2:-1
0
1
-3
0
3
13
-15
-1
69
-65
-4
0
2
1
-3
0
3
0
-2
20
-21
2:0
9
-9
1
0
1
-1
0
-1
2
31
-33
1
-1
3:0
1
4:0
5
-6
1
0
2:1
-3
1
3
8
-1
-11
4
2:-2
1
-1
0
1
15
-12
2
-4
9
-11
9
1
-8
0
-2
0
3
-1
0
-2
5
2
0
11
2
-11
-9
0
2
-2
1
2
4
-7
31
-26
-3
-2
0
4
-4
1
24
-25
2
1
-3
1
16
-15
-2
3:0
2
1
-2
0
3
-4
0
1
0
-1
3
2:-1
0
-1
4
-4
0
1
-1
6
16
-20
2
-4
5
16
-20
0
-1
4:0
5
-5
1
-1
0
19
-19
0
2:2
-3
2
-2
-1
2:0
33
-33
0
4
-3
1
-2
2:2
-4
2
-2
2
4
0
-1
6
-11
2
-2
4
-1
-3
38
-38
3:0
1
-1
8
-7
16
-14
-3
5
-2
80
-83
0
19
-7
-12
21
-21
2:0
2
-2
18:0
1
-1
3:0
1
-1
11:0
1
-1
14:0
1
-1
68:0
1
-1
8:0
2
-2
11:0
1
-1
12:0
1
-1
0
1
0
-1
2
-1
1
-2
11:0
5
-5
2:0
1
-1
0
1
-1
1
-1
6:0
6
-6
11:0
2
2:-1
9:0
2
-2
11:0
end
