v1
1014
317
426
425
61
31
21
52
101
25
9
130
317
49
66
53
272
42
237
58
56
22
28
118
707
612
147
10
179
396
6
2
313
72
322
404
135
42
258
194
22
118
33
6
128
27
294
114
138
339
156
0
420
33
102
31
55
3
59
108
534
262
257
79
176
175
121
134
128
8
44
31
322
110
164
111
431
113
381
388
54
126
213
69
57
36
123
714
42
128
7
104
117
106
69
288
11
95
254
34
114
290
22
332
7
205
66
29
94
257
18
16
212
164
94
149
242
294
281
304
27
29
28
17
6
32
25
18
8
4
26
30
47
2
17
117
11
2
3
1
118
73
9
12
62
9
50
64
30
35
3
35
119
82
118
85
296
45
21
173
120
225
414
110
304
10
33
6
116
146
138
54
121
141
85
101
41
259
151
267
15
404
6
17
14
166
133
15
33
153
105
124
41
423
280
50
758
301
71
12
10
7
169
136
55
165
2
24
157
93
94
75
50
655
65
241
30
247
33
29
147
56
38
42
128
126
7
8
147
40
283
110
207
440
45
20
82
102
452
175
142
49
8
11
32
363
51
38
100
54
47
3
28
30
127
20
88
153
59
5
20
3
104
89
5
9
110
523
13
47
63
117
72
77
46
31375
22
9
0
43
16
145
4
51
31
4
40
85
88
76
8
112
36
8
22
1043
7
30
72
68
100
11
63
8
166
65
2064
1246
2211
328
1553
5140
7581
3235
2650
8172
1583
793
830
5310
2988
925
3524
2
4
10
8077
22
2804
882
943
15
2466
985
1039
3119
8
11
5
1
1427
3523
116404
1
3544
7741
73
9417
32411
10
22
33
9
125
40
73
109
5
87
54560
703
28
9
150
55
102
7
2
27
19
38
6
12
17
145
27
10
3
11
1
6
5
2
83
643
29
32
9
86
3514
12835
4654
3093
18188
813
247
825
358
456
560
46
665
436
532
5
6
16
29
2
44
12
30
2:27
9
31
9
28
3
1
43
47
4
5
1
30302
9978
26
64
176
69
31
138
405
182
1
352
25
17
202
277
9
2
55
2:9
41
61
17
25
30
17
13
38
6
7
2
19
273
375
50
13
6
3
14
15
23
72
14816
102
2
7
2018
9722
2:1
146
4
12
102
14
18
36
4
6
26
2
15
58
5
2:41
61
38
22
23
53
12
18
75
23
-488886
80
57
208
34
30
555
62
87
123
24
56
229
205
13
125
21
65
28
303
41
0
129
16
35
25
1
123
60
256
139
61
83
24
77
52
47
17
4
27
140
30
64
31
4
12
277
53
82
421
0
12
285
4
9
144
12
134
115
56
237
11
122
171
144
163
96
245
168
177
2
32
31
16
109
237
137
24
150
34
10
29
82
486
9
199
39
37
103
108
203
4
105
155
13
24
32
19
81
86
1
0
20
29
343
128
166
62
7
111
144
2
46
223
239
33
135
46
112
216
56
134
54
185
81
72
18
466
19
138
175
38
14
132
455
146
103
146
6
112
61
2
105
382
96
106
42
338
68
44
347
150
132
15
317
267
200
78
64
55
285
116
35
0
167
90
5
51
192
107
4
215
80
59
57
59
32
23
2
17
56
2
22
31
6
14
9
1
8
20
6
8
51
21
70
53
17
37
51
81
132
5
28
29
2
1
10
61
53
16
38
31
2:140
25
31
71
43
219
8
47
39
91
211
265
26
35
96
263
74
198
381
50
138
92
218
31
171
3
108
58
149
305
111
79
197
14
60
125
108
5
56
98
287
362
0
157
42
8
5
177
0
14
703
111
68
109
7
10
70
98
100
334
354
0
204
20
38
159
18
32
106
4
125
232
270
57
292
68
88
40
12
21
17
126
368
115
160
63
662
2
0
68
110
115
322
85
3
55
18
206
171
44
3
339
165
259
68
36
158
8
291
50
115
3
54
52
122
72
11
148
83
125
41
4
15
42
101
25
0
41
10
31475
49
17
82
26
133
63
52
81
1163
326
136
71
64
59
2960
2877
1519
1
358
341
1707
4554
2113
1359
2324
1098
3645
5909
15835
872
10712
2
29
3
20
2791
4794
509
1035
3132
2:10
1412
34
4033
102552
16865
1736
5981
2:51
38185
2624
983
0
39
46
5
46
29
20
3
29
16
112
19
33
18
2
19
4
34
6666
4333
44413
35
129
4
8
137
7
110
93
55
0
3
6
2
784
6
58
47
8
61
2
19203
6002
9030
3251
5304
402
2139
133
1692
6
1
7
19
4
15
42
10
7
2
74
13
3
1
62
91
4
40394
326
30
37
12
254
208
172
41
91
12
119
177
134
111
140
35
247
26
5
10
75
213
330
44
70
69
18
77
14860
9
2050
9900
150
17
3
145
30
27
5
58
35
1
6
0
12
47
23
89
46
1424983800
499:0
1
513:0
16
248
-254
93
-74
-12
64
-50
-10
4
96
-111
27
25
14851
-14833
38
-82
86
818
-829
31
-112
177
-63
-133
-2
1
107
2122
-2221
0
230
-228
59
-52
-17
564
-492
-59
130
-140
-1
43
41
-79
-7
299
-302
63
0
42
-104
56
-10
64
-66
-44
704
-665
-39
22
-14
0
-7
52
99
-144
-8
9
2
26
167
-186
128
642
-784
236
-198
147
-174
4169
-4171
55
-51
32
-48
24
65
5
210
-292
401
-397
74
-73
10
-22
-7
170
-94
-59
-13
128
-126
1
1184
-442
-733
108
94
-218
6
-6
3
28
276
-305
12
31
-15
-17
22
55
870
-937
988
-934
-38
-5
-34
30
121
-146
0
-2
-3
34
244
-221
-6
2069
-2105
76
-90
3
280
-276
248
-242
-3
-6
8
219
-226
9
-3
162
474
-397
-221
-2
331
-340
261429
-259053
4549
-6757
-181
-1
28
16
-16
43
-62
89
-53
-27
-12
112
-120
4
-5
98
-99
78
-67
394
-382
274
-180
2414
-2525
-3
144
-87
478
-526
29
-37
4
1
-5
10003
-9968
638
-646
7
-36
127748
-117307
-10398
-43
10
-8
9
80
-80
-3
11
-14
-6
36
1355
-214
-1177
150
42816
-42953
-8
1086
-1078
-4
-9
61
-50
86
-3
-6
-77
18
8409
-8286
-56
-96
2:-1
2595
162599
-165120
68
-139
6277
-6258
33
16
-2
-60
6731
-6718
7234
-7255
6
420
-400
-20
41
-45
37
-33
48
2382
-2436
32
4606
-4492
91
5
-241
3
1
0
4
24
-5
95
1081
-989
-215
14
1921
-79
-1818
172
-209
21
-23
1279
-1266
-10
81
-48
-28
70
-78
54
370
-321
1253
-962
-60
-331
1751
-401
-1350
4
-2
121
3069
-3123
-72
58
32
63
-131
-19
33
-28
143
-91
-52
21
-29
6
0
2
44515
-44505
-13
4
5
2:-2
438
-92
-331
6559
-6572
12
339
-311
3776
-3816
-11
38
69
9913
-9989
228
-239
-13
-7
16
-16
54
-49
-3
6
-8
13
12
-15
1458
-1362
-81
-16
-5
44
76
1999
-1230
-872
-17
-4
27
16
-42
6
-5
64
-46
42
34
-67
-26
5
435
-74
-186
-166
92
-67
85
-110
-4
8
-21
14559
-14543
-16
2418
-2364
12081
-12134
17
-16
859
10801
-5093
-6545
-3
18
774
326
-1132
3606
-3542
103
-102
-62
40
-51
50
166
1383
-1594
30
113
-67
333
1029
-1230
-74
-77
21673
-21709
-25
1285
-1187
-80
-8
70
-70
88
-97
7750
-7723
-8
-18
6
20
69
-86
4
26
178
663
-713
-158
139
-59
340
-432
2282
-1926
-350
265
182
-381
343
-406
635
-631
59
-39
-16
1247
-1034
-106
-111
284
-296
255
-188
-23
-42
93
-70
-9
1226
-1250
1
2
-3
0
3
-3
6
-5
4
-4
6
-7
2
0
3
-3
4
0
-5
4
-3
3
1
-1
0
2:-2
1
2:-1
1
6
-1
2:-3
2:0
6
-5
-1
6
-4
2:0
1
-2
5
-4
2
0
-3
4
-1
2
-5
4
-4
2:0
-1
4
-2
4
-5
5
-5
0
-1
4
-3
-1
0
4
-2
1
4
-4
-2
4:0
-1
1
2
-3
5
0
-3
-2
3
-2
4
-2
2
-5
1
2
3
-3
1
-4
0
6
-5
5
-6
2
-1
1
2:-1
4
2:-2
4
-2
2:1
-3
1
5
-6
-1
1
-1
0
2
-1
1
2
-4
2
-1
0
1
-2
2
1
-2
1
-2
6
-4
4
-3
2:0
-3
2
-2
4
2:-1
-2
1
-1
4
2
-5
3
0
-1
-2
1
0
3
-3
-2
4
-3
0
6
-5
-2
6
-6
2
-1
0
2
-3
1
-1
3:1
-2
3:0
1
3
-4
5
-5
-1
3
2
0
2
-5
1
3
-6
1
3
2:-2
6
1
-6
3
-4
2:1
2
-3
5
-5
2
3:-1
2
2:1
-3
0
-1
1
2:0
1
-2
2
0
2
1
-2
2
-5
6
0
-5
-1
2:0
3
0
-1
2:1
2:0
-2
5
-4
0
2
-1
0
-3
2:0
-1
3
-1
-2
2
-2
6
2:-1
1
-2
1
2:-1
-2
5
-3
-1
1
-1
5
0
-6
0
3
-1
2:0
-1
0
-1
1
2:3
-1
-2
-1
-3
3
-3
2
5
-6
0
-1
2
-2
1
0
-1
1
2
-3
0
5
-4
4:0
2
2:-1
0
-1
2
-2
1
-1
2
-1
3
1
-1
-4
3
0
-3
0
5
-5
2:1
-2
6
-4
2:1
-4
2
-2
4
-4
1
3:0
4
-3
-2
1
3
-4
1
5
2:-1
-4
0
2
0
2
-4
3
-2
0
-1
3
-2
2
-3
2:0
2
-1
4
-2
2:-1
1
2
1
-4
-1
4
2
-5
2:3
0
-5
-1
5
-4
3
-4
0
-1
1
6
-4
-3
5
0
-2
-3
5
-3
-1
0
4
-2
-3
1
2
-3
0
3
-1
2
-1
-2
5
-1
0
-5
0
2
1
2:-1
2
-1
2
-4
4
-4
4
3
-2
-5
2:0
1
6
-6
3:0
-1
0
5
1
-3
0
-3
4
-3
1
3
-3
1
-3
2
0
-2
0
5
2:-2
-1
2
-1
1
-2
1
-1
2
1
3
-2
-4
2
0
-2
7
-7
2
-1
6
-6
3
1
-5
3
-3
0
1
2:1
-1
3
-2
3
-4
2
-2
3
-1
-2
4
-4
156
-156
2:1
11
8
4
-22
-1
11
7
-18
-1
0
14
-14
-1
1
16
-16
2
-3
0
9
-6
-3
2
2:-1
22
-22
0
2
3
-4
4
0
2:-2
4
-3
-2
2:0
21
-18
-1
4
-6
3:0
10
-10
2
0
-1
3
6
-10
23
-16
-7
9
-9
15
-13
16
-14
-1
-3
2:0
6
-4
1
2:-1
1
-2
0
3
2
-5
0
6
-6
1
3
10
-12
0
-2
54
-54
16
-12
-4
2:0
1
4
113
-117
4
0
1
-5
3
4
59
-64
5
-8
0
14
-13
14
-10
-4
1
-2
0
2
23
-1
-23
56
-56
13
-14
2
9
-7
11
-14
2
-3
5
8
-13
1
-1
23
-6
-7
-6
-1
80
-78
1861
-1861
125
-93
-36
7
-3
5
-8
2
-1
-3
15
-8
-5
13
-13
1
2
-1
-4
17
-17
67
-52
-15
9
11
-18
2:0
21
64
-83
-2
2:-1
1
2
53
-51
5
-6
-3
1
757
-600
-151
-6
-2
5
-5
6
-3
-1
4
-2
-3
7
39
-4
-41
1
479
-478
2
58
-64
1
2:3
-7
17
6
-7
-16
4
182
-128
-44
-14
1
-1
31
956
-965
-22
0
152
-148
-1
11
-9
13
205
-218
576
-579
3
86
-89
-2
9
-7
5
-1
-4
119
-120
0
222
-204
-8
0
-7
-4
5
-5
1
5
-6
20
-17
59
-59
4
68
207
-275
5
-12
2
-2
18
-17
-1
6
-6
11
34
-44
15
-6
15
17
12
-32
-21
38
40
-79
0
2:1
173
-169
-2
12
30
-44
2:2
-6
3
0
1
-4
6
-4
-2
5
4
226
-235
3
0
-1
16
-17
22
-23
5
610
-615
1
12
-10
23
-23
-1
4
-1
344
-348
-1
0
3
-2
10
-11
13
-11
4
-4
-2
12
-7
7
345
-323
-31
2
0
13
0
84
-94
-6
-2
5
-1
2:-2
1
4
-2
7
0
-4
-1
-4
0
11
-12
1
3
11
-11
14
-15
-1
2
-4
29
-28
-1
22
-22
329
-328
8
-7
82
805
582
-1466
2:-1
14
169
-184
34
-28
6
-7
-4
6
-8
-1
50
114
-155
-4
32
-27
15
7
-31
78
-69
632
-640
0
1
29
-31
3
-4
0
2
-1
380
-365
-11
-5
12
-10
9
-9
8
-7
21
23
-46
4
0
27
-30
-1
31
-9
-23
9
25
-34
44
-44
7
-6
0
2:4
-6
14
-16
0
60
-61
13
-5
0
-5
1
-4
0
34
-34
12:0
1
-1
3:0
2
-2
2:0
2
-2
3:0
1
-1
4:0
39
-39
18:0
1
-1
6:0
2
-2
1
-1
2
-2
6:0
1
-1
0
1
-1
6:0
1
-1
0
2
-2
9:0
2:1
-2
21:0
2
-2
16:0
1
-1
0
4
-3
0
-1
0
1
-1
16:0
1
-1
13:0
1
-1
4:0
1
-1
2:0
1
-1
1
-1
5:0
2:1
-2
7:0
1
-1
3:0
1
-1
8:0
1
-1
1
-1
2:0
1
-1
8:0
1
-1
3
-1
-2
4:0
1
-1
2:0
1
0
-1
3
-1
-2
7:0
1
-1
4:0
1
0
-1
2
-2
1
-1
2:0
3
-3
2:0
3
-1
-2
1
-1
1
-1
2:0
1
-1
2:0
1
-1
3:0
1
-1
1
-1
14:0
1
-1
1
-1
2
-2
1
-1
1
-1
4:0
1
-1
3
0
-3
4:0
1
-1
1
-1
2:0
2
-2
4:0
1
-1
4:0
1
-1
2:0
3
-3
0
2:2
-3
0
-1
2
-2
7:0
1
0
-1
2:0
1
-1
2
-2
1
-1
5:0
2
-2
3:0
1
-1
4:0
1
0
-1
2:0
1
-1
1
-1
3:0
2
2:-1
1
0
1
-2
3:0
1
-1
4:0
1
0
-1
8:0
2
-2
0
4
-3
-1
3:0
1
0
-1
1
-1
4:0
1
-1
1
-1
1
-1
0
2
-1
2:0
-1
2:0
2
-2
1
-1
3:0
2
-2
2:0
1
-1
0
1
-1
3:0
1
-1
2:0
1
-1
1
0
-1
1
-1
2:0
end
