v1
1105
743
222
90
38
136
41
11
187
130
102
5
343
35
214
376
19
17
39
7
15
28
0
99
19
356
159
20
172
32
292
119
74
95
83
354
10
133
152
295
98
455
136
135
22
79
76
258
216
118
22
145
136
24
275
138
278
217
28
26
366
135
31
18
207
277
72
98
87
20
24
43
131
156
145
136
0
232
136
106
45
99
271
55
138
110
104
131
40
87
344
153
120
221
273
115
54
126
213
69
57
31
236
99
10
498
41
135
221
145
85
214
0
30
95
94
187
356
44
372
352
42
106
169
31
78
64
0
55
309
98
242
214
80
109
295
181
56
12
16
23
32
43
4
13
2
19
77
5
14
6
49
75
4
13
105
64
3:9
65
59
64
30
35
38
19
17
38
127
118
446
1
78
95
102
18
225
414
110
304
10
33
6
116
338
121
135
6
227
87
167
5
146
124
163
129
281
17
14
19
272
8
10
38
66
17
70
229
41
467
42
194
9
41
758
199
102
83
10
306
61
56
109
2
24
157
93
94
75
50
961
30
247
5
28
232
44
36
128
126
15
147
419
14
447
63
101
81
20
184
255
160
37
175
70
121
8
11
32
126
91
168
65
2
100
54
47
59
2
35
92
20
88
153
59
5
20
3
193
5
151
405
86
51
9
63
155
34
31493
5
1
5
16
9
43
161
4
29
0
53
44
85
69
19
84
112
36
8
22
1080
0
50
22
68
111
71
166
15
3
47
2064
1246
2211
328
1553
5140
10816
2650
4766
3406
1583
6497
423
10
3
2988
3064
1385
2
4
8078
10
4650
15
2453
13
5143
8
9
2
5
1428
4053
115874
1
3544
7717
24
26
47
9417
32421
18
4
33
9
82
176
53
19
0
17
5
54647
890
157
36
18
39
6
12
17
82
63
27
10
3
0
10
2:1
11
85
643
29
105
15233
1138
4654
3093
10208
7980
813
1072
358
1062
665
436
330
202
2
2:7
11
29
2
1
85
54
8
1
2:31
6
1
2
1
43
22
25
4
5
1
30302
9978
26
64
176
69
31
600
125
1
321
31
25
17
77
125
49
228
9
24
33
18
41
103
47
31
5
19
11
19
186
87
350
75
13
9
14
15
23
14945
54
28
1990
9723
1
150
12
1
115
18
10
36
26
13
62
65
22
61
7
31
22
1
22
25
28
12
16
-488922
18
0
210
45
20
65
57
64
65
4
152
331
69
141
5
34
92
63
61
4
386
5
3
46
29
52
59
58
9
103
3
80
40
105
132
1
51
25
124
302
39
114
28
13
127
77
109
38
140
97
170
44
97
152
10
594
200
64
38
35
45
93
135
86
122
5
76
90
212
228
75
49
137
39
80
161
25
154
97
8
51
34
67
87
49
161
141
104
55
87
59
66
126
46
50
0
41
25
163
79
3
30
109
182
127
10
90
36
5
79
129
15
65
12
74
13
524
0
95
78
98
166
121
160
40
53
20
74
37
174
56
50
74
7
151
1
127
33
229
27
5
79
171
78
29
248
124
144
66
181
112
11
591
26
76
1
118
267
54
192
182
120
82
22
50
293
15
25
16
29
45
74
49
1
139
29
45
49
220
12
100
125
71
82
414
306
70
94
79
18
57
126
160
288
61
30
18
116
6
5
103
62
131
6
31
24
50
2:25
13
10
20
13
16
3
17
7
1
48
24
13
113
25
77
2
6
18
44
41
50
52
5
28
100
18
38
2:27
31
68
248
20
7
124
213
385
265
26
35
0
86
110
161
119
54
372
42
68
70
182
28
100
91
74
27
131
21
145
154
7
12
67
11
341
52
196
200
10
103
38
171
228
480
0
38
47
8
12
52
7
33
128
53
210
242
162
111
68
135
154
2
3
212
38
47
32
105
189
146
19
10
32
40
48
173
278
135
17
178
43
34
89
153
35
36
14
241
0
1
146
2:25
12
21
11
57
38
94
19
15
4
63
13
114
81
2
46
229
6
385
59
214
51
89
101
5
110
52
4
250
98
74
27
247
155
2:17
32
3
16
159
73
34
17
178
128
13
23
13
40
47
7
27
23
0
228
152
71
32
24
105
67
296
55
13
1
38
43
12
46
38
30
10
16
60
15
140
28
31
31418
43
27
181
108
10
15
187
9
12
8
106
983
12
42
57
24
130
248
3
62
404
7443
2048
17
686
691
3840
1433
1359
1322
1002
4736
378
5095
2139
3296
790
830
3485
5738
4742
6875
2812
14
882
2491
920
487
509
2
4183
2
1412
34
1021
2481
37
494
11417
8312
83045
16643
7717
57
45
38185
2624
983
39
23
24
4
66
75
77
33
3
13
36152
19320
16
41
35
47
37
44
5
0
1
92
19
62
16
72
91
2
4
50
1
3
1
0
15
740
42
39
1
130
4
3447
21760
17585
485
1721
337
141
1513
171
2:6
19
18
1
42
2:5
9
36
26
0
1
24
41
3
8
35
40
17
31847
8339
225
243
83
67
313
289
94
110
90
83
107
134
264
19
114
42
8
86
37
4
5
207
175
20
49
54
133
89
24
63
82
14715
185
2014
9735
151
26
89
16
21
32
37
78
67
42
76
7
73
38
-486671
28305
1937
93783
8110
1424227200
499:0
1
599:0
1
4:0
57
-40
-6
494
2857
-3351
38
14
-37
-3
1
108
4978
-4895
-199
113
-116
3722
-1335
-2342
-40
0
8
6
0
166
-183
4208
-4209
-1
3651
-3621
115
-20
-115
6
21
78
25
313
-442
530
818
-1289
-72
46
80
-114
11
-16
42
252
-159
-114
45
137
-208
2:0
325
-325
864
-834
44
-71
-1
0
62
14
-67
4
-6
-10
27
-22
2
-3
18
877
-742
-148
15
10
-10
461
-473
8
112
-94
81
-118
63
1379
-1444
1
28
-28
227
-217
115
95
-212
-9
80
-54
59
-65
150
-17
-134
-13
1
-8
7
-6
5
-2
16
604
-623
385
-385
334
-305
-25
1
3
-8
35
-36
25
-13
115
21
-107
-15
13
-34
6
43
394
-445
1475
-1478
7
15
-9
-6
43
-42
-4
0
80
-44
126
-165
36
679
-697
51
-61
193
-59
122
-224
-26
-1
115
-71
368
-418
138
-140
110
-53
47
69
-155
478
-493
99722
-99493
7910
-7820
-106
-127
-92
125
4383
-4507
8
182
-190
32
464
-498
8
7
21
-20
-13
82
-68
958
-948
185
-194
91
62
-169
-3
35
-13
3
77
852
-754
-195
-1
-4
3452
-3397
32
352
-430
-4
-2
31258
-26860
-4302
-99
41
10
-44
27
-19
13
29
484
185
-659
32625
-32674
507
-518
55
-21
2110
-2135
550
-556
-10
264
-188
4
-80
2853
-2400
-364
-89
20
-18
161
-144
4019
47902
-51842
108
4081
-4283
2
13
569
-525
-54
3183
-3162
6871
-6852
394
-441
-3
9
-7
2
1
60
1760
-1672
5025
-5162
-13
222
-137
-86
2:15
-25
-1
60
158
-191
121
271
-258
200
1041
-1098
-166
-138
1
56
-1
-47
57
-71
258
2009
-2217
-29
729
-515
-98
888
-919
79
994
-185
-920
-66
-5
47
-45
22
5303
-5277
-37
9
88
-109
24
5
-23
79
-89
23
-5
-17
44
19070
-19061
-43
212
-166
-27
153
-148
442
-468
37
9270
-9297
-14
739
-740
354
-332
16
-35
-3
4
-1
11550
-11493
-59
74
100
-179
32
38
-33
2195
-2225
160
-60
-79
-22
2
4
15
53
406
-484
16
46
-60
40
-12
-27
19
-8
125
-115
-26
99
-74
59
-74
-7
74
-55
17
47
207
-276
4082
-3307
1937
14352
-17046
-32
35
-25
1381
-1355
16207
-9644
-6581
-19
28
81
241
3078
-3411
3235
-3006
-35
85
-273
50
-67
430
2658
-3090
63
-58
196
-205
9
31
761
898
-1319
-222
4015
-4055
24
13
-127
-4
-24
1574
-1568
17
-10
17
-31
507
-492
52
-54
215
-222
215
919
-1011
739
-282
463
1508
-2525
534
-532
-17
860
-629
-145
268
-368
140
-115
5
289
-234
-71
-9
243
895
-1129
86
-114
2:0
5
-2
2
-5
-1
2:2
-3
-1
10
-10
2
7
-7
0
4
-5
2
-1
3
2
-7
5
-3
-2
2:2
-2
1
-2
3
4
0
-6
3
-3
2:-1
7
-3
-4
2
7
-7
3:1
-4
2:1
-2
2:0
-1
2:0
7
-1
2:-2
3
-4
0
2
2:-1
3
1
-3
1
-1
2
-3
-1
2
1
4
-6
-1
4
1
-3
-1
7
-8
5
2:-1
-3
1
2
0
4
0
-2
-3
-1
4
0
-1
1
-5
4
0
5
-5
-3
7
-4
0
-2
-1
5
-6
7
0
-4
2
1
-5
2:0
3
5
-6
-3
0
5
-3
2:0
-1
7
-4
1
-4
4
0
-4
2:1
5
-6
2:0
-2
2:2
2:-1
6
2:-1
-6
2
7
-4
-1
1
0
-3
-1
9
-3
0
-6
4
-1
0
-2
2
-2
-1
2
1
2
-5
-1
7
3
-3
-6
2
1
-1
-3
4
-3
0
2
-2
0
3
-4
2:0
3
1
-1
0
1
4
-4
3
-5
1
-1
5
-3
-1
2
-4
3
-1
3
-2
3
1
-7
5
-2
-4
2:2
-4
1
4
-4
2
-1
0
-2
9
-6
2
4
-8
0
7
-5
7
-8
2
-3
0
7
2:-1
-4
0
-2
0
2:4
-5
-1
6
-8
1
9
-5
-1
3
-1
-3
1
4
-7
-1
1
2
-2
8
-7
-1
4
-5
7
-7
6
0
1
-5
-2
2
2:3
-6
2
-3
6
-4
0
-2
3
1
0
3
-8
2
4
-6
1
6
-3
-1
-2
0
3
-2
3
5
-9
4
-3
-2
1
-1
2:0
6
-4
6
-6
4
1
-6
7
-5
3
-5
-1
1
5
-4
6
-7
6
2:-3
3
-3
-1
3
7
-9
7
0
-7
-1
1
4
-3
-1
3
-4
3
1
4
-7
2
6
-8
2
0
-1
1
2:-1
2
-1
0
5
-6
2
0
6
-8
4
2
-6
-1
1
2
7
-7
3
-2
2
-5
-1
9
-9
8
-6
-2
6
-4
-2
0
3
1
-4
3
-3
10
-10
5
-5
8
-8
4
0
2
4
-9
1
-2
2
0
-1
2:2
2:-2
0
1
-1
2
-2
0
2
7
-3
-2
-5
4
-1
7
-6
-2
2
-3
9
-6
1
5
-2
-8
3
-1
0
2
-4
10
-6
-4
3:3
-6
2:-1
8
-8
7
-6
-2
0
2
-1
8
-9
5
-4
-1
3
-2
0
2:1
7
-7
-1
1
-1
-2
2
0
7
-2
-7
7
-4
-2
-1
1
3
-2
3
4
-7
-1
1
3
4
2:-2
-4
-1
8
-6
-1
1
-2
0
2:1
3
-5
6
-5
1
-1
8
-5
5
-4
-5
2:3
-3
5
-5
1
-3
3
0
-3
0
4
2:-1
-2
2:0
3
-2
-1
0
1
2
-1
7
-9
2
6
-8
1
-1
2
-1
1
-2
8
-8
2
4
-4
1
-1
0
-2
1
2:-1
9
-8
2
-2
1
-2
6
2:-1
2
1
-3
-2
8
-6
-3
0
3
6
-10
10
-10
4:0
4
-3
1
0
14
-14
2
3:-1
0
1
140
-141
3
10
-11
33
-31
9
-13
2:0
2
0
-2
5
10
-15
3:0
10
-10
3:0
9
-6
24
-23
-4
5
-2
-1
1
8
-8
0
-3
12
-12
2
0
3
-4
2
-3
4
-1
-3
9
-8
8
-7
-1
0
7
-5
-1
-2
0
4
1
-1
0
2:-2
5
1
-6
3
-3
3
2
-4
-1
23
-23
8
-6
-2
16
-16
2
5
-7
15
-10
-2
-1
-2
0
5
-5
5
-1
-3
2
-1
-2
0
2
0
-2
2
1
-2
23
-24
57
-57
16
-16
1
2:0
3
-4
1
4
-4
93
-88
2:-1
7
-11
0
5
67
-67
-5
0
1
2:6
-11
2
-1
-3
3
14
-16
53
-53
1
55
-57
5
-1
15
-6
4
-13
0
-4
12
-7
16
-20
21
-19
2
-5
7
12
-16
84
-77
1967
-1974
103
-67
-32
3
-10
2
1
-3
0
21
-19
-2
23
-22
2
1
5
-8
-1
28
-26
186
-185
3
6
-2
0
-10
0
2
-1
3
16
-15
27
-31
3
-4
57
-49
-3
4
-7
-1
0
794
-730
-56
-7
-1
8
-9
6
2:-2
6
43
-7
-39
238
-243
55
-52
-2
3
-1
3
15
-18
-1
35
-31
7
-11
130
-50
-68
-14
2:1
-2
0
42
734
-746
-30
181
-179
1
-2
26
-18
5
157
-166
568
-570
106
-107
-2
11
-10
4
5
-7
97
-98
201
-203
0
28
-23
-3
5
-6
2
0
2
30
-33
-2
81
-75
46
142
-182
3
-14
2:0
7
-7
14
-9
27
-31
3
-1
-4
5
33
3
-28
15
22
34
-77
-7
0
2:1
-2
327
-326
3
10
27
-39
-2
2
1
0
-2
14
1
-14
3
184
-188
3
-4
29
-28
29
-29
-1
2
8
920
-929
3
30
-31
16
-19
1
2
4
1
-2
362
-356
-5
3
-8
7
-2
11
-11
458
-465
31
-24
-1
-2
2:0
9
-11
12
-7
4
-3
-8
2
4
-2
2
-1
1
2:-3
11
-8
10
-11
-2
20
-18
0
-1
6
-5
22
-24
36
354
-386
-2
12
-14
84
-84
949
-72
-874
-3
6
1
22
371
-397
58
-48
4
-5
-7
-1
-2
43
289
-334
21
-18
36
-39
8
-7
22
19
-41
93
277
-362
19
-19
-5
-3
0
17
-5
-12
-1
3
0
5
-7
19
-20
10
-2
60
-62
-1
25
-1
13
19
-59
31
-31
-1
12
-5
6
12
-24
63
-64
4
16
-10
-8
1
22
-22
-4
13:0
1
-1
3:0
1
0
-1
0
1
-1
0
1
0
-1
2:0
1
-1
2:0
1
-1
0
1
-1
7:0
32
-32
14:0
2
-2
6:0
1
2:0
-1
2
2:-1
0
1
-1
5:0
1
-1
0
1
-1
11:0
1
-1
2
2:-1
8:0
1
-1
5:0
3
-3
15:0
3
-3
0
1
-1
0
1
-1
6:0
1
-1
5:0
2
-2
0
3
-3
2:0
2
-2
2:0
1
0
-1
2:0
1
-1
2:0
1
-1
0
2
-2
6:0
1
-1
19:0
1
-1
2
-2
2:0
1
3
-3
3
-1
-3
7:0
1
-1
1
-1
2:0
4
-3
-1
1
-1
1
2:0
-1
2:0
1
-1
1
2:0
-1
7:0
1
-1
2:0
3
-3
2
-2
6:0
1
-1
1
-1
0
1
-1
1
-1
0
2
0
-2
2:0
5
-5
5:0
1
0
-1
2:0
2
-2
10:0
1
-1
1
-1
1
-1
3:0
1
-1
1
-1
2:0
1
0
-1
1
-1
6:0
3
-3
0
2
-2
4:0
1
2:0
-1
4:0
1
-1
4:0
1
-1
6:0
1
-1
0
1
-1
0
1
-1
6:0
2
-2
2:0
4
-4
2:1
-2
0
1
-1
0
9
-9
0
1
-1
7:0
2
-2
2:0
1
-1
1
-1
1
4
-5
5:0
2
-2
3:0
1
-1
0
1
-1
1
4
-4
-1
3:0
1
0
-1
2:0
2
2:-1
0
6
-6
1
-1
0
1
-1
1
-1
2:0
1
0
-1
1
-1
3
-3
4:0
2
-2
1
-1
2:0
1
0
-1
0
1
2:0
-1
0
1
-1
3:0
2
2:-1
7:0
1
-1
0
1
-1
0
2:1
7
-9
3:0
1
-1
3:0
1
-1
0
3
-3
1
-1
2
-1
1
-1
1
-2
0
3
-3
2:0
1
-1
4:0
2
-2
3:0
2
-2
1
-1
0
1
-1
4:0
1
-1
1
-1
1
-1
2:0
3
-3
2
2:-1
6:0
1
-1
0
1
0
-1
2
-2
2:0
1
-1
0
17
-16
-1
4:0
1
-1
4:0
end
