v1
1107
207
536
486
52
153
25
9
130
366
119
188
3
23
15
380
19
37
22
28
118
415
81
39
7
165
262
62
288
432
129
171
78
113
104
98
322
293
111
65
112
258
216
285
27
146
140
260
339
141
15
0
399
21
36
355
534
519
79
57
474
75
69
111
160
303
235
32
8
431
153
120
221
344
98
339
69
57
692
223
135
166
255
50
282
37
402
290
361
394
257
18
16
93
717
51
294
281
123
237
28
2:55
5
21
30
47
5
14
130
4
118
82
74
45
14
64
30
0
35
57
38
17
14
47
66
113
5
426
21
170
3
120
216
9
195
219
110
314
33
6
116
284
54
121
141
186
41
259
146
5
267
15
156
285
110
189
46
2
83
70
163
66
41
509
19
175
265
543
301
71
12
377
165
2
24
157
93
94
75
50
47
653
291
247
33
29
283
128
57
69
15
147
433
611
36
249
338
74
40
175
70
129
11
32
86
328
138
54
47
61
147
16
72
153
59
5
20
3
198
257
445
252
31498
22
9
290
44
85
69
19
76
120
36
8
22
1043
109
160
19
71
166
18
47
3310
2211
328
1553
5140
10816
1886
764
4766
4989
1623
5310
2988
436
4013
2
4
10
8068
31
2804
882
3424
983
4179
5
1
121354
3545
7741
73
9417
32411
10
22
33
9
125
205
17
5
54647
890
157
7
29
57
6
12
17
129
16
2
25
23
2:1
6
5
2
1
82
672
32
16444
4654
3093
18188
813
1430
454
374
45
189
665
436
532
2
9
47
86
2:27
40
37
3
1
90
9
1
30302
9978
26
64
176
69
0
31
59
310
356
1
291
18
43
25
17
165
37
31
246
9
57
2:9
41
103
56
4
18
35
19
0
186
87
438
6
17
15
23
14805
140
54
2018
9722
2:1
150
12
1
115
18
46
26
2
11
62
5
6
35
41
99
2:11
23
25
40
-488871
71
43
67
77
60
162
14
22
9
62
16
67
202
49
61
83
108
164
24
56
18
30
130
103
122
31
5
3
20
107
58
0
59
31
204
67
170
121
80
62
96
144
119
16
166
31
216
128
39
43
21
179
232
48
17
19
129
31
37
64
240
119
75
20
60
20
37
45
28
22
154
143
180
72
1
39
24
119
38
29
50
228
124
131
6
39
41
225
75
79
47
25
84
34
18
5
175
5
50
87
24
141
175
71
42
15
2
348
162
7
2
22
35
16
26
11
118
296
67
5
32
5
61
27
0
80
24
43
36
53
12
41
19
14
1
193
149
41
38
67
23
20
7
86
67
18
147
45
10
30
71
46
17
2
43
32
85
44
66
72
22
33
4
131
125
235
187
58
92
74
27
84
36
48
87
182
52
37
63
95
41
40
113
175
52
89
21
83
362
28
253
2
150
0
64
87
22
61
46
18
47
30
0
22
4
61
106
14
354
189
31
9
79
25
16
27
7
349
77
64
75
18
6
92
24
53
15
29
333
358
112
2
55
164
138
19
16
26
97
15
218
5
237
42
9
16
19
26
5
150
20
0
85
18
193
2:10
16
1
13
11
50
6
7
2:6
4
33
1
18
19
25
1
15
1
8
48
41
93
16
6
8
83
7
88
4
15
2
20
32
19
31
64
39
15
33
34
1
3
71
319
11
20
71
27
16
155
104
38
9
0
7
290
12
229
36
26
131
143
110
78
2:103
180
89
13
282
286
178
17
6
28
3
108
27
31
251
314
79
196
6
17
13
1
163
113
33
5
99
69
195
199
203
114
34
17
34
8
5
168
0
23
36
5
140
112
410
127
154
7
155
47
83
136
33
171
109
276
0
5
97
65
235
142
3
147
168
12
77
112
64
44
9
8
11
29
117
145
30
68
78
50
2:6
221
0
94
3
2
15
195
2
115
41
125
127
430
87
75
102
183
10
237
10
149
11
86
27
110
31
149
94
3
21
102
48
146
22
17
34
16
124
16
114
6
57
55
13
4
49
23
228
170
126
101
54
8
193
45
50
26
27
16
38
2
32
0
9
4
8
36
29
81
11
43
15
42
98
13
15
31401
6
1
8
64
95
66
80
20
67
172
0
12
36
0
14
8
1198
8
80
90
97
131
59
3
30
43
59
272
1169
1519
347
1
2529
1542
3087
7323
2324
3221
1522
17395
423
1341
841
1744
872
1267
9447
18
12
2:1
4650
15
2940
1524
2:13
0
3119
1
6
1
9
4
1431
17
4
3502
37
6
11905
108000
1736
5981
0
10361
1819
26107
3607
39
21
2
209
0
72
1
20
53
46
11
6666
48729
17
0
35
47
86
32
73
0
2
45
77
33
26
65
52
3
2:1
3
1
5
51
693
6
42
44
14
66
52
3445
4380
2
4973
5840
6565
9030
3251
5789
2144
55
1682
2
4
1
7
10
9
61
3:5
4
63
16
8
3
1
40
101
12
4
9
1
31820
8242
500
148
30
49
462
172
41
50
69
173
150
339
3
13
45
118
12
94
36
10
6
201
315
116
19
25
13
32
5
159
5
10994
3906
2014
9877
9
26
0
89
0
49
19
53
3
0
120
8
19
35
5
22
1
49
5
25
30
20
31
4
24
7
-482473
12853
11285
2489
289
92862
242619
1424464800
399:0
1
699:0
1
6:0
23
24
94
-118
104
-105
16
70
-90
13209
-13176
83
276
-391
444
-442
704
-565
705
-839
2
52
8
2
3546
-3517
-97
159
91
-209
90
-28
-105
-4
532
-471
-51
80
12462
-12548
408
-389
349
-268
214
-306
128
-134
0
7
4
9
239
-143
885
-919
-69
0
-15
26
-17
-5
11
-17
32
-20
27
724
-710
-30
-16
1970
-1877
581
-473
-180
39
-50
68
-31
-11
-41
14
-1
-5
-9
87
233
162
-484
58
-56
-1
-2
54
263
-295
-21
17
-11
446
-421
-20
4
-13
25
254
-280
1
82
23
12561
-12607
-58
64
-36
-16
-5
279
-282
15
-22
4
113
-55
-6
88
-118
686
-692
649
-531
-139
41
-37
16
496
242053
-242334
28527
-28464
-291
16
208
-118
-81
479
-410
-84
-14
-1
30
-30
-2
30
41
-60
196
-201
123
-93
57
423
-512
190
-159
-34
134
91
-165
-54
3010
-3017
992
-986
54
-57
133003
-123466
-9495
-30
239
-237
102
-118
224
-212
807
-815
2141
-1911
56106
-54323
-2012
-3
374
-372
1
164
8780
-8950
5932
-5789
-44
-97
94
2771
35223
-38059
5897
-5906
2
74
-63
-27
6976
-6640
6651
-6791
-199
168
1660
6238
-7949
16
-122
206
1583
-1632
57
-214
230
1519
-1693
375
168
-590
139
-94
-64
74
2
-73
239
-101
1860
-1094
-440
750
-1115
3302
-3363
196
-231
5146
-4962
-90
-79
44
-67
14
52
-43
119
-113
43
-14
31142
-31171
2313
-2250
440
-141
-365
7039
-7053
-6
495
-487
1618
-1628
-1
1017
8432
-9450
22
1566
-1594
244
-236
19
24
2332
-2349
107
912
-1026
-23
75
-8
71484
-70778
-768
23
-9
106
-91
6
-11
16
123
-124
195
-215
25
-45
-1
127
219
-341
14
-18
1708
-426
-1245
16283
-16285
307
14857
-9139
-6064
245
1421
-1667
1321
-1306
139
-132
-16
7
-4
-9
668
-452
1524
-1716
-25
18
-10
188
-66
-126
107
273
1242
-1357
-217
29828
-29865
57
-65
-3
0
884
-824
-3
-59
29
-21
77
-70
-17
456
-302
-64
99
23
-196
591
-458
493
633
-1272
225
-220
258
-148
-91
2
348
-377
394
-334
146
-34
-99
61
-35
204
2925
-3244
0
-2
4
1
-2
6
-5
-4
6
-6
0
6
-2
-3
-1
14
-13
14
-6
-9
3
0
1
-4
2:0
3
-3
0
2
-1
0
13
-6
-4
-3
10
3
-13
1
2:0
3
-1
-4
2
4
2
-6
-2
3
2:-1
0
11
-9
7
-3
-7
2:1
-2
3
10
-5
-7
1
12
-14
7
-6
4
0
2
-7
1
0
9
-9
-1
5
1
-4
8
-10
4
2
-5
-1
1
2
7
-5
-3
1
2
2:1
-6
0
11
-10
2:0
-2
3
0
3
0
-6
3
13
-15
0
10
-7
-2
2:0
6
-7
5
-5
-1
2:0
1
-1
2:3
-2
-3
4
1
-6
5
2
-6
2
-3
2
0
-2
3
-3
9
-4
-3
10
-1
-3
-7
4:1
3
-6
1
7
-7
-3
14
-13
0
2
1
10
-13
3
5
-8
1
6
-8
4
-4
6
2:3
-11
5
4
-8
-1
4:0
1
-2
2
2:-1
0
9
2:-2
2
-7
5
-4
0
-1
4
-4
2:0
9
-6
-3
2:0
4
0
4
1
2
-4
-7
1
2:0
5
-1
6
-5
-4
-1
1
-1
11
-6
9
-14
3
1
-3
-2
5
10
-15
3
-1
-2
9
-5
0
6
-8
-1
0
2:1
0
6
-4
-3
11
-12
-1
4
11
-4
-6
-2
9
-12
12
-4
0
-3
-1
-4
2:2
-2
0
-2
2
-2
3
-2
2
1
9
-12
5
-4
-1
7
-5
-2
0
9
-7
-3
3
4
6
-6
6
-5
3
-3
-4
-1
-3
1
8
-1
4
-10
10
-6
0
-6
2
2:-1
5
-3
9
-8
-2
0
2
3
-1
-5
6
0
-6
14
-8
-6
4
3
2:-3
4
10
-14
12
-10
5
-5
0
2:-1
2
-2
7
-5
1
-1
-3
8
-6
-1
0
10
-8
7
-4
-5
1
0
-2
2
0
-2
0
6
-6
11
2
-3
-2
-6
0
5
-7
5
-5
3
2
9
-11
-3
4
-4
2:0
15
-14
4
9
-13
-1
9
-4
-5
2
-1
2:1
0
-3
14
1
-15
1
2:2
-2
3
-2
-1
4
1
-2
0
2
-3
2
-6
5
-6
2:6
-8
-3
4
-4
1
3
-5
6
-4
1
-3
4
-4
7
-3
1
-4
6
-7
0
2
0
-2
7
1
-8
5
0
-4
3
-4
5
2
-6
7
1
-6
2:-1
3
-2
-1
2
-3
1
6
-3
4
-2
-1
-4
-1
2:3
-4
6
-8
4
-4
1
0
2
-3
1
0
4
1
6
-11
12
-11
5
-6
1
-2
5
-4
-1
6
1
-5
-1
0
-1
13
-13
1
-1
11
-9
8
-5
-4
1
2
-2
-1
2
-2
5
-5
4
10
-15
0
4
-2
-1
7
-7
1
9
-11
1
9
-8
4
-4
0
-2
0
9
-8
-1
1
3
2:-2
3
1
5
-8
1
2:-1
3
7
-2
-6
2:-1
8
-4
8
2:-5
2:1
6
-2
7
-10
0
-4
9
-3
-7
15
-15
11
-9
-2
0
3
-3
5
0
-3
2:0
4
7
-13
0
2:1
5
-2
-3
-1
2
-2
0
10
-8
10
-11
9
-11
10
-7
1
6
-8
11
-12
5
-1
8
-12
-1
6
-5
3
-4
2
1
0
12
-15
13
-8
3
-6
1
3
-4
0
-1
0
4
-4
1
0
2:1
0
9
-11
-1
8
-6
1
0
-2
1
-2
0
-1
14
-14
2
-2
4
0
6
2:-1
-4
1
3
1
-9
0
1
-1
3
-3
10
-6
10
-12
13
0
-13
-1
4
-3
-2
6:0
1
3
6
-8
2:0
4
-2
0
205
-208
0
2:1
15
-16
19
3
-17
-6
0
1
0
57
-35
-22
-1
24
-23
0
14
-15
1
-1
44
-43
-1
11
-11
0
12
-9
23
-26
2:0
9
-8
-1
3
0
-1
0
-2
23
-9
-11
1
-1
0
-2
-1
2
-1
6
-7
2
18
-14
-4
-1
14
-14
13
0
2:-5
-3
7
1
-8
1
-2
3
1
-3
-1
8
38
-45
10
-8
2:-1
4
68
-71
0
3
0
74
-76
-2
6
-4
22
-25
3
1
24
9
19
-45
-5
-1
11
-12
0
12
-11
-1
5
-9
0
4
-4
15
-15
31
-31
20
-8
-12
9
-4
-3
78
2140
-2218
97
-63
-29
-1
10
-11
3
-7
17
-15
0
-2
10
-10
4
-4
11
-12
51
-47
17
-21
9
12
-20
8
-8
-1
18
10
-22
-4
67
-65
14
-16
0
1
1226
-1046
-178
-5
2:0
13
-9
2:1
34
-36
50
-52
560
-501
-60
1
26
-27
1
39
-24
-16
248
-176
-60
-8
-2
34
1172
-1201
161
-165
-3
17
-11
4
209
-212
843
-727
-118
-1
162
97
-233
-12
-13
18
-19
-4
99
-96
55
226
-277
12
-19
6
-7
11
-1
36
-40
-5
9
34
16
0
-33
27
-54
88
-84
-3
5
228
-225
1
11
29
-47
1
-4
0
4
1
13
-16
269
-271
5
25
7
-37
8
806
-810
-3
14
-7
33
-35
-1
4
461
-467
18
0
-16
-3
13
-9
10
360
-374
40
-41
4
-1
24
-12
741
-746
-10
-1
2:2
-4
5
16
-14
3
-7
17
-19
0
2
0
6
-8
6
-4
-1
23
-1
-21
318
-302
68
448
554
-1087
12
196
-208
38
-37
16
-9
-7
2:1
-2
-1
52
197
-250
1
16
-17
48
-49
5
-5
26
20
75
-120
903
-902
26
-28
0
5
14
1
0
-18
5
-2
5
6
-11
37
-40
5
39
-41
-1
23
2
-2
19
-46
29
-28
2
5
7
-11
8
-11
0
6
98
-87
-14
11
0
13
-26
-2
5:0
1
-1
0
1
-1
7:0
1
-1
0
2
1
-3
9:0
2
-2
1
-1
0
2
-2
11:0
1
-1
2:0
1
-1
7:0
1
-1
2:0
1
-1
2
-2
0
1
-1
6:0
2
0
-2
2:0
1
-1
3:0
1
-1
1
-1
0
1
-1
1
-1
2:0
2:1
-2
7:0
1
-1
0
1
0
-1
2:0
1
-1
2
-2
6:0
2
-2
2:0
2
2:-1
7:0
1
-1
7
-7
0
4
-4
3:0
3
-3
7:0
1
-1
5:0
1
0
1
-2
16:0
3
-3
0
1
0
-1
0
3
-2
0
-1
2
-2
9:0
1
-1
0
2:1
-2
2
-2
6:0
1
-1
4:0
2
-1
0
-1
7:0
1
-1
3:0
1
0
-1
5:0
3
-3
0
2
-2
2:0
5
-5
1
0
-1
0
1
4
2:-2
-1
0
2
-1
0
-1
2
-2
3:0
2
2:-1
9:0
1
-1
2:1
6
-8
1
2:0
-1
4:0
1
0
-1
3:0
2
-2
3
-3
0
1
-1
8
-8
3:0
2
-2
0
2
2:0
-2
2:0
3
1
-4
0
3
4
-7
4
-4
4:0
1
0
-1
2
0
-2
2:0
1
-1
2:0
3
-3
4
-4
0
1
-1
3:0
1
-1
2:0
6
-2
-1
0
-3
1
-1
0
1
-1
0
1
0
1
-2
4:0
1
0
-1
5
-5
0
4
-4
2:0
1
0
-1
2:0
5
-3
-2
2:0
5
-5
2
-2
3:0
1
0
2
-3
1
-1
3:0
4
0
-4
3:0
5
-5
1
-1
2:0
2
-2
2
-2
5:0
1
-1
0
1
2
-3
0
1
-1
2:0
7
-7
0
12
0
-12
6:0
1
0
2
-3
1
-1
2
-2
2:0
4
-2
4
-6
5:0
1
0
-1
4:0
1
-1
3
-3
3:0
1
-1
0
2
-2
3:0
3
-3
7:0
1
-1
4:0
5
-5
7:0
8
-8
0
2
-2
0
4
-4
0
2
-2
2:0
2
-2
6:0
2:1
-2
3
0
-3
2:0
3
-3
3:0
3
0
-2
-1
2:0
5
-2
6
3
-12
4:0
5
-5
0
3
-3
3:0
2
-2
3:0
1
2
-2
-1
2:0
4
-1
-3
0
1
-1
0
4
-4
1
0
1
0
3
-4
-1
0
2
-2
0
2
-2
2:1
-2
4:0
1
-1
0
3
-2
2:0
1
2:-1
5:0
2
-2
2:0
1
-1
0
5
-5
0
6
-5
-1
2:0
4
-4
2:0
3
0
-3
3:0
1
2:0
1
0
-1
0
-1
5:0
1
0
1
-2
0
2
-2
9:0
1
end
