v1
1079
569
174
308
178
126
65
14
34
470
26
119
188
126
218
19
1
57
56
22
28
118
421
114
113
59
111
454
47
92
48
7
158
221
206
8
385
320
2
388
16
65
16
20
76
258
194
22
118
22
11
134
160
161
185
13
54
339
134
442
33
102
89
167
534
20
229
13
1
193
63
79
196
178
98
203
59
52
126
34
193
110
240
35
431
16
478
289
99
54
99
27
213
36
33
57
208
442
265
135
104
115
147
151
178
95
281
121
235
53
363
271
123
257
18
16
212
22
142
265
169
51
44
250
109
172
304
27
29
12
33
6
32
25
18
35
3
77
5
14
117
13
4
110
8
73
9
74
45
14
64
35
18
12
38
19
38
17
14
113
118
293
154
173
120
225
160
254
110
304
10
33
6
116
284
54
121
141
227
90
169
146
5
282
156
248
6
31
299
10
5
31
2
83
70
229
41
509
19
175
9
41
12
0
746
279
22
83
322
55
56
109
2
24
157
93
94
75
50
428
215
155
163
30
1
246
33
47
129
10
46
38
42
128
126
7
8
147
30
10
187
96
110
692
20
184
415
37
175
70
121
8
11
32
86
131
168
167
54
47
61
35
92
20
88
153
59
5
20
3
198
9
545
16
72
21
39
46
17
155
34
123
31368
2
5
22
9
43
161
4
82
44
1
84
88
84
112
36
8
22
1050
100
2
68
92
19
71
166
18
47
2064
1246
2211
316
12
1553
3764
1372
4
10816
2650
4766
2526
2080
383
3
1620
5310
2988
925
476
1663
1385
2
4
11795
943
15
2466
5143
19
5
1
121354
1
3544
7717
24
73
9417
32411
10
18
4
26
7
9
165
73
109
5
54647
731
9
41
109
157
7
2
27
57
6
12
17
145
2
25
10
13
2:1
6
5
2
1
754
192
16284
4654
3093
1178
9030
3251
4729
813
247
1183
1062
665
968
5
6
16
31
86
35
19
40
37
3
1
37
6
38
9
4
5
1
30302
9978
26
64
176
69
31
34
335
23
333
1
309
43
25
17
202
164
111
2
9
2
22
33
2:9
41
103
30
17
9
22
5
10
11
7
2
19
273
387
2:19
13
6
17
15
23
72
14733
185
2
7
28
1990
9723
1
150
12
1
88
13
14
35
19
10
26
2
11
4
58
11
30
46
5
0
94
22
23
25
40
93
23
1
-488860
57
261
650
126
191
22
0
48
4
0
113
9
24
44
132
36
6
5
212
7
28
47
15
50
399
36
442
25
175
107
159
65
265
158
57
132
71
27
51
195
56
464
104
230
19
117
148
39
112
48
28
105
12
97
129
23
117
121
374
40
114
23
8
41
33
51
0
44
52
317
126
82
93
71
0
14
20
325
48
6
165
22
51
37
29
62
186
115
22
14
95
5
110
25
52
144
22
246
161
29
9
29
88
115
242
45
30
71
46
19
17
62
168
51
66
168
221
16
272
33
5
224
128
154
93
178
84
130
337
0
160
222
482
325
61
19
25
47
82
55
14
4
102
80
50
109
65
232
7
160
48
7
55
64
253
33
64
44
147
77
15
292
2:200
19
9
50
64
98
24
105
86
231
98
28
320
32
34
1
19
26
155
261
59
0
32
25
128
7
0
51
6
7
1
198
0
14
102
95
195
22
38
329
99
2:0
102
250
20
79
180
241
252
58
261
2
298
58
187
110
112
168
191
101
100
28
111
27
31
105
146
170
144
644
254
607
51
7
27
8
526
484
184
113
60
2
110
265
17
45
223
131
303
278
125
205
77
176
72
0
29
117
174
1
50
12
59
0
22
16
89
124
0
57
38
190
83
516
0
438
48
36
247
10
56
181
10
105
52
456
44
35
31
85
96
73
51
136
183
70
34
76
166
62
0
147
5
69
20
38
115
57
52
194
10
0
109
40
83
35
58
17
60
0
19
31562
18
80
79
108
17
29
0
12
155
51
66
7
1
1117
54
33
23
1
114
235
56
135
331
2688
4755
343
2408
9647
14058
435
3985
2271
3153
841
3
1252
2635
0
1394
8046
0
29
2
0
2826
882
3414
484
0
1544
3126
6
1
13
1418
3536
43
487
19730
107405
102
12078
26107
2624
1045
123
32
10
0
4
133
16
56
27
76
35970
19412
343
82
67
51
1
2
106
643
0
43
18
5
144
15
3445
4380
2
4973
2890
3513
9881
7786
8461
2
141
628
849
203
3:1
6
26
19
52
64
17
1
10
8
0
108
15
19
40409
167
159
30
9
0
502
361
51
185
15
134
0
283
26
255
15
207
270
28
133
0
19
70
28
14939
57
10
76
1973
9735
148
155
29
0
3
5
50
20
63
13
5
19
0
32
51
6
1
42
34
39
14
-488400
66
525
196
1159
247
641
197
346
1006
625
480
190
219
209
2249
845
116
2809
1549
637
1354
73
79
293
1249
879
138
7
14
1
442
88
51
1156
157
856
181
164
1213
437
1524
1984
138
4108
2192
418
33
153
32057
18236
6904
13213
21621
29247
108000
49650
21
283
2
12
56072
44
750
42
43407
869
1230
1975
167
41630
98
331
28228
40
26
477
50
49
1425072000
499:0
1
499:0
1
78:0
10
179
-174
25
-13
194
-184
2:3
2
9150
-9130
978
-1033
2
0
238
2176
-2382
107
-121
-7
229
-222
2295
-2315
3
174
-168
1
-3
-2
5
263
-272
295
-296
0
163
103
10827
-11092
19
-5
191
-204
18
0
-2
-13
76
-54
-21
-6
6
27
146
124
-31
-257
5
-20
384
-348
-30
89
-94
2
-2
25
10
-29
-1
163
-170
6
18
-13
11
3
116
-135
1143
-983
-159
158
-137
-8
213
-132
-51
303
-347
25
205
-140
-96
85
-51
185
-163
1062
-1118
144
-114
25
165
-69
-124
181
-202
455
-451
723
-612
-101
-5
11
278
322
-454
-129
276
-307
2:2
-10
5
2:-1
-8
3610
-3589
-3
-10
24
-10
-22
9
45
-38
227
-231
84
-91
551
-507
-41
1916
-1872
240
-288
257
-247
-11
24
-24
5
26
56
498
-403
544
-627
-50
-49
15
546
-544
269746
-268023
5519
-7158
-97
8
32
0
76
-122
48
-34
64
37
-101
-11
68
31
-19
-70
17
-22
731
-577
-115
33
577
-649
14
23
-37
57
-63
4
31
12
508
-537
6
3135
-3137
12
948
-946
2:-9
109425
-102198
-7174
-28
-44
15
-16
23
-7
75
-74
-15
0
-3
-1
31
17
685
2404
-3134
126
95014
-95140
26
40
-68
797
-766
-13
88
-102
111
-20
-49
-36
38022
-37820
-188
52
-76
3
2579
63081
-65638
5054
-5073
-3
6
79
-18
-63
5739
-5718
6426
-5892
-547
-11
-4
17
-15
12
-9
71
-76
10322
-10318
4
6
6003
-4546
-1389
-80
-3
16
10
264
-285
1446
-1267
-123
361
1541
-1922
5
-42
-3
1062
-1043
132
-115
-24
145
-98
-37
14
476
148
134
505
-931
-319
6
351
326
2696
-3382
-31
-15
85
-85
7
1456
-1322
-113
0
-25
49
21
-64
-9
12
-7
16
-12
50126
-50053
28
-78
-19
205
-218
343
-289
6370
-6409
25
-41
406
-208
-126
1458
-1521
13
38
9179
-9223
-13
17
-10
26
15
-29
-10
79
-81
5
29
1236
-1168
-62
30
56
-125
21
213
302
-286
-260
68
0
-9
68
51
2561
-2734
-2
12
89
-103
-1
200
-174
78
-27
-68
1
9
4533
-3352
-1194
14786
-14772
324
16471
-10627
-6179
942
-700
-241
-7
116
1256
-1355
4399
-3715
-475
-230
20
-20
33
-32
61
106
1135
-1300
18
0
183
-200
1
7
458
894
-1109
449
-500
138
13699
-14035
174
-117
-41
-8
7
-20
33
-33
90
12229
-12293
29
-42
102
-111
12
381
-376
15
370
-202
-140
-45
9
178
-202
272
2414
-2451
2171
-1705
-702
146
-146
542
-545
50
25
-63
8
-2
-4
109
-111
-13
149
-140
-3
202
1485
-1692
5
41
-11
458
-254
-242
-1
-6
3
5
-5
-2
2
-2
4
3
-1
-7
2:0
6
-5
-1
1
0
1
4
-2
4
-1
-4
3
-4
-1
1
6
-6
1
2
-4
1
2
0
1
-4
1
-2
1
2
1
-3
0
6
-4
0
1
-2
-1
1
-1
0
4
-1
1
-4
4
-2
1
-1
2
-3
1
-1
1
-1
1
2
-5
1
2:2
-5
1
5
-5
0
1
2
-4
3
2
-4
6
-7
6
-3
1
-3
2:2
-4
2
4
2
-7
6
-4
1
-3
5
-5
-1
4
2:-2
1
-2
4
-3
2:3
-7
2
0
5
-3
-1
-2
3
-4
3
-2
2:0
2
1
-2
-1
5
-5
2
-3
2:2
2:1
2
-1
-4
0
-2
1
5
-1
-4
0
2:2
-5
0
1
3
2
-5
4
-1
2
-5
2:1
-3
2:1
-3
2:1
-1
2
1
-3
0
3
-1
-2
4
-3
5
-7
2:2
-1
1
-2
1
-1
2
2:0
-4
2
2:1
3
-6
7
-7
5
-2
-4
5
1
-3
0
1
-1
6
-8
4
3
-6
2:0
-1
1
2:-1
0
1
0
4
3
-3
-1
1
-3
1
3
2
-6
1
-1
-2
3
1
5
-2
-6
-1
2
-1
6
-5
3
2:-2
-1
1
2
-1
-2
0
8
-5
-1
3
-2
-1
6
-2
1
-6
1
0
2
-4
3
2:-1
0
6
-5
0
-1
0
1
0
7
0
-8
4
-5
0
3
-1
6
-7
3
-3
-1
1
0
7
-4
-2
2:1
2:-2
6
2:-2
-1
0
1
3
-4
0
6
-3
2
-2
-1
4
-6
2:1
4
-6
5
-1
2
-6
3
0
2:-2
1
2
2:-1
2:0
2
4
-2
-4
0
8
-5
0
-3
0
3
-2
0
2
-3
-1
3
-2
8
-8
2
-2
1
4
2:-3
3
0
-2
1
3
-4
2:1
0
5
-4
1
0
-2
4
-3
4
-5
-2
0
1
-1
0
2
3
2:-2
1
-2
0
2:1
-1
5
0
-1
0
-4
-1
0
5
3
-8
0
8
-3
1
-5
2:1
-3
5
-3
-2
0
4
-4
2:3
-5
-1
0
2
-2
-1
1
0
4
-4
1
3
-4
3
-4
2:1
4
1
-5
-1
6
-2
-3
0
-1
0
8
-7
-2
5
0
-4
4
-3
1
2
1
-1
-4
5
2
-5
-3
1
7
-4
-1
-3
1
7
2:-1
-4
1
4
-1
2
-7
4:0
6
-6
3
4
-6
2
-2
3:0
-1
7
1
-8
4
-5
78:0
2
4
-5
1
-1
5
-3
1
-3
5
169
-174
3
-3
2:1
21
-5
1
-15
-4
2:0
1
10
-10
-1
31
-30
3
-4
2:0
16
-16
23
-23
2
-2
7
-6
1
-2
3
9
-7
-5
2
-2
1
18
-18
-1
2
-2
7
-4
-2
3
-3
4
-5
27
-21
-4
-2
3
-3
1
5
1
-5
3
-5
2:0
2
-2
2
1
3
-5
16
-9
-3
2
-3
-1
17
-20
2
17
-18
3
1
-5
0
3
-1
2
-4
3
-3
1
6
-1
-5
0
-1
17
-16
48
-49
19
-18
1
-1
0
-1
1
3
-2
62
-64
4
3
-2
1
-5
2
-2
95
-94
4
-6
6
7
-11
-1
0
3
25
-29
31
-27
52
-47
-6
3
6
-10
-2
22
-20
3
-3
6
-7
7
6
-5
19
-1
-19
-1
-6
5
87
-84
2166
-2172
109
-85
-24
0
14
-14
-3
1
15
-10
2
8
-14
1
5
2
8
-16
4
-5
67
-66
19
-11
11
-21
14
-12
0
2
-2
0
18
-20
100
-99
2
63
-60
0
7
-12
0
3
992
-797
-192
-7
2:0
1
-1
0
13
-9
-4
3
-2
4
-5
5
40
-4
-36
-1
481
-485
4
-4
4
60
-56
-1
7
-11
26
-14
-9
-4
219
-152
-57
-8
-3
2
27
1257
-1279
164
-170
0
-2
10
3
-1
204
-212
777
-671
-109
0
2:4
-8
4
-4
9
-5
162
-166
-1
3
258
-236
-11
-12
1
-3
6
33
-39
8
49
-53
80
197
-270
9
-20
0
11
-10
-1
6
-1
35
-34
-2
7
-3
43
-51
43
12
-47
-5
29
13
41
-83
-3
2:0
3
-1
156
-149
-6
-3
1
19
16
-31
2:-2
-1
19
-8
266
-271
2
9
-17
32
-32
0
8
708
-714
-1
0
11
-10
2
28
-27
-2
4
319
-322
2:-2
4
16
-12
-3
7
-10
7
-7
15
504
-486
-35
3
8
-7
10
7
79
-87
-13
0
8
-8
12
-2
2
-9
1
-4
9
-8
1
20
-18
2:5
-9
-4
5
23
-5
-23
329
-318
64
419
1215
-1710
7
2:-3
0
10
167
-173
17
-16
20
-17
-7
-2
0
1
-1
53
147
-198
10
-9
48
-46
-5
1
2:20
-39
0
86
-31
804
-860
24
-16
-2
-7
2
-2
2
-2
1
661
-645
-10
-7
1
5
-4
14
-4
-9
22
15
-39
5
-3
31
-32
4
33
-13
-9
31
-45
-2
-1
29
-28
2
-2
5
9
-11
-2
18
-20
0
65
-64
0
6
9
-12
-2
-1
2
18
-21
2
-2
2:0
3
-3
0
1
-1
11:0
1
-1
3:0
1
-1
3:0
37
-37
1
-1
4:0
1
-1
4:0
1
-1
2:0
2
-2
3
-3
1
-1
5:0
1
-1
0
1
-1
7:0
1
-1
1
-1
2:0
1
0
-1
2:0
1
-1
2
-2
3:0
1
-1
2:0
1
-1
0
2
-2
1
-1
0
1
-1
0
1
2:0
1
2:-1
9:0
2
-2
4:0
1
-1
11:0
1
-1
1
-1
0
2:1
-2
10:0
1
-1
0
1
0
-1
19:0
1
-1
11:0
1
-1
0
1
-1
2:0
2
0
-2
6:0
1
-1
2:0
2
2:-1
6:0
1
5
-5
-1
4:0
4
-3
3
-4
0
2
2:-1
4
0
-3
-1
2
-2
5
-5
3:0
1
-1
5:0
1
-1
2:0
1
-1
1
-1
9:0
3
-3
0
1
-1
5:0
1
-1
0
3
-3
2:0
3
-3
3:0
3
-3
9:0
2
-2
2
2:-1
0
2
2:-1
0
5
-5
2:0
2
-2
1
0
2
-3
7:0
1
-1
2:0
4
-3
-1
7:0
2
-2
13:0
1
0
-1
1
2:0
3
0
-3
2
-3
4:0
2
1
-3
0
1
-1
2:0
2:1
-1
0
-1
2:0
1
-1
0
2
-2
0
4
-3
-1
1
2:0
-1
1
-1
4
0
-4
2:4
-7
0
-1
2:0
3
-3
0
1
-1
9:0
2
0
-1
0
2:1
-2
-1
9:0
9
-9
3:0
1
-1
2:0
2:1
0
-2
2
-2
4:0
2
0
-2
3:0
5
-5
0
2
1
-3
17:0
4
-4
2
-2
12:0
1
-1
44:0
1
-1
18:0
end
