v1
835
1150
79
52
74
79
25
9
615
79
135
49
51
67
171
57
56
22
28
533
292
612
176
198
206
152
295
553
271
329
106
194
22
19
266
160
132
214
67
70
269
93
424
203
22
225
349
32
153
20
242
257
368
453
44
340
13
4
373
8
203
228
494
149
239
54
59
280
126
208
707
135
123
116
127
85
339
281
7
114
132
86
433
0
205
165
24
257
18
16
730
60
71
294
0
109
172
123
180
1
26
1
29
45
6
32
25
18
38
77
2
3
14
134
118
73
9
74
59
64
65
57
38
17
127
203
354
8
173
120
225
98
97
86
243
98
216
33
6
116
146
192
121
226
142
259
146
0
5
97
185
410
141
189
48
153
229
41
423
93
187
808
301
71
22
367
165
2
24
344
8
67
50
655
306
19
258
33
226
6
80
128
126
7
8
147
88
235
110
692
204
255
157
40
175
191
8
11
32
43
37
6
131
235
100
54
47
61
16
19
112
0
88
153
59
5
23
198
9
418
235
40
63
21
134
34
31498
22
9
290
44
173
84
112
36
8
22
1152
68
111
71
166
18
47
2064
1246
2211
328
1553
3073
691
1376
2464
8352
2650
4766
11922
2988
4449
2
4
10
8044
33
2826
1840
2453
13
2024
3138
1420
30
119910
1
3544
7741
73
9417
32305
106
10
22
42
238
109
5
36051
19377
35
74
157
9
27
57
6
12
1
16
145
2
25
10
14
1
6
5
728
29
20
16456
4654
3093
18188
1060
1183
828
45
189
665
436
532
2
3
2:6
10
27
4
58
28
10
44
40
37
3
1
43
25
22
4
5
1
30302
9978
26
64
176
825
1
352
25
17
233
246
9
21
36
2:9
41
103
30
17
0
13
23
28
2
19
64
209
375
50
19
17
38
72
14918
2
7
2018
9723
1
150
12
1
115
54
36
2
11
4
58
65
7
15
99
22
23
65
116
-488813
64
256
31
159
48
250
5
9
205
45
13
102
178
56
2
101
61
10
76
6
5
49
81
164
191
207
44
77
188
0
94
441
3
4
493
154
259
11
7
93
192
155
35
301
28
325
536
61
29
126
83
193
442
119
225
198
116
51
183
237
379
21
135
82
37
91
6
180
399
1
70
100
53
54
29
22
13
0
31
177
43
86
110
0
178
7
99
96
101
46
36
26
134
0
122
208
28
218
80
268
128
137
129
973
177
0
345
28
110
143
229
268
52
30
10
25
189
11
96
367
123
0
497
163
69
100
205
73
29
28
514
55
434
115
472
56
493
137
15
7
8
34
8
172
10
13
3
128
68
37
87
4
3
101
38
0
100
262
168
62
200
87
589
11
376
189
101
2
269
110
70
502
100
2
168
27
61
112
202
190
27
248
23
14
10
9
295
99
17
245
404
168
31
1
19
22
37
123
2
308
233
457
80
105
186
136
43
68
134
158
66
27
544
3
190
125
89
220
57
114
97
86
63
78
151
38
94
21
17
63
127
5
76
2
156
9
179
381
378
172
427
282
63
173
226
73
51
236
6
64
121
230
115
96
11
89
156
99
7
119
75
50
69
40
13
19
21
200
15
77
90
1
31408
72
95
66
100
67
48
59
105
1
1171
94
365
3
135
1
47
11
9763
7000
10788
1247
8579
1211
2274
1812
1768
414
3
3883
1379
8094
1
0
2825
884
943
2955
509
1035
3125
1
6
1
9
8
2
25208
101424
5981
1
50
51
41725
67
39
23
13
22
48
30
42
14
2
38
93
53
19
103
54566
731
132
7
41
38
105
47
10
56
20
17
156
2
8
784
18
9
155
3445
11697
10063
11034
1247
5542
1072
896
2167
6
20
78
65
24
12
54
50
30
11
4
40394
236
74
83
12
231
5
200
26
172
41
167
6
0
26
243
67
24
25
70
16
140
30
20
232
0
26
15
11
201
315
55
61
75
14
18
38
31
14797
140
82
11889
121
17
20
46
110
27
19
63
42
73
38
106
1425130800
399:0
1
434:0
48
2:-20
23
99
-101
-5
8601
-8210
-70
-124
162
-374
2
406
1444
-1839
132
-72
1442
-1325
331
173
-271
-347
-54
-23
17
-16
78
-78
145
-128
-17
8
-9
8
-1
42
-49
895
-894
7
26
341
-368
8
-15
91
-83
14
2006
-1980
-26
13
-34
-1
36
15
-51
50
70
-118
60
342
-402
260
-66
-5
-184
21
-16
-4
-3
22
86
88
-200
82
-76
-4
4
2
-3
0
383
-381
167
1029
-1204
20
451
-290
-5
-149
23
-39
3
-11
8
-9
4
15
-12
279
-288
35
4
-32
0
3
-10
113
-74
0
766
-771
-34
202
31
-159
-70
268
-256
-11
2
151
7
1068
-1222
-9
1
18
444
-463
105326
-104958
9144
-9442
-28
-9
-18
7
84
-78
-23
1
24
-29
32
-3
-13
73
203
-295
48
500
-548
157
-154
29
444
-371
-22
3383
-3434
244
-266
8441
-8439
10837
-10839
-8
2
0
36
-39
-1
2
1
958
6946
-7892
109
49447
-49569
88
318
-399
268
-275
-2
65
1
-56
1040
-947
-90
-9
55
-56
412
-412
217
32420
-32639
1471
-1407
19
96
-27
-110
-14
-17
2236
1078
-3176
-139
-11
77
-53
9
5
-28
1015
3601
-4379
-166
-78
130
171
-301
269
996
-1260
166
-140
16
-46
9
51
1
-25
-39
260
-204
813
-615
-252
3
186
-192
1450
209
-1658
960
-445
-501
47
-61
-1
7
-5
-1
232
-231
22
-18
44275
-44232
-22
265
-285
102
264
-354
4174
-4160
-28
69
5435
-5416
-92
36
8544
-8568
-4
19
9
39
-71
29
-11
71
-90
-4
1704
-1602
-18
-51
-33
23
42
96
31
-191
19
-13
1625
-1508
717
-791
-50
85
-9
-41
-9
6
-26
14
-4
-10
3
6
152
-156
10679
-10635
748
-800
16054
-16043
207
7586
-4491
-3315
0
1
4
21
403
-414
651
-654
15
45
26
381
-477
20
19
-18
29
703
-751
74
1353
6899
-8174
-102
-50
2
0
125
-16
231
453
-788
-12
8
14
-14
94
-86
200
1578
-1696
575
-403
-195
1009
-959
18
305
-363
60
1203
-1235
-101
10
-17
98
-94
-5
171
-151
-7
-12
16
56
-85
1
-1
5
-4
-1
1
3
-3
6
-7
0
4
-3
1
-2
3
-3
1
-1
2:1
3
-3
0
4
-1
0
-4
-1
1
0
4
-5
2:3
-3
-2
2
2:0
2:-1
2
0
-1
0
2:-1
2:2
-4
1
-1
2:1
2:-1
2
-1
1
4
-2
-3
-1
0
3
-3
3
2:0
-3
6
-6
1
4
-4
0
-1
2
-1
2
-2
2
2:1
-4
0
1
-1
0
-1
1
2
1
-3
5
-6
0
1
0
5
-1
-5
2:2
-1
5
-7
2:2
0
-4
2
3
-5
4
1
-3
2:-1
3:0
2:1
2:0
1
-4
0
1
2:0
2
-3
1
2
-2
3
-4
5
2:-2
-1
3
-2
3
-3
3
-1
-2
2:0
1
2:-1
0
3
-3
0
1
4
-4
4
-1
-2
1
3
-5
-1
4
3
-5
-2
0
2
-1
0
1
-2
1
-1
1
5
-5
-1
1
0
2
-2
-1
2:1
3
-3
-1
2:1
3:-1
3
3:-1
0
4
-2
-1
5
-1
-5
0
1
-1
0
2
-2
3
-2
3
-4
1
2
-3
2
2:-1
2
-1
0
-1
1
0
-1
5
-4
0
4
2:0
-5
6
-5
0
1
-2
0
1
-1
1
-1
4
1
-5
1
5
2:-1
-4
3
-1
-2
0
2
0
1
-2
-1
2:1
0
4
-3
1
3:0
-1
0
2
-2
-3
3
-3
3
2
-4
0
-1
1
2
2:-1
6
-6
5
-4
0
2:-1
2:0
1
2:0
-1
2
2:1
0
-3
2
-2
0
6
-3
0
-4
0
1
2:0
-1
0
1
3
-4
2
3
0
-5
1
0
1
-2
4
-3
6
2:-2
-1
-2
1
2
-3
2:1
2
-2
-1
2:0
-1
2
4
-5
2
-3
3:0
2:1
0
-1
5
-6
0
4
-4
1
6
-6
1
4
-6
2
0
-2
0
1
2
-2
3:0
1
0
-2
5
-4
-1
0
2
-1
2
-2
1
0
2:1
-4
1
2:0
1
4
-6
2
-2
2
3
1
-2
0
1
-4
1
-1
2
-2
2
2:0
-3
2
2:-1
5
-4
4
0
-3
1
2
2:-1
2:0
3
103
-106
2:0
1
2:0
13
-9
5
-7
-3
10
17
-27
0
1
10
-11
2
1
-3
7
-4
-3
0
5
-5
0
2
3
-4
2:0
-1
2:0
20
-20
3:0
3
-1
10
-10
-2
4:0
5
-5
5
-1
-3
1
25
-26
15
-11
-5
3
-2
-1
3:0
7
-4
-3
2
-2
0
5
0
-4
-1
25
-25
8
-8
2:0
4
37
3
-44
1
3
-4
3
-2
0
1
2
-2
36
-37
1
2
10
-10
2:-2
19
-4
-14
36
-32
-4
4
9
-11
-2
2
2:0
-2
32
-16
-10
-7
0
4
-3
61
-61
1540
-1539
87
-78
-10
2:3
-6
-1
8
-5
0
-1
2
4
-1
-7
13
40
-46
-2
11
-15
2:0
6
83
-84
11
28
-42
2
-4
687
-688
156
-155
1
-1
1
3
-3
-2
7
-5
34
-11
-17
-6
445
-447
4
28
-29
6
-8
-1
22
-12
-9
112
-80
-25
-7
0
1
-2
0
22
645
-666
48
-49
1
2:0
6
3
-1
157
270
-369
-66
-1
0
1
3
-3
0
80
38
-108
0
-10
16
38
-51
47
136
-186
10
-3
-2
-5
5
12
-8
-6
2
-1
17
14
-1
-35
5
15
-20
22
27
-47
90
-81
0
15
-23
-2
-1
3
-2
12
-13
4
-4
213
-213
0
19
-18
24
-25
7
307
-314
0
4
6
-3
-7
6
247
-253
1
3
11
-7
-2
-5
8
-5
-1
-2
319
-297
-23
7
-2
7
-2
60
-67
1
-2
2
5
-3
0
2
-4
8
-12
3
-2
6
-6
4
-5
3
-3
0
20
-20
15
-15
7
-7
193
-188
29
250
421
-704
0
-1
2
4
70
-74
20
-20
5
1
21
56
-77
-5
33
-36
5
22
-23
54
37
511
-604
13
-15
5
0
-5
2:0
232
-225
-7
1
0
4
3
-3
25
-9
32
-43
20
-28
21
-13
-3
5
-10
14
-15
4
6
-10
0
8
-8
-1
48
-38
-7
0
-2
10
-11
2:0
1
-1
7:0
1
-1
6:0
1
-1
2
-2
8:0
1
-1
24
-24
10:0
1
-1
10:0
1
-1
0
2
2:-1
8:0
2
-2
2:0
1
-1
7:0
3
-3
9:0
2
-2
10:0
1
-1
3:0
1
-1
0
1
-1
1
-1
3:0
1
-1
0
5
-5
1
-1
4:0
1
-1
3:0
2
-2
1
0
1
-2
2
-2
1
-1
5:0
2
-2
6:0
1
-1
3:0
2:1
-2
0
2
1
-3
10:0
2
-2
7:0
1
-1
2
-2
20:0
1
-1
14:0
1
0
-1
2:0
1
-1
0
1
-1
8:0
1
-1
1
-1
1
-1
2:0
1
-1
1
-1
4
-4
0
3
-3
1
0
-1
3:0
2
-2
3
-1
-2
1
-1
4
-3
-1
2:0
1
-1
3:0
2
-2
2:0
1
-1
7:0
1
-1
3:0
1
-1
1
-1
3
-3
0
3
-3
2
-2
10:0
2
-2
2:0
1
-1
4:0
5
-5
6:0
1
0
-1
3:0
1
-1
10:0
1
-1
2:0
2:1
-2
18:0
2
-2
4:0
3
-3
8:0
1
0
-1
3:0
1
3:0
-1
13:0
2:1
-2
0
end
