v1
1215
297
1123
14
649
79
184
51
289
6
56
22
28
614
211
612
176
404
152
393
726
425
93
111
18
795
67
70
269
967
277
4
253
183
79
257
79
289
85
202
166
44
160
193
110
85
19
171
292
1021
54
339
80
41
5
31
661
181
177
645
50
376
121
235
44
33
339
158
113
29
94
275
173
55
943
134
478
74
6
32
43
38
23
54
149
4
118
73
9
133
129
95
17
82
45
118
74
372
1
78
95
120
359
390
304
10
33
6
116
284
54
262
85
142
259
151
438
254
194
136
10
5
31
2
153
212
58
528
184
799
301
83
377
165
2
181
187
75
50
700
538
113
190
42
128
126
15
147
433
896
452
245
129
11
32
397
155
54
47
61
55
92
2
86
217
23
198
765
189
31498
22
9
237
50
47
85
88
196
36
8
16
6
1050
102
68
111
237
65
3310
2211
328
1553
5140
4235
6581
2650
4766
6612
1214
4093
3
2988
4451
4
10
8006
7203
5151
11
6
124899
7741
9490
32421
22
42
50
302
55350
180
7
127
30
9
27
63
29
145
2
25
10
3
12
6
5
2
4396
41013
1062
1101
541
2
47
86
54
8
69
3
1
43
51
5
1
40280
90
9
236
169
587
1
596
277
9
57
2:9
41
133
26
4
28
23
2
19
679
32
6
17
15
23
72
14927
2018
9723
1
150
12
116
54
10
26
2
15
58
87
144
25
27
13
93
23
-488303
412
74
31
21
24
163
8
18
470
651
19
1
120
161
207
208
127
668
14
187
48
636
115
32
98
6
26
80
125
189
122
11
122
183
35
260
106
68
206
186
6
35
160
153
8
330
74
92
108
143
45
9
291
75
144
22
12
46
379
137
229
132
53
145
347
33
40
31
304
144
2
57
409
27
319
466
90
23
40
341
80
69
84
130
138
349
10
324
35
64
196
54
183
106
75
144
20
317
369
94
160
55
45
74
350
44
731
185
93
62
221
173
312
318
85
172
123
181
26
30
12
16
67
7
6
35
2
16
33
1
48
3
14
316
30
62
52
21
31
19
30
20
53
19
275
110
91
43
313
433
160
131
123
83
168
432
110
245
327
41
90
315
63
224
128
1
79
196
23
14
10
472
247
550
189
5
712
371
97
22
7
169
247
106
29
469
328
327
262
2
11
31
19
11
26
199
55
29
0
51
96
13
37
6
44
126
171
382
96
18
465
319
20
596
3
212
191
118
77
219
22
29
335
353
39
20
25
64
146
248
194
103
16
2:36
13
8
39
84
77
155
3
31426
6
9
64
96
65
86
198
95
8
1221
349
10
46
62
76
45
283
1783
8411
691
3840
2792
1322
17436
2044
4083
3926
3
3521
6
8085
2:1
48
3660
943
15
19
7590
1
23
3
1425
17
3506
116404
1
11358
38189
3697
7
59
188
109
7258
48125
50
164
4
105
11
6
30
39
18
33
20
26
125
8
1
740
29
133
3508
12835
2360
2294
3093
1178
9030
3251
4643
86
813
247
2056
854
766
202
2
25
28
52
47
53
31
92
30
9
30312
10004
240
100
369
231
172
263
68
17
77
149
7
18
261
23
219
5
41
9
303
198
177
37
8
95
14
55
14860
45
37
11816
44
17
88
13
42
7
20
47
1
67
30
57
5
51
38
4
2:7
5
75
2:12
42
64
-488979
91
27
20
110
122
66
25
5
34
3
12
78
356
91
123
164
63
175
71
31
105
21
48
120
104
75
235
265
2
1
136
162
110
31
9
96
34
164
66
15
29
91
79
88
30
253
106
56
164
178
58
5
10
12
102
421
189
86
0
16
3
117
323
55
63
39
79
76
106
99
62
60
80
67
19
39
23
37
33
36
211
65
439
78
113
175
71
42
197
136
38
110
46
7
16
59
37
91
109
323
154
14
6
70
216
35
109
51
48
82
9
14
24
7
57
83
7
111
5
25
22
203
117
247
19
24
71
134
99
106
72
2
19
232
169
132
107
264
597
193
271
120
159
110
360
169
124
49
55
11
109
662
25
45
107
115
86
5
94
140
187
10
19
196
16
20
246
20
59
67
111
179
275
122
196
332
67
19
74
103
142
192
36
39
100
22
8
39
75
110
7
4
5
97
2:7
70
15
2:6
71
5
31
5
49
31
29
0
4
33
38
85
134
202
512
53
164
280
22
133
240
8
2
12
56
43
6
816
392
28
111
58
33
28
109
37
44
39
87
44
144
275
56
209
43
142
17
2:156
2
449
34
51
8
181
308
37
233
251
203
22
103
134
202
132
75
146
2
131
37
187
38
41
278
152
98
157
66
96
58
57
81
126
85
5
3
9
45
146
221
21
0
158
49
83
46
69
41
119
6
444
113
63
99
2
178
0
21
84
10
52
195
83
22
48
7
71
281
106
39
21
14
2
6
40
5
17
69
73
366
50
2
4
8
121
49
23
369
1
0
10
52
37
3
0
35
118
208
20
133
98
41
33
9
35
83
71
38
8
103
11
4
10
21
31367
16
161
198
35
25
147
12
21
2:8
57
52
1054
56
264
49
151
136
0
2960
2877
3926
8026
2324
7439
8205
2831
2274
1389
2608
2613
1267
9445
2
0
32
2811
14
5289
1035
3132
1432
34
15450
91135
16865
1736
5973
8
102
12078
25415
0
4232
127
2
23
1
145
114
8
11
33
20
19
36073
19412
54
434
4
0
50
1
27
82
0
679
13
12
9
37
49
7894
34965
402
908
1233
141
1682
2:1
31
18
43
8
43
31
24
36
8
46
51
20
31830
8273
16
601
30
37
682
5
9
7
87
64
86
0
39
107
151
94
140
13
421
416
116
6
13
19
12
108
8
87
14720
2199
9886
67
19
16
62
25
27
31
6
40
29
49
78
248
1425157800
299:0
1
399:0
1
514:0
539
-257
-136
10632
-10434
-151
178
-103
18
10857
-10889
133
-356
2368
-2133
261
-262
-57
41
903
-805
-325
14
0
212
-83
-21
-119
362
-346
156
-84
176
-259
5
-12
1098
-1099
0
10
97
1
-101
273
-181
-79
1305
-1308
125
188
528
-851
105
446
-426
-121
-6
89
12
-93
-6
201
-27
-177
85
2188
-2052
-214
-7
838
668
-1357
-48
917
-250
-751
-19
114
1148
-1259
-2
129
-128
1
278
-144
-131
928
-920
257
-263
-10
3
2
208
708
-904
213
-214
1028
-860
-51
548
-439
299264
-299167
9527
-9714
-151
13
-9
188
-192
604
-512
-91
13
-7
191
-198
0
257
143
-287
14501
-12479
-1921
-199
281
421
-715
3432
-2200
-450
428
145911
-138378
-8654
-82
84
-93
154
-151
2649
2805
-5348
86465
-85662
-763
17
7771
-1522
-5935
-467
1188
2306
79830
-83335
9347
-9332
99
-99
1887
4263
-1443
-2935
-1431
2969
3855
-6853
-16
-310
-4
816
617
-1107
725
731
-1764
149
-55
-108
853
-855
92
-4
3
70
198
3030
-3181
158
-365
730
1827
-2556
383
-301
-81
1901
-1617
-88
-201
1
10
-3
2
48133
-48134
331
143
7396
-7876
3340
-2465
-878
10714
-10712
17
-9
690
167
-858
222
-225
1636
-1471
715
-875
2
-12
213
-19
261
-301
-155
157
-146
2:-4
90
9731
-7859
48707
-50667
637
18540
-8345
-10834
-1
125
4496
-4326
-163
-119
-11
2657
-2111
1152
-1685
424
1106
-1393
10458
19116
-29726
7
-2
104
-111
973
137
-1104
90
71
-52
65
-161
415
97
-365
-20
2131
-2127
121
893
-784
-76
-182
5
-110
-15
94
195
-289
9
296
-286
116
339
-482
-8
52
-11
3
-48
13
62
-67
60
-56
-13
9
3
-4
-1
4
60
-71
1
14
35
-49
100
-97
38
0
-35
-6
62
-48
-6
-4
12
-9
-8
7
46
-41
-11
8
-5
59
-57
-5
4
3
-7
3
63
-57
-10
0
1
42
-24
40
-51
1
-8
5
8
-4
-3
-6
-1
0
12
-11
13
-4
-5
4
-9
1
11
5
-6
-11
64
28
-77
2:-7
5
-5
17
-2
-10
-1
12
-16
0
10
59
-69
6
1
-7
67
-59
-4
0
7
2
-8
-2
-3
89
-89
0
75
-69
10
-12
1
70
28
-91
-8
70
-63
1
-12
71
-6
-48
-14
2
86
-83
2:2
-1
-7
2
90
-82
-1
-14
77
1
-77
52
9
-53
62
-17
-45
-9
77
-24
-35
-3
-14
4
76
-77
66
-70
15
-14
6
86
-22
-70
3
-3
0
6
90
-96
-1
73
-64
-9
40
-40
57
-10
29
-67
-2
54
-52
95
2
-106
2:6
-12
7
4
-10
47
-33
-15
8
1
0
10
-15
1
2
-7
1
0
10
51
-57
2
73
-69
95
-96
-6
95
-36
-63
1
-1
5
-4
17
86
-103
2:5
-5
72
-36
-32
62
-68
7
-11
0
9
45
-49
-4
-1
11
4
-11
6
-9
10
66
-19
-57
7
40
-47
6
3
-9
0
69
-69
-1
11
-10
6
-3
-4
5
81
17
-94
9
-5
61
-56
-17
0
4
-4
11
-5
49
-55
14
-10
82
-83
7
-11
64
-20
-34
56
-57
-4
4
10
55
12
-82
7
-2
0
-8
4
-5
0
4
9
42
19
-63
0
-10
13
39
-52
73
-73
16
37
-53
46
27
-64
2
-6
0
87
-81
4
-6
60
-53
49
-61
75
-73
-6
2:0
62
-45
-17
79
-68
66
11
-72
-9
2
-2
4
86
-18
-79
-1
1
-1
1
-1
8
2:-2
5
55
-63
67
-67
-1
2:7
-9
3
5
-7
-1
1
2:-1
8
-3
2:-2
63
-52
-4
49
-61
1
67
4
-71
3
-3
0
9
29
-38
11
37
-52
2
4
-5
-1
5
-5
0
2
-2
3:0
2
2:-1
5
1
-4
2:-1
1
0
1
-2
2
-1
1
0
-2
5
-4
-1
2:1
-1
0
4
-4
-1
2
2:0
3
-4
2
-2
0
1
4
-5
4
1
-6
6
-6
1
0
2
-1
-2
2:0
2
-2
1
-1
6
0
-6
2:0
1
-1
7
-2
-1
-3
6
-4
-3
2
0
-2
1
2
-1
0
2:-1
1
-1
0
2
1
0
2:-1
2
-3
2
3
0
-4
4
-3
-2
5
-4
1
0
-2
0
1
-1
0
2
3
0
-3
-2
2
-2
1
2:0
-1
6
-6
1
-1
1
0
5
-5
5
-6
0
1
0
1
-1
3
-1
-3
2
1
-1
-2
2
2:-1
2
-1
0
4
-5
2:1
0
-2
1
0
6
-7
5
-3
-2
0
2
3
-5
1
-1
0
6
-5
6
-6
-1
5
2:-2
-1
2
3
2
-7
0
2
0
1
2
-2
3:-1
2
1
-2
2:1
-1
0
-1
1
2:-1
0
2
0
-2
5
0
-4
2:0
1
-1
0
2
-3
2
-1
6
-2
1
-6
0
5
0
-2
2
-5
2
1
-3
1
2:0
3
1
-1
-2
3:0
3
-4
-1
0
5
-4
5
-6
2:1
2:-1
1
3:0
1
-2
7
-5
0
-2
2
4
-4
3
-5
2
0
3
1
0
-5
-1
6
-6
3
-1
-2
0
7
-5
-1
6
-7
2:0
2
-2
2
-1
6
-7
7
-6
0
5
-3
2
-5
1
-1
2
3
-5
7
-7
5
-4
5
-5
-1
0
2:3
-5
2
-2
1
-2
2
4
-6
1
5
-6
3
-2
1
-2
0
6
-4
-1
1
3
1
-5
-1
2
0
1
-3
5
0
1
-5
-1
1
0
-1
2
4
-5
1
-2
1
2:0
-1
2:0
2
-1
1
2:-1
2
0
2:-1
0
4
-2
-1
5
-5
1
-1
1
-2
3
-2
0
1
-1
1
0
-1
1
4:0
4
-1
2
-7
3
-3
5
-4
0
-1
0
2:1
4
-3
-1
2:0
-2
1
-1
0
1
4
-5
5
-5
1
-1
1
-1
2:3
-4
2:-1
0
2
3
-5
0
1
-1
3
-2
-1
1
-1
1
-1
1
-1
0
2:1
0
-2
2
-1
5
-6
2
-1
2
-3
2
-1
2:2
-3
-1
5
-6
1
-1
2:1
2:-1
1
-1
2
3
-4
5
-6
2
0
3
-4
-1
1
-1
0
2:1
0
4
0
-1
-5
1
-1
6
0
-5
0
-1
0
1
-1
1
0
-1
2:4
-4
182
-183
-2
1
-1
29
-13
19
-33
-2
11
13
-24
0
12
21
-22
-11
0
4
-4
5
4
-9
1
24
-22
-2
4
-4
6
-2
-3
5
-2
2
-6
3
1
2:-1
-3
0
38
-36
4
13
6
-25
1
8
-9
0
2
4
-6
0
9
-6
1
-4
3
25
-27
1
0
46
-25
-20
-2
99
-99
4
-2
4
93
-94
0
-1
18
-16
26
11
-38
54
-54
14
-17
3
-6
7
13
-17
-2
23
-20
23
-23
-4
112
-99
2244
-2252
148
-109
-34
-6
-2
5
-6
41
-39
-1
6
-5
22
-23
0
-2
82
-53
-28
15
-6
-7
41
59
-100
70
-59
6
-3
1360
-1186
-182
-9
11
-10
3
0
54
-8
-47
618
-553
-46
27
-37
236
-146
-87
-15
37
1354
-1384
150
-156
5
-5
15
226
677
-795
-112
208
73
-271
-2
-18
-2
44
-41
76
1
269
-340
-9
21
-20
19
-12
3
29
-33
-2
37
17
2:-9
-41
64
34
-94
-1
-3
0
197
-188
67
-70
2:-3
13
-9
283
-280
28
-35
885
-884
19
10
-29
422
-422
0
19
-20
18
-5
-7
-2
586
-547
-43
4
3
5
7
80
-84
-13
-1
22
-16
-5
-1
1
23
0
341
-363
93
425
1402
-1920
0
12
254
-242
0
-25
3
-1
63
237
-294
17
22
59
88
822
-1016
1
-3
3:0
109
-91
-15
3
2
13
-18
33
0
-1
-30
35
-15
-2
37
-19
-36
-4
10
1
-7
16
92
-107
1
-6
2
5
20
-27
-1
5
-2
3
-6
5
-5
1
2
-3
0
3
0
-1
-2
0
54
-54
0
2
5
-7
0
2
-1
2:0
-1
0
1
-1
3
-2
0
-1
3
6
-9
0
3
-3
17
-16
-1
5:0
1
-1
2:0
3
0
-2
-1
3
-2
-1
3:0
1
-1
0
1
-1
2
-1
1
-2
2:0
2
3
-5
0
2
8
-10
1
-1
2:0
5
-4
-1
4:0
1
6
-7
0
2
0
7
-8
-1
2:0
5
-5
0
1
4
-5
2:0
2:2
-4
1
2:4
-3
-6
11
-6
-4
1
-2
10
-10
2
-2
8
-7
5
-4
2:-1
0
8
-7
2
-3
13
-5
-8
9
-3
-6
4
0
-2
0
7
-4
-1
0
-4
0
6
-6
23
-19
-3
0
8
-9
13
-13
3
-2
-1
2
6
-7
0
11
-12
0
1
-1
0
7
-5
-2
1
5
-6
6
3
-8
1
-2
2:0
3
-2
-1
2:0
5
-1
0
-3
3
-4
0
2
2:-1
4
-4
4
-4
0
5
1
-5
1
17
-13
-6
0
2
-1
1
-1
17
-17
5
-5
0
3
1
-4
-1
6
-6
6
-6
3
1
-3
-1
2:0
4
-2
2:0
-2
3
2
-4
3
2:-2
0
10
-9
0
6
-7
0
3
-2
0
1
-2
0
2
-2
0
2
-2
20
-15
2:-2
5
-6
3
1
2:-2
11
-11
2
-1
2:0
2
19
-21
13
-11
0
1
-3
1
9
-11
1
2
-3
0
5
-5
1
8
-2
4
-10
1
-2
2:4
8
-12
4
-7
0
2
-3
9
2:-3
3
-4
-2
10
-7
3
-3
10
-13
19
-19
8
-6
0
2:-1
18
-18
2
3
-4
6
7
-12
-2
3
-1
3
-2
40
-43
3:0
1
-1
9
-8
1
0
10
-12
2
-2
1
-1
1
-1
4
2
-5
0
-1
0
1
-1
0
2
2:-1
5
-5
0
1
-1
0
17
-15
-2
2:0
5
2:-2
0
1
-2
22:0
1
-1
13:0
1
-1
2:0
1
0
-1
6:0
1
0
-1
20:0
2
-2
9:0
2:1
-2
1
-1
0
1
-1
3:0
1
-1
2:0
1
-1
2:0
1
-1
34:0
1
-1
0
2
-2
0
1
-1
11:0
1
-1
2:0
4
-4
11:0
1
-1
7:0
2:1
-2
0
1
0
-1
0
1
-1
15:0
4
-4
7:0
1
-1
8:0
3
-3
0
1
-1
7:0
2
-2
8:0
1
-1
2
-2
15:0
4
2:-2
0
1
-1
0
1
0
-1
0
2
-2
7:0
4
-4
2:0
1
-1
2:0
2
-2
3
-3
3:0
1
-1
2:0
2
-2
0
1
-1
1
-1
2
-2
2:0
1
-1
9:0
2
-2
3:0
2
-2
3:0
3
-3
2
-2
0
1
-1
1
-1
1
2
-3
4:0
2:1
-2
1
0
-1
7:0
1
-1
2:0
2
-2
1
-1
0
1
-1
6:0
1
-1
5:0
1
-1
2
-2
2:1
0
-2
0
2
2:-1
0
1
-1
2:0
2
-2
0
2
0
-2
7:0
2
-2
1
0
-1
0
1
-1
1
-1
3:0
1
-1
15:0
1
-1
0
2
-2
6:0
1
-1
2:0
1
-1
1
2:0
-1
9:0
1
-1
18:0
1
0
-1
8:0
end
