v1
1094
743
486
52
74
65
14
34
496
119
274
40
295
56
22
146
535
172
293
319
92
55
585
8
385
322
404
435
194
22
118
167
519
54
70
425
399
21
135
31
206
19
448
86
87
315
54
63
375
78
98
205
109
160
193
110
240
15
20
431
282
212
69
319
54
126
132
81
69
57
3
912
128
7
104
262
424
217
37
27
109
247
77
339
271
17
106
275
16
212
649
44
242
8
109
295
181
0
27
29
45
6
32
25
18
117
3
131
13
4
118
73
9
74
59
0
64
30
5
30
38
57
17
14
113
118
426
21
173
120
225
160
254
0
110
304
10
33
6
116
284
54
121
141
85
101
300
418
15
129
27
248
6
31
163
136
10
5
33
83
70
229
41
423
280
9
41
758
301
83
322
55
56
31
78
2
24
157
56
131
75
50
428
272
291
247
33
29
203
38
42
128
126
15
147
433
647
65
184
415
37
175
70
121
8
11
32
43
320
89
100
54
47
61
35
92
108
153
59
5
23
198
257
385
21
39
0
63
189
31498
1
21
9
290
44
85
88
84
112
36
8
22
944
208
68
111
71
166
18
47
2064
1246
2211
316
12
1553
5140
7581
3235
2650
9755
1623
5307
3
2988
925
3524
2
8082
2835
1825
15
2466
5134
16
1
11
2
3
1
4950
530
115875
3544
7741
73
9417
32443
42
2
48
185
3
109
5
54647
890
157
36
57
6
29
145
27
24
1
6
5
2
1
754
16476
4654
3093
10208
7980
0
2243
1062
665
436
532
16
11
28
3
44
14
28
35
19
9
31
37
3
1
43
47
9
1
30302
9978
26
64
176
69
31
496
27
202
1
309
43
25
17
251
228
9
57
2:9
144
64
49
19
679
32
6
17
38
72
14733
116
24
45
2
7
28
1990
9723
1
105
45
12
89
27
18
36
10
26
2
15
58
11
76
5
94
22
76
105
23
-488977
228
77
195
318
268
71
170
62
89
126
145
2:50
127
3
223
363
1
112
8
43
42
153
85
0
182
69
8
101
20
62
44
118
3
278
145
18
7
160
82
17
12
263
491
2
0
128
204
188
135
112
76
37
68
79
228
96
60
99
13
97
108
93
185
362
302
43
153
2:42
34
86
190
15
16
13
79
99
12
40
70
103
348
35
0
37
5
110
25
2:14
24
132
12
0
74
336
57
139
93
242
75
32
54
42
51
54
80
114
0
110
12
198
46
96
288
33
155
48
0
2:154
204
60
0
70
21
111
473
28
1
33
59
145
200
281
152
64
71
118
71
1
5
103
4
43
212
0
244
81
108
154
35
71
10
38
376
44
124
23
77
212
50
245
9
269
64
66
280
46
250
415
19
26
416
116
33
61
29
5
20
2
19
3
4
10
13
1
46
19
0
6
1
140
90
79
0
13
17
102
5
7
21
32
68
3
15
125
29
8
29
158
181
270
79
197
112
326
16
80
615
191
42
535
233
3
25
83
207
5
238
172
80
219
52
72
222
188
356
375
35
5
7
886
1
111
357
5
248
186
183
40
168
179
85
120
295
183
12
306
19
270
51
8
42
18
75
3
10
40
52
181
38
0
76
185
10
313
643
46
2
81
97
171
181
10
105
52
421
106
4
12
58
73
168
1
28
242
28
22
0
131
24
210
8
62
45
102
5
52
37
14
142
53
175
172
0
19
85
156
109
101
25
0
31408
8
6
58
39
126
29
98
29
179
40
1
8
1196
24
7
80
176
336
2960
4744
11
3442
19608
4606
386
790
5704
423
2182
3
3880
7
1384
10
8046
31
1
20
3687
947
2467
993
4160
9
18
1425
123471
7717
2:51
32657
8152
880
92
43
7
1
22
0
28
0
7
91
43
133
53
0
19
38
55334
28
85
54
79
105
2
45
57
53
91
55
1
2:2
6
2
98
643
0
70
140
11
3449
15193
6567
17823
247
2058
141
1477
158
45
4
6
8
35
43
109
41
22
41
37
26
0
31821
8273
291
50
260
46
280
23
208
172
41
103
106
175
125
9
22
21
83
140
13
21
1
92
150
9
22
33
194
100
388
37
51
31
77
14716
228
1975
9839
7
54
53
97
20
48
90
7
11
26
25
57
30
13
12
22
25
11
29
54
64
-488861
318
34
45
238
74
158
55
164
361
22
254
387
310
79
149
437
136
141
102
162
1698
15
263
186
31
103
154
83
324
63
248
73
222
363
51
193
29
164
42
212
25
372
26
120
27
282
536
1038
317
178
738
76
45
343
190
455
34
116
316
218
2:179
52
197
391
80
617
605
253
675
605
46
858
214
16
68
10
74
7
8
34
22
386
227
476
2960
247
964
893
47
240
263
31
373
666
637
97
55
387
473
104
15
788
336
46
792
447
10
41
331
281
254
34
210
600
9
14
679
154
153
98
45
208
15
4
195
31367
243
1497
116
269
128
138
5896
2221
11054
1001
25998
2631
9426
36
11
9131
3163
16906
109736
44268
3696
69
187
35
5
36124
19578
141
179
2
4
846
18
29
17
15808
2950
25460
1460
1597
32
71
96
146
11
40763
294
182
638
134
28
255
243
17
463
121
122
12
45
137
14973
12011
207
83
111
49
1425081600
399:0
1
499:0
1
193:0
46
1
-3
-4
181
-190
71
-59
12582
-12599
749
-403
2430
-2643
-131
512
1619
-1896
-18
-226
0
109
-103
541
-521
407
-280
-70
-67
-9
42
-18
203
-237
11
72
147
-97
45
-171
113
-34
27
-104
43
-45
2:6
-17
50
-52
33
-28
11
260
-261
-14
1911
-1857
-48
282
-288
293
-6
-238
-31
122
-128
132
-146
105
-22
-38
157
996
-1183
14
-25
23
-25
7
8
949
-955
76
450
166
-646
-34
-21
8
-4
187
-174
6
-9
-4
382
-174
-219
18
3070
-3072
72
-80
32
-26
-10
61
-9
-53
766
-687
-63
-6
68
-13
993
-746
-302
1
2
-16
2
155
-157
141
311
-297
-121
12
-27
-9
652
-651
101907
-100397
17869
-19290
605
-687
277
-285
59
-55
220
-228
57
-54
8
-14
17
9
-24
151
-141
1
632
-570
-69
58
584
-553
-43
-17
25
9
684
-742
-6
3471
-3462
6
1
214
-196
71
-113
30675
-27295
-3242
2
-79
-48
38
-48
33
-20
32
-9
507
2124
-2541
23184
-22842
-468
-2
132
-131
100
-30
167
-219
3405
-3258
-134
-28
1460
-1435
246
34598
-34853
4164
-4109
-59
394
-358
-52
3707
259
-3575
-392
10
-6
9
-2
-5
1837
4144
-5950
133
-10
-154
845
-114
-402
-335
356
1920
-2236
37
-69
999
-988
55
-71
600
-513
-87
5
253
34
259
1247
-1578
105
-307
562
3538
-3952
-144
-9
3238
-3172
-77
-3
87
326
-395
-8
1
30
-5
-38
2
54719
-53744
-746
-228
13
-9
-6
123
267
-348
8097
-7190
1235
-2132
-39
0
231
5
10440
-10689
10
75
16
-99
-3
1761
-1683
-69
13
209
928
-1027
-45
49
-128
108
-43
1424
-1486
278
-2
-89
-198
56
-38
66
-44
-26
1671
5070
-6754
2
1300
-1301
29065
-29059
8
842
16215
-10583
-6447
-21
515
1068
-1590
5268
-5264
46
-53
-12
9
-3
14
301
1083
-1394
3
-9
63
3092
-2682
1892
-2166
1252
8491
-9697
-240
50123
-50053
-1
18
-40
-26
271
362
762
-1405
-19
5
18
1949
-1970
1031
-66
-576
765
-920
1052
-1233
163
-119
-96
317
-212
-103
-6
118
-99
216
-234
201
-42
-151
18
137
-178
2
-2
9
-9
5
-4
0
8
-8
2
-2
1
-3
1
10
-6
8
-9
-3
1
12
-8
1
-4
2:-1
0
9
-9
10
-8
-1
5
3
-2
-7
1
0
-1
1
4
1
-6
1
8
-2
-5
0
6
2
-10
0
8
0
-6
1
-3
3
-4
2
5
4
-8
1
2:-2
2
11
-5
-1
2
-3
-4
5
6
-11
7
-6
-2
8
-7
2
0
-3
1
3
-3
7
-7
0
-2
2
4
3
2:0
-5
0
2:2
-4
6
-8
1
11
-5
-8
3
-4
1
3
1
9
-11
2:-1
3
-2
7
-1
-6
2
-3
7
3
-5
-1
-3
2
-4
1
8
2:0
-8
3
10
-7
6
-6
-5
1
-1
1
-2
6
-6
1
6
-6
0
2:-1
1
-1
3
-2
7
-6
4
-2
2
-5
5
-2
-1
8
-10
2:0
-1
10
-4
4
-9
1
2
-2
4
2:2
-9
5
-5
5
-1
-2
2
-1
4
1
-6
-2
5
-5
2
0
1
5
-6
0
-1
-2
10
-9
11
-9
-2
12
-11
2:0
3
4
-5
1
0
3
-8
2
-1
4
5
-9
4
8
-11
2
7
-2
2:-4
3
7
-8
0
4
-3
9
-7
5
-10
13
-14
0
1
3
-1
-3
6
-4
0
-1
6
2:-3
1
9
-7
6
-6
6
-10
2
-2
7
5
-9
9
-6
1
0
-4
-1
3
6
-10
-1
1
6
1
-2
-6
7
-6
1
3
5
-9
-1
6
4
-6
-3
10
-9
6
-8
1
-1
1
0
12
-11
4:0
2
-2
4
5
-7
-3
5
-5
1
2
-3
0
5
8
2:-4
-3
-1
1
4
2
0
-5
6
-9
0
13
-4
-9
7
-6
2
-2
2:0
7
2:-4
5
1
-6
5
6
-12
5
4
1
-5
1
-4
3
-4
10
-8
4
2
-8
2
-1
1
-1
5
4
-5
2
-3
0
-1
-4
1
2
2:3
-7
1
2:-1
1
11
0
2:-5
2:-1
6
-6
11
-4
-5
2:-1
1
7
-3
4
-7
-2
11
-10
2:3
-4
0
-3
2
0
-1
0
3
0
-3
2
1
5
-9
5
-1
-2
-3
13
0
-9
-2
1
-1
4
2:-2
-1
8
-1
0
-5
-2
0
4
0
7
-12
7
-1
-4
-1
0
6
3
-2
-6
-1
3
0
-3
1
11
-2
-8
9
-9
7
-10
11
-10
2
9
-11
1
-2
6
0
3
2:-4
1
2
-1
11
-13
0
2
4
2:-3
1
5
-2
8
-7
-4
12
-13
1
-2
-1
0
1
-1
0
1
-1
0
1
-1
2:0
1
2:0
-1
3:0
1
0
-1
1
0
-1
4:0
1
4:0
-1
2:0
1
-1
1
-1
0
1
-1
1
-1
1
2:0
-1
4:0
1
-1
7:0
1
0
-1
1
0
-1
0
1
8:0
-1
1
0
-1
1
0
-1
1
-1
1
3:0
-1
2:0
1
0
-1
4:0
1
-1
0
1
-1
0
1
-1
1
-1
1
0
-1
3:0
1
3:0
-1
3:0
1
-1
2:0
1
-1
1
-1
6:0
1
4:0
-1
1
0
-1
0
1
2:0
-1
0
1
0
-1
0
1
3:0
-1
1
0
-1
0
1
-1
2:0
1
-1
0
1
-1
4:0
1
-1
1
2:0
-1
1
-1
1
0
-1
1
2:4
0
-7
3
-2
4
0
165
-170
1
11
8
-3
-13
-2
9
-11
23
-22
-1
10
-10
36
-35
11
3
-13
-2
3
9
-12
8
-6
2
1
0
2:-1
-3
18
-18
6
-6
0
1
7
-8
4
-4
0
4
-2
0
3
2:-2
20
-8
-13
10
-10
2
10
-9
-3
17
-8
-6
-3
8
-5
-1
4
-2
-1
-3
2:2
-4
2
0
31
-31
-2
43
-16
-27
1
2
-2
0
40
-39
1
10
0
-8
6
-8
2
87
-89
1
4
-6
0
3
16
13
-29
45
-42
-3
0
7
2:-5
14
-14
0
8
-10
4
15
-19
22
-7
-8
-3
3:-1
89
-81
2142
-2149
90
-76
-11
2
10
-16
4
3
26
-31
13
-9
-5
0
5
1
-7
29
-24
-1
53
-57
14
-5
7
-14
0
2
-3
17
50
-67
-1
64
-58
-7
2
13
-11
2:-1
939
-823
-106
-12
1
0
8
-5
0
6
-10
5
33
-2
-31
354
-300
-59
7
12
-16
33
-22
-8
-5
188
-117
-65
-5
2:0
34
1066
-1098
160
-161
-1
11
-5
-1
194
527
-619
-106
8
-8
1
0
3
163
103
-273
22
-12
-7
31
-27
71
-73
74
192
-261
1
-11
9
-4
3
1
14
-13
-7
5
-2
36
-42
50
-10
-3
-37
52
13
-62
3
-6
193
-189
-1
10
30
-42
4
-3
0
13
-15
4
-2
248
-249
4
-1
0
-4
1
41
-42
10
839
-838
10
-21
2
-2
6
5
314
-322
10
2
-9
0
-1
445
-428
-18
7
8
92
-100
-10
-1
1
10
1
0
-8
10
0
10
-22
15
-8
12
-21
5
-2
21
-24
1
30
-30
348
-348
9
75
271
1339
-1690
-2
9
263
-271
20
-21
12
-8
-4
-1
-2
0
48
254
-300
11
-12
38
-38
31
17
37
-33
601
-629
-25
771
-758
-12
3
4
8
7
11
-33
-1
4
6
-9
26
-26
4
34
-8
-31
9
36
-44
24
-23
-2
3
10
1
-12
20
-22
82
-80
12
-2
-10
1
23
-26
2
-2
1
-1
2:0
1
-1
12:0
2
-2
1
-1
5:0
48
-48
0
2
2:-1
2:0
1
-1
2:1
-2
1
-1
3:0
1
-1
4
-4
3:0
2:1
0
-2
1
-1
0
1
0
-1
1
-1
3:0
1
0
-1
2:0
1
-1
2
-2
2:0
1
0
-1
4:0
1
-1
3:0
2
-1
0
-1
2:0
2:1
-1
0
-1
7:0
1
-1
6:0
1
0
-1
1
-1
2:0
1
-1
9:0
1
-1
0
1
-1
7:0
1
-1
2:0
2
2:-1
5:0
1
-1
3:0
1
2
-3
3:0
1
0
-1
5:0
1
0
-1
2
-2
2:0
1
2
10
-11
0
-2
0
1
-1
2:0
2
-1
0
1
-2
2:0
1
-1
1
-1
4:0
1
2:0
-1
2
2:-1
1
-1
2
-2
2:0
3
-3
2
3
-3
0
-2
1
2
-3
3:0
1
-1
3
-3
7
-7
1
0
2
-3
0
2
-2
2
2:-1
0
1
-1
2:0
4
2:-2
0
1
2:0
-1
1
-1
1
-1
3:0
4
-4
1
-1
3:0
4
-4
3
-3
0
1
0
-1
2:0
2
-2
0
1
-1
4
-4
0
2:1
-2
4:0
2
-2
3
-2
-1
1
0
-1
1
-1
0
6
-5
-1
4
-4
2
0
-2
5:0
1
-1
2:0
6
-5
-1
3:0
1
-1
0
2
-2
0
2:1
-2
2
2:-1
2:0
1
-1
0
2
0
-1
8
-9
0
4
-4
0
1
8
-9
0
3
2:-1
1
2:-1
4:0
1
-1
1
5:0
1
-2
2
0
-1
2:0
2
-1
-2
0
1
11
-5
5
-12
0
7
-6
0
5
-6
1
0
7
-1
-7
2:0
2
-2
2
-1
1
-2
4:0
3
-2
-1
0
2
-1
4
-5
2:0
2
0
-2
4:0
3
-3
0
3
4
-6
-1
0
2
4
-6
3:0
1
-1
0
2
-2
4
-4
0
2
-1
3
-4
9
-8
-1
1
-1
2:0
1
-1
4:0
5
-5
8:0
4
2:-2
1
-1
1
-1
10:0
1
-1
15:0
1
0
-1
49:0
1
0
-1
4:0
1
-1
0
2
-2
2:0
1
0
-1
9:0
2
-2
13:0
2
2:-1
13:0
1
-1
3:0
2
2:-1
0
2
-2
1
-1
18:0
2
-2
6:0
1
-1
16:0
end
