v1
1133
297
446
733
607
126
137
51
289
6
56
50
672
153
612
580
152
1119
425
10
501
506
67
1081
225
281
436
704
183
314
463
104
171
925
442
339
121
5
1271
971
235
416
394
275
665
506
134
507
83
311
200
74
153
35
804
173
120
225
524
304
10
33
6
116
685
401
874
224
75
46
2
0
382
41
712
1100
460
165
2
24
157
187
75
50
1238
303
170
126
15
147
433
712
184
452
175
70
129
11
584
54
108
235
153
64
23
198
954
31498
10
12
9
334
85
88
196
36
24
6
1152
179
237
18
3357
2211
328
1553
5140
10816
2650
16675
13
7439
15697
4688
124905
7741
9490
32443
42
238
20
94
55664
158
145
2
49
1
6
5
24980
18188
3118
1820
11
47
86
54
77
3
1
90
9
1
40280
26
64
176
238
587
1
394
479
9
57
2:9
144
111
2
698
38
55
72
13
14914
2018
9723
1
150
12
116
64
43
58
87
121
23
25
133
23
-488842
951
74
31
21
139
14
34
26
162
259
10
209
137
86
258
19
1
120
15
70
76
252
244
46
106
91
79
399
194
48
7
10
275
155
359
75
6
26
72
166
156
122
11
225
38
89
0
96
152
189
111
140
33
93
201
10
8
143
347
244
92
64
345
16
38
0
21
135
7
526
72
185
44
52
80
53
33
112
145
47
32
196
0
178
157
45
158
8
204
193
34
316
135
8
184
46
93
16
97
169
575
25
462
71
263
99
179
319
41
135
84
20
223
0
94
30
244
95
87
7
123
37
27
2
43
102
262
2
22
139
405
66
29
200
185
93
64
55
309
28
312
318
257
101
15
7
181
27
24
33
17
6
57
18
4
13
44
7
1
25
21
2
3
14
130
3
104
15
64
9
21
121
14
50
35
68
19
38
17
45
82
51
152
118
322
92
105
403
1
34
38
58
123
208
475
180
54
121
141
227
87
111
58
33
116
5
282
129
275
6
41
100
199
5
30
86
70
693
85
8
12
175
712
96
199
0
148
37
10
252
171
385
179
323
42
3
372
217
74
18
262
29
51
89
7
13
37
6
44
36
185
76
195
158
29
2:96
15
446
164
0
36
45
106
353
105
52
3
111
292
51
43
37
29
22
5
81
168
67
201
59
37
20
94
278
45
0
107
89
38
118
106
297
16
19
53
9
12
21
18
63
12
9
77
57
126
31401
6
168
66
32
51
3
2
9
187
51
44
8
156
0
1072
30
140
182
0
104
125
2
9
2055
9102
6632
1322
1002
10652
3406
1583
3
790
8309
819
925
872
1267
7
1378
6
10
8077
0
21
2791
14
882
943
15
2466
5143
1
7
16
1
2
1425
3523
116404
1
3543
1736
6079
41796
32
7
21
37
59
75
40
182
7258
47394
731
152
7
59
98
7
29
18
39
6
12
1
0
32
46
1
109
10
3
2
8
98
643
29
20
107
3514
12835
1172
3482
4271
9030
7894
779
120
247
201
982
828
234
665
436
537
11
0
11
27
1
61
55
7
1
27
1
31
1
83
22
16
13
30308
10077
236
31
43
144
413
215
220
43
25
219
49
284
69
78
55
26
4
18
5
49
273
337
38
37
2:13
9
14
15
14828
140
10
35
2
0
35
11877
101
32
17
20
35
2
11
90
18
26
25
89
5
6
87
12
54
64
-488999
111
27
130
122
66
79
78
4
352
194
20
68
5
192
50
36
122
174
31
54
84
55
59
135
863
72
29
11
18
40
205
147
21
248
12
304
134
30
241
339
170
62
125
124
19
117
7
552
30
4
189
214
113
86
133
179
67
463
24
74
67
53
155
80
15
2
224
124
116
55
201
18
318
250
14
168
130
138
190
38
37
33
20
9
55
366
71
46
94
172
134
62
214
212
461
120
825
249
102
19
94
279
33
77
58
325
146
0
10
34
97
442
69
817
0
150
420
36
30
254
870
0
121
90
180
129
19
547
2
26
58
19
6
23
5
15
7
6
2
8
3
0
8
14
81
110
331
12
139
38
95
926
129
280
132
263
10
0
290
363
391
226
32
23
326
263
124
76
304
121
23
250
0
331
232
103
168
221
12
43
263
26
120
364
203
49
105
198
136
75
523
85
0
148
49
555
78
163
5
3
281
51
5
12
51
103
58
19
8
116
52
5
21
278
737
275
180
21
84
62
255
15
123
33
159
223
5
42
80
128
109
357
104
37
16
13
23
337
95
145
144
112
103
49
45
52
2
40
5
73
83
67
0
77
66
56
31449
39
139
16
43
24
67
94
77
169
1044
81
63
81
234
62
3
73
1
9821
703
4531
8337
1522
2688
7
1
815
4924
4086
1211
6271
0
2217
11108
2
29
0
4687
1514
1916
1041
3126
0
14
108260
24359
102
38185
3795
45
85
23
76
19
0
27
7250
547
47525
60
41
35
0
351
137
4
50
10
750
29
0
25
28
1
18773
573
18275
5543
1071
0
1231
132
1692
1
6
1
7
19
66
3
2
96
38
6
0
27
36
37
31847
8890
30
37
448
165
83
82
51
25
20
197
149
27
84
170
158
89
5
12
29
212
61
216
38
282
32
15001
1973
9735
104
47
86
16
29
52
6
110
30
57
98
19
58
41
-488873
503
537
1602
449
1133
2175
5237
926
933
807
1904
38
1918
1127
227
300
196
2716
1409
2852
1780
3661
27
652
83638
192677
3840
104637
88
42293
28075
491
1425166200
199:0
1
499:0
1
399:0
1
32:0
269
-57
-98
9971
-9847
17
87
-28
34
11176
-11340
-66
2057
-1965
225
-241
35
170
183
1450
-506
-1276
284
496
-833
132
-82
-140
122
54
152
-189
48
-55
236
-341
146
-76
-50
2
2509
-2382
256
-285
515
-642
75
997
-914
1314
-1455
-35
265
-231
336
-250
-80
974
-333
296358
-296649
17363
-17556
-192
372
-381
15152
-15074
136
67
-2
-276
1684
-1669
478
2726
-2966
373
-539
436
32996
-29698
-3792
6
34
764
4198
-4960
22914
-22446
-395
-99
23
634
7354
21079
-29061
3756
69573
-70214
-2797
1469
868
1394
-2738
1688
3319
-6028
-280
153
-77
1269
-1082
770
917
-1972
-57
1182
-1119
-62
120
-11
191
2553
-2681
77
472
-348
-373
2172
-2076
227
82237
-81545
-664
8537
-7754
1253
-2155
-219
8938
-8383
961
-1476
2
-55
227
-90
170
73
-373
68
-60
-4
7711
-6236
11648
-12124
15265
-6163
-9761
-302
4850
-2276
-2419
10
-215
1836
-1053
397
-1191
213
1349
-1456
5772
11193
-17067
722
346
-1067
6
373
163
-550
95
-27
521
-360
84
1033
-1095
559
-7
-759
96
872
13911
-14925
33
322
-439
2
68
-77
67
-54
-11
18
-20
23
-19
-2
55
-37
5
-7
11
-16
-6
72
-76
-4
0
25
21
12
-49
-9
10
9
-13
27
-24
-7
11
-9
3
41
-47
30
-31
11
0
2:-3
-4
5
-1
36
-42
17
11
-25
-1
2:24
-49
0
6
82
-54
-27
6
-1
-7
-5
2
47
-10
-1
-28
-10
59
-19
-33
3
-3
8
-11
31
-35
9
-3
1
83
-89
2
7
-2
21
-4
-15
2
-7
2
10
-16
20
-12
-5
12
-12
9
2
-14
2:0
1
-2
31
40
-45
4
-25
2
-7
31
-11
64
-85
5
19
2:-7
7
35
-46
19
18
6
-42
-3
2:11
-22
71
-73
4
-4
19
6
26
-50
0
3
-1
73
-71
32
-38
8
46
-7
-11
13
-47
1
9
15
-27
7
20
27
-40
7
-3
-18
2
50
-51
6
-1
5
2
32
-45
33
1
-6
-19
6
20
-33
63
-65
8
0
-8
33
-8
-14
-10
8
-2
10
-8
2
20
25
-46
-11
18
0
-14
-4
16
-7
42
-47
22
19
-45
1
36
-24
-11
-1
56
-39
-17
2:6
44
-53
55
-35
-14
-9
33
-28
4
12
30
-50
11
-12
-1
43
-36
73
-61
2:4
19
-37
0
-9
4
-3
-1
51
-45
18
-19
3
46
-48
-2
-4
7
8
0
9
-15
-5
2
0
3
1
-8
37
2:-19
2
-1
-2
4
-3
32
43
-58
-12
9
27
-2
-39
6
0
-1
2
-6
57
-18
-34
-2
-3
2
1
16
-18
41
-4
-39
3
0
2
71
-73
33
-6
-28
-3
60
5
-54
-6
0
-5
13
23
-22
2
-10
3
38
-31
-2
-9
-2
36
-16
3
-24
2
-4
66
-59
-5
6
-3
23
-24
81
-83
-1
78
-78
67
-58
-9
6
3
-5
-3
8
19
-19
34
-6
-34
2
33
36
-33
-42
2:2
13
-7
-5
-4
79
1
-80
14
-15
7
11
-16
0
56
-58
10
0
3
56
-68
77
-29
-15
-26
20
41
-11
-55
0
27
-18
-11
44
-19
-16
-8
11
-10
-2
26
-21
-4
24
54
-59
30
-49
5
45
-47
10
2:-4
81
-69
14
57
-32
-34
-22
1
28
-31
9
-6
17
-20
9
-8
1
54
-51
4
-5
-2
11
-8
30
-8
1
-27
9
1
18
-14
25
-25
-7
15
-19
20
-13
35
-29
28
-44
2
83
-54
-30
10
-11
8
11
-12
38
-39
-7
17
-17
18
-15
-1
4
8
0
60
-73
0
92
-82
18
-19
-8
0
1
47
-33
-11
4
36
-34
30
-46
0
1
-1
1
2:0
-1
2
-1
2
1
-3
-1
0
2
2:0
-1
1
0
2:1
-3
1
-2
4
-3
0
3
-2
-1
3
-4
2:1
-2
1
3
-2
1
-2
-1
2
2:-1
0
2
-2
1
0
-1
1
2
-2
2:1
-1
2
-3
5:0
1
0
-1
1
2:-1
2
-2
3
-1
1
0
-1
0
-2
3
0
-1
-2
1
2
-3
1
3:0
2
1
-1
0
-2
-1
2
-1
0
3
-3
0
-1
2:0
2
0
1
-2
1
2:-1
0
2
-1
3
-2
2
-2
1
2:0
-2
0
3
-3
2:0
1
0
2
-4
0
2
0
2:-1
0
2
-1
2:1
-3
2:1
0
-1
1
0
1
-2
-1
4
-3
2
-2
2:1
0
-2
0
1
-1
3
-3
0
-1
3
1
-2
2
-1
0
-3
2:2
-4
3
-2
-1
0
2
-1
3
-3
3
0
-3
2:0
-1
0
1
2
1
-1
2:0
-3
0
2
2:-1
2
1
-2
-1
1
0
3
-2
2
-3
1
-2
3
-2
-1
1
-1
3
-3
0
1
3
-4
2:0
2
0
1
-2
-1
3
0
-3
0
1
0
-1
1
2
1
-2
1
-1
2
-3
1
-1
2:1
0
-2
2
1
3:-1
1
-1
1
-1
0
-1
0
4
-3
-1
1
2
0
1
-2
0
-2
0
1
-1
3
-2
2
0
-1
2
-2
-1
1
-1
0
1
0
1
2:0
-1
0
-1
3
-1
0
-2
2
-2
-1
3:0
4
2:-2
1
-1
2:0
4
-3
2
2:0
-1
0
-1
3
2:0
-3
1
0
-1
1
2
-4
2
-1
2
0
-2
-1
3
0
-1
1
-2
-1
1
0
2
-2
0
2
6:0
-3
0
1
2
0
-3
2
-2
0
4
2:-1
1
0
-1
1
-3
2
2:-1
3
0
-2
1
0
-1
3
-3
3
-1
-3
0
1
3
-3
2
-3
1
2
-2
2
-2
-1
32:0
3
1
-3
193
-192
-1
1
-1
17
-1
-14
-2
15
9
-23
10
1
-12
13
6
-16
8
-9
16
-17
-1
3
-3
2:2
-3
20
-9
6
1
-18
3
-4
4
0
28
12
2:-22
77
-76
11
87
-73
39
-51
-4
13
-5
-3
-9
1
85
-73
2047
-2063
131
-99
-31
38
-33
-5
20
-23
65
0
-45
-7
-11
78
-20
-58
12
-9
3
1136
-991
-142
6
-15
46
5
-47
425
-364
-61
7
26
-20
-9
224
-146
-53
1109
-963
-165
6
185
659
-753
91
71
-275
23
-14
19
-26
99
-34
245
-313
21
-4
-6
27
-25
-7
41
9
-12
-3
21
10
-71
201
-138
-64
254
-216
-38
838
-816
1
-20
0
352
-355
535
-489
-46
15
18
59
-79
2:-2
-9
23
-22
28
-8
368
-305
352
1302
-1731
4
266
-256
-13
13
-6
-12
55
258
-281
-15
28
42
105
598
-768
-23
102
-101
2
21
14
-40
26
-19
20
2
-12
37
-17
-35
4
7
78
-73
-15
2
1
21
-27
1
5
-6
7
-6
-1
3
-3
2:0
1
0
1
-2
4:1
15
-19
3:0
42
-41
-1
1
-1
0
4
-4
2
-2
0
1
-1
2
-1
23
-23
-1
0
1
-1
3:0
6
-4
-2
3
-2
-1
1
2:0
-1
0
1
0
-1
2
-2
2
1
0
-2
3
-3
4
-5
10
-8
-2
1
0
5
-3
5
-8
3
-2
0
13
-12
2
-4
1
4
-2
-3
1
-1
0
3
-3
6
-5
2:0
-1
2
1
-3
0
1
-1
1
6
-2
-5
2
-2
0
3
-3
2
4
-6
2:0
3
6
-8
-1
2:1
-2
1
0
-1
1
2:0
1
-1
2
-2
-1
2:3
-6
3
-3
1
5
2
1
-9
0
4
0
-1
2
-5
1
3
2:-1
-2
26
-18
-6
2:2
-5
0
45
-46
1
-1
3
-2
8
-7
2
3
-6
5
-6
1
-1
3
-3
1
0
-1
5
-5
2
-2
2
2:0
-1
2:3
6
-12
-1
3
-2
2
-3
5
0
4
-2
-6
7
-6
-1
2:1
-3
0
17
-15
0
-2
11
-9
-2
17
-12
-1
-4
1
-1
0
4
2:-2
0
2
-2
1
2
-3
1
4
1
-5
-1
4
-4
0
2
-1
5
-2
0
-1
0
-3
5
-4
-1
2:1
0
1
2
-5
1
0
2:1
-3
3
4
-5
2:-1
3:0
2:2
1
-4
-1
0
1
0
3
3:0
-2
0
4
-6
5
-5
5
-5
3
-3
6
4
-10
1
-1
3
0
-1
3:0
-2
2
7
-9
0
1
-1
7
2
2:0
-8
0
1
2
0
-4
2
0
-1
10
-10
0
-1
1
2
-3
2:1
-2
2:2
1
-5
1
-1
19
-14
-4
6
0
-7
0
5
-3
-1
0
11
-1
-11
5
-4
8
-7
2
-3
18
-18
3
-3
12
-12
-1
3
-3
1
2:0
-1
8
-8
3
-2
-1
22
-22
15
-10
-4
11
2:-2
16
-22
0
-2
2:0
6
3
-2
1
-4
-1
1
-1
-2
0
1
4
-6
17
-15
2
-4
0
2
6
-8
18
-18
6
9
3:-5
0
3
-3
5
-4
-1
0
1
2:0
18
-19
6
-5
2:1
-2
1
8
-7
-3
0
5
-5
1
22
-22
5
-6
2:1
-2
3
-3
1
0
-1
27
-20
-5
-2
0
10
-4
-6
23
-22
-1
6
-5
6
-6
0
2:1
-3
4
-3
0
9
7
2:-8
0
-1
0
10
-10
0
3
0
-2
-1
2:0
1
0
-1
14:0
2:1
-2
7:0
1
-1
0
1
-1
9:0
1
-1
8:0
1
-1
9:0
1
-1
7:0
1
-1
2
-2
10:0
1
-1
8:0
1
-1
8:0
1
0
-1
26:0
1
-1
3:0
3
0
-3
2:0
1
0
-1
4:0
2
-2
9:0
1
-1
2:0
1
-1
6:0
1
-1
6:0
1
-1
0
2
-2
5:0
1
0
-1
0
2
-2
6:0
1
-1
4:0
2
-2
0
1
-1
17:0
1
-1
1
-1
4:0
1
-1
3:0
1
-1
3:0
1
0
-1
0
1
0
-1
8:0
2
-2
4:0
1
-1
2:0
1
-1
4:0
1
-1
3:0
1
0
-1
2:0
2
0
2:-1
1
-1
1
0
-1
8:0
1
2:0
-1
5:0
2
0
-2
0
2:1
2:-1
18:0
2
-2
0
1
0
-1
2
0
-2
2:0
1
0
-1
13:0
1
5
-6
10:0
1
-1
8:0
1
-1
36:0
end
