v1
742
743
381
105
52
74
79
42
229
259
119
79
184
51
67
171
57
56
7
15
28
99
515
0
39
172
612
92
84
160
244
152
159
136
98
455
115
140
16
22
79
334
83
133
285
160
341
5
67
339
517
194
31
225
534
20
292
207
136
232
103
80
432
42
193
4
27
79
104
171
431
494
149
293
59
67
213
126
208
168
539
135
239
88
124
339
213
4
64
121
132
86
433
288
12
70
24
275
16
549
70
242
294
404
181
27
29
12
33
6
32
25
18
134
128
2
4
118
82
53
21
59
64
30
35
57
38
99
45
118
381
66
173
120
5
220
233
291
304
10
39
116
146
192
121
0
141
186
41
59
200
151
282
427
14
299
48
153
229
41
423
93
187
808
232
69
93
367
56
109
2
181
56
37
94
75
50
215
440
583
33
226
6
0
80
128
126
7
8
147
433
611
285
452
175
70
129
11
32
43
37
372
100
54
108
35
92
108
153
59
5
20
3
104
94
9
196
437
20
40
63
155
34
31498
22
9
43
194
53
44
173
76
120
36
8
22
1152
68
182
166
18
3357
2211
328
1553
5140
7925
2891
2650
4766
5782
0
6140
2988
4449
2
4
8108
2805
882
958
2453
13
5143
1
18
6
121354
1
3543
0
1
7716
25
73
9417
32305
106
10
20
2
42
29
229
72
17
2:5
55532
157
9
27
57
6
12
0
17
145
27
24
1
6
5
2
17
66
672
16476
4654
3093
10208
7980
2243
454
608
665
436
532
5
2:11
28
3
58
28
54
8
69
3
1
43
51
5
1
30302
9978
26
64
0
9
70
97
15
211
599
1
87
222
43
25
17
341
138
9
21
36
2:9
41
103
30
53
10
18
2
19
273
375
31
2:19
17
15
23
72
14733
185
2
7
2018
9723
1
150
12
116
64
26
2
11
4
58
65
22
61
38
22
23
25
133
5
18
-488839
328
49
471
95
270
39
9
13
175
162
92
138
39
122
191
107
100
121
1006
217
294
130
196
251
275
61
130
223
492
152
32
76
152
192
108
103
282
35
247
708
28
26
215
124
6
163
16
514
33
77
122
97
20
166
21
257
9
97
148
178
7
148
2
45
101
46
63
255
177
277
9
413
54
74
767
76
378
11
22
461
253
17
310
287
120
25
55
797
77
209
332
0
278
571
0
507
49
48
65
388
45
177
489
16
19
23
8
48
3
21
100
26
192
41
82
5
146
35
74
330
353
1
660
488
475
581
27
371
149
102
141
173
275
6
340
5
230
0
131
404
199
20
184
36
272
395
288
7
173
29
169
278
104
432
362
318
274
44
48
274
23
3
9
2:5
119
25
71
4
89
94
38
190
5
76
167
116
17
46
381
114
0
86
75
38
45
20
182
62
195
160
71
332
268
8
138
22
105
163
59
201
472
259
194
118
1
19
61
213
15
4
164
31
31488
56
66
88
9
3
174
10
54
42
7
14
41
1055
54
57
288
187
19
96
2064
905
2877
1878
2048
1394
10066
2111
1515
10908
5105
3997
5262
9
8087
4651
3464
1035
0
3133
1
1463
23763
107456
51
41725
106
23
28
141
40
73
36
37
122
7172
549
47569
57
35
47
48
143
47
34
222
1
2:2
8
741
49
12
158
6
3445
15193
6567
17823
247
933
1123
133
1699
26
18
125
11
17
140
13
9
4
40621
169
0
231
205
26
172
440
134
329
110
17
81
22
10
217
13
563
31
14880
57
82
1977
9735
104
61
0
143
2
5
20
265
153
25
17
1425119400
399:0
1
341:0
28
-12
1
-11
7
34
-26
15
-27
4146
-4148
387
20
-407
27
1892
101
-2020
19
226
-212
-30
4
-5
1225
-1130
-93
347
-351
516
-345
17
-181
156
-159
6
-10
12
-12
-1
49
-37
2
-2
-1
613
730
-1352
2
-1
91
-76
300
-288
-17
2
10
18
1269
-1310
10
1
28
-39
5
1
9
38
-27
15
16
-46
218
-206
29
5
-20
150
-182
-6
17
-9
157
-152
60
-63
99
-87
21
-31
-12
235
-135
-71
-28
222
5290
-5242
-272
10
411
-373
3446
-3483
0
-5
10
4
-15
532
-536
82
-80
28
17
46
-47
470
-514
12
2:0
-1
116
-124
2
90
-94
268
-230
189
-131
-69
-30
1
115
185
-291
95674
-91639
-3940
-80
9
-27
0
-3
30
92
-126
15
-14
14
5
0
203
194
-395
18
224
-261
110
-103
34
-44
333
-329
2275
-2277
7
193
-174
-28
3
7077
-964
-6088
9
-36
50
-51
18
-11
-1
8
651
5896
-6543
81
32056
-31790
-360
113
-59
35
-41
724
-707
-22
-37
-9
402
-238
28463
-27188
-1369
-69
84
-63
-19
1401
-1390
1835
-1850
310
-291
-18
-1
62
-39
-6
-5
1121
1426
-2306
-203
-49
14
-15
22
162
-169
150
961
-1115
25
-3
22
946
-839
-154
171
-126
671
-548
-85
-90
328
2617
-2945
5
-1
565
-320
-237
29
-42
2
123
-115
260
-267
9
-11
60
34340
-34367
-25
17
-21
-1
102
-83
363
-363
2806
-2762
-69
79
-78
121
-62
-27
-24
-6
181
5694
-5869
3
-1
-8
3
0
145
-144
0
973
-952
10
-26
10
206
192
-402
57
-70
24
95
-94
1116
-1138
18
30
-55
49
52
327
-384
-34
13
50
-73
5707
-5688
944
11907
-12867
139
4858
-2118
-2878
-3
35
230
-261
204
-68
-114
-1
-23
0
-3
3
1
148
318
-464
-5
11
-7
9
14
29
347
-392
124
1718
6076
-7928
48
-29
74
-96
2
1447
-1432
0
33
-34
-15
35
-30
-4
133
501
-635
109
6
174
-261
272
-55
-192
89
-8
-108
1
52
-78
184
-121
-21
6
-37
20
-25
-7
4
0
-3
23
-28
-3
3
1
-4
2:2
-3
0
-1
0
2
2:0
1
3
-3
2:-1
3
-4
0
4
1
2:-1
-2
1
2:-1
2
4
-1
-3
2
1
-5
1
0
-1
2
-2
6
-5
4
1
-2
1
-1
-4
4
-4
0
4
0
-4
1
2:0
3
1
-3
2
-3
-1
0
1
-1
1
-1
1
-1
2
-2
5
-2
1
-2
-1
1
-2
4
-3
1
0
2:2
-1
-5
1
2
0
-2
1
-1
2:0
-1
4
-3
4
-3
0
2:-1
3
1
2:-2
0
3
-3
2
4
-4
-2
1
-1
4
-1
-2
0
5
-2
-3
1
0
-2
3
-1
3
-4
-1
1
-1
3
-2
1
-1
0
1
-1
1
3
-5
2:0
1
3
-2
3
-5
3
-3
5
-2
0
2
-1
-3
-1
0
2:1
-2
1
2:0
-1
0
1
2
0
-2
-1
5
-1
2
-5
6:0
3
-4
3
-1
-2
0
6
-2
1
-3
-1
0
-1
4
-1
-2
-1
3
-3
0
5
-1
-3
0
-1
2
-1
3
-1
1
-4
6
-4
3
-4
2
2:-1
0
2
-2
0
3
-3
3
-3
1
-2
2
-2
0
1
-1
0
4
1
-3
-1
3
-4
2:0
5
0
-1
1
-3
-1
4
-4
2
-2
4
-4
-1
1
4
-3
2:0
4
-6
5
-4
1
-1
0
2:1
-3
0
3
-3
2:1
-2
2
-1
2
1
0
2:-2
0
4
1
-3
-2
2:0
2:2
2:-2
1
2
-3
6
0
-3
2
1
-4
-1
2
3
-5
1
2:-1
4
-1
-2
5
-2
-3
0
2
-3
6
-5
1
3
-5
0
2:1
-1
3:1
0
1
0
-5
1
0
1
0
5
-4
-1
0
1
-1
0
97
-97
0
2
-2
0
7
-1
-6
11
-9
-2
3:0
7
11
-18
3:0
8
-8
0
10
-7
-3
0
1
-1
0
7
-7
0
6
-6
2:1
2:0
-2
2
-2
15
-12
-2
-1
3
-3
12
-12
2:0
1
2:0
-1
0
1
3
-2
-1
0
15
-15
-1
9
-4
-5
6:0
6
-6
0
1
-1
2:0
8
-8
2:0
23
-12
-11
1
-1
3
21
-21
2
-4
1
-1
1
0
28
-29
2
-2
-1
1
13
0
13
-26
0
3
2
-4
6
-5
-2
-1
1
16
-17
35
-25
-4
-6
2:0
52
-46
1247
-1185
-52
-16
1
2
1
-4
5
-5
3
7
-8
2
2:-1
10
31
-35
2
9
-17
-2
3
12
-15
25
-19
32
-37
2
3
2:-3
4
435
-338
-95
-6
1
2
1
-3
2:0
2
32
-11
-18
-4
315
-293
-24
2:8
-10
-5
59
-26
-27
-6
0
1
13
468
-418
-63
-2
7
-6
2
108
-109
351
-352
45
-45
-1
4
-4
5
-1
-2
59
35
-86
-6
-3
-1
2
8
30
-37
33
94
-127
5
0
-4
1
11
-10
-2
7
13
4
-16
-12
26
9
-33
-1
0
71
-59
-2
15
-23
-3
1
0
6
-7
7
-2
-4
145
-143
7
-7
-2
0
16
-17
0
10
315
-325
0
3
-3
7
2
-9
2:1
2
207
-210
5
0
-2
-4
5
1
2
0
201
-197
-11
6
-4
46
-47
-2
0
2:1
5
0
-4
-2
3
8
-12
2:4
-3
1
-5
0
13
-14
17
-17
13
174
-186
35
150
391
-575
-1
1
67
-67
11
-11
4
0
-6
0
3
-1
-2
20
70
-90
1
6
-6
22
-22
7
6
-11
50
11
301
-365
18
-15
-3
1
-1
233
-220
-10
-1
-2
3
-2
3
-3
12
5
-18
25
-17
14
-21
12
2
-11
10
-3
-11
3
7
-7
-3
4
-1
28
-27
2
-1
-5
0
1
-1
10
-10
10:0
1
-1
4:0
1
-1
3:0
2
-2
3:0
1
-1
6:0
2
-2
3:0
1
-1
3:0
2
-2
7:0
1
-1
4:0
3
-3
25:0
1
-1
0
1
2:0
-1
11:0
2:1
2:-1
0
1
-1
0
1
-1
4:0
3
-3
4:0
1
0
-1
1
0
-1
2:0
1
0
-1
6:0
1
-1
11:0
1
0
-1
8:0
1
-1
3:0
1
-1
4:0
2
-2
9:0
1
-1
1
0
-1
11:0
1
-1
4
-4
2:0
1
-1
4:0
1
-1
6:0
1
-1
0
1
-1
4:0
1
0
-1
2:0
1
-1
7:0
3
-1
-2
3:0
1
-1
2:0
1
-1
3:0
2
-2
1
0
-1
6:0
3
-3
2:0
1
-1
1
-1
0
1
-1
3
-2
-1
0
2:1
-2
7:0
2
-2
3:0
2
-2
0
1
-1
4:0
2:1
-2
2:0
1
-1
1
0
-1
2:0
1
-1
0
3
-3
0
1
-1
10:0
end
